5, 0,0,559.930298, 559.922424, 377.993591, 243.731659,18.485130, 559.930298, 1.000014
5, 0,1,459.630432, 459.653259, 377.993591, 243.731659,18.485130, 559.930298, 0.999950
5, 0,2,473.928467, 473.895447, 377.993591, 243.731659,18.485130, 559.930298, 1.000070
5, 0,3,18.485130, 18.528896, 377.993591, 243.731659,18.485130, 559.930298, 0.997638
5, 1,0,427.802734, 427.739136, 378.051208, 59.358532,293.502747, 427.802734, 1.000149
5, 1,1,293.502747, 293.471191, 378.051208, 59.358532,293.502747, 427.802734, 1.000108
5, 1,2,382.387634, 382.331055, 378.051208, 59.358532,293.502747, 427.802734, 1.000148
5, 1,3,408.511749, 408.458557, 378.051208, 59.358532,293.502747, 427.802734, 1.000130
5, 2,0,658.548462, 658.536560, 378.011169, 204.264923,222.618027, 658.548462, 1.000018
5, 2,1,222.618027, 222.609970, 378.011169, 204.264923,222.618027, 658.548462, 1.000036
5, 2,2,230.310486, 230.298782, 378.011169, 204.264923,222.618027, 658.548462, 1.000051
5, 2,3,400.567596, 400.554718, 378.011169, 204.264923,222.618027, 658.548462, 1.000032
5, 3,0,393.886261, 393.824707, 378.041260, 235.347885,40.871357, 556.116638, 1.000156
5, 3,1,40.871357, 40.892235, 378.041260, 235.347885,40.871357, 556.116638, 0.999489
5, 3,2,556.116638, 556.046814, 378.041260, 235.347885,40.871357, 556.116638, 1.000126
5, 3,3,521.290833, 521.236206, 378.041260, 235.347885,40.871357, 556.116638, 1.000105
5, 4,0,522.677429, 522.596375, 378.046539, 240.904114,50.150749, 589.840637, 1.000155
5, 4,1,589.840637, 589.791748, 378.046539, 240.904114,50.150749, 589.840637, 1.000083
5, 4,2,349.517334, 349.502594, 378.046539, 240.904114,50.150749, 589.840637, 1.000042
5, 4,3,50.150749, 50.109325, 378.046539, 240.904114,50.150749, 589.840637, 1.000827
5, 5,0,660.420288, 660.454407, 377.992004, 353.999908,13.372040, 701.803772, 0.999948
5, 5,1,136.371857, 136.301514, 377.992004, 353.999908,13.372040, 701.803772, 1.000516
5, 5,2,701.803772, 701.863098, 377.992004, 353.999908,13.372040, 701.803772, 0.999915
5, 5,3,13.372040, 13.380983, 377.992004, 353.999908,13.372040, 701.803772, 0.999332
5, 6,0,201.618668, 201.619217, 377.962006, 238.415771,201.618668, 729.247925, 0.999997
5, 6,1,729.247925, 729.323975, 377.962006, 238.415771,201.618668, 729.247925, 0.999896
5, 6,2,271.451233, 271.508026, 377.962006, 238.415771,201.618668, 729.247925, 0.999791
5, 6,3,309.530151, 309.548767, 377.962006, 238.415771,201.618668, 729.247925, 0.999940
5, 7,0,119.756752, 119.781387, 378.005585, 185.861023,119.756752, 549.889404, 0.999794
5, 7,1,549.889404, 549.871033, 378.005585, 185.861023,119.756752, 549.889404, 1.000033
5, 7,2,464.007446, 464.000031, 378.005585, 185.861023,119.756752, 549.889404, 1.000016
5, 7,3,378.368744, 378.347534, 378.005585, 185.861023,119.756752, 549.889404, 1.000056
5, 8,0,493.881317, 493.777527, 378.038574, 179.821136,114.036423, 493.881317, 1.000210
5, 8,1,490.293182, 490.226257, 378.038574, 179.821136,114.036423, 493.881317, 1.000136
5, 8,2,114.036423, 114.037857, 378.038574, 179.821136,114.036423, 493.881317, 0.999987
5, 8,3,413.943420, 413.958252, 378.038574, 179.821136,114.036423, 493.881317, 0.999964
5, 9,0,268.616302, 268.644531, 377.965515, 127.986427,268.616302, 514.598145, 0.999895
5, 9,1,269.077637, 269.099670, 377.965515, 127.986427,268.616302, 514.598145, 0.999918
5, 9,2,514.598145, 514.636292, 377.965515, 127.986427,268.616302, 514.598145, 0.999926
5, 9,3,459.569946, 459.619507, 377.965515, 127.986427,268.616302, 514.598145, 0.999892
5, 10,0,568.539917, 568.480347, 378.015381, 228.231506,46.351177, 568.539917, 1.000105
5, 10,1,46.351177, 46.356316, 378.015381, 228.231506,46.351177, 568.539917, 0.999889
5, 10,2,450.573212, 450.600494, 378.015381, 228.231506,46.351177, 568.539917, 0.999939
5, 10,3,446.597229, 446.562897, 378.015381, 228.231506,46.351177, 568.539917, 1.000077
5, 11,0,885.072937, 885.020752, 377.954193, 352.138550,95.270561, 885.072937, 1.000059
5, 11,1,95.270561, 95.330635, 377.954193, 352.138550,95.270561, 885.072937, 0.999370
5, 11,2,335.520874, 335.641937, 377.954193, 352.138550,95.270561, 885.072937, 0.999639
5, 11,3,195.952423, 196.006607, 377.954193, 352.138550,95.270561, 885.072937, 0.999724
5, 12,0,396.052582, 396.120544, 377.952942, 127.676392,192.501343, 471.130127, 0.999828
5, 12,1,452.127747, 452.208954, 377.952942, 127.676392,192.501343, 471.130127, 0.999820
5, 12,2,471.130127, 471.154114, 377.952942, 127.676392,192.501343, 471.130127, 0.999949
5, 12,3,192.501343, 192.516388, 377.952942, 127.676392,192.501343, 471.130127, 0.999922
5, 13,0,523.948242, 523.930664, 378.013794, 144.467712,178.569092, 523.948242, 1.000033
5, 13,1,412.050354, 412.076447, 378.013794, 144.467712,178.569092, 523.948242, 0.999937
5, 13,2,397.487488, 397.392212, 378.013794, 144.467712,178.569092, 523.948242, 1.000240
5, 13,3,178.569092, 178.600830, 378.013794, 144.467712,178.569092, 523.948242, 0.999822
5, 14,0,416.962006, 416.938019, 378.013794, 100.690910,229.294983, 452.353271, 1.000058
5, 14,1,452.353271, 452.307770, 378.013794, 100.690910,229.294983, 452.353271, 1.000101
5, 14,2,413.445007, 413.418610, 378.013794, 100.690910,229.294983, 452.353271, 1.000064
5, 14,3,229.294983, 229.335556, 378.013794, 100.690910,229.294983, 452.353271, 0.999823
5, 15,0,533.572632, 533.479858, 378.055756, 136.902634,211.337906, 533.572632, 1.000174
5, 15,1,337.918274, 337.873932, 378.055756, 136.902634,211.337906, 533.572632, 1.000131
5, 15,2,211.337906, 211.280930, 378.055756, 136.902634,211.337906, 533.572632, 1.000270
5, 15,3,429.394135, 429.365265, 378.055756, 136.902634,211.337906, 533.572632, 1.000067
5, 16,0,266.624115, 266.560913, 378.050262, 230.013565,107.594116, 579.931458, 1.000237
5, 16,1,558.051392, 557.973633, 378.050262, 230.013565,107.594116, 579.931458, 1.000139
5, 16,2,579.931458, 579.864319, 378.050262, 230.013565,107.594116, 579.931458, 1.000116
5, 16,3,107.594116, 107.601189, 378.050262, 230.013565,107.594116, 579.931458, 0.999934
5, 17,0,325.510712, 325.498383, 378.001984, 255.042557,49.669586, 646.096802, 1.000038
5, 17,1,49.669586, 49.681820, 378.001984, 255.042557,49.669586, 646.096802, 0.999754
5, 17,2,646.096802, 646.096802, 378.001984, 255.042557,49.669586, 646.096802, 1.000000
5, 17,3,490.730804, 490.722900, 378.001984, 255.042557,49.669586, 646.096802, 1.000016
5, 18,0,685.607117, 685.512939, 378.031525, 215.110489,189.811783, 685.607117, 1.000137
5, 18,1,289.498474, 289.474731, 378.031525, 215.110489,189.811783, 685.607117, 1.000082
5, 18,2,189.811783, 189.807159, 378.031525, 215.110489,189.811783, 685.607117, 1.000024
5, 18,3,347.208771, 347.205109, 378.031525, 215.110489,189.811783, 685.607117, 1.000010
5, 19,0,89.767921, 89.798439, 378.046631, 295.145966,89.767921, 759.920532, 0.999660
5, 19,1,449.615204, 449.513824, 378.046631, 295.145966,89.767921, 759.920532, 1.000226
5, 19,2,212.882889, 212.865738, 378.046631, 295.145966,89.767921, 759.920532, 1.000081
5, 19,3,759.920532, 759.821960, 378.046631, 295.145966,89.767921, 759.920532, 1.000130
5, 20,0,144.253311, 144.230759, 378.039490, 292.829346,144.253311, 778.180481, 1.000156
5, 20,1,778.180481, 778.092896, 378.039490, 292.829346,144.253311, 778.180481, 1.000113
5, 20,2,414.531036, 414.517242, 378.039490, 292.829346,144.253311, 778.180481, 1.000033
5, 20,3,175.193054, 175.159058, 378.039490, 292.829346,144.253311, 778.180481, 1.000194
5, 21,0,115.545204, 115.525566, 377.965302, 177.812500,115.545204, 505.966919, 1.000170
5, 21,1,428.307800, 428.375885, 377.965302, 177.812500,115.545204, 505.966919, 0.999841
5, 21,2,462.041229, 462.135864, 377.965302, 177.812500,115.545204, 505.966919, 0.999795
5, 21,3,505.966919, 505.962738, 377.965302, 177.812500,115.545204, 505.966919, 1.000008
5, 22,0,266.046112, 266.001282, 378.044586, 108.428383,266.046112, 491.994781, 1.000169
5, 22,1,307.283569, 307.251404, 378.044586, 108.428383,266.046112, 491.994781, 1.000105
5, 22,2,446.853851, 446.780029, 378.044586, 108.428383,266.046112, 491.994781, 1.000165
5, 22,3,491.994781, 491.967224, 378.044586, 108.428383,266.046112, 491.994781, 1.000056
5, 23,0,536.428467, 536.476501, 378.027222, 240.756531,167.217422, 631.152283, 0.999910
5, 23,1,167.217422, 167.118484, 378.027222, 240.756531,167.217422, 631.152283, 1.000592
5, 23,2,631.152283, 631.111572, 378.027222, 240.756531,167.217422, 631.152283, 1.000064
5, 23,3,177.310760, 177.293411, 378.027222, 240.756531,167.217422, 631.152283, 1.000098
5, 24,0,301.691193, 301.757324, 377.957153, 220.441711,136.993271, 662.242615, 0.999781
5, 24,1,662.242615, 662.318909, 377.957153, 220.441711,136.993271, 662.242615, 0.999885
5, 24,2,410.901459, 410.956909, 377.957153, 220.441711,136.993271, 662.242615, 0.999865
5, 24,3,136.993271, 136.966934, 377.957153, 220.441711,136.993271, 662.242615, 1.000192
5, 25,0,46.516544, 46.518555, 377.945679, 403.392090,12.143104, 753.513123, 0.999957
5, 25,1,12.143104, 12.162830, 377.945679, 403.392090,12.143104, 753.513123, 0.998378
5, 25,2,699.609863, 699.721008, 377.945679, 403.392090,12.143104, 753.513123, 0.999841
5, 25,3,753.513123, 753.597595, 377.945679, 403.392090,12.143104, 753.513123, 0.999888
5, 26,0,303.595276, 303.605103, 377.976898, 238.370087,100.643852, 668.208740, 0.999968
5, 26,1,668.208740, 668.199280, 377.976898, 238.370087,100.643852, 668.208740, 1.000014
5, 26,2,439.459747, 439.501892, 377.976898, 238.370087,100.643852, 668.208740, 0.999904
5, 26,3,100.643852, 100.693649, 377.976898, 238.370087,100.643852, 668.208740, 0.999505
5, 27,0,470.580322, 470.560547, 377.989716, 83.858559,268.835266, 470.580322, 1.000042
5, 27,1,268.835266, 268.871704, 377.989716, 83.858559,268.835266, 470.580322, 0.999864
5, 27,2,401.631989, 401.651764, 377.989716, 83.858559,268.835266, 470.580322, 0.999951
5, 27,3,370.911285, 370.915955, 377.989716, 83.858559,268.835266, 470.580322, 0.999987
5, 28,0,562.035889, 561.987122, 378.010559, 134.327286,247.295227, 562.035889, 1.000087
5, 28,1,321.702026, 321.684448, 378.010559, 134.327286,247.295227, 562.035889, 1.000055
5, 28,2,247.295227, 247.359955, 378.010559, 134.327286,247.295227, 562.035889, 0.999738
5, 28,3,381.009094, 380.968536, 378.010559, 134.327286,247.295227, 562.035889, 1.000106
5, 29,0,68.443649, 68.437706, 377.966034, 271.378296,68.443649, 638.516785, 1.000087
5, 29,1,569.856445, 569.904175, 377.966034, 271.378296,68.443649, 638.516785, 0.999916
5, 29,2,235.047226, 235.071365, 377.966034, 271.378296,68.443649, 638.516785, 0.999897
5, 29,3,638.516785, 638.586792, 377.966034, 271.378296,68.443649, 638.516785, 0.999890
5, 30,0,575.190063, 575.217224, 377.975281, 195.422684,126.720627, 575.190063, 0.999953
5, 30,1,479.451111, 479.486237, 377.975281, 195.422684,126.720627, 575.190063, 0.999927
5, 30,2,330.539429, 330.567413, 377.975281, 195.422684,126.720627, 575.190063, 0.999915
5, 30,3,126.720627, 126.729042, 377.975281, 195.422684,126.720627, 575.190063, 0.999934
5, 31,0,629.242798, 629.374146, 377.939697, 210.095581,145.698029, 629.242798, 0.999791
5, 31,1,455.441650, 455.527527, 377.939697, 210.095581,145.698029, 629.242798, 0.999811
5, 31,2,281.376373, 281.360779, 377.939697, 210.095581,145.698029, 629.242798, 1.000055
5, 31,3,145.698029, 145.737564, 377.939697, 210.095581,145.698029, 629.242798, 0.999729
5, 32,0,559.629150, 559.645020, 377.974915, 255.097076,27.787071, 574.918213, 0.999972
5, 32,1,349.565125, 349.611481, 377.974915, 255.097076,27.787071, 574.918213, 0.999867
5, 32,2,574.918213, 574.934937, 377.974915, 255.097076,27.787071, 574.918213, 0.999971
5, 32,3,27.787071, 27.808531, 377.974915, 255.097076,27.787071, 574.918213, 0.999228
5, 33,0,335.927399, 335.927429, 378.034729, 97.632423,259.969025, 463.414276, 1.000000
5, 33,1,259.969025, 259.957458, 378.034729, 97.632423,259.969025, 463.414276, 1.000044
5, 33,2,452.828217, 452.730957, 378.034729, 97.632423,259.969025, 463.414276, 1.000215
5, 33,3,463.414276, 463.384064, 378.034729, 97.632423,259.969025, 463.414276, 1.000065
5, 34,0,339.450897, 339.390656, 378.054474, 137.020355,201.181549, 498.723419, 1.000178
5, 34,1,498.723419, 498.631378, 378.054474, 137.020355,201.181549, 498.723419, 1.000185
5, 34,2,472.862000, 472.799316, 378.054474, 137.020355,201.181549, 498.723419, 1.000133
5, 34,3,201.181549, 201.178528, 378.054474, 137.020355,201.181549, 498.723419, 1.000015
5, 35,0,118.510841, 118.516769, 377.961609, 233.711395,118.510841, 658.091370, 0.999950
5, 35,1,462.125793, 462.171844, 377.961609, 233.711395,118.510841, 658.091370, 0.999900
5, 35,2,273.118500, 273.148956, 377.961609, 233.711395,118.510841, 658.091370, 0.999888
5, 35,3,658.091370, 658.162415, 377.961609, 233.711395,118.510841, 658.091370, 0.999892
5, 36,0,498.280884, 498.336975, 377.980286, 213.787689,63.917503, 526.027649, 0.999887
5, 36,1,63.917503, 63.901684, 377.980286, 213.787689,63.917503, 526.027649, 1.000248
5, 36,2,423.695129, 423.706482, 377.980286, 213.787689,63.917503, 526.027649, 0.999973
5, 36,3,526.027649, 526.054932, 377.980286, 213.787689,63.917503, 526.027649, 0.999948
5, 37,0,321.467621, 321.462555, 377.953094, 160.508240,233.223785, 606.833252, 1.000016
5, 37,1,350.287750, 350.380890, 377.953094, 160.508240,233.223785, 606.833252, 0.999734
5, 37,2,233.223785, 233.240555, 377.953094, 160.508240,233.223785, 606.833252, 0.999928
5, 37,3,606.833252, 606.916016, 377.953094, 160.508240,233.223785, 606.833252, 0.999864
5, 38,0,58.102169, 58.022987, 378.000122, 386.281769,38.496075, 787.192200, 1.001365
5, 38,1,628.209961, 628.263733, 378.000122, 386.281769,38.496075, 787.192200, 0.999914
5, 38,2,787.192200, 787.239868, 378.000122, 386.281769,38.496075, 787.192200, 0.999939
5, 38,3,38.496075, 38.473351, 378.000122, 386.281769,38.496075, 787.192200, 1.000591
5, 39,0,586.364136, 586.268188, 378.045532, 184.073456,166.045074, 586.364136, 1.000164
5, 39,1,166.045074, 166.040512, 378.045532, 184.073456,166.045074, 586.364136, 1.000027
5, 39,2,461.438568, 461.361755, 378.045532, 184.073456,166.045074, 586.364136, 1.000167
5, 39,3,298.334351, 298.329468, 378.045532, 184.073456,166.045074, 586.364136, 1.000016
5, 40,0,119.943527, 119.965843, 378.062531, 381.972809,119.943527, 943.033875, 0.999814
5, 40,1,175.582870, 175.525620, 378.062531, 381.972809,119.943527, 943.033875, 1.000326
5, 40,2,273.689850, 273.590118, 378.062531, 381.972809,119.943527, 943.033875, 1.000365
5, 40,3,943.033875, 942.918396, 378.062531, 381.972809,119.943527, 943.033875, 1.000122
5, 41,0,247.965485, 247.984558, 377.991669, 193.260468,189.348022, 603.584900, 0.999923
5, 41,1,471.068359, 471.078003, 377.991669, 193.260468,189.348022, 603.584900, 0.999980
5, 41,2,603.584900, 603.595215, 377.991669, 193.260468,189.348022, 603.584900, 0.999983
5, 41,3,189.348022, 189.342255, 377.991669, 193.260468,189.348022, 603.584900, 1.000031
5, 42,0,245.153168, 245.151230, 377.979980, 145.184769,245.153168, 514.751404, 1.000008
5, 42,1,260.079498, 260.076477, 377.979980, 145.184769,245.153168, 514.751404, 1.000012
5, 42,2,514.751404, 514.745361, 377.979980, 145.184769,245.153168, 514.751404, 1.000012
5, 42,3,491.935913, 492.026978, 377.979980, 145.184769,245.153168, 514.751404, 0.999815
5, 43,0,573.890747, 573.960632, 377.976593, 145.523376,251.702911, 573.890747, 0.999878
5, 43,1,401.375183, 401.396301, 377.976593, 145.523376,251.702911, 573.890747, 0.999947
5, 43,2,251.702911, 251.707947, 377.976593, 145.523376,251.702911, 573.890747, 0.999980
5, 43,3,284.937531, 284.935181, 377.976593, 145.523376,251.702911, 573.890747, 1.000008
5, 44,0,639.528076, 639.445068, 378.040161, 271.252319,118.563705, 639.528076, 1.000130
5, 44,1,583.223022, 583.165222, 378.040161, 271.252319,118.563705, 639.528076, 1.000099
5, 44,2,118.563705, 118.549202, 378.040161, 271.252319,118.563705, 639.528076, 1.000122
5, 44,3,170.845795, 170.840408, 378.040161, 271.252319,118.563705, 639.528076, 1.000031
5, 45,0,393.220947, 393.166016, 378.050262, 86.302933,270.037872, 479.869537, 1.000140
5, 45,1,479.869537, 479.787964, 378.050262, 86.302933,270.037872, 479.869537, 1.000170
5, 45,2,270.037872, 270.009338, 378.050262, 86.302933,270.037872, 479.869537, 1.000106
5, 45,3,369.072723, 369.036621, 378.050262, 86.302933,270.037872, 479.869537, 1.000098
5, 46,0,298.589539, 298.561005, 378.062012, 247.855484,71.712532, 640.621582, 1.000096
5, 46,1,71.712532, 71.676369, 378.062012, 247.855484,71.712532, 640.621582, 1.000504
5, 46,2,501.324402, 501.231659, 378.062012, 247.855484,71.712532, 640.621582, 1.000185
5, 46,3,640.621582, 640.531006, 378.062012, 247.855484,71.712532, 640.621582, 1.000141
5, 47,0,114.734322, 114.742622, 377.975525, 330.323914,114.734322, 842.835388, 0.999928
5, 47,1,842.835388, 842.911072, 377.975525, 330.323914,114.734322, 842.835388, 0.999910
5, 47,2,173.180695, 173.225433, 377.975525, 330.323914,114.734322, 842.835388, 0.999742
5, 47,3,381.151764, 381.120941, 377.975525, 330.323914,114.734322, 842.835388, 1.000081
5, 48,0,518.443848, 518.444763, 378.032166, 202.266953,82.157005, 518.443848, 0.999998
5, 48,1,496.957092, 496.861206, 378.032166, 202.266953,82.157005, 518.443848, 1.000193
5, 48,2,414.570679, 414.517639, 378.032166, 202.266953,82.157005, 518.443848, 1.000128
5, 48,3,82.157005, 82.176430, 378.032166, 202.266953,82.157005, 518.443848, 0.999764
5, 49,0,475.944824, 475.861603, 378.041504, 209.916809,69.991241, 536.191833, 1.000175
5, 49,1,430.038208, 429.994751, 378.041504, 209.916809,69.991241, 536.191833, 1.000101
5, 49,2,536.191833, 536.149231, 378.041504, 209.916809,69.991241, 536.191833, 1.000080
5, 49,3,69.991241, 69.994324, 378.041504, 209.916809,69.991241, 536.191833, 0.999956
5, 50,0,130.238922, 130.239777, 378.054535, 284.704010,130.238922, 775.428406, 0.999993
5, 50,1,382.857758, 382.753113, 378.054535, 284.704010,130.238922, 775.428406, 1.000273
5, 50,2,223.693039, 223.649994, 378.054535, 284.704010,130.238922, 775.428406, 1.000193
5, 50,3,775.428406, 775.357178, 378.054535, 284.704010,130.238922, 775.428406, 1.000092
5, 51,0,185.976837, 185.992889, 377.962891, 248.089066,173.538879, 693.270996, 0.999914
5, 51,1,459.064850, 459.111969, 377.962891, 248.089066,173.538879, 693.270996, 0.999897
5, 51,2,693.270996, 693.332947, 377.962891, 248.089066,173.538879, 693.270996, 0.999911
5, 51,3,173.538879, 173.562164, 377.962891, 248.089066,173.538879, 693.270996, 0.999866
5, 52,0,223.867340, 223.850540, 378.022949, 127.676804,223.867340, 522.655273, 1.000075
5, 52,1,337.088348, 337.061798, 378.022949, 127.676804,223.867340, 522.655273, 1.000079
5, 52,2,522.655273, 522.629333, 378.022949, 127.676804,223.867340, 522.655273, 1.000050
5, 52,3,428.480804, 428.458374, 378.022949, 127.676804,223.867340, 522.655273, 1.000052
5, 53,0,232.216217, 232.204041, 378.043793, 117.096130,232.216217, 513.712341, 1.000052
5, 53,1,409.687103, 409.644928, 378.043793, 117.096130,232.216217, 513.712341, 1.000103
5, 53,2,513.712341, 513.660278, 378.043793, 117.096130,232.216217, 513.712341, 1.000101
5, 53,3,356.559479, 356.490753, 378.043793, 117.096130,232.216217, 513.712341, 1.000193
5, 54,0,531.138611, 531.107056, 378.028198, 134.078979,231.584717, 531.138611, 1.000059
5, 54,1,441.854279, 441.790771, 378.028198, 134.078979,231.584717, 531.138611, 1.000144
5, 54,2,231.584717, 231.592728, 378.028198, 134.078979,231.584717, 531.138611, 0.999965
5, 54,3,307.535187, 307.509491, 378.028198, 134.078979,231.584717, 531.138611, 1.000084
5, 55,0,513.551270, 513.541748, 378.005310, 181.558136,133.016586, 517.900146, 1.000019
5, 55,1,517.900146, 517.880005, 378.005310, 181.558136,133.016586, 517.900146, 1.000039
5, 55,2,347.553162, 347.550049, 378.005310, 181.558136,133.016586, 517.900146, 1.000009
5, 55,3,133.016586, 133.028198, 378.005310, 181.558136,133.016586, 517.900146, 0.999913
5, 56,0,201.395828, 201.371445, 378.044189, 163.393372,201.395828, 520.917908, 1.000121
5, 56,1,276.812317, 276.785706, 378.044189, 163.393372,201.395828, 520.917908, 1.000096
5, 56,2,520.917908, 520.848755, 378.044189, 163.393372,201.395828, 520.917908, 1.000133
5, 56,3,513.050659, 512.994141, 378.044189, 163.393372,201.395828, 520.917908, 1.000110
5, 57,0,507.604523, 507.617432, 377.976349, 174.085464,152.908310, 522.917114, 0.999975
5, 57,1,152.908310, 152.890656, 377.976349, 174.085464,152.908310, 522.917114, 1.000116
5, 57,2,328.475494, 328.518005, 377.976349, 174.085464,152.908310, 522.917114, 0.999871
5, 57,3,522.917114, 522.973877, 377.976349, 174.085464,152.908310, 522.917114, 0.999891
5, 58,0,33.557396, 33.562420, 378.038788, 260.191833,33.557396, 642.871643, 0.999850
5, 58,1,642.871643, 642.766968, 378.038788, 260.191833,33.557396, 642.871643, 1.000163
5, 58,2,343.285706, 343.210846, 378.038788, 260.191833,33.557396, 642.871643, 1.000218
5, 58,3,492.440430, 492.459839, 378.038788, 260.191833,33.557396, 642.871643, 0.999961
5, 59,0,487.275085, 487.274872, 378.009766, 245.122238,12.782714, 538.906006, 1.000000
5, 59,1,538.906006, 538.869812, 378.009766, 245.122238,12.782714, 538.906006, 1.000067
5, 59,2,12.782714, 12.784212, 378.009766, 245.122238,12.782714, 538.906006, 0.999883
5, 59,3,473.075134, 473.071045, 378.009766, 245.122238,12.782714, 538.906006, 1.000009
5, 60,0,259.473450, 259.461304, 378.059174, 261.922150,200.364502, 767.322388, 1.000047
5, 60,1,285.076355, 285.034576, 378.059174, 261.922150,200.364502, 767.322388, 1.000147
5, 60,2,200.364502, 200.262146, 378.059174, 261.922150,200.364502, 767.322388, 1.000511
5, 60,3,767.322388, 767.241882, 378.059174, 261.922150,200.364502, 767.322388, 1.000105
5, 61,0,68.476807, 68.463524, 378.013062, 351.642303,68.476807, 876.629822, 1.000194
5, 61,1,217.708893, 217.684692, 378.013062, 351.642303,68.476807, 876.629822, 1.000111
5, 61,2,876.629822, 876.624207, 378.013062, 351.642303,68.476807, 876.629822, 1.000006
5, 61,3,349.236694, 349.227600, 378.013062, 351.642303,68.476807, 876.629822, 1.000026
5, 62,0,131.474655, 131.479660, 378.016937, 209.863785,131.474655, 562.984314, 0.999962
5, 62,1,562.984314, 562.946838, 378.016937, 209.863785,131.474655, 562.984314, 1.000067
5, 62,2,541.538452, 541.509277, 378.016937, 209.863785,131.474655, 562.984314, 1.000054
5, 62,3,276.070313, 276.064270, 378.016937, 209.863785,131.474655, 562.984314, 1.000022
5, 63,0,379.067413, 379.110046, 377.962280, 117.464745,225.953568, 512.151123, 0.999888
5, 63,1,394.676971, 394.737427, 377.962280, 117.464745,225.953568, 512.151123, 0.999847
5, 63,2,512.151123, 512.177979, 377.962280, 117.464745,225.953568, 512.151123, 0.999948
5, 63,3,225.953568, 225.974487, 377.962280, 117.464745,225.953568, 512.151123, 0.999907
5, 64,0,690.996765, 691.017029, 377.972687, 264.929871,55.563862, 690.996765, 0.999971
5, 64,1,448.193573, 448.231537, 377.972687, 264.929871,55.563862, 690.996765, 0.999915
5, 64,2,55.563862, 55.574669, 377.972687, 264.929871,55.563862, 690.996765, 0.999806
5, 64,3,317.136566, 317.176819, 377.972687, 264.929871,55.563862, 690.996765, 0.999873
5, 65,0,420.935303, 420.886719, 378.054321, 463.225037,24.769226, 1017.460754, 1.000115
5, 65,1,1017.460754, 1017.388306, 378.054321, 463.225037,24.769226, 1017.460754, 1.000071
5, 65,2,24.769226, 24.751053, 378.054321, 463.225037,24.769226, 1017.460754, 1.000734
5, 65,3,49.051968, 48.973839, 378.054321, 463.225037,24.769226, 1017.460754, 1.001595
5, 66,0,419.171997, 419.093475, 378.053131, 132.430893,182.634521, 475.579681, 1.000187
5, 66,1,434.826355, 434.764496, 378.053131, 132.430893,182.634521, 475.579681, 1.000142
5, 66,2,475.579681, 475.521179, 378.053131, 132.430893,182.634521, 475.579681, 1.000123
5, 66,3,182.634521, 182.620911, 378.053131, 132.430893,182.634521, 475.579681, 1.000075
5, 67,0,154.993408, 154.996414, 377.978210, 238.203796,154.993408, 713.958801, 0.999981
5, 67,1,713.958801, 713.937744, 377.978210, 238.203796,154.993408, 713.958801, 1.000029
5, 67,2,346.319122, 346.341705, 377.978210, 238.203796,154.993408, 713.958801, 0.999935
5, 67,3,296.641479, 296.724152, 377.978210, 238.203796,154.993408, 713.958801, 0.999721
5, 68,0,438.763550, 438.767456, 378.007690, 118.493668,259.976105, 513.554993, 0.999991
5, 68,1,259.976105, 259.964661, 378.007690, 118.493668,259.976105, 513.554993, 1.000044
5, 68,2,299.736053, 299.730682, 378.007690, 118.493668,259.976105, 513.554993, 1.000018
5, 68,3,513.554993, 513.537109, 378.007690, 118.493668,259.976105, 513.554993, 1.000035
5, 69,0,426.554901, 426.487274, 378.049988, 77.715866,261.973999, 426.554901, 1.000159
5, 69,1,261.973999, 261.937927, 378.049988, 77.715866,261.973999, 426.554901, 1.000138
5, 69,2,409.601593, 409.558105, 378.049988, 77.715866,261.973999, 426.554901, 1.000106
5, 69,3,414.069489, 414.016724, 378.049988, 77.715866,261.973999, 426.554901, 1.000127
5, 70,0,213.265717, 213.265625, 378.006958, 138.080200,213.265717, 549.094788, 1.000000
5, 70,1,355.243195, 355.245300, 378.006958, 138.080200,213.265717, 549.094788, 0.999994
5, 70,2,394.424072, 394.410889, 378.006958, 138.080200,213.265717, 549.094788, 1.000033
5, 70,3,549.094788, 549.078247, 378.006958, 138.080200,213.265717, 549.094788, 1.000030
5, 71,0,428.105347, 428.017303, 378.060486, 344.223694,73.276146, 842.791931, 1.000206
5, 71,1,842.791931, 842.659241, 378.060486, 344.223694,73.276146, 842.791931, 1.000157
5, 71,2,168.068665, 168.088181, 378.060486, 344.223694,73.276146, 842.791931, 0.999884
5, 71,3,73.276146, 73.235275, 378.060486, 344.223694,73.276146, 842.791931, 1.000558
5, 72,0,558.595337, 558.624268, 377.983246, 235.895111,133.142990, 600.241211, 0.999948
5, 72,1,600.241211, 600.260559, 377.983246, 235.895111,133.142990, 600.241211, 0.999968
5, 72,2,219.953430, 219.970642, 377.983246, 235.895111,133.142990, 600.241211, 0.999922
5, 72,3,133.142990, 133.144547, 377.983246, 235.895111,133.142990, 600.241211, 0.999988
5, 73,0,26.124903, 26.135584, 378.011200, 280.469849,26.124903, 613.066162, 0.999591
5, 73,1,613.066162, 613.043579, 378.011200, 280.469849,26.124903, 613.066162, 1.000037
5, 73,2,594.683655, 594.657410, 378.011200, 280.469849,26.124903, 613.066162, 1.000044
5, 73,3,278.170013, 278.163483, 378.011200, 280.469849,26.124903, 613.066162, 1.000023
5, 74,0,459.139130, 459.096802, 378.017639, 244.882278,35.412651, 613.057800, 1.000092
5, 74,1,613.057800, 612.971252, 378.017639, 244.882278,35.412651, 613.057800, 1.000141
5, 74,2,404.460999, 404.455902, 378.017639, 244.882278,35.412651, 613.057800, 1.000013
5, 74,3,35.412651, 35.476036, 378.017639, 244.882278,35.412651, 613.057800, 0.998213
5, 75,0,127.835411, 127.809921, 378.075500, 214.867447,127.835411, 606.501282, 1.000199
5, 75,1,280.659790, 280.592896, 378.075500, 214.867447,127.835411, 606.501282, 1.000238
5, 75,2,497.305573, 497.216949, 378.075500, 214.867447,127.835411, 606.501282, 1.000178
5, 75,3,606.501282, 606.380066, 378.075500, 214.867447,127.835411, 606.501282, 1.000200
5, 76,0,644.094482, 644.129456, 377.994263, 192.462280,211.316925, 644.094482, 0.999946
5, 76,1,389.894775, 389.878662, 377.994263, 192.462280,211.316925, 644.094482, 1.000041
5, 76,2,266.670868, 266.667419, 377.994263, 192.462280,211.316925, 644.094482, 1.000013
5, 76,3,211.316925, 211.324463, 377.994263, 192.462280,211.316925, 644.094482, 0.999964
5, 77,0,226.450485, 226.460312, 378.015961, 237.904358,226.450485, 733.125854, 0.999957
5, 77,1,277.849945, 277.838135, 378.015961, 237.904358,226.450485, 733.125854, 1.000043
5, 77,2,274.637573, 274.620789, 378.015961, 237.904358,226.450485, 733.125854, 1.000061
5, 77,3,733.125854, 733.080688, 378.015961, 237.904358,226.450485, 733.125854, 1.000062
5, 78,0,484.431732, 484.405670, 378.018799, 227.443466,99.585114, 624.570435, 1.000054
5, 78,1,303.487976, 303.455811, 378.018799, 227.443466,99.585114, 624.570435, 1.000106
5, 78,2,99.585114, 99.639526, 378.018799, 227.443466,99.585114, 624.570435, 0.999454
5, 78,3,624.570435, 624.499023, 378.018799, 227.443466,99.585114, 624.570435, 1.000114
5, 79,0,238.806763, 238.771149, 378.045044, 128.858398,238.806763, 534.554016, 1.000149
5, 79,1,423.177551, 423.118683, 378.045044, 128.858398,238.806763, 534.554016, 1.000139
5, 79,2,315.641846, 315.616150, 378.045044, 128.858398,238.806763, 534.554016, 1.000081
5, 79,3,534.554016, 534.494019, 378.045044, 128.858398,238.806763, 534.554016, 1.000112
5, 80,0,925.511292, 925.617859, 377.947998, 398.046112,58.663208, 925.511292, 0.999885
5, 80,1,58.663208, 58.663990, 377.947998, 398.046112,58.663208, 925.511292, 0.999987
5, 80,2,109.701248, 109.756516, 377.947998, 398.046112,58.663208, 925.511292, 0.999496
5, 80,3,417.916321, 417.961731, 377.947998, 398.046112,58.663208, 925.511292, 0.999891
5, 81,0,492.305664, 492.249268, 378.029449, 214.712006,140.764496, 614.719299, 1.000115
5, 81,1,264.328369, 264.293518, 378.029449, 214.712006,140.764496, 614.719299, 1.000132
5, 81,2,614.719299, 614.682617, 378.029449, 214.712006,140.764496, 614.719299, 1.000060
5, 81,3,140.764496, 140.774612, 378.029449, 214.712006,140.764496, 614.719299, 0.999928
5, 82,0,306.451904, 306.439636, 378.056885, 371.722961,44.368671, 909.281860, 1.000040
5, 82,1,909.281860, 909.151489, 378.056885, 371.722961,44.368671, 909.281860, 1.000143
5, 82,2,252.125183, 252.086288, 378.056885, 371.722961,44.368671, 909.281860, 1.000154
5, 82,3,44.368671, 44.322666, 378.056885, 371.722961,44.368671, 909.281860, 1.001038
5, 83,0,220.343643, 220.320648, 378.034637, 146.305893,220.343643, 504.585419, 1.000104
5, 83,1,500.492188, 500.449280, 378.034637, 146.305893,220.343643, 504.585419, 1.000086
5, 83,2,286.717346, 286.745209, 378.034637, 146.305893,220.343643, 504.585419, 0.999903
5, 83,3,504.585419, 504.484863, 378.034637, 146.305893,220.343643, 504.585419, 1.000199
5, 84,0,497.141876, 497.153259, 377.968689, 331.066040,37.784142, 783.824524, 0.999977
5, 84,1,37.784142, 37.812004, 377.968689, 331.066040,37.784142, 783.824524, 0.999263
5, 84,2,193.124268, 193.161560, 377.968689, 331.066040,37.784142, 783.824524, 0.999807
5, 84,3,783.824524, 783.873169, 377.968689, 331.066040,37.784142, 783.824524, 0.999938
5, 85,0,142.666016, 142.659073, 378.027985, 247.042603,142.666016, 723.154663, 1.000049
5, 85,1,287.380249, 287.375885, 378.027985, 247.042603,142.666016, 723.154663, 1.000015
5, 85,2,723.154663, 723.078369, 378.027985, 247.042603,142.666016, 723.154663, 1.000106
5, 85,3,358.911041, 358.886688, 378.027985, 247.042603,142.666016, 723.154663, 1.000068
5, 86,0,155.064499, 155.042206, 377.941406, 301.446838,155.064499, 822.354309, 1.000144
5, 86,1,288.322723, 288.455841, 377.941406, 301.446838,155.064499, 822.354309, 0.999539
5, 86,2,822.354309, 822.404236, 377.941406, 301.446838,155.064499, 822.354309, 0.999939
5, 86,3,246.024231, 246.097656, 377.941406, 301.446838,155.064499, 822.354309, 0.999702
5, 87,0,328.290894, 328.366516, 377.945862, 303.471527,127.002205, 816.053101, 0.999770
5, 87,1,127.002205, 127.005783, 377.945862, 303.471527,127.002205, 816.053101, 0.999972
5, 87,2,240.437210, 240.449661, 377.945862, 303.471527,127.002205, 816.053101, 0.999948
5, 87,3,816.053101, 816.178040, 377.945862, 303.471527,127.002205, 816.053101, 0.999847
5, 88,0,228.625351, 228.686356, 377.950348, 138.680527,228.625351, 564.052124, 0.999733
5, 88,1,352.899872, 352.927429, 377.950348, 138.680527,228.625351, 564.052124, 0.999922
5, 88,2,564.052124, 564.115601, 377.950348, 138.680527,228.625351, 564.052124, 0.999887
5, 88,3,366.223969, 366.270599, 377.950348, 138.680527,228.625351, 564.052124, 0.999873
5, 89,0,419.471588, 419.481567, 377.987274, 87.330963,247.572647, 432.373688, 0.999976
5, 89,1,412.531250, 412.548340, 377.987274, 87.330963,247.572647, 432.373688, 0.999959
5, 89,2,432.373688, 432.406219, 377.987274, 87.330963,247.572647, 432.373688, 0.999925
5, 89,3,247.572647, 247.563934, 377.987274, 87.330963,247.572647, 432.373688, 1.000035
5, 90,0,403.796448, 403.837189, 377.977539, 253.545822,12.122925, 564.244812, 0.999899
5, 90,1,531.746033, 531.755798, 377.977539, 253.545822,12.122925, 564.244812, 0.999982
5, 90,2,12.122925, 12.131496, 377.977539, 253.545822,12.122925, 564.244812, 0.999293
5, 90,3,564.244812, 564.275513, 377.977539, 253.545822,12.122925, 564.244812, 0.999946
5, 91,0,25.444603, 25.437468, 378.044495, 253.159317,25.444603, 565.425781, 1.000280
5, 91,1,362.720337, 362.732544, 378.044495, 253.159317,25.444603, 565.425781, 0.999966
5, 91,2,565.425781, 565.340820, 378.044495, 253.159317,25.444603, 565.425781, 1.000150
5, 91,3,558.587219, 558.489136, 378.044495, 253.159317,25.444603, 565.425781, 1.000176
5, 92,0,356.847076, 356.880768, 378.030823, 199.464218,152.542282, 638.553833, 0.999906
5, 92,1,364.180084, 364.152649, 378.030823, 199.464218,152.542282, 638.553833, 1.000075
5, 92,2,152.542282, 152.553391, 378.030823, 199.464218,152.542282, 638.553833, 0.999927
5, 92,3,638.553833, 638.413269, 378.030823, 199.464218,152.542282, 638.553833, 1.000220
5, 93,0,458.290253, 458.217621, 378.050507, 141.556732,193.904800, 514.763855, 1.000159
5, 93,1,514.763855, 514.698120, 378.050507, 141.556732,193.904800, 514.763855, 1.000128
5, 93,2,345.243164, 345.217285, 378.050507, 141.556732,193.904800, 514.763855, 1.000075
5, 93,3,193.904800, 193.866974, 378.050507, 141.556732,193.904800, 514.763855, 1.000195
5, 94,0,557.661926, 557.713379, 377.973022, 174.337067,164.153198, 557.661926, 0.999908
5, 94,1,474.381897, 474.438477, 377.973022, 174.337067,164.153198, 557.661926, 0.999881
5, 94,2,164.153198, 164.155777, 377.973022, 174.337067,164.153198, 557.661926, 0.999984
5, 94,3,315.695068, 315.692322, 377.973022, 174.337067,164.153198, 557.661926, 1.000009
5, 95,0,157.568390, 157.586761, 377.945740, 148.513504,157.568390, 475.268005, 0.999883
5, 95,1,456.202118, 456.254028, 377.945740, 148.513504,157.568390, 475.268005, 0.999886
5, 95,2,475.268005, 475.390717, 377.945740, 148.513504,157.568390, 475.268005, 0.999742
5, 95,3,422.744415, 422.768463, 377.945740, 148.513504,157.568390, 475.268005, 0.999943
5, 96,0,160.849686, 160.827957, 377.985413, 367.968628,37.137550, 865.789001, 1.000135
5, 96,1,865.789001, 865.848328, 377.985413, 367.968628,37.137550, 865.789001, 0.999931
5, 96,2,448.165375, 448.223389, 377.985413, 367.968628,37.137550, 865.789001, 0.999871
5, 96,3,37.137550, 37.100403, 377.985413, 367.968628,37.137550, 865.789001, 1.001001
5, 97,0,490.269836, 490.231689, 378.050812, 130.729172,190.566818, 490.269836, 1.000078
5, 97,1,397.047546, 396.978790, 378.050812, 130.729172,190.566818, 490.269836, 1.000173
5, 97,2,190.566818, 190.544968, 378.050812, 130.729172,190.566818, 490.269836, 1.000115
5, 97,3,434.319122, 434.244598, 378.050812, 130.729172,190.566818, 490.269836, 1.000172
5, 98,0,832.920166, 832.802673, 378.036835, 412.404999,22.917099, 832.920166, 1.000141
5, 98,1,621.607300, 621.552002, 378.036835, 412.404999,22.917099, 832.920166, 1.000089
5, 98,2,22.917099, 22.974062, 378.036835, 412.404999,22.917099, 832.920166, 0.997521
5, 98,3,34.702782, 34.671314, 378.036835, 412.404999,22.917099, 832.920166, 1.000908
5, 99,0,333.746338, 333.707764, 378.052551, 173.819366,150.579407, 514.404114, 1.000116
5, 99,1,150.579407, 150.588348, 378.052551, 173.819366,150.579407, 514.404114, 0.999941
5, 99,2,514.404114, 514.345337, 378.052551, 173.819366,150.579407, 514.404114, 1.000114
5, 99,3,513.480408, 513.358704, 378.052551, 173.819366,150.579407, 514.404114, 1.000237
5, 100,0,538.578735, 538.661743, 377.950256, 237.158051,138.725830, 620.488647, 0.999846
5, 100,1,138.725830, 138.717316, 377.950256, 237.158051,138.725830, 620.488647, 1.000061
5, 100,2,214.007782, 214.031036, 377.950256, 237.158051,138.725830, 620.488647, 0.999891
5, 100,3,620.488647, 620.589905, 377.950256, 237.158051,138.725830, 620.488647, 0.999837
5, 101,0,738.520508, 738.513855, 378.028656, 338.555115,30.576754, 738.520508, 1.000009
5, 101,1,30.576754, 30.558661, 378.028656, 338.555115,30.576754, 738.520508, 1.000592
5, 101,2,155.758255, 155.753799, 378.028656, 338.555115,30.576754, 738.520508, 1.000029
5, 101,3,587.259094, 587.173767, 378.028656, 338.555115,30.576754, 738.520508, 1.000145
5, 102,0,472.053040, 471.981598, 378.038757, 146.268265,170.589752, 488.958130, 1.000151
5, 102,1,488.958130, 488.928680, 378.038757, 146.268265,170.589752, 488.958130, 1.000060
5, 102,2,380.554108, 380.502625, 378.038757, 146.268265,170.589752, 488.958130, 1.000135
5, 102,3,170.589752, 170.587097, 378.038757, 146.268265,170.589752, 488.958130, 1.000016
5, 103,0,78.390602, 78.398552, 378.022797, 416.389191,78.390602, 966.562988, 0.999899
5, 103,1,966.562988, 966.416809, 378.022797, 416.389191,78.390602, 966.562988, 1.000151
5, 103,2,378.908020, 378.916870, 378.022797, 416.389191,78.390602, 966.562988, 0.999977
5, 103,3,88.229660, 88.267738, 378.022797, 416.389191,78.390602, 966.562988, 0.999569
5, 104,0,530.128723, 530.123596, 377.998260, 165.577164,164.987793, 530.128723, 1.000010
5, 104,1,485.500153, 485.488220, 377.998260, 165.577164,164.987793, 530.128723, 1.000025
5, 104,2,331.376373, 331.397888, 377.998260, 165.577164,164.987793, 530.128723, 0.999935
5, 104,3,164.987793, 164.990356, 377.998260, 165.577164,164.987793, 530.128723, 0.999984
5, 105,0,305.684723, 305.704834, 377.956482, 327.975983,93.545685, 850.390259, 0.999934
5, 105,1,93.545685, 93.525597, 377.956482, 327.975983,93.545685, 850.390259, 1.000215
5, 105,2,262.205261, 262.252991, 377.956482, 327.975983,93.545685, 850.390259, 0.999818
5, 105,3,850.390259, 850.516541, 377.956482, 327.975983,93.545685, 850.390259, 0.999852
5, 106,0,379.967468, 379.992035, 377.962463, 133.474777,202.795731, 526.859680, 0.999935
5, 106,1,202.795731, 202.845444, 377.962463, 133.474777,202.795731, 526.859680, 0.999755
5, 106,2,526.859680, 526.910583, 377.962463, 133.474777,202.795731, 526.859680, 0.999903
5, 106,3,402.227020, 402.251831, 377.962463, 133.474777,202.795731, 526.859680, 0.999938
5, 107,0,403.047638, 403.096802, 377.950500, 275.095703,174.200378, 757.906067, 0.999878
5, 107,1,174.200378, 174.296967, 377.950500, 275.095703,174.200378, 757.906067, 0.999446
5, 107,2,176.647903, 176.610168, 377.950500, 275.095703,174.200378, 757.906067, 1.000214
5, 107,3,757.906067, 757.996094, 377.950500, 275.095703,174.200378, 757.906067, 0.999881
5, 108,0,165.346588, 165.368439, 378.039917, 295.686401,91.209244, 698.579529, 0.999868
5, 108,1,698.579529, 698.490723, 378.039917, 295.686401,91.209244, 698.579529, 1.000127
5, 108,2,557.024292, 556.936401, 378.039917, 295.686401,91.209244, 698.579529, 1.000158
5, 108,3,91.209244, 91.204414, 378.039917, 295.686401,91.209244, 698.579529, 1.000053
5, 109,0,199.730911, 199.711029, 378.020050, 245.893051,144.512833, 655.644836, 1.000100
5, 109,1,512.191650, 512.151672, 378.020050, 245.893051,144.512833, 655.644836, 1.000078
5, 109,2,655.644836, 655.617920, 378.020050, 245.893051,144.512833, 655.644836, 1.000041
5, 109,3,144.512833, 144.519470, 378.020050, 245.893051,144.512833, 655.644836, 0.999954
5, 110,0,434.467743, 434.550018, 377.956421, 72.630913,308.248871, 446.546448, 0.999811
5, 110,1,308.248871, 308.259827, 377.956421, 72.630913,308.248871, 446.546448, 0.999964
5, 110,2,322.562531, 322.585693, 377.956421, 72.630913,308.248871, 446.546448, 0.999928
5, 110,3,446.546448, 446.604523, 377.956421, 72.630913,308.248871, 446.546448, 0.999870
5, 111,0,409.665558, 409.703247, 377.966888, 72.435837,313.941040, 465.243805, 0.999908
5, 111,1,465.243805, 465.304138, 377.966888, 72.435837,313.941040, 465.243805, 0.999870
5, 111,2,323.017120, 323.033600, 377.966888, 72.435837,313.941040, 465.243805, 0.999949
5, 111,3,313.941040, 313.959045, 377.966888, 72.435837,313.941040, 465.243805, 0.999943
5, 112,0,404.357056, 404.264648, 378.050323, 94.480957,254.927704, 482.324493, 1.000229
5, 112,1,370.592072, 370.568970, 378.050323, 94.480957,254.927704, 482.324493, 1.000062
5, 112,2,254.927704, 254.919220, 378.050323, 94.480957,254.927704, 482.324493, 1.000033
5, 112,3,482.324493, 482.247040, 378.050323, 94.480957,254.927704, 482.324493, 1.000161
5, 113,0,429.247772, 429.151703, 378.063354, 140.093063,214.460236, 541.914246, 1.000224
5, 113,1,326.631195, 326.577271, 378.063354, 140.093063,214.460236, 541.914246, 1.000165
5, 113,2,214.460236, 214.426056, 378.063354, 140.093063,214.460236, 541.914246, 1.000159
5, 113,3,541.914246, 541.845032, 378.063354, 140.093063,214.460236, 541.914246, 1.000128
5, 114,0,307.559265, 307.557831, 378.011139, 48.168812,307.559265, 409.928436, 1.000005
5, 114,1,386.414093, 386.390167, 378.011139, 48.168812,307.559265, 409.928436, 1.000062
5, 114,2,408.142731, 408.126770, 378.011139, 48.168812,307.559265, 409.928436, 1.000039
5, 114,3,409.928436, 409.925201, 378.011139, 48.168812,307.559265, 409.928436, 1.000008
5, 115,0,395.519501, 395.560974, 377.975586, 246.621613,79.774887, 682.394043, 0.999895
5, 115,1,79.774887, 79.748604, 377.975586, 246.621613,79.774887, 682.394043, 1.000330
5, 115,2,354.213928, 354.236694, 377.975586, 246.621613,79.774887, 682.394043, 0.999936
5, 115,3,682.394043, 682.453735, 377.975586, 246.621613,79.774887, 682.394043, 0.999913
5, 116,0,65.266464, 65.208336, 378.040558, 227.727539,65.266464, 573.398254, 1.000891
5, 116,1,357.080933, 357.046692, 378.040558, 227.727539,65.266464, 573.398254, 1.000096
5, 116,2,573.398254, 573.370483, 378.040558, 227.727539,65.266464, 573.398254, 1.000048
5, 116,3,516.416565, 516.374390, 378.040558, 227.727539,65.266464, 573.398254, 1.000082
5, 117,0,881.614197, 881.713440, 377.958710, 363.603699,13.055995, 881.614197, 0.999887
5, 117,1,13.055995, 13.060177, 377.958710, 363.603699,13.055995, 881.614197, 0.999680
5, 117,2,317.909119, 317.957672, 377.958710, 363.603699,13.055995, 881.614197, 0.999847
5, 117,3,299.255524, 299.268738, 377.958710, 363.603699,13.055995, 881.614197, 0.999956
5, 118,0,31.285957, 31.299036, 378.038391, 582.322937,18.428425, 1240.272339, 0.999582
5, 118,1,1240.272339, 1240.170776, 378.038391, 582.322937,18.428425, 1240.272339, 1.000082
5, 118,2,222.166702, 222.054764, 378.038391, 582.322937,18.428425, 1240.272339, 1.000504
5, 118,3,18.428425, 18.475586, 378.038391, 582.322937,18.428425, 1240.272339, 0.997447
5, 119,0,414.727356, 414.762848, 377.945099, 41.418385,323.980042, 414.727356, 0.999914
5, 119,1,323.980042, 324.026672, 377.945099, 41.418385,323.980042, 414.727356, 0.999856
5, 119,2,367.383728, 367.461853, 377.945099, 41.418385,323.980042, 414.727356, 0.999787
5, 119,3,405.689331, 405.748718, 377.945099, 41.418385,323.980042, 414.727356, 0.999854
5, 120,0,535.857117, 535.744629, 378.045410, 281.685455,68.552299, 683.936035, 1.000210
5, 120,1,223.836182, 223.812698, 378.045410, 281.685455,68.552299, 683.936035, 1.000105
5, 120,2,683.936035, 683.877502, 378.045410, 281.685455,68.552299, 683.936035, 1.000086
5, 120,3,68.552299, 68.565262, 378.045410, 281.685455,68.552299, 683.936035, 0.999811
5, 121,0,470.965820, 471.013336, 377.969055, 279.416595,63.441853, 714.684814, 0.999899
5, 121,1,63.441853, 63.440414, 377.969055, 279.416595,63.441853, 714.684814, 1.000023
5, 121,2,262.783752, 262.796204, 377.969055, 279.416595,63.441853, 714.684814, 0.999953
5, 121,3,714.684814, 714.750122, 377.969055, 279.416595,63.441853, 714.684814, 0.999909
5, 122,0,269.648499, 269.689667, 377.959106, 350.597961,41.514011, 869.526917, 0.999847
5, 122,1,331.146973, 331.220612, 377.959106, 350.597961,41.514011, 869.526917, 0.999778
5, 122,2,869.526917, 869.575195, 377.959106, 350.597961,41.514011, 869.526917, 0.999945
5, 122,3,41.514011, 41.514519, 377.959106, 350.597961,41.514011, 869.526917, 0.999988
5, 123,0,665.083313, 665.025085, 378.034943, 296.666412,74.921501, 665.083313, 1.000087
5, 123,1,74.921501, 74.897850, 378.034943, 296.666412,74.921501, 665.083313, 1.000316
5, 123,2,597.762207, 597.726074, 378.034943, 296.666412,74.921501, 665.083313, 1.000060
5, 123,3,174.372711, 174.351120, 378.034943, 296.666412,74.921501, 665.083313, 1.000124
5, 124,0,401.833191, 401.832092, 377.990234, 254.931580,35.817226, 652.594604, 1.000003
5, 124,1,35.817226, 35.805580, 377.990234, 254.931580,35.817226, 652.594604, 1.000325
5, 124,2,421.715851, 421.727234, 377.990234, 254.931580,35.817226, 652.594604, 0.999973
5, 124,3,652.594604, 652.635132, 377.990234, 254.931580,35.817226, 652.594604, 0.999938
5, 125,0,257.167145, 257.144196, 378.025879, 99.715645,257.167145, 497.239685, 1.000089
5, 125,1,497.239685, 497.212341, 378.025879, 99.715645,257.167145, 497.239685, 1.000055
5, 125,2,356.381622, 356.330566, 378.025879, 99.715645,257.167145, 497.239685, 1.000143
5, 125,3,401.315125, 401.312927, 378.025879, 99.715645,257.167145, 497.239685, 1.000005
5, 126,0,70.485275, 70.463440, 378.043152, 231.714935,70.485275, 566.020996, 1.000310
5, 126,1,566.020996, 565.920227, 378.043152, 231.714935,70.485275, 566.020996, 1.000178
5, 126,2,547.373596, 547.320190, 378.043152, 231.714935,70.485275, 566.020996, 1.000098
5, 126,3,328.292725, 328.296173, 378.043152, 231.714935,70.485275, 566.020996, 0.999990
5, 127,0,654.067505, 653.996094, 378.036530, 267.097992,140.620483, 654.067505, 1.000109
5, 127,1,157.832382, 157.832123, 378.036530, 267.097992,140.620483, 654.067505, 1.000002
5, 127,2,559.625793, 559.551208, 378.036530, 267.097992,140.620483, 654.067505, 1.000133
5, 127,3,140.620483, 140.620514, 378.036530, 267.097992,140.620483, 654.067505, 1.000000
5, 128,0,429.016235, 429.087616, 377.949982, 61.412109,295.971069, 429.016235, 0.999834
5, 128,1,420.867554, 420.917450, 377.949982, 61.412109,295.971069, 429.016235, 0.999881
5, 128,2,295.971069, 295.987152, 377.949982, 61.412109,295.971069, 429.016235, 0.999946
5, 128,3,365.945038, 366.007690, 377.949982, 61.412109,295.971069, 429.016235, 0.999829
5, 129,0,699.437866, 699.352295, 378.043304, 218.925674,236.965714, 699.437866, 1.000122
5, 129,1,236.965714, 236.937729, 378.043304, 218.925674,236.965714, 699.437866, 1.000118
5, 129,2,334.419220, 334.350708, 378.043304, 218.925674,236.965714, 699.437866, 1.000205
5, 129,3,241.350418, 241.359299, 378.043304, 218.925674,236.965714, 699.437866, 0.999963
5, 130,0,412.411346, 412.376465, 378.044373, 175.787033,126.308922, 534.304321, 1.000085
5, 130,1,126.308922, 126.307518, 378.044373, 175.787033,126.308922, 534.304321, 1.000011
5, 130,2,534.304321, 534.245300, 378.044373, 175.787033,126.308922, 534.304321, 1.000111
5, 130,3,439.152832, 439.070679, 378.044373, 175.787033,126.308922, 534.304321, 1.000187
5, 131,0,442.538025, 442.483215, 378.037689, 45.477608,337.601532, 442.538025, 1.000124
5, 131,1,337.601532, 337.566864, 378.037689, 45.477608,337.601532, 442.538025, 1.000103
5, 131,2,373.742584, 373.703644, 378.037689, 45.477608,337.601532, 442.538025, 1.000104
5, 131,3,358.268646, 358.246307, 378.037689, 45.477608,337.601532, 442.538025, 1.000062
5, 132,0,198.412079, 198.401047, 378.028015, 170.938522,198.412079, 610.032471, 1.000056
5, 132,1,361.826416, 361.803741, 378.028015, 170.938522,198.412079, 610.032471, 1.000063
5, 132,2,341.841064, 341.792206, 378.028015, 170.938522,198.412079, 610.032471, 1.000143
5, 132,3,610.032471, 610.003052, 378.028015, 170.938522,198.412079, 610.032471, 1.000048
5, 133,0,287.172211, 287.147949, 378.036682, 198.524490,159.088333, 616.755981, 1.000085
5, 133,1,159.088333, 159.072296, 378.036682, 198.524490,159.088333, 616.755981, 1.000101
5, 133,2,449.130157, 449.091064, 378.036682, 198.524490,159.088333, 616.755981, 1.000087
5, 133,3,616.755981, 616.688660, 378.036682, 198.524490,159.088333, 616.755981, 1.000109
5, 134,0,246.563614, 246.598404, 377.962097, 190.653168,246.563614, 661.216980, 0.999859
5, 134,1,661.216980, 661.325134, 377.962097, 190.653168,246.563614, 661.216980, 0.999836
5, 134,2,304.932251, 304.947662, 377.962097, 190.653168,246.563614, 661.216980, 0.999949
5, 134,3,299.135498, 299.128845, 377.962097, 190.653168,246.563614, 661.216980, 1.000022
5, 135,0,733.194153, 733.237793, 377.988892, 293.153595,40.709133, 733.194153, 0.999940
5, 135,1,274.877411, 274.885681, 377.988892, 293.153595,40.709133, 733.194153, 0.999970
5, 135,2,463.174896, 463.163086, 377.988892, 293.153595,40.709133, 733.194153, 1.000026
5, 135,3,40.709133, 40.713417, 377.988892, 293.153595,40.709133, 733.194153, 0.999895
5, 136,0,164.097046, 164.048004, 378.019836, 264.354828,141.919083, 661.697083, 1.000299
5, 136,1,661.697083, 661.648987, 378.019836, 264.354828,141.919083, 661.697083, 1.000073
5, 136,2,544.366150, 544.364441, 378.019836, 264.354828,141.919083, 661.697083, 1.000003
5, 136,3,141.919083, 141.938675, 378.019836, 264.354828,141.919083, 661.697083, 0.999862
5, 137,0,413.762848, 413.713165, 378.044312, 38.708065,326.078308, 413.762848, 1.000120
5, 137,1,400.072601, 400.016113, 378.044312, 38.708065,326.078308, 413.762848, 1.000141
5, 137,2,372.263489, 372.222107, 378.044312, 38.708065,326.078308, 413.762848, 1.000111
5, 137,3,326.078308, 326.048676, 378.044312, 38.708065,326.078308, 413.762848, 1.000091
5, 138,0,815.255066, 815.417908, 377.948792, 338.969757,25.660175, 815.255066, 0.999800
5, 138,1,221.986435, 222.002869, 377.948792, 338.969757,25.660175, 815.255066, 0.999926
5, 138,2,448.893616, 448.920380, 377.948792, 338.969757,25.660175, 815.255066, 0.999940
5, 138,3,25.660175, 25.658989, 377.948792, 338.969757,25.660175, 815.255066, 1.000046
5, 139,0,594.993469, 594.827820, 378.057068, 383.069153,24.653746, 806.123108, 1.000278
5, 139,1,24.653746, 24.675144, 378.057068, 383.069153,24.653746, 806.123108, 0.999133
5, 139,2,86.457893, 86.461136, 378.057068, 383.069153,24.653746, 806.123108, 0.999963
5, 139,3,806.123108, 806.035889, 378.057068, 383.069153,24.653746, 806.123108, 1.000108
5, 140,0,514.273193, 514.206116, 378.059753, 137.132645,188.458160, 514.273193, 1.000130
5, 140,1,188.458160, 188.387222, 378.059753, 137.132645,188.458160, 514.273193, 1.000377
5, 140,2,389.132141, 389.051056, 378.059753, 137.132645,188.458160, 514.273193, 1.000208
5, 140,3,420.375549, 420.355682, 378.059753, 137.132645,188.458160, 514.273193, 1.000047
5, 141,0,241.810349, 241.736603, 378.008728, 254.392502,89.639130, 624.282288, 1.000305
5, 141,1,556.303223, 556.342590, 378.008728, 254.392502,89.639130, 624.282288, 0.999929
5, 141,2,89.639130, 89.661240, 378.008728, 254.392502,89.639130, 624.282288, 0.999753
5, 141,3,624.282288, 624.259460, 378.008728, 254.392502,89.639130, 624.282288, 1.000037
5, 142,0,288.764008, 288.684540, 378.027344, 190.965042,158.085342, 583.896667, 1.000275
5, 142,1,158.085342, 158.137604, 378.027344, 190.965042,158.085342, 583.896667, 0.999669
5, 142,2,583.896667, 583.861694, 378.027344, 190.965042,158.085342, 583.896667, 1.000060
5, 142,3,481.363312, 481.316223, 378.027344, 190.965042,158.085342, 583.896667, 1.000098
5, 143,0,788.209290, 788.161194, 378.061218, 331.563110,41.076427, 788.209290, 1.000061
5, 143,1,41.076427, 41.019798, 378.061218, 331.563110,41.076427, 788.209290, 1.001381
5, 143,2,492.054565, 491.937622, 378.061218, 331.563110,41.076427, 788.209290, 1.000238
5, 143,3,190.904541, 190.881363, 378.061218, 331.563110,41.076427, 788.209290, 1.000121
5, 144,0,498.832031, 498.712463, 378.052460, 336.517700,58.304169, 796.214966, 1.000240
5, 144,1,796.214966, 796.141418, 378.052460, 336.517700,58.304169, 796.214966, 1.000092
5, 144,2,58.304169, 58.333836, 378.052460, 336.517700,58.304169, 796.214966, 0.999491
5, 144,3,158.858643, 158.812210, 378.052460, 336.517700,58.304169, 796.214966, 1.000292
5, 145,0,479.105347, 478.999084, 378.060638, 136.058167,219.811783, 503.219910, 1.000222
5, 145,1,219.811783, 219.785873, 378.060638, 136.058167,219.811783, 503.219910, 1.000118
5, 145,2,310.105530, 310.062408, 378.060638, 136.058167,219.811783, 503.219910, 1.000139
5, 145,3,503.219910, 503.152618, 378.060638, 136.058167,219.811783, 503.219910, 1.000134
5, 146,0,115.277901, 115.233910, 378.049927, 345.281464,115.277901, 861.914917, 1.000382
5, 146,1,390.064301, 390.076569, 378.049927, 345.281464,115.277901, 861.914917, 0.999969
5, 146,2,144.942566, 144.855057, 378.049927, 345.281464,115.277901, 861.914917, 1.000604
5, 146,3,861.914917, 861.834473, 378.049927, 345.281464,115.277901, 861.914917, 1.000093
5, 147,0,501.365906, 501.308777, 378.033295, 267.963043,18.153238, 642.441589, 1.000114
5, 147,1,350.172455, 350.136841, 378.033295, 267.963043,18.153238, 642.441589, 1.000102
5, 147,2,642.441589, 642.362671, 378.033295, 267.963043,18.153238, 642.441589, 1.000123
5, 147,3,18.153238, 18.191799, 378.033295, 267.963043,18.153238, 642.441589, 0.997880
5, 148,0,13.591883, 13.647850, 377.996429, 289.156006,13.591883, 703.858337, 0.995899
5, 148,1,703.858337, 703.830444, 377.996429, 289.156006,13.591883, 703.858337, 1.000040
5, 148,2,471.813660, 471.799408, 377.996429, 289.156006,13.591883, 703.858337, 1.000030
5, 148,3,322.721832, 322.722351, 377.996429, 289.156006,13.591883, 703.858337, 0.999998
5, 149,0,304.481384, 304.517700, 377.953827, 272.961731,127.305954, 766.701843, 0.999881
5, 149,1,127.305954, 127.282738, 377.953827, 272.961731,127.305954, 766.701843, 1.000182
5, 149,2,766.701843, 766.826843, 377.953827, 272.961731,127.305954, 766.701843, 0.999837
5, 149,3,313.326019, 313.372742, 377.953827, 272.961731,127.305954, 766.701843, 0.999851
5, 150,0,191.792450, 191.819336, 377.954163, 211.398407,191.792450, 566.429443, 0.999860
5, 150,1,555.523499, 555.521545, 377.954163, 211.398407,191.792450, 566.429443, 1.000003
5, 150,2,566.429443, 566.551819, 377.954163, 211.398407,191.792450, 566.429443, 0.999784
5, 150,3,198.071228, 198.107239, 377.954163, 211.398407,191.792450, 566.429443, 0.999818
5, 151,0,700.584229, 700.647278, 377.981171, 314.285065,94.233086, 700.584229, 0.999910
5, 151,1,94.233086, 94.229538, 377.981171, 314.285065,94.233086, 700.584229, 1.000038
5, 151,2,594.121948, 594.155701, 377.981171, 314.285065,94.233086, 700.584229, 0.999943
5, 151,3,122.985504, 122.967438, 377.981171, 314.285065,94.233086, 700.584229, 1.000147
5, 152,0,449.112640, 449.172791, 377.947876, 211.588852,192.106537, 645.206055, 0.999866
5, 152,1,645.206055, 645.278992, 377.947876, 211.588852,192.106537, 645.206055, 0.999887
5, 152,2,225.366241, 225.410919, 377.947876, 211.588852,192.106537, 645.206055, 0.999802
5, 152,3,192.106537, 192.137299, 377.947876, 211.588852,192.106537, 645.206055, 0.999840
5, 153,0,485.590698, 485.666107, 377.952423, 184.354813,104.295753, 490.159729, 0.999845
5, 153,1,431.763550, 431.857147, 377.952423, 184.354813,104.295753, 490.159729, 0.999783
5, 153,2,490.159729, 490.166290, 377.952423, 184.354813,104.295753, 490.159729, 0.999987
5, 153,3,104.295753, 104.310341, 377.952423, 184.354813,104.295753, 490.159729, 0.999860
5, 154,0,566.576782, 566.531128, 378.024353, 228.035904,83.785393, 566.576782, 1.000081
5, 154,1,83.785393, 83.794418, 378.024353, 228.035904,83.785393, 566.576782, 0.999892
5, 154,2,311.939667, 311.909058, 378.024353, 228.035904,83.785393, 566.576782, 1.000098
5, 154,3,549.795532, 549.765381, 378.024353, 228.035904,83.785393, 566.576782, 1.000055
5, 155,0,267.177704, 267.111420, 378.014343, 281.422485,59.923656, 719.245667, 1.000248
5, 155,1,59.923656, 59.957699, 378.014343, 281.422485,59.923656, 719.245667, 0.999432
5, 155,2,465.710297, 465.684296, 378.014343, 281.422485,59.923656, 719.245667, 1.000056
5, 155,3,719.245667, 719.246582, 378.014343, 281.422485,59.923656, 719.245667, 0.999999
5, 156,0,75.766830, 75.733803, 377.973999, 313.081024,75.766830, 817.354797, 1.000436
5, 156,1,297.849884, 297.912048, 377.973999, 313.081024,75.766830, 817.354797, 0.999791
5, 156,2,817.354797, 817.349792, 377.973999, 313.081024,75.766830, 817.354797, 1.000006
5, 156,3,320.924591, 321.004333, 377.973999, 313.081024,75.766830, 817.354797, 0.999752
5, 157,0,634.855286, 634.860046, 377.999634, 286.849945,84.279503, 634.855286, 0.999992
5, 157,1,179.726059, 179.722488, 377.999634, 286.849945,84.279503, 634.855286, 1.000020
5, 157,2,84.279503, 84.274170, 377.999634, 286.849945,84.279503, 634.855286, 1.000063
5, 157,3,613.137695, 613.143433, 377.999634, 286.849945,84.279503, 634.855286, 0.999991
5, 158,0,277.546661, 277.558197, 377.958984, 175.887894,186.714066, 566.334229, 0.999958
5, 158,1,481.240997, 481.307098, 377.958984, 175.887894,186.714066, 566.334229, 0.999863
5, 158,2,566.334229, 566.386169, 377.958984, 175.887894,186.714066, 566.334229, 0.999908
5, 158,3,186.714066, 186.748444, 377.958984, 175.887894,186.714066, 566.334229, 0.999816
5, 159,0,411.650452, 411.681458, 377.969238, 131.708008,183.235428, 461.353302, 0.999925
5, 159,1,183.235428, 183.249878, 377.969238, 131.708008,183.235428, 461.353302, 0.999921
5, 159,2,461.353302, 461.401001, 377.969238, 131.708008,183.235428, 461.353302, 0.999897
5, 159,3,455.637848, 455.667633, 377.969238, 131.708008,183.235428, 461.353302, 0.999935
5, 160,0,106.999359, 106.957596, 377.943176, 301.302002,106.999359, 802.448303, 1.000390
5, 160,1,360.081940, 360.153625, 377.943176, 301.302002,106.999359, 802.448303, 0.999801
5, 160,2,802.448303, 802.615356, 377.943176, 301.302002,106.999359, 802.448303, 0.999792
5, 160,3,242.243103, 242.273376, 377.943176, 301.302002,106.999359, 802.448303, 0.999875
5, 161,0,181.435257, 181.397766, 377.988281, 222.201904,181.435257, 635.339966, 1.000207
5, 161,1,635.339966, 635.405579, 377.988281, 222.201904,181.435257, 635.339966, 0.999897
5, 161,2,491.480988, 491.556488, 377.988281, 222.201904,181.435257, 635.339966, 0.999846
5, 161,3,203.696915, 203.640244, 377.988281, 222.201904,181.435257, 635.339966, 1.000278
5, 162,0,434.262177, 434.201904, 378.040833, 263.012024,20.725109, 653.811157, 1.000139
5, 162,1,653.811157, 653.774841, 378.040833, 263.012024,20.725109, 653.811157, 1.000056
5, 162,2,20.725109, 20.722546, 378.040833, 263.012024,20.725109, 653.811157, 1.000124
5, 162,3,403.364868, 403.300720, 378.040833, 263.012024,20.725109, 653.811157, 1.000159
5, 163,0,357.545135, 357.497375, 378.061249, 159.626617,217.462585, 598.672180, 1.000134
5, 163,1,338.565125, 338.503571, 378.061249, 159.626617,217.462585, 598.672180, 1.000182
5, 163,2,217.462585, 217.404953, 378.061249, 159.626617,217.462585, 598.672180, 1.000265
5, 163,3,598.672180, 598.594116, 378.061249, 159.626617,217.462585, 598.672180, 1.000130
5, 164,0,296.072021, 296.049255, 378.031799, 98.029221,296.072021, 520.408325, 1.000077
5, 164,1,520.408325, 520.359375, 378.031799, 98.029221,296.072021, 520.408325, 1.000094
5, 164,2,345.030334, 345.021545, 378.031799, 98.029221,296.072021, 520.408325, 1.000026
5, 164,3,350.616425, 350.569855, 378.031799, 98.029221,296.072021, 520.408325, 1.000133
5, 165,0,284.836731, 284.813995, 378.041901, 251.911072,85.004723, 674.187317, 1.000080
5, 165,1,468.138855, 468.102661, 378.041901, 251.911072,85.004723, 674.187317, 1.000077
5, 165,2,85.004723, 85.016151, 378.041901, 251.911072,85.004723, 674.187317, 0.999866
5, 165,3,674.187317, 674.067139, 378.041901, 251.911072,85.004723, 674.187317, 1.000178
5, 166,0,334.773193, 334.749481, 378.017029, 65.534149,320.167480, 464.324310, 1.000071
5, 166,1,320.167480, 320.161072, 378.017029, 65.534149,320.167480, 464.324310, 1.000020
5, 166,2,464.324310, 464.300262, 378.017029, 65.534149,320.167480, 464.324310, 1.000052
5, 166,3,392.803131, 392.789093, 378.017029, 65.534149,320.167480, 464.324310, 1.000036
5, 167,0,162.763748, 162.760910, 377.954559, 177.832413,162.763748, 586.491150, 1.000017
5, 167,1,586.491150, 586.546631, 377.954559, 177.832413,162.763748, 586.491150, 0.999905
5, 167,2,331.000610, 331.054565, 377.954559, 177.832413,162.763748, 586.491150, 0.999837
5, 167,3,431.562775, 431.637909, 377.954559, 177.832413,162.763748, 586.491150, 0.999826
5, 168,0,360.761292, 360.821411, 377.966370, 46.284401,338.553925, 444.840729, 0.999833
5, 168,1,367.709534, 367.721161, 377.966370, 46.284401,338.553925, 444.840729, 0.999968
5, 168,2,444.840729, 444.901917, 377.966370, 46.284401,338.553925, 444.840729, 0.999862
5, 168,3,338.553925, 338.555511, 377.966370, 46.284401,338.553925, 444.840729, 0.999995
5, 169,0,603.987793, 603.992310, 377.988586, 309.207001,48.427280, 676.526672, 0.999993
5, 169,1,676.526672, 676.543945, 377.988586, 309.207001,48.427280, 676.526672, 0.999974
5, 169,2,183.012711, 183.041809, 377.988586, 309.207001,48.427280, 676.526672, 0.999841
5, 169,3,48.427280, 48.421944, 377.988586, 309.207001,48.427280, 676.526672, 1.000110
5, 170,0,296.974548, 296.985413, 377.981506, 61.350853,296.974548, 445.480103, 0.999963
5, 170,1,391.152679, 391.169403, 377.981506, 61.350853,296.974548, 445.480103, 0.999957
5, 170,2,378.318726, 378.335419, 377.981506, 61.350853,296.974548, 445.480103, 0.999956
5, 170,3,445.480103, 445.509674, 377.981506, 61.350853,296.974548, 445.480103, 0.999934
5, 171,0,26.224909, 26.222839, 377.963318, 253.361771,26.224909, 569.363159, 1.000079
5, 171,1,556.541260, 556.581909, 377.963318, 253.361771,26.224909, 569.363159, 0.999927
5, 171,2,359.723938, 359.797699, 377.963318, 253.361771,26.224909, 569.363159, 0.999795
5, 171,3,569.363159, 569.397583, 377.963318, 253.361771,26.224909, 569.363159, 0.999940
5, 172,0,223.833725, 223.712448, 378.047791, 389.050720,109.431389, 956.036255, 1.000542
5, 172,1,222.889832, 222.936661, 378.047791, 389.050720,109.431389, 956.036255, 0.999790
5, 172,2,956.036255, 955.988647, 378.047791, 389.050720,109.431389, 956.036255, 1.000050
5, 172,3,109.431389, 109.362167, 378.047791, 389.050720,109.431389, 956.036255, 1.000633
5, 173,0,683.733948, 683.645447, 378.064331, 207.628159,233.330307, 683.733948, 1.000129
5, 173,1,233.330307, 233.289108, 378.064331, 207.628159,233.330307, 683.733948, 1.000177
5, 173,2,266.002533, 265.958588, 378.064331, 207.628159,233.330307, 683.733948, 1.000165
5, 173,3,329.190521, 329.106903, 378.064331, 207.628159,233.330307, 683.733948, 1.000254
5, 174,0,74.482033, 74.468010, 377.989685, 228.439636,74.482033, 627.858093, 1.000188
5, 174,1,627.858093, 627.847717, 377.989685, 228.439636,74.482033, 627.858093, 1.000017
5, 174,2,388.012054, 388.052460, 377.989685, 228.439636,74.482033, 627.858093, 0.999896
5, 174,3,421.606506, 421.631989, 377.989685, 228.439636,74.482033, 627.858093, 0.999940
5, 175,0,293.132507, 293.174896, 377.962952, 114.897743,269.107391, 504.819427, 0.999855
5, 175,1,444.792389, 444.849335, 377.962952, 114.897743,269.107391, 504.819427, 0.999872
5, 175,2,504.819427, 504.857574, 377.962952, 114.897743,269.107391, 504.819427, 0.999924
5, 175,3,269.107391, 269.118164, 377.962952, 114.897743,269.107391, 504.819427, 0.999960
5, 176,0,447.857086, 447.888000, 377.962646, 134.355148,220.168762, 523.171021, 0.999931
5, 176,1,523.171021, 523.180176, 377.962646, 134.355148,220.168762, 523.171021, 0.999982
5, 176,2,320.653839, 320.754456, 377.962646, 134.355148,220.168762, 523.171021, 0.999686
5, 176,3,220.168762, 220.177429, 377.962646, 134.355148,220.168762, 523.171021, 0.999961
5, 177,0,131.908249, 131.886566, 377.958069, 190.206604,131.908249, 569.641479, 1.000164
5, 177,1,475.051056, 475.130310, 377.958069, 190.206604,131.908249, 569.641479, 0.999833
5, 177,2,335.231506, 335.243134, 377.958069, 190.206604,131.908249, 569.641479, 0.999965
5, 177,3,569.641479, 569.739929, 377.958069, 190.206604,131.908249, 569.641479, 0.999827
5, 178,0,401.175446, 401.159515, 378.025513, 397.311768,69.896492, 931.297241, 1.000040
5, 178,1,69.896492, 69.888176, 378.025513, 397.311768,69.896492, 931.297241, 1.000119
5, 178,2,931.297241, 931.212646, 378.025513, 397.311768,69.896492, 931.297241, 1.000091
5, 178,3,109.732948, 109.739647, 378.025513, 397.311768,69.896492, 931.297241, 0.999939
5, 179,0,399.865082, 399.892181, 378.003571, 17.888699,358.106140, 399.865082, 0.999932
5, 179,1,358.106140, 358.128021, 378.003571, 17.888699,358.106140, 399.865082, 0.999939
5, 179,2,383.512115, 383.463501, 378.003571, 17.888699,358.106140, 399.865082, 1.000127
5, 179,3,370.531006, 370.516235, 378.003571, 17.888699,358.106140, 399.865082, 1.000040
5, 180,0,455.662750, 455.663177, 377.984589, 134.226593,208.456696, 510.680817, 0.999999
5, 180,1,510.680817, 510.711365, 377.984589, 134.226593,208.456696, 510.680817, 0.999940
5, 180,2,337.138062, 337.172729, 377.984589, 134.226593,208.456696, 510.680817, 0.999897
5, 180,3,208.456696, 208.452805, 377.984589, 134.226593,208.456696, 510.680817, 1.000019
5, 181,0,688.856995, 688.990295, 377.951294, 277.491058,106.885269, 688.856995, 0.999807
5, 181,1,184.723770, 184.745483, 377.951294, 277.491058,106.885269, 688.856995, 0.999882
5, 181,2,106.885269, 106.898941, 377.951294, 277.491058,106.885269, 688.856995, 0.999872
5, 181,3,531.339233, 531.365234, 377.951294, 277.491058,106.885269, 688.856995, 0.999951
5, 182,0,556.701172, 556.721436, 377.992737, 167.812302,201.873810, 556.701172, 0.999964
5, 182,1,201.873810, 201.881027, 377.992737, 167.812302,201.873810, 556.701172, 0.999964
5, 182,2,480.440369, 480.446564, 377.992737, 167.812302,201.873810, 556.701172, 0.999987
5, 182,3,272.955597, 272.951050, 377.992737, 167.812302,201.873810, 556.701172, 1.000017
5, 183,0,187.056381, 187.077362, 377.954803, 296.517151,64.327469, 659.285217, 0.999888
5, 183,1,601.150146, 601.255554, 377.954803, 296.517151,64.327469, 659.285217, 0.999825
5, 183,2,64.327469, 64.281731, 377.954803, 296.517151,64.327469, 659.285217, 1.000712
5, 183,3,659.285217, 659.385437, 377.954803, 296.517151,64.327469, 659.285217, 0.999848
5, 184,0,258.221069, 258.194214, 378.039734, 129.381973,258.221069, 561.070007, 1.000104
5, 184,1,359.936401, 359.890747, 378.039734, 129.381973,258.221069, 561.070007, 1.000127
5, 184,2,332.931488, 332.911530, 378.039734, 129.381973,258.221069, 561.070007, 1.000060
5, 184,3,561.070007, 561.003540, 378.039734, 129.381973,258.221069, 561.070007, 1.000118
5, 185,0,402.078705, 402.062988, 378.006073, 130.115005,215.521927, 531.563110, 1.000039
5, 185,1,531.563110, 531.558472, 378.006073, 130.115005,215.521927, 531.563110, 1.000009
5, 185,2,362.860474, 362.858643, 378.006073, 130.115005,215.521927, 531.563110, 1.000005
5, 185,3,215.521927, 215.519897, 378.006073, 130.115005,215.521927, 531.563110, 1.000009
5, 186,0,316.826416, 316.784180, 377.999084, 152.266220,211.364609, 569.677368, 1.000133
5, 186,1,211.364609, 211.393204, 377.999084, 152.266220,211.364609, 569.677368, 0.999865
5, 186,2,414.127991, 414.127686, 377.999084, 152.266220,211.364609, 569.677368, 1.000001
5, 186,3,569.677368, 569.695007, 377.999084, 152.266220,211.364609, 569.677368, 0.999969
5, 187,0,244.974762, 244.978958, 377.998505, 117.735512,244.974762, 531.755981, 0.999983
5, 187,1,363.549194, 363.541748, 377.998505, 117.735512,244.974762, 531.755981, 1.000021
5, 187,2,371.714111, 371.711304, 377.998505, 117.735512,244.974762, 531.755981, 1.000008
5, 187,3,531.755981, 531.767944, 377.998505, 117.735512,244.974762, 531.755981, 0.999978
5, 188,0,108.764076, 108.768066, 378.035858, 191.717438,108.764076, 560.487793, 0.999963
5, 188,1,402.712219, 402.665833, 378.035858, 191.717438,108.764076, 560.487793, 1.000115
5, 188,2,440.179352, 440.122375, 378.035858, 191.717438,108.764076, 560.487793, 1.000129
5, 188,3,560.487793, 560.443665, 378.035858, 191.717438,108.764076, 560.487793, 1.000079
5, 189,0,491.350342, 491.214478, 378.046021, 232.413086,85.145836, 621.616211, 1.000277
5, 189,1,85.145836, 85.139519, 378.046021, 232.413086,85.145836, 621.616211, 1.000074
5, 189,2,314.071686, 314.056488, 378.046021, 232.413086,85.145836, 621.616211, 1.000048
5, 189,3,621.616211, 621.589600, 378.046021, 232.413086,85.145836, 621.616211, 1.000043
5, 190,0,148.977203, 148.981369, 377.978455, 200.260925,148.977203, 592.639954, 0.999972
5, 190,1,281.010559, 280.989075, 377.978455, 200.260925,148.977203, 592.639954, 1.000076
5, 190,2,489.286133, 489.349396, 377.978455, 200.260925,148.977203, 592.639954, 0.999871
5, 190,3,592.639954, 592.680176, 377.978455, 200.260925,148.977203, 592.639954, 0.999932
5, 191,0,369.725922, 369.712006, 377.977356, 166.577698,256.780151, 616.064087, 1.000038
5, 191,1,269.339264, 269.406799, 377.977356, 166.577698,256.780151, 616.064087, 0.999749
5, 191,2,616.064087, 616.124390, 377.977356, 166.577698,256.780151, 616.064087, 0.999902
5, 191,3,256.780151, 256.756744, 377.977356, 166.577698,256.780151, 616.064087, 1.000091
5, 192,0,316.448639, 316.492401, 377.953491, 250.903946,87.881966, 693.618530, 0.999862
5, 192,1,693.618530, 693.688477, 377.953491, 250.903946,87.881966, 693.618530, 0.999899
5, 192,2,87.881966, 87.882729, 377.953491, 250.903946,87.881966, 693.618530, 0.999991
5, 192,3,413.864807, 413.936371, 377.953491, 250.903946,87.881966, 693.618530, 0.999827
5, 193,0,386.204132, 386.134796, 378.054626, 29.540714,336.713409, 406.725372, 1.000180
5, 193,1,382.575592, 382.541199, 378.054626, 29.540714,336.713409, 406.725372, 1.000090
5, 193,2,336.713409, 336.650635, 378.054626, 29.540714,336.713409, 406.725372, 1.000186
5, 193,3,406.725372, 406.673462, 378.054626, 29.540714,336.713409, 406.725372, 1.000128
5, 194,0,50.709419, 50.720058, 377.946289, 219.390533,50.709419, 518.352661, 0.999790
5, 194,1,479.902161, 480.011780, 377.946289, 219.390533,50.709419, 518.352661, 0.999772
5, 194,2,462.820892, 462.831848, 377.946289, 219.390533,50.709419, 518.352661, 0.999976
5, 194,3,518.352661, 518.436157, 377.946289, 219.390533,50.709419, 518.352661, 0.999839
5, 195,0,309.142487, 309.101929, 378.043488, 149.011902,274.584442, 598.961243, 1.000131
5, 195,1,329.485748, 329.467712, 378.043488, 149.011902,274.584442, 598.961243, 1.000055
5, 195,2,598.961243, 598.909363, 378.043488, 149.011902,274.584442, 598.961243, 1.000087
5, 195,3,274.584442, 274.521057, 378.043488, 149.011902,274.584442, 598.961243, 1.000231
5, 196,0,241.573273, 241.572754, 378.050354, 122.907814,241.573273, 539.508667, 1.000002
5, 196,1,539.508667, 539.419556, 378.050354, 122.907814,241.573273, 539.508667, 1.000165
5, 196,2,378.053406, 378.014313, 378.050354, 122.907814,241.573273, 539.508667, 1.000103
5, 196,3,353.066101, 352.993317, 378.050354, 122.907814,241.573273, 539.508667, 1.000206
5, 197,0,166.620789, 166.583252, 378.025635, 295.511780,81.362816, 642.412476, 1.000225
5, 197,1,642.412476, 642.335938, 378.025635, 295.511780,81.362816, 642.412476, 1.000119
5, 197,2,81.362816, 81.341560, 378.025635, 295.511780,81.362816, 642.412476, 1.000261
5, 197,3,621.706543, 621.739197, 378.025635, 295.511780,81.362816, 642.412476, 0.999947
5, 198,0,273.104401, 273.141174, 377.970886, 169.989349,273.104401, 630.281860, 0.999865
5, 198,1,280.150879, 280.200775, 377.970886, 169.989349,273.104401, 630.281860, 0.999822
5, 198,2,630.281860, 630.291138, 377.970886, 169.989349,273.104401, 630.281860, 0.999985
5, 198,3,328.346497, 328.366882, 377.970886, 169.989349,273.104401, 630.281860, 0.999938
5, 199,0,729.542725, 729.596375, 377.967468, 285.443665,60.919403, 729.542725, 0.999926
5, 199,1,261.422546, 261.492218, 377.967468, 285.443665,60.919403, 729.542725, 0.999734
5, 199,2,459.985168, 460.018127, 377.967468, 285.443665,60.919403, 729.542725, 0.999928
5, 199,3,60.919403, 60.893299, 377.967468, 285.443665,60.919403, 729.542725, 1.000429
5, 200,0,406.298737, 406.288116, 377.999329, 83.383041,306.785278, 483.316833, 1.000026
5, 200,1,483.316833, 483.316498, 377.999329, 83.383041,306.785278, 483.316833, 1.000001
5, 200,2,315.596436, 315.611511, 377.999329, 83.383041,306.785278, 483.316833, 0.999952
5, 200,3,306.785278, 306.783875, 377.999329, 83.383041,306.785278, 483.316833, 1.000005
5, 201,0,440.643890, 440.659485, 378.006042, 80.809128,285.216736, 450.538025, 0.999965
5, 201,1,450.538025, 450.543915, 378.006042, 80.809128,285.216736, 450.538025, 0.999987
5, 201,2,335.625580, 335.599304, 378.006042, 80.809128,285.216736, 450.538025, 1.000078
5, 201,3,285.216736, 285.197449, 378.006042, 80.809128,285.216736, 450.538025, 1.000068
5, 202,0,487.864166, 487.896942, 377.973816, 102.837646,243.665512, 487.864166, 0.999933
5, 202,1,415.814972, 415.824738, 377.973816, 102.837646,243.665512, 487.864166, 0.999977
5, 202,2,364.550568, 364.594147, 377.973816, 102.837646,243.665512, 487.864166, 0.999880
5, 202,3,243.665512, 243.684235, 377.973816, 102.837646,243.665512, 487.864166, 0.999923
5, 203,0,333.306641, 333.325378, 377.967010, 177.081131,146.629166, 531.359497, 0.999944
5, 203,1,500.572784, 500.620972, 377.967010, 177.081131,146.629166, 531.359497, 0.999904
5, 203,2,531.359497, 531.447571, 377.967010, 177.081131,146.629166, 531.359497, 0.999834
5, 203,3,146.629166, 146.606064, 377.967010, 177.081131,146.629166, 531.359497, 1.000158
5, 204,0,119.070251, 119.075249, 377.999329, 188.551422,119.070251, 570.960022, 0.999958
5, 204,1,400.961182, 400.935547, 377.999329, 188.551422,119.070251, 570.960022, 1.000064
5, 204,2,421.005829, 421.059753, 377.999329, 188.551422,119.070251, 570.960022, 0.999872
5, 204,3,570.960022, 570.929504, 377.999329, 188.551422,119.070251, 570.960022, 1.000053
5, 205,0,36.597515, 36.560741, 378.070923, 287.544312,36.597515, 740.060669, 1.001006
5, 205,1,377.662598, 377.608032, 378.070923, 287.544312,36.597515, 740.060669, 1.000144
5, 205,2,357.962860, 357.871948, 378.070923, 287.544312,36.597515, 740.060669, 1.000254
5, 205,3,740.060669, 739.959290, 378.070923, 287.544312,36.597515, 740.060669, 1.000137
5, 206,0,490.977631, 490.984619, 377.997986, 206.164749,85.374062, 548.388428, 0.999986
5, 206,1,387.251923, 387.259705, 377.997986, 206.164749,85.374062, 548.388428, 0.999980
5, 206,2,548.388428, 548.375854, 377.997986, 206.164749,85.374062, 548.388428, 1.000023
5, 206,3,85.374062, 85.379829, 377.997986, 206.164749,85.374062, 548.388428, 0.999932
5, 207,0,515.137207, 515.199158, 377.958252, 235.859680,121.574394, 631.511353, 0.999880
5, 207,1,121.574394, 121.592331, 377.958252, 235.859680,121.574394, 631.511353, 0.999852
5, 207,2,631.511353, 631.604370, 377.958252, 235.859680,121.574394, 631.511353, 0.999853
5, 207,3,243.610077, 243.604065, 377.958252, 235.859680,121.574394, 631.511353, 1.000025
5, 208,0,122.971420, 122.948914, 378.015228, 204.233215,122.971420, 585.066772, 1.000183
5, 208,1,312.389038, 312.400757, 378.015228, 204.233215,122.971420, 585.066772, 0.999963
5, 208,2,491.633636, 491.621552, 378.015228, 204.233215,122.971420, 585.066772, 1.000025
5, 208,3,585.066772, 585.028809, 378.015228, 204.233215,122.971420, 585.066772, 1.000065
5, 209,0,530.146973, 530.097900, 378.058167, 129.441895,221.833389, 530.146973, 1.000093
5, 209,1,417.003479, 416.922607, 378.058167, 129.441895,221.833389, 530.146973, 1.000194
5, 209,2,343.248871, 343.197296, 378.058167, 129.441895,221.833389, 530.146973, 1.000150
5, 209,3,221.833389, 221.782211, 378.058167, 129.441895,221.833389, 530.146973, 1.000231
5, 210,0,345.568573, 345.621277, 377.937225, 356.886841,65.020660, 884.891968, 0.999848
5, 210,1,884.891968, 885.047791, 377.937225, 356.886841,65.020660, 884.891968, 0.999824
5, 210,2,65.020660, 65.060295, 377.937225, 356.886841,65.020660, 884.891968, 0.999391
5, 210,3,216.267670, 216.270660, 377.937225, 356.886841,65.020660, 884.891968, 0.999986
5, 211,0,205.665619, 205.631073, 377.952698, 273.659271,112.617691, 716.818176, 1.000168
5, 211,1,112.617691, 112.649094, 377.952698, 273.659271,112.617691, 716.818176, 0.999721
5, 211,2,476.709320, 476.798920, 377.952698, 273.659271,112.617691, 716.818176, 0.999812
5, 211,3,716.818176, 716.920898, 377.952698, 273.659271,112.617691, 716.818176, 0.999857
5, 212,0,426.998383, 427.050568, 377.974457, 264.745972,119.189209, 726.677002, 0.999878
5, 212,1,239.033203, 239.054123, 377.974457, 264.745972,119.189209, 726.677002, 0.999913
5, 212,2,726.677002, 726.720459, 377.974457, 264.745972,119.189209, 726.677002, 0.999940
5, 212,3,119.189209, 119.174805, 377.974457, 264.745972,119.189209, 726.677002, 1.000121
5, 213,0,517.083435, 517.061279, 378.000793, 189.109253,100.123840, 517.083435, 1.000043
5, 213,1,423.994537, 423.988464, 378.000793, 189.109253,100.123840, 517.083435, 1.000014
5, 213,2,470.801239, 470.806061, 378.000793, 189.109253,100.123840, 517.083435, 0.999990
5, 213,3,100.123840, 100.144218, 378.000793, 189.109253,100.123840, 517.083435, 0.999797
5, 214,0,593.480408, 593.529175, 377.974060, 195.158371,150.917709, 593.480408, 0.999918
5, 214,1,473.738220, 473.772308, 377.974060, 195.158371,150.917709, 593.480408, 0.999928
5, 214,2,150.917709, 150.914948, 377.974060, 195.158371,150.917709, 593.480408, 1.000018
5, 214,3,293.759888, 293.783569, 377.974060, 195.158371,150.917709, 593.480408, 0.999919
5, 215,0,343.872986, 343.787354, 378.043335, 64.820511,310.395996, 457.916809, 1.000249
5, 215,1,457.916809, 457.882446, 378.043335, 64.820511,310.395996, 457.916809, 1.000075
5, 215,2,310.395996, 310.378571, 378.043335, 64.820511,310.395996, 457.916809, 1.000056
5, 215,3,399.987549, 399.951538, 378.043335, 64.820511,310.395996, 457.916809, 1.000090
5, 216,0,190.040726, 190.037659, 377.982819, 158.644958,190.040726, 528.254944, 1.000016
5, 216,1,304.917847, 304.909393, 377.982819, 158.644958,190.040726, 528.254944, 1.000028
5, 216,2,528.254944, 528.309875, 377.982819, 158.644958,190.040726, 528.254944, 0.999896
5, 216,3,488.717804, 488.743134, 377.982819, 158.644958,190.040726, 528.254944, 0.999948
5, 217,0,630.088440, 630.110046, 378.042297, 208.024567,121.630478, 630.088440, 0.999966
5, 217,1,121.630478, 121.630051, 378.042297, 208.024567,121.630478, 630.088440, 1.000003
5, 217,2,396.639404, 396.541107, 378.042297, 208.024567,121.630478, 630.088440, 1.000248
5, 217,3,363.810730, 363.718750, 378.042297, 208.024567,121.630478, 630.088440, 1.000253
5, 218,0,367.113617, 367.165985, 377.963470, 266.477386,133.255646, 751.074829, 0.999857
5, 218,1,751.074829, 751.180237, 377.963470, 266.477386,133.255646, 751.074829, 0.999860
5, 218,2,260.409821, 260.427795, 377.963470, 266.477386,133.255646, 751.074829, 0.999931
5, 218,3,133.255646, 133.225998, 377.963470, 266.477386,133.255646, 751.074829, 1.000223
5, 219,0,619.233582, 619.238586, 378.033447, 208.643463,149.291275, 619.233582, 0.999992
5, 219,1,271.759033, 271.685303, 378.033447, 208.643463,149.291275, 619.233582, 1.000271
5, 219,2,471.849945, 471.807098, 378.033447, 208.643463,149.291275, 619.233582, 1.000091
5, 219,3,149.291275, 149.269043, 378.033447, 208.643463,149.291275, 619.233582, 1.000149
5, 220,0,50.363159, 50.387035, 378.002472, 367.238037,50.363159, 712.811035, 0.999526
5, 220,1,678.655701, 678.602417, 378.002472, 367.238037,50.363159, 712.811035, 1.000079
5, 220,2,712.811035, 712.788147, 378.002472, 367.238037,50.363159, 712.811035, 1.000032
5, 220,3,70.180031, 70.222351, 378.002472, 367.238037,50.363159, 712.811035, 0.999397
5, 221,0,76.891975, 76.963249, 377.956299, 295.394928,76.891975, 747.739563, 0.999074
5, 221,1,747.739563, 747.668091, 377.956299, 295.394928,76.891975, 747.739563, 1.000096
5, 221,2,217.038666, 217.180954, 377.956299, 295.394928,76.891975, 747.739563, 0.999345
5, 221,3,470.155029, 470.187683, 377.956299, 295.394928,76.891975, 747.739563, 0.999931
5, 222,0,239.579697, 239.576401, 377.951599, 139.632217,239.579697, 569.719788, 1.000014
5, 222,1,569.719788, 569.804993, 377.951599, 139.632217,239.579697, 569.719788, 0.999850
5, 222,2,327.336304, 327.361938, 377.951599, 139.632217,239.579697, 569.719788, 0.999922
5, 222,3,375.170624, 375.256683, 377.951599, 139.632217,239.579697, 569.719788, 0.999771
5, 223,0,52.779488, 52.801369, 377.959961, 309.057098,52.779488, 781.879639, 0.999586
5, 223,1,253.280731, 253.230652, 377.959961, 309.057098,52.779488, 781.879639, 1.000198
5, 223,2,781.879639, 781.998047, 377.959961, 309.057098,52.779488, 781.879639, 0.999849
5, 223,3,423.899994, 423.969940, 377.959961, 309.057098,52.779488, 781.879639, 0.999835
5, 224,0,856.620117, 856.510986, 378.049774, 350.779083,107.603088, 856.620117, 1.000127
5, 224,1,107.603088, 107.609238, 378.049774, 350.779083,107.603088, 856.620117, 0.999943
5, 224,2,424.502411, 424.397278, 378.049774, 350.779083,107.603088, 856.620117, 1.000248
5, 224,3,123.473549, 123.482491, 378.049774, 350.779083,107.603088, 856.620117, 0.999928
5, 225,0,195.205826, 195.194305, 378.020905, 219.048294,195.205826, 693.670715, 1.000059
5, 225,1,693.670715, 693.649414, 378.020905, 219.048294,195.205826, 693.670715, 1.000031
5, 225,2,343.757690, 343.722168, 378.020905, 219.048294,195.205826, 693.670715, 1.000103
5, 225,3,279.449371, 279.433990, 378.020905, 219.048294,195.205826, 693.670715, 1.000055
5, 226,0,202.964325, 202.918411, 378.039215, 451.325256,86.769341, 1051.015747, 1.000226
5, 226,1,86.769341, 86.758522, 378.039215, 451.325256,86.769341, 1051.015747, 1.000125
5, 226,2,1051.015747, 1050.949829, 378.039215, 451.325256,86.769341, 1051.015747, 1.000063
5, 226,3,171.407471, 171.373276, 378.039215, 451.325256,86.769341, 1051.015747, 1.000200
5, 227,0,157.911148, 157.917847, 377.960022, 290.372742,98.738876, 658.641602, 0.999958
5, 227,1,98.738876, 98.846428, 377.960022, 290.372742,98.738876, 658.641602, 0.998912
5, 227,2,658.641602, 658.724487, 377.960022, 290.372742,98.738876, 658.641602, 0.999874
5, 227,3,596.548401, 596.511230, 377.960022, 290.372742,98.738876, 658.641602, 1.000062
5, 228,0,198.356689, 198.369965, 378.037445, 135.920135,198.356689, 526.123535, 0.999933
5, 228,1,412.664032, 412.580414, 378.037445, 135.920135,198.356689, 526.123535, 1.000203
5, 228,2,526.123535, 526.083923, 378.037445, 135.920135,198.356689, 526.123535, 1.000075
5, 228,3,375.005493, 374.965790, 378.037445, 135.920135,198.356689, 526.123535, 1.000106
5, 229,0,272.570313, 272.584412, 377.977051, 259.566742,212.940262, 765.396301, 0.999948
5, 229,1,765.396301, 765.443604, 377.977051, 259.566742,212.940262, 765.396301, 0.999938
5, 229,2,212.940262, 212.955383, 377.977051, 259.566742,212.940262, 765.396301, 0.999929
5, 229,3,261.001343, 261.016479, 377.977051, 259.566742,212.940262, 765.396301, 0.999942
5, 230,0,134.059921, 134.040131, 378.045776, 166.721298,134.059921, 493.649628, 1.000148
5, 230,1,493.649628, 493.576477, 378.045776, 166.721298,134.059921, 493.649628, 1.000148
5, 230,2,475.805023, 475.757385, 378.045776, 166.721298,134.059921, 493.649628, 1.000100
5, 230,3,408.668610, 408.626068, 378.045776, 166.721298,134.059921, 493.649628, 1.000104
5, 231,0,203.796555, 203.841843, 377.999329, 211.420151,192.461319, 605.920654, 0.999778
5, 231,1,605.920654, 605.879883, 377.999329, 211.420151,192.461319, 605.920654, 1.000067
5, 231,2,509.818756, 509.814819, 377.999329, 211.420151,192.461319, 605.920654, 1.000008
5, 231,3,192.461319, 192.463409, 377.999329, 211.420151,192.461319, 605.920654, 0.999989
5, 232,0,469.092651, 469.077728, 377.977936, 325.370636,30.489325, 785.166809, 1.000032
5, 232,1,227.162979, 227.211868, 377.977936, 325.370636,30.489325, 785.166809, 0.999785
5, 232,2,30.489325, 30.483904, 377.977936, 325.370636,30.489325, 785.166809, 1.000178
5, 232,3,785.166809, 785.226440, 377.977936, 325.370636,30.489325, 785.166809, 0.999924
5, 233,0,324.618866, 324.670715, 377.957092, 296.113220,81.748390, 788.710449, 0.999840
5, 233,1,81.748390, 81.731827, 377.957092, 296.113220,81.748390, 788.710449, 1.000203
5, 233,2,316.750671, 316.751312, 377.957092, 296.113220,81.748390, 788.710449, 0.999998
5, 233,3,788.710449, 788.846252, 377.957092, 296.113220,81.748390, 788.710449, 0.999828
5, 234,0,379.664978, 379.711975, 377.950012, 149.283447,195.875824, 561.505127, 0.999876
5, 234,1,195.875824, 195.878357, 377.950012, 149.283447,195.875824, 561.505127, 0.999987
5, 234,2,374.754181, 374.812347, 377.950012, 149.283447,195.875824, 561.505127, 0.999845
5, 234,3,561.505127, 561.597351, 377.950012, 149.283447,195.875824, 561.505127, 0.999836
5, 235,0,586.322876, 586.422729, 377.944824, 162.627548,229.371445, 586.322876, 0.999830
5, 235,1,229.371445, 229.385361, 377.944824, 162.627548,229.371445, 586.322876, 0.999939
5, 235,2,425.693542, 425.720673, 377.944824, 162.627548,229.371445, 586.322876, 0.999936
5, 235,3,270.391296, 270.471252, 377.944824, 162.627548,229.371445, 586.322876, 0.999704
5, 236,0,88.977715, 88.966187, 377.972656, 298.830780,88.977715, 701.002258, 1.000130
5, 236,1,560.271851, 560.394104, 377.972656, 298.830780,88.977715, 701.002258, 0.999782
5, 236,2,161.638855, 161.630707, 377.972656, 298.830780,88.977715, 701.002258, 1.000050
5, 236,3,701.002258, 701.009094, 377.972656, 298.830780,88.977715, 701.002258, 0.999990
5, 237,0,513.883118, 513.870605, 378.007019, 137.148148,208.119568, 513.883118, 1.000024
5, 237,1,460.305847, 460.285553, 378.007019, 137.148148,208.119568, 513.883118, 1.000044
5, 237,2,208.119568, 208.114029, 378.007019, 137.148148,208.119568, 513.883118, 1.000027
5, 237,3,329.719421, 329.729828, 378.007019, 137.148148,208.119568, 513.883118, 0.999968
5, 238,0,67.800751, 67.764359, 378.059418, 249.397659,67.800751, 678.372131, 1.000537
5, 238,1,678.372131, 678.282410, 378.059418, 249.397659,67.800751, 678.372131, 1.000132
5, 238,2,375.962524, 375.914368, 378.059418, 249.397659,67.800751, 678.372131, 1.000128
5, 238,3,390.102325, 390.038788, 378.059418, 249.397659,67.800751, 678.372131, 1.000163
5, 239,0,370.378998, 370.385590, 377.994843, 93.099609,303.347198, 511.291382, 0.999982
5, 239,1,303.347198, 303.339417, 377.994843, 93.099609,303.347198, 511.291382, 1.000026
5, 239,2,511.291382, 511.318604, 377.994843, 93.099609,303.347198, 511.291382, 0.999947
5, 239,3,326.961792, 326.956360, 377.994843, 93.099609,303.347198, 511.291382, 1.000017
5, 240,0,463.537018, 463.542755, 377.976593, 182.303040,115.088646, 528.081421, 0.999988
5, 240,1,405.199341, 405.247528, 377.976593, 182.303040,115.088646, 528.081421, 0.999881
5, 240,2,528.081421, 528.112671, 377.976593, 182.303040,115.088646, 528.081421, 0.999941
5, 240,3,115.088646, 115.097000, 377.976593, 182.303040,115.088646, 528.081421, 0.999927
5, 241,0,312.647430, 312.687164, 377.972870, 98.759422,292.717346, 509.774597, 0.999873
5, 241,1,509.774597, 509.785370, 377.972870, 98.759422,292.717346, 509.774597, 0.999979
5, 241,2,292.717346, 292.756073, 377.972870, 98.759422,292.717346, 509.774597, 0.999868
5, 241,3,396.752075, 396.771515, 377.972870, 98.759422,292.717346, 509.774597, 0.999951
5, 242,0,353.471222, 353.420776, 378.054901, 163.869568,206.694290, 601.314331, 1.000143
5, 242,1,601.314331, 601.278198, 378.054901, 163.869568,206.694290, 601.314331, 1.000060
5, 242,2,350.739746, 350.645416, 378.054901, 163.869568,206.694290, 601.314331, 1.000269
5, 242,3,206.694290, 206.655640, 378.054901, 163.869568,206.694290, 601.314331, 1.000187
5, 243,0,476.678436, 476.699402, 377.969910, 208.149368,175.430954, 622.008362, 0.999956
5, 243,1,237.761810, 237.791809, 377.969910, 208.149368,175.430954, 622.008362, 0.999874
5, 243,2,175.430954, 175.435730, 377.969910, 208.149368,175.430954, 622.008362, 0.999973
5, 243,3,622.008362, 622.072937, 377.969910, 208.149368,175.430954, 622.008362, 0.999896
5, 244,0,313.850830, 313.850037, 378.036804, 85.665604,301.300964, 480.731934, 1.000003
5, 244,1,301.300964, 301.266693, 378.036804, 85.665604,301.300964, 480.731934, 1.000114
5, 244,2,480.731934, 480.670837, 378.036804, 85.665604,301.300964, 480.731934, 1.000127
5, 244,3,416.263367, 416.212494, 378.036804, 85.665604,301.300964, 480.731934, 1.000122
5, 245,0,606.131897, 606.129883, 378.010040, 279.132202,55.514404, 616.571106, 1.000003
5, 245,1,616.571106, 616.550842, 378.010040, 279.132202,55.514404, 616.571106, 1.000033
5, 245,2,233.822739, 233.815613, 378.010040, 279.132202,55.514404, 616.571106, 1.000031
5, 245,3,55.514404, 55.503555, 378.010040, 279.132202,55.514404, 616.571106, 1.000196
5, 246,0,339.728699, 339.724030, 378.010101, 52.546959,328.757385, 438.527435, 1.000014
5, 246,1,405.026855, 405.012268, 378.010101, 52.546959,328.757385, 438.527435, 1.000036
5, 246,2,328.757385, 328.748810, 378.010101, 52.546959,328.757385, 438.527435, 1.000026
5, 246,3,438.527435, 438.514862, 378.010101, 52.546959,328.757385, 438.527435, 1.000029
5, 247,0,498.908936, 498.923157, 378.004730, 154.198593,154.558914, 498.908936, 0.999972
5, 247,1,401.631622, 401.611053, 378.004730, 154.198593,154.558914, 498.908936, 1.000051
5, 247,2,154.558914, 154.550476, 378.004730, 154.198593,154.558914, 498.908936, 1.000055
5, 247,3,456.919403, 456.915375, 378.004730, 154.198593,154.558914, 498.908936, 1.000009
5, 248,0,583.583984, 583.600037, 377.990784, 429.869080,14.461672, 885.601074, 0.999973
5, 248,1,14.461672, 14.550894, 377.990784, 429.869080,14.461672, 885.601074, 0.993868
5, 248,2,885.601074, 885.591980, 377.990784, 429.869080,14.461672, 885.601074, 1.000010
5, 248,3,28.316435, 28.257116, 377.990784, 429.869080,14.461672, 885.601074, 1.002099
5, 249,0,36.570644, 36.500214, 378.025330, 409.689301,36.570644, 942.722473, 1.001930
5, 249,1,119.531410, 119.549004, 378.025330, 409.689301,36.570644, 942.722473, 0.999853
5, 249,2,413.276794, 413.231995, 378.025330, 409.689301,36.570644, 942.722473, 1.000108
5, 249,3,942.722473, 942.718750, 378.025330, 409.689301,36.570644, 942.722473, 1.000004
5, 250,0,523.018677, 523.106995, 377.955688, 186.858032,133.029999, 524.658997, 0.999831
5, 250,1,331.115021, 331.124420, 377.955688, 186.858032,133.029999, 524.658997, 0.999972
5, 250,2,524.658997, 524.745300, 377.955688, 186.858032,133.029999, 524.658997, 0.999836
5, 250,3,133.029999, 133.023300, 377.955688, 186.858032,133.029999, 524.658997, 1.000050
5, 251,0,73.132988, 73.148575, 377.993713, 288.214203,73.132988, 705.186951, 0.999787
5, 251,1,523.284241, 523.263489, 377.993713, 288.214203,73.132988, 705.186951, 1.000040
5, 251,2,210.370651, 210.397583, 377.993713, 288.214203,73.132988, 705.186951, 0.999872
5, 251,3,705.186951, 705.190308, 377.993713, 288.214203,73.132988, 705.186951, 0.999995
5, 252,0,119.616379, 119.626999, 378.030334, 347.313263,71.199417, 804.189514, 0.999911
5, 252,1,804.189514, 804.135559, 378.030334, 347.313263,71.199417, 804.189514, 1.000067
5, 252,2,517.116028, 517.120728, 378.030334, 347.313263,71.199417, 804.189514, 0.999991
5, 252,3,71.199417, 71.116837, 378.030334, 347.313263,71.199417, 804.189514, 1.001161
5, 253,0,746.080872, 745.969177, 378.053284, 246.354599,231.240433, 746.080872, 1.000150
5, 253,1,250.046921, 250.018723, 378.053284, 246.354599,231.240433, 746.080872, 1.000113
5, 253,2,284.844818, 284.768829, 378.053284, 246.354599,231.240433, 746.080872, 1.000267
5, 253,3,231.240433, 231.243225, 378.053284, 246.354599,231.240433, 746.080872, 0.999988
5, 254,0,418.378479, 418.373108, 378.004944, 229.441605,46.027298, 566.083862, 1.000013
5, 254,1,481.530212, 481.525940, 378.004944, 229.441605,46.027298, 566.083862, 1.000009
5, 254,2,46.027298, 45.989101, 378.004944, 229.441605,46.027298, 566.083862, 1.000831
5, 254,3,566.083862, 566.111816, 378.004944, 229.441605,46.027298, 566.083862, 0.999951
5, 255,0,207.851227, 207.858948, 377.989960, 134.065125,207.851227, 500.536377, 0.999963
5, 255,1,500.536377, 500.548950, 377.989960, 134.065125,207.851227, 500.536377, 0.999975
5, 255,2,468.205383, 468.222260, 377.989960, 134.065125,207.851227, 500.536377, 0.999964
5, 255,3,335.366791, 335.369751, 377.989960, 134.065125,207.851227, 500.536377, 0.999991
5, 256,0,360.774719, 360.724640, 378.051483, 193.092361,111.327629, 526.598389, 1.000139
5, 256,1,526.598389, 526.501526, 378.051483, 193.092361,111.327629, 526.598389, 1.000184
5, 256,2,513.505188, 513.427795, 378.051483, 193.092361,111.327629, 526.598389, 1.000151
5, 256,3,111.327629, 111.346077, 378.051483, 193.092361,111.327629, 526.598389, 0.999834
5, 257,0,556.571228, 556.462158, 378.042725, 145.130981,226.703186, 556.571228, 1.000196
5, 257,1,301.031738, 301.005920, 378.042725, 145.130981,226.703186, 556.571228, 1.000086
5, 257,2,226.703186, 226.650284, 378.042725, 145.130981,226.703186, 556.571228, 1.000233
5, 257,3,427.864807, 427.881653, 378.042725, 145.130981,226.703186, 556.571228, 0.999961
5, 258,0,474.300354, 474.349731, 377.966217, 243.087265,86.060699, 654.163086, 0.999896
5, 258,1,297.340790, 297.346527, 377.966217, 243.087265,86.060699, 654.163086, 0.999981
5, 258,2,86.060699, 86.044502, 377.966217, 243.087265,86.060699, 654.163086, 1.000188
5, 258,3,654.163086, 654.259216, 377.966217, 243.087265,86.060699, 654.163086, 0.999853
5, 259,0,552.221558, 552.144043, 378.042175, 175.594040,133.832657, 552.221558, 1.000140
5, 259,1,133.832657, 133.827911, 378.042175, 175.594040,133.832657, 552.221558, 1.000035
5, 259,2,407.101807, 407.060760, 378.042175, 175.594040,133.832657, 552.221558, 1.000101
5, 259,3,419.012695, 418.967316, 378.042175, 175.594040,133.832657, 552.221558, 1.000108
5, 260,0,754.039124, 754.083923, 377.995087, 273.424622,115.470459, 754.039124, 0.999941
5, 260,1,259.951385, 259.956421, 377.995087, 273.424622,115.470459, 754.039124, 0.999981
5, 260,2,382.519440, 382.481049, 377.995087, 273.424622,115.470459, 754.039124, 1.000100
5, 260,3,115.470459, 115.478615, 377.995087, 273.424622,115.470459, 754.039124, 0.999929
5, 261,0,238.488983, 238.499878, 378.022095, 200.932190,180.794876, 601.399475, 0.999954
5, 261,1,491.405121, 491.426636, 378.022095, 200.932190,180.794876, 601.399475, 0.999956
5, 261,2,180.794876, 180.769699, 378.022095, 200.932190,180.794876, 601.399475, 1.000139
5, 261,3,601.399475, 601.303772, 378.022095, 200.932190,180.794876, 601.399475, 1.000159
5, 262,0,358.290283, 358.324799, 377.978943, 177.698502,167.152374, 601.232300, 0.999904
5, 262,1,167.152374, 167.151443, 377.978943, 177.698502,167.152374, 601.232300, 1.000006
5, 262,2,601.232300, 601.281616, 377.978943, 177.698502,167.152374, 601.232300, 0.999918
5, 262,3,385.240906, 385.242218, 377.978943, 177.698502,167.152374, 601.232300, 0.999997
5, 263,0,482.288208, 482.369263, 377.943420, 91.171837,266.543762, 482.288208, 0.999832
5, 263,1,353.060455, 353.119324, 377.943420, 91.171837,266.543762, 482.288208, 0.999833
5, 263,2,266.543762, 266.589600, 377.943420, 91.171837,266.543762, 482.288208, 0.999828
5, 263,3,409.881317, 409.921722, 377.943420, 91.171837,266.543762, 482.288208, 0.999901
5, 264,0,45.907417, 45.895340, 378.033875, 334.433807,45.907417, 748.870239, 1.000263
5, 264,1,150.159012, 150.195526, 378.033875, 334.433807,45.907417, 748.870239, 0.999757
5, 264,2,748.870239, 748.830322, 378.033875, 334.433807,45.907417, 748.870239, 1.000053
5, 264,3,567.198792, 567.078796, 378.033875, 334.433807,45.907417, 748.870239, 1.000212
5, 265,0,180.032745, 180.010452, 377.974060, 208.041870,180.032745, 668.751587, 1.000124
5, 265,1,301.533844, 301.596283, 377.974060, 208.041870,180.032745, 668.751587, 0.999793
5, 265,2,361.578094, 361.593109, 377.974060, 208.041870,180.032745, 668.751587, 0.999958
5, 265,3,668.751587, 668.800171, 377.974060, 208.041870,180.032745, 668.751587, 0.999927
5, 266,0,575.618225, 575.641235, 377.986511, 141.577316,255.975235, 575.618225, 0.999960
5, 266,1,255.975235, 255.994537, 377.986511, 141.577316,255.975235, 575.618225, 0.999925
5, 266,2,380.969238, 380.975342, 377.986511, 141.577316,255.975235, 575.618225, 0.999984
5, 266,3,299.383301, 299.388947, 377.986511, 141.577316,255.975235, 575.618225, 0.999981
5, 267,0,357.097015, 357.059906, 378.020111, 205.411469,120.417374, 619.743591, 1.000104
5, 267,1,619.743591, 619.741089, 378.020111, 205.411469,120.417374, 619.743591, 1.000004
5, 267,2,414.822571, 414.803619, 378.020111, 205.411469,120.417374, 619.743591, 1.000046
5, 267,3,120.417374, 120.395363, 378.020111, 205.411469,120.417374, 619.743591, 1.000183
5, 268,0,215.690552, 215.695221, 377.992645, 314.321564,31.116642, 732.826538, 0.999978
5, 268,1,532.336853, 532.333496, 377.992645, 314.321564,31.116642, 732.826538, 1.000006
5, 268,2,31.116642, 31.158899, 377.992645, 314.321564,31.116642, 732.826538, 0.998644
5, 268,3,732.826538, 732.812378, 377.992645, 314.321564,31.116642, 732.826538, 1.000019
5, 269,0,493.334015, 493.266357, 378.030029, 123.272102,203.955902, 493.334015, 1.000137
5, 269,1,418.909851, 418.826996, 378.030029, 123.272102,203.955902, 493.334015, 1.000198
5, 269,2,395.920319, 395.927612, 378.030029, 123.272102,203.955902, 493.334015, 0.999982
5, 269,3,203.955902, 203.978912, 378.030029, 123.272102,203.955902, 493.334015, 0.999887
5, 270,0,596.843811, 596.764282, 378.041992, 265.805695,124.558205, 618.125305, 1.000133
5, 270,1,124.558205, 124.546944, 378.041992, 265.805695,124.558205, 618.125305, 1.000090
5, 270,2,172.640549, 172.630432, 378.041992, 265.805695,124.558205, 618.125305, 1.000059
5, 270,3,618.125305, 618.058350, 378.041992, 265.805695,124.558205, 618.125305, 1.000108
5, 271,0,192.485153, 192.484955, 377.953918, 168.081253,192.485153, 600.267517, 1.000001
5, 271,1,348.280823, 348.396912, 377.953918, 168.081253,192.485153, 600.267517, 0.999667
5, 271,2,600.267517, 600.316895, 377.953918, 168.081253,192.485153, 600.267517, 0.999918
5, 271,3,370.782227, 370.801239, 377.953918, 168.081253,192.485153, 600.267517, 0.999949
5, 272,0,251.760788, 251.734024, 378.006653, 283.053223,37.900032, 612.695496, 1.000106
5, 272,1,37.900032, 37.928925, 378.006653, 283.053223,37.900032, 612.695496, 0.999238
5, 272,2,609.670227, 609.680298, 378.006653, 283.053223,37.900032, 612.695496, 0.999983
5, 272,3,612.695496, 612.656799, 378.006653, 283.053223,37.900032, 612.695496, 1.000063
5, 273,0,316.932922, 316.996613, 377.968964, 48.683933,316.932922, 422.703949, 0.999799
5, 273,1,361.110504, 361.144226, 377.968964, 48.683933,316.932922, 422.703949, 0.999907
5, 273,2,422.703949, 422.710571, 377.968964, 48.683933,316.932922, 422.703949, 0.999984
5, 273,3,411.128448, 411.148651, 377.968964, 48.683933,316.932922, 422.703949, 0.999951
5, 274,0,625.711609, 625.782654, 377.970398, 274.505554,70.465408, 625.711609, 0.999886
5, 274,1,223.002335, 223.005432, 377.970398, 274.505554,70.465408, 625.711609, 0.999986
5, 274,2,70.465408, 70.452667, 377.970398, 274.505554,70.465408, 625.711609, 1.000181
5, 274,3,592.702271, 592.759216, 377.970398, 274.505554,70.465408, 625.711609, 0.999904
5, 275,0,197.533936, 197.533447, 378.048309, 256.881470,197.533936, 752.179688, 1.000003
5, 275,1,338.949341, 338.924988, 378.048309, 256.881470,197.533936, 752.179688, 1.000072
5, 275,2,752.179688, 752.038330, 378.048309, 256.881470,197.533936, 752.179688, 1.000188
5, 275,3,223.530243, 223.503326, 378.048309, 256.881470,197.533936, 752.179688, 1.000120
5, 276,0,58.829548, 58.887062, 378.026123, 218.699310,58.829548, 550.079529, 0.999023
5, 276,1,427.371948, 427.309875, 378.026123, 218.699310,58.829548, 550.079529, 1.000145
5, 276,2,550.079529, 550.038818, 378.026123, 218.699310,58.829548, 550.079529, 1.000074
5, 276,3,475.823517, 475.764313, 378.026123, 218.699310,58.829548, 550.079529, 1.000124
5, 277,0,446.889709, 446.823029, 378.036621, 62.825161,304.239044, 446.889709, 1.000149
5, 277,1,351.856293, 351.871765, 378.036621, 62.825161,304.239044, 446.889709, 0.999956
5, 277,2,409.161560, 409.105072, 378.036621, 62.825161,304.239044, 446.889709, 1.000138
5, 277,3,304.239044, 304.200165, 378.036621, 62.825161,304.239044, 446.889709, 1.000128
5, 278,0,22.820965, 22.795143, 378.002899, 343.946014,22.820965, 820.269226, 1.001133
5, 278,1,455.603119, 455.648682, 378.002899, 343.946014,22.820965, 820.269226, 0.999900
5, 278,2,820.269226, 820.243774, 378.002899, 343.946014,22.820965, 820.269226, 1.000031
5, 278,3,213.318207, 213.312408, 378.002899, 343.946014,22.820965, 820.269226, 1.000027
5, 279,0,295.936432, 295.908722, 377.962097, 273.908020,49.942768, 698.491028, 1.000094
5, 279,1,698.491028, 698.543518, 377.962097, 273.908020,49.942768, 698.491028, 0.999925
5, 279,2,467.478119, 467.576752, 377.962097, 273.908020,49.942768, 698.491028, 0.999789
5, 279,3,49.942768, 49.971081, 377.962097, 273.908020,49.942768, 698.491028, 0.999433
5, 280,0,1061.671265, 1061.670166, 378.013245, 466.801849,10.308868, 1061.671265, 1.000001
5, 280,1,244.569855, 244.524124, 378.013245, 466.801849,10.308868, 1061.671265, 1.000187
5, 280,2,10.308868, 10.307371, 378.013245, 466.801849,10.308868, 1061.671265, 1.000145
5, 280,3,195.503052, 195.498428, 378.013245, 466.801849,10.308868, 1061.671265, 1.000024
5, 281,0,605.522522, 605.533264, 377.999146, 270.108215,76.605469, 606.691833, 0.999982
5, 281,1,76.605469, 76.610229, 377.999146, 270.108215,76.605469, 606.691833, 0.999938
5, 281,2,606.691833, 606.669312, 377.999146, 270.108215,76.605469, 606.691833, 1.000037
5, 281,3,223.176758, 223.187149, 377.999146, 270.108215,76.605469, 606.691833, 0.999953
5, 282,0,418.924164, 418.876404, 378.035034, 121.093521,262.977844, 529.858765, 1.000114
5, 282,1,529.858765, 529.798889, 378.035034, 121.093521,262.977844, 529.858765, 1.000113
5, 282,2,262.977844, 262.907349, 378.035034, 121.093521,262.977844, 529.858765, 1.000268
5, 282,3,300.379364, 300.417389, 378.035034, 121.093521,262.977844, 529.858765, 0.999873
5, 283,0,714.475769, 714.402710, 378.047760, 228.516403,204.004654, 714.475769, 1.000102
5, 283,1,204.004654, 203.949860, 378.047760, 228.516403,204.004654, 714.475769, 1.000269
5, 283,2,296.861725, 296.848938, 378.047760, 228.516403,204.004654, 714.475769, 1.000043
5, 283,3,296.848877, 296.798462, 378.047760, 228.516403,204.004654, 714.475769, 1.000170
5, 284,0,367.198914, 367.160156, 378.022827, 156.719818,184.047638, 566.933777, 1.000106
5, 284,1,566.933777, 566.909180, 378.022827, 156.719818,184.047638, 566.933777, 1.000043
5, 284,2,184.047638, 184.051147, 378.022827, 156.719818,184.047638, 566.933777, 0.999981
5, 284,3,393.911072, 393.879578, 378.022827, 156.719818,184.047638, 566.933777, 1.000080
5, 285,0,132.810547, 132.811020, 378.005615, 341.872986,98.679199, 833.820190, 0.999996
5, 285,1,446.712585, 446.722168, 378.005615, 341.872986,98.679199, 833.820190, 0.999979
5, 285,2,98.679199, 98.651260, 378.005615, 341.872986,98.679199, 833.820190, 1.000283
5, 285,3,833.820190, 833.815491, 378.005615, 341.872986,98.679199, 833.820190, 1.000006
5, 286,0,397.880829, 397.927582, 377.965820, 118.236717,225.409271, 513.107971, 0.999883
5, 286,1,375.465149, 375.494476, 377.965820, 118.236717,225.409271, 513.107971, 0.999922
5, 286,2,225.409271, 225.435486, 377.965820, 118.236717,225.409271, 513.107971, 0.999884
5, 286,3,513.107971, 513.142456, 377.965820, 118.236717,225.409271, 513.107971, 0.999933
5, 287,0,451.470306, 451.502533, 377.970398, 111.701599,217.531067, 456.862518, 0.999929
5, 287,1,386.017670, 386.061493, 377.970398, 111.701599,217.531067, 456.862518, 0.999887
5, 287,2,217.531067, 217.538177, 377.970398, 111.701599,217.531067, 456.862518, 0.999967
5, 287,3,456.862518, 456.897736, 377.970398, 111.701599,217.531067, 456.862518, 0.999923
5, 288,0,152.785934, 152.770096, 378.038574, 380.507111,30.319763, 886.517212, 1.000104
5, 288,1,30.319763, 30.339310, 378.038574, 380.507111,30.319763, 886.517212, 0.999356
5, 288,2,886.517212, 886.433350, 378.038574, 380.507111,30.319763, 886.517212, 1.000095
5, 288,3,442.531403, 442.457184, 378.038574, 380.507111,30.319763, 886.517212, 1.000168
5, 289,0,179.276901, 179.279236, 377.965027, 307.821777,51.234692, 641.288818, 0.999987
5, 289,1,641.288818, 641.378113, 377.965027, 307.821777,51.234692, 641.288818, 0.999861
5, 289,2,51.234692, 51.266968, 377.965027, 307.821777,51.234692, 641.288818, 0.999370
5, 289,3,640.059692, 640.075684, 377.965027, 307.821777,51.234692, 641.288818, 0.999975
5, 290,0,550.950317, 550.908752, 378.016449, 196.814758,118.229530, 550.950317, 1.000075
5, 290,1,118.229530, 118.219124, 378.016449, 196.814758,118.229530, 550.950317, 1.000088
5, 290,2,334.721954, 334.698853, 378.016449, 196.814758,118.229530, 550.950317, 1.000069
5, 290,3,508.163910, 508.173248, 378.016449, 196.814758,118.229530, 550.950317, 0.999982
5, 291,0,375.766357, 375.738037, 378.024506, 79.276543,321.316467, 490.858978, 1.000075
5, 291,1,324.156219, 324.129883, 378.024506, 79.276543,321.316467, 490.858978, 1.000081
5, 291,2,321.316467, 321.299683, 378.024506, 79.276543,321.316467, 490.858978, 1.000052
5, 291,3,490.858978, 490.832489, 378.024506, 79.276543,321.316467, 490.858978, 1.000054
5, 292,0,127.899345, 127.906258, 378.005493, 218.229416,127.899345, 621.944702, 0.999946
5, 292,1,483.054138, 483.039368, 378.005493, 218.229416,127.899345, 621.944702, 1.000031
5, 292,2,279.123749, 279.100861, 378.005493, 218.229416,127.899345, 621.944702, 1.000082
5, 292,3,621.944702, 621.953491, 378.005493, 218.229416,127.899345, 621.944702, 0.999986
5, 293,0,477.836426, 477.754669, 378.033264, 119.334015,242.686218, 478.903442, 1.000171
5, 293,1,312.706909, 312.715179, 378.033264, 119.334015,242.686218, 478.903442, 0.999974
5, 293,2,478.903442, 478.896545, 378.033264, 119.334015,242.686218, 478.903442, 1.000014
5, 293,3,242.686218, 242.633545, 378.033264, 119.334015,242.686218, 478.903442, 1.000217
5, 294,0,848.692871, 848.600098, 378.046021, 376.026459,32.190296, 848.692871, 1.000109
5, 294,1,509.656494, 509.553345, 378.046021, 376.026459,32.190296, 848.692871, 1.000202
5, 294,2,32.190296, 32.216808, 378.046021, 376.026459,32.190296, 848.692871, 0.999177
5, 294,3,121.644455, 121.629715, 378.046021, 376.026459,32.190296, 848.692871, 1.000121
5, 295,0,481.570099, 481.505707, 378.035004, 226.652618,84.219994, 612.753296, 1.000134
5, 295,1,333.596680, 333.595612, 378.035004, 226.652618,84.219994, 612.753296, 1.000003
5, 295,2,612.753296, 612.705261, 378.035004, 226.652618,84.219994, 612.753296, 1.000078
5, 295,3,84.219994, 84.193398, 378.035004, 226.652618,84.219994, 612.753296, 1.000316
5, 296,0,58.330353, 58.343487, 378.043732, 276.247803,58.330353, 702.687988, 0.999775
5, 296,1,702.687988, 702.587280, 378.043732, 276.247803,58.330353, 702.687988, 1.000143
5, 296,2,272.341034, 272.360962, 378.043732, 276.247803,58.330353, 702.687988, 0.999927
5, 296,3,478.815521, 478.708313, 378.043732, 276.247803,58.330353, 702.687988, 1.000224
5, 297,0,332.476563, 332.487885, 377.987732, 162.091385,192.346329, 581.799805, 0.999966
5, 297,1,405.328278, 405.360260, 377.987732, 162.091385,192.346329, 581.799805, 0.999921
5, 297,2,581.799805, 581.819153, 377.987732, 162.091385,192.346329, 581.799805, 0.999967
5, 297,3,192.346329, 192.332611, 377.987732, 162.091385,192.346329, 581.799805, 1.000071
5, 298,0,387.937622, 387.954834, 378.009888, 27.684864,346.360138, 410.815887, 0.999956
5, 298,1,410.815887, 410.821930, 378.009888, 27.684864,346.360138, 410.815887, 0.999985
5, 298,2,366.925903, 366.904724, 378.009888, 27.684864,346.360138, 410.815887, 1.000058
5, 298,3,346.360138, 346.318512, 378.009888, 27.684864,346.360138, 410.815887, 1.000120
5, 299,0,299.647339, 299.619080, 377.972778, 347.672211,9.985144, 847.584595, 1.000094
5, 299,1,354.674103, 354.715973, 377.972778, 347.672211,9.985144, 847.584595, 0.999882
5, 299,2,847.584595, 847.665039, 377.972778, 347.672211,9.985144, 847.584595, 0.999905
5, 299,3,9.985144, 10.000000, 377.972778, 347.672211,9.985144, 847.584595, 0.998514
5, 300,0,614.137268, 614.109314, 378.024231, 265.717651,19.302456, 614.137268, 1.000046
5, 300,1,539.004272, 538.933655, 378.024231, 265.717651,19.302456, 614.137268, 1.000131
5, 300,2,339.652893, 339.645752, 378.024231, 265.717651,19.302456, 614.137268, 1.000021
5, 300,3,19.302456, 19.311274, 378.024231, 265.717651,19.302456, 614.137268, 0.999543
5, 301,0,29.623106, 29.581652, 378.043091, 405.987000,29.623106, 835.513855, 1.001401
5, 301,1,42.577915, 42.603935, 378.043091, 405.987000,29.623106, 835.513855, 0.999389
5, 301,2,604.457458, 604.394775, 378.043091, 405.987000,29.623106, 835.513855, 1.000104
5, 301,3,835.513855, 835.419617, 378.043091, 405.987000,29.623106, 835.513855, 1.000113
5, 302,0,530.384705, 530.301147, 378.049774, 184.888779,132.804749, 530.384705, 1.000158
5, 302,1,338.236664, 338.193024, 378.049774, 184.888779,132.804749, 530.384705, 1.000129
5, 302,2,132.804749, 132.821793, 378.049774, 184.888779,132.804749, 530.384705, 0.999872
5, 302,3,510.772980, 510.684052, 378.049774, 184.888779,132.804749, 530.384705, 1.000174
5, 303,0,656.404480, 656.411194, 378.000427, 210.812485,148.846466, 656.404480, 0.999990
5, 303,1,321.028961, 320.996338, 378.000427, 210.812485,148.846466, 656.404480, 1.000102
5, 303,2,385.721741, 385.750641, 378.000427, 210.812485,148.846466, 656.404480, 0.999925
5, 303,3,148.846466, 148.841766, 378.000427, 210.812485,148.846466, 656.404480, 1.000032
5, 304,0,243.042709, 243.098602, 377.982635, 428.362946,97.460030, 1014.245178, 0.999770
5, 304,1,97.460030, 97.435036, 377.982635, 428.362946,97.460030, 1014.245178, 1.000257
5, 304,2,1014.245178, 1014.280273, 377.982635, 428.362946,97.460030, 1014.245178, 0.999965
5, 304,3,157.182587, 157.186157, 377.982635, 428.362946,97.460030, 1014.245178, 0.999977
5, 305,0,532.788635, 532.757202, 378.037598, 194.769989,111.244156, 532.788635, 1.000059
5, 305,1,512.807312, 512.780273, 378.037598, 194.769989,111.244156, 532.788635, 1.000053
5, 305,2,355.310303, 355.218292, 378.037598, 194.769989,111.244156, 532.788635, 1.000259
5, 305,3,111.244156, 111.244308, 378.037598, 194.769989,111.244156, 532.788635, 0.999999
5, 306,0,79.883400, 79.912079, 378.034790, 373.039154,31.017231, 704.961548, 0.999641
5, 306,1,696.276978, 696.167847, 378.034790, 373.039154,31.017231, 704.961548, 1.000157
5, 306,2,704.961548, 704.878540, 378.034790, 373.039154,31.017231, 704.961548, 1.000118
5, 306,3,31.017231, 31.041500, 378.034790, 373.039154,31.017231, 704.961548, 0.999218
5, 307,0,576.827087, 576.806091, 378.045074, 175.237671,149.871918, 576.827087, 1.000036
5, 307,1,149.871918, 149.838486, 378.045074, 175.237671,149.871918, 576.827087, 1.000223
5, 307,2,400.340759, 400.270813, 378.045074, 175.237671,149.871918, 576.827087, 1.000175
5, 307,3,385.140503, 385.084534, 378.045074, 175.237671,149.871918, 576.827087, 1.000145
5, 308,0,658.978394, 659.075928, 377.948792, 297.054657,20.764883, 658.978394, 0.999852
5, 308,1,20.764883, 20.823236, 377.948792, 297.054657,20.764883, 658.978394, 0.997198
5, 308,2,582.258728, 582.318420, 377.948792, 297.054657,20.764883, 658.978394, 0.999897
5, 308,3,249.793243, 249.782455, 377.948792, 297.054657,20.764883, 658.978394, 1.000043
5, 309,0,427.884827, 427.910797, 377.973816, 213.480728,145.619385, 647.520508, 0.999939
5, 309,1,647.520508, 647.569702, 377.973816, 213.480728,145.619385, 647.520508, 0.999924
5, 309,2,145.619385, 145.645981, 377.973816, 213.480728,145.619385, 647.520508, 0.999817
5, 309,3,290.870667, 290.873566, 377.973816, 213.480728,145.619385, 647.520508, 0.999990
5, 310,0,338.038025, 337.979340, 378.055634, 140.391632,209.473740, 542.982544, 1.000174
5, 310,1,209.473740, 209.452087, 378.055634, 140.391632,209.473740, 542.982544, 1.000103
5, 310,2,542.982544, 542.875732, 378.055634, 140.391632,209.473740, 542.982544, 1.000197
5, 310,3,421.728119, 421.692871, 378.055634, 140.391632,209.473740, 542.982544, 1.000084
5, 311,0,434.223022, 434.284088, 377.973999, 145.144272,170.446960, 506.180267, 0.999859
5, 311,1,401.045746, 401.037415, 377.973999, 145.144272,170.446960, 506.180267, 1.000021
5, 311,2,170.446960, 170.479431, 377.973999, 145.144272,170.446960, 506.180267, 0.999810
5, 311,3,506.180267, 506.199005, 377.973999, 145.144272,170.446960, 506.180267, 0.999963
5, 312,0,384.257263, 384.312195, 377.951721, 254.747711,125.678650, 725.387817, 0.999857
5, 312,1,125.678650, 125.763725, 377.951721, 254.747711,125.678650, 725.387817, 0.999324
5, 312,2,276.483124, 276.512543, 377.951721, 254.747711,125.678650, 725.387817, 0.999894
5, 312,3,725.387817, 725.411499, 377.951721, 254.747711,125.678650, 725.387817, 0.999967
5, 313,0,452.999756, 452.940887, 378.048309, 83.859505,259.246643, 452.999756, 1.000130
5, 313,1,259.246643, 259.189972, 378.048309, 83.859505,259.246643, 452.999756, 1.000219
5, 313,2,385.755920, 385.748718, 378.048309, 83.859505,259.246643, 452.999756, 1.000019
5, 313,3,414.190887, 414.120361, 378.048309, 83.859505,259.246643, 452.999756, 1.000170
5, 314,0,378.864410, 378.910583, 377.950500, 104.703934,231.974182, 473.473633, 0.999878
5, 314,1,427.489899, 427.564453, 377.950500, 104.703934,231.974182, 473.473633, 0.999826
5, 314,2,473.473633, 473.534485, 377.950500, 104.703934,231.974182, 473.473633, 0.999871
5, 314,3,231.974182, 231.990463, 377.950500, 104.703934,231.974182, 473.473633, 0.999930
5, 315,0,557.538025, 557.444702, 378.037933, 148.467941,245.218674, 557.538025, 1.000167
5, 315,1,245.218674, 245.187988, 378.037933, 148.467941,245.218674, 557.538025, 1.000125
5, 315,2,267.584381, 267.593262, 378.037933, 148.467941,245.218674, 557.538025, 0.999967
5, 315,3,441.810669, 441.774109, 378.037933, 148.467941,245.218674, 557.538025, 1.000083
5, 316,0,323.594086, 323.591431, 378.046387, 158.594757,205.210526, 583.313721, 1.000008
5, 316,1,400.067169, 400.003876, 378.046387, 158.594757,205.210526, 583.313721, 1.000158
5, 316,2,583.313721, 583.266113, 378.046387, 158.594757,205.210526, 583.313721, 1.000082
5, 316,3,205.210526, 205.138535, 378.046387, 158.594757,205.210526, 583.313721, 1.000351
5, 317,0,448.029724, 448.057190, 377.958191, 162.048111,209.235077, 569.648254, 0.999939
5, 317,1,569.648254, 569.722595, 377.958191, 162.048111,209.235077, 569.648254, 0.999870
5, 317,2,209.235077, 209.220993, 377.958191, 162.048111,209.235077, 569.648254, 1.000067
5, 317,3,284.919617, 284.999146, 377.958191, 162.048111,209.235077, 569.648254, 0.999721
5, 318,0,241.693863, 241.700760, 377.958435, 290.652740,180.439667, 809.566650, 0.999971
5, 318,1,280.133514, 280.162506, 377.958435, 290.652740,180.439667, 809.566650, 0.999897
5, 318,2,180.439667, 180.445969, 377.958435, 290.652740,180.439667, 809.566650, 0.999965
5, 318,3,809.566650, 809.690735, 377.958435, 290.652740,180.439667, 809.566650, 0.999847
5, 319,0,268.017517, 267.988007, 377.995819, 102.739014,268.017517, 515.398132, 1.000110
5, 319,1,351.728912, 351.731445, 377.995819, 102.739014,268.017517, 515.398132, 0.999993
5, 319,2,515.398132, 515.429077, 377.995819, 102.739014,268.017517, 515.398132, 0.999940
5, 319,3,376.838715, 376.851318, 377.995819, 102.739014,268.017517, 515.398132, 0.999967
5, 320,0,347.570129, 347.587921, 377.957947, 56.794491,319.803284, 449.169617, 0.999949
5, 320,1,449.169617, 449.228882, 377.957947, 56.794491,319.803284, 449.169617, 0.999868
5, 320,2,395.288727, 395.346069, 377.957947, 56.794491,319.803284, 449.169617, 0.999855
5, 320,3,319.803284, 319.837189, 377.957947, 56.794491,319.803284, 449.169617, 0.999894
5, 321,0,691.025635, 690.982178, 378.028809, 279.399597,95.035355, 691.025635, 1.000063
5, 321,1,529.895325, 529.834839, 378.028809, 279.399597,95.035355, 691.025635, 1.000114
5, 321,2,196.158920, 196.155457, 378.028809, 279.399597,95.035355, 691.025635, 1.000018
5, 321,3,95.035355, 95.027504, 378.028809, 279.399597,95.035355, 691.025635, 1.000083
5, 322,0,471.849823, 471.922333, 377.983154, 126.679733,201.053482, 471.849823, 0.999846
5, 322,1,201.053482, 201.084305, 377.983154, 126.679733,201.053482, 471.849823, 0.999847
5, 322,2,467.360596, 467.366333, 377.983154, 126.679733,201.053482, 471.849823, 0.999988
5, 322,3,371.668701, 371.627136, 377.983154, 126.679733,201.053482, 471.849823, 1.000112
5, 323,0,294.674957, 294.659912, 378.018127, 215.939163,115.203049, 595.586304, 1.000051
5, 323,1,115.203049, 115.189713, 378.018127, 215.939163,115.203049, 595.586304, 1.000116
5, 323,2,506.608246, 506.597107, 378.018127, 215.939163,115.203049, 595.586304, 1.000022
5, 323,3,595.586304, 595.553284, 378.018127, 215.939163,115.203049, 595.586304, 1.000055
5, 324,0,212.922882, 212.901016, 378.055542, 179.587463,212.922882, 538.388916, 1.000103
5, 324,1,232.522980, 232.513138, 378.055542, 179.587463,212.922882, 538.388916, 1.000042
5, 324,2,528.387329, 528.277710, 378.055542, 179.587463,212.922882, 538.388916, 1.000208
5, 324,3,538.388916, 538.308289, 378.055542, 179.587463,212.922882, 538.388916, 1.000150
5, 325,0,504.634613, 504.704376, 377.981934, 164.004456,149.584641, 504.634613, 0.999862
5, 325,1,368.396851, 368.423340, 377.981934, 164.004456,149.584641, 504.634613, 0.999928
5, 325,2,149.584641, 149.503006, 377.981934, 164.004456,149.584641, 504.634613, 1.000546
5, 325,3,489.311554, 489.369324, 377.981934, 164.004456,149.584641, 504.634613, 0.999882
5, 326,0,251.765091, 251.791626, 377.983887, 265.777191,63.684803, 607.448425, 0.999895
5, 326,1,63.684803, 63.681564, 377.983887, 265.777191,63.684803, 607.448425, 1.000051
5, 326,2,589.037231, 589.056519, 377.983887, 265.777191,63.684803, 607.448425, 0.999967
5, 326,3,607.448425, 607.470398, 377.983887, 265.777191,63.684803, 607.448425, 0.999964
5, 327,0,251.856186, 251.814392, 378.036743, 265.753143,73.477081, 665.613220, 1.000166
5, 327,1,73.477081, 73.488235, 378.036743, 265.753143,73.477081, 665.613220, 0.999848
5, 327,2,521.200500, 521.118286, 378.036743, 265.753143,73.477081, 665.613220, 1.000158
5, 327,3,665.613220, 665.579163, 378.036743, 265.753143,73.477081, 665.613220, 1.000051
5, 328,0,360.971191, 360.894165, 378.055817, 128.489685,212.437363, 519.990112, 1.000213
5, 328,1,418.824615, 418.757782, 378.055817, 128.489685,212.437363, 519.990112, 1.000160
5, 328,2,519.990112, 519.916016, 378.055817, 128.489685,212.437363, 519.990112, 1.000143
5, 328,3,212.437363, 212.431961, 378.055817, 128.489685,212.437363, 519.990112, 1.000025
5, 329,0,45.938240, 46.011513, 377.948395, 283.107971,45.938240, 671.501343, 0.998408
5, 329,1,544.327942, 544.395386, 377.948395, 283.107971,45.938240, 671.501343, 0.999876
5, 329,2,671.501343, 671.537659, 377.948395, 283.107971,45.938240, 671.501343, 0.999946
5, 329,3,250.026031, 250.055344, 377.948395, 283.107971,45.938240, 671.501343, 0.999883
5, 330,0,204.613800, 204.649704, 377.984802, 235.324905,204.613800, 722.268494, 0.999825
5, 330,1,722.268494, 722.233582, 377.984802, 235.324905,204.613800, 722.268494, 1.000048
5, 330,2,254.193924, 254.170609, 377.984802, 235.324905,204.613800, 722.268494, 1.000092
5, 330,3,330.862946, 330.946106, 377.984802, 235.324905,204.613800, 722.268494, 0.999749
5, 331,0,56.479156, 56.548111, 377.959351, 280.922852,56.479156, 736.105591, 0.998781
5, 331,1,312.390320, 312.346802, 377.959351, 280.922852,56.479156, 736.105591, 1.000139
5, 331,2,736.105591, 736.174500, 377.959351, 280.922852,56.479156, 736.105591, 0.999906
5, 331,3,406.862366, 406.930603, 377.959351, 280.922852,56.479156, 736.105591, 0.999832
5, 332,0,401.357025, 401.332520, 378.025452, 272.643524,81.245049, 734.969482, 1.000061
5, 332,1,294.530212, 294.493164, 378.025452, 272.643524,81.245049, 734.969482, 1.000126
5, 332,2,81.245049, 81.253708, 378.025452, 272.643524,81.245049, 734.969482, 0.999893
5, 332,3,734.969482, 734.920776, 378.025452, 272.643524,81.245049, 734.969482, 1.000066
5, 333,0,317.781403, 317.812531, 377.962036, 75.603020,314.499115, 470.233246, 0.999902
5, 333,1,470.233246, 470.255463, 377.962036, 75.603020,314.499115, 470.233246, 0.999953
5, 333,2,409.334381, 409.399414, 377.962036, 75.603020,314.499115, 470.233246, 0.999841
5, 333,3,314.499115, 314.532593, 377.962036, 75.603020,314.499115, 470.233246, 0.999894
5, 334,0,574.393066, 574.394043, 377.999573, 179.201767,139.609192, 574.393066, 0.999998
5, 334,1,393.632568, 393.629791, 377.999573, 179.201767,139.609192, 574.393066, 1.000007
5, 334,2,139.609192, 139.636368, 377.999573, 179.201767,139.609192, 574.393066, 0.999805
5, 334,3,404.363464, 404.339783, 377.999573, 179.201767,139.609192, 574.393066, 1.000059
5, 335,0,144.838348, 144.891663, 378.020966, 198.708725,144.838348, 579.804565, 0.999632
5, 335,1,579.804565, 579.771729, 378.020966, 198.708725,144.838348, 579.804565, 1.000057
5, 335,2,286.781738, 286.791626, 378.020966, 198.708725,144.838348, 579.804565, 0.999966
5, 335,3,500.659210, 500.544983, 378.020966, 198.708725,144.838348, 579.804565, 1.000228
5, 336,0,417.190186, 417.215271, 377.989624, 118.087776,251.113937, 522.714722, 0.999940
5, 336,1,522.714722, 522.733521, 377.989624, 118.087776,251.113937, 522.714722, 0.999964
5, 336,2,251.113937, 251.126022, 377.989624, 118.087776,251.113937, 522.714722, 0.999952
5, 336,3,320.939697, 320.925201, 377.989624, 118.087776,251.113937, 522.714722, 1.000045
5, 337,0,595.184143, 595.204224, 377.992126, 247.375153,25.421328, 595.184143, 0.999966
5, 337,1,484.029572, 484.029663, 377.992126, 247.375153,25.421328, 595.184143, 1.000000
5, 337,2,25.421328, 25.434692, 377.992126, 247.375153,25.421328, 595.184143, 0.999475
5, 337,3,407.333374, 407.331543, 377.992126, 247.375153,25.421328, 595.184143, 1.000005
5, 338,0,574.757568, 574.829651, 377.973328, 199.815430,187.533020, 574.757568, 0.999875
5, 338,1,524.412415, 524.459778, 377.973328, 199.815430,187.533020, 574.757568, 0.999910
5, 338,2,225.190308, 225.184158, 377.973328, 199.815430,187.533020, 574.757568, 1.000027
5, 338,3,187.533020, 187.526489, 377.973328, 199.815430,187.533020, 574.757568, 1.000035
5, 339,0,384.924774, 384.849152, 378.046143, 82.243469,277.306915, 478.321320, 1.000196
5, 339,1,478.321320, 478.265991, 378.046143, 82.243469,277.306915, 478.321320, 1.000116
5, 339,2,371.631592, 371.580627, 378.046143, 82.243469,277.306915, 478.321320, 1.000137
5, 339,3,277.306915, 277.304291, 378.046143, 82.243469,277.306915, 478.321320, 1.000009
5, 340,0,17.315863, 17.303509, 377.989655, 244.689255,17.315863, 551.284729, 1.000714
5, 340,1,440.483551, 440.467041, 377.989655, 244.689255,17.315863, 551.284729, 1.000037
5, 340,2,551.284729, 551.304382, 377.989655, 244.689255,17.315863, 551.284729, 0.999964
5, 340,3,502.874542, 502.925232, 377.989655, 244.689255,17.315863, 551.284729, 0.999899
5, 341,0,85.648346, 85.654892, 378.021057, 244.638992,85.648346, 652.489624, 0.999924
5, 341,1,290.615356, 290.589935, 378.021057, 244.638992,85.648346, 652.489624, 1.000087
5, 341,2,483.330841, 483.295776, 378.021057, 244.638992,85.648346, 652.489624, 1.000073
5, 341,3,652.489624, 652.459351, 378.021057, 244.638992,85.648346, 652.489624, 1.000046
5, 342,0,584.883118, 584.829285, 378.025208, 264.123230,73.591942, 612.625977, 1.000092
5, 342,1,612.625977, 612.611755, 378.025208, 264.123230,73.591942, 612.625977, 1.000023
5, 342,2,73.591942, 73.575500, 378.025208, 264.123230,73.591942, 612.625977, 1.000224
5, 342,3,240.999908, 240.983505, 378.025208, 264.123230,73.591942, 612.625977, 1.000068
5, 343,0,158.972382, 158.969513, 377.955261, 165.016296,158.972382, 524.027527, 1.000018
5, 343,1,344.616058, 344.673187, 377.955261, 165.016296,158.972382, 524.027527, 0.999834
5, 343,2,484.205048, 484.255890, 377.955261, 165.016296,158.972382, 524.027527, 0.999895
5, 343,3,524.027527, 524.101318, 377.955261, 165.016296,158.972382, 524.027527, 0.999859
5, 344,0,481.199341, 481.150024, 378.033112, 109.827713,222.597900, 481.199341, 1.000103
5, 344,1,222.597900, 222.596130, 378.033112, 109.827713,222.597900, 481.199341, 1.000008
5, 344,2,401.253510, 401.210083, 378.033112, 109.827713,222.597900, 481.199341, 1.000108
5, 344,3,407.081635, 407.043762, 378.033112, 109.827713,222.597900, 481.199341, 1.000093
5, 345,0,343.183929, 343.221802, 377.949371, 42.835087,343.183929, 436.743439, 0.999890
5, 345,1,436.743439, 436.791412, 377.949371, 42.835087,343.183929, 436.743439, 0.999890
5, 345,2,349.344879, 349.415588, 377.949371, 42.835087,343.183929, 436.743439, 0.999798
5, 345,3,382.525299, 382.571289, 377.949371, 42.835087,343.183929, 436.743439, 0.999880
5, 346,0,283.259033, 283.283661, 377.972260, 251.123352,78.343597, 654.792908, 0.999913
5, 346,1,495.493408, 495.508606, 377.972260, 251.123352,78.343597, 654.792908, 0.999969
5, 346,2,654.792908, 654.830994, 377.972260, 251.123352,78.343597, 654.792908, 0.999942
5, 346,3,78.343597, 78.376778, 377.972260, 251.123352,78.343597, 654.792908, 0.999577
5, 347,0,356.008270, 355.970612, 378.015869, 359.389191,11.288622, 869.831787, 1.000106
5, 347,1,274.934845, 274.987640, 378.015869, 359.389191,11.288622, 869.831787, 0.999808
5, 347,2,869.831787, 869.771729, 378.015869, 359.389191,11.288622, 869.831787, 1.000069
5, 347,3,11.288622, 11.270028, 378.015869, 359.389191,11.288622, 869.831787, 1.001650
5, 348,0,330.517365, 330.515656, 378.023376, 179.269958,213.415634, 633.352661, 1.000005
5, 348,1,334.807831, 334.815277, 378.023376, 179.269958,213.415634, 633.352661, 0.999978
5, 348,2,633.352661, 633.262207, 378.023376, 179.269958,213.415634, 633.352661, 1.000143
5, 348,3,213.415634, 213.406906, 378.023376, 179.269958,213.415634, 633.352661, 1.000041
5, 349,0,214.525986, 214.555328, 378.026123, 200.918259,214.525986, 666.903931, 0.999863
5, 349,1,354.465179, 354.429901, 378.026123, 200.918259,214.525986, 666.903931, 1.000100
5, 349,2,666.903931, 666.898926, 378.026123, 200.918259,214.525986, 666.903931, 1.000008
5, 349,3,276.209503, 276.115906, 378.026123, 200.918259,214.525986, 666.903931, 1.000339
5, 350,0,240.916016, 240.901947, 377.972290, 97.649223,240.916016, 467.032043, 1.000058
5, 350,1,421.182739, 421.243347, 377.972290, 97.649223,240.916016, 467.032043, 0.999856
5, 350,2,382.758423, 382.779968, 377.972290, 97.649223,240.916016, 467.032043, 0.999944
5, 350,3,467.032043, 467.074646, 377.972290, 97.649223,240.916016, 467.032043, 0.999909
5, 351,0,250.531982, 250.539795, 377.987000, 190.605606,196.007156, 609.369507, 0.999969
5, 351,1,456.039398, 456.069122, 377.987000, 190.605606,196.007156, 609.369507, 0.999935
5, 351,2,196.007156, 196.013672, 377.987000, 190.605606,196.007156, 609.369507, 0.999967
5, 351,3,609.369507, 609.377380, 377.987000, 190.605606,196.007156, 609.369507, 0.999987
5, 352,0,379.690430, 379.684967, 378.007843, 182.805923,119.024055, 512.848206, 1.000014
5, 352,1,500.468689, 500.456055, 378.007843, 182.805923,119.024055, 512.848206, 1.000025
5, 352,2,119.024055, 119.018318, 378.007843, 182.805923,119.024055, 512.848206, 1.000048
5, 352,3,512.848206, 512.840637, 378.007843, 182.805923,119.024055, 512.848206, 1.000015
5, 353,0,297.839539, 297.857086, 377.964264, 124.101410,260.327087, 533.370056, 0.999941
5, 353,1,260.327087, 260.326294, 377.964264, 124.101410,260.327087, 533.370056, 1.000003
5, 353,2,533.370056, 533.431641, 377.964264, 124.101410,260.327087, 533.370056, 0.999885
5, 353,3,420.320404, 420.384918, 377.964264, 124.101410,260.327087, 533.370056, 0.999847
5, 354,0,360.533844, 360.521362, 378.032166, 188.415207,136.383148, 591.931885, 1.000035
5, 354,1,423.279724, 423.234741, 378.032166, 188.415207,136.383148, 591.931885, 1.000106
5, 354,2,136.383148, 136.374878, 378.032166, 188.415207,136.383148, 591.931885, 1.000061
5, 354,3,591.931885, 591.869080, 378.032166, 188.415207,136.383148, 591.931885, 1.000106
5, 355,0,201.334091, 201.341354, 377.945190, 132.495773,201.334091, 500.521027, 0.999964
5, 355,1,500.521027, 500.579437, 377.945190, 132.495773,201.334091, 500.521027, 0.999883
5, 355,2,454.908630, 454.991180, 377.945190, 132.495773,201.334091, 500.521027, 0.999819
5, 355,3,355.017029, 355.088104, 377.945190, 132.495773,201.334091, 500.521027, 0.999800
5, 356,0,576.098877, 576.132996, 377.970215, 186.743484,168.055206, 576.098877, 0.999941
5, 356,1,168.055206, 168.052551, 377.970215, 186.743484,168.055206, 576.098877, 1.000016
5, 356,2,280.832733, 280.869720, 377.970215, 186.743484,168.055206, 576.098877, 0.999868
5, 356,3,486.894104, 486.944763, 377.970215, 186.743484,168.055206, 576.098877, 0.999896
5, 357,0,351.818481, 351.792542, 378.032745, 64.358658,320.607971, 469.569336, 1.000074
5, 357,1,469.569336, 469.538025, 378.032745, 64.358658,320.607971, 469.569336, 1.000067
5, 357,2,320.607971, 320.579498, 378.032745, 64.358658,320.607971, 469.569336, 1.000089
5, 357,3,370.135162, 370.089874, 378.032745, 64.358658,320.607971, 469.569336, 1.000122
5, 358,0,682.770508, 682.763916, 378.009399, 214.391907,182.948364, 682.770508, 1.000010
5, 358,1,182.948364, 182.928604, 378.009399, 214.391907,182.948364, 682.770508, 1.000108
5, 358,2,301.405182, 301.401306, 378.009399, 214.391907,182.948364, 682.770508, 1.000013
5, 358,3,344.913635, 344.906128, 378.009399, 214.391907,182.948364, 682.770508, 1.000022
5, 359,0,108.584015, 108.601318, 378.060181, 215.420090,108.584015, 607.544373, 0.999841
5, 359,1,607.544373, 607.435059, 378.060181, 215.420090,108.584015, 607.544373, 1.000180
5, 359,2,317.008759, 316.943359, 378.060181, 215.420090,108.584015, 607.544373, 1.000206
5, 359,3,479.103516, 479.020264, 378.060181, 215.420090,108.584015, 607.544373, 1.000174
5, 360,0,41.917561, 41.952477, 377.951294, 240.423035,41.917561, 607.826294, 0.999168
5, 360,1,462.761658, 462.790833, 377.951294, 240.423035,41.917561, 607.826294, 0.999937
5, 360,2,607.826294, 607.866272, 377.951294, 240.423035,41.917561, 607.826294, 0.999934
5, 360,3,399.299622, 399.390411, 377.951294, 240.423035,41.917561, 607.826294, 0.999773
5, 361,0,187.704178, 187.715454, 377.990906, 311.301086,52.428192, 723.877686, 0.999940
5, 361,1,52.428192, 52.420685, 377.990906, 311.301086,52.428192, 723.877686, 1.000143
5, 361,2,723.877686, 723.893433, 377.990906, 311.301086,52.428192, 723.877686, 0.999978
5, 361,3,547.953552, 547.970398, 377.990906, 311.301086,52.428192, 723.877686, 0.999969
5, 362,0,671.117310, 671.127747, 378.019196, 345.799469,67.529938, 683.590576, 0.999984
5, 362,1,67.529938, 67.462708, 378.019196, 345.799469,67.529938, 683.590576, 1.000997
5, 362,2,683.590576, 683.566284, 378.019196, 345.799469,67.529938, 683.590576, 1.000036
5, 362,3,89.838951, 89.843376, 378.019196, 345.799469,67.529938, 683.590576, 0.999951
5, 363,0,69.031685, 69.048828, 378.042053, 303.099182,69.031685, 794.353455, 0.999752
5, 363,1,301.500580, 301.425446, 378.042053, 303.099182,69.031685, 794.353455, 1.000249
5, 363,2,794.353455, 794.276184, 378.042053, 303.099182,69.031685, 794.353455, 1.000097
5, 363,3,347.282532, 347.249603, 378.042053, 303.099182,69.031685, 794.353455, 1.000095
5, 364,0,931.518738, 931.586853, 377.984589, 381.568848,80.138878, 931.518738, 0.999927
5, 364,1,317.162354, 317.106232, 377.984589, 381.568848,80.138878, 931.518738, 1.000177
5, 364,2,80.138878, 80.176125, 377.984589, 381.568848,80.138878, 931.518738, 0.999535
5, 364,3,183.118286, 183.130905, 377.984589, 381.568848,80.138878, 931.518738, 0.999931
5, 365,0,183.971039, 183.974136, 377.981201, 165.331680,183.971039, 579.859131, 0.999983
5, 365,1,416.344482, 416.344635, 377.981201, 165.331680,183.971039, 579.859131, 1.000000
5, 365,2,331.750153, 331.767914, 377.981201, 165.331680,183.971039, 579.859131, 0.999946
5, 365,3,579.859131, 579.913208, 377.981201, 165.331680,183.971039, 579.859131, 0.999907
5, 366,0,721.540344, 721.513550, 378.022644, 326.797546,59.570877, 721.540344, 1.000037
5, 366,1,59.570877, 59.597626, 378.022644, 326.797546,59.570877, 721.540344, 0.999551
5, 366,2,141.146423, 141.083893, 378.022644, 326.797546,59.570877, 721.540344, 1.000443
5, 366,3,589.832947, 589.804993, 378.022644, 326.797546,59.570877, 721.540344, 1.000047
5, 367,0,943.553406, 943.396179, 378.059204, 391.568787,55.097034, 943.553406, 1.000167
5, 367,1,313.710541, 313.645966, 378.059204, 391.568787,55.097034, 943.553406, 1.000206
5, 367,2,55.097034, 55.113491, 378.059204, 391.568787,55.097034, 943.553406, 0.999701
5, 367,3,199.875809, 199.844391, 378.059204, 391.568787,55.097034, 943.553406, 1.000157
5, 368,0,118.366898, 118.369667, 378.015778, 259.768494,118.366898, 611.203125, 0.999977
5, 368,1,591.614990, 591.607849, 378.015778, 259.768494,118.366898, 611.203125, 1.000012
5, 368,2,190.878128, 190.830017, 378.015778, 259.768494,118.366898, 611.203125, 1.000252
5, 368,3,611.203125, 611.192444, 378.015778, 259.768494,118.366898, 611.203125, 1.000018
5, 369,0,268.461029, 268.472168, 378.021027, 216.225937,127.171692, 572.095764, 0.999959
5, 369,1,127.171692, 127.190193, 378.021027, 216.225937,127.171692, 572.095764, 0.999855
5, 369,2,572.095764, 572.040771, 378.021027, 216.225937,127.171692, 572.095764, 1.000096
5, 369,3,544.355591, 544.296875, 378.021027, 216.225937,127.171692, 572.095764, 1.000108
5, 370,0,179.223892, 179.209366, 377.977356, 188.562775,179.223892, 574.806946, 1.000081
5, 370,1,259.731232, 259.723999, 377.977356, 188.562775,179.223892, 574.806946, 1.000028
5, 370,2,498.147247, 498.178131, 377.977356, 188.562775,179.223892, 574.806946, 0.999938
5, 370,3,574.806946, 574.888489, 377.977356, 188.562775,179.223892, 574.806946, 0.999858
5, 371,0,706.859497, 706.805664, 378.047638, 321.958862,86.961319, 706.859497, 1.000076
5, 371,1,116.891212, 116.893776, 378.047638, 321.958862,86.961319, 706.859497, 0.999978
5, 371,2,86.961319, 86.933670, 378.047638, 321.958862,86.961319, 706.859497, 1.000318
5, 371,3,601.478516, 601.366943, 378.047638, 321.958862,86.961319, 706.859497, 1.000185
5, 372,0,591.633118, 591.620911, 377.986206, 233.413208,52.782200, 591.633118, 1.000021
5, 372,1,52.782200, 52.806301, 377.986206, 233.413208,52.782200, 591.633118, 0.999544
5, 372,2,487.709320, 487.719971, 377.986206, 233.413208,52.782200, 591.633118, 0.999978
5, 372,3,379.820190, 379.852905, 377.986206, 233.413208,52.782200, 591.633118, 0.999914
5, 373,0,532.293091, 532.250122, 378.039581, 190.602524,106.776253, 532.293091, 1.000081
5, 373,1,387.736816, 387.692810, 378.039581, 190.602524,106.776253, 532.293091, 1.000113
5, 373,2,485.352142, 485.275360, 378.039581, 190.602524,106.776253, 532.293091, 1.000158
5, 373,3,106.776253, 106.781715, 378.039581, 190.602524,106.776253, 532.293091, 0.999949
5, 374,0,535.860291, 535.795837, 378.038269, 223.744720,46.205528, 535.860291, 1.000120
5, 374,1,46.205528, 46.181309, 378.038269, 223.744720,46.205528, 535.860291, 1.000524
5, 374,2,461.545441, 461.502441, 378.038269, 223.744720,46.205528, 535.860291, 1.000093
5, 374,3,468.541870, 468.520477, 378.038269, 223.744720,46.205528, 535.860291, 1.000046
5, 375,0,604.217834, 604.190918, 378.017059, 199.526306,171.048004, 604.217834, 1.000045
5, 375,1,256.052795, 256.050049, 378.017059, 199.526306,171.048004, 604.217834, 1.000011
5, 375,2,171.048004, 171.033752, 378.017059, 199.526306,171.048004, 604.217834, 1.000083
5, 375,3,480.749603, 480.725372, 378.017059, 199.526306,171.048004, 604.217834, 1.000050
5, 376,0,112.087891, 112.089249, 378.039185, 198.853241,112.087891, 564.160095, 0.999988
5, 376,1,488.913147, 488.840546, 378.039185, 198.853241,112.087891, 564.160095, 1.000149
5, 376,2,564.160095, 564.100403, 378.039185, 198.853241,112.087891, 564.160095, 1.000106
5, 376,3,346.995544, 346.969818, 378.039185, 198.853241,112.087891, 564.160095, 1.000074
5, 377,0,488.939667, 488.962158, 377.957642, 339.188049,36.853085, 801.238098, 0.999954
5, 377,1,801.238098, 801.318665, 377.957642, 339.188049,36.853085, 801.238098, 0.999899
5, 377,2,36.853085, 36.884781, 377.957642, 339.188049,36.853085, 801.238098, 0.999141
5, 377,3,184.799866, 184.834351, 377.957642, 339.188049,36.853085, 801.238098, 0.999813
5, 378,0,855.920715, 856.010437, 377.960266, 349.389557,16.500698, 855.920715, 0.999895
5, 378,1,306.792175, 306.810028, 377.960266, 349.389557,16.500698, 855.920715, 0.999942
5, 378,2,332.627411, 332.655731, 377.960266, 349.389557,16.500698, 855.920715, 0.999915
5, 378,3,16.500698, 16.523754, 377.960266, 349.389557,16.500698, 855.920715, 0.998605
5, 379,0,698.906860, 698.953674, 377.960907, 228.421585,183.707764, 698.906860, 0.999933
5, 379,1,376.916565, 376.924622, 377.960907, 228.421585,183.707764, 698.906860, 0.999979
5, 379,2,183.707764, 183.724487, 377.960907, 228.421585,183.707764, 698.906860, 0.999909
5, 379,3,252.312347, 252.397217, 377.960907, 228.421585,183.707764, 698.906860, 0.999664
5, 380,0,486.939606, 487.014893, 377.958496, 112.834091,226.945374, 486.939606, 0.999845
5, 380,1,362.715607, 362.788055, 377.958496, 112.834091,226.945374, 486.939606, 0.999800
5, 380,2,435.233337, 435.265656, 377.958496, 112.834091,226.945374, 486.939606, 0.999926
5, 380,3,226.945374, 226.931335, 377.958496, 112.834091,226.945374, 486.939606, 1.000062
5, 381,0,690.098816, 690.107544, 378.011108, 310.804657,20.683264, 690.098816, 0.999987
5, 381,1,20.683264, 20.654427, 378.011108, 310.804657,20.683264, 690.098816, 1.001396
5, 381,2,579.087585, 579.080627, 378.011108, 310.804657,20.683264, 690.098816, 1.000012
5, 381,3,222.174850, 222.157333, 378.011108, 310.804657,20.683264, 690.098816, 1.000079
5, 382,0,723.358887, 723.327637, 378.006195, 243.779007,168.249023, 723.358887, 1.000043
5, 382,1,168.249023, 168.271057, 378.006195, 243.779007,168.249023, 723.358887, 0.999869
5, 382,2,364.176086, 364.171051, 378.006195, 243.779007,168.249023, 723.358887, 1.000014
5, 382,3,256.240875, 256.230194, 378.006195, 243.779007,168.249023, 723.358887, 1.000042
5, 383,0,1125.719360, 1125.661133, 377.999084, 502.359314,40.981117, 1125.719360, 1.000052
5, 383,1,40.981117, 41.084240, 377.999084, 502.359314,40.981117, 1125.719360, 0.997490
5, 383,2,165.951538, 165.865784, 377.999084, 502.359314,40.981117, 1125.719360, 1.000517
5, 383,3,179.344406, 179.388733, 377.999084, 502.359314,40.981117, 1125.719360, 0.999753
5, 384,0,599.849670, 599.906006, 377.978638, 174.717606,181.870575, 599.849670, 0.999906
5, 384,1,407.297485, 407.303131, 377.978638, 174.717606,181.870575, 599.849670, 0.999986
5, 384,2,181.870575, 181.864471, 377.978638, 174.717606,181.870575, 599.849670, 1.000034
5, 384,3,322.896820, 322.926300, 377.978638, 174.717606,181.870575, 599.849670, 0.999909
5, 385,0,15.553474, 15.631506, 377.963196, 388.452606,15.553474, 844.544189, 0.995008
5, 385,1,104.267807, 104.255142, 377.963196, 388.452606,15.553474, 844.544189, 1.000121
5, 385,2,547.487366, 547.518433, 377.963196, 388.452606,15.553474, 844.544189, 0.999943
5, 385,3,844.544189, 844.594910, 377.963196, 388.452606,15.553474, 844.544189, 0.999940
5, 386,0,358.181641, 358.178802, 378.024170, 116.184181,221.797226, 475.945068, 1.000008
5, 386,1,475.945068, 475.906219, 378.024170, 116.184181,221.797226, 475.945068, 1.000082
5, 386,2,221.797226, 221.796112, 378.024170, 116.184181,221.797226, 475.945068, 1.000005
5, 386,3,456.172791, 456.118927, 378.024170, 116.184181,221.797226, 475.945068, 1.000118
5, 387,0,185.644226, 185.672180, 378.050171, 216.484665,185.644226, 687.514648, 0.999849
5, 387,1,687.514648, 687.430542, 378.050171, 216.484665,185.644226, 687.514648, 1.000122
5, 387,2,297.644135, 297.546997, 378.050171, 216.484665,185.644226, 687.514648, 1.000327
5, 387,3,341.397705, 341.350342, 378.050171, 216.484665,185.644226, 687.514648, 1.000139
5, 388,0,422.173126, 422.229279, 377.962830, 182.881500,184.952454, 610.569458, 0.999867
5, 388,1,184.952454, 184.934479, 377.962830, 182.881500,184.952454, 610.569458, 1.000097
5, 388,2,294.156250, 294.169403, 377.962830, 182.881500,184.952454, 610.569458, 0.999955
5, 388,3,610.569458, 610.666809, 377.962830, 182.881500,184.952454, 610.569458, 0.999841
5, 389,0,242.084015, 242.096497, 377.951385, 157.613403,242.084015, 593.459290, 0.999948
5, 389,1,394.924835, 394.956635, 377.951385, 157.613403,242.084015, 593.459290, 0.999919
5, 389,2,281.337402, 281.385315, 377.951385, 157.613403,242.084015, 593.459290, 0.999830
5, 389,3,593.459290, 593.561462, 377.951385, 157.613403,242.084015, 593.459290, 0.999828
5, 390,0,348.572327, 348.610626, 378.005890, 72.959229,292.450836, 459.707214, 0.999890
5, 390,1,411.293121, 411.292053, 378.005890, 72.959229,292.450836, 459.707214, 1.000003
5, 390,2,459.707214, 459.673492, 378.005890, 72.959229,292.450836, 459.707214, 1.000073
5, 390,3,292.450836, 292.423798, 378.005890, 72.959229,292.450836, 459.707214, 1.000093
5, 391,0,39.979023, 39.977432, 377.999817, 588.530823,13.665009, 1251.411255, 1.000040
5, 391,1,206.944016, 206.947479, 377.999817, 588.530823,13.665009, 1251.411255, 0.999983
5, 391,2,13.665009, 13.623646, 377.999817, 588.530823,13.665009, 1251.411255, 1.003036
5, 391,3,1251.411255, 1251.451416, 377.999817, 588.530823,13.665009, 1251.411255, 0.999968
5, 392,0,458.121307, 458.115143, 378.016479, 268.752136,107.530113, 717.113892, 1.000013
5, 392,1,107.530113, 107.499641, 378.016479, 268.752136,107.530113, 717.113892, 1.000283
5, 392,2,717.113892, 717.080383, 378.016479, 268.752136,107.530113, 717.113892, 1.000047
5, 392,3,229.300598, 229.304871, 378.016479, 268.752136,107.530113, 717.113892, 0.999981
5, 393,0,328.302704, 328.253235, 378.042542, 94.884552,304.624268, 515.651123, 1.000151
5, 393,1,515.651123, 515.561157, 378.042542, 94.884552,304.624268, 515.651123, 1.000175
5, 393,2,363.592010, 363.574432, 378.042542, 94.884552,304.624268, 515.651123, 1.000048
5, 393,3,304.624268, 304.611176, 378.042542, 94.884552,304.624268, 515.651123, 1.000043
5, 394,0,281.899139, 281.917450, 378.039032, 225.903458,240.693985, 715.839172, 0.999935
5, 394,1,715.839172, 715.717285, 378.039032, 225.903458,240.693985, 715.839172, 1.000170
5, 394,2,273.723938, 273.694550, 378.039032, 225.903458,240.693985, 715.839172, 1.000107
5, 394,3,240.693985, 240.670807, 378.039032, 225.903458,240.693985, 715.839172, 1.000096
5, 395,0,121.702736, 121.713028, 378.043579, 172.765488,121.702736, 491.117950, 0.999915
5, 395,1,429.869507, 429.832733, 378.043579, 172.765488,121.702736, 491.117950, 1.000086
5, 395,2,469.484100, 469.452911, 378.043579, 172.765488,121.702736, 491.117950, 1.000066
5, 395,3,491.117950, 491.001343, 378.043579, 172.765488,121.702736, 491.117950, 1.000237
5, 396,0,430.635101, 430.651031, 377.972290, 232.928467,35.351753, 539.789673, 0.999963
5, 396,1,35.351753, 35.321102, 377.972290, 232.928467,35.351753, 539.789673, 1.000868
5, 396,2,506.112640, 506.175446, 377.972290, 232.928467,35.351753, 539.789673, 0.999876
5, 396,3,539.789673, 539.852478, 377.972290, 232.928467,35.351753, 539.789673, 0.999884
5, 397,0,295.479492, 295.430206, 378.052734, 360.325500,100.293297, 905.072693, 1.000167
5, 397,1,905.072693, 904.954834, 378.052734, 360.325500,100.293297, 905.072693, 1.000130
5, 397,2,100.293297, 100.242310, 378.052734, 360.325500,100.293297, 905.072693, 1.000509
5, 397,3,211.365387, 211.372620, 378.052734, 360.325500,100.293297, 905.072693, 0.999966
5, 398,0,14.741378, 14.754934, 378.017181, 265.757111,14.741378, 609.501221, 0.999081
5, 398,1,349.993347, 349.949646, 378.017181, 265.757111,14.741378, 609.501221, 1.000125
5, 398,2,537.832764, 537.816528, 378.017181, 265.757111,14.741378, 609.501221, 1.000030
5, 398,3,609.501221, 609.478882, 378.017181, 265.757111,14.741378, 609.501221, 1.000037
5, 399,0,326.288727, 326.252991, 378.044250, 165.880676,209.341858, 604.697449, 1.000110
5, 399,1,604.697449, 604.600159, 378.044250, 165.880676,209.341858, 604.697449, 1.000161
5, 399,2,209.341858, 209.313202, 378.044250, 165.880676,209.341858, 604.697449, 1.000137
5, 399,3,371.848846, 371.833740, 378.044250, 165.880676,209.341858, 604.697449, 1.000041
5, 400,0,457.643280, 457.608856, 378.023071, 87.321068,298.985596, 457.643280, 1.000075
5, 400,1,449.454926, 449.415863, 378.023071, 87.321068,298.985596, 457.643280, 1.000087
5, 400,2,298.985596, 298.975037, 378.023071, 87.321068,298.985596, 457.643280, 1.000035
5, 400,3,306.008514, 306.000336, 378.023071, 87.321068,298.985596, 457.643280, 1.000027
5, 401,0,487.140289, 487.229828, 377.964661, 148.585587,231.335037, 523.404053, 0.999816
5, 401,1,231.335037, 231.353851, 377.964661, 148.585587,231.335037, 523.404053, 0.999919
5, 401,2,523.404053, 523.417664, 377.964661, 148.585587,231.335037, 523.404053, 0.999974
5, 401,3,269.979248, 269.998657, 377.964661, 148.585587,231.335037, 523.404053, 0.999928
5, 402,0,965.164917, 965.167053, 378.011292, 423.030670,48.207172, 965.164917, 0.999998
5, 402,1,90.858871, 90.855255, 378.011292, 423.030670,48.207172, 965.164917, 1.000040
5, 402,2,48.207172, 48.181644, 378.011292, 423.030670,48.207172, 965.164917, 1.000530
5, 402,3,407.814270, 407.796051, 378.011292, 423.030670,48.207172, 965.164917, 1.000045
5, 403,0,989.266479, 989.244568, 377.998993, 426.386475,58.484856, 989.266479, 1.000022
5, 403,1,58.484856, 58.474354, 377.998993, 426.386475,58.484856, 989.266479, 1.000180
5, 403,2,115.676727, 115.676773, 377.998993, 426.386475,58.484856, 989.266479, 1.000000
5, 403,3,348.567902, 348.604309, 377.998993, 426.386475,58.484856, 989.266479, 0.999896
5, 404,0,646.966736, 647.002014, 377.978119, 183.700806,239.467026, 646.966736, 0.999945
5, 404,1,288.392181, 288.400208, 377.978119, 183.700806,239.467026, 646.966736, 0.999972
5, 404,2,337.086578, 337.189911, 377.978119, 183.700806,239.467026, 646.966736, 0.999694
5, 404,3,239.467026, 239.407852, 377.978119, 183.700806,239.467026, 646.966736, 1.000247
5, 405,0,250.993881, 250.990356, 377.960419, 451.218140,32.149902, 1040.570068, 1.000014
5, 405,1,1040.570068, 1040.687988, 377.960419, 451.218140,32.149902, 1040.570068, 0.999887
5, 405,2,32.149902, 32.182915, 377.960419, 451.218140,32.149902, 1040.570068, 0.998974
5, 405,3,188.127808, 188.138763, 377.960419, 451.218140,32.149902, 1040.570068, 0.999942
5, 406,0,356.717377, 356.646301, 378.053162, 129.364105,263.101593, 562.920898, 1.000199
5, 406,1,329.472809, 329.409637, 378.053162, 129.364105,263.101593, 562.920898, 1.000192
5, 406,2,562.920898, 562.854919, 378.053162, 129.364105,263.101593, 562.920898, 1.000117
5, 406,3,263.101593, 263.089050, 378.053162, 129.364105,263.101593, 562.920898, 1.000048
5, 407,0,288.235474, 288.237091, 378.011078, 85.295647,288.235474, 479.969238, 0.999994
5, 407,1,479.969238, 479.958588, 378.011078, 85.295647,288.235474, 479.969238, 1.000022
5, 407,2,331.319855, 331.303894, 378.011078, 85.295647,288.235474, 479.969238, 1.000048
5, 407,3,412.519745, 412.500488, 378.011078, 85.295647,288.235474, 479.969238, 1.000047
5, 408,0,265.658936, 265.650848, 377.997986, 84.879936,265.658936, 470.969116, 1.000030
5, 408,1,378.666504, 378.662811, 377.997986, 84.879936,265.658936, 470.969116, 1.000010
5, 408,2,396.697388, 396.717590, 377.997986, 84.879936,265.658936, 470.969116, 0.999949
5, 408,3,470.969116, 470.968750, 377.997986, 84.879936,265.658936, 470.969116, 1.000001
5, 409,0,398.001617, 397.919952, 378.048065, 201.481094,203.001785, 653.985046, 1.000205
5, 409,1,257.203827, 257.199982, 378.048065, 201.481094,203.001785, 653.985046, 1.000015
5, 409,2,203.001785, 203.000000, 378.048065, 201.481094,203.001785, 653.985046, 1.000009
5, 409,3,653.985046, 653.880005, 378.048065, 201.481094,203.001785, 653.985046, 1.000161
5, 410,0,336.265656, 336.232910, 378.037292, 112.728394,239.392792, 489.232330, 1.000097
5, 410,1,447.258453, 447.198608, 378.037292, 112.728394,239.392792, 489.232330, 1.000134
5, 410,2,239.392792, 239.401413, 378.037292, 112.728394,239.392792, 489.232330, 0.999964
5, 410,3,489.232330, 489.167175, 378.037292, 112.728394,239.392792, 489.232330, 1.000133
5, 411,0,174.608704, 174.607376, 378.027222, 139.747009,174.608704, 486.299805, 1.000008
5, 411,1,486.299805, 486.245972, 378.027222, 139.747009,174.608704, 486.299805, 1.000111
5, 411,2,447.500610, 447.490845, 378.027222, 139.747009,174.608704, 486.299805, 1.000022
5, 411,3,403.699677, 403.655823, 378.027222, 139.747009,174.608704, 486.299805, 1.000109
5, 412,0,233.518967, 233.521423, 378.006622, 381.646759,100.454063, 942.574219, 0.999990
5, 412,1,942.574219, 942.458984, 378.006622, 381.646759,100.454063, 942.574219, 1.000122
5, 412,2,235.479294, 235.457169, 378.006622, 381.646759,100.454063, 942.574219, 1.000094
5, 412,3,100.454063, 100.562424, 378.006622, 381.646759,100.454063, 942.574219, 0.998922
5, 413,0,437.615234, 437.669617, 377.951904, 124.507271,231.608109, 515.560913, 0.999876
5, 413,1,327.023315, 327.070709, 377.951904, 124.507271,231.608109, 515.560913, 0.999855
5, 413,2,231.608109, 231.635422, 377.951904, 124.507271,231.608109, 515.560913, 0.999882
5, 413,3,515.560913, 515.624268, 377.951904, 124.507271,231.608109, 515.560913, 0.999877
5, 414,0,436.765442, 436.734375, 378.022522, 160.321930,165.095917, 545.763672, 1.000071
5, 414,1,364.465088, 364.467041, 378.022522, 160.321930,165.095917, 545.763672, 0.999995
5, 414,2,165.095917, 165.054810, 378.022522, 160.321930,165.095917, 545.763672, 1.000249
5, 414,3,545.763672, 545.743835, 378.022522, 160.321930,165.095917, 545.763672, 1.000036
5, 415,0,327.324646, 327.333710, 378.006317, 238.605453,84.041451, 656.214172, 0.999972
5, 415,1,84.041451, 83.966064, 378.006317, 238.605453,84.041451, 656.214172, 1.000898
5, 415,2,656.214172, 656.249634, 378.006317, 238.605453,84.041451, 656.214172, 0.999946
5, 415,3,444.444916, 444.450562, 378.006317, 238.605453,84.041451, 656.214172, 0.999987
5, 416,0,25.874878, 25.852135, 378.006775, 250.566345,25.874878, 584.311462, 1.000880
5, 416,1,584.311462, 584.296997, 378.006775, 250.566345,25.874878, 584.311462, 1.000025
5, 416,2,376.223724, 376.195557, 378.006775, 250.566345,25.874878, 584.311462, 1.000075
5, 416,3,525.617126, 525.655334, 378.006775, 250.566345,25.874878, 584.311462, 0.999927
5, 417,0,295.108734, 295.114258, 377.954041, 110.046051,295.108734, 537.867737, 0.999981
5, 417,1,360.924377, 361.023499, 377.954041, 110.046051,295.108734, 537.867737, 0.999725
5, 417,2,537.867737, 537.906982, 377.954041, 110.046051,295.108734, 537.867737, 0.999927
5, 417,3,317.915253, 317.955231, 377.954041, 110.046051,295.108734, 537.867737, 0.999874
5, 418,0,877.881653, 878.012817, 377.947388, 349.491638,117.278397, 877.881653, 0.999851
5, 418,1,158.498154, 158.483185, 377.947388, 349.491638,117.278397, 877.881653, 1.000094
5, 418,2,117.278397, 117.265640, 377.947388, 349.491638,117.278397, 877.881653, 1.000109
5, 418,3,358.131317, 358.238342, 377.947388, 349.491638,117.278397, 877.881653, 0.999701
5, 419,0,560.922852, 560.828674, 377.995758, 302.907562,67.188240, 703.678833, 1.000168
5, 419,1,703.678833, 703.746521, 377.995758, 302.907562,67.188240, 703.678833, 0.999904
5, 419,2,67.188240, 67.231461, 377.995758, 302.907562,67.188240, 703.678833, 0.999357
5, 419,3,180.193161, 180.193359, 377.995758, 302.907562,67.188240, 703.678833, 0.999999
5, 420,0,226.576675, 226.579605, 377.964539, 154.252884,226.576675, 589.446167, 0.999987
5, 420,1,589.446167, 589.529541, 377.964539, 154.252884,226.576675, 589.446167, 0.999859
5, 420,2,316.825378, 316.837952, 377.964539, 154.252884,226.576675, 589.446167, 0.999960
5, 420,3,379.010071, 379.052887, 377.964539, 154.252884,226.576675, 589.446167, 0.999887
5, 421,0,225.225067, 225.114609, 378.022522, 287.802612,51.576618, 660.887512, 1.000491
5, 421,1,574.400879, 574.349854, 378.022522, 287.802612,51.576618, 660.887512, 1.000089
5, 421,2,51.576618, 51.647011, 378.022522, 287.802612,51.576618, 660.887512, 0.998637
5, 421,3,660.887512, 660.888550, 378.022522, 287.802612,51.576618, 660.887512, 0.999998
5, 422,0,317.971069, 318.073486, 377.964325, 164.693146,180.612747, 560.075928, 0.999678
5, 422,1,560.075928, 560.068726, 377.964325, 164.693146,180.612747, 560.075928, 1.000013
5, 422,2,180.612747, 180.632050, 377.964325, 164.693146,180.612747, 560.075928, 0.999893
5, 422,3,453.197479, 453.225891, 377.964325, 164.693146,180.612747, 560.075928, 0.999937
5, 423,0,53.630959, 53.592873, 378.078918, 313.278442,53.630959, 789.441162, 1.000711
5, 423,1,424.532043, 424.466675, 378.078918, 313.278442,53.630959, 789.441162, 1.000154
5, 423,2,789.441162, 789.290283, 378.078918, 313.278442,53.630959, 789.441162, 1.000191
5, 423,3,244.711517, 244.650055, 378.078918, 313.278442,53.630959, 789.441162, 1.000251
5, 424,0,377.526001, 377.592407, 378.000000, 395.286682,96.884018, 937.173889, 0.999824
5, 424,1,100.416077, 100.369621, 378.000000, 395.286682,96.884018, 937.173889, 1.000463
5, 424,2,937.173889, 937.220337, 378.000000, 395.286682,96.884018, 937.173889, 0.999950
5, 424,3,96.884018, 96.817726, 378.000000, 395.286682,96.884018, 937.173889, 1.000685
5, 425,0,318.459534, 318.407959, 378.045319, 68.999306,318.459534, 452.691772, 1.000162
5, 425,1,452.691772, 452.636108, 378.045319, 68.999306,318.459534, 452.691772, 1.000123
5, 425,2,320.281860, 320.234009, 378.045319, 68.999306,318.459534, 452.691772, 1.000149
5, 425,3,420.748199, 420.721832, 378.045319, 68.999306,318.459534, 452.691772, 1.000063
5, 426,0,485.723969, 485.692047, 378.046783, 247.827515,122.952293, 671.666687, 1.000066
5, 426,1,231.844131, 231.829285, 378.046783, 247.827515,122.952293, 671.666687, 1.000064
5, 426,2,671.666687, 671.591919, 378.046783, 247.827515,122.952293, 671.666687, 1.000111
5, 426,3,122.952293, 122.886673, 378.046783, 247.827515,122.952293, 671.666687, 1.000534
5, 427,0,279.171204, 279.161743, 378.043335, 78.334320,279.171204, 451.080322, 1.000034
5, 427,1,451.080322, 450.998047, 378.043335, 78.334320,279.171204, 451.080322, 1.000182
5, 427,2,352.457794, 352.440216, 378.043335, 78.334320,279.171204, 451.080322, 1.000050
5, 427,3,429.463928, 429.400024, 378.043335, 78.334320,279.171204, 451.080322, 1.000149
5, 428,0,89.545135, 89.572800, 378.032562, 202.063095,89.545135, 525.805115, 0.999691
5, 428,1,387.044983, 386.986664, 378.032562, 202.063095,89.545135, 525.805115, 1.000151
5, 428,2,509.735016, 509.685577, 378.032562, 202.063095,89.545135, 525.805115, 1.000097
5, 428,3,525.805115, 525.755005, 378.032562, 202.063095,89.545135, 525.805115, 1.000095
5, 429,0,545.013733, 544.940857, 378.027313, 229.980881,165.990555, 606.483093, 1.000134
5, 429,1,165.990555, 165.968887, 378.027313, 229.980881,165.990555, 606.483093, 1.000131
5, 429,2,606.483093, 606.445435, 378.027313, 229.980881,165.990555, 606.483093, 1.000062
5, 429,3,194.621964, 194.644760, 378.027313, 229.980881,165.990555, 606.483093, 0.999883
5, 430,0,480.992157, 480.913483, 378.039917, 228.824478,151.927429, 649.109497, 1.000164
5, 430,1,649.109497, 649.155396, 378.039917, 228.824478,151.927429, 649.109497, 0.999929
5, 430,2,230.130493, 230.073624, 378.039917, 228.824478,151.927429, 649.109497, 1.000247
5, 430,3,151.927429, 151.857483, 378.039917, 228.824478,151.927429, 649.109497, 1.000461
5, 431,0,321.282379, 321.335358, 377.967102, 174.609787,208.987610, 621.635620, 0.999835
5, 431,1,208.987610, 208.950546, 377.967102, 174.609787,208.987610, 621.635620, 1.000177
5, 431,2,359.962708, 359.996429, 377.967102, 174.609787,208.987610, 621.635620, 0.999906
5, 431,3,621.635620, 621.717773, 377.967102, 174.609787,208.987610, 621.635620, 0.999868
5, 432,0,538.372192, 538.340515, 378.010956, 199.316711,89.854141, 538.372192, 1.000059
5, 432,1,89.854141, 89.917435, 378.010956, 199.316711,89.854141, 538.372192, 0.999296
5, 432,2,408.252197, 408.238739, 378.010956, 199.316711,89.854141, 538.372192, 1.000033
5, 432,3,475.565277, 475.503326, 378.010956, 199.316711,89.854141, 538.372192, 1.000130
5, 433,0,118.233551, 118.175758, 377.980530, 201.986435,118.233551, 567.729004, 1.000489
5, 433,1,567.729004, 567.772217, 377.980530, 201.986435,118.233551, 567.729004, 0.999924
5, 433,2,503.734131, 503.791992, 377.980530, 201.986435,118.233551, 567.729004, 0.999885
5, 433,3,322.225525, 322.259949, 377.980530, 201.986435,118.233551, 567.729004, 0.999893
5, 434,0,164.654160, 164.745956, 377.992920, 168.060638,164.654160, 547.963196, 0.999443
5, 434,1,331.159241, 331.126251, 377.992920, 168.060638,164.654160, 547.963196, 1.000100
5, 434,2,547.963196, 547.889771, 377.992920, 168.060638,164.654160, 547.963196, 1.000134
5, 434,3,468.195007, 468.238007, 377.992920, 168.060638,164.654160, 547.963196, 0.999908
5, 435,0,547.506775, 547.541931, 377.983093, 164.034851,166.093307, 547.506775, 0.999936
5, 435,1,343.536682, 343.579254, 377.983093, 164.034851,166.093307, 547.506775, 0.999876
5, 435,2,454.795715, 454.795441, 377.983093, 164.034851,166.093307, 547.506775, 1.000001
5, 435,3,166.093307, 166.083450, 377.983093, 164.034851,166.093307, 547.506775, 1.000059
5, 436,0,532.540161, 532.542725, 378.007874, 170.513535,184.164032, 532.540161, 0.999995
5, 436,1,184.164032, 184.153336, 378.007874, 170.513535,184.164032, 532.540161, 1.000058
5, 436,2,509.458618, 509.462891, 378.007874, 170.513535,184.164032, 532.540161, 0.999992
5, 436,3,285.868622, 285.841003, 378.007874, 170.513535,184.164032, 532.540161, 1.000097
5, 437,0,705.041260, 705.037903, 378.007629, 352.976196,13.117609, 705.041260, 1.000005
5, 437,1,654.777161, 654.770447, 378.007629, 352.976196,13.117609, 705.041260, 1.000010
5, 437,2,139.094559, 139.076553, 378.007629, 352.976196,13.117609, 705.041260, 1.000129
5, 437,3,13.117609, 13.115090, 378.007629, 352.976196,13.117609, 705.041260, 1.000192
5, 438,0,325.417755, 325.443695, 377.961151, 343.679962,20.157570, 847.114929, 0.999920
5, 438,1,847.114929, 847.240234, 377.961151, 343.679962,20.157570, 847.114929, 0.999852
5, 438,2,20.157570, 20.104362, 377.961151, 343.679962,20.157570, 847.114929, 1.002647
5, 438,3,319.154327, 319.211639, 377.961151, 343.679962,20.157570, 847.114929, 0.999820
5, 439,0,317.713318, 317.714417, 377.993011, 217.016922,202.550446, 694.716919, 0.999997
5, 439,1,296.991333, 297.024323, 377.993011, 217.016922,202.550446, 694.716919, 0.999889
5, 439,2,202.550446, 202.577316, 377.993011, 217.016922,202.550446, 694.716919, 0.999867
5, 439,3,694.716919, 694.683960, 377.993011, 217.016922,202.550446, 694.716919, 1.000047
5, 440,0,752.820740, 752.725891, 378.049988, 283.105347,108.867462, 752.820740, 1.000126
5, 440,1,220.472412, 220.465897, 378.049988, 283.105347,108.867462, 752.820740, 1.000030
5, 440,2,430.039337, 429.950928, 378.049988, 283.105347,108.867462, 752.820740, 1.000206
5, 440,3,108.867462, 108.857307, 378.049988, 283.105347,108.867462, 752.820740, 1.000093
5, 441,0,664.844299, 664.758179, 378.044037, 203.720581,183.466980, 664.844299, 1.000130
5, 441,1,323.594666, 323.568420, 378.044037, 203.720581,183.466980, 664.844299, 1.000081
5, 441,2,183.466980, 183.480499, 378.044037, 203.720581,183.466980, 664.844299, 0.999926
5, 441,3,340.270111, 340.192902, 378.044037, 203.720581,183.466980, 664.844299, 1.000227
5, 442,0,110.447731, 110.458908, 377.953247, 196.039764,110.447731, 544.049316, 0.999899
5, 442,1,544.049316, 544.109009, 377.953247, 196.039764,110.447731, 544.049316, 0.999890
5, 442,2,354.476715, 354.532135, 377.953247, 196.039764,110.447731, 544.049316, 0.999844
5, 442,3,502.839233, 502.899872, 377.953247, 196.039764,110.447731, 544.049316, 0.999879
5, 443,0,225.504227, 225.512146, 377.964996, 143.504974,225.504227, 544.905396, 0.999965
5, 443,1,298.051880, 298.076385, 377.964996, 143.504974,225.504227, 544.905396, 0.999918
5, 443,2,443.398529, 443.429810, 377.964996, 143.504974,225.504227, 544.905396, 0.999929
5, 443,3,544.905396, 544.981689, 377.964996, 143.504974,225.504227, 544.905396, 0.999860
5, 444,0,383.135651, 383.105377, 378.019867, 123.726662,204.260971, 489.602112, 1.000079
5, 444,1,489.602112, 489.582092, 378.019867, 123.726662,204.260971, 489.602112, 1.000041
5, 444,2,204.260971, 204.254471, 378.019867, 123.726662,204.260971, 489.602112, 1.000032
5, 444,3,435.080688, 435.058014, 378.019867, 123.726662,204.260971, 489.602112, 1.000052
5, 445,0,255.609955, 255.603851, 377.967896, 191.774429,181.833755, 592.773071, 1.000024
5, 445,1,592.773071, 592.847168, 377.967896, 191.774429,181.833755, 592.773071, 0.999875
5, 445,2,481.654724, 481.710388, 377.967896, 191.774429,181.833755, 592.773071, 0.999884
5, 445,3,181.833755, 181.838623, 377.967896, 191.774429,181.833755, 592.773071, 0.999973
5, 446,0,292.390198, 292.291748, 378.061127, 161.062668,231.332153, 599.022217, 1.000337
5, 446,1,389.499939, 389.477570, 378.061127, 161.062668,231.332153, 599.022217, 1.000057
5, 446,2,231.332153, 231.293732, 378.061127, 161.062668,231.332153, 599.022217, 1.000166
5, 446,3,599.022217, 598.937012, 378.061127, 161.062668,231.332153, 599.022217, 1.000142
5, 447,0,463.791412, 463.708832, 378.043701, 75.561966,295.515381, 463.791412, 1.000178
5, 447,1,414.905182, 414.871948, 378.043701, 75.561966,295.515381, 463.791412, 1.000080
5, 447,2,295.515381, 295.506653, 378.043701, 75.561966,295.515381, 463.791412, 1.000030
5, 447,3,337.962921, 337.912476, 378.043701, 75.561966,295.515381, 463.791412, 1.000149
5, 448,0,270.123016, 270.130280, 377.955292, 140.990433,270.123016, 584.907532, 0.999973
5, 448,1,584.907532, 584.976929, 377.955292, 140.990433,270.123016, 584.907532, 0.999881
5, 448,2,339.916992, 339.965668, 377.955292, 140.990433,270.123016, 584.907532, 0.999857
5, 448,3,316.873657, 316.927185, 377.955292, 140.990433,270.123016, 584.907532, 0.999831
5, 449,0,328.375122, 328.438171, 377.952332, 77.698555,321.862823, 489.626740, 0.999808
5, 449,1,321.862823, 321.931427, 377.952332, 77.698555,321.862823, 489.626740, 0.999787
5, 449,2,371.944733, 371.972076, 377.952332, 77.698555,321.862823, 489.626740, 0.999927
5, 449,3,489.626740, 489.658356, 377.952332, 77.698555,321.862823, 489.626740, 0.999935
5, 450,0,206.325745, 206.343170, 377.960480, 184.711609,206.325745, 613.009155, 0.999916
5, 450,1,434.678955, 434.704742, 377.960480, 184.711609,206.325745, 613.009155, 0.999941
5, 450,2,257.828064, 257.851013, 377.960480, 184.711609,206.325745, 613.009155, 0.999911
5, 450,3,613.009155, 613.101074, 377.960480, 184.711609,206.325745, 613.009155, 0.999850
5, 451,0,64.909531, 64.825348, 378.028595, 431.774200,64.909531, 1004.199707, 1.001299
5, 451,1,321.882538, 321.871521, 378.028595, 431.774200,64.909531, 1004.199707, 1.000034
5, 451,2,121.122650, 121.093460, 378.028595, 431.774200,64.909531, 1004.199707, 1.000241
5, 451,3,1004.199707, 1004.209717, 378.028595, 431.774200,64.909531, 1004.199707, 0.999990
5, 452,0,590.142090, 590.109497, 378.058777, 214.104599,85.647003, 590.142090, 1.000055
5, 452,1,461.880981, 461.796356, 378.058777, 214.104599,85.647003, 590.142090, 1.000183
5, 452,2,374.565002, 374.478973, 378.058777, 214.104599,85.647003, 590.142090, 1.000230
5, 452,3,85.647003, 85.615089, 378.058777, 214.104599,85.647003, 590.142090, 1.000373
5, 453,0,254.055008, 254.066406, 377.950806, 97.953613,254.055008, 492.143616, 0.999955
5, 453,1,395.983521, 396.036407, 377.950806, 97.953613,254.055008, 492.143616, 0.999866
5, 453,2,369.621002, 369.658844, 377.950806, 97.953613,254.055008, 492.143616, 0.999898
5, 453,3,492.143616, 492.238251, 377.950806, 97.953613,254.055008, 492.143616, 0.999808
5, 454,0,417.019714, 416.999878, 378.012695, 347.198608,15.587238, 836.763245, 1.000048
5, 454,1,836.763245, 836.724915, 378.012695, 347.198608,15.587238, 836.763245, 1.000046
5, 454,2,15.587238, 15.615568, 378.012695, 347.198608,15.587238, 836.763245, 0.998186
5, 454,3,242.680542, 242.659668, 378.012695, 347.198608,15.587238, 836.763245, 1.000086
5, 455,0,176.386963, 176.349152, 378.026489, 188.240952,176.386963, 628.454651, 1.000214
5, 455,1,383.136780, 383.125488, 378.026489, 188.240952,176.386963, 628.454651, 1.000029
5, 455,2,628.454651, 628.388855, 378.026489, 188.240952,176.386963, 628.454651, 1.000105
5, 455,3,324.127563, 324.136383, 378.026489, 188.240952,176.386963, 628.454651, 0.999973
5, 456,0,379.183197, 379.167847, 377.997040, 41.172688,321.969177, 420.271088, 1.000041
5, 456,1,390.564758, 390.586639, 377.997040, 41.172688,321.969177, 420.271088, 0.999944
5, 456,2,321.969177, 321.980682, 377.997040, 41.172688,321.969177, 420.271088, 0.999964
5, 456,3,420.271088, 420.264862, 377.997040, 41.172688,321.969177, 420.271088, 1.000015
5, 457,0,492.305634, 492.312103, 378.035767, 101.705254,265.248810, 492.305634, 0.999987
5, 457,1,265.248810, 265.209045, 378.035767, 101.705254,265.248810, 492.305634, 1.000150
5, 457,2,326.048431, 326.023132, 378.035767, 101.705254,265.248810, 492.305634, 1.000078
5, 457,3,428.540131, 428.455719, 378.035767, 101.705254,265.248810, 492.305634, 1.000197
5, 458,0,238.481110, 238.507004, 377.978882, 224.645752,136.345078, 589.992004, 0.999891
5, 458,1,136.345078, 136.368088, 377.978882, 224.645752,136.345078, 589.992004, 0.999831
5, 458,2,547.097351, 547.119690, 377.978882, 224.645752,136.345078, 589.992004, 0.999959
5, 458,3,589.992004, 590.005127, 377.978882, 224.645752,136.345078, 589.992004, 0.999978
5, 459,0,45.232857, 45.201267, 377.986267, 269.427368,45.232857, 676.504883, 1.000699
5, 459,1,488.240875, 488.271759, 377.986267, 269.427368,45.232857, 676.504883, 0.999937
5, 459,2,301.966370, 301.977417, 377.986267, 269.427368,45.232857, 676.504883, 0.999963
5, 459,3,676.504883, 676.549561, 377.986267, 269.427368,45.232857, 676.504883, 0.999934
5, 460,0,367.157806, 367.132996, 378.059723, 226.520996,65.045578, 581.113831, 1.000068
5, 460,1,498.921631, 498.829132, 378.059723, 226.520996,65.045578, 581.113831, 1.000185
5, 460,2,581.113831, 581.056763, 378.059723, 226.520996,65.045578, 581.113831, 1.000098
5, 460,3,65.045578, 64.981079, 378.059723, 226.520996,65.045578, 581.113831, 1.000993
5, 461,0,321.207703, 321.239197, 377.955627, 137.055801,242.143570, 564.090942, 0.999902
5, 461,1,564.090942, 564.100891, 377.955627, 137.055801,242.143570, 564.090942, 0.999982
5, 461,2,384.380249, 384.486389, 377.955627, 137.055801,242.143570, 564.090942, 0.999724
5, 461,3,242.143570, 242.173553, 377.955627, 137.055801,242.143570, 564.090942, 0.999876
5, 462,0,249.502472, 249.502991, 377.946381, 135.849899,249.502472, 521.248169, 0.999998
5, 462,1,521.248169, 521.329346, 377.946381, 135.849899,249.502472, 521.248169, 0.999844
5, 462,2,275.065979, 275.140564, 377.946381, 135.849899,249.502472, 521.248169, 0.999729
5, 462,3,465.968872, 466.027008, 377.946381, 135.849899,249.502472, 521.248169, 0.999875
5, 463,0,245.748810, 245.614578, 378.052063, 239.655548,127.392525, 666.072937, 1.000546
5, 463,1,127.392525, 127.362038, 378.052063, 239.655548,127.392525, 666.072937, 1.000239
5, 463,2,666.072937, 665.992981, 378.052063, 239.655548,127.392525, 666.072937, 1.000120
5, 463,3,472.994080, 473.030396, 378.052063, 239.655548,127.392525, 666.072937, 0.999923
5, 464,0,438.682404, 438.706268, 377.968475, 389.927429,34.859928, 903.123535, 0.999946
5, 464,1,135.207901, 135.199127, 377.968475, 389.927429,34.859928, 903.123535, 1.000065
5, 464,2,903.123535, 903.183655, 377.968475, 389.927429,34.859928, 903.123535, 0.999933
5, 464,3,34.859928, 34.910919, 377.968475, 389.927429,34.859928, 903.123535, 0.998539
5, 465,0,51.447544, 51.414665, 378.024231, 303.829712,51.447544, 781.760010, 1.000639
5, 465,1,781.760010, 781.694092, 378.024231, 303.829712,51.447544, 781.760010, 1.000084
5, 465,2,293.045197, 293.048553, 378.024231, 303.829712,51.447544, 781.760010, 0.999989
5, 465,3,385.844086, 385.842712, 378.024231, 303.829712,51.447544, 781.760010, 1.000004
5, 466,0,405.339294, 405.351532, 377.983368, 127.575768,190.969345, 471.206055, 0.999970
5, 466,1,444.418823, 444.437622, 377.983368, 127.575768,190.969345, 471.206055, 0.999958
5, 466,2,190.969345, 190.972198, 377.983368, 127.575768,190.969345, 471.206055, 0.999985
5, 466,3,471.206055, 471.238647, 377.983368, 127.575768,190.969345, 471.206055, 0.999931
5, 467,0,386.043701, 386.048950, 377.971008, 189.969742,182.055466, 633.408630, 0.999986
5, 467,1,633.408630, 633.503479, 377.971008, 189.969742,182.055466, 633.408630, 0.999850
5, 467,2,310.376221, 310.386139, 377.971008, 189.969742,182.055466, 633.408630, 0.999968
5, 467,3,182.055466, 182.061401, 377.971008, 189.969742,182.055466, 633.408630, 0.999967
5, 468,0,268.569092, 268.642151, 377.951752, 197.545837,173.230865, 618.272156, 0.999728
5, 468,1,451.734924, 451.831299, 377.951752, 197.545837,173.230865, 618.272156, 0.999787
5, 468,2,618.272156, 618.300598, 377.951752, 197.545837,173.230865, 618.272156, 0.999954
5, 468,3,173.230865, 173.225906, 377.951752, 197.545837,173.230865, 618.272156, 1.000029
5, 469,0,75.769409, 75.806831, 377.950562, 208.102142,75.769409, 519.154785, 0.999506
5, 469,1,405.003784, 405.059784, 377.950562, 208.102142,75.769409, 519.154785, 0.999862
5, 469,2,511.874268, 511.886444, 377.950562, 208.102142,75.769409, 519.154785, 0.999976
5, 469,3,519.154785, 519.246948, 377.950562, 208.102142,75.769409, 519.154785, 0.999822
5, 470,0,88.240181, 88.294609, 378.022888, 284.686493,88.240181, 652.459290, 0.999384
5, 470,1,590.308044, 590.177368, 378.022888, 284.686493,88.240181, 652.459290, 1.000221
5, 470,2,181.084122, 181.103378, 378.022888, 284.686493,88.240181, 652.459290, 0.999894
5, 470,3,652.459290, 652.424683, 378.022888, 284.686493,88.240181, 652.459290, 1.000053
5, 471,0,368.102875, 368.134491, 377.974548, 165.486084,147.850769, 510.293823, 0.999914
5, 471,1,510.293823, 510.333710, 377.974548, 165.486084,147.850769, 510.293823, 0.999922
5, 471,2,147.850769, 147.833450, 377.974548, 165.486084,147.850769, 510.293823, 1.000117
5, 471,3,485.650635, 485.698303, 377.974548, 165.486084,147.850769, 510.293823, 0.999902
5, 472,0,136.116791, 136.082428, 378.056335, 199.169556,136.116791, 620.970886, 1.000252
5, 472,1,620.970886, 620.906372, 378.056335, 199.169556,136.116791, 620.970886, 1.000104
5, 472,2,404.613678, 404.556152, 378.056335, 199.169556,136.116791, 620.970886, 1.000142
5, 472,3,350.524017, 350.455048, 378.056335, 199.169556,136.116791, 620.970886, 1.000197
5, 473,0,405.632538, 405.608795, 378.011169, 206.061234,78.655334, 520.474060, 1.000059
5, 473,1,78.655334, 78.653755, 378.011169, 206.061234,78.655334, 520.474060, 1.000020
5, 473,2,507.282837, 507.297882, 378.011169, 206.061234,78.655334, 520.474060, 0.999970
5, 473,3,520.474060, 520.439575, 378.011169, 206.061234,78.655334, 520.474060, 1.000066
5, 474,0,840.167480, 840.257385, 378.019775, 316.361969,132.980316, 840.167480, 0.999893
5, 474,1,230.338623, 230.257111, 378.019775, 316.361969,132.980316, 840.167480, 1.000354
5, 474,2,132.980316, 132.952881, 378.019775, 316.361969,132.980316, 840.167480, 1.000206
5, 474,3,308.592682, 308.532593, 378.019775, 316.361969,132.980316, 840.167480, 1.000195
5, 475,0,319.078674, 319.064972, 378.000488, 348.295319,62.248974, 874.018250, 1.000043
5, 475,1,256.656036, 256.592072, 378.000488, 348.295319,62.248974, 874.018250, 1.000249
5, 475,2,62.248974, 62.280750, 378.000488, 348.295319,62.248974, 874.018250, 0.999490
5, 475,3,874.018250, 874.062073, 378.000488, 348.295319,62.248974, 874.018250, 0.999950
5, 476,0,742.181946, 742.098145, 378.045380, 288.214355,116.706482, 742.181946, 1.000113
5, 476,1,179.974411, 179.970596, 378.045380, 288.214355,116.706482, 742.181946, 1.000021
5, 476,2,116.706482, 116.683670, 378.045380, 288.214355,116.706482, 742.181946, 1.000196
5, 476,3,473.318756, 473.247589, 378.045380, 288.214355,116.706482, 742.181946, 1.000150
5, 477,0,116.822960, 116.880089, 377.924561, 380.687012,81.786438, 905.178589, 0.999511
5, 477,1,81.786438, 81.886757, 377.924561, 380.687012,81.786438, 905.178589, 0.998775
5, 477,2,905.178589, 905.227600, 377.924561, 380.687012,81.786438, 905.178589, 0.999946
5, 477,3,407.910309, 408.005615, 377.924561, 380.687012,81.786438, 905.178589, 0.999766
5, 478,0,341.097900, 341.053680, 378.053894, 103.063354,254.762985, 493.250427, 1.000130
5, 478,1,493.250427, 493.183807, 378.053894, 103.063354,254.762985, 493.250427, 1.000135
5, 478,2,254.762985, 254.702789, 378.053894, 103.063354,254.762985, 493.250427, 1.000236
5, 478,3,423.104187, 423.059723, 378.053894, 103.063354,254.762985, 493.250427, 1.000105
5, 479,0,42.339825, 42.342117, 377.984924, 304.273621,42.339825, 659.864380, 0.999946
5, 479,1,659.864380, 659.877625, 377.984924, 304.273621,42.339825, 659.864380, 0.999980
5, 479,2,199.699142, 199.716614, 377.984924, 304.273621,42.339825, 659.864380, 0.999913
5, 479,3,610.036316, 610.063660, 377.984924, 304.273621,42.339825, 659.864380, 0.999955
5, 480,0,314.235809, 314.202087, 378.031097, 46.835518,314.235809, 416.245483, 1.000107
5, 480,1,371.804108, 371.768219, 378.031097, 46.835518,314.235809, 416.245483, 1.000097
5, 480,2,416.245483, 416.208679, 378.031097, 46.835518,314.235809, 416.245483, 1.000088
5, 480,3,409.839020, 409.821106, 378.031097, 46.835518,314.235809, 416.245483, 1.000044
5, 481,0,114.507889, 114.470428, 377.961670, 368.521271,17.375908, 771.470886, 1.000327
5, 481,1,771.470886, 771.525269, 377.961670, 368.521271,17.375908, 771.470886, 0.999929
5, 481,2,608.492065, 608.517334, 377.961670, 368.521271,17.375908, 771.470886, 0.999958
5, 481,3,17.375908, 17.486994, 377.961670, 368.521271,17.375908, 771.470886, 0.993648
5, 482,0,803.731812, 803.689148, 378.016144, 289.891663,170.159119, 803.731812, 1.000053
5, 482,1,170.159119, 170.159348, 378.016144, 289.891663,170.159119, 803.731812, 0.999999
5, 482,2,224.691010, 224.693207, 378.016144, 289.891663,170.159119, 803.731812, 0.999990
5, 482,3,313.482635, 313.458130, 378.016144, 289.891663,170.159119, 803.731812, 1.000078
5, 483,0,687.565857, 687.634888, 377.977692, 220.797943,164.050171, 687.565857, 0.999900
5, 483,1,324.235504, 324.208160, 377.977692, 220.797943,164.050171, 687.565857, 1.000084
5, 483,2,336.059265, 336.091370, 377.977692, 220.797943,164.050171, 687.565857, 0.999904
5, 483,3,164.050171, 164.065628, 377.977692, 220.797943,164.050171, 687.565857, 0.999906
5, 484,0,511.685822, 511.681488, 377.989685, 107.578972,268.772949, 511.685822, 1.000008
5, 484,1,317.702484, 317.701538, 377.989685, 107.578972,268.772949, 511.685822, 1.000003
5, 484,2,268.772949, 268.796234, 377.989685, 107.578972,268.772949, 511.685822, 0.999913
5, 484,3,413.797546, 413.820618, 377.989685, 107.578972,268.772949, 511.685822, 0.999944
5, 485,0,441.867706, 441.858734, 378.055908, 171.800018,125.622841, 510.852509, 1.000020
5, 485,1,510.852509, 510.746460, 378.055908, 171.800018,125.622841, 510.852509, 1.000208
5, 485,2,125.622841, 125.585762, 378.055908, 171.800018,125.622841, 510.852509, 1.000295
5, 485,3,433.880615, 433.809082, 378.055908, 171.800018,125.622841, 510.852509, 1.000165
5, 486,0,61.838318, 61.840492, 378.021912, 285.955078,61.838318, 747.423401, 0.999965
5, 486,1,747.423401, 747.372192, 378.021912, 285.955078,61.838318, 747.423401, 1.000069
5, 486,2,290.317322, 290.320038, 378.021912, 285.955078,61.838318, 747.423401, 0.999991
5, 486,3,412.508606, 412.467285, 378.021912, 285.955078,61.838318, 747.423401, 1.000100
5, 487,0,475.843781, 475.929504, 377.968323, 314.741394,68.681984, 774.879456, 0.999820
5, 487,1,192.468124, 192.471436, 377.968323, 314.741394,68.681984, 774.879456, 0.999983
5, 487,2,68.681984, 68.679474, 377.968323, 314.741394,68.681984, 774.879456, 1.000037
5, 487,3,774.879456, 774.919495, 377.968323, 314.741394,68.681984, 774.879456, 0.999948
5, 488,0,153.455292, 153.499451, 377.973022, 161.584457,153.455292, 500.379456, 0.999712
5, 488,1,500.379456, 500.392578, 377.973022, 161.584457,153.455292, 500.379456, 0.999974
5, 488,2,366.884888, 366.921173, 377.973022, 161.584457,153.455292, 500.379456, 0.999901
5, 488,3,491.172516, 491.186890, 377.973022, 161.584457,153.455292, 500.379456, 0.999971
5, 489,0,928.546631, 928.609680, 377.968719, 400.052856,25.105202, 928.546631, 0.999932
5, 489,1,25.105202, 25.105606, 377.968719, 400.052856,25.105202, 928.546631, 0.999984
5, 489,2,150.790161, 150.788956, 377.968719, 400.052856,25.105202, 928.546631, 1.000008
5, 489,3,407.432892, 407.495789, 377.968719, 400.052856,25.105202, 928.546631, 0.999846
5, 490,0,242.976349, 242.987396, 377.976746, 179.353500,203.858124, 542.111633, 0.999955
5, 490,1,542.111633, 542.161438, 377.976746, 179.353500,203.858124, 542.111633, 0.999908
5, 490,2,522.960754, 522.989929, 377.976746, 179.353500,203.858124, 542.111633, 0.999944
5, 490,3,203.858124, 203.861298, 377.976746, 179.353500,203.858124, 542.111633, 0.999984
5, 491,0,415.468994, 415.480103, 378.027985, 151.893723,160.991302, 515.685242, 0.999973
5, 491,1,419.966431, 419.877716, 378.027985, 151.893723,160.991302, 515.685242, 1.000211
5, 491,2,515.685242, 515.662415, 378.027985, 151.893723,160.991302, 515.685242, 1.000044
5, 491,3,160.991302, 160.979706, 378.027985, 151.893723,160.991302, 515.685242, 1.000072
5, 492,0,631.561523, 631.482727, 378.033752, 283.529114,40.307373, 631.561523, 1.000125
5, 492,1,592.304688, 592.344238, 378.033752, 283.529114,40.307373, 631.561523, 0.999933
5, 492,2,247.961395, 247.968277, 378.033752, 283.529114,40.307373, 631.561523, 0.999972
5, 492,3,40.307373, 40.204689, 378.033752, 283.529114,40.307373, 631.561523, 1.002554
5, 493,0,493.766724, 493.754517, 378.010712, 113.842766,230.903107, 493.766724, 1.000025
5, 493,1,352.766144, 352.751953, 378.010712, 113.842766,230.903107, 493.766724, 1.000040
5, 493,2,434.606964, 434.600830, 378.010712, 113.842766,230.903107, 493.766724, 1.000014
5, 493,3,230.903107, 230.892700, 378.010712, 113.842766,230.903107, 493.766724, 1.000045
5, 494,0,471.079865, 471.168335, 377.959381, 132.864624,210.655548, 497.347626, 0.999812
5, 494,1,332.754547, 332.779297, 377.959381, 132.864624,210.655548, 497.347626, 0.999926
5, 494,2,497.347626, 497.428497, 377.959381, 132.864624,210.655548, 497.347626, 0.999837
5, 494,3,210.655548, 210.623749, 377.959381, 132.864624,210.655548, 497.347626, 1.000151
5, 495,0,593.363892, 593.359070, 377.987823, 280.147949,30.910360, 616.937317, 1.000008
5, 495,1,270.739685, 270.744385, 377.987823, 280.147949,30.910360, 616.937317, 0.999983
5, 495,2,616.937317, 616.946594, 377.987823, 280.147949,30.910360, 616.937317, 0.999985
5, 495,3,30.910360, 30.949984, 377.987823, 280.147949,30.910360, 616.937317, 0.998720
5, 496,0,39.783791, 39.770287, 377.980103, 258.223511,39.783791, 629.182678, 1.000340
5, 496,1,629.182678, 629.286743, 377.980103, 258.223511,39.783791, 629.182678, 0.999835
5, 496,2,518.365234, 518.341309, 377.980103, 258.223511,39.783791, 629.182678, 1.000046
5, 496,3,324.588593, 324.601715, 377.980103, 258.223511,39.783791, 629.182678, 0.999960
5, 497,0,262.659607, 262.610840, 378.031097, 201.676483,163.365860, 606.949158, 1.000186
5, 497,1,479.149750, 479.125244, 378.031097, 201.676483,163.365860, 606.949158, 1.000051
5, 497,2,606.949158, 606.886108, 378.031097, 201.676483,163.365860, 606.949158, 1.000104
5, 497,3,163.365860, 163.377808, 378.031097, 201.676483,163.365860, 606.949158, 0.999927
5, 498,0,50.265575, 50.292583, 377.982849, 235.124390,50.265575, 548.773315, 0.999463
5, 498,1,364.333832, 364.373962, 377.982849, 235.124390,50.265575, 548.773315, 0.999890
5, 498,2,548.558716, 548.561096, 377.982849, 235.124390,50.265575, 548.773315, 0.999996
5, 498,3,548.773315, 548.772461, 377.982849, 235.124390,50.265575, 548.773315, 1.000002
5, 499,0,100.485535, 100.516365, 377.976349, 252.258362,100.485535, 690.442749, 0.999693
5, 499,1,272.015930, 272.039673, 377.976349, 252.258362,100.485535, 690.442749, 0.999913
5, 499,2,690.442749, 690.477295, 377.976349, 252.258362,100.485535, 690.442749, 0.999950
5, 499,3,448.961151, 448.966614, 377.976349, 252.258362,100.485535, 690.442749, 0.999988
5, 500,0,298.425018, 298.442902, 377.988464, 173.322968,226.663483, 624.272705, 0.999940
5, 500,1,226.663483, 226.672806, 377.988464, 173.322968,226.663483, 624.272705, 0.999959
5, 500,2,624.272705, 624.276001, 377.988464, 173.322968,226.663483, 624.272705, 0.999995
5, 500,3,362.592651, 362.608246, 377.988464, 173.322968,226.663483, 624.272705, 0.999957
5, 501,0,361.075531, 361.094513, 378.003845, 103.628792,300.455048, 528.812256, 0.999947
5, 501,1,528.812256, 528.800293, 378.003845, 103.628792,300.455048, 528.812256, 1.000023
5, 501,2,300.455048, 300.437134, 378.003845, 103.628792,300.455048, 528.812256, 1.000060
5, 501,3,321.672516, 321.668060, 378.003845, 103.628792,300.455048, 528.812256, 1.000014
5, 502,0,503.582977, 503.562683, 377.984711, 145.501862,188.620239, 503.582977, 1.000040
5, 502,1,188.620239, 188.625229, 377.984711, 145.501862,188.620239, 503.582977, 0.999974
5, 502,2,339.705566, 339.749207, 377.984711, 145.501862,188.620239, 503.582977, 0.999872
5, 502,3,480.030060, 480.062866, 377.984711, 145.501862,188.620239, 503.582977, 0.999932
5, 503,0,488.691895, 488.773132, 377.949951, 133.552490,191.102600, 488.691895, 0.999834
5, 503,1,374.547516, 374.640656, 377.949951, 133.552490,191.102600, 488.691895, 0.999751
5, 503,2,457.457855, 457.466766, 377.949951, 133.552490,191.102600, 488.691895, 0.999981
5, 503,3,191.102600, 191.119522, 377.949951, 133.552490,191.102600, 488.691895, 0.999911
5, 504,0,209.210831, 209.183853, 378.013916, 160.605759,209.210831, 589.421204, 1.000129
5, 504,1,397.255341, 397.260223, 378.013916, 160.605759,209.210831, 589.421204, 0.999988
5, 504,2,316.168335, 316.147827, 378.013916, 160.605759,209.210831, 589.421204, 1.000065
5, 504,3,589.421204, 589.408020, 378.013916, 160.605759,209.210831, 589.421204, 1.000022
5, 505,0,554.614563, 554.555359, 378.031891, 281.001556,35.941063, 654.411377, 1.000107
5, 505,1,654.411377, 654.412170, 378.031891, 281.001556,35.941063, 654.411377, 0.999999
5, 505,2,267.160614, 267.139893, 378.031891, 281.001556,35.941063, 654.411377, 1.000078
5, 505,3,35.941063, 35.892559, 378.031891, 281.001556,35.941063, 654.411377, 1.001351
5, 506,0,287.583466, 287.610199, 377.979675, 215.381027,213.231659, 694.369568, 0.999907
5, 506,1,213.231659, 213.238297, 377.979675, 215.381027,213.231659, 694.369568, 0.999969
5, 506,2,694.369568, 694.411072, 377.979675, 215.381027,213.231659, 694.369568, 0.999940
5, 506,3,316.733978, 316.740448, 377.979675, 215.381027,213.231659, 694.369568, 0.999980
5, 507,0,332.056244, 332.021179, 378.038544, 49.394447,332.056244, 442.516693, 1.000106
5, 507,1,389.726044, 389.712646, 378.038544, 49.394447,332.056244, 442.516693, 1.000034
5, 507,2,442.516693, 442.479431, 378.038544, 49.394447,332.056244, 442.516693, 1.000084
5, 507,3,347.855225, 347.786743, 378.038544, 49.394447,332.056244, 442.516693, 1.000197
5, 508,0,172.438705, 172.430283, 378.019409, 248.643356,153.166199, 595.630981, 1.000049
5, 508,1,595.630981, 595.589478, 378.019409, 248.643356,153.166199, 595.630981, 1.000070
5, 508,2,153.166199, 153.167297, 378.019409, 248.643356,153.166199, 595.630981, 0.999993
5, 508,3,590.841797, 590.812927, 378.019409, 248.643356,153.166199, 595.630981, 1.000049
5, 509,0,345.842010, 345.832062, 378.022980, 238.681641,53.625824, 579.373352, 1.000029
5, 509,1,579.373352, 579.324463, 378.022980, 238.681641,53.625824, 579.373352, 1.000084
5, 509,2,533.250793, 533.201111, 378.022980, 238.681641,53.625824, 579.373352, 1.000093
5, 509,3,53.625824, 53.642380, 378.022980, 238.681641,53.625824, 579.373352, 0.999691
5, 510,0,98.995880, 98.988861, 377.952881, 233.273911,98.995880, 658.080566, 1.000071
5, 510,1,318.372040, 318.424774, 377.952881, 233.273911,98.995880, 658.080566, 0.999834
5, 510,2,436.363068, 436.391937, 377.952881, 233.273911,98.995880, 658.080566, 0.999934
5, 510,3,658.080566, 658.194336, 377.952881, 233.273911,98.995880, 658.080566, 0.999827
5, 511,0,243.157379, 243.148590, 377.996063, 220.510834,224.018768, 698.865479, 1.000036
5, 511,1,345.942627, 345.952057, 377.996063, 220.510834,224.018768, 698.865479, 0.999973
5, 511,2,224.018768, 224.011841, 377.996063, 220.510834,224.018768, 698.865479, 1.000031
5, 511,3,698.865479, 698.887512, 377.996063, 220.510834,224.018768, 698.865479, 0.999968
5, 512,0,481.548157, 481.579315, 377.997284, 206.610367,94.738045, 570.216980, 0.999935
5, 512,1,94.738045, 94.729210, 377.997284, 206.610367,94.738045, 570.216980, 1.000093
5, 512,2,570.216980, 570.229858, 377.997284, 206.610367,94.738045, 570.216980, 0.999977
5, 512,3,365.485931, 365.461578, 377.997284, 206.610367,94.738045, 570.216980, 1.000067
5, 513,0,209.625351, 209.608658, 378.036377, 470.837769,31.362120, 1073.678833, 1.000080
5, 513,1,197.479279, 197.431610, 378.036377, 470.837769,31.362120, 1073.678833, 1.000241
5, 513,2,31.362120, 31.400967, 378.036377, 470.837769,31.362120, 1073.678833, 0.998763
5, 513,3,1073.678833, 1073.558716, 378.036377, 470.837769,31.362120, 1073.678833, 1.000112
5, 514,0,544.537231, 544.553101, 378.009949, 155.476883,177.705170, 544.537231, 0.999971
5, 514,1,177.705170, 177.697281, 378.009949, 155.476883,177.705170, 544.537231, 1.000044
5, 514,2,349.647339, 349.597107, 378.009949, 155.476883,177.705170, 544.537231, 1.000144
5, 514,3,440.150085, 440.152496, 378.009949, 155.476883,177.705170, 544.537231, 0.999995
5, 515,0,429.106659, 429.167114, 377.968231, 77.458733,282.989685, 451.861969, 0.999859
5, 515,1,451.861969, 451.889038, 377.968231, 77.458733,282.989685, 451.861969, 0.999940
5, 515,2,282.989685, 282.986267, 377.968231, 77.458733,282.989685, 451.861969, 1.000012
5, 515,3,347.914642, 347.957672, 377.968231, 77.458733,282.989685, 451.861969, 0.999876
5, 516,0,495.147888, 495.214172, 377.945923, 164.083817,135.098328, 495.147888, 0.999866
5, 516,1,431.663452, 431.677032, 377.945923, 164.083817,135.098328, 495.147888, 0.999969
5, 516,2,449.874115, 449.960846, 377.945923, 164.083817,135.098328, 495.147888, 0.999807
5, 516,3,135.098328, 135.147888, 377.945923, 164.083817,135.098328, 495.147888, 0.999633
5, 517,0,193.371902, 193.399582, 377.944000, 174.493652,193.371902, 612.644897, 0.999857
5, 517,1,374.516235, 374.540009, 377.944000, 174.493652,193.371902, 612.644897, 0.999937
5, 517,2,612.644897, 612.749817, 377.944000, 174.493652,193.371902, 612.644897, 0.999829
5, 517,3,331.243042, 331.310547, 377.944000, 174.493652,193.371902, 612.644897, 0.999796
5, 518,0,755.351379, 755.325439, 378.019318, 292.639771,129.664627, 755.351379, 1.000034
5, 518,1,164.304321, 164.308853, 378.019318, 292.639771,129.664627, 755.351379, 0.999972
5, 518,2,129.664627, 129.643219, 378.019318, 292.639771,129.664627, 755.351379, 1.000165
5, 518,3,462.756989, 462.722473, 378.019318, 292.639771,129.664627, 755.351379, 1.000075
5, 519,0,545.284729, 545.257080, 378.050171, 215.443146,79.276672, 545.284729, 1.000051
5, 519,1,362.079315, 362.044891, 378.050171, 215.443146,79.276672, 545.284729, 1.000095
5, 519,2,525.560059, 525.470337, 378.050171, 215.443146,79.276672, 545.284729, 1.000171
5, 519,3,79.276672, 79.227638, 378.050171, 215.443146,79.276672, 545.284729, 1.000619
5, 520,0,514.276184, 514.259766, 378.031128, 233.320282,28.681873, 514.276184, 1.000032
5, 520,1,483.968811, 483.905121, 378.031128, 233.320282,28.681873, 514.276184, 1.000132
5, 520,2,485.197632, 485.182983, 378.031128, 233.320282,28.681873, 514.276184, 1.000030
5, 520,3,28.681873, 28.652208, 378.031128, 233.320282,28.681873, 514.276184, 1.001035
5, 521,0,109.254868, 109.252144, 377.946045, 185.968292,109.254868, 520.846313, 1.000025
5, 521,1,520.846313, 520.922729, 377.946045, 185.968292,109.254868, 520.846313, 0.999853
5, 521,2,481.000671, 481.063324, 377.946045, 185.968292,109.254868, 520.846313, 0.999870
5, 521,3,400.682434, 400.761780, 377.946045, 185.968292,109.254868, 520.846313, 0.999802
5, 522,0,511.179382, 511.289795, 377.950470, 264.792297,110.423607, 681.749329, 0.999784
5, 522,1,681.749329, 681.815613, 377.950470, 264.792297,110.423607, 681.749329, 0.999903
5, 522,2,208.449570, 208.462921, 377.950470, 264.792297,110.423607, 681.749329, 0.999936
5, 522,3,110.423607, 110.431702, 377.950470, 264.792297,110.423607, 681.749329, 0.999927
5, 523,0,387.679413, 387.700714, 378.003601, 97.176636,263.330261, 499.690735, 0.999945
5, 523,1,263.330261, 263.312836, 378.003601, 97.176636,263.330261, 499.690735, 1.000066
5, 523,2,361.314087, 361.303375, 378.003601, 97.176636,263.330261, 499.690735, 1.000030
5, 523,3,499.690735, 499.683136, 378.003601, 97.176636,263.330261, 499.690735, 1.000015
5, 524,0,342.580902, 342.646851, 377.946198, 146.474915,276.384827, 593.760864, 0.999808
5, 524,1,299.058197, 299.101593, 377.946198, 146.474915,276.384827, 593.760864, 0.999855
5, 524,2,276.384827, 276.428864, 377.946198, 146.474915,276.384827, 593.760864, 0.999841
5, 524,3,593.760864, 593.822693, 377.946198, 146.474915,276.384827, 593.760864, 0.999896
5, 525,0,469.206940, 469.156525, 378.042236, 151.519470,172.046844, 511.405914, 1.000107
5, 525,1,511.405914, 511.339386, 378.042236, 151.519470,172.046844, 511.405914, 1.000130
5, 525,2,359.509186, 359.434052, 378.042236, 151.519470,172.046844, 511.405914, 1.000209
5, 525,3,172.046844, 172.070038, 378.042236, 151.519470,172.046844, 511.405914, 0.999865
5, 526,0,450.589996, 450.611969, 377.952728, 129.101456,200.929367, 493.153290, 0.999951
5, 526,1,200.929367, 200.942978, 377.952728, 129.101456,200.929367, 493.153290, 0.999932
5, 526,2,367.138306, 367.192719, 377.952728, 129.101456,200.929367, 493.153290, 0.999852
5, 526,3,493.153290, 493.252319, 377.952728, 129.101456,200.929367, 493.153290, 0.999799
5, 527,0,589.343811, 589.358459, 377.975708, 267.325073,141.464371, 628.725769, 0.999975
5, 527,1,152.368988, 152.398621, 377.975708, 267.325073,141.464371, 628.725769, 0.999806
5, 527,2,628.725769, 628.786133, 377.975708, 267.325073,141.464371, 628.725769, 0.999904
5, 527,3,141.464371, 141.456802, 377.975708, 267.325073,141.464371, 628.725769, 1.000054
5, 528,0,428.661224, 428.684814, 377.958740, 40.679569,332.686768, 428.661224, 0.999945
5, 528,1,362.409088, 362.454102, 377.958740, 40.679569,332.686768, 428.661224, 0.999876
5, 528,2,332.686768, 332.704254, 377.958740, 40.679569,332.686768, 428.661224, 0.999947
5, 528,3,388.077881, 388.156830, 377.958740, 40.679569,332.686768, 428.661224, 0.999797
5, 529,0,443.637054, 443.725403, 377.955261, 166.945984,128.299484, 474.818512, 0.999801
5, 529,1,465.066101, 465.121338, 377.955261, 166.945984,128.299484, 474.818512, 0.999881
5, 529,2,474.818512, 474.870514, 377.955261, 166.945984,128.299484, 474.818512, 0.999891
5, 529,3,128.299484, 128.282806, 377.955261, 166.945984,128.299484, 474.818512, 1.000130
5, 530,0,482.728668, 482.746094, 377.991516, 133.612045,204.083328, 483.111725, 0.999964
5, 530,1,342.042267, 342.030182, 377.991516, 133.612045,204.083328, 483.111725, 1.000035
5, 530,2,483.111725, 483.132263, 377.991516, 133.612045,204.083328, 483.111725, 0.999958
5, 530,3,204.083328, 204.091461, 377.991516, 133.612045,204.083328, 483.111725, 0.999960
5, 531,0,37.774700, 37.774437, 378.006897, 283.188873,37.774700, 727.065125, 1.000007
5, 531,1,335.192963, 335.190460, 378.006897, 283.188873,37.774700, 727.065125, 1.000008
5, 531,2,411.994873, 411.986572, 378.006897, 283.188873,37.774700, 727.065125, 1.000020
5, 531,3,727.065125, 727.048584, 378.006897, 283.188873,37.774700, 727.065125, 1.000023
5, 532,0,506.473724, 506.454620, 378.012817, 99.086098,265.239838, 506.473724, 1.000038
5, 532,1,265.239838, 265.236572, 378.012817, 99.086098,265.239838, 506.473724, 1.000012
5, 532,2,377.624115, 377.612427, 378.012817, 99.086098,265.239838, 506.473724, 1.000031
5, 532,3,362.713684, 362.696442, 378.012817, 99.086098,265.239838, 506.473724, 1.000048
5, 533,0,856.437561, 856.512207, 377.976135, 349.636047,61.425339, 856.437561, 0.999913
5, 533,1,186.343765, 186.328491, 377.976135, 349.636047,61.425339, 856.437561, 1.000082
5, 533,2,61.425339, 61.439724, 377.976135, 349.636047,61.425339, 856.437561, 0.999766
5, 533,3,407.697845, 407.719635, 377.976135, 349.636047,61.425339, 856.437561, 0.999947
5, 534,0,437.583527, 437.502136, 378.054077, 65.338013,285.100464, 437.583527, 1.000186
5, 534,1,389.089600, 389.054321, 378.054077, 65.338013,285.100464, 437.583527, 1.000091
5, 534,2,285.100464, 285.074615, 378.054077, 65.338013,285.100464, 437.583527, 1.000091
5, 534,3,400.442810, 400.368896, 378.054077, 65.338013,285.100464, 437.583527, 1.000185
5, 535,0,461.783173, 461.809967, 377.986450, 130.717239,227.092850, 509.563477, 0.999942
5, 535,1,509.563477, 509.588837, 377.986450, 130.717239,227.092850, 509.563477, 0.999950
5, 535,2,227.092850, 227.094147, 377.986450, 130.717239,227.092850, 509.563477, 0.999994
5, 535,3,313.506165, 313.507111, 377.986450, 130.717239,227.092850, 509.563477, 0.999997
5, 536,0,1003.406372, 1003.390564, 378.013977, 420.000916,120.696648, 1003.406372, 1.000016
5, 536,1,239.445206, 239.406342, 378.013977, 420.000916,120.696648, 1003.406372, 1.000162
5, 536,2,148.507675, 148.513718, 378.013977, 420.000916,120.696648, 1003.406372, 0.999959
5, 536,3,120.696648, 120.689438, 378.013977, 420.000916,120.696648, 1003.406372, 1.000060
5, 537,0,448.272736, 448.261200, 377.998108, 116.077652,269.502716, 504.304291, 1.000026
5, 537,1,289.912720, 289.921539, 377.998108, 116.077652,269.502716, 504.304291, 0.999970
5, 537,2,504.304291, 504.313202, 377.998108, 116.077652,269.502716, 504.304291, 0.999982
5, 537,3,269.502716, 269.504028, 377.998108, 116.077652,269.502716, 504.304291, 0.999995
5, 538,0,194.933426, 194.915176, 378.000671, 178.596649,194.933426, 546.062805, 1.000094
5, 538,1,546.062805, 546.068909, 378.000671, 178.596649,194.933426, 546.062805, 0.999989
5, 538,2,515.540222, 515.539795, 378.000671, 178.596649,194.933426, 546.062805, 1.000001
5, 538,3,255.466324, 255.476089, 378.000671, 178.596649,194.933426, 546.062805, 0.999962
5, 539,0,740.268616, 740.188538, 378.039551, 243.403107,226.700623, 740.268616, 1.000108
5, 539,1,246.283676, 246.246552, 378.039551, 243.403107,226.700623, 740.268616, 1.000151
5, 539,2,226.700623, 226.706726, 378.039551, 243.403107,226.700623, 740.268616, 0.999973
5, 539,3,298.905212, 298.858093, 378.039551, 243.403107,226.700623, 740.268616, 1.000158
5, 540,0,197.584946, 197.576752, 378.052979, 355.441254,60.473850, 873.617371, 1.000041
5, 540,1,380.535797, 380.443237, 378.052979, 355.441254,60.473850, 873.617371, 1.000243
5, 540,2,873.617371, 873.513123, 378.052979, 355.441254,60.473850, 873.617371, 1.000119
5, 540,3,60.473850, 60.466930, 378.052979, 355.441254,60.473850, 873.617371, 1.000114
5, 541,0,187.759140, 187.837891, 378.031067, 330.761353,114.322914, 849.372131, 0.999581
5, 541,1,114.322914, 114.253952, 378.031067, 330.761353,114.322914, 849.372131, 1.000604
5, 541,2,849.372131, 849.370789, 378.031067, 330.761353,114.322914, 849.372131, 1.000002
5, 541,3,360.669983, 360.537354, 378.031067, 330.761353,114.322914, 849.372131, 1.000368
5, 542,0,408.676300, 408.693848, 377.971985, 67.712860,288.551544, 446.652649, 0.999957
5, 542,1,446.652649, 446.694061, 377.971985, 67.712860,288.551544, 446.652649, 0.999907
5, 542,2,368.007507, 368.042969, 377.971985, 67.712860,288.551544, 446.652649, 0.999904
5, 542,3,288.551544, 288.569244, 377.971985, 67.712860,288.551544, 446.652649, 0.999939
5, 543,0,248.345703, 248.353806, 378.004578, 217.522369,173.648468, 662.468628, 0.999967
5, 543,1,173.648468, 173.643661, 378.004578, 217.522369,173.648468, 662.468628, 1.000028
5, 543,2,427.555450, 427.558960, 378.004578, 217.522369,173.648468, 662.468628, 0.999992
5, 543,3,662.468628, 662.443604, 378.004578, 217.522369,173.648468, 662.468628, 1.000038
5, 544,0,550.205383, 550.288025, 377.954376, 217.372665,63.514893, 550.205383, 0.999850
5, 544,1,409.670654, 409.699219, 377.954376, 217.372665,63.514893, 550.205383, 0.999930
5, 544,2,488.426544, 488.491241, 377.954376, 217.372665,63.514893, 550.205383, 0.999868
5, 544,3,63.514893, 63.521618, 377.954376, 217.372665,63.514893, 550.205383, 0.999894
5, 545,0,180.684937, 180.688644, 378.022919, 239.028549,172.394424, 646.541931, 0.999979
5, 545,1,172.394424, 172.391281, 378.022919, 239.028549,172.394424, 646.541931, 1.000018
5, 545,2,646.541931, 646.526428, 378.022919, 239.028549,172.394424, 646.541931, 1.000024
5, 545,3,512.470398, 512.393555, 378.022919, 239.028549,172.394424, 646.541931, 1.000150
5, 546,0,303.679565, 303.668213, 377.988800, 100.032257,280.871948, 477.346588, 1.000037
5, 546,1,280.871948, 280.898010, 377.988800, 100.032257,280.871948, 477.346588, 0.999907
5, 546,2,450.057129, 450.076050, 377.988800, 100.032257,280.871948, 477.346588, 0.999958
5, 546,3,477.346588, 477.357666, 377.988800, 100.032257,280.871948, 477.346588, 0.999977
5, 547,0,113.379082, 113.366791, 378.019348, 457.997559,113.379082, 1061.148682, 1.000108
5, 547,1,1061.148682, 1061.108765, 378.019348, 457.997559,113.379082, 1061.148682, 1.000038
5, 547,2,118.681976, 118.623932, 378.019348, 457.997559,113.379082, 1061.148682, 1.000489
5, 547,3,218.867645, 218.900391, 378.019348, 457.997559,113.379082, 1061.148682, 0.999850
5, 548,0,578.527100, 578.482605, 378.011536, 241.803513,70.200989, 578.527100, 1.000077
5, 548,1,299.945587, 299.934357, 378.011536, 241.803513,70.200989, 578.527100, 1.000037
5, 548,2,563.372498, 563.390015, 378.011536, 241.803513,70.200989, 578.527100, 0.999969
5, 548,3,70.200989, 70.193069, 378.011536, 241.803513,70.200989, 578.527100, 1.000113
5, 549,0,188.670593, 188.756287, 377.982605, 244.448975,145.046448, 592.334961, 0.999546
5, 549,1,592.334961, 592.358093, 377.982605, 244.448975,145.046448, 592.334961, 0.999961
5, 549,2,145.046448, 145.057846, 377.982605, 244.448975,145.046448, 592.334961, 0.999921
5, 549,3,585.878479, 585.827698, 377.982605, 244.448975,145.046448, 592.334961, 1.000087
5, 550,0,487.268829, 487.289337, 377.961761, 151.477371,200.630630, 519.510254, 0.999958
5, 550,1,304.437347, 304.451660, 377.961761, 151.477371,200.630630, 519.510254, 0.999953
5, 550,2,200.630630, 200.683273, 377.961761, 151.477371,200.630630, 519.510254, 0.999738
5, 550,3,519.510254, 519.575684, 377.961761, 151.477371,200.630630, 519.510254, 0.999874
5, 551,0,343.070313, 343.026672, 378.045532, 114.566689,247.418167, 521.582703, 1.000127
5, 551,1,400.110992, 400.051208, 378.045532, 114.566689,247.418167, 521.582703, 1.000149
5, 551,2,247.418167, 247.392899, 378.045532, 114.566689,247.418167, 521.582703, 1.000102
5, 551,3,521.582703, 521.529114, 378.045532, 114.566689,247.418167, 521.582703, 1.000103
5, 552,0,413.628845, 413.657227, 377.967590, 245.569778,40.962311, 630.288879, 0.999931
5, 552,1,40.962311, 40.983822, 377.967590, 245.569778,40.962311, 630.288879, 0.999475
5, 552,2,426.990356, 427.021576, 377.967590, 245.569778,40.962311, 630.288879, 0.999927
5, 552,3,630.288879, 630.337402, 377.967590, 245.569778,40.962311, 630.288879, 0.999923
5, 553,0,122.223946, 122.245171, 378.015564, 200.108704,122.223946, 561.245422, 0.999826
5, 553,1,510.461212, 510.441437, 378.015564, 200.108704,122.223946, 561.245422, 1.000039
5, 553,2,318.131592, 318.135559, 378.015564, 200.108704,122.223946, 561.245422, 0.999988
5, 553,3,561.245422, 561.177734, 378.015564, 200.108704,122.223946, 561.245422, 1.000121
5, 554,0,268.076691, 268.120270, 377.969177, 262.599579,58.155170, 602.681152, 0.999837
5, 554,1,582.963745, 582.985657, 377.969177, 262.599579,58.155170, 602.681152, 0.999962
5, 554,2,602.681152, 602.677795, 377.969177, 262.599579,58.155170, 602.681152, 1.000006
5, 554,3,58.155170, 58.216312, 377.969177, 262.599579,58.155170, 602.681152, 0.998950
5, 555,0,556.966614, 556.892151, 378.036285, 147.858124,194.872711, 556.966614, 1.000134
5, 555,1,382.617981, 382.592560, 378.036285, 147.858124,194.872711, 556.966614, 1.000066
5, 555,2,377.687897, 377.638397, 378.036285, 147.858124,194.872711, 556.966614, 1.000131
5, 555,3,194.872711, 194.876938, 378.036285, 147.858124,194.872711, 556.966614, 0.999978
5, 556,0,419.285706, 419.285736, 378.031128, 187.452759,107.741783, 539.606384, 1.000000
5, 556,1,445.490631, 445.399078, 378.031128, 187.452759,107.741783, 539.606384, 1.000206
5, 556,2,107.741783, 107.756119, 378.031128, 187.452759,107.741783, 539.606384, 0.999867
5, 556,3,539.606384, 539.559082, 378.031128, 187.452759,107.741783, 539.606384, 1.000088
5, 557,0,459.647003, 459.553864, 378.059418, 84.019424,281.221100, 459.647003, 1.000203
5, 557,1,435.821106, 435.759918, 378.059418, 84.019424,281.221100, 459.647003, 1.000140
5, 557,2,335.548401, 335.490051, 378.059418, 84.019424,281.221100, 459.647003, 1.000174
5, 557,3,281.221100, 281.196075, 378.059418, 84.019424,281.221100, 459.647003, 1.000089
5, 558,0,172.902588, 172.871765, 378.061005, 144.541458,172.902588, 489.925964, 1.000178
5, 558,1,467.841919, 467.773346, 378.061005, 144.541458,172.902588, 489.925964, 1.000147
5, 558,2,489.925964, 489.846527, 378.061005, 144.541458,172.902588, 489.925964, 1.000162
5, 558,3,381.573608, 381.508392, 378.061005, 144.541458,172.902588, 489.925964, 1.000171
5, 559,0,148.131729, 148.126282, 377.967529, 259.613129,148.131729, 743.937683, 1.000037
5, 559,1,254.348709, 254.392685, 377.967529, 259.613129,148.131729, 743.937683, 0.999827
5, 559,2,743.937683, 744.012939, 377.967529, 259.613129,148.131729, 743.937683, 0.999899
5, 559,3,365.451996, 365.468140, 377.967529, 259.613129,148.131729, 743.937683, 0.999956
5, 560,0,191.806625, 191.830460, 378.021545, 320.606689,23.355093, 676.969360, 0.999876
5, 560,1,619.955078, 619.890625, 378.021545, 320.606689,23.355093, 676.969360, 1.000104
5, 560,2,23.355093, 23.363670, 378.021545, 320.606689,23.355093, 676.969360, 0.999633
5, 560,3,676.969360, 676.915222, 378.021545, 320.606689,23.355093, 676.969360, 1.000080
5, 561,0,376.099091, 376.200897, 377.955322, 175.553589,142.782410, 563.760437, 0.999729
5, 561,1,142.782410, 142.849701, 377.955322, 175.553589,142.782410, 563.760437, 0.999529
5, 561,2,429.179443, 429.203217, 377.955322, 175.553589,142.782410, 563.760437, 0.999945
5, 561,3,563.760437, 563.746155, 377.955322, 175.553589,142.782410, 563.760437, 1.000025
5, 562,0,796.577820, 796.544373, 378.026459, 287.108887,185.731232, 796.577820, 1.000042
5, 562,1,333.948761, 333.917419, 378.026459, 287.108887,185.731232, 796.577820, 1.000094
5, 562,2,185.731232, 185.707886, 378.026459, 287.108887,185.731232, 796.577820, 1.000126
5, 562,3,195.848022, 195.830276, 378.026459, 287.108887,185.731232, 796.577820, 1.000091
5, 563,0,123.673355, 123.660439, 378.052917, 214.947891,123.673355, 562.199707, 1.000104
5, 563,1,550.140930, 550.032227, 378.052917, 214.947891,123.673355, 562.199707, 1.000198
5, 563,2,276.197632, 276.198425, 378.052917, 214.947891,123.673355, 562.199707, 0.999997
5, 563,3,562.199707, 562.108887, 378.052917, 214.947891,123.673355, 562.199707, 1.000162
5, 564,0,325.393799, 325.419495, 377.981018, 148.999466,257.267212, 595.491516, 0.999921
5, 564,1,333.771637, 333.754791, 377.981018, 148.999466,257.267212, 595.491516, 1.000050
5, 564,2,257.267212, 257.305420, 377.981018, 148.999466,257.267212, 595.491516, 0.999852
5, 564,3,595.491516, 595.520203, 377.981018, 148.999466,257.267212, 595.491516, 0.999952
5, 565,0,398.853577, 398.936005, 377.939453, 283.796600,10.472442, 703.042603, 0.999793
5, 565,1,703.042603, 703.167175, 377.939453, 283.796600,10.472442, 703.042603, 0.999823
5, 565,2,10.472442, 10.493376, 377.939453, 283.796600,10.472442, 703.042603, 0.998005
5, 565,3,399.389191, 399.403442, 377.939453, 283.796600,10.472442, 703.042603, 0.999964
5, 566,0,147.747330, 147.765121, 377.943298, 259.125397,147.747330, 736.460815, 0.999880
5, 566,1,736.460815, 736.530518, 377.943298, 259.125397,147.747330, 736.460815, 0.999905
5, 566,2,237.363525, 237.391541, 377.943298, 259.125397,147.747330, 736.460815, 0.999882
5, 566,3,390.201538, 390.312836, 377.943298, 259.125397,147.747330, 736.460815, 0.999715
5, 567,0,302.115906, 302.229279, 377.956024, 452.579346,27.237068, 1035.505981, 0.999625
5, 567,1,1035.505981, 1035.618164, 377.956024, 452.579346,27.237068, 1035.505981, 0.999892
5, 567,2,27.237068, 27.239923, 377.956024, 452.579346,27.237068, 1035.505981, 0.999895
5, 567,3,146.965179, 146.912689, 377.956024, 452.579346,27.237068, 1035.505981, 1.000357
5, 568,0,550.778992, 550.848999, 377.956116, 176.722229,137.781494, 550.778992, 0.999873
5, 568,1,455.634888, 455.707336, 377.956116, 176.722229,137.781494, 550.778992, 0.999841
5, 568,2,367.629150, 367.710785, 377.956116, 176.722229,137.781494, 550.778992, 0.999778
5, 568,3,137.781494, 137.732941, 377.956116, 176.722229,137.781494, 550.778992, 1.000353
5, 569,0,501.098907, 501.089752, 378.017273, 159.528625,145.566132, 501.098907, 1.000018
5, 569,1,145.566132, 145.560562, 378.017273, 159.528625,145.566132, 501.098907, 1.000038
5, 569,2,408.363861, 408.343689, 378.017273, 159.528625,145.566132, 501.098907, 1.000049
5, 569,3,457.040100, 457.006042, 378.017273, 159.528625,145.566132, 501.098907, 1.000075
5, 570,0,236.144501, 236.149643, 377.987823, 296.403503,165.934738, 815.567688, 0.999978
5, 570,1,815.567688, 815.615601, 377.987823, 296.403503,165.934738, 815.567688, 0.999941
5, 570,2,165.934738, 165.929657, 377.987823, 296.403503,165.934738, 815.567688, 1.000031
5, 570,3,294.304443, 294.305267, 377.987823, 296.403503,165.934738, 815.567688, 0.999997
5, 571,0,571.083069, 570.975220, 378.049133, 258.279480,16.355526, 571.083069, 1.000189
5, 571,1,556.765015, 556.684143, 378.049133, 258.279480,16.355526, 571.083069, 1.000145
5, 571,2,367.992981, 367.991669, 378.049133, 258.279480,16.355526, 571.083069, 1.000004
5, 571,3,16.355526, 16.349007, 378.049133, 258.279480,16.355526, 571.083069, 1.000399
5, 572,0,652.070923, 652.019470, 378.011078, 184.662155,264.524841, 652.070923, 1.000079
5, 572,1,264.524841, 264.522095, 378.011078, 184.662155,264.524841, 652.070923, 1.000010
5, 572,2,324.374481, 324.343170, 378.011078, 184.662155,264.524841, 652.070923, 1.000097
5, 572,3,271.074066, 271.115387, 378.011078, 184.662155,264.524841, 652.070923, 0.999848
5, 573,0,350.006104, 350.052338, 377.955353, 188.886002,145.135712, 603.333008, 0.999868
5, 573,1,603.333008, 603.428528, 377.955353, 188.886002,145.135712, 603.333008, 0.999842
5, 573,2,413.346588, 413.390991, 377.955353, 188.886002,145.135712, 603.333008, 0.999893
5, 573,3,145.135712, 145.128174, 377.955353, 188.886002,145.135712, 603.333008, 1.000052
5, 574,0,641.713562, 641.745972, 377.983459, 284.905670,85.861214, 641.713562, 0.999950
5, 574,1,182.153671, 182.168396, 377.983459, 284.905670,85.861214, 641.713562, 0.999919
5, 574,2,85.861214, 85.875122, 377.983459, 284.905670,85.861214, 641.713562, 0.999838
5, 574,3,602.205322, 602.210571, 377.983459, 284.905670,85.861214, 641.713562, 0.999991
5, 575,0,245.014648, 244.992661, 378.054382, 194.541504,245.014648, 663.319336, 1.000090
5, 575,1,339.871216, 339.826843, 378.054382, 194.541504,245.014648, 663.319336, 1.000131
5, 575,2,264.012390, 263.950562, 378.054382, 194.541504,245.014648, 663.319336, 1.000234
5, 575,3,663.319336, 663.229919, 378.054382, 194.541504,245.014648, 663.319336, 1.000135
5, 576,0,705.237061, 705.204773, 377.995605, 240.720856,159.591705, 705.237061, 1.000046
5, 576,1,242.553513, 242.546371, 377.995605, 240.720856,159.591705, 705.237061, 1.000029
5, 576,2,404.600128, 404.630615, 377.995605, 240.720856,159.591705, 705.237061, 0.999925
5, 576,3,159.591705, 159.618286, 377.995605, 240.720856,159.591705, 705.237061, 0.999833
5, 577,0,531.731018, 531.632263, 378.024902, 222.793198,47.091038, 531.731018, 1.000186
5, 577,1,47.091038, 47.144428, 378.024902, 222.793198,47.091038, 531.731018, 0.998868
5, 577,2,472.241425, 472.194031, 378.024902, 222.793198,47.091038, 531.731018, 1.000100
5, 577,3,461.036163, 461.029236, 378.024902, 222.793198,47.091038, 531.731018, 1.000015
5, 578,0,259.215332, 259.214355, 378.007751, 162.149551,219.126663, 538.881958, 1.000004
5, 578,1,538.881958, 538.871033, 378.007751, 162.149551,219.126663, 538.881958, 1.000020
5, 578,2,219.126663, 219.125580, 378.007751, 162.149551,219.126663, 538.881958, 1.000005
5, 578,3,494.807098, 494.789124, 378.007751, 162.149551,219.126663, 538.881958, 1.000036
5, 579,0,158.384903, 158.474258, 377.982666, 176.660233,158.384903, 584.042969, 0.999436
5, 579,1,584.042969, 584.026550, 377.982666, 176.660233,158.384903, 584.042969, 1.000028
5, 579,2,346.996613, 347.006287, 377.982666, 176.660233,158.384903, 584.042969, 0.999972
5, 579,3,422.506256, 422.493011, 377.982666, 176.660233,158.384903, 584.042969, 1.000031
5, 580,0,136.178375, 136.128021, 377.987427, 201.663055,136.178375, 581.657654, 1.000370
5, 580,1,500.312561, 500.343292, 377.987427, 201.663055,136.178375, 581.657654, 0.999939
5, 580,2,581.657654, 581.676636, 377.987427, 201.663055,136.178375, 581.657654, 0.999967
5, 580,3,293.800995, 293.852112, 377.987427, 201.663055,136.178375, 581.657654, 0.999826
5, 581,0,193.170441, 193.159882, 378.025146, 252.173065,131.879135, 633.109558, 1.000055
5, 581,1,131.879135, 131.870773, 378.025146, 252.173065,131.879135, 633.109558, 1.000063
5, 581,2,553.941528, 553.890747, 378.025146, 252.173065,131.879135, 633.109558, 1.000092
5, 581,3,633.109558, 633.078491, 378.025146, 252.173065,131.879135, 633.109558, 1.000049
5, 582,0,572.932373, 572.943420, 377.998138, 277.485138,15.287544, 615.771362, 0.999981
5, 582,1,15.287544, 15.244473, 377.998138, 277.485138,15.287544, 615.771362, 1.002825
5, 582,2,308.001282, 308.009430, 377.998138, 277.485138,15.287544, 615.771362, 0.999974
5, 582,3,615.771362, 615.802673, 377.998138, 277.485138,15.287544, 615.771362, 0.999949
5, 583,0,291.429962, 291.418549, 377.978882, 137.040024,231.063400, 497.184113, 1.000039
5, 583,1,231.063400, 231.066605, 377.978882, 137.040024,231.063400, 497.184113, 0.999986
5, 583,2,497.184113, 497.244995, 377.978882, 137.040024,231.063400, 497.184113, 0.999878
5, 583,3,492.237976, 492.269897, 377.978882, 137.040024,231.063400, 497.184113, 0.999935
5, 584,0,245.991470, 246.023529, 377.986633, 412.015991,85.957687, 987.911804, 0.999870
5, 584,1,85.957687, 85.954071, 377.986633, 412.015991,85.957687, 987.911804, 1.000042
5, 584,2,987.911804, 987.932739, 377.986633, 412.015991,85.957687, 987.911804, 0.999979
5, 584,3,192.085526, 192.089600, 377.986633, 412.015991,85.957687, 987.911804, 0.999979
5, 585,0,231.134659, 231.133392, 377.968170, 128.749542,231.134659, 499.513611, 1.000005
5, 585,1,499.513611, 499.535034, 377.968170, 128.749542,231.134659, 499.513611, 0.999957
5, 585,2,309.753662, 309.776855, 377.968170, 128.749542,231.134659, 499.513611, 0.999925
5, 585,3,471.470795, 471.554688, 377.968170, 128.749542,231.134659, 499.513611, 0.999822
5, 586,0,263.593597, 263.552002, 378.050812, 104.119743,263.593597, 515.541809, 1.000158
5, 586,1,355.281006, 355.246521, 378.050812, 104.119743,263.593597, 515.541809, 1.000097
5, 586,2,515.541809, 515.464417, 378.050812, 104.119743,263.593597, 515.541809, 1.000150
5, 586,3,377.786713, 377.737030, 378.050812, 104.119743,263.593597, 515.541809, 1.000131
5, 587,0,236.425873, 236.410660, 378.049438, 245.765945,104.650482, 597.321411, 1.000064
5, 587,1,104.650482, 104.647079, 378.049438, 245.765945,104.650482, 597.321411, 1.000033
5, 587,2,573.799988, 573.693054, 378.049438, 245.765945,104.650482, 597.321411, 1.000186
5, 587,3,597.321411, 597.249207, 378.049438, 245.765945,104.650482, 597.321411, 1.000121
5, 588,0,742.507385, 742.418579, 378.050629, 280.091827,156.676590, 742.507385, 1.000120
5, 588,1,156.676590, 156.703094, 378.050629, 280.091827,156.676590, 742.507385, 0.999831
5, 588,2,159.399139, 159.366745, 378.050629, 280.091827,156.676590, 742.507385, 1.000203
5, 588,3,453.619385, 453.511566, 378.050629, 280.091827,156.676590, 742.507385, 1.000238
5, 589,0,452.261780, 452.266266, 378.016724, 137.678589,171.635666, 452.261780, 0.999990
5, 589,1,171.635666, 171.596207, 378.016724, 137.678589,171.635666, 452.261780, 1.000230
5, 589,2,448.006439, 447.998505, 378.016724, 137.678589,171.635666, 452.261780, 1.000018
5, 589,3,440.162933, 440.139099, 378.016724, 137.678589,171.635666, 452.261780, 1.000054
5, 590,0,558.559631, 558.639099, 377.937805, 218.459305,85.661400, 558.559631, 0.999858
5, 590,1,336.579010, 336.641052, 377.937805, 218.459305,85.661400, 558.559631, 0.999816
5, 590,2,85.661400, 85.690262, 377.937805, 218.459305,85.661400, 558.559631, 0.999663
5, 590,3,530.951233, 531.029724, 377.937805, 218.459305,85.661400, 558.559631, 0.999852
5, 591,0,535.491333, 535.407898, 378.042847, 184.152786,175.872101, 535.491333, 1.000156
5, 591,1,532.830688, 532.752502, 378.042847, 184.152786,175.872101, 535.491333, 1.000147
5, 591,2,267.977234, 267.980438, 378.042847, 184.152786,175.872101, 535.491333, 0.999988
5, 591,3,175.872101, 175.859146, 378.042847, 184.152786,175.872101, 535.491333, 1.000074
5, 592,0,417.780731, 417.776184, 378.013733, 179.577347,174.037964, 601.670715, 1.000011
5, 592,1,318.565491, 318.564240, 378.013733, 179.577347,174.037964, 601.670715, 1.000004
5, 592,2,174.037964, 174.043869, 378.013733, 179.577347,174.037964, 601.670715, 0.999966
5, 592,3,601.670715, 601.615723, 378.013733, 179.577347,174.037964, 601.670715, 1.000091
5, 593,0,99.224121, 99.192276, 378.051483, 243.448303,99.224121, 684.011108, 1.000321
5, 593,1,684.011108, 683.877625, 378.051483, 243.448303,99.224121, 684.011108, 1.000195
5, 593,2,419.608734, 419.574371, 378.051483, 243.448303,99.224121, 684.011108, 1.000082
5, 593,3,309.361938, 309.355682, 378.051483, 243.448303,99.224121, 684.011108, 1.000020
5, 594,0,409.534485, 409.560516, 378.011230, 94.735130,261.423279, 486.572998, 0.999936
5, 594,1,261.423279, 261.415222, 378.011230, 94.735130,261.423279, 486.572998, 1.000031
5, 594,2,354.514160, 354.477631, 378.011230, 94.735130,261.423279, 486.572998, 1.000103
5, 594,3,486.572998, 486.546570, 378.011230, 94.735130,261.423279, 486.572998, 1.000054
5, 595,0,381.261871, 381.274719, 377.985138, 181.246353,121.194084, 519.967041, 0.999966
5, 595,1,519.967041, 519.975708, 377.985138, 181.246353,121.194084, 519.967041, 0.999983
5, 595,2,489.517548, 489.561707, 377.985138, 181.246353,121.194084, 519.967041, 0.999910
5, 595,3,121.194084, 121.187836, 377.985138, 181.246353,121.194084, 519.967041, 1.000052
5, 596,0,413.428711, 413.365265, 378.031067, 248.391190,178.970825, 715.619934, 1.000154
5, 596,1,715.619934, 715.556946, 378.031067, 248.391190,178.970825, 715.619934, 1.000088
5, 596,2,204.104843, 204.093750, 378.031067, 248.391190,178.970825, 715.619934, 1.000054
5, 596,3,178.970825, 178.983963, 378.031067, 248.391190,178.970825, 715.619934, 0.999927
5, 597,0,656.805176, 656.816772, 378.030060, 311.034119,10.945650, 656.805176, 0.999982
5, 597,1,230.011765, 229.948746, 378.030060, 311.034119,10.945650, 656.805176, 1.000274
5, 597,2,10.945650, 10.916135, 378.030060, 311.034119,10.945650, 656.805176, 1.002704
5, 597,3,614.357605, 614.318298, 378.030060, 311.034119,10.945650, 656.805176, 1.000064
5, 598,0,439.858246, 439.842682, 378.010071, 131.930557,186.128357, 482.516541, 1.000035
5, 598,1,403.537048, 403.524475, 378.010071, 131.930557,186.128357, 482.516541, 1.000031
5, 598,2,482.516541, 482.514557, 378.010071, 131.930557,186.128357, 482.516541, 1.000004
5, 598,3,186.128357, 186.118286, 378.010071, 131.930557,186.128357, 482.516541, 1.000054
5, 599,0,539.624329, 539.595276, 378.014252, 113.143158,289.664246, 539.624329, 1.000054
5, 599,1,371.359741, 371.348969, 378.014252, 113.143158,289.664246, 539.624329, 1.000029
5, 599,2,289.664246, 289.654297, 378.014252, 113.143158,289.664246, 539.624329, 1.000034
5, 599,3,311.408722, 311.401428, 378.014252, 113.143158,289.664246, 539.624329, 1.000023
5, 600,0,464.920959, 464.869476, 378.026031, 85.952606,259.261719, 464.920959, 1.000111
5, 600,1,394.087067, 394.067688, 378.026031, 85.952606,259.261719, 464.920959, 1.000049
5, 600,2,393.834381, 393.803497, 378.026031, 85.952606,259.261719, 464.920959, 1.000078
5, 600,3,259.261719, 259.259460, 378.026031, 85.952606,259.261719, 464.920959, 1.000009
5, 601,0,515.139709, 515.180298, 377.959808, 185.200897,125.730331, 518.676819, 0.999921
5, 601,1,518.676819, 518.759766, 377.959808, 185.200897,125.730331, 518.676819, 0.999840
5, 601,2,352.292358, 352.341980, 377.959808, 185.200897,125.730331, 518.676819, 0.999859
5, 601,3,125.730331, 125.717918, 377.959808, 185.200897,125.730331, 518.676819, 1.000099
5, 602,0,246.147980, 246.104416, 378.034912, 268.699982,87.925674, 703.052979, 1.000177
5, 602,1,87.925674, 87.907585, 378.034912, 268.699982,87.925674, 703.052979, 1.000206
5, 602,2,475.013031, 474.995178, 378.034912, 268.699982,87.925674, 703.052979, 1.000038
5, 602,3,703.052979, 702.992859, 378.034912, 268.699982,87.925674, 703.052979, 1.000085
5, 603,0,472.905518, 472.839478, 378.015228, 260.006439,62.744869, 675.457458, 1.000140
5, 603,1,62.744869, 62.810528, 378.015228, 260.006439,62.744869, 675.457458, 0.998955
5, 603,2,675.457458, 675.425110, 378.015228, 260.006439,62.744869, 675.457458, 1.000048
5, 603,3,300.952972, 300.924988, 378.015228, 260.006439,62.744869, 675.457458, 1.000093
5, 604,0,415.628052, 415.633789, 377.956085, 123.034218,269.458740, 535.256592, 0.999986
5, 604,1,535.256592, 535.333984, 377.956085, 123.034218,269.458740, 535.256592, 0.999855
5, 604,2,269.458740, 269.537567, 377.956085, 123.034218,269.458740, 535.256592, 0.999708
5, 604,3,291.480927, 291.494537, 377.956085, 123.034218,269.458740, 535.256592, 0.999953
5, 605,0,467.058594, 467.048065, 378.023102, 236.800476,29.324615, 557.819702, 1.000023
5, 605,1,29.324615, 29.298138, 378.023102, 236.800476,29.324615, 557.819702, 1.000904
5, 605,2,457.889496, 457.858490, 378.023102, 236.800476,29.324615, 557.819702, 1.000068
5, 605,3,557.819702, 557.795227, 378.023102, 236.800476,29.324615, 557.819702, 1.000044
5, 606,0,324.636627, 324.656799, 377.978699, 363.210693,24.308107, 885.629883, 0.999938
5, 606,1,885.629883, 885.673950, 377.978699, 363.210693,24.308107, 885.629883, 0.999950
5, 606,2,277.340210, 277.310669, 377.978699, 363.210693,24.308107, 885.629883, 1.000107
5, 606,3,24.308107, 24.358601, 377.978699, 363.210693,24.308107, 885.629883, 0.997927
5, 607,0,182.870102, 182.849686, 377.983826, 185.054779,182.870102, 580.138367, 1.000112
5, 607,1,580.138367, 580.142822, 377.983826, 185.054779,182.870102, 580.138367, 0.999992
5, 607,2,483.493713, 483.544678, 377.983826, 185.054779,182.870102, 580.138367, 0.999895
5, 607,3,265.433136, 265.462830, 377.983826, 185.054779,182.870102, 580.138367, 0.999888
5, 608,0,162.196259, 162.235306, 377.959045, 161.144760,162.196259, 501.592468, 0.999759
5, 608,1,347.146515, 347.151428, 377.959045, 161.144760,162.196259, 501.592468, 0.999986
5, 608,2,501.592468, 501.657654, 377.959045, 161.144760,162.196259, 501.592468, 0.999870
5, 608,3,500.900879, 500.955750, 377.959045, 161.144760,162.196259, 501.592468, 0.999890
5, 609,0,559.184021, 559.167175, 378.005798, 192.497513,131.595886, 559.184021, 1.000030
5, 609,1,322.602020, 322.598358, 378.005798, 192.497513,131.595886, 559.184021, 1.000011
5, 609,2,498.641235, 498.635986, 378.005798, 192.497513,131.595886, 559.184021, 1.000010
5, 609,3,131.595886, 131.598526, 378.005798, 192.497513,131.595886, 559.184021, 0.999980
5, 610,0,471.127655, 471.106018, 377.999512, 125.697510,205.106766, 471.127655, 1.000046
5, 610,1,364.713898, 364.728027, 377.999512, 125.697510,205.106766, 471.127655, 0.999961
5, 610,2,471.049683, 471.055542, 377.999512, 125.697510,205.106766, 471.127655, 0.999988
5, 610,3,205.106766, 205.110504, 377.999512, 125.697510,205.106766, 471.127655, 0.999982
5, 611,0,159.483841, 159.493942, 377.944153, 325.562653,49.823696, 732.505310, 0.999937
5, 611,1,732.505310, 732.604919, 377.944153, 325.562653,49.823696, 732.505310, 0.999864
5, 611,2,49.823696, 49.891663, 377.944153, 325.562653,49.823696, 732.505310, 0.998638
5, 611,3,569.963745, 570.009399, 377.944153, 325.562653,49.823696, 732.505310, 0.999920
5, 612,0,641.474182, 641.527649, 377.966003, 260.666626,81.732841, 641.474182, 0.999917
5, 612,1,546.175720, 546.237610, 377.966003, 260.666626,81.732841, 641.474182, 0.999887
5, 612,2,242.481339, 242.489746, 377.966003, 260.666626,81.732841, 641.474182, 0.999965
5, 612,3,81.732841, 81.745033, 377.966003, 260.666626,81.732841, 641.474182, 0.999851
5, 613,0,747.529846, 747.549805, 378.000427, 341.072540,72.299301, 747.529846, 0.999973
5, 613,1,72.299301, 72.289070, 378.000427, 341.072540,72.299301, 747.529846, 1.000142
5, 613,2,104.270966, 104.230675, 378.000427, 341.072540,72.299301, 747.529846, 1.000387
5, 613,3,587.901550, 587.930420, 378.000427, 341.072540,72.299301, 747.529846, 0.999951
5, 614,0,378.137787, 378.060852, 378.031708, 238.408600,47.258614, 600.087280, 1.000203
5, 614,1,47.258614, 47.252464, 378.031708, 238.408600,47.258614, 600.087280, 1.000130
5, 614,2,486.643188, 486.632721, 378.031708, 238.408600,47.258614, 600.087280, 1.000021
5, 614,3,600.087280, 600.053894, 378.031708, 238.408600,47.258614, 600.087280, 1.000056
5, 615,0,338.063629, 338.087799, 377.971588, 247.781586,97.851952, 700.648621, 0.999929
5, 615,1,375.322144, 375.350494, 377.971588, 247.781586,97.851952, 700.648621, 0.999924
5, 615,2,700.648621, 700.681458, 377.971588, 247.781586,97.851952, 700.648621, 0.999953
5, 615,3,97.851952, 97.880264, 377.971588, 247.781586,97.851952, 700.648621, 0.999711
5, 616,0,409.705231, 409.661926, 378.057983, 97.583267,294.113831, 502.063019, 1.000106
5, 616,1,502.063019, 501.974518, 378.057983, 97.583267,294.113831, 502.063019, 1.000176
5, 616,2,294.113831, 294.060699, 378.057983, 97.583267,294.113831, 502.063019, 1.000181
5, 616,3,306.349792, 306.302826, 378.057983, 97.583267,294.113831, 502.063019, 1.000153
5, 617,0,233.759766, 233.775970, 377.970795, 98.460846,233.759766, 444.007355, 0.999931
5, 617,1,444.007355, 444.037964, 377.970795, 98.460846,233.759766, 444.007355, 0.999931
5, 617,2,396.197266, 396.234161, 377.970795, 98.460846,233.759766, 444.007355, 0.999907
5, 617,3,437.918793, 437.951843, 377.970795, 98.460846,233.759766, 444.007355, 0.999925
5, 618,0,486.606140, 486.576752, 378.019470, 141.269409,171.337982, 486.606140, 1.000060
5, 618,1,443.673126, 443.640503, 378.019470, 141.269409,171.337982, 486.606140, 1.000074
5, 618,2,410.460571, 410.454071, 378.019470, 141.269409,171.337982, 486.606140, 1.000016
5, 618,3,171.337982, 171.328659, 378.019470, 141.269409,171.337982, 486.606140, 1.000054
5, 619,0,116.340881, 116.359779, 377.955444, 366.149139,36.676018, 812.708923, 0.999838
5, 619,1,36.676018, 36.726303, 377.955444, 366.149139,36.676018, 812.708923, 0.998631
5, 619,2,812.708923, 812.751648, 377.955444, 366.149139,36.676018, 812.708923, 0.999947
5, 619,3,546.095947, 546.162354, 377.955444, 366.149139,36.676018, 812.708923, 0.999878
5, 620,0,261.252289, 261.234406, 378.006683, 125.387421,261.252289, 499.558350, 1.000068
5, 620,1,472.427765, 472.448334, 378.006683, 125.387421,261.252289, 499.558350, 0.999956
5, 620,2,499.558350, 499.549255, 378.006683, 125.387421,261.252289, 499.558350, 1.000018
5, 620,3,278.788361, 278.768097, 378.006683, 125.387421,261.252289, 499.558350, 1.000073
5, 621,0,621.588501, 621.605652, 377.982758, 259.434448,59.700947, 621.588501, 0.999972
5, 621,1,59.700947, 59.732151, 377.982758, 259.434448,59.700947, 621.588501, 0.999478
5, 621,2,276.606445, 276.603271, 377.982758, 259.434448,59.700947, 621.588501, 1.000011
5, 621,3,554.035156, 554.059021, 377.982758, 259.434448,59.700947, 621.588501, 0.999957
5, 622,0,256.738861, 256.767151, 377.955475, 204.481476,191.849045, 651.794434, 0.999890
5, 622,1,191.849045, 191.852692, 377.955475, 204.481476,191.849045, 651.794434, 0.999981
5, 622,2,411.439575, 411.454529, 377.955475, 204.481476,191.849045, 651.794434, 0.999964
5, 622,3,651.794434, 651.925659, 377.955475, 204.481476,191.849045, 651.794434, 0.999799
5, 623,0,107.491066, 107.458214, 378.015594, 252.312927,107.491066, 717.050049, 1.000306
5, 623,1,327.780060, 327.773041, 378.015594, 252.312927,107.491066, 717.050049, 1.000021
5, 623,2,717.050049, 717.019775, 378.015594, 252.312927,107.491066, 717.050049, 1.000042
5, 623,3,359.741211, 359.748993, 378.015594, 252.312927,107.491066, 717.050049, 0.999978
5, 624,0,398.616425, 398.547668, 377.984924, 53.355770,298.685577, 414.582214, 1.000172
5, 624,1,298.685577, 298.706146, 377.984924, 53.355770,298.685577, 414.582214, 0.999931
5, 624,2,400.055450, 400.141907, 377.984924, 53.355770,298.685577, 414.582214, 0.999784
5, 624,3,414.582214, 414.604279, 377.984924, 53.355770,298.685577, 414.582214, 0.999947
5, 625,0,523.596558, 523.516113, 378.047791, 234.704712,53.071880, 573.515930, 1.000154
5, 625,1,53.071880, 53.060040, 378.047791, 234.704712,53.071880, 573.515930, 1.000223
5, 625,2,573.515930, 573.445618, 378.047791, 234.704712,53.071880, 573.515930, 1.000123
5, 625,3,362.006897, 361.978149, 378.047791, 234.704712,53.071880, 573.515930, 1.000079
5, 626,0,569.369812, 569.288147, 378.054565, 210.402328,132.443176, 569.369812, 1.000143
5, 626,1,274.040771, 274.044800, 378.054565, 210.402328,132.443176, 569.369812, 0.999985
5, 626,2,536.364624, 536.220215, 378.054565, 210.402328,132.443176, 569.369812, 1.000269
5, 626,3,132.443176, 132.446838, 378.054565, 210.402328,132.443176, 569.369812, 0.999972
5, 627,0,392.109894, 392.260712, 377.949005, 313.431305,115.048332, 814.139771, 0.999615
5, 627,1,115.048332, 115.019379, 377.949005, 313.431305,115.048332, 814.139771, 1.000252
5, 627,2,814.139771, 814.207886, 377.949005, 313.431305,115.048332, 814.139771, 0.999916
5, 627,3,190.498093, 190.511993, 377.949005, 313.431305,115.048332, 814.139771, 0.999927
5, 628,0,348.232544, 348.233368, 377.995300, 146.840149,183.537369, 510.708099, 0.999998
5, 628,1,469.503174, 469.517456, 377.995300, 146.840149,183.537369, 510.708099, 0.999970
5, 628,2,183.537369, 183.528015, 377.995300, 146.840149,183.537369, 510.708099, 1.000051
5, 628,3,510.708099, 510.721252, 377.995300, 146.840149,183.537369, 510.708099, 0.999974
5, 629,0,248.683731, 248.738815, 378.005493, 192.701477,200.946106, 621.729797, 0.999779
5, 629,1,621.729797, 621.715271, 378.005493, 192.701477,200.946106, 621.729797, 1.000023
5, 629,2,440.662415, 440.622528, 378.005493, 192.701477,200.946106, 621.729797, 1.000090
5, 629,3,200.946106, 200.923279, 378.005493, 192.701477,200.946106, 621.729797, 1.000114
5, 630,0,582.178589, 582.141541, 378.035217, 148.859772,260.737854, 582.178589, 1.000064
5, 630,1,274.307159, 274.316406, 378.035217, 148.859772,260.737854, 582.178589, 0.999966
5, 630,2,394.917206, 394.838989, 378.035217, 148.859772,260.737854, 582.178589, 1.000198
5, 630,3,260.737854, 260.703125, 378.035217, 148.859772,260.737854, 582.178589, 1.000133
5, 631,0,625.505066, 625.439453, 378.035767, 294.052887,10.569600, 625.505066, 1.000105
5, 631,1,605.260437, 605.216187, 378.035767, 294.052887,10.569600, 625.505066, 1.000073
5, 631,2,10.569600, 10.548950, 378.035767, 294.052887,10.569600, 625.505066, 1.001958
5, 631,3,270.807922, 270.795441, 378.035767, 294.052887,10.569600, 625.505066, 1.000046
5, 632,0,364.867706, 364.914825, 377.954010, 135.465485,192.118530, 494.173065, 0.999871
5, 632,1,460.656738, 460.719055, 377.954010, 135.465485,192.118530, 494.173065, 0.999865
5, 632,2,192.118530, 192.126709, 377.954010, 135.465485,192.118530, 494.173065, 0.999957
5, 632,3,494.173065, 494.239380, 377.954010, 135.465485,192.118530, 494.173065, 0.999866
5, 633,0,142.109116, 142.114014, 378.015625, 222.415878,142.109116, 678.987366, 0.999966
5, 633,1,678.987366, 678.951172, 378.015625, 222.415878,142.109116, 678.987366, 1.000053
5, 633,2,350.672028, 350.649811, 378.015625, 222.415878,142.109116, 678.987366, 1.000063
5, 633,3,340.293884, 340.285004, 378.015625, 222.415878,142.109116, 678.987366, 1.000026
5, 634,0,83.133499, 83.113716, 378.049744, 242.405640,83.133499, 600.640747, 1.000238
5, 634,1,550.490845, 550.438477, 378.049744, 242.405640,83.133499, 600.640747, 1.000095
5, 634,2,600.640747, 600.550659, 378.049744, 242.405640,83.133499, 600.640747, 1.000150
5, 634,3,277.933777, 277.897186, 378.049744, 242.405640,83.133499, 600.640747, 1.000132
5, 635,0,511.101715, 511.031006, 378.042267, 183.252548,114.545998, 511.101715, 1.000138
5, 635,1,114.545998, 114.549217, 378.042267, 183.252548,114.545998, 511.101715, 0.999972
5, 635,2,493.770599, 493.746246, 378.042267, 183.252548,114.545998, 511.101715, 1.000049
5, 635,3,392.750732, 392.673431, 378.042267, 183.252548,114.545998, 511.101715, 1.000197
5, 636,0,776.155579, 776.109863, 378.008453, 265.777344,229.870407, 776.155579, 1.000059
5, 636,1,262.866089, 262.888123, 378.008453, 265.777344,229.870407, 776.155579, 0.999916
5, 636,2,229.870407, 229.854340, 378.008453, 265.777344,229.870407, 776.155579, 1.000070
5, 636,3,243.141708, 243.147736, 378.008453, 265.777344,229.870407, 776.155579, 0.999975
5, 637,0,371.768127, 371.778351, 377.964111, 221.416229,116.259888, 657.966736, 0.999973
5, 637,1,116.259888, 116.257553, 377.964111, 221.416229,116.259888, 657.966736, 1.000020
5, 637,2,657.966736, 658.041260, 377.964111, 221.416229,116.259888, 657.966736, 0.999887
5, 637,3,365.861725, 365.922760, 377.964111, 221.416229,116.259888, 657.966736, 0.999833
5, 638,0,156.696030, 156.657150, 377.992279, 181.985046,156.696030, 565.159119, 1.000248
5, 638,1,309.121552, 309.089691, 377.992279, 181.985046,156.696030, 565.159119, 1.000103
5, 638,2,565.159119, 565.254089, 377.992279, 181.985046,156.696030, 565.159119, 0.999832
5, 638,3,480.992462, 480.999054, 377.992279, 181.985046,156.696030, 565.159119, 0.999986
5, 639,0,326.032440, 325.960968, 378.062500, 427.577209,65.739685, 997.181519, 1.000219
5, 639,1,997.181519, 997.032227, 378.062500, 427.577209,65.739685, 997.181519, 1.000150
5, 639,2,123.296364, 123.298752, 378.062500, 427.577209,65.739685, 997.181519, 0.999981
5, 639,3,65.739685, 65.708099, 378.062500, 427.577209,65.739685, 997.181519, 1.000481
5, 640,0,212.803375, 212.760895, 378.027252, 163.256073,212.803375, 597.500061, 1.000200
5, 640,1,312.050964, 312.035217, 378.027252, 163.256073,212.803375, 597.500061, 1.000050
5, 640,2,597.500061, 597.507629, 378.027252, 163.256073,212.803375, 597.500061, 0.999987
5, 640,3,389.754517, 389.696136, 378.027252, 163.256073,212.803375, 597.500061, 1.000150
5, 641,0,227.243668, 227.266891, 377.956482, 102.324600,227.243668, 442.108948, 0.999898
5, 641,1,400.807007, 400.851990, 377.956482, 102.324600,227.243668, 442.108948, 0.999888
5, 641,2,441.666229, 441.725220, 377.956482, 102.324600,227.243668, 442.108948, 0.999866
5, 641,3,442.108948, 442.155884, 377.956482, 102.324600,227.243668, 442.108948, 0.999894
5, 642,0,515.684143, 515.699341, 377.992218, 233.871307,152.079208, 634.470520, 0.999971
5, 642,1,634.470520, 634.492920, 377.992218, 233.871307,152.079208, 634.470520, 0.999965
5, 642,2,209.735031, 209.734604, 377.992218, 233.871307,152.079208, 634.470520, 1.000002
5, 642,3,152.079208, 152.073196, 377.992218, 233.871307,152.079208, 634.470520, 1.000040
5, 643,0,453.884094, 453.820435, 378.048553, 59.913448,318.733673, 453.884094, 1.000140
5, 643,1,343.681580, 343.627686, 378.048553, 59.913448,318.733673, 453.884094, 1.000157
5, 643,2,318.733673, 318.714417, 378.048553, 59.913448,318.733673, 453.884094, 1.000060
5, 643,3,395.894867, 395.837494, 378.048553, 59.913448,318.733673, 453.884094, 1.000145
5, 644,0,259.833374, 259.921936, 377.951416, 142.626068,259.833374, 547.345398, 0.999659
5, 644,1,444.687164, 444.726013, 377.951416, 142.626068,259.833374, 547.345398, 0.999913
5, 644,2,259.939789, 259.941742, 377.951416, 142.626068,259.833374, 547.345398, 0.999992
5, 644,3,547.345398, 547.410339, 377.951416, 142.626068,259.833374, 547.345398, 0.999881
5, 645,0,327.858643, 327.826324, 378.032562, 388.610870,16.993925, 926.888733, 1.000099
5, 645,1,926.888733, 926.785828, 378.032562, 388.610870,16.993925, 926.888733, 1.000111
5, 645,2,16.993925, 16.994644, 378.032562, 388.610870,16.993925, 926.888733, 0.999958
5, 645,3,240.389038, 240.393265, 378.032562, 388.610870,16.993925, 926.888733, 0.999982
5, 646,0,314.346527, 314.349579, 378.022095, 228.265244,82.194893, 565.699524, 0.999990
5, 646,1,82.194893, 82.216209, 378.022095, 228.265244,82.194893, 565.699524, 0.999741
5, 646,2,565.699524, 565.640564, 378.022095, 228.265244,82.194893, 565.699524, 1.000104
5, 646,3,549.847412, 549.793701, 378.022095, 228.265244,82.194893, 565.699524, 1.000098
5, 647,0,580.358154, 580.369263, 377.991638, 247.192703,133.608276, 601.181335, 0.999981
5, 647,1,133.608276, 133.617279, 377.991638, 247.192703,133.608276, 601.181335, 0.999933
5, 647,2,196.818710, 196.817657, 377.991638, 247.192703,133.608276, 601.181335, 1.000005
5, 647,3,601.181335, 601.195801, 377.991638, 247.192703,133.608276, 601.181335, 0.999976
5, 648,0,304.843414, 304.783783, 378.003174, 190.318802,150.358795, 584.297302, 1.000196
5, 648,1,472.513275, 472.531433, 378.003174, 190.318802,150.358795, 584.297302, 0.999962
5, 648,2,150.358795, 150.372314, 378.003174, 190.318802,150.358795, 584.297302, 0.999910
5, 648,3,584.297302, 584.312561, 378.003174, 190.318802,150.358795, 584.297302, 0.999974
5, 649,0,654.334534, 654.319397, 378.013275, 341.193085,23.045073, 685.468811, 1.000023
5, 649,1,149.204712, 149.228195, 378.013275, 341.193085,23.045073, 685.468811, 0.999843
5, 649,2,685.468811, 685.444824, 378.013275, 341.193085,23.045073, 685.468811, 1.000035
5, 649,3,23.045073, 23.007637, 378.013275, 341.193085,23.045073, 685.468811, 1.001627
5, 650,0,269.171082, 269.172150, 378.063049, 261.240265,184.428253, 763.448486, 0.999996
5, 650,1,184.428253, 184.369156, 378.063049, 261.240265,184.428253, 763.448486, 1.000321
5, 650,2,763.448486, 763.379089, 378.063049, 261.240265,184.428253, 763.448486, 1.000091
5, 650,3,295.204285, 295.079712, 378.063049, 261.240265,184.428253, 763.448486, 1.000422
5, 651,0,171.735962, 171.699265, 377.985992, 234.158798,171.735962, 710.769104, 1.000214
5, 651,1,274.706635, 274.665680, 377.985992, 234.158798,171.735962, 710.769104, 1.000149
5, 651,2,354.732269, 354.822815, 377.985992, 234.158798,171.735962, 710.769104, 0.999745
5, 651,3,710.769104, 710.812195, 377.985992, 234.158798,171.735962, 710.769104, 0.999939
5, 652,0,246.585266, 246.575592, 378.024567, 175.229218,246.585266, 635.305664, 1.000039
5, 652,1,635.305664, 635.326843, 378.024567, 175.229218,246.585266, 635.305664, 0.999967
5, 652,2,334.181335, 334.085297, 378.024567, 175.229218,246.585266, 635.305664, 1.000287
5, 652,3,296.026001, 296.012360, 378.024567, 175.229218,246.585266, 635.305664, 1.000046
5, 653,0,470.677948, 470.673706, 378.008453, 132.635422,256.385864, 512.854492, 1.000009
5, 653,1,272.115479, 272.136719, 378.008453, 132.635422,256.385864, 512.854492, 0.999922
5, 653,2,256.385864, 256.371277, 378.008453, 132.635422,256.385864, 512.854492, 1.000057
5, 653,3,512.854492, 512.818359, 378.008453, 132.635422,256.385864, 512.854492, 1.000070
5, 654,0,233.025528, 233.059082, 377.963684, 103.282059,233.025528, 460.371277, 0.999856
5, 654,1,375.699707, 375.715302, 377.963684, 103.282059,233.025528, 460.371277, 0.999959
5, 654,2,442.758331, 442.830414, 377.963684, 103.282059,233.025528, 460.371277, 0.999837
5, 654,3,460.371277, 460.395142, 377.963684, 103.282059,233.025528, 460.371277, 0.999948
5, 655,0,423.504730, 423.551361, 377.958496, 235.146622,161.995544, 689.713135, 0.999890
5, 655,1,161.995544, 162.000122, 377.958496, 235.146622,161.995544, 689.713135, 0.999972
5, 655,2,689.713135, 689.753296, 377.958496, 235.146622,161.995544, 689.713135, 0.999942
5, 655,3,236.620651, 236.695175, 377.958496, 235.146622,161.995544, 689.713135, 0.999685
5, 656,0,633.560608, 633.467224, 378.067352, 219.427307,165.691391, 633.560608, 1.000147
5, 656,1,165.691391, 165.668518, 378.067352, 219.427307,165.691391, 633.560608, 1.000138
5, 656,2,227.793686, 227.758026, 378.067352, 219.427307,165.691391, 633.560608, 1.000157
5, 656,3,485.223785, 485.106262, 378.067352, 219.427307,165.691391, 633.560608, 1.000242
5, 657,0,87.952873, 87.954689, 378.048401, 204.680847,87.952873, 553.752075, 0.999979
5, 657,1,480.591888, 480.558472, 378.048401, 204.680847,87.952873, 553.752075, 1.000069
5, 657,2,389.896790, 389.850067, 378.048401, 204.680847,87.952873, 553.752075, 1.000120
5, 657,3,553.752075, 553.636780, 378.048401, 204.680847,87.952873, 553.752075, 1.000208
5, 658,0,237.835541, 237.849075, 378.003418, 254.234848,91.944679, 619.355286, 0.999943
5, 658,1,91.944679, 91.974876, 378.003418, 254.234848,91.944679, 619.355286, 0.999672
5, 658,2,562.878235, 562.854309, 378.003418, 254.234848,91.944679, 619.355286, 1.000043
5, 658,3,619.355286, 619.321716, 378.003418, 254.234848,91.944679, 619.355286, 1.000054
5, 659,0,297.791046, 297.789154, 378.011902, 132.669159,246.752335, 541.962402, 1.000006
5, 659,1,541.962402, 542.011597, 378.011902, 132.669159,246.752335, 541.962402, 0.999909
5, 659,2,246.752335, 246.690445, 378.011902, 132.669159,246.752335, 541.962402, 1.000251
5, 659,3,425.541809, 425.508728, 378.011902, 132.669159,246.752335, 541.962402, 1.000078
5, 660,0,565.057678, 565.111450, 377.959320, 161.668015,234.315414, 565.057678, 0.999905
5, 660,1,460.697693, 460.795349, 377.959320, 161.668015,234.315414, 565.057678, 0.999788
5, 660,2,251.766449, 251.757492, 377.959320, 161.668015,234.315414, 565.057678, 1.000036
5, 660,3,234.315414, 234.335678, 377.959320, 161.668015,234.315414, 565.057678, 0.999914
5, 661,0,531.126038, 531.083923, 378.031250, 155.955338,197.340332, 531.126038, 1.000079
5, 661,1,301.004730, 300.952637, 378.031250, 155.955338,197.340332, 531.126038, 1.000173
5, 661,2,482.653900, 482.627960, 378.031250, 155.955338,197.340332, 531.126038, 1.000054
5, 661,3,197.340332, 197.335403, 378.031250, 155.955338,197.340332, 531.126038, 1.000025
5, 662,0,562.780457, 562.658875, 378.032135, 281.213379,109.689468, 672.424988, 1.000216
5, 662,1,109.689468, 109.727592, 378.032135, 281.213379,109.689468, 672.424988, 0.999653
5, 662,2,672.424988, 672.329224, 378.032135, 281.213379,109.689468, 672.424988, 1.000142
5, 662,3,167.233673, 167.284180, 378.032135, 281.213379,109.689468, 672.424988, 0.999698
5, 663,0,655.725281, 655.823608, 377.953461, 226.615479,113.021805, 655.725281, 0.999850
5, 663,1,313.934113, 313.919342, 377.953461, 226.615479,113.021805, 655.725281, 1.000047
5, 663,2,429.132538, 429.201202, 377.953461, 226.615479,113.021805, 655.725281, 0.999840
5, 663,3,113.021805, 113.055878, 377.953461, 226.615479,113.021805, 655.725281, 0.999699
5, 664,0,350.636505, 350.673920, 377.971100, 277.975464,78.222130, 750.943787, 0.999893
5, 664,1,78.222130, 78.230492, 377.971100, 277.975464,78.222130, 750.943787, 0.999893
5, 664,2,750.943787, 751.004639, 377.971100, 277.975464,78.222130, 750.943787, 0.999919
5, 664,3,332.081940, 332.090973, 377.971100, 277.975464,78.222130, 750.943787, 0.999973
5, 665,0,237.850220, 237.841949, 378.047607, 110.231346,237.850220, 507.394623, 1.000035
5, 665,1,385.476044, 385.403168, 378.047607, 110.231346,237.850220, 507.394623, 1.000189
5, 665,2,381.469452, 381.423889, 378.047607, 110.231346,237.850220, 507.394623, 1.000119
5, 665,3,507.394623, 507.330963, 378.047607, 110.231346,237.850220, 507.394623, 1.000126
5, 666,0,266.532715, 266.513794, 377.965332, 175.732666,266.532715, 639.725891, 1.000071
5, 666,1,288.469086, 288.480804, 377.965332, 175.732666,266.532715, 639.725891, 0.999959
5, 666,2,317.133575, 317.158203, 377.965332, 175.732666,266.532715, 639.725891, 0.999922
5, 666,3,639.725891, 639.847290, 377.965332, 175.732666,266.532715, 639.725891, 0.999810
5, 667,0,219.288574, 219.311432, 377.963470, 310.041779,110.930763, 815.850647, 0.999896
5, 667,1,110.930763, 110.930725, 377.963470, 310.041779,110.930763, 815.850647, 1.000000
5, 667,2,365.783905, 365.845856, 377.963470, 310.041779,110.930763, 815.850647, 0.999831
5, 667,3,815.850647, 815.912048, 377.963470, 310.041779,110.930763, 815.850647, 0.999925
5, 668,0,439.617401, 439.588776, 378.021790, 157.060410,151.794876, 512.680359, 1.000065
5, 668,1,512.680359, 512.634888, 378.021790, 157.060410,151.794876, 512.680359, 1.000089
5, 668,2,151.794876, 151.803329, 378.021790, 157.060410,151.794876, 512.680359, 0.999944
5, 668,3,407.994476, 407.973083, 378.021790, 157.060410,151.794876, 512.680359, 1.000052
5, 669,0,17.479118, 17.409395, 378.046082, 333.152344,17.479118, 772.150208, 1.004005
5, 669,1,514.709045, 514.680908, 378.046082, 333.152344,17.479118, 772.150208, 1.000055
5, 669,2,207.845963, 207.836487, 378.046082, 333.152344,17.479118, 772.150208, 1.000046
5, 669,3,772.150208, 772.073181, 378.046082, 333.152344,17.479118, 772.150208, 1.000100
5, 670,0,246.951874, 246.945007, 378.038605, 291.992065,64.464142, 744.250488, 1.000028
5, 670,1,744.250488, 744.195313, 378.038605, 291.992065,64.464142, 744.250488, 1.000074
5, 670,2,64.464142, 64.440536, 378.038605, 291.992065,64.464142, 744.250488, 1.000366
5, 670,3,456.487885, 456.419128, 378.038605, 291.992065,64.464142, 744.250488, 1.000151
5, 671,0,191.051086, 191.033524, 377.957642, 261.694458,191.051086, 765.582458, 1.000092
5, 671,1,765.582458, 765.647888, 377.957642, 261.694458,191.051086, 765.582458, 0.999915
5, 671,2,285.376862, 285.456085, 377.957642, 261.694458,191.051086, 765.582458, 0.999722
5, 671,3,269.820251, 269.862549, 377.957642, 261.694458,191.051086, 765.582458, 0.999843
5, 672,0,310.150116, 310.112518, 378.038635, 114.006317,309.534027, 547.203125, 1.000121
5, 672,1,345.267242, 345.179596, 378.038635, 114.006317,309.534027, 547.203125, 1.000254
5, 672,2,309.534027, 309.546936, 378.038635, 114.006317,309.534027, 547.203125, 0.999958
5, 672,3,547.203125, 547.160889, 378.038635, 114.006317,309.534027, 547.203125, 1.000077
5, 673,0,887.345581, 887.285156, 378.028168, 346.966858,118.784302, 887.345581, 1.000068
5, 673,1,212.506866, 212.525558, 378.028168, 346.966858,118.784302, 887.345581, 0.999912
5, 673,2,293.475983, 293.351624, 378.028168, 346.966858,118.784302, 887.345581, 1.000424
5, 673,3,118.784302, 118.837608, 378.028168, 346.966858,118.784302, 887.345581, 0.999551
5, 674,0,566.068970, 565.981140, 378.037537, 147.037598,206.675568, 566.068970, 1.000155
5, 674,1,206.675568, 206.677399, 378.037537, 147.037598,206.675568, 566.068970, 0.999991
5, 674,2,370.197235, 370.172882, 378.037537, 147.037598,206.675568, 566.068970, 1.000066
5, 674,3,369.208435, 369.168549, 378.037537, 147.037598,206.675568, 566.068970, 1.000108
5, 675,0,409.340393, 409.278046, 378.038574, 128.687622,188.257736, 465.251434, 1.000152
5, 675,1,188.257736, 188.231613, 378.038574, 128.687622,188.257736, 465.251434, 1.000139
5, 675,2,449.304688, 449.292633, 378.038574, 128.687622,188.257736, 465.251434, 1.000027
5, 675,3,465.251434, 465.197662, 378.038574, 128.687622,188.257736, 465.251434, 1.000116
5, 676,0,490.791229, 490.724823, 378.051941, 81.236610,305.034485, 490.791229, 1.000135
5, 676,1,380.185944, 380.162750, 378.051941, 81.236610,305.034485, 490.791229, 1.000061
5, 676,2,305.034485, 304.957581, 378.051941, 81.236610,305.034485, 490.791229, 1.000252
5, 676,3,336.196106, 336.154785, 378.051941, 81.236610,305.034485, 490.791229, 1.000123
5, 677,0,419.040894, 419.010193, 378.031372, 266.742371,73.548416, 715.138123, 1.000073
5, 677,1,304.398102, 304.348053, 378.031372, 266.742371,73.548416, 715.138123, 1.000164
5, 677,2,73.548416, 73.568359, 378.031372, 266.742371,73.548416, 715.138123, 0.999729
5, 677,3,715.138123, 715.073486, 378.031372, 266.742371,73.548416, 715.138123, 1.000090
5, 678,0,397.789795, 397.801605, 378.002991, 265.921570,89.641907, 727.386780, 0.999970
5, 678,1,727.386780, 727.375061, 378.002991, 265.921570,89.641907, 727.386780, 1.000016
5, 678,2,89.641907, 89.632126, 378.002991, 265.921570,89.641907, 727.386780, 1.000109
5, 678,3,297.193573, 297.191254, 378.002991, 265.921570,89.641907, 727.386780, 1.000008
5, 679,0,235.029007, 235.005341, 378.061920, 326.120270,125.673820, 855.706604, 1.000101
5, 679,1,295.838257, 295.744873, 378.061920, 326.120270,125.673820, 855.706604, 1.000316
5, 679,2,855.706604, 855.568726, 378.061920, 326.120270,125.673820, 855.706604, 1.000161
5, 679,3,125.673820, 125.681099, 378.061920, 326.120270,125.673820, 855.706604, 0.999942
5, 680,0,540.195679, 540.078918, 378.034882, 246.662323,107.737915, 628.729004, 1.000216
5, 680,1,628.729004, 628.687073, 378.034882, 246.662323,107.737915, 628.729004, 1.000067
5, 680,2,235.476883, 235.434799, 378.034882, 246.662323,107.737915, 628.729004, 1.000179
5, 680,3,107.737915, 107.799255, 378.034882, 246.662323,107.737915, 628.729004, 0.999431
5, 681,0,46.653152, 46.655056, 378.030792, 300.998810,46.653152, 743.563538, 0.999959
5, 681,1,243.071457, 243.072037, 378.030792, 300.998810,46.653152, 743.563538, 0.999998
5, 681,2,743.563538, 743.423218, 378.030792, 300.998810,46.653152, 743.563538, 1.000189
5, 681,3,478.835052, 478.849731, 378.030792, 300.998810,46.653152, 743.563538, 0.999969
5, 682,0,534.587585, 534.561279, 377.974609, 212.663315,103.407669, 556.963745, 1.000049
5, 682,1,556.963745, 557.068604, 377.974609, 212.663315,103.407669, 556.963745, 0.999812
5, 682,2,103.407669, 103.424843, 377.974609, 212.663315,103.407669, 556.963745, 0.999834
5, 682,3,316.939453, 316.945404, 377.974609, 212.663315,103.407669, 556.963745, 0.999981
5, 683,0,319.575073, 319.578064, 377.972626, 48.154606,319.575073, 437.316467, 0.999991
5, 683,1,437.316467, 437.366150, 377.972626, 48.154606,319.575073, 437.316467, 0.999886
5, 683,2,380.976837, 381.019379, 377.972626, 48.154606,319.575073, 437.316467, 0.999888
5, 683,3,374.022064, 374.036377, 377.972626, 48.154606,319.575073, 437.316467, 0.999962
5, 684,0,996.790222, 996.758911, 378.034821, 426.021423,44.127846, 996.790222, 1.000031
5, 684,1,166.468124, 166.461609, 378.034821, 426.021423,44.127846, 996.790222, 1.000039
5, 684,2,304.753204, 304.698029, 378.034821, 426.021423,44.127846, 996.790222, 1.000181
5, 684,3,44.127846, 44.081505, 378.034821, 426.021423,44.127846, 996.790222, 1.001051
5, 685,0,234.946381, 234.947906, 378.033691, 180.606293,210.140564, 554.011108, 0.999994
5, 685,1,554.011108, 553.928772, 378.033691, 180.606293,210.140564, 554.011108, 1.000149
5, 685,2,513.036560, 512.967651, 378.033691, 180.606293,210.140564, 554.011108, 1.000134
5, 685,3,210.140564, 210.155640, 378.033691, 180.606293,210.140564, 554.011108, 0.999928
5, 686,0,568.113464, 568.165039, 377.964691, 203.348770,143.424149, 568.113464, 0.999909
5, 686,1,273.865173, 273.876648, 377.964691, 203.348770,143.424149, 568.113464, 0.999958
5, 686,2,526.455872, 526.538818, 377.964691, 203.348770,143.424149, 568.113464, 0.999842
5, 686,3,143.424149, 143.419479, 377.964691, 203.348770,143.424149, 568.113464, 1.000033
5, 687,0,724.892700, 724.802246, 378.035309, 293.239105,72.070992, 724.892700, 1.000125
5, 687,1,210.607224, 210.610153, 378.035309, 293.239105,72.070992, 724.892700, 0.999986
5, 687,2,72.070992, 72.101700, 378.035309, 293.239105,72.070992, 724.892700, 0.999574
5, 687,3,504.570343, 504.485870, 378.035309, 293.239105,72.070992, 724.892700, 1.000167
5, 688,0,619.765503, 619.871948, 377.986572, 325.467346,90.782661, 697.188660, 0.999828
5, 688,1,104.209496, 104.203178, 377.986572, 325.467346,90.782661, 697.188660, 1.000061
5, 688,2,90.782661, 90.741837, 377.986572, 325.467346,90.782661, 697.188660, 1.000450
5, 688,3,697.188660, 697.182983, 377.986572, 325.467346,90.782661, 697.188660, 1.000008
5, 689,0,445.343018, 445.367584, 377.981567, 127.043854,265.351410, 523.442383, 0.999945
5, 689,1,265.351410, 265.351807, 377.981567, 127.043854,265.351410, 523.442383, 0.999999
5, 689,2,523.442383, 523.504700, 377.981567, 127.043854,265.351410, 523.442383, 0.999881
5, 689,3,277.789490, 277.776001, 377.981567, 127.043854,265.351410, 523.442383, 1.000049
5, 690,0,584.710510, 584.693726, 377.997009, 178.610123,186.696518, 584.710510, 1.000029
5, 690,1,186.696518, 186.705994, 377.997009, 178.610123,186.696518, 584.710510, 0.999949
5, 690,2,460.455841, 460.478271, 377.997009, 178.610123,186.696518, 584.710510, 0.999951
5, 690,3,280.125061, 280.122009, 377.997009, 178.610123,186.696518, 584.710510, 1.000011
5, 691,0,404.048309, 404.054779, 378.005310, 103.487961,225.658829, 452.674347, 0.999984
5, 691,1,225.658829, 225.654465, 378.005310, 103.487961,225.658829, 452.674347, 1.000019
5, 691,2,429.639832, 429.628540, 378.005310, 103.487961,225.658829, 452.674347, 1.000026
5, 691,3,452.674347, 452.662170, 378.005310, 103.487961,225.658829, 452.674347, 1.000027
5, 692,0,385.669250, 385.600708, 378.038879, 96.112007,240.427505, 454.646332, 1.000178
5, 692,1,431.412445, 431.396301, 378.038879, 96.112007,240.427505, 454.646332, 1.000037
5, 692,2,240.427505, 240.377472, 378.038879, 96.112007,240.427505, 454.646332, 1.000208
5, 692,3,454.646332, 454.625580, 378.038879, 96.112007,240.427505, 454.646332, 1.000046
5, 693,0,389.806549, 389.836304, 377.990326, 211.748779,74.801971, 524.372009, 0.999924
5, 693,1,74.801971, 74.827980, 377.990326, 211.748779,74.801971, 524.372009, 0.999652
5, 693,2,522.980774, 523.014160, 377.990326, 211.748779,74.801971, 524.372009, 0.999936
5, 693,3,524.372009, 524.321716, 377.990326, 211.748779,74.801971, 524.372009, 1.000096
5, 694,0,42.523586, 42.544147, 378.018341, 366.677887,42.523586, 776.913635, 0.999517
5, 694,1,600.949219, 600.898804, 378.018341, 366.677887,42.523586, 776.913635, 1.000084
5, 694,2,776.913635, 776.890381, 378.018341, 366.677887,42.523586, 776.913635, 1.000030
5, 694,3,91.686943, 91.666618, 378.018341, 366.677887,42.523586, 776.913635, 1.000222
5, 695,0,278.930084, 278.911407, 377.975464, 68.049973,278.930084, 434.192413, 1.000067
5, 695,1,400.958710, 400.963531, 377.975464, 68.049973,278.930084, 434.192413, 0.999988
5, 695,2,434.192413, 434.218628, 377.975464, 68.049973,278.930084, 434.192413, 0.999940
5, 695,3,397.820679, 397.906403, 377.975464, 68.049973,278.930084, 434.192413, 0.999785
5, 696,0,537.030151, 536.969116, 378.048645, 162.186188,175.813034, 537.030151, 1.000114
5, 696,1,322.853638, 322.806549, 378.048645, 162.186188,175.813034, 537.030151, 1.000146
5, 696,2,476.497742, 476.419922, 378.048645, 162.186188,175.813034, 537.030151, 1.000163
5, 696,3,175.813034, 175.804367, 378.048645, 162.186188,175.813034, 537.030151, 1.000049
5, 697,0,539.522705, 539.491272, 378.016052, 131.041260,253.858154, 539.522705, 1.000058
5, 697,1,253.858154, 253.844666, 378.016052, 131.041260,253.858154, 539.522705, 1.000053
5, 697,2,427.600006, 427.611084, 378.016052, 131.041260,253.858154, 539.522705, 0.999974
5, 697,3,291.083405, 291.052979, 378.016052, 131.041260,253.858154, 539.522705, 1.000105
5, 698,0,396.800262, 396.821533, 377.971252, 72.335388,270.955811, 423.055573, 0.999946
5, 698,1,423.055573, 423.082886, 377.971252, 72.335388,270.955811, 423.055573, 0.999935
5, 698,2,270.955811, 270.980408, 377.971252, 72.335388,270.955811, 423.055573, 0.999909
5, 698,3,421.073395, 421.115173, 377.971252, 72.335388,270.955811, 423.055573, 0.999901
5, 699,0,294.847961, 294.848328, 378.053955, 191.019379,218.636063, 653.791809, 0.999999
5, 699,1,653.791809, 653.690735, 378.053955, 191.019379,218.636063, 653.791809, 1.000155
5, 699,2,218.636063, 218.576324, 378.053955, 191.019379,218.636063, 653.791809, 1.000273
5, 699,3,344.939880, 344.884674, 378.053955, 191.019379,218.636063, 653.791809, 1.000160
5, 700,0,576.897766, 576.914856, 378.026367, 257.737579,14.723283, 576.897766, 0.999970
5, 700,1,14.723283, 14.695318, 378.026367, 257.737579,14.723283, 576.897766, 1.001903
5, 700,2,375.897217, 375.858459, 378.026367, 257.737579,14.723283, 576.897766, 1.000103
5, 700,3,544.587158, 544.531494, 378.026367, 257.737579,14.723283, 576.897766, 1.000102
5, 701,0,62.012569, 62.050728, 377.971802, 289.772461,62.012569, 650.844666, 0.999385
5, 701,1,595.328918, 595.369751, 377.971802, 289.772461,62.012569, 650.844666, 0.999931
5, 701,2,650.844666, 650.864563, 377.971802, 289.772461,62.012569, 650.844666, 0.999969
5, 701,3,203.701111, 203.715042, 377.971802, 289.772461,62.012569, 650.844666, 0.999932
5, 702,0,956.769653, 956.639038, 378.028778, 412.568787,76.026161, 956.769653, 1.000136
5, 702,1,76.026161, 76.032875, 378.028778, 412.568787,76.026161, 956.769653, 0.999912
5, 702,2,391.647217, 391.628571, 378.028778, 412.568787,76.026161, 956.769653, 1.000048
5, 702,3,87.672066, 87.699661, 378.028778, 412.568787,76.026161, 956.769653, 0.999685
5, 703,0,88.512741, 88.525047, 377.951569, 217.645325,88.512741, 605.870605, 0.999861
5, 703,1,605.870605, 605.911804, 377.951569, 217.645325,88.512741, 605.870605, 0.999932
5, 703,2,361.307922, 361.392731, 377.951569, 217.645325,88.512741, 605.870605, 0.999765
5, 703,3,456.114960, 456.170471, 377.951569, 217.645325,88.512741, 605.870605, 0.999878
5, 704,0,440.966827, 441.008911, 377.953583, 55.480667,317.071991, 440.966827, 0.999905
5, 704,1,317.071991, 317.090973, 377.953583, 55.480667,317.071991, 440.966827, 0.999940
5, 704,2,349.005798, 349.077209, 377.953583, 55.480667,317.071991, 440.966827, 0.999795
5, 704,3,404.769653, 404.822998, 377.953583, 55.480667,317.071991, 440.966827, 0.999868
5, 705,0,35.079258, 35.092445, 378.049011, 364.985504,35.079258, 766.626160, 0.999624
5, 705,1,766.626160, 766.479309, 378.049011, 364.985504,35.079258, 766.626160, 1.000192
5, 705,2,100.311188, 100.294189, 378.049011, 364.985504,35.079258, 766.626160, 1.000170
5, 705,3,610.179443, 610.134033, 378.049011, 364.985504,35.079258, 766.626160, 1.000074
5, 706,0,532.382751, 532.380737, 378.001740, 121.971382,262.177185, 532.382751, 1.000004
5, 706,1,262.177185, 262.166534, 378.001740, 121.971382,262.177185, 532.382751, 1.000041
5, 706,2,301.108704, 301.114075, 378.001740, 121.971382,262.177185, 532.382751, 0.999982
5, 706,3,416.338287, 416.338745, 378.001740, 121.971382,262.177185, 532.382751, 0.999999
5, 707,0,501.100800, 501.042725, 378.034973, 124.045090,270.061035, 501.100800, 1.000116
5, 707,1,272.396973, 272.375763, 378.034973, 124.045090,270.061035, 501.100800, 1.000078
5, 707,2,468.581085, 468.539948, 378.034973, 124.045090,270.061035, 501.100800, 1.000088
5, 707,3,270.061035, 270.041626, 378.034973, 124.045090,270.061035, 501.100800, 1.000072
5, 708,0,67.111435, 67.152786, 378.006714, 220.609528,67.111435, 539.841125, 0.999384
5, 708,1,374.916626, 374.901611, 378.006714, 220.609528,67.111435, 539.841125, 1.000040
5, 708,2,539.841125, 539.827637, 378.006714, 220.609528,67.111435, 539.841125, 1.000025
5, 708,3,530.157593, 530.118042, 378.006714, 220.609528,67.111435, 539.841125, 1.000075
5, 709,0,394.780365, 394.685974, 378.057892, 116.553619,241.498184, 523.549744, 1.000239
5, 709,1,352.403198, 352.341522, 378.057892, 116.553619,241.498184, 523.549744, 1.000175
5, 709,2,523.549744, 523.487244, 378.057892, 116.553619,241.498184, 523.549744, 1.000119
5, 709,3,241.498184, 241.485367, 378.057892, 116.553619,241.498184, 523.549744, 1.000053
5, 710,0,178.732666, 178.719131, 378.044495, 306.723572,136.020966, 806.737427, 1.000076
5, 710,1,136.020966, 135.998093, 378.044495, 306.723572,136.020966, 806.737427, 1.000168
5, 710,2,806.737427, 806.645264, 378.044495, 306.723572,136.020966, 806.737427, 1.000114
5, 710,3,390.686890, 390.637604, 378.044495, 306.723572,136.020966, 806.737427, 1.000126
5, 711,0,458.139282, 458.189575, 377.968811, 68.632256,294.625122, 458.139282, 0.999890
5, 711,1,360.156311, 360.168854, 377.968811, 68.632256,294.625122, 458.139282, 0.999965
5, 711,2,294.625122, 294.648468, 377.968811, 68.632256,294.625122, 458.139282, 0.999921
5, 711,3,398.954529, 398.993134, 377.968811, 68.632256,294.625122, 458.139282, 0.999903
5, 712,0,480.893890, 480.830078, 378.063934, 268.056793,96.158958, 701.572571, 1.000133
5, 712,1,233.630325, 233.579483, 378.063934, 268.056793,96.158958, 701.572571, 1.000218
5, 712,2,96.158958, 96.094276, 378.063934, 268.056793,96.158958, 701.572571, 1.000673
5, 712,3,701.572571, 701.496216, 378.063934, 268.056793,96.158958, 701.572571, 1.000109
5, 713,0,355.211670, 355.208191, 378.005127, 186.993851,137.834457, 587.344543, 1.000010
5, 713,1,137.834457, 137.827972, 378.005127, 186.993851,137.834457, 587.344543, 1.000047
5, 713,2,587.344543, 587.345581, 378.005127, 186.993851,137.834457, 587.344543, 0.999998
5, 713,3,431.629822, 431.618347, 378.005127, 186.993851,137.834457, 587.344543, 1.000027
5, 714,0,510.779999, 510.729675, 378.048889, 266.369324,33.833630, 648.705139, 1.000099
5, 714,1,648.705139, 648.604919, 378.048889, 266.369324,33.833630, 648.705139, 1.000154
5, 714,2,33.833630, 33.849861, 378.048889, 266.369324,33.833630, 648.705139, 0.999520
5, 714,3,318.876862, 318.815552, 378.048889, 266.369324,33.833630, 648.705139, 1.000192
5, 715,0,96.709648, 96.730949, 378.002563, 398.762512,96.709648, 965.947815, 0.999780
5, 715,1,275.722931, 275.691864, 378.002563, 398.762512,96.709648, 965.947815, 1.000113
5, 715,2,965.947815, 966.062073, 378.002563, 398.762512,96.709648, 965.947815, 0.999882
5, 715,3,173.629868, 173.515137, 378.002563, 398.762512,96.709648, 965.947815, 1.000661
5, 716,0,228.895020, 228.884430, 378.044189, 194.933929,228.895020, 661.879822, 1.000046
5, 716,1,278.148224, 278.089935, 378.044189, 194.933929,228.895020, 661.879822, 1.000210
5, 716,2,661.879822, 661.801392, 378.044189, 194.933929,228.895020, 661.879822, 1.000118
5, 716,3,343.253723, 343.224304, 378.044189, 194.933929,228.895020, 661.879822, 1.000086
5, 717,0,213.800705, 213.789444, 378.030701, 323.771973,62.977142, 809.242615, 1.000053
5, 717,1,809.242615, 809.185059, 378.030701, 323.771973,62.977142, 809.242615, 1.000071
5, 717,2,62.977142, 62.978371, 378.030701, 323.771973,62.977142, 809.242615, 0.999981
5, 717,3,426.102325, 426.047150, 378.030701, 323.771973,62.977142, 809.242615, 1.000129
5, 718,0,443.952271, 443.936401, 378.002899, 103.237305,257.128082, 481.312134, 1.000036
5, 718,1,257.128082, 257.122253, 378.002899, 103.237305,257.128082, 481.312134, 1.000023
5, 718,2,481.312134, 481.321991, 378.002899, 103.237305,257.128082, 481.312134, 0.999979
5, 718,3,329.619171, 329.619324, 378.002899, 103.237305,257.128082, 481.312134, 1.000000
5, 719,0,453.561768, 453.621887, 377.955750, 222.508316,47.581512, 529.967346, 0.999867
5, 719,1,529.967346, 530.041931, 377.955750, 222.508316,47.581512, 529.967346, 0.999859
5, 719,2,480.712341, 480.791260, 377.955750, 222.508316,47.581512, 529.967346, 0.999836
5, 719,3,47.581512, 47.544910, 377.955750, 222.508316,47.581512, 529.967346, 1.000770
5, 720,0,368.423248, 368.467102, 377.993011, 230.520126,213.066940, 707.007324, 0.999881
5, 720,1,213.066940, 213.078262, 377.993011, 230.520126,213.066940, 707.007324, 0.999947
5, 720,2,223.474518, 223.457428, 377.993011, 230.520126,213.066940, 707.007324, 1.000077
5, 720,3,707.007324, 706.997253, 377.993011, 230.520126,213.066940, 707.007324, 1.000014
5, 721,0,662.961487, 663.078674, 377.936401, 216.785156,182.801117, 662.961487, 0.999823
5, 721,1,239.102600, 239.128632, 377.936401, 216.785156,182.801117, 662.961487, 0.999891
5, 721,2,426.880341, 426.966949, 377.936401, 216.785156,182.801117, 662.961487, 0.999797
5, 721,3,182.801117, 182.825821, 377.936401, 216.785156,182.801117, 662.961487, 0.999865
5, 722,0,308.118042, 308.126343, 377.976044, 169.353424,203.031097, 601.845825, 0.999973
5, 722,1,398.909149, 398.953369, 377.976044, 169.353424,203.031097, 601.845825, 0.999889
5, 722,2,203.031097, 203.038986, 377.976044, 169.353424,203.031097, 601.845825, 0.999961
5, 722,3,601.845825, 601.881348, 377.976044, 169.353424,203.031097, 601.845825, 0.999941
5, 723,0,379.556946, 379.530975, 378.045319, 246.142883,59.157017, 658.600281, 1.000068
5, 723,1,414.866974, 414.823792, 378.045319, 246.142883,59.157017, 658.600281, 1.000104
5, 723,2,59.157017, 59.128662, 378.045319, 246.142883,59.157017, 658.600281, 1.000480
5, 723,3,658.600281, 658.516479, 378.045319, 246.142883,59.157017, 658.600281, 1.000127
5, 724,0,101.318054, 101.293289, 378.016907, 289.748718,101.318054, 718.394653, 1.000244
5, 724,1,718.394653, 718.390259, 378.016907, 289.748718,101.318054, 718.394653, 1.000006
5, 724,2,176.742813, 176.734299, 378.016907, 289.748718,101.318054, 718.394653, 1.000048
5, 724,3,515.612183, 515.582153, 378.016907, 289.748718,101.318054, 718.394653, 1.000058
5, 725,0,129.683182, 129.682861, 378.015686, 230.729202,129.683182, 688.062378, 1.000003
5, 725,1,348.829285, 348.816620, 378.015686, 230.729202,129.683182, 688.062378, 1.000036
5, 725,2,345.487915, 345.481354, 378.015686, 230.729202,129.683182, 688.062378, 1.000019
5, 725,3,688.062378, 688.019104, 378.015686, 230.729202,129.683182, 688.062378, 1.000063
5, 726,0,558.288879, 558.268311, 378.014526, 246.373611,41.166164, 565.563843, 1.000037
5, 726,1,41.166164, 41.151608, 378.014526, 246.373611,41.166164, 565.563843, 1.000354
5, 726,2,565.563843, 565.580261, 378.014526, 246.373611,41.166164, 565.563843, 0.999971
5, 726,3,347.039368, 346.999817, 378.014526, 246.373611,41.166164, 565.563843, 1.000114
5, 727,0,391.185150, 391.141785, 378.041687, 17.733980,356.937439, 394.139343, 1.000111
5, 727,1,369.904877, 369.850525, 378.041687, 17.733980,356.937439, 394.139343, 1.000147
5, 727,2,356.937439, 356.915283, 378.041687, 17.733980,356.937439, 394.139343, 1.000062
5, 727,3,394.139343, 394.092377, 378.041687, 17.733980,356.937439, 394.139343, 1.000119
5, 728,0,22.381802, 22.352867, 377.994049, 261.251068,22.381802, 650.893188, 1.001294
5, 728,1,433.521637, 433.545166, 377.994049, 261.251068,22.381802, 650.893188, 0.999946
5, 728,2,405.179596, 405.142120, 377.994049, 261.251068,22.381802, 650.893188, 1.000093
5, 728,3,650.893188, 650.959900, 377.994049, 261.251068,22.381802, 650.893188, 0.999898
5, 729,0,416.413147, 416.396271, 378.024719, 225.075775,120.802750, 661.217834, 1.000041
5, 729,1,313.665192, 313.657440, 378.024719, 225.075775,120.802750, 661.217834, 1.000025
5, 729,2,661.217834, 661.135803, 378.024719, 225.075775,120.802750, 661.217834, 1.000124
5, 729,3,120.802750, 120.810432, 378.024719, 225.075775,120.802750, 661.217834, 0.999936
5, 730,0,460.606995, 460.608887, 377.971863, 313.462830,113.008331, 786.248596, 0.999996
5, 730,1,113.008331, 113.005783, 377.971863, 313.462830,113.008331, 786.248596, 1.000023
5, 730,2,152.023483, 152.060760, 377.971863, 313.462830,113.008331, 786.248596, 0.999755
5, 730,3,786.248596, 786.324585, 377.971863, 313.462830,113.008331, 786.248596, 0.999903
5, 731,0,234.027786, 234.034027, 378.034821, 280.114227,65.534012, 686.280762, 0.999973
5, 731,1,65.534012, 65.550674, 378.034821, 280.114227,65.534012, 686.280762, 0.999746
5, 731,2,526.296753, 526.225769, 378.034821, 280.114227,65.534012, 686.280762, 1.000135
5, 731,3,686.280762, 686.189392, 378.034821, 280.114227,65.534012, 686.280762, 1.000133
5, 732,0,441.108429, 441.182983, 377.934479, 260.431671,27.660540, 654.859802, 0.999831
5, 732,1,654.859802, 654.946716, 377.934479, 260.431671,27.660540, 654.859802, 0.999867
5, 732,2,27.660540, 27.704140, 377.934479, 260.431671,27.660540, 654.859802, 0.998426
5, 732,3,388.109131, 388.166107, 377.934479, 260.431671,27.660540, 654.859802, 0.999853
5, 733,0,115.188164, 115.180008, 377.957703, 304.260986,115.188164, 817.324829, 1.000071
5, 733,1,285.211426, 285.223755, 377.957703, 304.260986,115.188164, 817.324829, 0.999957
5, 733,2,294.106323, 294.197357, 377.957703, 304.260986,115.188164, 817.324829, 0.999691
5, 733,3,817.324829, 817.398865, 377.957703, 304.260986,115.188164, 817.324829, 0.999909
5, 734,0,257.046265, 257.008911, 378.048187, 259.168243,152.720428, 746.300598, 1.000145
5, 734,1,356.125427, 356.042511, 378.048187, 259.168243,152.720428, 746.300598, 1.000233
5, 734,2,746.300598, 746.225037, 378.048187, 259.168243,152.720428, 746.300598, 1.000101
5, 734,3,152.720428, 152.723480, 378.048187, 259.168243,152.720428, 746.300598, 0.999980
5, 735,0,103.416969, 103.306686, 378.054871, 518.562927,28.467567, 1145.281006, 1.001068
5, 735,1,235.053955, 234.942673, 378.054871, 518.562927,28.467567, 1145.281006, 1.000474
5, 735,2,28.467567, 28.429037, 378.054871, 518.562927,28.467567, 1145.281006, 1.001355
5, 735,3,1145.281006, 1145.321655, 378.054871, 518.562927,28.467567, 1145.281006, 0.999965
5, 736,0,85.377678, 85.389130, 377.980286, 335.147736,85.377678, 762.589233, 0.999866
5, 736,1,762.589233, 762.628357, 377.980286, 335.147736,85.377678, 762.589233, 0.999949
5, 736,2,554.686646, 554.703125, 377.980286, 335.147736,85.377678, 762.589233, 0.999970
5, 736,3,109.267532, 109.279320, 377.980286, 335.147736,85.377678, 762.589233, 0.999892
5, 737,0,52.503567, 52.496391, 377.987793, 308.673187,52.503567, 724.838318, 1.000137
5, 737,1,195.020172, 195.050842, 377.987793, 308.673187,52.503567, 724.838318, 0.999843
5, 737,2,539.589111, 539.572449, 377.987793, 308.673187,52.503567, 724.838318, 1.000031
5, 737,3,724.838318, 724.880371, 377.987793, 308.673187,52.503567, 724.838318, 0.999942
5, 738,0,1122.247437, 1122.321045, 377.986572, 496.388489,112.166267, 1122.247437, 0.999934
5, 738,1,147.911041, 147.931396, 377.986572, 496.388489,112.166267, 1122.247437, 0.999862
5, 738,2,129.621597, 129.609238, 377.986572, 496.388489,112.166267, 1122.247437, 1.000095
5, 738,3,112.166267, 112.138229, 377.986572, 496.388489,112.166267, 1122.247437, 1.000250
5, 739,0,760.108521, 760.018250, 378.066864, 284.848755,97.500198, 760.108521, 1.000119
5, 739,1,244.884415, 244.802338, 378.066864, 284.848755,97.500198, 760.108521, 1.000335
5, 739,2,409.774261, 409.721283, 378.066864, 284.848755,97.500198, 760.108521, 1.000129
5, 739,3,97.500198, 97.458130, 378.066864, 284.848755,97.500198, 760.108521, 1.000432
5, 740,0,815.168640, 815.043884, 378.053894, 407.673981,21.707602, 815.168640, 1.000153
5, 740,1,39.944553, 39.949947, 378.053894, 407.673981,21.707602, 815.168640, 0.999865
5, 740,2,21.707602, 21.661924, 378.053894, 407.673981,21.707602, 815.168640, 1.002109
5, 740,3,635.394836, 635.344238, 378.053894, 407.673981,21.707602, 815.168640, 1.000080
5, 741,0,682.092529, 682.053589, 378.036652, 221.760040,151.266022, 682.092529, 1.000057
5, 741,1,357.712860, 357.651611, 378.036652, 221.760040,151.266022, 682.092529, 1.000171
5, 741,2,321.075256, 321.038239, 378.036652, 221.760040,151.266022, 682.092529, 1.000115
5, 741,3,151.266022, 151.256668, 378.036652, 221.760040,151.266022, 682.092529, 1.000062
5, 742,0,324.853180, 324.858551, 377.975372, 45.600983,324.853180, 430.158051, 0.999983
5, 742,1,397.058380, 397.120789, 377.975372, 45.600983,324.853180, 430.158051, 0.999843
5, 742,2,359.831818, 359.847961, 377.975372, 45.600983,324.853180, 430.158051, 0.999955
5, 742,3,430.158051, 430.172760, 377.975372, 45.600983,324.853180, 430.158051, 0.999966
5, 743,0,489.765381, 489.798798, 377.955597, 128.217834,241.586395, 489.765381, 0.999932
5, 743,1,295.578339, 295.613953, 377.955597, 128.217834,241.586395, 489.765381, 0.999880
5, 743,2,484.892212, 484.974792, 377.955597, 128.217834,241.586395, 489.765381, 0.999830
5, 743,3,241.586395, 241.612411, 377.955597, 128.217834,241.586395, 489.765381, 0.999892
5, 744,0,644.647949, 644.667236, 377.995453, 229.168839,98.280357, 644.647949, 0.999970
5, 744,1,448.267120, 448.259491, 377.995453, 229.168839,98.280357, 644.647949, 1.000017
5, 744,2,98.280357, 98.265762, 377.995453, 229.168839,98.280357, 644.647949, 1.000149
5, 744,3,320.786377, 320.807556, 377.995453, 229.168839,98.280357, 644.647949, 0.999934
5, 745,0,594.539795, 594.505615, 378.027405, 261.547852,79.454681, 600.484680, 1.000057
5, 745,1,600.484680, 600.413452, 378.027405, 261.547852,79.454681, 600.484680, 1.000119
5, 745,2,79.454681, 79.467598, 378.027405, 261.547852,79.454681, 600.484680, 0.999837
5, 745,3,237.630478, 237.613327, 378.027405, 261.547852,79.454681, 600.484680, 1.000072
5, 746,0,393.351318, 393.435852, 377.946564, 212.779037,162.866714, 664.054138, 0.999785
5, 746,1,664.054138, 664.174072, 377.946564, 212.779037,162.866714, 664.054138, 0.999819
5, 746,2,162.866714, 162.841385, 377.946564, 212.779037,162.866714, 664.054138, 1.000156
5, 746,3,291.514069, 291.548767, 377.946564, 212.779037,162.866714, 664.054138, 0.999881
5, 747,0,37.068462, 37.052288, 378.052063, 408.858978,11.353026, 745.154907, 1.000437
5, 747,1,745.154907, 745.111450, 378.052063, 408.858978,11.353026, 745.154907, 1.000058
5, 747,2,11.353026, 11.285977, 378.052063, 408.858978,11.353026, 745.154907, 1.005941
5, 747,3,718.631775, 718.550232, 378.052063, 408.858978,11.353026, 745.154907, 1.000113
5, 748,0,33.297821, 33.297112, 377.991028, 249.708618,33.297821, 593.590088, 1.000021
5, 748,1,524.495911, 524.480225, 377.991028, 249.708618,33.297821, 593.590088, 1.000030
5, 748,2,593.590088, 593.611023, 377.991028, 249.708618,33.297821, 593.590088, 0.999965
5, 748,3,360.580261, 360.611694, 377.991028, 249.708618,33.297821, 593.590088, 0.999913
5, 749,0,478.280701, 478.326111, 377.948242, 238.553848,46.416054, 603.131348, 0.999905
5, 749,1,383.964874, 384.023834, 377.948242, 238.553848,46.416054, 603.131348, 0.999846
5, 749,2,603.131348, 603.244263, 377.948242, 238.553848,46.416054, 603.131348, 0.999813
5, 749,3,46.416054, 46.405586, 377.948242, 238.553848,46.416054, 603.131348, 1.000226
5, 750,0,325.708954, 325.714630, 377.968933, 443.662964,82.336990, 1020.885437, 0.999983
5, 750,1,82.944283, 82.931808, 377.968933, 443.662964,82.336990, 1020.885437, 1.000150
5, 750,2,82.336990, 82.341606, 377.968933, 443.662964,82.336990, 1020.885437, 0.999944
5, 750,3,1020.885437, 1021.011963, 377.968933, 443.662964,82.336990, 1020.885437, 0.999876
5, 751,0,491.298950, 491.339172, 377.974640, 228.073090,42.752609, 544.675110, 0.999918
5, 751,1,433.171844, 433.203552, 377.974640, 228.073090,42.752609, 544.675110, 0.999927
5, 751,2,42.752609, 42.744389, 377.974640, 228.073090,42.752609, 544.675110, 1.000192
5, 751,3,544.675110, 544.712891, 377.974640, 228.073090,42.752609, 544.675110, 0.999931
5, 752,0,206.551926, 206.566986, 377.942596, 245.048523,147.077896, 670.087708, 0.999927
5, 752,1,670.087708, 670.179504, 377.942596, 245.048523,147.077896, 670.087708, 0.999863
5, 752,2,147.077896, 147.116852, 377.942596, 245.048523,147.077896, 670.087708, 0.999735
5, 752,3,488.052887, 488.136536, 377.942596, 245.048523,147.077896, 670.087708, 0.999829
5, 753,0,269.579590, 269.587189, 378.048828, 230.684952,131.007095, 664.564148, 0.999972
5, 753,1,664.564148, 664.462646, 378.048828, 230.684952,131.007095, 664.564148, 1.000153
5, 753,2,447.044556, 446.953766, 378.048828, 230.684952,131.007095, 664.564148, 1.000203
5, 753,3,131.007095, 130.996445, 378.048828, 230.684952,131.007095, 664.564148, 1.000081
5, 754,0,351.114990, 351.150543, 377.946411, 111.935379,231.444687, 478.464172, 0.999899
5, 754,1,478.464172, 478.518280, 377.946411, 111.935379,231.444687, 478.464172, 0.999887
5, 754,2,231.444687, 231.503235, 377.946411, 111.935379,231.444687, 478.464172, 0.999747
5, 754,3,450.761841, 450.827911, 377.946411, 111.935379,231.444687, 478.464172, 0.999853
5, 755,0,246.382797, 246.346603, 378.055084, 149.459549,246.382797, 581.757935, 1.000147
5, 755,1,394.897278, 394.867249, 378.055084, 149.459549,246.382797, 581.757935, 1.000076
5, 755,2,581.757935, 581.672729, 378.055084, 149.459549,246.382797, 581.757935, 1.000147
5, 755,3,289.182281, 289.113434, 378.055084, 149.459549,246.382797, 581.757935, 1.000238
5, 756,0,30.429634, 30.460455, 378.056458, 402.601440,30.429634, 919.707214, 0.998988
5, 756,1,117.932297, 117.921692, 378.056458, 402.601440,30.429634, 919.707214, 1.000090
5, 756,2,919.707214, 919.539246, 378.056458, 402.601440,30.429634, 919.707214, 1.000183
5, 756,3,444.156738, 444.078644, 378.056458, 402.601440,30.429634, 919.707214, 1.000176
5, 757,0,80.892365, 80.871010, 377.968414, 286.986389,80.892365, 761.169312, 1.000264
5, 757,1,761.169312, 761.232666, 377.968414, 286.986389,80.892365, 761.169312, 0.999917
5, 757,2,270.571899, 270.565979, 377.968414, 286.986389,80.892365, 761.169312, 1.000022
5, 757,3,399.240143, 399.330353, 377.968414, 286.986389,80.892365, 761.169312, 0.999774
5, 758,0,599.314697, 599.277832, 378.040619, 240.989456,85.600983, 599.314697, 1.000062
5, 758,1,550.027771, 549.925415, 378.040619, 240.989456,85.600983, 599.314697, 1.000186
5, 758,2,277.218964, 277.166260, 378.040619, 240.989456,85.600983, 599.314697, 1.000190
5, 758,3,85.600983, 85.630585, 378.040619, 240.989456,85.600983, 599.314697, 0.999654
5, 759,0,524.875061, 524.937317, 377.959656, 179.775146,120.303177, 524.875061, 0.999881
5, 759,1,395.551086, 395.598846, 377.959656, 179.775146,120.303177, 524.875061, 0.999879
5, 759,2,471.109222, 471.160065, 377.959656, 179.775146,120.303177, 524.875061, 0.999892
5, 759,3,120.303177, 120.303680, 377.959656, 179.775146,120.303177, 524.875061, 0.999996
5, 760,0,507.146332, 507.110382, 378.044556, 243.752121,95.616066, 641.867737, 1.000071
5, 760,1,267.547974, 267.489258, 378.044556, 243.752121,95.616066, 641.867737, 1.000219
5, 760,2,95.616066, 95.558067, 378.044556, 243.752121,95.616066, 641.867737, 1.000607
5, 760,3,641.867737, 641.842346, 378.044556, 243.752121,95.616066, 641.867737, 1.000040
5, 761,0,615.393921, 615.337830, 378.021759, 183.970764,167.465530, 615.393921, 1.000091
5, 761,1,380.373077, 380.370148, 378.021759, 183.970764,167.465530, 615.393921, 1.000008
5, 761,2,167.465530, 167.471237, 378.021759, 183.970764,167.465530, 615.393921, 0.999966
5, 761,3,348.854492, 348.820831, 378.021759, 183.970764,167.465530, 615.393921, 1.000096
5, 762,0,411.159271, 411.143829, 378.033203, 91.967972,241.751770, 443.464569, 1.000038
5, 762,1,241.751770, 241.710297, 378.033203, 91.967972,241.751770, 443.464569, 1.000172
5, 762,2,443.464569, 443.454071, 378.033203, 91.967972,241.751770, 443.464569, 1.000024
5, 762,3,415.757172, 415.691833, 378.033203, 91.967972,241.751770, 443.464569, 1.000157
5, 763,0,39.947636, 39.957016, 377.961151, 404.031616,17.533440, 755.932983, 0.999765
5, 763,1,17.533440, 17.533886, 377.961151, 404.031616,17.533440, 755.932983, 0.999975
5, 763,2,698.430542, 698.511536, 377.961151, 404.031616,17.533440, 755.932983, 0.999884
5, 763,3,755.932983, 755.997559, 377.961151, 404.031616,17.533440, 755.932983, 0.999915
5, 764,0,310.544098, 310.503540, 378.042175, 201.614975,135.623352, 605.797241, 1.000131
5, 764,1,135.623352, 135.657410, 378.042175, 201.614975,135.623352, 605.797241, 0.999749
5, 764,2,460.203949, 460.166626, 378.042175, 201.614975,135.623352, 605.797241, 1.000081
5, 764,3,605.797241, 605.672485, 378.042175, 201.614975,135.623352, 605.797241, 1.000206
5, 765,0,586.468506, 586.468445, 378.008209, 200.703766,104.618256, 586.468506, 1.000000
5, 765,1,426.909393, 426.836365, 378.008209, 200.703766,104.618256, 586.468506, 1.000171
5, 765,2,104.618256, 104.641510, 378.008209, 200.703766,104.618256, 586.468506, 0.999778
5, 765,3,394.036591, 394.053741, 378.008209, 200.703766,104.618256, 586.468506, 0.999956
5, 766,0,765.468750, 765.489136, 377.968872, 303.330383,24.153921, 765.468750, 0.999973
5, 766,1,353.398773, 353.452271, 377.968872, 303.330383,24.153921, 765.468750, 0.999849
5, 766,2,368.853973, 368.832153, 377.968872, 303.330383,24.153921, 765.468750, 1.000059
5, 766,3,24.153921, 24.226400, 377.968872, 303.330383,24.153921, 765.468750, 0.997008
5, 767,0,55.880920, 55.898529, 378.027496, 254.364441,55.880920, 677.459900, 0.999685
5, 767,1,403.661377, 403.653107, 378.027496, 254.364441,55.880920, 677.459900, 1.000021
5, 767,2,677.459900, 677.384094, 378.027496, 254.364441,55.880920, 677.459900, 1.000112
5, 767,3,375.107819, 375.064209, 378.027496, 254.364441,55.880920, 677.459900, 1.000116
5, 768,0,451.540863, 451.557678, 378.009857, 241.285751,37.623310, 605.726257, 0.999963
5, 768,1,605.726257, 605.691956, 378.009857, 241.285751,37.623310, 605.726257, 1.000057
5, 768,2,37.623310, 37.617195, 378.009857, 241.285751,37.623310, 605.726257, 1.000163
5, 768,3,417.149078, 417.133179, 378.009857, 241.285751,37.623310, 605.726257, 1.000038
5, 769,0,417.444977, 417.424652, 378.013245, 95.431274,239.752762, 457.151367, 1.000049
5, 769,1,397.703857, 397.690399, 378.013245, 95.431274,239.752762, 457.151367, 1.000034
5, 769,2,457.151367, 457.134399, 378.013245, 95.431274,239.752762, 457.151367, 1.000037
5, 769,3,239.752762, 239.750580, 378.013245, 95.431274,239.752762, 457.151367, 1.000009
5, 770,0,48.068203, 48.026489, 378.058777, 357.101532,48.068203, 701.071289, 1.000869
5, 770,1,701.071289, 700.953430, 378.058777, 357.101532,48.068203, 701.071289, 1.000168
5, 770,2,90.593056, 90.586555, 378.058777, 357.101532,48.068203, 701.071289, 1.000072
5, 770,3,672.502502, 672.433472, 378.058777, 357.101532,48.068203, 701.071289, 1.000103
5, 771,0,495.458405, 495.456268, 378.005310, 188.719727,101.039780, 500.294861, 1.000004
5, 771,1,415.228180, 415.192291, 378.005310, 188.719727,101.039780, 500.294861, 1.000086
5, 771,2,500.294861, 500.328308, 378.005310, 188.719727,101.039780, 500.294861, 0.999933
5, 771,3,101.039780, 101.023041, 378.005310, 188.719727,101.039780, 500.294861, 1.000166
5, 772,0,681.723083, 681.712158, 378.037598, 303.329285,48.101196, 681.723083, 1.000016
5, 772,1,198.032867, 197.996353, 378.037598, 303.329285,48.101196, 681.723083, 1.000184
5, 772,2,584.293213, 584.184692, 378.037598, 303.329285,48.101196, 681.723083, 1.000186
5, 772,3,48.101196, 48.106747, 378.037598, 303.329285,48.101196, 681.723083, 0.999885
5, 773,0,252.556274, 252.552963, 377.984253, 112.431358,252.556274, 520.770081, 1.000013
5, 773,1,398.043945, 398.046021, 377.984253, 112.431358,252.556274, 520.770081, 0.999995
5, 773,2,340.566742, 340.561890, 377.984253, 112.431358,252.556274, 520.770081, 1.000014
5, 773,3,520.770081, 520.839050, 377.984253, 112.431358,252.556274, 520.770081, 0.999868
5, 774,0,441.715118, 441.691467, 378.021362, 106.215599,241.996414, 480.026428, 1.000054
5, 774,1,348.347412, 348.329865, 378.021362, 106.215599,241.996414, 480.026428, 1.000050
5, 774,2,241.996414, 241.987610, 378.021362, 106.215599,241.996414, 480.026428, 1.000036
5, 774,3,480.026428, 479.991028, 378.021362, 106.215599,241.996414, 480.026428, 1.000074
5, 775,0,168.636566, 168.637390, 378.004822, 161.522293,168.636566, 558.153625, 0.999995
5, 775,1,420.478577, 420.467621, 378.004822, 161.522293,168.636566, 558.153625, 1.000026
5, 775,2,558.153625, 558.152832, 378.004822, 161.522293,168.636566, 558.153625, 1.000001
5, 775,3,364.750427, 364.742065, 378.004822, 161.522293,168.636566, 558.153625, 1.000023
5, 776,0,474.450684, 474.463226, 377.986450, 133.122696,221.598099, 501.775055, 0.999974
5, 776,1,221.598099, 221.598740, 377.986450, 133.122696,221.598099, 501.775055, 0.999997
5, 776,2,314.122009, 314.121216, 377.986450, 133.122696,221.598099, 501.775055, 1.000003
5, 776,3,501.775055, 501.816895, 377.986450, 133.122696,221.598099, 501.775055, 0.999917
5, 777,0,386.320465, 386.314545, 378.008118, 75.294106,270.311127, 441.864105, 1.000015
5, 777,1,413.536743, 413.524048, 378.008118, 75.294106,270.311127, 441.864105, 1.000031
5, 777,2,441.864105, 441.854431, 378.008118, 75.294106,270.311127, 441.864105, 1.000022
5, 777,3,270.311127, 270.306946, 378.008118, 75.294106,270.311127, 441.864105, 1.000015
5, 778,0,554.437012, 554.352295, 378.051910, 124.080299,264.072113, 554.437012, 1.000153
5, 778,1,264.072113, 264.040100, 378.051910, 124.080299,264.072113, 554.437012, 1.000121
5, 778,2,338.559204, 338.531647, 378.051910, 124.080299,264.072113, 554.437012, 1.000081
5, 778,3,355.139313, 355.075928, 378.051910, 124.080299,264.072113, 554.437012, 1.000178
5, 779,0,251.734497, 251.769867, 377.959229, 135.588287,251.734497, 570.351624, 0.999860
5, 779,1,570.351624, 570.427795, 377.959229, 135.588287,251.734497, 570.351624, 0.999866
5, 779,2,347.700317, 347.734650, 377.959229, 135.588287,251.734497, 570.351624, 0.999901
5, 779,3,342.050568, 342.067688, 377.959229, 135.588287,251.734497, 570.351624, 0.999950
5, 780,0,145.490707, 145.476318, 377.962677, 168.210632,145.490707, 504.940979, 1.000099
5, 780,1,504.940979, 505.003967, 377.962677, 168.210632,145.490707, 504.940979, 0.999875
5, 780,2,498.360382, 498.392212, 377.962677, 168.210632,145.490707, 504.940979, 0.999936
5, 780,3,363.058594, 363.127563, 377.962677, 168.210632,145.490707, 504.940979, 0.999810
5, 781,0,423.108978, 423.145813, 377.945099, 238.486465,97.753914, 672.181152, 0.999913
5, 781,1,672.181152, 672.296875, 377.945099, 238.486465,97.753914, 672.181152, 0.999828
5, 781,2,97.753914, 97.799133, 377.945099, 238.486465,97.753914, 672.181152, 0.999538
5, 781,3,318.736359, 318.758148, 377.945099, 238.486465,97.753914, 672.181152, 0.999932
5, 782,0,388.489075, 388.518768, 377.971161, 187.448334,193.070648, 632.355713, 0.999924
5, 782,1,193.070648, 193.069580, 377.971161, 187.448334,193.070648, 632.355713, 1.000005
5, 782,2,632.355713, 632.409119, 377.971161, 187.448334,193.070648, 632.355713, 0.999916
5, 782,3,297.969208, 298.002563, 377.971161, 187.448334,193.070648, 632.355713, 0.999888
5, 783,0,891.705933, 891.693298, 378.025604, 346.821899,130.772202, 891.705933, 1.000014
5, 783,1,231.340958, 231.311691, 378.025604, 346.821899,130.772202, 891.705933, 1.000126
5, 783,2,258.283325, 258.247192, 378.025604, 346.821899,130.772202, 891.705933, 1.000140
5, 783,3,130.772202, 130.747772, 378.025604, 346.821899,130.772202, 891.705933, 1.000187
5, 784,0,401.263397, 401.276367, 378.006714, 354.241272,31.316092, 858.644226, 0.999968
5, 784,1,31.316092, 31.280376, 378.006714, 354.241272,31.316092, 858.644226, 1.001142
5, 784,2,220.803116, 220.807739, 378.006714, 354.241272,31.316092, 858.644226, 0.999979
5, 784,3,858.644226, 858.635559, 378.006714, 354.241272,31.316092, 858.644226, 1.000010
5, 785,0,823.422913, 823.404419, 378.022095, 315.621674,78.451889, 823.422913, 1.000022
5, 785,1,78.451889, 78.454315, 378.022095, 315.621674,78.451889, 823.422913, 0.999969
5, 785,2,298.264191, 298.209686, 378.022095, 315.621674,78.451889, 823.422913, 1.000183
5, 785,3,311.949341, 311.931519, 378.022095, 315.621674,78.451889, 823.422913, 1.000057
5, 786,0,629.635742, 629.588379, 378.032990, 245.983444,85.149727, 629.635742, 1.000075
5, 786,1,273.001129, 272.957642, 378.032990, 245.983444,85.149727, 629.635742, 1.000159
5, 786,2,524.345337, 524.317871, 378.032990, 245.983444,85.149727, 629.635742, 1.000052
5, 786,3,85.149727, 85.136192, 378.032990, 245.983444,85.149727, 629.635742, 1.000159
5, 787,0,399.922607, 399.929871, 377.995392, 146.515839,185.065125, 541.203918, 0.999982
5, 787,1,385.789886, 385.799042, 377.995392, 146.515839,185.065125, 541.203918, 0.999976
5, 787,2,185.065125, 185.055359, 377.995392, 146.515839,185.065125, 541.203918, 1.000053
5, 787,3,541.203918, 541.215698, 377.995392, 146.515839,185.065125, 541.203918, 0.999978
5, 788,0,850.397888, 850.257446, 378.042877, 390.851685,33.200382, 850.397888, 1.000165
5, 788,1,546.805237, 546.764587, 378.042877, 390.851685,33.200382, 850.397888, 1.000074
5, 788,2,81.767952, 81.770523, 378.042877, 390.851685,33.200382, 850.397888, 0.999969
5, 788,3,33.200382, 33.207443, 378.042877, 390.851685,33.200382, 850.397888, 0.999787
5, 789,0,567.598267, 567.619995, 377.977509, 232.878387,39.324551, 567.598267, 0.999962
5, 789,1,430.700867, 430.726257, 377.977509, 232.878387,39.324551, 567.598267, 0.999941
5, 789,2,39.324551, 39.341293, 377.977509, 232.878387,39.324551, 567.598267, 0.999574
5, 789,3,474.286407, 474.312408, 377.977509, 232.878387,39.324551, 567.598267, 0.999945
5, 790,0,337.767548, 337.709747, 378.041260, 205.711197,104.516647, 560.227966, 1.000171
5, 790,1,509.652893, 509.591736, 378.041260, 205.711197,104.516647, 560.227966, 1.000120
5, 790,2,104.516647, 104.523254, 378.041260, 205.711197,104.516647, 560.227966, 0.999937
5, 790,3,560.227966, 560.175232, 378.041260, 205.711197,104.516647, 560.227966, 1.000094
5, 791,0,90.141945, 90.158653, 378.004272, 216.084137,90.141945, 546.618896, 0.999815
5, 791,1,546.618896, 546.625549, 378.004272, 216.084137,90.141945, 546.618896, 0.999988
5, 791,2,333.533295, 333.510986, 378.004272, 216.084137,90.141945, 546.618896, 1.000067
5, 791,3,541.722900, 541.704773, 378.004272, 216.084137,90.141945, 546.618896, 1.000033
5, 792,0,348.126923, 348.123810, 378.017426, 374.434601,90.528145, 915.320129, 1.000009
5, 792,1,90.528145, 90.505669, 378.017426, 374.434601,90.528145, 915.320129, 1.000248
5, 792,2,915.320129, 915.288513, 378.017426, 374.434601,90.528145, 915.320129, 1.000035
5, 792,3,158.094482, 158.082092, 378.017426, 374.434601,90.528145, 915.320129, 1.000078
5, 793,0,74.502640, 74.409592, 378.021790, 345.832062,74.502640, 809.885742, 1.001251
5, 793,1,503.497559, 503.520508, 378.021790, 345.832062,74.502640, 809.885742, 0.999954
5, 793,2,124.201210, 124.212723, 378.021790, 345.832062,74.502640, 809.885742, 0.999907
5, 793,3,809.885742, 809.857239, 378.021790, 345.832062,74.502640, 809.885742, 1.000035
5, 794,0,418.763611, 418.770813, 378.000305, 116.342316,204.545700, 449.587708, 0.999983
5, 794,1,439.104340, 439.122009, 378.000305, 116.342316,204.545700, 449.587708, 0.999960
5, 794,2,449.587708, 449.555756, 378.000305, 116.342316,204.545700, 449.587708, 1.000071
5, 794,3,204.545700, 204.551514, 378.000305, 116.342316,204.545700, 449.587708, 0.999972
5, 795,0,466.875977, 466.824615, 378.010986, 82.149971,268.224548, 466.875977, 1.000110
5, 795,1,382.268768, 382.262360, 378.010986, 82.149971,268.224548, 466.875977, 1.000017
5, 795,2,268.224548, 268.243347, 378.010986, 82.149971,268.224548, 466.875977, 0.999930
5, 795,3,394.674622, 394.669647, 378.010986, 82.149971,268.224548, 466.875977, 1.000013
5, 796,0,134.548660, 134.534607, 377.969177, 203.844589,134.548660, 620.898315, 1.000104
5, 796,1,620.898315, 620.980347, 377.969177, 203.844589,134.548660, 620.898315, 0.999868
5, 796,2,321.692169, 321.668396, 377.969177, 203.844589,134.548660, 620.898315, 1.000074
5, 796,3,434.737488, 434.816711, 377.969177, 203.844589,134.548660, 620.898315, 0.999818
5, 797,0,94.415352, 94.402679, 378.042480, 274.979645,94.415352, 678.163391, 1.000134
5, 797,1,537.408997, 537.342346, 378.042480, 274.979645,94.415352, 678.163391, 1.000124
5, 797,2,678.163391, 678.102356, 378.042480, 274.979645,94.415352, 678.163391, 1.000090
5, 797,3,202.182190, 202.152527, 378.042480, 274.979645,94.415352, 678.163391, 1.000147
5, 798,0,317.507813, 317.505310, 378.005310, 48.800419,317.507813, 420.921844, 1.000008
5, 798,1,359.518341, 359.492737, 378.005310, 48.800419,317.507813, 420.921844, 1.000071
5, 798,2,420.921844, 420.912445, 378.005310, 48.800419,317.507813, 420.921844, 1.000022
5, 798,3,414.073273, 414.089508, 378.005310, 48.800419,317.507813, 420.921844, 0.999961
5, 799,0,75.152138, 75.047180, 378.055603, 329.217438,75.152138, 709.503357, 1.001399
5, 799,1,611.913269, 611.831848, 378.055603, 329.217438,75.152138, 709.503357, 1.000133
5, 799,2,115.653603, 115.673676, 378.055603, 329.217438,75.152138, 709.503357, 0.999826
5, 799,3,709.503357, 709.447388, 378.055603, 329.217438,75.152138, 709.503357, 1.000079
5, 800,0,815.655884, 815.528564, 378.051544, 345.534271,63.523197, 815.655884, 1.000156
5, 800,1,143.045563, 143.023727, 378.051544, 345.534271,63.523197, 815.655884, 1.000153
5, 800,2,489.981567, 489.916534, 378.051544, 345.534271,63.523197, 815.655884, 1.000133
5, 800,3,63.523197, 63.531261, 378.051544, 345.534271,63.523197, 815.655884, 0.999873
5, 801,0,81.419136, 81.483391, 377.945953, 390.539246,19.160494, 820.036499, 0.999211
5, 801,1,19.160494, 19.136974, 377.945953, 390.539246,19.160494, 820.036499, 1.001229
5, 801,2,591.167664, 591.234436, 377.945953, 390.539246,19.160494, 820.036499, 0.999887
5, 801,3,820.036499, 820.145142, 377.945953, 390.539246,19.160494, 820.036499, 0.999868
5, 802,0,410.725250, 410.741302, 377.996643, 45.536560,334.603577, 423.389740, 0.999961
5, 802,1,423.389740, 423.408783, 377.996643, 45.536560,334.603577, 423.389740, 0.999955
5, 802,2,343.267944, 343.256439, 377.996643, 45.536560,334.603577, 423.389740, 1.000033
5, 802,3,334.603577, 334.593506, 377.996643, 45.536560,334.603577, 423.389740, 1.000030
5, 803,0,583.109070, 583.129150, 377.989563, 252.675247,143.801544, 609.541992, 0.999966
5, 803,1,609.541992, 609.544678, 377.989563, 252.675247,143.801544, 609.541992, 0.999996
5, 803,2,175.505585, 175.527206, 377.989563, 252.675247,143.801544, 609.541992, 0.999877
5, 803,3,143.801544, 143.798859, 377.989563, 252.675247,143.801544, 609.541992, 1.000019
5, 804,0,750.947876, 750.965332, 377.981995, 301.563263,40.266705, 750.947876, 0.999977
5, 804,1,40.266705, 40.291351, 377.981995, 301.563263,40.266705, 750.947876, 0.999388
5, 804,2,262.774109, 262.735657, 377.981995, 301.563263,40.266705, 750.947876, 1.000146
5, 804,3,457.939178, 458.007568, 377.981995, 301.563263,40.266705, 750.947876, 0.999851
5, 805,0,34.339760, 34.363224, 377.962494, 385.243347,34.339760, 842.946594, 0.999317
5, 805,1,544.862793, 544.942261, 377.962494, 385.243347,34.339760, 842.946594, 0.999854
5, 805,2,842.946594, 842.998413, 377.962494, 385.243347,34.339760, 842.946594, 0.999939
5, 805,3,89.700806, 89.696053, 377.962494, 385.243347,34.339760, 842.946594, 1.000053
5, 806,0,348.208557, 348.277435, 377.941406, 277.448395,64.301567, 740.319214, 0.999802
5, 806,1,358.936310, 358.984589, 377.941406, 277.448395,64.301567, 740.319214, 0.999866
5, 806,2,740.319214, 740.428894, 377.941406, 277.448395,64.301567, 740.319214, 0.999852
5, 806,3,64.301567, 64.309052, 377.941406, 277.448395,64.301567, 740.319214, 0.999884
5, 807,0,521.582092, 521.543457, 378.045959, 211.303421,67.108498, 521.582092, 1.000074
5, 807,1,67.108498, 67.062073, 378.045959, 211.303421,67.108498, 521.582092, 1.000692
5, 807,2,425.338715, 425.290985, 378.045959, 211.303421,67.108498, 521.582092, 1.000112
5, 807,3,498.154510, 498.103455, 378.045959, 211.303421,67.108498, 521.582092, 1.000103
5, 808,0,563.816101, 563.828979, 377.983185, 262.230164,23.671524, 588.774536, 0.999977
5, 808,1,335.670624, 335.654938, 377.983185, 262.230164,23.671524, 588.774536, 1.000047
5, 808,2,23.671524, 23.711277, 377.983185, 262.230164,23.671524, 588.774536, 0.998323
5, 808,3,588.774536, 588.804871, 377.983185, 262.230164,23.671524, 588.774536, 0.999949
5, 809,0,135.411407, 135.389816, 377.995087, 260.505005,135.411407, 610.039795, 1.000160
5, 809,1,596.385986, 596.398682, 377.995087, 260.505005,135.411407, 610.039795, 0.999979
5, 809,2,170.143188, 170.144501, 377.995087, 260.505005,135.411407, 610.039795, 0.999992
5, 809,3,610.039795, 610.067139, 377.995087, 260.505005,135.411407, 610.039795, 0.999955
5, 810,0,753.476685, 753.503906, 377.993591, 291.818176,59.664692, 753.476685, 0.999964
5, 810,1,273.523804, 273.512451, 377.993591, 291.818176,59.664692, 753.476685, 1.000041
5, 810,2,59.664692, 59.669594, 377.993591, 291.818176,59.664692, 753.476685, 0.999918
5, 810,3,425.309204, 425.313995, 377.993591, 291.818176,59.664692, 753.476685, 0.999989
5, 811,0,50.052761, 49.926125, 378.029419, 278.565674,50.052761, 730.165039, 1.002537
5, 811,1,730.165039, 730.170776, 378.029419, 278.565674,50.052761, 730.165039, 0.999992
5, 811,2,344.310822, 344.296722, 378.029419, 278.565674,50.052761, 730.165039, 1.000041
5, 811,3,387.589050, 387.606445, 378.029419, 278.565674,50.052761, 730.165039, 0.999955
5, 812,0,323.784760, 323.770721, 378.018402, 341.025909,150.215210, 875.609436, 1.000043
5, 812,1,875.609436, 875.583923, 378.018402, 341.025909,150.215210, 875.609436, 1.000029
5, 812,2,150.215210, 150.205475, 378.018402, 341.025909,150.215210, 875.609436, 1.000065
5, 812,3,162.464264, 162.440002, 378.018402, 341.025909,150.215210, 875.609436, 1.000149
5, 813,0,241.046280, 241.031006, 377.998352, 290.163635,224.057526, 813.118591, 1.000063
5, 813,1,224.057526, 224.052689, 377.998352, 290.163635,224.057526, 813.118591, 1.000022
5, 813,2,233.770935, 233.820480, 377.998352, 290.163635,224.057526, 813.118591, 0.999788
5, 813,3,813.118591, 813.095825, 377.998352, 290.163635,224.057526, 813.118591, 1.000028
5, 814,0,280.781860, 280.757324, 377.991882, 179.355209,182.590942, 579.356384, 1.000087
5, 814,1,469.238251, 469.259277, 377.991882, 179.355209,182.590942, 579.356384, 0.999955
5, 814,2,182.590942, 182.609955, 377.991882, 179.355209,182.590942, 579.356384, 0.999896
5, 814,3,579.356384, 579.373535, 377.991882, 179.355209,182.590942, 579.356384, 0.999970
5, 815,0,482.703613, 482.761719, 377.977539, 116.677994,217.711472, 482.703613, 0.999880
5, 815,1,217.711472, 217.688385, 377.977539, 116.677994,217.711472, 482.703613, 1.000106
5, 815,2,369.373383, 369.404572, 377.977539, 116.677994,217.711472, 482.703613, 0.999916
5, 815,3,442.121674, 442.145416, 377.977539, 116.677994,217.711472, 482.703613, 0.999946
5, 816,0,157.120544, 157.171265, 378.035736, 337.558929,73.199768, 816.840942, 0.999677
5, 816,1,73.199768, 73.173767, 378.035736, 337.558929,73.199768, 816.840942, 1.000355
5, 816,2,816.840942, 816.759155, 378.035736, 337.558929,73.199768, 816.840942, 1.000100
5, 816,3,464.981689, 464.895874, 378.035736, 337.558929,73.199768, 816.840942, 1.000185
5, 817,0,585.760498, 585.681030, 378.050354, 185.321106,174.775330, 585.760498, 1.000136
5, 817,1,472.159485, 472.105103, 378.050354, 185.321106,174.775330, 585.760498, 1.000115
5, 817,2,174.775330, 174.740967, 378.050354, 185.321106,174.775330, 585.760498, 1.000197
5, 817,3,279.506104, 279.472870, 378.050354, 185.321106,174.775330, 585.760498, 1.000119
5, 818,0,431.586243, 431.580139, 377.969147, 89.102226,252.743134, 450.497955, 1.000014
5, 818,1,252.743134, 252.762726, 377.969147, 89.102226,252.743134, 450.497955, 0.999923
5, 818,2,450.497955, 450.556274, 377.969147, 89.102226,252.743134, 450.497955, 0.999871
5, 818,3,377.049347, 377.100830, 377.969147, 89.102226,252.743134, 450.497955, 0.999864
5, 819,0,193.743790, 193.733871, 378.037659, 183.855759,193.743790, 629.912781, 1.000051
5, 819,1,629.912781, 629.884949, 378.037659, 183.855759,193.743790, 629.912781, 1.000044
5, 819,2,314.922272, 314.882538, 378.037659, 183.855759,193.743790, 629.912781, 1.000126
5, 819,3,373.571747, 373.498657, 378.037659, 183.855759,193.743790, 629.912781, 1.000196
5, 820,0,409.955231, 409.976166, 377.974060, 256.362396,175.775909, 728.385437, 0.999949
5, 820,1,197.779709, 197.827133, 377.974060, 256.362396,175.775909, 728.385437, 0.999760
5, 820,2,728.385437, 728.402405, 377.974060, 256.362396,175.775909, 728.385437, 0.999977
5, 820,3,175.775909, 175.794342, 377.974060, 256.362396,175.775909, 728.385437, 0.999895
5, 821,0,67.986931, 67.994736, 378.011414, 259.421783,67.986931, 683.307068, 0.999885
5, 821,1,459.644989, 459.631683, 378.011414, 259.421783,67.986931, 683.307068, 1.000029
5, 821,2,301.106720, 301.092133, 378.011414, 259.421783,67.986931, 683.307068, 1.000048
5, 821,3,683.307068, 683.281494, 378.011414, 259.421783,67.986931, 683.307068, 1.000037
5, 822,0,565.509949, 565.540649, 377.974792, 241.108566,64.666550, 569.622986, 0.999946
5, 822,1,312.099792, 312.112518, 377.974792, 241.108566,64.666550, 569.622986, 0.999959
5, 822,2,569.622986, 569.658630, 377.974792, 241.108566,64.666550, 569.622986, 0.999937
5, 822,3,64.666550, 64.688141, 377.974792, 241.108566,64.666550, 569.622986, 0.999666
5, 823,0,378.515350, 378.528107, 377.994751, 242.673676,35.290501, 567.529053, 0.999966
5, 823,1,567.529053, 567.544861, 377.994751, 242.673676,35.290501, 567.529053, 0.999972
5, 823,2,530.644043, 530.652039, 377.994751, 242.673676,35.290501, 567.529053, 0.999985
5, 823,3,35.290501, 35.275078, 377.994751, 242.673676,35.290501, 567.529053, 1.000437
5, 824,0,116.389946, 116.398232, 378.041016, 276.418610,116.389946, 764.775757, 0.999929
5, 824,1,764.775757, 764.709412, 378.041016, 276.418610,116.389946, 764.775757, 1.000087
5, 824,2,274.427826, 274.424988, 378.041016, 276.418610,116.389946, 764.775757, 1.000010
5, 824,3,356.570587, 356.467316, 378.041016, 276.418610,116.389946, 764.775757, 1.000290
5, 825,0,487.402527, 487.452332, 377.962738, 131.697174,257.152313, 496.332489, 0.999898
5, 825,1,270.963593, 270.970459, 377.962738, 131.697174,257.152313, 496.332489, 0.999975
5, 825,2,257.152313, 257.164917, 377.962738, 131.697174,257.152313, 496.332489, 0.999951
5, 825,3,496.332489, 496.412231, 377.962738, 131.697174,257.152313, 496.332489, 0.999839
5, 826,0,65.511292, 65.606834, 377.943481, 213.636185,65.511292, 524.123230, 0.998544
5, 826,1,524.123230, 524.176636, 377.943481, 213.636185,65.511292, 524.123230, 0.999898
5, 826,2,506.451080, 506.499756, 377.943481, 213.636185,65.511292, 524.123230, 0.999904
5, 826,3,415.688293, 415.716705, 377.943481, 213.636185,65.511292, 524.123230, 0.999932
5, 827,0,256.361115, 256.259338, 378.054108, 398.797760,130.380615, 970.629395, 1.000397
5, 827,1,970.629395, 970.481018, 378.054108, 398.797760,130.380615, 970.629395, 1.000153
5, 827,2,130.380615, 130.401184, 378.054108, 398.797760,130.380615, 970.629395, 0.999842
5, 827,3,154.845383, 154.858444, 378.054108, 398.797760,130.380615, 970.629395, 0.999916
5, 828,0,435.807220, 435.774658, 378.052551, 204.846207,94.749306, 582.624146, 1.000075
5, 828,1,399.029510, 398.946014, 378.052551, 204.846207,94.749306, 582.624146, 1.000209
5, 828,2,582.624146, 582.539978, 378.052551, 204.846207,94.749306, 582.624146, 1.000144
5, 828,3,94.749306, 94.739357, 378.052551, 204.846207,94.749306, 582.624146, 1.000105
5, 829,0,126.460526, 126.470963, 378.038269, 186.950043,126.460526, 566.822388, 0.999917
5, 829,1,566.822388, 566.703003, 378.038269, 186.950043,126.460526, 566.822388, 1.000211
5, 829,2,453.868317, 453.830719, 378.038269, 186.950043,126.460526, 566.822388, 1.000083
5, 829,3,365.001831, 364.995361, 378.038269, 186.950043,126.460526, 566.822388, 1.000018
5, 830,0,439.282349, 439.272919, 377.998840, 44.588730,337.988556, 439.282349, 1.000021
5, 830,1,337.988556, 337.977234, 377.998840, 44.588730,337.988556, 439.282349, 1.000033
5, 830,2,381.177094, 381.182617, 377.998840, 44.588730,337.988556, 439.282349, 0.999986
5, 830,3,353.547424, 353.567200, 377.998840, 44.588730,337.988556, 439.282349, 0.999944
5, 831,0,209.933548, 209.939896, 378.030731, 458.969330,102.497627, 1063.192139, 0.999970
5, 831,1,136.499619, 136.419830, 378.030731, 458.969330,102.497627, 1063.192139, 1.000585
5, 831,2,102.497627, 102.474693, 378.030731, 458.969330,102.497627, 1063.192139, 1.000224
5, 831,3,1063.192139, 1063.165527, 378.030731, 458.969330,102.497627, 1063.192139, 1.000025
5, 832,0,114.966400, 114.963890, 378.049072, 195.053833,114.966400, 526.748718, 1.000022
5, 832,1,345.040405, 344.967834, 378.049072, 195.053833,114.966400, 526.748718, 1.000210
5, 832,2,526.748718, 526.700134, 378.049072, 195.053833,114.966400, 526.748718, 1.000092
5, 832,3,525.440857, 525.368103, 378.049072, 195.053833,114.966400, 526.748718, 1.000139
5, 833,0,124.238068, 124.302315, 377.928864, 345.286438,92.133957, 829.479309, 0.999483
5, 833,1,92.133957, 92.135818, 377.928864, 345.286438,92.133957, 829.479309, 0.999980
5, 833,2,465.864105, 465.966553, 377.928864, 345.286438,92.133957, 829.479309, 0.999780
5, 833,3,829.479309, 829.595337, 377.928864, 345.286438,92.133957, 829.479309, 0.999860
5, 834,0,180.071640, 180.016571, 378.041168, 371.255737,157.648895, 932.341248, 1.000306
5, 834,1,932.341248, 932.199829, 378.041168, 371.255737,157.648895, 932.341248, 1.000152
5, 834,2,157.648895, 157.649200, 378.041168, 371.255737,157.648895, 932.341248, 0.999998
5, 834,3,242.102905, 242.134476, 378.041168, 371.255737,157.648895, 932.341248, 0.999870
5, 835,0,388.348175, 388.394318, 377.986115, 82.563713,308.485260, 490.512909, 0.999881
5, 835,1,308.485260, 308.473389, 377.986115, 82.563713,308.485260, 490.512909, 1.000039
5, 835,2,324.598114, 324.602203, 377.986115, 82.563713,308.485260, 490.512909, 0.999987
5, 835,3,490.512909, 490.530121, 377.986115, 82.563713,308.485260, 490.512909, 0.999965
5, 836,0,467.178345, 467.103729, 378.024017, 312.802399,101.974281, 781.245117, 1.000160
5, 836,1,781.245117, 781.183228, 378.024017, 312.802399,101.974281, 781.245117, 1.000079
5, 836,2,161.698349, 161.732681, 378.024017, 312.802399,101.974281, 781.245117, 0.999788
5, 836,3,101.974281, 101.980400, 378.024017, 312.802399,101.974281, 781.245117, 0.999940
5, 837,0,468.042450, 468.011414, 378.015503, 198.703156,129.211594, 591.261230, 1.000066
5, 837,1,591.261230, 591.207703, 378.015503, 198.703156,129.211594, 591.261230, 1.000091
5, 837,2,129.211594, 129.221603, 378.015503, 198.703156,129.211594, 591.261230, 0.999923
5, 837,3,323.546783, 323.559174, 378.015503, 198.703156,129.211594, 591.261230, 0.999962
5, 838,0,572.278748, 572.256104, 378.017273, 204.779877,116.181038, 572.278748, 1.000040
5, 838,1,318.999817, 318.991455, 378.017273, 204.779877,116.181038, 572.278748, 1.000026
5, 838,2,504.609528, 504.581329, 378.017273, 204.779877,116.181038, 572.278748, 1.000056
5, 838,3,116.181038, 116.171188, 378.017273, 204.779877,116.181038, 572.278748, 1.000085
5, 839,0,462.781555, 462.811310, 378.021606, 99.851685,233.999176, 462.781555, 0.999936
5, 839,1,396.967865, 396.907776, 378.021606, 99.851685,233.999176, 462.781555, 1.000151
5, 839,2,233.999176, 233.935333, 378.021606, 99.851685,233.999176, 462.781555, 1.000273
5, 839,3,418.337921, 418.345642, 378.021606, 99.851685,233.999176, 462.781555, 0.999982
5, 840,0,212.157028, 212.164078, 377.979248, 138.000717,212.157028, 524.925232, 0.999967
5, 840,1,450.124268, 450.148132, 377.979248, 138.000717,212.157028, 524.925232, 0.999947
5, 840,2,524.925232, 524.961487, 377.979248, 138.000717,212.157028, 524.925232, 0.999931
5, 840,3,324.710510, 324.726349, 377.979248, 138.000717,212.157028, 524.925232, 0.999951
5, 841,0,170.461838, 170.443176, 378.033020, 320.586914,128.900070, 828.742432, 1.000109
5, 841,1,128.900070, 128.970718, 378.033020, 320.586914,128.900070, 828.742432, 0.999452
5, 841,2,384.027679, 383.952423, 378.033020, 320.586914,128.900070, 828.742432, 1.000196
5, 841,3,828.742432, 828.633606, 378.033020, 320.586914,128.900070, 828.742432, 1.000131
5, 842,0,736.747437, 736.723694, 378.044678, 259.502350,141.436127, 736.747437, 1.000032
5, 842,1,141.436127, 141.421234, 378.044678, 259.502350,141.436127, 736.747437, 1.000105
5, 842,2,387.423615, 387.333344, 378.044678, 259.502350,141.436127, 736.747437, 1.000233
5, 842,3,246.571533, 246.521652, 378.044678, 259.502350,141.436127, 736.747437, 1.000202
5, 843,0,104.439148, 104.445175, 378.031036, 266.212219,104.439148, 611.147156, 0.999942
5, 843,1,601.483154, 601.394043, 378.031036, 266.212219,104.439148, 611.147156, 1.000148
5, 843,2,611.147156, 611.055603, 378.031036, 266.212219,104.439148, 611.147156, 1.000150
5, 843,3,195.054672, 195.105133, 378.031036, 266.212219,104.439148, 611.147156, 0.999741
5, 844,0,167.012039, 167.009888, 377.952576, 181.490570,167.012039, 610.262695, 1.000013
5, 844,1,610.262695, 610.320007, 377.952576, 181.490570,167.012039, 610.262695, 0.999906
5, 844,2,375.149628, 375.211456, 377.952576, 181.490570,167.012039, 610.262695, 0.999835
5, 844,3,359.386047, 359.458771, 377.952576, 181.490570,167.012039, 610.262695, 0.999798
5, 845,0,26.501694, 26.502241, 377.977966, 239.137650,26.501694, 533.739197, 0.999979
5, 845,1,523.851868, 523.873108, 377.977966, 239.137650,26.501694, 533.739197, 0.999959
5, 845,2,533.739197, 533.752319, 377.977966, 239.137650,26.501694, 533.739197, 0.999975
5, 845,3,427.819031, 427.872192, 377.977966, 239.137650,26.501694, 533.739197, 0.999876
5, 846,0,410.219299, 410.112854, 378.056183, 241.309479,84.171333, 671.764954, 1.000260
5, 846,1,84.171333, 84.166351, 378.056183, 241.309479,84.171333, 671.764954, 1.000059
5, 846,2,671.764954, 671.669128, 378.056183, 241.309479,84.171333, 671.764954, 1.000143
5, 846,3,346.069244, 346.051605, 378.056183, 241.309479,84.171333, 671.764954, 1.000051
5, 847,0,386.000977, 386.002014, 377.999573, 260.031372,25.157928, 647.451477, 0.999997
5, 847,1,453.387817, 453.391174, 377.999573, 260.031372,25.157928, 647.451477, 0.999993
5, 847,2,25.157928, 25.140480, 377.999573, 260.031372,25.157928, 647.451477, 1.000694
5, 847,3,647.451477, 647.466431, 377.999573, 260.031372,25.157928, 647.451477, 0.999977
5, 848,0,847.993652, 847.936951, 377.994415, 316.881927,162.448395, 847.993652, 1.000067
5, 848,1,162.448395, 162.504211, 377.994415, 316.881927,162.448395, 847.993652, 0.999656
5, 848,2,278.244202, 278.253540, 377.994415, 316.881927,162.448395, 847.993652, 0.999966
5, 848,3,223.291428, 223.305222, 377.994415, 316.881927,162.448395, 847.993652, 0.999938
5, 849,0,150.923782, 150.916718, 377.972015, 281.427612,150.923782, 786.036560, 1.000047
5, 849,1,247.755432, 247.767273, 377.972015, 281.427612,150.923782, 786.036560, 0.999952
5, 849,2,327.172302, 327.205139, 377.972015, 281.427612,150.923782, 786.036560, 0.999900
5, 849,3,786.036560, 786.110840, 377.972015, 281.427612,150.923782, 786.036560, 0.999906
5, 850,0,115.876045, 115.868118, 377.948853, 316.816071,115.876045, 839.062073, 1.000068
5, 850,1,277.677795, 277.729065, 377.948853, 316.816071,115.876045, 839.062073, 0.999815
5, 850,2,839.062073, 839.101990, 377.948853, 316.816071,115.876045, 839.062073, 0.999952
5, 850,3,279.179443, 279.300964, 377.948853, 316.816071,115.876045, 839.062073, 0.999565
5, 851,0,204.367462, 204.362030, 378.022522, 321.547760,11.676326, 650.538208, 1.000027
5, 851,1,645.507996, 645.518433, 378.022522, 321.547760,11.676326, 650.538208, 0.999984
5, 851,2,11.676326, 11.645019, 378.022522, 321.547760,11.676326, 650.538208, 1.002688
5, 851,3,650.538208, 650.474365, 378.022522, 321.547760,11.676326, 650.538208, 1.000098
5, 852,0,316.084747, 316.084045, 378.044617, 71.315407,316.084747, 453.654907, 1.000002
5, 852,1,318.263977, 318.234222, 378.044617, 71.315407,316.084747, 453.654907, 1.000093
5, 852,2,453.654907, 453.577576, 378.044617, 71.315407,316.084747, 453.654907, 1.000170
5, 852,3,424.174805, 424.104248, 378.044617, 71.315407,316.084747, 453.654907, 1.000166
5, 853,0,98.529404, 98.515648, 378.040894, 187.171600,98.529404, 495.271729, 1.000140
5, 853,1,495.271729, 495.252899, 378.040894, 187.171600,98.529404, 495.271729, 1.000038
5, 853,2,464.766479, 464.723755, 378.040894, 187.171600,98.529404, 495.271729, 1.000092
5, 853,3,453.595886, 453.507660, 378.040894, 187.171600,98.529404, 495.271729, 1.000195
5, 854,0,322.399872, 322.503082, 377.940735, 233.531754,177.034607, 715.066895, 0.999680
5, 854,1,177.034607, 177.020935, 377.940735, 233.531754,177.034607, 715.066895, 1.000077
5, 854,2,297.261536, 297.342743, 377.940735, 233.531754,177.034607, 715.066895, 0.999727
5, 854,3,715.066895, 715.133301, 377.940735, 233.531754,177.034607, 715.066895, 0.999907
5, 855,0,349.169983, 349.126373, 378.056091, 180.226654,244.472519, 640.354126, 1.000125
5, 855,1,278.227722, 278.181702, 378.056091, 180.226654,244.472519, 640.354126, 1.000165
5, 855,2,244.472519, 244.429810, 378.056091, 180.226654,244.472519, 640.354126, 1.000175
5, 855,3,640.354126, 640.262085, 378.056091, 180.226654,244.472519, 640.354126, 1.000144
5, 856,0,305.420868, 305.368073, 378.045563, 227.611008,98.183846, 623.930847, 1.000173
5, 856,1,98.183846, 98.237312, 378.045563, 227.611008,98.183846, 623.930847, 0.999456
5, 856,2,623.930847, 623.829102, 378.045563, 227.611008,98.183846, 623.930847, 1.000163
5, 856,3,484.646759, 484.565491, 378.045563, 227.611008,98.183846, 623.930847, 1.000168
5, 857,0,159.437622, 159.520966, 377.974487, 172.137527,159.437622, 547.095703, 0.999478
5, 857,1,477.890961, 477.895996, 377.974487, 172.137527,159.437622, 547.095703, 0.999989
5, 857,2,547.095703, 547.102539, 377.974487, 172.137527,159.437622, 547.095703, 0.999987
5, 857,3,327.473572, 327.480438, 377.974487, 172.137527,159.437622, 547.095703, 0.999979
5, 858,0,433.087341, 433.047821, 378.022522, 241.736725,131.404297, 689.566345, 1.000091
5, 858,1,258.032196, 258.009796, 378.022522, 241.736725,131.404297, 689.566345, 1.000087
5, 858,2,689.566345, 689.544678, 378.022522, 241.736725,131.404297, 689.566345, 1.000031
5, 858,3,131.404297, 131.397781, 378.022522, 241.736725,131.404297, 689.566345, 1.000050
5, 859,0,346.837921, 346.842896, 378.018860, 207.410385,96.585953, 537.220825, 0.999986
5, 859,1,96.585953, 96.597191, 378.018860, 207.410385,96.585953, 537.220825, 0.999884
5, 859,2,537.220825, 537.170349, 378.018860, 207.410385,96.585953, 537.220825, 1.000094
5, 859,3,531.430725, 531.389587, 378.018860, 207.410385,96.585953, 537.220825, 1.000077
5, 860,0,129.286728, 129.361603, 377.940552, 213.132996,129.286728, 566.932495, 0.999421
5, 860,1,566.932495, 566.999695, 377.940552, 213.132996,129.286728, 566.932495, 0.999882
5, 860,2,543.695374, 543.767700, 377.940552, 213.132996,129.286728, 566.932495, 0.999867
5, 860,3,271.847656, 271.870972, 377.940552, 213.132996,129.286728, 566.932495, 0.999914
5, 861,0,216.222214, 216.197876, 378.004089, 307.068420,46.234009, 736.206116, 1.000113
5, 861,1,736.206116, 736.216187, 378.004089, 307.068420,46.234009, 736.206116, 0.999986
5, 861,2,513.354004, 513.338562, 378.004089, 307.068420,46.234009, 736.206116, 1.000030
5, 861,3,46.234009, 46.247452, 378.004089, 307.068420,46.234009, 736.206116, 0.999709
5, 862,0,506.831848, 506.885864, 377.960846, 100.541588,291.070831, 506.831848, 0.999893
5, 862,1,408.385468, 408.419434, 377.960846, 100.541588,291.070831, 506.831848, 0.999917
5, 862,2,305.555298, 305.607422, 377.960846, 100.541588,291.070831, 506.831848, 0.999829
5, 862,3,291.070831, 291.087280, 377.960846, 100.541588,291.070831, 506.831848, 0.999943
5, 863,0,347.951233, 347.960388, 377.978790, 286.352142,74.641708, 765.468262, 0.999974
5, 863,1,323.853882, 323.940247, 377.978790, 286.352142,74.641708, 765.468262, 0.999733
5, 863,2,765.468262, 765.534424, 377.978790, 286.352142,74.641708, 765.468262, 0.999914
5, 863,3,74.641708, 74.564964, 377.978790, 286.352142,74.641708, 765.468262, 1.001029
5, 864,0,460.253998, 460.279327, 377.967041, 238.636383,51.331272, 617.458801, 0.999945
5, 864,1,617.458801, 617.551941, 377.967041, 238.636383,51.331272, 617.458801, 0.999849
5, 864,2,382.824036, 382.891174, 377.967041, 238.636383,51.331272, 617.458801, 0.999825
5, 864,3,51.331272, 51.277542, 377.967041, 238.636383,51.331272, 617.458801, 1.001048
5, 865,0,255.391541, 255.438980, 377.932098, 306.163666,134.896240, 825.581482, 0.999814
5, 865,1,295.859131, 295.936035, 377.932098, 306.163666,134.896240, 825.581482, 0.999740
5, 865,2,825.581482, 825.686401, 377.932098, 306.163666,134.896240, 825.581482, 0.999873
5, 865,3,134.896240, 134.938507, 377.932098, 306.163666,134.896240, 825.581482, 0.999687
5, 866,0,330.817352, 330.760620, 378.064240, 139.961990,277.338959, 585.171204, 1.000172
5, 866,1,318.929352, 318.830963, 378.064240, 139.961990,277.338959, 585.171204, 1.000309
5, 866,2,585.171204, 585.098572, 378.064240, 139.961990,277.338959, 585.171204, 1.000124
5, 866,3,277.338959, 277.309845, 378.064240, 139.961990,277.338959, 585.171204, 1.000105
5, 867,0,177.612320, 177.613525, 377.972473, 195.133377,177.612320, 634.397827, 0.999993
5, 867,1,408.083191, 408.111176, 377.972473, 195.133377,177.612320, 634.397827, 0.999931
5, 867,2,634.397827, 634.470764, 377.972473, 195.133377,177.612320, 634.397827, 0.999885
5, 867,3,291.796570, 291.804565, 377.972473, 195.133377,177.612320, 634.397827, 0.999973
5, 868,0,588.623596, 588.705322, 377.944397, 196.571457,124.136940, 588.623596, 0.999861
5, 868,1,124.136940, 124.155090, 377.944397, 196.571457,124.136940, 588.623596, 0.999854
5, 868,2,343.889130, 343.903076, 377.944397, 196.571457,124.136940, 588.623596, 0.999959
5, 868,3,455.127991, 455.236511, 377.944397, 196.571457,124.136940, 588.623596, 0.999762
5, 869,0,95.063927, 95.035088, 377.976013, 224.371246,95.063927, 597.526062, 1.000304
5, 869,1,511.584839, 511.665771, 377.976013, 224.371246,95.063927, 597.526062, 0.999842
5, 869,2,597.526062, 597.552612, 377.976013, 224.371246,95.063927, 597.526062, 0.999956
5, 869,3,307.729309, 307.746429, 377.976013, 224.371246,95.063927, 597.526062, 0.999944
5, 870,0,463.501556, 463.555023, 377.951416, 97.208672,241.907654, 463.501556, 0.999885
5, 870,1,241.907654, 241.959808, 377.951416, 97.208672,241.907654, 463.501556, 0.999784
5, 870,2,428.168640, 428.227051, 377.951416, 97.208672,241.907654, 463.501556, 0.999864
5, 870,3,378.227814, 378.258026, 377.951416, 97.208672,241.907654, 463.501556, 0.999920
5, 871,0,74.980453, 75.009079, 377.987854, 350.979614,74.980453, 846.965637, 0.999618
5, 871,1,443.382843, 443.383911, 377.987854, 350.979614,74.980453, 846.965637, 0.999998
5, 871,2,146.622589, 146.645020, 377.987854, 350.979614,74.980453, 846.965637, 0.999847
5, 871,3,846.965637, 846.961914, 377.987854, 350.979614,74.980453, 846.965637, 1.000004
5, 872,0,583.618774, 583.584900, 378.024597, 245.466553,130.553162, 594.377563, 1.000058
5, 872,1,203.548828, 203.550110, 378.024597, 245.466553,130.553162, 594.377563, 0.999994
5, 872,2,130.553162, 130.546417, 378.024597, 245.466553,130.553162, 594.377563, 1.000052
5, 872,3,594.377563, 594.318542, 378.024597, 245.466553,130.553162, 594.377563, 1.000099
5, 873,0,68.894333, 68.914513, 378.007507, 219.756546,68.894333, 564.003540, 0.999707
5, 873,1,499.375885, 499.341187, 378.007507, 219.756546,68.894333, 564.003540, 1.000069
5, 873,2,564.003540, 564.032776, 378.007507, 219.756546,68.894333, 564.003540, 0.999948
5, 873,3,379.756348, 379.711517, 378.007507, 219.756546,68.894333, 564.003540, 1.000118
5, 874,0,45.932041, 45.954704, 378.003998, 251.100479,45.932041, 591.948242, 0.999507
5, 874,1,551.377380, 551.355347, 378.003998, 251.100479,45.932041, 591.948242, 1.000040
5, 874,2,591.948242, 591.920715, 378.003998, 251.100479,45.932041, 591.948242, 1.000046
5, 874,3,322.758270, 322.769135, 378.003998, 251.100479,45.932041, 591.948242, 0.999966
5, 875,0,367.371429, 367.350983, 378.039185, 37.964283,341.219666, 431.167023, 1.000056
5, 875,1,372.398712, 372.352234, 378.039185, 37.964283,341.219666, 431.167023, 1.000125
5, 875,2,431.167023, 431.112061, 378.039185, 37.964283,341.219666, 431.167023, 1.000127
5, 875,3,341.219666, 341.184784, 378.039185, 37.964283,341.219666, 431.167023, 1.000102
5, 876,0,370.564758, 370.537659, 378.050354, 221.499786,68.668770, 561.091125, 1.000073
5, 876,1,68.668770, 68.671440, 378.050354, 221.499786,68.668770, 561.091125, 0.999961
5, 876,2,511.876862, 511.779419, 378.050354, 221.499786,68.668770, 561.091125, 1.000190
5, 876,3,561.091125, 561.011475, 378.050354, 221.499786,68.668770, 561.091125, 1.000142
5, 877,0,605.152283, 605.077209, 378.028992, 232.043289,54.926025, 605.152283, 1.000124
5, 877,1,54.926025, 54.883705, 378.028992, 232.043289,54.926025, 605.152283, 1.000771
5, 877,2,404.273682, 404.273071, 378.028992, 232.043289,54.926025, 605.152283, 1.000002
5, 877,3,447.763947, 447.766083, 378.028992, 232.043289,54.926025, 605.152283, 0.999995
5, 878,0,553.826294, 553.793274, 378.017487, 223.729950,81.344543, 553.826294, 1.000060
5, 878,1,81.344543, 81.332520, 378.017487, 223.729950,81.344543, 553.826294, 1.000148
5, 878,2,547.851624, 547.819885, 378.017487, 223.729950,81.344543, 553.826294, 1.000058
5, 878,3,329.047455, 329.054321, 378.017487, 223.729950,81.344543, 553.826294, 0.999979
5, 879,0,199.258698, 199.269684, 377.997528, 254.528793,123.204887, 636.674500, 0.999945
5, 879,1,552.852051, 552.845398, 377.997528, 254.528793,123.204887, 636.674500, 1.000012
5, 879,2,123.204887, 123.223106, 377.997528, 254.528793,123.204887, 636.674500, 0.999852
5, 879,3,636.674500, 636.661926, 377.997528, 254.528793,123.204887, 636.674500, 1.000020
5, 880,0,405.302094, 405.286224, 378.011353, 285.719086,26.384239, 724.465637, 1.000039
5, 880,1,355.893524, 355.881165, 378.011353, 285.719086,26.384239, 724.465637, 1.000035
5, 880,2,26.384239, 26.384327, 378.011353, 285.719086,26.384239, 724.465637, 0.999997
5, 880,3,724.465637, 724.448303, 378.011353, 285.719086,26.384239, 724.465637, 1.000024
5, 881,0,533.834717, 533.706848, 378.055664, 279.632477,111.716110, 691.470886, 1.000240
5, 881,1,111.716110, 111.667236, 378.055664, 279.632477,111.716110, 691.470886, 1.000438
5, 881,2,175.201019, 175.155731, 378.055664, 279.632477,111.716110, 691.470886, 1.000259
5, 881,3,691.470886, 691.470215, 378.055664, 279.632477,111.716110, 691.470886, 1.000001
5, 882,0,176.430923, 176.415878, 378.055939, 146.809280,176.430923, 493.737427, 1.000085
5, 882,1,493.737427, 493.636200, 378.055939, 146.809280,176.430923, 493.737427, 1.000205
5, 882,2,479.895752, 479.830170, 378.055939, 146.809280,176.430923, 493.737427, 1.000137
5, 882,3,362.159698, 362.117737, 378.055939, 146.809280,176.430923, 493.737427, 1.000116
5, 883,0,561.348816, 561.272583, 378.034790, 259.219025,80.049194, 625.908386, 1.000136
5, 883,1,80.049194, 80.052925, 378.034790, 259.219025,80.049194, 625.908386, 0.999953
5, 883,2,244.832825, 244.812805, 378.034790, 259.219025,80.049194, 625.908386, 1.000082
5, 883,3,625.908386, 625.861694, 378.034790, 259.219025,80.049194, 625.908386, 1.000075
5, 884,0,227.950836, 227.946243, 378.019196, 143.503036,227.950836, 520.941101, 1.000020
5, 884,1,520.941101, 520.937134, 378.019196, 143.503036,227.950836, 520.941101, 1.000008
5, 884,2,284.621643, 284.594452, 378.019196, 143.503036,227.950836, 520.941101, 1.000095
5, 884,3,478.563110, 478.522125, 378.019196, 143.503036,227.950836, 520.941101, 1.000086
5, 885,0,541.455627, 541.518799, 377.942017, 241.213043,170.209305, 627.739929, 0.999883
5, 885,1,170.209305, 170.233292, 377.942017, 241.213043,170.209305, 627.739929, 0.999859
5, 885,2,172.363266, 172.431519, 377.942017, 241.213043,170.209305, 627.739929, 0.999604
5, 885,3,627.739929, 627.816406, 377.942017, 241.213043,170.209305, 627.739929, 0.999878
5, 886,0,467.467590, 467.480652, 377.984039, 83.285675,267.119263, 467.467590, 0.999972
5, 886,1,400.562164, 400.570129, 377.984039, 83.285675,267.119263, 467.467590, 0.999980
5, 886,2,267.119263, 267.116913, 377.984039, 83.285675,267.119263, 467.467590, 1.000009
5, 886,3,376.787109, 376.832275, 377.984039, 83.285675,267.119263, 467.467590, 0.999880
5, 887,0,309.646484, 309.710693, 377.975800, 67.498894,309.646484, 444.332855, 0.999793
5, 887,1,444.332855, 444.330048, 377.975800, 67.498894,309.646484, 444.332855, 1.000006
5, 887,2,426.889984, 426.890808, 377.975800, 67.498894,309.646484, 444.332855, 0.999998
5, 887,3,331.033813, 331.068359, 377.975800, 67.498894,309.646484, 444.332855, 0.999896
5, 888,0,211.316330, 211.288422, 378.044373, 161.510086,211.316330, 590.266663, 1.000132
5, 888,1,590.266663, 590.151794, 378.044373, 161.510086,211.316330, 590.266663, 1.000195
5, 888,2,402.122070, 402.101257, 378.044373, 161.510086,211.316330, 590.266663, 1.000052
5, 888,3,308.472473, 308.458496, 378.044373, 161.510086,211.316330, 590.266663, 1.000045
5, 889,0,504.021820, 504.069550, 377.949585, 107.670341,251.188416, 504.021820, 0.999905
5, 889,1,251.188416, 251.176529, 377.949585, 107.670341,251.188416, 504.021820, 1.000047
5, 889,2,340.771637, 340.833221, 377.949585, 107.670341,251.188416, 504.021820, 0.999819
5, 889,3,415.816528, 415.920685, 377.949585, 107.670341,251.188416, 504.021820, 0.999750
5, 890,0,544.700806, 544.691711, 378.019379, 248.832169,32.290302, 573.401672, 1.000017
5, 890,1,573.401672, 573.396484, 378.019379, 248.832169,32.290302, 573.401672, 1.000009
5, 890,2,361.684723, 361.669159, 378.019379, 248.832169,32.290302, 573.401672, 1.000043
5, 890,3,32.290302, 32.242725, 378.019379, 248.832169,32.290302, 573.401672, 1.001476
5, 891,0,579.322266, 579.306885, 377.994232, 238.322525,97.701912, 579.322266, 1.000027
5, 891,1,97.701912, 97.681747, 377.994232, 238.322525,97.701912, 579.322266, 1.000206
5, 891,2,572.683350, 572.707825, 377.994232, 238.322525,97.701912, 579.322266, 0.999957
5, 891,3,262.269379, 262.303619, 377.994232, 238.322525,97.701912, 579.322266, 0.999869
5, 892,0,153.692276, 153.734741, 378.026855, 181.421417,153.692276, 577.436829, 0.999724
5, 892,1,325.912720, 325.856750, 378.026855, 181.421417,153.692276, 577.436829, 1.000172
5, 892,2,455.065643, 455.011108, 378.026855, 181.421417,153.692276, 577.436829, 1.000120
5, 892,3,577.436829, 577.397339, 378.026855, 181.421417,153.692276, 577.436829, 1.000068
5, 893,0,760.163086, 760.177246, 377.988037, 290.075134,71.818756, 760.163086, 0.999981
5, 893,1,270.182098, 270.162354, 377.988037, 290.075134,71.818756, 760.163086, 1.000073
5, 893,2,409.788177, 409.755554, 377.988037, 290.075134,71.818756, 760.163086, 1.000080
5, 893,3,71.818756, 71.904846, 377.988037, 290.075134,71.818756, 760.163086, 0.998803
5, 894,0,401.025665, 401.052856, 377.951721, 315.856873,42.571423, 796.322998, 0.999932
5, 894,1,271.886810, 271.935638, 377.951721, 315.856873,42.571423, 796.322998, 0.999820
5, 894,2,42.571423, 42.570114, 377.951721, 315.856873,42.571423, 796.322998, 1.000031
5, 894,3,796.322998, 796.441406, 377.951721, 315.856873,42.571423, 796.322998, 0.999851
5, 895,0,408.331238, 408.374420, 377.959229, 128.425415,277.723175, 547.183899, 0.999894
5, 895,1,277.723175, 277.739105, 377.959229, 128.425415,277.723175, 547.183899, 0.999943
5, 895,2,278.598511, 278.615845, 377.959229, 128.425415,277.723175, 547.183899, 0.999938
5, 895,3,547.183899, 547.270691, 377.959229, 128.425415,277.723175, 547.183899, 0.999841
5, 896,0,45.630669, 45.595612, 378.010071, 325.412964,45.630669, 824.638245, 1.000769
5, 896,1,296.374146, 296.418091, 378.010071, 325.412964,45.630669, 824.638245, 0.999852
5, 896,2,345.397186, 345.265198, 378.010071, 325.412964,45.630669, 824.638245, 1.000382
5, 896,3,824.638245, 824.721008, 378.010071, 325.412964,45.630669, 824.638245, 0.999900
5, 897,0,382.933380, 382.939819, 377.979736, 25.090992,350.805481, 410.052094, 0.999983
5, 897,1,410.052094, 410.085846, 377.979736, 25.090992,350.805481, 410.052094, 0.999918
5, 897,2,368.127899, 368.152161, 377.979736, 25.090992,350.805481, 410.052094, 0.999934
5, 897,3,350.805481, 350.822235, 377.979736, 25.090992,350.805481, 410.052094, 0.999952
5, 898,0,377.490448, 377.485779, 377.994568, 234.701736,90.636139, 665.534973, 1.000012
5, 898,1,90.636139, 90.609283, 377.994568, 234.701736,90.636139, 665.534973, 1.000296
5, 898,2,665.534973, 665.544983, 377.994568, 234.701736,90.636139, 665.534973, 0.999985
5, 898,3,378.316711, 378.359985, 377.994568, 234.701736,90.636139, 665.534973, 0.999886
5, 899,0,613.189331, 613.203369, 377.981415, 264.755066,26.749382, 613.189331, 0.999977
5, 899,1,26.749382, 26.719976, 377.981415, 264.755066,26.749382, 613.189331, 1.001101
5, 899,2,324.485107, 324.563843, 377.981415, 264.755066,26.749382, 613.189331, 0.999757
5, 899,3,547.501831, 547.512695, 377.981415, 264.755066,26.749382, 613.189331, 0.999980
5, 900,0,380.928436, 380.879395, 378.053192, 97.815887,239.499313, 458.017761, 1.000129
5, 900,1,458.017761, 457.951141, 378.053192, 97.815887,239.499313, 458.017761, 1.000145
5, 900,2,239.499313, 239.485992, 378.053192, 97.815887,239.499313, 458.017761, 1.000056
5, 900,3,433.767334, 433.683441, 378.053192, 97.815887,239.499313, 458.017761, 1.000193
5, 901,0,337.653412, 337.643585, 378.015137, 46.099350,337.653412, 432.514954, 1.000029
5, 901,1,432.514954, 432.497253, 378.015137, 46.099350,337.653412, 432.514954, 1.000041
5, 901,2,399.896088, 399.879059, 378.015137, 46.099350,337.653412, 432.514954, 1.000043
5, 901,3,341.996033, 341.980103, 378.015137, 46.099350,337.653412, 432.514954, 1.000047
5, 902,0,448.383148, 448.447021, 377.957947, 85.400612,288.933044, 453.671936, 0.999858
5, 902,1,453.671936, 453.764374, 377.957947, 85.400612,288.933044, 453.671936, 0.999796
5, 902,2,320.843658, 320.846252, 377.957947, 85.400612,288.933044, 453.671936, 0.999992
5, 902,3,288.933044, 288.942322, 377.957947, 85.400612,288.933044, 453.671936, 0.999968
5, 903,0,547.920593, 547.813782, 378.043640, 263.770416,70.471687, 641.552185, 1.000195
5, 903,1,252.230118, 252.237106, 378.043640, 263.770416,70.471687, 641.552185, 0.999972
5, 903,2,70.471687, 70.467743, 378.043640, 263.770416,70.471687, 641.552185, 1.000056
5, 903,3,641.552185, 641.481384, 378.043640, 263.770416,70.471687, 641.552185, 1.000110
5, 904,0,584.798584, 584.732422, 378.048828, 210.936554,85.604248, 584.798584, 1.000113
5, 904,1,393.133118, 393.089111, 378.048828, 210.936554,85.604248, 584.798584, 1.000112
5, 904,2,448.659424, 448.580414, 378.048828, 210.936554,85.604248, 584.798584, 1.000176
5, 904,3,85.604248, 85.598122, 378.048828, 210.936554,85.604248, 584.798584, 1.000072
5, 905,0,335.271881, 335.276093, 378.000244, 223.233673,215.540100, 704.457886, 0.999987
5, 905,1,256.731079, 256.713440, 378.000244, 223.233673,215.540100, 704.457886, 1.000069
5, 905,2,215.540100, 215.517639, 378.000244, 223.233673,215.540100, 704.457886, 1.000104
5, 905,3,704.457886, 704.492737, 378.000244, 223.233673,215.540100, 704.457886, 0.999951
5, 906,0,480.679657, 480.755615, 377.956665, 179.922623,111.577942, 493.065186, 0.999842
5, 906,1,426.503998, 426.555756, 377.956665, 179.922623,111.577942, 493.065186, 0.999879
5, 906,2,493.065186, 493.119324, 377.956665, 179.922623,111.577942, 493.065186, 0.999890
5, 906,3,111.577942, 111.569336, 377.956665, 179.922623,111.577942, 493.065186, 1.000077
5, 907,0,310.341553, 310.294495, 378.053406, 165.664932,275.898651, 625.600952, 1.000152
5, 907,1,275.898651, 275.882782, 378.053406, 165.664932,275.898651, 625.600952, 1.000058
5, 907,2,300.372467, 300.334808, 378.053406, 165.664932,275.898651, 625.600952, 1.000125
5, 907,3,625.600952, 625.487854, 378.053406, 165.664932,275.898651, 625.600952, 1.000181
5, 908,0,439.800415, 439.880402, 377.958008, 332.726593,68.409332, 819.456238, 0.999818
5, 908,1,184.165939, 184.160553, 377.958008, 332.726593,68.409332, 819.456238, 1.000029
5, 908,2,68.409332, 68.477051, 377.958008, 332.726593,68.409332, 819.456238, 0.999011
5, 908,3,819.456238, 819.481995, 377.958008, 332.726593,68.409332, 819.456238, 0.999969
5, 909,0,355.060822, 355.108063, 377.960449, 129.468201,237.968063, 551.321838, 0.999867
5, 909,1,367.491119, 367.500183, 377.960449, 129.468201,237.968063, 551.321838, 0.999975
5, 909,2,551.321838, 551.390747, 377.960449, 129.468201,237.968063, 551.321838, 0.999875
5, 909,3,237.968063, 238.000977, 377.960449, 129.468201,237.968063, 551.321838, 0.999862
5, 910,0,559.953613, 559.986206, 377.976593, 237.905243,28.826399, 559.953613, 0.999942
5, 910,1,441.541077, 441.572296, 377.976593, 237.905243,28.826399, 559.953613, 0.999929
5, 910,2,481.585236, 481.662811, 377.976593, 237.905243,28.826399, 559.953613, 0.999839
5, 910,3,28.826399, 28.778700, 377.976593, 237.905243,28.826399, 559.953613, 1.001657
5, 911,0,107.718658, 107.725250, 378.011932, 271.944366,107.718658, 751.211670, 0.999939
5, 911,1,751.211670, 751.164001, 378.011932, 271.944366,107.718658, 751.211670, 1.000063
5, 911,2,280.570435, 280.578125, 378.011932, 271.944366,107.718658, 751.211670, 0.999973
5, 911,3,372.547028, 372.532593, 378.011932, 271.944366,107.718658, 751.211670, 1.000039
5, 912,0,533.379272, 533.352600, 378.021576, 145.674011,182.460327, 533.379272, 1.000050
5, 912,1,182.460327, 182.472946, 378.021576, 145.674011,182.460327, 533.379272, 0.999931
5, 912,2,382.722656, 382.698547, 378.021576, 145.674011,182.460327, 533.379272, 1.000063
5, 912,3,413.524078, 413.475861, 378.021576, 145.674011,182.460327, 533.379272, 1.000117
5, 913,0,55.594784, 55.567913, 377.952332, 286.152039,55.594784, 749.976074, 1.000484
5, 913,1,749.976074, 750.039429, 377.952332, 286.152039,55.594784, 749.976074, 0.999916
5, 913,2,385.519470, 385.623962, 377.952332, 286.152039,55.594784, 749.976074, 0.999729
5, 913,3,320.719055, 320.768677, 377.952332, 286.152039,55.594784, 749.976074, 0.999845
5, 914,0,435.880768, 435.865265, 378.012482, 63.650574,287.864441, 435.880768, 1.000036
5, 914,1,287.864441, 287.840027, 378.012482, 63.650574,287.864441, 435.880768, 1.000085
5, 914,2,385.270142, 385.267090, 378.012482, 63.650574,287.864441, 435.880768, 1.000008
5, 914,3,403.034576, 403.027618, 378.012482, 63.650574,287.864441, 435.880768, 1.000017
5, 915,0,487.841858, 487.843018, 377.981201, 182.872955,133.673920, 544.033142, 0.999998
5, 915,1,133.673920, 133.666412, 377.981201, 182.872955,133.673920, 544.033142, 1.000056
5, 915,2,346.376007, 346.429443, 377.981201, 182.872955,133.673920, 544.033142, 0.999846
5, 915,3,544.033142, 544.061157, 377.981201, 182.872955,133.673920, 544.033142, 0.999949
5, 916,0,503.553284, 503.531158, 378.001465, 199.066437,81.977104, 503.553284, 1.000044
5, 916,1,81.977104, 81.994675, 378.001465, 199.066437,81.977104, 503.553284, 0.999786
5, 916,2,485.126160, 485.134247, 378.001465, 199.066437,81.977104, 503.553284, 0.999983
5, 916,3,441.349396, 441.340027, 378.001465, 199.066437,81.977104, 503.553284, 1.000021
5, 917,0,124.794960, 124.806343, 377.997437, 362.427399,10.278377, 719.765015, 0.999909
5, 917,1,719.765015, 719.764160, 377.997437, 362.427399,10.278377, 719.765015, 1.000001
5, 917,2,10.278377, 10.287016, 377.997437, 362.427399,10.278377, 719.765015, 0.999160
5, 917,3,657.151428, 657.142517, 377.997437, 362.427399,10.278377, 719.765015, 1.000014
5, 918,0,62.814377, 62.806164, 378.066650, 326.677979,62.814377, 671.788513, 1.000131
5, 918,1,647.933411, 647.813171, 378.066650, 326.677979,62.814377, 671.788513, 1.000186
5, 918,2,129.730377, 129.710693, 378.066650, 326.677979,62.814377, 671.788513, 1.000152
5, 918,3,671.788513, 671.669983, 378.066650, 326.677979,62.814377, 671.788513, 1.000176
5, 919,0,170.495575, 170.495529, 377.998688, 275.196350,120.528442, 680.308411, 1.000000
5, 919,1,540.662231, 540.663452, 377.998688, 275.196350,120.528442, 680.308411, 0.999998
5, 919,2,680.308411, 680.313171, 377.998688, 275.196350,120.528442, 680.308411, 0.999993
5, 919,3,120.528442, 120.527809, 377.998688, 275.196350,120.528442, 680.308411, 1.000005
5, 920,0,198.747757, 198.688507, 378.054260, 298.453674,182.951248, 817.168274, 1.000298
5, 920,1,313.349701, 313.297974, 378.054260, 298.453674,182.951248, 817.168274, 1.000165
5, 920,2,182.951248, 182.972031, 378.054260, 298.453674,182.951248, 817.168274, 0.999886
5, 920,3,817.168274, 817.041565, 378.054260, 298.453674,182.951248, 817.168274, 1.000155
5, 921,0,628.851563, 628.842590, 378.008972, 190.123413,166.621750, 628.851563, 1.000014
5, 921,1,166.621750, 166.620300, 378.008972, 190.123413,166.621750, 628.851563, 1.000009
5, 921,2,363.564270, 363.550140, 378.008972, 190.123413,166.621750, 628.851563, 1.000039
5, 921,3,352.998291, 352.986938, 378.008972, 190.123413,166.621750, 628.851563, 1.000032
5, 922,0,272.667542, 272.673676, 378.010376, 86.594139,272.667542, 468.992157, 0.999978
5, 922,1,468.992157, 469.011536, 378.010376, 86.594139,272.667542, 468.992157, 0.999959
5, 922,2,424.034912, 423.974762, 378.010376, 86.594139,272.667542, 468.992157, 1.000142
5, 922,3,346.346863, 346.340057, 378.010376, 86.594139,272.667542, 468.992157, 1.000020
5, 923,0,83.870911, 83.909492, 377.942749, 299.446503,83.870911, 780.118652, 0.999540
5, 923,1,780.118652, 780.226685, 377.942749, 299.446503,83.870911, 780.118652, 0.999862
5, 923,2,237.468231, 237.459671, 377.942749, 299.446503,83.870911, 780.118652, 1.000036
5, 923,3,410.313293, 410.404205, 377.942749, 299.446503,83.870911, 780.118652, 0.999779
5, 924,0,465.437317, 465.454834, 377.982819, 101.466476,237.179596, 465.437317, 0.999962
5, 924,1,373.117828, 373.127502, 377.982819, 101.466476,237.179596, 465.437317, 0.999974
5, 924,2,436.196533, 436.219727, 377.982819, 101.466476,237.179596, 465.437317, 0.999947
5, 924,3,237.179596, 237.197937, 377.982819, 101.466476,237.179596, 465.437317, 0.999923
5, 925,0,258.744873, 258.737000, 378.012268, 106.034935,258.744873, 506.873352, 1.000030
5, 925,1,410.993134, 410.983307, 378.012268, 106.034935,258.744873, 506.873352, 1.000024
5, 925,2,506.873352, 506.851349, 378.012268, 106.034935,258.744873, 506.873352, 1.000043
5, 925,3,335.437714, 335.428284, 378.012268, 106.034935,258.744873, 506.873352, 1.000028
5, 926,0,45.446114, 45.436623, 377.971313, 553.442627,22.797758, 1193.895996, 1.000209
5, 926,1,22.797758, 22.757185, 377.971313, 553.442627,22.797758, 1193.895996, 1.001783
5, 926,2,249.745392, 249.850006, 377.971313, 553.442627,22.797758, 1193.895996, 0.999581
5, 926,3,1193.895996, 1193.956299, 377.971313, 553.442627,22.797758, 1193.895996, 0.999950
5, 927,0,11.868073, 11.871319, 378.004150, 438.024414,11.868073, 990.472656, 0.999727
5, 927,1,389.156738, 389.149933, 378.004150, 438.024414,11.868073, 990.472656, 1.000018
5, 927,2,120.519150, 120.615723, 378.004150, 438.024414,11.868073, 990.472656, 0.999199
5, 927,3,990.472656, 990.362976, 378.004150, 438.024414,11.868073, 990.472656, 1.000111
5, 928,0,390.822998, 390.785095, 378.040283, 63.688625,286.805847, 434.648163, 1.000097
5, 928,1,399.884033, 399.871765, 378.040283, 63.688625,286.805847, 434.648163, 1.000031
5, 928,2,434.648163, 434.548340, 378.040283, 63.688625,286.805847, 434.648163, 1.000230
5, 928,3,286.805847, 286.794739, 378.040283, 63.688625,286.805847, 434.648163, 1.000039
5, 929,0,310.667847, 310.712128, 377.950043, 113.046211,301.972595, 543.859253, 0.999857
5, 929,1,301.972595, 301.983032, 377.950043, 113.046211,301.972595, 543.859253, 0.999965
5, 929,2,355.300507, 355.394775, 377.950043, 113.046211,301.972595, 543.859253, 0.999735
5, 929,3,543.859253, 543.910156, 377.950043, 113.046211,301.972595, 543.859253, 0.999906
5, 930,0,465.718903, 465.695221, 378.034729, 78.762276,274.330139, 465.718903, 1.000051
5, 930,1,274.330139, 274.314545, 378.034729, 78.762276,274.330139, 465.718903, 1.000057
5, 930,2,381.628815, 381.592316, 378.034729, 78.762276,274.330139, 465.718903, 1.000096
5, 930,3,390.460999, 390.397919, 378.034729, 78.762276,274.330139, 465.718903, 1.000162
5, 931,0,217.207947, 217.186691, 378.041504, 252.601898,217.207947, 751.424622, 1.000098
5, 931,1,751.424622, 751.322998, 378.041504, 252.601898,217.207947, 751.424622, 1.000135
5, 931,2,313.909943, 313.878815, 378.041504, 252.601898,217.207947, 751.424622, 1.000099
5, 931,3,229.623505, 229.611374, 378.041504, 252.601898,217.207947, 751.424622, 1.000053
5, 932,0,332.411469, 332.449280, 377.971771, 169.576248,247.721313, 626.769470, 0.999886
5, 932,1,626.769470, 626.818481, 377.971771, 169.576248,247.721313, 626.769470, 0.999922
5, 932,2,304.984833, 305.004333, 377.971771, 169.576248,247.721313, 626.769470, 0.999936
5, 932,3,247.721313, 247.727905, 377.971771, 169.576248,247.721313, 626.769470, 0.999973
5, 933,0,763.087830, 763.144531, 377.982727, 296.609955,134.755432, 763.087830, 0.999926
5, 933,1,154.724625, 154.717545, 377.982727, 296.609955,134.755432, 763.087830, 1.000046
5, 933,2,134.755432, 134.757416, 377.982727, 296.609955,134.755432, 763.087830, 0.999985
5, 933,3,459.363068, 459.380493, 377.982727, 296.609955,134.755432, 763.087830, 0.999962
5, 934,0,160.049927, 160.048920, 377.979858, 160.481812,160.049927, 544.081360, 1.000006
5, 934,1,544.081360, 544.129822, 377.979858, 160.481812,160.049927, 544.081360, 0.999911
5, 934,2,424.351135, 424.371796, 377.979858, 160.481812,160.049927, 544.081360, 0.999951
5, 934,3,383.437012, 383.449371, 377.979858, 160.481812,160.049927, 544.081360, 0.999968
5, 935,0,715.126892, 715.019348, 378.054688, 247.257767,141.556274, 715.126892, 1.000150
5, 935,1,261.425842, 261.428986, 378.054688, 247.257767,141.556274, 715.126892, 0.999988
5, 935,2,394.109711, 393.992706, 378.054688, 247.257767,141.556274, 715.126892, 1.000297
5, 935,3,141.556274, 141.558960, 378.054688, 247.257767,141.556274, 715.126892, 0.999981
5, 936,0,308.239136, 308.210815, 378.044952, 51.596279,308.239136, 427.847412, 1.000092
5, 936,1,427.847412, 427.783051, 378.044952, 51.596279,308.239136, 427.847412, 1.000150
5, 936,2,402.766083, 402.707703, 378.044952, 51.596279,308.239136, 427.847412, 1.000145
5, 936,3,373.327179, 373.298370, 378.044952, 51.596279,308.239136, 427.847412, 1.000077
5, 937,0,511.577148, 511.667755, 377.961517, 283.368011,140.292679, 713.835938, 0.999823
5, 937,1,140.292679, 140.283096, 377.961517, 283.368011,140.292679, 713.835938, 1.000068
5, 937,2,146.140350, 146.144104, 377.961517, 283.368011,140.292679, 713.835938, 0.999974
5, 937,3,713.835938, 713.905029, 377.961517, 283.368011,140.292679, 713.835938, 0.999903
5, 938,0,126.836014, 126.826736, 377.968689, 182.208725,126.836014, 519.103210, 1.000073
5, 938,1,519.103210, 519.180542, 377.968689, 182.208725,126.836014, 519.103210, 0.999851
5, 938,2,360.291443, 360.309784, 377.968689, 182.208725,126.836014, 519.103210, 0.999949
5, 938,3,505.644073, 505.682800, 377.968689, 182.208725,126.836014, 519.103210, 0.999923
5, 939,0,587.717346, 587.680725, 378.042847, 342.524017,77.236099, 750.233704, 1.000062
5, 939,1,77.236099, 77.223663, 378.042847, 342.524017,77.236099, 750.233704, 1.000161
5, 939,2,96.984169, 96.982994, 378.042847, 342.524017,77.236099, 750.233704, 1.000012
5, 939,3,750.233704, 750.112610, 378.042847, 342.524017,77.236099, 750.233704, 1.000161
5, 940,0,121.613167, 121.654068, 377.926056, 267.741364,121.613167, 736.909485, 0.999664
5, 940,1,413.826996, 413.932373, 377.926056, 267.741364,121.613167, 736.909485, 0.999745
5, 940,2,736.909485, 737.011719, 377.926056, 267.741364,121.613167, 736.909485, 0.999861
5, 940,3,239.354584, 239.401886, 377.926056, 267.741364,121.613167, 736.909485, 0.999802
5, 941,0,223.792786, 223.749756, 378.055298, 172.054214,223.792786, 529.476990, 1.000192
5, 941,1,524.524780, 524.429993, 378.055298, 172.054214,223.792786, 529.476990, 1.000181
5, 941,2,529.476990, 529.392578, 378.055298, 172.054214,223.792786, 529.476990, 1.000160
5, 941,3,234.426605, 234.427826, 378.055298, 172.054214,223.792786, 529.476990, 0.999995
5, 942,0,537.984558, 537.940674, 378.029877, 180.107605,119.444077, 537.984558, 1.000082
5, 942,1,427.540558, 427.488434, 378.029877, 180.107605,119.444077, 537.984558, 1.000122
5, 942,2,119.444077, 119.451324, 378.029877, 180.107605,119.444077, 537.984558, 0.999939
5, 942,3,427.150269, 427.119659, 378.029877, 180.107605,119.444077, 537.984558, 1.000072
5, 943,0,43.554859, 43.494762, 378.006714, 243.219208,43.554859, 622.569031, 1.001382
5, 943,1,452.598755, 452.592987, 378.006714, 243.219208,43.554859, 622.569031, 1.000013
5, 943,2,393.304199, 393.326660, 378.006714, 243.219208,43.554859, 622.569031, 0.999943
5, 943,3,622.569031, 622.585632, 378.006714, 243.219208,43.554859, 622.569031, 0.999973
5, 944,0,399.864502, 399.890503, 377.960785, 233.473114,45.415401, 579.182373, 0.999935
5, 944,1,487.380829, 487.407257, 377.960785, 233.473114,45.415401, 579.182373, 0.999946
5, 944,2,45.415401, 45.413757, 377.960785, 233.473114,45.415401, 579.182373, 1.000036
5, 944,3,579.182373, 579.288513, 377.960785, 233.473114,45.415401, 579.182373, 0.999817
5, 945,0,576.309387, 576.290588, 377.963379, 165.971008,170.123093, 576.309387, 1.000033
5, 945,1,387.970276, 388.062073, 377.963379, 165.971008,170.123093, 576.309387, 0.999763
5, 945,2,377.450836, 377.518524, 377.963379, 165.971008,170.123093, 576.309387, 0.999821
5, 945,3,170.123093, 170.128845, 377.963379, 165.971008,170.123093, 576.309387, 0.999966
5, 946,0,459.652679, 459.706085, 377.953094, 116.249367,238.054077, 486.430389, 0.999884
5, 946,1,327.675201, 327.681305, 377.953094, 116.249367,238.054077, 486.430389, 0.999981
5, 946,2,486.430389, 486.532684, 377.953094, 116.249367,238.054077, 486.430389, 0.999790
5, 946,3,238.054077, 238.079956, 377.953094, 116.249367,238.054077, 486.430389, 0.999891
5, 947,0,822.940430, 822.779175, 378.046082, 340.160675,92.206017, 822.940430, 1.000196
5, 947,1,92.206017, 92.184822, 378.046082, 340.160675,92.206017, 822.940430, 1.000230
5, 947,2,464.113647, 464.117249, 378.046082, 340.160675,92.206017, 822.940430, 0.999992
5, 947,3,132.924301, 132.918579, 378.046082, 340.160675,92.206017, 822.940430, 1.000043
5, 948,0,371.534119, 371.593536, 377.947754, 42.953465,329.507416, 434.035858, 0.999840
5, 948,1,329.507416, 329.546722, 377.947754, 42.953465,329.507416, 434.035858, 0.999881
5, 948,2,376.713623, 376.745819, 377.947754, 42.953465,329.507416, 434.035858, 0.999915
5, 948,3,434.035858, 434.113861, 377.947754, 42.953465,329.507416, 434.035858, 0.999820
5, 949,0,32.920631, 32.924644, 377.956573, 308.884186,32.920631, 666.603394, 0.999878
5, 949,1,203.331436, 203.334167, 377.956573, 308.884186,32.920631, 666.603394, 0.999987
5, 949,2,666.603394, 666.672241, 377.956573, 308.884186,32.920631, 666.603394, 0.999897
5, 949,3,608.970825, 609.068970, 377.956573, 308.884186,32.920631, 666.603394, 0.999839
5, 950,0,726.720276, 726.804565, 377.953796, 315.853699,19.032591, 726.720276, 0.999884
5, 950,1,19.032591, 19.043549, 377.953796, 315.853699,19.032591, 726.720276, 0.999425
5, 950,2,226.863525, 226.897369, 377.953796, 315.853699,19.032591, 726.720276, 0.999851
5, 950,3,539.198730, 539.254395, 377.953796, 315.853699,19.032591, 726.720276, 0.999897
5, 951,0,68.276077, 68.268448, 377.955383, 294.845428,68.276077, 705.229553, 1.000112
5, 951,1,199.397781, 199.394333, 377.955383, 294.845428,68.276077, 705.229553, 1.000017
5, 951,2,705.229553, 705.328003, 377.955383, 294.845428,68.276077, 705.229553, 0.999860
5, 951,3,538.918152, 539.009216, 377.955383, 294.845428,68.276077, 705.229553, 0.999831
5, 952,0,196.404327, 196.401672, 378.005768, 153.928604,196.404327, 561.149170, 1.000013
5, 952,1,424.985596, 424.982574, 378.005768, 153.928604,196.404327, 561.149170, 1.000007
5, 952,2,561.149170, 561.144409, 378.005768, 153.928604,196.404327, 561.149170, 1.000008
5, 952,3,329.484009, 329.471283, 378.005768, 153.928604,196.404327, 561.149170, 1.000039
5, 953,0,340.914703, 340.930786, 377.998322, 134.033783,225.674850, 548.133972, 0.999953
5, 953,1,548.133972, 548.146667, 377.998322, 134.033783,225.674850, 548.133972, 0.999977
5, 953,2,397.269775, 397.249298, 377.998322, 134.033783,225.674850, 548.133972, 1.000051
5, 953,3,225.674850, 225.673218, 377.998322, 134.033783,225.674850, 548.133972, 1.000007
5, 954,0,420.898560, 420.892975, 377.996704, 84.288292,269.044403, 463.084595, 1.000013
5, 954,1,358.959259, 358.956757, 377.996704, 84.288292,269.044403, 463.084595, 1.000007
5, 954,2,463.084595, 463.106018, 377.996704, 84.288292,269.044403, 463.084595, 0.999954
5, 954,3,269.044403, 269.044250, 377.996704, 84.288292,269.044403, 463.084595, 1.000001
5, 955,0,204.281097, 204.264633, 377.951324, 384.400848,111.798187, 948.270569, 1.000081
5, 955,1,247.455429, 247.487228, 377.951324, 384.400848,111.798187, 948.270569, 0.999871
5, 955,2,948.270569, 948.416992, 377.951324, 384.400848,111.798187, 948.270569, 0.999846
5, 955,3,111.798187, 111.831055, 377.951324, 384.400848,111.798187, 948.270569, 0.999706
5, 956,0,312.602997, 312.610168, 378.038879, 56.685200,312.602997, 449.079651, 0.999977
5, 956,1,387.387146, 387.372833, 378.038879, 56.685200,312.602997, 449.079651, 1.000037
5, 956,2,363.085663, 363.047455, 378.038879, 56.685200,312.602997, 449.079651, 1.000105
5, 956,3,449.079651, 448.969574, 378.038879, 56.685200,312.602997, 449.079651, 1.000245
5, 957,0,364.571442, 364.566772, 378.007019, 24.565107,353.663208, 409.615936, 1.000013
5, 957,1,353.663208, 353.637268, 378.007019, 24.565107,353.663208, 409.615936, 1.000073
5, 957,2,384.177429, 384.169037, 378.007019, 24.565107,353.663208, 409.615936, 1.000022
5, 957,3,409.615936, 409.626923, 378.007019, 24.565107,353.663208, 409.615936, 0.999973
5, 958,0,460.453644, 460.447571, 377.998413, 165.468201,129.918579, 467.173126, 1.000013
5, 958,1,454.448273, 454.464539, 377.998413, 165.468201,129.918579, 467.173126, 0.999964
5, 958,2,467.173126, 467.173920, 377.998413, 165.468201,129.918579, 467.173126, 0.999998
5, 958,3,129.918579, 129.913864, 377.998413, 165.468201,129.918579, 467.173126, 1.000036
5, 959,0,346.081665, 346.054993, 378.056427, 264.894592,28.483355, 653.960815, 1.000077
5, 959,1,28.483355, 28.463221, 378.056427, 264.894592,28.483355, 653.960815, 1.000707
5, 959,2,653.960815, 653.856567, 378.056427, 264.894592,28.483355, 653.960815, 1.000159
5, 959,3,483.699799, 483.625244, 378.056427, 264.894592,28.483355, 653.960815, 1.000154
5, 960,0,36.891354, 36.908112, 377.938782, 364.330933,36.891354, 887.097778, 0.999546
5, 960,1,228.598572, 228.666016, 377.938782, 364.330933,36.891354, 887.097778, 0.999705
5, 960,2,359.167480, 359.233551, 377.938782, 364.330933,36.891354, 887.097778, 0.999816
5, 960,3,887.097778, 887.192322, 377.938782, 364.330933,36.891354, 887.097778, 0.999893
5, 961,0,463.245117, 463.241943, 378.010040, 64.883324,311.945587, 463.245117, 1.000007
5, 961,1,311.945587, 311.865204, 378.010040, 64.883324,311.945587, 463.245117, 1.000258
5, 961,2,388.626831, 388.682404, 378.010040, 64.883324,311.945587, 463.245117, 0.999857
5, 961,3,348.222656, 348.210449, 378.010040, 64.883324,311.945587, 463.245117, 1.000035
5, 962,0,1114.502075, 1114.422241, 378.029846, 491.530365,99.949211, 1114.502075, 1.000072
5, 962,1,99.949211, 99.800240, 378.029846, 491.530365,99.949211, 1114.502075, 1.001493
5, 962,2,152.348526, 152.370422, 378.029846, 491.530365,99.949211, 1114.502075, 0.999856
5, 962,3,145.319611, 145.407028, 378.029846, 491.530365,99.949211, 1114.502075, 0.999399
5, 963,0,433.305054, 433.230774, 378.044556, 202.117493,86.185165, 552.599304, 1.000171
5, 963,1,86.185165, 86.195015, 378.044556, 202.117493,86.185165, 552.599304, 0.999886
5, 963,2,552.599304, 552.586304, 378.044556, 202.117493,86.185165, 552.599304, 1.000023
5, 963,3,440.088562, 439.987854, 378.044556, 202.117493,86.185165, 552.599304, 1.000229
5, 964,0,836.055908, 836.023682, 378.007629, 364.824554,72.548149, 836.055908, 1.000039
5, 964,1,72.548149, 72.573624, 378.007629, 364.824554,72.548149, 836.055908, 0.999649
5, 964,2,96.122032, 96.149948, 378.007629, 364.824554,72.548149, 836.055908, 0.999710
5, 964,3,507.304413, 507.252747, 378.007629, 364.824554,72.548149, 836.055908, 1.000102
5, 965,0,549.766113, 549.749329, 378.042358, 359.337036,63.536423, 802.118103, 1.000031
5, 965,1,96.748810, 96.707359, 378.042358, 359.337036,63.536423, 802.118103, 1.000429
5, 965,2,802.118103, 802.037292, 378.042358, 359.337036,63.536423, 802.118103, 1.000101
5, 965,3,63.536423, 63.505955, 378.042358, 359.337036,63.536423, 802.118103, 1.000480
5, 966,0,254.449738, 254.410812, 377.964233, 120.997116,254.449738, 504.526825, 1.000153
5, 966,1,455.945953, 456.010925, 377.964233, 120.997116,254.449738, 504.526825, 0.999858
5, 966,2,296.934387, 296.999512, 377.964233, 120.997116,254.449738, 504.526825, 0.999781
5, 966,3,504.526825, 504.578705, 377.964233, 120.997116,254.449738, 504.526825, 0.999897
5, 967,0,874.534607, 874.613525, 378.016907, 351.807220,99.442230, 874.534607, 0.999910
5, 967,1,160.828690, 160.729523, 378.016907, 351.807220,99.442230, 874.534607, 1.000617
5, 967,2,99.442230, 99.448273, 378.016907, 351.807220,99.442230, 874.534607, 0.999939
5, 967,3,377.262054, 377.208710, 378.016907, 351.807220,99.442230, 874.534607, 1.000141
5, 968,0,82.106964, 82.093689, 377.967468, 356.803070,60.862411, 739.098389, 1.000162
5, 968,1,60.862411, 60.897358, 377.967468, 356.803070,60.862411, 739.098389, 0.999426
5, 968,2,739.098389, 739.212524, 377.967468, 356.803070,60.862411, 739.098389, 0.999846
5, 968,3,629.802124, 629.796326, 377.967468, 356.803070,60.862411, 739.098389, 1.000009
5, 969,0,274.650116, 274.514618, 378.026093, 172.725967,190.254318, 547.832581, 1.000494
5, 969,1,499.367340, 499.382080, 378.026093, 172.725967,190.254318, 547.832581, 0.999970
5, 969,2,190.254318, 190.275696, 378.026093, 172.725967,190.254318, 547.832581, 0.999888
5, 969,3,547.832581, 547.827637, 378.026093, 172.725967,190.254318, 547.832581, 1.000009
5, 970,0,358.168243, 358.181580, 377.972717, 14.441721,358.168243, 392.158722, 0.999963
5, 970,1,383.649567, 383.663361, 377.972717, 14.441721,358.168243, 392.158722, 0.999964
5, 970,2,392.158722, 392.200500, 377.972717, 14.441721,358.168243, 392.158722, 0.999893
5, 970,3,377.914307, 377.954590, 377.972717, 14.441721,358.168243, 392.158722, 0.999893
5, 971,0,348.378326, 348.296356, 378.036987, 167.114670,173.877655, 578.270203, 1.000235
5, 971,1,411.621674, 411.628815, 378.036987, 167.114670,173.877655, 578.270203, 0.999983
5, 971,2,578.270203, 578.197571, 378.036987, 167.114670,173.877655, 578.270203, 1.000126
5, 971,3,173.877655, 173.877274, 378.036987, 167.114670,173.877655, 578.270203, 1.000002
5, 972,0,947.087585, 947.177246, 377.944733, 419.110138,14.197895, 947.087585, 0.999905
5, 972,1,117.717667, 117.719696, 377.944733, 419.110138,14.197895, 947.087585, 0.999983
5, 972,2,432.775818, 432.851379, 377.944733, 419.110138,14.197895, 947.087585, 0.999825
5, 972,3,14.197895, 14.251676, 377.944733, 419.110138,14.197895, 947.087585, 0.996226
5, 973,0,312.302643, 312.338928, 377.973206, 168.001404,227.550201, 617.141113, 0.999884
5, 973,1,227.550201, 227.578140, 377.973206, 168.001404,227.550201, 617.141113, 0.999877
5, 973,2,617.141113, 617.192139, 377.973206, 168.001404,227.550201, 617.141113, 0.999917
5, 973,3,354.898956, 354.890778, 377.973206, 168.001404,227.550201, 617.141113, 1.000023
5, 974,0,322.329834, 322.272339, 378.053589, 37.500359,322.329834, 403.764923, 1.000178
5, 974,1,391.999847, 391.964172, 378.053589, 37.500359,322.329834, 403.764923, 1.000091
5, 974,2,394.119812, 394.071106, 378.053589, 37.500359,322.329834, 403.764923, 1.000124
5, 974,3,403.764923, 403.692413, 378.053589, 37.500359,322.329834, 403.764923, 1.000180
5, 975,0,435.941559, 435.924438, 378.006134, 312.170227,14.597428, 765.552673, 1.000039
5, 975,1,765.552673, 765.540833, 378.006134, 312.170227,14.597428, 765.552673, 1.000015
5, 975,2,295.932861, 295.918030, 378.006134, 312.170227,14.597428, 765.552673, 1.000050
5, 975,3,14.597428, 14.616776, 378.006134, 312.170227,14.597428, 765.552673, 0.998676
5, 976,0,255.553726, 255.536346, 378.037048, 294.930908,74.797768, 768.910461, 1.000068
5, 976,1,768.910461, 768.838196, 378.037048, 294.930908,74.797768, 768.910461, 1.000094
5, 976,2,74.797768, 74.835197, 378.037048, 294.930908,74.797768, 768.910461, 0.999500
5, 976,3,412.886261, 412.790222, 378.037048, 294.930908,74.797768, 768.910461, 1.000233
5, 977,0,158.741486, 158.710526, 378.019714, 277.950500,125.107666, 678.302734, 1.000195
5, 977,1,678.302734, 678.307434, 378.019714, 277.950500,125.107666, 678.302734, 0.999993
5, 977,2,125.107666, 125.080872, 378.019714, 277.950500,125.107666, 678.302734, 1.000214
5, 977,3,549.926941, 549.901123, 378.019714, 277.950500,125.107666, 678.302734, 1.000047
5, 978,0,442.395172, 442.366211, 378.023621, 173.829361,127.528389, 527.818909, 1.000065
5, 978,1,127.528389, 127.524101, 378.023621, 173.829361,127.528389, 527.818909, 1.000034
5, 978,2,414.351990, 414.312897, 378.023621, 173.829361,127.528389, 527.818909, 1.000094
5, 978,3,527.818909, 527.796814, 378.023621, 173.829361,127.528389, 527.818909, 1.000042
5, 979,0,372.642731, 372.617767, 378.046051, 31.454401,351.944977, 423.474945, 1.000067
5, 979,1,423.474945, 423.417236, 378.046051, 31.454401,351.944977, 423.474945, 1.000136
5, 979,2,364.121552, 364.096161, 378.046051, 31.454401,351.944977, 423.474945, 1.000070
5, 979,3,351.944977, 351.868866, 378.046051, 31.454401,351.944977, 423.474945, 1.000216
5, 980,0,563.416443, 563.315735, 378.034088, 163.157486,166.290756, 563.416443, 1.000179
5, 980,1,378.728973, 378.699524, 378.034088, 163.157486,166.290756, 563.416443, 1.000078
5, 980,2,166.290756, 166.292816, 378.034088, 163.157486,166.290756, 563.416443, 0.999988
5, 980,3,403.700195, 403.691895, 378.034088, 163.157486,166.290756, 563.416443, 1.000021
5, 981,0,550.495972, 550.485413, 378.035675, 252.373093,40.470367, 590.499329, 1.000019
5, 981,1,590.499329, 590.455017, 378.035675, 252.373093,40.470367, 590.499329, 1.000075
5, 981,2,330.677032, 330.643555, 378.035675, 252.373093,40.470367, 590.499329, 1.000101
5, 981,3,40.470367, 40.416050, 378.035675, 252.373093,40.470367, 590.499329, 1.001344
5, 982,0,592.493835, 592.498230, 377.989105, 226.205978,139.821594, 592.493835, 0.999993
5, 982,1,139.821594, 139.850174, 377.989105, 226.205978,139.821594, 592.493835, 0.999796
5, 982,2,548.709534, 548.716858, 377.989105, 226.205978,139.821594, 592.493835, 0.999987
5, 982,3,230.931503, 230.934723, 377.989105, 226.205978,139.821594, 592.493835, 0.999986
5, 983,0,261.105194, 261.092224, 377.953430, 250.440277,87.863350, 642.887390, 1.000050
5, 983,1,642.887390, 643.011230, 377.953430, 250.440277,87.863350, 642.887390, 0.999807
5, 983,2,519.957764, 519.998657, 377.953430, 250.440277,87.863350, 642.887390, 0.999921
5, 983,3,87.863350, 87.897812, 377.953430, 250.440277,87.863350, 642.887390, 0.999608
5, 984,0,686.612061, 686.650391, 377.971680, 214.000336,223.510391, 686.612061, 0.999944
5, 984,1,223.510391, 223.487717, 377.971680, 214.000336,223.510391, 686.612061, 1.000101
5, 984,2,244.376968, 244.361679, 377.971680, 214.000336,223.510391, 686.612061, 1.000063
5, 984,3,357.387268, 357.500336, 377.971680, 214.000336,223.510391, 686.612061, 0.999684
5, 985,0,347.180481, 347.108246, 378.053162, 212.875336,89.354790, 554.941650, 1.000208
5, 985,1,89.354790, 89.329971, 378.053162, 212.875336,89.354790, 554.941650, 1.000278
5, 985,2,554.941650, 554.894897, 378.053162, 212.875336,89.354790, 554.941650, 1.000084
5, 985,3,520.735718, 520.666870, 378.053162, 212.875336,89.354790, 554.941650, 1.000132
5, 986,0,174.403229, 174.392609, 378.055878, 175.338669,174.403229, 579.109131, 1.000061
5, 986,1,451.226105, 451.161896, 378.055878, 175.338669,174.403229, 579.109131, 1.000142
5, 986,2,307.485046, 307.422668, 378.055878, 175.338669,174.403229, 579.109131, 1.000203
5, 986,3,579.109131, 579.022827, 378.055878, 175.338669,174.403229, 579.109131, 1.000149
5, 987,0,316.699188, 316.724670, 377.954651, 89.105728,290.830872, 479.241364, 0.999920
5, 987,1,290.830872, 290.862671, 377.954651, 89.105728,290.830872, 479.241364, 0.999891
5, 987,2,425.047211, 425.122345, 377.954651, 89.105728,290.830872, 479.241364, 0.999823
5, 987,3,479.241364, 479.290283, 377.954651, 89.105728,290.830872, 479.241364, 0.999898
5, 988,0,374.784210, 374.765228, 378.019592, 182.049683,129.180588, 557.555359, 1.000051
5, 988,1,557.555359, 557.503662, 378.019592, 182.049683,129.180588, 557.555359, 1.000093
5, 988,2,450.558197, 450.545807, 378.019592, 182.049683,129.180588, 557.555359, 1.000028
5, 988,3,129.180588, 129.185364, 378.019592, 182.049683,129.180588, 557.555359, 0.999963
5, 989,0,70.543076, 70.529572, 378.052246, 222.279495,70.543076, 600.925354, 1.000191
5, 989,1,434.663666, 434.593018, 378.052246, 222.279495,70.543076, 600.925354, 1.000163
5, 989,2,406.076965, 406.037048, 378.052246, 222.279495,70.543076, 600.925354, 1.000098
5, 989,3,600.925354, 600.840454, 378.052246, 222.279495,70.543076, 600.925354, 1.000141
5, 990,0,204.076294, 204.076080, 378.014465, 282.805420,83.132080, 692.519226, 1.000001
5, 990,1,83.132080, 83.130112, 378.014465, 282.805420,83.132080, 692.519226, 1.000024
5, 990,2,692.519226, 692.459473, 378.014465, 282.805420,83.132080, 692.519226, 1.000086
5, 990,3,532.330322, 532.334351, 378.014465, 282.805420,83.132080, 692.519226, 0.999992
5, 991,0,136.482559, 136.491730, 378.009491, 321.177582,136.482559, 826.401245, 0.999933
5, 991,1,394.322906, 394.305450, 378.009491, 321.177582,136.482559, 826.401245, 1.000044
5, 991,2,154.831253, 154.908829, 378.009491, 321.177582,136.482559, 826.401245, 0.999499
5, 991,3,826.401245, 826.293884, 378.009491, 321.177582,136.482559, 826.401245, 1.000130
5, 992,0,419.336395, 419.269470, 378.038513, 103.763496,282.882263, 505.192474, 1.000160
5, 992,1,282.882263, 282.880157, 378.038513, 103.763496,282.882263, 505.192474, 1.000007
5, 992,2,505.192474, 505.115448, 378.038513, 103.763496,282.882263, 505.192474, 1.000152
5, 992,3,304.742981, 304.734924, 378.038513, 103.763496,282.882263, 505.192474, 1.000026
5, 993,0,86.038422, 86.053230, 378.023560, 246.412079,86.038422, 668.047363, 0.999828
5, 993,1,299.048950, 299.002258, 378.023560, 246.412079,86.038422, 668.047363, 1.000156
5, 993,2,458.959442, 458.938385, 378.023560, 246.412079,86.038422, 668.047363, 1.000046
5, 993,3,668.047363, 668.006165, 378.023560, 246.412079,86.038422, 668.047363, 1.000062
5, 994,0,118.714890, 118.687798, 378.051697, 236.396851,118.714890, 691.807678, 1.000228
5, 994,1,691.807678, 691.691589, 378.051697, 236.396851,118.714890, 691.807678, 1.000168
5, 994,2,335.490875, 335.472565, 378.051697, 236.396851,118.714890, 691.807678, 1.000055
5, 994,3,366.193298, 366.148102, 378.051697, 236.396851,118.714890, 691.807678, 1.000123
5, 995,0,65.577568, 65.552834, 377.948975, 387.655365,27.252693, 781.721436, 1.000377
5, 995,1,781.721436, 781.846619, 377.948975, 387.655365,27.252693, 781.721436, 0.999840
5, 995,2,27.252693, 27.266422, 377.948975, 387.655365,27.252693, 781.721436, 0.999496
5, 995,3,637.244263, 637.334167, 377.948975, 387.655365,27.252693, 781.721436, 0.999859
5, 996,0,333.211975, 333.239441, 378.015961, 175.739853,149.103119, 534.680420, 0.999918
5, 996,1,149.103119, 149.099258, 378.015961, 175.739853,149.103119, 534.680420, 1.000026
5, 996,2,495.068298, 495.050354, 378.015961, 175.739853,149.103119, 534.680420, 1.000036
5, 996,3,534.680420, 534.610962, 378.015961, 175.739853,149.103119, 534.680420, 1.000130
5, 997,0,360.665009, 360.647095, 378.023529, 221.974579,202.473709, 695.941284, 1.000050
5, 997,1,695.941284, 695.894592, 378.023529, 221.974579,202.473709, 695.941284, 1.000067
5, 997,2,253.014008, 252.986298, 378.023529, 221.974579,202.473709, 695.941284, 1.000110
5, 997,3,202.473709, 202.472046, 378.023529, 221.974579,202.473709, 695.941284, 1.000008
5, 998,0,238.819504, 238.825928, 378.020142, 247.836044,131.417542, 692.692871, 0.999973
5, 998,1,449.150574, 449.133392, 378.020142, 247.836044,131.417542, 692.692871, 1.000038
5, 998,2,131.417542, 131.398651, 378.020142, 247.836044,131.417542, 692.692871, 1.000144
5, 998,3,692.692871, 692.641968, 378.020142, 247.836044,131.417542, 692.692871, 1.000073
5, 999,0,700.663940, 700.580933, 378.030151, 261.110992,92.110710, 700.663940, 1.000118
5, 999,1,92.110710, 92.028839, 378.030151, 261.110992,92.110710, 700.663940, 1.000890
5, 999,2,454.594971, 454.608856, 378.030151, 261.110992,92.110710, 700.663940, 0.999969
5, 999,3,264.750916, 264.781311, 378.030151, 261.110992,92.110710, 700.663940, 0.999885
