5, 0,0,24.455210, 24.461395, 119.124023, 66.748352,24.455210, 211.311661, 0.999747
5, 0,1,194.671204, 194.679840, 119.124023, 66.748352,24.455210, 211.311661, 0.999956
5, 0,2,149.890259, 149.890091, 119.124023, 66.748352,24.455210, 211.311661, 1.000001
5, 0,3,211.311661, 211.307541, 119.124023, 66.748352,24.455210, 211.311661, 1.000020
5, 0,4,189.253464, 189.253204, 119.124023, 66.748352,24.455210, 211.311661, 1.000001
5, 0,5,57.576748, 57.579151, 119.124023, 66.748352,24.455210, 211.311661, 0.999958
5, 0,6,61.094181, 61.100311, 119.124023, 66.748352,24.455210, 211.311661, 0.999900
5, 0,7,25.362148, 25.352554, 119.124023, 66.748352,24.455210, 211.311661, 1.000378
5, 0,8,127.379433, 127.386536, 119.124023, 66.748352,24.455210, 211.311661, 0.999944
5, 0,9,198.004257, 198.005371, 119.124023, 66.748352,24.455210, 211.311661, 0.999994
5, 0,10,28.064362, 28.055010, 119.124023, 66.748352,24.455210, 211.311661, 1.000333
5, 0,11,100.930092, 100.941597, 119.124023, 66.748352,24.455210, 211.311661, 0.999886
5, 0,12,108.992142, 108.983757, 119.124023, 66.748352,24.455210, 211.311661, 1.000077
5, 0,13,164.606461, 164.605057, 119.124023, 66.748352,24.455210, 211.311661, 1.000009
5, 0,14,209.071548, 209.076035, 119.124023, 66.748352,24.455210, 211.311661, 0.999979
5, 0,15,107.880447, 107.889732, 119.124023, 66.748352,24.455210, 211.311661, 0.999914
5, 0,16,96.707291, 96.710411, 119.124023, 66.748352,24.455210, 211.311661, 0.999968
5, 0,17,185.438370, 185.427734, 119.124023, 66.748352,24.455210, 211.311661, 1.000057
5, 0,18,165.401398, 165.402023, 119.124023, 66.748352,24.455210, 211.311661, 0.999996
5, 0,19,32.734013, 32.728157, 119.124023, 66.748352,24.455210, 211.311661, 1.000179
5, 0,20,202.981552, 202.990067, 119.124023, 66.748352,24.455210, 211.311661, 0.999958
5, 0,21,63.366104, 63.346317, 119.124023, 66.748352,24.455210, 211.311661, 1.000312
5, 0,22,186.698868, 186.702881, 119.124023, 66.748352,24.455210, 211.311661, 0.999978
5, 0,23,30.425587, 30.431431, 119.124023, 66.748352,24.455210, 211.311661, 0.999808
5, 0,24,96.051361, 96.058342, 119.124023, 66.748352,24.455210, 211.311661, 0.999927
5, 0,25,37.941746, 37.944691, 119.124023, 66.748352,24.455210, 211.311661, 0.999922
5, 0,26,40.695583, 40.705109, 119.124023, 66.748352,24.455210, 211.311661, 0.999766
5, 0,27,169.113342, 169.111572, 119.124023, 66.748352,24.455210, 211.311661, 1.000010
5, 0,28,151.792007, 151.795578, 119.124023, 66.748352,24.455210, 211.311661, 0.999976
5, 0,29,208.643692, 208.634064, 119.124023, 66.748352,24.455210, 211.311661, 1.000046
5, 0,30,140.184677, 140.181549, 119.124023, 66.748352,24.455210, 211.311661, 1.000022
5, 0,31,45.249401, 45.262329, 119.124023, 66.748352,24.455210, 211.311661, 0.999714
5, 1,0,138.727020, 138.721970, 119.127220, 69.172630,13.891242, 235.309540, 1.000036
5, 1,1,208.518417, 208.526260, 119.127220, 69.172630,13.891242, 235.309540, 0.999962
5, 1,2,29.209227, 29.205523, 119.127220, 69.172630,13.891242, 235.309540, 1.000127
5, 1,3,27.217968, 27.219219, 119.127220, 69.172630,13.891242, 235.309540, 0.999954
5, 1,4,167.295959, 167.284561, 119.127220, 69.172630,13.891242, 235.309540, 1.000068
5, 1,5,60.001839, 59.996643, 119.127220, 69.172630,13.891242, 235.309540, 1.000087
5, 1,6,132.226288, 132.230164, 119.127220, 69.172630,13.891242, 235.309540, 0.999971
5, 1,7,71.253250, 71.236206, 119.127220, 69.172630,13.891242, 235.309540, 1.000239
5, 1,8,92.633308, 92.642570, 119.127220, 69.172630,13.891242, 235.309540, 0.999900
5, 1,9,163.526505, 163.533447, 119.127220, 69.172630,13.891242, 235.309540, 0.999958
5, 1,10,27.300234, 27.309193, 119.127220, 69.172630,13.891242, 235.309540, 0.999672
5, 1,11,235.309540, 235.317093, 119.127220, 69.172630,13.891242, 235.309540, 0.999968
5, 1,12,13.891242, 13.889550, 119.127220, 69.172630,13.891242, 235.309540, 1.000122
5, 1,13,182.151825, 182.123001, 119.127220, 69.172630,13.891242, 235.309540, 1.000158
5, 1,14,51.021824, 51.020226, 119.127220, 69.172630,13.891242, 235.309540, 1.000031
5, 1,15,59.118801, 59.110767, 119.127220, 69.172630,13.891242, 235.309540, 1.000136
5, 1,16,230.941971, 230.936172, 119.127220, 69.172630,13.891242, 235.309540, 1.000025
5, 1,17,78.034126, 78.039452, 119.127220, 69.172630,13.891242, 235.309540, 0.999932
5, 1,18,111.546051, 111.529724, 119.127220, 69.172630,13.891242, 235.309540, 1.000146
5, 1,19,92.846603, 92.857117, 119.127220, 69.172630,13.891242, 235.309540, 0.999887
5, 1,20,196.614731, 196.608444, 119.127220, 69.172630,13.891242, 235.309540, 1.000032
5, 1,21,110.132935, 110.145546, 119.127220, 69.172630,13.891242, 235.309540, 0.999885
5, 1,22,65.376190, 65.353424, 119.127220, 69.172630,13.891242, 235.309540, 1.000348
5, 1,23,115.080147, 115.080147, 119.127220, 69.172630,13.891242, 235.309540, 1.000000
5, 1,24,149.708481, 149.705460, 119.127220, 69.172630,13.891242, 235.309540, 1.000020
5, 1,25,44.877182, 44.888302, 119.127220, 69.172630,13.891242, 235.309540, 0.999752
5, 1,26,184.928268, 184.919037, 119.127220, 69.172630,13.891242, 235.309540, 1.000050
5, 1,27,26.208715, 26.201847, 119.127220, 69.172630,13.891242, 235.309540, 1.000262
5, 1,28,163.660126, 163.671860, 119.127220, 69.172630,13.891242, 235.309540, 0.999928
5, 1,29,224.615280, 224.617386, 119.127220, 69.172630,13.891242, 235.309540, 0.999991
5, 1,30,136.506897, 136.493454, 119.127220, 69.172630,13.891242, 235.309540, 1.000098
5, 1,31,221.589920, 221.586014, 119.127220, 69.172630,13.891242, 235.309540, 1.000018
5, 2,0,60.744427, 60.744675, 119.124123, 47.782742,20.121223, 183.911102, 0.999996
5, 2,1,170.818344, 170.819763, 119.124123, 47.782742,20.121223, 183.911102, 0.999992
5, 2,2,169.242233, 169.242798, 119.124123, 47.782742,20.121223, 183.911102, 0.999997
5, 2,3,137.061417, 137.055481, 119.124123, 47.782742,20.121223, 183.911102, 1.000043
5, 2,4,20.121223, 20.125572, 119.124123, 47.782742,20.121223, 183.911102, 0.999784
5, 2,5,157.348633, 157.349106, 119.124123, 47.782742,20.121223, 183.911102, 0.999997
5, 2,6,77.717323, 77.719742, 119.124123, 47.782742,20.121223, 183.911102, 0.999969
5, 2,7,159.381821, 159.393326, 119.124123, 47.782742,20.121223, 183.911102, 0.999928
5, 2,8,44.094952, 44.093494, 119.124123, 47.782742,20.121223, 183.911102, 1.000033
5, 2,9,69.749039, 69.755203, 119.124123, 47.782742,20.121223, 183.911102, 0.999912
5, 2,10,137.804230, 137.804138, 119.124123, 47.782742,20.121223, 183.911102, 1.000001
5, 2,11,118.637932, 118.630867, 119.124123, 47.782742,20.121223, 183.911102, 1.000060
5, 2,12,109.833794, 109.832718, 119.124123, 47.782742,20.121223, 183.911102, 1.000010
5, 2,13,174.338074, 174.345398, 119.124123, 47.782742,20.121223, 183.911102, 0.999958
5, 2,14,87.913612, 87.914337, 119.124123, 47.782742,20.121223, 183.911102, 0.999992
5, 2,15,144.408951, 144.409393, 119.124123, 47.782742,20.121223, 183.911102, 0.999997
5, 2,16,140.821945, 140.814743, 119.124123, 47.782742,20.121223, 183.911102, 1.000051
5, 2,17,24.546789, 24.559160, 119.124123, 47.782742,20.121223, 183.911102, 0.999496
5, 2,18,77.418114, 77.427711, 119.124123, 47.782742,20.121223, 183.911102, 0.999876
5, 2,19,140.728104, 140.724472, 119.124123, 47.782742,20.121223, 183.911102, 1.000026
5, 2,20,151.585815, 151.577469, 119.124123, 47.782742,20.121223, 183.911102, 1.000055
5, 2,21,136.214615, 136.216553, 119.124123, 47.782742,20.121223, 183.911102, 0.999986
5, 2,22,99.376442, 99.383255, 119.124123, 47.782742,20.121223, 183.911102, 0.999931
5, 2,23,117.709183, 117.706985, 119.124123, 47.782742,20.121223, 183.911102, 1.000019
5, 2,24,57.107418, 57.102222, 119.124123, 47.782742,20.121223, 183.911102, 1.000091
5, 2,25,145.282761, 145.285492, 119.124123, 47.782742,20.121223, 183.911102, 0.999981
5, 2,26,58.254337, 58.259735, 119.124123, 47.782742,20.121223, 183.911102, 0.999907
5, 2,27,183.911102, 183.908142, 119.124123, 47.782742,20.121223, 183.911102, 1.000016
5, 2,28,152.670776, 152.671280, 119.124123, 47.782742,20.121223, 183.911102, 0.999997
5, 2,29,173.911331, 173.915329, 119.124123, 47.782742,20.121223, 183.911102, 0.999977
5, 2,30,130.411835, 130.413055, 119.124123, 47.782742,20.121223, 183.911102, 0.999991
5, 2,31,182.805527, 182.798431, 119.124123, 47.782742,20.121223, 183.911102, 1.000039
5, 3,0,68.642166, 68.645012, 119.124077, 59.947723,22.880566, 241.752899, 0.999959
5, 3,1,50.111900, 50.115208, 119.124077, 59.947723,22.880566, 241.752899, 0.999934
5, 3,2,162.865295, 162.855774, 119.124077, 59.947723,22.880566, 241.752899, 1.000058
5, 3,3,120.948784, 120.960007, 119.124077, 59.947723,22.880566, 241.752899, 0.999907
5, 3,4,55.784386, 55.773739, 119.124077, 59.947723,22.880566, 241.752899, 1.000191
5, 3,5,89.391479, 89.400497, 119.124077, 59.947723,22.880566, 241.752899, 0.999899
5, 3,6,82.122040, 82.112312, 119.124077, 59.947723,22.880566, 241.752899, 1.000118
5, 3,7,134.508698, 134.502747, 119.124077, 59.947723,22.880566, 241.752899, 1.000044
5, 3,8,64.325768, 64.329437, 119.124077, 59.947723,22.880566, 241.752899, 0.999943
5, 3,9,96.313850, 96.311447, 119.124077, 59.947723,22.880566, 241.752899, 1.000025
5, 3,10,165.025543, 165.036179, 119.124077, 59.947723,22.880566, 241.752899, 0.999936
5, 3,11,206.880463, 206.871582, 119.124077, 59.947723,22.880566, 241.752899, 1.000043
5, 3,12,201.491089, 201.514862, 119.124077, 59.947723,22.880566, 241.752899, 0.999882
5, 3,13,107.620461, 107.620964, 119.124077, 59.947723,22.880566, 241.752899, 0.999995
5, 3,14,91.327461, 91.331940, 119.124077, 59.947723,22.880566, 241.752899, 0.999951
5, 3,15,74.560478, 74.552505, 119.124077, 59.947723,22.880566, 241.752899, 1.000107
5, 3,16,110.220467, 110.231430, 119.124077, 59.947723,22.880566, 241.752899, 0.999901
5, 3,17,63.885777, 63.914478, 119.124077, 59.947723,22.880566, 241.752899, 0.999551
5, 3,18,93.965698, 93.972595, 119.124077, 59.947723,22.880566, 241.752899, 0.999927
5, 3,19,234.304810, 234.304153, 119.124077, 59.947723,22.880566, 241.752899, 1.000003
5, 3,20,28.515751, 28.499622, 119.124077, 59.947723,22.880566, 241.752899, 1.000566
5, 3,21,123.306450, 123.306404, 119.124077, 59.947723,22.880566, 241.752899, 1.000000
5, 3,22,172.431671, 172.414917, 119.124077, 59.947723,22.880566, 241.752899, 1.000097
5, 3,23,131.588577, 131.605591, 119.124077, 59.947723,22.880566, 241.752899, 0.999871
5, 3,24,197.991989, 197.983917, 119.124077, 59.947723,22.880566, 241.752899, 1.000041
5, 3,25,241.752899, 241.750763, 119.124077, 59.947723,22.880566, 241.752899, 1.000009
5, 3,26,22.880566, 22.878815, 119.124077, 59.947723,22.880566, 241.752899, 1.000077
5, 3,27,131.336975, 131.356613, 119.124077, 59.947723,22.880566, 241.752899, 0.999851
5, 3,28,50.887627, 50.869682, 119.124077, 59.947723,22.880566, 241.752899, 1.000353
5, 3,29,171.057190, 171.041779, 119.124077, 59.947723,22.880566, 241.752899, 1.000090
5, 3,30,187.774857, 187.775925, 119.124077, 59.947723,22.880566, 241.752899, 0.999994
5, 3,31,78.149139, 78.158882, 119.124077, 59.947723,22.880566, 241.752899, 0.999875
5, 4,0,188.269241, 188.255234, 119.126389, 65.563118,17.240606, 225.882782, 1.000074
5, 4,1,143.037567, 143.035355, 119.126389, 65.563118,17.240606, 225.882782, 1.000015
5, 4,2,94.755424, 94.757210, 119.126389, 65.563118,17.240606, 225.882782, 0.999981
5, 4,3,207.120361, 207.112411, 119.126389, 65.563118,17.240606, 225.882782, 1.000038
5, 4,4,79.326447, 79.325554, 119.126389, 65.563118,17.240606, 225.882782, 1.000011
5, 4,5,46.333149, 46.318794, 119.126389, 65.563118,17.240606, 225.882782, 1.000310
5, 4,6,213.092560, 213.095428, 119.126389, 65.563118,17.240606, 225.882782, 0.999987
5, 4,7,99.569138, 99.551636, 119.126389, 65.563118,17.240606, 225.882782, 1.000176
5, 4,8,25.924412, 25.925781, 119.126389, 65.563118,17.240606, 225.882782, 0.999947
5, 4,9,17.240606, 17.238384, 119.126389, 65.563118,17.240606, 225.882782, 1.000129
5, 4,10,225.882782, 225.889481, 119.126389, 65.563118,17.240606, 225.882782, 0.999970
5, 4,11,23.437883, 23.435081, 119.126389, 65.563118,17.240606, 225.882782, 1.000120
5, 4,12,56.752048, 56.762367, 119.126389, 65.563118,17.240606, 225.882782, 0.999818
5, 4,13,136.437637, 136.431335, 119.126389, 65.563118,17.240606, 225.882782, 1.000046
5, 4,14,156.677658, 156.677429, 119.126389, 65.563118,17.240606, 225.882782, 1.000001
5, 4,15,96.319778, 96.319733, 119.126389, 65.563118,17.240606, 225.882782, 1.000000
5, 4,16,20.601126, 20.603832, 119.126389, 65.563118,17.240606, 225.882782, 0.999869
5, 4,17,144.054855, 144.050339, 119.126389, 65.563118,17.240606, 225.882782, 1.000031
5, 4,18,190.668793, 190.665802, 119.126389, 65.563118,17.240606, 225.882782, 1.000016
5, 4,19,123.339020, 123.343475, 119.126389, 65.563118,17.240606, 225.882782, 0.999964
5, 4,20,185.426270, 185.430664, 119.126389, 65.563118,17.240606, 225.882782, 0.999976
5, 4,21,76.427284, 76.420860, 119.126389, 65.563118,17.240606, 225.882782, 1.000084
5, 4,22,214.300903, 214.317413, 119.126389, 65.563118,17.240606, 225.882782, 0.999923
5, 4,23,130.734863, 130.735458, 119.126389, 65.563118,17.240606, 225.882782, 0.999995
5, 4,24,212.412277, 212.414337, 119.126389, 65.563118,17.240606, 225.882782, 0.999990
5, 4,25,89.447815, 89.441940, 119.126389, 65.563118,17.240606, 225.882782, 1.000066
5, 4,26,44.192577, 44.182003, 119.126389, 65.563118,17.240606, 225.882782, 1.000239
5, 4,27,144.144058, 144.137146, 119.126389, 65.563118,17.240606, 225.882782, 1.000048
5, 4,28,176.439331, 176.442764, 119.126389, 65.563118,17.240606, 225.882782, 0.999981
5, 4,29,49.996910, 50.004757, 119.126389, 65.563118,17.240606, 225.882782, 0.999843
5, 4,30,133.162720, 133.159363, 119.126389, 65.563118,17.240606, 225.882782, 1.000025
5, 4,31,66.519104, 66.518158, 119.126389, 65.563118,17.240606, 225.882782, 1.000014
5, 5,0,220.106598, 220.108170, 119.124779, 76.001419,10.719037, 249.432098, 0.999993
5, 5,1,25.378191, 25.383629, 119.124779, 76.001419,10.719037, 249.432098, 0.999786
5, 5,2,28.093666, 28.091208, 119.124779, 76.001419,10.719037, 249.432098, 1.000087
5, 5,3,206.620956, 206.623672, 119.124779, 76.001419,10.719037, 249.432098, 0.999987
5, 5,4,160.430862, 160.434647, 119.124779, 76.001419,10.719037, 249.432098, 0.999976
5, 5,5,56.314331, 56.318680, 119.124779, 76.001419,10.719037, 249.432098, 0.999923
5, 5,6,44.210464, 44.214653, 119.124779, 76.001419,10.719037, 249.432098, 0.999905
5, 5,7,87.764885, 87.779999, 119.124779, 76.001419,10.719037, 249.432098, 0.999828
5, 5,8,209.492493, 209.499039, 119.124779, 76.001419,10.719037, 249.432098, 0.999969
5, 5,9,138.906158, 138.888428, 119.124779, 76.001419,10.719037, 249.432098, 1.000128
5, 5,10,185.496948, 185.481674, 119.124779, 76.001419,10.719037, 249.432098, 1.000082
5, 5,11,10.719037, 10.716936, 119.124779, 76.001419,10.719037, 249.432098, 1.000196
5, 5,12,107.778770, 107.777946, 119.124779, 76.001419,10.719037, 249.432098, 1.000008
5, 5,13,70.668976, 70.657410, 119.124779, 76.001419,10.719037, 249.432098, 1.000164
5, 5,14,128.484589, 128.485214, 119.124779, 76.001419,10.719037, 249.432098, 0.999995
5, 5,15,113.992325, 113.986313, 119.124779, 76.001419,10.719037, 249.432098, 1.000053
5, 5,16,60.177570, 60.162682, 119.124779, 76.001419,10.719037, 249.432098, 1.000247
5, 5,17,249.432098, 249.441559, 119.124779, 76.001419,10.719037, 249.432098, 0.999962
5, 5,18,15.905861, 15.918541, 119.124779, 76.001419,10.719037, 249.432098, 0.999203
5, 5,19,84.858772, 84.858856, 119.124779, 76.001419,10.719037, 249.432098, 0.999999
5, 5,20,34.064957, 34.063137, 119.124779, 76.001419,10.719037, 249.432098, 1.000053
5, 5,21,61.440037, 61.421131, 119.124779, 76.001419,10.719037, 249.432098, 1.000308
5, 5,22,200.052383, 200.056824, 119.124779, 76.001419,10.719037, 249.432098, 0.999978
5, 5,23,209.938080, 209.941422, 119.124779, 76.001419,10.719037, 249.432098, 0.999984
5, 5,24,12.778510, 12.791476, 119.124779, 76.001419,10.719037, 249.432098, 0.998986
5, 5,25,151.339005, 151.350922, 119.124779, 76.001419,10.719037, 249.432098, 0.999921
5, 5,26,86.678192, 86.681702, 119.124779, 76.001419,10.719037, 249.432098, 0.999960
5, 5,27,126.195526, 126.197105, 119.124779, 76.001419,10.719037, 249.432098, 0.999987
5, 5,28,149.821579, 149.825516, 119.124779, 76.001419,10.719037, 249.432098, 0.999974
5, 5,29,241.512711, 241.501877, 119.124779, 76.001419,10.719037, 249.432098, 1.000045
5, 5,30,85.897331, 85.911377, 119.124779, 76.001419,10.719037, 249.432098, 0.999837
5, 5,31,247.441071, 247.428040, 119.124779, 76.001419,10.719037, 249.432098, 1.000053
5, 6,0,111.239395, 111.241592, 119.126007, 54.420902,27.948893, 197.969254, 0.999980
5, 6,1,29.614740, 29.616812, 119.126007, 54.420902,27.948893, 197.969254, 0.999930
5, 6,2,43.744305, 43.751019, 119.126007, 54.420902,27.948893, 197.969254, 0.999847
5, 6,3,167.685883, 167.686569, 119.126007, 54.420902,27.948893, 197.969254, 0.999996
5, 6,4,27.948893, 27.946198, 119.126007, 54.420902,27.948893, 197.969254, 1.000096
5, 6,5,97.361122, 97.354233, 119.126007, 54.420902,27.948893, 197.969254, 1.000071
5, 6,6,181.602539, 181.602615, 119.126007, 54.420902,27.948893, 197.969254, 1.000000
5, 6,7,99.601807, 99.604683, 119.126007, 54.420902,27.948893, 197.969254, 0.999971
5, 6,8,169.081848, 169.081604, 119.126007, 54.420902,27.948893, 197.969254, 1.000001
5, 6,9,141.424896, 141.427475, 119.126007, 54.420902,27.948893, 197.969254, 0.999982
5, 6,10,69.954842, 69.952698, 119.126007, 54.420902,27.948893, 197.969254, 1.000031
5, 6,11,54.257656, 54.251213, 119.126007, 54.420902,27.948893, 197.969254, 1.000119
5, 6,12,144.263809, 144.257751, 119.126007, 54.420902,27.948893, 197.969254, 1.000042
5, 6,13,89.013290, 89.018379, 119.126007, 54.420902,27.948893, 197.969254, 0.999943
5, 6,14,179.053299, 179.065125, 119.126007, 54.420902,27.948893, 197.969254, 0.999934
5, 6,15,28.914907, 28.910677, 119.126007, 54.420902,27.948893, 197.969254, 1.000146
5, 6,16,158.281174, 158.277161, 119.126007, 54.420902,27.948893, 197.969254, 1.000025
5, 6,17,146.617371, 146.617294, 119.126007, 54.420902,27.948893, 197.969254, 1.000000
5, 6,18,154.448273, 154.447937, 119.126007, 54.420902,27.948893, 197.969254, 1.000002
5, 6,19,197.969254, 197.970062, 119.126007, 54.420902,27.948893, 197.969254, 0.999996
5, 6,20,191.815018, 191.815765, 119.126007, 54.420902,27.948893, 197.969254, 0.999996
5, 6,21,83.507805, 83.501335, 119.126007, 54.420902,27.948893, 197.969254, 1.000077
5, 6,22,143.484787, 143.476990, 119.126007, 54.420902,27.948893, 197.969254, 1.000054
5, 6,23,154.669632, 154.666107, 119.126007, 54.420902,27.948893, 197.969254, 1.000023
5, 6,24,136.282104, 136.277847, 119.126007, 54.420902,27.948893, 197.969254, 1.000031
5, 6,25,167.486725, 167.485641, 119.126007, 54.420902,27.948893, 197.969254, 1.000006
5, 6,26,175.029480, 175.017746, 119.126007, 54.420902,27.948893, 197.969254, 1.000067
5, 6,27,43.225830, 43.234337, 119.126007, 54.420902,27.948893, 197.969254, 0.999803
5, 6,28,89.246216, 89.248016, 119.126007, 54.420902,27.948893, 197.969254, 0.999980
5, 6,29,114.024101, 114.020195, 119.126007, 54.420902,27.948893, 197.969254, 1.000034
5, 6,30,43.537487, 43.532864, 119.126007, 54.420902,27.948893, 197.969254, 1.000106
5, 6,31,177.643204, 177.641357, 119.126007, 54.420902,27.948893, 197.969254, 1.000010
5, 7,0,142.543304, 142.541229, 119.126564, 69.196487,13.749381, 248.306732, 1.000015
5, 7,1,34.386253, 34.393257, 119.126564, 69.196487,13.749381, 248.306732, 0.999796
5, 7,2,225.240189, 225.232407, 119.126564, 69.196487,13.749381, 248.306732, 1.000035
5, 7,3,212.254471, 212.236252, 119.126564, 69.196487,13.749381, 248.306732, 1.000086
5, 7,4,197.462387, 197.444901, 119.126564, 69.196487,13.749381, 248.306732, 1.000089
5, 7,5,101.348198, 101.335167, 119.126564, 69.196487,13.749381, 248.306732, 1.000129
5, 7,6,110.023415, 110.031960, 119.126564, 69.196487,13.749381, 248.306732, 0.999922
5, 7,7,183.653534, 183.664291, 119.126564, 69.196487,13.749381, 248.306732, 0.999941
5, 7,8,27.456249, 27.461468, 119.126564, 69.196487,13.749381, 248.306732, 0.999810
5, 7,9,75.449379, 75.433365, 119.126564, 69.196487,13.749381, 248.306732, 1.000212
5, 7,10,19.346573, 19.337925, 119.126564, 69.196487,13.749381, 248.306732, 1.000447
5, 7,11,109.907333, 109.903740, 119.126564, 69.196487,13.749381, 248.306732, 1.000033
5, 7,12,132.047333, 132.049255, 119.126564, 69.196487,13.749381, 248.306732, 0.999985
5, 7,13,114.195114, 114.203110, 119.126564, 69.196487,13.749381, 248.306732, 0.999930
5, 7,14,73.979736, 73.977615, 119.126564, 69.196487,13.749381, 248.306732, 1.000029
5, 7,15,196.287933, 196.290863, 119.126564, 69.196487,13.749381, 248.306732, 0.999985
5, 7,16,45.385643, 45.398129, 119.126564, 69.196487,13.749381, 248.306732, 0.999725
5, 7,17,52.097878, 52.096092, 119.126564, 69.196487,13.749381, 248.306732, 1.000034
5, 7,18,145.616348, 145.603577, 119.126564, 69.196487,13.749381, 248.306732, 1.000088
5, 7,19,107.762291, 107.769142, 119.126564, 69.196487,13.749381, 248.306732, 0.999936
5, 7,20,90.727089, 90.730064, 119.126564, 69.196487,13.749381, 248.306732, 0.999967
5, 7,21,100.322945, 100.347069, 119.126564, 69.196487,13.749381, 248.306732, 0.999760
5, 7,22,135.982941, 135.986572, 119.126564, 69.196487,13.749381, 248.306732, 0.999973
5, 7,23,139.157608, 139.146988, 119.126564, 69.196487,13.749381, 248.306732, 1.000076
5, 7,24,248.306732, 248.313232, 119.126564, 69.196487,13.749381, 248.306732, 0.999974
5, 7,25,72.120903, 72.107010, 119.126564, 69.196487,13.749381, 248.306732, 1.000193
5, 7,26,231.681046, 231.673920, 119.126564, 69.196487,13.749381, 248.306732, 1.000031
5, 7,27,234.835052, 234.826782, 119.126564, 69.196487,13.749381, 248.306732, 1.000035
5, 7,28,37.678791, 37.674355, 119.126564, 69.196487,13.749381, 248.306732, 1.000118
5, 7,29,13.749381, 13.748747, 119.126564, 69.196487,13.749381, 248.306732, 1.000046
5, 7,30,153.174789, 153.168961, 119.126564, 69.196487,13.749381, 248.306732, 1.000038
5, 7,31,47.869492, 47.872154, 119.126564, 69.196487,13.749381, 248.306732, 0.999944
5, 8,0,199.153885, 199.149704, 119.123878, 69.091507,10.932807, 226.746918, 1.000021
5, 8,1,50.996246, 50.986855, 119.123878, 69.091507,10.932807, 226.746918, 1.000184
5, 8,2,219.761887, 219.762497, 119.123878, 69.091507,10.932807, 226.746918, 0.999997
5, 8,3,123.216667, 123.211273, 119.123878, 69.091507,10.932807, 226.746918, 1.000044
5, 8,4,109.614708, 109.608665, 119.123878, 69.091507,10.932807, 226.746918, 1.000055
5, 8,5,129.225693, 129.220032, 119.123878, 69.091507,10.932807, 226.746918, 1.000044
5, 8,6,210.226181, 210.225433, 119.123878, 69.091507,10.932807, 226.746918, 1.000004
5, 8,7,79.446465, 79.445526, 119.123878, 69.091507,10.932807, 226.746918, 1.000012
5, 8,8,169.779236, 169.782394, 119.123878, 69.091507,10.932807, 226.746918, 0.999981
5, 8,9,157.362961, 157.360336, 119.123878, 69.091507,10.932807, 226.746918, 1.000017
5, 8,10,165.823395, 165.822998, 119.123878, 69.091507,10.932807, 226.746918, 1.000002
5, 8,11,50.610474, 50.602188, 119.123878, 69.091507,10.932807, 226.746918, 1.000164
5, 8,12,216.584381, 216.585678, 119.123878, 69.091507,10.932807, 226.746918, 0.999994
5, 8,13,192.641830, 192.636887, 119.123878, 69.091507,10.932807, 226.746918, 1.000026
5, 8,14,15.539592, 15.544500, 119.123878, 69.091507,10.932807, 226.746918, 0.999684
5, 8,15,56.257484, 56.259434, 119.123878, 69.091507,10.932807, 226.746918, 0.999965
5, 8,16,10.932807, 10.935137, 119.123878, 69.091507,10.932807, 226.746918, 0.999787
5, 8,17,80.576088, 80.586266, 119.123878, 69.091507,10.932807, 226.746918, 0.999874
5, 8,18,121.453209, 121.453743, 119.123878, 69.091507,10.932807, 226.746918, 0.999996
5, 8,19,74.857185, 74.862694, 119.123878, 69.091507,10.932807, 226.746918, 0.999926
5, 8,20,226.746918, 226.739563, 119.123878, 69.091507,10.932807, 226.746918, 1.000032
5, 8,21,209.633835, 209.628540, 119.123878, 69.091507,10.932807, 226.746918, 1.000025
5, 8,22,20.013432, 20.007956, 119.123878, 69.091507,10.932807, 226.746918, 1.000274
5, 8,23,152.431290, 152.452545, 119.123878, 69.091507,10.932807, 226.746918, 0.999861
5, 8,24,87.134872, 87.152115, 119.123878, 69.091507,10.932807, 226.746918, 0.999802
5, 8,25,154.012146, 154.017731, 119.123878, 69.091507,10.932807, 226.746918, 0.999964
5, 8,26,21.231386, 21.228275, 119.123878, 69.091507,10.932807, 226.746918, 1.000147
5, 8,27,196.129684, 196.132065, 119.123878, 69.091507,10.932807, 226.746918, 0.999988
5, 8,28,75.976936, 75.996796, 119.123878, 69.091507,10.932807, 226.746918, 0.999739
5, 8,29,128.792038, 128.788925, 119.123878, 69.091507,10.932807, 226.746918, 1.000024
5, 8,30,22.125324, 22.136885, 119.123878, 69.091507,10.932807, 226.746918, 0.999478
5, 8,31,83.676041, 83.676857, 119.123878, 69.091507,10.932807, 226.746918, 0.999990
5, 9,0,202.885513, 202.879166, 119.123055, 55.524582,11.036746, 202.885513, 1.000031
5, 9,1,68.736145, 68.731018, 119.123055, 55.524582,11.036746, 202.885513, 1.000075
5, 9,2,194.093048, 194.104584, 119.123055, 55.524582,11.036746, 202.885513, 0.999941
5, 9,3,161.575073, 161.571472, 119.123055, 55.524582,11.036746, 202.885513, 1.000022
5, 9,4,200.287430, 200.301941, 119.123055, 55.524582,11.036746, 202.885513, 0.999928
5, 9,5,192.742477, 192.744034, 119.123055, 55.524582,11.036746, 202.885513, 0.999992
5, 9,6,191.694565, 191.701157, 119.123055, 55.524582,11.036746, 202.885513, 0.999966
5, 9,7,46.854351, 46.854481, 119.123055, 55.524582,11.036746, 202.885513, 0.999997
5, 9,8,109.704575, 109.697090, 119.123055, 55.524582,11.036746, 202.885513, 1.000068
5, 9,9,46.139740, 46.141243, 119.123055, 55.524582,11.036746, 202.885513, 0.999967
5, 9,10,180.934296, 180.930710, 119.123055, 55.524582,11.036746, 202.885513, 1.000020
5, 9,11,67.216347, 67.214645, 119.123055, 55.524582,11.036746, 202.885513, 1.000025
5, 9,12,51.107872, 51.109921, 119.123055, 55.524582,11.036746, 202.885513, 0.999960
5, 9,13,118.171600, 118.154022, 119.123055, 55.524582,11.036746, 202.885513, 1.000149
5, 9,14,172.185516, 172.192078, 119.123055, 55.524582,11.036746, 202.885513, 0.999962
5, 9,15,176.238708, 176.219757, 119.123055, 55.524582,11.036746, 202.885513, 1.000108
5, 9,16,111.368172, 111.381287, 119.123055, 55.524582,11.036746, 202.885513, 0.999882
5, 9,17,11.036746, 11.036888, 119.123055, 55.524582,11.036746, 202.885513, 0.999987
5, 9,18,101.006271, 101.006409, 119.123055, 55.524582,11.036746, 202.885513, 0.999999
5, 9,19,117.792877, 117.806396, 119.123055, 55.524582,11.036746, 202.885513, 0.999885
5, 9,20,148.532639, 148.529449, 119.123055, 55.524582,11.036746, 202.885513, 1.000021
5, 9,21,33.430668, 33.440865, 119.123055, 55.524582,11.036746, 202.885513, 0.999695
5, 9,22,80.675667, 80.658226, 119.123055, 55.524582,11.036746, 202.885513, 1.000216
5, 9,23,67.760284, 67.772049, 119.123055, 55.524582,11.036746, 202.885513, 0.999826
5, 9,24,150.434830, 150.441391, 119.123055, 55.524582,11.036746, 202.885513, 0.999956
5, 9,25,148.929443, 148.925018, 119.123055, 55.524582,11.036746, 202.885513, 1.000030
5, 9,26,144.252884, 144.250046, 119.123055, 55.524582,11.036746, 202.885513, 1.000020
5, 9,27,57.329163, 57.337238, 119.123055, 55.524582,11.036746, 202.885513, 0.999859
5, 9,28,122.877609, 122.882942, 119.123055, 55.524582,11.036746, 202.885513, 0.999957
5, 9,29,140.037094, 140.042557, 119.123055, 55.524582,11.036746, 202.885513, 0.999961
5, 9,30,71.505592, 71.524033, 119.123055, 55.524582,11.036746, 202.885513, 0.999742
5, 9,31,124.400002, 124.417313, 119.123055, 55.524582,11.036746, 202.885513, 0.999861
5, 10,0,170.394119, 170.389206, 119.124252, 62.940434,14.291098, 226.284454, 1.000029
5, 10,1,40.385815, 40.391899, 119.124252, 62.940434,14.291098, 226.284454, 0.999849
5, 10,2,214.801575, 214.789825, 119.124252, 62.940434,14.291098, 226.284454, 1.000055
5, 10,3,105.287308, 105.291908, 119.124252, 62.940434,14.291098, 226.284454, 0.999956
5, 10,4,226.284454, 226.287994, 119.124252, 62.940434,14.291098, 226.284454, 0.999984
5, 10,5,171.732071, 171.715912, 119.124252, 62.940434,14.291098, 226.284454, 1.000094
5, 10,6,17.942978, 17.946661, 119.124252, 62.940434,14.291098, 226.284454, 0.999795
5, 10,7,165.780548, 165.783142, 119.124252, 62.940434,14.291098, 226.284454, 0.999984
5, 10,8,113.057327, 113.061661, 119.124252, 62.940434,14.291098, 226.284454, 0.999962
5, 10,9,190.393158, 190.412354, 119.124252, 62.940434,14.291098, 226.284454, 0.999899
5, 10,10,158.904327, 158.904663, 119.124252, 62.940434,14.291098, 226.284454, 0.999998
5, 10,11,111.947647, 111.932259, 119.124252, 62.940434,14.291098, 226.284454, 1.000137
5, 10,12,77.207962, 77.206444, 119.124252, 62.940434,14.291098, 226.284454, 1.000020
5, 10,13,167.844788, 167.851456, 119.124252, 62.940434,14.291098, 226.284454, 0.999960
5, 10,14,108.827042, 108.822998, 119.124252, 62.940434,14.291098, 226.284454, 1.000037
5, 10,15,133.467545, 133.465820, 119.124252, 62.940434,14.291098, 226.284454, 1.000013
5, 10,16,61.256313, 61.265495, 119.124252, 62.940434,14.291098, 226.284454, 0.999850
5, 10,17,190.295944, 190.303497, 119.124252, 62.940434,14.291098, 226.284454, 0.999960
5, 10,18,201.612640, 201.611160, 119.124252, 62.940434,14.291098, 226.284454, 1.000007
5, 10,19,14.291098, 14.299906, 119.124252, 62.940434,14.291098, 226.284454, 0.999384
5, 10,20,28.668304, 28.669212, 119.124252, 62.940434,14.291098, 226.284454, 0.999968
5, 10,21,81.064316, 81.064102, 119.124252, 62.940434,14.291098, 226.284454, 1.000003
5, 10,22,154.554947, 154.557114, 119.124252, 62.940434,14.291098, 226.284454, 0.999986
5, 10,23,31.398218, 31.397474, 119.124252, 62.940434,14.291098, 226.284454, 1.000024
5, 10,24,81.777931, 81.785294, 119.124252, 62.940434,14.291098, 226.284454, 0.999910
5, 10,25,188.914398, 188.922363, 119.124252, 62.940434,14.291098, 226.284454, 0.999958
5, 10,26,186.327484, 186.330154, 119.124252, 62.940434,14.291098, 226.284454, 0.999986
5, 10,27,80.982315, 80.989265, 119.124252, 62.940434,14.291098, 226.284454, 0.999914
5, 10,28,101.384209, 101.379807, 119.124252, 62.940434,14.291098, 226.284454, 1.000043
5, 10,29,45.229210, 45.215687, 119.124252, 62.940434,14.291098, 226.284454, 1.000299
5, 10,30,57.519176, 57.523483, 119.124252, 62.940434,14.291098, 226.284454, 0.999925
5, 10,31,132.441254, 132.431656, 119.124252, 62.940434,14.291098, 226.284454, 1.000072
5, 11,0,99.567436, 99.573036, 119.124283, 78.041252,17.524969, 259.250153, 0.999944
5, 11,1,60.045914, 60.051697, 119.124283, 78.041252,17.524969, 259.250153, 0.999904
5, 11,2,195.314468, 195.313156, 119.124283, 78.041252,17.524969, 259.250153, 1.000007
5, 11,3,110.081116, 110.079018, 119.124283, 78.041252,17.524969, 259.250153, 1.000019
5, 11,4,22.804186, 22.805435, 119.124283, 78.041252,17.524969, 259.250153, 0.999945
5, 11,5,123.102928, 123.095718, 119.124283, 78.041252,17.524969, 259.250153, 1.000059
5, 11,6,17.546167, 17.556507, 119.124283, 78.041252,17.524969, 259.250153, 0.999411
5, 11,7,216.605743, 216.609497, 119.124283, 78.041252,17.524969, 259.250153, 0.999983
5, 11,8,31.275751, 31.271971, 119.124283, 78.041252,17.524969, 259.250153, 1.000121
5, 11,9,106.268608, 106.260139, 119.124283, 78.041252,17.524969, 259.250153, 1.000080
5, 11,10,259.250153, 259.250916, 119.124283, 78.041252,17.524969, 259.250153, 0.999997
5, 11,11,131.199814, 131.204742, 119.124283, 78.041252,17.524969, 259.250153, 0.999962
5, 11,12,53.872730, 53.868362, 119.124283, 78.041252,17.524969, 259.250153, 1.000081
5, 11,13,209.462952, 209.459274, 119.124283, 78.041252,17.524969, 259.250153, 1.000018
5, 11,14,227.667679, 227.676132, 119.124283, 78.041252,17.524969, 259.250153, 0.999963
5, 11,15,213.969116, 213.985031, 119.124283, 78.041252,17.524969, 259.250153, 0.999926
5, 11,16,37.396225, 37.382179, 119.124283, 78.041252,17.524969, 259.250153, 1.000376
5, 11,17,40.164711, 40.169151, 119.124283, 78.041252,17.524969, 259.250153, 0.999889
5, 11,18,227.429199, 227.432373, 119.124283, 78.041252,17.524969, 259.250153, 0.999986
5, 11,19,173.236252, 173.244919, 119.124283, 78.041252,17.524969, 259.250153, 0.999950
5, 11,20,188.881653, 188.877945, 119.124283, 78.041252,17.524969, 259.250153, 1.000020
5, 11,21,49.612831, 49.618843, 119.124283, 78.041252,17.524969, 259.250153, 0.999879
5, 11,22,80.746223, 80.746773, 119.124283, 78.041252,17.524969, 259.250153, 0.999993
5, 11,23,76.486046, 76.481003, 119.124283, 78.041252,17.524969, 259.250153, 1.000066
5, 11,24,238.866623, 238.864639, 119.124283, 78.041252,17.524969, 259.250153, 1.000008
5, 11,25,49.062889, 49.066330, 119.124283, 78.041252,17.524969, 259.250153, 0.999930
5, 11,26,17.524969, 17.515881, 119.124283, 78.041252,17.524969, 259.250153, 1.000519
5, 11,27,109.853531, 109.859634, 119.124283, 78.041252,17.524969, 259.250153, 0.999944
5, 11,28,63.220585, 63.212429, 119.124283, 78.041252,17.524969, 259.250153, 1.000129
5, 11,29,39.647926, 39.657257, 119.124283, 78.041252,17.524969, 259.250153, 0.999765
5, 11,30,215.903946, 215.902603, 119.124283, 78.041252,17.524969, 259.250153, 1.000006
5, 11,31,125.908081, 125.907051, 119.124283, 78.041252,17.524969, 259.250153, 1.000008
5, 12,0,114.224022, 114.231003, 119.125175, 58.379456,19.428072, 214.599075, 0.999939
5, 12,1,162.666260, 162.650452, 119.125175, 58.379456,19.428072, 214.599075, 1.000097
5, 12,2,160.641815, 160.646118, 119.125175, 58.379456,19.428072, 214.599075, 0.999973
5, 12,3,123.250702, 123.253670, 119.125175, 58.379456,19.428072, 214.599075, 0.999976
5, 12,4,156.828796, 156.824402, 119.125175, 58.379456,19.428072, 214.599075, 1.000028
5, 12,5,179.222733, 179.226349, 119.125175, 58.379456,19.428072, 214.599075, 0.999980
5, 12,6,186.403107, 186.392929, 119.125175, 58.379456,19.428072, 214.599075, 1.000055
5, 12,7,194.505920, 194.506866, 119.125175, 58.379456,19.428072, 214.599075, 0.999995
5, 12,8,62.261627, 62.260513, 119.125175, 58.379456,19.428072, 214.599075, 1.000018
5, 12,9,100.822067, 100.813034, 119.125175, 58.379456,19.428072, 214.599075, 1.000090
5, 12,10,43.320663, 43.306488, 119.125175, 58.379456,19.428072, 214.599075, 1.000327
5, 12,11,28.460836, 28.457777, 119.125175, 58.379456,19.428072, 214.599075, 1.000108
5, 12,12,145.811295, 145.829636, 119.125175, 58.379456,19.428072, 214.599075, 0.999874
5, 12,13,92.805252, 92.795753, 119.125175, 58.379456,19.428072, 214.599075, 1.000102
5, 12,14,19.428072, 19.422230, 119.125175, 58.379456,19.428072, 214.599075, 1.000301
5, 12,15,104.107063, 104.099854, 119.125175, 58.379456,19.428072, 214.599075, 1.000069
5, 12,16,115.262939, 115.249283, 119.125175, 58.379456,19.428072, 214.599075, 1.000118
5, 12,17,26.572477, 26.569462, 119.125175, 58.379456,19.428072, 214.599075, 1.000113
5, 12,18,32.527397, 32.517971, 119.125175, 58.379456,19.428072, 214.599075, 1.000290
5, 12,19,66.002747, 66.011360, 119.125175, 58.379456,19.428072, 214.599075, 0.999870
5, 12,20,203.280945, 203.278183, 119.125175, 58.379456,19.428072, 214.599075, 1.000014
5, 12,21,120.409836, 120.424431, 119.125175, 58.379456,19.428072, 214.599075, 0.999879
5, 12,22,162.403793, 162.412003, 119.125175, 58.379456,19.428072, 214.599075, 0.999949
5, 12,23,110.377327, 110.370605, 119.125175, 58.379456,19.428072, 214.599075, 1.000061
5, 12,24,98.237801, 98.254463, 119.125175, 58.379456,19.428072, 214.599075, 0.999830
5, 12,25,161.979233, 161.973740, 119.125175, 58.379456,19.428072, 214.599075, 1.000034
5, 12,26,159.164703, 159.157394, 119.125175, 58.379456,19.428072, 214.599075, 1.000046
5, 12,27,163.857925, 163.862061, 119.125175, 58.379456,19.428072, 214.599075, 0.999975
5, 12,28,61.081108, 61.074677, 119.125175, 58.379456,19.428072, 214.599075, 1.000105
5, 12,29,196.056015, 196.072952, 119.125175, 58.379456,19.428072, 214.599075, 0.999914
5, 12,30,45.431820, 45.446148, 119.125175, 58.379456,19.428072, 214.599075, 0.999685
5, 12,31,214.599075, 214.608063, 119.125175, 58.379456,19.428072, 214.599075, 0.999958
5, 13,0,68.675125, 68.675522, 119.126411, 65.112999,15.453035, 232.774048, 0.999994
5, 13,1,190.266617, 190.262390, 119.126411, 65.112999,15.453035, 232.774048, 1.000022
5, 13,2,26.064291, 26.052999, 119.126411, 65.112999,15.453035, 232.774048, 1.000433
5, 13,3,205.802353, 205.800674, 119.126411, 65.112999,15.453035, 232.774048, 1.000008
5, 13,4,80.714684, 80.715271, 119.126411, 65.112999,15.453035, 232.774048, 0.999993
5, 13,5,217.181137, 217.186615, 119.126411, 65.112999,15.453035, 232.774048, 0.999975
5, 13,6,134.083786, 134.083847, 119.126411, 65.112999,15.453035, 232.774048, 1.000000
5, 13,7,232.774048, 232.773621, 119.126411, 65.112999,15.453035, 232.774048, 1.000002
5, 13,8,68.845764, 68.842445, 119.126411, 65.112999,15.453035, 232.774048, 1.000048
5, 13,9,97.751785, 97.769836, 119.126411, 65.112999,15.453035, 232.774048, 0.999815
5, 13,10,117.479042, 117.474419, 119.126411, 65.112999,15.453035, 232.774048, 1.000039
5, 13,11,52.625923, 52.608612, 119.126411, 65.112999,15.453035, 232.774048, 1.000329
5, 13,12,121.001457, 121.000793, 119.126411, 65.112999,15.453035, 232.774048, 1.000005
5, 13,13,154.961533, 154.970825, 119.126411, 65.112999,15.453035, 232.774048, 0.999940
5, 13,14,95.845284, 95.850159, 119.126411, 65.112999,15.453035, 232.774048, 0.999949
5, 13,15,29.471508, 29.475042, 119.126411, 65.112999,15.453035, 232.774048, 0.999880
5, 13,16,52.470093, 52.469505, 119.126411, 65.112999,15.453035, 232.774048, 1.000011
5, 13,17,156.972610, 156.967010, 119.126411, 65.112999,15.453035, 232.774048, 1.000036
5, 13,18,45.854244, 45.861897, 119.126411, 65.112999,15.453035, 232.774048, 0.999833
5, 13,19,224.619904, 224.614960, 119.126411, 65.112999,15.453035, 232.774048, 1.000022
5, 13,20,47.748981, 47.746807, 119.126411, 65.112999,15.453035, 232.774048, 1.000046
5, 13,21,154.852875, 154.852570, 119.126411, 65.112999,15.453035, 232.774048, 1.000002
5, 13,22,165.564789, 165.577774, 119.126411, 65.112999,15.453035, 232.774048, 0.999922
5, 13,23,15.453035, 15.453012, 119.126411, 65.112999,15.453035, 232.774048, 1.000001
5, 13,24,122.442947, 122.440544, 119.126411, 65.112999,15.453035, 232.774048, 1.000020
5, 13,25,74.329971, 74.330238, 119.126411, 65.112999,15.453035, 232.774048, 0.999996
5, 13,26,190.537659, 190.540604, 119.126411, 65.112999,15.453035, 232.774048, 0.999985
5, 13,27,175.894592, 175.878677, 119.126411, 65.112999,15.453035, 232.774048, 1.000090
5, 13,28,178.466797, 178.466064, 119.126411, 65.112999,15.453035, 232.774048, 1.000004
5, 13,29,34.403297, 34.392490, 119.126411, 65.112999,15.453035, 232.774048, 1.000314
5, 13,30,175.708054, 175.697830, 119.126411, 65.112999,15.453035, 232.774048, 1.000058
5, 13,31,103.181046, 103.167213, 119.126411, 65.112999,15.453035, 232.774048, 1.000134
5, 14,0,29.735369, 29.730597, 119.124702, 54.015507,20.371483, 203.144455, 1.000160
5, 14,1,53.698856, 53.682789, 119.124702, 54.015507,20.371483, 203.144455, 1.000299
5, 14,2,112.251579, 112.260422, 119.124702, 54.015507,20.371483, 203.144455, 0.999921
5, 14,3,73.681633, 73.699600, 119.124702, 54.015507,20.371483, 203.144455, 0.999756
5, 14,4,48.690975, 48.703930, 119.124702, 54.015507,20.371483, 203.144455, 0.999734
5, 14,5,26.248432, 26.242413, 119.124702, 54.015507,20.371483, 203.144455, 1.000229
5, 14,6,88.225502, 88.200897, 119.124702, 54.015507,20.371483, 203.144455, 1.000279
5, 14,7,128.023209, 128.031769, 119.124702, 54.015507,20.371483, 203.144455, 0.999933
5, 14,8,168.552170, 168.554321, 119.124702, 54.015507,20.371483, 203.144455, 0.999987
5, 14,9,83.922951, 83.925636, 119.124702, 54.015507,20.371483, 203.144455, 0.999968
5, 14,10,141.462677, 141.453827, 119.124702, 54.015507,20.371483, 203.144455, 1.000063
5, 14,11,130.816208, 130.828293, 119.124702, 54.015507,20.371483, 203.144455, 0.999908
5, 14,12,78.901588, 78.928886, 119.124702, 54.015507,20.371483, 203.144455, 0.999654
5, 14,13,158.834473, 158.817245, 119.124702, 54.015507,20.371483, 203.144455, 1.000108
5, 14,14,53.412045, 53.402542, 119.124702, 54.015507,20.371483, 203.144455, 1.000178
5, 14,15,148.813400, 148.817780, 119.124702, 54.015507,20.371483, 203.144455, 0.999971
5, 14,16,76.959778, 76.967163, 119.124702, 54.015507,20.371483, 203.144455, 0.999904
5, 14,17,114.394325, 114.406998, 119.124702, 54.015507,20.371483, 203.144455, 0.999889
5, 14,18,20.371483, 20.369148, 119.124702, 54.015507,20.371483, 203.144455, 1.000115
5, 14,19,134.993805, 134.996231, 119.124702, 54.015507,20.371483, 203.144455, 0.999982
5, 14,20,143.093292, 143.087616, 119.124702, 54.015507,20.371483, 203.144455, 1.000040
5, 14,21,198.092194, 198.081665, 119.124702, 54.015507,20.371483, 203.144455, 1.000053
5, 14,22,199.727432, 199.715439, 119.124702, 54.015507,20.371483, 203.144455, 1.000060
5, 14,23,142.496765, 142.497299, 119.124702, 54.015507,20.371483, 203.144455, 0.999996
5, 14,24,203.144455, 203.138031, 119.124702, 54.015507,20.371483, 203.144455, 1.000032
5, 14,25,83.645233, 83.633469, 119.124702, 54.015507,20.371483, 203.144455, 1.000141
5, 14,26,187.632233, 187.629028, 119.124702, 54.015507,20.371483, 203.144455, 1.000017
5, 14,27,157.099701, 157.111908, 119.124702, 54.015507,20.371483, 203.144455, 0.999922
5, 14,28,166.606842, 166.598572, 119.124702, 54.015507,20.371483, 203.144455, 1.000050
5, 14,29,148.769547, 148.770081, 119.124702, 54.015507,20.371483, 203.144455, 0.999996
5, 14,30,193.153534, 193.162430, 119.124702, 54.015507,20.371483, 203.144455, 0.999954
5, 14,31,116.538689, 116.553566, 119.124702, 54.015507,20.371483, 203.144455, 0.999872
5, 15,0,200.179443, 200.189911, 119.125076, 55.783943,12.761930, 210.002411, 0.999948
5, 15,1,143.329086, 143.327621, 119.125076, 55.783943,12.761930, 210.002411, 1.000010
5, 15,2,111.997154, 112.005165, 119.125076, 55.783943,12.761930, 210.002411, 0.999928
5, 15,3,210.002411, 210.001068, 119.125076, 55.783943,12.761930, 210.002411, 1.000006
5, 15,4,129.987518, 129.989075, 119.125076, 55.783943,12.761930, 210.002411, 0.999988
5, 15,5,207.899185, 207.906479, 119.125076, 55.783943,12.761930, 210.002411, 0.999965
5, 15,6,179.135452, 179.134796, 119.125076, 55.783943,12.761930, 210.002411, 1.000004
5, 15,7,178.803314, 178.800705, 119.125076, 55.783943,12.761930, 210.002411, 1.000015
5, 15,8,12.761930, 12.769226, 119.125076, 55.783943,12.761930, 210.002411, 0.999429
5, 15,9,82.156067, 82.141228, 119.125076, 55.783943,12.761930, 210.002411, 1.000181
5, 15,10,54.804607, 54.815197, 119.125076, 55.783943,12.761930, 210.002411, 0.999807
5, 15,11,68.436760, 68.430023, 119.125076, 55.783943,12.761930, 210.002411, 1.000098
5, 15,12,179.083557, 179.089828, 119.125076, 55.783943,12.761930, 210.002411, 0.999965
5, 15,13,79.605804, 79.609734, 119.125076, 55.783943,12.761930, 210.002411, 0.999951
5, 15,14,40.680042, 40.679935, 119.125076, 55.783943,12.761930, 210.002411, 1.000003
5, 15,15,194.543747, 194.535812, 119.125076, 55.783943,12.761930, 210.002411, 1.000041
5, 15,16,125.776344, 125.774208, 119.125076, 55.783943,12.761930, 210.002411, 1.000017
5, 15,17,62.677135, 62.673115, 119.125076, 55.783943,12.761930, 210.002411, 1.000064
5, 15,18,122.498100, 122.484543, 119.125076, 55.783943,12.761930, 210.002411, 1.000111
5, 15,19,91.709023, 91.701797, 119.125076, 55.783943,12.761930, 210.002411, 1.000079
5, 15,20,141.814835, 141.817719, 119.125076, 55.783943,12.761930, 210.002411, 0.999980
5, 15,21,64.982697, 64.992584, 119.125076, 55.783943,12.761930, 210.002411, 0.999848
5, 15,22,129.071396, 129.070282, 119.125076, 55.783943,12.761930, 210.002411, 1.000009
5, 15,23,168.232407, 168.237793, 119.125076, 55.783943,12.761930, 210.002411, 0.999968
5, 15,24,54.671257, 54.660992, 119.125076, 55.783943,12.761930, 210.002411, 1.000188
5, 15,25,78.824135, 78.819435, 119.125076, 55.783943,12.761930, 210.002411, 1.000060
5, 15,26,80.893547, 80.888329, 119.125076, 55.783943,12.761930, 210.002411, 1.000064
5, 15,27,55.321304, 55.329208, 119.125076, 55.783943,12.761930, 210.002411, 0.999857
5, 15,28,103.620712, 103.620392, 119.125076, 55.783943,12.761930, 210.002411, 1.000003
5, 15,29,198.048126, 198.050354, 119.125076, 55.783943,12.761930, 210.002411, 0.999989
5, 15,30,103.035660, 103.042130, 119.125076, 55.783943,12.761930, 210.002411, 0.999937
5, 15,31,157.419739, 157.411484, 119.125076, 55.783943,12.761930, 210.002411, 1.000052
5, 16,0,249.299469, 249.309311, 119.122971, 80.502541,12.708892, 261.343567, 0.999961
5, 16,1,114.261734, 114.259125, 119.122971, 80.502541,12.708892, 261.343567, 1.000023
5, 16,2,15.679708, 15.658485, 119.122971, 80.502541,12.708892, 261.343567, 1.001355
5, 16,3,205.271988, 205.263870, 119.122971, 80.502541,12.708892, 261.343567, 1.000040
5, 16,4,146.822800, 146.833847, 119.122971, 80.502541,12.708892, 261.343567, 0.999925
5, 16,5,105.074593, 105.064079, 119.122971, 80.502541,12.708892, 261.343567, 1.000100
5, 16,6,88.253082, 88.257767, 119.122971, 80.502541,12.708892, 261.343567, 0.999947
5, 16,7,47.733528, 47.733486, 119.122971, 80.502541,12.708892, 261.343567, 1.000001
5, 16,8,104.481903, 104.487473, 119.122971, 80.502541,12.708892, 261.343567, 0.999947
5, 16,9,259.934601, 259.926666, 119.122971, 80.502541,12.708892, 261.343567, 1.000031
5, 16,10,60.235958, 60.242115, 119.122971, 80.502541,12.708892, 261.343567, 0.999898
5, 16,11,33.002213, 32.995285, 119.122971, 80.502541,12.708892, 261.343567, 1.000210
5, 16,12,87.367279, 87.373634, 119.122971, 80.502541,12.708892, 261.343567, 0.999927
5, 16,13,56.839184, 56.843952, 119.122971, 80.502541,12.708892, 261.343567, 0.999916
5, 16,14,228.748749, 228.758881, 119.122971, 80.502541,12.708892, 261.343567, 0.999956
5, 16,15,178.967377, 178.978043, 119.122971, 80.502541,12.708892, 261.343567, 0.999940
5, 16,16,210.608612, 210.614822, 119.122971, 80.502541,12.708892, 261.343567, 0.999970
5, 16,17,29.327425, 29.343409, 119.122971, 80.502541,12.708892, 261.343567, 0.999455
5, 16,18,261.343567, 261.341278, 119.122971, 80.502541,12.708892, 261.343567, 1.000009
5, 16,19,72.070572, 72.074188, 119.122971, 80.502541,12.708892, 261.343567, 0.999950
5, 16,20,27.892597, 27.898033, 119.122971, 80.502541,12.708892, 261.343567, 0.999805
5, 16,21,153.492416, 153.499481, 119.122971, 80.502541,12.708892, 261.343567, 0.999954
5, 16,22,161.499649, 161.495178, 119.122971, 80.502541,12.708892, 261.343567, 1.000028
5, 16,23,32.497589, 32.495552, 119.122971, 80.502541,12.708892, 261.343567, 1.000063
5, 16,24,231.534195, 231.541992, 119.122971, 80.502541,12.708892, 261.343567, 0.999966
5, 16,25,69.730713, 69.729309, 119.122971, 80.502541,12.708892, 261.343567, 1.000020
5, 16,26,12.708892, 12.706232, 119.122971, 80.502541,12.708892, 261.343567, 1.000209
5, 16,27,150.448471, 150.454971, 119.122971, 80.502541,12.708892, 261.343567, 0.999957
5, 16,28,158.838745, 158.835068, 119.122971, 80.502541,12.708892, 261.343567, 1.000023
5, 16,29,45.135002, 45.142574, 119.122971, 80.502541,12.708892, 261.343567, 0.999832
5, 16,30,19.963854, 19.963854, 119.122971, 80.502541,12.708892, 261.343567, 1.000000
5, 16,31,192.868515, 192.878235, 119.122971, 80.502541,12.708892, 261.343567, 0.999950
5, 17,0,225.661407, 225.664551, 119.125725, 72.861046,11.556429, 239.802567, 0.999986
5, 17,1,181.272797, 181.262405, 119.125725, 72.861046,11.556429, 239.802567, 1.000057
5, 17,2,209.403549, 209.407288, 119.125725, 72.861046,11.556429, 239.802567, 0.999982
5, 17,3,212.839386, 212.838058, 119.125725, 72.861046,11.556429, 239.802567, 1.000006
5, 17,4,42.738892, 42.726292, 119.125725, 72.861046,11.556429, 239.802567, 1.000295
5, 17,5,142.818222, 142.818192, 119.125725, 72.861046,11.556429, 239.802567, 1.000000
5, 17,6,156.953522, 156.943588, 119.125725, 72.861046,11.556429, 239.802567, 1.000063
5, 17,7,185.492294, 185.504959, 119.125725, 72.861046,11.556429, 239.802567, 0.999932
5, 17,8,198.643967, 198.642075, 119.125725, 72.861046,11.556429, 239.802567, 1.000010
5, 17,9,200.138153, 200.145676, 119.125725, 72.861046,11.556429, 239.802567, 0.999962
5, 17,10,101.697586, 101.691498, 119.125725, 72.861046,11.556429, 239.802567, 1.000060
5, 17,11,14.158313, 14.150789, 119.125725, 72.861046,11.556429, 239.802567, 1.000532
5, 17,12,65.512794, 65.513275, 119.125725, 72.861046,11.556429, 239.802567, 0.999993
5, 17,13,114.543831, 114.539185, 119.125725, 72.861046,11.556429, 239.802567, 1.000041
5, 17,14,71.806526, 71.824173, 119.125725, 72.861046,11.556429, 239.802567, 0.999754
5, 17,15,174.607422, 174.598557, 119.125725, 72.861046,11.556429, 239.802567, 1.000051
5, 17,16,120.272293, 120.278275, 119.125725, 72.861046,11.556429, 239.802567, 0.999950
5, 17,17,28.457788, 28.459717, 119.125725, 72.861046,11.556429, 239.802567, 0.999932
5, 17,18,124.799721, 124.789085, 119.125725, 72.861046,11.556429, 239.802567, 1.000085
5, 17,19,80.734955, 80.746956, 119.125725, 72.861046,11.556429, 239.802567, 0.999851
5, 17,20,239.646332, 239.641708, 119.125725, 72.861046,11.556429, 239.802567, 1.000019
5, 17,21,57.984196, 57.981144, 119.125725, 72.861046,11.556429, 239.802567, 1.000053
5, 17,22,95.497284, 95.500610, 119.125725, 72.861046,11.556429, 239.802567, 0.999965
5, 17,23,25.606531, 25.600756, 119.125725, 72.861046,11.556429, 239.802567, 1.000226
5, 17,24,35.822815, 35.822426, 119.125725, 72.861046,11.556429, 239.802567, 1.000011
5, 17,25,239.802567, 239.796997, 119.125725, 72.861046,11.556429, 239.802567, 1.000023
5, 17,26,131.015884, 131.029388, 119.125725, 72.861046,11.556429, 239.802567, 0.999897
5, 17,27,68.635231, 68.633423, 119.125725, 72.861046,11.556429, 239.802567, 1.000026
5, 17,28,25.789408, 25.791351, 119.125725, 72.861046,11.556429, 239.802567, 0.999925
5, 17,29,59.509151, 59.505924, 119.125725, 72.861046,11.556429, 239.802567, 1.000054
5, 17,30,168.604584, 168.591202, 119.125725, 72.861046,11.556429, 239.802567, 1.000079
5, 17,31,11.556429, 11.560076, 119.125725, 72.861046,11.556429, 239.802567, 0.999685
5, 18,0,235.500244, 235.486404, 119.126343, 62.488766,21.170845, 245.504379, 1.000059
5, 18,1,145.299103, 145.290390, 119.126343, 62.488766,21.170845, 245.504379, 1.000060
5, 18,2,101.389175, 101.385773, 119.126343, 62.488766,21.170845, 245.504379, 1.000034
5, 18,3,96.067329, 96.068176, 119.126343, 62.488766,21.170845, 245.504379, 0.999991
5, 18,4,80.089935, 80.086365, 119.126343, 62.488766,21.170845, 245.504379, 1.000045
5, 18,5,245.504379, 245.504959, 119.126343, 62.488766,21.170845, 245.504379, 0.999998
5, 18,6,163.709335, 163.702499, 119.126343, 62.488766,21.170845, 245.504379, 1.000042
5, 18,7,74.296143, 74.297218, 119.126343, 62.488766,21.170845, 245.504379, 0.999986
5, 18,8,166.638947, 166.633331, 119.126343, 62.488766,21.170845, 245.504379, 1.000034
5, 18,9,35.934509, 35.935074, 119.126343, 62.488766,21.170845, 245.504379, 0.999984
5, 18,10,63.238403, 63.241261, 119.126343, 62.488766,21.170845, 245.504379, 0.999955
5, 18,11,21.170845, 21.172031, 119.126343, 62.488766,21.170845, 245.504379, 0.999944
5, 18,12,219.955887, 219.961639, 119.126343, 62.488766,21.170845, 245.504379, 0.999974
5, 18,13,136.961273, 136.962143, 119.126343, 62.488766,21.170845, 245.504379, 0.999994
5, 18,14,99.364052, 99.354485, 119.126343, 62.488766,21.170845, 245.504379, 1.000096
5, 18,15,45.338673, 45.336990, 119.126343, 62.488766,21.170845, 245.504379, 1.000037
5, 18,16,103.244957, 103.242935, 119.126343, 62.488766,21.170845, 245.504379, 1.000020
5, 18,17,35.229546, 35.238632, 119.126343, 62.488766,21.170845, 245.504379, 0.999742
5, 18,18,185.740891, 185.727341, 119.126343, 62.488766,21.170845, 245.504379, 1.000073
5, 18,19,173.723755, 173.721054, 119.126343, 62.488766,21.170845, 245.504379, 1.000015
5, 18,20,75.206375, 75.211296, 119.126343, 62.488766,21.170845, 245.504379, 0.999935
5, 18,21,194.345093, 194.345764, 119.126343, 62.488766,21.170845, 245.504379, 0.999997
5, 18,22,85.575798, 85.570816, 119.126343, 62.488766,21.170845, 245.504379, 1.000058
5, 18,23,151.101761, 151.094055, 119.126343, 62.488766,21.170845, 245.504379, 1.000051
5, 18,24,113.729263, 113.733040, 119.126343, 62.488766,21.170845, 245.504379, 0.999967
5, 18,25,72.566917, 72.570633, 119.126343, 62.488766,21.170845, 245.504379, 0.999949
5, 18,26,39.105896, 39.105316, 119.126343, 62.488766,21.170845, 245.504379, 1.000015
5, 18,27,202.143494, 202.151688, 119.126343, 62.488766,21.170845, 245.504379, 0.999959
5, 18,28,155.410690, 155.410522, 119.126343, 62.488766,21.170845, 245.504379, 1.000001
5, 18,29,48.743603, 48.739384, 119.126343, 62.488766,21.170845, 245.504379, 1.000087
5, 18,30,126.866356, 126.885567, 119.126343, 62.488766,21.170845, 245.504379, 0.999849
5, 18,31,118.850281, 118.833000, 119.126343, 62.488766,21.170845, 245.504379, 1.000145
5, 19,0,113.015884, 113.009003, 119.125336, 53.007820,20.216091, 196.744324, 1.000061
5, 19,1,140.665359, 140.676529, 119.125336, 53.007820,20.216091, 196.744324, 0.999921
5, 19,2,138.465988, 138.468887, 119.125336, 53.007820,20.216091, 196.744324, 0.999979
5, 19,3,85.511536, 85.516594, 119.125336, 53.007820,20.216091, 196.744324, 0.999941
5, 19,4,182.028046, 182.021500, 119.125336, 53.007820,20.216091, 196.744324, 1.000036
5, 19,5,85.485634, 85.479065, 119.125336, 53.007820,20.216091, 196.744324, 1.000077
5, 19,6,85.876648, 85.866814, 119.125336, 53.007820,20.216091, 196.744324, 1.000115
5, 19,7,185.853973, 185.848907, 119.125336, 53.007820,20.216091, 196.744324, 1.000027
5, 19,8,140.338074, 140.332565, 119.125336, 53.007820,20.216091, 196.744324, 1.000039
5, 19,9,196.744324, 196.730804, 119.125336, 53.007820,20.216091, 196.744324, 1.000069
5, 19,10,165.445236, 165.442230, 119.125336, 53.007820,20.216091, 196.744324, 1.000018
5, 19,11,50.829388, 50.825863, 119.125336, 53.007820,20.216091, 196.744324, 1.000069
5, 19,12,97.006767, 97.011375, 119.125336, 53.007820,20.216091, 196.744324, 0.999952
5, 19,13,34.399891, 34.415466, 119.125336, 53.007820,20.216091, 196.744324, 0.999547
5, 19,14,88.652443, 88.674850, 119.125336, 53.007820,20.216091, 196.744324, 0.999747
5, 19,15,145.856369, 145.854813, 119.125336, 53.007820,20.216091, 196.744324, 1.000011
5, 19,16,163.696747, 163.709885, 119.125336, 53.007820,20.216091, 196.744324, 0.999920
5, 19,17,170.673508, 170.683044, 119.125336, 53.007820,20.216091, 196.744324, 0.999944
5, 19,18,28.879801, 28.880711, 119.125336, 53.007820,20.216091, 196.744324, 0.999968
5, 19,19,122.411781, 122.414970, 119.125336, 53.007820,20.216091, 196.744324, 0.999974
5, 19,20,154.485809, 154.479034, 119.125336, 53.007820,20.216091, 196.744324, 1.000044
5, 19,21,41.951107, 41.938984, 119.125336, 53.007820,20.216091, 196.744324, 1.000289
5, 19,22,20.216091, 20.225227, 119.125336, 53.007820,20.216091, 196.744324, 0.999548
5, 19,23,31.782505, 31.782549, 119.125336, 53.007820,20.216091, 196.744324, 0.999999
5, 19,24,171.391922, 171.383484, 119.125336, 53.007820,20.216091, 196.744324, 1.000049
5, 19,25,111.429726, 111.407997, 119.125336, 53.007820,20.216091, 196.744324, 1.000195
5, 19,26,156.108521, 156.111328, 119.125336, 53.007820,20.216091, 196.744324, 0.999982
5, 19,27,165.424866, 165.423462, 119.125336, 53.007820,20.216091, 196.744324, 1.000008
5, 19,28,186.641708, 186.643158, 119.125336, 53.007820,20.216091, 196.744324, 0.999992
5, 19,29,74.279762, 74.284477, 119.125336, 53.007820,20.216091, 196.744324, 0.999937
5, 19,30,158.707413, 158.706711, 119.125336, 53.007820,20.216091, 196.744324, 1.000004
5, 19,31,117.753830, 117.749512, 119.125336, 53.007820,20.216091, 196.744324, 1.000037
5, 20,0,116.603546, 116.597366, 119.125832, 59.740734,23.815174, 218.544266, 1.000053
5, 20,1,108.087097, 108.088898, 119.125832, 59.740734,23.815174, 218.544266, 0.999983
5, 20,2,69.755257, 69.752487, 119.125832, 59.740734,23.815174, 218.544266, 1.000040
5, 20,3,23.815174, 23.809349, 119.125832, 59.740734,23.815174, 218.544266, 1.000245
5, 20,4,119.251488, 119.251030, 119.125832, 59.740734,23.815174, 218.544266, 1.000004
5, 20,5,164.014160, 164.021927, 119.125832, 59.740734,23.815174, 218.544266, 0.999953
5, 20,6,218.544266, 218.537933, 119.125832, 59.740734,23.815174, 218.544266, 1.000029
5, 20,7,57.678009, 57.688633, 119.125832, 59.740734,23.815174, 218.544266, 0.999816
5, 20,8,196.508011, 196.509949, 119.125832, 59.740734,23.815174, 218.544266, 0.999990
5, 20,9,24.217106, 24.215130, 119.125832, 59.740734,23.815174, 218.544266, 1.000082
5, 20,10,164.657059, 164.646683, 119.125832, 59.740734,23.815174, 218.544266, 1.000063
5, 20,11,121.155815, 121.144653, 119.125832, 59.740734,23.815174, 218.544266, 1.000092
5, 20,12,212.186584, 212.200058, 119.125832, 59.740734,23.815174, 218.544266, 0.999937
5, 20,13,46.962936, 46.970928, 119.125832, 59.740734,23.815174, 218.544266, 0.999830
5, 20,14,144.522141, 144.505905, 119.125832, 59.740734,23.815174, 218.544266, 1.000112
5, 20,15,108.453476, 108.456024, 119.125832, 59.740734,23.815174, 218.544266, 0.999977
5, 20,16,44.544971, 44.555580, 119.125832, 59.740734,23.815174, 218.544266, 0.999762
5, 20,17,120.362793, 120.365303, 119.125832, 59.740734,23.815174, 218.544266, 0.999979
5, 20,18,131.696442, 131.701324, 119.125832, 59.740734,23.815174, 218.544266, 0.999963
5, 20,19,24.808500, 24.807693, 119.125832, 59.740734,23.815174, 218.544266, 1.000033
5, 20,20,216.926254, 216.927704, 119.125832, 59.740734,23.815174, 218.544266, 0.999993
5, 20,21,118.035240, 118.033684, 119.125832, 59.740734,23.815174, 218.544266, 1.000013
5, 20,22,78.728317, 78.731140, 119.125832, 59.740734,23.815174, 218.544266, 0.999964
5, 20,23,131.502747, 131.495239, 119.125832, 59.740734,23.815174, 218.544266, 1.000057
5, 20,24,116.612152, 116.610245, 119.125832, 59.740734,23.815174, 218.544266, 1.000016
5, 20,25,203.784790, 203.775314, 119.125832, 59.740734,23.815174, 218.544266, 1.000046
5, 20,26,190.594879, 190.577850, 119.125832, 59.740734,23.815174, 218.544266, 1.000089
5, 20,27,151.692947, 151.700424, 119.125832, 59.740734,23.815174, 218.544266, 0.999951
5, 20,28,87.276398, 87.284698, 119.125832, 59.740734,23.815174, 218.544266, 0.999905
5, 20,29,68.013588, 68.006989, 119.125832, 59.740734,23.815174, 218.544266, 1.000097
5, 20,30,181.281326, 181.277161, 119.125832, 59.740734,23.815174, 218.544266, 1.000023
5, 20,31,49.753494, 49.753410, 119.125832, 59.740734,23.815174, 218.544266, 1.000002
5, 21,0,64.044510, 64.045212, 119.125229, 53.188473,22.189606, 204.032181, 0.999989
5, 21,1,79.526382, 79.523888, 119.125229, 53.188473,22.189606, 204.032181, 1.000031
5, 21,2,149.413528, 149.423080, 119.125229, 53.188473,22.189606, 204.032181, 0.999936
5, 21,3,139.576447, 139.580170, 119.125229, 53.188473,22.189606, 204.032181, 0.999973
5, 21,4,204.032181, 204.037323, 119.125229, 53.188473,22.189606, 204.032181, 0.999975
5, 21,5,85.175339, 85.177811, 119.125229, 53.188473,22.189606, 204.032181, 0.999971
5, 21,6,176.284317, 176.282242, 119.125229, 53.188473,22.189606, 204.032181, 1.000012
5, 21,7,130.927200, 130.923737, 119.125229, 53.188473,22.189606, 204.032181, 1.000026
5, 21,8,197.500549, 197.499603, 119.125229, 53.188473,22.189606, 204.032181, 1.000005
5, 21,9,49.264935, 49.268738, 119.125229, 53.188473,22.189606, 204.032181, 0.999923
5, 21,10,116.229904, 116.225960, 119.125229, 53.188473,22.189606, 204.032181, 1.000034
5, 21,11,32.316051, 32.294861, 119.125229, 53.188473,22.189606, 204.032181, 1.000656
5, 21,12,105.972672, 105.977463, 119.125229, 53.188473,22.189606, 204.032181, 0.999955
5, 21,13,198.726334, 198.722397, 119.125229, 53.188473,22.189606, 204.032181, 1.000020
5, 21,14,136.598312, 136.601883, 119.125229, 53.188473,22.189606, 204.032181, 0.999974
5, 21,15,70.057877, 70.062347, 119.125229, 53.188473,22.189606, 204.032181, 0.999936
5, 21,16,139.522064, 139.537796, 119.125229, 53.188473,22.189606, 204.032181, 0.999887
5, 21,17,111.833633, 111.831154, 119.125229, 53.188473,22.189606, 204.032181, 1.000022
5, 21,18,182.693985, 182.711014, 119.125229, 53.188473,22.189606, 204.032181, 0.999907
5, 21,19,103.159134, 103.162613, 119.125229, 53.188473,22.189606, 204.032181, 0.999966
5, 21,20,149.317505, 149.320190, 119.125229, 53.188473,22.189606, 204.032181, 0.999982
5, 21,21,67.144600, 67.150635, 119.125229, 53.188473,22.189606, 204.032181, 0.999910
5, 21,22,22.189606, 22.185596, 119.125229, 53.188473,22.189606, 204.032181, 1.000181
5, 21,23,109.756165, 109.742706, 119.125229, 53.188473,22.189606, 204.032181, 1.000123
5, 21,24,76.547958, 76.551643, 119.125229, 53.188473,22.189606, 204.032181, 0.999952
5, 21,25,117.917519, 117.908829, 119.125229, 53.188473,22.189606, 204.032181, 1.000074
5, 21,26,162.216568, 162.214035, 119.125229, 53.188473,22.189606, 204.032181, 1.000016
5, 21,27,38.984558, 38.983925, 119.125229, 53.188473,22.189606, 204.032181, 1.000016
5, 21,28,124.590500, 124.591835, 119.125229, 53.188473,22.189606, 204.032181, 0.999989
5, 21,29,195.736267, 195.725922, 119.125229, 53.188473,22.189606, 204.032181, 1.000053
5, 21,30,75.399071, 75.389381, 119.125229, 53.188473,22.189606, 204.032181, 1.000129
5, 21,31,199.351593, 199.345901, 119.125229, 53.188473,22.189606, 204.032181, 1.000029
5, 22,0,114.602478, 114.609718, 119.123810, 59.721851,13.294972, 207.095749, 0.999937
5, 22,1,84.559067, 84.567398, 119.123810, 59.721851,13.294972, 207.095749, 0.999901
5, 22,2,186.903351, 186.896423, 119.123810, 59.721851,13.294972, 207.095749, 1.000037
5, 22,3,82.096176, 82.099159, 119.123810, 59.721851,13.294972, 207.095749, 0.999964
5, 22,4,163.834045, 163.835342, 119.123810, 59.721851,13.294972, 207.095749, 0.999992
5, 22,5,188.662125, 188.656860, 119.123810, 59.721851,13.294972, 207.095749, 1.000028
5, 22,6,92.304565, 92.316940, 119.123810, 59.721851,13.294972, 207.095749, 0.999866
5, 22,7,163.825623, 163.823242, 119.123810, 59.721851,13.294972, 207.095749, 1.000015
5, 22,8,162.667191, 162.667770, 119.123810, 59.721851,13.294972, 207.095749, 0.999996
5, 22,9,149.685928, 149.685333, 119.123810, 59.721851,13.294972, 207.095749, 1.000004
5, 22,10,52.027870, 52.032639, 119.123810, 59.721851,13.294972, 207.095749, 0.999908
5, 22,11,24.086996, 24.089525, 119.123810, 59.721851,13.294972, 207.095749, 0.999895
5, 22,12,190.078476, 190.096664, 119.123810, 59.721851,13.294972, 207.095749, 0.999904
5, 22,13,203.937561, 203.950256, 119.123810, 59.721851,13.294972, 207.095749, 0.999938
5, 22,14,18.950047, 18.953411, 119.123810, 59.721851,13.294972, 207.095749, 0.999822
5, 22,15,98.507225, 98.511734, 119.123810, 59.721851,13.294972, 207.095749, 0.999954
5, 22,16,137.670471, 137.664764, 119.123810, 59.721851,13.294972, 207.095749, 1.000041
5, 22,17,154.201614, 154.186218, 119.123810, 59.721851,13.294972, 207.095749, 1.000100
5, 22,18,71.175957, 71.179626, 119.123810, 59.721851,13.294972, 207.095749, 0.999948
5, 22,19,207.095749, 207.102097, 119.123810, 59.721851,13.294972, 207.095749, 0.999969
5, 22,20,85.114510, 85.105812, 119.123810, 59.721851,13.294972, 207.095749, 1.000102
5, 22,21,51.716362, 51.718060, 119.123810, 59.721851,13.294972, 207.095749, 0.999967
5, 22,22,75.363991, 75.365959, 119.123810, 59.721851,13.294972, 207.095749, 0.999974
5, 22,23,192.456039, 192.449951, 119.123810, 59.721851,13.294972, 207.095749, 1.000032
5, 22,24,95.498589, 95.499039, 119.123810, 59.721851,13.294972, 207.095749, 0.999995
5, 22,25,42.657646, 42.655754, 119.123810, 59.721851,13.294972, 207.095749, 1.000044
5, 22,26,73.737999, 73.738617, 119.123810, 59.721851,13.294972, 207.095749, 0.999992
5, 22,27,171.107025, 171.106964, 119.123810, 59.721851,13.294972, 207.095749, 1.000000
5, 22,28,179.708557, 179.715546, 119.123810, 59.721851,13.294972, 207.095749, 0.999961
5, 22,29,103.012260, 103.018692, 119.123810, 59.721851,13.294972, 207.095749, 0.999938
5, 22,30,13.294972, 13.284934, 119.123810, 59.721851,13.294972, 207.095749, 1.000756
5, 22,31,181.421509, 181.415497, 119.123810, 59.721851,13.294972, 207.095749, 1.000033
5, 23,0,103.247826, 103.252434, 119.121796, 61.112263,15.381148, 235.918839, 0.999955
5, 23,1,104.275177, 104.262794, 119.121796, 61.112263,15.381148, 235.918839, 1.000119
5, 23,2,129.803680, 129.806534, 119.121796, 61.112263,15.381148, 235.918839, 0.999978
5, 23,3,117.191399, 117.184090, 119.121796, 61.112263,15.381148, 235.918839, 1.000062
5, 23,4,96.797249, 96.798904, 119.121796, 61.112263,15.381148, 235.918839, 0.999983
5, 23,5,47.985630, 47.981194, 119.121796, 61.112263,15.381148, 235.918839, 1.000093
5, 23,6,96.172180, 96.172760, 119.121796, 61.112263,15.381148, 235.918839, 0.999994
5, 23,7,15.381148, 15.386242, 119.121796, 61.112263,15.381148, 235.918839, 0.999669
5, 23,8,176.484055, 176.482559, 119.121796, 61.112263,15.381148, 235.918839, 1.000008
5, 23,9,189.576828, 189.595963, 119.121796, 61.112263,15.381148, 235.918839, 0.999899
5, 23,10,118.106728, 118.123306, 119.121796, 61.112263,15.381148, 235.918839, 0.999860
5, 23,11,137.867523, 137.868103, 119.121796, 61.112263,15.381148, 235.918839, 0.999996
5, 23,12,20.424448, 20.430954, 119.121796, 61.112263,15.381148, 235.918839, 0.999682
5, 23,13,25.815908, 25.824310, 119.121796, 61.112263,15.381148, 235.918839, 0.999675
5, 23,14,166.865784, 166.869858, 119.121796, 61.112263,15.381148, 235.918839, 0.999976
5, 23,15,174.013306, 174.027802, 119.121796, 61.112263,15.381148, 235.918839, 0.999917
5, 23,16,235.918839, 235.909119, 119.121796, 61.112263,15.381148, 235.918839, 1.000041
5, 23,17,224.049484, 224.055099, 119.121796, 61.112263,15.381148, 235.918839, 0.999975
5, 23,18,215.359970, 215.367386, 119.121796, 61.112263,15.381148, 235.918839, 0.999966
5, 23,19,225.125809, 225.122391, 119.121796, 61.112263,15.381148, 235.918839, 1.000015
5, 23,20,108.921951, 108.916168, 119.121796, 61.112263,15.381148, 235.918839, 1.000053
5, 23,21,76.654930, 76.655640, 119.121796, 61.112263,15.381148, 235.918839, 0.999991
5, 23,22,93.768456, 93.774925, 119.121796, 61.112263,15.381148, 235.918839, 0.999931
5, 23,23,101.367920, 101.374008, 119.121796, 61.112263,15.381148, 235.918839, 0.999940
5, 23,24,91.924454, 91.910728, 119.121796, 61.112263,15.381148, 235.918839, 1.000149
5, 23,25,92.450859, 92.479950, 119.121796, 61.112263,15.381148, 235.918839, 0.999685
5, 23,26,21.105501, 21.114017, 119.121796, 61.112263,15.381148, 235.918839, 0.999597
5, 23,27,87.546555, 87.541969, 119.121796, 61.112263,15.381148, 235.918839, 1.000052
5, 23,28,118.963295, 118.977135, 119.121796, 61.112263,15.381148, 235.918839, 0.999884
5, 23,29,86.022079, 86.012192, 119.121796, 61.112263,15.381148, 235.918839, 1.000115
5, 23,30,188.392212, 188.393494, 119.121796, 61.112263,15.381148, 235.918839, 0.999993
5, 23,31,124.315941, 124.327797, 119.121796, 61.112263,15.381148, 235.918839, 0.999905
5, 24,0,115.269806, 115.259102, 119.124084, 62.899178,13.109632, 241.580078, 1.000093
5, 24,1,29.512840, 29.508675, 119.124084, 62.899178,13.109632, 241.580078, 1.000141
5, 24,2,229.599426, 229.603088, 119.124084, 62.899178,13.109632, 241.580078, 0.999984
5, 24,3,68.353096, 68.359604, 119.124084, 62.899178,13.109632, 241.580078, 0.999905
5, 24,4,43.309734, 43.313766, 119.124084, 62.899178,13.109632, 241.580078, 0.999907
5, 24,5,87.264519, 87.263130, 119.124084, 62.899178,13.109632, 241.580078, 1.000016
5, 24,6,135.951782, 135.962952, 119.124084, 62.899178,13.109632, 241.580078, 0.999918
5, 24,7,54.698757, 54.698238, 119.124084, 62.899178,13.109632, 241.580078, 1.000010
5, 24,8,143.599350, 143.595474, 119.124084, 62.899178,13.109632, 241.580078, 1.000027
5, 24,9,98.971489, 98.972878, 119.124084, 62.899178,13.109632, 241.580078, 0.999986
5, 24,10,170.690262, 170.683716, 119.124084, 62.899178,13.109632, 241.580078, 1.000038
5, 24,11,188.832977, 188.830780, 119.124084, 62.899178,13.109632, 241.580078, 1.000012
5, 24,12,161.583633, 161.583694, 119.124084, 62.899178,13.109632, 241.580078, 1.000000
5, 24,13,87.558762, 87.550575, 119.124084, 62.899178,13.109632, 241.580078, 1.000093
5, 24,14,131.978745, 131.976501, 119.124084, 62.899178,13.109632, 241.580078, 1.000017
5, 24,15,111.870895, 111.870239, 119.124084, 62.899178,13.109632, 241.580078, 1.000006
5, 24,16,224.728439, 224.724030, 119.124084, 62.899178,13.109632, 241.580078, 1.000020
5, 24,17,163.647034, 163.663910, 119.124084, 62.899178,13.109632, 241.580078, 0.999897
5, 24,18,68.013351, 68.026772, 119.124084, 62.899178,13.109632, 241.580078, 0.999803
5, 24,19,149.943863, 149.949585, 119.124084, 62.899178,13.109632, 241.580078, 0.999962
5, 24,20,49.420258, 49.425831, 119.124084, 62.899178,13.109632, 241.580078, 0.999887
5, 24,21,208.984634, 208.990005, 119.124084, 62.899178,13.109632, 241.580078, 0.999974
5, 24,22,142.654495, 142.665054, 119.124084, 62.899178,13.109632, 241.580078, 0.999926
5, 24,23,13.109632, 13.093853, 119.124084, 62.899178,13.109632, 241.580078, 1.001205
5, 24,24,25.033377, 25.038094, 119.124084, 62.899178,13.109632, 241.580078, 0.999812
5, 24,25,125.479225, 125.478653, 119.124084, 62.899178,13.109632, 241.580078, 1.000005
5, 24,26,42.587692, 42.602707, 119.124084, 62.899178,13.109632, 241.580078, 0.999648
5, 24,27,108.752075, 108.738556, 119.124084, 62.899178,13.109632, 241.580078, 1.000124
5, 24,28,154.657990, 154.654678, 119.124084, 62.899178,13.109632, 241.580078, 1.000021
5, 24,29,69.558258, 69.562355, 119.124084, 62.899178,13.109632, 241.580078, 0.999941
5, 24,30,164.774414, 164.783447, 119.124084, 62.899178,13.109632, 241.580078, 0.999945
5, 24,31,241.580078, 241.570007, 119.124084, 62.899178,13.109632, 241.580078, 1.000042
5, 25,0,119.381813, 119.393578, 119.126038, 56.113022,13.286419, 208.017960, 0.999901
5, 25,1,175.972839, 175.970337, 119.126038, 56.113022,13.286419, 208.017960, 1.000014
5, 25,2,208.017960, 208.009399, 119.126038, 56.113022,13.286419, 208.017960, 1.000041
5, 25,3,13.286419, 13.286846, 119.126038, 56.113022,13.286419, 208.017960, 0.999968
5, 25,4,77.650200, 77.659859, 119.126038, 56.113022,13.286419, 208.017960, 0.999876
5, 25,5,166.361969, 166.349396, 119.126038, 56.113022,13.286419, 208.017960, 1.000076
5, 25,6,169.885117, 169.881989, 119.126038, 56.113022,13.286419, 208.017960, 1.000018
5, 25,7,132.453751, 132.448822, 119.126038, 56.113022,13.286419, 208.017960, 1.000037
5, 25,8,93.164383, 93.154121, 119.126038, 56.113022,13.286419, 208.017960, 1.000110
5, 25,9,53.483448, 53.484657, 119.126038, 56.113022,13.286419, 208.017960, 0.999977
5, 25,10,166.928696, 166.926895, 119.126038, 56.113022,13.286419, 208.017960, 1.000011
5, 25,11,170.714401, 170.729813, 119.126038, 56.113022,13.286419, 208.017960, 0.999910
5, 25,12,57.131943, 57.146263, 119.126038, 56.113022,13.286419, 208.017960, 0.999749
5, 25,13,27.663622, 27.644524, 119.126038, 56.113022,13.286419, 208.017960, 1.000691
5, 25,14,136.846756, 136.872238, 119.126038, 56.113022,13.286419, 208.017960, 0.999814
5, 25,15,98.062866, 98.032166, 119.126038, 56.113022,13.286419, 208.017960, 1.000313
5, 25,16,207.464828, 207.462616, 119.126038, 56.113022,13.286419, 208.017960, 1.000011
5, 25,17,39.911118, 39.913364, 119.126038, 56.113022,13.286419, 208.017960, 0.999944
5, 25,18,145.174606, 145.153870, 119.126038, 56.113022,13.286419, 208.017960, 1.000143
5, 25,19,62.554104, 62.577236, 119.126038, 56.113022,13.286419, 208.017960, 0.999630
5, 25,20,173.101730, 173.082825, 119.126038, 56.113022,13.286419, 208.017960, 1.000109
5, 25,21,76.591003, 76.590874, 119.126038, 56.113022,13.286419, 208.017960, 1.000002
5, 25,22,90.247635, 90.254318, 119.126038, 56.113022,13.286419, 208.017960, 0.999926
5, 25,23,92.181358, 92.189568, 119.126038, 56.113022,13.286419, 208.017960, 0.999911
5, 25,24,197.363342, 197.356339, 119.126038, 56.113022,13.286419, 208.017960, 1.000036
5, 25,25,138.238098, 138.248413, 119.126038, 56.113022,13.286419, 208.017960, 0.999925
5, 25,26,93.601395, 93.590309, 119.126038, 56.113022,13.286419, 208.017960, 1.000118
5, 25,27,157.728287, 157.736023, 119.126038, 56.113022,13.286419, 208.017960, 0.999951
5, 25,28,66.999573, 66.988373, 119.126038, 56.113022,13.286419, 208.017960, 1.000167
5, 25,29,55.684513, 55.690224, 119.126038, 56.113022,13.286419, 208.017960, 0.999897
5, 25,30,170.998413, 171.000122, 119.126038, 56.113022,13.286419, 208.017960, 0.999990
5, 25,31,177.187103, 177.174484, 119.126038, 56.113022,13.286419, 208.017960, 1.000071
5, 26,0,35.678497, 35.689369, 119.121895, 64.206169,14.628365, 234.776337, 0.999695
5, 26,1,219.207962, 219.220367, 119.121895, 64.206169,14.628365, 234.776337, 0.999943
5, 26,2,118.036659, 118.044472, 119.121895, 64.206169,14.628365, 234.776337, 0.999934
5, 26,3,49.261894, 49.260830, 119.121895, 64.206169,14.628365, 234.776337, 1.000022
5, 26,4,48.811932, 48.808949, 119.121895, 64.206169,14.628365, 234.776337, 1.000061
5, 26,5,76.094917, 76.102493, 119.121895, 64.206169,14.628365, 234.776337, 0.999900
5, 26,6,95.623451, 95.623695, 119.121895, 64.206169,14.628365, 234.776337, 0.999997
5, 26,7,59.050632, 59.044029, 119.121895, 64.206169,14.628365, 234.776337, 1.000112
5, 26,8,234.776337, 234.780090, 119.121895, 64.206169,14.628365, 234.776337, 0.999984
5, 26,9,224.230789, 224.236221, 119.121895, 64.206169,14.628365, 234.776337, 0.999976
5, 26,10,140.227997, 140.224243, 119.121895, 64.206169,14.628365, 234.776337, 1.000027
5, 26,11,14.628365, 14.631769, 119.121895, 64.206169,14.628365, 234.776337, 0.999767
5, 26,12,119.607178, 119.610992, 119.121895, 64.206169,14.628365, 234.776337, 0.999968
5, 26,13,21.776867, 21.786533, 119.121895, 64.206169,14.628365, 234.776337, 0.999556
5, 26,14,101.460342, 101.468018, 119.121895, 64.206169,14.628365, 234.776337, 0.999924
5, 26,15,54.947979, 54.946983, 119.121895, 64.206169,14.628365, 234.776337, 1.000018
5, 26,16,99.759865, 99.765930, 119.121895, 64.206169,14.628365, 234.776337, 0.999939
5, 26,17,158.314255, 158.322037, 119.121895, 64.206169,14.628365, 234.776337, 0.999951
5, 26,18,47.469036, 47.475903, 119.121895, 64.206169,14.628365, 234.776337, 0.999855
5, 26,19,104.927132, 104.924896, 119.121895, 64.206169,14.628365, 234.776337, 1.000021
5, 26,20,135.969070, 135.969025, 119.121895, 64.206169,14.628365, 234.776337, 1.000000
5, 26,21,187.844345, 187.837311, 119.121895, 64.206169,14.628365, 234.776337, 1.000037
5, 26,22,169.690948, 169.709396, 119.121895, 64.206169,14.628365, 234.776337, 0.999891
5, 26,23,191.825241, 191.813858, 119.121895, 64.206169,14.628365, 234.776337, 1.000059
5, 26,24,192.352188, 192.348572, 119.121895, 64.206169,14.628365, 234.776337, 1.000019
5, 26,25,203.603088, 203.607925, 119.121895, 64.206169,14.628365, 234.776337, 0.999976
5, 26,26,107.969940, 107.967560, 119.121895, 64.206169,14.628365, 234.776337, 1.000022
5, 26,27,33.257133, 33.256748, 119.121895, 64.206169,14.628365, 234.776337, 1.000012
5, 26,28,145.832443, 145.850159, 119.121895, 64.206169,14.628365, 234.776337, 0.999879
5, 26,29,153.682373, 153.667664, 119.121895, 64.206169,14.628365, 234.776337, 1.000096
5, 26,30,171.056061, 171.072571, 119.121895, 64.206169,14.628365, 234.776337, 0.999904
5, 26,31,94.925629, 94.930817, 119.121895, 64.206169,14.628365, 234.776337, 0.999945
5, 27,0,226.304306, 226.308655, 119.124519, 66.630264,13.255558, 231.934570, 0.999981
5, 27,1,44.246727, 44.244396, 119.124519, 66.630264,13.255558, 231.934570, 1.000053
5, 27,2,144.667923, 144.661896, 119.124519, 66.630264,13.255558, 231.934570, 1.000042
5, 27,3,22.976898, 22.981586, 119.124519, 66.630264,13.255558, 231.934570, 0.999796
5, 27,4,181.901169, 181.881409, 119.124519, 66.630264,13.255558, 231.934570, 1.000109
5, 27,5,205.188950, 205.191528, 119.124519, 66.630264,13.255558, 231.934570, 0.999987
5, 27,6,121.092949, 121.091095, 119.124519, 66.630264,13.255558, 231.934570, 1.000015
5, 27,7,104.177895, 104.191261, 119.124519, 66.630264,13.255558, 231.934570, 0.999872
5, 27,8,13.255558, 13.266483, 119.124519, 66.630264,13.255558, 231.934570, 0.999177
5, 27,9,166.554398, 166.553482, 119.124519, 66.630264,13.255558, 231.934570, 1.000005
5, 27,10,65.065285, 65.070145, 119.124519, 66.630264,13.255558, 231.934570, 0.999925
5, 27,11,174.132065, 174.144608, 119.124519, 66.630264,13.255558, 231.934570, 0.999928
5, 27,12,180.646957, 180.646896, 119.124519, 66.630264,13.255558, 231.934570, 1.000000
5, 27,13,42.654301, 42.641827, 119.124519, 66.630264,13.255558, 231.934570, 1.000293
5, 27,14,48.447296, 48.446350, 119.124519, 66.630264,13.255558, 231.934570, 1.000020
5, 27,15,154.831909, 154.829422, 119.124519, 66.630264,13.255558, 231.934570, 1.000016
5, 27,16,128.617737, 128.620865, 119.124519, 66.630264,13.255558, 231.934570, 0.999976
5, 27,17,224.913574, 224.913116, 119.124519, 66.630264,13.255558, 231.934570, 1.000002
5, 27,18,83.130211, 83.127815, 119.124519, 66.630264,13.255558, 231.934570, 1.000029
5, 27,19,95.081116, 95.074249, 119.124519, 66.630264,13.255558, 231.934570, 1.000072
5, 27,20,85.204025, 85.221123, 119.124519, 66.630264,13.255558, 231.934570, 0.999799
5, 27,21,36.231140, 36.239212, 119.124519, 66.630264,13.255558, 231.934570, 0.999777
5, 27,22,43.789539, 43.791996, 119.124519, 66.630264,13.255558, 231.934570, 0.999944
5, 27,23,182.508667, 182.517853, 119.124519, 66.630264,13.255558, 231.934570, 0.999950
5, 27,24,178.143738, 178.139542, 119.124519, 66.630264,13.255558, 231.934570, 1.000024
5, 27,25,162.454956, 162.458893, 119.124519, 66.630264,13.255558, 231.934570, 0.999976
5, 27,26,68.148026, 68.129593, 119.124519, 66.630264,13.255558, 231.934570, 1.000271
5, 27,27,76.807770, 76.809540, 119.124519, 66.630264,13.255558, 231.934570, 0.999977
5, 27,28,79.516953, 79.508606, 119.124519, 66.630264,13.255558, 231.934570, 1.000105
5, 27,29,231.934570, 231.936798, 119.124519, 66.630264,13.255558, 231.934570, 0.999990
5, 27,30,186.148941, 186.144714, 119.124519, 66.630264,13.255558, 231.934570, 1.000023
5, 27,31,53.209309, 53.215721, 119.124519, 66.630264,13.255558, 231.934570, 0.999879
5, 28,0,236.973480, 236.973755, 119.125450, 68.512215,10.922643, 240.412949, 0.999999
5, 28,1,116.883797, 116.881859, 119.125450, 68.512215,10.922643, 240.412949, 1.000017
5, 28,2,61.644859, 61.638592, 119.125450, 68.512215,10.922643, 240.412949, 1.000102
5, 28,3,36.378677, 36.377419, 119.125450, 68.512215,10.922643, 240.412949, 1.000035
5, 28,4,221.784775, 221.780075, 119.125450, 68.512215,10.922643, 240.412949, 1.000021
5, 28,5,144.280258, 144.261749, 119.125450, 68.512215,10.922643, 240.412949, 1.000128
5, 28,6,129.199600, 129.188934, 119.125450, 68.512215,10.922643, 240.412949, 1.000083
5, 28,7,31.195353, 31.201469, 119.125450, 68.512215,10.922643, 240.412949, 0.999804
5, 28,8,34.798733, 34.806145, 119.125450, 68.512215,10.922643, 240.412949, 0.999787
5, 28,9,142.790619, 142.797134, 119.125450, 68.512215,10.922643, 240.412949, 0.999954
5, 28,10,204.903259, 204.915588, 119.125450, 68.512215,10.922643, 240.412949, 0.999940
5, 28,11,10.922643, 10.931386, 119.125450, 68.512215,10.922643, 240.412949, 0.999200
5, 28,12,75.987259, 75.993309, 119.125450, 68.512215,10.922643, 240.412949, 0.999920
5, 28,13,138.657028, 138.637909, 119.125450, 68.512215,10.922643, 240.412949, 1.000138
5, 28,14,143.585251, 143.579224, 119.125450, 68.512215,10.922643, 240.412949, 1.000042
5, 28,15,29.170803, 29.168064, 119.125450, 68.512215,10.922643, 240.412949, 1.000094
5, 28,16,49.511871, 49.502132, 119.125450, 68.512215,10.922643, 240.412949, 1.000197
5, 28,17,143.024109, 143.024643, 119.125450, 68.512215,10.922643, 240.412949, 0.999996
5, 28,18,94.041817, 94.038017, 119.125450, 68.512215,10.922643, 240.412949, 1.000040
5, 28,19,139.962234, 139.967438, 119.125450, 68.512215,10.922643, 240.412949, 0.999963
5, 28,20,38.519707, 38.531693, 119.125450, 68.512215,10.922643, 240.412949, 0.999689
5, 28,21,218.636688, 218.630432, 119.125450, 68.512215,10.922643, 240.412949, 1.000029
5, 28,22,212.823212, 212.835938, 119.125450, 68.512215,10.922643, 240.412949, 0.999940
5, 28,23,121.331322, 121.339706, 119.125450, 68.512215,10.922643, 240.412949, 0.999931
5, 28,24,82.611565, 82.612549, 119.125450, 68.512215,10.922643, 240.412949, 0.999988
5, 28,25,145.940674, 145.946777, 119.125450, 68.512215,10.922643, 240.412949, 0.999958
5, 28,26,179.876190, 179.874817, 119.125450, 68.512215,10.922643, 240.412949, 1.000008
5, 28,27,25.487524, 25.485178, 119.125450, 68.512215,10.922643, 240.412949, 1.000092
5, 28,28,70.278648, 70.269913, 119.125450, 68.512215,10.922643, 240.412949, 1.000124
5, 28,29,240.412949, 240.407791, 119.125450, 68.512215,10.922643, 240.412949, 1.000021
5, 28,30,154.181992, 154.187057, 119.125450, 68.512215,10.922643, 240.412949, 0.999967
5, 28,31,136.217606, 136.213440, 119.125450, 68.512215,10.922643, 240.412949, 1.000031
5, 29,0,12.543014, 12.531008, 119.127182, 72.830711,12.543014, 241.965485, 1.000958
5, 29,1,96.061798, 96.061470, 119.127182, 72.830711,12.543014, 241.965485, 1.000003
5, 29,2,32.323227, 32.326080, 119.127182, 72.830711,12.543014, 241.965485, 0.999912
5, 29,3,197.129623, 197.129227, 119.127182, 72.830711,12.543014, 241.965485, 1.000002
5, 29,4,182.182129, 182.173264, 119.127182, 72.830711,12.543014, 241.965485, 1.000049
5, 29,5,61.894253, 61.878479, 119.127182, 72.830711,12.543014, 241.965485, 1.000255
5, 29,6,43.828159, 43.816280, 119.127182, 72.830711,12.543014, 241.965485, 1.000271
5, 29,7,206.207062, 206.203461, 119.127182, 72.830711,12.543014, 241.965485, 1.000017
5, 29,8,241.965485, 241.968338, 119.127182, 72.830711,12.543014, 241.965485, 0.999988
5, 29,9,146.503326, 146.494690, 119.127182, 72.830711,12.543014, 241.965485, 1.000059
5, 29,10,14.477113, 14.486787, 119.127182, 72.830711,12.543014, 241.965485, 0.999332
5, 29,11,105.216812, 105.221992, 119.127182, 72.830711,12.543014, 241.965485, 0.999951
5, 29,12,129.362122, 129.374420, 119.127182, 72.830711,12.543014, 241.965485, 0.999905
5, 29,13,201.754532, 201.738251, 119.127182, 72.830711,12.543014, 241.965485, 1.000081
5, 29,14,100.432587, 100.433212, 119.127182, 72.830711,12.543014, 241.965485, 0.999994
5, 29,15,173.318726, 173.314728, 119.127182, 72.830711,12.543014, 241.965485, 1.000023
5, 29,16,181.020416, 181.015625, 119.127182, 72.830711,12.543014, 241.965485, 1.000026
5, 29,17,54.445774, 54.450829, 119.127182, 72.830711,12.543014, 241.965485, 0.999907
5, 29,18,78.025032, 78.042412, 119.127182, 72.830711,12.543014, 241.965485, 0.999777
5, 29,19,129.827347, 129.813019, 119.127182, 72.830711,12.543014, 241.965485, 1.000110
5, 29,20,205.916870, 205.915848, 119.127182, 72.830711,12.543014, 241.965485, 1.000005
5, 29,21,195.780945, 195.777435, 119.127182, 72.830711,12.543014, 241.965485, 1.000018
5, 29,22,15.159547, 15.162682, 119.127182, 72.830711,12.543014, 241.965485, 0.999793
5, 29,23,213.054901, 213.048676, 119.127182, 72.830711,12.543014, 241.965485, 1.000029
5, 29,24,166.128922, 166.131561, 119.127182, 72.830711,12.543014, 241.965485, 0.999984
5, 29,25,239.899475, 239.904709, 119.127182, 72.830711,12.543014, 241.965485, 0.999978
5, 29,26,94.229362, 94.213539, 119.127182, 72.830711,12.543014, 241.965485, 1.000168
5, 29,27,91.246567, 91.236732, 119.127182, 72.830711,12.543014, 241.965485, 1.000108
5, 29,28,57.124157, 57.132835, 119.127182, 72.830711,12.543014, 241.965485, 0.999848
5, 29,29,19.231487, 19.218048, 119.127182, 72.830711,12.543014, 241.965485, 1.000699
5, 29,30,65.735077, 65.739700, 119.127182, 72.830711,12.543014, 241.965485, 0.999930
5, 29,31,60.043777, 60.044933, 119.127182, 72.830711,12.543014, 241.965485, 0.999981
5, 30,0,195.126022, 195.134888, 119.121292, 57.723400,22.055012, 202.540161, 0.999955
5, 30,1,46.706047, 46.715527, 119.121292, 57.723400,22.055012, 202.540161, 0.999797
5, 30,2,90.714241, 90.732224, 119.121292, 57.723400,22.055012, 202.540161, 0.999802
5, 30,3,123.135925, 123.117363, 119.121292, 57.723400,22.055012, 202.540161, 1.000151
5, 30,4,197.262711, 197.267166, 119.121292, 57.723400,22.055012, 202.540161, 0.999977
5, 30,5,116.687477, 116.708611, 119.121292, 57.723400,22.055012, 202.540161, 0.999819
5, 30,6,26.131811, 26.141655, 119.121292, 57.723400,22.055012, 202.540161, 0.999623
5, 30,7,131.081482, 131.077377, 119.121292, 57.723400,22.055012, 202.540161, 1.000031
5, 30,8,176.153946, 176.154221, 119.121292, 57.723400,22.055012, 202.540161, 0.999998
5, 30,9,69.383362, 69.385712, 119.121292, 57.723400,22.055012, 202.540161, 0.999966
5, 30,10,22.055012, 22.068806, 119.121292, 57.723400,22.055012, 202.540161, 0.999375
5, 30,11,52.826260, 52.824799, 119.121292, 57.723400,22.055012, 202.540161, 1.000028
5, 30,12,109.274956, 109.281654, 119.121292, 57.723400,22.055012, 202.540161, 0.999939
5, 30,13,146.457306, 146.452377, 119.121292, 57.723400,22.055012, 202.540161, 1.000034
5, 30,14,106.725891, 106.730141, 119.121292, 57.723400,22.055012, 202.540161, 0.999960
5, 30,15,193.225525, 193.242218, 119.121292, 57.723400,22.055012, 202.540161, 0.999914
5, 30,16,170.345886, 170.344437, 119.121292, 57.723400,22.055012, 202.540161, 1.000008
5, 30,17,192.565536, 192.577393, 119.121292, 57.723400,22.055012, 202.540161, 0.999938
5, 30,18,139.443680, 139.438705, 119.121292, 57.723400,22.055012, 202.540161, 1.000036
5, 30,19,144.985443, 144.996933, 119.121292, 57.723400,22.055012, 202.540161, 0.999921
5, 30,20,46.224266, 46.230377, 119.121292, 57.723400,22.055012, 202.540161, 0.999868
5, 30,21,158.988846, 158.994370, 119.121292, 57.723400,22.055012, 202.540161, 0.999965
5, 30,22,188.749710, 188.750107, 119.121292, 57.723400,22.055012, 202.540161, 0.999998
5, 30,23,33.700562, 33.694389, 119.121292, 57.723400,22.055012, 202.540161, 1.000183
5, 30,24,34.475655, 34.485001, 119.121292, 57.723400,22.055012, 202.540161, 0.999729
5, 30,25,172.064972, 172.063416, 119.121292, 57.723400,22.055012, 202.540161, 1.000009
5, 30,26,56.988007, 56.987488, 119.121292, 57.723400,22.055012, 202.540161, 1.000009
5, 30,27,202.540161, 202.537888, 119.121292, 57.723400,22.055012, 202.540161, 1.000011
5, 30,28,149.407089, 149.399216, 119.121292, 57.723400,22.055012, 202.540161, 1.000053
5, 30,29,99.287117, 99.279228, 119.121292, 57.723400,22.055012, 202.540161, 1.000080
5, 30,30,116.108917, 116.109673, 119.121292, 57.723400,22.055012, 202.540161, 0.999994
5, 30,31,103.057983, 103.076553, 119.121292, 57.723400,22.055012, 202.540161, 0.999820
5, 31,0,42.358944, 42.364624, 119.123985, 74.241211,13.413031, 222.396606, 0.999866
5, 31,1,17.868221, 17.877069, 119.123985, 74.241211,13.413031, 222.396606, 0.999505
5, 31,2,27.948771, 27.957106, 119.123985, 74.241211,13.413031, 222.396606, 0.999702
5, 31,3,218.320251, 218.320724, 119.123985, 74.241211,13.413031, 222.396606, 0.999998
5, 31,4,72.219978, 72.225586, 119.123985, 74.241211,13.413031, 222.396606, 0.999922
5, 31,5,152.072891, 152.074890, 119.123985, 74.241211,13.413031, 222.396606, 0.999987
5, 31,6,58.934177, 58.929352, 119.123985, 74.241211,13.413031, 222.396606, 1.000082
5, 31,7,222.396606, 222.406342, 119.123985, 74.241211,13.413031, 222.396606, 0.999956
5, 31,8,73.919502, 73.918671, 119.123985, 74.241211,13.413031, 222.396606, 1.000011
5, 31,9,46.989388, 46.986279, 119.123985, 74.241211,13.413031, 222.396606, 1.000066
5, 31,10,206.082047, 206.090027, 119.123985, 74.241211,13.413031, 222.396606, 0.999961
5, 31,11,190.332642, 190.342407, 119.123985, 74.241211,13.413031, 222.396606, 0.999949
5, 31,12,83.597595, 83.593407, 119.123985, 74.241211,13.413031, 222.396606, 1.000050
5, 31,13,65.355576, 65.348679, 119.123985, 74.241211,13.413031, 222.396606, 1.000106
5, 31,14,216.749100, 216.745300, 119.123985, 74.241211,13.413031, 222.396606, 1.000018
5, 31,15,194.155334, 194.160019, 119.123985, 74.241211,13.413031, 222.396606, 0.999976
5, 31,16,122.531616, 122.514626, 119.123985, 74.241211,13.413031, 222.396606, 1.000139
5, 31,17,181.137207, 181.144882, 119.123985, 74.241211,13.413031, 222.396606, 0.999958
5, 31,18,162.825912, 162.808624, 119.123985, 74.241211,13.413031, 222.396606, 1.000106
5, 31,19,143.752167, 143.753311, 119.123985, 74.241211,13.413031, 222.396606, 0.999992
5, 31,20,191.220627, 191.224899, 119.123985, 74.241211,13.413031, 222.396606, 0.999978
5, 31,21,23.847004, 23.838802, 119.123985, 74.241211,13.413031, 222.396606, 1.000344
5, 31,22,13.413031, 13.425382, 119.123985, 74.241211,13.413031, 222.396606, 0.999080
5, 31,23,24.673214, 24.675537, 119.123985, 74.241211,13.413031, 222.396606, 0.999906
5, 31,24,118.539474, 118.546669, 119.123985, 74.241211,13.413031, 222.396606, 0.999939
5, 31,25,214.972794, 214.986862, 119.123985, 74.241211,13.413031, 222.396606, 0.999935
5, 31,26,43.139359, 43.142529, 119.123985, 74.241211,13.413031, 222.396606, 0.999927
5, 31,27,199.902481, 199.899490, 119.123985, 74.241211,13.413031, 222.396606, 1.000015
5, 31,28,75.394753, 75.382950, 119.123985, 74.241211,13.413031, 222.396606, 1.000157
5, 31,29,211.058289, 211.064667, 119.123985, 74.241211,13.413031, 222.396606, 0.999970
5, 31,30,154.354965, 154.362839, 119.123985, 74.241211,13.413031, 222.396606, 0.999949
5, 31,31,41.903294, 41.887428, 119.123985, 74.241211,13.413031, 222.396606, 1.000379
5, 32,0,103.013611, 103.019135, 119.123260, 70.974106,10.861224, 229.254135, 0.999946
5, 32,1,189.193863, 189.190063, 119.123260, 70.974106,10.861224, 229.254135, 1.000020
5, 32,2,160.954132, 160.951401, 119.123260, 70.974106,10.861224, 229.254135, 1.000017
5, 32,3,126.848495, 126.845726, 119.123260, 70.974106,10.861224, 229.254135, 1.000022
5, 32,4,89.184929, 89.187393, 119.123260, 70.974106,10.861224, 229.254135, 0.999972
5, 32,5,226.564453, 226.564194, 119.123260, 70.974106,10.861224, 229.254135, 1.000001
5, 32,6,151.670929, 151.680603, 119.123260, 70.974106,10.861224, 229.254135, 0.999936
5, 32,7,18.007074, 18.018890, 119.123260, 70.974106,10.861224, 229.254135, 0.999344
5, 32,8,88.020287, 88.030235, 119.123260, 70.974106,10.861224, 229.254135, 0.999887
5, 32,9,99.511284, 99.513824, 119.123260, 70.974106,10.861224, 229.254135, 0.999974
5, 32,10,51.820717, 51.806503, 119.123260, 70.974106,10.861224, 229.254135, 1.000274
5, 32,11,165.750885, 165.742432, 119.123260, 70.974106,10.861224, 229.254135, 1.000051
5, 32,12,229.254135, 229.264206, 119.123260, 70.974106,10.861224, 229.254135, 0.999956
5, 32,13,197.624222, 197.628510, 119.123260, 70.974106,10.861224, 229.254135, 0.999978
5, 32,14,14.814717, 14.818102, 119.123260, 70.974106,10.861224, 229.254135, 0.999772
5, 32,15,22.981445, 22.979099, 119.123260, 70.974106,10.861224, 229.254135, 1.000102
5, 32,16,85.213600, 85.215157, 119.123260, 70.974106,10.861224, 229.254135, 0.999982
5, 32,17,138.438080, 138.437592, 119.123260, 70.974106,10.861224, 229.254135, 1.000004
5, 32,18,86.962997, 86.967812, 119.123260, 70.974106,10.861224, 229.254135, 0.999945
5, 32,19,204.686493, 204.700027, 119.123260, 70.974106,10.861224, 229.254135, 0.999934
5, 32,20,95.662186, 95.663406, 119.123260, 70.974106,10.861224, 229.254135, 0.999987
5, 32,21,63.901466, 63.912659, 119.123260, 70.974106,10.861224, 229.254135, 0.999825
5, 32,22,225.670120, 225.664185, 119.123260, 70.974106,10.861224, 229.254135, 1.000026
5, 32,23,21.085733, 21.091106, 119.123260, 70.974106,10.861224, 229.254135, 0.999745
5, 32,24,15.268410, 15.271490, 119.123260, 70.974106,10.861224, 229.254135, 0.999798
5, 32,25,226.018677, 226.002518, 119.123260, 70.974106,10.861224, 229.254135, 1.000072
5, 32,26,129.528915, 129.539001, 119.123260, 70.974106,10.861224, 229.254135, 0.999922
5, 32,27,10.861224, 10.866176, 119.123260, 70.974106,10.861224, 229.254135, 0.999544
5, 32,28,100.272026, 100.271729, 119.123260, 70.974106,10.861224, 229.254135, 1.000003
5, 32,29,115.110703, 115.111755, 119.123260, 70.974106,10.861224, 229.254135, 0.999991
5, 32,30,217.448990, 217.449036, 119.123260, 70.974106,10.861224, 229.254135, 1.000000
5, 32,31,140.600143, 140.596268, 119.123260, 70.974106,10.861224, 229.254135, 1.000028
5, 33,0,252.667831, 252.670197, 119.126526, 73.902473,20.250248, 265.776367, 0.999991
5, 33,1,55.467171, 55.473099, 119.126526, 73.902473,20.250248, 265.776367, 0.999893
5, 33,2,120.236389, 120.212982, 119.126526, 73.902473,20.250248, 265.776367, 1.000195
5, 33,3,220.372116, 220.375092, 119.126526, 73.902473,20.250248, 265.776367, 0.999986
5, 33,4,184.959946, 184.944992, 119.126526, 73.902473,20.250248, 265.776367, 1.000081
5, 33,5,52.026787, 52.015152, 119.126526, 73.902473,20.250248, 265.776367, 1.000224
5, 33,6,146.007019, 146.009689, 119.126526, 73.902473,20.250248, 265.776367, 0.999982
5, 33,7,103.234886, 103.230476, 119.126526, 73.902473,20.250248, 265.776367, 1.000043
5, 33,8,119.790161, 119.771881, 119.126526, 73.902473,20.250248, 265.776367, 1.000153
5, 33,9,265.776367, 265.777283, 119.126526, 73.902473,20.250248, 265.776367, 0.999997
5, 33,10,47.319511, 47.344177, 119.126526, 73.902473,20.250248, 265.776367, 0.999479
5, 33,11,76.508301, 76.512184, 119.126526, 73.902473,20.250248, 265.776367, 0.999949
5, 33,12,91.793839, 91.785400, 119.126526, 73.902473,20.250248, 265.776367, 1.000092
5, 33,13,31.380550, 31.393545, 119.126526, 73.902473,20.250248, 265.776367, 0.999586
5, 33,14,20.250248, 20.239914, 119.126526, 73.902473,20.250248, 265.776367, 1.000511
5, 33,15,177.376434, 177.375320, 119.126526, 73.902473,20.250248, 265.776367, 1.000006
5, 33,16,49.650238, 49.644226, 119.126526, 73.902473,20.250248, 265.776367, 1.000121
5, 33,17,225.971588, 225.951904, 119.126526, 73.902473,20.250248, 265.776367, 1.000087
5, 33,18,39.329910, 39.333416, 119.126526, 73.902473,20.250248, 265.776367, 0.999911
5, 33,19,20.287228, 20.279297, 119.126526, 73.902473,20.250248, 265.776367, 1.000391
5, 33,20,82.847031, 82.868805, 119.126526, 73.902473,20.250248, 265.776367, 0.999737
5, 33,21,39.532196, 39.522461, 119.126526, 73.902473,20.250248, 265.776367, 1.000246
5, 33,22,157.606049, 157.596558, 119.126526, 73.902473,20.250248, 265.776367, 1.000060
5, 33,23,253.021774, 253.024673, 119.126526, 73.902473,20.250248, 265.776367, 0.999989
5, 33,24,86.702164, 86.704834, 119.126526, 73.902473,20.250248, 265.776367, 0.999969
5, 33,25,77.956177, 77.945770, 119.126526, 73.902473,20.250248, 265.776367, 1.000134
5, 33,26,135.080612, 135.076599, 119.126526, 73.902473,20.250248, 265.776367, 1.000030
5, 33,27,89.273880, 89.264809, 119.126526, 73.902473,20.250248, 265.776367, 1.000102
5, 33,28,98.841774, 98.843071, 119.126526, 73.902473,20.250248, 265.776367, 0.999987
5, 33,29,94.111549, 94.132713, 119.126526, 73.902473,20.250248, 265.776367, 0.999775
5, 33,30,211.519470, 211.513641, 119.126526, 73.902473,20.250248, 265.776367, 1.000028
5, 33,31,185.150223, 185.165543, 119.126526, 73.902473,20.250248, 265.776367, 0.999917
5, 34,0,73.713333, 73.721008, 119.124367, 61.675579,18.302031, 214.386368, 0.999896
5, 34,1,132.350952, 132.364853, 119.124367, 61.675579,18.302031, 214.386368, 0.999895
5, 34,2,51.718906, 51.730354, 119.124367, 61.675579,18.302031, 214.386368, 0.999779
5, 34,3,100.894432, 100.882637, 119.124367, 61.675579,18.302031, 214.386368, 1.000117
5, 34,4,149.812088, 149.809814, 119.124367, 61.675579,18.302031, 214.386368, 1.000015
5, 34,5,47.238194, 47.259689, 119.124367, 61.675579,18.302031, 214.386368, 0.999545
5, 34,6,63.640915, 63.641701, 119.124367, 61.675579,18.302031, 214.386368, 0.999988
5, 34,7,32.240158, 32.247017, 119.124367, 61.675579,18.302031, 214.386368, 0.999787
5, 34,8,80.278236, 80.286324, 119.124367, 61.675579,18.302031, 214.386368, 0.999899
5, 34,9,155.721237, 155.718582, 119.124367, 61.675579,18.302031, 214.386368, 1.000017
5, 34,10,154.265060, 154.261734, 119.124367, 61.675579,18.302031, 214.386368, 1.000022
5, 34,11,214.386368, 214.374939, 119.124367, 61.675579,18.302031, 214.386368, 1.000053
5, 34,12,32.389763, 32.372070, 119.124367, 61.675579,18.302031, 214.386368, 1.000547
5, 34,13,189.098602, 189.082870, 119.124367, 61.675579,18.302031, 214.386368, 1.000083
5, 34,14,123.204666, 123.204689, 119.124367, 61.675579,18.302031, 214.386368, 1.000000
5, 34,15,67.199455, 67.205727, 119.124367, 61.675579,18.302031, 214.386368, 0.999907
5, 34,16,65.187492, 65.198624, 119.124367, 61.675579,18.302031, 214.386368, 0.999829
5, 34,17,198.159592, 198.136734, 119.124367, 61.675579,18.302031, 214.386368, 1.000115
5, 34,18,55.541237, 55.544487, 119.124367, 61.675579,18.302031, 214.386368, 0.999941
5, 34,19,159.983612, 159.982925, 119.124367, 61.675579,18.302031, 214.386368, 1.000004
5, 34,20,197.888931, 197.892899, 119.124367, 61.675579,18.302031, 214.386368, 0.999980
5, 34,21,169.654724, 169.637054, 119.124367, 61.675579,18.302031, 214.386368, 1.000104
5, 34,22,165.968491, 165.960480, 119.124367, 61.675579,18.302031, 214.386368, 1.000048
5, 34,23,40.829018, 40.844444, 119.124367, 61.675579,18.302031, 214.386368, 0.999622
5, 34,24,82.618523, 82.631073, 119.124367, 61.675579,18.302031, 214.386368, 0.999848
5, 34,25,213.144974, 213.149414, 119.124367, 61.675579,18.302031, 214.386368, 0.999979
5, 34,26,161.516830, 161.514832, 119.124367, 61.675579,18.302031, 214.386368, 1.000012
5, 34,27,174.154205, 174.151489, 119.124367, 61.675579,18.302031, 214.386368, 1.000016
5, 34,28,81.945374, 81.949539, 119.124367, 61.675579,18.302031, 214.386368, 0.999949
5, 34,29,18.302031, 18.309805, 119.124367, 61.675579,18.302031, 214.386368, 0.999575
5, 34,30,178.230896, 178.234482, 119.124367, 61.675579,18.302031, 214.386368, 0.999980
5, 34,31,180.701141, 180.698044, 119.124367, 61.675579,18.302031, 214.386368, 1.000017
5, 35,0,129.320984, 129.332901, 119.124916, 56.483524,21.217653, 232.350082, 0.999908
5, 35,1,78.748711, 78.744278, 119.124916, 56.483524,21.217653, 232.350082, 1.000056
5, 35,2,131.987488, 131.995453, 119.124916, 56.483524,21.217653, 232.350082, 0.999940
5, 35,3,21.217653, 21.213991, 119.124916, 56.483524,21.217653, 232.350082, 1.000173
5, 35,4,167.376816, 167.376236, 119.124916, 56.483524,21.217653, 232.350082, 1.000003
5, 35,5,71.309799, 71.279602, 119.124916, 56.483524,21.217653, 232.350082, 1.000424
5, 35,6,92.160873, 92.158951, 119.124916, 56.483524,21.217653, 232.350082, 1.000021
5, 35,7,221.749100, 221.741333, 119.124916, 56.483524,21.217653, 232.350082, 1.000035
5, 35,8,84.748856, 84.762199, 119.124916, 56.483524,21.217653, 232.350082, 0.999843
5, 35,9,37.203285, 37.196136, 119.124916, 56.483524,21.217653, 232.350082, 1.000192
5, 35,10,108.637367, 108.630142, 119.124916, 56.483524,21.217653, 232.350082, 1.000067
5, 35,11,108.477798, 108.473915, 119.124916, 56.483524,21.217653, 232.350082, 1.000036
5, 35,12,21.922371, 21.913593, 119.124916, 56.483524,21.217653, 232.350082, 1.000401
5, 35,13,100.451431, 100.459068, 119.124916, 56.483524,21.217653, 232.350082, 0.999924
5, 35,14,65.619591, 65.621658, 119.124916, 56.483524,21.217653, 232.350082, 0.999968
5, 35,15,39.277584, 39.294941, 119.124916, 56.483524,21.217653, 232.350082, 0.999558
5, 35,16,97.714844, 97.694626, 119.124916, 56.483524,21.217653, 232.350082, 1.000207
5, 35,17,221.903717, 221.911133, 119.124916, 56.483524,21.217653, 232.350082, 0.999967
5, 35,18,129.834793, 129.842316, 119.124916, 56.483524,21.217653, 232.350082, 0.999942
5, 35,19,145.385956, 145.376160, 119.124916, 56.483524,21.217653, 232.350082, 1.000067
5, 35,20,139.075348, 139.059387, 119.124916, 56.483524,21.217653, 232.350082, 1.000115
5, 35,21,147.875336, 147.882507, 119.124916, 56.483524,21.217653, 232.350082, 0.999951
5, 35,22,153.448502, 153.445343, 119.124916, 56.483524,21.217653, 232.350082, 1.000021
5, 35,23,147.027481, 147.033463, 119.124916, 56.483524,21.217653, 232.350082, 0.999959
5, 35,24,150.111816, 150.130722, 119.124916, 56.483524,21.217653, 232.350082, 0.999874
5, 35,25,33.918118, 33.922272, 119.124916, 56.483524,21.217653, 232.350082, 0.999878
5, 35,26,167.659607, 167.654724, 119.124916, 56.483524,21.217653, 232.350082, 1.000029
5, 35,27,126.300697, 126.303558, 119.124916, 56.483524,21.217653, 232.350082, 0.999977
5, 35,28,136.602783, 136.607361, 119.124916, 56.483524,21.217653, 232.350082, 0.999967
5, 35,29,109.086388, 109.085220, 119.124916, 56.483524,21.217653, 232.350082, 1.000011
5, 35,30,193.491669, 193.505997, 119.124916, 56.483524,21.217653, 232.350082, 0.999926
5, 35,31,232.350082, 232.350815, 119.124916, 56.483524,21.217653, 232.350082, 0.999997
5, 36,0,15.402286, 15.389688, 119.125397, 61.149143,15.402286, 215.873627, 1.000819
5, 36,1,78.292625, 78.290459, 119.125397, 61.149143,15.402286, 215.873627, 1.000028
5, 36,2,145.398834, 145.399353, 119.125397, 61.149143,15.402286, 215.873627, 0.999996
5, 36,3,73.101601, 73.090324, 119.125397, 61.149143,15.402286, 215.873627, 1.000154
5, 36,4,215.873627, 215.876007, 119.125397, 61.149143,15.402286, 215.873627, 0.999989
5, 36,5,209.979172, 209.987152, 119.125397, 61.149143,15.402286, 215.873627, 0.999962
5, 36,6,119.925919, 119.916801, 119.125397, 61.149143,15.402286, 215.873627, 1.000076
5, 36,7,29.441223, 29.442057, 119.125397, 61.149143,15.402286, 215.873627, 0.999972
5, 36,8,18.431381, 18.447847, 119.125397, 61.149143,15.402286, 215.873627, 0.999107
5, 36,9,126.568497, 126.576508, 119.125397, 61.149143,15.402286, 215.873627, 0.999937
5, 36,10,133.088226, 133.090881, 119.125397, 61.149143,15.402286, 215.873627, 0.999980
5, 36,11,39.945469, 39.943420, 119.125397, 61.149143,15.402286, 215.873627, 1.000051
5, 36,12,164.019791, 164.013687, 119.125397, 61.149143,15.402286, 215.873627, 1.000037
5, 36,13,40.648743, 40.644775, 119.125397, 61.149143,15.402286, 215.873627, 1.000098
5, 36,14,212.454376, 212.451385, 119.125397, 61.149143,15.402286, 215.873627, 1.000014
5, 36,15,200.048660, 200.048141, 119.125397, 61.149143,15.402286, 215.873627, 1.000003
5, 36,16,142.686432, 142.682388, 119.125397, 61.149143,15.402286, 215.873627, 1.000028
5, 36,17,185.511215, 185.515564, 119.125397, 61.149143,15.402286, 215.873627, 0.999977
5, 36,18,130.907303, 130.892044, 119.125397, 61.149143,15.402286, 215.873627, 1.000117
5, 36,19,83.141464, 83.149391, 119.125397, 61.149143,15.402286, 215.873627, 0.999905
5, 36,20,106.549194, 106.534195, 119.125397, 61.149143,15.402286, 215.873627, 1.000141
5, 36,21,71.858398, 71.870850, 119.125397, 61.149143,15.402286, 215.873627, 0.999827
5, 36,22,109.729309, 109.731361, 119.125397, 61.149143,15.402286, 215.873627, 0.999981
5, 36,23,177.088867, 177.086670, 119.125397, 61.149143,15.402286, 215.873627, 1.000012
5, 36,24,209.302994, 209.304764, 119.125397, 61.149143,15.402286, 215.873627, 0.999992
5, 36,25,80.553078, 80.565117, 119.125397, 61.149143,15.402286, 215.873627, 0.999851
5, 36,26,103.576897, 103.577133, 119.125397, 61.149143,15.402286, 215.873627, 0.999998
5, 36,27,121.554535, 121.559608, 119.125397, 61.149143,15.402286, 215.873627, 0.999958
5, 36,28,19.184561, 19.193432, 119.125397, 61.149143,15.402286, 215.873627, 0.999538
5, 36,29,144.286972, 144.280975, 119.125397, 61.149143,15.402286, 215.873627, 1.000042
5, 36,30,158.041840, 158.030060, 119.125397, 61.149143,15.402286, 215.873627, 1.000075
5, 36,31,145.419601, 145.418304, 119.125397, 61.149143,15.402286, 215.873627, 1.000009
5, 37,0,126.071625, 126.062004, 119.122910, 49.893421,17.862619, 194.383835, 1.000076
5, 37,1,99.422180, 99.430351, 119.122910, 49.893421,17.862619, 194.383835, 0.999918
5, 37,2,82.103882, 82.091034, 119.122910, 49.893421,17.862619, 194.383835, 1.000157
5, 37,3,186.221512, 186.239639, 119.122910, 49.893421,17.862619, 194.383835, 0.999903
5, 37,4,144.628433, 144.634766, 119.122910, 49.893421,17.862619, 194.383835, 0.999956
5, 37,5,21.179310, 21.183983, 119.122910, 49.893421,17.862619, 194.383835, 0.999779
5, 37,6,123.699112, 123.695938, 119.122910, 49.893421,17.862619, 194.383835, 1.000026
5, 37,7,62.809555, 62.812595, 119.122910, 49.893421,17.862619, 194.383835, 0.999952
5, 37,8,107.337715, 107.346916, 119.122910, 49.893421,17.862619, 194.383835, 0.999914
5, 37,9,39.946400, 39.952438, 119.122910, 49.893421,17.862619, 194.383835, 0.999849
5, 37,10,19.152771, 19.155922, 119.122910, 49.893421,17.862619, 194.383835, 0.999835
5, 37,11,143.519943, 143.537704, 119.122910, 49.893421,17.862619, 194.383835, 0.999876
5, 37,12,142.221283, 142.227173, 119.122910, 49.893421,17.862619, 194.383835, 0.999959
5, 37,13,174.798080, 174.800674, 119.122910, 49.893421,17.862619, 194.383835, 0.999985
5, 37,14,153.483093, 153.482330, 119.122910, 49.893421,17.862619, 194.383835, 1.000005
5, 37,15,181.260117, 181.276230, 119.122910, 49.893421,17.862619, 194.383835, 0.999911
5, 37,16,112.932648, 112.932968, 119.122910, 49.893421,17.862619, 194.383835, 0.999997
5, 37,17,67.459633, 67.461716, 119.122910, 49.893421,17.862619, 194.383835, 0.999969
5, 37,18,114.279312, 114.267227, 119.122910, 49.893421,17.862619, 194.383835, 1.000106
5, 37,19,142.746689, 142.760880, 119.122910, 49.893421,17.862619, 194.383835, 0.999901
5, 37,20,141.764130, 141.764633, 119.122910, 49.893421,17.862619, 194.383835, 0.999996
5, 37,21,158.008698, 157.995056, 119.122910, 49.893421,17.862619, 194.383835, 1.000086
5, 37,22,143.903061, 143.893509, 119.122910, 49.893421,17.862619, 194.383835, 1.000066
5, 37,23,151.006699, 151.015442, 119.122910, 49.893421,17.862619, 194.383835, 0.999942
5, 37,24,126.561165, 126.548256, 119.122910, 49.893421,17.862619, 194.383835, 1.000102
5, 37,25,49.346886, 49.363354, 119.122910, 49.893421,17.862619, 194.383835, 0.999666
5, 37,26,143.554077, 143.561432, 119.122910, 49.893421,17.862619, 194.383835, 0.999949
5, 37,27,194.383835, 194.381561, 119.122910, 49.893421,17.862619, 194.383835, 1.000012
5, 37,28,152.078110, 152.076904, 119.122910, 49.893421,17.862619, 194.383835, 1.000008
5, 37,29,17.862619, 17.875042, 119.122910, 49.893421,17.862619, 194.383835, 0.999305
5, 37,30,121.324883, 121.312065, 119.122910, 49.893421,17.862619, 194.383835, 1.000106
5, 37,31,166.865738, 166.860413, 119.122910, 49.893421,17.862619, 194.383835, 1.000032
5, 38,0,99.707970, 99.716942, 119.125862, 51.789818,41.467709, 199.542755, 0.999910
5, 38,1,63.386688, 63.385429, 119.125862, 51.789818,41.467709, 199.542755, 1.000020
5, 38,2,48.962784, 48.972118, 119.125862, 51.789818,41.467709, 199.542755, 0.999809
5, 38,3,121.749428, 121.745163, 119.125862, 51.789818,41.467709, 199.542755, 1.000035
5, 38,4,172.707382, 172.715820, 119.125862, 51.789818,41.467709, 199.542755, 0.999951
5, 38,5,130.597046, 130.587723, 119.125862, 51.789818,41.467709, 199.542755, 1.000071
5, 38,6,109.858253, 109.850845, 119.125862, 51.789818,41.467709, 199.542755, 1.000067
5, 38,7,152.688141, 152.673843, 119.125862, 51.789818,41.467709, 199.542755, 1.000094
5, 38,8,41.467709, 41.467236, 119.125862, 51.789818,41.467709, 199.542755, 1.000011
5, 38,9,161.259521, 161.250031, 119.125862, 51.789818,41.467709, 199.542755, 1.000059
5, 38,10,75.679413, 75.673515, 119.125862, 51.789818,41.467709, 199.542755, 1.000078
5, 38,11,139.940765, 139.934097, 119.125862, 51.789818,41.467709, 199.542755, 1.000048
5, 38,12,61.194641, 61.202297, 119.125862, 51.789818,41.467709, 199.542755, 0.999875
5, 38,13,111.968430, 111.941330, 119.125862, 51.789818,41.467709, 199.542755, 1.000242
5, 38,14,140.965027, 140.964828, 119.125862, 51.789818,41.467709, 199.542755, 1.000001
5, 38,15,161.208466, 161.215286, 119.125862, 51.789818,41.467709, 199.542755, 0.999958
5, 38,16,197.222626, 197.222519, 119.125862, 51.789818,41.467709, 199.542755, 1.000001
5, 38,17,155.747009, 155.742981, 119.125862, 51.789818,41.467709, 199.542755, 1.000026
5, 38,18,53.765785, 53.784275, 119.125862, 51.789818,41.467709, 199.542755, 0.999656
5, 38,19,75.544113, 75.534546, 119.125862, 51.789818,41.467709, 199.542755, 1.000127
5, 38,20,52.391701, 52.388695, 119.125862, 51.789818,41.467709, 199.542755, 1.000057
5, 38,21,54.345474, 54.357567, 119.125862, 51.789818,41.467709, 199.542755, 0.999778
5, 38,22,169.237122, 169.223984, 119.125862, 51.789818,41.467709, 199.542755, 1.000078
5, 38,23,181.589020, 181.581558, 119.125862, 51.789818,41.467709, 199.542755, 1.000041
5, 38,24,46.779034, 46.771610, 119.125862, 51.789818,41.467709, 199.542755, 1.000159
5, 38,25,196.888657, 196.898239, 119.125862, 51.789818,41.467709, 199.542755, 0.999951
5, 38,26,159.481140, 159.489624, 119.125862, 51.789818,41.467709, 199.542755, 0.999947
5, 38,27,177.519958, 177.522202, 119.125862, 51.789818,41.467709, 199.542755, 0.999987
5, 38,28,102.751282, 102.751328, 119.125862, 51.789818,41.467709, 199.542755, 1.000000
5, 38,29,65.453735, 65.452744, 119.125862, 51.789818,41.467709, 199.542755, 1.000015
5, 38,30,130.426193, 130.431366, 119.125862, 51.789818,41.467709, 199.542755, 0.999960
5, 38,31,199.542755, 199.550415, 119.125862, 51.789818,41.467709, 199.542755, 0.999962
5, 39,0,82.547050, 82.551079, 119.127266, 71.045105,14.258533, 259.830963, 0.999951
5, 39,1,50.097713, 50.094841, 119.127266, 71.045105,14.258533, 259.830963, 1.000057
5, 39,2,92.264175, 92.264374, 119.127266, 71.045105,14.258533, 259.830963, 0.999998
5, 39,3,39.215618, 39.202755, 119.127266, 71.045105,14.258533, 259.830963, 1.000328
5, 39,4,125.769737, 125.757950, 119.127266, 71.045105,14.258533, 259.830963, 1.000094
5, 39,5,27.029987, 27.029699, 119.127266, 71.045105,14.258533, 259.830963, 1.000011
5, 39,6,140.010635, 140.013550, 119.127266, 71.045105,14.258533, 259.830963, 0.999979
5, 39,7,95.572861, 95.572861, 119.127266, 71.045105,14.258533, 259.830963, 1.000000
5, 39,8,239.476852, 239.488358, 119.127266, 71.045105,14.258533, 259.830963, 0.999952
5, 39,9,55.015903, 55.006500, 119.127266, 71.045105,14.258533, 259.830963, 1.000171
5, 39,10,188.444778, 188.438568, 119.127266, 71.045105,14.258533, 259.830963, 1.000033
5, 39,11,211.646957, 211.637299, 119.127266, 71.045105,14.258533, 259.830963, 1.000046
5, 39,12,222.374329, 222.364349, 119.127266, 71.045105,14.258533, 259.830963, 1.000045
5, 39,13,145.737778, 145.742508, 119.127266, 71.045105,14.258533, 259.830963, 0.999968
5, 39,14,48.070389, 48.059452, 119.127266, 71.045105,14.258533, 259.830963, 1.000228
5, 39,15,259.830963, 259.834412, 119.127266, 71.045105,14.258533, 259.830963, 0.999987
5, 39,16,98.559914, 98.567009, 119.127266, 71.045105,14.258533, 259.830963, 0.999928
5, 39,17,143.370010, 143.361328, 119.127266, 71.045105,14.258533, 259.830963, 1.000061
5, 39,18,50.407391, 50.401333, 119.127266, 71.045105,14.258533, 259.830963, 1.000120
5, 39,19,40.440563, 40.452278, 119.127266, 71.045105,14.258533, 259.830963, 0.999710
5, 39,20,14.258533, 14.243671, 119.127266, 71.045105,14.258533, 259.830963, 1.001043
5, 39,21,67.242477, 67.250282, 119.127266, 71.045105,14.258533, 259.830963, 0.999884
5, 39,22,180.113235, 180.108383, 119.127266, 71.045105,14.258533, 259.830963, 1.000027
5, 39,23,114.640884, 114.637955, 119.127266, 71.045105,14.258533, 259.830963, 1.000026
5, 39,24,216.895737, 216.886871, 119.127266, 71.045105,14.258533, 259.830963, 1.000041
5, 39,25,206.088104, 206.081238, 119.127266, 71.045105,14.258533, 259.830963, 1.000033
5, 39,26,211.610168, 211.605865, 119.127266, 71.045105,14.258533, 259.830963, 1.000020
5, 39,27,139.301788, 139.298401, 119.127266, 71.045105,14.258533, 259.830963, 1.000024
5, 39,28,31.408064, 31.406971, 119.127266, 71.045105,14.258533, 259.830963, 1.000035
5, 39,29,101.691124, 101.694756, 119.127266, 71.045105,14.258533, 259.830963, 0.999964
5, 39,30,85.524864, 85.529503, 119.127266, 71.045105,14.258533, 259.830963, 0.999946
5, 39,31,87.413498, 87.415581, 119.127266, 71.045105,14.258533, 259.830963, 0.999976
5, 40,0,22.336933, 22.338530, 119.124519, 60.012772,17.984457, 217.185562, 0.999929
5, 40,1,57.079811, 57.082561, 119.124519, 60.012772,17.984457, 217.185562, 0.999952
5, 40,2,120.267464, 120.268478, 119.124519, 60.012772,17.984457, 217.185562, 0.999992
5, 40,3,66.934441, 66.947052, 119.124519, 60.012772,17.984457, 217.185562, 0.999812
5, 40,4,79.730057, 79.734833, 119.124519, 60.012772,17.984457, 217.185562, 0.999940
5, 40,5,216.751663, 216.755783, 119.124519, 60.012772,17.984457, 217.185562, 0.999981
5, 40,6,181.672638, 181.670059, 119.124519, 60.012772,17.984457, 217.185562, 1.000014
5, 40,7,80.978035, 80.981346, 119.124519, 60.012772,17.984457, 217.185562, 0.999959
5, 40,8,204.668839, 204.664017, 119.124519, 60.012772,17.984457, 217.185562, 1.000024
5, 40,9,165.754517, 165.762848, 119.124519, 60.012772,17.984457, 217.185562, 0.999950
5, 40,10,205.976013, 205.980133, 119.124519, 60.012772,17.984457, 217.185562, 0.999980
5, 40,11,146.623260, 146.622314, 119.124519, 60.012772,17.984457, 217.185562, 1.000006
5, 40,12,126.942314, 126.937614, 119.124519, 60.012772,17.984457, 217.185562, 1.000037
5, 40,13,95.183044, 95.180138, 119.124519, 60.012772,17.984457, 217.185562, 1.000031
5, 40,14,130.724365, 130.721436, 119.124519, 60.012772,17.984457, 217.185562, 1.000022
5, 40,15,59.437721, 59.442699, 119.124519, 60.012772,17.984457, 217.185562, 0.999916
5, 40,16,80.508377, 80.513107, 119.124519, 60.012772,17.984457, 217.185562, 0.999941
5, 40,17,130.172897, 130.177277, 119.124519, 60.012772,17.984457, 217.185562, 0.999966
5, 40,18,105.736046, 105.728004, 119.124519, 60.012772,17.984457, 217.185562, 1.000076
5, 40,19,178.306641, 178.303864, 119.124519, 60.012772,17.984457, 217.185562, 1.000016
5, 40,20,192.019852, 192.021774, 119.124519, 60.012772,17.984457, 217.185562, 0.999990
5, 40,21,116.917244, 116.914940, 119.124519, 60.012772,17.984457, 217.185562, 1.000020
5, 40,22,17.984457, 17.985243, 119.124519, 60.012772,17.984457, 217.185562, 0.999956
5, 40,23,181.455109, 181.461243, 119.124519, 60.012772,17.984457, 217.185562, 0.999966
5, 40,24,195.307037, 195.312057, 119.124519, 60.012772,17.984457, 217.185562, 0.999974
5, 40,25,90.192513, 90.194107, 119.124519, 60.012772,17.984457, 217.185562, 0.999982
5, 40,26,84.307335, 84.309578, 119.124519, 60.012772,17.984457, 217.185562, 0.999973
5, 40,27,217.185562, 217.186050, 119.124519, 60.012772,17.984457, 217.185562, 0.999998
5, 40,28,48.628300, 48.622761, 119.124519, 60.012772,17.984457, 217.185562, 1.000114
5, 40,29,106.563309, 106.563225, 119.124519, 60.012772,17.984457, 217.185562, 1.000001
5, 40,30,30.299208, 30.285809, 119.124519, 60.012772,17.984457, 217.185562, 1.000442
5, 40,31,75.339302, 75.330933, 119.124519, 60.012772,17.984457, 217.185562, 1.000111
5, 41,0,65.290024, 65.292999, 119.124222, 67.902069,13.176815, 228.098419, 0.999954
5, 41,1,103.859955, 103.871414, 119.124222, 67.902069,13.176815, 228.098419, 0.999890
5, 41,2,80.831886, 80.829262, 119.124222, 67.902069,13.176815, 228.098419, 1.000032
5, 41,3,210.440277, 210.445633, 119.124222, 67.902069,13.176815, 228.098419, 0.999975
5, 41,4,75.098091, 75.080635, 119.124222, 67.902069,13.176815, 228.098419, 1.000232
5, 41,5,89.818832, 89.826797, 119.124222, 67.902069,13.176815, 228.098419, 0.999911
5, 41,6,223.941986, 223.945358, 119.124222, 67.902069,13.176815, 228.098419, 0.999985
5, 41,7,153.409119, 153.422607, 119.124222, 67.902069,13.176815, 228.098419, 0.999912
5, 41,8,228.098419, 228.100159, 119.124222, 67.902069,13.176815, 228.098419, 0.999992
5, 41,9,182.280212, 182.281479, 119.124222, 67.902069,13.176815, 228.098419, 0.999993
5, 41,10,147.694168, 147.687607, 119.124222, 67.902069,13.176815, 228.098419, 1.000044
5, 41,11,14.640431, 14.645211, 119.124222, 67.902069,13.176815, 228.098419, 0.999674
5, 41,12,146.824539, 146.829391, 119.124222, 67.902069,13.176815, 228.098419, 0.999967
5, 41,13,23.984165, 23.976501, 119.124222, 67.902069,13.176815, 228.098419, 1.000320
5, 41,14,148.528595, 148.525375, 119.124222, 67.902069,13.176815, 228.098419, 1.000022
5, 41,15,226.510712, 226.526794, 119.124222, 67.902069,13.176815, 228.098419, 0.999929
5, 41,16,36.746765, 36.754238, 119.124222, 67.902069,13.176815, 228.098419, 0.999797
5, 41,17,181.627975, 181.627609, 119.124222, 67.902069,13.176815, 228.098419, 1.000002
5, 41,18,221.613388, 221.622757, 119.124222, 67.902069,13.176815, 228.098419, 0.999958
5, 41,19,69.556999, 69.556786, 119.124222, 67.902069,13.176815, 228.098419, 1.000003
5, 41,20,129.289536, 129.283859, 119.124222, 67.902069,13.176815, 228.098419, 1.000044
5, 41,21,50.917557, 50.907829, 119.124222, 67.902069,13.176815, 228.098419, 1.000191
5, 41,22,13.176815, 13.167190, 119.124222, 67.902069,13.176815, 228.098419, 1.000731
5, 41,23,75.261848, 75.250916, 119.124222, 67.902069,13.176815, 228.098419, 1.000145
5, 41,24,85.041588, 85.031738, 119.124222, 67.902069,13.176815, 228.098419, 1.000116
5, 41,25,120.905518, 120.912933, 119.124222, 67.902069,13.176815, 228.098419, 0.999939
5, 41,26,201.111893, 201.121140, 119.124222, 67.902069,13.176815, 228.098419, 0.999954
5, 41,27,143.508759, 143.519180, 119.124222, 67.902069,13.176815, 228.098419, 0.999927
5, 41,28,94.064621, 94.056534, 119.124222, 67.902069,13.176815, 228.098419, 1.000086
5, 41,29,40.362125, 40.357342, 119.124222, 67.902069,13.176815, 228.098419, 1.000118
5, 41,30,178.171692, 178.174362, 119.124222, 67.902069,13.176815, 228.098419, 0.999985
5, 41,31,49.366859, 49.368504, 119.124222, 67.902069,13.176815, 228.098419, 0.999967
5, 42,0,178.730469, 178.718735, 119.124962, 66.991623,10.800714, 251.834534, 1.000066
5, 42,1,117.530052, 117.525566, 119.124962, 66.991623,10.800714, 251.834534, 1.000038
5, 42,2,206.116043, 206.119217, 119.124962, 66.991623,10.800714, 251.834534, 0.999985
5, 42,3,214.227142, 214.231827, 119.124962, 66.991623,10.800714, 251.834534, 0.999978
5, 42,4,251.834534, 251.836121, 119.124962, 66.991623,10.800714, 251.834534, 0.999994
5, 42,5,96.921875, 96.917732, 119.124962, 66.991623,10.800714, 251.834534, 1.000043
5, 42,6,135.420044, 135.419296, 119.124962, 66.991623,10.800714, 251.834534, 1.000005
5, 42,7,161.869492, 161.870590, 119.124962, 66.991623,10.800714, 251.834534, 0.999993
5, 42,8,29.590664, 29.584484, 119.124962, 66.991623,10.800714, 251.834534, 1.000209
5, 42,9,74.013466, 74.003662, 119.124962, 66.991623,10.800714, 251.834534, 1.000132
5, 42,10,223.393799, 223.390045, 119.124962, 66.991623,10.800714, 251.834534, 1.000017
5, 42,11,157.763397, 157.777191, 119.124962, 66.991623,10.800714, 251.834534, 0.999913
5, 42,12,10.800714, 10.815711, 119.124962, 66.991623,10.800714, 251.834534, 0.998613
5, 42,13,165.029846, 165.022202, 119.124962, 66.991623,10.800714, 251.834534, 1.000046
5, 42,14,21.319033, 21.301308, 119.124962, 66.991623,10.800714, 251.834534, 1.000832
5, 42,15,25.769695, 25.765472, 119.124962, 66.991623,10.800714, 251.834534, 1.000164
5, 42,16,66.938873, 66.936646, 119.124962, 66.991623,10.800714, 251.834534, 1.000033
5, 42,17,175.918289, 175.923080, 119.124962, 66.991623,10.800714, 251.834534, 0.999973
5, 42,18,28.352285, 28.360918, 119.124962, 66.991623,10.800714, 251.834534, 0.999696
5, 42,19,96.487312, 96.487625, 119.124962, 66.991623,10.800714, 251.834534, 0.999997
5, 42,20,160.470154, 160.469040, 119.124962, 66.991623,10.800714, 251.834534, 1.000007
5, 42,21,149.986771, 149.990860, 119.124962, 66.991623,10.800714, 251.834534, 0.999973
5, 42,22,200.760239, 200.765182, 119.124962, 66.991623,10.800714, 251.834534, 0.999975
5, 42,23,121.765312, 121.774681, 119.124962, 66.991623,10.800714, 251.834534, 0.999923
5, 42,24,109.202110, 109.197891, 119.124962, 66.991623,10.800714, 251.834534, 1.000039
5, 42,25,133.719238, 133.728546, 119.124962, 66.991623,10.800714, 251.834534, 0.999930
5, 42,26,76.822884, 76.821579, 119.124962, 66.991623,10.800714, 251.834534, 1.000017
5, 42,27,144.657913, 144.651672, 119.124962, 66.991623,10.800714, 251.834534, 1.000043
5, 42,28,43.718975, 43.725948, 119.124962, 66.991623,10.800714, 251.834534, 0.999840
5, 42,29,49.624062, 49.636147, 119.124962, 66.991623,10.800714, 251.834534, 0.999757
5, 42,30,39.639721, 39.639977, 119.124962, 66.991623,10.800714, 251.834534, 0.999994
5, 42,31,143.603897, 143.591248, 119.124962, 66.991623,10.800714, 251.834534, 1.000088
5, 43,0,133.913467, 133.912170, 119.124687, 52.934570,16.340561, 197.671066, 1.000010
5, 43,1,157.989426, 157.986252, 119.124687, 52.934570,16.340561, 197.671066, 1.000020
5, 43,2,159.514771, 159.514038, 119.124687, 52.934570,16.340561, 197.671066, 1.000005
5, 43,3,197.671066, 197.668015, 119.124687, 52.934570,16.340561, 197.671066, 1.000015
5, 43,4,16.340561, 16.342598, 119.124687, 52.934570,16.340561, 197.671066, 0.999875
5, 43,5,102.687874, 102.691063, 119.124687, 52.934570,16.340561, 197.671066, 0.999969
5, 43,6,62.391617, 62.390099, 119.124687, 52.934570,16.340561, 197.671066, 1.000024
5, 43,7,50.318214, 50.300964, 119.124687, 52.934570,16.340561, 197.671066, 1.000343
5, 43,8,148.383774, 148.385559, 119.124687, 52.934570,16.340561, 197.671066, 0.999988
5, 43,9,16.363291, 16.359961, 119.124687, 52.934570,16.340561, 197.671066, 1.000204
5, 43,10,115.325775, 115.324173, 119.124687, 52.934570,16.340561, 197.671066, 1.000014
5, 43,11,46.342484, 46.354202, 119.124687, 52.934570,16.340561, 197.671066, 0.999747
5, 43,12,137.549515, 137.546417, 119.124687, 52.934570,16.340561, 197.671066, 1.000023
5, 43,13,118.786133, 118.784828, 119.124687, 52.934570,16.340561, 197.671066, 1.000011
5, 43,14,161.608902, 161.614731, 119.124687, 52.934570,16.340561, 197.671066, 0.999964
5, 43,15,190.818863, 190.821930, 119.124687, 52.934570,16.340561, 197.671066, 0.999984
5, 43,16,131.505203, 131.498962, 119.124687, 52.934570,16.340561, 197.671066, 1.000047
5, 43,17,142.631561, 142.627441, 119.124687, 52.934570,16.340561, 197.671066, 1.000029
5, 43,18,191.913437, 191.909897, 119.124687, 52.934570,16.340561, 197.671066, 1.000018
5, 43,19,196.311249, 196.319611, 119.124687, 52.934570,16.340561, 197.671066, 0.999957
5, 43,20,137.333664, 137.338074, 119.124687, 52.934570,16.340561, 197.671066, 0.999968
5, 43,21,71.834213, 71.846123, 119.124687, 52.934570,16.340561, 197.671066, 0.999834
5, 43,22,143.682648, 143.674896, 119.124687, 52.934570,16.340561, 197.671066, 1.000054
5, 43,23,108.334145, 108.333435, 119.124687, 52.934570,16.340561, 197.671066, 1.000007
5, 43,24,160.531708, 160.520981, 119.124687, 52.934570,16.340561, 197.671066, 1.000067
5, 43,25,127.940086, 127.945717, 119.124687, 52.934570,16.340561, 197.671066, 0.999956
5, 43,26,61.001095, 61.006992, 119.124687, 52.934570,16.340561, 197.671066, 0.999903
5, 43,27,39.064362, 39.074100, 119.124687, 52.934570,16.340561, 197.671066, 0.999751
5, 43,28,173.763718, 173.773300, 119.124687, 52.934570,16.340561, 197.671066, 0.999945
5, 43,29,128.413559, 128.408691, 119.124687, 52.934570,16.340561, 197.671066, 1.000038
5, 43,30,51.904972, 51.915550, 119.124687, 52.934570,16.340561, 197.671066, 0.999796
5, 43,31,129.818405, 129.809143, 119.124687, 52.934570,16.340561, 197.671066, 1.000071
5, 44,0,169.692215, 169.690903, 119.123520, 58.706894,26.568005, 208.852188, 1.000008
5, 44,1,152.906494, 152.920837, 119.123520, 58.706894,26.568005, 208.852188, 0.999906
5, 44,2,153.318451, 153.330322, 119.123520, 58.706894,26.568005, 208.852188, 0.999923
5, 44,3,63.847576, 63.852791, 119.123520, 58.706894,26.568005, 208.852188, 0.999918
5, 44,4,192.691833, 192.696228, 119.123520, 58.706894,26.568005, 208.852188, 0.999977
5, 44,5,116.457375, 116.452324, 119.123520, 58.706894,26.568005, 208.852188, 1.000043
5, 44,6,44.735973, 44.737534, 119.123520, 58.706894,26.568005, 208.852188, 0.999965
5, 44,7,184.755966, 184.761002, 119.123520, 58.706894,26.568005, 208.852188, 0.999973
5, 44,8,175.003693, 175.014145, 119.123520, 58.706894,26.568005, 208.852188, 0.999940
5, 44,9,146.517822, 146.499451, 119.123520, 58.706894,26.568005, 208.852188, 1.000125
5, 44,10,36.695843, 36.690636, 119.123520, 58.706894,26.568005, 208.852188, 1.000142
5, 44,11,126.596123, 126.583855, 119.123520, 58.706894,26.568005, 208.852188, 1.000097
5, 44,12,104.497574, 104.502968, 119.123520, 58.706894,26.568005, 208.852188, 0.999948
5, 44,13,129.490173, 129.487427, 119.123520, 58.706894,26.568005, 208.852188, 1.000021
5, 44,14,208.342392, 208.343307, 119.123520, 58.706894,26.568005, 208.852188, 0.999996
5, 44,15,131.649841, 131.646500, 119.123520, 58.706894,26.568005, 208.852188, 1.000025
5, 44,16,152.841293, 152.833984, 119.123520, 58.706894,26.568005, 208.852188, 1.000048
5, 44,17,208.852188, 208.845856, 119.123520, 58.706894,26.568005, 208.852188, 1.000030
5, 44,18,85.453964, 85.455948, 119.123520, 58.706894,26.568005, 208.852188, 0.999977
5, 44,19,26.568005, 26.565317, 119.123520, 58.706894,26.568005, 208.852188, 1.000101
5, 44,20,37.818943, 37.819805, 119.123520, 58.706894,26.568005, 208.852188, 0.999977
5, 44,21,80.491936, 80.498764, 119.123520, 58.706894,26.568005, 208.852188, 0.999915
5, 44,22,67.694618, 67.687012, 119.123520, 58.706894,26.568005, 208.852188, 1.000112
5, 44,23,48.218483, 48.224312, 119.123520, 58.706894,26.568005, 208.852188, 0.999879
5, 44,24,128.497910, 128.500946, 119.123520, 58.706894,26.568005, 208.852188, 0.999976
5, 44,25,175.693085, 175.702805, 119.123520, 58.706894,26.568005, 208.852188, 0.999945
5, 44,26,40.296898, 40.295296, 119.123520, 58.706894,26.568005, 208.852188, 1.000040
5, 44,27,155.042633, 155.042694, 119.123520, 58.706894,26.568005, 208.852188, 1.000000
5, 44,28,182.445023, 182.459229, 119.123520, 58.706894,26.568005, 208.852188, 0.999922
5, 44,29,188.622406, 188.620041, 119.123520, 58.706894,26.568005, 208.852188, 1.000013
5, 44,30,55.682304, 55.688015, 119.123520, 58.706894,26.568005, 208.852188, 0.999897
5, 44,31,40.533680, 40.549675, 119.123520, 58.706894,26.568005, 208.852188, 0.999606
5, 45,0,42.181435, 42.168148, 119.121262, 47.401363,36.676563, 212.600449, 1.000315
5, 45,1,63.308212, 63.319893, 119.121262, 47.401363,36.676563, 212.600449, 0.999816
5, 45,2,144.445633, 144.452621, 119.121262, 47.401363,36.676563, 212.600449, 0.999952
5, 45,3,136.247589, 136.241867, 119.121262, 47.401363,36.676563, 212.600449, 1.000042
5, 45,4,212.600449, 212.619339, 119.121262, 47.401363,36.676563, 212.600449, 0.999911
5, 45,5,115.677643, 115.689987, 119.121262, 47.401363,36.676563, 212.600449, 0.999893
5, 45,6,68.967857, 68.974937, 119.121262, 47.401363,36.676563, 212.600449, 0.999897
5, 45,7,122.985100, 122.988441, 119.121262, 47.401363,36.676563, 212.600449, 0.999973
5, 45,8,136.854019, 136.860474, 119.121262, 47.401363,36.676563, 212.600449, 0.999953
5, 45,9,122.093155, 122.094879, 119.121262, 47.401363,36.676563, 212.600449, 0.999986
5, 45,10,162.481171, 162.492508, 119.121262, 47.401363,36.676563, 212.600449, 0.999930
5, 45,11,130.112854, 130.118164, 119.121262, 47.401363,36.676563, 212.600449, 0.999959
5, 45,12,36.676563, 36.675568, 119.121262, 47.401363,36.676563, 212.600449, 1.000027
5, 45,13,149.128632, 149.126617, 119.121262, 47.401363,36.676563, 212.600449, 1.000013
5, 45,14,179.321396, 179.338928, 119.121262, 47.401363,36.676563, 212.600449, 0.999902
5, 45,15,110.899307, 110.884766, 119.121262, 47.401363,36.676563, 212.600449, 1.000131
5, 45,16,48.838352, 48.835476, 119.121262, 47.401363,36.676563, 212.600449, 1.000059
5, 45,17,104.077858, 104.092461, 119.121262, 47.401363,36.676563, 212.600449, 0.999860
5, 45,18,161.326126, 161.330261, 119.121262, 47.401363,36.676563, 212.600449, 0.999974
5, 45,19,136.687256, 136.704254, 119.121262, 47.401363,36.676563, 212.600449, 0.999876
5, 45,20,85.166611, 85.158997, 119.121262, 47.401363,36.676563, 212.600449, 1.000089
5, 45,21,180.465927, 180.463684, 119.121262, 47.401363,36.676563, 212.600449, 1.000012
5, 45,22,48.470673, 48.466808, 119.121262, 47.401363,36.676563, 212.600449, 1.000080
5, 45,23,157.348953, 157.349854, 119.121262, 47.401363,36.676563, 212.600449, 0.999994
5, 45,24,65.673126, 65.675636, 119.121262, 47.401363,36.676563, 212.600449, 0.999962
5, 45,25,183.927277, 183.931702, 119.121262, 47.401363,36.676563, 212.600449, 0.999976
5, 45,26,190.609070, 190.624023, 119.121262, 47.401363,36.676563, 212.600449, 0.999922
5, 45,27,129.438538, 129.443314, 119.121262, 47.401363,36.676563, 212.600449, 0.999963
5, 45,28,70.632477, 70.637085, 119.121262, 47.401363,36.676563, 212.600449, 0.999935
5, 45,29,125.780830, 125.787842, 119.121262, 47.401363,36.676563, 212.600449, 0.999944
5, 45,30,104.887131, 104.886040, 119.121262, 47.401363,36.676563, 212.600449, 1.000010
5, 45,31,84.569435, 84.565369, 119.121262, 47.401363,36.676563, 212.600449, 1.000048
5, 46,0,68.314682, 68.303146, 119.125450, 70.317535,16.391735, 226.548019, 1.000169
5, 46,1,78.622536, 78.622742, 119.125450, 70.317535,16.391735, 226.548019, 0.999997
5, 46,2,106.543297, 106.549820, 119.125450, 70.317535,16.391735, 226.548019, 0.999939
5, 46,3,16.391735, 16.380594, 119.125450, 70.317535,16.391735, 226.548019, 1.000680
5, 46,4,157.699600, 157.712601, 119.125450, 70.317535,16.391735, 226.548019, 0.999918
5, 46,5,203.780380, 203.763519, 119.125450, 70.317535,16.391735, 226.548019, 1.000083
5, 46,6,220.835907, 220.817780, 119.125450, 70.317535,16.391735, 226.548019, 1.000082
5, 46,7,204.799789, 204.810974, 119.125450, 70.317535,16.391735, 226.548019, 0.999945
5, 46,8,216.153854, 216.155884, 119.125450, 70.317535,16.391735, 226.548019, 0.999991
5, 46,9,206.562363, 206.566559, 119.125450, 70.317535,16.391735, 226.548019, 0.999980
5, 46,10,56.162205, 56.146820, 119.125450, 70.317535,16.391735, 226.548019, 1.000274
5, 46,11,33.148464, 33.154549, 119.125450, 70.317535,16.391735, 226.548019, 0.999816
5, 46,12,88.645378, 88.654648, 119.125450, 70.317535,16.391735, 226.548019, 0.999895
5, 46,13,41.268238, 41.261223, 119.125450, 70.317535,16.391735, 226.548019, 1.000170
5, 46,14,194.214767, 194.218445, 119.125450, 70.317535,16.391735, 226.548019, 0.999981
5, 46,15,169.839340, 169.832047, 119.125450, 70.317535,16.391735, 226.548019, 1.000043
5, 46,16,77.213280, 77.206467, 119.125450, 70.317535,16.391735, 226.548019, 1.000088
5, 46,17,219.245926, 219.253983, 119.125450, 70.317535,16.391735, 226.548019, 0.999963
5, 46,18,45.589787, 45.605930, 119.125450, 70.317535,16.391735, 226.548019, 0.999646
5, 46,19,153.079285, 153.065460, 119.125450, 70.317535,16.391735, 226.548019, 1.000090
5, 46,20,159.904221, 159.910782, 119.125450, 70.317535,16.391735, 226.548019, 0.999959
5, 46,21,72.653625, 72.669983, 119.125450, 70.317535,16.391735, 226.548019, 0.999775
5, 46,22,67.929893, 67.941696, 119.125450, 70.317535,16.391735, 226.548019, 0.999826
5, 46,23,226.548019, 226.541885, 119.125450, 70.317535,16.391735, 226.548019, 1.000027
5, 46,24,194.521988, 194.528259, 119.125450, 70.317535,16.391735, 226.548019, 0.999968
5, 46,25,74.615227, 74.617348, 119.125450, 70.317535,16.391735, 226.548019, 0.999972
5, 46,26,32.170490, 32.166111, 119.125450, 70.317535,16.391735, 226.548019, 1.000136
5, 46,27,44.603458, 44.610111, 119.125450, 70.317535,16.391735, 226.548019, 0.999851
5, 46,28,86.574593, 86.567131, 119.125450, 70.317535,16.391735, 226.548019, 1.000086
5, 46,29,156.537827, 156.547119, 119.125450, 70.317535,16.391735, 226.548019, 0.999941
5, 46,30,112.424904, 112.399323, 119.125450, 70.317535,16.391735, 226.548019, 1.000228
5, 46,31,25.419098, 25.416695, 119.125450, 70.317535,16.391735, 226.548019, 1.000095
5, 47,0,201.118027, 201.125381, 119.127068, 60.516785,16.091438, 217.751480, 0.999963
5, 47,1,90.467934, 90.470490, 119.127068, 60.516785,16.091438, 217.751480, 0.999972
5, 47,2,82.058754, 82.073578, 119.127068, 60.516785,16.091438, 217.751480, 0.999819
5, 47,3,115.743172, 115.750320, 119.127068, 60.516785,16.091438, 217.751480, 0.999938
5, 47,4,213.117859, 213.116425, 119.127068, 60.516785,16.091438, 217.751480, 1.000007
5, 47,5,217.712219, 217.702942, 119.127068, 60.516785,16.091438, 217.751480, 1.000043
5, 47,6,77.535019, 77.525238, 119.127068, 60.516785,16.091438, 217.751480, 1.000126
5, 47,7,149.699875, 149.700592, 119.127068, 60.516785,16.091438, 217.751480, 0.999995
5, 47,8,138.694901, 138.682816, 119.127068, 60.516785,16.091438, 217.751480, 1.000087
5, 47,9,93.716667, 93.714760, 119.127068, 60.516785,16.091438, 217.751480, 1.000020
5, 47,10,202.022766, 202.028687, 119.127068, 60.516785,16.091438, 217.751480, 0.999971
5, 47,11,217.751480, 217.753815, 119.127068, 60.516785,16.091438, 217.751480, 0.999989
5, 47,12,137.771896, 137.779510, 119.127068, 60.516785,16.091438, 217.751480, 0.999945
5, 47,13,114.049660, 114.045486, 119.127068, 60.516785,16.091438, 217.751480, 1.000037
5, 47,14,82.059456, 82.060852, 119.127068, 60.516785,16.091438, 217.751480, 0.999983
5, 47,15,147.549210, 147.544113, 119.127068, 60.516785,16.091438, 217.751480, 1.000035
5, 47,16,124.643753, 124.630707, 119.127068, 60.516785,16.091438, 217.751480, 1.000105
5, 47,17,155.878967, 155.871048, 119.127068, 60.516785,16.091438, 217.751480, 1.000051
5, 47,18,80.113037, 80.107925, 119.127068, 60.516785,16.091438, 217.751480, 1.000064
5, 47,19,16.091438, 16.087769, 119.127068, 60.516785,16.091438, 217.751480, 1.000228
5, 47,20,22.628254, 22.627190, 119.127068, 60.516785,16.091438, 217.751480, 1.000047
5, 47,21,90.072334, 90.063370, 119.127068, 60.516785,16.091438, 217.751480, 1.000100
5, 47,22,97.159615, 97.149864, 119.127068, 60.516785,16.091438, 217.751480, 1.000100
5, 47,23,16.363295, 16.342220, 119.127068, 60.516785,16.091438, 217.751480, 1.001290
5, 47,24,86.348152, 86.354729, 119.127068, 60.516785,16.091438, 217.751480, 0.999924
5, 47,25,91.764854, 91.755478, 119.127068, 60.516785,16.091438, 217.751480, 1.000102
5, 47,26,21.922331, 21.921083, 119.127068, 60.516785,16.091438, 217.751480, 1.000057
5, 47,27,177.653091, 177.658524, 119.127068, 60.516785,16.091438, 217.751480, 0.999969
5, 47,28,203.026596, 203.033768, 119.127068, 60.516785,16.091438, 217.751480, 0.999965
5, 47,29,52.385689, 52.385365, 119.127068, 60.516785,16.091438, 217.751480, 1.000006
5, 47,30,165.975586, 165.972809, 119.127068, 60.516785,16.091438, 217.751480, 1.000017
5, 47,31,128.970062, 128.962738, 119.127068, 60.516785,16.091438, 217.751480, 1.000057
5, 48,0,110.192802, 110.184357, 119.123779, 70.176735,12.009134, 222.961899, 1.000077
5, 48,1,214.939896, 214.932312, 119.123779, 70.176735,12.009134, 222.961899, 1.000035
5, 48,2,130.362518, 130.352722, 119.123779, 70.176735,12.009134, 222.961899, 1.000075
5, 48,3,32.094364, 32.082352, 119.123779, 70.176735,12.009134, 222.961899, 1.000374
5, 48,4,52.012451, 52.022873, 119.123779, 70.176735,12.009134, 222.961899, 0.999800
5, 48,5,222.961899, 222.965805, 119.123779, 70.176735,12.009134, 222.961899, 0.999982
5, 48,6,52.702652, 52.706436, 119.123779, 70.176735,12.009134, 222.961899, 0.999928
5, 48,7,164.412720, 164.407211, 119.123779, 70.176735,12.009134, 222.961899, 1.000033
5, 48,8,100.638962, 100.640511, 119.123779, 70.176735,12.009134, 222.961899, 0.999985
5, 48,9,15.702541, 15.696362, 119.123779, 70.176735,12.009134, 222.961899, 1.000394
5, 48,10,19.243792, 19.244381, 119.123779, 70.176735,12.009134, 222.961899, 0.999969
5, 48,11,56.119690, 56.130764, 119.123779, 70.176735,12.009134, 222.961899, 0.999803
5, 48,12,108.563614, 108.563339, 119.123779, 70.176735,12.009134, 222.961899, 1.000003
5, 48,13,144.794708, 144.798706, 119.123779, 70.176735,12.009134, 222.961899, 0.999972
5, 48,14,73.694656, 73.701599, 119.123779, 70.176735,12.009134, 222.961899, 0.999906
5, 48,15,132.818298, 132.820068, 119.123779, 70.176735,12.009134, 222.961899, 0.999987
5, 48,16,222.033630, 222.028351, 119.123779, 70.176735,12.009134, 222.961899, 1.000024
5, 48,17,62.520844, 62.517197, 119.123779, 70.176735,12.009134, 222.961899, 1.000058
5, 48,18,159.938721, 159.941254, 119.123779, 70.176735,12.009134, 222.961899, 0.999984
5, 48,19,221.322006, 221.331757, 119.123779, 70.176735,12.009134, 222.961899, 0.999956
5, 48,20,171.851578, 171.854797, 119.123779, 70.176735,12.009134, 222.961899, 0.999981
5, 48,21,62.327812, 62.328407, 119.123779, 70.176735,12.009134, 222.961899, 0.999990
5, 48,22,193.033386, 193.032242, 119.123779, 70.176735,12.009134, 222.961899, 1.000006
5, 48,23,216.555573, 216.559845, 119.123779, 70.176735,12.009134, 222.961899, 0.999980
5, 48,24,179.710922, 179.719025, 119.123779, 70.176735,12.009134, 222.961899, 0.999955
5, 48,25,80.147812, 80.153137, 119.123779, 70.176735,12.009134, 222.961899, 0.999934
5, 48,26,162.407547, 162.402084, 119.123779, 70.176735,12.009134, 222.961899, 1.000034
5, 48,27,12.009134, 12.005119, 119.123779, 70.176735,12.009134, 222.961899, 1.000334
5, 48,28,19.838379, 19.843313, 119.123779, 70.176735,12.009134, 222.961899, 0.999751
5, 48,29,189.254517, 189.262878, 119.123779, 70.176735,12.009134, 222.961899, 0.999956
5, 48,30,60.403763, 60.414429, 119.123779, 70.176735,12.009134, 222.961899, 0.999823
5, 48,31,167.349625, 167.356308, 119.123779, 70.176735,12.009134, 222.961899, 0.999960
5, 49,0,150.443100, 150.442551, 119.123398, 73.017097,11.114941, 244.333145, 1.000004
5, 49,1,53.417286, 53.420589, 119.123398, 73.017097,11.114941, 244.333145, 0.999938
5, 49,2,195.227005, 195.233627, 119.123398, 73.017097,11.114941, 244.333145, 0.999966
5, 49,3,221.586349, 221.577484, 119.123398, 73.017097,11.114941, 244.333145, 1.000040
5, 49,4,81.867912, 81.867317, 119.123398, 73.017097,11.114941, 244.333145, 1.000007
5, 49,5,244.333145, 244.339203, 119.123398, 73.017097,11.114941, 244.333145, 0.999975
5, 49,6,60.855782, 60.860390, 119.123398, 73.017097,11.114941, 244.333145, 0.999924
5, 49,7,28.409552, 28.410967, 119.123398, 73.017097,11.114941, 244.333145, 0.999950
5, 49,8,56.034363, 56.038296, 119.123398, 73.017097,11.114941, 244.333145, 0.999930
5, 49,9,53.679306, 53.688889, 119.123398, 73.017097,11.114941, 244.333145, 0.999822
5, 49,10,86.319382, 86.319588, 119.123398, 73.017097,11.114941, 244.333145, 0.999998
5, 49,11,179.347733, 179.367844, 119.123398, 73.017097,11.114941, 244.333145, 0.999888
5, 49,12,68.877518, 68.865784, 119.123398, 73.017097,11.114941, 244.333145, 1.000170
5, 49,13,164.863449, 164.879822, 119.123398, 73.017097,11.114941, 244.333145, 0.999901
5, 49,14,128.348816, 128.362427, 119.123398, 73.017097,11.114941, 244.333145, 0.999894
5, 49,15,16.495646, 16.482634, 119.123398, 73.017097,11.114941, 244.333145, 1.000789
5, 49,16,11.114941, 11.123946, 119.123398, 73.017097,11.114941, 244.333145, 0.999190
5, 49,17,145.546448, 145.569702, 119.123398, 73.017097,11.114941, 244.333145, 0.999840
5, 49,18,81.256874, 81.258202, 119.123398, 73.017097,11.114941, 244.333145, 0.999984
5, 49,19,144.775208, 144.786545, 119.123398, 73.017097,11.114941, 244.333145, 0.999922
5, 49,20,174.309113, 174.306473, 119.123398, 73.017097,11.114941, 244.333145, 1.000015
5, 49,21,48.598717, 48.605747, 119.123398, 73.017097,11.114941, 244.333145, 0.999855
5, 49,22,212.141617, 212.136337, 119.123398, 73.017097,11.114941, 244.333145, 1.000025
5, 49,23,30.366505, 30.361559, 119.123398, 73.017097,11.114941, 244.333145, 1.000163
5, 49,24,51.017296, 51.020424, 119.123398, 73.017097,11.114941, 244.333145, 0.999939
5, 49,25,238.871704, 238.864487, 119.123398, 73.017097,11.114941, 244.333145, 1.000030
5, 49,26,165.741592, 165.735474, 119.123398, 73.017097,11.114941, 244.333145, 1.000037
5, 49,27,65.200485, 65.196648, 119.123398, 73.017097,11.114941, 244.333145, 1.000059
5, 49,28,130.085648, 130.080994, 119.123398, 73.017097,11.114941, 244.333145, 1.000036
5, 49,29,77.062241, 77.037964, 119.123398, 73.017097,11.114941, 244.333145, 1.000315
5, 49,30,210.341034, 210.338013, 119.123398, 73.017097,11.114941, 244.333145, 1.000014
5, 49,31,235.413162, 235.420135, 119.123398, 73.017097,11.114941, 244.333145, 0.999970
5, 50,0,97.474075, 97.470604, 119.126396, 75.376213,12.001691, 235.736664, 1.000036
5, 50,1,12.001691, 11.993091, 119.126396, 75.376213,12.001691, 235.736664, 1.000717
5, 50,2,96.081551, 96.090233, 119.126396, 75.376213,12.001691, 235.736664, 0.999910
5, 50,3,234.968155, 234.958618, 119.126396, 75.376213,12.001691, 235.736664, 1.000041
5, 50,4,60.962410, 60.954090, 119.126396, 75.376213,12.001691, 235.736664, 1.000136
5, 50,5,107.018440, 107.013489, 119.126396, 75.376213,12.001691, 235.736664, 1.000046
5, 50,6,64.222336, 64.221916, 119.126396, 75.376213,12.001691, 235.736664, 1.000007
5, 50,7,96.077362, 96.069107, 119.126396, 75.376213,12.001691, 235.736664, 1.000086
5, 50,8,67.334473, 67.327759, 119.126396, 75.376213,12.001691, 235.736664, 1.000100
5, 50,9,44.552753, 44.551598, 119.126396, 75.376213,12.001691, 235.736664, 1.000026
5, 50,10,50.368896, 50.368881, 119.126396, 75.376213,12.001691, 235.736664, 1.000000
5, 50,11,119.802238, 119.803078, 119.126396, 75.376213,12.001691, 235.736664, 0.999993
5, 50,12,68.065376, 68.074287, 119.126396, 75.376213,12.001691, 235.736664, 0.999869
5, 50,13,232.594772, 232.585236, 119.126396, 75.376213,12.001691, 235.736664, 1.000041
5, 50,14,235.612671, 235.620636, 119.126396, 75.376213,12.001691, 235.736664, 0.999966
5, 50,15,47.872620, 47.875759, 119.126396, 75.376213,12.001691, 235.736664, 0.999934
5, 50,16,98.481247, 98.484756, 119.126396, 75.376213,12.001691, 235.736664, 0.999964
5, 50,17,129.967041, 129.965729, 119.126396, 75.376213,12.001691, 235.736664, 1.000010
5, 50,18,203.082733, 203.083252, 119.126396, 75.376213,12.001691, 235.736664, 0.999997
5, 50,19,213.380112, 213.386765, 119.126396, 75.376213,12.001691, 235.736664, 0.999969
5, 50,20,181.221985, 181.215622, 119.126396, 75.376213,12.001691, 235.736664, 1.000035
5, 50,21,179.950562, 179.954971, 119.126396, 75.376213,12.001691, 235.736664, 0.999976
5, 50,22,204.696091, 204.703079, 119.126396, 75.376213,12.001691, 235.736664, 0.999966
5, 50,23,76.937828, 76.941071, 119.126396, 75.376213,12.001691, 235.736664, 0.999958
5, 50,24,15.798304, 15.782075, 119.126396, 75.376213,12.001691, 235.736664, 1.001028
5, 50,25,232.134277, 232.127457, 119.126396, 75.376213,12.001691, 235.736664, 1.000029
5, 50,26,39.667072, 39.656898, 119.126396, 75.376213,12.001691, 235.736664, 1.000257
5, 50,27,235.736664, 235.726288, 119.126396, 75.376213,12.001691, 235.736664, 1.000044
5, 50,28,18.861944, 18.852701, 119.126396, 75.376213,12.001691, 235.736664, 1.000490
5, 50,29,142.652908, 142.663742, 119.126396, 75.376213,12.001691, 235.736664, 0.999924
5, 50,30,166.995590, 166.996353, 119.126396, 75.376213,12.001691, 235.736664, 0.999995
5, 50,31,37.470985, 37.480698, 119.126396, 75.376213,12.001691, 235.736664, 0.999741
5, 51,0,88.240501, 88.241310, 119.125374, 68.921593,13.615438, 237.527939, 0.999991
5, 51,1,50.742496, 50.736099, 119.125374, 68.921593,13.615438, 237.527939, 1.000126
5, 51,2,98.490364, 98.485428, 119.125374, 68.921593,13.615438, 237.527939, 1.000050
5, 51,3,124.542686, 124.551727, 119.125374, 68.921593,13.615438, 237.527939, 0.999927
5, 51,4,192.587082, 192.584274, 119.125374, 68.921593,13.615438, 237.527939, 1.000015
5, 51,5,19.773542, 19.777512, 119.125374, 68.921593,13.615438, 237.527939, 0.999799
5, 51,6,76.839508, 76.837746, 119.125374, 68.921593,13.615438, 237.527939, 1.000023
5, 51,7,191.495270, 191.481384, 119.125374, 68.921593,13.615438, 237.527939, 1.000072
5, 51,8,84.012917, 84.027718, 119.125374, 68.921593,13.615438, 237.527939, 0.999824
5, 51,9,237.527939, 237.519821, 119.125374, 68.921593,13.615438, 237.527939, 1.000034
5, 51,10,167.748383, 167.762253, 119.125374, 68.921593,13.615438, 237.527939, 0.999917
5, 51,11,131.845963, 131.861877, 119.125374, 68.921593,13.615438, 237.527939, 0.999879
5, 51,12,163.233780, 163.237595, 119.125374, 68.921593,13.615438, 237.527939, 0.999977
5, 51,13,69.459297, 69.463959, 119.125374, 68.921593,13.615438, 237.527939, 0.999933
5, 51,14,224.729752, 224.730591, 119.125374, 68.921593,13.615438, 237.527939, 0.999996
5, 51,15,164.557327, 164.573776, 119.125374, 68.921593,13.615438, 237.527939, 0.999900
5, 51,16,88.133278, 88.128189, 119.125374, 68.921593,13.615438, 237.527939, 1.000058
5, 51,17,177.306015, 177.306458, 119.125374, 68.921593,13.615438, 237.527939, 0.999997
5, 51,18,167.217606, 167.210800, 119.125374, 68.921593,13.615438, 237.527939, 1.000041
5, 51,19,30.018549, 30.021631, 119.125374, 68.921593,13.615438, 237.527939, 0.999897
5, 51,20,172.002609, 172.004120, 119.125374, 68.921593,13.615438, 237.527939, 0.999991
5, 51,21,206.749786, 206.752106, 119.125374, 68.921593,13.615438, 237.527939, 0.999989
5, 51,22,112.104584, 112.101830, 119.125374, 68.921593,13.615438, 237.527939, 1.000025
5, 51,23,14.674585, 14.666058, 119.125374, 68.921593,13.615438, 237.527939, 1.000582
5, 51,24,76.407425, 76.406494, 119.125374, 68.921593,13.615438, 237.527939, 1.000012
5, 51,25,189.604721, 189.600815, 119.125374, 68.921593,13.615438, 237.527939, 1.000021
5, 51,26,18.869917, 18.851372, 119.125374, 68.921593,13.615438, 237.527939, 1.000984
5, 51,27,191.441757, 191.453094, 119.125374, 68.921593,13.615438, 237.527939, 0.999941
5, 51,28,76.270744, 76.258026, 119.125374, 68.921593,13.615438, 237.527939, 1.000167
5, 51,29,20.660755, 20.647097, 119.125374, 68.921593,13.615438, 237.527939, 1.000661
5, 51,30,13.615438, 13.619730, 119.125374, 68.921593,13.615438, 237.527939, 0.999685
5, 51,31,171.107697, 171.099182, 119.125374, 68.921593,13.615438, 237.527939, 1.000050
5, 52,0,87.922218, 87.924988, 119.125237, 47.760849,12.711884, 205.086807, 0.999969
5, 52,1,51.933567, 51.938290, 119.125237, 47.760849,12.711884, 205.086807, 0.999909
5, 52,2,113.155182, 113.161011, 119.125237, 47.760849,12.711884, 205.086807, 0.999949
5, 52,3,137.698456, 137.685379, 119.125237, 47.760849,12.711884, 205.086807, 1.000095
5, 52,4,164.153992, 164.149506, 119.125237, 47.760849,12.711884, 205.086807, 1.000027
5, 52,5,190.460190, 190.456207, 119.125237, 47.760849,12.711884, 205.086807, 1.000021
5, 52,6,124.871872, 124.862679, 119.125237, 47.760849,12.711884, 205.086807, 1.000074
5, 52,7,12.711884, 12.708134, 119.125237, 47.760849,12.711884, 205.086807, 1.000295
5, 52,8,122.294914, 122.293106, 119.125237, 47.760849,12.711884, 205.086807, 1.000015
5, 52,9,117.358635, 117.349167, 119.125237, 47.760849,12.711884, 205.086807, 1.000081
5, 52,10,128.047699, 128.049469, 119.125237, 47.760849,12.711884, 205.086807, 0.999986
5, 52,11,198.924576, 198.926987, 119.125237, 47.760849,12.711884, 205.086807, 0.999988
5, 52,12,127.871681, 127.879395, 119.125237, 47.760849,12.711884, 205.086807, 0.999940
5, 52,13,112.434433, 112.436745, 119.125237, 47.760849,12.711884, 205.086807, 0.999979
5, 52,14,152.775833, 152.775345, 119.125237, 47.760849,12.711884, 205.086807, 1.000003
5, 52,15,164.502670, 164.508484, 119.125237, 47.760849,12.711884, 205.086807, 0.999965
5, 52,16,109.003075, 109.010643, 119.125237, 47.760849,12.711884, 205.086807, 0.999931
5, 52,17,131.156586, 131.154358, 119.125237, 47.760849,12.711884, 205.086807, 1.000017
5, 52,18,184.900436, 184.901382, 119.125237, 47.760849,12.711884, 205.086807, 0.999995
5, 52,19,85.826782, 85.821449, 119.125237, 47.760849,12.711884, 205.086807, 1.000062
5, 52,20,63.507442, 63.495094, 119.125237, 47.760849,12.711884, 205.086807, 1.000194
5, 52,21,147.107849, 147.107162, 119.125237, 47.760849,12.711884, 205.086807, 1.000005
5, 52,22,92.936447, 92.938179, 119.125237, 47.760849,12.711884, 205.086807, 0.999981
5, 52,23,60.742241, 60.749176, 119.125237, 47.760849,12.711884, 205.086807, 0.999886
5, 52,24,71.397247, 71.399063, 119.125237, 47.760849,12.711884, 205.086807, 0.999975
5, 52,25,140.266968, 140.267548, 119.125237, 47.760849,12.711884, 205.086807, 0.999996
5, 52,26,205.086807, 205.080109, 119.125237, 47.760849,12.711884, 205.086807, 1.000033
5, 52,27,54.433586, 54.438587, 119.125237, 47.760849,12.711884, 205.086807, 0.999908
5, 52,28,174.157471, 174.150696, 119.125237, 47.760849,12.711884, 205.086807, 1.000039
5, 52,29,72.738045, 72.746834, 119.125237, 47.760849,12.711884, 205.086807, 0.999879
5, 52,30,66.372162, 66.379578, 119.125237, 47.760849,12.711884, 205.086807, 0.999888
5, 52,31,145.256653, 145.255554, 119.125237, 47.760849,12.711884, 205.086807, 1.000008
5, 53,0,198.868454, 198.872910, 119.124390, 71.874847,14.605851, 237.315002, 0.999978
5, 53,1,100.556877, 100.540497, 119.124390, 71.874847,14.605851, 237.315002, 1.000163
5, 53,2,27.780270, 27.775776, 119.124390, 71.874847,14.605851, 237.315002, 1.000162
5, 53,3,136.940262, 136.947617, 119.124390, 71.874847,14.605851, 237.315002, 0.999946
5, 53,4,182.831299, 182.815338, 119.124390, 71.874847,14.605851, 237.315002, 1.000087
5, 53,5,61.197525, 61.199043, 119.124390, 71.874847,14.605851, 237.315002, 0.999975
5, 53,6,97.419426, 97.422310, 119.124390, 71.874847,14.605851, 237.315002, 0.999970
5, 53,7,79.000732, 78.988960, 119.124390, 71.874847,14.605851, 237.315002, 1.000149
5, 53,8,117.824257, 117.821327, 119.124390, 71.874847,14.605851, 237.315002, 1.000025
5, 53,9,99.036232, 99.027367, 119.124390, 71.874847,14.605851, 237.315002, 1.000090
5, 53,10,64.893364, 64.889954, 119.124390, 71.874847,14.605851, 237.315002, 1.000053
5, 53,11,178.529144, 178.530472, 119.124390, 71.874847,14.605851, 237.315002, 0.999993
5, 53,12,237.315002, 237.316391, 119.124390, 71.874847,14.605851, 237.315002, 0.999994
5, 53,13,226.123138, 226.123459, 119.124390, 71.874847,14.605851, 237.315002, 0.999999
5, 53,14,189.467834, 189.475952, 119.124390, 71.874847,14.605851, 237.315002, 0.999957
5, 53,15,45.187794, 45.205086, 119.124390, 71.874847,14.605851, 237.315002, 0.999617
5, 53,16,202.462494, 202.464844, 119.124390, 71.874847,14.605851, 237.315002, 0.999988
5, 53,17,80.679558, 80.693001, 119.124390, 71.874847,14.605851, 237.315002, 0.999833
5, 53,18,14.946413, 14.935359, 119.124390, 71.874847,14.605851, 237.315002, 1.000740
5, 53,19,227.851410, 227.855789, 119.124390, 71.874847,14.605851, 237.315002, 0.999981
5, 53,20,15.442605, 15.430309, 119.124390, 71.874847,14.605851, 237.315002, 1.000797
5, 53,21,155.095337, 155.091064, 119.124390, 71.874847,14.605851, 237.315002, 1.000028
5, 53,22,159.047134, 159.057724, 119.124390, 71.874847,14.605851, 237.315002, 0.999933
5, 53,23,118.559647, 118.570824, 119.124390, 71.874847,14.605851, 237.315002, 0.999906
5, 53,24,196.275589, 196.285049, 119.124390, 71.874847,14.605851, 237.315002, 0.999952
5, 53,25,135.428726, 135.427399, 119.124390, 71.874847,14.605851, 237.315002, 1.000010
5, 53,26,25.471323, 25.477795, 119.124390, 71.874847,14.605851, 237.315002, 0.999746
5, 53,27,212.323303, 212.321426, 119.124390, 71.874847,14.605851, 237.315002, 1.000009
5, 53,28,14.605851, 14.617176, 119.124390, 71.874847,14.605851, 237.315002, 0.999225
5, 53,29,65.376198, 65.377838, 119.124390, 71.874847,14.605851, 237.315002, 0.999975
5, 53,30,17.732416, 17.721220, 119.124390, 71.874847,14.605851, 237.315002, 1.000632
5, 53,31,127.711029, 127.720322, 119.124390, 71.874847,14.605851, 237.315002, 0.999927
5, 54,0,103.658180, 103.660004, 119.124382, 75.268837,15.525342, 254.749405, 0.999982
5, 54,1,215.595520, 215.595871, 119.124382, 75.268837,15.525342, 254.749405, 0.999998
5, 54,2,39.721436, 39.725075, 119.124382, 75.268837,15.525342, 254.749405, 0.999908
5, 54,3,138.847672, 138.849457, 119.124382, 75.268837,15.525342, 254.749405, 0.999987
5, 54,4,95.239792, 95.241470, 119.124382, 75.268837,15.525342, 254.749405, 0.999982
5, 54,5,177.297333, 177.299210, 119.124382, 75.268837,15.525342, 254.749405, 0.999989
5, 54,6,71.476997, 71.470596, 119.124382, 75.268837,15.525342, 254.749405, 1.000090
5, 54,7,111.343185, 111.343826, 119.124382, 75.268837,15.525342, 254.749405, 0.999994
5, 54,8,18.206120, 18.211895, 119.124382, 75.268837,15.525342, 254.749405, 0.999683
5, 54,9,254.749405, 254.749710, 119.124382, 75.268837,15.525342, 254.749405, 0.999999
5, 54,10,190.784256, 190.784164, 119.124382, 75.268837,15.525342, 254.749405, 1.000000
5, 54,11,29.137856, 29.133030, 119.124382, 75.268837,15.525342, 254.749405, 1.000166
5, 54,12,210.040253, 210.031982, 119.124382, 75.268837,15.525342, 254.749405, 1.000039
5, 54,13,34.213612, 34.214760, 119.124382, 75.268837,15.525342, 254.749405, 0.999966
5, 54,14,219.066437, 219.078094, 119.124382, 75.268837,15.525342, 254.749405, 0.999947
5, 54,15,48.034760, 48.036461, 119.124382, 75.268837,15.525342, 254.749405, 0.999965
5, 54,16,214.653320, 214.662170, 119.124382, 75.268837,15.525342, 254.749405, 0.999959
5, 54,17,222.752213, 222.736313, 119.124382, 75.268837,15.525342, 254.749405, 1.000071
5, 54,18,143.963470, 143.969467, 119.124382, 75.268837,15.525342, 254.749405, 0.999958
5, 54,19,23.136145, 23.132912, 119.124382, 75.268837,15.525342, 254.749405, 1.000140
5, 54,20,135.397186, 135.397873, 119.124382, 75.268837,15.525342, 254.749405, 0.999995
5, 54,21,125.537476, 125.532883, 119.124382, 75.268837,15.525342, 254.749405, 1.000037
5, 54,22,69.590797, 69.587906, 119.124382, 75.268837,15.525342, 254.749405, 1.000042
5, 54,23,190.729813, 190.722931, 119.124382, 75.268837,15.525342, 254.749405, 1.000036
5, 54,24,250.425003, 250.425644, 119.124382, 75.268837,15.525342, 254.749405, 0.999997
5, 54,25,84.705246, 84.702995, 119.124382, 75.268837,15.525342, 254.749405, 1.000027
5, 54,26,79.228134, 79.230949, 119.124382, 75.268837,15.525342, 254.749405, 0.999964
5, 54,27,107.048500, 107.065674, 119.124382, 75.268837,15.525342, 254.749405, 0.999840
5, 54,28,90.045479, 90.044937, 119.124382, 75.268837,15.525342, 254.749405, 1.000006
5, 54,29,15.525342, 15.517965, 119.124382, 75.268837,15.525342, 254.749405, 1.000475
5, 54,30,18.161539, 18.165977, 119.124382, 75.268837,15.525342, 254.749405, 0.999756
5, 54,31,83.667168, 83.677467, 119.124382, 75.268837,15.525342, 254.749405, 0.999877
5, 55,0,49.929340, 49.933964, 119.125732, 65.031654,27.433565, 227.780441, 0.999907
5, 55,1,87.607445, 87.606117, 119.125732, 65.031654,27.433565, 227.780441, 1.000015
5, 55,2,73.269936, 73.270172, 119.125732, 65.031654,27.433565, 227.780441, 0.999997
5, 55,3,181.389206, 181.387177, 119.125732, 65.031654,27.433565, 227.780441, 1.000011
5, 55,4,227.780441, 227.764267, 119.125732, 65.031654,27.433565, 227.780441, 1.000071
5, 55,5,27.433565, 27.423288, 119.125732, 65.031654,27.433565, 227.780441, 1.000375
5, 55,6,188.263489, 188.266541, 119.125732, 65.031654,27.433565, 227.780441, 0.999984
5, 55,7,148.604172, 148.614487, 119.125732, 65.031654,27.433565, 227.780441, 0.999931
5, 55,8,142.388443, 142.386108, 119.125732, 65.031654,27.433565, 227.780441, 1.000016
5, 55,9,115.165520, 115.163910, 119.125732, 65.031654,27.433565, 227.780441, 1.000014
5, 55,10,169.529617, 169.521088, 119.125732, 65.031654,27.433565, 227.780441, 1.000050
5, 55,11,33.728401, 33.732185, 119.125732, 65.031654,27.433565, 227.780441, 0.999888
5, 55,12,193.336853, 193.333801, 119.125732, 65.031654,27.433565, 227.780441, 1.000016
5, 55,13,185.804916, 185.803406, 119.125732, 65.031654,27.433565, 227.780441, 1.000008
5, 55,14,160.402115, 160.393326, 119.125732, 65.031654,27.433565, 227.780441, 1.000055
5, 55,15,131.784698, 131.788528, 119.125732, 65.031654,27.433565, 227.780441, 0.999971
5, 55,16,69.001755, 69.001595, 119.125732, 65.031654,27.433565, 227.780441, 1.000002
5, 55,17,223.264664, 223.267502, 119.125732, 65.031654,27.433565, 227.780441, 0.999987
5, 55,18,92.857788, 92.861298, 119.125732, 65.031654,27.433565, 227.780441, 0.999962
5, 55,19,226.027817, 226.032684, 119.125732, 65.031654,27.433565, 227.780441, 0.999978
5, 55,20,32.728222, 32.725445, 119.125732, 65.031654,27.433565, 227.780441, 1.000085
5, 55,21,48.462402, 48.464127, 119.125732, 65.031654,27.433565, 227.780441, 0.999964
5, 55,22,100.945267, 100.942047, 119.125732, 65.031654,27.433565, 227.780441, 1.000032
5, 55,23,134.425903, 134.432892, 119.125732, 65.031654,27.433565, 227.780441, 0.999948
5, 55,24,80.477325, 80.471703, 119.125732, 65.031654,27.433565, 227.780441, 1.000070
5, 55,25,114.303116, 114.304832, 119.125732, 65.031654,27.433565, 227.780441, 0.999985
5, 55,26,32.559288, 32.564369, 119.125732, 65.031654,27.433565, 227.780441, 0.999844
5, 55,27,101.971634, 101.975632, 119.125732, 65.031654,27.433565, 227.780441, 0.999961
5, 55,28,220.935822, 220.925156, 119.125732, 65.031654,27.433565, 227.780441, 1.000048
5, 55,29,33.177586, 33.181831, 119.125732, 65.031654,27.433565, 227.780441, 0.999872
5, 55,30,46.026287, 46.014393, 119.125732, 65.031654,27.433565, 227.780441, 1.000258
5, 55,31,138.440033, 138.446411, 119.125732, 65.031654,27.433565, 227.780441, 0.999954
5, 56,0,175.708710, 175.705872, 119.123672, 65.535088,18.508375, 223.663681, 1.000016
5, 56,1,145.523239, 145.524734, 119.123672, 65.535088,18.508375, 223.663681, 0.999990
5, 56,2,203.049835, 203.048355, 119.123672, 65.535088,18.508375, 223.663681, 1.000007
5, 56,3,146.550140, 146.549255, 119.123672, 65.535088,18.508375, 223.663681, 1.000006
5, 56,4,23.697582, 23.716919, 119.123672, 65.535088,18.508375, 223.663681, 0.999185
5, 56,5,139.377701, 139.377563, 119.123672, 65.535088,18.508375, 223.663681, 1.000001
5, 56,6,198.315811, 198.310730, 119.123672, 65.535088,18.508375, 223.663681, 1.000026
5, 56,7,182.255646, 182.270660, 119.123672, 65.535088,18.508375, 223.663681, 0.999918
5, 56,8,209.921967, 209.926392, 119.123672, 65.535088,18.508375, 223.663681, 0.999979
5, 56,9,192.827072, 192.822647, 119.123672, 65.535088,18.508375, 223.663681, 1.000023
5, 56,10,139.996262, 139.990982, 119.123672, 65.535088,18.508375, 223.663681, 1.000038
5, 56,11,223.663681, 223.675934, 119.123672, 65.535088,18.508375, 223.663681, 0.999945
5, 56,12,182.750519, 182.766632, 119.123672, 65.535088,18.508375, 223.663681, 0.999912
5, 56,13,38.717285, 38.719391, 119.123672, 65.535088,18.508375, 223.663681, 0.999946
5, 56,14,73.275963, 73.272720, 119.123672, 65.535088,18.508375, 223.663681, 1.000044
5, 56,15,158.680206, 158.693497, 119.123672, 65.535088,18.508375, 223.663681, 0.999916
5, 56,16,101.015953, 101.026314, 119.123672, 65.535088,18.508375, 223.663681, 0.999897
5, 56,17,53.608021, 53.597878, 119.123672, 65.535088,18.508375, 223.663681, 1.000189
5, 56,18,51.814926, 51.835953, 119.123672, 65.535088,18.508375, 223.663681, 0.999594
5, 56,19,18.508375, 18.509449, 119.123672, 65.535088,18.508375, 223.663681, 0.999942
5, 56,20,42.897820, 42.902336, 119.123672, 65.535088,18.508375, 223.663681, 0.999895
5, 56,21,22.205078, 22.209496, 119.123672, 65.535088,18.508375, 223.663681, 0.999801
5, 56,22,128.895248, 128.890839, 119.123672, 65.535088,18.508375, 223.663681, 1.000034
5, 56,23,31.166750, 31.169214, 119.123672, 65.535088,18.508375, 223.663681, 0.999921
5, 56,24,192.673828, 192.679077, 119.123672, 65.535088,18.508375, 223.663681, 0.999973
5, 56,25,100.953697, 100.948006, 119.123672, 65.535088,18.508375, 223.663681, 1.000056
5, 56,26,166.582886, 166.569962, 119.123672, 65.535088,18.508375, 223.663681, 1.000078
5, 56,27,150.994919, 150.980179, 119.123672, 65.535088,18.508375, 223.663681, 1.000098
5, 56,28,33.895969, 33.883884, 119.123672, 65.535088,18.508375, 223.663681, 1.000357
5, 56,29,57.654495, 57.656830, 119.123672, 65.535088,18.508375, 223.663681, 0.999960
5, 56,30,111.786026, 111.787109, 119.123672, 65.535088,18.508375, 223.663681, 0.999990
5, 56,31,112.992111, 112.981300, 119.123672, 65.535088,18.508375, 223.663681, 1.000096
5, 57,0,28.805677, 28.793604, 119.124901, 60.054680,11.381889, 199.321320, 1.000419
5, 57,1,27.277411, 27.298796, 119.124901, 60.054680,11.381889, 199.321320, 0.999217
5, 57,2,195.405090, 195.398483, 119.124901, 60.054680,11.381889, 199.321320, 1.000034
5, 57,3,92.381409, 92.377228, 119.124901, 60.054680,11.381889, 199.321320, 1.000045
5, 57,4,175.001724, 175.007614, 119.124901, 60.054680,11.381889, 199.321320, 0.999966
5, 57,5,143.043304, 143.031952, 119.124901, 60.054680,11.381889, 199.321320, 1.000079
5, 57,6,92.636253, 92.636406, 119.124901, 60.054680,11.381889, 199.321320, 0.999998
5, 57,7,67.428650, 67.429596, 119.124901, 60.054680,11.381889, 199.321320, 0.999986
5, 57,8,49.486732, 49.503941, 119.124901, 60.054680,11.381889, 199.321320, 0.999652
5, 57,9,178.241806, 178.232285, 119.124901, 60.054680,11.381889, 199.321320, 1.000053
5, 57,10,85.556908, 85.554146, 119.124901, 60.054680,11.381889, 199.321320, 1.000032
5, 57,11,199.321320, 199.328384, 119.124901, 60.054680,11.381889, 199.321320, 0.999965
5, 57,12,78.336349, 78.327225, 119.124901, 60.054680,11.381889, 199.321320, 1.000116
5, 57,13,103.923569, 103.925827, 119.124901, 60.054680,11.381889, 199.321320, 0.999978
5, 57,14,167.443192, 167.437119, 119.124901, 60.054680,11.381889, 199.321320, 1.000036
5, 57,15,97.854073, 97.868240, 119.124901, 60.054680,11.381889, 199.321320, 0.999855
5, 57,16,194.285690, 194.307526, 119.124901, 60.054680,11.381889, 199.321320, 0.999888
5, 57,17,181.105133, 181.119446, 119.124901, 60.054680,11.381889, 199.321320, 0.999921
5, 57,18,68.030991, 68.038361, 119.124901, 60.054680,11.381889, 199.321320, 0.999892
5, 57,19,121.783585, 121.791214, 119.124901, 60.054680,11.381889, 199.321320, 0.999937
5, 57,20,183.512970, 183.500290, 119.124901, 60.054680,11.381889, 199.321320, 1.000069
5, 57,21,143.709976, 143.701004, 119.124901, 60.054680,11.381889, 199.321320, 1.000062
5, 57,22,50.761047, 50.757648, 119.124901, 60.054680,11.381889, 199.321320, 1.000067
5, 57,23,196.943954, 196.941513, 119.124901, 60.054680,11.381889, 199.321320, 1.000012
5, 57,24,193.999496, 194.000107, 119.124901, 60.054680,11.381889, 199.321320, 0.999997
5, 57,25,66.689690, 66.682190, 119.124901, 60.054680,11.381889, 199.321320, 1.000112
5, 57,26,11.381889, 11.368233, 119.124901, 60.054680,11.381889, 199.321320, 1.001201
5, 57,27,174.771652, 174.766510, 119.124901, 60.054680,11.381889, 199.321320, 1.000029
5, 57,28,178.962341, 178.955582, 119.124901, 60.054680,11.381889, 199.321320, 1.000038
5, 57,29,86.886353, 86.886215, 119.124901, 60.054680,11.381889, 199.321320, 1.000002
5, 57,30,44.465763, 44.477043, 119.124901, 60.054680,11.381889, 199.321320, 0.999746
5, 57,31,132.562668, 132.556244, 119.124901, 60.054680,11.381889, 199.321320, 1.000049
5, 58,0,103.392365, 103.395950, 119.126411, 61.555302,15.057414, 199.611160, 0.999965
5, 58,1,185.409866, 185.411789, 119.126411, 61.555302,15.057414, 199.611160, 0.999990
5, 58,2,15.057414, 15.053302, 119.126411, 61.555302,15.057414, 199.611160, 1.000273
5, 58,3,99.859596, 99.854568, 119.126411, 61.555302,15.057414, 199.611160, 1.000050
5, 58,4,102.252243, 102.238747, 119.126411, 61.555302,15.057414, 199.611160, 1.000132
5, 58,5,199.580856, 199.577316, 119.126411, 61.555302,15.057414, 199.611160, 1.000018
5, 58,6,113.524612, 113.514175, 119.126411, 61.555302,15.057414, 199.611160, 1.000092
5, 58,7,196.266129, 196.262711, 119.126411, 61.555302,15.057414, 199.611160, 1.000017
5, 58,8,195.112244, 195.122955, 119.126411, 61.555302,15.057414, 199.611160, 0.999945
5, 58,9,199.611160, 199.618027, 119.126411, 61.555302,15.057414, 199.611160, 0.999966
5, 58,10,147.083557, 147.078796, 119.126411, 61.555302,15.057414, 199.611160, 1.000032
5, 58,11,52.952774, 52.950157, 119.126411, 61.555302,15.057414, 199.611160, 1.000049
5, 58,12,196.567535, 196.559296, 119.126411, 61.555302,15.057414, 199.611160, 1.000042
5, 58,13,101.207245, 101.209480, 119.126411, 61.555302,15.057414, 199.611160, 0.999978
5, 58,14,99.754623, 99.738266, 119.126411, 61.555302,15.057414, 199.611160, 1.000164
5, 58,15,48.500813, 48.489994, 119.126411, 61.555302,15.057414, 199.611160, 1.000223
5, 58,16,170.391724, 170.391449, 119.126411, 61.555302,15.057414, 199.611160, 1.000002
5, 58,17,20.322903, 20.333391, 119.126411, 61.555302,15.057414, 199.611160, 0.999484
5, 58,18,130.152725, 130.162750, 119.126411, 61.555302,15.057414, 199.611160, 0.999923
5, 58,19,187.792191, 187.819229, 119.126411, 61.555302,15.057414, 199.611160, 0.999856
5, 58,20,88.154770, 88.154625, 119.126411, 61.555302,15.057414, 199.611160, 1.000002
5, 58,21,178.672791, 178.672119, 119.126411, 61.555302,15.057414, 199.611160, 1.000004
5, 58,22,21.840883, 21.833681, 119.126411, 61.555302,15.057414, 199.611160, 1.000330
5, 58,23,60.649055, 60.637688, 119.126411, 61.555302,15.057414, 199.611160, 1.000188
5, 58,24,72.868713, 72.884239, 119.126411, 61.555302,15.057414, 199.611160, 0.999787
5, 58,25,196.081589, 196.070831, 119.126411, 61.555302,15.057414, 199.611160, 1.000055
5, 58,26,90.992447, 90.986572, 119.126411, 61.555302,15.057414, 199.611160, 1.000065
5, 58,27,143.031540, 143.025696, 119.126411, 61.555302,15.057414, 199.611160, 1.000041
5, 58,28,43.320122, 43.320389, 119.126411, 61.555302,15.057414, 199.611160, 0.999994
5, 58,29,181.647003, 181.649429, 119.126411, 61.555302,15.057414, 199.611160, 0.999987
5, 58,30,128.349869, 128.342621, 119.126411, 61.555302,15.057414, 199.611160, 1.000057
5, 58,31,41.643620, 41.639832, 119.126411, 61.555302,15.057414, 199.611160, 1.000091
5, 59,0,169.154068, 169.164505, 119.125000, 68.998642,18.320471, 227.789963, 0.999938
5, 59,1,36.812195, 36.808586, 119.125000, 68.998642,18.320471, 227.789963, 1.000098
5, 59,2,111.106018, 111.105301, 119.125000, 68.998642,18.320471, 227.789963, 1.000006
5, 59,3,52.314491, 52.318245, 119.125000, 68.998642,18.320471, 227.789963, 0.999928
5, 59,4,31.431061, 31.441425, 119.125000, 68.998642,18.320471, 227.789963, 0.999670
5, 59,5,134.947784, 134.961609, 119.125000, 68.998642,18.320471, 227.789963, 0.999898
5, 59,6,128.331161, 128.322388, 119.125000, 68.998642,18.320471, 227.789963, 1.000068
5, 59,7,74.423355, 74.412712, 119.125000, 68.998642,18.320471, 227.789963, 1.000143
5, 59,8,61.307487, 61.317932, 119.125000, 68.998642,18.320471, 227.789963, 0.999830
5, 59,9,142.165329, 142.165436, 119.125000, 68.998642,18.320471, 227.789963, 0.999999
5, 59,10,220.610779, 220.618484, 119.125000, 68.998642,18.320471, 227.789963, 0.999965
5, 59,11,25.704367, 25.700130, 119.125000, 68.998642,18.320471, 227.789963, 1.000165
5, 59,12,42.345551, 42.332199, 119.125000, 68.998642,18.320471, 227.789963, 1.000315
5, 59,13,27.924183, 27.924541, 119.125000, 68.998642,18.320471, 227.789963, 0.999987
5, 59,14,178.742813, 178.749191, 119.125000, 68.998642,18.320471, 227.789963, 0.999964
5, 59,15,210.091095, 210.081436, 119.125000, 68.998642,18.320471, 227.789963, 1.000046
5, 59,16,145.660400, 145.661911, 119.125000, 68.998642,18.320471, 227.789963, 0.999990
5, 59,17,153.885605, 153.886124, 119.125000, 68.998642,18.320471, 227.789963, 0.999997
5, 59,18,193.095123, 193.088821, 119.125000, 68.998642,18.320471, 227.789963, 1.000033
5, 59,19,131.459137, 131.465134, 119.125000, 68.998642,18.320471, 227.789963, 0.999954
5, 59,20,185.707016, 185.708130, 119.125000, 68.998642,18.320471, 227.789963, 0.999994
5, 59,21,191.445374, 191.442627, 119.125000, 68.998642,18.320471, 227.789963, 1.000014
5, 59,22,227.789963, 227.774673, 119.125000, 68.998642,18.320471, 227.789963, 1.000067
5, 59,23,176.178787, 176.171051, 119.125000, 68.998642,18.320471, 227.789963, 1.000044
5, 59,24,61.986050, 61.998180, 119.125000, 68.998642,18.320471, 227.789963, 0.999804
5, 59,25,52.886456, 52.882851, 119.125000, 68.998642,18.320471, 227.789963, 1.000068
5, 59,26,41.430576, 41.441078, 119.125000, 68.998642,18.320471, 227.789963, 0.999747
5, 59,27,18.320471, 18.319437, 119.125000, 68.998642,18.320471, 227.789963, 1.000056
5, 59,28,224.205048, 224.196579, 119.125000, 68.998642,18.320471, 227.789963, 1.000038
5, 59,29,84.631226, 84.630043, 119.125000, 68.998642,18.320471, 227.789963, 1.000014
5, 59,30,84.290932, 84.296715, 119.125000, 68.998642,18.320471, 227.789963, 0.999931
5, 59,31,191.615753, 191.612671, 119.125000, 68.998642,18.320471, 227.789963, 1.000016
5, 60,0,188.911331, 188.917175, 119.125702, 63.282837,12.064570, 201.767258, 0.999969
5, 60,1,97.887253, 97.886452, 119.125702, 63.282837,12.064570, 201.767258, 1.000008
5, 60,2,41.555832, 41.548683, 119.125702, 63.282837,12.064570, 201.767258, 1.000172
5, 60,3,201.266693, 201.252853, 119.125702, 63.282837,12.064570, 201.767258, 1.000069
5, 60,4,138.144745, 138.149597, 119.125702, 63.282837,12.064570, 201.767258, 0.999965
5, 60,5,134.124741, 134.122101, 119.125702, 63.282837,12.064570, 201.767258, 1.000020
5, 60,6,166.859634, 166.866074, 119.125702, 63.282837,12.064570, 201.767258, 0.999961
5, 60,7,44.630104, 44.628185, 119.125702, 63.282837,12.064570, 201.767258, 1.000043
5, 60,8,80.064796, 80.057152, 119.125702, 63.282837,12.064570, 201.767258, 1.000095
5, 60,9,151.674515, 151.668762, 119.125702, 63.282837,12.064570, 201.767258, 1.000038
5, 60,10,18.055660, 18.037319, 119.125702, 63.282837,12.064570, 201.767258, 1.001017
5, 60,11,163.521500, 163.527496, 119.125702, 63.282837,12.064570, 201.767258, 0.999963
5, 60,12,46.260975, 46.259197, 119.125702, 63.282837,12.064570, 201.767258, 1.000038
5, 60,13,106.240097, 106.247620, 119.125702, 63.282837,12.064570, 201.767258, 0.999929
5, 60,14,58.523914, 58.512428, 119.125702, 63.282837,12.064570, 201.767258, 1.000196
5, 60,15,201.767258, 201.759232, 119.125702, 63.282837,12.064570, 201.767258, 1.000040
5, 60,16,28.791815, 28.789072, 119.125702, 63.282837,12.064570, 201.767258, 1.000095
5, 60,17,67.824944, 67.827469, 119.125702, 63.282837,12.064570, 201.767258, 0.999963
5, 60,18,36.622894, 36.614418, 119.125702, 63.282837,12.064570, 201.767258, 1.000232
5, 60,19,171.297653, 171.305740, 119.125702, 63.282837,12.064570, 201.767258, 0.999953
5, 60,20,194.908569, 194.905426, 119.125702, 63.282837,12.064570, 201.767258, 1.000016
5, 60,21,179.131073, 179.136963, 119.125702, 63.282837,12.064570, 201.767258, 0.999967
5, 60,22,195.424332, 195.423584, 119.125702, 63.282837,12.064570, 201.767258, 1.000004
5, 60,23,126.857399, 126.862007, 119.125702, 63.282837,12.064570, 201.767258, 0.999964
5, 60,24,54.669338, 54.673359, 119.125702, 63.282837,12.064570, 201.767258, 0.999926
5, 60,25,89.937714, 89.937462, 119.125702, 63.282837,12.064570, 201.767258, 1.000003
5, 60,26,196.346878, 196.348022, 119.125702, 63.282837,12.064570, 201.767258, 0.999994
5, 60,27,139.175308, 139.174133, 119.125702, 63.282837,12.064570, 201.767258, 1.000008
5, 60,28,12.064570, 12.060851, 119.125702, 63.282837,12.064570, 201.767258, 1.000308
5, 60,29,116.090767, 116.104385, 119.125702, 63.282837,12.064570, 201.767258, 0.999883
5, 60,30,200.119400, 200.116425, 119.125702, 63.282837,12.064570, 201.767258, 1.000015
5, 60,31,163.270630, 163.280197, 119.125702, 63.282837,12.064570, 201.767258, 0.999941
5, 61,0,161.781219, 161.804977, 119.127739, 56.133453,16.008310, 223.134674, 0.999853
5, 61,1,113.830841, 113.817200, 119.127739, 56.133453,16.008310, 223.134674, 1.000120
5, 61,2,174.807388, 174.801239, 119.127739, 56.133453,16.008310, 223.134674, 1.000035
5, 61,3,81.077141, 81.073776, 119.127739, 56.133453,16.008310, 223.134674, 1.000041
5, 61,4,28.930094, 28.915760, 119.127739, 56.133453,16.008310, 223.134674, 1.000496
5, 61,5,183.684967, 183.707077, 119.127739, 56.133453,16.008310, 223.134674, 0.999880
5, 61,6,223.134674, 223.134872, 119.127739, 56.133453,16.008310, 223.134674, 0.999999
5, 61,7,39.336010, 39.344704, 119.127739, 56.133453,16.008310, 223.134674, 0.999779
5, 61,8,45.587067, 45.596748, 119.127739, 56.133453,16.008310, 223.134674, 0.999788
5, 61,9,73.104393, 73.099091, 119.127739, 56.133453,16.008310, 223.134674, 1.000072
5, 61,10,151.369034, 151.369370, 119.127739, 56.133453,16.008310, 223.134674, 0.999998
5, 61,11,170.066605, 170.072296, 119.127739, 56.133453,16.008310, 223.134674, 0.999967
5, 61,12,88.003593, 88.004234, 119.127739, 56.133453,16.008310, 223.134674, 0.999993
5, 61,13,60.811638, 60.814491, 119.127739, 56.133453,16.008310, 223.134674, 0.999953
5, 61,14,163.906921, 163.920029, 119.127739, 56.133453,16.008310, 223.134674, 0.999920
5, 61,15,115.528854, 115.526535, 119.127739, 56.133453,16.008310, 223.134674, 1.000020
5, 61,16,135.924500, 135.932144, 119.127739, 56.133453,16.008310, 223.134674, 0.999944
5, 61,17,109.712296, 109.706810, 119.127739, 56.133453,16.008310, 223.134674, 1.000050
5, 61,18,120.786766, 120.760948, 119.127739, 56.133453,16.008310, 223.134674, 1.000214
5, 61,19,69.414284, 69.407730, 119.127739, 56.133453,16.008310, 223.134674, 1.000094
5, 61,20,178.287842, 178.299713, 119.127739, 56.133453,16.008310, 223.134674, 0.999933
5, 61,21,177.322128, 177.315353, 119.127739, 56.133453,16.008310, 223.134674, 1.000038
5, 61,22,49.321949, 49.328022, 119.127739, 56.133453,16.008310, 223.134674, 0.999877
5, 61,23,140.242493, 140.228760, 119.127739, 56.133453,16.008310, 223.134674, 1.000098
5, 61,24,79.996162, 79.982994, 119.127739, 56.133453,16.008310, 223.134674, 1.000165
5, 61,25,206.890564, 206.866241, 119.127739, 56.133453,16.008310, 223.134674, 1.000118
5, 61,26,89.857010, 89.846596, 119.127739, 56.133453,16.008310, 223.134674, 1.000116
5, 61,27,106.655579, 106.653946, 119.127739, 56.133453,16.008310, 223.134674, 1.000015
5, 61,28,16.008310, 15.999302, 119.127739, 56.133453,16.008310, 223.134674, 1.000563
5, 61,29,159.542709, 159.530289, 119.127739, 56.133453,16.008310, 223.134674, 1.000078
5, 61,30,98.829887, 98.818939, 119.127739, 56.133453,16.008310, 223.134674, 1.000111
5, 61,31,198.334656, 198.319565, 119.127739, 56.133453,16.008310, 223.134674, 1.000076
5, 62,0,216.314774, 216.307251, 119.123604, 65.632965,10.730217, 216.314774, 1.000035
5, 62,1,116.624344, 116.619186, 119.123604, 65.632965,10.730217, 216.314774, 1.000044
5, 62,2,111.146111, 111.143913, 119.123604, 65.632965,10.730217, 216.314774, 1.000020
5, 62,3,150.245560, 150.243103, 119.123604, 65.632965,10.730217, 216.314774, 1.000016
5, 62,4,45.033073, 45.035458, 119.123604, 65.632965,10.730217, 216.314774, 0.999947
5, 62,5,187.733810, 187.734528, 119.123604, 65.632965,10.730217, 216.314774, 0.999996
5, 62,6,169.702026, 169.713577, 119.123604, 65.632965,10.730217, 216.314774, 0.999932
5, 62,7,45.520245, 45.529182, 119.123604, 65.632965,10.730217, 216.314774, 0.999804
5, 62,8,182.226654, 182.233932, 119.123604, 65.632965,10.730217, 216.314774, 0.999960
5, 62,9,198.812714, 198.811691, 119.123604, 65.632965,10.730217, 216.314774, 1.000005
5, 62,10,22.664082, 22.665936, 119.123604, 65.632965,10.730217, 216.314774, 0.999918
5, 62,11,62.102520, 62.106934, 119.123604, 65.632965,10.730217, 216.314774, 0.999929
5, 62,12,178.313065, 178.315781, 119.123604, 65.632965,10.730217, 216.314774, 0.999985
5, 62,13,23.242371, 23.260937, 119.123604, 65.632965,10.730217, 216.314774, 0.999202
5, 62,14,16.218849, 16.209538, 119.123604, 65.632965,10.730217, 216.314774, 1.000574
5, 62,15,195.274643, 195.266998, 119.123604, 65.632965,10.730217, 216.314774, 1.000039
5, 62,16,160.575546, 160.560699, 119.123604, 65.632965,10.730217, 216.314774, 1.000093
5, 62,17,80.681023, 80.672241, 119.123604, 65.632965,10.730217, 216.314774, 1.000109
5, 62,18,117.101875, 117.119247, 119.123604, 65.632965,10.730217, 216.314774, 0.999852
5, 62,19,82.977440, 82.982620, 119.123604, 65.632965,10.730217, 216.314774, 0.999938
5, 62,20,214.893661, 214.908371, 119.123604, 65.632965,10.730217, 216.314774, 0.999932
5, 62,21,106.048576, 106.042091, 119.123604, 65.632965,10.730217, 216.314774, 1.000061
5, 62,22,208.675430, 208.667175, 119.123604, 65.632965,10.730217, 216.314774, 1.000040
5, 62,23,10.730217, 10.734257, 119.123604, 65.632965,10.730217, 216.314774, 0.999624
5, 62,24,197.626205, 197.621674, 119.123604, 65.632965,10.730217, 216.314774, 1.000023
5, 62,25,155.525375, 155.515823, 119.123604, 65.632965,10.730217, 216.314774, 1.000061
5, 62,26,106.642654, 106.643425, 119.123604, 65.632965,10.730217, 216.314774, 0.999993
5, 62,27,59.667171, 59.663631, 119.123604, 65.632965,10.730217, 216.314774, 1.000059
5, 62,28,138.818085, 138.817810, 119.123604, 65.632965,10.730217, 216.314774, 1.000002
5, 62,29,44.086132, 44.098648, 119.123604, 65.632965,10.730217, 216.314774, 0.999716
5, 62,30,131.615799, 131.633484, 119.123604, 65.632965,10.730217, 216.314774, 0.999866
5, 62,31,75.115265, 75.121010, 119.123604, 65.632965,10.730217, 216.314774, 0.999924
5, 63,0,51.391850, 51.394283, 119.126053, 62.320526,16.074396, 209.987885, 0.999953
5, 63,1,150.447311, 150.434769, 119.126053, 62.320526,16.074396, 209.987885, 1.000083
5, 63,2,65.738449, 65.720894, 119.126053, 62.320526,16.074396, 209.987885, 1.000267
5, 63,3,124.263641, 124.285728, 119.126053, 62.320526,16.074396, 209.987885, 0.999822
5, 63,4,138.189575, 138.190765, 119.126053, 62.320526,16.074396, 209.987885, 0.999991
5, 63,5,203.700394, 203.689255, 119.126053, 62.320526,16.074396, 209.987885, 1.000055
5, 63,6,28.530039, 28.523296, 119.126053, 62.320526,16.074396, 209.987885, 1.000236
5, 63,7,182.691360, 182.680664, 119.126053, 62.320526,16.074396, 209.987885, 1.000059
5, 63,8,209.987885, 209.987427, 119.126053, 62.320526,16.074396, 209.987885, 1.000002
5, 63,9,16.074396, 16.077957, 119.126053, 62.320526,16.074396, 209.987885, 0.999779
5, 63,10,57.470329, 57.472240, 119.126053, 62.320526,16.074396, 209.987885, 0.999967
5, 63,11,162.919708, 162.924149, 119.126053, 62.320526,16.074396, 209.987885, 0.999973
5, 63,12,136.080017, 136.064117, 119.126053, 62.320526,16.074396, 209.987885, 1.000117
5, 63,13,20.887609, 20.903828, 119.126053, 62.320526,16.074396, 209.987885, 0.999224
5, 63,14,69.218536, 69.219177, 119.126053, 62.320526,16.074396, 209.987885, 0.999991
5, 63,15,67.094925, 67.086235, 119.126053, 62.320526,16.074396, 209.987885, 1.000130
5, 63,16,138.638489, 138.637497, 119.126053, 62.320526,16.074396, 209.987885, 1.000007
5, 63,17,206.429901, 206.413635, 119.126053, 62.320526,16.074396, 209.987885, 1.000079
5, 63,18,93.101135, 93.115746, 119.126053, 62.320526,16.074396, 209.987885, 0.999843
5, 63,19,134.215179, 134.214294, 119.126053, 62.320526,16.074396, 209.987885, 1.000007
5, 63,20,65.605492, 65.613930, 119.126053, 62.320526,16.074396, 209.987885, 0.999871
5, 63,21,55.298630, 55.295250, 119.126053, 62.320526,16.074396, 209.987885, 1.000061
5, 63,22,169.136978, 169.134247, 119.126053, 62.320526,16.074396, 209.987885, 1.000016
5, 63,23,141.419556, 141.412216, 119.126053, 62.320526,16.074396, 209.987885, 1.000052
5, 63,24,173.042053, 173.041504, 119.126053, 62.320526,16.074396, 209.987885, 1.000003
5, 63,25,140.442413, 140.436981, 119.126053, 62.320526,16.074396, 209.987885, 1.000039
5, 63,26,19.098635, 19.104351, 119.126053, 62.320526,16.074396, 209.987885, 0.999701
5, 63,27,209.722916, 209.723160, 119.126053, 62.320526,16.074396, 209.987885, 0.999999
5, 63,28,73.314278, 73.327774, 119.126053, 62.320526,16.074396, 209.987885, 0.999816
5, 63,29,151.703857, 151.699448, 119.126053, 62.320526,16.074396, 209.987885, 1.000029
5, 63,30,147.055923, 147.074905, 119.126053, 62.320526,16.074396, 209.987885, 0.999871
5, 63,31,209.122528, 209.100266, 119.126053, 62.320526,16.074396, 209.987885, 1.000106
5, 64,0,32.284958, 32.282314, 119.122871, 62.766247,23.926641, 230.777679, 1.000082
5, 64,1,203.534897, 203.533554, 119.122871, 62.766247,23.926641, 230.777679, 1.000007
5, 64,2,159.381790, 159.382309, 119.122871, 62.766247,23.926641, 230.777679, 0.999997
5, 64,3,122.090782, 122.096031, 119.122871, 62.766247,23.926641, 230.777679, 0.999957
5, 64,4,23.926641, 23.933224, 119.122871, 62.766247,23.926641, 230.777679, 0.999725
5, 64,5,108.221954, 108.230583, 119.122871, 62.766247,23.926641, 230.777679, 0.999920
5, 64,6,230.777679, 230.803635, 119.122871, 62.766247,23.926641, 230.777679, 0.999888
5, 64,7,57.236191, 57.248264, 119.122871, 62.766247,23.926641, 230.777679, 0.999789
5, 64,8,141.918808, 141.925125, 119.122871, 62.766247,23.926641, 230.777679, 0.999955
5, 64,9,201.238220, 201.229431, 119.122871, 62.766247,23.926641, 230.777679, 1.000044
5, 64,10,179.648727, 179.631577, 119.122871, 62.766247,23.926641, 230.777679, 1.000095
5, 64,11,150.557968, 150.558853, 119.122871, 62.766247,23.926641, 230.777679, 0.999994
5, 64,12,171.388016, 171.384140, 119.122871, 62.766247,23.926641, 230.777679, 1.000023
5, 64,13,130.588028, 130.600998, 119.122871, 62.766247,23.926641, 230.777679, 0.999901
5, 64,14,165.228958, 165.237534, 119.122871, 62.766247,23.926641, 230.777679, 0.999948
5, 64,15,59.363571, 59.369423, 119.122871, 62.766247,23.926641, 230.777679, 0.999901
5, 64,16,178.862991, 178.865784, 119.122871, 62.766247,23.926641, 230.777679, 0.999984
5, 64,17,27.251358, 27.253885, 119.122871, 62.766247,23.926641, 230.777679, 0.999907
5, 64,18,24.427362, 24.434711, 119.122871, 62.766247,23.926641, 230.777679, 0.999699
5, 64,19,139.715897, 139.729431, 119.122871, 62.766247,23.926641, 230.777679, 0.999903
5, 64,20,51.802486, 51.813225, 119.122871, 62.766247,23.926641, 230.777679, 0.999793
5, 64,21,137.923828, 137.920013, 119.122871, 62.766247,23.926641, 230.777679, 1.000028
5, 64,22,67.196220, 67.196701, 119.122871, 62.766247,23.926641, 230.777679, 0.999993
5, 64,23,197.452591, 197.441162, 119.122871, 62.766247,23.926641, 230.777679, 1.000058
5, 64,24,53.282940, 53.270248, 119.122871, 62.766247,23.926641, 230.777679, 1.000238
5, 64,25,76.888168, 76.894386, 119.122871, 62.766247,23.926641, 230.777679, 0.999919
5, 64,26,129.189331, 129.191406, 119.122871, 62.766247,23.926641, 230.777679, 0.999984
5, 64,27,137.463470, 137.459183, 119.122871, 62.766247,23.926641, 230.777679, 1.000031
5, 64,28,122.800049, 122.800835, 119.122871, 62.766247,23.926641, 230.777679, 0.999994
5, 64,29,62.947323, 62.934052, 119.122871, 62.766247,23.926641, 230.777679, 1.000211
5, 64,30,219.148193, 219.160995, 119.122871, 62.766247,23.926641, 230.777679, 0.999942
5, 64,31,48.192532, 48.187607, 119.122871, 62.766247,23.926641, 230.777679, 1.000102
5, 65,0,237.265381, 237.273331, 119.123169, 88.964172,13.978895, 247.782516, 0.999967
5, 65,1,205.209656, 205.204285, 119.123169, 88.964172,13.978895, 247.782516, 1.000026
5, 65,2,246.184235, 246.191849, 119.123169, 88.964172,13.978895, 247.782516, 0.999969
5, 65,3,36.475075, 36.465591, 119.123169, 88.964172,13.978895, 247.782516, 1.000260
5, 65,4,13.978895, 13.989039, 119.123169, 88.964172,13.978895, 247.782516, 0.999275
5, 65,5,21.448330, 21.442036, 119.123169, 88.964172,13.978895, 247.782516, 1.000293
5, 65,6,188.881210, 188.887634, 119.123169, 88.964172,13.978895, 247.782516, 0.999966
5, 65,7,243.054245, 243.049240, 119.123169, 88.964172,13.978895, 247.782516, 1.000021
5, 65,8,41.057091, 41.058075, 119.123169, 88.964172,13.978895, 247.782516, 0.999976
5, 65,9,112.889221, 112.892128, 119.123169, 88.964172,13.978895, 247.782516, 0.999974
5, 65,10,247.782516, 247.782761, 119.123169, 88.964172,13.978895, 247.782516, 0.999999
5, 65,11,108.404617, 108.409355, 119.123169, 88.964172,13.978895, 247.782516, 0.999956
5, 65,12,18.374952, 18.377766, 119.123169, 88.964172,13.978895, 247.782516, 0.999847
5, 65,13,50.767998, 50.768135, 119.123169, 88.964172,13.978895, 247.782516, 0.999997
5, 65,14,175.011063, 175.023956, 119.123169, 88.964172,13.978895, 247.782516, 0.999926
5, 65,15,227.749329, 227.759201, 119.123169, 88.964172,13.978895, 247.782516, 0.999957
5, 65,16,17.756144, 17.758642, 119.123169, 88.964172,13.978895, 247.782516, 0.999859
5, 65,17,82.286476, 82.288597, 119.123169, 88.964172,13.978895, 247.782516, 0.999974
5, 65,18,24.131264, 24.130133, 119.123169, 88.964172,13.978895, 247.782516, 1.000047
5, 65,19,238.080704, 238.072723, 119.123169, 88.964172,13.978895, 247.782516, 1.000033
5, 65,20,66.578423, 66.575394, 119.123169, 88.964172,13.978895, 247.782516, 1.000046
5, 65,21,100.299934, 100.305885, 119.123169, 88.964172,13.978895, 247.782516, 0.999941
5, 65,22,62.961143, 62.954689, 119.123169, 88.964172,13.978895, 247.782516, 1.000103
5, 65,23,138.342300, 138.354584, 119.123169, 88.964172,13.978895, 247.782516, 0.999911
5, 65,24,199.534607, 199.538132, 119.123169, 88.964172,13.978895, 247.782516, 0.999982
5, 65,25,33.962952, 33.973419, 119.123169, 88.964172,13.978895, 247.782516, 0.999692
5, 65,26,19.190418, 19.184978, 119.123169, 88.964172,13.978895, 247.782516, 1.000284
5, 65,27,17.467491, 17.468672, 119.123169, 88.964172,13.978895, 247.782516, 0.999932
5, 65,28,151.704132, 151.701019, 119.123169, 88.964172,13.978895, 247.782516, 1.000021
5, 65,29,31.181816, 31.191278, 119.123169, 88.964172,13.978895, 247.782516, 0.999697
5, 65,30,234.141068, 234.146378, 119.123169, 88.964172,13.978895, 247.782516, 0.999977
5, 65,31,219.788223, 219.781128, 119.123169, 88.964172,13.978895, 247.782516, 1.000032
5, 66,0,41.412399, 41.434486, 119.125961, 57.580585,12.471725, 206.843567, 0.999467
5, 66,1,175.447235, 175.463181, 119.125961, 57.580585,12.471725, 206.843567, 0.999909
5, 66,2,193.834595, 193.829819, 119.125961, 57.580585,12.471725, 206.843567, 1.000025
5, 66,3,206.843567, 206.847382, 119.125961, 57.580585,12.471725, 206.843567, 0.999982
5, 66,4,197.458542, 197.450348, 119.125961, 57.580585,12.471725, 206.843567, 1.000041
5, 66,5,155.473602, 155.468567, 119.125961, 57.580585,12.471725, 206.843567, 1.000032
5, 66,6,126.583038, 126.579758, 119.125961, 57.580585,12.471725, 206.843567, 1.000026
5, 66,7,23.097641, 23.099274, 119.125961, 57.580585,12.471725, 206.843567, 0.999929
5, 66,8,87.214088, 87.225372, 119.125961, 57.580585,12.471725, 206.843567, 0.999871
5, 66,9,97.470627, 97.464676, 119.125961, 57.580585,12.471725, 206.843567, 1.000061
5, 66,10,141.107880, 141.099594, 119.125961, 57.580585,12.471725, 206.843567, 1.000059
5, 66,11,109.268089, 109.262825, 119.125961, 57.580585,12.471725, 206.843567, 1.000048
5, 66,12,73.968353, 73.975243, 119.125961, 57.580585,12.471725, 206.843567, 0.999907
5, 66,13,175.904022, 175.896881, 119.125961, 57.580585,12.471725, 206.843567, 1.000041
5, 66,14,144.178299, 144.160706, 119.125961, 57.580585,12.471725, 206.843567, 1.000122
5, 66,15,175.490433, 175.488327, 119.125961, 57.580585,12.471725, 206.843567, 1.000012
5, 66,16,161.239655, 161.232483, 119.125961, 57.580585,12.471725, 206.843567, 1.000044
5, 66,17,197.626328, 197.632629, 119.125961, 57.580585,12.471725, 206.843567, 0.999968
5, 66,18,129.949112, 129.955139, 119.125961, 57.580585,12.471725, 206.843567, 0.999954
5, 66,19,38.142101, 38.128235, 119.125961, 57.580585,12.471725, 206.843567, 1.000364
5, 66,20,164.257019, 164.255890, 119.125961, 57.580585,12.471725, 206.843567, 1.000007
5, 66,21,143.343445, 143.330994, 119.125961, 57.580585,12.471725, 206.843567, 1.000087
5, 66,22,126.441330, 126.441467, 119.125961, 57.580585,12.471725, 206.843567, 0.999999
5, 66,23,12.471725, 12.489113, 119.125961, 57.580585,12.471725, 206.843567, 0.998608
5, 66,24,102.292137, 102.285767, 119.125961, 57.580585,12.471725, 206.843567, 1.000062
5, 66,25,46.285271, 46.286999, 119.125961, 57.580585,12.471725, 206.843567, 0.999963
5, 66,26,69.624123, 69.631859, 119.125961, 57.580585,12.471725, 206.843567, 0.999889
5, 66,27,79.847206, 79.852310, 119.125961, 57.580585,12.471725, 206.843567, 0.999936
5, 66,28,148.690002, 148.686356, 119.125961, 57.580585,12.471725, 206.843567, 1.000025
5, 66,29,167.756104, 167.756989, 119.125961, 57.580585,12.471725, 206.843567, 0.999995
5, 66,30,24.280350, 24.268402, 119.125961, 57.580585,12.471725, 206.843567, 1.000492
5, 66,31,75.032372, 75.018654, 119.125961, 57.580585,12.471725, 206.843567, 1.000183
5, 67,0,233.273544, 233.265594, 119.123383, 64.557899,13.285872, 251.874817, 1.000034
5, 67,1,68.728401, 68.720505, 119.123383, 64.557899,13.285872, 251.874817, 1.000115
5, 67,2,41.596809, 41.582924, 119.123383, 64.557899,13.285872, 251.874817, 1.000334
5, 67,3,182.415848, 182.429535, 119.123383, 64.557899,13.285872, 251.874817, 0.999925
5, 67,4,30.309059, 30.311888, 119.123383, 64.557899,13.285872, 251.874817, 0.999907
5, 67,5,174.570770, 174.597641, 119.123383, 64.557899,13.285872, 251.874817, 0.999846
5, 67,6,41.574402, 41.560394, 119.123383, 64.557899,13.285872, 251.874817, 1.000337
5, 67,7,97.151794, 97.157150, 119.123383, 64.557899,13.285872, 251.874817, 0.999945
5, 67,8,154.405746, 154.398376, 119.123383, 64.557899,13.285872, 251.874817, 1.000048
5, 67,9,130.808594, 130.805054, 119.123383, 64.557899,13.285872, 251.874817, 1.000027
5, 67,10,126.154877, 126.149460, 119.123383, 64.557899,13.285872, 251.874817, 1.000043
5, 67,11,120.700203, 120.705429, 119.123383, 64.557899,13.285872, 251.874817, 0.999957
5, 67,12,71.109825, 71.123398, 119.123383, 64.557899,13.285872, 251.874817, 0.999809
5, 67,13,174.847488, 174.837906, 119.123383, 64.557899,13.285872, 251.874817, 1.000055
5, 67,14,112.105995, 112.107597, 119.123383, 64.557899,13.285872, 251.874817, 0.999986
5, 67,15,76.348961, 76.364685, 119.123383, 64.557899,13.285872, 251.874817, 0.999794
5, 67,16,152.684006, 152.671295, 119.123383, 64.557899,13.285872, 251.874817, 1.000083
5, 67,17,33.226227, 33.210369, 119.123383, 64.557899,13.285872, 251.874817, 1.000477
5, 67,18,136.132492, 136.136444, 119.123383, 64.557899,13.285872, 251.874817, 0.999971
5, 67,19,251.874817, 251.887924, 119.123383, 64.557899,13.285872, 251.874817, 0.999948
5, 67,20,25.592478, 25.596226, 119.123383, 64.557899,13.285872, 251.874817, 0.999854
5, 67,21,217.964355, 217.962204, 119.123383, 64.557899,13.285872, 251.874817, 1.000010
5, 67,22,117.921631, 117.934593, 119.123383, 64.557899,13.285872, 251.874817, 0.999890
5, 67,23,88.642326, 88.641922, 119.123383, 64.557899,13.285872, 251.874817, 1.000005
5, 67,24,196.671478, 196.666626, 119.123383, 64.557899,13.285872, 251.874817, 1.000025
5, 67,25,132.594437, 132.599701, 119.123383, 64.557899,13.285872, 251.874817, 0.999960
5, 67,26,182.861435, 182.857544, 119.123383, 64.557899,13.285872, 251.874817, 1.000021
5, 67,27,142.996460, 142.999695, 119.123383, 64.557899,13.285872, 251.874817, 0.999977
5, 67,28,13.285872, 13.296458, 119.123383, 64.557899,13.285872, 251.874817, 0.999204
5, 67,29,38.530994, 38.534260, 119.123383, 64.557899,13.285872, 251.874817, 0.999915
5, 67,30,83.573471, 83.580841, 119.123383, 64.557899,13.285872, 251.874817, 0.999912
5, 67,31,161.293762, 161.306671, 119.123383, 64.557899,13.285872, 251.874817, 0.999920
5, 68,0,126.952103, 126.961189, 119.123970, 61.278732,11.543282, 215.554062, 0.999928
5, 68,1,27.752789, 27.741877, 119.123970, 61.278732,11.543282, 215.554062, 1.000393
5, 68,2,181.558762, 181.551575, 119.123970, 61.278732,11.543282, 215.554062, 1.000040
5, 68,3,11.543282, 11.549704, 119.123970, 61.278732,11.543282, 215.554062, 0.999444
5, 68,4,172.042709, 172.042892, 119.123970, 61.278732,11.543282, 215.554062, 0.999999
5, 68,5,105.143181, 105.144165, 119.123970, 61.278732,11.543282, 215.554062, 0.999991
5, 68,6,23.622025, 23.622089, 119.123970, 61.278732,11.543282, 215.554062, 0.999997
5, 68,7,215.554062, 215.555786, 119.123970, 61.278732,11.543282, 215.554062, 0.999992
5, 68,8,92.258255, 92.255478, 119.123970, 61.278732,11.543282, 215.554062, 1.000030
5, 68,9,206.160950, 206.168274, 119.123970, 61.278732,11.543282, 215.554062, 0.999964
5, 68,10,149.018143, 149.020554, 119.123970, 61.278732,11.543282, 215.554062, 0.999984
5, 68,11,185.364731, 185.365250, 119.123970, 61.278732,11.543282, 215.554062, 0.999997
5, 68,12,101.945770, 101.955475, 119.123970, 61.278732,11.543282, 215.554062, 0.999905
5, 68,13,56.019054, 56.012814, 119.123970, 61.278732,11.543282, 215.554062, 1.000111
5, 68,14,172.872559, 172.878326, 119.123970, 61.278732,11.543282, 215.554062, 0.999967
5, 68,15,210.384537, 210.383728, 119.123970, 61.278732,11.543282, 215.554062, 1.000004
5, 68,16,152.190948, 152.202850, 119.123970, 61.278732,11.543282, 215.554062, 0.999922
5, 68,17,164.851990, 164.849213, 119.123970, 61.278732,11.543282, 215.554062, 1.000017
5, 68,18,86.799850, 86.790054, 119.123970, 61.278732,11.543282, 215.554062, 1.000113
5, 68,19,33.480793, 33.494278, 119.123970, 61.278732,11.543282, 215.554062, 0.999597
5, 68,20,85.065247, 85.080925, 119.123970, 61.278732,11.543282, 215.554062, 0.999816
5, 68,21,137.168167, 137.165009, 119.123970, 61.278732,11.543282, 215.554062, 1.000023
5, 68,22,28.015844, 28.016104, 119.123970, 61.278732,11.543282, 215.554062, 0.999991
5, 68,23,196.484161, 196.474655, 119.123970, 61.278732,11.543282, 215.554062, 1.000048
5, 68,24,116.553886, 116.553299, 119.123970, 61.278732,11.543282, 215.554062, 1.000005
5, 68,25,174.943405, 174.944611, 119.123970, 61.278732,11.543282, 215.554062, 0.999993
5, 68,26,80.136681, 80.132072, 119.123970, 61.278732,11.543282, 215.554062, 1.000057
5, 68,27,156.487808, 156.475708, 119.123970, 61.278732,11.543282, 215.554062, 1.000077
5, 68,28,139.378922, 139.384323, 119.123970, 61.278732,11.543282, 215.554062, 0.999961
5, 68,29,60.418262, 60.419582, 119.123970, 61.278732,11.543282, 215.554062, 0.999978
5, 68,30,111.598137, 111.604454, 119.123970, 61.278732,11.543282, 215.554062, 0.999943
5, 68,31,50.199913, 50.203018, 119.123970, 61.278732,11.543282, 215.554062, 0.999938
5, 69,0,190.609756, 190.607147, 119.124535, 58.809689,21.134600, 194.897079, 1.000014
5, 69,1,37.711624, 37.714760, 119.124535, 58.809689,21.134600, 194.897079, 0.999917
5, 69,2,169.904297, 169.908875, 119.124535, 58.809689,21.134600, 194.897079, 0.999973
5, 69,3,122.333534, 122.340881, 119.124535, 58.809689,21.134600, 194.897079, 0.999940
5, 69,4,36.783928, 36.774467, 119.124535, 58.809689,21.134600, 194.897079, 1.000257
5, 69,5,179.508972, 179.514099, 119.124535, 58.809689,21.134600, 194.897079, 0.999971
5, 69,6,51.912647, 51.914333, 119.124535, 58.809689,21.134600, 194.897079, 0.999968
5, 69,7,144.055389, 144.062775, 119.124535, 58.809689,21.134600, 194.897079, 0.999949
5, 69,8,173.499084, 173.503387, 119.124535, 58.809689,21.134600, 194.897079, 0.999975
5, 69,9,183.225311, 183.221710, 119.124535, 58.809689,21.134600, 194.897079, 1.000020
5, 69,10,30.473745, 30.466192, 119.124535, 58.809689,21.134600, 194.897079, 1.000248
5, 69,11,55.422440, 55.419594, 119.124535, 58.809689,21.134600, 194.897079, 1.000051
5, 69,12,85.220261, 85.223228, 119.124535, 58.809689,21.134600, 194.897079, 0.999965
5, 69,13,50.075645, 50.075413, 119.124535, 58.809689,21.134600, 194.897079, 1.000005
5, 69,14,155.644653, 155.643829, 119.124535, 58.809689,21.134600, 194.897079, 1.000005
5, 69,15,32.299847, 32.305115, 119.124535, 58.809689,21.134600, 194.897079, 0.999837
5, 69,16,118.421173, 118.425003, 119.124535, 58.809689,21.134600, 194.897079, 0.999968
5, 69,17,115.608040, 115.616020, 119.124535, 58.809689,21.134600, 194.897079, 0.999931
5, 69,18,73.355240, 73.350571, 119.124535, 58.809689,21.134600, 194.897079, 1.000064
5, 69,19,56.948486, 56.949051, 119.124535, 58.809689,21.134600, 194.897079, 0.999990
5, 69,20,154.003113, 153.995346, 119.124535, 58.809689,21.134600, 194.897079, 1.000050
5, 69,21,181.996567, 181.989822, 119.124535, 58.809689,21.134600, 194.897079, 1.000037
5, 69,22,190.235992, 190.238174, 119.124535, 58.809689,21.134600, 194.897079, 0.999989
5, 69,23,152.655777, 152.650375, 119.124535, 58.809689,21.134600, 194.897079, 1.000035
5, 69,24,194.897079, 194.903915, 119.124535, 58.809689,21.134600, 194.897079, 0.999965
5, 69,25,119.251884, 119.258171, 119.124535, 58.809689,21.134600, 194.897079, 0.999947
5, 69,26,186.632355, 186.631760, 119.124535, 58.809689,21.134600, 194.897079, 1.000003
5, 69,27,189.241013, 189.238373, 119.124535, 58.809689,21.134600, 194.897079, 1.000014
5, 69,28,96.568054, 96.566223, 119.124535, 58.809689,21.134600, 194.897079, 1.000019
5, 69,29,113.696945, 113.693787, 119.124535, 58.809689,21.134600, 194.897079, 1.000028
5, 69,30,148.657364, 148.669006, 119.124535, 58.809689,21.134600, 194.897079, 0.999922
5, 69,31,21.134600, 21.128754, 119.124535, 58.809689,21.134600, 194.897079, 1.000277
5, 70,0,62.838261, 62.839104, 119.123566, 63.686783,33.790585, 239.118515, 0.999987
5, 70,1,238.092667, 238.091980, 119.123566, 63.686783,33.790585, 239.118515, 1.000003
5, 70,2,155.340332, 155.326843, 119.123566, 63.686783,33.790585, 239.118515, 1.000087
5, 70,3,41.837410, 41.835438, 119.123566, 63.686783,33.790585, 239.118515, 1.000047
5, 70,4,61.329128, 61.336842, 119.123566, 63.686783,33.790585, 239.118515, 0.999874
5, 70,5,239.118515, 239.123901, 119.123566, 63.686783,33.790585, 239.118515, 0.999977
5, 70,6,141.549072, 141.553726, 119.123566, 63.686783,33.790585, 239.118515, 0.999967
5, 70,7,178.516815, 178.513718, 119.123566, 63.686783,33.790585, 239.118515, 1.000017
5, 70,8,95.304214, 95.299316, 119.123566, 63.686783,33.790585, 239.118515, 1.000051
5, 70,9,65.495483, 65.492645, 119.123566, 63.686783,33.790585, 239.118515, 1.000043
5, 70,10,87.373192, 87.380821, 119.123566, 63.686783,33.790585, 239.118515, 0.999913
5, 70,11,66.499428, 66.503517, 119.123566, 63.686783,33.790585, 239.118515, 0.999938
5, 70,12,123.159798, 123.168495, 119.123566, 63.686783,33.790585, 239.118515, 0.999929
5, 70,13,160.983307, 160.991943, 119.123566, 63.686783,33.790585, 239.118515, 0.999946
5, 70,14,119.451920, 119.447914, 119.123566, 63.686783,33.790585, 239.118515, 1.000033
5, 70,15,127.509262, 127.513840, 119.123566, 63.686783,33.790585, 239.118515, 0.999964
5, 70,16,40.452374, 40.452511, 119.123566, 63.686783,33.790585, 239.118515, 0.999997
5, 70,17,232.689697, 232.686615, 119.123566, 63.686783,33.790585, 239.118515, 1.000013
5, 70,18,60.372215, 60.382126, 119.123566, 63.686783,33.790585, 239.118515, 0.999836
5, 70,19,36.524292, 36.535385, 119.123566, 63.686783,33.790585, 239.118515, 0.999696
5, 70,20,58.029831, 58.030449, 119.123566, 63.686783,33.790585, 239.118515, 0.999989
5, 70,21,214.993561, 215.017426, 119.123566, 63.686783,33.790585, 239.118515, 0.999889
5, 70,22,130.828049, 130.834274, 119.123566, 63.686783,33.790585, 239.118515, 0.999952
5, 70,23,95.023254, 95.011505, 119.123566, 63.686783,33.790585, 239.118515, 1.000124
5, 70,24,177.016968, 177.018478, 119.123566, 63.686783,33.790585, 239.118515, 0.999991
5, 70,25,33.790585, 33.797607, 119.123566, 63.686783,33.790585, 239.118515, 0.999792
5, 70,26,190.884552, 190.875854, 119.123566, 63.686783,33.790585, 239.118515, 1.000046
5, 70,27,84.846458, 84.839607, 119.123566, 63.686783,33.790585, 239.118515, 1.000081
5, 70,28,89.892159, 89.900993, 119.123566, 63.686783,33.790585, 239.118515, 0.999902
5, 70,29,161.492767, 161.476318, 119.123566, 63.686783,33.790585, 239.118515, 1.000102
5, 70,30,58.359886, 58.360386, 119.123566, 63.686783,33.790585, 239.118515, 0.999991
5, 70,31,182.358795, 182.360657, 119.123566, 63.686783,33.790585, 239.118515, 0.999990
5, 71,0,31.817102, 31.808441, 119.122322, 64.932556,11.496791, 228.298920, 1.000272
5, 71,1,228.298920, 228.305161, 119.122322, 64.932556,11.496791, 228.298920, 0.999973
5, 71,2,101.736214, 101.742622, 119.122322, 64.932556,11.496791, 228.298920, 0.999937
5, 71,3,110.269524, 110.265297, 119.122322, 64.932556,11.496791, 228.298920, 1.000038
5, 71,4,227.932480, 227.937225, 119.122322, 64.932556,11.496791, 228.298920, 0.999979
5, 71,5,54.317657, 54.319294, 119.122322, 64.932556,11.496791, 228.298920, 0.999970
5, 71,6,72.838470, 72.849785, 119.122322, 64.932556,11.496791, 228.298920, 0.999845
5, 71,7,211.027206, 211.018951, 119.122322, 64.932556,11.496791, 228.298920, 1.000039
5, 71,8,195.568695, 195.545654, 119.122322, 64.932556,11.496791, 228.298920, 1.000118
5, 71,9,159.177109, 159.173737, 119.122322, 64.932556,11.496791, 228.298920, 1.000021
5, 71,10,132.954941, 132.963470, 119.122322, 64.932556,11.496791, 228.298920, 0.999936
5, 71,11,124.647179, 124.674934, 119.122322, 64.932556,11.496791, 228.298920, 0.999777
5, 71,12,25.687792, 25.687359, 119.122322, 64.932556,11.496791, 228.298920, 1.000017
5, 71,13,203.919861, 203.921173, 119.122322, 64.932556,11.496791, 228.298920, 0.999994
5, 71,14,71.570534, 71.572052, 119.122322, 64.932556,11.496791, 228.298920, 0.999979
5, 71,15,109.579094, 109.569572, 119.122322, 64.932556,11.496791, 228.298920, 1.000087
5, 71,16,172.637756, 172.633423, 119.122322, 64.932556,11.496791, 228.298920, 1.000025
5, 71,17,69.967216, 69.979889, 119.122322, 64.932556,11.496791, 228.298920, 0.999819
5, 71,18,128.480652, 128.481384, 119.122322, 64.932556,11.496791, 228.298920, 0.999994
5, 71,19,122.836052, 122.841957, 119.122322, 64.932556,11.496791, 228.298920, 0.999952
5, 71,20,160.097687, 160.116989, 119.122322, 64.932556,11.496791, 228.298920, 0.999879
5, 71,21,41.464592, 41.468376, 119.122322, 64.932556,11.496791, 228.298920, 0.999909
5, 71,22,145.480377, 145.493286, 119.122322, 64.932556,11.496791, 228.298920, 0.999911
5, 71,23,200.760666, 200.763641, 119.122322, 64.932556,11.496791, 228.298920, 0.999985
5, 71,24,207.805740, 207.814590, 119.122322, 64.932556,11.496791, 228.298920, 0.999957
5, 71,25,117.921524, 117.918327, 119.122322, 64.932556,11.496791, 228.298920, 1.000027
5, 71,26,11.496791, 11.491804, 119.122322, 64.932556,11.496791, 228.298920, 1.000434
5, 71,27,27.756544, 27.734407, 119.122322, 64.932556,11.496791, 228.298920, 1.000798
5, 71,28,30.867498, 30.891949, 119.122322, 64.932556,11.496791, 228.298920, 0.999209
5, 71,29,135.804855, 135.819977, 119.122322, 64.932556,11.496791, 228.298920, 0.999889
5, 71,30,92.535225, 92.530899, 119.122322, 64.932556,11.496791, 228.298920, 1.000047
5, 71,31,84.657883, 84.663795, 119.122322, 64.932556,11.496791, 228.298920, 0.999930
5, 72,0,130.430603, 130.438416, 119.124237, 51.411972,28.490841, 220.699860, 0.999940
5, 72,1,73.026398, 73.032532, 119.124237, 51.411972,28.490841, 220.699860, 0.999916
5, 72,2,220.699860, 220.709290, 119.124237, 51.411972,28.490841, 220.699860, 0.999957
5, 72,3,79.042503, 79.026123, 119.124237, 51.411972,28.490841, 220.699860, 1.000207
5, 72,4,77.035210, 77.043274, 119.124237, 51.411972,28.490841, 220.699860, 0.999895
5, 72,5,38.527077, 38.532341, 119.124237, 51.411972,28.490841, 220.699860, 0.999863
5, 72,6,150.546951, 150.543671, 119.124237, 51.411972,28.490841, 220.699860, 1.000022
5, 72,7,130.286987, 130.283905, 119.124237, 51.411972,28.490841, 220.699860, 1.000024
5, 72,8,121.227318, 121.232361, 119.124237, 51.411972,28.490841, 220.699860, 0.999958
5, 72,9,151.368134, 151.367706, 119.124237, 51.411972,28.490841, 220.699860, 1.000003
5, 72,10,144.213776, 144.234634, 119.124237, 51.411972,28.490841, 220.699860, 0.999855
5, 72,11,166.600067, 166.612442, 119.124237, 51.411972,28.490841, 220.699860, 0.999926
5, 72,12,82.436996, 82.444595, 119.124237, 51.411972,28.490841, 220.699860, 0.999908
5, 72,13,111.949364, 111.942612, 119.124237, 51.411972,28.490841, 220.699860, 1.000060
5, 72,14,143.576431, 143.558655, 119.124237, 51.411972,28.490841, 220.699860, 1.000124
5, 72,15,174.908966, 174.891449, 119.124237, 51.411972,28.490841, 220.699860, 1.000100
5, 72,16,35.990376, 35.976532, 119.124237, 51.411972,28.490841, 220.699860, 1.000385
5, 72,17,113.933136, 113.931892, 119.124237, 51.411972,28.490841, 220.699860, 1.000011
5, 72,18,101.963112, 101.964012, 119.124237, 51.411972,28.490841, 220.699860, 0.999991
5, 72,19,62.478817, 62.493847, 119.124237, 51.411972,28.490841, 220.699860, 0.999759
5, 72,20,218.206543, 218.204987, 119.124237, 51.411972,28.490841, 220.699860, 1.000007
5, 72,21,100.109451, 100.109932, 119.124237, 51.411972,28.490841, 220.699860, 0.999995
5, 72,22,28.490841, 28.489370, 119.124237, 51.411972,28.490841, 220.699860, 1.000052
5, 72,23,184.791611, 184.786346, 119.124237, 51.411972,28.490841, 220.699860, 1.000028
5, 72,24,208.775940, 208.773605, 119.124237, 51.411972,28.490841, 220.699860, 1.000011
5, 72,25,132.666321, 132.685211, 119.124237, 51.411972,28.490841, 220.699860, 0.999858
5, 72,26,63.372421, 63.369385, 119.124237, 51.411972,28.490841, 220.699860, 1.000048
5, 72,27,89.838127, 89.828758, 119.124237, 51.411972,28.490841, 220.699860, 1.000104
5, 72,28,85.915810, 85.921013, 119.124237, 51.411972,28.490841, 220.699860, 0.999939
5, 72,29,117.966881, 117.961952, 119.124237, 51.411972,28.490841, 220.699860, 1.000042
5, 72,30,170.106033, 170.108170, 119.124237, 51.411972,28.490841, 220.699860, 0.999987
5, 72,31,101.494438, 101.500496, 119.124237, 51.411972,28.490841, 220.699860, 0.999940
5, 73,0,28.176487, 28.178963, 119.128685, 66.811806,11.537597, 219.492233, 0.999912
5, 73,1,185.240158, 185.220337, 119.128685, 66.811806,11.537597, 219.492233, 1.000107
5, 73,2,189.963028, 189.949707, 119.128685, 66.811806,11.537597, 219.492233, 1.000070
5, 73,3,131.712784, 131.707062, 119.128685, 66.811806,11.537597, 219.492233, 1.000043
5, 73,4,215.456314, 215.436539, 119.128685, 66.811806,11.537597, 219.492233, 1.000092
5, 73,5,163.746704, 163.756714, 119.128685, 66.811806,11.537597, 219.492233, 0.999939
5, 73,6,46.856384, 46.856781, 119.128685, 66.811806,11.537597, 219.492233, 0.999992
5, 73,7,127.324295, 127.327530, 119.128685, 66.811806,11.537597, 219.492233, 0.999975
5, 73,8,27.314054, 27.304352, 119.128685, 66.811806,11.537597, 219.492233, 1.000355
5, 73,9,106.707390, 106.706123, 119.128685, 66.811806,11.537597, 219.492233, 1.000012
5, 73,10,26.225843, 26.215946, 119.128685, 66.811806,11.537597, 219.492233, 1.000378
5, 73,11,139.857895, 139.850662, 119.128685, 66.811806,11.537597, 219.492233, 1.000052
5, 73,12,101.891327, 101.886040, 119.128685, 66.811806,11.537597, 219.492233, 1.000052
5, 73,13,79.317329, 79.308105, 119.128685, 66.811806,11.537597, 219.492233, 1.000116
5, 73,14,43.905327, 43.889580, 119.128685, 66.811806,11.537597, 219.492233, 1.000359
5, 73,15,192.896729, 192.897476, 119.128685, 66.811806,11.537597, 219.492233, 0.999996
5, 73,16,99.329720, 99.333473, 119.128685, 66.811806,11.537597, 219.492233, 0.999962
5, 73,17,103.576561, 103.589912, 119.128685, 66.811806,11.537597, 219.492233, 0.999871
5, 73,18,160.390045, 160.381363, 119.128685, 66.811806,11.537597, 219.492233, 1.000054
5, 73,19,43.668171, 43.669304, 119.128685, 66.811806,11.537597, 219.492233, 0.999974
5, 73,20,188.782623, 188.770615, 119.128685, 66.811806,11.537597, 219.492233, 1.000064
5, 73,21,182.306061, 182.311447, 119.128685, 66.811806,11.537597, 219.492233, 0.999970
5, 73,22,217.045120, 217.030273, 119.128685, 66.811806,11.537597, 219.492233, 1.000068
5, 73,23,88.694687, 88.689133, 119.128685, 66.811806,11.537597, 219.492233, 1.000063
5, 73,24,162.211029, 162.214798, 119.128685, 66.811806,11.537597, 219.492233, 0.999977
5, 73,25,11.537597, 11.535429, 119.128685, 66.811806,11.537597, 219.492233, 1.000188
5, 73,26,194.042557, 194.050659, 119.128685, 66.811806,11.537597, 219.492233, 0.999958
5, 73,27,103.788826, 103.790749, 119.128685, 66.811806,11.537597, 219.492233, 0.999981
5, 73,28,162.732819, 162.739578, 119.128685, 66.811806,11.537597, 219.492233, 0.999958
5, 73,29,219.492233, 219.492142, 119.128685, 66.811806,11.537597, 219.492233, 1.000000
5, 73,30,23.360634, 23.352404, 119.128685, 66.811806,11.537597, 219.492233, 1.000352
5, 73,31,44.567146, 44.556873, 119.128685, 66.811806,11.537597, 219.492233, 1.000231
5, 74,0,132.457031, 132.461761, 119.124077, 67.684555,22.799921, 230.046234, 0.999964
5, 74,1,80.230057, 80.241013, 119.124077, 67.684555,22.799921, 230.046234, 0.999863
5, 74,2,33.932865, 33.920570, 119.124077, 67.684555,22.799921, 230.046234, 1.000363
5, 74,3,23.039757, 23.039980, 119.124077, 67.684555,22.799921, 230.046234, 0.999990
5, 74,4,165.422745, 165.422867, 119.124077, 67.684555,22.799921, 230.046234, 0.999999
5, 74,5,54.728840, 54.716106, 119.124077, 67.684555,22.799921, 230.046234, 1.000233
5, 74,6,116.699234, 116.699730, 119.124077, 67.684555,22.799921, 230.046234, 0.999996
5, 74,7,73.847435, 73.854080, 119.124077, 67.684555,22.799921, 230.046234, 0.999910
5, 74,8,155.392883, 155.416687, 119.124077, 67.684555,22.799921, 230.046234, 0.999847
5, 74,9,25.774670, 25.762028, 119.124077, 67.684555,22.799921, 230.046234, 1.000491
5, 74,10,22.799921, 22.789064, 119.124077, 67.684555,22.799921, 230.046234, 1.000476
5, 74,11,226.866257, 226.874252, 119.124077, 67.684555,22.799921, 230.046234, 0.999965
5, 74,12,102.526009, 102.504021, 119.124077, 67.684555,22.799921, 230.046234, 1.000214
5, 74,13,151.984711, 151.979904, 119.124077, 67.684555,22.799921, 230.046234, 1.000032
5, 74,14,170.416138, 170.425964, 119.124077, 67.684555,22.799921, 230.046234, 0.999942
5, 74,15,157.879898, 157.880203, 119.124077, 67.684555,22.799921, 230.046234, 0.999998
5, 74,16,56.333656, 56.328045, 119.124077, 67.684555,22.799921, 230.046234, 1.000100
5, 74,17,188.166489, 188.180099, 119.124077, 67.684555,22.799921, 230.046234, 0.999928
5, 74,18,213.557739, 213.560547, 119.124077, 67.684555,22.799921, 230.046234, 0.999987
5, 74,19,39.000977, 38.999699, 119.124077, 67.684555,22.799921, 230.046234, 1.000033
5, 74,20,230.046234, 230.052521, 119.124077, 67.684555,22.799921, 230.046234, 0.999973
5, 74,21,171.428711, 171.422028, 119.124077, 67.684555,22.799921, 230.046234, 1.000039
5, 74,22,129.177582, 129.177063, 119.124077, 67.684555,22.799921, 230.046234, 1.000004
5, 74,23,48.382511, 48.382401, 119.124077, 67.684555,22.799921, 230.046234, 1.000002
5, 74,24,135.636002, 135.624817, 119.124077, 67.684555,22.799921, 230.046234, 1.000082
5, 74,25,56.446430, 56.472511, 119.124077, 67.684555,22.799921, 230.046234, 0.999538
5, 74,26,221.022568, 221.027176, 119.124077, 67.684555,22.799921, 230.046234, 0.999979
5, 74,27,141.122025, 141.099304, 119.124077, 67.684555,22.799921, 230.046234, 1.000161
5, 74,28,174.108139, 174.121262, 119.124077, 67.684555,22.799921, 230.046234, 0.999925
5, 74,29,208.132492, 208.131653, 119.124077, 67.684555,22.799921, 230.046234, 1.000004
5, 74,30,47.345299, 47.355930, 119.124077, 67.684555,22.799921, 230.046234, 0.999775
5, 74,31,58.065456, 58.076847, 119.124077, 67.684555,22.799921, 230.046234, 0.999804
5, 75,0,19.530838, 19.532278, 119.125015, 70.313995,13.211437, 231.385849, 0.999926
5, 75,1,44.796421, 44.799622, 119.125015, 70.313995,13.211437, 231.385849, 0.999929
5, 75,2,128.528427, 128.540680, 119.125015, 70.313995,13.211437, 231.385849, 0.999905
5, 75,3,155.529495, 155.523834, 119.125015, 70.313995,13.211437, 231.385849, 1.000036
5, 75,4,204.629120, 204.615082, 119.125015, 70.313995,13.211437, 231.385849, 1.000069
5, 75,5,231.385849, 231.380341, 119.125015, 70.313995,13.211437, 231.385849, 1.000024
5, 75,6,55.906895, 55.911533, 119.125015, 70.313995,13.211437, 231.385849, 0.999917
5, 75,7,144.786652, 144.793213, 119.125015, 70.313995,13.211437, 231.385849, 0.999955
5, 75,8,124.774994, 124.768623, 119.125015, 70.313995,13.211437, 231.385849, 1.000051
5, 75,9,77.203941, 77.209366, 119.125015, 70.313995,13.211437, 231.385849, 0.999930
5, 75,10,96.479385, 96.464569, 119.125015, 70.313995,13.211437, 231.385849, 1.000154
5, 75,11,74.579567, 74.587990, 119.125015, 70.313995,13.211437, 231.385849, 0.999887
5, 75,12,31.526943, 31.529329, 119.125015, 70.313995,13.211437, 231.385849, 0.999924
5, 75,13,155.060257, 155.054047, 119.125015, 70.313995,13.211437, 231.385849, 1.000040
5, 75,14,15.714149, 15.719366, 119.125015, 70.313995,13.211437, 231.385849, 0.999668
5, 75,15,101.150078, 101.149002, 119.125015, 70.313995,13.211437, 231.385849, 1.000011
5, 75,16,93.866402, 93.856812, 119.125015, 70.313995,13.211437, 231.385849, 1.000102
5, 75,17,164.769409, 164.770142, 119.125015, 70.313995,13.211437, 231.385849, 0.999996
5, 75,18,205.740326, 205.745316, 119.125015, 70.313995,13.211437, 231.385849, 0.999976
5, 75,19,15.746505, 15.753410, 119.125015, 70.313995,13.211437, 231.385849, 0.999562
5, 75,20,154.938965, 154.945099, 119.125015, 70.313995,13.211437, 231.385849, 0.999960
5, 75,21,136.700134, 136.711212, 119.125015, 70.313995,13.211437, 231.385849, 0.999919
5, 75,22,222.120621, 222.120422, 119.125015, 70.313995,13.211437, 231.385849, 1.000001
5, 75,23,91.984161, 91.984390, 119.125015, 70.313995,13.211437, 231.385849, 0.999997
5, 75,24,230.381638, 230.372665, 119.125015, 70.313995,13.211437, 231.385849, 1.000039
5, 75,25,80.938301, 80.933762, 119.125015, 70.313995,13.211437, 231.385849, 1.000056
5, 75,26,199.117920, 199.106781, 119.125015, 70.313995,13.211437, 231.385849, 1.000056
5, 75,27,214.784317, 214.794174, 119.125015, 70.313995,13.211437, 231.385849, 0.999954
5, 75,28,136.831985, 136.826965, 119.125015, 70.313995,13.211437, 231.385849, 1.000037
5, 75,29,13.211437, 13.220549, 119.125015, 70.313995,13.211437, 231.385849, 0.999311
5, 75,30,18.455463, 18.449684, 119.125015, 70.313995,13.211437, 231.385849, 1.000313
5, 75,31,170.829468, 170.829956, 119.125015, 70.313995,13.211437, 231.385849, 0.999997
5, 76,0,93.307411, 93.300957, 119.123169, 53.749733,10.621527, 204.938004, 1.000069
5, 76,1,159.289886, 159.295517, 119.123169, 53.749733,10.621527, 204.938004, 0.999965
5, 76,2,134.429382, 134.445801, 119.123169, 53.749733,10.621527, 204.938004, 0.999878
5, 76,3,70.927711, 70.919037, 119.123169, 53.749733,10.621527, 204.938004, 1.000122
5, 76,4,52.862137, 52.849396, 119.123169, 53.749733,10.621527, 204.938004, 1.000241
5, 76,5,204.938004, 204.943451, 119.123169, 53.749733,10.621527, 204.938004, 0.999973
5, 76,6,101.300911, 101.302231, 119.123169, 53.749733,10.621527, 204.938004, 0.999987
5, 76,7,20.535709, 20.545391, 119.123169, 53.749733,10.621527, 204.938004, 0.999529
5, 76,8,168.529221, 168.537033, 119.123169, 53.749733,10.621527, 204.938004, 0.999954
5, 76,9,168.088959, 168.085449, 119.123169, 53.749733,10.621527, 204.938004, 1.000021
5, 76,10,128.319778, 128.327179, 119.123169, 53.749733,10.621527, 204.938004, 0.999942
5, 76,11,149.815994, 149.805939, 119.123169, 53.749733,10.621527, 204.938004, 1.000067
5, 76,12,104.306229, 104.310654, 119.123169, 53.749733,10.621527, 204.938004, 0.999958
5, 76,13,69.488228, 69.481598, 119.123169, 53.749733,10.621527, 204.938004, 1.000095
5, 76,14,93.533287, 93.523567, 119.123169, 53.749733,10.621527, 204.938004, 1.000104
5, 76,15,65.995171, 66.008873, 119.123169, 53.749733,10.621527, 204.938004, 0.999792
5, 76,16,83.786522, 83.785934, 119.123169, 53.749733,10.621527, 204.938004, 1.000007
5, 76,17,121.673569, 121.687012, 119.123169, 53.749733,10.621527, 204.938004, 0.999890
5, 76,18,147.788742, 147.776993, 119.123169, 53.749733,10.621527, 204.938004, 1.000080
5, 76,19,181.225327, 181.225861, 119.123169, 53.749733,10.621527, 204.938004, 0.999997
5, 76,20,132.341110, 132.334167, 119.123169, 53.749733,10.621527, 204.938004, 1.000052
5, 76,21,111.095787, 111.103462, 119.123169, 53.749733,10.621527, 204.938004, 0.999931
5, 76,22,198.084564, 198.087036, 119.123169, 53.749733,10.621527, 204.938004, 0.999988
5, 76,23,162.312256, 162.323029, 119.123169, 53.749733,10.621527, 204.938004, 0.999934
5, 76,24,63.691612, 63.693722, 119.123169, 53.749733,10.621527, 204.938004, 0.999967
5, 76,25,89.444717, 89.446609, 119.123169, 53.749733,10.621527, 204.938004, 0.999979
5, 76,26,47.421940, 47.430416, 119.123169, 53.749733,10.621527, 204.938004, 0.999821
5, 76,27,204.784424, 204.790802, 119.123169, 53.749733,10.621527, 204.938004, 0.999969
5, 76,28,165.425995, 165.433212, 119.123169, 53.749733,10.621527, 204.938004, 0.999956
5, 76,29,10.621527, 10.629670, 119.123169, 53.749733,10.621527, 204.938004, 0.999234
5, 76,30,197.724060, 197.730850, 119.123169, 53.749733,10.621527, 204.938004, 0.999966
5, 76,31,108.850998, 108.839195, 119.123169, 53.749733,10.621527, 204.938004, 1.000108
5, 77,0,149.678619, 149.687851, 119.125389, 69.863724,12.899578, 232.006805, 0.999938
5, 77,1,12.899578, 12.900562, 119.125389, 69.863724,12.899578, 232.006805, 0.999924
5, 77,2,97.330559, 97.335403, 119.125389, 69.863724,12.899578, 232.006805, 0.999950
5, 77,3,214.935928, 214.936966, 119.125389, 69.863724,12.899578, 232.006805, 0.999995
5, 77,4,14.980114, 14.974329, 119.125389, 69.863724,12.899578, 232.006805, 1.000386
5, 77,5,23.928802, 23.933544, 119.125389, 69.863724,12.899578, 232.006805, 0.999802
5, 77,6,57.361870, 57.364567, 119.125389, 69.863724,12.899578, 232.006805, 0.999953
5, 77,7,139.064926, 139.075043, 119.125389, 69.863724,12.899578, 232.006805, 0.999927
5, 77,8,146.728424, 146.739853, 119.125389, 69.863724,12.899578, 232.006805, 0.999922
5, 77,9,188.890442, 188.879333, 119.125389, 69.863724,12.899578, 232.006805, 1.000059
5, 77,10,172.287369, 172.289200, 119.125389, 69.863724,12.899578, 232.006805, 0.999989
5, 77,11,198.238358, 198.238403, 119.125389, 69.863724,12.899578, 232.006805, 1.000000
5, 77,12,52.091694, 52.092045, 119.125389, 69.863724,12.899578, 232.006805, 0.999993
5, 77,13,115.443596, 115.443596, 119.125389, 69.863724,12.899578, 232.006805, 1.000000
5, 77,14,14.766259, 14.777796, 119.125389, 69.863724,12.899578, 232.006805, 0.999219
5, 77,15,158.238281, 158.240448, 119.125389, 69.863724,12.899578, 232.006805, 0.999986
5, 77,16,207.702591, 207.699127, 119.125389, 69.863724,12.899578, 232.006805, 1.000017
5, 77,17,50.519810, 50.519779, 119.125389, 69.863724,12.899578, 232.006805, 1.000001
5, 77,18,142.403702, 142.395782, 119.125389, 69.863724,12.899578, 232.006805, 1.000056
5, 77,19,114.331619, 114.332161, 119.125389, 69.863724,12.899578, 232.006805, 0.999995
5, 77,20,20.435738, 20.436604, 119.125389, 69.863724,12.899578, 232.006805, 0.999958
5, 77,21,141.914429, 141.901062, 119.125389, 69.863724,12.899578, 232.006805, 1.000094
5, 77,22,232.006805, 232.008270, 119.125389, 69.863724,12.899578, 232.006805, 0.999994
5, 77,23,120.016945, 120.024849, 119.125389, 69.863724,12.899578, 232.006805, 0.999934
5, 77,24,189.927032, 189.929779, 119.125389, 69.863724,12.899578, 232.006805, 0.999986
5, 77,25,40.500706, 40.496571, 119.125389, 69.863724,12.899578, 232.006805, 1.000102
5, 77,26,189.887222, 189.882339, 119.125389, 69.863724,12.899578, 232.006805, 1.000026
5, 77,27,215.457260, 215.458801, 119.125389, 69.863724,12.899578, 232.006805, 0.999993
5, 77,28,97.535599, 97.525162, 119.125389, 69.863724,12.899578, 232.006805, 1.000107
5, 77,29,99.049194, 99.029663, 119.125389, 69.863724,12.899578, 232.006805, 1.000197
5, 77,30,25.312948, 25.309278, 119.125389, 69.863724,12.899578, 232.006805, 1.000145
5, 77,31,168.145859, 168.141678, 119.125389, 69.863724,12.899578, 232.006805, 1.000025
5, 78,0,54.577854, 54.565907, 119.128998, 58.427528,16.341183, 221.783188, 1.000219
5, 78,1,202.012268, 201.999329, 119.128998, 58.427528,16.341183, 221.783188, 1.000064
5, 78,2,157.897675, 157.894165, 119.128998, 58.427528,16.341183, 221.783188, 1.000022
5, 78,3,125.019913, 125.007278, 119.128998, 58.427528,16.341183, 221.783188, 1.000101
5, 78,4,147.341156, 147.330292, 119.128998, 58.427528,16.341183, 221.783188, 1.000074
5, 78,5,165.266006, 165.259491, 119.128998, 58.427528,16.341183, 221.783188, 1.000039
5, 78,6,179.742859, 179.743088, 119.128998, 58.427528,16.341183, 221.783188, 0.999999
5, 78,7,166.006378, 165.987350, 119.128998, 58.427528,16.341183, 221.783188, 1.000115
5, 78,8,180.465866, 180.464264, 119.128998, 58.427528,16.341183, 221.783188, 1.000009
5, 78,9,139.927689, 139.931595, 119.128998, 58.427528,16.341183, 221.783188, 0.999972
5, 78,10,157.025604, 157.019424, 119.128998, 58.427528,16.341183, 221.783188, 1.000039
5, 78,11,159.763733, 159.777237, 119.128998, 58.427528,16.341183, 221.783188, 0.999915
5, 78,12,220.960175, 220.950195, 119.128998, 58.427528,16.341183, 221.783188, 1.000045
5, 78,13,119.176018, 119.184479, 119.128998, 58.427528,16.341183, 221.783188, 0.999929
5, 78,14,74.839523, 74.832245, 119.128998, 58.427528,16.341183, 221.783188, 1.000097
5, 78,15,147.756042, 147.757660, 119.128998, 58.427528,16.341183, 221.783188, 0.999989
5, 78,16,45.136936, 45.137218, 119.128998, 58.427528,16.341183, 221.783188, 0.999994
5, 78,17,87.739799, 87.746613, 119.128998, 58.427528,16.341183, 221.783188, 0.999922
5, 78,18,177.822678, 177.813278, 119.128998, 58.427528,16.341183, 221.783188, 1.000053
5, 78,19,221.783188, 221.771530, 119.128998, 58.427528,16.341183, 221.783188, 1.000053
5, 78,20,72.974800, 72.962532, 119.128998, 58.427528,16.341183, 221.783188, 1.000168
5, 78,21,91.056747, 91.045311, 119.128998, 58.427528,16.341183, 221.783188, 1.000126
5, 78,22,24.229933, 24.236519, 119.128998, 58.427528,16.341183, 221.783188, 0.999728
5, 78,23,107.068459, 107.091438, 119.128998, 58.427528,16.341183, 221.783188, 0.999785
5, 78,24,129.941498, 129.941986, 119.128998, 58.427528,16.341183, 221.783188, 0.999996
5, 78,25,38.129837, 38.119125, 119.128998, 58.427528,16.341183, 221.783188, 1.000281
5, 78,26,89.256454, 89.249062, 119.128998, 58.427528,16.341183, 221.783188, 1.000083
5, 78,27,69.044357, 69.029457, 119.128998, 58.427528,16.341183, 221.783188, 1.000216
5, 78,28,146.339752, 146.335358, 119.128998, 58.427528,16.341183, 221.783188, 1.000030
5, 78,29,38.290997, 38.286064, 119.128998, 58.427528,16.341183, 221.783188, 1.000129
5, 78,30,16.341183, 16.343664, 119.128998, 58.427528,16.341183, 221.783188, 0.999848
5, 78,31,59.192635, 59.186764, 119.128998, 58.427528,16.341183, 221.783188, 1.000099
5, 79,0,10.595291, 10.598150, 119.126068, 62.975227,10.595291, 213.062393, 0.999730
5, 79,1,213.062393, 213.061874, 119.126068, 62.975227,10.595291, 213.062393, 1.000002
5, 79,2,198.815796, 198.820511, 119.126068, 62.975227,10.595291, 213.062393, 0.999976
5, 79,3,35.021320, 35.001328, 119.126068, 62.975227,10.595291, 213.062393, 1.000571
5, 79,4,61.213474, 61.198956, 119.126068, 62.975227,10.595291, 213.062393, 1.000237
5, 79,5,118.429726, 118.426460, 119.126068, 62.975227,10.595291, 213.062393, 1.000028
5, 79,6,125.870857, 125.873085, 119.126068, 62.975227,10.595291, 213.062393, 0.999982
5, 79,7,118.724304, 118.722176, 119.126068, 62.975227,10.595291, 213.062393, 1.000018
5, 79,8,88.488831, 88.471909, 119.126068, 62.975227,10.595291, 213.062393, 1.000191
5, 79,9,22.388119, 22.393131, 119.126068, 62.975227,10.595291, 213.062393, 0.999776
5, 79,10,195.526505, 195.534042, 119.126068, 62.975227,10.595291, 213.062393, 0.999961
5, 79,11,26.993271, 26.983431, 119.126068, 62.975227,10.595291, 213.062393, 1.000365
5, 79,12,84.618614, 84.634338, 119.126068, 62.975227,10.595291, 213.062393, 0.999814
5, 79,13,212.516281, 212.524216, 119.126068, 62.975227,10.595291, 213.062393, 0.999963
5, 79,14,183.931625, 183.940689, 119.126068, 62.975227,10.595291, 213.062393, 0.999951
5, 79,15,166.535339, 166.533859, 119.126068, 62.975227,10.595291, 213.062393, 1.000009
5, 79,16,174.573349, 174.565201, 119.126068, 62.975227,10.595291, 213.062393, 1.000047
5, 79,17,132.803680, 132.802231, 119.126068, 62.975227,10.595291, 213.062393, 1.000011
5, 79,18,211.256119, 211.240540, 119.126068, 62.975227,10.595291, 213.062393, 1.000074
5, 79,19,85.784370, 85.803757, 119.126068, 62.975227,10.595291, 213.062393, 0.999774
5, 79,20,114.299957, 114.286453, 119.126068, 62.975227,10.595291, 213.062393, 1.000118
5, 79,21,135.842270, 135.846741, 119.126068, 62.975227,10.595291, 213.062393, 0.999967
5, 79,22,27.014521, 27.010311, 119.126068, 62.975227,10.595291, 213.062393, 1.000156
5, 79,23,205.854370, 205.863907, 119.126068, 62.975227,10.595291, 213.062393, 0.999954
5, 79,24,181.828339, 181.830353, 119.126068, 62.975227,10.595291, 213.062393, 0.999989
5, 79,25,159.367249, 159.369492, 119.126068, 62.975227,10.595291, 213.062393, 0.999986
5, 79,26,35.454647, 35.451622, 119.126068, 62.975227,10.595291, 213.062393, 1.000085
5, 79,27,93.635063, 93.620041, 119.126068, 62.975227,10.595291, 213.062393, 1.000160
5, 79,28,108.775650, 108.768684, 119.126068, 62.975227,10.595291, 213.062393, 1.000064
5, 79,29,95.974792, 95.992477, 119.126068, 62.975227,10.595291, 213.062393, 0.999816
5, 79,30,103.328232, 103.318130, 119.126068, 62.975227,10.595291, 213.062393, 1.000098
5, 79,31,83.509789, 83.511978, 119.126068, 62.975227,10.595291, 213.062393, 0.999974
5, 80,0,74.705132, 74.712563, 119.123825, 66.424896,11.248213, 217.319443, 0.999901
5, 80,1,122.282707, 122.275764, 119.123825, 66.424896,11.248213, 217.319443, 1.000057
5, 80,2,11.305720, 11.305532, 119.123825, 66.424896,11.248213, 217.319443, 1.000017
5, 80,3,161.758301, 161.764938, 119.123825, 66.424896,11.248213, 217.319443, 0.999959
5, 80,4,208.198410, 208.193710, 119.123825, 66.424896,11.248213, 217.319443, 1.000023
5, 80,5,74.114182, 74.116837, 119.123825, 66.424896,11.248213, 217.319443, 0.999964
5, 80,6,14.426170, 14.436274, 119.123825, 66.424896,11.248213, 217.319443, 0.999300
5, 80,7,114.458405, 114.448906, 119.123825, 66.424896,11.248213, 217.319443, 1.000083
5, 80,8,188.499939, 188.490311, 119.123825, 66.424896,11.248213, 217.319443, 1.000051
5, 80,9,198.353394, 198.357849, 119.123825, 66.424896,11.248213, 217.319443, 0.999978
5, 80,10,82.712326, 82.716866, 119.123825, 66.424896,11.248213, 217.319443, 0.999945
5, 80,11,207.806396, 207.813461, 119.123825, 66.424896,11.248213, 217.319443, 0.999966
5, 80,12,172.589661, 172.595779, 119.123825, 66.424896,11.248213, 217.319443, 0.999965
5, 80,13,130.401169, 130.400482, 119.123825, 66.424896,11.248213, 217.319443, 1.000005
5, 80,14,56.318817, 56.314701, 119.123825, 66.424896,11.248213, 217.319443, 1.000073
5, 80,15,217.319443, 217.319748, 119.123825, 66.424896,11.248213, 217.319443, 0.999999
5, 80,16,142.661469, 142.657272, 119.123825, 66.424896,11.248213, 217.319443, 1.000029
5, 80,17,25.322279, 25.324158, 119.123825, 66.424896,11.248213, 217.319443, 0.999926
5, 80,18,100.011711, 100.018341, 119.123825, 66.424896,11.248213, 217.319443, 0.999934
5, 80,19,146.797546, 146.795685, 119.123825, 66.424896,11.248213, 217.319443, 1.000013
5, 80,20,150.164017, 150.167252, 119.123825, 66.424896,11.248213, 217.319443, 0.999978
5, 80,21,58.881992, 58.894077, 119.123825, 66.424896,11.248213, 217.319443, 0.999795
5, 80,22,45.561405, 45.566242, 119.123825, 66.424896,11.248213, 217.319443, 0.999894
5, 80,23,150.669479, 150.674255, 119.123825, 66.424896,11.248213, 217.319443, 0.999968
5, 80,24,56.010132, 56.010502, 119.123825, 66.424896,11.248213, 217.319443, 0.999993
5, 80,25,195.105347, 195.100357, 119.123825, 66.424896,11.248213, 217.319443, 1.000026
5, 80,26,11.248213, 11.248494, 119.123825, 66.424896,11.248213, 217.319443, 0.999975
5, 80,27,154.884079, 154.876022, 119.123825, 66.424896,11.248213, 217.319443, 1.000052
5, 80,28,174.579346, 174.579422, 119.123825, 66.424896,11.248213, 217.319443, 1.000000
5, 80,29,148.739700, 148.747635, 119.123825, 66.424896,11.248213, 217.319443, 0.999947
5, 80,30,20.847351, 20.849857, 119.123825, 66.424896,11.248213, 217.319443, 0.999880
5, 80,31,195.227615, 195.227127, 119.123825, 66.424896,11.248213, 217.319443, 1.000003
5, 81,0,159.239273, 159.241043, 119.122841, 51.614258,10.450191, 190.357101, 0.999989
5, 81,1,174.919998, 174.909805, 119.122841, 51.614258,10.450191, 190.357101, 1.000058
5, 81,2,163.868408, 163.861893, 119.122841, 51.614258,10.450191, 190.357101, 1.000040
5, 81,3,92.191872, 92.216660, 119.122841, 51.614258,10.450191, 190.357101, 0.999731
5, 81,4,158.327560, 158.326843, 119.122841, 51.614258,10.450191, 190.357101, 1.000005
5, 81,5,71.322830, 71.317596, 119.122841, 51.614258,10.450191, 190.357101, 1.000073
5, 81,6,186.926514, 186.927307, 119.122841, 51.614258,10.450191, 190.357101, 0.999996
5, 81,7,164.549713, 164.554459, 119.122841, 51.614258,10.450191, 190.357101, 0.999971
5, 81,8,47.537918, 47.542965, 119.122841, 51.614258,10.450191, 190.357101, 0.999894
5, 81,9,126.449905, 126.446342, 119.122841, 51.614258,10.450191, 190.357101, 1.000028
5, 81,10,184.102631, 184.090546, 119.122841, 51.614258,10.450191, 190.357101, 1.000066
5, 81,11,58.835510, 58.829121, 119.122841, 51.614258,10.450191, 190.357101, 1.000109
5, 81,12,131.927429, 131.914917, 119.122841, 51.614258,10.450191, 190.357101, 1.000095
5, 81,13,119.599945, 119.603737, 119.122841, 51.614258,10.450191, 190.357101, 0.999968
5, 81,14,95.898407, 95.901138, 119.122841, 51.614258,10.450191, 190.357101, 0.999972
5, 81,15,30.067701, 30.073519, 119.122841, 51.614258,10.450191, 190.357101, 0.999807
5, 81,16,51.753738, 51.753803, 119.122841, 51.614258,10.450191, 190.357101, 0.999999
5, 81,17,186.007355, 186.018661, 119.122841, 51.614258,10.450191, 190.357101, 0.999939
5, 81,18,78.797096, 78.802910, 119.122841, 51.614258,10.450191, 190.357101, 0.999926
5, 81,19,10.450191, 10.448787, 119.122841, 51.614258,10.450191, 190.357101, 1.000134
5, 81,20,167.717911, 167.729218, 119.122841, 51.614258,10.450191, 190.357101, 0.999933
5, 81,21,133.808075, 133.815323, 119.122841, 51.614258,10.450191, 190.357101, 0.999946
5, 81,22,125.914696, 125.903374, 119.122841, 51.614258,10.450191, 190.357101, 1.000090
5, 81,23,43.405014, 43.404152, 119.122841, 51.614258,10.450191, 190.357101, 1.000020
5, 81,24,190.357101, 190.362473, 119.122841, 51.614258,10.450191, 190.357101, 0.999972
5, 81,25,128.664017, 128.673676, 119.122841, 51.614258,10.450191, 190.357101, 0.999925
5, 81,26,123.545692, 123.570793, 119.122841, 51.614258,10.450191, 190.357101, 0.999797
5, 81,27,136.632141, 136.624390, 119.122841, 51.614258,10.450191, 190.357101, 1.000057
5, 81,28,97.773888, 97.779396, 119.122841, 51.614258,10.450191, 190.357101, 0.999944
5, 81,29,142.004028, 142.020920, 119.122841, 51.614258,10.450191, 190.357101, 0.999881
5, 81,30,167.900574, 167.917587, 119.122841, 51.614258,10.450191, 190.357101, 0.999899
5, 81,31,61.433090, 61.416573, 119.122841, 51.614258,10.450191, 190.357101, 1.000269
5, 82,0,152.225952, 152.232498, 119.123062, 64.558197,13.580533, 232.430695, 0.999957
5, 82,1,230.929672, 230.926880, 119.123062, 64.558197,13.580533, 232.430695, 1.000012
5, 82,2,181.564346, 181.562561, 119.123062, 64.558197,13.580533, 232.430695, 1.000010
5, 82,3,96.981171, 96.980179, 119.123062, 64.558197,13.580533, 232.430695, 1.000010
5, 82,4,178.895752, 178.903687, 119.123062, 64.558197,13.580533, 232.430695, 0.999956
5, 82,5,18.898579, 18.897263, 119.123062, 64.558197,13.580533, 232.430695, 1.000070
5, 82,6,67.401390, 67.409668, 119.123062, 64.558197,13.580533, 232.430695, 0.999877
5, 82,7,50.652195, 50.645714, 119.123062, 64.558197,13.580533, 232.430695, 1.000128
5, 82,8,172.698364, 172.692780, 119.123062, 64.558197,13.580533, 232.430695, 1.000032
5, 82,9,130.671982, 130.672974, 119.123062, 64.558197,13.580533, 232.430695, 0.999992
5, 82,10,29.998280, 29.993074, 119.123062, 64.558197,13.580533, 232.430695, 1.000174
5, 82,11,13.580533, 13.586387, 119.123062, 64.558197,13.580533, 232.430695, 0.999569
5, 82,12,74.391800, 74.403809, 119.123062, 64.558197,13.580533, 232.430695, 0.999839
5, 82,13,99.345871, 99.350487, 119.123062, 64.558197,13.580533, 232.430695, 0.999954
5, 82,14,139.116257, 139.130524, 119.123062, 64.558197,13.580533, 232.430695, 0.999897
5, 82,15,54.383827, 54.390121, 119.123062, 64.558197,13.580533, 232.430695, 0.999884
5, 82,16,82.459244, 82.462875, 119.123062, 64.558197,13.580533, 232.430695, 0.999956
5, 82,17,30.645235, 30.645769, 119.123062, 64.558197,13.580533, 232.430695, 0.999983
5, 82,18,113.447884, 113.441833, 119.123062, 64.558197,13.580533, 232.430695, 1.000053
5, 82,19,122.051109, 122.057396, 119.123062, 64.558197,13.580533, 232.430695, 0.999949
5, 82,20,221.191116, 221.184570, 119.123062, 64.558197,13.580533, 232.430695, 1.000030
5, 82,21,125.232422, 125.238434, 119.123062, 64.558197,13.580533, 232.430695, 0.999952
5, 82,22,218.498779, 218.505081, 119.123062, 64.558197,13.580533, 232.430695, 0.999971
5, 82,23,81.273590, 81.288017, 119.123062, 64.558197,13.580533, 232.430695, 0.999822
5, 82,24,150.364151, 150.370621, 119.123062, 64.558197,13.580533, 232.430695, 0.999957
5, 82,25,152.415512, 152.404282, 119.123062, 64.558197,13.580533, 232.430695, 1.000074
5, 82,26,60.090622, 60.085743, 119.123062, 64.558197,13.580533, 232.430695, 1.000081
5, 82,27,209.079163, 209.071930, 119.123062, 64.558197,13.580533, 232.430695, 1.000035
5, 82,28,67.637314, 67.643257, 119.123062, 64.558197,13.580533, 232.430695, 0.999912
5, 82,29,148.171936, 148.172073, 119.123062, 64.558197,13.580533, 232.430695, 0.999999
5, 82,30,232.430695, 232.438416, 119.123062, 64.558197,13.580533, 232.430695, 0.999967
5, 82,31,105.213371, 105.211006, 119.123062, 64.558197,13.580533, 232.430695, 1.000023
5, 83,0,60.223667, 60.211643, 119.122658, 56.403957,18.297319, 202.377350, 1.000200
5, 83,1,111.871750, 111.873802, 119.122658, 56.403957,18.297319, 202.377350, 0.999982
5, 83,2,171.309158, 171.313736, 119.122658, 56.403957,18.297319, 202.377350, 0.999973
5, 83,3,147.119736, 147.123871, 119.122658, 56.403957,18.297319, 202.377350, 0.999972
5, 83,4,130.935822, 130.949341, 119.122658, 56.403957,18.297319, 202.377350, 0.999897
5, 83,5,41.861961, 41.867607, 119.122658, 56.403957,18.297319, 202.377350, 0.999865
5, 83,6,192.020645, 192.014862, 119.122658, 56.403957,18.297319, 202.377350, 1.000030
5, 83,7,145.997528, 145.992203, 119.122658, 56.403957,18.297319, 202.377350, 1.000036
5, 83,8,38.240501, 38.241310, 119.122658, 56.403957,18.297319, 202.377350, 0.999979
5, 83,9,142.910583, 142.909866, 119.122658, 56.403957,18.297319, 202.377350, 1.000005
5, 83,10,177.237610, 177.247101, 119.122658, 56.403957,18.297319, 202.377350, 0.999946
5, 83,11,53.882439, 53.878139, 119.122658, 56.403957,18.297319, 202.377350, 1.000080
5, 83,12,176.853027, 176.840714, 119.122658, 56.403957,18.297319, 202.377350, 1.000070
5, 83,13,142.372345, 142.378433, 119.122658, 56.403957,18.297319, 202.377350, 0.999957
5, 83,14,156.281326, 156.289627, 119.122658, 56.403957,18.297319, 202.377350, 0.999947
5, 83,15,202.377350, 202.393570, 119.122658, 56.403957,18.297319, 202.377350, 0.999920
5, 83,16,34.929413, 34.933884, 119.122658, 56.403957,18.297319, 202.377350, 0.999872
5, 83,17,24.029543, 24.042505, 119.122658, 56.403957,18.297319, 202.377350, 0.999461
5, 83,18,18.297319, 18.296707, 119.122658, 56.403957,18.297319, 202.377350, 1.000033
5, 83,19,71.079819, 71.078011, 119.122658, 56.403957,18.297319, 202.377350, 1.000025
5, 83,20,147.683456, 147.692810, 119.122658, 56.403957,18.297319, 202.377350, 0.999937
5, 83,21,134.405090, 134.400589, 119.122658, 56.403957,18.297319, 202.377350, 1.000033
5, 83,22,140.758850, 140.759109, 119.122658, 56.403957,18.297319, 202.377350, 0.999998
5, 83,23,115.322281, 115.325027, 119.122658, 56.403957,18.297319, 202.377350, 0.999976
5, 83,24,19.339224, 19.334576, 119.122658, 56.403957,18.297319, 202.377350, 1.000240
5, 83,25,66.624496, 66.626434, 119.122658, 56.403957,18.297319, 202.377350, 0.999971
5, 83,26,153.669968, 153.682449, 119.122658, 56.403957,18.297319, 202.377350, 0.999919
5, 83,27,172.734436, 172.751755, 119.122658, 56.403957,18.297319, 202.377350, 0.999900
5, 83,28,163.865601, 163.873596, 119.122658, 56.403957,18.297319, 202.377350, 0.999951
5, 83,29,144.245209, 144.229080, 119.122658, 56.403957,18.297319, 202.377350, 1.000112
5, 83,30,148.220215, 148.236755, 119.122658, 56.403957,18.297319, 202.377350, 0.999888
5, 83,31,165.225449, 165.211563, 119.122658, 56.403957,18.297319, 202.377350, 1.000084
5, 84,0,133.134689, 133.118164, 119.125473, 59.926620,11.165969, 224.148788, 1.000124
5, 84,1,219.710342, 219.704620, 119.125473, 59.926620,11.165969, 224.148788, 1.000026
5, 84,2,142.726654, 142.735245, 119.125473, 59.926620,11.165969, 224.148788, 0.999940
5, 84,3,111.279526, 111.277908, 119.125473, 59.926620,11.165969, 224.148788, 1.000015
5, 84,4,27.146526, 27.153175, 119.125473, 59.926620,11.165969, 224.148788, 0.999755
5, 84,5,162.414948, 162.409210, 119.125473, 59.926620,11.165969, 224.148788, 1.000035
5, 84,6,22.189304, 22.196938, 119.125473, 59.926620,11.165969, 224.148788, 0.999656
5, 84,7,11.165969, 11.161925, 119.125473, 59.926620,11.165969, 224.148788, 1.000362
5, 84,8,136.762131, 136.761505, 119.125473, 59.926620,11.165969, 224.148788, 1.000005
5, 84,9,186.108795, 186.107239, 119.125473, 59.926620,11.165969, 224.148788, 1.000008
5, 84,10,198.049164, 198.041595, 119.125473, 59.926620,11.165969, 224.148788, 1.000038
5, 84,11,206.964157, 206.969391, 119.125473, 59.926620,11.165969, 224.148788, 0.999975
5, 84,12,85.369377, 85.367622, 119.125473, 59.926620,11.165969, 224.148788, 1.000021
5, 84,13,78.748833, 78.724297, 119.125473, 59.926620,11.165969, 224.148788, 1.000312
5, 84,14,61.733719, 61.735233, 119.125473, 59.926620,11.165969, 224.148788, 0.999975
5, 84,15,127.968651, 127.978134, 119.125473, 59.926620,11.165969, 224.148788, 0.999926
5, 84,16,62.278900, 62.280090, 119.125473, 59.926620,11.165969, 224.148788, 0.999981
5, 84,17,76.575493, 76.564560, 119.125473, 59.926620,11.165969, 224.148788, 1.000143
5, 84,18,40.917221, 40.925602, 119.125473, 59.926620,11.165969, 224.148788, 0.999795
5, 84,19,136.583908, 136.577682, 119.125473, 59.926620,11.165969, 224.148788, 1.000046
5, 84,20,174.882034, 174.875290, 119.125473, 59.926620,11.165969, 224.148788, 1.000039
5, 84,21,38.247013, 38.247269, 119.125473, 59.926620,11.165969, 224.148788, 0.999993
5, 84,22,125.023445, 125.024086, 119.125473, 59.926620,11.165969, 224.148788, 0.999995
5, 84,23,170.538437, 170.529556, 119.125473, 59.926620,11.165969, 224.148788, 1.000052
5, 84,24,138.987411, 139.000015, 119.125473, 59.926620,11.165969, 224.148788, 0.999909
5, 84,25,185.313751, 185.319489, 119.125473, 59.926620,11.165969, 224.148788, 0.999969
5, 84,26,143.974335, 143.982498, 119.125473, 59.926620,11.165969, 224.148788, 0.999943
5, 84,27,224.148788, 224.161942, 119.125473, 59.926620,11.165969, 224.148788, 0.999941
5, 84,28,120.929405, 120.921227, 119.125473, 59.926620,11.165969, 224.148788, 1.000068
5, 84,29,108.994926, 108.993446, 119.125473, 59.926620,11.165969, 224.148788, 1.000014
5, 84,30,86.149933, 86.148811, 119.125473, 59.926620,11.165969, 224.148788, 1.000013
5, 84,31,66.997658, 67.006561, 119.125473, 59.926620,11.165969, 224.148788, 0.999867
5, 85,0,207.143845, 207.141617, 119.124931, 64.025925,10.515093, 220.120438, 1.000011
5, 85,1,161.376541, 161.374756, 119.124931, 64.025925,10.515093, 220.120438, 1.000011
5, 85,2,137.355499, 137.359436, 119.124931, 64.025925,10.515093, 220.120438, 0.999971
5, 85,3,220.120438, 220.122696, 119.124931, 64.025925,10.515093, 220.120438, 0.999990
5, 85,4,193.765533, 193.772476, 119.124931, 64.025925,10.515093, 220.120438, 0.999964
5, 85,5,10.515093, 10.510964, 119.124931, 64.025925,10.515093, 220.120438, 1.000393
5, 85,6,30.769152, 30.761961, 119.124931, 64.025925,10.515093, 220.120438, 1.000234
5, 85,7,103.461807, 103.454704, 119.124931, 64.025925,10.515093, 220.120438, 1.000069
5, 85,8,141.454742, 141.453629, 119.124931, 64.025925,10.515093, 220.120438, 1.000008
5, 85,9,151.192398, 151.200745, 119.124931, 64.025925,10.515093, 220.120438, 0.999945
5, 85,10,148.017365, 148.018524, 119.124931, 64.025925,10.515093, 220.120438, 0.999992
5, 85,11,53.173397, 53.179707, 119.124931, 64.025925,10.515093, 220.120438, 0.999881
5, 85,12,199.545609, 199.554764, 119.124931, 64.025925,10.515093, 220.120438, 0.999954
5, 85,13,151.190552, 151.187805, 119.124931, 64.025925,10.515093, 220.120438, 1.000018
5, 85,14,148.853195, 148.852890, 119.124931, 64.025925,10.515093, 220.120438, 1.000002
5, 85,15,172.914490, 172.913498, 119.124931, 64.025925,10.515093, 220.120438, 1.000006
5, 85,16,159.536835, 159.544342, 119.124931, 64.025925,10.515093, 220.120438, 0.999953
5, 85,17,11.079908, 11.080139, 119.124931, 64.025925,10.515093, 220.120438, 0.999979
5, 85,18,104.790192, 104.793556, 119.124931, 64.025925,10.515093, 220.120438, 0.999968
5, 85,19,133.922348, 133.924973, 119.124931, 64.025925,10.515093, 220.120438, 0.999980
5, 85,20,184.432648, 184.426346, 119.124931, 64.025925,10.515093, 220.120438, 1.000034
5, 85,21,122.084213, 122.069328, 119.124931, 64.025925,10.515093, 220.120438, 1.000122
5, 85,22,122.740486, 122.722572, 119.124931, 64.025925,10.515093, 220.120438, 1.000146
5, 85,23,119.016975, 119.022934, 119.124931, 64.025925,10.515093, 220.120438, 0.999950
5, 85,24,16.845556, 16.843040, 119.124931, 64.025925,10.515093, 220.120438, 1.000149
5, 85,25,64.979752, 64.977158, 119.124931, 64.025925,10.515093, 220.120438, 1.000040
5, 85,26,53.260288, 53.270256, 119.124931, 64.025925,10.515093, 220.120438, 0.999813
5, 85,27,28.361032, 28.362370, 119.124931, 64.025925,10.515093, 220.120438, 0.999953
5, 85,28,10.678225, 10.672662, 119.124931, 64.025925,10.515093, 220.120438, 1.000521
5, 85,29,204.696686, 204.703217, 119.124931, 64.025925,10.515093, 220.120438, 0.999968
5, 85,30,138.470901, 138.465439, 119.124931, 64.025925,10.515093, 220.120438, 1.000039
5, 85,31,106.251892, 106.261772, 119.124931, 64.025925,10.515093, 220.120438, 0.999907
5, 86,0,19.541651, 19.553190, 119.124481, 55.967926,19.541651, 225.325546, 0.999410
5, 86,1,193.381729, 193.372070, 119.124481, 55.967926,19.541651, 225.325546, 1.000050
5, 86,2,181.504333, 181.500839, 119.124481, 55.967926,19.541651, 225.325546, 1.000019
5, 86,3,116.504761, 116.511047, 119.124481, 55.967926,19.541651, 225.325546, 0.999946
5, 86,4,126.762009, 126.766685, 119.124481, 55.967926,19.541651, 225.325546, 0.999963
5, 86,5,153.284348, 153.262741, 119.124481, 55.967926,19.541651, 225.325546, 1.000141
5, 86,6,126.608879, 126.605118, 119.124481, 55.967926,19.541651, 225.325546, 1.000030
5, 86,7,179.703690, 179.709625, 119.124481, 55.967926,19.541651, 225.325546, 0.999967
5, 86,8,51.441624, 51.451012, 119.124481, 55.967926,19.541651, 225.325546, 0.999818
5, 86,9,146.491302, 146.484192, 119.124481, 55.967926,19.541651, 225.325546, 1.000049
5, 86,10,54.351810, 54.338043, 119.124481, 55.967926,19.541651, 225.325546, 1.000253
5, 86,11,54.375660, 54.380188, 119.124481, 55.967926,19.541651, 225.325546, 0.999917
5, 86,12,91.218163, 91.209137, 119.124481, 55.967926,19.541651, 225.325546, 1.000099
5, 86,13,59.877621, 59.880295, 119.124481, 55.967926,19.541651, 225.325546, 0.999955
5, 86,14,151.881088, 151.885956, 119.124481, 55.967926,19.541651, 225.325546, 0.999968
5, 86,15,211.274338, 211.270279, 119.124481, 55.967926,19.541651, 225.325546, 1.000019
5, 86,16,225.325546, 225.319077, 119.124481, 55.967926,19.541651, 225.325546, 1.000029
5, 86,17,39.318905, 39.326889, 119.124481, 55.967926,19.541651, 225.325546, 0.999797
5, 86,18,75.632805, 75.650085, 119.124481, 55.967926,19.541651, 225.325546, 0.999772
5, 86,19,132.971100, 132.983276, 119.124481, 55.967926,19.541651, 225.325546, 0.999908
5, 86,20,90.504745, 90.499680, 119.124481, 55.967926,19.541651, 225.325546, 1.000056
5, 86,21,130.922089, 130.939178, 119.124481, 55.967926,19.541651, 225.325546, 0.999869
5, 86,22,171.624725, 171.617508, 119.124481, 55.967926,19.541651, 225.325546, 1.000042
5, 86,23,205.848541, 205.875519, 119.124481, 55.967926,19.541651, 225.325546, 0.999869
5, 86,24,124.137680, 124.132523, 119.124481, 55.967926,19.541651, 225.325546, 1.000042
5, 86,25,102.452202, 102.469261, 119.124481, 55.967926,19.541651, 225.325546, 0.999834
5, 86,26,83.330452, 83.313705, 119.124481, 55.967926,19.541651, 225.325546, 1.000201
5, 86,27,170.607117, 170.598953, 119.124481, 55.967926,19.541651, 225.325546, 1.000048
5, 86,28,141.957626, 141.946426, 119.124481, 55.967926,19.541651, 225.325546, 1.000079
5, 86,29,56.424438, 56.431313, 119.124481, 55.967926,19.541651, 225.325546, 0.999878
5, 86,30,48.593948, 48.599102, 119.124481, 55.967926,19.541651, 225.325546, 0.999894
5, 86,31,94.128151, 94.117241, 119.124481, 55.967926,19.541651, 225.325546, 1.000116
5, 87,0,17.415466, 17.407745, 119.123413, 57.332050,16.010225, 206.161240, 1.000444
5, 87,1,27.681124, 27.690615, 119.123413, 57.332050,16.010225, 206.161240, 0.999657
5, 87,2,158.728210, 158.715912, 119.123413, 57.332050,16.010225, 206.161240, 1.000077
5, 87,3,40.845448, 40.854984, 119.123413, 57.332050,16.010225, 206.161240, 0.999767
5, 87,4,106.423477, 106.428200, 119.123413, 57.332050,16.010225, 206.161240, 0.999956
5, 87,5,100.863144, 100.869194, 119.123413, 57.332050,16.010225, 206.161240, 0.999940
5, 87,6,204.945969, 204.947388, 119.123413, 57.332050,16.010225, 206.161240, 0.999993
5, 87,7,50.223835, 50.226223, 119.123413, 57.332050,16.010225, 206.161240, 0.999952
5, 87,8,140.484634, 140.483429, 119.123413, 57.332050,16.010225, 206.161240, 1.000009
5, 87,9,173.326691, 173.308273, 119.123413, 57.332050,16.010225, 206.161240, 1.000106
5, 87,10,51.734272, 51.737099, 119.123413, 57.332050,16.010225, 206.161240, 0.999945
5, 87,11,16.010225, 15.998872, 119.123413, 57.332050,16.010225, 206.161240, 1.000710
5, 87,12,122.485970, 122.486816, 119.123413, 57.332050,16.010225, 206.161240, 0.999993
5, 87,13,173.528519, 173.537781, 119.123413, 57.332050,16.010225, 206.161240, 0.999947
5, 87,14,206.161240, 206.152252, 119.123413, 57.332050,16.010225, 206.161240, 1.000044
5, 87,15,150.283691, 150.294540, 119.123413, 57.332050,16.010225, 206.161240, 0.999928
5, 87,16,169.780731, 169.782913, 119.123413, 57.332050,16.010225, 206.161240, 0.999987
5, 87,17,99.741608, 99.740822, 119.123413, 57.332050,16.010225, 206.161240, 1.000008
5, 87,18,145.373657, 145.379425, 119.123413, 57.332050,16.010225, 206.161240, 0.999960
5, 87,19,159.496521, 159.512772, 119.123413, 57.332050,16.010225, 206.161240, 0.999898
5, 87,20,168.939087, 168.954163, 119.123413, 57.332050,16.010225, 206.161240, 0.999911
5, 87,21,36.805912, 36.813232, 119.123413, 57.332050,16.010225, 206.161240, 0.999801
5, 87,22,67.301781, 67.304840, 119.123413, 57.332050,16.010225, 206.161240, 0.999955
5, 87,23,76.786758, 76.790833, 119.123413, 57.332050,16.010225, 206.161240, 0.999947
5, 87,24,124.755493, 124.749931, 119.123413, 57.332050,16.010225, 206.161240, 1.000045
5, 87,25,180.361496, 180.359039, 119.123413, 57.332050,16.010225, 206.161240, 1.000014
5, 87,26,113.502571, 113.498062, 119.123413, 57.332050,16.010225, 206.161240, 1.000040
5, 87,27,112.399651, 112.395187, 119.123413, 57.332050,16.010225, 206.161240, 1.000040
5, 87,28,112.719864, 112.726692, 119.123413, 57.332050,16.010225, 206.161240, 0.999939
5, 87,29,169.124603, 169.126282, 119.123413, 57.332050,16.010225, 206.161240, 0.999990
5, 87,30,204.588165, 204.590393, 119.123413, 57.332050,16.010225, 206.161240, 0.999989
5, 87,31,129.129196, 129.135925, 119.123413, 57.332050,16.010225, 206.161240, 0.999948
5, 88,0,117.685677, 117.686020, 119.125610, 68.480804,13.758453, 237.834091, 0.999997
5, 88,1,63.442310, 63.450104, 119.125610, 68.480804,13.758453, 237.834091, 0.999877
5, 88,2,207.338837, 207.335037, 119.125610, 68.480804,13.758453, 237.834091, 1.000018
5, 88,3,91.952278, 91.952423, 119.125610, 68.480804,13.758453, 237.834091, 0.999998
5, 88,4,33.437737, 33.434914, 119.125610, 68.480804,13.758453, 237.834091, 1.000084
5, 88,5,151.468765, 151.461380, 119.125610, 68.480804,13.758453, 237.834091, 1.000049
5, 88,6,54.457130, 54.453625, 119.125610, 68.480804,13.758453, 237.834091, 1.000064
5, 88,7,163.066483, 163.065002, 119.125610, 68.480804,13.758453, 237.834091, 1.000009
5, 88,8,182.251129, 182.247696, 119.125610, 68.480804,13.758453, 237.834091, 1.000019
5, 88,9,57.348160, 57.339844, 119.125610, 68.480804,13.758453, 237.834091, 1.000145
5, 88,10,17.323004, 17.329376, 119.125610, 68.480804,13.758453, 237.834091, 0.999632
5, 88,11,223.790833, 223.785736, 119.125610, 68.480804,13.758453, 237.834091, 1.000023
5, 88,12,50.998745, 51.001915, 119.125610, 68.480804,13.758453, 237.834091, 0.999938
5, 88,13,120.142403, 120.138954, 119.125610, 68.480804,13.758453, 237.834091, 1.000029
5, 88,14,152.911636, 152.908157, 119.125610, 68.480804,13.758453, 237.834091, 1.000023
5, 88,15,129.689316, 129.686218, 119.125610, 68.480804,13.758453, 237.834091, 1.000024
5, 88,16,114.052994, 114.058060, 119.125610, 68.480804,13.758453, 237.834091, 0.999956
5, 88,17,117.335373, 117.333511, 119.125610, 68.480804,13.758453, 237.834091, 1.000016
5, 88,18,53.945129, 53.939541, 119.125610, 68.480804,13.758453, 237.834091, 1.000104
5, 88,19,115.605461, 115.607651, 119.125610, 68.480804,13.758453, 237.834091, 0.999981
5, 88,20,100.774605, 100.772636, 119.125610, 68.480804,13.758453, 237.834091, 1.000020
5, 88,21,160.613358, 160.612076, 119.125610, 68.480804,13.758453, 237.834091, 1.000008
5, 88,22,162.434586, 162.440750, 119.125610, 68.480804,13.758453, 237.834091, 0.999962
5, 88,23,13.758453, 13.760161, 119.125610, 68.480804,13.758453, 237.834091, 0.999876
5, 88,24,47.946083, 47.946785, 119.125610, 68.480804,13.758453, 237.834091, 0.999985
5, 88,25,215.876678, 215.868820, 119.125610, 68.480804,13.758453, 237.834091, 1.000036
5, 88,26,231.582748, 231.585129, 119.125610, 68.480804,13.758453, 237.834091, 0.999990
5, 88,27,47.693146, 47.689743, 119.125610, 68.480804,13.758453, 237.834091, 1.000071
5, 88,28,233.987274, 234.001328, 119.125610, 68.480804,13.758453, 237.834091, 0.999940
5, 88,29,89.998260, 89.998901, 119.125610, 68.480804,13.758453, 237.834091, 0.999993
5, 88,30,237.834091, 237.827591, 119.125610, 68.480804,13.758453, 237.834091, 1.000027
5, 88,31,51.276802, 51.280987, 119.125610, 68.480804,13.758453, 237.834091, 0.999918
5, 89,0,55.138733, 55.148182, 119.123718, 51.130745,19.090883, 211.883408, 0.999829
5, 89,1,140.593582, 140.591537, 119.123718, 51.130745,19.090883, 211.883408, 1.000015
5, 89,2,19.090883, 19.108845, 119.123718, 51.130745,19.090883, 211.883408, 0.999060
5, 89,3,85.535591, 85.536140, 119.123718, 51.130745,19.090883, 211.883408, 0.999994
5, 89,4,151.789047, 151.793701, 119.123718, 51.130745,19.090883, 211.883408, 0.999969
5, 89,5,115.036507, 115.031441, 119.123718, 51.130745,19.090883, 211.883408, 1.000044
5, 89,6,56.210262, 56.197994, 119.123718, 51.130745,19.090883, 211.883408, 1.000218
5, 89,7,98.237007, 98.234467, 119.123718, 51.130745,19.090883, 211.883408, 1.000026
5, 89,8,138.053299, 138.070724, 119.123718, 51.130745,19.090883, 211.883408, 0.999874
5, 89,9,130.123383, 130.137421, 119.123718, 51.130745,19.090883, 211.883408, 0.999892
5, 89,10,153.867477, 153.874481, 119.123718, 51.130745,19.090883, 211.883408, 0.999954
5, 89,11,211.883408, 211.890717, 119.123718, 51.130745,19.090883, 211.883408, 0.999965
5, 89,12,189.995224, 189.976669, 119.123718, 51.130745,19.090883, 211.883408, 1.000098
5, 89,13,136.767120, 136.763184, 119.123718, 51.130745,19.090883, 211.883408, 1.000029
5, 89,14,155.871323, 155.873520, 119.123718, 51.130745,19.090883, 211.883408, 0.999986
5, 89,15,55.336967, 55.330486, 119.123718, 51.130745,19.090883, 211.883408, 1.000117
5, 89,16,130.027145, 130.043121, 119.123718, 51.130745,19.090883, 211.883408, 0.999877
5, 89,17,111.430992, 111.429398, 119.123718, 51.130745,19.090883, 211.883408, 1.000014
5, 89,18,49.505051, 49.496803, 119.123718, 51.130745,19.090883, 211.883408, 1.000167
5, 89,19,19.203672, 19.203138, 119.123718, 51.130745,19.090883, 211.883408, 1.000028
5, 89,20,97.643181, 97.618408, 119.123718, 51.130745,19.090883, 211.883408, 1.000254
5, 89,21,131.037674, 131.023773, 119.123718, 51.130745,19.090883, 211.883408, 1.000106
5, 89,22,76.074203, 76.068977, 119.123718, 51.130745,19.090883, 211.883408, 1.000069
5, 89,23,126.324257, 126.346771, 119.123718, 51.130745,19.090883, 211.883408, 0.999822
5, 89,24,152.632416, 152.617203, 119.123718, 51.130745,19.090883, 211.883408, 1.000100
5, 89,25,145.466537, 145.463425, 119.123718, 51.130745,19.090883, 211.883408, 1.000021
5, 89,26,99.900612, 99.912903, 119.123718, 51.130745,19.090883, 211.883408, 0.999877
5, 89,27,96.697845, 96.713181, 119.123718, 51.130745,19.090883, 211.883408, 0.999841
5, 89,28,209.569977, 209.564774, 119.123718, 51.130745,19.090883, 211.883408, 1.000025
5, 89,29,201.267685, 201.279419, 119.123718, 51.130745,19.090883, 211.883408, 0.999942
5, 89,30,96.197258, 96.210274, 119.123718, 51.130745,19.090883, 211.883408, 0.999865
5, 89,31,175.451187, 175.449036, 119.123718, 51.130745,19.090883, 211.883408, 1.000012
5, 90,0,158.349609, 158.360321, 119.124489, 65.077560,13.318997, 207.727844, 0.999932
5, 90,1,121.846161, 121.852028, 119.124489, 65.077560,13.318997, 207.727844, 0.999952
5, 90,2,13.318997, 13.318935, 119.124489, 65.077560,13.318997, 207.727844, 1.000005
5, 90,3,133.794128, 133.798889, 119.124489, 65.077560,13.318997, 207.727844, 0.999964
5, 90,4,98.031273, 98.029579, 119.124489, 65.077560,13.318997, 207.727844, 1.000017
5, 90,5,203.593704, 203.593781, 119.124489, 65.077560,13.318997, 207.727844, 1.000000
5, 90,6,46.362293, 46.365685, 119.124489, 65.077560,13.318997, 207.727844, 0.999927
5, 90,7,107.996307, 107.992874, 119.124489, 65.077560,13.318997, 207.727844, 1.000032
5, 90,8,204.771393, 204.780045, 119.124489, 65.077560,13.318997, 207.727844, 0.999958
5, 90,9,109.384903, 109.373604, 119.124489, 65.077560,13.318997, 207.727844, 1.000103
5, 90,10,195.643875, 195.646484, 119.124489, 65.077560,13.318997, 207.727844, 0.999987
5, 90,11,125.409477, 125.410797, 119.124489, 65.077560,13.318997, 207.727844, 0.999989
5, 90,12,48.229935, 48.232582, 119.124489, 65.077560,13.318997, 207.727844, 0.999945
5, 90,13,203.626892, 203.619705, 119.124489, 65.077560,13.318997, 207.727844, 1.000035
5, 90,14,130.107773, 130.097504, 119.124489, 65.077560,13.318997, 207.727844, 1.000079
5, 90,15,60.858784, 60.860096, 119.124489, 65.077560,13.318997, 207.727844, 0.999978
5, 90,16,66.714569, 66.713608, 119.124489, 65.077560,13.318997, 207.727844, 1.000014
5, 90,17,151.382614, 151.385361, 119.124489, 65.077560,13.318997, 207.727844, 0.999982
5, 90,18,144.827820, 144.831772, 119.124489, 65.077560,13.318997, 207.727844, 0.999973
5, 90,19,202.360443, 202.355667, 119.124489, 65.077560,13.318997, 207.727844, 1.000024
5, 90,20,18.153854, 18.154728, 119.124489, 65.077560,13.318997, 207.727844, 0.999952
5, 90,21,193.573166, 193.572144, 119.124489, 65.077560,13.318997, 207.727844, 1.000005
5, 90,22,17.167891, 17.162937, 119.124489, 65.077560,13.318997, 207.727844, 1.000289
5, 90,23,36.526085, 36.525558, 119.124489, 65.077560,13.318997, 207.727844, 1.000014
5, 90,24,207.727844, 207.729477, 119.124489, 65.077560,13.318997, 207.727844, 0.999992
5, 90,25,39.567814, 39.572235, 119.124489, 65.077560,13.318997, 207.727844, 0.999888
5, 90,26,124.898758, 124.905190, 119.124489, 65.077560,13.318997, 207.727844, 0.999949
5, 90,27,18.146320, 18.141766, 119.124489, 65.077560,13.318997, 207.727844, 1.000251
5, 90,28,135.387680, 135.387054, 119.124489, 65.077560,13.318997, 207.727844, 1.000005
5, 90,29,189.780624, 189.786484, 119.124489, 65.077560,13.318997, 207.727844, 0.999969
5, 90,30,160.511444, 160.512451, 119.124489, 65.077560,13.318997, 207.727844, 0.999994
5, 90,31,143.931427, 143.930725, 119.124489, 65.077560,13.318997, 207.727844, 1.000005
5, 91,0,146.412277, 146.395935, 119.121460, 58.445675,14.587448, 222.998688, 1.000112
5, 91,1,199.310867, 199.297043, 119.121460, 58.445675,14.587448, 222.998688, 1.000069
5, 91,2,14.587448, 14.608587, 119.121460, 58.445675,14.587448, 222.998688, 0.998553
5, 91,3,90.388611, 90.389893, 119.121460, 58.445675,14.587448, 222.998688, 0.999986
5, 91,4,87.158897, 87.167786, 119.121460, 58.445675,14.587448, 222.998688, 0.999898
5, 91,5,177.182297, 177.178421, 119.121460, 58.445675,14.587448, 222.998688, 1.000022
5, 91,6,74.243004, 74.240311, 119.121460, 58.445675,14.587448, 222.998688, 1.000036
5, 91,7,43.724930, 43.724701, 119.121460, 58.445675,14.587448, 222.998688, 1.000005
5, 91,8,134.190002, 134.191010, 119.121460, 58.445675,14.587448, 222.998688, 0.999992
5, 91,9,43.789108, 43.802814, 119.121460, 58.445675,14.587448, 222.998688, 0.999687
5, 91,10,198.427292, 198.437820, 119.121460, 58.445675,14.587448, 222.998688, 0.999947
5, 91,11,191.066742, 191.069305, 119.121460, 58.445675,14.587448, 222.998688, 0.999987
5, 91,12,122.371376, 122.396149, 119.121460, 58.445675,14.587448, 222.998688, 0.999798
5, 91,13,70.342125, 70.341248, 119.121460, 58.445675,14.587448, 222.998688, 1.000013
5, 91,14,139.096954, 139.099014, 119.121460, 58.445675,14.587448, 222.998688, 0.999985
5, 91,15,113.739273, 113.745277, 119.121460, 58.445675,14.587448, 222.998688, 0.999947
5, 91,16,211.001526, 211.013809, 119.121460, 58.445675,14.587448, 222.998688, 0.999942
5, 91,17,190.004684, 190.001770, 119.121460, 58.445675,14.587448, 222.998688, 1.000015
5, 91,18,37.113091, 37.117756, 119.121460, 58.445675,14.587448, 222.998688, 0.999874
5, 91,19,100.683662, 100.674591, 119.121460, 58.445675,14.587448, 222.998688, 1.000090
5, 91,20,64.528580, 64.534943, 119.121460, 58.445675,14.587448, 222.998688, 0.999901
5, 91,21,135.394302, 135.414749, 119.121460, 58.445675,14.587448, 222.998688, 0.999849
5, 91,22,143.553696, 143.557892, 119.121460, 58.445675,14.587448, 222.998688, 0.999971
5, 91,23,91.995605, 92.004204, 119.121460, 58.445675,14.587448, 222.998688, 0.999907
5, 91,24,22.174118, 22.185417, 119.121460, 58.445675,14.587448, 222.998688, 0.999491
5, 91,25,222.998688, 223.016953, 119.121460, 58.445675,14.587448, 222.998688, 0.999918
5, 91,26,92.893303, 92.895981, 119.121460, 58.445675,14.587448, 222.998688, 0.999971
5, 91,27,179.598709, 179.586868, 119.121460, 58.445675,14.587448, 222.998688, 1.000066
5, 91,28,156.368851, 156.368195, 119.121460, 58.445675,14.587448, 222.998688, 1.000004
5, 91,29,151.472427, 151.473206, 119.121460, 58.445675,14.587448, 222.998688, 0.999995
5, 91,30,81.395645, 81.394035, 119.121460, 58.445675,14.587448, 222.998688, 1.000020
5, 91,31,84.678680, 84.674736, 119.121460, 58.445675,14.587448, 222.998688, 1.000047
5, 92,0,63.834232, 63.827339, 119.124016, 79.758209,11.187092, 267.907745, 1.000108
5, 92,1,138.953949, 138.958633, 119.124016, 79.758209,11.187092, 267.907745, 0.999966
5, 92,2,11.532218, 11.532133, 119.124016, 79.758209,11.187092, 267.907745, 1.000007
5, 92,3,54.639317, 54.642643, 119.124016, 79.758209,11.187092, 267.907745, 0.999939
5, 92,4,148.893631, 148.897232, 119.124016, 79.758209,11.187092, 267.907745, 0.999976
5, 92,5,116.200287, 116.195496, 119.124016, 79.758209,11.187092, 267.907745, 1.000041
5, 92,6,22.232761, 22.232750, 119.124016, 79.758209,11.187092, 267.907745, 1.000000
5, 92,7,135.635773, 135.643066, 119.124016, 79.758209,11.187092, 267.907745, 0.999946
5, 92,8,11.187092, 11.183553, 119.124016, 79.758209,11.187092, 267.907745, 1.000317
5, 92,9,207.684326, 207.685760, 119.124016, 79.758209,11.187092, 267.907745, 0.999993
5, 92,10,198.483368, 198.484848, 119.124016, 79.758209,11.187092, 267.907745, 0.999993
5, 92,11,62.805004, 62.797810, 119.124016, 79.758209,11.187092, 267.907745, 1.000115
5, 92,12,78.699265, 78.694710, 119.124016, 79.758209,11.187092, 267.907745, 1.000058
5, 92,13,261.679840, 261.675232, 119.124016, 79.758209,11.187092, 267.907745, 1.000018
5, 92,14,122.529930, 122.534805, 119.124016, 79.758209,11.187092, 267.907745, 0.999960
5, 92,15,122.372993, 122.372681, 119.124016, 79.758209,11.187092, 267.907745, 1.000003
5, 92,16,135.503616, 135.505249, 119.124016, 79.758209,11.187092, 267.907745, 0.999988
5, 92,17,192.389435, 192.388748, 119.124016, 79.758209,11.187092, 267.907745, 1.000004
5, 92,18,259.846588, 259.843170, 119.124016, 79.758209,11.187092, 267.907745, 1.000013
5, 92,19,20.110655, 20.108839, 119.124016, 79.758209,11.187092, 267.907745, 1.000090
5, 92,20,16.058414, 16.047468, 119.124016, 79.758209,11.187092, 267.907745, 1.000682
5, 92,21,55.730835, 55.737026, 119.124016, 79.758209,11.187092, 267.907745, 0.999889
5, 92,22,38.693966, 38.697105, 119.124016, 79.758209,11.187092, 267.907745, 0.999919
5, 92,23,159.705200, 159.695129, 119.124016, 79.758209,11.187092, 267.907745, 1.000063
5, 92,24,185.607254, 185.619812, 119.124016, 79.758209,11.187092, 267.907745, 0.999932
5, 92,25,200.126526, 200.138580, 119.124016, 79.758209,11.187092, 267.907745, 0.999940
5, 92,26,219.947632, 219.950943, 119.124016, 79.758209,11.187092, 267.907745, 0.999985
5, 92,27,145.153015, 145.160126, 119.124016, 79.758209,11.187092, 267.907745, 0.999951
5, 92,28,24.257727, 24.259380, 119.124016, 79.758209,11.187092, 267.907745, 0.999932
5, 92,29,73.183090, 73.182266, 119.124016, 79.758209,11.187092, 267.907745, 1.000011
5, 92,30,267.907745, 267.917267, 119.124016, 79.758209,11.187092, 267.907745, 0.999964
5, 92,31,60.383343, 60.390175, 119.124016, 79.758209,11.187092, 267.907745, 0.999887
5, 93,0,204.245987, 204.238693, 119.125839, 65.311150,10.619192, 212.273682, 1.000036
5, 93,1,187.161942, 187.149673, 119.125839, 65.311150,10.619192, 212.273682, 1.000066
5, 93,2,125.567314, 125.568306, 119.125839, 65.311150,10.619192, 212.273682, 0.999992
5, 93,3,92.794197, 92.775002, 119.125839, 65.311150,10.619192, 212.273682, 1.000207
5, 93,4,172.062347, 172.047745, 119.125839, 65.311150,10.619192, 212.273682, 1.000085
5, 93,5,73.769417, 73.754761, 119.125839, 65.311150,10.619192, 212.273682, 1.000199
5, 93,6,212.273682, 212.261597, 119.125839, 65.311150,10.619192, 212.273682, 1.000057
5, 93,7,191.414444, 191.421921, 119.125839, 65.311150,10.619192, 212.273682, 0.999961
5, 93,8,208.767059, 208.771759, 119.125839, 65.311150,10.619192, 212.273682, 0.999977
5, 93,9,29.426476, 29.417660, 119.125839, 65.311150,10.619192, 212.273682, 1.000300
5, 93,10,211.673859, 211.684097, 119.125839, 65.311150,10.619192, 212.273682, 0.999952
5, 93,11,198.439697, 198.451279, 119.125839, 65.311150,10.619192, 212.273682, 0.999942
5, 93,12,137.200745, 137.211441, 119.125839, 65.311150,10.619192, 212.273682, 0.999922
5, 93,13,92.313286, 92.303055, 119.125839, 65.311150,10.619192, 212.273682, 1.000111
5, 93,14,167.254105, 167.247650, 119.125839, 65.311150,10.619192, 212.273682, 1.000039
5, 93,15,18.718903, 18.712177, 119.125839, 65.311150,10.619192, 212.273682, 1.000359
5, 93,16,35.844181, 35.850883, 119.125839, 65.311150,10.619192, 212.273682, 0.999813
5, 93,17,139.104523, 139.105392, 119.125839, 65.311150,10.619192, 212.273682, 0.999994
5, 93,18,10.619192, 10.620968, 119.125839, 65.311150,10.619192, 212.273682, 0.999833
5, 93,19,52.826462, 52.828144, 119.125839, 65.311150,10.619192, 212.273682, 0.999968
5, 93,20,48.948402, 48.947094, 119.125839, 65.311150,10.619192, 212.273682, 1.000027
5, 93,21,73.356621, 73.357330, 119.125839, 65.311150,10.619192, 212.273682, 0.999990
5, 93,22,141.368393, 141.378143, 119.125839, 65.311150,10.619192, 212.273682, 0.999931
5, 93,23,94.127312, 94.116280, 119.125839, 65.311150,10.619192, 212.273682, 1.000117
5, 93,24,160.434402, 160.429428, 119.125839, 65.311150,10.619192, 212.273682, 1.000031
5, 93,25,122.204590, 122.221283, 119.125839, 65.311150,10.619192, 212.273682, 0.999863
5, 93,26,53.365707, 53.374596, 119.125839, 65.311150,10.619192, 212.273682, 0.999833
5, 93,27,15.786194, 15.799838, 119.125839, 65.311150,10.619192, 212.273682, 0.999136
5, 93,28,90.592072, 90.576775, 119.125839, 65.311150,10.619192, 212.273682, 1.000169
5, 93,29,154.449951, 154.468140, 119.125839, 65.311150,10.619192, 212.273682, 0.999882
5, 93,30,101.092461, 101.083542, 119.125839, 65.311150,10.619192, 212.273682, 1.000088
5, 93,31,194.822998, 194.824829, 119.125839, 65.311150,10.619192, 212.273682, 0.999991
5, 94,0,162.982391, 163.000046, 119.123337, 44.656467,14.136898, 183.959656, 0.999892
5, 94,1,75.961372, 75.935593, 119.123337, 44.656467,14.136898, 183.959656, 1.000340
5, 94,2,179.905670, 179.923569, 119.123337, 44.656467,14.136898, 183.959656, 0.999901
5, 94,3,111.276375, 111.283005, 119.123337, 44.656467,14.136898, 183.959656, 0.999940
5, 94,4,183.959656, 183.962189, 119.123337, 44.656467,14.136898, 183.959656, 0.999986
5, 94,5,73.369392, 73.365067, 119.123337, 44.656467,14.136898, 183.959656, 1.000059
5, 94,6,166.733871, 166.726761, 119.123337, 44.656467,14.136898, 183.959656, 1.000043
5, 94,7,85.914780, 85.911163, 119.123337, 44.656467,14.136898, 183.959656, 1.000042
5, 94,8,133.139175, 133.164749, 119.123337, 44.656467,14.136898, 183.959656, 0.999808
5, 94,9,162.219055, 162.204147, 119.123337, 44.656467,14.136898, 183.959656, 1.000092
5, 94,10,14.136898, 14.140804, 119.123337, 44.656467,14.136898, 183.959656, 0.999724
5, 94,11,79.712601, 79.710709, 119.123337, 44.656467,14.136898, 183.959656, 1.000024
5, 94,12,148.020386, 148.007095, 119.123337, 44.656467,14.136898, 183.959656, 1.000090
5, 94,13,86.560844, 86.572617, 119.123337, 44.656467,14.136898, 183.959656, 0.999864
5, 94,14,108.890625, 108.884560, 119.123337, 44.656467,14.136898, 183.959656, 1.000056
5, 94,15,163.365662, 163.371109, 119.123337, 44.656467,14.136898, 183.959656, 0.999967
5, 94,16,112.566971, 112.568268, 119.123337, 44.656467,14.136898, 183.959656, 0.999988
5, 94,17,170.253815, 170.254532, 119.123337, 44.656467,14.136898, 183.959656, 0.999996
5, 94,18,168.376892, 168.383087, 119.123337, 44.656467,14.136898, 183.959656, 0.999963
5, 94,19,87.493599, 87.486816, 119.123337, 44.656467,14.136898, 183.959656, 1.000077
5, 94,20,101.563614, 101.581688, 119.123337, 44.656467,14.136898, 183.959656, 0.999822
5, 94,21,182.924637, 182.929672, 119.123337, 44.656467,14.136898, 183.959656, 0.999972
5, 94,22,108.951134, 108.943718, 119.123337, 44.656467,14.136898, 183.959656, 1.000068
5, 94,23,48.141743, 48.133045, 119.123337, 44.656467,14.136898, 183.959656, 1.000181
5, 94,24,132.322220, 132.325806, 119.123337, 44.656467,14.136898, 183.959656, 0.999973
5, 94,25,106.581558, 106.582932, 119.123337, 44.656467,14.136898, 183.959656, 0.999987
5, 94,26,147.504028, 147.512375, 119.123337, 44.656467,14.136898, 183.959656, 0.999943
5, 94,27,51.263973, 51.268230, 119.123337, 44.656467,14.136898, 183.959656, 0.999917
5, 94,28,66.887001, 66.890358, 119.123337, 44.656467,14.136898, 183.959656, 0.999950
5, 94,29,98.262939, 98.263664, 119.123337, 44.656467,14.136898, 183.959656, 0.999993
5, 94,30,142.388306, 142.398193, 119.123337, 44.656467,14.136898, 183.959656, 0.999931
5, 94,31,150.315552, 150.314117, 119.123337, 44.656467,14.136898, 183.959656, 1.000010
5, 95,0,82.655678, 82.660103, 119.125267, 66.263557,10.650277, 226.498657, 0.999946
5, 95,1,34.493229, 34.488003, 119.125267, 66.263557,10.650277, 226.498657, 1.000152
5, 95,2,34.104897, 34.110100, 119.125267, 66.263557,10.650277, 226.498657, 0.999847
5, 95,3,51.623997, 51.637848, 119.125267, 66.263557,10.650277, 226.498657, 0.999732
5, 95,4,191.586639, 191.591858, 119.125267, 66.263557,10.650277, 226.498657, 0.999973
5, 95,5,157.498672, 157.491425, 119.125267, 66.263557,10.650277, 226.498657, 1.000046
5, 95,6,152.487045, 152.489380, 119.125267, 66.263557,10.650277, 226.498657, 0.999985
5, 95,7,153.774033, 153.781128, 119.125267, 66.263557,10.650277, 226.498657, 0.999954
5, 95,8,184.795013, 184.789627, 119.125267, 66.263557,10.650277, 226.498657, 1.000029
5, 95,9,118.527405, 118.519501, 119.125267, 66.263557,10.650277, 226.498657, 1.000067
5, 95,10,180.642426, 180.646469, 119.125267, 66.263557,10.650277, 226.498657, 0.999978
5, 95,11,10.650277, 10.645867, 119.125267, 66.263557,10.650277, 226.498657, 1.000414
5, 95,12,189.069046, 189.070221, 119.125267, 66.263557,10.650277, 226.498657, 0.999994
5, 95,13,32.365284, 32.364883, 119.125267, 66.263557,10.650277, 226.498657, 1.000012
5, 95,14,202.143448, 202.145630, 119.125267, 66.263557,10.650277, 226.498657, 0.999989
5, 95,15,226.498657, 226.503067, 119.125267, 66.263557,10.650277, 226.498657, 0.999981
5, 95,16,217.111923, 217.103638, 119.125267, 66.263557,10.650277, 226.498657, 1.000038
5, 95,17,125.852806, 125.857643, 119.125267, 66.263557,10.650277, 226.498657, 0.999962
5, 95,18,205.489258, 205.498627, 119.125267, 66.263557,10.650277, 226.498657, 0.999954
5, 95,19,67.274796, 67.269218, 119.125267, 66.263557,10.650277, 226.498657, 1.000083
5, 95,20,161.295822, 161.291061, 119.125267, 66.263557,10.650277, 226.498657, 1.000030
5, 95,21,108.913094, 108.900200, 119.125267, 66.263557,10.650277, 226.498657, 1.000118
5, 95,22,85.282211, 85.271057, 119.125267, 66.263557,10.650277, 226.498657, 1.000131
5, 95,23,187.056763, 187.050186, 119.125267, 66.263557,10.650277, 226.498657, 1.000035
5, 95,24,85.346611, 85.339767, 119.125267, 66.263557,10.650277, 226.498657, 1.000080
5, 95,25,129.103531, 129.114471, 119.125267, 66.263557,10.650277, 226.498657, 0.999915
5, 95,26,71.109184, 71.116943, 119.125267, 66.263557,10.650277, 226.498657, 0.999891
5, 95,27,18.392160, 18.389408, 119.125267, 66.263557,10.650277, 226.498657, 1.000150
5, 95,28,88.823112, 88.823334, 119.125267, 66.263557,10.650277, 226.498657, 0.999997
5, 95,29,80.439659, 80.440796, 119.125267, 66.263557,10.650277, 226.498657, 0.999986
5, 95,30,15.608962, 15.606680, 119.125267, 66.263557,10.650277, 226.498657, 1.000146
5, 95,31,161.993103, 161.991898, 119.125267, 66.263557,10.650277, 226.498657, 1.000007
5, 96,0,31.721491, 31.711042, 119.124039, 62.661846,30.798590, 213.156555, 1.000329
5, 96,1,213.156555, 213.167953, 119.124039, 62.661846,30.798590, 213.156555, 0.999947
5, 96,2,128.558151, 128.571747, 119.124039, 62.661846,30.798590, 213.156555, 0.999894
5, 96,3,174.009827, 174.004822, 119.124039, 62.661846,30.798590, 213.156555, 1.000029
5, 96,4,192.966537, 192.968353, 119.124039, 62.661846,30.798590, 213.156555, 0.999991
5, 96,5,135.384964, 135.392471, 119.124039, 62.661846,30.798590, 213.156555, 0.999945
5, 96,6,69.027214, 69.036102, 119.124039, 62.661846,30.798590, 213.156555, 0.999871
5, 96,7,134.753387, 134.745605, 119.124039, 62.661846,30.798590, 213.156555, 1.000058
5, 96,8,56.393307, 56.393742, 119.124039, 62.661846,30.798590, 213.156555, 0.999992
5, 96,9,44.475254, 44.481491, 119.124039, 62.661846,30.798590, 213.156555, 0.999860
5, 96,10,178.340973, 178.340622, 119.124039, 62.661846,30.798590, 213.156555, 1.000002
5, 96,11,46.702763, 46.710232, 119.124039, 62.661846,30.798590, 213.156555, 0.999840
5, 96,12,142.362717, 142.354095, 119.124039, 62.661846,30.798590, 213.156555, 1.000061
5, 96,13,165.697556, 165.704681, 119.124039, 62.661846,30.798590, 213.156555, 0.999957
5, 96,14,192.690750, 192.692978, 119.124039, 62.661846,30.798590, 213.156555, 0.999988
5, 96,15,199.641647, 199.648193, 119.124039, 62.661846,30.798590, 213.156555, 0.999967
5, 96,16,141.993164, 141.989044, 119.124039, 62.661846,30.798590, 213.156555, 1.000029
5, 96,17,59.190182, 59.192482, 119.124039, 62.661846,30.798590, 213.156555, 0.999961
5, 96,18,179.631989, 179.627914, 119.124039, 62.661846,30.798590, 213.156555, 1.000023
5, 96,19,54.952713, 54.952744, 119.124039, 62.661846,30.798590, 213.156555, 0.999999
5, 96,20,55.894836, 55.907005, 119.124039, 62.661846,30.798590, 213.156555, 0.999782
5, 96,21,56.900764, 56.886883, 119.124039, 62.661846,30.798590, 213.156555, 1.000244
5, 96,22,135.746323, 135.738312, 119.124039, 62.661846,30.798590, 213.156555, 1.000059
5, 96,23,108.262512, 108.256866, 119.124039, 62.661846,30.798590, 213.156555, 1.000052
5, 96,24,193.785919, 193.775314, 119.124039, 62.661846,30.798590, 213.156555, 1.000055
5, 96,25,30.798590, 30.788803, 119.124039, 62.661846,30.798590, 213.156555, 1.000318
5, 96,26,35.653397, 35.662579, 119.124039, 62.661846,30.798590, 213.156555, 0.999743
5, 96,27,89.810959, 89.824905, 119.124039, 62.661846,30.798590, 213.156555, 0.999845
5, 96,28,198.835236, 198.834824, 119.124039, 62.661846,30.798590, 213.156555, 1.000002
5, 96,29,37.195255, 37.206047, 119.124039, 62.661846,30.798590, 213.156555, 0.999710
5, 96,30,129.071838, 129.071304, 119.124039, 62.661846,30.798590, 213.156555, 1.000004
5, 96,31,198.362656, 198.360901, 119.124039, 62.661846,30.798590, 213.156555, 1.000009
5, 97,0,89.758011, 89.761101, 119.123512, 59.149563,19.486000, 206.312027, 0.999966
5, 97,1,134.439850, 134.436035, 119.123512, 59.149563,19.486000, 206.312027, 1.000028
5, 97,2,121.664322, 121.644958, 119.123512, 59.149563,19.486000, 206.312027, 1.000159
5, 97,3,196.429352, 196.430069, 119.123512, 59.149563,19.486000, 206.312027, 0.999996
5, 97,4,150.194321, 150.199387, 119.123512, 59.149563,19.486000, 206.312027, 0.999966
5, 97,5,181.731918, 181.738190, 119.123512, 59.149563,19.486000, 206.312027, 0.999965
5, 97,6,19.486000, 19.491909, 119.123512, 59.149563,19.486000, 206.312027, 0.999697
5, 97,7,190.265366, 190.279694, 119.123512, 59.149563,19.486000, 206.312027, 0.999925
5, 97,8,99.528572, 99.525421, 119.123512, 59.149563,19.486000, 206.312027, 1.000032
5, 97,9,189.723236, 189.722778, 119.123512, 59.149563,19.486000, 206.312027, 1.000002
5, 97,10,93.340729, 93.326622, 119.123512, 59.149563,19.486000, 206.312027, 1.000151
5, 97,11,83.398720, 83.404915, 119.123512, 59.149563,19.486000, 206.312027, 0.999926
5, 97,12,42.605522, 42.610283, 119.123512, 59.149563,19.486000, 206.312027, 0.999888
5, 97,13,205.700333, 205.704056, 119.123512, 59.149563,19.486000, 206.312027, 0.999982
5, 97,14,206.312027, 206.315460, 119.123512, 59.149563,19.486000, 206.312027, 0.999983
5, 97,15,171.656143, 171.671204, 119.123512, 59.149563,19.486000, 206.312027, 0.999912
5, 97,16,129.812119, 129.829315, 119.123512, 59.149563,19.486000, 206.312027, 0.999868
5, 97,17,135.868973, 135.870712, 119.123512, 59.149563,19.486000, 206.312027, 0.999987
5, 97,18,63.899601, 63.906544, 119.123512, 59.149563,19.486000, 206.312027, 0.999891
5, 97,19,190.560486, 190.558167, 119.123512, 59.149563,19.486000, 206.312027, 1.000012
5, 97,20,136.320633, 136.324738, 119.123512, 59.149563,19.486000, 206.312027, 0.999970
5, 97,21,40.437992, 40.424961, 119.123512, 59.149563,19.486000, 206.312027, 1.000322
5, 97,22,39.208836, 39.208206, 119.123512, 59.149563,19.486000, 206.312027, 1.000016
5, 97,23,37.415009, 37.410313, 119.123512, 59.149563,19.486000, 206.312027, 1.000126
5, 97,24,196.215790, 196.212158, 119.123512, 59.149563,19.486000, 206.312027, 1.000018
5, 97,25,137.775101, 137.777588, 119.123512, 59.149563,19.486000, 206.312027, 0.999982
5, 97,26,94.277931, 94.264915, 119.123512, 59.149563,19.486000, 206.312027, 1.000138
5, 97,27,57.083309, 57.084232, 119.123512, 59.149563,19.486000, 206.312027, 0.999984
5, 97,28,69.580124, 69.590797, 119.123512, 59.149563,19.486000, 206.312027, 0.999847
5, 97,29,52.864437, 52.858883, 119.123512, 59.149563,19.486000, 206.312027, 1.000105
5, 97,30,175.437302, 175.448593, 119.123512, 59.149563,19.486000, 206.312027, 0.999936
5, 97,31,78.960701, 78.967690, 119.123512, 59.149563,19.486000, 206.312027, 0.999911
5, 98,0,190.431381, 190.432053, 119.125366, 60.703220,23.683157, 226.963577, 0.999996
5, 98,1,129.913712, 129.912628, 119.125366, 60.703220,23.683157, 226.963577, 1.000008
5, 98,2,226.963577, 226.943344, 119.125366, 60.703220,23.683157, 226.963577, 1.000089
5, 98,3,68.943977, 68.934616, 119.125366, 60.703220,23.683157, 226.963577, 1.000136
5, 98,4,173.814789, 173.815186, 119.125366, 60.703220,23.683157, 226.963577, 0.999998
5, 98,5,102.842697, 102.842758, 119.125366, 60.703220,23.683157, 226.963577, 0.999999
5, 98,6,76.716255, 76.710289, 119.125366, 60.703220,23.683157, 226.963577, 1.000078
5, 98,7,169.935196, 169.930710, 119.125366, 60.703220,23.683157, 226.963577, 1.000026
5, 98,8,74.427528, 74.437614, 119.125366, 60.703220,23.683157, 226.963577, 0.999865
5, 98,9,116.928268, 116.910461, 119.125366, 60.703220,23.683157, 226.963577, 1.000152
5, 98,10,127.537422, 127.525299, 119.125366, 60.703220,23.683157, 226.963577, 1.000095
5, 98,11,27.182980, 27.176619, 119.125366, 60.703220,23.683157, 226.963577, 1.000234
5, 98,12,49.338699, 49.343700, 119.125366, 60.703220,23.683157, 226.963577, 0.999899
5, 98,13,173.254395, 173.262177, 119.125366, 60.703220,23.683157, 226.963577, 0.999955
5, 98,14,174.484055, 174.489563, 119.125366, 60.703220,23.683157, 226.963577, 0.999968
5, 98,15,86.321800, 86.306808, 119.125366, 60.703220,23.683157, 226.963577, 1.000174
5, 98,16,42.332954, 42.336823, 119.125366, 60.703220,23.683157, 226.963577, 0.999909
5, 98,17,23.683157, 23.690041, 119.125366, 60.703220,23.683157, 226.963577, 0.999709
5, 98,18,113.392899, 113.396904, 119.125366, 60.703220,23.683157, 226.963577, 0.999965
5, 98,19,223.226242, 223.227463, 119.125366, 60.703220,23.683157, 226.963577, 0.999995
5, 98,20,78.348633, 78.349060, 119.125366, 60.703220,23.683157, 226.963577, 0.999995
5, 98,21,82.928642, 82.921394, 119.125366, 60.703220,23.683157, 226.963577, 1.000087
5, 98,22,214.638000, 214.649277, 119.125366, 60.703220,23.683157, 226.963577, 0.999947
5, 98,23,55.014023, 55.022030, 119.125366, 60.703220,23.683157, 226.963577, 0.999855
5, 98,24,131.846863, 131.848114, 119.125366, 60.703220,23.683157, 226.963577, 0.999991
5, 98,25,83.268661, 83.265327, 119.125366, 60.703220,23.683157, 226.963577, 1.000040
5, 98,26,214.948090, 214.939270, 119.125366, 60.703220,23.683157, 226.963577, 1.000041
5, 98,27,145.548859, 145.551636, 119.125366, 60.703220,23.683157, 226.963577, 0.999981
5, 98,28,183.807220, 183.809586, 119.125366, 60.703220,23.683157, 226.963577, 0.999987
5, 98,29,36.132610, 36.132469, 119.125366, 60.703220,23.683157, 226.963577, 1.000004
5, 98,30,106.458679, 106.477707, 119.125366, 60.703220,23.683157, 226.963577, 0.999821
5, 98,31,107.399994, 107.408356, 119.125366, 60.703220,23.683157, 226.963577, 0.999922
5, 99,0,93.740433, 93.735573, 119.127007, 68.703743,17.565950, 242.115158, 1.000052
5, 99,1,237.103241, 237.121002, 119.127007, 68.703743,17.565950, 242.115158, 0.999925
5, 99,2,95.681221, 95.680206, 119.127007, 68.703743,17.565950, 242.115158, 1.000011
5, 99,3,105.477798, 105.468903, 119.127007, 68.703743,17.565950, 242.115158, 1.000084
5, 99,4,84.371033, 84.354744, 119.127007, 68.703743,17.565950, 242.115158, 1.000193
5, 99,5,129.809891, 129.809540, 119.127007, 68.703743,17.565950, 242.115158, 1.000003
5, 99,6,145.803391, 145.796265, 119.127007, 68.703743,17.565950, 242.115158, 1.000049
5, 99,7,179.958160, 179.954742, 119.127007, 68.703743,17.565950, 242.115158, 1.000019
5, 99,8,242.115158, 242.102753, 119.127007, 68.703743,17.565950, 242.115158, 1.000051
5, 99,9,118.701180, 118.695290, 119.127007, 68.703743,17.565950, 242.115158, 1.000050
5, 99,10,180.361420, 180.369888, 119.127007, 68.703743,17.565950, 242.115158, 0.999953
5, 99,11,205.397675, 205.395142, 119.127007, 68.703743,17.565950, 242.115158, 1.000012
5, 99,12,95.759895, 95.753036, 119.127007, 68.703743,17.565950, 242.115158, 1.000072
5, 99,13,54.244785, 54.238487, 119.127007, 68.703743,17.565950, 242.115158, 1.000116
5, 99,14,206.702454, 206.698853, 119.127007, 68.703743,17.565950, 242.115158, 1.000017
5, 99,15,171.172714, 171.185699, 119.127007, 68.703743,17.565950, 242.115158, 0.999924
5, 99,16,239.814682, 239.808533, 119.127007, 68.703743,17.565950, 242.115158, 1.000026
5, 99,17,163.869644, 163.880600, 119.127007, 68.703743,17.565950, 242.115158, 0.999933
5, 99,18,72.583183, 72.577728, 119.127007, 68.703743,17.565950, 242.115158, 1.000075
5, 99,19,17.565950, 17.560019, 119.127007, 68.703743,17.565950, 242.115158, 1.000338
5, 99,20,135.402420, 135.395782, 119.127007, 68.703743,17.565950, 242.115158, 1.000049
5, 99,21,42.299454, 42.293949, 119.127007, 68.703743,17.565950, 242.115158, 1.000130
5, 99,22,19.429693, 19.424532, 119.127007, 68.703743,17.565950, 242.115158, 1.000266
5, 99,23,154.046341, 154.048203, 119.127007, 68.703743,17.565950, 242.115158, 0.999988
5, 99,24,45.188698, 45.185402, 119.127007, 68.703743,17.565950, 242.115158, 1.000073
5, 99,25,36.190228, 36.190582, 119.127007, 68.703743,17.565950, 242.115158, 0.999990
5, 99,26,18.252590, 18.251926, 119.127007, 68.703743,17.565950, 242.115158, 1.000036
5, 99,27,140.038467, 140.035217, 119.127007, 68.703743,17.565950, 242.115158, 1.000023
5, 99,28,129.072205, 129.081207, 119.127007, 68.703743,17.565950, 242.115158, 0.999930
5, 99,29,168.390350, 168.388931, 119.127007, 68.703743,17.565950, 242.115158, 1.000008
5, 99,30,44.064842, 44.063778, 119.127007, 68.703743,17.565950, 242.115158, 1.000024
5, 99,31,39.454491, 39.453484, 119.127007, 68.703743,17.565950, 242.115158, 1.000026
5, 100,0,103.677238, 103.678207, 119.126175, 68.911087,12.020473, 226.593536, 0.999991
5, 100,1,206.819275, 206.815033, 119.126175, 68.911087,12.020473, 226.593536, 1.000021
5, 100,2,210.220840, 210.227020, 119.126175, 68.911087,12.020473, 226.593536, 0.999971
5, 100,3,12.020473, 12.015547, 119.126175, 68.911087,12.020473, 226.593536, 1.000410
5, 100,4,158.772522, 158.765228, 119.126175, 68.911087,12.020473, 226.593536, 1.000046
5, 100,5,152.938324, 152.938721, 119.126175, 68.911087,12.020473, 226.593536, 0.999997
5, 100,6,129.725433, 129.728973, 119.126175, 68.911087,12.020473, 226.593536, 0.999973
5, 100,7,27.674591, 27.679028, 119.126175, 68.911087,12.020473, 226.593536, 0.999840
5, 100,8,39.560478, 39.572815, 119.126175, 68.911087,12.020473, 226.593536, 0.999688
5, 100,9,46.081852, 46.087231, 119.126175, 68.911087,12.020473, 226.593536, 0.999883
5, 100,10,54.828434, 54.823555, 119.126175, 68.911087,12.020473, 226.593536, 1.000089
5, 100,11,42.686195, 42.689003, 119.126175, 68.911087,12.020473, 226.593536, 0.999934
5, 100,12,78.110352, 78.122726, 119.126175, 68.911087,12.020473, 226.593536, 0.999842
5, 100,13,189.043793, 189.039703, 119.126175, 68.911087,12.020473, 226.593536, 1.000022
5, 100,14,26.946472, 26.942974, 119.126175, 68.911087,12.020473, 226.593536, 1.000130
5, 100,15,126.641701, 126.640305, 119.126175, 68.911087,12.020473, 226.593536, 1.000011
5, 100,16,47.737411, 47.731308, 119.126175, 68.911087,12.020473, 226.593536, 1.000128
5, 100,17,75.930405, 75.921440, 119.126175, 68.911087,12.020473, 226.593536, 1.000118
5, 100,18,49.765072, 49.767490, 119.126175, 68.911087,12.020473, 226.593536, 0.999951
5, 100,19,189.279343, 189.287338, 119.126175, 68.911087,12.020473, 226.593536, 0.999958
5, 100,20,118.390511, 118.378624, 119.126175, 68.911087,12.020473, 226.593536, 1.000100
5, 100,21,62.449883, 62.452366, 119.126175, 68.911087,12.020473, 226.593536, 0.999960
5, 100,22,178.477173, 178.473557, 119.126175, 68.911087,12.020473, 226.593536, 1.000020
5, 100,23,192.067993, 192.066467, 119.126175, 68.911087,12.020473, 226.593536, 1.000008
5, 100,24,137.806931, 137.798035, 119.126175, 68.911087,12.020473, 226.593536, 1.000065
5, 100,25,169.703461, 169.695953, 119.126175, 68.911087,12.020473, 226.593536, 1.000044
5, 100,26,191.927155, 191.928879, 119.126175, 68.911087,12.020473, 226.593536, 0.999991
5, 100,27,32.396435, 32.391144, 119.126175, 68.911087,12.020473, 226.593536, 1.000163
5, 100,28,119.304352, 119.300407, 119.126175, 68.911087,12.020473, 226.593536, 1.000033
5, 100,29,226.593536, 226.599045, 119.126175, 68.911087,12.020473, 226.593536, 0.999976
5, 100,30,207.599686, 207.592377, 119.126175, 68.911087,12.020473, 226.593536, 1.000035
5, 100,31,206.860382, 206.849426, 119.126175, 68.911087,12.020473, 226.593536, 1.000053
5, 101,0,172.493576, 172.474380, 119.125526, 52.724426,15.196329, 200.926941, 1.000111
5, 101,1,31.053053, 31.049507, 119.125526, 52.724426,15.196329, 200.926941, 1.000114
5, 101,2,92.373161, 92.375977, 119.125526, 52.724426,15.196329, 200.926941, 0.999970
5, 101,3,165.919968, 165.935379, 119.125526, 52.724426,15.196329, 200.926941, 0.999907
5, 101,4,193.670212, 193.679733, 119.125526, 52.724426,15.196329, 200.926941, 0.999951
5, 101,5,131.843506, 131.849792, 119.125526, 52.724426,15.196329, 200.926941, 0.999952
5, 101,6,15.196329, 15.190454, 119.125526, 52.724426,15.196329, 200.926941, 1.000387
5, 101,7,119.627586, 119.628853, 119.125526, 52.724426,15.196329, 200.926941, 0.999989
5, 101,8,169.213638, 169.219864, 119.125526, 52.724426,15.196329, 200.926941, 0.999963
5, 101,9,151.054245, 151.035294, 119.125526, 52.724426,15.196329, 200.926941, 1.000126
5, 101,10,181.985840, 181.986221, 119.125526, 52.724426,15.196329, 200.926941, 0.999998
5, 101,11,135.686722, 135.673706, 119.125526, 52.724426,15.196329, 200.926941, 1.000096
5, 101,12,109.572746, 109.571609, 119.125526, 52.724426,15.196329, 200.926941, 1.000010
5, 101,13,71.834282, 71.829926, 119.125526, 52.724426,15.196329, 200.926941, 1.000061
5, 101,14,108.102234, 108.091179, 119.125526, 52.724426,15.196329, 200.926941, 1.000102
5, 101,15,32.557602, 32.565887, 119.125526, 52.724426,15.196329, 200.926941, 0.999746
5, 101,16,64.878334, 64.901337, 119.125526, 52.724426,15.196329, 200.926941, 0.999646
5, 101,17,146.608994, 146.624008, 119.125526, 52.724426,15.196329, 200.926941, 0.999898
5, 101,18,86.300453, 86.304466, 119.125526, 52.724426,15.196329, 200.926941, 0.999954
5, 101,19,200.926941, 200.925995, 119.125526, 52.724426,15.196329, 200.926941, 1.000005
5, 101,20,64.437523, 64.445816, 119.125526, 52.724426,15.196329, 200.926941, 0.999871
5, 101,21,121.295563, 121.301071, 119.125526, 52.724426,15.196329, 200.926941, 0.999955
5, 101,22,101.542999, 101.546173, 119.125526, 52.724426,15.196329, 200.926941, 0.999969
5, 101,23,170.530807, 170.526459, 119.125526, 52.724426,15.196329, 200.926941, 1.000026
5, 101,24,21.074619, 21.058182, 119.125526, 52.724426,15.196329, 200.926941, 1.000781
5, 101,25,135.452042, 135.433960, 119.125526, 52.724426,15.196329, 200.926941, 1.000134
5, 101,26,198.931488, 198.948105, 119.125526, 52.724426,15.196329, 200.926941, 0.999916
5, 101,27,83.776497, 83.793152, 119.125526, 52.724426,15.196329, 200.926941, 0.999801
5, 101,28,147.027039, 147.019592, 119.125526, 52.724426,15.196329, 200.926941, 1.000051
5, 101,29,88.552094, 88.534081, 119.125526, 52.724426,15.196329, 200.926941, 1.000203
5, 101,30,151.105118, 151.107224, 119.125526, 52.724426,15.196329, 200.926941, 0.999986
5, 101,31,147.391068, 147.373199, 119.125526, 52.724426,15.196329, 200.926941, 1.000121
5, 102,0,199.599579, 199.620071, 119.125717, 66.845139,17.293577, 243.704926, 0.999897
5, 102,1,65.108315, 65.101067, 119.125717, 66.845139,17.293577, 243.704926, 1.000111
5, 102,2,117.472969, 117.490723, 119.125717, 66.845139,17.293577, 243.704926, 0.999849
5, 102,3,124.096672, 124.108284, 119.125717, 66.845139,17.293577, 243.704926, 0.999906
5, 102,4,55.085949, 55.085293, 119.125717, 66.845139,17.293577, 243.704926, 1.000012
5, 102,5,138.024017, 138.023056, 119.125717, 66.845139,17.293577, 243.704926, 1.000007
5, 102,6,21.541178, 21.532448, 119.125717, 66.845139,17.293577, 243.704926, 1.000405
5, 102,7,108.062172, 108.061584, 119.125717, 66.845139,17.293577, 243.704926, 1.000005
5, 102,8,117.980804, 117.970047, 119.125717, 66.845139,17.293577, 243.704926, 1.000091
5, 102,9,17.293577, 17.290052, 119.125717, 66.845139,17.293577, 243.704926, 1.000204
5, 102,10,77.872841, 77.885490, 119.125717, 66.845139,17.293577, 243.704926, 0.999838
5, 102,11,225.164352, 225.167450, 119.125717, 66.845139,17.293577, 243.704926, 0.999986
5, 102,12,99.126099, 99.118927, 119.125717, 66.845139,17.293577, 243.704926, 1.000072
5, 102,13,192.266357, 192.265640, 119.125717, 66.845139,17.293577, 243.704926, 1.000004
5, 102,14,69.909340, 69.908638, 119.125717, 66.845139,17.293577, 243.704926, 1.000010
5, 102,15,66.816444, 66.825211, 119.125717, 66.845139,17.293577, 243.704926, 0.999869
5, 102,16,62.836494, 62.833210, 119.125717, 66.845139,17.293577, 243.704926, 1.000052
5, 102,17,86.517448, 86.499054, 119.125717, 66.845139,17.293577, 243.704926, 1.000213
5, 102,18,181.767853, 181.770523, 119.125717, 66.845139,17.293577, 243.704926, 0.999985
5, 102,19,82.500267, 82.478439, 119.125717, 66.845139,17.293577, 243.704926, 1.000265
5, 102,20,226.333389, 226.319260, 119.125717, 66.845139,17.293577, 243.704926, 1.000062
5, 102,21,95.142448, 95.148392, 119.125717, 66.845139,17.293577, 243.704926, 0.999938
5, 102,22,190.079971, 190.076462, 119.125717, 66.845139,17.293577, 243.704926, 1.000018
5, 102,23,48.685169, 48.668045, 119.125717, 66.845139,17.293577, 243.704926, 1.000352
5, 102,24,72.853607, 72.848984, 119.125717, 66.845139,17.293577, 243.704926, 1.000063
5, 102,25,55.163612, 55.163990, 119.125717, 66.845139,17.293577, 243.704926, 0.999993
5, 102,26,214.576813, 214.586502, 119.125717, 66.845139,17.293577, 243.704926, 0.999955
5, 102,27,128.191818, 128.186127, 119.125717, 66.845139,17.293577, 243.704926, 1.000044
5, 102,28,243.704926, 243.703781, 119.125717, 66.845139,17.293577, 243.704926, 1.000005
5, 102,29,162.764984, 162.776337, 119.125717, 66.845139,17.293577, 243.704926, 0.999930
5, 102,30,222.139053, 222.141251, 119.125717, 66.845139,17.293577, 243.704926, 0.999990
5, 102,31,43.344395, 43.345371, 119.125717, 66.845139,17.293577, 243.704926, 0.999977
5, 103,0,210.465897, 210.459991, 119.123245, 50.240143,36.167164, 210.465897, 1.000028
5, 103,1,135.471436, 135.460602, 119.123245, 50.240143,36.167164, 210.465897, 1.000080
5, 103,2,44.005840, 44.022064, 119.123245, 50.240143,36.167164, 210.465897, 0.999631
5, 103,3,182.246811, 182.243256, 119.123245, 50.240143,36.167164, 210.465897, 1.000020
5, 103,4,89.488174, 89.487862, 119.123245, 50.240143,36.167164, 210.465897, 1.000003
5, 103,5,167.537521, 167.547562, 119.123245, 50.240143,36.167164, 210.465897, 0.999940
5, 103,6,161.954178, 161.970978, 119.123245, 50.240143,36.167164, 210.465897, 0.999896
5, 103,7,102.548370, 102.551384, 119.123245, 50.240143,36.167164, 210.465897, 0.999971
5, 103,8,199.728256, 199.721054, 119.123245, 50.240143,36.167164, 210.465897, 1.000036
5, 103,9,168.407471, 168.413101, 119.123245, 50.240143,36.167164, 210.465897, 0.999967
5, 103,10,140.039993, 140.035629, 119.123245, 50.240143,36.167164, 210.465897, 1.000031
5, 103,11,136.524017, 136.536346, 119.123245, 50.240143,36.167164, 210.465897, 0.999910
5, 103,12,57.503487, 57.493637, 119.123245, 50.240143,36.167164, 210.465897, 1.000171
5, 103,13,110.100922, 110.093987, 119.123245, 50.240143,36.167164, 210.465897, 1.000063
5, 103,14,143.334015, 143.324692, 119.123245, 50.240143,36.167164, 210.465897, 1.000065
5, 103,15,51.687485, 51.700676, 119.123245, 50.240143,36.167164, 210.465897, 0.999745
5, 103,16,78.289856, 78.303787, 119.123245, 50.240143,36.167164, 210.465897, 0.999822
5, 103,17,98.639130, 98.650253, 119.123245, 50.240143,36.167164, 210.465897, 0.999887
5, 103,18,151.699692, 151.708115, 119.123245, 50.240143,36.167164, 210.465897, 0.999945
5, 103,19,128.529373, 128.536255, 119.123245, 50.240143,36.167164, 210.465897, 0.999946
5, 103,20,77.176903, 77.190948, 119.123245, 50.240143,36.167164, 210.465897, 0.999818
5, 103,21,36.167164, 36.182709, 119.123245, 50.240143,36.167164, 210.465897, 0.999570
5, 103,22,87.441673, 87.435280, 119.123245, 50.240143,36.167164, 210.465897, 1.000073
5, 103,23,195.213089, 195.214066, 119.123245, 50.240143,36.167164, 210.465897, 0.999995
5, 103,24,62.912193, 62.903286, 119.123245, 50.240143,36.167164, 210.465897, 1.000142
5, 103,25,99.913177, 99.923843, 119.123245, 50.240143,36.167164, 210.465897, 0.999893
5, 103,26,125.178261, 125.191551, 119.123245, 50.240143,36.167164, 210.465897, 0.999894
5, 103,27,140.887741, 140.870255, 119.123245, 50.240143,36.167164, 210.465897, 1.000124
5, 103,28,40.094383, 40.083839, 119.123245, 50.240143,36.167164, 210.465897, 1.000263
5, 103,29,145.482193, 145.488556, 119.123245, 50.240143,36.167164, 210.465897, 0.999956
5, 103,30,177.918259, 177.915543, 119.123245, 50.240143,36.167164, 210.465897, 1.000015
5, 103,31,65.357010, 65.339180, 119.123245, 50.240143,36.167164, 210.465897, 1.000273
5, 104,0,102.943764, 102.937927, 119.128540, 61.623577,10.728428, 238.302277, 1.000057
5, 104,1,102.733902, 102.734634, 119.128540, 61.623577,10.728428, 238.302277, 0.999993
5, 104,2,94.138359, 94.133430, 119.128540, 61.623577,10.728428, 238.302277, 1.000052
5, 104,3,165.885239, 165.873260, 119.128540, 61.623577,10.728428, 238.302277, 1.000072
5, 104,4,102.529587, 102.531349, 119.128540, 61.623577,10.728428, 238.302277, 0.999983
5, 104,5,231.158066, 231.149933, 119.128540, 61.623577,10.728428, 238.302277, 1.000035
5, 104,6,110.193413, 110.186218, 119.128540, 61.623577,10.728428, 238.302277, 1.000065
5, 104,7,10.728428, 10.722025, 119.128540, 61.623577,10.728428, 238.302277, 1.000597
5, 104,8,124.938828, 124.949173, 119.128540, 61.623577,10.728428, 238.302277, 0.999917
5, 104,9,109.870667, 109.856750, 119.128540, 61.623577,10.728428, 238.302277, 1.000127
5, 104,10,191.531754, 191.536697, 119.128540, 61.623577,10.728428, 238.302277, 0.999974
5, 104,11,110.413559, 110.424561, 119.128540, 61.623577,10.728428, 238.302277, 0.999900
5, 104,12,76.358620, 76.349182, 119.128540, 61.623577,10.728428, 238.302277, 1.000124
5, 104,13,23.229382, 23.227777, 119.128540, 61.623577,10.728428, 238.302277, 1.000069
5, 104,14,50.938156, 50.917080, 119.128540, 61.623577,10.728428, 238.302277, 1.000414
5, 104,15,203.495544, 203.502686, 119.128540, 61.623577,10.728428, 238.302277, 0.999965
5, 104,16,91.187309, 91.189247, 119.128540, 61.623577,10.728428, 238.302277, 0.999979
5, 104,17,24.689442, 24.678837, 119.128540, 61.623577,10.728428, 238.302277, 1.000430
5, 104,18,110.063599, 110.053024, 119.128540, 61.623577,10.728428, 238.302277, 1.000096
5, 104,19,150.069412, 150.065826, 119.128540, 61.623577,10.728428, 238.302277, 1.000024
5, 104,20,84.575371, 84.557831, 119.128540, 61.623577,10.728428, 238.302277, 1.000207
5, 104,21,160.025803, 160.026962, 119.128540, 61.623577,10.728428, 238.302277, 0.999993
5, 104,22,54.437256, 54.429066, 119.128540, 61.623577,10.728428, 238.302277, 1.000150
5, 104,23,161.656525, 161.646255, 119.128540, 61.623577,10.728428, 238.302277, 1.000064
5, 104,24,124.980225, 124.977203, 119.128540, 61.623577,10.728428, 238.302277, 1.000024
5, 104,25,66.749420, 66.752563, 119.128540, 61.623577,10.728428, 238.302277, 0.999953
5, 104,26,178.946854, 178.946823, 119.128540, 61.623577,10.728428, 238.302277, 1.000000
5, 104,27,238.302277, 238.300064, 119.128540, 61.623577,10.728428, 238.302277, 1.000009
5, 104,28,199.393570, 199.394836, 119.128540, 61.623577,10.728428, 238.302277, 0.999994
5, 104,29,167.280655, 167.296295, 119.128540, 61.623577,10.728428, 238.302277, 0.999907
5, 104,30,19.021246, 19.014797, 119.128540, 61.623577,10.728428, 238.302277, 1.000339
5, 104,31,169.646683, 169.637604, 119.128540, 61.623577,10.728428, 238.302277, 1.000054
5, 105,0,123.980728, 123.977234, 119.124954, 63.667770,11.033946, 239.278809, 1.000028
5, 105,1,128.008347, 128.018280, 119.124954, 63.667770,11.033946, 239.278809, 0.999922
5, 105,2,131.465790, 131.463013, 119.124954, 63.667770,11.033946, 239.278809, 1.000021
5, 105,3,193.305481, 193.292450, 119.124954, 63.667770,11.033946, 239.278809, 1.000067
5, 105,4,239.278809, 239.280457, 119.124954, 63.667770,11.033946, 239.278809, 0.999993
5, 105,5,16.981865, 16.980633, 119.124954, 63.667770,11.033946, 239.278809, 1.000073
5, 105,6,141.105942, 141.109589, 119.124954, 63.667770,11.033946, 239.278809, 0.999974
5, 105,7,220.980896, 220.990494, 119.124954, 63.667770,11.033946, 239.278809, 0.999957
5, 105,8,198.651398, 198.652451, 119.124954, 63.667770,11.033946, 239.278809, 0.999995
5, 105,9,63.987514, 63.985893, 119.124954, 63.667770,11.033946, 239.278809, 1.000025
5, 105,10,67.177284, 67.185059, 119.124954, 63.667770,11.033946, 239.278809, 0.999884
5, 105,11,24.674030, 24.676868, 119.124954, 63.667770,11.033946, 239.278809, 0.999885
5, 105,12,163.698471, 163.707199, 119.124954, 63.667770,11.033946, 239.278809, 0.999947
5, 105,13,88.693695, 88.688210, 119.124954, 63.667770,11.033946, 239.278809, 1.000062
5, 105,14,111.775894, 111.783928, 119.124954, 63.667770,11.033946, 239.278809, 0.999928
5, 105,15,129.654968, 129.652939, 119.124954, 63.667770,11.033946, 239.278809, 1.000016
5, 105,16,106.329140, 106.325706, 119.124954, 63.667770,11.033946, 239.278809, 1.000032
5, 105,17,14.817705, 14.819794, 119.124954, 63.667770,11.033946, 239.278809, 0.999859
5, 105,18,181.024078, 181.028992, 119.124954, 63.667770,11.033946, 239.278809, 0.999973
5, 105,19,61.535812, 61.544426, 119.124954, 63.667770,11.033946, 239.278809, 0.999860
5, 105,20,154.438004, 154.425415, 119.124954, 63.667770,11.033946, 239.278809, 1.000082
5, 105,21,11.033946, 11.038325, 119.124954, 63.667770,11.033946, 239.278809, 0.999603
5, 105,22,65.851837, 65.845055, 119.124954, 63.667770,11.033946, 239.278809, 1.000103
5, 105,23,131.631119, 131.617340, 119.124954, 63.667770,11.033946, 239.278809, 1.000105
5, 105,24,207.151886, 207.162506, 119.124954, 63.667770,11.033946, 239.278809, 0.999949
5, 105,25,64.767670, 64.764633, 119.124954, 63.667770,11.033946, 239.278809, 1.000047
5, 105,26,174.497665, 174.490341, 119.124954, 63.667770,11.033946, 239.278809, 1.000042
5, 105,27,187.419937, 187.406265, 119.124954, 63.667770,11.033946, 239.278809, 1.000073
5, 105,28,148.709869, 148.707626, 119.124954, 63.667770,11.033946, 239.278809, 1.000015
5, 105,29,59.325890, 59.327457, 119.124954, 63.667770,11.033946, 239.278809, 0.999974
5, 105,30,65.510284, 65.508301, 119.124954, 63.667770,11.033946, 239.278809, 1.000030
5, 105,31,134.532654, 134.542877, 119.124954, 63.667770,11.033946, 239.278809, 0.999924
5, 106,0,36.557968, 36.543037, 119.125870, 72.825691,23.012859, 242.383636, 1.000409
5, 106,1,166.568787, 166.571793, 119.125870, 72.825691,23.012859, 242.383636, 0.999982
5, 106,2,197.847931, 197.859863, 119.125870, 72.825691,23.012859, 242.383636, 0.999940
5, 106,3,25.085487, 25.074633, 119.125870, 72.825691,23.012859, 242.383636, 1.000433
5, 106,4,214.724045, 214.737595, 119.125870, 72.825691,23.012859, 242.383636, 0.999937
5, 106,5,55.629028, 55.618107, 119.125870, 72.825691,23.012859, 242.383636, 1.000196
5, 106,6,194.689484, 194.677032, 119.125870, 72.825691,23.012859, 242.383636, 1.000064
5, 106,7,151.770172, 151.774536, 119.125870, 72.825691,23.012859, 242.383636, 0.999971
5, 106,8,242.383636, 242.390244, 119.125870, 72.825691,23.012859, 242.383636, 0.999973
5, 106,9,59.948532, 59.954342, 119.125870, 72.825691,23.012859, 242.383636, 0.999903
5, 106,10,54.814034, 54.815098, 119.125870, 72.825691,23.012859, 242.383636, 0.999981
5, 106,11,68.392105, 68.385918, 119.125870, 72.825691,23.012859, 242.383636, 1.000090
5, 106,12,106.942375, 106.930260, 119.125870, 72.825691,23.012859, 242.383636, 1.000113
5, 106,13,130.495834, 130.487564, 119.125870, 72.825691,23.012859, 242.383636, 1.000063
5, 106,14,66.319466, 66.312698, 119.125870, 72.825691,23.012859, 242.383636, 1.000102
5, 106,15,43.425716, 43.434292, 119.125870, 72.825691,23.012859, 242.383636, 0.999803
5, 106,16,30.288618, 30.294180, 119.125870, 72.825691,23.012859, 242.383636, 0.999816
5, 106,17,226.641663, 226.636719, 119.125870, 72.825691,23.012859, 242.383636, 1.000022
5, 106,18,30.059673, 30.060577, 119.125870, 72.825691,23.012859, 242.383636, 0.999970
5, 106,19,81.926010, 81.934837, 119.125870, 72.825691,23.012859, 242.383636, 0.999892
5, 106,20,219.482178, 219.482651, 119.125870, 72.825691,23.012859, 242.383636, 0.999998
5, 106,21,137.761185, 137.773010, 119.125870, 72.825691,23.012859, 242.383636, 0.999914
5, 106,22,184.212250, 184.208740, 119.125870, 72.825691,23.012859, 242.383636, 1.000019
5, 106,23,52.628292, 52.632378, 119.125870, 72.825691,23.012859, 242.383636, 0.999922
5, 106,24,155.912247, 155.913681, 119.125870, 72.825691,23.012859, 242.383636, 0.999991
5, 106,25,209.641068, 209.634857, 119.125870, 72.825691,23.012859, 242.383636, 1.000030
5, 106,26,131.241516, 131.246780, 119.125870, 72.825691,23.012859, 242.383636, 0.999960
5, 106,27,66.100204, 66.100998, 119.125870, 72.825691,23.012859, 242.383636, 0.999988
5, 106,28,241.958145, 241.952240, 119.125870, 72.825691,23.012859, 242.383636, 1.000024
5, 106,29,23.012859, 22.994114, 119.125870, 72.825691,23.012859, 242.383636, 1.000815
5, 106,30,81.046326, 81.051529, 119.125870, 72.825691,23.012859, 242.383636, 0.999936
5, 106,31,124.521133, 124.516113, 119.125870, 72.825691,23.012859, 242.383636, 1.000040
5, 107,0,114.670830, 114.655876, 119.128471, 57.542976,10.664356, 213.117554, 1.000130
5, 107,1,75.336029, 75.330757, 119.128471, 57.542976,10.664356, 213.117554, 1.000070
5, 107,2,201.885239, 201.875443, 119.128471, 57.542976,10.664356, 213.117554, 1.000049
5, 107,3,85.484993, 85.483467, 119.128471, 57.542976,10.664356, 213.117554, 1.000018
5, 107,4,127.192108, 127.190010, 119.128471, 57.542976,10.664356, 213.117554, 1.000016
5, 107,5,204.089401, 204.085861, 119.128471, 57.542976,10.664356, 213.117554, 1.000017
5, 107,6,179.559998, 179.549622, 119.128471, 57.542976,10.664356, 213.117554, 1.000058
5, 107,7,207.329010, 207.334976, 119.128471, 57.542976,10.664356, 213.117554, 0.999971
5, 107,8,100.018639, 100.025330, 119.128471, 57.542976,10.664356, 213.117554, 0.999933
5, 107,9,44.184727, 44.169598, 119.128471, 57.542976,10.664356, 213.117554, 1.000342
5, 107,10,99.770355, 99.778328, 119.128471, 57.542976,10.664356, 213.117554, 0.999920
5, 107,11,165.362442, 165.368759, 119.128471, 57.542976,10.664356, 213.117554, 0.999962
5, 107,12,100.568329, 100.570023, 119.128471, 57.542976,10.664356, 213.117554, 0.999983
5, 107,13,213.117554, 213.098526, 119.128471, 57.542976,10.664356, 213.117554, 1.000089
5, 107,14,112.916298, 112.914146, 119.128471, 57.542976,10.664356, 213.117554, 1.000019
5, 107,15,37.217377, 37.209007, 119.128471, 57.542976,10.664356, 213.117554, 1.000225
5, 107,16,73.983925, 73.975372, 119.128471, 57.542976,10.664356, 213.117554, 1.000116
5, 107,17,29.952648, 29.957073, 119.128471, 57.542976,10.664356, 213.117554, 0.999852
5, 107,18,128.455399, 128.456726, 119.128471, 57.542976,10.664356, 213.117554, 0.999990
5, 107,19,164.181000, 164.171707, 119.128471, 57.542976,10.664356, 213.117554, 1.000057
5, 107,20,135.850067, 135.841644, 119.128471, 57.542976,10.664356, 213.117554, 1.000062
5, 107,21,191.423080, 191.425064, 119.128471, 57.542976,10.664356, 213.117554, 0.999990
5, 107,22,10.664356, 10.671358, 119.128471, 57.542976,10.664356, 213.117554, 0.999344
5, 107,23,175.302429, 175.299805, 119.128471, 57.542976,10.664356, 213.117554, 1.000015
5, 107,24,101.617493, 101.615067, 119.128471, 57.542976,10.664356, 213.117554, 1.000024
5, 107,25,58.696804, 58.686134, 119.128471, 57.542976,10.664356, 213.117554, 1.000182
5, 107,26,168.595612, 168.586212, 119.128471, 57.542976,10.664356, 213.117554, 1.000056
5, 107,27,148.810287, 148.806473, 119.128471, 57.542976,10.664356, 213.117554, 1.000026
5, 107,28,75.221199, 75.223083, 119.128471, 57.542976,10.664356, 213.117554, 0.999975
5, 107,29,68.396820, 68.395493, 119.128471, 57.542976,10.664356, 213.117554, 1.000019
5, 107,30,56.458260, 56.456722, 119.128471, 57.542976,10.664356, 213.117554, 1.000027
5, 107,31,155.798477, 155.792404, 119.128471, 57.542976,10.664356, 213.117554, 1.000039
5, 108,0,82.152061, 82.142799, 119.124313, 54.252239,17.849337, 219.539459, 1.000113
5, 108,1,173.739304, 173.731094, 119.124313, 54.252239,17.849337, 219.539459, 1.000047
5, 108,2,93.604378, 93.604431, 119.124313, 54.252239,17.849337, 219.539459, 0.999999
5, 108,3,142.736542, 142.745377, 119.124313, 54.252239,17.849337, 219.539459, 0.999938
5, 108,4,142.199127, 142.208313, 119.124313, 54.252239,17.849337, 219.539459, 0.999935
5, 108,5,17.849337, 17.846308, 119.124313, 54.252239,17.849337, 219.539459, 1.000170
5, 108,6,146.700577, 146.701279, 119.124313, 54.252239,17.849337, 219.539459, 0.999995
5, 108,7,105.865486, 105.865105, 119.124313, 54.252239,17.849337, 219.539459, 1.000004
5, 108,8,30.270939, 30.270720, 119.124313, 54.252239,17.849337, 219.539459, 1.000007
5, 108,9,158.361526, 158.365936, 119.124313, 54.252239,17.849337, 219.539459, 0.999972
5, 108,10,110.241982, 110.246727, 119.124313, 54.252239,17.849337, 219.539459, 0.999957
5, 108,11,91.451057, 91.449654, 119.124313, 54.252239,17.849337, 219.539459, 1.000015
5, 108,12,140.094467, 140.099365, 119.124313, 54.252239,17.849337, 219.539459, 0.999965
5, 108,13,114.089218, 114.084740, 119.124313, 54.252239,17.849337, 219.539459, 1.000039
5, 108,14,78.690971, 78.684662, 119.124313, 54.252239,17.849337, 219.539459, 1.000080
5, 108,15,108.007851, 108.013344, 119.124313, 54.252239,17.849337, 219.539459, 0.999949
5, 108,16,107.152969, 107.168465, 119.124313, 54.252239,17.849337, 219.539459, 0.999855
5, 108,17,171.370453, 171.373260, 119.124313, 54.252239,17.849337, 219.539459, 0.999984
5, 108,18,219.539459, 219.544861, 119.124313, 54.252239,17.849337, 219.539459, 0.999975
5, 108,19,114.181824, 114.189529, 119.124313, 54.252239,17.849337, 219.539459, 0.999933
5, 108,20,67.026543, 67.013443, 119.124313, 54.252239,17.849337, 219.539459, 1.000196
5, 108,21,211.280014, 211.279388, 119.124313, 54.252239,17.849337, 219.539459, 1.000003
5, 108,22,134.000275, 134.001801, 119.124313, 54.252239,17.849337, 219.539459, 0.999989
5, 108,23,32.255028, 32.268318, 119.124313, 54.252239,17.849337, 219.539459, 0.999588
5, 108,24,104.873238, 104.882683, 119.124313, 54.252239,17.849337, 219.539459, 0.999910
5, 108,25,99.715569, 99.715118, 119.124313, 54.252239,17.849337, 219.539459, 1.000005
5, 108,26,181.285736, 181.282669, 119.124313, 54.252239,17.849337, 219.539459, 1.000017
5, 108,27,94.155655, 94.154602, 119.124313, 54.252239,17.849337, 219.539459, 1.000011
5, 108,28,210.514053, 210.513107, 119.124313, 54.252239,17.849337, 219.539459, 1.000005
5, 108,29,64.613197, 64.596680, 119.124313, 54.252239,17.849337, 219.539459, 1.000256
5, 108,30,52.043278, 52.047825, 119.124313, 54.252239,17.849337, 219.539459, 0.999913
5, 108,31,211.915405, 211.908157, 119.124313, 54.252239,17.849337, 219.539459, 1.000034
5, 109,0,174.031677, 174.022217, 119.124519, 70.550659,15.412930, 246.326218, 1.000054
5, 109,1,21.920647, 21.926186, 119.124519, 70.550659,15.412930, 246.326218, 0.999747
5, 109,2,78.283028, 78.285583, 119.124519, 70.550659,15.412930, 246.326218, 0.999967
5, 109,3,199.534286, 199.540085, 119.124519, 70.550659,15.412930, 246.326218, 0.999971
5, 109,4,109.591400, 109.580666, 119.124519, 70.550659,15.412930, 246.326218, 1.000098
5, 109,5,143.706726, 143.701157, 119.124519, 70.550659,15.412930, 246.326218, 1.000039
5, 109,6,87.986534, 88.003494, 119.124519, 70.550659,15.412930, 246.326218, 0.999807
5, 109,7,25.992468, 26.015587, 119.124519, 70.550659,15.412930, 246.326218, 0.999111
5, 109,8,70.110596, 70.106781, 119.124519, 70.550659,15.412930, 246.326218, 1.000054
5, 109,9,48.808956, 48.804710, 119.124519, 70.550659,15.412930, 246.326218, 1.000087
5, 109,10,114.712456, 114.711006, 119.124519, 70.550659,15.412930, 246.326218, 1.000013
5, 109,11,246.326218, 246.322845, 119.124519, 70.550659,15.412930, 246.326218, 1.000014
5, 109,12,171.976563, 171.977509, 119.124519, 70.550659,15.412930, 246.326218, 0.999995
5, 109,13,15.412930, 15.398011, 119.124519, 70.550659,15.412930, 246.326218, 1.000969
5, 109,14,243.946915, 243.928696, 119.124519, 70.550659,15.412930, 246.326218, 1.000075
5, 109,15,158.610733, 158.608871, 119.124519, 70.550659,15.412930, 246.326218, 1.000012
5, 109,16,80.201073, 80.196449, 119.124519, 70.550659,15.412930, 246.326218, 1.000058
5, 109,17,208.224411, 208.224487, 119.124519, 70.550659,15.412930, 246.326218, 1.000000
5, 109,18,187.544281, 187.546982, 119.124519, 70.550659,15.412930, 246.326218, 0.999986
5, 109,19,130.520004, 130.510971, 119.124519, 70.550659,15.412930, 246.326218, 1.000069
5, 109,20,60.036800, 60.054283, 119.124519, 70.550659,15.412930, 246.326218, 0.999709
5, 109,21,234.116760, 234.114120, 119.124519, 70.550659,15.412930, 246.326218, 1.000011
5, 109,22,38.813038, 38.811699, 119.124519, 70.550659,15.412930, 246.326218, 1.000034
5, 109,23,95.598396, 95.594910, 119.124519, 70.550659,15.412930, 246.326218, 1.000036
5, 109,24,36.389061, 36.387798, 119.124519, 70.550659,15.412930, 246.326218, 1.000035
5, 109,25,45.554115, 45.548061, 119.124519, 70.550659,15.412930, 246.326218, 1.000133
5, 109,26,150.263763, 150.288803, 119.124519, 70.550659,15.412930, 246.326218, 0.999833
5, 109,27,193.540009, 193.554688, 119.124519, 70.550659,15.412930, 246.326218, 0.999924
5, 109,28,18.076599, 18.074711, 119.124519, 70.550659,15.412930, 246.326218, 1.000104
5, 109,29,159.433411, 159.426758, 119.124519, 70.550659,15.412930, 246.326218, 1.000042
5, 109,30,142.433716, 142.444595, 119.124519, 70.550659,15.412930, 246.326218, 0.999924
5, 109,31,120.286903, 120.287468, 119.124519, 70.550659,15.412930, 246.326218, 0.999995
5, 110,0,220.346146, 220.346130, 119.125107, 67.464119,10.662162, 220.775238, 1.000000
5, 110,1,10.902089, 10.896251, 119.125107, 67.464119,10.662162, 220.775238, 1.000536
5, 110,2,85.070740, 85.077225, 119.125107, 67.464119,10.662162, 220.775238, 0.999924
5, 110,3,185.279144, 185.281952, 119.125107, 67.464119,10.662162, 220.775238, 0.999985
5, 110,4,62.710335, 62.703430, 119.125107, 67.464119,10.662162, 220.775238, 1.000110
5, 110,5,181.725525, 181.735901, 119.125107, 67.464119,10.662162, 220.775238, 0.999943
5, 110,6,33.611500, 33.620750, 119.125107, 67.464119,10.662162, 220.775238, 0.999725
5, 110,7,79.144356, 79.147690, 119.125107, 67.464119,10.662162, 220.775238, 0.999958
5, 110,8,135.556107, 135.559509, 119.125107, 67.464119,10.662162, 220.775238, 0.999975
5, 110,9,163.243484, 163.245880, 119.125107, 67.464119,10.662162, 220.775238, 0.999985
5, 110,10,34.644646, 34.646889, 119.125107, 67.464119,10.662162, 220.775238, 0.999935
5, 110,11,91.854774, 91.838074, 119.125107, 67.464119,10.662162, 220.775238, 1.000182
5, 110,12,67.200111, 67.197678, 119.125107, 67.464119,10.662162, 220.775238, 1.000036
5, 110,13,195.275192, 195.270599, 119.125107, 67.464119,10.662162, 220.775238, 1.000023
5, 110,14,185.477386, 185.483261, 119.125107, 67.464119,10.662162, 220.775238, 0.999968
5, 110,15,140.985367, 140.988983, 119.125107, 67.464119,10.662162, 220.775238, 0.999974
5, 110,16,220.775238, 220.768280, 119.125107, 67.464119,10.662162, 220.775238, 1.000031
5, 110,17,10.662162, 10.655951, 119.125107, 67.464119,10.662162, 220.775238, 1.000583
5, 110,18,204.090851, 204.083725, 119.125107, 67.464119,10.662162, 220.775238, 1.000035
5, 110,19,173.351654, 173.357910, 119.125107, 67.464119,10.662162, 220.775238, 0.999964
5, 110,20,155.527939, 155.523819, 119.125107, 67.464119,10.662162, 220.775238, 1.000026
5, 110,21,72.983932, 72.984329, 119.125107, 67.464119,10.662162, 220.775238, 0.999995
5, 110,22,105.138947, 105.145447, 119.125107, 67.464119,10.662162, 220.775238, 0.999938
5, 110,23,78.445190, 78.446266, 119.125107, 67.464119,10.662162, 220.775238, 0.999986
5, 110,24,82.920097, 82.921028, 119.125107, 67.464119,10.662162, 220.775238, 0.999989
5, 110,25,214.385010, 214.384109, 119.125107, 67.464119,10.662162, 220.775238, 1.000004
5, 110,26,163.332260, 163.336792, 119.125107, 67.464119,10.662162, 220.775238, 0.999972
5, 110,27,38.241295, 38.231895, 119.125107, 67.464119,10.662162, 220.775238, 1.000246
5, 110,28,163.309845, 163.310806, 119.125107, 67.464119,10.662162, 220.775238, 0.999994
5, 110,29,69.420990, 69.418816, 119.125107, 67.464119,10.662162, 220.775238, 1.000031
5, 110,30,170.345383, 170.350937, 119.125107, 67.464119,10.662162, 220.775238, 0.999967
5, 110,31,16.046022, 16.039949, 119.125107, 67.464119,10.662162, 220.775238, 1.000379
5, 111,0,47.706501, 47.697296, 119.126366, 69.145073,12.807426, 241.949478, 1.000193
5, 111,1,66.551636, 66.553093, 119.126366, 69.145073,12.807426, 241.949478, 0.999978
5, 111,2,14.549989, 14.549427, 119.126366, 69.145073,12.807426, 241.949478, 1.000039
5, 111,3,190.140884, 190.145859, 119.126366, 69.145073,12.807426, 241.949478, 0.999974
5, 111,4,90.633644, 90.637878, 119.126366, 69.145073,12.807426, 241.949478, 0.999953
5, 111,5,110.258598, 110.251923, 119.126366, 69.145073,12.807426, 241.949478, 1.000061
5, 111,6,106.106216, 106.110222, 119.126366, 69.145073,12.807426, 241.949478, 0.999962
5, 111,7,73.814415, 73.820740, 119.126366, 69.145073,12.807426, 241.949478, 0.999914
5, 111,8,63.924393, 63.920723, 119.126366, 69.145073,12.807426, 241.949478, 1.000057
5, 111,9,81.880005, 81.875221, 119.126366, 69.145073,12.807426, 241.949478, 1.000058
5, 111,10,238.917862, 238.916290, 119.126366, 69.145073,12.807426, 241.949478, 1.000007
5, 111,11,131.634369, 131.632797, 119.126366, 69.145073,12.807426, 241.949478, 1.000012
5, 111,12,239.890411, 239.896286, 119.126366, 69.145073,12.807426, 241.949478, 0.999976
5, 111,13,148.781204, 148.778976, 119.126366, 69.145073,12.807426, 241.949478, 1.000015
5, 111,14,122.066742, 122.061836, 119.126366, 69.145073,12.807426, 241.949478, 1.000040
5, 111,15,16.870186, 16.867060, 119.126366, 69.145073,12.807426, 241.949478, 1.000185
5, 111,16,43.240425, 43.240856, 119.126366, 69.145073,12.807426, 241.949478, 0.999990
5, 111,17,203.057327, 203.050217, 119.126366, 69.145073,12.807426, 241.949478, 1.000035
5, 111,18,72.513962, 72.504547, 119.126366, 69.145073,12.807426, 241.949478, 1.000130
5, 111,19,88.064857, 88.055580, 119.126366, 69.145073,12.807426, 241.949478, 1.000105
5, 111,20,212.754852, 212.764252, 119.126366, 69.145073,12.807426, 241.949478, 0.999956
5, 111,21,202.961334, 202.964371, 119.126366, 69.145073,12.807426, 241.949478, 0.999985
5, 111,22,137.296875, 137.290970, 119.126366, 69.145073,12.807426, 241.949478, 1.000043
5, 111,23,86.974945, 86.968292, 119.126366, 69.145073,12.807426, 241.949478, 1.000077
5, 111,24,116.391655, 116.396507, 119.126366, 69.145073,12.807426, 241.949478, 0.999958
5, 111,25,53.361248, 53.362621, 119.126366, 69.145073,12.807426, 241.949478, 0.999974
5, 111,26,129.962418, 129.973251, 119.126366, 69.145073,12.807426, 241.949478, 0.999917
5, 111,27,230.662003, 230.661499, 119.126366, 69.145073,12.807426, 241.949478, 1.000002
5, 111,28,12.807426, 12.796896, 119.126366, 69.145073,12.807426, 241.949478, 1.000823
5, 111,29,116.537338, 116.539566, 119.126366, 69.145073,12.807426, 241.949478, 0.999981
5, 111,30,119.780045, 119.779961, 119.126366, 69.145073,12.807426, 241.949478, 1.000001
5, 111,31,241.949478, 241.934937, 119.126366, 69.145073,12.807426, 241.949478, 1.000060
5, 112,0,112.603188, 112.590759, 119.124840, 57.194176,16.390371, 212.293121, 1.000110
5, 112,1,43.172173, 43.170616, 119.124840, 57.194176,16.390371, 212.293121, 1.000036
5, 112,2,85.192940, 85.189796, 119.124840, 57.194176,16.390371, 212.293121, 1.000037
5, 112,3,151.607666, 151.609970, 119.124840, 57.194176,16.390371, 212.293121, 0.999985
5, 112,4,185.765060, 185.747681, 119.124840, 57.194176,16.390371, 212.293121, 1.000094
5, 112,5,76.527649, 76.532021, 119.124840, 57.194176,16.390371, 212.293121, 0.999943
5, 112,6,176.895142, 176.899124, 119.124840, 57.194176,16.390371, 212.293121, 0.999977
5, 112,7,115.005440, 115.018356, 119.124840, 57.194176,16.390371, 212.293121, 0.999888
5, 112,8,156.334427, 156.340179, 119.124840, 57.194176,16.390371, 212.293121, 0.999963
5, 112,9,146.481323, 146.465317, 119.124840, 57.194176,16.390371, 212.293121, 1.000109
5, 112,10,35.840981, 35.841766, 119.124840, 57.194176,16.390371, 212.293121, 0.999978
5, 112,11,74.699585, 74.703094, 119.124840, 57.194176,16.390371, 212.293121, 0.999953
5, 112,12,68.194687, 68.183441, 119.124840, 57.194176,16.390371, 212.293121, 1.000165
5, 112,13,16.390371, 16.381495, 119.124840, 57.194176,16.390371, 212.293121, 1.000542
5, 112,14,148.314728, 148.307388, 119.124840, 57.194176,16.390371, 212.293121, 1.000049
5, 112,15,212.293121, 212.313126, 119.124840, 57.194176,16.390371, 212.293121, 0.999906
5, 112,16,167.577728, 167.570297, 119.124840, 57.194176,16.390371, 212.293121, 1.000044
5, 112,17,130.620834, 130.630005, 119.124840, 57.194176,16.390371, 212.293121, 0.999930
5, 112,18,50.846020, 50.841568, 119.124840, 57.194176,16.390371, 212.293121, 1.000088
5, 112,19,64.013924, 64.025604, 119.124840, 57.194176,16.390371, 212.293121, 0.999818
5, 112,20,186.690552, 186.701630, 119.124840, 57.194176,16.390371, 212.293121, 0.999941
5, 112,21,126.427643, 126.419533, 119.124840, 57.194176,16.390371, 212.293121, 1.000064
5, 112,22,126.649620, 126.669518, 119.124840, 57.194176,16.390371, 212.293121, 0.999843
5, 112,23,56.686443, 56.683598, 119.124840, 57.194176,16.390371, 212.293121, 1.000050
5, 112,24,43.903458, 43.900871, 119.124840, 57.194176,16.390371, 212.293121, 1.000059
5, 112,25,209.307373, 209.300003, 119.124840, 57.194176,16.390371, 212.293121, 1.000035
5, 112,26,200.886047, 200.892227, 119.124840, 57.194176,16.390371, 212.293121, 0.999969
5, 112,27,144.130020, 144.129822, 119.124840, 57.194176,16.390371, 212.293121, 1.000001
5, 112,28,188.902115, 188.905533, 119.124840, 57.194176,16.390371, 212.293121, 0.999982
5, 112,29,144.284775, 144.281128, 119.124840, 57.194176,16.390371, 212.293121, 1.000025
5, 112,30,115.056831, 115.051247, 119.124840, 57.194176,16.390371, 212.293121, 1.000049
5, 112,31,50.692825, 50.703415, 119.124840, 57.194176,16.390371, 212.293121, 0.999791
5, 113,0,148.977127, 148.987762, 119.124870, 64.113708,10.582135, 223.717514, 0.999929
5, 113,1,213.870056, 213.861847, 119.124870, 64.113708,10.582135, 223.717514, 1.000038
5, 113,2,24.601713, 24.626007, 119.124870, 64.113708,10.582135, 223.717514, 0.999013
5, 113,3,135.395233, 135.386124, 119.124870, 64.113708,10.582135, 223.717514, 1.000067
5, 113,4,162.281631, 162.270569, 119.124870, 64.113708,10.582135, 223.717514, 1.000068
5, 113,5,149.756561, 149.754349, 119.124870, 64.113708,10.582135, 223.717514, 1.000015
5, 113,6,213.760010, 213.760071, 119.124870, 64.113708,10.582135, 223.717514, 1.000000
5, 113,7,27.820854, 27.821205, 119.124870, 64.113708,10.582135, 223.717514, 0.999987
5, 113,8,199.968018, 199.968491, 119.124870, 64.113708,10.582135, 223.717514, 0.999998
5, 113,9,53.263638, 53.260689, 119.124870, 64.113708,10.582135, 223.717514, 1.000055
5, 113,10,78.798599, 78.795143, 119.124870, 64.113708,10.582135, 223.717514, 1.000044
5, 113,11,162.599075, 162.596176, 119.124870, 64.113708,10.582135, 223.717514, 1.000018
5, 113,12,123.647865, 123.656822, 119.124870, 64.113708,10.582135, 223.717514, 0.999928
5, 113,13,78.372002, 78.354195, 119.124870, 64.113708,10.582135, 223.717514, 1.000227
5, 113,14,52.748962, 52.745113, 119.124870, 64.113708,10.582135, 223.717514, 1.000073
5, 113,15,223.717514, 223.718781, 119.124870, 64.113708,10.582135, 223.717514, 0.999994
5, 113,16,43.893181, 43.898960, 119.124870, 64.113708,10.582135, 223.717514, 0.999868
5, 113,17,71.507454, 71.495712, 119.124870, 64.113708,10.582135, 223.717514, 1.000164
5, 113,18,173.018311, 173.029785, 119.124870, 64.113708,10.582135, 223.717514, 0.999934
5, 113,19,145.933731, 145.935028, 119.124870, 64.113708,10.582135, 223.717514, 0.999991
5, 113,20,126.596642, 126.601028, 119.124870, 64.113708,10.582135, 223.717514, 0.999965
5, 113,21,180.258652, 180.254578, 119.124870, 64.113708,10.582135, 223.717514, 1.000023
5, 113,22,172.895157, 172.887314, 119.124870, 64.113708,10.582135, 223.717514, 1.000045
5, 113,23,90.558746, 90.558357, 119.124870, 64.113708,10.582135, 223.717514, 1.000004
5, 113,24,137.597443, 137.597656, 119.124870, 64.113708,10.582135, 223.717514, 0.999998
5, 113,25,24.412653, 24.408924, 119.124870, 64.113708,10.582135, 223.717514, 1.000153
5, 113,26,106.365875, 106.378326, 119.124870, 64.113708,10.582135, 223.717514, 0.999883
5, 113,27,154.246796, 154.245255, 119.124870, 64.113708,10.582135, 223.717514, 1.000010
5, 113,28,10.582135, 10.583412, 119.124870, 64.113708,10.582135, 223.717514, 0.999879
5, 113,29,132.066818, 132.075592, 119.124870, 64.113708,10.582135, 223.717514, 0.999934
5, 113,30,180.194153, 180.193542, 119.124870, 64.113708,10.582135, 223.717514, 1.000003
5, 113,31,12.288993, 12.292946, 119.124870, 64.113708,10.582135, 223.717514, 0.999678
5, 114,0,156.672623, 156.675278, 119.124687, 54.859421,26.961462, 214.722244, 0.999983
5, 114,1,111.118568, 111.110374, 119.124687, 54.859421,26.961462, 214.722244, 1.000074
5, 114,2,124.450058, 124.441040, 119.124687, 54.859421,26.961462, 214.722244, 1.000072
5, 114,3,133.835556, 133.838989, 119.124687, 54.859421,26.961462, 214.722244, 0.999974
5, 114,4,193.299896, 193.285522, 119.124687, 54.859421,26.961462, 214.722244, 1.000074
5, 114,5,186.003906, 185.996399, 119.124687, 54.859421,26.961462, 214.722244, 1.000040
5, 114,6,156.646301, 156.643616, 119.124687, 54.859421,26.961462, 214.722244, 1.000017
5, 114,7,153.831772, 153.844482, 119.124687, 54.859421,26.961462, 214.722244, 0.999917
5, 114,8,26.961462, 26.953056, 119.124687, 54.859421,26.961462, 214.722244, 1.000312
5, 114,9,65.618553, 65.615143, 119.124687, 54.859421,26.961462, 214.722244, 1.000052
5, 114,10,210.362457, 210.371552, 119.124687, 54.859421,26.961462, 214.722244, 0.999957
5, 114,11,148.502975, 148.486908, 119.124687, 54.859421,26.961462, 214.722244, 1.000108
5, 114,12,214.722244, 214.715897, 119.124687, 54.859421,26.961462, 214.722244, 1.000030
5, 114,13,182.482315, 182.494339, 119.124687, 54.859421,26.961462, 214.722244, 0.999934
5, 114,14,43.941391, 43.956772, 119.124687, 54.859421,26.961462, 214.722244, 0.999650
5, 114,15,61.425076, 61.422791, 119.124687, 54.859421,26.961462, 214.722244, 1.000037
5, 114,16,53.071877, 53.076084, 119.124687, 54.859421,26.961462, 214.722244, 0.999921
5, 114,17,180.514465, 180.524811, 119.124687, 54.859421,26.961462, 214.722244, 0.999943
5, 114,18,136.087189, 136.099823, 119.124687, 54.859421,26.961462, 214.722244, 0.999907
5, 114,19,121.640343, 121.641914, 119.124687, 54.859421,26.961462, 214.722244, 0.999987
5, 114,20,189.025070, 189.017181, 119.124687, 54.859421,26.961462, 214.722244, 1.000042
5, 114,21,31.089088, 31.107409, 119.124687, 54.859421,26.961462, 214.722244, 0.999411
5, 114,22,127.294868, 127.290817, 119.124687, 54.859421,26.961462, 214.722244, 1.000032
5, 114,23,149.736954, 149.721802, 119.124687, 54.859421,26.961462, 214.722244, 1.000101
5, 114,24,58.083500, 58.079044, 119.124687, 54.859421,26.961462, 214.722244, 1.000077
5, 114,25,66.699165, 66.704391, 119.124687, 54.859421,26.961462, 214.722244, 0.999922
5, 114,26,93.880318, 93.904007, 119.124687, 54.859421,26.961462, 214.722244, 0.999748
5, 114,27,119.289177, 119.292435, 119.124687, 54.859421,26.961462, 214.722244, 0.999973
5, 114,28,64.939789, 64.937523, 119.124687, 54.859421,26.961462, 214.722244, 1.000035
5, 114,29,68.012886, 68.008957, 119.124687, 54.859421,26.961462, 214.722244, 1.000058
5, 114,30,96.111824, 96.101509, 119.124687, 54.859421,26.961462, 214.722244, 1.000107
5, 114,31,86.638535, 86.640221, 119.124687, 54.859421,26.961462, 214.722244, 0.999981
5, 115,0,59.195019, 59.191280, 119.125130, 64.412094,24.050901, 228.495712, 1.000063
5, 115,1,141.740005, 141.742325, 119.125130, 64.412094,24.050901, 228.495712, 0.999984
5, 115,2,194.574936, 194.567520, 119.125130, 64.412094,24.050901, 228.495712, 1.000038
5, 115,3,205.464462, 205.455856, 119.125130, 64.412094,24.050901, 228.495712, 1.000042
5, 115,4,63.861492, 63.867260, 119.125130, 64.412094,24.050901, 228.495712, 0.999910
5, 115,5,165.036957, 165.048737, 119.125130, 64.412094,24.050901, 228.495712, 0.999929
5, 115,6,47.212685, 47.214100, 119.125130, 64.412094,24.050901, 228.495712, 0.999970
5, 115,7,119.273811, 119.277596, 119.125130, 64.412094,24.050901, 228.495712, 0.999968
5, 115,8,29.905958, 29.906305, 119.125130, 64.412094,24.050901, 228.495712, 0.999988
5, 115,9,209.437408, 209.423752, 119.125130, 64.412094,24.050901, 228.495712, 1.000065
5, 115,10,46.038692, 46.031746, 119.125130, 64.412094,24.050901, 228.495712, 1.000151
5, 115,11,67.707901, 67.701561, 119.125130, 64.412094,24.050901, 228.495712, 1.000094
5, 115,12,203.331345, 203.338303, 119.125130, 64.412094,24.050901, 228.495712, 0.999966
5, 115,13,72.947113, 72.945335, 119.125130, 64.412094,24.050901, 228.495712, 1.000024
5, 115,14,173.146240, 173.144852, 119.125130, 64.412094,24.050901, 228.495712, 1.000008
5, 115,15,114.758675, 114.748573, 119.125130, 64.412094,24.050901, 228.495712, 1.000088
5, 115,16,32.631405, 32.638412, 119.125130, 64.412094,24.050901, 228.495712, 0.999785
5, 115,17,190.162079, 190.158737, 119.125130, 64.412094,24.050901, 228.495712, 1.000018
5, 115,18,48.902138, 48.910812, 119.125130, 64.412094,24.050901, 228.495712, 0.999823
5, 115,19,50.208435, 50.200043, 119.125130, 64.412094,24.050901, 228.495712, 1.000167
5, 115,20,146.454773, 146.458374, 119.125130, 64.412094,24.050901, 228.495712, 0.999975
5, 115,21,104.019814, 104.027229, 119.125130, 64.412094,24.050901, 228.495712, 0.999929
5, 115,22,150.607590, 150.606644, 119.125130, 64.412094,24.050901, 228.495712, 1.000006
5, 115,23,138.734116, 138.729645, 119.125130, 64.412094,24.050901, 228.495712, 1.000032
5, 115,24,24.050901, 24.054651, 119.125130, 64.412094,24.050901, 228.495712, 0.999844
5, 115,25,228.495712, 228.501740, 119.125130, 64.412094,24.050901, 228.495712, 0.999974
5, 115,26,163.712326, 163.726105, 119.125130, 64.412094,24.050901, 228.495712, 0.999916
5, 115,27,183.349777, 183.338486, 119.125130, 64.412094,24.050901, 228.495712, 1.000062
5, 115,28,66.283791, 66.285408, 119.125130, 64.412094,24.050901, 228.495712, 0.999976
5, 115,29,40.946945, 40.948292, 119.125130, 64.412094,24.050901, 228.495712, 0.999967
5, 115,30,163.876846, 163.879730, 119.125130, 64.412094,24.050901, 228.495712, 0.999982
5, 115,31,165.934830, 165.930496, 119.125130, 64.412094,24.050901, 228.495712, 1.000026
5, 116,0,30.140451, 30.158400, 119.123917, 64.352478,12.741395, 227.158112, 0.999405
5, 116,1,185.846222, 185.843994, 119.123917, 64.352478,12.741395, 227.158112, 1.000012
5, 116,2,153.114716, 153.118439, 119.123917, 64.352478,12.741395, 227.158112, 0.999976
5, 116,3,150.216064, 150.227844, 119.123917, 64.352478,12.741395, 227.158112, 0.999922
5, 116,4,126.402046, 126.387390, 119.123917, 64.352478,12.741395, 227.158112, 1.000116
5, 116,5,62.334942, 62.340256, 119.123917, 64.352478,12.741395, 227.158112, 0.999915
5, 116,6,120.168434, 120.165749, 119.123917, 64.352478,12.741395, 227.158112, 1.000022
5, 116,7,55.717388, 55.719440, 119.123917, 64.352478,12.741395, 227.158112, 0.999963
5, 116,8,14.359618, 14.342762, 119.123917, 64.352478,12.741395, 227.158112, 1.001175
5, 116,9,227.158112, 227.158737, 119.123917, 64.352478,12.741395, 227.158112, 0.999997
5, 116,10,154.166519, 154.164536, 119.123917, 64.352478,12.741395, 227.158112, 1.000013
5, 116,11,128.901657, 128.899445, 119.123917, 64.352478,12.741395, 227.158112, 1.000017
5, 116,12,76.654724, 76.655540, 119.123917, 64.352478,12.741395, 227.158112, 0.999989
5, 116,13,155.361786, 155.362076, 119.123917, 64.352478,12.741395, 227.158112, 0.999998
5, 116,14,73.901413, 73.895721, 119.123917, 64.352478,12.741395, 227.158112, 1.000077
5, 116,15,205.251526, 205.259094, 119.123917, 64.352478,12.741395, 227.158112, 0.999963
5, 116,16,112.288414, 112.292343, 119.123917, 64.352478,12.741395, 227.158112, 0.999965
5, 116,17,165.600800, 165.609894, 119.123917, 64.352478,12.741395, 227.158112, 0.999945
5, 116,18,114.964691, 114.962700, 119.123917, 64.352478,12.741395, 227.158112, 1.000017
5, 116,19,175.370483, 175.375946, 119.123917, 64.352478,12.741395, 227.158112, 0.999969
5, 116,20,123.272095, 123.269691, 119.123917, 64.352478,12.741395, 227.158112, 1.000020
5, 116,21,215.835815, 215.837265, 119.123917, 64.352478,12.741395, 227.158112, 0.999993
5, 116,22,173.333038, 173.331894, 119.123917, 64.352478,12.741395, 227.158112, 1.000007
5, 116,23,27.290670, 27.295341, 119.123917, 64.352478,12.741395, 227.158112, 0.999829
5, 116,24,102.838593, 102.836006, 119.123917, 64.352478,12.741395, 227.158112, 1.000025
5, 116,25,115.884926, 115.891815, 119.123917, 64.352478,12.741395, 227.158112, 0.999941
5, 116,26,210.330170, 210.338272, 119.123917, 64.352478,12.741395, 227.158112, 0.999961
5, 116,27,12.741395, 12.746058, 119.123917, 64.352478,12.741395, 227.158112, 0.999634
5, 116,28,128.833603, 128.823761, 119.123917, 64.352478,12.741395, 227.158112, 1.000076
5, 116,29,177.637558, 177.640244, 119.123917, 64.352478,12.741395, 227.158112, 0.999985
5, 116,30,22.167480, 22.167992, 119.123917, 64.352478,12.741395, 227.158112, 0.999977
5, 116,31,13.880070, 13.881644, 119.123917, 64.352478,12.741395, 227.158112, 0.999887
5, 117,0,166.022888, 166.026352, 119.124489, 78.908180,10.068521, 261.636322, 0.999979
5, 117,1,91.099487, 91.097931, 119.124489, 78.908180,10.068521, 261.636322, 1.000017
5, 117,2,79.621475, 79.622673, 119.124489, 78.908180,10.068521, 261.636322, 0.999985
5, 117,3,258.583130, 258.591858, 119.124489, 78.908180,10.068521, 261.636322, 0.999966
5, 117,4,96.372215, 96.372841, 119.124489, 78.908180,10.068521, 261.636322, 0.999994
5, 117,5,192.790115, 192.778809, 119.124489, 78.908180,10.068521, 261.636322, 1.000059
5, 117,6,10.068521, 10.069407, 119.124489, 78.908180,10.068521, 261.636322, 0.999912
5, 117,7,19.916115, 19.917454, 119.124489, 78.908180,10.068521, 261.636322, 0.999933
5, 117,8,113.576263, 113.570282, 119.124489, 78.908180,10.068521, 261.636322, 1.000053
5, 117,9,21.104677, 21.097366, 119.124489, 78.908180,10.068521, 261.636322, 1.000347
5, 117,10,206.697449, 206.706421, 119.124489, 78.908180,10.068521, 261.636322, 0.999957
5, 117,11,146.818512, 146.816116, 119.124489, 78.908180,10.068521, 261.636322, 1.000016
5, 117,12,66.507042, 66.512512, 119.124489, 78.908180,10.068521, 261.636322, 0.999918
5, 117,13,48.287872, 48.273960, 119.124489, 78.908180,10.068521, 261.636322, 1.000288
5, 117,14,80.695671, 80.710052, 119.124489, 78.908180,10.068521, 261.636322, 0.999822
5, 117,15,48.652092, 48.659557, 119.124489, 78.908180,10.068521, 261.636322, 0.999847
5, 117,16,80.193420, 80.201065, 119.124489, 78.908180,10.068521, 261.636322, 0.999905
5, 117,17,164.982376, 164.977539, 119.124489, 78.908180,10.068521, 261.636322, 1.000029
5, 117,18,47.559757, 47.556759, 119.124489, 78.908180,10.068521, 261.636322, 1.000063
5, 117,19,111.832603, 111.835121, 119.124489, 78.908180,10.068521, 261.636322, 0.999977
5, 117,20,35.541813, 35.549393, 119.124489, 78.908180,10.068521, 261.636322, 0.999787
5, 117,21,261.636322, 261.638000, 119.124489, 78.908180,10.068521, 261.636322, 0.999994
5, 117,22,193.726730, 193.727356, 119.124489, 78.908180,10.068521, 261.636322, 0.999997
5, 117,23,171.819153, 171.810257, 119.124489, 78.908180,10.068521, 261.636322, 1.000052
5, 117,24,15.128649, 15.128387, 119.124489, 78.908180,10.068521, 261.636322, 1.000017
5, 117,25,186.414276, 186.424225, 119.124489, 78.908180,10.068521, 261.636322, 0.999947
5, 117,26,55.340809, 55.338024, 119.124489, 78.908180,10.068521, 261.636322, 1.000050
5, 117,27,208.723740, 208.726944, 119.124489, 78.908180,10.068521, 261.636322, 0.999985
5, 117,28,143.267075, 143.284088, 119.124489, 78.908180,10.068521, 261.636322, 0.999881
5, 117,29,256.471619, 256.463348, 119.124489, 78.908180,10.068521, 261.636322, 1.000032
5, 117,30,22.166479, 22.153893, 119.124489, 78.908180,10.068521, 261.636322, 1.000568
5, 117,31,210.365479, 210.361847, 119.124489, 78.908180,10.068521, 261.636322, 1.000017
5, 118,0,139.361938, 139.364670, 119.124702, 58.785957,10.503711, 235.723740, 0.999980
5, 118,1,84.604805, 84.615196, 119.124702, 58.785957,10.503711, 235.723740, 0.999877
5, 118,2,197.816284, 197.803711, 119.124702, 58.785957,10.503711, 235.723740, 1.000064
5, 118,3,61.193356, 61.200977, 119.124702, 58.785957,10.503711, 235.723740, 0.999875
5, 118,4,77.686333, 77.681503, 119.124702, 58.785957,10.503711, 235.723740, 1.000062
5, 118,5,196.619827, 196.623367, 119.124702, 58.785957,10.503711, 235.723740, 0.999982
5, 118,6,58.585621, 58.587849, 119.124702, 58.785957,10.503711, 235.723740, 0.999962
5, 118,7,198.656540, 198.664871, 119.124702, 58.785957,10.503711, 235.723740, 0.999958
5, 118,8,61.631069, 61.624123, 119.124702, 58.785957,10.503711, 235.723740, 1.000113
5, 118,9,145.171249, 145.169998, 119.124702, 58.785957,10.503711, 235.723740, 1.000009
5, 118,10,162.578598, 162.585892, 119.124702, 58.785957,10.503711, 235.723740, 0.999955
5, 118,11,112.336472, 112.335144, 119.124702, 58.785957,10.503711, 235.723740, 1.000012
5, 118,12,149.638062, 149.631607, 119.124702, 58.785957,10.503711, 235.723740, 1.000043
5, 118,13,92.417221, 92.410042, 119.124702, 58.785957,10.503711, 235.723740, 1.000078
5, 118,14,105.649788, 105.661278, 119.124702, 58.785957,10.503711, 235.723740, 0.999891
5, 118,15,159.536224, 159.542191, 119.124702, 58.785957,10.503711, 235.723740, 0.999963
5, 118,16,10.503711, 10.512233, 119.124702, 58.785957,10.503711, 235.723740, 0.999189
5, 118,17,147.373398, 147.382233, 119.124702, 58.785957,10.503711, 235.723740, 0.999940
5, 118,18,146.609146, 146.610168, 119.124702, 58.785957,10.503711, 235.723740, 0.999993
5, 118,19,117.049675, 117.041740, 119.124702, 58.785957,10.503711, 235.723740, 1.000068
5, 118,20,235.723740, 235.723770, 119.124702, 58.785957,10.503711, 235.723740, 1.000000
5, 118,21,108.418488, 108.422867, 119.124702, 58.785957,10.503711, 235.723740, 0.999960
5, 118,22,185.959366, 185.948135, 119.124702, 58.785957,10.503711, 235.723740, 1.000060
5, 118,23,85.762199, 85.758446, 119.124702, 58.785957,10.503711, 235.723740, 1.000044
5, 118,24,20.419807, 20.407970, 119.124702, 58.785957,10.503711, 235.723740, 1.000580
5, 118,25,125.873238, 125.861046, 119.124702, 58.785957,10.503711, 235.723740, 1.000097
5, 118,26,119.186600, 119.187180, 119.124702, 58.785957,10.503711, 235.723740, 0.999995
5, 118,27,191.155533, 191.152130, 119.124702, 58.785957,10.503711, 235.723740, 1.000018
5, 118,28,160.405869, 160.410751, 119.124702, 58.785957,10.503711, 235.723740, 0.999970
5, 118,29,12.047245, 12.048930, 119.124702, 58.785957,10.503711, 235.723740, 0.999860
5, 118,30,112.645866, 112.646935, 119.124702, 58.785957,10.503711, 235.723740, 0.999991
5, 118,31,29.373644, 29.383173, 119.124702, 58.785957,10.503711, 235.723740, 0.999676
5, 119,0,241.723236, 241.714615, 119.126350, 70.353447,14.394815, 241.723236, 1.000036
5, 119,1,154.500122, 154.495331, 119.126350, 70.353447,14.394815, 241.723236, 1.000031
5, 119,2,199.522491, 199.520523, 119.126350, 70.353447,14.394815, 241.723236, 1.000010
5, 119,3,146.135574, 146.127090, 119.126350, 70.353447,14.394815, 241.723236, 1.000058
5, 119,4,199.521362, 199.520523, 119.126350, 70.353447,14.394815, 241.723236, 1.000004
5, 119,5,65.464783, 65.467087, 119.126350, 70.353447,14.394815, 241.723236, 0.999965
5, 119,6,187.685699, 187.703537, 119.126350, 70.353447,14.394815, 241.723236, 0.999905
5, 119,7,181.075806, 181.056000, 119.126350, 70.353447,14.394815, 241.723236, 1.000109
5, 119,8,198.432083, 198.439560, 119.126350, 70.353447,14.394815, 241.723236, 0.999962
5, 119,9,174.121536, 174.106995, 119.126350, 70.353447,14.394815, 241.723236, 1.000084
5, 119,10,223.791702, 223.772202, 119.126350, 70.353447,14.394815, 241.723236, 1.000087
5, 119,11,84.882950, 84.894905, 119.126350, 70.353447,14.394815, 241.723236, 0.999859
5, 119,12,48.413841, 48.407078, 119.126350, 70.353447,14.394815, 241.723236, 1.000140
5, 119,13,14.394815, 14.404718, 119.126350, 70.353447,14.394815, 241.723236, 0.999313
5, 119,14,115.604622, 115.610283, 119.126350, 70.353447,14.394815, 241.723236, 0.999951
5, 119,15,23.747347, 23.736248, 119.126350, 70.353447,14.394815, 241.723236, 1.000468
5, 119,16,120.536110, 120.544449, 119.126350, 70.353447,14.394815, 241.723236, 0.999931
5, 119,17,81.703575, 81.718216, 119.126350, 70.353447,14.394815, 241.723236, 0.999821
5, 119,18,177.412933, 177.408691, 119.126350, 70.353447,14.394815, 241.723236, 1.000024
5, 119,19,39.640541, 39.634415, 119.126350, 70.353447,14.394815, 241.723236, 1.000155
5, 119,20,105.684769, 105.675766, 119.126350, 70.353447,14.394815, 241.723236, 1.000085
5, 119,21,45.238663, 45.237743, 119.126350, 70.353447,14.394815, 241.723236, 1.000020
5, 119,22,236.942703, 236.934875, 119.126350, 70.353447,14.394815, 241.723236, 1.000033
5, 119,23,167.524597, 167.533020, 119.126350, 70.353447,14.394815, 241.723236, 0.999950
5, 119,24,19.137655, 19.140341, 119.126350, 70.353447,14.394815, 241.723236, 0.999860
5, 119,25,100.939964, 100.947495, 119.126350, 70.353447,14.394815, 241.723236, 0.999925
5, 119,26,64.510796, 64.503784, 119.126350, 70.353447,14.394815, 241.723236, 1.000109
5, 119,27,142.138016, 142.148895, 119.126350, 70.353447,14.394815, 241.723236, 0.999923
5, 119,28,25.778141, 25.773155, 119.126350, 70.353447,14.394815, 241.723236, 1.000193
5, 119,29,81.108093, 81.100525, 119.126350, 70.353447,14.394815, 241.723236, 1.000093
5, 119,30,26.493933, 26.493792, 119.126350, 70.353447,14.394815, 241.723236, 1.000005
5, 119,31,118.234703, 118.228111, 119.126350, 70.353447,14.394815, 241.723236, 1.000056
5, 120,0,97.628273, 97.614052, 119.124245, 56.576321,10.801154, 202.316483, 1.000146
5, 120,1,177.109695, 177.109314, 119.124245, 56.576321,10.801154, 202.316483, 1.000002
5, 120,2,136.292191, 136.303741, 119.124245, 56.576321,10.801154, 202.316483, 0.999915
5, 120,3,77.603737, 77.616318, 119.124245, 56.576321,10.801154, 202.316483, 0.999838
5, 120,4,56.400311, 56.379288, 119.124245, 56.576321,10.801154, 202.316483, 1.000373
5, 120,5,61.505054, 61.517761, 119.124245, 56.576321,10.801154, 202.316483, 0.999793
5, 120,6,93.291702, 93.291695, 119.124245, 56.576321,10.801154, 202.316483, 1.000000
5, 120,7,143.025970, 143.020050, 119.124245, 56.576321,10.801154, 202.316483, 1.000041
5, 120,8,184.564377, 184.581253, 119.124245, 56.576321,10.801154, 202.316483, 0.999909
5, 120,9,86.109711, 86.097816, 119.124245, 56.576321,10.801154, 202.316483, 1.000138
5, 120,10,191.419601, 191.424500, 119.124245, 56.576321,10.801154, 202.316483, 0.999974
5, 120,11,87.019051, 87.022743, 119.124245, 56.576321,10.801154, 202.316483, 0.999958
5, 120,12,148.435120, 148.430557, 119.124245, 56.576321,10.801154, 202.316483, 1.000031
5, 120,13,66.070465, 66.057762, 119.124245, 56.576321,10.801154, 202.316483, 1.000192
5, 120,14,86.438652, 86.448448, 119.124245, 56.576321,10.801154, 202.316483, 0.999887
5, 120,15,171.805206, 171.813660, 119.124245, 56.576321,10.801154, 202.316483, 0.999951
5, 120,16,185.576523, 185.578720, 119.124245, 56.576321,10.801154, 202.316483, 0.999988
5, 120,17,78.605118, 78.613777, 119.124245, 56.576321,10.801154, 202.316483, 0.999890
5, 120,18,48.616455, 48.611118, 119.124245, 56.576321,10.801154, 202.316483, 1.000110
5, 120,19,160.886948, 160.883820, 119.124245, 56.576321,10.801154, 202.316483, 1.000019
5, 120,20,174.250931, 174.231766, 119.124245, 56.576321,10.801154, 202.316483, 1.000110
5, 120,21,110.825386, 110.841103, 119.124245, 56.576321,10.801154, 202.316483, 0.999858
5, 120,22,162.044601, 162.038452, 119.124245, 56.576321,10.801154, 202.316483, 1.000038
5, 120,23,161.003357, 161.004715, 119.124245, 56.576321,10.801154, 202.316483, 0.999992
5, 120,24,202.316483, 202.318085, 119.124245, 56.576321,10.801154, 202.316483, 0.999992
5, 120,25,159.820496, 159.825897, 119.124245, 56.576321,10.801154, 202.316483, 0.999966
5, 120,26,148.113953, 148.116211, 119.124245, 56.576321,10.801154, 202.316483, 0.999985
5, 120,27,186.354233, 186.352524, 119.124245, 56.576321,10.801154, 202.316483, 1.000009
5, 120,28,18.119925, 18.112747, 119.124245, 56.576321,10.801154, 202.316483, 1.000396
5, 120,29,122.684975, 122.695869, 119.124245, 56.576321,10.801154, 202.316483, 0.999911
5, 120,30,17.235781, 17.242229, 119.124245, 56.576321,10.801154, 202.316483, 0.999626
5, 120,31,10.801154, 10.804021, 119.124245, 56.576321,10.801154, 202.316483, 0.999735
5, 121,0,196.291519, 196.276230, 119.123116, 55.917377,14.271978, 199.149155, 1.000078
5, 121,1,104.336510, 104.317947, 119.123116, 55.917377,14.271978, 199.149155, 1.000178
5, 121,2,71.061127, 71.065414, 119.123116, 55.917377,14.271978, 199.149155, 0.999940
5, 121,3,186.043854, 186.030365, 119.123116, 55.917377,14.271978, 199.149155, 1.000072
5, 121,4,192.069778, 192.059906, 119.123116, 55.917377,14.271978, 199.149155, 1.000051
5, 121,5,68.136490, 68.134483, 119.123116, 55.917377,14.271978, 199.149155, 1.000029
5, 121,6,53.086887, 53.088566, 119.123116, 55.917377,14.271978, 199.149155, 0.999968
5, 121,7,14.271978, 14.278430, 119.123116, 55.917377,14.271978, 199.149155, 0.999548
5, 121,8,147.984375, 147.996429, 119.123116, 55.917377,14.271978, 199.149155, 0.999919
5, 121,9,93.498901, 93.500778, 119.123116, 55.917377,14.271978, 199.149155, 0.999980
5, 121,10,157.972702, 157.975296, 119.123116, 55.917377,14.271978, 199.149155, 0.999984
5, 121,11,185.570953, 185.583267, 119.123116, 55.917377,14.271978, 199.149155, 0.999934
5, 121,12,176.345230, 176.343353, 119.123116, 55.917377,14.271978, 199.149155, 1.000011
5, 121,13,113.194008, 113.197708, 119.123116, 55.917377,14.271978, 199.149155, 0.999967
5, 121,14,83.923203, 83.931763, 119.123116, 55.917377,14.271978, 199.149155, 0.999898
5, 121,15,165.222534, 165.215714, 119.123116, 55.917377,14.271978, 199.149155, 1.000041
5, 121,16,199.149155, 199.151291, 119.123116, 55.917377,14.271978, 199.149155, 0.999989
5, 121,17,15.398884, 15.408581, 119.123116, 55.917377,14.271978, 199.149155, 0.999371
5, 121,18,84.264061, 84.273293, 119.123116, 55.917377,14.271978, 199.149155, 0.999890
5, 121,19,151.859970, 151.858810, 119.123116, 55.917377,14.271978, 199.149155, 1.000008
5, 121,20,101.713463, 101.716118, 119.123116, 55.917377,14.271978, 199.149155, 0.999974
5, 121,21,22.731615, 22.735935, 119.123116, 55.917377,14.271978, 199.149155, 0.999810
5, 121,22,160.912277, 160.924866, 119.123116, 55.917377,14.271978, 199.149155, 0.999922
5, 121,23,63.570339, 63.564201, 119.123116, 55.917377,14.271978, 199.149155, 1.000097
5, 121,24,53.299648, 53.312111, 119.123116, 55.917377,14.271978, 199.149155, 0.999766
5, 121,25,162.383926, 162.402740, 119.123116, 55.917377,14.271978, 199.149155, 0.999884
5, 121,26,153.228790, 153.243546, 119.123116, 55.917377,14.271978, 199.149155, 0.999904
5, 121,27,110.530182, 110.521355, 119.123116, 55.917377,14.271978, 199.149155, 1.000080
5, 121,28,136.818939, 136.806702, 119.123116, 55.917377,14.271978, 199.149155, 1.000089
5, 121,29,181.894775, 181.900970, 119.123116, 55.917377,14.271978, 199.149155, 0.999966
5, 121,30,118.174332, 118.177818, 119.123116, 55.917377,14.271978, 199.149155, 0.999970
5, 121,31,86.999573, 87.005524, 119.123116, 55.917377,14.271978, 199.149155, 0.999932
5, 122,0,164.359879, 164.375565, 119.125267, 57.828960,13.680771, 219.948669, 0.999905
5, 122,1,150.991287, 150.979431, 119.125267, 57.828960,13.680771, 219.948669, 1.000079
5, 122,2,95.780632, 95.785744, 119.125267, 57.828960,13.680771, 219.948669, 0.999947
5, 122,3,114.377670, 114.377502, 119.125267, 57.828960,13.680771, 219.948669, 1.000001
5, 122,4,210.813385, 210.800034, 119.125267, 57.828960,13.680771, 219.948669, 1.000063
5, 122,5,13.680771, 13.676993, 119.125267, 57.828960,13.680771, 219.948669, 1.000276
5, 122,6,58.868446, 58.867176, 119.125267, 57.828960,13.680771, 219.948669, 1.000022
5, 122,7,147.692795, 147.696625, 119.125267, 57.828960,13.680771, 219.948669, 0.999974
5, 122,8,168.210556, 168.220581, 119.125267, 57.828960,13.680771, 219.948669, 0.999940
5, 122,9,70.619179, 70.615463, 119.125267, 57.828960,13.680771, 219.948669, 1.000053
5, 122,10,219.948669, 219.944046, 119.125267, 57.828960,13.680771, 219.948669, 1.000021
5, 122,11,215.952133, 215.956863, 119.125267, 57.828960,13.680771, 219.948669, 0.999978
5, 122,12,19.937569, 19.938869, 119.125267, 57.828960,13.680771, 219.948669, 0.999935
5, 122,13,83.342438, 83.346001, 119.125267, 57.828960,13.680771, 219.948669, 0.999957
5, 122,14,148.479416, 148.485001, 119.125267, 57.828960,13.680771, 219.948669, 0.999962
5, 122,15,72.353340, 72.353790, 119.125267, 57.828960,13.680771, 219.948669, 0.999994
5, 122,16,145.428925, 145.421921, 119.125267, 57.828960,13.680771, 219.948669, 1.000048
5, 122,17,102.172592, 102.163940, 119.125267, 57.828960,13.680771, 219.948669, 1.000085
5, 122,18,44.809105, 44.792500, 119.125267, 57.828960,13.680771, 219.948669, 1.000371
5, 122,19,73.889969, 73.904724, 119.125267, 57.828960,13.680771, 219.948669, 0.999800
5, 122,20,93.677612, 93.679062, 119.125267, 57.828960,13.680771, 219.948669, 0.999985
5, 122,21,149.275177, 149.273392, 119.125267, 57.828960,13.680771, 219.948669, 1.000012
5, 122,22,129.003860, 129.001465, 119.125267, 57.828960,13.680771, 219.948669, 1.000019
5, 122,23,76.502724, 76.502533, 119.125267, 57.828960,13.680771, 219.948669, 1.000003
5, 122,24,124.676193, 124.671783, 119.125267, 57.828960,13.680771, 219.948669, 1.000035
5, 122,25,67.728203, 67.726852, 119.125267, 57.828960,13.680771, 219.948669, 1.000020
5, 122,26,167.709152, 167.703598, 119.125267, 57.828960,13.680771, 219.948669, 1.000033
5, 122,27,34.314262, 34.317268, 119.125267, 57.828960,13.680771, 219.948669, 0.999912
5, 122,28,178.704254, 178.715195, 119.125267, 57.828960,13.680771, 219.948669, 0.999939
5, 122,29,98.712738, 98.713120, 119.125267, 57.828960,13.680771, 219.948669, 0.999996
5, 122,30,203.810715, 203.807922, 119.125267, 57.828960,13.680771, 219.948669, 1.000014
5, 122,31,166.184906, 166.184982, 119.125267, 57.828960,13.680771, 219.948669, 1.000000
5, 123,0,140.783142, 140.772522, 119.126465, 60.086563,15.270226, 212.919525, 1.000075
5, 123,1,99.860779, 99.866577, 119.126465, 60.086563,15.270226, 212.919525, 0.999942
5, 123,2,59.280659, 59.267532, 119.126465, 60.086563,15.270226, 212.919525, 1.000221
5, 123,3,135.752609, 135.755585, 119.126465, 60.086563,15.270226, 212.919525, 0.999978
5, 123,4,108.689354, 108.697899, 119.126465, 60.086563,15.270226, 212.919525, 0.999921
5, 123,5,101.633156, 101.626579, 119.126465, 60.086563,15.270226, 212.919525, 1.000065
5, 123,6,164.568405, 164.573273, 119.126465, 60.086563,15.270226, 212.919525, 0.999970
5, 123,7,211.605835, 211.617310, 119.126465, 60.086563,15.270226, 212.919525, 0.999946
5, 123,8,24.165985, 24.161440, 119.126465, 60.086563,15.270226, 212.919525, 1.000188
5, 123,9,75.619049, 75.621140, 119.126465, 60.086563,15.270226, 212.919525, 0.999972
5, 123,10,17.176435, 17.171537, 119.126465, 60.086563,15.270226, 212.919525, 1.000285
5, 123,11,212.919525, 212.913818, 119.126465, 60.086563,15.270226, 212.919525, 1.000027
5, 123,12,179.296326, 179.292145, 119.126465, 60.086563,15.270226, 212.919525, 1.000023
5, 123,13,161.340744, 161.322601, 119.126465, 60.086563,15.270226, 212.919525, 1.000112
5, 123,14,153.157654, 153.167694, 119.126465, 60.086563,15.270226, 212.919525, 0.999934
5, 123,15,80.339897, 80.343712, 119.126465, 60.086563,15.270226, 212.919525, 0.999952
5, 123,16,107.184006, 107.169647, 119.126465, 60.086563,15.270226, 212.919525, 1.000134
5, 123,17,102.456497, 102.453339, 119.126465, 60.086563,15.270226, 212.919525, 1.000031
5, 123,18,52.745461, 52.741119, 119.126465, 60.086563,15.270226, 212.919525, 1.000082
5, 123,19,210.959763, 210.947128, 119.126465, 60.086563,15.270226, 212.919525, 1.000060
5, 123,20,154.005890, 154.000717, 119.126465, 60.086563,15.270226, 212.919525, 1.000034
5, 123,21,97.527840, 97.524086, 119.126465, 60.086563,15.270226, 212.919525, 1.000039
5, 123,22,26.803726, 26.817101, 119.126465, 60.086563,15.270226, 212.919525, 0.999501
5, 123,23,133.845871, 133.857788, 119.126465, 60.086563,15.270226, 212.919525, 0.999911
5, 123,24,38.883106, 38.880318, 119.126465, 60.086563,15.270226, 212.919525, 1.000072
5, 123,25,15.270226, 15.273743, 119.126465, 60.086563,15.270226, 212.919525, 0.999770
5, 123,26,209.918961, 209.919937, 119.126465, 60.086563,15.270226, 212.919525, 0.999995
5, 123,27,120.656128, 120.648384, 119.126465, 60.086563,15.270226, 212.919525, 1.000064
5, 123,28,102.891441, 102.879250, 119.126465, 60.086563,15.270226, 212.919525, 1.000118
5, 123,29,188.294495, 188.292587, 119.126465, 60.086563,15.270226, 212.919525, 1.000010
5, 123,30,154.740860, 154.746078, 119.126465, 60.086563,15.270226, 212.919525, 0.999966
5, 123,31,169.673462, 169.677902, 119.126465, 60.086563,15.270226, 212.919525, 0.999974
5, 124,0,183.226669, 183.235107, 119.125465, 57.670593,16.624943, 220.339844, 0.999954
5, 124,1,128.776901, 128.771286, 119.125465, 57.670593,16.624943, 220.339844, 1.000044
5, 124,2,172.025223, 172.023911, 119.125465, 57.670593,16.624943, 220.339844, 1.000008
5, 124,3,149.348724, 149.350479, 119.125465, 57.670593,16.624943, 220.339844, 0.999988
5, 124,4,115.012909, 115.009995, 119.125465, 57.670593,16.624943, 220.339844, 1.000025
5, 124,5,193.100159, 193.078751, 119.125465, 57.670593,16.624943, 220.339844, 1.000111
5, 124,6,55.612766, 55.624348, 119.125465, 57.670593,16.624943, 220.339844, 0.999792
5, 124,7,220.339844, 220.337082, 119.125465, 57.670593,16.624943, 220.339844, 1.000013
5, 124,8,16.624943, 16.626299, 119.125465, 57.670593,16.624943, 220.339844, 0.999918
5, 124,9,139.860565, 139.856964, 119.125465, 57.670593,16.624943, 220.339844, 1.000026
5, 124,10,191.926865, 191.922623, 119.125465, 57.670593,16.624943, 220.339844, 1.000022
5, 124,11,56.134674, 56.133045, 119.125465, 57.670593,16.624943, 220.339844, 1.000029
5, 124,12,117.223145, 117.223160, 119.125465, 57.670593,16.624943, 220.339844, 1.000000
5, 124,13,204.388947, 204.402267, 119.125465, 57.670593,16.624943, 220.339844, 0.999935
5, 124,14,29.485825, 29.482508, 119.125465, 57.670593,16.624943, 220.339844, 1.000113
5, 124,15,90.039024, 90.050713, 119.125465, 57.670593,16.624943, 220.339844, 0.999870
5, 124,16,73.841888, 73.831802, 119.125465, 57.670593,16.624943, 220.339844, 1.000137
5, 124,17,168.407562, 168.410172, 119.125465, 57.670593,16.624943, 220.339844, 0.999985
5, 124,18,176.374756, 176.377579, 119.125465, 57.670593,16.624943, 220.339844, 0.999984
5, 124,19,45.497543, 45.476795, 119.125465, 57.670593,16.624943, 220.339844, 1.000456
5, 124,20,78.347816, 78.337418, 119.125465, 57.670593,16.624943, 220.339844, 1.000133
5, 124,21,179.330658, 179.330673, 119.125465, 57.670593,16.624943, 220.339844, 1.000000
5, 124,22,77.477814, 77.478577, 119.125465, 57.670593,16.624943, 220.339844, 0.999990
5, 124,23,86.102081, 86.093430, 119.125465, 57.670593,16.624943, 220.339844, 1.000100
5, 124,24,139.994980, 140.002289, 119.125465, 57.670593,16.624943, 220.339844, 0.999948
5, 124,25,115.651314, 115.637611, 119.125465, 57.670593,16.624943, 220.339844, 1.000118
5, 124,26,53.882389, 53.900055, 119.125465, 57.670593,16.624943, 220.339844, 0.999672
5, 124,27,136.541382, 136.533905, 119.125465, 57.670593,16.624943, 220.339844, 1.000055
5, 124,28,93.921143, 93.928719, 119.125465, 57.670593,16.624943, 220.339844, 0.999919
5, 124,29,21.403496, 21.409389, 119.125465, 57.670593,16.624943, 220.339844, 0.999725
5, 124,30,134.617325, 134.624634, 119.125465, 57.670593,16.624943, 220.339844, 0.999946
5, 124,31,167.495697, 167.498474, 119.125465, 57.670593,16.624943, 220.339844, 0.999983
5, 125,0,189.858109, 189.872391, 119.125229, 68.936958,18.331625, 238.486755, 0.999925
5, 125,1,135.602463, 135.602966, 119.125229, 68.936958,18.331625, 238.486755, 0.999996
5, 125,2,131.492294, 131.497772, 119.125229, 68.936958,18.331625, 238.486755, 0.999958
5, 125,3,18.331625, 18.322247, 119.125229, 68.936958,18.331625, 238.486755, 1.000512
5, 125,4,206.961975, 206.957474, 119.125229, 68.936958,18.331625, 238.486755, 1.000022
5, 125,5,186.231964, 186.235779, 119.125229, 68.936958,18.331625, 238.486755, 0.999979
5, 125,6,53.927120, 53.933064, 119.125229, 68.936958,18.331625, 238.486755, 0.999890
5, 125,7,33.744797, 33.756866, 119.125229, 68.936958,18.331625, 238.486755, 0.999642
5, 125,8,107.448669, 107.440201, 119.125229, 68.936958,18.331625, 238.486755, 1.000079
5, 125,9,238.486755, 238.484085, 119.125229, 68.936958,18.331625, 238.486755, 1.000011
5, 125,10,20.686583, 20.679050, 119.125229, 68.936958,18.331625, 238.486755, 1.000364
5, 125,11,234.396362, 234.385925, 119.125229, 68.936958,18.331625, 238.486755, 1.000045
5, 125,12,80.686417, 80.690132, 119.125229, 68.936958,18.331625, 238.486755, 0.999954
5, 125,13,85.124191, 85.117012, 119.125229, 68.936958,18.331625, 238.486755, 1.000084
5, 125,14,143.719849, 143.715408, 119.125229, 68.936958,18.331625, 238.486755, 1.000031
5, 125,15,94.559853, 94.565208, 119.125229, 68.936958,18.331625, 238.486755, 0.999943
5, 125,16,95.593384, 95.600243, 119.125229, 68.936958,18.331625, 238.486755, 0.999928
5, 125,17,174.936325, 174.934326, 119.125229, 68.936958,18.331625, 238.486755, 1.000011
5, 125,18,187.208633, 187.200882, 119.125229, 68.936958,18.331625, 238.486755, 1.000041
5, 125,19,83.829521, 83.837196, 119.125229, 68.936958,18.331625, 238.486755, 0.999908
5, 125,20,30.431959, 30.427965, 119.125229, 68.936958,18.331625, 238.486755, 1.000131
5, 125,21,106.123344, 106.132423, 119.125229, 68.936958,18.331625, 238.486755, 0.999914
5, 125,22,105.683403, 105.670853, 119.125229, 68.936958,18.331625, 238.486755, 1.000119
5, 125,23,80.878685, 80.878960, 119.125229, 68.936958,18.331625, 238.486755, 0.999997
5, 125,24,220.197083, 220.203140, 119.125229, 68.936958,18.331625, 238.486755, 0.999972
5, 125,25,220.923248, 220.930450, 119.125229, 68.936958,18.331625, 238.486755, 0.999967
5, 125,26,215.763702, 215.762268, 119.125229, 68.936958,18.331625, 238.486755, 1.000007
5, 125,27,32.880093, 32.875687, 119.125229, 68.936958,18.331625, 238.486755, 1.000134
5, 125,28,80.017830, 80.011765, 119.125229, 68.936958,18.331625, 238.486755, 1.000076
5, 125,29,35.406048, 35.400330, 119.125229, 68.936958,18.331625, 238.486755, 1.000162
5, 125,30,91.774353, 91.781792, 119.125229, 68.936958,18.331625, 238.486755, 0.999919
5, 125,31,89.101028, 89.096298, 119.125229, 68.936958,18.331625, 238.486755, 1.000053
5, 126,0,121.078621, 121.073563, 119.124832, 55.995872,16.969822, 200.038666, 1.000042
5, 126,1,161.131363, 161.128540, 119.124832, 55.995872,16.969822, 200.038666, 1.000018
5, 126,2,175.674149, 175.657928, 119.124832, 55.995872,16.969822, 200.038666, 1.000092
5, 126,3,63.585991, 63.598927, 119.124832, 55.995872,16.969822, 200.038666, 0.999797
5, 126,4,90.536911, 90.530579, 119.124832, 55.995872,16.969822, 200.038666, 1.000070
5, 126,5,20.179729, 20.184998, 119.124832, 55.995872,16.969822, 200.038666, 0.999739
5, 126,6,96.730904, 96.725700, 119.124832, 55.995872,16.969822, 200.038666, 1.000054
5, 126,7,87.848267, 87.838615, 119.124832, 55.995872,16.969822, 200.038666, 1.000110
5, 126,8,99.022072, 99.045113, 119.124832, 55.995872,16.969822, 200.038666, 0.999767
5, 126,9,42.058891, 42.069225, 119.124832, 55.995872,16.969822, 200.038666, 0.999754
5, 126,10,196.832611, 196.827103, 119.124832, 55.995872,16.969822, 200.038666, 1.000028
5, 126,11,138.250916, 138.240829, 119.124832, 55.995872,16.969822, 200.038666, 1.000073
5, 126,12,92.874077, 92.868027, 119.124832, 55.995872,16.969822, 200.038666, 1.000065
5, 126,13,168.912247, 168.916000, 119.124832, 55.995872,16.969822, 200.038666, 0.999978
5, 126,14,27.045696, 27.035084, 119.124832, 55.995872,16.969822, 200.038666, 1.000393
5, 126,15,180.326370, 180.332825, 119.124832, 55.995872,16.969822, 200.038666, 0.999964
5, 126,16,85.903809, 85.903770, 119.124832, 55.995872,16.969822, 200.038666, 1.000000
5, 126,17,135.289444, 135.290497, 119.124832, 55.995872,16.969822, 200.038666, 0.999992
5, 126,18,168.793381, 168.801834, 119.124832, 55.995872,16.969822, 200.038666, 0.999950
5, 126,19,197.329407, 197.337845, 119.124832, 55.995872,16.969822, 200.038666, 0.999957
5, 126,20,163.592255, 163.592148, 119.124832, 55.995872,16.969822, 200.038666, 1.000001
5, 126,21,71.853592, 71.855080, 119.124832, 55.995872,16.969822, 200.038666, 0.999979
5, 126,22,152.127914, 152.127289, 119.124832, 55.995872,16.969822, 200.038666, 1.000004
5, 126,23,159.527481, 159.518158, 119.124832, 55.995872,16.969822, 200.038666, 1.000058
5, 126,24,107.178192, 107.175087, 119.124832, 55.995872,16.969822, 200.038666, 1.000029
5, 126,25,81.951965, 81.937927, 119.124832, 55.995872,16.969822, 200.038666, 1.000171
5, 126,26,45.967033, 45.968964, 119.124832, 55.995872,16.969822, 200.038666, 0.999958
5, 126,27,200.038666, 200.053848, 119.124832, 55.995872,16.969822, 200.038666, 0.999924
5, 126,28,170.592529, 170.604492, 119.124832, 55.995872,16.969822, 200.038666, 0.999930
5, 126,29,101.410812, 101.418610, 119.124832, 55.995872,16.969822, 200.038666, 0.999923
5, 126,30,16.969822, 16.970264, 119.124832, 55.995872,16.969822, 200.038666, 0.999974
5, 126,31,191.379684, 191.371063, 119.124832, 55.995872,16.969822, 200.038666, 1.000045
5, 127,0,110.188942, 110.179672, 119.124863, 48.458580,20.207409, 187.099716, 1.000084
5, 127,1,71.924599, 71.923332, 119.124863, 48.458580,20.207409, 187.099716, 1.000018
5, 127,2,125.170319, 125.171127, 119.124863, 48.458580,20.207409, 187.099716, 0.999994
5, 127,3,177.507568, 177.502289, 119.124863, 48.458580,20.207409, 187.099716, 1.000030
5, 127,4,173.720963, 173.723373, 119.124863, 48.458580,20.207409, 187.099716, 0.999986
5, 127,5,166.991669, 166.999390, 119.124863, 48.458580,20.207409, 187.099716, 0.999954
5, 127,6,176.177261, 176.183502, 119.124863, 48.458580,20.207409, 187.099716, 0.999965
5, 127,7,86.503342, 86.489006, 119.124863, 48.458580,20.207409, 187.099716, 1.000166
5, 127,8,149.030731, 149.033279, 119.124863, 48.458580,20.207409, 187.099716, 0.999983
5, 127,9,112.743935, 112.746239, 119.124863, 48.458580,20.207409, 187.099716, 0.999980
5, 127,10,106.599800, 106.607735, 119.124863, 48.458580,20.207409, 187.099716, 0.999926
5, 127,11,131.184174, 131.173630, 119.124863, 48.458580,20.207409, 187.099716, 1.000080
5, 127,12,183.476959, 183.487045, 119.124863, 48.458580,20.207409, 187.099716, 0.999945
5, 127,13,87.074982, 87.080383, 119.124863, 48.458580,20.207409, 187.099716, 0.999938
5, 127,14,138.615875, 138.625015, 119.124863, 48.458580,20.207409, 187.099716, 0.999934
5, 127,15,187.099716, 187.100388, 119.124863, 48.458580,20.207409, 187.099716, 0.999996
5, 127,16,90.038261, 90.043198, 119.124863, 48.458580,20.207409, 187.099716, 0.999945
5, 127,17,103.917915, 103.922867, 119.124863, 48.458580,20.207409, 187.099716, 0.999952
5, 127,18,31.094688, 31.094503, 119.124863, 48.458580,20.207409, 187.099716, 1.000006
5, 127,19,122.413750, 122.409386, 119.124863, 48.458580,20.207409, 187.099716, 1.000036
5, 127,20,20.207409, 20.219036, 119.124863, 48.458580,20.207409, 187.099716, 0.999425
5, 127,21,150.161087, 150.162811, 119.124863, 48.458580,20.207409, 187.099716, 0.999988
5, 127,22,146.329712, 146.318863, 119.124863, 48.458580,20.207409, 187.099716, 1.000074
5, 127,23,109.874527, 109.878059, 119.124863, 48.458580,20.207409, 187.099716, 0.999968
5, 127,24,36.791985, 36.777657, 119.124863, 48.458580,20.207409, 187.099716, 1.000390
5, 127,25,135.192673, 135.212769, 119.124863, 48.458580,20.207409, 187.099716, 0.999851
5, 127,26,172.138443, 172.132553, 119.124863, 48.458580,20.207409, 187.099716, 1.000034
5, 127,27,27.862669, 27.853743, 119.124863, 48.458580,20.207409, 187.099716, 1.000320
5, 127,28,94.123497, 94.111885, 119.124863, 48.458580,20.207409, 187.099716, 1.000123
5, 127,29,168.014160, 168.016571, 119.124863, 48.458580,20.207409, 187.099716, 0.999986
5, 127,30,156.134201, 156.129837, 119.124863, 48.458580,20.207409, 187.099716, 1.000028
5, 127,31,63.689598, 63.691334, 119.124863, 48.458580,20.207409, 187.099716, 0.999973
5, 128,0,113.343552, 113.341530, 119.123764, 64.999672,21.883518, 250.334564, 1.000018
5, 128,1,33.579861, 33.598022, 119.123764, 64.999672,21.883518, 250.334564, 0.999459
5, 128,2,96.194969, 96.192703, 119.123764, 64.999672,21.883518, 250.334564, 1.000024
5, 128,3,96.034592, 96.023575, 119.123764, 64.999672,21.883518, 250.334564, 1.000115
5, 128,4,199.026245, 199.041534, 119.123764, 64.999672,21.883518, 250.334564, 0.999923
5, 128,5,116.528999, 116.533043, 119.123764, 64.999672,21.883518, 250.334564, 0.999965
5, 128,6,130.488800, 130.475647, 119.123764, 64.999672,21.883518, 250.334564, 1.000101
5, 128,7,53.666763, 53.658909, 119.123764, 64.999672,21.883518, 250.334564, 1.000146
5, 128,8,66.104889, 66.101364, 119.123764, 64.999672,21.883518, 250.334564, 1.000053
5, 128,9,85.474632, 85.463661, 119.123764, 64.999672,21.883518, 250.334564, 1.000128
5, 128,10,83.079689, 83.088417, 119.123764, 64.999672,21.883518, 250.334564, 0.999895
5, 128,11,89.088562, 89.089035, 119.123764, 64.999672,21.883518, 250.334564, 0.999995
5, 128,12,178.848282, 178.826218, 119.123764, 64.999672,21.883518, 250.334564, 1.000123
5, 128,13,116.667961, 116.687462, 119.123764, 64.999672,21.883518, 250.334564, 0.999833
5, 128,14,139.188599, 139.197144, 119.123764, 64.999672,21.883518, 250.334564, 0.999939
5, 128,15,34.741295, 34.730488, 119.123764, 64.999672,21.883518, 250.334564, 1.000311
5, 128,16,237.629333, 237.641098, 119.123764, 64.999672,21.883518, 250.334564, 0.999950
5, 128,17,21.883518, 21.876225, 119.123764, 64.999672,21.883518, 250.334564, 1.000333
5, 128,18,149.027969, 149.036377, 119.123764, 64.999672,21.883518, 250.334564, 0.999944
5, 128,19,195.061462, 195.063187, 119.123764, 64.999672,21.883518, 250.334564, 0.999991
5, 128,20,125.117416, 125.114799, 119.123764, 64.999672,21.883518, 250.334564, 1.000021
5, 128,21,54.641335, 54.636948, 119.123764, 64.999672,21.883518, 250.334564, 1.000080
5, 128,22,250.334564, 250.340958, 119.123764, 64.999672,21.883518, 250.334564, 0.999974
5, 128,23,232.289078, 232.272888, 119.123764, 64.999672,21.883518, 250.334564, 1.000070
5, 128,24,25.964392, 25.972237, 119.123764, 64.999672,21.883518, 250.334564, 0.999698
5, 128,25,98.563164, 98.575294, 119.123764, 64.999672,21.883518, 250.334564, 0.999877
5, 128,26,81.232880, 81.249985, 119.123764, 64.999672,21.883518, 250.334564, 0.999789
5, 128,27,111.959206, 111.951675, 119.123764, 64.999672,21.883518, 250.334564, 1.000067
5, 128,28,150.407150, 150.411514, 119.123764, 64.999672,21.883518, 250.334564, 0.999971
5, 128,29,45.620075, 45.628674, 119.123764, 64.999672,21.883518, 250.334564, 0.999812
5, 128,30,205.655029, 205.667221, 119.123764, 64.999672,21.883518, 250.334564, 0.999941
5, 128,31,194.516190, 194.511658, 119.123764, 64.999672,21.883518, 250.334564, 1.000023
5, 129,0,102.538704, 102.525696, 119.126015, 44.113068,25.239456, 185.475662, 1.000127
5, 129,1,156.417130, 156.412827, 119.126015, 44.113068,25.239456, 185.475662, 1.000028
5, 129,2,77.071564, 77.084579, 119.126015, 44.113068,25.239456, 185.475662, 0.999831
5, 129,3,71.270569, 71.275864, 119.126015, 44.113068,25.239456, 185.475662, 0.999926
5, 129,4,151.495102, 151.500427, 119.126015, 44.113068,25.239456, 185.475662, 0.999965
5, 129,5,127.957581, 127.943825, 119.126015, 44.113068,25.239456, 185.475662, 1.000108
5, 129,6,119.320152, 119.342789, 119.126015, 44.113068,25.239456, 185.475662, 0.999810
5, 129,7,78.775948, 78.773750, 119.126015, 44.113068,25.239456, 185.475662, 1.000028
5, 129,8,88.405586, 88.414726, 119.126015, 44.113068,25.239456, 185.475662, 0.999897
5, 129,9,105.481209, 105.473145, 119.126015, 44.113068,25.239456, 185.475662, 1.000076
5, 129,10,128.053970, 128.058731, 119.126015, 44.113068,25.239456, 185.475662, 0.999963
5, 129,11,51.090851, 51.080395, 119.126015, 44.113068,25.239456, 185.475662, 1.000205
5, 129,12,144.081253, 144.082977, 119.126015, 44.113068,25.239456, 185.475662, 0.999988
5, 129,13,116.628937, 116.630920, 119.126015, 44.113068,25.239456, 185.475662, 0.999983
5, 129,14,25.239456, 25.231346, 119.126015, 44.113068,25.239456, 185.475662, 1.000321
5, 129,15,113.494987, 113.488121, 119.126015, 44.113068,25.239456, 185.475662, 1.000061
5, 129,16,174.768906, 174.781219, 119.126015, 44.113068,25.239456, 185.475662, 0.999930
5, 129,17,178.653503, 178.647949, 119.126015, 44.113068,25.239456, 185.475662, 1.000031
5, 129,18,153.817719, 153.815857, 119.126015, 44.113068,25.239456, 185.475662, 1.000012
5, 129,19,30.001717, 30.000120, 119.126015, 44.113068,25.239456, 185.475662, 1.000053
5, 129,20,110.139381, 110.132744, 119.126015, 44.113068,25.239456, 185.475662, 1.000060
5, 129,21,107.809784, 107.817307, 119.126015, 44.113068,25.239456, 185.475662, 0.999930
5, 129,22,84.354507, 84.346893, 119.126015, 44.113068,25.239456, 185.475662, 1.000090
5, 129,23,171.278549, 171.270721, 119.126015, 44.113068,25.239456, 185.475662, 1.000046
5, 129,24,179.291962, 179.291443, 119.126015, 44.113068,25.239456, 185.475662, 1.000003
5, 129,25,182.393600, 182.394028, 119.126015, 44.113068,25.239456, 185.475662, 0.999998
5, 129,26,132.717850, 132.706863, 119.126015, 44.113068,25.239456, 185.475662, 1.000083
5, 129,27,185.475662, 185.467865, 119.126015, 44.113068,25.239456, 185.475662, 1.000042
5, 129,28,121.088791, 121.089432, 119.126015, 44.113068,25.239456, 185.475662, 0.999995
5, 129,29,146.781693, 146.783356, 119.126015, 44.113068,25.239456, 185.475662, 0.999989
5, 129,30,135.103394, 135.096985, 119.126015, 44.113068,25.239456, 185.475662, 1.000047
5, 129,31,61.032574, 61.037365, 119.126015, 44.113068,25.239456, 185.475662, 0.999922
5, 130,0,70.105591, 70.095222, 119.124458, 52.844391,27.652063, 193.276810, 1.000148
5, 130,1,171.848312, 171.847488, 119.124458, 52.844391,27.652063, 193.276810, 1.000005
5, 130,2,103.574615, 103.578400, 119.124458, 52.844391,27.652063, 193.276810, 0.999963
5, 130,3,84.750511, 84.758507, 119.124458, 52.844391,27.652063, 193.276810, 0.999906
5, 130,4,44.939987, 44.949512, 119.124458, 52.844391,27.652063, 193.276810, 0.999788
5, 130,5,74.219788, 74.221542, 119.124458, 52.844391,27.652063, 193.276810, 0.999976
5, 130,6,103.200935, 103.190613, 119.124458, 52.844391,27.652063, 193.276810, 1.000100
5, 130,7,27.652063, 27.650471, 119.124458, 52.844391,27.652063, 193.276810, 1.000058
5, 130,8,28.453976, 28.462406, 119.124458, 52.844391,27.652063, 193.276810, 0.999704
5, 130,9,186.436340, 186.438065, 119.124458, 52.844391,27.652063, 193.276810, 0.999991
5, 130,10,87.449417, 87.442734, 119.124458, 52.844391,27.652063, 193.276810, 1.000076
5, 130,11,165.832108, 165.830704, 119.124458, 52.844391,27.652063, 193.276810, 1.000008
5, 130,12,151.261307, 151.264374, 119.124458, 52.844391,27.652063, 193.276810, 0.999980
5, 130,13,143.843063, 143.847885, 119.124458, 52.844391,27.652063, 193.276810, 0.999967
5, 130,14,175.086487, 175.089172, 119.124458, 52.844391,27.652063, 193.276810, 0.999985
5, 130,15,189.636261, 189.631271, 119.124458, 52.844391,27.652063, 193.276810, 1.000026
5, 130,16,110.394333, 110.401070, 119.124458, 52.844391,27.652063, 193.276810, 0.999939
5, 130,17,83.681847, 83.679962, 119.124458, 52.844391,27.652063, 193.276810, 1.000023
5, 130,18,184.483337, 184.480942, 119.124458, 52.844391,27.652063, 193.276810, 1.000013
5, 130,19,53.091419, 53.099148, 119.124458, 52.844391,27.652063, 193.276810, 0.999854
5, 130,20,128.772568, 128.766525, 119.124458, 52.844391,27.652063, 193.276810, 1.000047
5, 130,21,174.222290, 174.216644, 119.124458, 52.844391,27.652063, 193.276810, 1.000032
5, 130,22,177.472977, 177.476501, 119.124458, 52.844391,27.652063, 193.276810, 0.999980
5, 130,23,154.030624, 154.033417, 119.124458, 52.844391,27.652063, 193.276810, 0.999982
5, 130,24,141.916061, 141.927124, 119.124458, 52.844391,27.652063, 193.276810, 0.999922
5, 130,25,100.840683, 100.857819, 119.124458, 52.844391,27.652063, 193.276810, 0.999830
5, 130,26,139.693573, 139.691284, 119.124458, 52.844391,27.652063, 193.276810, 1.000016
5, 130,27,133.902557, 133.898682, 119.124458, 52.844391,27.652063, 193.276810, 1.000029
5, 130,28,147.141663, 147.138062, 119.124458, 52.844391,27.652063, 193.276810, 1.000024
5, 130,29,29.368250, 29.371286, 119.124458, 52.844391,27.652063, 193.276810, 0.999897
5, 130,30,193.276810, 193.266800, 119.124458, 52.844391,27.652063, 193.276810, 1.000052
5, 130,31,51.403294, 51.396507, 119.124458, 52.844391,27.652063, 193.276810, 1.000132
5, 131,0,199.023911, 199.033813, 119.126389, 60.543938,13.412427, 220.717621, 0.999950
5, 131,1,107.683418, 107.685448, 119.126389, 60.543938,13.412427, 220.717621, 0.999981
5, 131,2,62.347137, 62.354076, 119.126389, 60.543938,13.412427, 220.717621, 0.999889
5, 131,3,42.304962, 42.297771, 119.126389, 60.543938,13.412427, 220.717621, 1.000170
5, 131,4,95.944199, 95.949883, 119.126389, 60.543938,13.412427, 220.717621, 0.999941
5, 131,5,178.950211, 178.944244, 119.126389, 60.543938,13.412427, 220.717621, 1.000033
5, 131,6,160.806396, 160.811676, 119.126389, 60.543938,13.412427, 220.717621, 0.999967
5, 131,7,15.496015, 15.485029, 119.126389, 60.543938,13.412427, 220.717621, 1.000709
5, 131,8,117.534790, 117.537193, 119.126389, 60.543938,13.412427, 220.717621, 0.999980
5, 131,9,13.412427, 13.408174, 119.126389, 60.543938,13.412427, 220.717621, 1.000317
5, 131,10,46.761009, 46.770996, 119.126389, 60.543938,13.412427, 220.717621, 0.999786
5, 131,11,129.731979, 129.718750, 119.126389, 60.543938,13.412427, 220.717621, 1.000102
5, 131,12,94.246300, 94.245796, 119.126389, 60.543938,13.412427, 220.717621, 1.000005
5, 131,13,217.825729, 217.825378, 119.126389, 60.543938,13.412427, 220.717621, 1.000002
5, 131,14,114.163544, 114.162308, 119.126389, 60.543938,13.412427, 220.717621, 1.000011
5, 131,15,86.055954, 86.044876, 119.126389, 60.543938,13.412427, 220.717621, 1.000129
5, 131,16,128.512253, 128.500610, 119.126389, 60.543938,13.412427, 220.717621, 1.000091
5, 131,17,141.628036, 141.620728, 119.126389, 60.543938,13.412427, 220.717621, 1.000052
5, 131,18,181.706680, 181.706726, 119.126389, 60.543938,13.412427, 220.717621, 1.000000
5, 131,19,174.499863, 174.490967, 119.126389, 60.543938,13.412427, 220.717621, 1.000051
5, 131,20,220.717621, 220.707672, 119.126389, 60.543938,13.412427, 220.717621, 1.000045
5, 131,21,116.845741, 116.858223, 119.126389, 60.543938,13.412427, 220.717621, 0.999893
5, 131,22,107.484146, 107.485756, 119.126389, 60.543938,13.412427, 220.717621, 0.999985
5, 131,23,112.002823, 112.005569, 119.126389, 60.543938,13.412427, 220.717621, 0.999976
5, 131,24,183.606171, 183.617172, 119.126389, 60.543938,13.412427, 220.717621, 0.999940
5, 131,25,215.466995, 215.455612, 119.126389, 60.543938,13.412427, 220.717621, 1.000053
5, 131,26,163.664963, 163.674011, 119.126389, 60.543938,13.412427, 220.717621, 0.999945
5, 131,27,126.819382, 126.809822, 119.126389, 60.543938,13.412427, 220.717621, 1.000075
5, 131,28,15.578139, 15.571566, 119.126389, 60.543938,13.412427, 220.717621, 1.000422
5, 131,29,29.257444, 29.264170, 119.126389, 60.543938,13.412427, 220.717621, 0.999770
5, 131,30,87.565437, 87.555923, 119.126389, 60.543938,13.412427, 220.717621, 1.000109
5, 131,31,124.400970, 124.400154, 119.126389, 60.543938,13.412427, 220.717621, 1.000007
5, 132,0,137.913025, 137.899994, 119.122261, 62.056324,12.317803, 210.061340, 1.000095
5, 132,1,159.651077, 159.626434, 119.122261, 62.056324,12.317803, 210.061340, 1.000154
5, 132,2,194.384720, 194.395294, 119.122261, 62.056324,12.317803, 210.061340, 0.999946
5, 132,3,76.647568, 76.632111, 119.122261, 62.056324,12.317803, 210.061340, 1.000202
5, 132,4,149.591141, 149.594788, 119.122261, 62.056324,12.317803, 210.061340, 0.999976
5, 132,5,118.215881, 118.224579, 119.122261, 62.056324,12.317803, 210.061340, 0.999926
5, 132,6,210.061340, 210.060684, 119.122261, 62.056324,12.317803, 210.061340, 1.000003
5, 132,7,91.482964, 91.488914, 119.122261, 62.056324,12.317803, 210.061340, 0.999935
5, 132,8,64.607010, 64.608612, 119.122261, 62.056324,12.317803, 210.061340, 0.999975
5, 132,9,58.931278, 58.935417, 119.122261, 62.056324,12.317803, 210.061340, 0.999930
5, 132,10,52.098450, 52.085510, 119.122261, 62.056324,12.317803, 210.061340, 1.000248
5, 132,11,23.395445, 23.403992, 119.122261, 62.056324,12.317803, 210.061340, 0.999635
5, 132,12,81.171700, 81.174606, 119.122261, 62.056324,12.317803, 210.061340, 0.999964
5, 132,13,197.471527, 197.478409, 119.122261, 62.056324,12.317803, 210.061340, 0.999965
5, 132,14,196.340332, 196.341141, 119.122261, 62.056324,12.317803, 210.061340, 0.999996
5, 132,15,137.847321, 137.867126, 119.122261, 62.056324,12.317803, 210.061340, 0.999856
5, 132,16,31.855814, 31.877630, 119.122261, 62.056324,12.317803, 210.061340, 0.999316
5, 132,17,118.148628, 118.165421, 119.122261, 62.056324,12.317803, 210.061340, 0.999858
5, 132,18,12.317803, 12.327127, 119.122261, 62.056324,12.317803, 210.061340, 0.999244
5, 132,19,96.637955, 96.636208, 119.122261, 62.056324,12.317803, 210.061340, 1.000018
5, 132,20,188.951584, 188.978470, 119.122261, 62.056324,12.317803, 210.061340, 0.999858
5, 132,21,46.897556, 46.905354, 119.122261, 62.056324,12.317803, 210.061340, 0.999834
5, 132,22,110.221237, 110.211113, 119.122261, 62.056324,12.317803, 210.061340, 1.000092
5, 132,23,129.148422, 129.163391, 119.122261, 62.056324,12.317803, 210.061340, 0.999884
5, 132,24,38.799942, 38.812996, 119.122261, 62.056324,12.317803, 210.061340, 0.999664
5, 132,25,31.189199, 31.180807, 119.122261, 62.056324,12.317803, 210.061340, 1.000269
5, 132,26,196.662720, 196.656693, 119.122261, 62.056324,12.317803, 210.061340, 1.000031
5, 132,27,168.133499, 168.132935, 119.122261, 62.056324,12.317803, 210.061340, 1.000003
5, 132,28,148.238876, 148.220871, 119.122261, 62.056324,12.317803, 210.061340, 1.000121
5, 132,29,183.938080, 183.942932, 119.122261, 62.056324,12.317803, 210.061340, 0.999974
5, 132,30,200.878494, 200.877060, 119.122261, 62.056324,12.317803, 210.061340, 1.000007
5, 132,31,160.081970, 160.093155, 119.122261, 62.056324,12.317803, 210.061340, 0.999930
5, 133,0,69.680916, 69.683395, 119.124207, 58.997967,13.880131, 207.753998, 0.999964
5, 133,1,80.550270, 80.563560, 119.124207, 58.997967,13.880131, 207.753998, 0.999835
5, 133,2,43.580925, 43.591602, 119.124207, 58.997967,13.880131, 207.753998, 0.999755
5, 133,3,121.300613, 121.303596, 119.124207, 58.997967,13.880131, 207.753998, 0.999975
5, 133,4,27.220987, 27.216831, 119.124207, 58.997967,13.880131, 207.753998, 1.000153
5, 133,5,71.747047, 71.743118, 119.124207, 58.997967,13.880131, 207.753998, 1.000055
5, 133,6,13.880131, 13.877119, 119.124207, 58.997967,13.880131, 207.753998, 1.000217
5, 133,7,185.485519, 185.488098, 119.124207, 58.997967,13.880131, 207.753998, 0.999986
5, 133,8,92.938423, 92.921883, 119.124207, 58.997967,13.880131, 207.753998, 1.000178
5, 133,9,137.771301, 137.769241, 119.124207, 58.997967,13.880131, 207.753998, 1.000015
5, 133,10,81.335770, 81.332932, 119.124207, 58.997967,13.880131, 207.753998, 1.000035
5, 133,11,190.276184, 190.292084, 119.124207, 58.997967,13.880131, 207.753998, 0.999916
5, 133,12,18.789934, 18.790155, 119.124207, 58.997967,13.880131, 207.753998, 0.999988
5, 133,13,44.950550, 44.954651, 119.124207, 58.997967,13.880131, 207.753998, 0.999909
5, 133,14,207.753998, 207.751236, 119.124207, 58.997967,13.880131, 207.753998, 1.000013
5, 133,15,185.286896, 185.282120, 119.124207, 58.997967,13.880131, 207.753998, 1.000026
5, 133,16,149.028122, 149.025009, 119.124207, 58.997967,13.880131, 207.753998, 1.000021
5, 133,17,160.461029, 160.456436, 119.124207, 58.997967,13.880131, 207.753998, 1.000029
5, 133,18,154.424545, 154.428741, 119.124207, 58.997967,13.880131, 207.753998, 0.999973
5, 133,19,184.164047, 184.155319, 119.124207, 58.997967,13.880131, 207.753998, 1.000047
5, 133,20,68.474014, 68.477859, 119.124207, 58.997967,13.880131, 207.753998, 0.999944
5, 133,21,171.979416, 171.972702, 119.124207, 58.997967,13.880131, 207.753998, 1.000039
5, 133,22,72.452568, 72.451904, 119.124207, 58.997967,13.880131, 207.753998, 1.000009
5, 133,23,205.195587, 205.188705, 119.124207, 58.997967,13.880131, 207.753998, 1.000033
5, 133,24,193.468842, 193.466461, 119.124207, 58.997967,13.880131, 207.753998, 1.000012
5, 133,25,96.901215, 96.901978, 119.124207, 58.997967,13.880131, 207.753998, 0.999992
5, 133,26,179.960938, 179.969254, 119.124207, 58.997967,13.880131, 207.753998, 0.999954
5, 133,27,73.249413, 73.257614, 119.124207, 58.997967,13.880131, 207.753998, 0.999888
5, 133,28,107.744431, 107.751862, 119.124207, 58.997967,13.880131, 207.753998, 0.999931
5, 133,29,138.013977, 138.029724, 119.124207, 58.997967,13.880131, 207.753998, 0.999886
5, 133,30,128.116486, 128.112793, 119.124207, 58.997967,13.880131, 207.753998, 1.000029
5, 133,31,155.790527, 155.791794, 119.124207, 58.997967,13.880131, 207.753998, 0.999992
5, 134,0,54.377377, 54.375587, 119.125748, 65.009155,12.444700, 219.213516, 1.000033
5, 134,1,12.444700, 12.466384, 119.125748, 65.009155,12.444700, 219.213516, 0.998261
5, 134,2,154.673874, 154.685913, 119.125748, 65.009155,12.444700, 219.213516, 0.999922
5, 134,3,143.776749, 143.764282, 119.125748, 65.009155,12.444700, 219.213516, 1.000087
5, 134,4,171.428467, 171.428986, 119.125748, 65.009155,12.444700, 219.213516, 0.999997
5, 134,5,70.271683, 70.268623, 119.125748, 65.009155,12.444700, 219.213516, 1.000044
5, 134,6,212.192291, 212.185501, 119.125748, 65.009155,12.444700, 219.213516, 1.000032
5, 134,7,180.750748, 180.740707, 119.125748, 65.009155,12.444700, 219.213516, 1.000056
5, 134,8,101.795990, 101.803566, 119.125748, 65.009155,12.444700, 219.213516, 0.999926
5, 134,9,45.161682, 45.173336, 119.125748, 65.009155,12.444700, 219.213516, 0.999742
5, 134,10,53.405079, 53.396759, 119.125748, 65.009155,12.444700, 219.213516, 1.000156
5, 134,11,158.012390, 158.002335, 119.125748, 65.009155,12.444700, 219.213516, 1.000064
5, 134,12,207.162750, 207.162582, 119.125748, 65.009155,12.444700, 219.213516, 1.000001
5, 134,13,200.021011, 200.027451, 119.125748, 65.009155,12.444700, 219.213516, 0.999968
5, 134,14,16.210426, 16.214256, 119.125748, 65.009155,12.444700, 219.213516, 0.999764
5, 134,15,219.213516, 219.224030, 119.125748, 65.009155,12.444700, 219.213516, 0.999952
5, 134,16,66.054771, 66.050659, 119.125748, 65.009155,12.444700, 219.213516, 1.000062
5, 134,17,187.849442, 187.830750, 119.125748, 65.009155,12.444700, 219.213516, 1.000100
5, 134,18,172.860168, 172.858582, 119.125748, 65.009155,12.444700, 219.213516, 1.000009
5, 134,19,205.576187, 205.571991, 119.125748, 65.009155,12.444700, 219.213516, 1.000020
5, 134,20,87.073242, 87.063217, 119.125748, 65.009155,12.444700, 219.213516, 1.000115
5, 134,21,147.079025, 147.074265, 119.125748, 65.009155,12.444700, 219.213516, 1.000032
5, 134,22,129.774292, 129.777374, 119.125748, 65.009155,12.444700, 219.213516, 0.999976
5, 134,23,71.273613, 71.286087, 119.125748, 65.009155,12.444700, 219.213516, 0.999825
5, 134,24,183.013184, 183.013916, 119.125748, 65.009155,12.444700, 219.213516, 0.999996
5, 134,25,63.297363, 63.294495, 119.125748, 65.009155,12.444700, 219.213516, 1.000045
5, 134,26,19.907351, 19.910612, 119.125748, 65.009155,12.444700, 219.213516, 0.999836
5, 134,27,98.482605, 98.480705, 119.125748, 65.009155,12.444700, 219.213516, 1.000019
5, 134,28,102.321709, 102.318741, 119.125748, 65.009155,12.444700, 219.213516, 1.000029
5, 134,29,67.363419, 67.364342, 119.125748, 65.009155,12.444700, 219.213516, 0.999986
5, 134,30,161.673233, 161.672928, 119.125748, 65.009155,12.444700, 219.213516, 1.000002
5, 134,31,47.525311, 47.510925, 119.125748, 65.009155,12.444700, 219.213516, 1.000303
5, 135,0,224.699753, 224.688660, 119.122978, 70.789261,12.198108, 225.866867, 1.000049
5, 135,1,15.829574, 15.837185, 119.122978, 70.789261,12.198108, 225.866867, 0.999519
5, 135,2,138.067596, 138.060150, 119.122978, 70.789261,12.198108, 225.866867, 1.000054
5, 135,3,75.841217, 75.833542, 119.122978, 70.789261,12.198108, 225.866867, 1.000101
5, 135,4,155.266617, 155.275711, 119.122978, 70.789261,12.198108, 225.866867, 0.999941
5, 135,5,188.777512, 188.777588, 119.122978, 70.789261,12.198108, 225.866867, 1.000000
5, 135,6,211.935623, 211.933578, 119.122978, 70.789261,12.198108, 225.866867, 1.000010
5, 135,7,224.673080, 224.667999, 119.122978, 70.789261,12.198108, 225.866867, 1.000023
5, 135,8,46.383579, 46.379158, 119.122978, 70.789261,12.198108, 225.866867, 1.000095
5, 135,9,118.063438, 118.063652, 119.122978, 70.789261,12.198108, 225.866867, 0.999998
5, 135,10,221.052353, 221.054184, 119.122978, 70.789261,12.198108, 225.866867, 0.999992
5, 135,11,29.703520, 29.714268, 119.122978, 70.789261,12.198108, 225.866867, 0.999638
5, 135,12,80.675880, 80.679512, 119.122978, 70.789261,12.198108, 225.866867, 0.999955
5, 135,13,90.170494, 90.178703, 119.122978, 70.789261,12.198108, 225.866867, 0.999909
5, 135,14,73.045975, 73.038849, 119.122978, 70.789261,12.198108, 225.866867, 1.000098
5, 135,15,60.751919, 60.758732, 119.122978, 70.789261,12.198108, 225.866867, 0.999888
5, 135,16,39.251663, 39.254761, 119.122978, 70.789261,12.198108, 225.866867, 0.999921
5, 135,17,12.198108, 12.202711, 119.122978, 70.789261,12.198108, 225.866867, 0.999623
5, 135,18,152.970657, 152.976639, 119.122978, 70.789261,12.198108, 225.866867, 0.999961
5, 135,19,84.275818, 84.279564, 119.122978, 70.789261,12.198108, 225.866867, 0.999956
5, 135,20,225.866867, 225.872620, 119.122978, 70.789261,12.198108, 225.866867, 0.999975
5, 135,21,50.462418, 50.461056, 119.122978, 70.789261,12.198108, 225.866867, 1.000027
5, 135,22,224.939758, 224.964005, 119.122978, 70.789261,12.198108, 225.866867, 0.999892
5, 135,23,131.416138, 131.417603, 119.122978, 70.789261,12.198108, 225.866867, 0.999989
5, 135,24,208.414185, 208.416122, 119.122978, 70.789261,12.198108, 225.866867, 0.999991
5, 135,25,148.967468, 148.977325, 119.122978, 70.789261,12.198108, 225.866867, 0.999934
5, 135,26,115.612984, 115.620026, 119.122978, 70.789261,12.198108, 225.866867, 0.999939
5, 135,27,54.535179, 54.536072, 119.122978, 70.789261,12.198108, 225.866867, 0.999984
5, 135,28,64.740448, 64.737381, 119.122978, 70.789261,12.198108, 225.866867, 1.000047
5, 135,29,154.504013, 154.484116, 119.122978, 70.789261,12.198108, 225.866867, 1.000129
5, 135,30,156.681168, 156.686813, 119.122978, 70.789261,12.198108, 225.866867, 0.999964
5, 135,31,32.160252, 32.171669, 119.122978, 70.789261,12.198108, 225.866867, 0.999645
5, 136,0,133.988098, 133.977371, 119.125870, 61.409885,16.854345, 227.804184, 1.000080
5, 136,1,129.815842, 129.833084, 119.125870, 61.409885,16.854345, 227.804184, 0.999867
5, 136,2,150.240433, 150.237244, 119.125870, 61.409885,16.854345, 227.804184, 1.000021
5, 136,3,82.716660, 82.720619, 119.125870, 61.409885,16.854345, 227.804184, 0.999952
5, 136,4,140.799057, 140.787766, 119.125870, 61.409885,16.854345, 227.804184, 1.000080
5, 136,5,116.110397, 116.104324, 119.125870, 61.409885,16.854345, 227.804184, 1.000052
5, 136,6,40.445816, 40.454369, 119.125870, 61.409885,16.854345, 227.804184, 0.999789
5, 136,7,151.806412, 151.803162, 119.125870, 61.409885,16.854345, 227.804184, 1.000021
5, 136,8,199.840363, 199.847107, 119.125870, 61.409885,16.854345, 227.804184, 0.999966
5, 136,9,19.961531, 19.955719, 119.125870, 61.409885,16.854345, 227.804184, 1.000291
5, 136,10,100.049278, 100.053688, 119.125870, 61.409885,16.854345, 227.804184, 0.999956
5, 136,11,174.390335, 174.394211, 119.125870, 61.409885,16.854345, 227.804184, 0.999978
5, 136,12,98.534416, 98.535019, 119.125870, 61.409885,16.854345, 227.804184, 0.999994
5, 136,13,39.602917, 39.610664, 119.125870, 61.409885,16.854345, 227.804184, 0.999804
5, 136,14,58.066528, 58.057430, 119.125870, 61.409885,16.854345, 227.804184, 1.000157
5, 136,15,103.049927, 103.057274, 119.125870, 61.409885,16.854345, 227.804184, 0.999929
5, 136,16,16.854345, 16.864384, 119.125870, 61.409885,16.854345, 227.804184, 0.999405
5, 136,17,74.893738, 74.884277, 119.125870, 61.409885,16.854345, 227.804184, 1.000126
5, 136,18,111.888428, 111.879059, 119.125870, 61.409885,16.854345, 227.804184, 1.000084
5, 136,19,207.853043, 207.852173, 119.125870, 61.409885,16.854345, 227.804184, 1.000004
5, 136,20,207.006836, 206.994965, 119.125870, 61.409885,16.854345, 227.804184, 1.000057
5, 136,21,52.815460, 52.812958, 119.125870, 61.409885,16.854345, 227.804184, 1.000047
5, 136,22,88.676369, 88.694038, 119.125870, 61.409885,16.854345, 227.804184, 0.999801
5, 136,23,81.213867, 81.201942, 119.125870, 61.409885,16.854345, 227.804184, 1.000147
5, 136,24,135.763824, 135.759277, 119.125870, 61.409885,16.854345, 227.804184, 1.000033
5, 136,25,94.772842, 94.768715, 119.125870, 61.409885,16.854345, 227.804184, 1.000044
5, 136,26,188.244614, 188.244476, 119.125870, 61.409885,16.854345, 227.804184, 1.000001
5, 136,27,197.047531, 197.046005, 119.125870, 61.409885,16.854345, 227.804184, 1.000008
5, 136,28,138.322906, 138.317398, 119.125870, 61.409885,16.854345, 227.804184, 1.000040
5, 136,29,227.804184, 227.797348, 119.125870, 61.409885,16.854345, 227.804184, 1.000030
5, 136,30,217.602722, 217.605408, 119.125870, 61.409885,16.854345, 227.804184, 0.999988
5, 136,31,31.848604, 31.848581, 119.125870, 61.409885,16.854345, 227.804184, 1.000001
5, 137,0,130.418533, 130.414581, 119.124672, 67.602592,17.119141, 248.444931, 1.000030
5, 137,1,132.014374, 132.005249, 119.124672, 67.602592,17.119141, 248.444931, 1.000069
5, 137,2,100.522835, 100.514580, 119.124672, 67.602592,17.119141, 248.444931, 1.000082
5, 137,3,153.553879, 153.559998, 119.124672, 67.602592,17.119141, 248.444931, 0.999960
5, 137,4,105.820572, 105.816818, 119.124672, 67.602592,17.119141, 248.444931, 1.000036
5, 137,5,79.481407, 79.474686, 119.124672, 67.602592,17.119141, 248.444931, 1.000085
5, 137,6,47.432167, 47.423038, 119.124672, 67.602592,17.119141, 248.444931, 1.000193
5, 137,7,195.831268, 195.831909, 119.124672, 67.602592,17.119141, 248.444931, 0.999997
5, 137,8,58.981133, 58.972694, 119.124672, 67.602592,17.119141, 248.444931, 1.000143
5, 137,9,37.656357, 37.656166, 119.124672, 67.602592,17.119141, 248.444931, 1.000005
5, 137,10,43.726498, 43.734524, 119.124672, 67.602592,17.119141, 248.444931, 0.999816
5, 137,11,105.003395, 105.017639, 119.124672, 67.602592,17.119141, 248.444931, 0.999864
5, 137,12,90.679848, 90.678543, 119.124672, 67.602592,17.119141, 248.444931, 1.000014
5, 137,13,37.730812, 37.717640, 119.124672, 67.602592,17.119141, 248.444931, 1.000349
5, 137,14,128.338486, 128.347473, 119.124672, 67.602592,17.119141, 248.444931, 0.999930
5, 137,15,248.444931, 248.462372, 119.124672, 67.602592,17.119141, 248.444931, 0.999930
5, 137,16,38.830009, 38.824196, 119.124672, 67.602592,17.119141, 248.444931, 1.000150
5, 137,17,138.238190, 138.237305, 119.124672, 67.602592,17.119141, 248.444931, 1.000006
5, 137,18,23.839233, 23.839607, 119.124672, 67.602592,17.119141, 248.444931, 0.999984
5, 137,19,126.741722, 126.741447, 119.124672, 67.602592,17.119141, 248.444931, 1.000002
5, 137,20,234.816956, 234.830246, 119.124672, 67.602592,17.119141, 248.444931, 0.999943
5, 137,21,201.825729, 201.825745, 119.124672, 67.602592,17.119141, 248.444931, 1.000000
5, 137,22,215.776672, 215.780609, 119.124672, 67.602592,17.119141, 248.444931, 0.999982
5, 137,23,203.250107, 203.255035, 119.124672, 67.602592,17.119141, 248.444931, 0.999976
5, 137,24,200.857880, 200.865189, 119.124672, 67.602592,17.119141, 248.444931, 0.999964
5, 137,25,57.819279, 57.820038, 119.124672, 67.602592,17.119141, 248.444931, 0.999987
5, 137,26,111.197830, 111.203583, 119.124672, 67.602592,17.119141, 248.444931, 0.999948
5, 137,27,158.042786, 158.040009, 119.124672, 67.602592,17.119141, 248.444931, 1.000018
5, 137,28,17.119141, 17.115757, 119.124672, 67.602592,17.119141, 248.444931, 1.000198
5, 137,29,216.317627, 216.303146, 119.124672, 67.602592,17.119141, 248.444931, 1.000067
5, 137,30,82.799004, 82.802032, 119.124672, 67.602592,17.119141, 248.444931, 0.999963
5, 137,31,88.881149, 88.888077, 119.124672, 67.602592,17.119141, 248.444931, 0.999922
5, 138,0,116.525719, 116.519890, 119.126060, 47.641994,23.816900, 191.233719, 1.000050
5, 138,1,117.998764, 117.996231, 119.126060, 47.641994,23.816900, 191.233719, 1.000021
5, 138,2,178.655823, 178.649628, 119.126060, 47.641994,23.816900, 191.233719, 1.000035
5, 138,3,178.171402, 178.167328, 119.126060, 47.641994,23.816900, 191.233719, 1.000023
5, 138,4,143.294998, 143.282211, 119.126060, 47.641994,23.816900, 191.233719, 1.000089
5, 138,5,85.440308, 85.434433, 119.126060, 47.641994,23.816900, 191.233719, 1.000069
5, 138,6,115.518394, 115.514091, 119.126060, 47.641994,23.816900, 191.233719, 1.000037
5, 138,7,132.219589, 132.218491, 119.126060, 47.641994,23.816900, 191.233719, 1.000008
5, 138,8,57.063766, 57.042854, 119.126060, 47.641994,23.816900, 191.233719, 1.000367
5, 138,9,144.923386, 144.934998, 119.126060, 47.641994,23.816900, 191.233719, 0.999920
5, 138,10,65.169907, 65.177422, 119.126060, 47.641994,23.816900, 191.233719, 0.999885
5, 138,11,150.491440, 150.505081, 119.126060, 47.641994,23.816900, 191.233719, 0.999909
5, 138,12,30.265703, 30.268776, 119.126060, 47.641994,23.816900, 191.233719, 0.999898
5, 138,13,94.701004, 94.710075, 119.126060, 47.641994,23.816900, 191.233719, 0.999904
5, 138,14,168.268097, 168.250565, 119.126060, 47.641994,23.816900, 191.233719, 1.000104
5, 138,15,145.607208, 145.605530, 119.126060, 47.641994,23.816900, 191.233719, 1.000012
5, 138,16,189.438049, 189.442780, 119.126060, 47.641994,23.816900, 191.233719, 0.999975
5, 138,17,59.011890, 59.025024, 119.126060, 47.641994,23.816900, 191.233719, 0.999777
5, 138,18,178.871140, 178.855499, 119.126060, 47.641994,23.816900, 191.233719, 1.000087
5, 138,19,185.172485, 185.166687, 119.126060, 47.641994,23.816900, 191.233719, 1.000031
5, 138,20,125.009308, 125.013252, 119.126060, 47.641994,23.816900, 191.233719, 0.999968
5, 138,21,55.281010, 55.266541, 119.126060, 47.641994,23.816900, 191.233719, 1.000262
5, 138,22,113.071655, 113.079025, 119.126060, 47.641994,23.816900, 191.233719, 0.999935
5, 138,23,112.614975, 112.620239, 119.126060, 47.641994,23.816900, 191.233719, 0.999953
5, 138,24,149.824463, 149.834549, 119.126060, 47.641994,23.816900, 191.233719, 0.999933
5, 138,25,97.368217, 97.368660, 119.126060, 47.641994,23.816900, 191.233719, 0.999995
5, 138,26,59.075489, 59.077969, 119.126060, 47.641994,23.816900, 191.233719, 0.999958
5, 138,27,140.907455, 140.911819, 119.126060, 47.641994,23.816900, 191.233719, 0.999969
5, 138,28,23.816900, 23.804647, 119.126060, 47.641994,23.816900, 191.233719, 1.000515
5, 138,29,191.233719, 191.236740, 119.126060, 47.641994,23.816900, 191.233719, 0.999984
5, 138,30,118.570297, 118.560875, 119.126060, 47.641994,23.816900, 191.233719, 1.000080
5, 138,31,88.451553, 88.457695, 119.126060, 47.641994,23.816900, 191.233719, 0.999931
5, 139,0,20.279051, 20.288128, 119.125671, 76.563210,15.013371, 271.314270, 0.999553
5, 139,1,79.301964, 79.306885, 119.125671, 76.563210,15.013371, 271.314270, 0.999938
5, 139,2,271.314270, 271.313507, 119.125671, 76.563210,15.013371, 271.314270, 1.000003
5, 139,3,43.454128, 43.459068, 119.125671, 76.563210,15.013371, 271.314270, 0.999886
5, 139,4,39.827518, 39.834747, 119.125671, 76.563210,15.013371, 271.314270, 0.999819
5, 139,5,95.717384, 95.715179, 119.125671, 76.563210,15.013371, 271.314270, 1.000023
5, 139,6,39.627056, 39.620583, 119.125671, 76.563210,15.013371, 271.314270, 1.000163
5, 139,7,78.184792, 78.186653, 119.125671, 76.563210,15.013371, 271.314270, 0.999976
5, 139,8,141.702835, 141.702866, 119.125671, 76.563210,15.013371, 271.314270, 1.000000
5, 139,9,178.357208, 178.357910, 119.125671, 76.563210,15.013371, 271.314270, 0.999996
5, 139,10,196.379990, 196.380676, 119.125671, 76.563210,15.013371, 271.314270, 0.999996
5, 139,11,163.600357, 163.605286, 119.125671, 76.563210,15.013371, 271.314270, 0.999970
5, 139,12,196.860703, 196.866653, 119.125671, 76.563210,15.013371, 271.314270, 0.999970
5, 139,13,160.882156, 160.878815, 119.125671, 76.563210,15.013371, 271.314270, 1.000021
5, 139,14,66.750259, 66.753563, 119.125671, 76.563210,15.013371, 271.314270, 0.999951
5, 139,15,42.723694, 42.725967, 119.125671, 76.563210,15.013371, 271.314270, 0.999947
5, 139,16,128.210693, 128.202271, 119.125671, 76.563210,15.013371, 271.314270, 1.000066
5, 139,17,254.775574, 254.773407, 119.125671, 76.563210,15.013371, 271.314270, 1.000008
5, 139,18,20.672335, 20.683508, 119.125671, 76.563210,15.013371, 271.314270, 0.999460
5, 139,19,46.106133, 46.103176, 119.125671, 76.563210,15.013371, 271.314270, 1.000064
5, 139,20,156.168381, 156.167191, 119.125671, 76.563210,15.013371, 271.314270, 1.000008
5, 139,21,76.099724, 76.094429, 119.125671, 76.563210,15.013371, 271.314270, 1.000070
5, 139,22,242.766586, 242.755524, 119.125671, 76.563210,15.013371, 271.314270, 1.000046
5, 139,23,227.423630, 227.426270, 119.125671, 76.563210,15.013371, 271.314270, 0.999988
5, 139,24,51.843376, 51.819714, 119.125671, 76.563210,15.013371, 271.314270, 1.000457
5, 139,25,110.400749, 110.393677, 119.125671, 76.563210,15.013371, 271.314270, 1.000064
5, 139,26,15.013371, 15.008152, 119.125671, 76.563210,15.013371, 271.314270, 1.000348
5, 139,27,119.583305, 119.594513, 119.125671, 76.563210,15.013371, 271.314270, 0.999906
5, 139,28,37.292702, 37.289482, 119.125671, 76.563210,15.013371, 271.314270, 1.000086
5, 139,29,124.788597, 124.783867, 119.125671, 76.563210,15.013371, 271.314270, 1.000038
5, 139,30,220.264938, 220.251770, 119.125671, 76.563210,15.013371, 271.314270, 1.000060
5, 139,31,165.648270, 165.656326, 119.125671, 76.563210,15.013371, 271.314270, 0.999951
5, 140,0,151.080872, 151.077972, 119.127022, 75.520729,11.083318, 246.865555, 1.000019
5, 140,1,209.833633, 209.838135, 119.127022, 75.520729,11.083318, 246.865555, 0.999979
5, 140,2,29.536636, 29.540886, 119.127022, 75.520729,11.083318, 246.865555, 0.999856
5, 140,3,67.766235, 67.768654, 119.127022, 75.520729,11.083318, 246.865555, 0.999964
5, 140,4,40.845203, 40.831177, 119.127022, 75.520729,11.083318, 246.865555, 1.000344
5, 140,5,206.174789, 206.176041, 119.127022, 75.520729,11.083318, 246.865555, 0.999994
5, 140,6,191.999130, 192.005264, 119.127022, 75.520729,11.083318, 246.865555, 0.999968
5, 140,7,21.339802, 21.340952, 119.127022, 75.520729,11.083318, 246.865555, 0.999946
5, 140,8,202.791138, 202.796173, 119.127022, 75.520729,11.083318, 246.865555, 0.999975
5, 140,9,121.426361, 121.426476, 119.127022, 75.520729,11.083318, 246.865555, 0.999999
5, 140,10,206.677109, 206.675415, 119.127022, 75.520729,11.083318, 246.865555, 1.000008
5, 140,11,175.919434, 175.902115, 119.127022, 75.520729,11.083318, 246.865555, 1.000098
5, 140,12,229.590469, 229.581650, 119.127022, 75.520729,11.083318, 246.865555, 1.000038
5, 140,13,54.237995, 54.234779, 119.127022, 75.520729,11.083318, 246.865555, 1.000059
5, 140,14,183.941635, 183.942841, 119.127022, 75.520729,11.083318, 246.865555, 0.999993
5, 140,15,48.477646, 48.473835, 119.127022, 75.520729,11.083318, 246.865555, 1.000079
5, 140,16,246.865555, 246.857254, 119.127022, 75.520729,11.083318, 246.865555, 1.000034
5, 140,17,158.504166, 158.489029, 119.127022, 75.520729,11.083318, 246.865555, 1.000095
5, 140,18,85.199463, 85.203468, 119.127022, 75.520729,11.083318, 246.865555, 0.999953
5, 140,19,27.351704, 27.362438, 119.127022, 75.520729,11.083318, 246.865555, 0.999608
5, 140,20,50.986511, 50.985203, 119.127022, 75.520729,11.083318, 246.865555, 1.000026
5, 140,21,177.222015, 177.219330, 119.127022, 75.520729,11.083318, 246.865555, 1.000015
5, 140,22,83.464600, 83.466499, 119.127022, 75.520729,11.083318, 246.865555, 0.999977
5, 140,23,82.769409, 82.749992, 119.127022, 75.520729,11.083318, 246.865555, 1.000235
5, 140,24,42.337257, 42.343784, 119.127022, 75.520729,11.083318, 246.865555, 0.999846
5, 140,25,229.495468, 229.502060, 119.127022, 75.520729,11.083318, 246.865555, 0.999971
5, 140,26,11.083318, 11.063892, 119.127022, 75.520729,11.083318, 246.865555, 1.001756
5, 140,27,30.393764, 30.387657, 119.127022, 75.520729,11.083318, 246.865555, 1.000201
5, 140,28,108.142067, 108.138672, 119.127022, 75.520729,11.083318, 246.865555, 1.000031
5, 140,29,160.054016, 160.059540, 119.127022, 75.520729,11.083318, 246.865555, 0.999965
5, 140,30,36.143635, 36.141365, 119.127022, 75.520729,11.083318, 246.865555, 1.000063
5, 140,31,140.414169, 140.417328, 119.127022, 75.520729,11.083318, 246.865555, 0.999978
5, 141,0,77.998138, 77.995888, 119.127052, 66.907578,11.256960, 238.654739, 1.000029
5, 141,1,96.395340, 96.382645, 119.127052, 66.907578,11.256960, 238.654739, 1.000132
5, 141,2,84.551941, 84.556961, 119.127052, 66.907578,11.256960, 238.654739, 0.999941
5, 141,3,52.692516, 52.689930, 119.127052, 66.907578,11.256960, 238.654739, 1.000049
5, 141,4,44.868267, 44.875378, 119.127052, 66.907578,11.256960, 238.654739, 0.999842
5, 141,5,238.654739, 238.656143, 119.127052, 66.907578,11.256960, 238.654739, 0.999994
5, 141,6,152.869904, 152.868011, 119.127052, 66.907578,11.256960, 238.654739, 1.000012
5, 141,7,11.256960, 11.253479, 119.127052, 66.907578,11.256960, 238.654739, 1.000309
5, 141,8,130.272446, 130.262390, 119.127052, 66.907578,11.256960, 238.654739, 1.000077
5, 141,9,152.880737, 152.875183, 119.127052, 66.907578,11.256960, 238.654739, 1.000036
5, 141,10,207.555618, 207.541214, 119.127052, 66.907578,11.256960, 238.654739, 1.000069
5, 141,11,233.822769, 233.828445, 119.127052, 66.907578,11.256960, 238.654739, 0.999976
5, 141,12,140.536804, 140.526611, 119.127052, 66.907578,11.256960, 238.654739, 1.000072
5, 141,13,85.418900, 85.437973, 119.127052, 66.907578,11.256960, 238.654739, 0.999777
5, 141,14,160.909760, 160.897430, 119.127052, 66.907578,11.256960, 238.654739, 1.000077
5, 141,15,85.101585, 85.094170, 119.127052, 66.907578,11.256960, 238.654739, 1.000087
5, 141,16,99.949722, 99.949684, 119.127052, 66.907578,11.256960, 238.654739, 1.000000
5, 141,17,92.829926, 92.829918, 119.127052, 66.907578,11.256960, 238.654739, 1.000000
5, 141,18,42.057423, 42.067589, 119.127052, 66.907578,11.256960, 238.654739, 0.999758
5, 141,19,172.727921, 172.715973, 119.127052, 66.907578,11.256960, 238.654739, 1.000069
5, 141,20,207.732605, 207.727432, 119.127052, 66.907578,11.256960, 238.654739, 1.000025
5, 141,21,200.157181, 200.163589, 119.127052, 66.907578,11.256960, 238.654739, 0.999968
5, 141,22,137.533005, 137.539734, 119.127052, 66.907578,11.256960, 238.654739, 0.999951
5, 141,23,77.430428, 77.430031, 119.127052, 66.907578,11.256960, 238.654739, 1.000005
5, 141,24,49.009991, 49.001118, 119.127052, 66.907578,11.256960, 238.654739, 1.000181
5, 141,25,215.401901, 215.413055, 119.127052, 66.907578,11.256960, 238.654739, 0.999948
5, 141,26,52.128174, 52.124077, 119.127052, 66.907578,11.256960, 238.654739, 1.000079
5, 141,27,25.939653, 25.929935, 119.127052, 66.907578,11.256960, 238.654739, 1.000375
5, 141,28,60.028393, 60.031742, 119.127052, 66.907578,11.256960, 238.654739, 0.999944
5, 141,29,57.559204, 57.560593, 119.127052, 66.907578,11.256960, 238.654739, 0.999976
5, 141,30,218.288376, 218.285309, 119.127052, 66.907578,11.256960, 238.654739, 1.000014
5, 141,31,147.505295, 147.488800, 119.127052, 66.907578,11.256960, 238.654739, 1.000112
5, 142,0,141.632187, 141.625412, 119.125961, 59.783947,17.942802, 229.129852, 1.000048
5, 142,1,156.834625, 156.832169, 119.125961, 59.783947,17.942802, 229.129852, 1.000016
5, 142,2,105.060730, 105.065796, 119.125961, 59.783947,17.942802, 229.129852, 0.999952
5, 142,3,213.482544, 213.496521, 119.125961, 59.783947,17.942802, 229.129852, 0.999935
5, 142,4,114.167778, 114.173653, 119.125961, 59.783947,17.942802, 229.129852, 0.999949
5, 142,5,30.749884, 30.745676, 119.125961, 59.783947,17.942802, 229.129852, 1.000137
5, 142,6,204.069962, 204.064819, 119.125961, 59.783947,17.942802, 229.129852, 1.000025
5, 142,7,151.927170, 151.927414, 119.125961, 59.783947,17.942802, 229.129852, 0.999998
5, 142,8,73.166733, 73.161316, 119.125961, 59.783947,17.942802, 229.129852, 1.000074
5, 142,9,52.472610, 52.462856, 119.125961, 59.783947,17.942802, 229.129852, 1.000186
5, 142,10,125.527412, 125.534859, 119.125961, 59.783947,17.942802, 229.129852, 0.999941
5, 142,11,53.307140, 53.306175, 119.125961, 59.783947,17.942802, 229.129852, 1.000018
5, 142,12,62.942913, 62.940266, 119.125961, 59.783947,17.942802, 229.129852, 1.000042
5, 142,13,63.957592, 63.965744, 119.125961, 59.783947,17.942802, 229.129852, 0.999873
5, 142,14,86.712311, 86.715149, 119.125961, 59.783947,17.942802, 229.129852, 0.999967
5, 142,15,146.855804, 146.847244, 119.125961, 59.783947,17.942802, 229.129852, 1.000058
5, 142,16,179.679077, 179.662521, 119.125961, 59.783947,17.942802, 229.129852, 1.000092
5, 142,17,188.871887, 188.864838, 119.125961, 59.783947,17.942802, 229.129852, 1.000037
5, 142,18,138.746735, 138.751373, 119.125961, 59.783947,17.942802, 229.129852, 0.999967
5, 142,19,229.129852, 229.128326, 119.125961, 59.783947,17.942802, 229.129852, 1.000007
5, 142,20,188.717239, 188.716415, 119.125961, 59.783947,17.942802, 229.129852, 1.000004
5, 142,21,17.942802, 17.954197, 119.125961, 59.783947,17.942802, 229.129852, 0.999365
5, 142,22,95.277870, 95.269791, 119.125961, 59.783947,17.942802, 229.129852, 1.000085
5, 142,23,127.083511, 127.079826, 119.125961, 59.783947,17.942802, 229.129852, 1.000029
5, 142,24,42.470139, 42.471199, 119.125961, 59.783947,17.942802, 229.129852, 0.999975
5, 142,25,178.673721, 178.670792, 119.125961, 59.783947,17.942802, 229.129852, 1.000016
5, 142,26,46.860867, 46.869961, 119.125961, 59.783947,17.942802, 229.129852, 0.999806
5, 142,27,171.814636, 171.802780, 119.125961, 59.783947,17.942802, 229.129852, 1.000069
5, 142,28,144.570389, 144.573654, 119.125961, 59.783947,17.942802, 229.129852, 0.999977
5, 142,29,22.405148, 22.406925, 119.125961, 59.783947,17.942802, 229.129852, 0.999921
5, 142,30,142.010498, 142.003220, 119.125961, 59.783947,17.942802, 229.129852, 1.000051
5, 142,31,114.908806, 114.909027, 119.125961, 59.783947,17.942802, 229.129852, 0.999998
5, 143,0,96.025375, 96.036774, 119.126114, 56.882847,11.308825, 228.991409, 0.999881
5, 143,1,85.600502, 85.585892, 119.126114, 56.882847,11.308825, 228.991409, 1.000171
5, 143,2,192.960373, 192.953995, 119.126114, 56.882847,11.308825, 228.991409, 1.000033
5, 143,3,113.914383, 113.904602, 119.126114, 56.882847,11.308825, 228.991409, 1.000086
5, 143,4,77.974640, 77.980995, 119.126114, 56.882847,11.308825, 228.991409, 0.999919
5, 143,5,186.527542, 186.510300, 119.126114, 56.882847,11.308825, 228.991409, 1.000093
5, 143,6,224.563797, 224.561646, 119.126114, 56.882847,11.308825, 228.991409, 1.000010
5, 143,7,11.308825, 11.302164, 119.126114, 56.882847,11.308825, 228.991409, 1.000589
5, 143,8,62.464161, 62.469139, 119.126114, 56.882847,11.308825, 228.991409, 0.999920
5, 143,9,43.584332, 43.587769, 119.126114, 56.882847,11.308825, 228.991409, 0.999921
5, 143,10,81.175819, 81.189415, 119.126114, 56.882847,11.308825, 228.991409, 0.999833
5, 143,11,80.837128, 80.833679, 119.126114, 56.882847,11.308825, 228.991409, 1.000043
5, 143,12,128.490021, 128.490173, 119.126114, 56.882847,11.308825, 228.991409, 0.999999
5, 143,13,123.585388, 123.590279, 119.126114, 56.882847,11.308825, 228.991409, 0.999960
5, 143,14,100.289009, 100.285576, 119.126114, 56.882847,11.308825, 228.991409, 1.000034
5, 143,15,145.343704, 145.351181, 119.126114, 56.882847,11.308825, 228.991409, 0.999949
5, 143,16,171.365356, 171.360886, 119.126114, 56.882847,11.308825, 228.991409, 1.000026
5, 143,17,119.497864, 119.495850, 119.126114, 56.882847,11.308825, 228.991409, 1.000017
5, 143,18,96.862038, 96.855652, 119.126114, 56.882847,11.308825, 228.991409, 1.000066
5, 143,19,228.991409, 228.984985, 119.126114, 56.882847,11.308825, 228.991409, 1.000028
5, 143,20,61.708927, 61.697235, 119.126114, 56.882847,11.308825, 228.991409, 1.000190
5, 143,21,40.665310, 40.674683, 119.126114, 56.882847,11.308825, 228.991409, 0.999770
5, 143,22,189.372711, 189.369690, 119.126114, 56.882847,11.308825, 228.991409, 1.000016
5, 143,23,86.425293, 86.424927, 119.126114, 56.882847,11.308825, 228.991409, 1.000004
5, 143,24,95.215111, 95.204460, 119.126114, 56.882847,11.308825, 228.991409, 1.000112
5, 143,25,210.694702, 210.687576, 119.126114, 56.882847,11.308825, 228.991409, 1.000034
5, 143,26,64.096237, 64.100204, 119.126114, 56.882847,11.308825, 228.991409, 0.999938
5, 143,27,117.640602, 117.643288, 119.126114, 56.882847,11.308825, 228.991409, 0.999977
5, 143,28,145.565964, 145.572693, 119.126114, 56.882847,11.308825, 228.991409, 0.999954
5, 143,29,96.991768, 96.996613, 119.126114, 56.882847,11.308825, 228.991409, 0.999950
5, 143,30,204.015015, 204.015671, 119.126114, 56.882847,11.308825, 228.991409, 0.999997
5, 143,31,128.282104, 128.282104, 119.126114, 56.882847,11.308825, 228.991409, 1.000000
5, 144,0,182.174698, 182.173996, 119.125969, 48.577446,38.312870, 188.535446, 1.000004
5, 144,1,153.174728, 153.172607, 119.125969, 48.577446,38.312870, 188.535446, 1.000014
5, 144,2,115.851563, 115.856216, 119.125969, 48.577446,38.312870, 188.535446, 0.999960
5, 144,3,167.760345, 167.755188, 119.125969, 48.577446,38.312870, 188.535446, 1.000031
5, 144,4,149.473633, 149.476440, 119.125969, 48.577446,38.312870, 188.535446, 0.999981
5, 144,5,188.535446, 188.534439, 119.125969, 48.577446,38.312870, 188.535446, 1.000005
5, 144,6,92.055984, 92.052361, 119.125969, 48.577446,38.312870, 188.535446, 1.000039
5, 144,7,131.038544, 131.017517, 119.125969, 48.577446,38.312870, 188.535446, 1.000160
5, 144,8,167.963272, 167.962646, 119.125969, 48.577446,38.312870, 188.535446, 1.000004
5, 144,9,46.642040, 46.628468, 119.125969, 48.577446,38.312870, 188.535446, 1.000291
5, 144,10,73.060532, 73.058395, 119.125969, 48.577446,38.312870, 188.535446, 1.000029
5, 144,11,56.349297, 56.352016, 119.125969, 48.577446,38.312870, 188.535446, 0.999952
5, 144,12,175.089447, 175.098358, 119.125969, 48.577446,38.312870, 188.535446, 0.999949
5, 144,13,185.572327, 185.575317, 119.125969, 48.577446,38.312870, 188.535446, 0.999984
5, 144,14,109.153046, 109.157288, 119.125969, 48.577446,38.312870, 188.535446, 0.999961
5, 144,15,80.883583, 80.882011, 119.125969, 48.577446,38.312870, 188.535446, 1.000019
5, 144,16,58.367599, 58.361153, 119.125969, 48.577446,38.312870, 188.535446, 1.000111
5, 144,17,135.865753, 135.871124, 119.125969, 48.577446,38.312870, 188.535446, 0.999960
5, 144,18,183.681931, 183.686310, 119.125969, 48.577446,38.312870, 188.535446, 0.999976
5, 144,19,147.100037, 147.096054, 119.125969, 48.577446,38.312870, 188.535446, 1.000027
5, 144,20,44.515095, 44.515602, 119.125969, 48.577446,38.312870, 188.535446, 0.999989
5, 144,21,38.458725, 38.455444, 119.125969, 48.577446,38.312870, 188.535446, 1.000085
5, 144,22,183.114182, 183.129425, 119.125969, 48.577446,38.312870, 188.535446, 0.999917
5, 144,23,114.815918, 114.802513, 119.125969, 48.577446,38.312870, 188.535446, 1.000117
5, 144,24,117.831955, 117.832596, 119.125969, 48.577446,38.312870, 188.535446, 0.999995
5, 144,25,86.637100, 86.636429, 119.125969, 48.577446,38.312870, 188.535446, 1.000008
5, 144,26,73.130432, 73.129364, 119.125969, 48.577446,38.312870, 188.535446, 1.000015
5, 144,27,150.085327, 150.087921, 119.125969, 48.577446,38.312870, 188.535446, 0.999983
5, 144,28,38.312870, 38.318954, 119.125969, 48.577446,38.312870, 188.535446, 0.999841
5, 144,29,136.051773, 136.051285, 119.125969, 48.577446,38.312870, 188.535446, 1.000004
5, 144,30,106.880295, 106.875168, 119.125969, 48.577446,38.312870, 188.535446, 1.000048
5, 144,31,122.403084, 122.396820, 119.125969, 48.577446,38.312870, 188.535446, 1.000051
5, 145,0,10.167694, 10.169138, 119.124115, 70.707832,10.167694, 232.913040, 0.999858
5, 145,1,58.282074, 58.281918, 119.124115, 70.707832,10.167694, 232.913040, 1.000003
5, 145,2,110.347527, 110.334213, 119.124115, 70.707832,10.167694, 232.913040, 1.000121
5, 145,3,61.768894, 61.749252, 119.124115, 70.707832,10.167694, 232.913040, 1.000318
5, 145,4,219.346634, 219.350845, 119.124115, 70.707832,10.167694, 232.913040, 0.999981
5, 145,5,208.387863, 208.392105, 119.124115, 70.707832,10.167694, 232.913040, 0.999980
5, 145,6,19.313786, 19.316698, 119.124115, 70.707832,10.167694, 232.913040, 0.999849
5, 145,7,186.465973, 186.467545, 119.124115, 70.707832,10.167694, 232.913040, 0.999992
5, 145,8,41.666691, 41.664085, 119.124115, 70.707832,10.167694, 232.913040, 1.000063
5, 145,9,204.797302, 204.797913, 119.124115, 70.707832,10.167694, 232.913040, 0.999997
5, 145,10,96.116104, 96.119553, 119.124115, 70.707832,10.167694, 232.913040, 0.999964
5, 145,11,232.913040, 232.917130, 119.124115, 70.707832,10.167694, 232.913040, 0.999982
5, 145,12,187.138290, 187.144119, 119.124115, 70.707832,10.167694, 232.913040, 0.999969
5, 145,13,186.252365, 186.256149, 119.124115, 70.707832,10.167694, 232.913040, 0.999980
5, 145,14,161.391006, 161.392822, 119.124115, 70.707832,10.167694, 232.913040, 0.999989
5, 145,15,143.906158, 143.908142, 119.124115, 70.707832,10.167694, 232.913040, 0.999986
5, 145,16,188.348740, 188.349213, 119.124115, 70.707832,10.167694, 232.913040, 0.999997
5, 145,17,123.613853, 123.618614, 119.124115, 70.707832,10.167694, 232.913040, 0.999961
5, 145,18,93.876755, 93.878471, 119.124115, 70.707832,10.167694, 232.913040, 0.999982
5, 145,19,101.067024, 101.073891, 119.124115, 70.707832,10.167694, 232.913040, 0.999932
5, 145,20,162.135727, 162.139832, 119.124115, 70.707832,10.167694, 232.913040, 0.999975
5, 145,21,105.682556, 105.675858, 119.124115, 70.707832,10.167694, 232.913040, 1.000063
5, 145,22,40.890942, 40.881821, 119.124115, 70.707832,10.167694, 232.913040, 1.000223
5, 145,23,153.357422, 153.372849, 119.124115, 70.707832,10.167694, 232.913040, 0.999899
5, 145,24,221.147949, 221.140900, 119.124115, 70.707832,10.167694, 232.913040, 1.000032
5, 145,25,55.425209, 55.420662, 119.124115, 70.707832,10.167694, 232.913040, 1.000082
5, 145,26,28.346996, 28.351500, 119.124115, 70.707832,10.167694, 232.913040, 0.999841
5, 145,27,30.017878, 30.021738, 119.124115, 70.707832,10.167694, 232.913040, 0.999871
5, 145,28,24.478724, 24.496555, 119.124115, 70.707832,10.167694, 232.913040, 0.999272
5, 145,29,182.759262, 182.767654, 119.124115, 70.707832,10.167694, 232.913040, 0.999954
5, 145,30,132.531830, 132.526566, 119.124115, 70.707832,10.167694, 232.913040, 1.000040
5, 145,31,40.029552, 40.022034, 119.124115, 70.707832,10.167694, 232.913040, 1.000188
5, 146,0,126.662727, 126.662079, 119.123344, 52.619427,10.411104, 195.581009, 1.000005
5, 146,1,111.656166, 111.651314, 119.123344, 52.619427,10.411104, 195.581009, 1.000044
5, 146,2,153.158340, 153.153427, 119.123344, 52.619427,10.411104, 195.581009, 1.000032
5, 146,3,127.027611, 127.027481, 119.123344, 52.619427,10.411104, 195.581009, 1.000001
5, 146,4,129.678741, 129.679565, 119.123344, 52.619427,10.411104, 195.581009, 0.999994
5, 146,5,173.407303, 173.409424, 119.123344, 52.619427,10.411104, 195.581009, 0.999988
5, 146,6,123.935089, 123.939278, 119.123344, 52.619427,10.411104, 195.581009, 0.999966
5, 146,7,185.925919, 185.915451, 119.123344, 52.619427,10.411104, 195.581009, 1.000056
5, 146,8,72.847641, 72.860207, 119.123344, 52.619427,10.411104, 195.581009, 0.999828
5, 146,9,76.759857, 76.761711, 119.123344, 52.619427,10.411104, 195.581009, 0.999976
5, 146,10,165.496002, 165.506210, 119.123344, 52.619427,10.411104, 195.581009, 0.999938
5, 146,11,93.068291, 93.069054, 119.123344, 52.619427,10.411104, 195.581009, 0.999992
5, 146,12,78.148270, 78.164368, 119.123344, 52.619427,10.411104, 195.581009, 0.999794
5, 146,13,61.654957, 61.662533, 119.123344, 52.619427,10.411104, 195.581009, 0.999877
5, 146,14,154.412811, 154.420532, 119.123344, 52.619427,10.411104, 195.581009, 0.999950
5, 146,15,71.016953, 71.027328, 119.123344, 52.619427,10.411104, 195.581009, 0.999854
5, 146,16,17.827368, 17.832478, 119.123344, 52.619427,10.411104, 195.581009, 0.999713
5, 146,17,147.121201, 147.118469, 119.123344, 52.619427,10.411104, 195.581009, 1.000019
5, 146,18,64.307213, 64.320511, 119.123344, 52.619427,10.411104, 195.581009, 0.999793
5, 146,19,10.411104, 10.406652, 119.123344, 52.619427,10.411104, 195.581009, 1.000428
5, 146,20,109.615875, 109.618042, 119.123344, 52.619427,10.411104, 195.581009, 0.999980
5, 146,21,107.727425, 107.726227, 119.123344, 52.619427,10.411104, 195.581009, 1.000011
5, 146,22,156.952850, 156.954742, 119.123344, 52.619427,10.411104, 195.581009, 0.999988
5, 146,23,79.532761, 79.537560, 119.123344, 52.619427,10.411104, 195.581009, 0.999940
5, 146,24,174.079880, 174.087173, 119.123344, 52.619427,10.411104, 195.581009, 0.999958
5, 146,25,180.861206, 180.847046, 119.123344, 52.619427,10.411104, 195.581009, 1.000078
5, 146,26,140.174988, 140.170013, 119.123344, 52.619427,10.411104, 195.581009, 1.000036
5, 146,27,184.857315, 184.860535, 119.123344, 52.619427,10.411104, 195.581009, 0.999983
5, 146,28,22.427567, 22.447098, 119.123344, 52.619427,10.411104, 195.581009, 0.999130
5, 146,29,120.537857, 120.521042, 119.123344, 52.619427,10.411104, 195.581009, 1.000139
5, 146,30,195.581009, 195.574921, 119.123344, 52.619427,10.411104, 195.581009, 1.000031
5, 146,31,195.074768, 195.068085, 119.123344, 52.619427,10.411104, 195.581009, 1.000034
5, 147,0,75.266663, 75.267525, 119.125626, 67.676270,14.910938, 242.611450, 0.999989
5, 147,1,125.527412, 125.535904, 119.125626, 67.676270,14.910938, 242.611450, 0.999932
5, 147,2,139.640625, 139.642166, 119.125626, 67.676270,14.910938, 242.611450, 0.999989
5, 147,3,49.036011, 49.028023, 119.125626, 67.676270,14.910938, 242.611450, 1.000163
5, 147,4,188.236725, 188.232773, 119.125626, 67.676270,14.910938, 242.611450, 1.000021
5, 147,5,175.300491, 175.307434, 119.125626, 67.676270,14.910938, 242.611450, 0.999960
5, 147,6,41.429611, 41.431244, 119.125626, 67.676270,14.910938, 242.611450, 0.999961
5, 147,7,78.386269, 78.378250, 119.125626, 67.676270,14.910938, 242.611450, 1.000102
5, 147,8,52.189053, 52.181950, 119.125626, 67.676270,14.910938, 242.611450, 1.000136
5, 147,9,191.474030, 191.473099, 119.125626, 67.676270,14.910938, 242.611450, 1.000005
5, 147,10,181.264984, 181.248062, 119.125626, 67.676270,14.910938, 242.611450, 1.000093
5, 147,11,169.111450, 169.129196, 119.125626, 67.676270,14.910938, 242.611450, 0.999895
5, 147,12,214.848007, 214.853928, 119.125626, 67.676270,14.910938, 242.611450, 0.999972
5, 147,13,52.694004, 52.700405, 119.125626, 67.676270,14.910938, 242.611450, 0.999879
5, 147,14,14.910938, 14.896505, 119.125626, 67.676270,14.910938, 242.611450, 1.000969
5, 147,15,77.395477, 77.384544, 119.125626, 67.676270,14.910938, 242.611450, 1.000141
5, 147,16,76.622337, 76.642868, 119.125626, 67.676270,14.910938, 242.611450, 0.999732
5, 147,17,242.611450, 242.605591, 119.125626, 67.676270,14.910938, 242.611450, 1.000024
5, 147,18,31.338863, 31.343000, 119.125626, 67.676270,14.910938, 242.611450, 0.999868
5, 147,19,185.342209, 185.323669, 119.125626, 67.676270,14.910938, 242.611450, 1.000100
5, 147,20,140.543304, 140.535049, 119.125626, 67.676270,14.910938, 242.611450, 1.000059
5, 147,21,84.635933, 84.642891, 119.125626, 67.676270,14.910938, 242.611450, 0.999918
5, 147,22,116.926460, 116.923820, 119.125626, 67.676270,14.910938, 242.611450, 1.000023
5, 147,23,67.156212, 67.145088, 119.125626, 67.676270,14.910938, 242.611450, 1.000166
5, 147,24,90.851135, 90.849937, 119.125626, 67.676270,14.910938, 242.611450, 1.000013
5, 147,25,231.979080, 231.984497, 119.125626, 67.676270,14.910938, 242.611450, 0.999977
5, 147,26,19.720686, 19.721001, 119.125626, 67.676270,14.910938, 242.611450, 0.999984
5, 147,27,193.037292, 193.035660, 119.125626, 67.676270,14.910938, 242.611450, 1.000008
5, 147,28,199.754181, 199.753952, 119.125626, 67.676270,14.910938, 242.611450, 1.000001
5, 147,29,129.042587, 129.042664, 119.125626, 67.676270,14.910938, 242.611450, 0.999999
5, 147,30,33.694698, 33.690441, 119.125626, 67.676270,14.910938, 242.611450, 1.000126
5, 147,31,142.052261, 142.068817, 119.125626, 67.676270,14.910938, 242.611450, 0.999883
5, 148,0,183.679977, 183.679413, 119.126747, 54.976559,11.600616, 191.487930, 1.000003
5, 148,1,125.547531, 125.538956, 119.126747, 54.976559,11.600616, 191.487930, 1.000068
5, 148,2,113.354454, 113.336723, 119.126747, 54.976559,11.600616, 191.487930, 1.000156
5, 148,3,23.384682, 23.383663, 119.126747, 54.976559,11.600616, 191.487930, 1.000044
5, 148,4,20.447039, 20.455807, 119.126747, 54.976559,11.600616, 191.487930, 0.999571
5, 148,5,93.241341, 93.241249, 119.126747, 54.976559,11.600616, 191.487930, 1.000001
5, 148,6,169.319122, 169.319809, 119.126747, 54.976559,11.600616, 191.487930, 0.999996
5, 148,7,123.179428, 123.176132, 119.126747, 54.976559,11.600616, 191.487930, 1.000027
5, 148,8,165.984940, 165.969620, 119.126747, 54.976559,11.600616, 191.487930, 1.000092
5, 148,9,188.199936, 188.199615, 119.126747, 54.976559,11.600616, 191.487930, 1.000002
5, 148,10,172.178986, 172.184875, 119.126747, 54.976559,11.600616, 191.487930, 0.999966
5, 148,11,150.267944, 150.274475, 119.126747, 54.976559,11.600616, 191.487930, 0.999957
5, 148,12,86.068626, 86.072861, 119.126747, 54.976559,11.600616, 191.487930, 0.999951
5, 148,13,98.216858, 98.200905, 119.126747, 54.976559,11.600616, 191.487930, 1.000162
5, 148,14,163.413651, 163.407028, 119.126747, 54.976559,11.600616, 191.487930, 1.000041
5, 148,15,141.052216, 141.051453, 119.126747, 54.976559,11.600616, 191.487930, 1.000005
5, 148,16,30.839794, 30.831713, 119.126747, 54.976559,11.600616, 191.487930, 1.000262
5, 148,17,146.298309, 146.296478, 119.126747, 54.976559,11.600616, 191.487930, 1.000013
5, 148,18,161.955399, 161.951660, 119.126747, 54.976559,11.600616, 191.487930, 1.000023
5, 148,19,159.971725, 159.988342, 119.126747, 54.976559,11.600616, 191.487930, 0.999896
5, 148,20,97.265671, 97.259201, 119.126747, 54.976559,11.600616, 191.487930, 1.000067
5, 148,21,11.600616, 11.598049, 119.126747, 54.976559,11.600616, 191.487930, 1.000221
5, 148,22,191.487930, 191.475632, 119.126747, 54.976559,11.600616, 191.487930, 1.000064
5, 148,23,54.359119, 54.362991, 119.126747, 54.976559,11.600616, 191.487930, 0.999929
5, 148,24,147.147003, 147.146881, 119.126747, 54.976559,11.600616, 191.487930, 1.000001
5, 148,25,121.235435, 121.229942, 119.126747, 54.976559,11.600616, 191.487930, 1.000045
5, 148,26,148.709503, 148.704987, 119.126747, 54.976559,11.600616, 191.487930, 1.000030
5, 148,27,59.581108, 59.579475, 119.126747, 54.976559,11.600616, 191.487930, 1.000027
5, 148,28,165.062073, 165.067856, 119.126747, 54.976559,11.600616, 191.487930, 0.999965
5, 148,29,38.688713, 38.690693, 119.126747, 54.976559,11.600616, 191.487930, 0.999949
5, 148,30,79.760941, 79.766266, 119.126747, 54.976559,11.600616, 191.487930, 0.999933
5, 148,31,180.556137, 180.557526, 119.126747, 54.976559,11.600616, 191.487930, 0.999992
5, 149,0,200.234009, 200.233704, 119.126091, 65.908981,15.921309, 225.301941, 1.000002
5, 149,1,55.717560, 55.723083, 119.126091, 65.908981,15.921309, 225.301941, 0.999901
5, 149,2,31.787218, 31.799061, 119.126091, 65.908981,15.921309, 225.301941, 0.999628
5, 149,3,123.862999, 123.854256, 119.126091, 65.908981,15.921309, 225.301941, 1.000071
5, 149,4,46.878639, 46.879005, 119.126091, 65.908981,15.921309, 225.301941, 0.999992
5, 149,5,93.205132, 93.217728, 119.126091, 65.908981,15.921309, 225.301941, 0.999865
5, 149,6,28.264246, 28.264078, 119.126091, 65.908981,15.921309, 225.301941, 1.000006
5, 149,7,30.081381, 30.084528, 119.126091, 65.908981,15.921309, 225.301941, 0.999895
5, 149,8,190.973190, 190.965958, 119.126091, 65.908981,15.921309, 225.301941, 1.000038
5, 149,9,122.209038, 122.212524, 119.126091, 65.908981,15.921309, 225.301941, 0.999971
5, 149,10,144.171844, 144.163849, 119.126091, 65.908981,15.921309, 225.301941, 1.000055
5, 149,11,170.602539, 170.603394, 119.126091, 65.908981,15.921309, 225.301941, 0.999995
5, 149,12,220.181900, 220.179214, 119.126091, 65.908981,15.921309, 225.301941, 1.000012
5, 149,13,94.314827, 94.316620, 119.126091, 65.908981,15.921309, 225.301941, 0.999981
5, 149,14,150.700272, 150.697601, 119.126091, 65.908981,15.921309, 225.301941, 1.000018
5, 149,15,76.140129, 76.131981, 119.126091, 65.908981,15.921309, 225.301941, 1.000107
5, 149,16,128.722305, 128.706573, 119.126091, 65.908981,15.921309, 225.301941, 1.000122
5, 149,17,38.126045, 38.120987, 119.126091, 65.908981,15.921309, 225.301941, 1.000133
5, 149,18,37.194500, 37.194214, 119.126091, 65.908981,15.921309, 225.301941, 1.000008
5, 149,19,95.695862, 95.700165, 119.126091, 65.908981,15.921309, 225.301941, 0.999955
5, 149,20,196.059082, 196.049973, 119.126091, 65.908981,15.921309, 225.301941, 1.000046
5, 149,21,15.921309, 15.911497, 119.126091, 65.908981,15.921309, 225.301941, 1.000617
5, 149,22,59.641384, 59.642017, 119.126091, 65.908981,15.921309, 225.301941, 0.999989
5, 149,23,193.575760, 193.574173, 119.126091, 65.908981,15.921309, 225.301941, 1.000008
5, 149,24,176.610901, 176.614182, 119.126091, 65.908981,15.921309, 225.301941, 0.999981
5, 149,25,196.030182, 196.030121, 119.126091, 65.908981,15.921309, 225.301941, 1.000000
5, 149,26,225.301941, 225.302948, 119.126091, 65.908981,15.921309, 225.301941, 0.999996
5, 149,27,220.950012, 220.953735, 119.126091, 65.908981,15.921309, 225.301941, 0.999983
5, 149,28,138.564072, 138.570099, 119.126091, 65.908981,15.921309, 225.301941, 0.999956
5, 149,29,98.691200, 98.692322, 119.126091, 65.908981,15.921309, 225.301941, 0.999989
5, 149,30,87.917397, 87.915253, 119.126091, 65.908981,15.921309, 225.301941, 1.000024
5, 149,31,123.708046, 123.695366, 119.126091, 65.908981,15.921309, 225.301941, 1.000103
5, 150,0,228.786819, 228.786713, 119.124130, 66.045372,14.139309, 233.916779, 1.000000
5, 150,1,100.696457, 100.684036, 119.124130, 66.045372,14.139309, 233.916779, 1.000123
5, 150,2,61.665745, 61.668076, 119.124130, 66.045372,14.139309, 233.916779, 0.999962
5, 150,3,206.164230, 206.163162, 119.124130, 66.045372,14.139309, 233.916779, 1.000005
5, 150,4,179.108841, 179.111343, 119.124130, 66.045372,14.139309, 233.916779, 0.999986
5, 150,5,36.287090, 36.276863, 119.124130, 66.045372,14.139309, 233.916779, 1.000282
5, 150,6,94.096008, 94.081215, 119.124130, 66.045372,14.139309, 233.916779, 1.000157
5, 150,7,144.450516, 144.468277, 119.124130, 66.045372,14.139309, 233.916779, 0.999877
5, 150,8,43.449337, 43.456940, 119.124130, 66.045372,14.139309, 233.916779, 0.999825
5, 150,9,233.916779, 233.902908, 119.124130, 66.045372,14.139309, 233.916779, 1.000059
5, 150,10,16.405949, 16.413042, 119.124130, 66.045372,14.139309, 233.916779, 0.999568
5, 150,11,206.906647, 206.898544, 119.124130, 66.045372,14.139309, 233.916779, 1.000039
5, 150,12,129.485153, 129.507141, 119.124130, 66.045372,14.139309, 233.916779, 0.999830
5, 150,13,129.916321, 129.918335, 119.124130, 66.045372,14.139309, 233.916779, 0.999985
5, 150,14,52.532898, 52.550648, 119.124130, 66.045372,14.139309, 233.916779, 0.999662
5, 150,15,106.557793, 106.559372, 119.124130, 66.045372,14.139309, 233.916779, 0.999985
5, 150,16,14.139309, 14.143568, 119.124130, 66.045372,14.139309, 233.916779, 0.999699
5, 150,17,51.527611, 51.538479, 119.124130, 66.045372,14.139309, 233.916779, 0.999789
5, 150,18,104.144592, 104.147552, 119.124130, 66.045372,14.139309, 233.916779, 0.999972
5, 150,19,209.407227, 209.413162, 119.124130, 66.045372,14.139309, 233.916779, 0.999972
5, 150,20,70.804039, 70.793419, 119.124130, 66.045372,14.139309, 233.916779, 1.000150
5, 150,21,35.465855, 35.454475, 119.124130, 66.045372,14.139309, 233.916779, 1.000321
5, 150,22,88.002747, 88.024017, 119.124130, 66.045372,14.139309, 233.916779, 0.999758
5, 150,23,36.416195, 36.411293, 119.124130, 66.045372,14.139309, 233.916779, 1.000135
5, 150,24,165.351501, 165.336349, 119.124130, 66.045372,14.139309, 233.916779, 1.000092
5, 150,25,145.147980, 145.140411, 119.124130, 66.045372,14.139309, 233.916779, 1.000052
5, 150,26,182.830261, 182.851639, 119.124130, 66.045372,14.139309, 233.916779, 0.999883
5, 150,27,146.798721, 146.816818, 119.124130, 66.045372,14.139309, 233.916779, 0.999877
5, 150,28,127.755615, 127.743752, 119.124130, 66.045372,14.139309, 233.916779, 1.000093
5, 150,29,124.533051, 124.541191, 119.124130, 66.045372,14.139309, 233.916779, 0.999935
5, 150,30,216.111084, 216.095062, 119.124130, 66.045372,14.139309, 233.916779, 1.000074
5, 150,31,123.109917, 123.102013, 119.124130, 66.045372,14.139309, 233.916779, 1.000064
5, 151,0,230.492233, 230.480469, 119.125946, 66.133041,12.667787, 231.614685, 1.000051
5, 151,1,216.215454, 216.204147, 119.125946, 66.133041,12.667787, 231.614685, 1.000052
5, 151,2,127.479019, 127.483513, 119.125946, 66.133041,12.667787, 231.614685, 0.999965
5, 151,3,17.115088, 17.120638, 119.125946, 66.133041,12.667787, 231.614685, 0.999676
5, 151,4,231.614685, 231.608826, 119.125946, 66.133041,12.667787, 231.614685, 1.000025
5, 151,5,116.770630, 116.760513, 119.125946, 66.133041,12.667787, 231.614685, 1.000087
5, 151,6,61.320137, 61.309246, 119.125946, 66.133041,12.667787, 231.614685, 1.000178
5, 151,7,51.873631, 51.868790, 119.125946, 66.133041,12.667787, 231.614685, 1.000093
5, 151,8,27.061882, 27.051685, 119.125946, 66.133041,12.667787, 231.614685, 1.000377
5, 151,9,50.440033, 50.432049, 119.125946, 66.133041,12.667787, 231.614685, 1.000158
5, 151,10,190.848053, 190.840378, 119.125946, 66.133041,12.667787, 231.614685, 1.000040
5, 151,11,229.149277, 229.155869, 119.125946, 66.133041,12.667787, 231.614685, 0.999971
5, 151,12,169.919006, 169.912994, 119.125946, 66.133041,12.667787, 231.614685, 1.000035
5, 151,13,126.127228, 126.123871, 119.125946, 66.133041,12.667787, 231.614685, 1.000027
5, 151,14,51.723450, 51.735630, 119.125946, 66.133041,12.667787, 231.614685, 0.999765
5, 151,15,173.047302, 173.045792, 119.125946, 66.133041,12.667787, 231.614685, 1.000009
5, 151,16,90.355247, 90.359482, 119.125946, 66.133041,12.667787, 231.614685, 0.999953
5, 151,17,141.792816, 141.801895, 119.125946, 66.133041,12.667787, 231.614685, 0.999936
5, 151,18,128.680511, 128.695984, 119.125946, 66.133041,12.667787, 231.614685, 0.999880
5, 151,19,56.863964, 56.865852, 119.125946, 66.133041,12.667787, 231.614685, 0.999967
5, 151,20,12.667787, 12.684257, 119.125946, 66.133041,12.667787, 231.614685, 0.998702
5, 151,21,62.492825, 62.500687, 119.125946, 66.133041,12.667787, 231.614685, 0.999874
5, 151,22,105.509407, 105.511871, 119.125946, 66.133041,12.667787, 231.614685, 0.999977
5, 151,23,140.405975, 140.414200, 119.125946, 66.133041,12.667787, 231.614685, 0.999941
5, 151,24,190.602707, 190.588074, 119.125946, 66.133041,12.667787, 231.614685, 1.000077
5, 151,25,46.759098, 46.759594, 119.125946, 66.133041,12.667787, 231.614685, 0.999989
5, 151,26,77.714432, 77.709137, 119.125946, 66.133041,12.667787, 231.614685, 1.000068
5, 151,27,146.205963, 146.196228, 119.125946, 66.133041,12.667787, 231.614685, 1.000067
5, 151,28,166.207718, 166.205490, 119.125946, 66.133041,12.667787, 231.614685, 1.000013
5, 151,29,171.974106, 171.980499, 119.125946, 66.133041,12.667787, 231.614685, 0.999963
5, 151,30,141.936691, 141.935059, 119.125946, 66.133041,12.667787, 231.614685, 1.000011
5, 151,31,60.663769, 60.657452, 119.125946, 66.133041,12.667787, 231.614685, 1.000104
5, 152,0,159.960938, 159.955795, 119.125381, 52.342709,11.655703, 203.350555, 1.000032
5, 152,1,108.404099, 108.405663, 119.125381, 52.342709,11.655703, 203.350555, 0.999986
5, 152,2,80.231743, 80.226051, 119.125381, 52.342709,11.655703, 203.350555, 1.000071
5, 152,3,136.567078, 136.579254, 119.125381, 52.342709,11.655703, 203.350555, 0.999911
5, 152,4,103.682205, 103.686966, 119.125381, 52.342709,11.655703, 203.350555, 0.999954
5, 152,5,132.776443, 132.782593, 119.125381, 52.342709,11.655703, 203.350555, 0.999954
5, 152,6,126.082893, 126.081200, 119.125381, 52.342709,11.655703, 203.350555, 1.000013
5, 152,7,190.102371, 190.106064, 119.125381, 52.342709,11.655703, 203.350555, 0.999981
5, 152,8,95.246788, 95.231873, 119.125381, 52.342709,11.655703, 203.350555, 1.000157
5, 152,9,92.396133, 92.405479, 119.125381, 52.342709,11.655703, 203.350555, 0.999899
5, 152,10,62.175663, 62.170853, 119.125381, 52.342709,11.655703, 203.350555, 1.000077
5, 152,11,108.856918, 108.857643, 119.125381, 52.342709,11.655703, 203.350555, 0.999993
5, 152,12,87.661674, 87.662682, 119.125381, 52.342709,11.655703, 203.350555, 0.999988
5, 152,13,130.507721, 130.516663, 119.125381, 52.342709,11.655703, 203.350555, 0.999932
5, 152,14,142.743301, 142.732239, 119.125381, 52.342709,11.655703, 203.350555, 1.000077
5, 152,15,139.138504, 139.146515, 119.125381, 52.342709,11.655703, 203.350555, 0.999942
5, 152,16,165.528580, 165.524216, 119.125381, 52.342709,11.655703, 203.350555, 1.000026
5, 152,17,188.690323, 188.695862, 119.125381, 52.342709,11.655703, 203.350555, 0.999971
5, 152,18,55.947540, 55.945545, 119.125381, 52.342709,11.655703, 203.350555, 1.000036
5, 152,19,11.655703, 11.651243, 119.125381, 52.342709,11.655703, 203.350555, 1.000383
5, 152,20,110.598030, 110.599289, 119.125381, 52.342709,11.655703, 203.350555, 0.999989
5, 152,21,149.560913, 149.560196, 119.125381, 52.342709,11.655703, 203.350555, 1.000005
5, 152,22,199.227997, 199.230087, 119.125381, 52.342709,11.655703, 203.350555, 0.999990
5, 152,23,76.958641, 76.953697, 119.125381, 52.342709,11.655703, 203.350555, 1.000064
5, 152,24,68.020088, 68.010468, 119.125381, 52.342709,11.655703, 203.350555, 1.000142
5, 152,25,35.242664, 35.256790, 119.125381, 52.342709,11.655703, 203.350555, 0.999599
5, 152,26,22.166441, 22.155319, 119.125381, 52.342709,11.655703, 203.350555, 1.000502
5, 152,27,179.867416, 179.867126, 119.125381, 52.342709,11.655703, 203.350555, 1.000002
5, 152,28,97.316956, 97.304970, 119.125381, 52.342709,11.655703, 203.350555, 1.000123
5, 152,29,194.115982, 194.113632, 119.125381, 52.342709,11.655703, 203.350555, 1.000012
5, 152,30,157.229721, 157.225815, 119.125381, 52.342709,11.655703, 203.350555, 1.000025
5, 152,31,203.350555, 203.358185, 119.125381, 52.342709,11.655703, 203.350555, 0.999963
5, 153,0,54.917961, 54.910355, 119.124451, 71.626091,10.239887, 247.617966, 1.000139
5, 153,1,150.655457, 150.652084, 119.124451, 71.626091,10.239887, 247.617966, 1.000022
5, 153,2,182.388535, 182.394699, 119.124451, 71.626091,10.239887, 247.617966, 0.999966
5, 153,3,232.663574, 232.660034, 119.124451, 71.626091,10.239887, 247.617966, 1.000015
5, 153,4,120.960701, 120.957626, 119.124451, 71.626091,10.239887, 247.617966, 1.000025
5, 153,5,10.239887, 10.238330, 119.124451, 71.626091,10.239887, 247.617966, 1.000152
5, 153,6,102.966515, 102.963699, 119.124451, 71.626091,10.239887, 247.617966, 1.000027
5, 153,7,26.777761, 26.779940, 119.124451, 71.626091,10.239887, 247.617966, 0.999919
5, 153,8,100.152481, 100.163307, 119.124451, 71.626091,10.239887, 247.617966, 0.999892
5, 153,9,91.313438, 91.322754, 119.124451, 71.626091,10.239887, 247.617966, 0.999898
5, 153,10,124.458618, 124.443207, 119.124451, 71.626091,10.239887, 247.617966, 1.000124
5, 153,11,158.165588, 158.159500, 119.124451, 71.626091,10.239887, 247.617966, 1.000039
5, 153,12,53.276741, 53.271839, 119.124451, 71.626091,10.239887, 247.617966, 1.000092
5, 153,13,46.839653, 46.836918, 119.124451, 71.626091,10.239887, 247.617966, 1.000058
5, 153,14,196.134827, 196.128464, 119.124451, 71.626091,10.239887, 247.617966, 1.000032
5, 153,15,27.834023, 27.852427, 119.124451, 71.626091,10.239887, 247.617966, 0.999339
5, 153,16,247.617966, 247.630173, 119.124451, 71.626091,10.239887, 247.617966, 0.999951
5, 153,17,124.466057, 124.458107, 119.124451, 71.626091,10.239887, 247.617966, 1.000064
5, 153,18,208.580093, 208.588699, 119.124451, 71.626091,10.239887, 247.617966, 0.999959
5, 153,19,137.766663, 137.759903, 119.124451, 71.626091,10.239887, 247.617966, 1.000049
5, 153,20,242.993881, 242.982727, 119.124451, 71.626091,10.239887, 247.617966, 1.000046
5, 153,21,34.934418, 34.920406, 119.124451, 71.626091,10.239887, 247.617966, 1.000401
5, 153,22,124.540825, 124.554932, 119.124451, 71.626091,10.239887, 247.617966, 0.999887
5, 153,23,20.173824, 20.181171, 119.124451, 71.626091,10.239887, 247.617966, 0.999636
5, 153,24,130.359970, 130.341888, 119.124451, 71.626091,10.239887, 247.617966, 1.000139
5, 153,25,146.911331, 146.920731, 119.124451, 71.626091,10.239887, 247.617966, 0.999936
5, 153,26,207.523010, 207.523651, 119.124451, 71.626091,10.239887, 247.617966, 0.999997
5, 153,27,23.023966, 23.026237, 119.124451, 71.626091,10.239887, 247.617966, 0.999901
5, 153,28,209.766693, 209.772888, 119.124451, 71.626091,10.239887, 247.617966, 0.999970
5, 153,29,43.675900, 43.679047, 119.124451, 71.626091,10.239887, 247.617966, 0.999928
5, 153,30,135.407028, 135.413849, 119.124451, 71.626091,10.239887, 247.617966, 0.999950
5, 153,31,94.495956, 94.510422, 119.124451, 71.626091,10.239887, 247.617966, 0.999847
5, 154,0,150.335953, 150.330322, 119.124756, 62.513145,18.802206, 241.352173, 1.000037
5, 154,1,91.567276, 91.561890, 119.124756, 62.513145,18.802206, 241.352173, 1.000059
5, 154,2,57.033226, 57.036819, 119.124756, 62.513145,18.802206, 241.352173, 0.999937
5, 154,3,58.676769, 58.678066, 119.124756, 62.513145,18.802206, 241.352173, 0.999978
5, 154,4,30.650488, 30.651747, 119.124756, 62.513145,18.802206, 241.352173, 0.999959
5, 154,5,85.407616, 85.423775, 119.124756, 62.513145,18.802206, 241.352173, 0.999811
5, 154,6,184.116287, 184.126770, 119.124756, 62.513145,18.802206, 241.352173, 0.999943
5, 154,7,141.255569, 141.255630, 119.124756, 62.513145,18.802206, 241.352173, 1.000000
5, 154,8,121.471031, 121.464966, 119.124756, 62.513145,18.802206, 241.352173, 1.000050
5, 154,9,118.606308, 118.616707, 119.124756, 62.513145,18.802206, 241.352173, 0.999912
5, 154,10,27.322868, 27.325094, 119.124756, 62.513145,18.802206, 241.352173, 0.999919
5, 154,11,133.790619, 133.778015, 119.124756, 62.513145,18.802206, 241.352173, 1.000094
5, 154,12,149.863144, 149.851929, 119.124756, 62.513145,18.802206, 241.352173, 1.000075
5, 154,13,198.872482, 198.868546, 119.124756, 62.513145,18.802206, 241.352173, 1.000020
5, 154,14,187.666016, 187.674210, 119.124756, 62.513145,18.802206, 241.352173, 0.999956
5, 154,15,98.523422, 98.524315, 119.124756, 62.513145,18.802206, 241.352173, 0.999991
5, 154,16,241.352173, 241.356979, 119.124756, 62.513145,18.802206, 241.352173, 0.999980
5, 154,17,97.560608, 97.552811, 119.124756, 62.513145,18.802206, 241.352173, 1.000080
5, 154,18,62.871346, 62.880547, 119.124756, 62.513145,18.802206, 241.352173, 0.999854
5, 154,19,39.386818, 39.380535, 119.124756, 62.513145,18.802206, 241.352173, 1.000160
5, 154,20,125.874840, 125.866165, 119.124756, 62.513145,18.802206, 241.352173, 1.000069
5, 154,21,74.056908, 74.060165, 119.124756, 62.513145,18.802206, 241.352173, 0.999956
5, 154,22,166.004852, 165.999435, 119.124756, 62.513145,18.802206, 241.352173, 1.000033
5, 154,23,210.972595, 210.975510, 119.124756, 62.513145,18.802206, 241.352173, 0.999986
5, 154,24,49.048317, 49.051380, 119.124756, 62.513145,18.802206, 241.352173, 0.999938
5, 154,25,100.839836, 100.850029, 119.124756, 62.513145,18.802206, 241.352173, 0.999899
5, 154,26,18.802206, 18.795025, 119.124756, 62.513145,18.802206, 241.352173, 1.000382
5, 154,27,233.734711, 233.732178, 119.124756, 62.513145,18.802206, 241.352173, 1.000011
5, 154,28,201.560440, 201.540176, 119.124756, 62.513145,18.802206, 241.352173, 1.000100
5, 154,29,159.140747, 159.154785, 119.124756, 62.513145,18.802206, 241.352173, 0.999912
5, 154,30,68.145615, 68.135483, 119.124756, 62.513145,18.802206, 241.352173, 1.000149
5, 154,31,127.481560, 127.500061, 119.124756, 62.513145,18.802206, 241.352173, 0.999855
5, 155,0,191.643661, 191.630920, 119.124130, 71.250824,18.737232, 254.293961, 1.000067
5, 155,1,208.163589, 208.162781, 119.124130, 71.250824,18.737232, 254.293961, 1.000004
5, 155,2,37.961994, 37.960705, 119.124130, 71.250824,18.737232, 254.293961, 1.000034
5, 155,3,240.492050, 240.505325, 119.124130, 71.250824,18.737232, 254.293961, 0.999945
5, 155,4,126.499039, 126.499016, 119.124130, 71.250824,18.737232, 254.293961, 1.000000
5, 155,5,150.904572, 150.900955, 119.124130, 71.250824,18.737232, 254.293961, 1.000024
5, 155,6,237.784653, 237.777451, 119.124130, 71.250824,18.737232, 254.293961, 1.000030
5, 155,7,205.631409, 205.638702, 119.124130, 71.250824,18.737232, 254.293961, 0.999965
5, 155,8,187.371918, 187.374512, 119.124130, 71.250824,18.737232, 254.293961, 0.999986
5, 155,9,29.707756, 29.698696, 119.124130, 71.250824,18.737232, 254.293961, 1.000305
5, 155,10,112.571587, 112.569626, 119.124130, 71.250824,18.737232, 254.293961, 1.000017
5, 155,11,135.804642, 135.811417, 119.124130, 71.250824,18.737232, 254.293961, 0.999950
5, 155,12,19.961231, 19.963011, 119.124130, 71.250824,18.737232, 254.293961, 0.999911
5, 155,13,123.964920, 123.959274, 119.124130, 71.250824,18.737232, 254.293961, 1.000046
5, 155,14,18.737232, 18.740170, 119.124130, 71.250824,18.737232, 254.293961, 0.999843
5, 155,15,129.874573, 129.869675, 119.124130, 71.250824,18.737232, 254.293961, 1.000038
5, 155,16,61.810219, 61.821762, 119.124130, 71.250824,18.737232, 254.293961, 0.999813
5, 155,17,129.499176, 129.509094, 119.124130, 71.250824,18.737232, 254.293961, 0.999923
5, 155,18,26.639023, 26.633759, 119.124130, 71.250824,18.737232, 254.293961, 1.000198
5, 155,19,63.145321, 63.146507, 119.124130, 71.250824,18.737232, 254.293961, 0.999981
5, 155,20,42.381115, 42.381741, 119.124130, 71.250824,18.737232, 254.293961, 0.999985
5, 155,21,94.601181, 94.603279, 119.124130, 71.250824,18.737232, 254.293961, 0.999978
5, 155,22,98.451302, 98.459930, 119.124130, 71.250824,18.737232, 254.293961, 0.999912
5, 155,23,113.408546, 113.416199, 119.124130, 71.250824,18.737232, 254.293961, 0.999933
5, 155,24,134.354736, 134.345581, 119.124130, 71.250824,18.737232, 254.293961, 1.000068
5, 155,25,80.224289, 80.227074, 119.124130, 71.250824,18.737232, 254.293961, 0.999965
5, 155,26,240.515228, 240.521011, 119.124130, 71.250824,18.737232, 254.293961, 0.999976
5, 155,27,79.231293, 79.231552, 119.124130, 71.250824,18.737232, 254.293961, 0.999997
5, 155,28,76.742828, 76.754517, 119.124130, 71.250824,18.737232, 254.293961, 0.999848
5, 155,29,254.293961, 254.293625, 119.124130, 71.250824,18.737232, 254.293961, 1.000001
5, 155,30,124.282234, 124.288513, 119.124130, 71.250824,18.737232, 254.293961, 0.999949
5, 155,31,35.316864, 35.303383, 119.124130, 71.250824,18.737232, 254.293961, 1.000382
5, 156,0,149.279922, 149.287811, 119.124939, 53.185436,12.463773, 202.360535, 0.999947
5, 156,1,134.753937, 134.760437, 119.124939, 53.185436,12.463773, 202.360535, 0.999952
5, 156,2,85.717331, 85.724014, 119.124939, 53.185436,12.463773, 202.360535, 0.999922
5, 156,3,90.894554, 90.889168, 119.124939, 53.185436,12.463773, 202.360535, 1.000059
5, 156,4,116.540993, 116.537811, 119.124939, 53.185436,12.463773, 202.360535, 1.000027
5, 156,5,199.778076, 199.770477, 119.124939, 53.185436,12.463773, 202.360535, 1.000038
5, 156,6,69.390411, 69.396240, 119.124939, 53.185436,12.463773, 202.360535, 0.999916
5, 156,7,140.614716, 140.622162, 119.124939, 53.185436,12.463773, 202.360535, 0.999947
5, 156,8,95.408394, 95.404976, 119.124939, 53.185436,12.463773, 202.360535, 1.000036
5, 156,9,68.257339, 68.268768, 119.124939, 53.185436,12.463773, 202.360535, 0.999833
5, 156,10,93.964851, 93.952835, 119.124939, 53.185436,12.463773, 202.360535, 1.000128
5, 156,11,172.252121, 172.250565, 119.124939, 53.185436,12.463773, 202.360535, 1.000009
5, 156,12,183.705933, 183.702438, 119.124939, 53.185436,12.463773, 202.360535, 1.000019
5, 156,13,77.813133, 77.808060, 119.124939, 53.185436,12.463773, 202.360535, 1.000065
5, 156,14,58.445927, 58.452042, 119.124939, 53.185436,12.463773, 202.360535, 0.999895
5, 156,15,171.349258, 171.341507, 119.124939, 53.185436,12.463773, 202.360535, 1.000045
5, 156,16,119.200974, 119.188278, 119.124939, 53.185436,12.463773, 202.360535, 1.000107
5, 156,17,94.157249, 94.159447, 119.124939, 53.185436,12.463773, 202.360535, 0.999977
5, 156,18,130.308838, 130.309570, 119.124939, 53.185436,12.463773, 202.360535, 0.999994
5, 156,19,51.312637, 51.303474, 119.124939, 53.185436,12.463773, 202.360535, 1.000179
5, 156,20,171.917831, 171.920013, 119.124939, 53.185436,12.463773, 202.360535, 0.999987
5, 156,21,146.685471, 146.690475, 119.124939, 53.185436,12.463773, 202.360535, 0.999966
5, 156,22,120.637344, 120.640411, 119.124939, 53.185436,12.463773, 202.360535, 0.999975
5, 156,23,197.533966, 197.533234, 119.124939, 53.185436,12.463773, 202.360535, 1.000004
5, 156,24,19.615524, 19.610126, 119.124939, 53.185436,12.463773, 202.360535, 1.000275
5, 156,25,151.369385, 151.371567, 119.124939, 53.185436,12.463773, 202.360535, 0.999986
5, 156,26,49.300667, 49.290539, 119.124939, 53.185436,12.463773, 202.360535, 1.000206
5, 156,27,183.403458, 183.413193, 119.124939, 53.185436,12.463773, 202.360535, 0.999947
5, 156,28,12.463773, 12.461562, 119.124939, 53.185436,12.463773, 202.360535, 1.000177
5, 156,29,202.360535, 202.367813, 119.124939, 53.185436,12.463773, 202.360535, 0.999964
5, 156,30,164.654480, 164.659271, 119.124939, 53.185436,12.463773, 202.360535, 0.999971
5, 156,31,88.908379, 88.911652, 119.124939, 53.185436,12.463773, 202.360535, 0.999963
5, 157,0,52.947433, 52.935150, 119.125420, 65.897095,10.698908, 237.650925, 1.000232
5, 157,1,126.467216, 126.480362, 119.125420, 65.897095,10.698908, 237.650925, 0.999896
5, 157,2,157.172760, 157.160309, 119.125420, 65.897095,10.698908, 237.650925, 1.000079
5, 157,3,59.134472, 59.146595, 119.125420, 65.897095,10.698908, 237.650925, 0.999795
5, 157,4,73.187843, 73.204453, 119.125420, 65.897095,10.698908, 237.650925, 0.999773
5, 157,5,47.596050, 47.604061, 119.125420, 65.897095,10.698908, 237.650925, 0.999832
5, 157,6,140.742432, 140.747818, 119.125420, 65.897095,10.698908, 237.650925, 0.999962
5, 157,7,186.468948, 186.470795, 119.125420, 65.897095,10.698908, 237.650925, 0.999990
5, 157,8,126.381454, 126.375565, 119.125420, 65.897095,10.698908, 237.650925, 1.000047
5, 157,9,237.650925, 237.657593, 119.125420, 65.897095,10.698908, 237.650925, 0.999972
5, 157,10,196.575485, 196.574005, 119.125420, 65.897095,10.698908, 237.650925, 1.000008
5, 157,11,214.567017, 214.565536, 119.125420, 65.897095,10.698908, 237.650925, 1.000007
5, 157,12,103.364250, 103.360374, 119.125420, 65.897095,10.698908, 237.650925, 1.000038
5, 157,13,10.698908, 10.691713, 119.125420, 65.897095,10.698908, 237.650925, 1.000673
5, 157,14,41.662899, 41.672096, 119.125420, 65.897095,10.698908, 237.650925, 0.999779
5, 157,15,115.961769, 115.957939, 119.125420, 65.897095,10.698908, 237.650925, 1.000033
5, 157,16,82.638138, 82.643898, 119.125420, 65.897095,10.698908, 237.650925, 0.999930
5, 157,17,173.277740, 173.272339, 119.125420, 65.897095,10.698908, 237.650925, 1.000031
5, 157,18,197.477783, 197.475327, 119.125420, 65.897095,10.698908, 237.650925, 1.000012
5, 157,19,149.144196, 149.153198, 119.125420, 65.897095,10.698908, 237.650925, 0.999940
5, 157,20,116.548943, 116.544846, 119.125420, 65.897095,10.698908, 237.650925, 1.000035
5, 157,21,31.072720, 31.072807, 119.125420, 65.897095,10.698908, 237.650925, 0.999997
5, 157,22,123.536400, 123.552818, 119.125420, 65.897095,10.698908, 237.650925, 0.999867
5, 157,23,75.340187, 75.321510, 119.125420, 65.897095,10.698908, 237.650925, 1.000248
5, 157,24,205.754990, 205.754929, 119.125420, 65.897095,10.698908, 237.650925, 1.000000
5, 157,25,12.295180, 12.305712, 119.125420, 65.897095,10.698908, 237.650925, 0.999144
5, 157,26,106.292160, 106.273949, 119.125420, 65.897095,10.698908, 237.650925, 1.000171
5, 157,27,160.537781, 160.535034, 119.125420, 65.897095,10.698908, 237.650925, 1.000017
5, 157,28,183.101196, 183.096069, 119.125420, 65.897095,10.698908, 237.650925, 1.000028
5, 157,29,213.473465, 213.461594, 119.125420, 65.897095,10.698908, 237.650925, 1.000056
5, 157,30,40.970829, 40.966408, 119.125420, 65.897095,10.698908, 237.650925, 1.000108
5, 157,31,49.971901, 49.965672, 119.125420, 65.897095,10.698908, 237.650925, 1.000125
5, 158,0,29.674805, 29.683298, 119.124458, 70.703171,14.379770, 233.388092, 0.999714
5, 158,1,176.117508, 176.121185, 119.124458, 70.703171,14.379770, 233.388092, 0.999979
5, 158,2,38.421162, 38.425751, 119.124458, 70.703171,14.379770, 233.388092, 0.999881
5, 158,3,193.935455, 193.927444, 119.124458, 70.703171,14.379770, 233.388092, 1.000041
5, 158,4,113.956139, 113.945343, 119.124458, 70.703171,14.379770, 233.388092, 1.000095
5, 158,5,233.388092, 233.367081, 119.124458, 70.703171,14.379770, 233.388092, 1.000090
5, 158,6,111.280769, 111.264900, 119.124458, 70.703171,14.379770, 233.388092, 1.000143
5, 158,7,25.537155, 25.549438, 119.124458, 70.703171,14.379770, 233.388092, 0.999519
5, 158,8,31.632036, 31.618761, 119.124458, 70.703171,14.379770, 233.388092, 1.000420
5, 158,9,203.292847, 203.305328, 119.124458, 70.703171,14.379770, 233.388092, 0.999939
5, 158,10,210.336075, 210.338715, 119.124458, 70.703171,14.379770, 233.388092, 0.999987
5, 158,11,14.379770, 14.389485, 119.124458, 70.703171,14.379770, 233.388092, 0.999325
5, 158,12,183.418808, 183.410217, 119.124458, 70.703171,14.379770, 233.388092, 1.000047
5, 158,13,53.466518, 53.471237, 119.124458, 70.703171,14.379770, 233.388092, 0.999912
5, 158,14,155.045822, 155.035583, 119.124458, 70.703171,14.379770, 233.388092, 1.000066
5, 158,15,219.970291, 219.979523, 119.124458, 70.703171,14.379770, 233.388092, 0.999958
5, 158,16,42.604012, 42.603428, 119.124458, 70.703171,14.379770, 233.388092, 1.000014
5, 158,17,134.795044, 134.782623, 119.124458, 70.703171,14.379770, 233.388092, 1.000092
5, 158,18,67.337509, 67.348145, 119.124458, 70.703171,14.379770, 233.388092, 0.999842
5, 158,19,222.268387, 222.272858, 119.124458, 70.703171,14.379770, 233.388092, 0.999980
5, 158,20,194.010773, 194.015091, 119.124458, 70.703171,14.379770, 233.388092, 0.999978
5, 158,21,120.431976, 120.423660, 119.124458, 70.703171,14.379770, 233.388092, 1.000069
5, 158,22,114.986404, 115.011665, 119.124458, 70.703171,14.379770, 233.388092, 0.999780
5, 158,23,161.337555, 161.345932, 119.124458, 70.703171,14.379770, 233.388092, 0.999948
5, 158,24,82.431648, 82.437454, 119.124458, 70.703171,14.379770, 233.388092, 0.999930
5, 158,25,46.684853, 46.686161, 119.124458, 70.703171,14.379770, 233.388092, 0.999972
5, 158,26,171.037094, 171.030563, 119.124458, 70.703171,14.379770, 233.388092, 1.000038
5, 158,27,113.551636, 113.543640, 119.124458, 70.703171,14.379770, 233.388092, 1.000070
5, 158,28,33.805386, 33.817154, 119.124458, 70.703171,14.379770, 233.388092, 0.999652
5, 158,29,23.084757, 23.080811, 119.124458, 70.703171,14.379770, 233.388092, 1.000171
5, 158,30,114.966072, 114.967842, 119.124458, 70.703171,14.379770, 233.388092, 0.999985
5, 158,31,174.796310, 174.799240, 119.124458, 70.703171,14.379770, 233.388092, 0.999983
5, 159,0,166.618195, 166.619186, 119.124161, 60.555202,24.358185, 206.697021, 0.999994
5, 159,1,72.682411, 72.685501, 119.124161, 60.555202,24.358185, 206.697021, 0.999958
5, 159,2,156.330261, 156.321075, 119.124161, 60.555202,24.358185, 206.697021, 1.000059
5, 159,3,128.490524, 128.483215, 119.124161, 60.555202,24.358185, 206.697021, 1.000057
5, 159,4,157.270157, 157.272797, 119.124161, 60.555202,24.358185, 206.697021, 0.999983
5, 159,5,90.907242, 90.908524, 119.124161, 60.555202,24.358185, 206.697021, 0.999986
5, 159,6,162.707062, 162.714691, 119.124161, 60.555202,24.358185, 206.697021, 0.999953
5, 159,7,31.172562, 31.175802, 119.124161, 60.555202,24.358185, 206.697021, 0.999896
5, 159,8,168.594528, 168.595840, 119.124161, 60.555202,24.358185, 206.697021, 0.999992
5, 159,9,44.798836, 44.811043, 119.124161, 60.555202,24.358185, 206.697021, 0.999728
5, 159,10,100.361595, 100.364731, 119.124161, 60.555202,24.358185, 206.697021, 0.999969
5, 159,11,131.763885, 131.765442, 119.124161, 60.555202,24.358185, 206.697021, 0.999988
5, 159,12,192.139816, 192.157043, 119.124161, 60.555202,24.358185, 206.697021, 0.999910
5, 159,13,199.536255, 199.538971, 119.124161, 60.555202,24.358185, 206.697021, 0.999986
5, 159,14,153.589996, 153.581833, 119.124161, 60.555202,24.358185, 206.697021, 1.000053
5, 159,15,36.738529, 36.745811, 119.124161, 60.555202,24.358185, 206.697021, 0.999802
5, 159,16,30.676973, 30.693840, 119.124161, 60.555202,24.358185, 206.697021, 0.999451
5, 159,17,182.521515, 182.523911, 119.124161, 60.555202,24.358185, 206.697021, 0.999987
5, 159,18,34.948223, 34.946083, 119.124161, 60.555202,24.358185, 206.697021, 1.000061
5, 159,19,125.893303, 125.878189, 119.124161, 60.555202,24.358185, 206.697021, 1.000120
5, 159,20,92.356430, 92.360512, 119.124161, 60.555202,24.358185, 206.697021, 0.999956
5, 159,21,24.358185, 24.349030, 119.124161, 60.555202,24.358185, 206.697021, 1.000376
5, 159,22,185.757690, 185.763428, 119.124161, 60.555202,24.358185, 206.697021, 0.999969
5, 159,23,174.831604, 174.830841, 119.124161, 60.555202,24.358185, 206.697021, 1.000004
5, 159,24,50.299500, 50.289539, 119.124161, 60.555202,24.358185, 206.697021, 1.000198
5, 159,25,206.697021, 206.701294, 119.124161, 60.555202,24.358185, 206.697021, 0.999979
5, 159,26,157.890839, 157.888977, 119.124161, 60.555202,24.358185, 206.697021, 1.000012
5, 159,27,36.641193, 36.648201, 119.124161, 60.555202,24.358185, 206.697021, 0.999809
5, 159,28,121.760422, 121.754059, 119.124161, 60.555202,24.358185, 206.697021, 1.000052
5, 159,29,48.967251, 48.965672, 119.124161, 60.555202,24.358185, 206.697021, 1.000032
5, 159,30,180.400696, 180.406937, 119.124161, 60.555202,24.358185, 206.697021, 0.999965
5, 159,31,164.270340, 164.258179, 119.124161, 60.555202,24.358185, 206.697021, 1.000074
5, 160,0,26.397472, 26.409485, 119.125557, 63.818413,20.884163, 219.379303, 0.999545
5, 160,1,65.969543, 65.963730, 119.125557, 63.818413,20.884163, 219.379303, 1.000088
5, 160,2,20.884163, 20.891655, 119.125557, 63.818413,20.884163, 219.379303, 0.999641
5, 160,3,59.614407, 59.614635, 119.125557, 63.818413,20.884163, 219.379303, 0.999996
5, 160,4,181.726013, 181.726852, 119.125557, 63.818413,20.884163, 219.379303, 0.999995
5, 160,5,219.379303, 219.369843, 119.125557, 63.818413,20.884163, 219.379303, 1.000043
5, 160,6,149.476486, 149.470810, 119.125557, 63.818413,20.884163, 219.379303, 1.000038
5, 160,7,218.692566, 218.689102, 119.125557, 63.818413,20.884163, 219.379303, 1.000016
5, 160,8,144.974930, 144.974060, 119.125557, 63.818413,20.884163, 219.379303, 1.000006
5, 160,9,76.019958, 76.004486, 119.125557, 63.818413,20.884163, 219.379303, 1.000204
5, 160,10,67.333939, 67.344833, 119.125557, 63.818413,20.884163, 219.379303, 0.999838
5, 160,11,29.907982, 29.904762, 119.125557, 63.818413,20.884163, 219.379303, 1.000108
5, 160,12,210.875122, 210.880371, 119.125557, 63.818413,20.884163, 219.379303, 0.999975
5, 160,13,148.449203, 148.456253, 119.125557, 63.818413,20.884163, 219.379303, 0.999952
5, 160,14,159.266006, 159.262817, 119.125557, 63.818413,20.884163, 219.379303, 1.000020
5, 160,15,185.683731, 185.693405, 119.125557, 63.818413,20.884163, 219.379303, 0.999948
5, 160,16,161.794373, 161.802460, 119.125557, 63.818413,20.884163, 219.379303, 0.999950
5, 160,17,122.047523, 122.045288, 119.125557, 63.818413,20.884163, 219.379303, 1.000018
5, 160,18,89.584679, 89.586327, 119.125557, 63.818413,20.884163, 219.379303, 0.999982
5, 160,19,62.684460, 62.684460, 119.125557, 63.818413,20.884163, 219.379303, 1.000000
5, 160,20,217.041443, 217.026550, 119.125557, 63.818413,20.884163, 219.379303, 1.000069
5, 160,21,108.976868, 108.987091, 119.125557, 63.818413,20.884163, 219.379303, 0.999906
5, 160,22,106.998123, 107.003815, 119.125557, 63.818413,20.884163, 219.379303, 0.999947
5, 160,23,54.351109, 54.332443, 119.125557, 63.818413,20.884163, 219.379303, 1.000344
5, 160,24,174.441849, 174.435211, 119.125557, 63.818413,20.884163, 219.379303, 1.000038
5, 160,25,32.913998, 32.909134, 119.125557, 63.818413,20.884163, 219.379303, 1.000148
5, 160,26,22.219053, 22.226933, 119.125557, 63.818413,20.884163, 219.379303, 0.999646
5, 160,27,160.590210, 160.591537, 119.125557, 63.818413,20.884163, 219.379303, 0.999992
5, 160,28,129.380386, 129.382751, 119.125557, 63.818413,20.884163, 219.379303, 0.999982
5, 160,29,72.863579, 72.849571, 119.125557, 63.818413,20.884163, 219.379303, 1.000192
5, 160,30,154.940674, 154.942810, 119.125557, 63.818413,20.884163, 219.379303, 0.999986
5, 160,31,176.538345, 176.536301, 119.125557, 63.818413,20.884163, 219.379303, 1.000012
5, 161,0,44.635159, 44.644901, 119.122330, 67.160217,13.720772, 224.831192, 0.999782
5, 161,1,57.811127, 57.816315, 119.122330, 67.160217,13.720772, 224.831192, 0.999910
5, 161,2,77.942467, 77.942947, 119.122330, 67.160217,13.720772, 224.831192, 0.999994
5, 161,3,68.826729, 68.825882, 119.122330, 67.160217,13.720772, 224.831192, 1.000012
5, 161,4,43.924904, 43.919678, 119.122330, 67.160217,13.720772, 224.831192, 1.000119
5, 161,5,83.907448, 83.910500, 119.122330, 67.160217,13.720772, 224.831192, 0.999964
5, 161,6,76.832550, 76.837852, 119.122330, 67.160217,13.720772, 224.831192, 0.999931
5, 161,7,72.646988, 72.645378, 119.122330, 67.160217,13.720772, 224.831192, 1.000022
5, 161,8,13.720772, 13.715900, 119.122330, 67.160217,13.720772, 224.831192, 1.000355
5, 161,9,56.130127, 56.144852, 119.122330, 67.160217,13.720772, 224.831192, 0.999738
5, 161,10,133.788376, 133.798889, 119.122330, 67.160217,13.720772, 224.831192, 0.999921
5, 161,11,219.970688, 219.962173, 119.122330, 67.160217,13.720772, 224.831192, 1.000039
5, 161,12,163.002289, 162.994247, 119.122330, 67.160217,13.720772, 224.831192, 1.000049
5, 161,13,213.264297, 213.262512, 119.122330, 67.160217,13.720772, 224.831192, 1.000008
5, 161,14,217.352722, 217.372086, 119.122330, 67.160217,13.720772, 224.831192, 0.999911
5, 161,15,21.738565, 21.748600, 119.122330, 67.160217,13.720772, 224.831192, 0.999539
5, 161,16,200.924622, 200.940643, 119.122330, 67.160217,13.720772, 224.831192, 0.999920
5, 161,17,24.770798, 24.766905, 119.122330, 67.160217,13.720772, 224.831192, 1.000157
5, 161,18,130.280411, 130.269470, 119.122330, 67.160217,13.720772, 224.831192, 1.000084
5, 161,19,117.738327, 117.733475, 119.122330, 67.160217,13.720772, 224.831192, 1.000041
5, 161,20,214.915939, 214.920166, 119.122330, 67.160217,13.720772, 224.831192, 0.999980
5, 161,21,111.878586, 111.890259, 119.122330, 67.160217,13.720772, 224.831192, 0.999896
5, 161,22,224.831192, 224.831512, 119.122330, 67.160217,13.720772, 224.831192, 0.999999
5, 161,23,158.265930, 158.269943, 119.122330, 67.160217,13.720772, 224.831192, 0.999975
5, 161,24,150.174210, 150.181992, 119.122330, 67.160217,13.720772, 224.831192, 0.999948
5, 161,25,215.477234, 215.479614, 119.122330, 67.160217,13.720772, 224.831192, 0.999989
5, 161,26,172.198273, 172.187302, 119.122330, 67.160217,13.720772, 224.831192, 1.000064
5, 161,27,35.558437, 35.569260, 119.122330, 67.160217,13.720772, 224.831192, 0.999696
5, 161,28,105.219963, 105.218216, 119.122330, 67.160217,13.720772, 224.831192, 1.000017
5, 161,29,148.944061, 148.952560, 119.122330, 67.160217,13.720772, 224.831192, 0.999943
5, 161,30,92.380531, 92.378326, 119.122330, 67.160217,13.720772, 224.831192, 1.000024
5, 161,31,142.860718, 142.867599, 119.122330, 67.160217,13.720772, 224.831192, 0.999952
5, 162,0,133.264801, 133.270248, 119.127167, 48.537594,23.838593, 194.117813, 0.999959
5, 162,1,135.236084, 135.240204, 119.127167, 48.537594,23.838593, 194.117813, 0.999970
5, 162,2,82.876556, 82.882362, 119.127167, 48.537594,23.838593, 194.117813, 0.999930
5, 162,3,67.534851, 67.522835, 119.127167, 48.537594,23.838593, 194.117813, 1.000178
5, 162,4,53.238365, 53.228310, 119.127167, 48.537594,23.838593, 194.117813, 1.000189
5, 162,5,93.970764, 93.957230, 119.127167, 48.537594,23.838593, 194.117813, 1.000144
5, 162,6,23.838593, 23.820501, 119.127167, 48.537594,23.838593, 194.117813, 1.000759
5, 162,7,42.119225, 42.110348, 119.127167, 48.537594,23.838593, 194.117813, 1.000211
5, 162,8,167.182968, 167.178192, 119.127167, 48.537594,23.838593, 194.117813, 1.000029
5, 162,9,138.931519, 138.940048, 119.127167, 48.537594,23.838593, 194.117813, 0.999939
5, 162,10,52.600212, 52.594227, 119.127167, 48.537594,23.838593, 194.117813, 1.000114
5, 162,11,131.695511, 131.694275, 119.127167, 48.537594,23.838593, 194.117813, 1.000009
5, 162,12,193.775208, 193.760315, 119.127167, 48.537594,23.838593, 194.117813, 1.000077
5, 162,13,133.320724, 133.331802, 119.127167, 48.537594,23.838593, 194.117813, 0.999917
5, 162,14,194.117813, 194.123535, 119.127167, 48.537594,23.838593, 194.117813, 0.999970
5, 162,15,107.183731, 107.174431, 119.127167, 48.537594,23.838593, 194.117813, 1.000087
5, 162,16,173.840988, 173.857574, 119.127167, 48.537594,23.838593, 194.117813, 0.999905
5, 162,17,179.142029, 179.139526, 119.127167, 48.537594,23.838593, 194.117813, 1.000014
5, 162,18,174.417221, 174.423935, 119.127167, 48.537594,23.838593, 194.117813, 0.999961
5, 162,19,190.155716, 190.152832, 119.127167, 48.537594,23.838593, 194.117813, 1.000015
5, 162,20,134.189423, 134.181351, 119.127167, 48.537594,23.838593, 194.117813, 1.000060
5, 162,21,37.944302, 37.967278, 119.127167, 48.537594,23.838593, 194.117813, 0.999395
5, 162,22,74.048660, 74.054474, 119.127167, 48.537594,23.838593, 194.117813, 0.999922
5, 162,23,126.444389, 126.443115, 119.127167, 48.537594,23.838593, 194.117813, 1.000010
5, 162,24,168.828506, 168.821869, 119.127167, 48.537594,23.838593, 194.117813, 1.000039
5, 162,25,121.822159, 121.832169, 119.127167, 48.537594,23.838593, 194.117813, 0.999918
5, 162,26,104.178734, 104.182556, 119.127167, 48.537594,23.838593, 194.117813, 0.999963
5, 162,27,84.838623, 84.833855, 119.127167, 48.537594,23.838593, 194.117813, 1.000056
5, 162,28,87.857437, 87.850357, 119.127167, 48.537594,23.838593, 194.117813, 1.000081
5, 162,29,151.986969, 151.972549, 119.127167, 48.537594,23.838593, 194.117813, 1.000095
5, 162,30,116.645607, 116.636398, 119.127167, 48.537594,23.838593, 194.117813, 1.000079
5, 162,31,134.841553, 134.821594, 119.127167, 48.537594,23.838593, 194.117813, 1.000148
5, 163,0,96.642418, 96.642403, 119.125031, 53.808819,26.699896, 199.576981, 1.000000
5, 163,1,148.603012, 148.594101, 119.125031, 53.808819,26.699896, 199.576981, 1.000060
5, 163,2,157.020294, 157.009430, 119.125031, 53.808819,26.699896, 199.576981, 1.000069
5, 163,3,190.074066, 190.077545, 119.125031, 53.808819,26.699896, 199.576981, 0.999982
5, 163,4,72.894592, 72.902687, 119.125031, 53.808819,26.699896, 199.576981, 0.999889
5, 163,5,102.723755, 102.708176, 119.125031, 53.808819,26.699896, 199.576981, 1.000152
5, 163,6,104.407349, 104.412186, 119.125031, 53.808819,26.699896, 199.576981, 0.999954
5, 163,7,65.872673, 65.877312, 119.125031, 53.808819,26.699896, 199.576981, 0.999930
5, 163,8,38.252319, 38.252705, 119.125031, 53.808819,26.699896, 199.576981, 0.999990
5, 163,9,42.677692, 42.684273, 119.125031, 53.808819,26.699896, 199.576981, 0.999846
5, 163,10,169.354782, 169.350372, 119.125031, 53.808819,26.699896, 199.576981, 1.000026
5, 163,11,132.011719, 132.019348, 119.125031, 53.808819,26.699896, 199.576981, 0.999942
5, 163,12,72.712555, 72.722397, 119.125031, 53.808819,26.699896, 199.576981, 0.999865
5, 163,13,195.255539, 195.259338, 119.125031, 53.808819,26.699896, 199.576981, 0.999981
5, 163,14,81.458702, 81.469223, 119.125031, 53.808819,26.699896, 199.576981, 0.999871
5, 163,15,65.160995, 65.161972, 119.125031, 53.808819,26.699896, 199.576981, 0.999985
5, 163,16,71.162163, 71.152161, 119.125031, 53.808819,26.699896, 199.576981, 1.000141
5, 163,17,194.893784, 194.898773, 119.125031, 53.808819,26.699896, 199.576981, 0.999974
5, 163,18,26.699896, 26.685265, 119.125031, 53.808819,26.699896, 199.576981, 1.000548
5, 163,19,38.654240, 38.659805, 119.125031, 53.808819,26.699896, 199.576981, 0.999856
5, 163,20,83.376610, 83.382584, 119.125031, 53.808819,26.699896, 199.576981, 0.999928
5, 163,21,183.209671, 183.214996, 119.125031, 53.808819,26.699896, 199.576981, 0.999971
5, 163,22,135.966003, 135.974014, 119.125031, 53.808819,26.699896, 199.576981, 0.999941
5, 163,23,183.750961, 183.755875, 119.125031, 53.808819,26.699896, 199.576981, 0.999973
5, 163,24,144.219193, 144.214874, 119.125031, 53.808819,26.699896, 199.576981, 1.000030
5, 163,25,199.576981, 199.580414, 119.125031, 53.808819,26.699896, 199.576981, 0.999983
5, 163,26,145.756058, 145.750229, 119.125031, 53.808819,26.699896, 199.576981, 1.000040
5, 163,27,107.671387, 107.668976, 119.125031, 53.808819,26.699896, 199.576981, 1.000022
5, 163,28,123.051598, 123.034081, 119.125031, 53.808819,26.699896, 199.576981, 1.000142
5, 163,29,84.310577, 84.313095, 119.125031, 53.808819,26.699896, 199.576981, 0.999970
5, 163,30,188.670517, 188.664322, 119.125031, 53.808819,26.699896, 199.576981, 1.000033
5, 163,31,165.908905, 165.907471, 119.125031, 53.808819,26.699896, 199.576981, 1.000009
5, 164,0,30.720753, 30.725510, 119.124794, 61.684738,23.236887, 221.027573, 0.999845
5, 164,1,130.883530, 130.880890, 119.124794, 61.684738,23.236887, 221.027573, 1.000020
5, 164,2,169.373520, 169.370163, 119.124794, 61.684738,23.236887, 221.027573, 1.000020
5, 164,3,209.934494, 209.934662, 119.124794, 61.684738,23.236887, 221.027573, 0.999999
5, 164,4,172.775467, 172.775177, 119.124794, 61.684738,23.236887, 221.027573, 1.000002
5, 164,5,23.236887, 23.237194, 119.124794, 61.684738,23.236887, 221.027573, 0.999987
5, 164,6,66.774597, 66.776871, 119.124794, 61.684738,23.236887, 221.027573, 0.999966
5, 164,7,204.379578, 204.380554, 119.124794, 61.684738,23.236887, 221.027573, 0.999995
5, 164,8,177.373520, 177.389038, 119.124794, 61.684738,23.236887, 221.027573, 0.999913
5, 164,9,40.794106, 40.799477, 119.124794, 61.684738,23.236887, 221.027573, 0.999868
5, 164,10,154.122604, 154.098022, 119.124794, 61.684738,23.236887, 221.027573, 1.000160
5, 164,11,140.020676, 140.007904, 119.124794, 61.684738,23.236887, 221.027573, 1.000091
5, 164,12,125.460388, 125.454391, 119.124794, 61.684738,23.236887, 221.027573, 1.000048
5, 164,13,108.686714, 108.671150, 119.124794, 61.684738,23.236887, 221.027573, 1.000143
5, 164,14,42.789631, 42.807552, 119.124794, 61.684738,23.236887, 221.027573, 0.999581
5, 164,15,51.225441, 51.222675, 119.124794, 61.684738,23.236887, 221.027573, 1.000054
5, 164,16,116.301628, 116.300499, 119.124794, 61.684738,23.236887, 221.027573, 1.000010
5, 164,17,91.422211, 91.424515, 119.124794, 61.684738,23.236887, 221.027573, 0.999975
5, 164,18,201.584305, 201.580002, 119.124794, 61.684738,23.236887, 221.027573, 1.000021
5, 164,19,215.265091, 215.280594, 119.124794, 61.684738,23.236887, 221.027573, 0.999928
5, 164,20,100.086220, 100.101563, 119.124794, 61.684738,23.236887, 221.027573, 0.999847
5, 164,21,103.397919, 103.399109, 119.124794, 61.684738,23.236887, 221.027573, 0.999988
5, 164,22,62.750111, 62.747292, 119.124794, 61.684738,23.236887, 221.027573, 1.000045
5, 164,23,38.331203, 38.327995, 119.124794, 61.684738,23.236887, 221.027573, 1.000084
5, 164,24,56.287224, 56.293240, 119.124794, 61.684738,23.236887, 221.027573, 0.999893
5, 164,25,221.027573, 221.022751, 119.124794, 61.684738,23.236887, 221.027573, 1.000022
5, 164,26,123.076294, 123.076927, 119.124794, 61.684738,23.236887, 221.027573, 0.999995
5, 164,27,143.200989, 143.184570, 119.124794, 61.684738,23.236887, 221.027573, 1.000115
5, 164,28,29.662909, 29.684532, 119.124794, 61.684738,23.236887, 221.027573, 0.999272
5, 164,29,181.891235, 181.888748, 119.124794, 61.684738,23.236887, 221.027573, 1.000014
5, 164,30,123.288612, 123.285118, 119.124794, 61.684738,23.236887, 221.027573, 1.000028
5, 164,31,155.868515, 155.871033, 119.124794, 61.684738,23.236887, 221.027573, 0.999984
5, 165,0,75.961777, 75.945892, 119.128181, 53.789978,17.237440, 199.962952, 1.000209
5, 165,1,178.884842, 178.877029, 119.128181, 53.789978,17.237440, 199.962952, 1.000044
5, 165,2,23.216145, 23.213581, 119.128181, 53.789978,17.237440, 199.962952, 1.000110
5, 165,3,176.837921, 176.843277, 119.128181, 53.789978,17.237440, 199.962952, 0.999970
5, 165,4,122.668045, 122.664101, 119.128181, 53.789978,17.237440, 199.962952, 1.000032
5, 165,5,189.195694, 189.191071, 119.128181, 53.789978,17.237440, 199.962952, 1.000024
5, 165,6,47.016838, 46.996868, 119.128181, 53.789978,17.237440, 199.962952, 1.000425
5, 165,7,136.615143, 136.604004, 119.128181, 53.789978,17.237440, 199.962952, 1.000082
5, 165,8,135.575165, 135.569717, 119.128181, 53.789978,17.237440, 199.962952, 1.000040
5, 165,9,136.601120, 136.598206, 119.128181, 53.789978,17.237440, 199.962952, 1.000021
5, 165,10,115.836288, 115.842316, 119.128181, 53.789978,17.237440, 199.962952, 0.999948
5, 165,11,17.237440, 17.216917, 119.128181, 53.789978,17.237440, 199.962952, 1.001192
5, 165,12,199.962952, 199.946701, 119.128181, 53.789978,17.237440, 199.962952, 1.000081
5, 165,13,160.289642, 160.294342, 119.128181, 53.789978,17.237440, 199.962952, 0.999971
5, 165,14,55.139000, 55.137695, 119.128181, 53.789978,17.237440, 199.962952, 1.000024
5, 165,15,89.706261, 89.717300, 119.128181, 53.789978,17.237440, 199.962952, 0.999877
5, 165,16,165.822830, 165.831955, 119.128181, 53.789978,17.237440, 199.962952, 0.999945
5, 165,17,148.688828, 148.696136, 119.128181, 53.789978,17.237440, 199.962952, 0.999951
5, 165,18,75.135841, 75.126579, 119.128181, 53.789978,17.237440, 199.962952, 1.000123
5, 165,19,192.091675, 192.090622, 119.128181, 53.789978,17.237440, 199.962952, 1.000005
5, 165,20,160.509766, 160.503525, 119.128181, 53.789978,17.237440, 199.962952, 1.000039
5, 165,21,129.877350, 129.886826, 119.128181, 53.789978,17.237440, 199.962952, 0.999927
5, 165,22,99.453773, 99.444450, 119.128181, 53.789978,17.237440, 199.962952, 1.000094
5, 165,23,53.659512, 53.661770, 119.128181, 53.789978,17.237440, 199.962952, 0.999958
5, 165,24,115.085289, 115.086922, 119.128181, 53.789978,17.237440, 199.962952, 0.999986
5, 165,25,192.326477, 192.334656, 119.128181, 53.789978,17.237440, 199.962952, 0.999958
5, 165,26,122.034523, 122.019104, 119.128181, 53.789978,17.237440, 199.962952, 1.000126
5, 165,27,152.410187, 152.409180, 119.128181, 53.789978,17.237440, 199.962952, 1.000007
5, 165,28,167.688950, 167.697189, 119.128181, 53.789978,17.237440, 199.962952, 0.999951
5, 165,29,60.845085, 60.843819, 119.128181, 53.789978,17.237440, 199.962952, 1.000021
5, 165,30,74.877220, 74.865097, 119.128181, 53.789978,17.237440, 199.962952, 1.000162
5, 165,31,40.850571, 40.843315, 119.128181, 53.789978,17.237440, 199.962952, 1.000178
5, 166,0,103.914818, 103.909561, 119.123192, 59.890190,15.529157, 219.508865, 1.000051
5, 166,1,79.572296, 79.577065, 119.123192, 59.890190,15.529157, 219.508865, 0.999940
5, 166,2,77.759621, 77.767815, 119.123192, 59.890190,15.529157, 219.508865, 0.999895
5, 166,3,135.484833, 135.472473, 119.123192, 59.890190,15.529157, 219.508865, 1.000091
5, 166,4,213.663437, 213.646790, 119.123192, 59.890190,15.529157, 219.508865, 1.000078
5, 166,5,56.419899, 56.426529, 119.123192, 59.890190,15.529157, 219.508865, 0.999883
5, 166,6,74.645111, 74.637932, 119.123192, 59.890190,15.529157, 219.508865, 1.000096
5, 166,7,205.825333, 205.822098, 119.123192, 59.890190,15.529157, 219.508865, 1.000016
5, 166,8,73.679718, 73.687080, 119.123192, 59.890190,15.529157, 219.508865, 0.999900
5, 166,9,150.188522, 150.197433, 119.123192, 59.890190,15.529157, 219.508865, 0.999941
5, 166,10,28.297226, 28.303846, 119.123192, 59.890190,15.529157, 219.508865, 0.999766
5, 166,11,139.002594, 139.005142, 119.123192, 59.890190,15.529157, 219.508865, 0.999982
5, 166,12,43.433781, 43.444798, 119.123192, 59.890190,15.529157, 219.508865, 0.999746
5, 166,13,15.529157, 15.533414, 119.123192, 59.890190,15.529157, 219.508865, 0.999726
5, 166,14,182.552719, 182.552704, 119.123192, 59.890190,15.529157, 219.508865, 1.000000
5, 166,15,174.056122, 174.054489, 119.123192, 59.890190,15.529157, 219.508865, 1.000009
5, 166,16,64.779335, 64.772873, 119.123192, 59.890190,15.529157, 219.508865, 1.000100
5, 166,17,121.958115, 121.949280, 119.123192, 59.890190,15.529157, 219.508865, 1.000072
5, 166,18,82.726440, 82.753166, 119.123192, 59.890190,15.529157, 219.508865, 0.999677
5, 166,19,219.508865, 219.516983, 119.123192, 59.890190,15.529157, 219.508865, 0.999963
5, 166,20,126.017807, 126.016808, 119.123192, 59.890190,15.529157, 219.508865, 1.000008
5, 166,21,172.359604, 172.377304, 119.123192, 59.890190,15.529157, 219.508865, 0.999897
5, 166,22,209.876343, 209.876419, 119.123192, 59.890190,15.529157, 219.508865, 1.000000
5, 166,23,171.399857, 171.406647, 119.123192, 59.890190,15.529157, 219.508865, 0.999960
5, 166,24,92.539055, 92.545593, 119.123192, 59.890190,15.529157, 219.508865, 0.999929
5, 166,25,71.275978, 71.270340, 119.123192, 59.890190,15.529157, 219.508865, 1.000079
5, 166,26,76.889015, 76.889595, 119.123192, 59.890190,15.529157, 219.508865, 0.999992
5, 166,27,25.320045, 25.319237, 119.123192, 59.890190,15.529157, 219.508865, 1.000032
5, 166,28,154.768982, 154.766800, 119.123192, 59.890190,15.529157, 219.508865, 1.000014
5, 166,29,122.295464, 122.292648, 119.123192, 59.890190,15.529157, 219.508865, 1.000023
5, 166,30,151.014175, 151.022827, 119.123192, 59.890190,15.529157, 219.508865, 0.999943
5, 166,31,195.187683, 195.184479, 119.123192, 59.890190,15.529157, 219.508865, 1.000016
5, 167,0,205.008331, 204.996140, 119.125557, 52.198071,11.801346, 205.734818, 1.000059
5, 167,1,52.638397, 52.642021, 119.125557, 52.198071,11.801346, 205.734818, 0.999931
5, 167,2,132.169693, 132.164444, 119.125557, 52.198071,11.801346, 205.734818, 1.000040
5, 167,3,164.672943, 164.670853, 119.125557, 52.198071,11.801346, 205.734818, 1.000013
5, 167,4,158.122116, 158.124908, 119.125557, 52.198071,11.801346, 205.734818, 0.999982
5, 167,5,58.833824, 58.831993, 119.125557, 52.198071,11.801346, 205.734818, 1.000031
5, 167,6,152.719070, 152.731323, 119.125557, 52.198071,11.801346, 205.734818, 0.999920
5, 167,7,89.433586, 89.413826, 119.125557, 52.198071,11.801346, 205.734818, 1.000221
5, 167,8,112.971535, 112.973129, 119.125557, 52.198071,11.801346, 205.734818, 0.999986
5, 167,9,162.595154, 162.607513, 119.125557, 52.198071,11.801346, 205.734818, 0.999924
5, 167,10,97.458527, 97.461990, 119.125557, 52.198071,11.801346, 205.734818, 0.999964
5, 167,11,190.201920, 190.196930, 119.125557, 52.198071,11.801346, 205.734818, 1.000026
5, 167,12,70.942429, 70.946480, 119.125557, 52.198071,11.801346, 205.734818, 0.999943
5, 167,13,102.692505, 102.686668, 119.125557, 52.198071,11.801346, 205.734818, 1.000057
5, 167,14,38.664627, 38.663307, 119.125557, 52.198071,11.801346, 205.734818, 1.000034
5, 167,15,111.176300, 111.181290, 119.125557, 52.198071,11.801346, 205.734818, 0.999955
5, 167,16,33.622913, 33.619625, 119.125557, 52.198071,11.801346, 205.734818, 1.000098
5, 167,17,205.734818, 205.738220, 119.125557, 52.198071,11.801346, 205.734818, 0.999983
5, 167,18,77.953148, 77.944885, 119.125557, 52.198071,11.801346, 205.734818, 1.000106
5, 167,19,157.741287, 157.738800, 119.125557, 52.198071,11.801346, 205.734818, 1.000016
5, 167,20,120.894081, 120.894585, 119.125557, 52.198071,11.801346, 205.734818, 0.999996
5, 167,21,68.120117, 68.116943, 119.125557, 52.198071,11.801346, 205.734818, 1.000047
5, 167,22,75.322792, 75.326515, 119.125557, 52.198071,11.801346, 205.734818, 0.999951
5, 167,23,156.783264, 156.779526, 119.125557, 52.198071,11.801346, 205.734818, 1.000024
5, 167,24,159.850327, 159.844360, 119.125557, 52.198071,11.801346, 205.734818, 1.000037
5, 167,25,11.801346, 11.803900, 119.125557, 52.198071,11.801346, 205.734818, 0.999784
5, 167,26,149.535446, 149.539795, 119.125557, 52.198071,11.801346, 205.734818, 0.999971
5, 167,27,155.348480, 155.349670, 119.125557, 52.198071,11.801346, 205.734818, 0.999992
5, 167,28,84.701965, 84.708000, 119.125557, 52.198071,11.801346, 205.734818, 0.999929
5, 167,29,106.740005, 106.734886, 119.125557, 52.198071,11.801346, 205.734818, 1.000048
5, 167,30,176.250183, 176.248383, 119.125557, 52.198071,11.801346, 205.734818, 1.000010
5, 167,31,171.317398, 171.319336, 119.125557, 52.198071,11.801346, 205.734818, 0.999989
5, 168,0,17.814444, 17.817520, 119.125610, 52.472057,17.814444, 209.736328, 0.999827
5, 168,1,153.845734, 153.842361, 119.125610, 52.472057,17.814444, 209.736328, 1.000022
5, 168,2,171.815170, 171.816513, 119.125610, 52.472057,17.814444, 209.736328, 0.999992
5, 168,3,66.030472, 66.046082, 119.125610, 52.472057,17.814444, 209.736328, 0.999764
5, 168,4,188.164474, 188.177887, 119.125610, 52.472057,17.814444, 209.736328, 0.999929
5, 168,5,148.408875, 148.400879, 119.125610, 52.472057,17.814444, 209.736328, 1.000054
5, 168,6,165.504501, 165.494781, 119.125610, 52.472057,17.814444, 209.736328, 1.000059
5, 168,7,107.684013, 107.675911, 119.125610, 52.472057,17.814444, 209.736328, 1.000075
5, 168,8,131.228058, 131.233124, 119.125610, 52.472057,17.814444, 209.736328, 0.999961
5, 168,9,111.067070, 111.055305, 119.125610, 52.472057,17.814444, 209.736328, 1.000106
5, 168,10,108.212791, 108.217598, 119.125610, 52.472057,17.814444, 209.736328, 0.999956
5, 168,11,143.278931, 143.273315, 119.125610, 52.472057,17.814444, 209.736328, 1.000039
5, 168,12,146.708862, 146.708115, 119.125610, 52.472057,17.814444, 209.736328, 1.000005
5, 168,13,153.634033, 153.645386, 119.125610, 52.472057,17.814444, 209.736328, 0.999926
5, 168,14,161.395630, 161.395203, 119.125610, 52.472057,17.814444, 209.736328, 1.000003
5, 168,15,114.205544, 114.213089, 119.125610, 52.472057,17.814444, 209.736328, 0.999934
5, 168,16,41.428818, 41.442436, 119.125610, 52.472057,17.814444, 209.736328, 0.999671
5, 168,17,46.532043, 46.514591, 119.125610, 52.472057,17.814444, 209.736328, 1.000375
5, 168,18,113.082596, 113.080467, 119.125610, 52.472057,17.814444, 209.736328, 1.000019
5, 168,19,30.809805, 30.805683, 119.125610, 52.472057,17.814444, 209.736328, 1.000134
5, 168,20,148.229294, 148.228531, 119.125610, 52.472057,17.814444, 209.736328, 1.000005
5, 168,21,19.774025, 19.774979, 119.125610, 52.472057,17.814444, 209.736328, 0.999952
5, 168,22,125.943520, 125.951675, 119.125610, 52.472057,17.814444, 209.736328, 0.999935
5, 168,23,174.144104, 174.130997, 119.125610, 52.472057,17.814444, 209.736328, 1.000075
5, 168,24,39.516163, 39.528069, 119.125610, 52.472057,17.814444, 209.736328, 0.999699
5, 168,25,209.736328, 209.722244, 119.125610, 52.472057,17.814444, 209.736328, 1.000067
5, 168,26,103.634415, 103.631729, 119.125610, 52.472057,17.814444, 209.736328, 1.000026
5, 168,27,198.354065, 198.352982, 119.125610, 52.472057,17.814444, 209.736328, 1.000005
5, 168,28,136.437027, 136.428375, 119.125610, 52.472057,17.814444, 209.736328, 1.000063
5, 168,29,93.054260, 93.038071, 119.125610, 52.472057,17.814444, 209.736328, 1.000174
5, 168,30,102.214561, 102.222115, 119.125610, 52.472057,17.814444, 209.736328, 0.999926
5, 168,31,140.130356, 140.134003, 119.125610, 52.472057,17.814444, 209.736328, 0.999974
5, 169,0,16.976252, 16.969364, 119.125816, 67.717575,12.785357, 220.618484, 1.000406
5, 169,1,166.543930, 166.539124, 119.125816, 67.717575,12.785357, 220.618484, 1.000029
5, 169,2,82.239746, 82.227943, 119.125816, 67.717575,12.785357, 220.618484, 1.000144
5, 169,3,198.912811, 198.922760, 119.125816, 67.717575,12.785357, 220.618484, 0.999950
5, 169,4,34.827805, 34.825928, 119.125816, 67.717575,12.785357, 220.618484, 1.000054
5, 169,5,107.650467, 107.642197, 119.125816, 67.717575,12.785357, 220.618484, 1.000077
5, 169,6,202.478455, 202.485001, 119.125816, 67.717575,12.785357, 220.618484, 0.999968
5, 169,7,12.785357, 12.812313, 119.125816, 67.717575,12.785357, 220.618484, 0.997896
5, 169,8,53.042854, 53.025150, 119.125816, 67.717575,12.785357, 220.618484, 1.000334
5, 169,9,27.090454, 27.061361, 119.125816, 67.717575,12.785357, 220.618484, 1.001075
5, 169,10,165.086914, 165.097412, 119.125816, 67.717575,12.785357, 220.618484, 0.999936
5, 169,11,126.971741, 126.972809, 119.125816, 67.717575,12.785357, 220.618484, 0.999992
5, 169,12,92.233459, 92.235901, 119.125816, 67.717575,12.785357, 220.618484, 0.999974
5, 169,13,143.404007, 143.419983, 119.125816, 67.717575,12.785357, 220.618484, 0.999889
5, 169,14,61.133045, 61.138832, 119.125816, 67.717575,12.785357, 220.618484, 0.999905
5, 169,15,39.898716, 39.901024, 119.125816, 67.717575,12.785357, 220.618484, 0.999942
5, 169,16,117.460014, 117.449738, 119.125816, 67.717575,12.785357, 220.618484, 1.000087
5, 169,17,201.900681, 201.883759, 119.125816, 67.717575,12.785357, 220.618484, 1.000084
5, 169,18,145.861786, 145.863785, 119.125816, 67.717575,12.785357, 220.618484, 0.999986
5, 169,19,195.752289, 195.761322, 119.125816, 67.717575,12.785357, 220.618484, 0.999954
5, 169,20,144.749512, 144.751785, 119.125816, 67.717575,12.785357, 220.618484, 0.999984
5, 169,21,27.686888, 27.694941, 119.125816, 67.717575,12.785357, 220.618484, 0.999709
5, 169,22,157.917664, 157.914688, 119.125816, 67.717575,12.785357, 220.618484, 1.000019
5, 169,23,28.222942, 28.218613, 119.125816, 67.717575,12.785357, 220.618484, 1.000153
5, 169,24,98.589729, 98.584610, 119.125816, 67.717575,12.785357, 220.618484, 1.000052
5, 169,25,192.675522, 192.677475, 119.125816, 67.717575,12.785357, 220.618484, 0.999990
5, 169,26,206.217331, 206.221832, 119.125816, 67.717575,12.785357, 220.618484, 0.999978
5, 169,27,198.638626, 198.638275, 119.125816, 67.717575,12.785357, 220.618484, 1.000002
5, 169,28,220.618484, 220.613098, 119.125816, 67.717575,12.785357, 220.618484, 1.000024
5, 169,29,179.700668, 179.682648, 119.125816, 67.717575,12.785357, 220.618484, 1.000100
5, 169,30,53.635799, 53.626404, 119.125816, 67.717575,12.785357, 220.618484, 1.000175
5, 169,31,111.122498, 111.139809, 119.125816, 67.717575,12.785357, 220.618484, 0.999844
5, 170,0,172.257767, 172.257004, 119.124367, 60.904018,18.510880, 208.543961, 1.000004
5, 170,1,208.543961, 208.558685, 119.124367, 60.904018,18.510880, 208.543961, 0.999929
5, 170,2,82.556465, 82.542709, 119.124367, 60.904018,18.510880, 208.543961, 1.000167
5, 170,3,105.547623, 105.541245, 119.124367, 60.904018,18.510880, 208.543961, 1.000060
5, 170,4,35.958572, 35.957485, 119.124367, 60.904018,18.510880, 208.543961, 1.000030
5, 170,5,165.260269, 165.271957, 119.124367, 60.904018,18.510880, 208.543961, 0.999929
5, 170,6,159.909836, 159.905838, 119.124367, 60.904018,18.510880, 208.543961, 1.000025
5, 170,7,85.620445, 85.628990, 119.124367, 60.904018,18.510880, 208.543961, 0.999900
5, 170,8,89.753868, 89.764236, 119.124367, 60.904018,18.510880, 208.543961, 0.999884
5, 170,9,116.707748, 116.710052, 119.124367, 60.904018,18.510880, 208.543961, 0.999980
5, 170,10,79.161430, 79.165382, 119.124367, 60.904018,18.510880, 208.543961, 0.999950
5, 170,11,74.646004, 74.629951, 119.124367, 60.904018,18.510880, 208.543961, 1.000215
5, 170,12,103.610786, 103.607018, 119.124367, 60.904018,18.510880, 208.543961, 1.000036
5, 170,13,84.965370, 84.955948, 119.124367, 60.904018,18.510880, 208.543961, 1.000111
5, 170,14,89.636757, 89.649040, 119.124367, 60.904018,18.510880, 208.543961, 0.999863
5, 170,15,66.619041, 66.614120, 119.124367, 60.904018,18.510880, 208.543961, 1.000074
5, 170,16,153.924149, 153.939423, 119.124367, 60.904018,18.510880, 208.543961, 0.999901
5, 170,17,161.259613, 161.257980, 119.124367, 60.904018,18.510880, 208.543961, 1.000010
5, 170,18,48.498379, 48.496628, 119.124367, 60.904018,18.510880, 208.543961, 1.000036
5, 170,19,196.925049, 196.922989, 119.124367, 60.904018,18.510880, 208.543961, 1.000010
5, 170,20,19.200275, 19.192139, 119.124367, 60.904018,18.510880, 208.543961, 1.000424
5, 170,21,159.006973, 159.020584, 119.124367, 60.904018,18.510880, 208.543961, 0.999914
5, 170,22,188.440613, 188.428146, 119.124367, 60.904018,18.510880, 208.543961, 1.000066
5, 170,23,53.072945, 53.068443, 119.124367, 60.904018,18.510880, 208.543961, 1.000085
5, 170,24,179.035339, 179.041977, 119.124367, 60.904018,18.510880, 208.543961, 0.999963
5, 170,25,18.510880, 18.494846, 119.124367, 60.904018,18.510880, 208.543961, 1.000867
5, 170,26,27.944262, 27.941647, 119.124367, 60.904018,18.510880, 208.543961, 1.000094
5, 170,27,180.919800, 180.921631, 119.124367, 60.904018,18.510880, 208.543961, 0.999990
5, 170,28,201.644348, 201.652451, 119.124367, 60.904018,18.510880, 208.543961, 0.999960
5, 170,29,100.068085, 100.065979, 119.124367, 60.904018,18.510880, 208.543961, 1.000021
5, 170,30,198.468445, 198.481293, 119.124367, 60.904018,18.510880, 208.543961, 0.999935
5, 170,31,204.304123, 204.314285, 119.124367, 60.904018,18.510880, 208.543961, 0.999950
5, 171,0,150.719849, 150.712433, 119.124870, 59.071636,28.401440, 224.505447, 1.000049
5, 171,1,224.505447, 224.498306, 119.124870, 59.071636,28.401440, 224.505447, 1.000032
5, 171,2,154.617706, 154.632034, 119.124870, 59.071636,28.401440, 224.505447, 0.999907
5, 171,3,213.811981, 213.806061, 119.124870, 59.071636,28.401440, 224.505447, 1.000028
5, 171,4,121.389618, 121.382065, 119.124870, 59.071636,28.401440, 224.505447, 1.000062
5, 171,5,40.444202, 40.450256, 119.124870, 59.071636,28.401440, 224.505447, 0.999850
5, 171,6,28.401440, 28.391474, 119.124870, 59.071636,28.401440, 224.505447, 1.000351
5, 171,7,121.262138, 121.282082, 119.124870, 59.071636,28.401440, 224.505447, 0.999836
5, 171,8,157.843597, 157.845047, 119.124870, 59.071636,28.401440, 224.505447, 0.999991
5, 171,9,158.210876, 158.218338, 119.124870, 59.071636,28.401440, 224.505447, 0.999953
5, 171,10,45.242855, 45.243099, 119.124870, 59.071636,28.401440, 224.505447, 0.999995
5, 171,11,174.023895, 174.010071, 119.124870, 59.071636,28.401440, 224.505447, 1.000079
5, 171,12,198.785843, 198.780899, 119.124870, 59.071636,28.401440, 224.505447, 1.000025
5, 171,13,95.480408, 95.478020, 119.124870, 59.071636,28.401440, 224.505447, 1.000025
5, 171,14,46.868576, 46.869606, 119.124870, 59.071636,28.401440, 224.505447, 0.999978
5, 171,15,92.780823, 92.778297, 119.124870, 59.071636,28.401440, 224.505447, 1.000027
5, 171,16,177.065353, 177.069778, 119.124870, 59.071636,28.401440, 224.505447, 0.999975
5, 171,17,37.471329, 37.463890, 119.124870, 59.071636,28.401440, 224.505447, 1.000199
5, 171,18,71.979179, 71.987068, 119.124870, 59.071636,28.401440, 224.505447, 0.999890
5, 171,19,53.368160, 53.362282, 119.124870, 59.071636,28.401440, 224.505447, 1.000110
5, 171,20,109.451263, 109.436607, 119.124870, 59.071636,28.401440, 224.505447, 1.000134
5, 171,21,158.526764, 158.531647, 119.124870, 59.071636,28.401440, 224.505447, 0.999969
5, 171,22,125.349716, 125.354988, 119.124870, 59.071636,28.401440, 224.505447, 0.999958
5, 171,23,96.207932, 96.217941, 119.124870, 59.071636,28.401440, 224.505447, 0.999896
5, 171,24,37.999832, 38.003838, 119.124870, 59.071636,28.401440, 224.505447, 0.999895
5, 171,25,169.447189, 169.457214, 119.124870, 59.071636,28.401440, 224.505447, 0.999941
5, 171,26,143.431061, 143.433167, 119.124870, 59.071636,28.401440, 224.505447, 0.999985
5, 171,27,38.300491, 38.310467, 119.124870, 59.071636,28.401440, 224.505447, 0.999740
5, 171,28,212.913361, 212.912811, 119.124870, 59.071636,28.401440, 224.505447, 1.000003
5, 171,29,107.452988, 107.450142, 119.124870, 59.071636,28.401440, 224.505447, 1.000026
5, 171,30,163.624863, 163.604462, 119.124870, 59.071636,28.401440, 224.505447, 1.000125
5, 171,31,85.016769, 85.025749, 119.124870, 59.071636,28.401440, 224.505447, 0.999894
5, 172,0,48.123714, 48.115150, 119.125740, 64.254555,13.501842, 224.959625, 1.000178
5, 172,1,217.081985, 217.067627, 119.125740, 64.254555,13.501842, 224.959625, 1.000066
5, 172,2,156.430344, 156.403442, 119.125740, 64.254555,13.501842, 224.959625, 1.000172
5, 172,3,46.299557, 46.290066, 119.125740, 64.254555,13.501842, 224.959625, 1.000205
5, 172,4,171.955521, 171.962952, 119.125740, 64.254555,13.501842, 224.959625, 0.999957
5, 172,5,76.581581, 76.589104, 119.125740, 64.254555,13.501842, 224.959625, 0.999902
5, 172,6,189.768799, 189.764130, 119.125740, 64.254555,13.501842, 224.959625, 1.000025
5, 172,7,195.058990, 195.054214, 119.125740, 64.254555,13.501842, 224.959625, 1.000024
5, 172,8,208.539429, 208.537354, 119.125740, 64.254555,13.501842, 224.959625, 1.000010
5, 172,9,30.378160, 30.380100, 119.125740, 64.254555,13.501842, 224.959625, 0.999936
5, 172,10,151.800430, 151.807678, 119.125740, 64.254555,13.501842, 224.959625, 0.999952
5, 172,11,146.691330, 146.702728, 119.125740, 64.254555,13.501842, 224.959625, 0.999922
5, 172,12,99.187302, 99.191048, 119.125740, 64.254555,13.501842, 224.959625, 0.999962
5, 172,13,94.525536, 94.515915, 119.125740, 64.254555,13.501842, 224.959625, 1.000102
5, 172,14,148.880112, 148.898117, 119.125740, 64.254555,13.501842, 224.959625, 0.999879
5, 172,15,93.501854, 93.497581, 119.125740, 64.254555,13.501842, 224.959625, 1.000046
5, 172,16,224.959625, 224.949890, 119.125740, 64.254555,13.501842, 224.959625, 1.000043
5, 172,17,44.365139, 44.359184, 119.125740, 64.254555,13.501842, 224.959625, 1.000134
5, 172,18,158.025940, 158.036774, 119.125740, 64.254555,13.501842, 224.959625, 0.999931
5, 172,19,136.727859, 136.717682, 119.125740, 64.254555,13.501842, 224.959625, 1.000074
5, 172,20,76.843208, 76.853607, 119.125740, 64.254555,13.501842, 224.959625, 0.999865
5, 172,21,180.499359, 180.486618, 119.125740, 64.254555,13.501842, 224.959625, 1.000071
5, 172,22,31.303238, 31.319094, 119.125740, 64.254555,13.501842, 224.959625, 0.999494
5, 172,23,83.628410, 83.631546, 119.125740, 64.254555,13.501842, 224.959625, 0.999963
5, 172,24,83.755936, 83.757187, 119.125740, 64.254555,13.501842, 224.959625, 0.999985
5, 172,25,205.848007, 205.846024, 119.125740, 64.254555,13.501842, 224.959625, 1.000010
5, 172,26,183.071991, 183.078766, 119.125740, 64.254555,13.501842, 224.959625, 0.999963
5, 172,27,13.501842, 13.498077, 119.125740, 64.254555,13.501842, 224.959625, 1.000279
5, 172,28,49.941357, 49.946850, 119.125740, 64.254555,13.501842, 224.959625, 0.999890
5, 172,29,39.905529, 39.908890, 119.125740, 64.254555,13.501842, 224.959625, 0.999916
5, 172,30,149.473434, 149.473419, 119.125740, 64.254555,13.501842, 224.959625, 1.000000
5, 172,31,75.368126, 75.359154, 119.125740, 64.254555,13.501842, 224.959625, 1.000119
5, 173,0,118.766197, 118.761002, 119.124039, 74.647194,24.956297, 233.639343, 1.000044
5, 173,1,230.581238, 230.581497, 119.124039, 74.647194,24.956297, 233.639343, 0.999999
5, 173,2,124.895622, 124.900787, 119.124039, 74.647194,24.956297, 233.639343, 0.999959
5, 173,3,40.600952, 40.608765, 119.124039, 74.647194,24.956297, 233.639343, 0.999808
5, 173,4,65.007858, 65.001419, 119.124039, 74.647194,24.956297, 233.639343, 1.000099
5, 173,5,87.096786, 87.097725, 119.124039, 74.647194,24.956297, 233.639343, 0.999989
5, 173,6,27.923180, 27.926800, 119.124039, 74.647194,24.956297, 233.639343, 0.999870
5, 173,7,100.939980, 100.931335, 119.124039, 74.647194,24.956297, 233.639343, 1.000086
5, 173,8,103.864433, 103.859009, 119.124039, 74.647194,24.956297, 233.639343, 1.000052
5, 173,9,44.995609, 44.986397, 119.124039, 74.647194,24.956297, 233.639343, 1.000205
5, 173,10,229.673935, 229.693466, 119.124039, 74.647194,24.956297, 233.639343, 0.999915
5, 173,11,191.562180, 191.557404, 119.124039, 74.647194,24.956297, 233.639343, 1.000025
5, 173,12,206.284271, 206.285965, 119.124039, 74.647194,24.956297, 233.639343, 0.999992
5, 173,13,94.708412, 94.708298, 119.124039, 74.647194,24.956297, 233.639343, 1.000001
5, 173,14,25.882830, 25.873264, 119.124039, 74.647194,24.956297, 233.639343, 1.000370
5, 173,15,191.301315, 191.300720, 119.124039, 74.647194,24.956297, 233.639343, 1.000003
5, 173,16,49.918327, 49.932919, 119.124039, 74.647194,24.956297, 233.639343, 0.999708
5, 173,17,191.986954, 191.966721, 119.124039, 74.647194,24.956297, 233.639343, 1.000105
5, 173,18,196.375977, 196.392929, 119.124039, 74.647194,24.956297, 233.639343, 0.999914
5, 173,19,24.956297, 24.943623, 119.124039, 74.647194,24.956297, 233.639343, 1.000508
5, 173,20,227.755447, 227.764816, 119.124039, 74.647194,24.956297, 233.639343, 0.999959
5, 173,21,70.245102, 70.246254, 119.124039, 74.647194,24.956297, 233.639343, 0.999984
5, 173,22,72.557220, 72.563416, 119.124039, 74.647194,24.956297, 233.639343, 0.999915
5, 173,23,78.945511, 78.952965, 119.124039, 74.647194,24.956297, 233.639343, 0.999906
5, 173,24,233.639343, 233.647919, 119.124039, 74.647194,24.956297, 233.639343, 0.999963
5, 173,25,83.911842, 83.920296, 119.124039, 74.647194,24.956297, 233.639343, 0.999899
5, 173,26,151.148544, 151.173538, 119.124039, 74.647194,24.956297, 233.639343, 0.999835
5, 173,27,207.486038, 207.486160, 119.124039, 74.647194,24.956297, 233.639343, 0.999999
5, 173,28,222.375336, 222.374283, 119.124039, 74.647194,24.956297, 233.639343, 1.000005
5, 173,29,48.402622, 48.399704, 119.124039, 74.647194,24.956297, 233.639343, 1.000060
5, 173,30,32.818264, 32.817818, 119.124039, 74.647194,24.956297, 233.639343, 1.000014
5, 173,31,35.361774, 35.343109, 119.124039, 74.647194,24.956297, 233.639343, 1.000528
5, 174,0,14.737223, 14.751884, 119.124924, 57.353844,11.890211, 195.167679, 0.999006
5, 174,1,175.213089, 175.216202, 119.124924, 57.353844,11.890211, 195.167679, 0.999982
5, 174,2,184.927460, 184.914047, 119.124924, 57.353844,11.890211, 195.167679, 1.000072
5, 174,3,167.297913, 167.294434, 119.124924, 57.353844,11.890211, 195.167679, 1.000021
5, 174,4,67.493622, 67.481331, 119.124924, 57.353844,11.890211, 195.167679, 1.000182
5, 174,5,119.874817, 119.875565, 119.124924, 57.353844,11.890211, 195.167679, 0.999994
5, 174,6,24.723755, 24.714375, 119.124924, 57.353844,11.890211, 195.167679, 1.000380
5, 174,7,137.989914, 137.995056, 119.124924, 57.353844,11.890211, 195.167679, 0.999963
5, 174,8,176.911911, 176.915817, 119.124924, 57.353844,11.890211, 195.167679, 0.999978
5, 174,9,11.890211, 11.881934, 119.124924, 57.353844,11.890211, 195.167679, 1.000697
5, 174,10,181.961319, 181.955872, 119.124924, 57.353844,11.890211, 195.167679, 1.000030
5, 174,11,32.841805, 32.853745, 119.124924, 57.353844,11.890211, 195.167679, 0.999637
5, 174,12,178.845764, 178.850693, 119.124924, 57.353844,11.890211, 195.167679, 0.999972
5, 174,13,129.411911, 129.408737, 119.124924, 57.353844,11.890211, 195.167679, 1.000025
5, 174,14,176.423294, 176.421814, 119.124924, 57.353844,11.890211, 195.167679, 1.000008
5, 174,15,133.348709, 133.354919, 119.124924, 57.353844,11.890211, 195.167679, 0.999953
5, 174,16,104.766151, 104.773048, 119.124924, 57.353844,11.890211, 195.167679, 0.999934
5, 174,17,159.019501, 159.013916, 119.124924, 57.353844,11.890211, 195.167679, 1.000035
5, 174,18,159.955612, 159.966644, 119.124924, 57.353844,11.890211, 195.167679, 0.999931
5, 174,19,133.072159, 133.072632, 119.124924, 57.353844,11.890211, 195.167679, 0.999996
5, 174,20,137.488846, 137.477539, 119.124924, 57.353844,11.890211, 195.167679, 1.000082
5, 174,21,123.789291, 123.786461, 119.124924, 57.353844,11.890211, 195.167679, 1.000023
5, 174,22,179.787628, 179.779892, 119.124924, 57.353844,11.890211, 195.167679, 1.000043
5, 174,23,23.035427, 23.044159, 119.124924, 57.353844,11.890211, 195.167679, 0.999621
5, 174,24,195.167679, 195.176468, 119.124924, 57.353844,11.890211, 195.167679, 0.999955
5, 174,25,113.341972, 113.341728, 119.124924, 57.353844,11.890211, 195.167679, 1.000002
5, 174,26,145.076767, 145.075851, 119.124924, 57.353844,11.890211, 195.167679, 1.000006
5, 174,27,22.998013, 23.002991, 119.124924, 57.353844,11.890211, 195.167679, 0.999784
5, 174,28,65.521378, 65.517067, 119.124924, 57.353844,11.890211, 195.167679, 1.000066
5, 174,29,98.629433, 98.639114, 119.124924, 57.353844,11.890211, 195.167679, 0.999902
5, 174,30,117.894180, 117.893661, 119.124924, 57.353844,11.890211, 195.167679, 1.000004
5, 174,31,118.560684, 118.552330, 119.124924, 57.353844,11.890211, 195.167679, 1.000070
5, 175,0,163.411819, 163.400894, 119.125648, 58.599213,12.811435, 226.376465, 1.000067
5, 175,1,60.698689, 60.695038, 119.125648, 58.599213,12.811435, 226.376465, 1.000060
5, 175,2,75.157364, 75.148491, 119.125648, 58.599213,12.811435, 226.376465, 1.000118
5, 175,3,59.767319, 59.777359, 119.125648, 58.599213,12.811435, 226.376465, 0.999832
5, 175,4,38.232918, 38.232140, 119.125648, 58.599213,12.811435, 226.376465, 1.000020
5, 175,5,146.385635, 146.376602, 119.125648, 58.599213,12.811435, 226.376465, 1.000062
5, 175,6,59.258625, 59.237545, 119.125648, 58.599213,12.811435, 226.376465, 1.000356
5, 175,7,163.585846, 163.596588, 119.125648, 58.599213,12.811435, 226.376465, 0.999934
5, 175,8,94.427727, 94.426498, 119.125648, 58.599213,12.811435, 226.376465, 1.000013
5, 175,9,141.436600, 141.444077, 119.125648, 58.599213,12.811435, 226.376465, 0.999947
5, 175,10,205.374313, 205.371231, 119.125648, 58.599213,12.811435, 226.376465, 1.000015
5, 175,11,117.568436, 117.570915, 119.125648, 58.599213,12.811435, 226.376465, 0.999979
5, 175,12,12.811435, 12.800272, 119.125648, 58.599213,12.811435, 226.376465, 1.000872
5, 175,13,163.168533, 163.178238, 119.125648, 58.599213,12.811435, 226.376465, 0.999941
5, 175,14,139.798676, 139.797653, 119.125648, 58.599213,12.811435, 226.376465, 1.000007
5, 175,15,113.691940, 113.711258, 119.125648, 58.599213,12.811435, 226.376465, 0.999830
5, 175,16,125.577827, 125.580376, 119.125648, 58.599213,12.811435, 226.376465, 0.999980
5, 175,17,138.292297, 138.292923, 119.125648, 58.599213,12.811435, 226.376465, 0.999995
5, 175,18,76.002304, 76.005440, 119.125648, 58.599213,12.811435, 226.376465, 0.999959
5, 175,19,83.413033, 83.427849, 119.125648, 58.599213,12.811435, 226.376465, 0.999822
5, 175,20,139.048065, 139.028427, 119.125648, 58.599213,12.811435, 226.376465, 1.000141
5, 175,21,125.021194, 125.013565, 119.125648, 58.599213,12.811435, 226.376465, 1.000061
5, 175,22,207.802597, 207.800400, 119.125648, 58.599213,12.811435, 226.376465, 1.000011
5, 175,23,219.302368, 219.305130, 119.125648, 58.599213,12.811435, 226.376465, 0.999987
5, 175,24,138.384079, 138.380646, 119.125648, 58.599213,12.811435, 226.376465, 1.000025
5, 175,25,200.273941, 200.290268, 119.125648, 58.599213,12.811435, 226.376465, 0.999918
5, 175,26,80.322403, 80.317184, 119.125648, 58.599213,12.811435, 226.376465, 1.000065
5, 175,27,15.256199, 15.256414, 119.125648, 58.599213,12.811435, 226.376465, 0.999986
5, 175,28,67.909149, 67.901520, 119.125648, 58.599213,12.811435, 226.376465, 1.000112
5, 175,29,57.213284, 57.213253, 119.125648, 58.599213,12.811435, 226.376465, 1.000000
5, 175,30,157.049881, 157.037872, 119.125648, 58.599213,12.811435, 226.376465, 1.000076
5, 175,31,226.376465, 226.383392, 119.125648, 58.599213,12.811435, 226.376465, 0.999969
5, 176,0,180.691315, 180.684464, 119.125092, 60.986523,20.605549, 222.715118, 1.000038
5, 176,1,116.211922, 116.213417, 119.125092, 60.986523,20.605549, 222.715118, 0.999987
5, 176,2,172.668961, 172.673691, 119.125092, 60.986523,20.605549, 222.715118, 0.999973
5, 176,3,99.762016, 99.759621, 119.125092, 60.986523,20.605549, 222.715118, 1.000024
5, 176,4,197.588074, 197.590790, 119.125092, 60.986523,20.605549, 222.715118, 0.999986
5, 176,5,93.387436, 93.376694, 119.125092, 60.986523,20.605549, 222.715118, 1.000115
5, 176,6,26.555964, 26.548353, 119.125092, 60.986523,20.605549, 222.715118, 1.000287
5, 176,7,25.666229, 25.670279, 119.125092, 60.986523,20.605549, 222.715118, 0.999842
5, 176,8,114.423866, 114.437004, 119.125092, 60.986523,20.605549, 222.715118, 0.999885
5, 176,9,147.710968, 147.702576, 119.125092, 60.986523,20.605549, 222.715118, 1.000057
5, 176,10,20.605549, 20.611210, 119.125092, 60.986523,20.605549, 222.715118, 0.999725
5, 176,11,193.564301, 193.565155, 119.125092, 60.986523,20.605549, 222.715118, 0.999996
5, 176,12,174.186981, 174.186691, 119.125092, 60.986523,20.605549, 222.715118, 1.000002
5, 176,13,106.297882, 106.311424, 119.125092, 60.986523,20.605549, 222.715118, 0.999873
5, 176,14,222.715118, 222.717270, 119.125092, 60.986523,20.605549, 222.715118, 0.999990
5, 176,15,92.225426, 92.228432, 119.125092, 60.986523,20.605549, 222.715118, 0.999967
5, 176,16,66.886177, 66.879059, 119.125092, 60.986523,20.605549, 222.715118, 1.000106
5, 176,17,121.940491, 121.941177, 119.125092, 60.986523,20.605549, 222.715118, 0.999994
5, 176,18,182.100601, 182.109634, 119.125092, 60.986523,20.605549, 222.715118, 0.999950
5, 176,19,55.578041, 55.572144, 119.125092, 60.986523,20.605549, 222.715118, 1.000106
5, 176,20,185.890137, 185.885361, 119.125092, 60.986523,20.605549, 222.715118, 1.000026
5, 176,21,30.477858, 30.486187, 119.125092, 60.986523,20.605549, 222.715118, 0.999727
5, 176,22,109.813690, 109.810219, 119.125092, 60.986523,20.605549, 222.715118, 1.000032
5, 176,23,183.781265, 183.771225, 119.125092, 60.986523,20.605549, 222.715118, 1.000055
5, 176,24,133.515411, 133.504761, 119.125092, 60.986523,20.605549, 222.715118, 1.000080
5, 176,25,99.184341, 99.185501, 119.125092, 60.986523,20.605549, 222.715118, 0.999988
5, 176,26,100.316948, 100.326996, 119.125092, 60.986523,20.605549, 222.715118, 0.999900
5, 176,27,49.900562, 49.898422, 119.125092, 60.986523,20.605549, 222.715118, 1.000043
5, 176,28,182.128769, 182.129898, 119.125092, 60.986523,20.605549, 222.715118, 0.999994
5, 176,29,212.123611, 212.126343, 119.125092, 60.986523,20.605549, 222.715118, 0.999987
5, 176,30,57.556446, 57.551189, 119.125092, 60.986523,20.605549, 222.715118, 1.000091
5, 176,31,56.546890, 56.544781, 119.125092, 60.986523,20.605549, 222.715118, 1.000037
5, 177,0,224.082886, 224.079727, 119.125198, 75.598595,12.444647, 229.143875, 1.000014
5, 177,1,187.020081, 187.015274, 119.125198, 75.598595,12.444647, 229.143875, 1.000026
5, 177,2,225.221893, 225.223129, 119.125198, 75.598595,12.444647, 229.143875, 0.999995
5, 177,3,107.720299, 107.720367, 119.125198, 75.598595,12.444647, 229.143875, 0.999999
5, 177,4,118.708763, 118.699875, 119.125198, 75.598595,12.444647, 229.143875, 1.000075
5, 177,5,16.521696, 16.529844, 119.125198, 75.598595,12.444647, 229.143875, 0.999507
5, 177,6,88.035637, 88.034401, 119.125198, 75.598595,12.444647, 229.143875, 1.000014
5, 177,7,213.862457, 213.857895, 119.125198, 75.598595,12.444647, 229.143875, 1.000021
5, 177,8,22.282618, 22.288231, 119.125198, 75.598595,12.444647, 229.143875, 0.999748
5, 177,9,142.749985, 142.752838, 119.125198, 75.598595,12.444647, 229.143875, 0.999980
5, 177,10,43.711628, 43.696205, 119.125198, 75.598595,12.444647, 229.143875, 1.000353
5, 177,11,33.785229, 33.798119, 119.125198, 75.598595,12.444647, 229.143875, 0.999619
5, 177,12,109.057182, 109.063530, 119.125198, 75.598595,12.444647, 229.143875, 0.999942
5, 177,13,229.143875, 229.149292, 119.125198, 75.598595,12.444647, 229.143875, 0.999976
5, 177,14,204.780243, 204.786377, 119.125198, 75.598595,12.444647, 229.143875, 0.999970
5, 177,15,227.997833, 228.005905, 119.125198, 75.598595,12.444647, 229.143875, 0.999965
5, 177,16,30.174475, 30.168127, 119.125198, 75.598595,12.444647, 229.143875, 1.000210
5, 177,17,148.914047, 148.931396, 119.125198, 75.598595,12.444647, 229.143875, 0.999884
5, 177,18,70.603577, 70.587044, 119.125198, 75.598595,12.444647, 229.143875, 1.000234
5, 177,19,89.234360, 89.239807, 119.125198, 75.598595,12.444647, 229.143875, 0.999939
5, 177,20,71.315063, 71.310287, 119.125198, 75.598595,12.444647, 229.143875, 1.000067
5, 177,21,151.546753, 151.555740, 119.125198, 75.598595,12.444647, 229.143875, 0.999941
5, 177,22,199.908463, 199.902771, 119.125198, 75.598595,12.444647, 229.143875, 1.000028
5, 177,23,226.541046, 226.538742, 119.125198, 75.598595,12.444647, 229.143875, 1.000010
5, 177,24,13.251410, 13.251146, 119.125198, 75.598595,12.444647, 229.143875, 1.000020
5, 177,25,21.120743, 21.117268, 119.125198, 75.598595,12.444647, 229.143875, 1.000165
5, 177,26,137.126724, 137.125336, 119.125198, 75.598595,12.444647, 229.143875, 1.000010
5, 177,27,12.444647, 12.445248, 119.125198, 75.598595,12.444647, 229.143875, 0.999952
5, 177,28,159.861771, 159.855804, 119.125198, 75.598595,12.444647, 229.143875, 1.000037
5, 177,29,83.141205, 83.137016, 119.125198, 75.598595,12.444647, 229.143875, 1.000050
5, 177,30,47.163254, 47.167767, 119.125198, 75.598595,12.444647, 229.143875, 0.999904
5, 177,31,154.976288, 154.965302, 119.125198, 75.598595,12.444647, 229.143875, 1.000071
5, 178,0,79.448265, 79.445648, 119.123665, 58.213825,14.423182, 215.922516, 1.000033
5, 178,1,31.169342, 31.170937, 119.123665, 58.213825,14.423182, 215.922516, 0.999949
5, 178,2,81.106659, 81.122032, 119.123665, 58.213825,14.423182, 215.922516, 0.999811
5, 178,3,98.840279, 98.841980, 119.123665, 58.213825,14.423182, 215.922516, 0.999983
5, 178,4,215.922516, 215.933685, 119.123665, 58.213825,14.423182, 215.922516, 0.999948
5, 178,5,17.201525, 17.216324, 119.123665, 58.213825,14.423182, 215.922516, 0.999140
5, 178,6,204.166931, 204.179337, 119.123665, 58.213825,14.423182, 215.922516, 0.999939
5, 178,7,188.908798, 188.895401, 119.123665, 58.213825,14.423182, 215.922516, 1.000071
5, 178,8,107.428185, 107.426910, 119.123665, 58.213825,14.423182, 215.922516, 1.000012
5, 178,9,175.035004, 175.032471, 119.123665, 58.213825,14.423182, 215.922516, 1.000014
5, 178,10,140.404892, 140.411133, 119.123665, 58.213825,14.423182, 215.922516, 0.999956
5, 178,11,75.293884, 75.287430, 119.123665, 58.213825,14.423182, 215.922516, 1.000086
5, 178,12,92.710495, 92.706139, 119.123665, 58.213825,14.423182, 215.922516, 1.000047
5, 178,13,161.436630, 161.438019, 119.123665, 58.213825,14.423182, 215.922516, 0.999991
5, 178,14,80.007996, 79.989166, 119.123665, 58.213825,14.423182, 215.922516, 1.000235
5, 178,15,96.215935, 96.216072, 119.123665, 58.213825,14.423182, 215.922516, 0.999999
5, 178,16,186.128403, 186.131973, 119.123665, 58.213825,14.423182, 215.922516, 0.999981
5, 178,17,172.321075, 172.321426, 119.123665, 58.213825,14.423182, 215.922516, 0.999998
5, 178,18,113.041061, 113.051979, 119.123665, 58.213825,14.423182, 215.922516, 0.999903
5, 178,19,200.976776, 200.977173, 119.123665, 58.213825,14.423182, 215.922516, 0.999998
5, 178,20,202.576157, 202.581543, 119.123665, 58.213825,14.423182, 215.922516, 0.999973
5, 178,21,165.541306, 165.530746, 119.123665, 58.213825,14.423182, 215.922516, 1.000064
5, 178,22,120.138451, 120.143883, 119.123665, 58.213825,14.423182, 215.922516, 0.999955
5, 178,23,90.865402, 90.872589, 119.123665, 58.213825,14.423182, 215.922516, 0.999921
5, 178,24,112.452385, 112.442978, 119.123665, 58.213825,14.423182, 215.922516, 1.000084
5, 178,25,110.157295, 110.164139, 119.123665, 58.213825,14.423182, 215.922516, 0.999938
5, 178,26,16.797791, 16.797226, 119.123665, 58.213825,14.423182, 215.922516, 1.000034
5, 178,27,14.423182, 14.413613, 119.123665, 58.213825,14.423182, 215.922516, 1.000664
5, 178,28,150.583847, 150.587326, 119.123665, 58.213825,14.423182, 215.922516, 0.999977
5, 178,29,115.579857, 115.579659, 119.123665, 58.213825,14.423182, 215.922516, 1.000002
5, 178,30,144.339218, 144.346725, 119.123665, 58.213825,14.423182, 215.922516, 0.999948
5, 178,31,50.737965, 50.744068, 119.123665, 58.213825,14.423182, 215.922516, 0.999880
5, 179,0,99.806252, 99.805687, 119.126694, 61.053513,17.932934, 228.766251, 1.000006
5, 179,1,46.000908, 46.005707, 119.126694, 61.053513,17.932934, 228.766251, 0.999896
5, 179,2,213.027435, 213.033905, 119.126694, 61.053513,17.932934, 228.766251, 0.999970
5, 179,3,119.059349, 119.063446, 119.126694, 61.053513,17.932934, 228.766251, 0.999966
5, 179,4,36.479519, 36.472572, 119.126694, 61.053513,17.932934, 228.766251, 1.000190
5, 179,5,39.644859, 39.638885, 119.126694, 61.053513,17.932934, 228.766251, 1.000151
5, 179,6,184.358521, 184.359268, 119.126694, 61.053513,17.932934, 228.766251, 0.999996
5, 179,7,17.932934, 17.932880, 119.126694, 61.053513,17.932934, 228.766251, 1.000003
5, 179,8,99.956932, 99.949303, 119.126694, 61.053513,17.932934, 228.766251, 1.000076
5, 179,9,59.936211, 59.936119, 119.126694, 61.053513,17.932934, 228.766251, 1.000002
5, 179,10,122.015785, 122.004074, 119.126694, 61.053513,17.932934, 228.766251, 1.000096
5, 179,11,110.065651, 110.063721, 119.126694, 61.053513,17.932934, 228.766251, 1.000018
5, 179,12,182.333435, 182.348694, 119.126694, 61.053513,17.932934, 228.766251, 0.999916
5, 179,13,83.139954, 83.119278, 119.126694, 61.053513,17.932934, 228.766251, 1.000249
5, 179,14,131.086731, 131.079041, 119.126694, 61.053513,17.932934, 228.766251, 1.000059
5, 179,15,90.704208, 90.717072, 119.126694, 61.053513,17.932934, 228.766251, 0.999858
5, 179,16,157.597214, 157.606293, 119.126694, 61.053513,17.932934, 228.766251, 0.999942
5, 179,17,134.776840, 134.758240, 119.126694, 61.053513,17.932934, 228.766251, 1.000138
5, 179,18,184.467209, 184.455002, 119.126694, 61.053513,17.932934, 228.766251, 1.000066
5, 179,19,228.766251, 228.762878, 119.126694, 61.053513,17.932934, 228.766251, 1.000015
5, 179,20,113.427963, 113.428368, 119.126694, 61.053513,17.932934, 228.766251, 0.999996
5, 179,21,69.971817, 69.968475, 119.126694, 61.053513,17.932934, 228.766251, 1.000048
5, 179,22,25.808634, 25.811054, 119.126694, 61.053513,17.932934, 228.766251, 0.999906
5, 179,23,116.764496, 116.751961, 119.126694, 61.053513,17.932934, 228.766251, 1.000107
5, 179,24,207.396240, 207.391968, 119.126694, 61.053513,17.932934, 228.766251, 1.000021
5, 179,25,33.316624, 33.313095, 119.126694, 61.053513,17.932934, 228.766251, 1.000106
5, 179,26,170.876785, 170.893890, 119.126694, 61.053513,17.932934, 228.766251, 0.999900
5, 179,27,177.144241, 177.137604, 119.126694, 61.053513,17.932934, 228.766251, 1.000037
5, 179,28,97.922310, 97.911369, 119.126694, 61.053513,17.932934, 228.766251, 1.000112
5, 179,29,176.850189, 176.857224, 119.126694, 61.053513,17.932934, 228.766251, 0.999960
5, 179,30,204.269791, 204.273529, 119.126694, 61.053513,17.932934, 228.766251, 0.999982
5, 179,31,77.149162, 77.149109, 119.126694, 61.053513,17.932934, 228.766251, 1.000001
5, 180,0,31.282494, 31.295630, 119.126328, 63.508556,17.894190, 234.028488, 0.999580
5, 180,1,125.416603, 125.408325, 119.126328, 63.508556,17.894190, 234.028488, 1.000066
5, 180,2,97.527672, 97.523087, 119.126328, 63.508556,17.894190, 234.028488, 1.000047
5, 180,3,203.557190, 203.547501, 119.126328, 63.508556,17.894190, 234.028488, 1.000048
5, 180,4,175.015854, 175.014099, 119.126328, 63.508556,17.894190, 234.028488, 1.000010
5, 180,5,92.003105, 92.013733, 119.126328, 63.508556,17.894190, 234.028488, 0.999884
5, 180,6,44.690582, 44.683712, 119.126328, 63.508556,17.894190, 234.028488, 1.000154
5, 180,7,60.204304, 60.181919, 119.126328, 63.508556,17.894190, 234.028488, 1.000372
5, 180,8,17.894190, 17.893137, 119.126328, 63.508556,17.894190, 234.028488, 1.000059
5, 180,9,196.080170, 196.072083, 119.126328, 63.508556,17.894190, 234.028488, 1.000041
5, 180,10,141.689499, 141.698730, 119.126328, 63.508556,17.894190, 234.028488, 0.999935
5, 180,11,147.876068, 147.877853, 119.126328, 63.508556,17.894190, 234.028488, 0.999988
5, 180,12,171.406235, 171.413208, 119.126328, 63.508556,17.894190, 234.028488, 0.999959
5, 180,13,198.934265, 198.931183, 119.126328, 63.508556,17.894190, 234.028488, 1.000015
5, 180,14,210.919571, 210.914917, 119.126328, 63.508556,17.894190, 234.028488, 1.000022
5, 180,15,22.574556, 22.567085, 119.126328, 63.508556,17.894190, 234.028488, 1.000331
5, 180,16,61.080414, 61.082138, 119.126328, 63.508556,17.894190, 234.028488, 0.999972
5, 180,17,110.475151, 110.479065, 119.126328, 63.508556,17.894190, 234.028488, 0.999965
5, 180,18,53.644196, 53.642712, 119.126328, 63.508556,17.894190, 234.028488, 1.000028
5, 180,19,197.501129, 197.498032, 119.126328, 63.508556,17.894190, 234.028488, 1.000016
5, 180,20,165.613815, 165.608612, 119.126328, 63.508556,17.894190, 234.028488, 1.000031
5, 180,21,108.852783, 108.844269, 119.126328, 63.508556,17.894190, 234.028488, 1.000078
5, 180,22,74.467094, 74.463020, 119.126328, 63.508556,17.894190, 234.028488, 1.000055
5, 180,23,63.751202, 63.753994, 119.126328, 63.508556,17.894190, 234.028488, 0.999956
5, 180,24,143.291351, 143.290314, 119.126328, 63.508556,17.894190, 234.028488, 1.000007
5, 180,25,54.995293, 54.996647, 119.126328, 63.508556,17.894190, 234.028488, 0.999975
5, 180,26,53.180294, 53.167397, 119.126328, 63.508556,17.894190, 234.028488, 1.000243
5, 180,27,188.012619, 188.020493, 119.126328, 63.508556,17.894190, 234.028488, 0.999958
5, 180,28,109.687271, 109.694077, 119.126328, 63.508556,17.894190, 234.028488, 0.999938
5, 180,29,172.944122, 172.932800, 119.126328, 63.508556,17.894190, 234.028488, 1.000065
5, 180,30,83.444733, 83.458031, 119.126328, 63.508556,17.894190, 234.028488, 0.999841
5, 180,31,234.028488, 234.032578, 119.126328, 63.508556,17.894190, 234.028488, 0.999983
5, 181,0,182.878403, 182.891190, 119.126091, 64.440437,19.107197, 249.885788, 0.999930
5, 181,1,103.639442, 103.640396, 119.126091, 64.440437,19.107197, 249.885788, 0.999991
5, 181,2,28.519758, 28.513687, 119.126091, 64.440437,19.107197, 249.885788, 1.000213
5, 181,3,159.975449, 159.977997, 119.126091, 64.440437,19.107197, 249.885788, 0.999984
5, 181,4,95.818298, 95.809113, 119.126091, 64.440437,19.107197, 249.885788, 1.000096
5, 181,5,249.885788, 249.888855, 119.126091, 64.440437,19.107197, 249.885788, 0.999988
5, 181,6,95.323235, 95.325249, 119.126091, 64.440437,19.107197, 249.885788, 0.999979
5, 181,7,156.609802, 156.605774, 119.126091, 64.440437,19.107197, 249.885788, 1.000026
5, 181,8,227.941406, 227.935944, 119.126091, 64.440437,19.107197, 249.885788, 1.000024
5, 181,9,31.081192, 31.074488, 119.126091, 64.440437,19.107197, 249.885788, 1.000216
5, 181,10,51.828392, 51.828873, 119.126091, 64.440437,19.107197, 249.885788, 0.999991
5, 181,11,205.318268, 205.320511, 119.126091, 64.440437,19.107197, 249.885788, 0.999989
5, 181,12,41.763775, 41.771782, 119.126091, 64.440437,19.107197, 249.885788, 0.999808
5, 181,13,102.176544, 102.188782, 119.126091, 64.440437,19.107197, 249.885788, 0.999880
5, 181,14,195.767517, 195.769638, 119.126091, 64.440437,19.107197, 249.885788, 0.999989
5, 181,15,64.718132, 64.722198, 119.126091, 64.440437,19.107197, 249.885788, 0.999937
5, 181,16,135.371155, 135.367508, 119.126091, 64.440437,19.107197, 249.885788, 1.000027
5, 181,17,145.189835, 145.193832, 119.126091, 64.440437,19.107197, 249.885788, 0.999972
5, 181,18,102.091362, 102.092010, 119.126091, 64.440437,19.107197, 249.885788, 0.999994
5, 181,19,146.853027, 146.853897, 119.126091, 64.440437,19.107197, 249.885788, 0.999994
5, 181,20,32.644691, 32.637764, 119.126091, 64.440437,19.107197, 249.885788, 1.000212
5, 181,21,162.020645, 162.002808, 119.126091, 64.440437,19.107197, 249.885788, 1.000110
5, 181,22,19.107197, 19.104237, 119.126091, 64.440437,19.107197, 249.885788, 1.000155
5, 181,23,42.277687, 42.285427, 119.126091, 64.440437,19.107197, 249.885788, 0.999817
5, 181,24,77.240852, 77.235878, 119.126091, 64.440437,19.107197, 249.885788, 1.000064
5, 181,25,189.955795, 189.963165, 119.126091, 64.440437,19.107197, 249.885788, 0.999961
5, 181,26,166.998749, 166.990417, 119.126091, 64.440437,19.107197, 249.885788, 1.000050
5, 181,27,167.317719, 167.310516, 119.126091, 64.440437,19.107197, 249.885788, 1.000043
5, 181,28,58.525032, 58.536087, 119.126091, 64.440437,19.107197, 249.885788, 0.999811
5, 181,29,63.545734, 63.516243, 119.126091, 64.440437,19.107197, 249.885788, 1.000464
5, 181,30,141.583084, 141.583405, 119.126091, 64.440437,19.107197, 249.885788, 0.999998
5, 181,31,168.066864, 168.062378, 119.126091, 64.440437,19.107197, 249.885788, 1.000027
5, 182,0,216.798752, 216.790909, 119.124146, 69.550545,13.049999, 216.798752, 1.000036
5, 182,1,205.645660, 205.648041, 119.124146, 69.550545,13.049999, 216.798752, 0.999988
5, 182,2,15.726493, 15.729334, 119.124146, 69.550545,13.049999, 216.798752, 0.999819
5, 182,3,31.633825, 31.634840, 119.124146, 69.550545,13.049999, 216.798752, 0.999968
5, 182,4,143.173676, 143.173172, 119.124146, 69.550545,13.049999, 216.798752, 1.000004
5, 182,5,142.000839, 142.006683, 119.124146, 69.550545,13.049999, 216.798752, 0.999959
5, 182,6,196.036789, 196.032547, 119.124146, 69.550545,13.049999, 216.798752, 1.000022
5, 182,7,214.282379, 214.290375, 119.124146, 69.550545,13.049999, 216.798752, 0.999963
5, 182,8,206.546844, 206.556747, 119.124146, 69.550545,13.049999, 216.798752, 0.999952
5, 182,9,119.433990, 119.437355, 119.124146, 69.550545,13.049999, 216.798752, 0.999972
5, 182,10,91.324844, 91.338493, 119.124146, 69.550545,13.049999, 216.798752, 0.999851
5, 182,11,54.426613, 54.436169, 119.124146, 69.550545,13.049999, 216.798752, 0.999824
5, 182,12,13.049999, 13.048341, 119.124146, 69.550545,13.049999, 216.798752, 1.000127
5, 182,13,134.356476, 134.343933, 119.124146, 69.550545,13.049999, 216.798752, 1.000093
5, 182,14,206.270798, 206.253845, 119.124146, 69.550545,13.049999, 216.798752, 1.000082
5, 182,15,41.282810, 41.282547, 119.124146, 69.550545,13.049999, 216.798752, 1.000006
5, 182,16,216.362442, 216.352676, 119.124146, 69.550545,13.049999, 216.798752, 1.000045
5, 182,17,203.026749, 203.025055, 119.124146, 69.550545,13.049999, 216.798752, 1.000008
5, 182,18,155.814865, 155.817657, 119.124146, 69.550545,13.049999, 216.798752, 0.999982
5, 182,19,120.450081, 120.442734, 119.124146, 69.550545,13.049999, 216.798752, 1.000061
5, 182,20,66.988853, 66.990433, 119.124146, 69.550545,13.049999, 216.798752, 0.999976
5, 182,21,138.035873, 138.043198, 119.124146, 69.550545,13.049999, 216.798752, 0.999947
5, 182,22,101.975594, 101.978683, 119.124146, 69.550545,13.049999, 216.798752, 0.999970
5, 182,23,56.987133, 56.994713, 119.124146, 69.550545,13.049999, 216.798752, 0.999867
5, 182,24,45.033836, 45.039806, 119.124146, 69.550545,13.049999, 216.798752, 0.999867
5, 182,25,123.502304, 123.510406, 119.124146, 69.550545,13.049999, 216.798752, 0.999934
5, 182,26,215.532593, 215.521317, 119.124146, 69.550545,13.049999, 216.798752, 1.000052
5, 182,27,20.068707, 20.066612, 119.124146, 69.550545,13.049999, 216.798752, 1.000104
5, 182,28,27.211647, 27.213781, 119.124146, 69.550545,13.049999, 216.798752, 0.999922
5, 182,29,116.143921, 116.144119, 119.124146, 69.550545,13.049999, 216.798752, 0.999998
5, 182,30,70.801811, 70.805695, 119.124146, 69.550545,13.049999, 216.798752, 0.999945
5, 182,31,102.045319, 102.049576, 119.124146, 69.550545,13.049999, 216.798752, 0.999958
5, 183,0,16.360720, 16.366356, 119.122490, 65.241859,16.360720, 216.539581, 0.999656
5, 183,1,212.868423, 212.876236, 119.122490, 65.241859,16.360720, 216.539581, 0.999963
5, 183,2,193.730408, 193.745575, 119.122490, 65.241859,16.360720, 216.539581, 0.999922
5, 183,3,123.094269, 123.096077, 119.122490, 65.241859,16.360720, 216.539581, 0.999985
5, 183,4,216.539581, 216.530411, 119.122490, 65.241859,16.360720, 216.539581, 1.000042
5, 183,5,38.794968, 38.797173, 119.122490, 65.241859,16.360720, 216.539581, 0.999943
5, 183,6,90.983040, 90.992447, 119.122490, 65.241859,16.360720, 216.539581, 0.999897
5, 183,7,136.328827, 136.334549, 119.122490, 65.241859,16.360720, 216.539581, 0.999958
5, 183,8,113.827370, 113.827881, 119.122490, 65.241859,16.360720, 216.539581, 0.999996
5, 183,9,65.274467, 65.261490, 119.122490, 65.241859,16.360720, 216.539581, 1.000199
5, 183,10,196.582047, 196.571548, 119.122490, 65.241859,16.360720, 216.539581, 1.000053
5, 183,11,208.688675, 208.684692, 119.122490, 65.241859,16.360720, 216.539581, 1.000019
5, 183,12,40.925404, 40.921402, 119.122490, 65.241859,16.360720, 216.539581, 1.000098
5, 183,13,60.751293, 60.753834, 119.122490, 65.241859,16.360720, 216.539581, 0.999958
5, 183,14,45.073368, 45.075020, 119.122490, 65.241859,16.360720, 216.539581, 0.999963
5, 183,15,140.613846, 140.620956, 119.122490, 65.241859,16.360720, 216.539581, 0.999949
5, 183,16,100.796852, 100.804344, 119.122490, 65.241859,16.360720, 216.539581, 0.999926
5, 183,17,63.517124, 63.522915, 119.122490, 65.241859,16.360720, 216.539581, 0.999909
5, 183,18,33.688957, 33.688915, 119.122490, 65.241859,16.360720, 216.539581, 1.000001
5, 183,19,208.667511, 208.665726, 119.122490, 65.241859,16.360720, 216.539581, 1.000009
5, 183,20,135.292770, 135.297745, 119.122490, 65.241859,16.360720, 216.539581, 0.999963
5, 183,21,87.768196, 87.774498, 119.122490, 65.241859,16.360720, 216.539581, 0.999928
5, 183,22,154.328735, 154.320953, 119.122490, 65.241859,16.360720, 216.539581, 1.000050
5, 183,23,22.856663, 22.859156, 119.122490, 65.241859,16.360720, 216.539581, 0.999891
5, 183,24,174.579681, 174.595932, 119.122490, 65.241859,16.360720, 216.539581, 0.999907
5, 183,25,43.842747, 43.848534, 119.122490, 65.241859,16.360720, 216.539581, 0.999868
5, 183,26,155.281143, 155.288223, 119.122490, 65.241859,16.360720, 216.539581, 0.999954
5, 183,27,139.260284, 139.268005, 119.122490, 65.241859,16.360720, 216.539581, 0.999945
5, 183,28,79.588631, 79.587379, 119.122490, 65.241859,16.360720, 216.539581, 1.000016
5, 183,29,215.615799, 215.613708, 119.122490, 65.241859,16.360720, 216.539581, 1.000010
5, 183,30,103.158272, 103.156166, 119.122490, 65.241859,16.360720, 216.539581, 1.000020
5, 183,31,193.239609, 193.252457, 119.122490, 65.241859,16.360720, 216.539581, 0.999934
5, 184,0,140.409119, 140.415466, 119.124725, 88.079811,12.842445, 328.580017, 0.999955
5, 184,1,70.923889, 70.920441, 119.124725, 88.079811,12.842445, 328.580017, 1.000049
5, 184,2,328.580017, 328.587067, 119.124725, 88.079811,12.842445, 328.580017, 0.999979
5, 184,3,88.313576, 88.319153, 119.124725, 88.079811,12.842445, 328.580017, 0.999937
5, 184,4,277.627289, 277.628723, 119.124725, 88.079811,12.842445, 328.580017, 0.999995
5, 184,5,230.108536, 230.094193, 119.124725, 88.079811,12.842445, 328.580017, 1.000062
5, 184,6,234.670624, 234.665970, 119.124725, 88.079811,12.842445, 328.580017, 1.000020
5, 184,7,127.010963, 126.999588, 119.124725, 88.079811,12.842445, 328.580017, 1.000090
5, 184,8,129.938843, 129.944305, 119.124725, 88.079811,12.842445, 328.580017, 0.999958
5, 184,9,106.858452, 106.865807, 119.124725, 88.079811,12.842445, 328.580017, 0.999931
5, 184,10,34.661293, 34.665642, 119.124725, 88.079811,12.842445, 328.580017, 0.999875
5, 184,11,83.162109, 83.168419, 119.124725, 88.079811,12.842445, 328.580017, 0.999924
5, 184,12,93.000885, 93.000740, 119.124725, 88.079811,12.842445, 328.580017, 1.000002
5, 184,13,153.767181, 153.761475, 119.124725, 88.079811,12.842445, 328.580017, 1.000037
5, 184,14,158.021637, 158.013824, 119.124725, 88.079811,12.842445, 328.580017, 1.000049
5, 184,15,12.842445, 12.844884, 119.124725, 88.079811,12.842445, 328.580017, 0.999810
5, 184,16,54.498547, 54.499977, 119.124725, 88.079811,12.842445, 328.580017, 0.999974
5, 184,17,49.810432, 49.798428, 119.124725, 88.079811,12.842445, 328.580017, 1.000241
5, 184,18,106.755234, 106.746017, 119.124725, 88.079811,12.842445, 328.580017, 1.000086
5, 184,19,68.520599, 68.504784, 119.124725, 88.079811,12.842445, 328.580017, 1.000231
5, 184,20,146.839890, 146.833923, 119.124725, 88.079811,12.842445, 328.580017, 1.000041
5, 184,21,81.554733, 81.571289, 119.124725, 88.079811,12.842445, 328.580017, 0.999797
5, 184,22,77.256958, 77.249069, 119.124725, 88.079811,12.842445, 328.580017, 1.000102
5, 184,23,253.967560, 253.981232, 119.124725, 88.079811,12.842445, 328.580017, 0.999946
5, 184,24,51.360577, 51.365612, 119.124725, 88.079811,12.842445, 328.580017, 0.999902
5, 184,25,327.328156, 327.329346, 119.124725, 88.079811,12.842445, 328.580017, 0.999996
5, 184,26,14.506839, 14.511887, 119.124725, 88.079811,12.842445, 328.580017, 0.999652
5, 184,27,31.737133, 31.750883, 119.124725, 88.079811,12.842445, 328.580017, 0.999567
5, 184,28,53.906960, 53.921013, 119.124725, 88.079811,12.842445, 328.580017, 0.999739
5, 184,29,148.275284, 148.271347, 119.124725, 88.079811,12.842445, 328.580017, 1.000027
5, 184,30,34.105953, 34.096664, 119.124725, 88.079811,12.842445, 328.580017, 1.000272
5, 184,31,41.669395, 41.673042, 119.124725, 88.079811,12.842445, 328.580017, 0.999913
5, 185,0,14.716211, 14.716242, 119.122398, 52.121017,14.716211, 194.598938, 0.999998
5, 185,1,194.598938, 194.599716, 119.122398, 52.121017,14.716211, 194.598938, 0.999996
5, 185,2,59.942200, 59.943485, 119.122398, 52.121017,14.716211, 194.598938, 0.999979
5, 185,3,106.499901, 106.526512, 119.122398, 52.121017,14.716211, 194.598938, 0.999750
5, 185,4,79.889526, 79.886124, 119.122398, 52.121017,14.716211, 194.598938, 1.000043
5, 185,5,134.479660, 134.487915, 119.122398, 52.121017,14.716211, 194.598938, 0.999939
5, 185,6,148.909607, 148.914749, 119.122398, 52.121017,14.716211, 194.598938, 0.999965
5, 185,7,118.522285, 118.519905, 119.122398, 52.121017,14.716211, 194.598938, 1.000020
5, 185,8,142.028366, 142.031570, 119.122398, 52.121017,14.716211, 194.598938, 0.999977
5, 185,9,76.787582, 76.786377, 119.122398, 52.121017,14.716211, 194.598938, 1.000016
5, 185,10,185.330872, 185.335251, 119.122398, 52.121017,14.716211, 194.598938, 0.999976
5, 185,11,50.347603, 50.360363, 119.122398, 52.121017,14.716211, 194.598938, 0.999747
5, 185,12,190.932541, 190.949554, 119.122398, 52.121017,14.716211, 194.598938, 0.999911
5, 185,13,113.795860, 113.780487, 119.122398, 52.121017,14.716211, 194.598938, 1.000135
5, 185,14,182.032120, 182.032715, 119.122398, 52.121017,14.716211, 194.598938, 0.999997
5, 185,15,38.683289, 38.679848, 119.122398, 52.121017,14.716211, 194.598938, 1.000089
5, 185,16,145.750885, 145.757065, 119.122398, 52.121017,14.716211, 194.598938, 0.999958
5, 185,17,165.591049, 165.601212, 119.122398, 52.121017,14.716211, 194.598938, 0.999939
5, 185,18,112.109550, 112.100250, 119.122398, 52.121017,14.716211, 194.598938, 1.000083
5, 185,19,109.432991, 109.423462, 119.122398, 52.121017,14.716211, 194.598938, 1.000087
5, 185,20,187.917221, 187.913544, 119.122398, 52.121017,14.716211, 194.598938, 1.000020
5, 185,21,144.052109, 144.053665, 119.122398, 52.121017,14.716211, 194.598938, 0.999989
5, 185,22,105.631882, 105.628456, 119.122398, 52.121017,14.716211, 194.598938, 1.000032
5, 185,23,180.916336, 180.926102, 119.122398, 52.121017,14.716211, 194.598938, 0.999946
5, 185,24,111.218338, 111.219582, 119.122398, 52.121017,14.716211, 194.598938, 0.999989
5, 185,25,27.809462, 27.804680, 119.122398, 52.121017,14.716211, 194.598938, 1.000172
5, 185,26,152.876770, 152.889359, 119.122398, 52.121017,14.716211, 194.598938, 0.999918
5, 185,27,28.808054, 28.812820, 119.122398, 52.121017,14.716211, 194.598938, 0.999835
5, 185,28,115.367943, 115.368011, 119.122398, 52.121017,14.716211, 194.598938, 0.999999
5, 185,29,163.427963, 163.434280, 119.122398, 52.121017,14.716211, 194.598938, 0.999961
5, 185,30,79.343956, 79.347290, 119.122398, 52.121017,14.716211, 194.598938, 0.999958
5, 185,31,144.165756, 144.169525, 119.122398, 52.121017,14.716211, 194.598938, 0.999974
5, 186,0,64.707817, 64.700531, 119.124214, 54.067814,23.168934, 214.381241, 1.000113
5, 186,1,125.754601, 125.753891, 119.124214, 54.067814,23.168934, 214.381241, 1.000006
5, 186,2,92.015366, 92.015083, 119.124214, 54.067814,23.168934, 214.381241, 1.000003
5, 186,3,161.031082, 161.038696, 119.124214, 54.067814,23.168934, 214.381241, 0.999953
5, 186,4,185.922440, 185.930344, 119.124214, 54.067814,23.168934, 214.381241, 0.999958
5, 186,5,179.766632, 179.772385, 119.124214, 54.067814,23.168934, 214.381241, 0.999968
5, 186,6,147.259338, 147.261261, 119.124214, 54.067814,23.168934, 214.381241, 0.999987
5, 186,7,40.505146, 40.510445, 119.124214, 54.067814,23.168934, 214.381241, 0.999869
5, 186,8,23.168934, 23.179834, 119.124214, 54.067814,23.168934, 214.381241, 0.999530
5, 186,9,214.381241, 214.381638, 119.124214, 54.067814,23.168934, 214.381241, 0.999998
5, 186,10,34.510452, 34.501892, 119.124214, 54.067814,23.168934, 214.381241, 1.000248
5, 186,11,45.164356, 45.154888, 119.124214, 54.067814,23.168934, 214.381241, 1.000210
5, 186,12,175.778458, 175.777512, 119.124214, 54.067814,23.168934, 214.381241, 1.000005
5, 186,13,57.217918, 57.223953, 119.124214, 54.067814,23.168934, 214.381241, 0.999895
5, 186,14,183.178040, 183.176147, 119.124214, 54.067814,23.168934, 214.381241, 1.000010
5, 186,15,107.329147, 107.325508, 119.124214, 54.067814,23.168934, 214.381241, 1.000034
5, 186,16,58.188766, 58.185322, 119.124214, 54.067814,23.168934, 214.381241, 1.000059
5, 186,17,105.578865, 105.584656, 119.124214, 54.067814,23.168934, 214.381241, 0.999945
5, 186,18,180.200394, 180.194595, 119.124214, 54.067814,23.168934, 214.381241, 1.000032
5, 186,19,87.848358, 87.844826, 119.124214, 54.067814,23.168934, 214.381241, 1.000040
5, 186,20,72.628235, 72.631821, 119.124214, 54.067814,23.168934, 214.381241, 0.999951
5, 186,21,156.444519, 156.446213, 119.124214, 54.067814,23.168934, 214.381241, 0.999989
5, 186,22,71.392159, 71.384644, 119.124214, 54.067814,23.168934, 214.381241, 1.000105
5, 186,23,155.304962, 155.309479, 119.124214, 54.067814,23.168934, 214.381241, 0.999971
5, 186,24,178.599335, 178.603149, 119.124214, 54.067814,23.168934, 214.381241, 0.999979
5, 186,25,106.102730, 106.104309, 119.124214, 54.067814,23.168934, 214.381241, 0.999985
5, 186,26,98.561371, 98.562775, 119.124214, 54.067814,23.168934, 214.381241, 0.999986
5, 186,27,111.505844, 111.508759, 119.124214, 54.067814,23.168934, 214.381241, 0.999974
5, 186,28,134.024170, 134.029449, 119.124214, 54.067814,23.168934, 214.381241, 0.999961
5, 186,29,104.699913, 104.701241, 119.124214, 54.067814,23.168934, 214.381241, 0.999987
5, 186,30,156.015808, 156.017502, 119.124214, 54.067814,23.168934, 214.381241, 0.999989
5, 186,31,197.188553, 197.187424, 119.124214, 54.067814,23.168934, 214.381241, 1.000006
5, 187,0,194.059891, 194.066895, 119.124283, 63.826908,28.911795, 223.748077, 0.999964
5, 187,1,202.517731, 202.512634, 119.124283, 63.826908,28.911795, 223.748077, 1.000025
5, 187,2,146.119415, 146.110703, 119.124283, 63.826908,28.911795, 223.748077, 1.000060
5, 187,3,60.032833, 60.039528, 119.124283, 63.826908,28.911795, 223.748077, 0.999888
5, 187,4,70.613792, 70.614883, 119.124283, 63.826908,28.911795, 223.748077, 0.999985
5, 187,5,29.525633, 29.530365, 119.124283, 63.826908,28.911795, 223.748077, 0.999840
5, 187,6,162.136108, 162.142380, 119.124283, 63.826908,28.911795, 223.748077, 0.999961
5, 187,7,117.490654, 117.499672, 119.124283, 63.826908,28.911795, 223.748077, 0.999923
5, 187,8,106.833000, 106.844940, 119.124283, 63.826908,28.911795, 223.748077, 0.999888
5, 187,9,103.048897, 103.048660, 119.124283, 63.826908,28.911795, 223.748077, 1.000002
5, 187,10,221.650818, 221.646179, 119.124283, 63.826908,28.911795, 223.748077, 1.000021
5, 187,11,86.340820, 86.342361, 119.124283, 63.826908,28.911795, 223.748077, 0.999982
5, 187,12,46.560593, 46.567352, 119.124283, 63.826908,28.911795, 223.748077, 0.999855
5, 187,13,97.144821, 97.122749, 119.124283, 63.826908,28.911795, 223.748077, 1.000227
5, 187,14,143.187607, 143.200653, 119.124283, 63.826908,28.911795, 223.748077, 0.999909
5, 187,15,195.985916, 195.984879, 119.124283, 63.826908,28.911795, 223.748077, 1.000005
5, 187,16,37.595715, 37.592510, 119.124283, 63.826908,28.911795, 223.748077, 1.000085
5, 187,17,202.496643, 202.506027, 119.124283, 63.826908,28.911795, 223.748077, 0.999954
5, 187,18,160.983627, 160.985001, 119.124283, 63.826908,28.911795, 223.748077, 0.999991
5, 187,19,33.528809, 33.525063, 119.124283, 63.826908,28.911795, 223.748077, 1.000112
5, 187,20,124.662727, 124.655731, 119.124283, 63.826908,28.911795, 223.748077, 1.000056
5, 187,21,74.316605, 74.311974, 119.124283, 63.826908,28.911795, 223.748077, 1.000062
5, 187,22,99.595016, 99.602898, 119.124283, 63.826908,28.911795, 223.748077, 0.999921
5, 187,23,179.424927, 179.430695, 119.124283, 63.826908,28.911795, 223.748077, 0.999968
5, 187,24,28.911795, 28.908670, 119.124283, 63.826908,28.911795, 223.748077, 1.000108
5, 187,25,170.763672, 170.766708, 119.124283, 63.826908,28.911795, 223.748077, 0.999982
5, 187,26,44.396580, 44.398045, 119.124283, 63.826908,28.911795, 223.748077, 0.999967
5, 187,27,223.748077, 223.742722, 119.124283, 63.826908,28.911795, 223.748077, 1.000024
5, 187,28,33.454990, 33.458923, 119.124283, 63.826908,28.911795, 223.748077, 0.999882
5, 187,29,207.312393, 207.300995, 119.124283, 63.826908,28.911795, 223.748077, 1.000055
5, 187,30,130.024521, 130.012863, 119.124283, 63.826908,28.911795, 223.748077, 1.000090
5, 187,31,77.512520, 77.526253, 119.124283, 63.826908,28.911795, 223.748077, 0.999823
5, 188,0,197.581512, 197.585098, 119.125244, 56.578785,11.657765, 197.581512, 0.999982
5, 188,1,160.992172, 160.997345, 119.125244, 56.578785,11.657765, 197.581512, 0.999968
5, 188,2,192.250839, 192.254593, 119.125244, 56.578785,11.657765, 197.581512, 0.999980
5, 188,3,105.811234, 105.812302, 119.125244, 56.578785,11.657765, 197.581512, 0.999990
5, 188,4,150.377701, 150.366074, 119.125244, 56.578785,11.657765, 197.581512, 1.000077
5, 188,5,167.111893, 167.101257, 119.125244, 56.578785,11.657765, 197.581512, 1.000064
5, 188,6,75.321793, 75.316566, 119.125244, 56.578785,11.657765, 197.581512, 1.000069
5, 188,7,123.865234, 123.862267, 119.125244, 56.578785,11.657765, 197.581512, 1.000024
5, 188,8,56.251678, 56.237396, 119.125244, 56.578785,11.657765, 197.581512, 1.000254
5, 188,9,175.357346, 175.370667, 119.125244, 56.578785,11.657765, 197.581512, 0.999924
5, 188,10,105.646736, 105.639778, 119.125244, 56.578785,11.657765, 197.581512, 1.000066
5, 188,11,24.791166, 24.783831, 119.125244, 56.578785,11.657765, 197.581512, 1.000296
5, 188,12,100.991188, 100.987480, 119.125244, 56.578785,11.657765, 197.581512, 1.000037
5, 188,13,69.442970, 69.462524, 119.125244, 56.578785,11.657765, 197.581512, 0.999718
5, 188,14,186.458374, 186.448135, 119.125244, 56.578785,11.657765, 197.581512, 1.000055
5, 188,15,169.072540, 169.076385, 119.125244, 56.578785,11.657765, 197.581512, 0.999977
5, 188,16,64.860291, 64.851883, 119.125244, 56.578785,11.657765, 197.581512, 1.000130
5, 188,17,165.281631, 165.292694, 119.125244, 56.578785,11.657765, 197.581512, 0.999933
5, 188,18,107.624054, 107.620865, 119.125244, 56.578785,11.657765, 197.581512, 1.000030
5, 188,19,46.447594, 46.456863, 119.125244, 56.578785,11.657765, 197.581512, 0.999800
5, 188,20,124.436470, 124.445290, 119.125244, 56.578785,11.657765, 197.581512, 0.999929
5, 188,21,194.338165, 194.330856, 119.125244, 56.578785,11.657765, 197.581512, 1.000038
5, 188,22,183.277161, 183.295044, 119.125244, 56.578785,11.657765, 197.581512, 0.999902
5, 188,23,91.419594, 91.415176, 119.125244, 56.578785,11.657765, 197.581512, 1.000048
5, 188,24,11.657765, 11.671733, 119.125244, 56.578785,11.657765, 197.581512, 0.998803
5, 188,25,96.647491, 96.644554, 119.125244, 56.578785,11.657765, 197.581512, 1.000030
5, 188,26,164.271820, 164.269409, 119.125244, 56.578785,11.657765, 197.581512, 1.000015
5, 188,27,96.732460, 96.721893, 119.125244, 56.578785,11.657765, 197.581512, 1.000109
5, 188,28,191.055115, 191.052841, 119.125244, 56.578785,11.657765, 197.581512, 1.000012
5, 188,29,22.337835, 22.338697, 119.125244, 56.578785,11.657765, 197.581512, 0.999961
5, 188,30,135.258255, 135.266937, 119.125244, 56.578785,11.657765, 197.581512, 0.999936
5, 188,31,55.037510, 55.023754, 119.125244, 56.578785,11.657765, 197.581512, 1.000250
5, 189,0,45.009460, 44.994781, 119.126854, 66.185608,19.362288, 216.523804, 1.000326
5, 189,1,172.198456, 172.201874, 119.126854, 66.185608,19.362288, 216.523804, 0.999980
5, 189,2,205.194016, 205.190765, 119.126854, 66.185608,19.362288, 216.523804, 1.000016
5, 189,3,212.979050, 212.971039, 119.126854, 66.185608,19.362288, 216.523804, 1.000038
5, 189,4,19.960632, 19.957169, 119.126854, 66.185608,19.362288, 216.523804, 1.000174
5, 189,5,117.522163, 117.516373, 119.126854, 66.185608,19.362288, 216.523804, 1.000049
5, 189,6,38.454674, 38.464088, 119.126854, 66.185608,19.362288, 216.523804, 0.999755
5, 189,7,202.448990, 202.448257, 119.126854, 66.185608,19.362288, 216.523804, 1.000004
5, 189,8,58.739418, 58.733566, 119.126854, 66.185608,19.362288, 216.523804, 1.000100
5, 189,9,28.823511, 28.829176, 119.126854, 66.185608,19.362288, 216.523804, 0.999803
5, 189,10,73.816475, 73.807434, 119.126854, 66.185608,19.362288, 216.523804, 1.000123
5, 189,11,154.203964, 154.201385, 119.126854, 66.185608,19.362288, 216.523804, 1.000017
5, 189,12,208.937515, 208.932922, 119.126854, 66.185608,19.362288, 216.523804, 1.000022
5, 189,13,102.711311, 102.712158, 119.126854, 66.185608,19.362288, 216.523804, 0.999992
5, 189,14,104.262329, 104.244537, 119.126854, 66.185608,19.362288, 216.523804, 1.000171
5, 189,15,79.844856, 79.851448, 119.126854, 66.185608,19.362288, 216.523804, 0.999917
5, 189,16,216.523804, 216.522476, 119.126854, 66.185608,19.362288, 216.523804, 1.000006
5, 189,17,142.490417, 142.488220, 119.126854, 66.185608,19.362288, 216.523804, 1.000015
5, 189,18,40.141735, 40.134575, 119.126854, 66.185608,19.362288, 216.523804, 1.000178
5, 189,19,24.466820, 24.475380, 119.126854, 66.185608,19.362288, 216.523804, 0.999650
5, 189,20,78.986763, 78.983315, 119.126854, 66.185608,19.362288, 216.523804, 1.000044
5, 189,21,80.915291, 80.916878, 119.126854, 66.185608,19.362288, 216.523804, 0.999980
5, 189,22,199.873245, 199.876755, 119.126854, 66.185608,19.362288, 216.523804, 0.999982
5, 189,23,83.564774, 83.567299, 119.126854, 66.185608,19.362288, 216.523804, 0.999970
5, 189,24,129.052338, 129.065125, 119.126854, 66.185608,19.362288, 216.523804, 0.999901
5, 189,25,186.781555, 186.802216, 119.126854, 66.185608,19.362288, 216.523804, 0.999889
5, 189,26,178.326248, 178.311676, 119.126854, 66.185608,19.362288, 216.523804, 1.000082
5, 189,27,161.196762, 161.179291, 119.126854, 66.185608,19.362288, 216.523804, 1.000108
5, 189,28,171.098694, 171.110153, 119.126854, 66.185608,19.362288, 216.523804, 0.999933
5, 189,29,19.362288, 19.358686, 119.126854, 66.185608,19.362288, 216.523804, 1.000186
5, 189,30,178.697861, 178.693130, 119.126854, 66.185608,19.362288, 216.523804, 1.000026
5, 189,31,95.474068, 95.458023, 119.126854, 66.185608,19.362288, 216.523804, 1.000168
5, 190,0,105.933105, 105.931511, 119.125671, 68.165352,10.974363, 228.118729, 1.000015
5, 190,1,44.920326, 44.925747, 119.125671, 68.165352,10.974363, 228.118729, 0.999879
5, 190,2,190.820572, 190.821426, 119.125671, 68.165352,10.974363, 228.118729, 0.999996
5, 190,3,24.426950, 24.442719, 119.125671, 68.165352,10.974363, 228.118729, 0.999355
5, 190,4,24.319921, 24.331886, 119.125671, 68.165352,10.974363, 228.118729, 0.999508
5, 190,5,10.974363, 10.990556, 119.125671, 68.165352,10.974363, 228.118729, 0.998527
5, 190,6,200.097214, 200.089706, 119.125671, 68.165352,10.974363, 228.118729, 1.000038
5, 190,7,109.801521, 109.796753, 119.125671, 68.165352,10.974363, 228.118729, 1.000043
5, 190,8,149.188980, 149.183472, 119.125671, 68.165352,10.974363, 228.118729, 1.000037
5, 190,9,191.200500, 191.188568, 119.125671, 68.165352,10.974363, 228.118729, 1.000062
5, 190,10,166.220901, 166.216858, 119.125671, 68.165352,10.974363, 228.118729, 1.000024
5, 190,11,122.742691, 122.736320, 119.125671, 68.165352,10.974363, 228.118729, 1.000052
5, 190,12,167.601959, 167.595322, 119.125671, 68.165352,10.974363, 228.118729, 1.000040
5, 190,13,136.678070, 136.680298, 119.125671, 68.165352,10.974363, 228.118729, 0.999984
5, 190,14,37.158428, 37.160622, 119.125671, 68.165352,10.974363, 228.118729, 0.999941
5, 190,15,215.941132, 215.931686, 119.125671, 68.165352,10.974363, 228.118729, 1.000044
5, 190,16,199.343018, 199.348526, 119.125671, 68.165352,10.974363, 228.118729, 0.999972
5, 190,17,138.188919, 138.176529, 119.125671, 68.165352,10.974363, 228.118729, 1.000090
5, 190,18,54.971073, 54.969841, 119.125671, 68.165352,10.974363, 228.118729, 1.000022
5, 190,19,65.910698, 65.907516, 119.125671, 68.165352,10.974363, 228.118729, 1.000048
5, 190,20,120.370590, 120.367294, 119.125671, 68.165352,10.974363, 228.118729, 1.000027
5, 190,21,106.038467, 106.035408, 119.125671, 68.165352,10.974363, 228.118729, 1.000029
5, 190,22,171.696869, 171.703018, 119.125671, 68.165352,10.974363, 228.118729, 0.999964
5, 190,23,199.640152, 199.646393, 119.125671, 68.165352,10.974363, 228.118729, 0.999969
5, 190,24,37.594372, 37.597023, 119.125671, 68.165352,10.974363, 228.118729, 0.999929
5, 190,25,217.000137, 216.991501, 119.125671, 68.165352,10.974363, 228.118729, 1.000040
5, 190,26,66.967613, 66.960419, 119.125671, 68.165352,10.974363, 228.118729, 1.000107
5, 190,27,154.452209, 154.447952, 119.125671, 68.165352,10.974363, 228.118729, 1.000028
5, 190,28,49.585976, 49.580662, 119.125671, 68.165352,10.974363, 228.118729, 1.000107
5, 190,29,71.732826, 71.740021, 119.125671, 68.165352,10.974363, 228.118729, 0.999900
5, 190,30,228.118729, 228.116211, 119.125671, 68.165352,10.974363, 228.118729, 1.000011
5, 190,31,32.383099, 32.387943, 119.125671, 68.165352,10.974363, 228.118729, 0.999850
5, 191,0,35.338196, 35.318596, 119.127556, 59.946571,10.823792, 215.402603, 1.000555
5, 191,1,28.807678, 28.811893, 119.127556, 59.946571,10.823792, 215.402603, 0.999854
5, 191,2,117.728333, 117.730507, 119.127556, 59.946571,10.823792, 215.402603, 0.999982
5, 191,3,86.605606, 86.619743, 119.127556, 59.946571,10.823792, 215.402603, 0.999837
5, 191,4,109.886490, 109.883255, 119.127556, 59.946571,10.823792, 215.402603, 1.000029
5, 191,5,100.909683, 100.904129, 119.127556, 59.946571,10.823792, 215.402603, 1.000055
5, 191,6,82.916481, 82.907944, 119.127556, 59.946571,10.823792, 215.402603, 1.000103
5, 191,7,170.010971, 169.999115, 119.127556, 59.946571,10.823792, 215.402603, 1.000070
5, 191,8,10.823792, 10.828356, 119.127556, 59.946571,10.823792, 215.402603, 0.999578
5, 191,9,95.722450, 95.731659, 119.127556, 59.946571,10.823792, 215.402603, 0.999904
5, 191,10,138.126465, 138.135880, 119.127556, 59.946571,10.823792, 215.402603, 0.999932
5, 191,11,207.708008, 207.717758, 119.127556, 59.946571,10.823792, 215.402603, 0.999953
5, 191,12,184.720215, 184.700867, 119.127556, 59.946571,10.823792, 215.402603, 1.000105
5, 191,13,165.485596, 165.490585, 119.127556, 59.946571,10.823792, 215.402603, 0.999970
5, 191,14,13.483754, 13.490477, 119.127556, 59.946571,10.823792, 215.402603, 0.999502
5, 191,15,138.740723, 138.723938, 119.127556, 59.946571,10.823792, 215.402603, 1.000121
5, 191,16,215.402603, 215.394287, 119.127556, 59.946571,10.823792, 215.402603, 1.000039
5, 191,17,144.596634, 144.585678, 119.127556, 59.946571,10.823792, 215.402603, 1.000076
5, 191,18,199.835770, 199.819931, 119.127556, 59.946571,10.823792, 215.402603, 1.000079
5, 191,19,62.433876, 62.426693, 119.127556, 59.946571,10.823792, 215.402603, 1.000115
5, 191,20,165.360397, 165.357803, 119.127556, 59.946571,10.823792, 215.402603, 1.000016
5, 191,21,110.432053, 110.433388, 119.127556, 59.946571,10.823792, 215.402603, 0.999988
5, 191,22,188.538193, 188.532791, 119.127556, 59.946571,10.823792, 215.402603, 1.000029
5, 191,23,157.887161, 157.889938, 119.127556, 59.946571,10.823792, 215.402603, 0.999982
5, 191,24,118.703316, 118.704308, 119.127556, 59.946571,10.823792, 215.402603, 0.999992
5, 191,25,122.426460, 122.397118, 119.127556, 59.946571,10.823792, 215.402603, 1.000240
5, 191,26,213.206100, 213.219040, 119.127556, 59.946571,10.823792, 215.402603, 0.999939
5, 191,27,43.333294, 43.323929, 119.127556, 59.946571,10.823792, 215.402603, 1.000216
5, 191,28,160.202698, 160.216919, 119.127556, 59.946571,10.823792, 215.402603, 0.999911
5, 191,29,103.538101, 103.521988, 119.127556, 59.946571,10.823792, 215.402603, 1.000156
5, 191,30,76.287155, 76.281105, 119.127556, 59.946571,10.823792, 215.402603, 1.000079
5, 191,31,42.883659, 42.900265, 119.127556, 59.946571,10.823792, 215.402603, 0.999613
5, 192,0,20.117716, 20.125443, 119.126099, 65.268295,20.117716, 223.082977, 0.999616
5, 192,1,109.723679, 109.723312, 119.126099, 65.268295,20.117716, 223.082977, 1.000003
5, 192,2,150.547989, 150.544617, 119.126099, 65.268295,20.117716, 223.082977, 1.000022
5, 192,3,98.227814, 98.233162, 119.126099, 65.268295,20.117716, 223.082977, 0.999946
5, 192,4,210.762665, 210.758072, 119.126099, 65.268295,20.117716, 223.082977, 1.000022
5, 192,5,53.544910, 53.550728, 119.126099, 65.268295,20.117716, 223.082977, 0.999891
5, 192,6,169.724289, 169.717072, 119.126099, 65.268295,20.117716, 223.082977, 1.000043
5, 192,7,221.580322, 221.575851, 119.126099, 65.268295,20.117716, 223.082977, 1.000020
5, 192,8,99.560257, 99.564575, 119.126099, 65.268295,20.117716, 223.082977, 0.999957
5, 192,9,42.298138, 42.286919, 119.126099, 65.268295,20.117716, 223.082977, 1.000265
5, 192,10,161.449280, 161.448944, 119.126099, 65.268295,20.117716, 223.082977, 1.000002
5, 192,11,112.261253, 112.253006, 119.126099, 65.268295,20.117716, 223.082977, 1.000073
5, 192,12,83.848999, 83.853828, 119.126099, 65.268295,20.117716, 223.082977, 0.999942
5, 192,13,86.407921, 86.403496, 119.126099, 65.268295,20.117716, 223.082977, 1.000051
5, 192,14,86.312164, 86.310295, 119.126099, 65.268295,20.117716, 223.082977, 1.000022
5, 192,15,21.607700, 21.616634, 119.126099, 65.268295,20.117716, 223.082977, 0.999587
5, 192,16,210.270462, 210.265442, 119.126099, 65.268295,20.117716, 223.082977, 1.000024
5, 192,17,152.604050, 152.601669, 119.126099, 65.268295,20.117716, 223.082977, 1.000016
5, 192,18,51.545361, 51.560253, 119.126099, 65.268295,20.117716, 223.082977, 0.999711
5, 192,19,151.164413, 151.157074, 119.126099, 65.268295,20.117716, 223.082977, 1.000049
5, 192,20,158.612106, 158.606369, 119.126099, 65.268295,20.117716, 223.082977, 1.000036
5, 192,21,21.395395, 21.396950, 119.126099, 65.268295,20.117716, 223.082977, 0.999927
5, 192,22,220.252426, 220.244431, 119.126099, 65.268295,20.117716, 223.082977, 1.000036
5, 192,23,80.037933, 80.039314, 119.126099, 65.268295,20.117716, 223.082977, 0.999983
5, 192,24,223.082977, 223.073685, 119.126099, 65.268295,20.117716, 223.082977, 1.000042
5, 192,25,79.086960, 79.094009, 119.126099, 65.268295,20.117716, 223.082977, 0.999911
5, 192,26,98.622192, 98.612610, 119.126099, 65.268295,20.117716, 223.082977, 1.000097
5, 192,27,57.461567, 57.445126, 119.126099, 65.268295,20.117716, 223.082977, 1.000286
5, 192,28,189.220291, 189.209061, 119.126099, 65.268295,20.117716, 223.082977, 1.000059
5, 192,29,133.280624, 133.289429, 119.126099, 65.268295,20.117716, 223.082977, 0.999934
5, 192,30,44.610893, 44.616901, 119.126099, 65.268295,20.117716, 223.082977, 0.999865
5, 192,31,212.812546, 212.821762, 119.126099, 65.268295,20.117716, 223.082977, 0.999957
5, 193,0,84.059135, 84.050240, 119.124115, 58.791958,13.750015, 200.666321, 1.000106
5, 193,1,187.602539, 187.592087, 119.124115, 58.791958,13.750015, 200.666321, 1.000056
5, 193,2,85.496605, 85.492691, 119.124115, 58.791958,13.750015, 200.666321, 1.000046
5, 193,3,152.216751, 152.219681, 119.124115, 58.791958,13.750015, 200.666321, 0.999981
5, 193,4,182.562119, 182.552231, 119.124115, 58.791958,13.750015, 200.666321, 1.000054
5, 193,5,194.877609, 194.886154, 119.124115, 58.791958,13.750015, 200.666321, 0.999956
5, 193,6,46.642380, 46.651360, 119.124115, 58.791958,13.750015, 200.666321, 0.999808
5, 193,7,133.124496, 133.123108, 119.124115, 58.791958,13.750015, 200.666321, 1.000010
5, 193,8,58.062920, 58.056732, 119.124115, 58.791958,13.750015, 200.666321, 1.000107
5, 193,9,200.666321, 200.667679, 119.124115, 58.791958,13.750015, 200.666321, 0.999993
5, 193,10,44.410679, 44.408833, 119.124115, 58.791958,13.750015, 200.666321, 1.000042
5, 193,11,105.414085, 105.401001, 119.124115, 58.791958,13.750015, 200.666321, 1.000124
5, 193,12,20.677557, 20.681221, 119.124115, 58.791958,13.750015, 200.666321, 0.999823
5, 193,13,197.881134, 197.882034, 119.124115, 58.791958,13.750015, 200.666321, 0.999995
5, 193,14,104.865387, 104.869560, 119.124115, 58.791958,13.750015, 200.666321, 0.999960
5, 193,15,71.564369, 71.564468, 119.124115, 58.791958,13.750015, 200.666321, 0.999999
5, 193,16,107.465004, 107.468330, 119.124115, 58.791958,13.750015, 200.666321, 0.999969
5, 193,17,37.349823, 37.348366, 119.124115, 58.791958,13.750015, 200.666321, 1.000039
5, 193,18,119.907639, 119.907372, 119.124115, 58.791958,13.750015, 200.666321, 1.000002
5, 193,19,13.750015, 13.755072, 119.124115, 58.791958,13.750015, 200.666321, 0.999632
5, 193,20,154.937210, 154.952759, 119.124115, 58.791958,13.750015, 200.666321, 0.999900
5, 193,21,190.891663, 190.891647, 119.124115, 58.791958,13.750015, 200.666321, 1.000000
5, 193,22,165.024353, 165.032471, 119.124115, 58.791958,13.750015, 200.666321, 0.999951
5, 193,23,112.126793, 112.128586, 119.124115, 58.791958,13.750015, 200.666321, 0.999984
5, 193,24,29.016724, 29.014791, 119.124115, 58.791958,13.750015, 200.666321, 1.000067
5, 193,25,128.804169, 128.801575, 119.124115, 58.791958,13.750015, 200.666321, 1.000020
5, 193,26,128.507874, 128.521255, 119.124115, 58.791958,13.750015, 200.666321, 0.999896
5, 193,27,159.316147, 159.315170, 119.124115, 58.791958,13.750015, 200.666321, 1.000006
5, 193,28,161.631821, 161.633621, 119.124115, 58.791958,13.750015, 200.666321, 0.999989
5, 193,29,178.075882, 178.084686, 119.124115, 58.791958,13.750015, 200.666321, 0.999951
5, 193,30,188.474823, 188.473923, 119.124115, 58.791958,13.750015, 200.666321, 1.000005
5, 193,31,66.567619, 66.571350, 119.124115, 58.791958,13.750015, 200.666321, 0.999944
5, 194,0,139.692184, 139.697372, 119.123512, 52.360504,21.564331, 183.998627, 0.999963
5, 194,1,177.805756, 177.817917, 119.123512, 52.360504,21.564331, 183.998627, 0.999932
5, 194,2,123.948311, 123.950768, 119.123512, 52.360504,21.564331, 183.998627, 0.999980
5, 194,3,183.542480, 183.559464, 119.123512, 52.360504,21.564331, 183.998627, 0.999907
5, 194,4,159.677704, 159.680756, 119.123512, 52.360504,21.564331, 183.998627, 0.999981
5, 194,5,132.113129, 132.120209, 119.123512, 52.360504,21.564331, 183.998627, 0.999946
5, 194,6,27.345034, 27.358082, 119.123512, 52.360504,21.564331, 183.998627, 0.999523
5, 194,7,173.403687, 173.399689, 119.123512, 52.360504,21.564331, 183.998627, 1.000023
5, 194,8,71.216347, 71.220192, 119.123512, 52.360504,21.564331, 183.998627, 0.999946
5, 194,9,138.603683, 138.592819, 119.123512, 52.360504,21.564331, 183.998627, 1.000078
5, 194,10,183.998627, 183.997025, 119.123512, 52.360504,21.564331, 183.998627, 1.000009
5, 194,11,103.216911, 103.204308, 119.123512, 52.360504,21.564331, 183.998627, 1.000122
5, 194,12,145.742340, 145.753754, 119.123512, 52.360504,21.564331, 183.998627, 0.999922
5, 194,13,106.265388, 106.272522, 119.123512, 52.360504,21.564331, 183.998627, 0.999933
5, 194,14,182.784363, 182.780411, 119.123512, 52.360504,21.564331, 183.998627, 1.000022
5, 194,15,23.351301, 23.340057, 119.123512, 52.360504,21.564331, 183.998627, 1.000482
5, 194,16,21.564331, 21.568497, 119.123512, 52.360504,21.564331, 183.998627, 0.999807
5, 194,17,91.147690, 91.139557, 119.123512, 52.360504,21.564331, 183.998627, 1.000089
5, 194,18,58.384373, 58.392387, 119.123512, 52.360504,21.564331, 183.998627, 0.999863
5, 194,19,183.597305, 183.607483, 119.123512, 52.360504,21.564331, 183.998627, 0.999945
5, 194,20,73.215309, 73.210526, 119.123512, 52.360504,21.564331, 183.998627, 1.000065
5, 194,21,56.261940, 56.273987, 119.123512, 52.360504,21.564331, 183.998627, 0.999786
5, 194,22,70.880844, 70.889359, 119.123512, 52.360504,21.564331, 183.998627, 0.999880
5, 194,23,142.741013, 142.728226, 119.123512, 52.360504,21.564331, 183.998627, 1.000090
5, 194,24,170.864243, 170.849060, 119.123512, 52.360504,21.564331, 183.998627, 1.000089
5, 194,25,118.740417, 118.737465, 119.123512, 52.360504,21.564331, 183.998627, 1.000025
5, 194,26,74.412590, 74.427132, 119.123512, 52.360504,21.564331, 183.998627, 0.999805
5, 194,27,159.357697, 159.365936, 119.123512, 52.360504,21.564331, 183.998627, 0.999948
5, 194,28,162.497955, 162.498199, 119.123512, 52.360504,21.564331, 183.998627, 0.999999
5, 194,29,173.838943, 173.831894, 119.123512, 52.360504,21.564331, 183.998627, 1.000041
5, 194,30,54.300495, 54.299656, 119.123512, 52.360504,21.564331, 183.998627, 1.000015
5, 194,31,127.439850, 127.435188, 119.123512, 52.360504,21.564331, 183.998627, 1.000037
5, 195,0,34.215099, 34.211113, 119.124542, 67.054810,10.911386, 216.675934, 1.000116
5, 195,1,176.395554, 176.391953, 119.124542, 67.054810,10.911386, 216.675934, 1.000020
5, 195,2,210.803391, 210.805679, 119.124542, 67.054810,10.911386, 216.675934, 0.999989
5, 195,3,176.555908, 176.559097, 119.124542, 67.054810,10.911386, 216.675934, 0.999982
5, 195,4,35.183529, 35.194733, 119.124542, 67.054810,10.911386, 216.675934, 0.999682
5, 195,5,144.388031, 144.382629, 119.124542, 67.054810,10.911386, 216.675934, 1.000037
5, 195,6,216.675934, 216.681656, 119.124542, 67.054810,10.911386, 216.675934, 0.999974
5, 195,7,118.779037, 118.782867, 119.124542, 67.054810,10.911386, 216.675934, 0.999968
5, 195,8,207.629242, 207.649109, 119.124542, 67.054810,10.911386, 216.675934, 0.999904
5, 195,9,204.459641, 204.460388, 119.124542, 67.054810,10.911386, 216.675934, 0.999996
5, 195,10,160.981201, 160.975525, 119.124542, 67.054810,10.911386, 216.675934, 1.000035
5, 195,11,29.607590, 29.608046, 119.124542, 67.054810,10.911386, 216.675934, 0.999985
5, 195,12,49.610973, 49.621113, 119.124542, 67.054810,10.911386, 216.675934, 0.999796
5, 195,13,61.258312, 61.283077, 119.124542, 67.054810,10.911386, 216.675934, 0.999596
5, 195,14,118.845757, 118.840736, 119.124542, 67.054810,10.911386, 216.675934, 1.000042
5, 195,15,114.882698, 114.880547, 119.124542, 67.054810,10.911386, 216.675934, 1.000019
5, 195,16,72.307770, 72.308578, 119.124542, 67.054810,10.911386, 216.675934, 0.999989
5, 195,17,167.000107, 167.005814, 119.124542, 67.054810,10.911386, 216.675934, 0.999966
5, 195,18,44.404591, 44.400867, 119.124542, 67.054810,10.911386, 216.675934, 1.000084
5, 195,19,56.445412, 56.448570, 119.124542, 67.054810,10.911386, 216.675934, 0.999944
5, 195,20,174.882874, 174.881165, 119.124542, 67.054810,10.911386, 216.675934, 1.000010
5, 195,21,92.675079, 92.668808, 119.124542, 67.054810,10.911386, 216.675934, 1.000068
5, 195,22,153.628159, 153.620895, 119.124542, 67.054810,10.911386, 216.675934, 1.000047
5, 195,23,207.200607, 207.179779, 119.124542, 67.054810,10.911386, 216.675934, 1.000100
5, 195,24,193.772919, 193.769180, 119.124542, 67.054810,10.911386, 216.675934, 1.000019
5, 195,25,66.537132, 66.541893, 119.124542, 67.054810,10.911386, 216.675934, 0.999928
5, 195,26,22.240280, 22.234135, 119.124542, 67.054810,10.911386, 216.675934, 1.000276
5, 195,27,110.230316, 110.232468, 119.124542, 67.054810,10.911386, 216.675934, 0.999981
5, 195,28,52.506287, 52.501244, 119.124542, 67.054810,10.911386, 216.675934, 1.000096
5, 195,29,129.762253, 129.763367, 119.124542, 67.054810,10.911386, 216.675934, 0.999991
5, 195,30,197.208633, 197.202194, 119.124542, 67.054810,10.911386, 216.675934, 1.000033
5, 195,31,10.911386, 10.912899, 119.124542, 67.054810,10.911386, 216.675934, 0.999861
5, 196,0,166.474564, 166.473114, 119.124199, 42.376801,22.092909, 179.285889, 1.000009
5, 196,1,84.600784, 84.601288, 119.124199, 42.376801,22.092909, 179.285889, 0.999994
5, 196,2,94.082542, 94.085297, 119.124199, 42.376801,22.092909, 179.285889, 0.999971
5, 196,3,147.633102, 147.640518, 119.124199, 42.376801,22.092909, 179.285889, 0.999950
5, 196,4,169.533463, 169.525085, 119.124199, 42.376801,22.092909, 179.285889, 1.000049
5, 196,5,62.438873, 62.445892, 119.124199, 42.376801,22.092909, 179.285889, 0.999888
5, 196,6,98.559387, 98.548660, 119.124199, 42.376801,22.092909, 179.285889, 1.000109
5, 196,7,111.255150, 111.251297, 119.124199, 42.376801,22.092909, 179.285889, 1.000035
5, 196,8,121.359505, 121.355072, 119.124199, 42.376801,22.092909, 179.285889, 1.000036
5, 196,9,163.316666, 163.327408, 119.124199, 42.376801,22.092909, 179.285889, 0.999934
5, 196,10,108.482918, 108.485771, 119.124199, 42.376801,22.092909, 179.285889, 0.999974
5, 196,11,134.686386, 134.682678, 119.124199, 42.376801,22.092909, 179.285889, 1.000028
5, 196,12,161.014603, 161.009796, 119.124199, 42.376801,22.092909, 179.285889, 1.000030
5, 196,13,100.150665, 100.163185, 119.124199, 42.376801,22.092909, 179.285889, 0.999875
5, 196,14,168.237228, 168.243881, 119.124199, 42.376801,22.092909, 179.285889, 0.999960
5, 196,15,60.955147, 60.956364, 119.124199, 42.376801,22.092909, 179.285889, 0.999980
5, 196,16,63.200138, 63.201065, 119.124199, 42.376801,22.092909, 179.285889, 0.999985
5, 196,17,162.928116, 162.926376, 119.124199, 42.376801,22.092909, 179.285889, 1.000011
5, 196,18,138.964523, 138.963776, 119.124199, 42.376801,22.092909, 179.285889, 1.000005
5, 196,19,76.077377, 76.085991, 119.124199, 42.376801,22.092909, 179.285889, 0.999887
5, 196,20,46.948242, 46.946487, 119.124199, 42.376801,22.092909, 179.285889, 1.000037
5, 196,21,179.285889, 179.285126, 119.124199, 42.376801,22.092909, 179.285889, 1.000004
5, 196,22,22.092909, 22.077658, 119.124199, 42.376801,22.092909, 179.285889, 1.000691
5, 196,23,101.191185, 101.194397, 119.124199, 42.376801,22.092909, 179.285889, 0.999968
5, 196,24,145.967194, 145.968704, 119.124199, 42.376801,22.092909, 179.285889, 0.999990
5, 196,25,59.520542, 59.518917, 119.124199, 42.376801,22.092909, 179.285889, 1.000027
5, 196,26,137.828384, 137.828400, 119.124199, 42.376801,22.092909, 179.285889, 1.000000
5, 196,27,131.595947, 131.609879, 119.124199, 42.376801,22.092909, 179.285889, 0.999894
5, 196,28,151.353745, 151.348709, 119.124199, 42.376801,22.092909, 179.285889, 1.000033
5, 196,29,160.455353, 160.447311, 119.124199, 42.376801,22.092909, 179.285889, 1.000050
5, 196,30,140.133743, 140.140793, 119.124199, 42.376801,22.092909, 179.285889, 0.999950
5, 196,31,141.649551, 141.661575, 119.124199, 42.376801,22.092909, 179.285889, 0.999915
5, 197,0,207.763428, 207.772934, 119.123314, 61.758575,11.603506, 211.428940, 0.999954
5, 197,1,153.902771, 153.905975, 119.123314, 61.758575,11.603506, 211.428940, 0.999979
5, 197,2,34.610348, 34.605038, 119.123314, 61.758575,11.603506, 211.428940, 1.000153
5, 197,3,161.906540, 161.905289, 119.123314, 61.758575,11.603506, 211.428940, 1.000008
5, 197,4,102.350517, 102.342438, 119.123314, 61.758575,11.603506, 211.428940, 1.000079
5, 197,5,114.724014, 114.729454, 119.123314, 61.758575,11.603506, 211.428940, 0.999953
5, 197,6,122.946114, 122.947830, 119.123314, 61.758575,11.603506, 211.428940, 0.999986
5, 197,7,194.764038, 194.778763, 119.123314, 61.758575,11.603506, 211.428940, 0.999924
5, 197,8,119.944061, 119.943390, 119.123314, 61.758575,11.603506, 211.428940, 1.000006
5, 197,9,170.364853, 170.355240, 119.123314, 61.758575,11.603506, 211.428940, 1.000056
5, 197,10,105.419838, 105.428246, 119.123314, 61.758575,11.603506, 211.428940, 0.999920
5, 197,11,15.920160, 15.921232, 119.123314, 61.758575,11.603506, 211.428940, 0.999933
5, 197,12,85.239937, 85.254738, 119.123314, 61.758575,11.603506, 211.428940, 0.999826
5, 197,13,41.694126, 41.690491, 119.123314, 61.758575,11.603506, 211.428940, 1.000087
5, 197,14,55.550503, 55.548428, 119.123314, 61.758575,11.603506, 211.428940, 1.000037
5, 197,15,158.059311, 158.068375, 119.123314, 61.758575,11.603506, 211.428940, 0.999943
5, 197,16,139.974380, 139.985443, 119.123314, 61.758575,11.603506, 211.428940, 0.999921
5, 197,17,134.508286, 134.514893, 119.123314, 61.758575,11.603506, 211.428940, 0.999951
5, 197,18,57.539894, 57.557640, 119.123314, 61.758575,11.603506, 211.428940, 0.999692
5, 197,19,52.901791, 52.900772, 119.123314, 61.758575,11.603506, 211.428940, 1.000019
5, 197,20,166.884048, 166.868866, 119.123314, 61.758575,11.603506, 211.428940, 1.000091
5, 197,21,11.603506, 11.596104, 119.123314, 61.758575,11.603506, 211.428940, 1.000638
5, 197,22,201.034607, 201.056778, 119.123314, 61.758575,11.603506, 211.428940, 0.999890
5, 197,23,123.915985, 123.911751, 119.123314, 61.758575,11.603506, 211.428940, 1.000034
5, 197,24,202.678925, 202.659134, 119.123314, 61.758575,11.603506, 211.428940, 1.000098
5, 197,25,50.637569, 50.634933, 119.123314, 61.758575,11.603506, 211.428940, 1.000052
5, 197,26,42.464851, 42.466633, 119.123314, 61.758575,11.603506, 211.428940, 0.999958
5, 197,27,146.074539, 146.081955, 119.123314, 61.758575,11.603506, 211.428940, 0.999949
5, 197,28,154.604477, 154.600769, 119.123314, 61.758575,11.603506, 211.428940, 1.000024
5, 197,29,64.566666, 64.561722, 119.123314, 61.758575,11.603506, 211.428940, 1.000077
5, 197,30,205.966965, 205.970276, 119.123314, 61.758575,11.603506, 211.428940, 0.999984
5, 197,31,211.428940, 211.434586, 119.123314, 61.758575,11.603506, 211.428940, 0.999973
5, 198,0,124.289612, 124.278587, 119.127769, 59.067001,19.123442, 236.847168, 1.000089
5, 198,1,49.187042, 49.199703, 119.127769, 59.067001,19.123442, 236.847168, 0.999743
5, 198,2,91.233261, 91.225853, 119.127769, 59.067001,19.123442, 236.847168, 1.000081
5, 198,3,87.316818, 87.309525, 119.127769, 59.067001,19.123442, 236.847168, 1.000084
5, 198,4,181.651306, 181.635849, 119.127769, 59.067001,19.123442, 236.847168, 1.000085
5, 198,5,89.286095, 89.278587, 119.127769, 59.067001,19.123442, 236.847168, 1.000084
5, 198,6,26.918716, 26.900560, 119.127769, 59.067001,19.123442, 236.847168, 1.000675
5, 198,7,178.095169, 178.097336, 119.127769, 59.067001,19.123442, 236.847168, 0.999988
5, 198,8,19.123442, 19.140543, 119.127769, 59.067001,19.123442, 236.847168, 0.999107
5, 198,9,123.064880, 123.072441, 119.127769, 59.067001,19.123442, 236.847168, 0.999939
5, 198,10,230.587296, 230.579163, 119.127769, 59.067001,19.123442, 236.847168, 1.000035
5, 198,11,153.417999, 153.429504, 119.127769, 59.067001,19.123442, 236.847168, 0.999925
5, 198,12,19.724606, 19.714550, 119.127769, 59.067001,19.123442, 236.847168, 1.000510
5, 198,13,46.323463, 46.315128, 119.127769, 59.067001,19.123442, 236.847168, 1.000180
5, 198,14,143.245575, 143.249939, 119.127769, 59.067001,19.123442, 236.847168, 0.999970
5, 198,15,139.171478, 139.159210, 119.127769, 59.067001,19.123442, 236.847168, 1.000088
5, 198,16,54.754803, 54.743610, 119.127769, 59.067001,19.123442, 236.847168, 1.000204
5, 198,17,93.392189, 93.383842, 119.127769, 59.067001,19.123442, 236.847168, 1.000089
5, 198,18,111.449944, 111.446945, 119.127769, 59.067001,19.123442, 236.847168, 1.000027
5, 198,19,113.234688, 113.241631, 119.127769, 59.067001,19.123442, 236.847168, 0.999939
5, 198,20,113.715439, 113.728455, 119.127769, 59.067001,19.123442, 236.847168, 0.999886
5, 198,21,168.519150, 168.513580, 119.127769, 59.067001,19.123442, 236.847168, 1.000033
5, 198,22,209.170670, 209.166458, 119.127769, 59.067001,19.123442, 236.847168, 1.000020
5, 198,23,136.577347, 136.572540, 119.127769, 59.067001,19.123442, 236.847168, 1.000035
5, 198,24,236.847168, 236.856949, 119.127769, 59.067001,19.123442, 236.847168, 0.999959
5, 198,25,77.739609, 77.733025, 119.127769, 59.067001,19.123442, 236.847168, 1.000085
5, 198,26,166.962219, 166.951416, 119.127769, 59.067001,19.123442, 236.847168, 1.000065
5, 198,27,119.194504, 119.192436, 119.127769, 59.067001,19.123442, 236.847168, 1.000017
5, 198,28,174.685837, 174.682358, 119.127769, 59.067001,19.123442, 236.847168, 1.000020
5, 198,29,103.582748, 103.577942, 119.127769, 59.067001,19.123442, 236.847168, 1.000046
5, 198,30,177.593338, 177.588715, 119.127769, 59.067001,19.123442, 236.847168, 1.000026
5, 198,31,52.032761, 52.033421, 119.127769, 59.067001,19.123442, 236.847168, 0.999987
5, 199,0,35.457523, 35.451263, 119.124367, 71.101723,14.159441, 254.759628, 1.000177
5, 199,1,61.557732, 61.544430, 119.124367, 71.101723,14.159441, 254.759628, 1.000216
5, 199,2,97.019577, 97.024467, 119.124367, 71.101723,14.159441, 254.759628, 0.999950
5, 199,3,97.873116, 97.874794, 119.124367, 71.101723,14.159441, 254.759628, 0.999983
5, 199,4,203.377350, 203.397903, 119.124367, 71.101723,14.159441, 254.759628, 0.999899
5, 199,5,48.475662, 48.481178, 119.124367, 71.101723,14.159441, 254.759628, 0.999886
5, 199,6,72.928543, 72.932060, 119.124367, 71.101723,14.159441, 254.759628, 0.999952
5, 199,7,230.371948, 230.374741, 119.124367, 71.101723,14.159441, 254.759628, 0.999988
5, 199,8,14.159441, 14.159902, 119.124367, 71.101723,14.159441, 254.759628, 0.999967
5, 199,9,190.419586, 190.426346, 119.124367, 71.101723,14.159441, 254.759628, 0.999964
5, 199,10,54.253185, 54.258354, 119.124367, 71.101723,14.159441, 254.759628, 0.999905
5, 199,11,36.498058, 36.484985, 119.124367, 71.101723,14.159441, 254.759628, 1.000358
5, 199,12,69.896042, 69.889244, 119.124367, 71.101723,14.159441, 254.759628, 1.000097
5, 199,13,237.859116, 237.860886, 119.124367, 71.101723,14.159441, 254.759628, 0.999993
5, 199,14,79.563896, 79.559555, 119.124367, 71.101723,14.159441, 254.759628, 1.000055
5, 199,15,28.083986, 28.073481, 119.124367, 71.101723,14.159441, 254.759628, 1.000374
5, 199,16,93.727982, 93.731567, 119.124367, 71.101723,14.159441, 254.759628, 0.999962
5, 199,17,113.448372, 113.447334, 119.124367, 71.101723,14.159441, 254.759628, 1.000009
5, 199,18,236.417084, 236.418686, 119.124367, 71.101723,14.159441, 254.759628, 0.999993
5, 199,19,239.220383, 239.228073, 119.124367, 71.101723,14.159441, 254.759628, 0.999968
5, 199,20,49.173271, 49.164764, 119.124367, 71.101723,14.159441, 254.759628, 1.000173
5, 199,21,139.204956, 139.207047, 119.124367, 71.101723,14.159441, 254.759628, 0.999985
5, 199,22,150.560776, 150.552979, 119.124367, 71.101723,14.159441, 254.759628, 1.000052
5, 199,23,153.866776, 153.870911, 119.124367, 71.101723,14.159441, 254.759628, 0.999973
5, 199,24,254.759628, 254.758942, 119.124367, 71.101723,14.159441, 254.759628, 1.000003
5, 199,25,180.115128, 180.130814, 119.124367, 71.101723,14.159441, 254.759628, 0.999913
5, 199,26,86.858086, 86.845634, 119.124367, 71.101723,14.159441, 254.759628, 1.000143
5, 199,27,80.826225, 80.835045, 119.124367, 71.101723,14.159441, 254.759628, 0.999891
5, 199,28,161.377609, 161.373734, 119.124367, 71.101723,14.159441, 254.759628, 1.000024
5, 199,29,68.718597, 68.730469, 119.124367, 71.101723,14.159441, 254.759628, 0.999827
5, 199,30,119.448730, 119.457932, 119.124367, 71.101723,14.159441, 254.759628, 0.999923
5, 199,31,126.461311, 126.452232, 119.124367, 71.101723,14.159441, 254.759628, 1.000072
5, 200,0,184.714752, 184.713409, 119.121643, 62.409565,16.159517, 211.002945, 1.000007
5, 200,1,201.033737, 201.034821, 119.121643, 62.409565,16.159517, 211.002945, 0.999995
5, 200,2,191.285065, 191.288986, 119.121643, 62.409565,16.159517, 211.002945, 0.999979
5, 200,3,119.445175, 119.446838, 119.121643, 62.409565,16.159517, 211.002945, 0.999986
5, 200,4,68.077148, 68.068390, 119.121643, 62.409565,16.159517, 211.002945, 1.000129
5, 200,5,131.163269, 131.162155, 119.121643, 62.409565,16.159517, 211.002945, 1.000008
5, 200,6,79.890160, 79.891724, 119.121643, 62.409565,16.159517, 211.002945, 0.999980
5, 200,7,120.828110, 120.838196, 119.121643, 62.409565,16.159517, 211.002945, 0.999917
5, 200,8,161.663101, 161.663956, 119.121643, 62.409565,16.159517, 211.002945, 0.999995
5, 200,9,177.114334, 177.108612, 119.121643, 62.409565,16.159517, 211.002945, 1.000032
5, 200,10,16.159517, 16.162619, 119.121643, 62.409565,16.159517, 211.002945, 0.999808
5, 200,11,49.458187, 49.453465, 119.121643, 62.409565,16.159517, 211.002945, 1.000095
5, 200,12,35.228592, 35.241325, 119.121643, 62.409565,16.159517, 211.002945, 0.999639
5, 200,13,174.959534, 174.954880, 119.121643, 62.409565,16.159517, 211.002945, 1.000027
5, 200,14,171.957611, 171.968857, 119.121643, 62.409565,16.159517, 211.002945, 0.999935
5, 200,15,37.099518, 37.096462, 119.121643, 62.409565,16.159517, 211.002945, 1.000082
5, 200,16,161.538803, 161.562302, 119.121643, 62.409565,16.159517, 211.002945, 0.999855
5, 200,17,161.295761, 161.320877, 119.121643, 62.409565,16.159517, 211.002945, 0.999844
5, 200,18,132.175430, 132.172333, 119.121643, 62.409565,16.159517, 211.002945, 1.000023
5, 200,19,59.048489, 59.040462, 119.121643, 62.409565,16.159517, 211.002945, 1.000136
5, 200,20,157.488510, 157.489899, 119.121643, 62.409565,16.159517, 211.002945, 0.999991
5, 200,21,55.335629, 55.342896, 119.121643, 62.409565,16.159517, 211.002945, 0.999869
5, 200,22,187.066818, 187.064102, 119.121643, 62.409565,16.159517, 211.002945, 1.000015
5, 200,23,38.239796, 38.233688, 119.121643, 62.409565,16.159517, 211.002945, 1.000160
5, 200,24,58.702332, 58.710098, 119.121643, 62.409565,16.159517, 211.002945, 0.999868
5, 200,25,24.094088, 24.110493, 119.121643, 62.409565,16.159517, 211.002945, 0.999320
5, 200,26,157.884705, 157.883789, 119.121643, 62.409565,16.159517, 211.002945, 1.000006
5, 200,27,63.764889, 63.767254, 119.121643, 62.409565,16.159517, 211.002945, 0.999963
5, 200,28,210.776703, 210.787018, 119.121643, 62.409565,16.159517, 211.002945, 0.999951
5, 200,29,211.002945, 211.009369, 119.121643, 62.409565,16.159517, 211.002945, 0.999970
5, 200,30,133.845230, 133.849579, 119.121643, 62.409565,16.159517, 211.002945, 0.999968
5, 200,31,79.554443, 79.561356, 119.121643, 62.409565,16.159517, 211.002945, 0.999913
5, 201,0,42.756920, 42.764587, 119.125343, 62.466465,16.987818, 213.295959, 0.999821
5, 201,1,66.672356, 66.671860, 119.125343, 62.466465,16.987818, 213.295959, 1.000007
5, 201,2,106.920036, 106.911377, 119.125343, 62.466465,16.987818, 213.295959, 1.000081
5, 201,3,166.230713, 166.241684, 119.125343, 62.466465,16.987818, 213.295959, 0.999934
5, 201,4,52.500996, 52.503895, 119.125343, 62.466465,16.987818, 213.295959, 0.999945
5, 201,5,129.984131, 129.980469, 119.125343, 62.466465,16.987818, 213.295959, 1.000028
5, 201,6,184.263870, 184.262833, 119.125343, 62.466465,16.987818, 213.295959, 1.000006
5, 201,7,162.432816, 162.426041, 119.125343, 62.466465,16.987818, 213.295959, 1.000042
5, 201,8,183.509445, 183.505951, 119.125343, 62.466465,16.987818, 213.295959, 1.000019
5, 201,9,40.122940, 40.118652, 119.125343, 62.466465,16.987818, 213.295959, 1.000107
5, 201,10,18.844269, 18.844814, 119.125343, 62.466465,16.987818, 213.295959, 0.999971
5, 201,11,130.580276, 130.587189, 119.125343, 62.466465,16.987818, 213.295959, 0.999947
5, 201,12,188.739304, 188.735275, 119.125343, 62.466465,16.987818, 213.295959, 1.000021
5, 201,13,194.763474, 194.771530, 119.125343, 62.466465,16.987818, 213.295959, 0.999959
5, 201,14,165.147751, 165.147034, 119.125343, 62.466465,16.987818, 213.295959, 1.000004
5, 201,15,31.083466, 31.079929, 119.125343, 62.466465,16.987818, 213.295959, 1.000114
5, 201,16,132.415970, 132.413712, 119.125343, 62.466465,16.987818, 213.295959, 1.000017
5, 201,17,53.142075, 53.141922, 119.125343, 62.466465,16.987818, 213.295959, 1.000003
5, 201,18,113.121346, 113.116516, 119.125343, 62.466465,16.987818, 213.295959, 1.000043
5, 201,19,105.096527, 105.091125, 119.125343, 62.466465,16.987818, 213.295959, 1.000051
5, 201,20,185.814667, 185.814117, 119.125343, 62.466465,16.987818, 213.295959, 1.000003
5, 201,21,208.774460, 208.764359, 119.125343, 62.466465,16.987818, 213.295959, 1.000048
5, 201,22,191.552216, 191.562637, 119.125343, 62.466465,16.987818, 213.295959, 0.999946
5, 201,23,109.338303, 109.332130, 119.125343, 62.466465,16.987818, 213.295959, 1.000057
5, 201,24,181.775269, 181.779526, 119.125343, 62.466465,16.987818, 213.295959, 0.999977
5, 201,25,62.343521, 62.349541, 119.125343, 62.466465,16.987818, 213.295959, 0.999903
5, 201,26,69.123299, 69.123886, 119.125343, 62.466465,16.987818, 213.295959, 0.999991
5, 201,27,149.246933, 149.240128, 119.125343, 62.466465,16.987818, 213.295959, 1.000046
5, 201,28,112.719872, 112.709930, 119.125343, 62.466465,16.987818, 213.295959, 1.000088
5, 201,29,42.710148, 42.708298, 119.125343, 62.466465,16.987818, 213.295959, 1.000043
5, 201,30,213.295959, 213.305603, 119.125343, 62.466465,16.987818, 213.295959, 0.999955
5, 201,31,16.987818, 16.993282, 119.125343, 62.466465,16.987818, 213.295959, 0.999678
5, 202,0,207.423416, 207.422043, 119.125099, 66.660370,13.031970, 225.555237, 1.000007
5, 202,1,222.452682, 222.435898, 119.125099, 66.660370,13.031970, 225.555237, 1.000075
5, 202,2,65.892891, 65.884872, 119.125099, 66.660370,13.031970, 225.555237, 1.000122
5, 202,3,204.190079, 204.179062, 119.125099, 66.660370,13.031970, 225.555237, 1.000054
5, 202,4,47.893490, 47.888271, 119.125099, 66.660370,13.031970, 225.555237, 1.000109
5, 202,5,88.963509, 88.952812, 119.125099, 66.660370,13.031970, 225.555237, 1.000120
5, 202,6,95.986366, 95.972618, 119.125099, 66.660370,13.031970, 225.555237, 1.000143
5, 202,7,191.991577, 191.981140, 119.125099, 66.660370,13.031970, 225.555237, 1.000054
5, 202,8,106.985046, 106.996109, 119.125099, 66.660370,13.031970, 225.555237, 0.999897
5, 202,9,167.384491, 167.378464, 119.125099, 66.660370,13.031970, 225.555237, 1.000036
5, 202,10,91.528900, 91.521843, 119.125099, 66.660370,13.031970, 225.555237, 1.000077
5, 202,11,17.185911, 17.193300, 119.125099, 66.660370,13.031970, 225.555237, 0.999570
5, 202,12,119.981026, 120.001450, 119.125099, 66.660370,13.031970, 225.555237, 0.999830
5, 202,13,79.289825, 79.303917, 119.125099, 66.660370,13.031970, 225.555237, 0.999822
5, 202,14,223.143875, 223.149902, 119.125099, 66.660370,13.031970, 225.555237, 0.999973
5, 202,15,203.253052, 203.271561, 119.125099, 66.660370,13.031970, 225.555237, 0.999909
5, 202,16,111.696487, 111.707123, 119.125099, 66.660370,13.031970, 225.555237, 0.999905
5, 202,17,103.208374, 103.232643, 119.125099, 66.660370,13.031970, 225.555237, 0.999765
5, 202,18,18.045078, 18.040749, 119.125099, 66.660370,13.031970, 225.555237, 1.000240
5, 202,19,96.703842, 96.713295, 119.125099, 66.660370,13.031970, 225.555237, 0.999902
5, 202,20,59.047989, 59.051899, 119.125099, 66.660370,13.031970, 225.555237, 0.999934
5, 202,21,27.419659, 27.416059, 119.125099, 66.660370,13.031970, 225.555237, 1.000131
5, 202,22,188.839584, 188.831573, 119.125099, 66.660370,13.031970, 225.555237, 1.000042
5, 202,23,60.538445, 60.539940, 119.125099, 66.660370,13.031970, 225.555237, 0.999975
5, 202,24,225.555237, 225.565460, 119.125099, 66.660370,13.031970, 225.555237, 0.999955
5, 202,25,141.822006, 141.828232, 119.125099, 66.660370,13.031970, 225.555237, 0.999956
5, 202,26,13.031970, 13.022787, 119.125099, 66.660370,13.031970, 225.555237, 1.000705
5, 202,27,180.031738, 180.030136, 119.125099, 66.660370,13.031970, 225.555237, 1.000009
5, 202,28,151.819397, 151.810776, 119.125099, 66.660370,13.031970, 225.555237, 1.000057
5, 202,29,139.731888, 139.719635, 119.125099, 66.660370,13.031970, 225.555237, 1.000088
5, 202,30,109.098503, 109.084709, 119.125099, 66.660370,13.031970, 225.555237, 1.000126
5, 202,31,51.866608, 51.871948, 119.125099, 66.660370,13.031970, 225.555237, 0.999897
5, 203,0,80.505104, 80.511154, 119.124695, 66.493759,10.106600, 227.876343, 0.999925
5, 203,1,117.209312, 117.204437, 119.124695, 66.493759,10.106600, 227.876343, 1.000042
5, 203,2,11.433043, 11.434374, 119.124695, 66.493759,10.106600, 227.876343, 0.999884
5, 203,3,182.910477, 182.912109, 119.124695, 66.493759,10.106600, 227.876343, 0.999991
5, 203,4,176.765213, 176.767670, 119.124695, 66.493759,10.106600, 227.876343, 0.999986
5, 203,5,97.604919, 97.596878, 119.124695, 66.493759,10.106600, 227.876343, 1.000082
5, 203,6,171.831482, 171.830734, 119.124695, 66.493759,10.106600, 227.876343, 1.000004
5, 203,7,167.700150, 167.707748, 119.124695, 66.493759,10.106600, 227.876343, 0.999955
5, 203,8,10.106600, 10.120087, 119.124695, 66.493759,10.106600, 227.876343, 0.998667
5, 203,9,81.926773, 81.938858, 119.124695, 66.493759,10.106600, 227.876343, 0.999853
5, 203,10,194.744873, 194.734024, 119.124695, 66.493759,10.106600, 227.876343, 1.000056
5, 203,11,74.268135, 74.266624, 119.124695, 66.493759,10.106600, 227.876343, 1.000020
5, 203,12,218.171310, 218.164352, 119.124695, 66.493759,10.106600, 227.876343, 1.000032
5, 203,13,113.988586, 113.982101, 119.124695, 66.493759,10.106600, 227.876343, 1.000057
5, 203,14,91.210236, 91.205574, 119.124695, 66.493759,10.106600, 227.876343, 1.000051
5, 203,15,207.682907, 207.683426, 119.124695, 66.493759,10.106600, 227.876343, 0.999997
5, 203,16,73.213470, 73.199181, 119.124695, 66.493759,10.106600, 227.876343, 1.000195
5, 203,17,174.591293, 174.579391, 119.124695, 66.493759,10.106600, 227.876343, 1.000068
5, 203,18,76.314049, 76.328117, 119.124695, 66.493759,10.106600, 227.876343, 0.999816
5, 203,19,214.850662, 214.855286, 119.124695, 66.493759,10.106600, 227.876343, 0.999978
5, 203,20,85.952042, 85.961777, 119.124695, 66.493759,10.106600, 227.876343, 0.999887
5, 203,21,49.250820, 49.261818, 119.124695, 66.493759,10.106600, 227.876343, 0.999777
5, 203,22,10.119565, 10.106744, 119.124695, 66.493759,10.106600, 227.876343, 1.001269
5, 203,23,133.296799, 133.282776, 119.124695, 66.493759,10.106600, 227.876343, 1.000105
5, 203,24,88.953239, 88.963951, 119.124695, 66.493759,10.106600, 227.876343, 0.999880
5, 203,25,77.506363, 77.502304, 119.124695, 66.493759,10.106600, 227.876343, 1.000052
5, 203,26,128.275253, 128.279144, 119.124695, 66.493759,10.106600, 227.876343, 0.999970
5, 203,27,193.526215, 193.526474, 119.124695, 66.493759,10.106600, 227.876343, 0.999999
5, 203,28,184.407806, 184.413193, 119.124695, 66.493759,10.106600, 227.876343, 0.999971
5, 203,29,85.174461, 85.187881, 119.124695, 66.493759,10.106600, 227.876343, 0.999842
5, 203,30,227.876343, 227.871399, 119.124695, 66.493759,10.106600, 227.876343, 1.000022
5, 203,31,10.623065, 10.620450, 119.124695, 66.493759,10.106600, 227.876343, 1.000246
5, 204,0,34.135120, 34.154938, 119.127037, 89.408043,16.165493, 297.941254, 0.999420
5, 204,1,41.070545, 41.064331, 119.127037, 89.408043,16.165493, 297.941254, 1.000151
5, 204,2,61.654373, 61.652832, 119.127037, 89.408043,16.165493, 297.941254, 1.000025
5, 204,3,129.081177, 129.070633, 119.127037, 89.408043,16.165493, 297.941254, 1.000082
5, 204,4,152.934799, 152.936905, 119.127037, 89.408043,16.165493, 297.941254, 0.999986
5, 204,5,155.497147, 155.497650, 119.127037, 89.408043,16.165493, 297.941254, 0.999997
5, 204,6,261.253021, 261.243011, 119.127037, 89.408043,16.165493, 297.941254, 1.000038
5, 204,7,274.056519, 274.046814, 119.127037, 89.408043,16.165493, 297.941254, 1.000035
5, 204,8,133.391846, 133.372681, 119.127037, 89.408043,16.165493, 297.941254, 1.000144
5, 204,9,182.077896, 182.082993, 119.127037, 89.408043,16.165493, 297.941254, 0.999972
5, 204,10,297.569855, 297.577850, 119.127037, 89.408043,16.165493, 297.941254, 0.999973
5, 204,11,62.964359, 62.965805, 119.127037, 89.408043,16.165493, 297.941254, 0.999977
5, 204,12,29.318129, 29.331400, 119.127037, 89.408043,16.165493, 297.941254, 0.999548
5, 204,13,39.121140, 39.136780, 119.127037, 89.408043,16.165493, 297.941254, 0.999600
5, 204,14,23.041212, 23.036591, 119.127037, 89.408043,16.165493, 297.941254, 1.000201
5, 204,15,48.469139, 48.457935, 119.127037, 89.408043,16.165493, 297.941254, 1.000231
5, 204,16,141.977097, 141.976852, 119.127037, 89.408043,16.165493, 297.941254, 1.000002
5, 204,17,116.559311, 116.555496, 119.127037, 89.408043,16.165493, 297.941254, 1.000033
5, 204,18,32.801754, 32.786095, 119.127037, 89.408043,16.165493, 297.941254, 1.000478
5, 204,19,16.165493, 16.164444, 119.127037, 89.408043,16.165493, 297.941254, 1.000065
5, 204,20,215.263397, 215.270401, 119.127037, 89.408043,16.165493, 297.941254, 0.999967
5, 204,21,65.828728, 65.824539, 119.127037, 89.408043,16.165493, 297.941254, 1.000064
5, 204,22,297.941254, 297.941010, 119.127037, 89.408043,16.165493, 297.941254, 1.000001
5, 204,23,71.934921, 71.933113, 119.127037, 89.408043,16.165493, 297.941254, 1.000025
5, 204,24,26.538500, 26.537844, 119.127037, 89.408043,16.165493, 297.941254, 1.000025
5, 204,25,117.640160, 117.644981, 119.127037, 89.408043,16.165493, 297.941254, 0.999959
5, 204,26,65.210045, 65.200653, 119.127037, 89.408043,16.165493, 297.941254, 1.000144
5, 204,27,65.714996, 65.722107, 119.127037, 89.408043,16.165493, 297.941254, 0.999892
5, 204,28,85.041466, 85.034882, 119.127037, 89.408043,16.165493, 297.941254, 1.000077
5, 204,29,245.043427, 245.031082, 119.127037, 89.408043,16.165493, 297.941254, 1.000050
5, 204,30,252.973526, 252.964783, 119.127037, 89.408043,16.165493, 297.941254, 1.000035
5, 204,31,69.794830, 69.782074, 119.127037, 89.408043,16.165493, 297.941254, 1.000183
5, 205,0,62.978951, 62.975693, 119.126122, 60.240196,16.603228, 219.810059, 1.000052
5, 205,1,199.364288, 199.368698, 119.126122, 60.240196,16.603228, 219.810059, 0.999978
5, 205,2,196.674210, 196.674332, 119.126122, 60.240196,16.603228, 219.810059, 0.999999
5, 205,3,150.784653, 150.782318, 119.126122, 60.240196,16.603228, 219.810059, 1.000015
5, 205,4,162.425278, 162.417389, 119.126122, 60.240196,16.603228, 219.810059, 1.000049
5, 205,5,152.392853, 152.396225, 119.126122, 60.240196,16.603228, 219.810059, 0.999978
5, 205,6,171.684372, 171.682220, 119.126122, 60.240196,16.603228, 219.810059, 1.000013
5, 205,7,65.264397, 65.264893, 119.126122, 60.240196,16.603228, 219.810059, 0.999992
5, 205,8,219.810059, 219.795898, 119.126122, 60.240196,16.603228, 219.810059, 1.000064
5, 205,9,185.872879, 185.863098, 119.126122, 60.240196,16.603228, 219.810059, 1.000053
5, 205,10,187.916367, 187.909195, 119.126122, 60.240196,16.603228, 219.810059, 1.000038
5, 205,11,121.749092, 121.738541, 119.126122, 60.240196,16.603228, 219.810059, 1.000087
5, 205,12,139.839249, 139.836029, 119.126122, 60.240196,16.603228, 219.810059, 1.000023
5, 205,13,48.899143, 48.902863, 119.126122, 60.240196,16.603228, 219.810059, 0.999924
5, 205,14,63.298870, 63.299828, 119.126122, 60.240196,16.603228, 219.810059, 0.999985
5, 205,15,19.434147, 19.440411, 119.126122, 60.240196,16.603228, 219.810059, 0.999678
5, 205,16,157.227921, 157.217743, 119.126122, 60.240196,16.603228, 219.810059, 1.000065
5, 205,17,44.565838, 44.554066, 119.126122, 60.240196,16.603228, 219.810059, 1.000264
5, 205,18,182.281540, 182.284134, 119.126122, 60.240196,16.603228, 219.810059, 0.999986
5, 205,19,145.420853, 145.427338, 119.126122, 60.240196,16.603228, 219.810059, 0.999955
5, 205,20,132.127716, 132.131104, 119.126122, 60.240196,16.603228, 219.810059, 0.999974
5, 205,21,72.896622, 72.902313, 119.126122, 60.240196,16.603228, 219.810059, 0.999922
5, 205,22,79.399162, 79.398499, 119.126122, 60.240196,16.603228, 219.810059, 1.000008
5, 205,23,98.384117, 98.387360, 119.126122, 60.240196,16.603228, 219.810059, 0.999967
5, 205,24,134.153992, 134.170441, 119.126122, 60.240196,16.603228, 219.810059, 0.999877
5, 205,25,119.725777, 119.719444, 119.126122, 60.240196,16.603228, 219.810059, 1.000053
5, 205,26,209.245804, 209.248047, 119.126122, 60.240196,16.603228, 219.810059, 0.999989
5, 205,27,44.486237, 44.493286, 119.126122, 60.240196,16.603228, 219.810059, 0.999842
5, 205,28,53.426003, 53.427238, 119.126122, 60.240196,16.603228, 219.810059, 0.999977
5, 205,29,123.327026, 123.332199, 119.126122, 60.240196,16.603228, 219.810059, 0.999958
5, 205,30,50.375114, 50.374977, 119.126122, 60.240196,16.603228, 219.810059, 1.000003
5, 205,31,16.603228, 16.583977, 119.126122, 60.240196,16.603228, 219.810059, 1.001161
5, 206,0,68.864372, 68.869354, 119.123344, 59.661011,39.694443, 222.513733, 0.999928
5, 206,1,134.427673, 134.419250, 119.123344, 59.661011,39.694443, 222.513733, 1.000063
5, 206,2,177.469238, 177.468674, 119.123344, 59.661011,39.694443, 222.513733, 1.000003
5, 206,3,118.869270, 118.866028, 119.123344, 59.661011,39.694443, 222.513733, 1.000027
5, 206,4,165.358627, 165.363052, 119.123344, 59.661011,39.694443, 222.513733, 0.999973
5, 206,5,60.294704, 60.289391, 119.123344, 59.661011,39.694443, 222.513733, 1.000088
5, 206,6,160.577377, 160.588470, 119.123344, 59.661011,39.694443, 222.513733, 0.999931
5, 206,7,93.442764, 93.431862, 119.123344, 59.661011,39.694443, 222.513733, 1.000117
5, 206,8,80.624939, 80.636719, 119.123344, 59.661011,39.694443, 222.513733, 0.999854
5, 206,9,46.910183, 46.908810, 119.123344, 59.661011,39.694443, 222.513733, 1.000029
5, 206,10,57.929726, 57.934620, 119.123344, 59.661011,39.694443, 222.513733, 0.999916
5, 206,11,42.522350, 42.531010, 119.123344, 59.661011,39.694443, 222.513733, 0.999796
5, 206,12,48.135368, 48.138233, 119.123344, 59.661011,39.694443, 222.513733, 0.999941
5, 206,13,222.513733, 222.528137, 119.123344, 59.661011,39.694443, 222.513733, 0.999935
5, 206,14,89.776405, 89.782608, 119.123344, 59.661011,39.694443, 222.513733, 0.999931
5, 206,15,154.673706, 154.682022, 119.123344, 59.661011,39.694443, 222.513733, 0.999946
5, 206,16,44.826813, 44.827240, 119.123344, 59.661011,39.694443, 222.513733, 0.999990
5, 206,17,200.912552, 200.912338, 119.123344, 59.661011,39.694443, 222.513733, 1.000001
5, 206,18,116.451172, 116.452705, 119.123344, 59.661011,39.694443, 222.513733, 0.999987
5, 206,19,161.335327, 161.323517, 119.123344, 59.661011,39.694443, 222.513733, 1.000073
5, 206,20,61.806564, 61.824547, 119.123344, 59.661011,39.694443, 222.513733, 0.999709
5, 206,21,214.477615, 214.488068, 119.123344, 59.661011,39.694443, 222.513733, 0.999951
5, 206,22,208.874557, 208.854828, 119.123344, 59.661011,39.694443, 222.513733, 1.000094
5, 206,23,209.474442, 209.472794, 119.123344, 59.661011,39.694443, 222.513733, 1.000008
5, 206,24,177.257797, 177.260529, 119.123344, 59.661011,39.694443, 222.513733, 0.999985
5, 206,25,69.730400, 69.734505, 119.123344, 59.661011,39.694443, 222.513733, 0.999941
5, 206,26,78.849953, 78.841370, 119.123344, 59.661011,39.694443, 222.513733, 1.000109
5, 206,27,39.694443, 39.701378, 119.123344, 59.661011,39.694443, 222.513733, 0.999825
5, 206,28,171.661942, 171.666290, 119.123344, 59.661011,39.694443, 222.513733, 0.999975
5, 206,29,114.608910, 114.605316, 119.123344, 59.661011,39.694443, 222.513733, 1.000031
5, 206,30,146.803513, 146.798065, 119.123344, 59.661011,39.694443, 222.513733, 1.000037
5, 206,31,72.791298, 72.798317, 119.123344, 59.661011,39.694443, 222.513733, 0.999904
5, 207,0,25.325657, 25.324034, 119.122276, 77.041222,11.715157, 228.157516, 1.000064
5, 207,1,210.418839, 210.424759, 119.122276, 77.041222,11.715157, 228.157516, 0.999972
5, 207,2,101.010811, 101.017960, 119.122276, 77.041222,11.715157, 228.157516, 0.999929
5, 207,3,15.944438, 15.945726, 119.122276, 77.041222,11.715157, 228.157516, 0.999919
5, 207,4,188.502090, 188.487534, 119.122276, 77.041222,11.715157, 228.157516, 1.000077
5, 207,5,204.256531, 204.267899, 119.122276, 77.041222,11.715157, 228.157516, 0.999944
5, 207,6,43.802464, 43.801414, 119.122276, 77.041222,11.715157, 228.157516, 1.000024
5, 207,7,85.538559, 85.537277, 119.122276, 77.041222,11.715157, 228.157516, 1.000015
5, 207,8,157.247864, 157.260559, 119.122276, 77.041222,11.715157, 228.157516, 0.999919
5, 207,9,151.018555, 151.035614, 119.122276, 77.041222,11.715157, 228.157516, 0.999887
5, 207,10,156.486862, 156.490952, 119.122276, 77.041222,11.715157, 228.157516, 0.999974
5, 207,11,12.720529, 12.737894, 119.122276, 77.041222,11.715157, 228.157516, 0.998637
5, 207,12,99.849625, 99.853325, 119.122276, 77.041222,11.715157, 228.157516, 0.999963
5, 207,13,37.019646, 37.024788, 119.122276, 77.041222,11.715157, 228.157516, 0.999861
5, 207,14,11.715157, 11.723103, 119.122276, 77.041222,11.715157, 228.157516, 0.999322
5, 207,15,141.741394, 141.739029, 119.122276, 77.041222,11.715157, 228.157516, 1.000017
5, 207,16,123.603325, 123.615807, 119.122276, 77.041222,11.715157, 228.157516, 0.999899
5, 207,17,25.805571, 25.814404, 119.122276, 77.041222,11.715157, 228.157516, 0.999658
5, 207,18,228.157516, 228.159775, 119.122276, 77.041222,11.715157, 228.157516, 0.999990
5, 207,19,86.410194, 86.409050, 119.122276, 77.041222,11.715157, 228.157516, 1.000013
5, 207,20,213.221466, 213.223938, 119.122276, 77.041222,11.715157, 228.157516, 0.999988
5, 207,21,225.432114, 225.435486, 119.122276, 77.041222,11.715157, 228.157516, 0.999985
5, 207,22,184.148422, 184.149139, 119.122276, 77.041222,11.715157, 228.157516, 0.999996
5, 207,23,38.092289, 38.094063, 119.122276, 77.041222,11.715157, 228.157516, 0.999953
5, 207,24,17.494068, 17.498562, 119.122276, 77.041222,11.715157, 228.157516, 0.999743
5, 207,25,16.576653, 16.579119, 119.122276, 77.041222,11.715157, 228.157516, 0.999851
5, 207,26,172.470627, 172.462021, 119.122276, 77.041222,11.715157, 228.157516, 1.000050
5, 207,27,131.500443, 131.509384, 119.122276, 77.041222,11.715157, 228.157516, 0.999932
5, 207,28,221.651962, 221.648773, 119.122276, 77.041222,11.715157, 228.157516, 1.000014
5, 207,29,212.745422, 212.740387, 119.122276, 77.041222,11.715157, 228.157516, 1.000024
5, 207,30,192.349808, 192.342392, 119.122276, 77.041222,11.715157, 228.157516, 1.000039
5, 207,31,79.653824, 79.646042, 119.122276, 77.041222,11.715157, 228.157516, 1.000098
5, 208,0,185.286713, 185.293701, 119.124504, 59.998699,12.128704, 202.487198, 0.999962
5, 208,1,47.444283, 47.443504, 119.124504, 59.998699,12.128704, 202.487198, 1.000016
5, 208,2,161.282532, 161.285980, 119.124504, 59.998699,12.128704, 202.487198, 0.999979
5, 208,3,54.317005, 54.321484, 119.124504, 59.998699,12.128704, 202.487198, 0.999918
5, 208,4,13.684334, 13.688022, 119.124504, 59.998699,12.128704, 202.487198, 0.999731
5, 208,5,96.455704, 96.449135, 119.124504, 59.998699,12.128704, 202.487198, 1.000068
5, 208,6,130.939789, 130.945786, 119.124504, 59.998699,12.128704, 202.487198, 0.999954
5, 208,7,140.218948, 140.225128, 119.124504, 59.998699,12.128704, 202.487198, 0.999956
5, 208,8,96.557747, 96.555855, 119.124504, 59.998699,12.128704, 202.487198, 1.000020
5, 208,9,182.005585, 182.002945, 119.124504, 59.998699,12.128704, 202.487198, 1.000015
5, 208,10,50.082031, 50.087971, 119.124504, 59.998699,12.128704, 202.487198, 0.999881
5, 208,11,12.128704, 12.128617, 119.124504, 59.998699,12.128704, 202.487198, 1.000007
5, 208,12,151.217606, 151.212112, 119.124504, 59.998699,12.128704, 202.487198, 1.000036
5, 208,13,85.939812, 85.936493, 119.124504, 59.998699,12.128704, 202.487198, 1.000039
5, 208,14,177.478256, 177.490738, 119.124504, 59.998699,12.128704, 202.487198, 0.999930
5, 208,15,177.946457, 177.947311, 119.124504, 59.998699,12.128704, 202.487198, 0.999995
5, 208,16,144.247589, 144.239258, 119.124504, 59.998699,12.128704, 202.487198, 1.000058
5, 208,17,197.715942, 197.721512, 119.124504, 59.998699,12.128704, 202.487198, 0.999972
5, 208,18,128.471909, 128.473267, 119.124504, 59.998699,12.128704, 202.487198, 0.999989
5, 208,19,120.608955, 120.605080, 119.124504, 59.998699,12.128704, 202.487198, 1.000032
5, 208,20,131.419067, 131.420120, 119.124504, 59.998699,12.128704, 202.487198, 0.999992
5, 208,21,76.161331, 76.159088, 119.124504, 59.998699,12.128704, 202.487198, 1.000029
5, 208,22,202.487198, 202.500519, 119.124504, 59.998699,12.128704, 202.487198, 0.999934
5, 208,23,168.240402, 168.252899, 119.124504, 59.998699,12.128704, 202.487198, 0.999926
5, 208,24,14.475073, 14.470690, 119.124504, 59.998699,12.128704, 202.487198, 1.000303
5, 208,25,174.807312, 174.804779, 119.124504, 59.998699,12.128704, 202.487198, 1.000015
5, 208,26,19.964211, 19.961216, 119.124504, 59.998699,12.128704, 202.487198, 1.000150
5, 208,27,168.127777, 168.116531, 119.124504, 59.998699,12.128704, 202.487198, 1.000067
5, 208,28,143.702942, 143.699677, 119.124504, 59.998699,12.128704, 202.487198, 1.000023
5, 208,29,58.349350, 58.347481, 119.124504, 59.998699,12.128704, 202.487198, 1.000032
5, 208,30,108.567528, 108.568619, 119.124504, 59.998699,12.128704, 202.487198, 0.999990
5, 208,31,191.652054, 191.643982, 119.124504, 59.998699,12.128704, 202.487198, 1.000042
5, 209,0,107.608299, 107.620872, 119.122292, 50.465534,31.609547, 203.922546, 0.999883
5, 209,1,143.896332, 143.904404, 119.122292, 50.465534,31.609547, 203.922546, 0.999944
5, 209,2,139.806030, 139.815674, 119.122292, 50.465534,31.609547, 203.922546, 0.999931
5, 209,3,49.713013, 49.723656, 119.122292, 50.465534,31.609547, 203.922546, 0.999786
5, 209,4,95.459740, 95.462776, 119.122292, 50.465534,31.609547, 203.922546, 0.999968
5, 209,5,38.787006, 38.805534, 119.122292, 50.465534,31.609547, 203.922546, 0.999523
5, 209,6,183.509842, 183.513596, 119.122292, 50.465534,31.609547, 203.922546, 0.999980
5, 209,7,113.624962, 113.629967, 119.122292, 50.465534,31.609547, 203.922546, 0.999956
5, 209,8,136.368530, 136.375549, 119.122292, 50.465534,31.609547, 203.922546, 0.999949
5, 209,9,99.271179, 99.284431, 119.122292, 50.465534,31.609547, 203.922546, 0.999867
5, 209,10,143.044983, 143.052322, 119.122292, 50.465534,31.609547, 203.922546, 0.999949
5, 209,11,32.276489, 32.281364, 119.122292, 50.465534,31.609547, 203.922546, 0.999849
5, 209,12,119.741867, 119.753540, 119.122292, 50.465534,31.609547, 203.922546, 0.999903
5, 209,13,203.922546, 203.912735, 119.122292, 50.465534,31.609547, 203.922546, 1.000048
5, 209,14,179.722763, 179.730087, 119.122292, 50.465534,31.609547, 203.922546, 0.999959
5, 209,15,34.887341, 34.894848, 119.122292, 50.465534,31.609547, 203.922546, 0.999785
5, 209,16,31.609547, 31.600971, 119.122292, 50.465534,31.609547, 203.922546, 1.000271
5, 209,17,144.880890, 144.877304, 119.122292, 50.465534,31.609547, 203.922546, 1.000025
5, 209,18,103.565826, 103.570290, 119.122292, 50.465534,31.609547, 203.922546, 0.999957
5, 209,19,110.358337, 110.355171, 119.122292, 50.465534,31.609547, 203.922546, 1.000029
5, 209,20,85.616898, 85.625656, 119.122292, 50.465534,31.609547, 203.922546, 0.999898
5, 209,21,94.265839, 94.280029, 119.122292, 50.465534,31.609547, 203.922546, 0.999849
5, 209,22,188.280609, 188.282715, 119.122292, 50.465534,31.609547, 203.922546, 0.999989
5, 209,23,88.769318, 88.766914, 119.122292, 50.465534,31.609547, 203.922546, 1.000027
5, 209,24,192.171844, 192.167984, 119.122292, 50.465534,31.609547, 203.922546, 1.000020
5, 209,25,139.720657, 139.720291, 119.122292, 50.465534,31.609547, 203.922546, 1.000003
5, 209,26,194.392349, 194.387207, 119.122292, 50.465534,31.609547, 203.922546, 1.000026
5, 209,27,97.775879, 97.777390, 119.122292, 50.465534,31.609547, 203.922546, 0.999985
5, 209,28,177.976654, 177.962326, 119.122292, 50.465534,31.609547, 203.922546, 1.000080
5, 209,29,67.695000, 67.693741, 119.122292, 50.465534,31.609547, 203.922546, 1.000019
5, 209,30,149.176849, 149.169510, 119.122292, 50.465534,31.609547, 203.922546, 1.000049
5, 209,31,124.016075, 124.001236, 119.122292, 50.465534,31.609547, 203.922546, 1.000120
5, 210,0,235.489014, 235.479874, 119.125816, 80.834976,11.997486, 260.409729, 1.000039
5, 210,1,63.200317, 63.199547, 119.125816, 80.834976,11.997486, 260.409729, 1.000012
5, 210,2,93.899139, 93.898018, 119.125816, 80.834976,11.997486, 260.409729, 1.000012
5, 210,3,15.453424, 15.446375, 119.125816, 80.834976,11.997486, 260.409729, 1.000456
5, 210,4,245.319061, 245.331070, 119.125816, 80.834976,11.997486, 260.409729, 0.999951
5, 210,5,116.977669, 116.971558, 119.125816, 80.834976,11.997486, 260.409729, 1.000052
5, 210,6,179.759415, 179.751968, 119.125816, 80.834976,11.997486, 260.409729, 1.000041
5, 210,7,130.250885, 130.265472, 119.125816, 80.834976,11.997486, 260.409729, 0.999888
5, 210,8,131.769608, 131.768219, 119.125816, 80.834976,11.997486, 260.409729, 1.000010
5, 210,9,150.218399, 150.222275, 119.125816, 80.834976,11.997486, 260.409729, 0.999974
5, 210,10,107.226471, 107.231689, 119.125816, 80.834976,11.997486, 260.409729, 0.999951
5, 210,11,85.456741, 85.470055, 119.125816, 80.834976,11.997486, 260.409729, 0.999844
5, 210,12,31.869213, 31.857056, 119.125816, 80.834976,11.997486, 260.409729, 1.000382
5, 210,13,48.016331, 48.029209, 119.125816, 80.834976,11.997486, 260.409729, 0.999732
5, 210,14,244.125061, 244.130493, 119.125816, 80.834976,11.997486, 260.409729, 0.999978
5, 210,15,141.614914, 141.611435, 119.125816, 80.834976,11.997486, 260.409729, 1.000025
5, 210,16,152.871735, 152.861984, 119.125816, 80.834976,11.997486, 260.409729, 1.000064
5, 210,17,260.409729, 260.413940, 119.125816, 80.834976,11.997486, 260.409729, 0.999984
5, 210,18,63.314110, 63.310860, 119.125816, 80.834976,11.997486, 260.409729, 1.000051
5, 210,19,62.571838, 62.563473, 119.125816, 80.834976,11.997486, 260.409729, 1.000134
5, 210,20,11.997486, 11.995679, 119.125816, 80.834976,11.997486, 260.409729, 1.000151
5, 210,21,207.506210, 207.500641, 119.125816, 80.834976,11.997486, 260.409729, 1.000027
5, 210,22,224.240768, 224.245255, 119.125816, 80.834976,11.997486, 260.409729, 0.999980
5, 210,23,198.585648, 198.579727, 119.125816, 80.834976,11.997486, 260.409729, 1.000030
5, 210,24,39.931309, 39.935181, 119.125816, 80.834976,11.997486, 260.409729, 0.999903
5, 210,25,15.109157, 15.112436, 119.125816, 80.834976,11.997486, 260.409729, 0.999783
5, 210,26,134.342438, 134.328400, 119.125816, 80.834976,11.997486, 260.409729, 1.000105
5, 210,27,237.172379, 237.181396, 119.125816, 80.834976,11.997486, 260.409729, 0.999962
5, 210,28,19.630413, 19.620604, 119.125816, 80.834976,11.997486, 260.409729, 1.000500
5, 210,29,20.084566, 20.081757, 119.125816, 80.834976,11.997486, 260.409729, 1.000140
5, 210,30,116.918266, 116.923851, 119.125816, 80.834976,11.997486, 260.409729, 0.999952
5, 210,31,26.694572, 26.681011, 119.125816, 80.834976,11.997486, 260.409729, 1.000508
5, 211,0,137.893112, 137.900940, 119.120598, 59.437443,10.536209, 209.634964, 0.999943
5, 211,1,141.690140, 141.691956, 119.120598, 59.437443,10.536209, 209.634964, 0.999987
5, 211,2,205.547195, 205.550919, 119.120598, 59.437443,10.536209, 209.634964, 0.999982
5, 211,3,193.503830, 193.511200, 119.120598, 59.437443,10.536209, 209.634964, 0.999962
5, 211,4,81.624374, 81.630539, 119.120598, 59.437443,10.536209, 209.634964, 0.999924
5, 211,5,10.722791, 10.732058, 119.120598, 59.437443,10.536209, 209.634964, 0.999137
5, 211,6,32.402317, 32.393124, 119.120598, 59.437443,10.536209, 209.634964, 1.000284
5, 211,7,167.657700, 167.660400, 119.120598, 59.437443,10.536209, 209.634964, 0.999984
5, 211,8,172.521744, 172.516815, 119.120598, 59.437443,10.536209, 209.634964, 1.000029
5, 211,9,68.316849, 68.316238, 119.120598, 59.437443,10.536209, 209.634964, 1.000009
5, 211,10,114.255341, 114.246323, 119.120598, 59.437443,10.536209, 209.634964, 1.000079
5, 211,11,134.210434, 134.214508, 119.120598, 59.437443,10.536209, 209.634964, 0.999970
5, 211,12,135.511169, 135.521759, 119.120598, 59.437443,10.536209, 209.634964, 0.999922
5, 211,13,164.976654, 164.973999, 119.120598, 59.437443,10.536209, 209.634964, 1.000016
5, 211,14,75.104828, 75.113922, 119.120598, 59.437443,10.536209, 209.634964, 0.999879
5, 211,15,160.414352, 160.437866, 119.120598, 59.437443,10.536209, 209.634964, 0.999853
5, 211,16,59.734936, 59.734173, 119.120598, 59.437443,10.536209, 209.634964, 1.000013
5, 211,17,124.771332, 124.776192, 119.120598, 59.437443,10.536209, 209.634964, 0.999961
5, 211,18,61.820168, 61.819233, 119.120598, 59.437443,10.536209, 209.634964, 1.000015
5, 211,19,199.167435, 199.171555, 119.120598, 59.437443,10.536209, 209.634964, 0.999979
5, 211,20,84.630341, 84.624138, 119.120598, 59.437443,10.536209, 209.634964, 1.000073
5, 211,21,70.677017, 70.682358, 119.120598, 59.437443,10.536209, 209.634964, 0.999924
5, 211,22,115.914833, 115.939217, 119.120598, 59.437443,10.536209, 209.634964, 0.999790
5, 211,23,72.250473, 72.244514, 119.120598, 59.437443,10.536209, 209.634964, 1.000082
5, 211,24,155.375031, 155.385361, 119.120598, 59.437443,10.536209, 209.634964, 0.999934
5, 211,25,114.515396, 114.514313, 119.120598, 59.437443,10.536209, 209.634964, 1.000009
5, 211,26,166.922684, 166.921799, 119.120598, 59.437443,10.536209, 209.634964, 1.000005
5, 211,27,160.417938, 160.424789, 119.120598, 59.437443,10.536209, 209.634964, 0.999957
5, 211,28,14.577284, 14.588433, 119.120598, 59.437443,10.536209, 209.634964, 0.999236
5, 211,29,194.560394, 194.550446, 119.120598, 59.437443,10.536209, 209.634964, 1.000051
5, 211,30,10.536209, 10.562116, 119.120598, 59.437443,10.536209, 209.634964, 0.997547
5, 211,31,209.634964, 209.649139, 119.120598, 59.437443,10.536209, 209.634964, 0.999932
5, 212,0,144.897095, 144.898483, 119.126755, 69.532784,15.942840, 230.767914, 0.999990
5, 212,1,102.484215, 102.473343, 119.126755, 69.532784,15.942840, 230.767914, 1.000106
5, 212,2,31.060154, 31.061977, 119.126755, 69.532784,15.942840, 230.767914, 0.999941
5, 212,3,213.866074, 213.871628, 119.126755, 69.532784,15.942840, 230.767914, 0.999974
5, 212,4,114.832130, 114.836586, 119.126755, 69.532784,15.942840, 230.767914, 0.999961
5, 212,5,230.767914, 230.759933, 119.126755, 69.532784,15.942840, 230.767914, 1.000035
5, 212,6,97.822380, 97.804855, 119.126755, 69.532784,15.942840, 230.767914, 1.000179
5, 212,7,15.942840, 15.930629, 119.126755, 69.532784,15.942840, 230.767914, 1.000767
5, 212,8,155.147781, 155.153381, 119.126755, 69.532784,15.942840, 230.767914, 0.999964
5, 212,9,120.400970, 120.401482, 119.126755, 69.532784,15.942840, 230.767914, 0.999996
5, 212,10,177.266663, 177.262360, 119.126755, 69.532784,15.942840, 230.767914, 1.000024
5, 212,11,17.006149, 16.999146, 119.126755, 69.532784,15.942840, 230.767914, 1.000412
5, 212,12,39.898663, 39.896965, 119.126755, 69.532784,15.942840, 230.767914, 1.000043
5, 212,13,158.406311, 158.401962, 119.126755, 69.532784,15.942840, 230.767914, 1.000027
5, 212,14,98.502075, 98.500465, 119.126755, 69.532784,15.942840, 230.767914, 1.000016
5, 212,15,226.989212, 226.973511, 119.126755, 69.532784,15.942840, 230.767914, 1.000069
5, 212,16,190.652481, 190.658279, 119.126755, 69.532784,15.942840, 230.767914, 0.999970
5, 212,17,193.514694, 193.512436, 119.126755, 69.532784,15.942840, 230.767914, 1.000012
5, 212,18,146.935944, 146.942291, 119.126755, 69.532784,15.942840, 230.767914, 0.999957
5, 212,19,177.047882, 177.054398, 119.126755, 69.532784,15.942840, 230.767914, 0.999963
5, 212,20,28.978947, 28.975142, 119.126755, 69.532784,15.942840, 230.767914, 1.000131
5, 212,21,43.747871, 43.747929, 119.126755, 69.532784,15.942840, 230.767914, 0.999999
5, 212,22,158.639984, 158.645782, 119.126755, 69.532784,15.942840, 230.767914, 0.999963
5, 212,23,21.379562, 21.380783, 119.126755, 69.532784,15.942840, 230.767914, 0.999943
5, 212,24,222.909149, 222.914581, 119.126755, 69.532784,15.942840, 230.767914, 0.999976
5, 212,25,70.466599, 70.460854, 119.126755, 69.532784,15.942840, 230.767914, 1.000082
5, 212,26,59.835953, 59.833054, 119.126755, 69.532784,15.942840, 230.767914, 1.000048
5, 212,27,122.782242, 122.775169, 119.126755, 69.532784,15.942840, 230.767914, 1.000058
5, 212,28,82.094788, 82.085457, 119.126755, 69.532784,15.942840, 230.767914, 1.000114
5, 212,29,93.286415, 93.286964, 119.126755, 69.532784,15.942840, 230.767914, 0.999994
5, 212,30,214.124710, 214.122635, 119.126755, 69.532784,15.942840, 230.767914, 1.000010
5, 212,31,40.368389, 40.377441, 119.126755, 69.532784,15.942840, 230.767914, 0.999776
5, 213,0,32.548054, 32.551620, 119.123787, 55.239494,32.548054, 192.164413, 0.999890
5, 213,1,177.959442, 177.938507, 119.123787, 55.239494,32.548054, 192.164413, 1.000118
5, 213,2,50.319363, 50.308659, 119.123787, 55.239494,32.548054, 192.164413, 1.000213
5, 213,3,60.689301, 60.696926, 119.123787, 55.239494,32.548054, 192.164413, 0.999874
5, 213,4,187.291946, 187.301971, 119.123787, 55.239494,32.548054, 192.164413, 0.999946
5, 213,5,114.469391, 114.468239, 119.123787, 55.239494,32.548054, 192.164413, 1.000010
5, 213,6,169.319580, 169.307037, 119.123787, 55.239494,32.548054, 192.164413, 1.000074
5, 213,7,122.842880, 122.843498, 119.123787, 55.239494,32.548054, 192.164413, 0.999995
5, 213,8,127.410202, 127.400192, 119.123787, 55.239494,32.548054, 192.164413, 1.000079
5, 213,9,160.136810, 160.150970, 119.123787, 55.239494,32.548054, 192.164413, 0.999912
5, 213,10,97.406242, 97.412697, 119.123787, 55.239494,32.548054, 192.164413, 0.999934
5, 213,11,154.405731, 154.392593, 119.123787, 55.239494,32.548054, 192.164413, 1.000085
5, 213,12,151.432709, 151.434097, 119.123787, 55.239494,32.548054, 192.164413, 0.999991
5, 213,13,33.805313, 33.802116, 119.123787, 55.239494,32.548054, 192.164413, 1.000095
5, 213,14,133.648911, 133.658768, 119.123787, 55.239494,32.548054, 192.164413, 0.999926
5, 213,15,192.164413, 192.169754, 119.123787, 55.239494,32.548054, 192.164413, 0.999972
5, 213,16,45.553005, 45.562874, 119.123787, 55.239494,32.548054, 192.164413, 0.999783
5, 213,17,187.286469, 187.295883, 119.123787, 55.239494,32.548054, 192.164413, 0.999950
5, 213,18,190.918213, 190.907059, 119.123787, 55.239494,32.548054, 192.164413, 1.000058
5, 213,19,190.041489, 190.053055, 119.123787, 55.239494,32.548054, 192.164413, 0.999939
5, 213,20,171.191025, 171.198029, 119.123787, 55.239494,32.548054, 192.164413, 0.999959
5, 213,21,166.613754, 166.610855, 119.123787, 55.239494,32.548054, 192.164413, 1.000017
5, 213,22,40.452393, 40.463291, 119.123787, 55.239494,32.548054, 192.164413, 0.999731
5, 213,23,109.635574, 109.637047, 119.123787, 55.239494,32.548054, 192.164413, 0.999987
5, 213,24,118.544449, 118.530823, 119.123787, 55.239494,32.548054, 192.164413, 1.000115
5, 213,25,77.676712, 77.685364, 119.123787, 55.239494,32.548054, 192.164413, 0.999889
5, 213,26,36.467319, 36.480003, 119.123787, 55.239494,32.548054, 192.164413, 0.999652
5, 213,27,170.648346, 170.636826, 119.123787, 55.239494,32.548054, 192.164413, 1.000067
5, 213,28,79.201073, 79.216461, 119.123787, 55.239494,32.548054, 192.164413, 0.999806
5, 213,29,91.312256, 91.331017, 119.123787, 55.239494,32.548054, 192.164413, 0.999795
5, 213,30,127.704704, 127.692978, 119.123787, 55.239494,32.548054, 192.164413, 1.000092
5, 213,31,42.864315, 42.860588, 119.123787, 55.239494,32.548054, 192.164413, 1.000087
5, 214,0,207.771774, 207.772034, 119.122597, 63.556549,17.092840, 208.798615, 0.999999
5, 214,1,17.625336, 17.625708, 119.122597, 63.556549,17.092840, 208.798615, 0.999979
5, 214,2,63.918037, 63.914970, 119.122597, 63.556549,17.092840, 208.798615, 1.000048
5, 214,3,62.115410, 62.103626, 119.122597, 63.556549,17.092840, 208.798615, 1.000190
5, 214,4,54.784027, 54.793774, 119.122597, 63.556549,17.092840, 208.798615, 0.999822
5, 214,5,81.450424, 81.441849, 119.122597, 63.556549,17.092840, 208.798615, 1.000105
5, 214,6,193.552750, 193.545547, 119.122597, 63.556549,17.092840, 208.798615, 1.000037
5, 214,7,35.520020, 35.539352, 119.122597, 63.556549,17.092840, 208.798615, 0.999456
5, 214,8,140.358185, 140.365433, 119.122597, 63.556549,17.092840, 208.798615, 0.999948
5, 214,9,119.421570, 119.422134, 119.122597, 63.556549,17.092840, 208.798615, 0.999995
5, 214,10,159.652344, 159.645645, 119.122597, 63.556549,17.092840, 208.798615, 1.000042
5, 214,11,173.111801, 173.117935, 119.122597, 63.556549,17.092840, 208.798615, 0.999965
5, 214,12,59.355862, 59.357601, 119.122597, 63.556549,17.092840, 208.798615, 0.999971
5, 214,13,161.392792, 161.392517, 119.122597, 63.556549,17.092840, 208.798615, 1.000002
5, 214,14,155.443634, 155.442810, 119.122597, 63.556549,17.092840, 208.798615, 1.000005
5, 214,15,208.798615, 208.803421, 119.122597, 63.556549,17.092840, 208.798615, 0.999977
5, 214,16,197.051468, 197.052216, 119.122597, 63.556549,17.092840, 208.798615, 0.999996
5, 214,17,184.476120, 184.469467, 119.122597, 63.556549,17.092840, 208.798615, 1.000036
5, 214,18,124.695534, 124.707909, 119.122597, 63.556549,17.092840, 208.798615, 0.999901
5, 214,19,157.889084, 157.898758, 119.122597, 63.556549,17.092840, 208.798615, 0.999939
5, 214,20,17.092840, 17.097130, 119.122597, 63.556549,17.092840, 208.798615, 0.999749
5, 214,21,206.207748, 206.199203, 119.122597, 63.556549,17.092840, 208.798615, 1.000041
5, 214,22,36.746635, 36.751213, 119.122597, 63.556549,17.092840, 208.798615, 0.999875
5, 214,23,152.200806, 152.193985, 119.122597, 63.556549,17.092840, 208.798615, 1.000045
5, 214,24,166.745605, 166.762100, 119.122597, 63.556549,17.092840, 208.798615, 0.999901
5, 214,25,120.716110, 120.717789, 119.122597, 63.556549,17.092840, 208.798615, 0.999986
5, 214,26,87.556732, 87.559181, 119.122597, 63.556549,17.092840, 208.798615, 0.999972
5, 214,27,74.119064, 74.132004, 119.122597, 63.556549,17.092840, 208.798615, 0.999825
5, 214,28,115.529266, 115.535149, 119.122597, 63.556549,17.092840, 208.798615, 0.999949
5, 214,29,50.162041, 50.171944, 119.122597, 63.556549,17.092840, 208.798615, 0.999803
5, 214,30,200.025406, 200.023865, 119.122597, 63.556549,17.092840, 208.798615, 1.000008
5, 214,31,26.436045, 26.443939, 119.122597, 63.556549,17.092840, 208.798615, 0.999701
5, 215,0,51.984043, 51.986427, 119.123894, 71.171097,17.890919, 249.917130, 0.999954
5, 215,1,214.003143, 214.015213, 119.123894, 71.171097,17.890919, 249.917130, 0.999944
5, 215,2,230.648529, 230.659271, 119.123894, 71.171097,17.890919, 249.917130, 0.999953
5, 215,3,36.504059, 36.508034, 119.123894, 71.171097,17.890919, 249.917130, 0.999891
5, 215,4,223.327255, 223.325867, 119.123894, 71.171097,17.890919, 249.917130, 1.000006
5, 215,5,71.061707, 71.065125, 119.123894, 71.171097,17.890919, 249.917130, 0.999952
5, 215,6,68.055992, 68.062408, 119.123894, 71.171097,17.890919, 249.917130, 0.999906
5, 215,7,249.917130, 249.915054, 119.123894, 71.171097,17.890919, 249.917130, 1.000008
5, 215,8,25.213146, 25.212793, 119.123894, 71.171097,17.890919, 249.917130, 1.000014
5, 215,9,240.422974, 240.427322, 119.123894, 71.171097,17.890919, 249.917130, 0.999982
5, 215,10,64.798180, 64.786713, 119.123894, 71.171097,17.890919, 249.917130, 1.000177
5, 215,11,88.620445, 88.609268, 119.123894, 71.171097,17.890919, 249.917130, 1.000126
5, 215,12,135.280609, 135.280518, 119.123894, 71.171097,17.890919, 249.917130, 1.000001
5, 215,13,67.118355, 67.118057, 119.123894, 71.171097,17.890919, 249.917130, 1.000004
5, 215,14,106.947411, 106.950203, 119.123894, 71.171097,17.890919, 249.917130, 0.999974
5, 215,15,207.907959, 207.913864, 119.123894, 71.171097,17.890919, 249.917130, 0.999972
5, 215,16,185.027222, 185.028275, 119.123894, 71.171097,17.890919, 249.917130, 0.999994
5, 215,17,94.858047, 94.865547, 119.123894, 71.171097,17.890919, 249.917130, 0.999921
5, 215,18,127.788712, 127.784798, 119.123894, 71.171097,17.890919, 249.917130, 1.000031
5, 215,19,103.762558, 103.740906, 119.123894, 71.171097,17.890919, 249.917130, 1.000209
5, 215,20,52.665840, 52.672550, 119.123894, 71.171097,17.890919, 249.917130, 0.999873
5, 215,21,151.842789, 151.836044, 119.123894, 71.171097,17.890919, 249.917130, 1.000044
5, 215,22,199.547379, 199.540192, 119.123894, 71.171097,17.890919, 249.917130, 1.000036
5, 215,23,42.942959, 42.956131, 119.123894, 71.171097,17.890919, 249.917130, 0.999693
5, 215,24,25.095781, 25.094749, 119.123894, 71.171097,17.890919, 249.917130, 1.000041
5, 215,25,103.654144, 103.659752, 119.123894, 71.171097,17.890919, 249.917130, 0.999946
5, 215,26,117.761269, 117.758514, 119.123894, 71.171097,17.890919, 249.917130, 1.000023
5, 215,27,165.020035, 165.019974, 119.123894, 71.171097,17.890919, 249.917130, 1.000000
5, 215,28,17.890919, 17.894127, 119.123894, 71.171097,17.890919, 249.917130, 0.999821
5, 215,29,47.884201, 47.884430, 119.123894, 71.171097,17.890919, 249.917130, 0.999995
5, 215,30,177.753448, 177.776016, 119.123894, 71.171097,17.890919, 249.917130, 0.999873
5, 215,31,116.658524, 116.651863, 119.123894, 71.171097,17.890919, 249.917130, 1.000057
5, 216,0,96.143867, 96.145760, 119.125404, 72.065781,12.006899, 248.273865, 0.999980
5, 216,1,226.930298, 226.929413, 119.125404, 72.065781,12.006899, 248.273865, 1.000004
5, 216,2,127.820419, 127.811089, 119.125404, 72.065781,12.006899, 248.273865, 1.000073
5, 216,3,42.689079, 42.686794, 119.125404, 72.065781,12.006899, 248.273865, 1.000054
5, 216,4,73.477890, 73.476593, 119.125404, 72.065781,12.006899, 248.273865, 1.000018
5, 216,5,108.850090, 108.855659, 119.125404, 72.065781,12.006899, 248.273865, 0.999949
5, 216,6,181.529510, 181.540009, 119.125404, 72.065781,12.006899, 248.273865, 0.999942
5, 216,7,12.006899, 12.006444, 119.125404, 72.065781,12.006899, 248.273865, 1.000038
5, 216,8,174.132477, 174.134415, 119.125404, 72.065781,12.006899, 248.273865, 0.999989
5, 216,9,14.947085, 14.946796, 119.125404, 72.065781,12.006899, 248.273865, 1.000019
5, 216,10,93.559273, 93.562920, 119.125404, 72.065781,12.006899, 248.273865, 0.999961
5, 216,11,143.446732, 143.439468, 119.125404, 72.065781,12.006899, 248.273865, 1.000051
5, 216,12,76.991058, 77.000633, 119.125404, 72.065781,12.006899, 248.273865, 0.999876
5, 216,13,194.256973, 194.257217, 119.125404, 72.065781,12.006899, 248.273865, 0.999999
5, 216,14,183.815491, 183.816406, 119.125404, 72.065781,12.006899, 248.273865, 0.999995
5, 216,15,220.638000, 220.625534, 119.125404, 72.065781,12.006899, 248.273865, 1.000057
5, 216,16,232.767853, 232.773651, 119.125404, 72.065781,12.006899, 248.273865, 0.999975
5, 216,17,248.273865, 248.270676, 119.125404, 72.065781,12.006899, 248.273865, 1.000013
5, 216,18,101.878242, 101.873245, 119.125404, 72.065781,12.006899, 248.273865, 1.000049
5, 216,19,75.330101, 75.322517, 119.125404, 72.065781,12.006899, 248.273865, 1.000101
5, 216,20,142.853790, 142.863068, 119.125404, 72.065781,12.006899, 248.273865, 0.999935
5, 216,21,20.831482, 20.849388, 119.125404, 72.065781,12.006899, 248.273865, 0.999141
5, 216,22,131.839447, 131.838562, 119.125404, 72.065781,12.006899, 248.273865, 1.000007
5, 216,23,244.969177, 244.972809, 119.125404, 72.065781,12.006899, 248.273865, 0.999985
5, 216,24,122.117950, 122.112793, 119.125404, 72.065781,12.006899, 248.273865, 1.000042
5, 216,25,77.675636, 77.686470, 119.125404, 72.065781,12.006899, 248.273865, 0.999861
5, 216,26,142.440918, 142.432602, 119.125404, 72.065781,12.006899, 248.273865, 1.000058
5, 216,27,131.718170, 131.721832, 119.125404, 72.065781,12.006899, 248.273865, 0.999972
5, 216,28,38.088425, 38.082916, 119.125404, 72.065781,12.006899, 248.273865, 1.000145
5, 216,29,19.596207, 19.587154, 119.125404, 72.065781,12.006899, 248.273865, 1.000462
5, 216,30,15.012137, 15.005165, 119.125404, 72.065781,12.006899, 248.273865, 1.000465
5, 216,31,95.384377, 95.372360, 119.125404, 72.065781,12.006899, 248.273865, 1.000126
5, 217,0,97.803406, 97.812500, 119.123901, 54.259212,25.712183, 209.833420, 0.999907
5, 217,1,140.630386, 140.635635, 119.123901, 54.259212,25.712183, 209.833420, 0.999963
5, 217,2,204.538300, 204.533768, 119.123901, 54.259212,25.712183, 209.833420, 1.000022
5, 217,3,141.020416, 141.008911, 119.123901, 54.259212,25.712183, 209.833420, 1.000082
5, 217,4,137.336945, 137.337311, 119.123901, 54.259212,25.712183, 209.833420, 0.999997
5, 217,5,60.109310, 60.105141, 119.123901, 54.259212,25.712183, 209.833420, 1.000069
5, 217,6,62.966232, 62.962868, 119.123901, 54.259212,25.712183, 209.833420, 1.000053
5, 217,7,116.166779, 116.170509, 119.123901, 54.259212,25.712183, 209.833420, 0.999968
5, 217,8,141.585953, 141.584122, 119.123901, 54.259212,25.712183, 209.833420, 1.000013
5, 217,9,103.451630, 103.448410, 119.123901, 54.259212,25.712183, 209.833420, 1.000031
5, 217,10,28.250372, 28.247866, 119.123901, 54.259212,25.712183, 209.833420, 1.000089
5, 217,11,146.229752, 146.228714, 119.123901, 54.259212,25.712183, 209.833420, 1.000007
5, 217,12,39.057175, 39.060738, 119.123901, 54.259212,25.712183, 209.833420, 0.999909
5, 217,13,149.208817, 149.214935, 119.123901, 54.259212,25.712183, 209.833420, 0.999959
5, 217,14,169.170044, 169.157852, 119.123901, 54.259212,25.712183, 209.833420, 1.000072
5, 217,15,209.833420, 209.826981, 119.123901, 54.259212,25.712183, 209.833420, 1.000031
5, 217,16,40.803444, 40.816986, 119.123901, 54.259212,25.712183, 209.833420, 0.999668
5, 217,17,25.712183, 25.720577, 119.123901, 54.259212,25.712183, 209.833420, 0.999674
5, 217,18,117.724060, 117.724823, 119.123901, 54.259212,25.712183, 209.833420, 0.999994
5, 217,19,149.887238, 149.894180, 119.123901, 54.259212,25.712183, 209.833420, 0.999954
5, 217,20,89.815651, 89.814529, 119.123901, 54.259212,25.712183, 209.833420, 1.000013
5, 217,21,185.360596, 185.355759, 119.123901, 54.259212,25.712183, 209.833420, 1.000026
5, 217,22,179.358704, 179.358795, 119.123901, 54.259212,25.712183, 209.833420, 0.999999
5, 217,23,178.218369, 178.220612, 119.123901, 54.259212,25.712183, 209.833420, 0.999987
5, 217,24,76.764893, 76.761978, 119.123901, 54.259212,25.712183, 209.833420, 1.000038
5, 217,25,79.617218, 79.625832, 119.123901, 54.259212,25.712183, 209.833420, 0.999892
5, 217,26,117.028732, 117.027222, 119.123901, 54.259212,25.712183, 209.833420, 1.000013
5, 217,27,136.551605, 136.554016, 119.123901, 54.259212,25.712183, 209.833420, 0.999982
5, 217,28,176.915649, 176.917191, 119.123901, 54.259212,25.712183, 209.833420, 0.999991
5, 217,29,181.485809, 181.494446, 119.123901, 54.259212,25.712183, 209.833420, 0.999952
5, 217,30,27.195038, 27.201458, 119.123901, 54.259212,25.712183, 209.833420, 0.999764
5, 217,31,102.166862, 102.175591, 119.123901, 54.259212,25.712183, 209.833420, 0.999915
5, 218,0,146.725998, 146.710632, 119.123672, 54.496773,12.922524, 191.119034, 1.000105
5, 218,1,61.202530, 61.216709, 119.123672, 54.496773,12.922524, 191.119034, 0.999768
5, 218,2,186.867920, 186.866608, 119.123672, 54.496773,12.922524, 191.119034, 1.000007
5, 218,3,12.922524, 12.936625, 119.123672, 54.496773,12.922524, 191.119034, 0.998910
5, 218,4,40.969498, 40.975574, 119.123672, 54.496773,12.922524, 191.119034, 0.999852
5, 218,5,95.541122, 95.521568, 119.123672, 54.496773,12.922524, 191.119034, 1.000205
5, 218,6,191.119034, 191.108398, 119.123672, 54.496773,12.922524, 191.119034, 1.000056
5, 218,7,91.095955, 91.091743, 119.123672, 54.496773,12.922524, 191.119034, 1.000046
5, 218,8,109.021698, 109.026718, 119.123672, 54.496773,12.922524, 191.119034, 0.999954
5, 218,9,157.842606, 157.826660, 119.123672, 54.496773,12.922524, 191.119034, 1.000101
5, 218,10,31.969646, 31.977673, 119.123672, 54.496773,12.922524, 191.119034, 0.999749
5, 218,11,178.234680, 178.250290, 119.123672, 54.496773,12.922524, 191.119034, 0.999912
5, 218,12,126.698105, 126.674110, 119.123672, 54.496773,12.922524, 191.119034, 1.000189
5, 218,13,130.056595, 130.069748, 119.123672, 54.496773,12.922524, 191.119034, 0.999899
5, 218,14,170.301926, 170.308701, 119.123672, 54.496773,12.922524, 191.119034, 0.999960
5, 218,15,112.378197, 112.389175, 119.123672, 54.496773,12.922524, 191.119034, 0.999902
5, 218,16,89.884293, 89.863998, 119.123672, 54.496773,12.922524, 191.119034, 1.000226
5, 218,17,135.606033, 135.638824, 119.123672, 54.496773,12.922524, 191.119034, 0.999758
5, 218,18,174.066589, 174.058289, 119.123672, 54.496773,12.922524, 191.119034, 1.000048
5, 218,19,16.045292, 16.055750, 119.123672, 54.496773,12.922524, 191.119034, 0.999349
5, 218,20,161.608566, 161.598373, 119.123672, 54.496773,12.922524, 191.119034, 1.000063
5, 218,21,177.620636, 177.603256, 119.123672, 54.496773,12.922524, 191.119034, 1.000098
5, 218,22,98.170792, 98.170609, 119.123672, 54.496773,12.922524, 191.119034, 1.000002
5, 218,23,166.231735, 166.232819, 119.123672, 54.496773,12.922524, 191.119034, 0.999994
5, 218,24,88.288696, 88.298904, 119.123672, 54.496773,12.922524, 191.119034, 0.999884
5, 218,25,100.085754, 100.067528, 119.123672, 54.496773,12.922524, 191.119034, 1.000182
5, 218,26,170.101746, 170.120651, 119.123672, 54.496773,12.922524, 191.119034, 0.999889
5, 218,27,148.153259, 148.159576, 119.123672, 54.496773,12.922524, 191.119034, 0.999957
5, 218,28,39.383072, 39.393890, 119.123672, 54.496773,12.922524, 191.119034, 0.999725
5, 218,29,172.785080, 172.791824, 119.123672, 54.496773,12.922524, 191.119034, 0.999961
5, 218,30,55.316292, 55.321342, 119.123672, 54.496773,12.922524, 191.119034, 0.999909
5, 218,31,175.661438, 175.673157, 119.123672, 54.496773,12.922524, 191.119034, 0.999933
5, 219,0,23.457104, 23.449150, 119.124954, 61.171757,16.672522, 220.267670, 1.000339
5, 219,1,176.140259, 176.143005, 119.124954, 61.171757,16.672522, 220.267670, 0.999984
5, 219,2,178.121124, 178.111145, 119.124954, 61.171757,16.672522, 220.267670, 1.000056
5, 219,3,139.245285, 139.243057, 119.124954, 61.171757,16.672522, 220.267670, 1.000016
5, 219,4,212.210098, 212.200348, 119.124954, 61.171757,16.672522, 220.267670, 1.000046
5, 219,5,24.997116, 24.992811, 119.124954, 61.171757,16.672522, 220.267670, 1.000172
5, 219,6,51.934792, 51.929703, 119.124954, 61.171757,16.672522, 220.267670, 1.000098
5, 219,7,49.104290, 49.099655, 119.124954, 61.171757,16.672522, 220.267670, 1.000094
5, 219,8,81.230896, 81.220680, 119.124954, 61.171757,16.672522, 220.267670, 1.000126
5, 219,9,89.606689, 89.607903, 119.124954, 61.171757,16.672522, 220.267670, 0.999986
5, 219,10,171.599960, 171.595627, 119.124954, 61.171757,16.672522, 220.267670, 1.000025
5, 219,11,131.415970, 131.408966, 119.124954, 61.171757,16.672522, 220.267670, 1.000053
5, 219,12,55.257320, 55.248577, 119.124954, 61.171757,16.672522, 220.267670, 1.000158
5, 219,13,139.046494, 139.043655, 119.124954, 61.171757,16.672522, 220.267670, 1.000020
5, 219,14,102.589554, 102.600388, 119.124954, 61.171757,16.672522, 220.267670, 0.999894
5, 219,15,119.024864, 119.021088, 119.124954, 61.171757,16.672522, 220.267670, 1.000032
5, 219,16,62.722080, 62.722466, 119.124954, 61.171757,16.672522, 220.267670, 0.999994
5, 219,17,161.626678, 161.632568, 119.124954, 61.171757,16.672522, 220.267670, 0.999964
5, 219,18,31.898901, 31.913561, 119.124954, 61.171757,16.672522, 220.267670, 0.999541
5, 219,19,154.165710, 154.165100, 119.124954, 61.171757,16.672522, 220.267670, 1.000004
5, 219,20,201.902634, 201.902847, 119.124954, 61.171757,16.672522, 220.267670, 0.999999
5, 219,21,79.258133, 79.252502, 119.124954, 61.171757,16.672522, 220.267670, 1.000071
5, 219,22,70.944183, 70.948898, 119.124954, 61.171757,16.672522, 220.267670, 0.999934
5, 219,23,166.192581, 166.192810, 119.124954, 61.171757,16.672522, 220.267670, 0.999999
5, 219,24,210.245331, 210.251465, 119.124954, 61.171757,16.672522, 220.267670, 0.999971
5, 219,25,100.824043, 100.825172, 119.124954, 61.171757,16.672522, 220.267670, 0.999989
5, 219,26,169.725067, 169.730362, 119.124954, 61.171757,16.672522, 220.267670, 0.999969
5, 219,27,155.266373, 155.284271, 119.124954, 61.171757,16.672522, 220.267670, 0.999885
5, 219,28,220.267670, 220.259552, 119.124954, 61.171757,16.672522, 220.267670, 1.000037
5, 219,29,167.368713, 167.376266, 119.124954, 61.171757,16.672522, 220.267670, 0.999955
5, 219,30,16.672522, 16.689199, 119.124954, 61.171757,16.672522, 220.267670, 0.999001
5, 219,31,97.936073, 97.937241, 119.124954, 61.171757,16.672522, 220.267670, 0.999988
5, 220,0,135.013123, 135.019104, 119.125137, 69.532173,12.405735, 245.686874, 0.999956
5, 220,1,232.526337, 232.508926, 119.125137, 69.532173,12.405735, 245.686874, 1.000075
5, 220,2,99.899353, 99.904793, 119.125137, 69.532173,12.405735, 245.686874, 0.999946
5, 220,3,215.035446, 215.020599, 119.125137, 69.532173,12.405735, 245.686874, 1.000069
5, 220,4,245.686874, 245.672256, 119.125137, 69.532173,12.405735, 245.686874, 1.000059
5, 220,5,86.007080, 86.002510, 119.125137, 69.532173,12.405735, 245.686874, 1.000053
5, 220,6,79.943268, 79.946068, 119.125137, 69.532173,12.405735, 245.686874, 0.999965
5, 220,7,175.676682, 175.675476, 119.125137, 69.532173,12.405735, 245.686874, 1.000007
5, 220,8,109.140251, 109.141586, 119.125137, 69.532173,12.405735, 245.686874, 0.999988
5, 220,9,67.215919, 67.224655, 119.125137, 69.532173,12.405735, 245.686874, 0.999870
5, 220,10,12.405735, 12.390699, 119.125137, 69.532173,12.405735, 245.686874, 1.001213
5, 220,11,229.388184, 229.386520, 119.125137, 69.532173,12.405735, 245.686874, 1.000007
5, 220,12,57.810410, 57.828480, 119.125137, 69.532173,12.405735, 245.686874, 0.999687
5, 220,13,190.749420, 190.758621, 119.125137, 69.532173,12.405735, 245.686874, 0.999952
5, 220,14,22.790728, 22.793865, 119.125137, 69.532173,12.405735, 245.686874, 0.999862
5, 220,15,84.910011, 84.894096, 119.125137, 69.532173,12.405735, 245.686874, 1.000188
5, 220,16,115.745354, 115.763100, 119.125137, 69.532173,12.405735, 245.686874, 0.999847
5, 220,17,203.791199, 203.791550, 119.125137, 69.532173,12.405735, 245.686874, 0.999998
5, 220,18,106.113564, 106.127861, 119.125137, 69.532173,12.405735, 245.686874, 0.999865
5, 220,19,30.026930, 30.016674, 119.125137, 69.532173,12.405735, 245.686874, 1.000342
5, 220,20,144.256897, 144.248657, 119.125137, 69.532173,12.405735, 245.686874, 1.000057
5, 220,21,128.443146, 128.441040, 119.125137, 69.532173,12.405735, 245.686874, 1.000016
5, 220,22,72.326439, 72.324814, 119.125137, 69.532173,12.405735, 245.686874, 1.000022
5, 220,23,175.174896, 175.175613, 119.125137, 69.532173,12.405735, 245.686874, 0.999996
5, 220,24,123.290672, 123.297424, 119.125137, 69.532173,12.405735, 245.686874, 0.999945
5, 220,25,159.261215, 159.259338, 119.125137, 69.532173,12.405735, 245.686874, 1.000012
5, 220,26,239.661102, 239.666519, 119.125137, 69.532173,12.405735, 245.686874, 0.999977
5, 220,27,64.461426, 64.478973, 119.125137, 69.532173,12.405735, 245.686874, 0.999728
5, 220,28,42.224705, 42.238220, 119.125137, 69.532173,12.405735, 245.686874, 0.999680
5, 220,29,71.496819, 71.484444, 119.125137, 69.532173,12.405735, 245.686874, 1.000173
5, 220,30,34.864105, 34.863274, 119.125137, 69.532173,12.405735, 245.686874, 1.000024
5, 220,31,56.667583, 56.654865, 119.125137, 69.532173,12.405735, 245.686874, 1.000224
5, 221,0,174.151016, 174.156067, 119.126724, 60.893555,12.267647, 236.604599, 0.999971
5, 221,1,74.725243, 74.726166, 119.126724, 60.893555,12.267647, 236.604599, 0.999988
5, 221,2,83.829109, 83.827507, 119.126724, 60.893555,12.267647, 236.604599, 1.000019
5, 221,3,60.418526, 60.406902, 119.126724, 60.893555,12.267647, 236.604599, 1.000192
5, 221,4,49.292454, 49.293236, 119.126724, 60.893555,12.267647, 236.604599, 0.999984
5, 221,5,188.849792, 188.849548, 119.126724, 60.893555,12.267647, 236.604599, 1.000001
5, 221,6,212.384460, 212.376068, 119.126724, 60.893555,12.267647, 236.604599, 1.000039
5, 221,7,118.805717, 118.806610, 119.126724, 60.893555,12.267647, 236.604599, 0.999992
5, 221,8,143.903320, 143.907684, 119.126724, 60.893555,12.267647, 236.604599, 0.999970
5, 221,9,73.886230, 73.878876, 119.126724, 60.893555,12.267647, 236.604599, 1.000100
5, 221,10,123.409302, 123.410240, 119.126724, 60.893555,12.267647, 236.604599, 0.999992
5, 221,11,80.829338, 80.826675, 119.126724, 60.893555,12.267647, 236.604599, 1.000033
5, 221,12,207.686752, 207.687698, 119.126724, 60.893555,12.267647, 236.604599, 0.999995
5, 221,13,151.004517, 150.989639, 119.126724, 60.893555,12.267647, 236.604599, 1.000099
5, 221,14,121.145775, 121.157845, 119.126724, 60.893555,12.267647, 236.604599, 0.999900
5, 221,15,230.516602, 230.508133, 119.126724, 60.893555,12.267647, 236.604599, 1.000037
5, 221,16,78.630325, 78.623718, 119.126724, 60.893555,12.267647, 236.604599, 1.000084
5, 221,17,108.229141, 108.243683, 119.126724, 60.893555,12.267647, 236.604599, 0.999866
5, 221,18,180.345856, 180.341309, 119.126724, 60.893555,12.267647, 236.604599, 1.000025
5, 221,19,172.053574, 172.044891, 119.126724, 60.893555,12.267647, 236.604599, 1.000050
5, 221,20,161.166489, 161.171295, 119.126724, 60.893555,12.267647, 236.604599, 0.999970
5, 221,21,40.202335, 40.206013, 119.126724, 60.893555,12.267647, 236.604599, 0.999909
5, 221,22,142.547791, 142.537888, 119.126724, 60.893555,12.267647, 236.604599, 1.000069
5, 221,23,120.485329, 120.480011, 119.126724, 60.893555,12.267647, 236.604599, 1.000044
5, 221,24,12.267647, 12.259449, 119.126724, 60.893555,12.267647, 236.604599, 1.000669
5, 221,25,91.300392, 91.311935, 119.126724, 60.893555,12.267647, 236.604599, 0.999874
5, 221,26,236.604599, 236.594513, 119.126724, 60.893555,12.267647, 236.604599, 1.000043
5, 221,27,63.641464, 63.640743, 119.126724, 60.893555,12.267647, 236.604599, 1.000011
5, 221,28,74.821823, 74.817955, 119.126724, 60.893555,12.267647, 236.604599, 1.000052
5, 221,29,143.065308, 143.067444, 119.126724, 60.893555,12.267647, 236.604599, 0.999985
5, 221,30,79.286842, 79.280373, 119.126724, 60.893555,12.267647, 236.604599, 1.000082
5, 221,31,12.568016, 12.570124, 119.126724, 60.893555,12.267647, 236.604599, 0.999832
5, 222,0,145.226700, 145.218842, 119.128448, 71.727409,14.813158, 230.565430, 1.000054
5, 222,1,43.934845, 43.926327, 119.128448, 71.727409,14.813158, 230.565430, 1.000194
5, 222,2,212.117874, 212.112640, 119.128448, 71.727409,14.813158, 230.565430, 1.000025
5, 222,3,46.413204, 46.401001, 119.128448, 71.727409,14.813158, 230.565430, 1.000263
5, 222,4,78.267822, 78.261574, 119.128448, 71.727409,14.813158, 230.565430, 1.000080
5, 222,5,71.196938, 71.190063, 119.128448, 71.727409,14.813158, 230.565430, 1.000097
5, 222,6,167.893616, 167.885727, 119.128448, 71.727409,14.813158, 230.565430, 1.000047
5, 222,7,130.017685, 130.004150, 119.128448, 71.727409,14.813158, 230.565430, 1.000104
5, 222,8,14.813158, 14.801294, 119.128448, 71.727409,14.813158, 230.565430, 1.000802
5, 222,9,41.078297, 41.070930, 119.128448, 71.727409,14.813158, 230.565430, 1.000179
5, 222,10,126.022102, 126.027748, 119.128448, 71.727409,14.813158, 230.565430, 0.999955
5, 222,11,29.965025, 29.952517, 119.128448, 71.727409,14.813158, 230.565430, 1.000418
5, 222,12,86.240646, 86.249634, 119.128448, 71.727409,14.813158, 230.565430, 0.999896
5, 222,13,226.355759, 226.361420, 119.128448, 71.727409,14.813158, 230.565430, 0.999975
5, 222,14,154.958664, 154.955368, 119.128448, 71.727409,14.813158, 230.565430, 1.000021
5, 222,15,230.565430, 230.563416, 119.128448, 71.727409,14.813158, 230.565430, 1.000009
5, 222,16,120.774796, 120.761131, 119.128448, 71.727409,14.813158, 230.565430, 1.000113
5, 222,17,187.002136, 187.006302, 119.128448, 71.727409,14.813158, 230.565430, 0.999978
5, 222,18,167.574509, 167.568466, 119.128448, 71.727409,14.813158, 230.565430, 1.000036
5, 222,19,16.804731, 16.810646, 119.128448, 71.727409,14.813158, 230.565430, 0.999648
5, 222,20,225.342331, 225.346161, 119.128448, 71.727409,14.813158, 230.565430, 0.999983
5, 222,21,56.041412, 56.031792, 119.128448, 71.727409,14.813158, 230.565430, 1.000172
5, 222,22,135.365067, 135.362427, 119.128448, 71.727409,14.813158, 230.565430, 1.000020
5, 222,23,95.175629, 95.175385, 119.128448, 71.727409,14.813158, 230.565430, 1.000003
5, 222,24,229.522629, 229.527008, 119.128448, 71.727409,14.813158, 230.565430, 0.999981
5, 222,25,158.148010, 158.149170, 119.128448, 71.727409,14.813158, 230.565430, 0.999993
5, 222,26,221.848907, 221.835083, 119.128448, 71.727409,14.813158, 230.565430, 1.000062
5, 222,27,143.171875, 143.167175, 119.128448, 71.727409,14.813158, 230.565430, 1.000033
5, 222,28,19.294916, 19.299423, 119.128448, 71.727409,14.813158, 230.565430, 0.999766
5, 222,29,36.872910, 36.861870, 119.128448, 71.727409,14.813158, 230.565430, 1.000299
5, 222,30,149.165527, 149.174072, 119.128448, 71.727409,14.813158, 230.565430, 0.999943
5, 222,31,44.937824, 44.941578, 119.128448, 71.727409,14.813158, 230.565430, 0.999916
5, 223,0,125.108444, 125.107628, 119.124557, 63.102257,24.262239, 225.372818, 1.000007
5, 223,1,150.570847, 150.577301, 119.124557, 63.102257,24.262239, 225.372818, 0.999957
5, 223,2,216.881424, 216.886734, 119.124557, 63.102257,24.262239, 225.372818, 0.999976
5, 223,3,52.260159, 52.249611, 119.124557, 63.102257,24.262239, 225.372818, 1.000202
5, 223,4,27.464323, 27.465105, 119.124557, 63.102257,24.262239, 225.372818, 0.999972
5, 223,5,206.905319, 206.912308, 119.124557, 63.102257,24.262239, 225.372818, 0.999966
5, 223,6,144.156982, 144.167053, 119.124557, 63.102257,24.262239, 225.372818, 0.999930
5, 223,7,94.959106, 94.953804, 119.124557, 63.102257,24.262239, 225.372818, 1.000056
5, 223,8,85.442612, 85.433975, 119.124557, 63.102257,24.262239, 225.372818, 1.000101
5, 223,9,63.780296, 63.772232, 119.124557, 63.102257,24.262239, 225.372818, 1.000126
5, 223,10,225.372818, 225.372223, 119.124557, 63.102257,24.262239, 225.372818, 1.000003
5, 223,11,152.628677, 152.626190, 119.124557, 63.102257,24.262239, 225.372818, 1.000016
5, 223,12,159.203384, 159.194550, 119.124557, 63.102257,24.262239, 225.372818, 1.000056
5, 223,13,183.709259, 183.722122, 119.124557, 63.102257,24.262239, 225.372818, 0.999930
5, 223,14,130.817841, 130.806366, 119.124557, 63.102257,24.262239, 225.372818, 1.000088
5, 223,15,91.225983, 91.231514, 119.124557, 63.102257,24.262239, 225.372818, 0.999939
5, 223,16,26.465401, 26.463711, 119.124557, 63.102257,24.262239, 225.372818, 1.000064
5, 223,17,192.253922, 192.253738, 119.124557, 63.102257,24.262239, 225.372818, 1.000001
5, 223,18,114.235283, 114.237228, 119.124557, 63.102257,24.262239, 225.372818, 0.999983
5, 223,19,139.568253, 139.575134, 119.124557, 63.102257,24.262239, 225.372818, 0.999951
5, 223,20,24.262239, 24.263281, 119.124557, 63.102257,24.262239, 225.372818, 0.999957
5, 223,21,217.688934, 217.697067, 119.124557, 63.102257,24.262239, 225.372818, 0.999963
5, 223,22,150.457367, 150.465302, 119.124557, 63.102257,24.262239, 225.372818, 0.999947
5, 223,23,49.502514, 49.508953, 119.124557, 63.102257,24.262239, 225.372818, 0.999870
5, 223,24,33.211575, 33.209946, 119.124557, 63.102257,24.262239, 225.372818, 1.000049
5, 223,25,79.439468, 79.438774, 119.124557, 63.102257,24.262239, 225.372818, 1.000009
5, 223,26,130.819260, 130.812958, 119.124557, 63.102257,24.262239, 225.372818, 1.000048
5, 223,27,47.706028, 47.710396, 119.124557, 63.102257,24.262239, 225.372818, 0.999908
5, 223,28,211.197159, 211.194580, 119.124557, 63.102257,24.262239, 225.372818, 1.000012
5, 223,29,136.253555, 136.241547, 119.124557, 63.102257,24.262239, 225.372818, 1.000088
5, 223,30,43.784256, 43.783878, 119.124557, 63.102257,24.262239, 225.372818, 1.000009
5, 223,31,104.653175, 104.664688, 119.124557, 63.102257,24.262239, 225.372818, 0.999890
5, 224,0,76.902863, 76.904068, 119.124283, 58.337669,16.990871, 207.079666, 0.999984
5, 224,1,145.662399, 145.665421, 119.124283, 58.337669,16.990871, 207.079666, 0.999979
5, 224,2,37.310917, 37.298309, 119.124283, 58.337669,16.990871, 207.079666, 1.000338
5, 224,3,183.180588, 183.184738, 119.124283, 58.337669,16.990871, 207.079666, 0.999977
5, 224,4,38.355778, 38.359604, 119.124283, 58.337669,16.990871, 207.079666, 0.999900
5, 224,5,32.253365, 32.251106, 119.124283, 58.337669,16.990871, 207.079666, 1.000070
5, 224,6,157.356018, 157.357788, 119.124283, 58.337669,16.990871, 207.079666, 0.999989
5, 224,7,43.953896, 43.961575, 119.124283, 58.337669,16.990871, 207.079666, 0.999825
5, 224,8,123.931099, 123.938911, 119.124283, 58.337669,16.990871, 207.079666, 0.999937
5, 224,9,174.790710, 174.790833, 119.124283, 58.337669,16.990871, 207.079666, 0.999999
5, 224,10,125.402718, 125.416298, 119.124283, 58.337669,16.990871, 207.079666, 0.999892
5, 224,11,100.124130, 100.107925, 119.124283, 58.337669,16.990871, 207.079666, 1.000162
5, 224,12,189.125748, 189.124405, 119.124283, 58.337669,16.990871, 207.079666, 1.000007
5, 224,13,120.045998, 120.043465, 119.124283, 58.337669,16.990871, 207.079666, 1.000021
5, 224,14,108.370895, 108.375214, 119.124283, 58.337669,16.990871, 207.079666, 0.999960
5, 224,15,169.052185, 169.050171, 119.124283, 58.337669,16.990871, 207.079666, 1.000012
5, 224,16,123.734009, 123.739929, 119.124283, 58.337669,16.990871, 207.079666, 0.999952
5, 224,17,97.572777, 97.575287, 119.124283, 58.337669,16.990871, 207.079666, 0.999974
5, 224,18,16.990871, 16.988897, 119.124283, 58.337669,16.990871, 207.079666, 1.000116
5, 224,19,202.147491, 202.137390, 119.124283, 58.337669,16.990871, 207.079666, 1.000050
5, 224,20,133.653061, 133.653412, 119.124283, 58.337669,16.990871, 207.079666, 0.999997
5, 224,21,199.183533, 199.176590, 119.124283, 58.337669,16.990871, 207.079666, 1.000035
5, 224,22,115.116859, 115.110840, 119.124283, 58.337669,16.990871, 207.079666, 1.000052
5, 224,23,62.459042, 62.461952, 119.124283, 58.337669,16.990871, 207.079666, 0.999953
5, 224,24,147.650299, 147.661377, 119.124283, 58.337669,16.990871, 207.079666, 0.999925
5, 224,25,207.079666, 207.082077, 119.124283, 58.337669,16.990871, 207.079666, 0.999988
5, 224,26,77.846336, 77.838737, 119.124283, 58.337669,16.990871, 207.079666, 1.000098
5, 224,27,201.516983, 201.510254, 119.124283, 58.337669,16.990871, 207.079666, 1.000033
5, 224,28,84.576073, 84.586426, 119.124283, 58.337669,16.990871, 207.079666, 0.999878
5, 224,29,200.529327, 200.533371, 119.124283, 58.337669,16.990871, 207.079666, 0.999980
5, 224,30,61.518433, 61.521259, 119.124283, 58.337669,16.990871, 207.079666, 0.999954
5, 224,31,54.582623, 54.592659, 119.124283, 58.337669,16.990871, 207.079666, 0.999816
5, 225,0,49.660187, 49.658173, 119.126236, 64.909164,10.991191, 210.801544, 1.000041
5, 225,1,200.570877, 200.582321, 119.126236, 64.909164,10.991191, 210.801544, 0.999943
5, 225,2,141.258392, 141.258011, 119.126236, 64.909164,10.991191, 210.801544, 1.000003
5, 225,3,169.226563, 169.221786, 119.126236, 64.909164,10.991191, 210.801544, 1.000028
5, 225,4,11.446523, 11.441431, 119.126236, 64.909164,10.991191, 210.801544, 1.000445
5, 225,5,121.975777, 121.961632, 119.126236, 64.909164,10.991191, 210.801544, 1.000116
5, 225,6,65.325211, 65.313370, 119.126236, 64.909164,10.991191, 210.801544, 1.000181
5, 225,7,105.498940, 105.504242, 119.126236, 64.909164,10.991191, 210.801544, 0.999950
5, 225,8,34.768684, 34.767555, 119.126236, 64.909164,10.991191, 210.801544, 1.000032
5, 225,9,191.660736, 191.651718, 119.126236, 64.909164,10.991191, 210.801544, 1.000047
5, 225,10,117.908165, 117.919350, 119.126236, 64.909164,10.991191, 210.801544, 0.999905
5, 225,11,201.116547, 201.127579, 119.126236, 64.909164,10.991191, 210.801544, 0.999945
5, 225,12,184.911835, 184.895782, 119.126236, 64.909164,10.991191, 210.801544, 1.000087
5, 225,13,177.856674, 177.870392, 119.126236, 64.909164,10.991191, 210.801544, 0.999923
5, 225,14,178.272827, 178.271469, 119.126236, 64.909164,10.991191, 210.801544, 1.000008
5, 225,15,83.748993, 83.744896, 119.126236, 64.909164,10.991191, 210.801544, 1.000049
5, 225,16,189.129349, 189.132339, 119.126236, 64.909164,10.991191, 210.801544, 0.999984
5, 225,17,36.429214, 36.440868, 119.126236, 64.909164,10.991191, 210.801544, 0.999680
5, 225,18,193.312790, 193.312500, 119.126236, 64.909164,10.991191, 210.801544, 1.000002
5, 225,19,161.368942, 161.362854, 119.126236, 64.909164,10.991191, 210.801544, 1.000038
5, 225,20,28.089705, 28.080566, 119.126236, 64.909164,10.991191, 210.801544, 1.000325
5, 225,21,10.991191, 10.983933, 119.126236, 64.909164,10.991191, 210.801544, 1.000661
5, 225,22,210.801544, 210.791428, 119.126236, 64.909164,10.991191, 210.801544, 1.000048
5, 225,23,111.101570, 111.113289, 119.126236, 64.909164,10.991191, 210.801544, 0.999895
5, 225,24,79.623497, 79.633682, 119.126236, 64.909164,10.991191, 210.801544, 0.999872
5, 225,25,21.169880, 21.180496, 119.126236, 64.909164,10.991191, 210.801544, 0.999499
5, 225,26,83.922653, 83.926643, 119.126236, 64.909164,10.991191, 210.801544, 0.999952
5, 225,27,201.785828, 201.779343, 119.126236, 64.909164,10.991191, 210.801544, 1.000032
5, 225,28,154.809738, 154.794937, 119.126236, 64.909164,10.991191, 210.801544, 1.000096
5, 225,29,116.718513, 116.722343, 119.126236, 64.909164,10.991191, 210.801544, 0.999967
5, 225,30,86.095764, 86.076256, 119.126236, 64.909164,10.991191, 210.801544, 1.000227
5, 225,31,91.482475, 91.478485, 119.126236, 64.909164,10.991191, 210.801544, 1.000044
5, 226,0,188.784348, 188.777283, 119.128311, 68.908379,24.845894, 250.768036, 1.000037
5, 226,1,224.065826, 224.078796, 119.128311, 68.908379,24.845894, 250.768036, 0.999942
5, 226,2,98.143440, 98.132080, 119.128311, 68.908379,24.845894, 250.768036, 1.000116
5, 226,3,138.390167, 138.389160, 119.128311, 68.908379,24.845894, 250.768036, 1.000007
5, 226,4,36.088840, 36.081501, 119.128311, 68.908379,24.845894, 250.768036, 1.000203
5, 226,5,53.772964, 53.775455, 119.128311, 68.908379,24.845894, 250.768036, 0.999954
5, 226,6,154.559402, 154.551682, 119.128311, 68.908379,24.845894, 250.768036, 1.000050
5, 226,7,116.789581, 116.784157, 119.128311, 68.908379,24.845894, 250.768036, 1.000046
5, 226,8,217.374466, 217.371902, 119.128311, 68.908379,24.845894, 250.768036, 1.000012
5, 226,9,55.653870, 55.652447, 119.128311, 68.908379,24.845894, 250.768036, 1.000026
5, 226,10,200.961914, 200.950211, 119.128311, 68.908379,24.845894, 250.768036, 1.000058
5, 226,11,157.760040, 157.755905, 119.128311, 68.908379,24.845894, 250.768036, 1.000026
5, 226,12,89.238083, 89.234047, 119.128311, 68.908379,24.845894, 250.768036, 1.000045
5, 226,13,136.575516, 136.559296, 119.128311, 68.908379,24.845894, 250.768036, 1.000119
5, 226,14,24.845894, 24.850985, 119.128311, 68.908379,24.845894, 250.768036, 0.999795
5, 226,15,187.167480, 187.167297, 119.128311, 68.908379,24.845894, 250.768036, 1.000001
5, 226,16,78.801521, 78.788887, 119.128311, 68.908379,24.845894, 250.768036, 1.000160
5, 226,17,73.775406, 73.770493, 119.128311, 68.908379,24.845894, 250.768036, 1.000067
5, 226,18,77.894257, 77.893585, 119.128311, 68.908379,24.845894, 250.768036, 1.000009
5, 226,19,142.924286, 142.936325, 119.128311, 68.908379,24.845894, 250.768036, 0.999916
5, 226,20,225.137726, 225.131165, 119.128311, 68.908379,24.845894, 250.768036, 1.000029
5, 226,21,62.773125, 62.775578, 119.128311, 68.908379,24.845894, 250.768036, 0.999961
5, 226,22,250.768036, 250.757156, 119.128311, 68.908379,24.845894, 250.768036, 1.000043
5, 226,23,79.751038, 79.754868, 119.128311, 68.908379,24.845894, 250.768036, 0.999952
5, 226,24,26.051428, 26.036865, 119.128311, 68.908379,24.845894, 250.768036, 1.000559
5, 226,25,179.851669, 179.863541, 119.128311, 68.908379,24.845894, 250.768036, 0.999934
5, 226,26,102.107857, 102.105957, 119.128311, 68.908379,24.845894, 250.768036, 1.000019
5, 226,27,29.005615, 28.997637, 119.128311, 68.908379,24.845894, 250.768036, 1.000275
5, 226,28,48.451515, 48.450779, 119.128311, 68.908379,24.845894, 250.768036, 1.000015
5, 226,29,215.151993, 215.141495, 119.128311, 68.908379,24.845894, 250.768036, 1.000049
5, 226,30,35.026226, 35.021278, 119.128311, 68.908379,24.845894, 250.768036, 1.000141
5, 226,31,104.462379, 104.461998, 119.128311, 68.908379,24.845894, 250.768036, 1.000004
5, 227,0,159.720215, 159.718765, 119.126167, 52.644287,12.553558, 182.045319, 1.000009
5, 227,1,122.323044, 122.302544, 119.126167, 52.644287,12.553558, 182.045319, 1.000168
5, 227,2,148.769073, 148.758072, 119.126167, 52.644287,12.553558, 182.045319, 1.000074
5, 227,3,131.046280, 131.047379, 119.126167, 52.644287,12.553558, 182.045319, 0.999992
5, 227,4,144.726257, 144.730698, 119.126167, 52.644287,12.553558, 182.045319, 0.999969
5, 227,5,50.421162, 50.419216, 119.126167, 52.644287,12.553558, 182.045319, 1.000039
5, 227,6,36.223675, 36.218307, 119.126167, 52.644287,12.553558, 182.045319, 1.000148
5, 227,7,132.704239, 132.713318, 119.126167, 52.644287,12.553558, 182.045319, 0.999932
5, 227,8,162.449982, 162.462982, 119.126167, 52.644287,12.553558, 182.045319, 0.999920
5, 227,9,57.771206, 57.767670, 119.126167, 52.644287,12.553558, 182.045319, 1.000061
5, 227,10,153.110703, 153.103546, 119.126167, 52.644287,12.553558, 182.045319, 1.000047
5, 227,11,170.263199, 170.269699, 119.126167, 52.644287,12.553558, 182.045319, 0.999962
5, 227,12,180.142456, 180.135925, 119.126167, 52.644287,12.553558, 182.045319, 1.000036
5, 227,13,145.458206, 145.453171, 119.126167, 52.644287,12.553558, 182.045319, 1.000035
5, 227,14,169.434097, 169.428635, 119.126167, 52.644287,12.553558, 182.045319, 1.000032
5, 227,15,182.045319, 182.044495, 119.126167, 52.644287,12.553558, 182.045319, 1.000005
5, 227,16,92.657898, 92.666107, 119.126167, 52.644287,12.553558, 182.045319, 0.999911
5, 227,17,174.052551, 174.038284, 119.126167, 52.644287,12.553558, 182.045319, 1.000082
5, 227,18,12.553558, 12.550125, 119.126167, 52.644287,12.553558, 182.045319, 1.000274
5, 227,19,180.379395, 180.383942, 119.126167, 52.644287,12.553558, 182.045319, 0.999975
5, 227,20,38.046947, 38.051376, 119.126167, 52.644287,12.553558, 182.045319, 0.999884
5, 227,21,176.125626, 176.124741, 119.126167, 52.644287,12.553558, 182.045319, 1.000005
5, 227,22,99.958427, 99.949867, 119.126167, 52.644287,12.553558, 182.045319, 1.000086
5, 227,23,105.451157, 105.449081, 119.126167, 52.644287,12.553558, 182.045319, 1.000020
5, 227,24,63.033867, 63.035053, 119.126167, 52.644287,12.553558, 182.045319, 0.999981
5, 227,25,144.753403, 144.741501, 119.126167, 52.644287,12.553558, 182.045319, 1.000082
5, 227,26,141.041550, 141.032227, 119.126167, 52.644287,12.553558, 182.045319, 1.000066
5, 227,27,85.158119, 85.161301, 119.126167, 52.644287,12.553558, 182.045319, 0.999963
5, 227,28,160.407028, 160.408859, 119.126167, 52.644287,12.553558, 182.045319, 0.999989
5, 227,29,120.235664, 120.243050, 119.126167, 52.644287,12.553558, 182.045319, 0.999939
5, 227,30,46.898472, 46.904030, 119.126167, 52.644287,12.553558, 182.045319, 0.999882
5, 227,31,24.674643, 24.686134, 119.126167, 52.644287,12.553558, 182.045319, 0.999534
5, 228,0,24.406340, 24.400177, 119.122955, 76.776283,10.786330, 234.117188, 1.000253
5, 228,1,93.420113, 93.430046, 119.122955, 76.776283,10.786330, 234.117188, 0.999894
5, 228,2,47.641941, 47.642315, 119.122955, 76.776283,10.786330, 234.117188, 0.999992
5, 228,3,10.786330, 10.781846, 119.122955, 76.776283,10.786330, 234.117188, 1.000416
5, 228,4,64.335938, 64.352493, 119.122955, 76.776283,10.786330, 234.117188, 0.999743
5, 228,5,66.818527, 66.818863, 119.122955, 76.776283,10.786330, 234.117188, 0.999995
5, 228,6,175.689041, 175.687317, 119.122955, 76.776283,10.786330, 234.117188, 1.000010
5, 228,7,128.406219, 128.414078, 119.122955, 76.776283,10.786330, 234.117188, 0.999939
5, 228,8,226.395615, 226.393585, 119.122955, 76.776283,10.786330, 234.117188, 1.000009
5, 228,9,127.061340, 127.063622, 119.122955, 76.776283,10.786330, 234.117188, 0.999982
5, 228,10,234.117188, 234.112534, 119.122955, 76.776283,10.786330, 234.117188, 1.000020
5, 228,11,122.201935, 122.209084, 119.122955, 76.776283,10.786330, 234.117188, 0.999942
5, 228,12,105.719337, 105.740562, 119.122955, 76.776283,10.786330, 234.117188, 0.999799
5, 228,13,35.681618, 35.672974, 119.122955, 76.776283,10.786330, 234.117188, 1.000242
5, 228,14,56.475452, 56.477173, 119.122955, 76.776283,10.786330, 234.117188, 0.999970
5, 228,15,226.007843, 226.009750, 119.122955, 76.776283,10.786330, 234.117188, 0.999992
5, 228,16,146.873795, 146.879852, 119.122955, 76.776283,10.786330, 234.117188, 0.999959
5, 228,17,28.705881, 28.714544, 119.122955, 76.776283,10.786330, 234.117188, 0.999698
5, 228,18,165.165817, 165.160828, 119.122955, 76.776283,10.786330, 234.117188, 1.000030
5, 228,19,188.282211, 188.289261, 119.122955, 76.776283,10.786330, 234.117188, 0.999963
5, 228,20,68.721802, 68.716614, 119.122955, 76.776283,10.786330, 234.117188, 1.000075
5, 228,21,213.539520, 213.542862, 119.122955, 76.776283,10.786330, 234.117188, 0.999984
5, 228,22,233.252441, 233.245392, 119.122955, 76.776283,10.786330, 234.117188, 1.000030
5, 228,23,189.339096, 189.348297, 119.122955, 76.776283,10.786330, 234.117188, 0.999951
5, 228,24,217.935898, 217.942535, 119.122955, 76.776283,10.786330, 234.117188, 0.999970
5, 228,25,31.464661, 31.458111, 119.122955, 76.776283,10.786330, 234.117188, 1.000208
5, 228,26,143.237762, 143.240723, 119.122955, 76.776283,10.786330, 234.117188, 0.999979
5, 228,27,23.121754, 23.120792, 119.122955, 76.776283,10.786330, 234.117188, 1.000042
5, 228,28,209.846527, 209.846878, 119.122955, 76.776283,10.786330, 234.117188, 0.999998
5, 228,29,35.400242, 35.388664, 119.122955, 76.776283,10.786330, 234.117188, 1.000327
5, 228,30,156.613739, 156.617386, 119.122955, 76.776283,10.786330, 234.117188, 0.999977
5, 228,31,15.268486, 15.281013, 119.122955, 76.776283,10.786330, 234.117188, 0.999180
5, 229,0,49.513851, 49.514221, 119.125053, 83.354073,15.002395, 264.436279, 0.999993
5, 229,1,214.553879, 214.543289, 119.125053, 83.354073,15.002395, 264.436279, 1.000049
5, 229,2,92.098686, 92.112442, 119.125053, 83.354073,15.002395, 264.436279, 0.999851
5, 229,3,49.352417, 49.365879, 119.125053, 83.354073,15.002395, 264.436279, 0.999727
5, 229,4,179.419495, 179.424744, 119.125053, 83.354073,15.002395, 264.436279, 0.999971
5, 229,5,15.002395, 15.004667, 119.125053, 83.354073,15.002395, 264.436279, 0.999849
5, 229,6,32.720348, 32.704479, 119.125053, 83.354073,15.002395, 264.436279, 1.000485
5, 229,7,161.446320, 161.443863, 119.125053, 83.354073,15.002395, 264.436279, 1.000015
5, 229,8,22.105484, 22.117382, 119.125053, 83.354073,15.002395, 264.436279, 0.999462
5, 229,9,264.436279, 264.426025, 119.125053, 83.354073,15.002395, 264.436279, 1.000039
5, 229,10,32.407017, 32.407791, 119.125053, 83.354073,15.002395, 264.436279, 0.999976
5, 229,11,235.442764, 235.444214, 119.125053, 83.354073,15.002395, 264.436279, 0.999994
5, 229,12,48.938339, 48.952076, 119.125053, 83.354073,15.002395, 264.436279, 0.999719
5, 229,13,79.489380, 79.495377, 119.125053, 83.354073,15.002395, 264.436279, 0.999925
5, 229,14,253.372940, 253.370453, 119.125053, 83.354073,15.002395, 264.436279, 1.000010
5, 229,15,212.813248, 212.817810, 119.125053, 83.354073,15.002395, 264.436279, 0.999979
5, 229,16,47.453491, 47.453022, 119.125053, 83.354073,15.002395, 264.436279, 1.000010
5, 229,17,110.796471, 110.796005, 119.125053, 83.354073,15.002395, 264.436279, 1.000004
5, 229,18,111.596886, 111.592392, 119.125053, 83.354073,15.002395, 264.436279, 1.000040
5, 229,19,172.671494, 172.671188, 119.125053, 83.354073,15.002395, 264.436279, 1.000002
5, 229,20,65.688835, 65.699364, 119.125053, 83.354073,15.002395, 264.436279, 0.999840
5, 229,21,253.149246, 253.144043, 119.125053, 83.354073,15.002395, 264.436279, 1.000021
5, 229,22,189.079041, 189.074921, 119.125053, 83.354073,15.002395, 264.436279, 1.000022
5, 229,23,256.013855, 256.009430, 119.125053, 83.354073,15.002395, 264.436279, 1.000017
5, 229,24,32.157711, 32.142334, 119.125053, 83.354073,15.002395, 264.436279, 1.000478
5, 229,25,50.775280, 50.763435, 119.125053, 83.354073,15.002395, 264.436279, 1.000233
5, 229,26,154.851334, 154.846451, 119.125053, 83.354073,15.002395, 264.436279, 1.000032
5, 229,27,26.736876, 26.731668, 119.125053, 83.354073,15.002395, 264.436279, 1.000195
5, 229,28,41.425171, 41.425556, 119.125053, 83.354073,15.002395, 264.436279, 0.999991
5, 229,29,174.223114, 174.240509, 119.125053, 83.354073,15.002395, 264.436279, 0.999900
5, 229,30,122.424309, 122.421509, 119.125053, 83.354073,15.002395, 264.436279, 1.000023
5, 229,31,59.845993, 59.843666, 119.125053, 83.354073,15.002395, 264.436279, 1.000039
5, 230,0,96.037415, 96.041054, 119.126457, 63.824181,20.217712, 230.920807, 0.999962
5, 230,1,143.662704, 143.653961, 119.126457, 63.824181,20.217712, 230.920807, 1.000061
5, 230,2,200.132645, 200.134903, 119.126457, 63.824181,20.217712, 230.920807, 0.999989
5, 230,3,224.572968, 224.567245, 119.126457, 63.824181,20.217712, 230.920807, 1.000026
5, 230,4,35.724472, 35.729370, 119.126457, 63.824181,20.217712, 230.920807, 0.999863
5, 230,5,168.353302, 168.350235, 119.126457, 63.824181,20.217712, 230.920807, 1.000018
5, 230,6,77.916367, 77.920403, 119.126457, 63.824181,20.217712, 230.920807, 0.999948
5, 230,7,62.404259, 62.401340, 119.126457, 63.824181,20.217712, 230.920807, 1.000047
5, 230,8,174.857681, 174.857986, 119.126457, 63.824181,20.217712, 230.920807, 0.999998
5, 230,9,170.010635, 170.016769, 119.126457, 63.824181,20.217712, 230.920807, 0.999964
5, 230,10,190.687180, 190.678680, 119.126457, 63.824181,20.217712, 230.920807, 1.000045
5, 230,11,187.904083, 187.896118, 119.126457, 63.824181,20.217712, 230.920807, 1.000042
5, 230,12,156.545639, 156.541275, 119.126457, 63.824181,20.217712, 230.920807, 1.000028
5, 230,13,79.558220, 79.541679, 119.126457, 63.824181,20.217712, 230.920807, 1.000208
5, 230,14,88.080070, 88.077927, 119.126457, 63.824181,20.217712, 230.920807, 1.000024
5, 230,15,95.085915, 95.083374, 119.126457, 63.824181,20.217712, 230.920807, 1.000027
5, 230,16,27.292917, 27.298702, 119.126457, 63.824181,20.217712, 230.920807, 0.999788
5, 230,17,94.336174, 94.329277, 119.126457, 63.824181,20.217712, 230.920807, 1.000073
5, 230,18,20.217712, 20.217846, 119.126457, 63.824181,20.217712, 230.920807, 0.999993
5, 230,19,89.759285, 89.751991, 119.126457, 63.824181,20.217712, 230.920807, 1.000081
5, 230,20,25.723827, 25.730206, 119.126457, 63.824181,20.217712, 230.920807, 0.999752
5, 230,21,107.738983, 107.736916, 119.126457, 63.824181,20.217712, 230.920807, 1.000019
5, 230,22,85.597870, 85.596985, 119.126457, 63.824181,20.217712, 230.920807, 1.000010
5, 230,23,169.951340, 169.948883, 119.126457, 63.824181,20.217712, 230.920807, 1.000014
5, 230,24,141.938568, 141.934647, 119.126457, 63.824181,20.217712, 230.920807, 1.000028
5, 230,25,73.385437, 73.388359, 119.126457, 63.824181,20.217712, 230.920807, 0.999960
5, 230,26,33.991806, 34.010056, 119.126457, 63.824181,20.217712, 230.920807, 0.999463
5, 230,27,153.987381, 153.992447, 119.126457, 63.824181,20.217712, 230.920807, 0.999967
5, 230,28,134.856186, 134.861343, 119.126457, 63.824181,20.217712, 230.920807, 0.999962
5, 230,29,230.920807, 230.916626, 119.126457, 63.824181,20.217712, 230.920807, 1.000018
5, 230,30,226.260223, 226.248840, 119.126457, 63.824181,20.217712, 230.920807, 1.000050
5, 230,31,44.554478, 44.544617, 119.126457, 63.824181,20.217712, 230.920807, 1.000221
5, 231,0,66.445251, 66.453224, 119.126862, 57.775486,19.581459, 205.937637, 0.999880
5, 231,1,205.937637, 205.937805, 119.126862, 57.775486,19.581459, 205.937637, 0.999999
5, 231,2,148.851501, 148.839111, 119.126862, 57.775486,19.581459, 205.937637, 1.000083
5, 231,3,198.660233, 198.660461, 119.126862, 57.775486,19.581459, 205.937637, 0.999999
5, 231,4,117.868729, 117.875580, 119.126862, 57.775486,19.581459, 205.937637, 0.999942
5, 231,5,108.332741, 108.326439, 119.126862, 57.775486,19.581459, 205.937637, 1.000058
5, 231,6,97.182297, 97.169945, 119.126862, 57.775486,19.581459, 205.937637, 1.000127
5, 231,7,44.593273, 44.602200, 119.126862, 57.775486,19.581459, 205.937637, 0.999800
5, 231,8,143.616837, 143.605743, 119.126862, 57.775486,19.581459, 205.937637, 1.000077
5, 231,9,40.014828, 40.014305, 119.126862, 57.775486,19.581459, 205.937637, 1.000013
5, 231,10,29.591721, 29.591883, 119.126862, 57.775486,19.581459, 205.937637, 0.999995
5, 231,11,143.493973, 143.485519, 119.126862, 57.775486,19.581459, 205.937637, 1.000059
5, 231,12,19.581459, 19.580784, 119.126862, 57.775486,19.581459, 205.937637, 1.000034
5, 231,13,103.603943, 103.599327, 119.126862, 57.775486,19.581459, 205.937637, 1.000045
5, 231,14,136.160034, 136.163879, 119.126862, 57.775486,19.581459, 205.937637, 0.999972
5, 231,15,194.149826, 194.154831, 119.126862, 57.775486,19.581459, 205.937637, 0.999974
5, 231,16,153.245636, 153.249817, 119.126862, 57.775486,19.581459, 205.937637, 0.999973
5, 231,17,46.388393, 46.380402, 119.126862, 57.775486,19.581459, 205.937637, 1.000172
5, 231,18,28.536716, 28.541412, 119.126862, 57.775486,19.581459, 205.937637, 0.999835
5, 231,19,135.416367, 135.410828, 119.126862, 57.775486,19.581459, 205.937637, 1.000041
5, 231,20,156.047180, 156.040527, 119.126862, 57.775486,19.581459, 205.937637, 1.000043
5, 231,21,158.564423, 158.571762, 119.126862, 57.775486,19.581459, 205.937637, 0.999954
5, 231,22,114.762398, 114.762154, 119.126862, 57.775486,19.581459, 205.937637, 1.000002
5, 231,23,194.761734, 194.755997, 119.126862, 57.775486,19.581459, 205.937637, 1.000029
5, 231,24,70.930550, 70.927208, 119.126862, 57.775486,19.581459, 205.937637, 1.000047
5, 231,25,104.812881, 104.801674, 119.126862, 57.775486,19.581459, 205.937637, 1.000107
5, 231,26,50.373272, 50.367126, 119.126862, 57.775486,19.581459, 205.937637, 1.000122
5, 231,27,169.618347, 169.614349, 119.126862, 57.775486,19.581459, 205.937637, 1.000024
5, 231,28,169.959427, 169.956070, 119.126862, 57.775486,19.581459, 205.937637, 1.000020
5, 231,29,179.535416, 179.543198, 119.126862, 57.775486,19.581459, 205.937637, 0.999957
5, 231,30,78.349449, 78.343773, 119.126862, 57.775486,19.581459, 205.937637, 1.000072
5, 231,31,202.672928, 202.672485, 119.126862, 57.775486,19.581459, 205.937637, 1.000002
5, 232,0,205.642715, 205.620361, 119.129471, 60.708595,17.157150, 205.642715, 1.000109
5, 232,1,41.597488, 41.592907, 119.129471, 60.708595,17.157150, 205.642715, 1.000110
5, 232,2,180.757935, 180.772980, 119.129471, 60.708595,17.157150, 205.642715, 0.999917
5, 232,3,24.720140, 24.725981, 119.129471, 60.708595,17.157150, 205.642715, 0.999764
5, 232,4,168.195023, 168.200348, 119.129471, 60.708595,17.157150, 205.642715, 0.999968
5, 232,5,44.043671, 44.025520, 119.129471, 60.708595,17.157150, 205.642715, 1.000412
5, 232,6,179.217316, 179.227768, 119.129471, 60.708595,17.157150, 205.642715, 0.999942
5, 232,7,169.766434, 169.764175, 119.129471, 60.708595,17.157150, 205.642715, 1.000013
5, 232,8,58.963459, 58.956284, 119.129471, 60.708595,17.157150, 205.642715, 1.000122
5, 232,9,203.209488, 203.200150, 119.129471, 60.708595,17.157150, 205.642715, 1.000046
5, 232,10,17.157150, 17.148895, 119.129471, 60.708595,17.157150, 205.642715, 1.000481
5, 232,11,77.035049, 77.020905, 119.129471, 60.708595,17.157150, 205.642715, 1.000184
5, 232,12,158.586685, 158.587814, 119.129471, 60.708595,17.157150, 205.642715, 0.999993
5, 232,13,86.169556, 86.155609, 119.129471, 60.708595,17.157150, 205.642715, 1.000162
5, 232,14,70.914474, 70.920761, 119.129471, 60.708595,17.157150, 205.642715, 0.999911
5, 232,15,63.128349, 63.120274, 119.129471, 60.708595,17.157150, 205.642715, 1.000128
5, 232,16,161.971375, 161.982315, 119.129471, 60.708595,17.157150, 205.642715, 0.999932
5, 232,17,199.315857, 199.303024, 119.129471, 60.708595,17.157150, 205.642715, 1.000064
5, 232,18,149.917465, 149.912338, 119.129471, 60.708595,17.157150, 205.642715, 1.000034
5, 232,19,69.341980, 69.338318, 119.129471, 60.708595,17.157150, 205.642715, 1.000053
5, 232,20,205.253601, 205.235611, 119.129471, 60.708595,17.157150, 205.642715, 1.000088
5, 232,21,152.671509, 152.667633, 119.129471, 60.708595,17.157150, 205.642715, 1.000025
5, 232,22,47.203167, 47.184189, 119.129471, 60.708595,17.157150, 205.642715, 1.000402
5, 232,23,68.485275, 68.475739, 119.129471, 60.708595,17.157150, 205.642715, 1.000139
5, 232,24,179.048691, 179.047821, 119.129471, 60.708595,17.157150, 205.642715, 1.000005
5, 232,25,135.300690, 135.279419, 119.129471, 60.708595,17.157150, 205.642715, 1.000157
5, 232,26,120.704384, 120.708603, 119.129471, 60.708595,17.157150, 205.642715, 0.999965
5, 232,27,176.552521, 176.553131, 119.129471, 60.708595,17.157150, 205.642715, 0.999997
5, 232,28,130.627518, 130.619003, 119.129471, 60.708595,17.157150, 205.642715, 1.000065
5, 232,29,141.446915, 141.435440, 119.129471, 60.708595,17.157150, 205.642715, 1.000081
5, 232,30,81.503975, 81.526192, 119.129471, 60.708595,17.157150, 205.642715, 0.999727
5, 232,31,43.693390, 43.690411, 119.129471, 60.708595,17.157150, 205.642715, 1.000068
5, 233,0,181.157150, 181.153519, 119.125870, 62.237682,13.295160, 205.938080, 1.000020
5, 233,1,29.393875, 29.383211, 119.125870, 62.237682,13.295160, 205.938080, 1.000363
5, 233,2,160.424133, 160.432693, 119.125870, 62.237682,13.295160, 205.938080, 0.999947
5, 233,3,46.196503, 46.182400, 119.125870, 62.237682,13.295160, 205.938080, 1.000305
5, 233,4,139.728119, 139.717941, 119.125870, 62.237682,13.295160, 205.938080, 1.000073
5, 233,5,139.345078, 139.353134, 119.125870, 62.237682,13.295160, 205.938080, 0.999942
5, 233,6,203.952011, 203.941559, 119.125870, 62.237682,13.295160, 205.938080, 1.000051
5, 233,7,195.095840, 195.101151, 119.125870, 62.237682,13.295160, 205.938080, 0.999973
5, 233,8,34.840485, 34.830940, 119.125870, 62.237682,13.295160, 205.938080, 1.000274
5, 233,9,71.574532, 71.572701, 119.125870, 62.237682,13.295160, 205.938080, 1.000026
5, 233,10,23.362511, 23.363958, 119.125870, 62.237682,13.295160, 205.938080, 0.999938
5, 233,11,106.788063, 106.788368, 119.125870, 62.237682,13.295160, 205.938080, 0.999997
5, 233,12,163.775543, 163.776718, 119.125870, 62.237682,13.295160, 205.938080, 0.999993
5, 233,13,194.317459, 194.310745, 119.125870, 62.237682,13.295160, 205.938080, 1.000035
5, 233,14,13.295160, 13.307549, 119.125870, 62.237682,13.295160, 205.938080, 0.999069
5, 233,15,175.784363, 175.784821, 119.125870, 62.237682,13.295160, 205.938080, 0.999997
5, 233,16,86.605438, 86.602600, 119.125870, 62.237682,13.295160, 205.938080, 1.000033
5, 233,17,94.330742, 94.348587, 119.125870, 62.237682,13.295160, 205.938080, 0.999811
5, 233,18,137.545059, 137.553436, 119.125870, 62.237682,13.295160, 205.938080, 0.999939
5, 233,19,54.790726, 54.791752, 119.125870, 62.237682,13.295160, 205.938080, 0.999981
5, 233,20,121.156776, 121.161629, 119.125870, 62.237682,13.295160, 205.938080, 0.999960
5, 233,21,93.755371, 93.752739, 119.125870, 62.237682,13.295160, 205.938080, 1.000028
5, 233,22,85.732353, 85.720985, 119.125870, 62.237682,13.295160, 205.938080, 1.000133
5, 233,23,201.914566, 201.916885, 119.125870, 62.237682,13.295160, 205.938080, 0.999988
5, 233,24,13.532099, 13.532511, 119.125870, 62.237682,13.295160, 205.938080, 0.999970
5, 233,25,83.557922, 83.556488, 119.125870, 62.237682,13.295160, 205.938080, 1.000017
5, 233,26,107.332993, 107.335579, 119.125870, 62.237682,13.295160, 205.938080, 0.999976
5, 233,27,200.185791, 200.171921, 119.125870, 62.237682,13.295160, 205.938080, 1.000069
5, 233,28,119.387604, 119.386238, 119.125870, 62.237682,13.295160, 205.938080, 1.000011
5, 233,29,188.334595, 188.346207, 119.125870, 62.237682,13.295160, 205.938080, 0.999938
5, 233,30,138.896439, 138.897141, 119.125870, 62.237682,13.295160, 205.938080, 0.999995
5, 233,31,205.938080, 205.923645, 119.125870, 62.237682,13.295160, 205.938080, 1.000070
5, 234,0,260.694244, 260.691315, 119.123558, 77.987617,17.825176, 315.524536, 1.000011
5, 234,1,157.359406, 157.365646, 119.123558, 77.987617,17.825176, 315.524536, 0.999960
5, 234,2,178.836075, 178.834091, 119.123558, 77.987617,17.825176, 315.524536, 1.000011
5, 234,3,39.049610, 39.058281, 119.123558, 77.987617,17.825176, 315.524536, 0.999778
5, 234,4,263.170258, 263.170959, 119.123558, 77.987617,17.825176, 315.524536, 0.999997
5, 234,5,50.202587, 50.202633, 119.123558, 77.987617,17.825176, 315.524536, 0.999999
5, 234,6,153.199097, 153.198303, 119.123558, 77.987617,17.825176, 315.524536, 1.000005
5, 234,7,315.524536, 315.536224, 119.123558, 77.987617,17.825176, 315.524536, 0.999963
5, 234,8,124.458771, 124.460587, 119.123558, 77.987617,17.825176, 315.524536, 0.999985
5, 234,9,86.649567, 86.662193, 119.123558, 77.987617,17.825176, 315.524536, 0.999854
5, 234,10,121.353920, 121.358650, 119.123558, 77.987617,17.825176, 315.524536, 0.999961
5, 234,11,273.162506, 273.165070, 119.123558, 77.987617,17.825176, 315.524536, 0.999991
5, 234,12,72.137657, 72.123627, 119.123558, 77.987617,17.825176, 315.524536, 1.000195
5, 234,13,89.900902, 89.905563, 119.123558, 77.987617,17.825176, 315.524536, 0.999948
5, 234,14,177.726212, 177.730957, 119.123558, 77.987617,17.825176, 315.524536, 0.999973
5, 234,15,164.613708, 164.616074, 119.123558, 77.987617,17.825176, 315.524536, 0.999986
5, 234,16,57.287563, 57.302208, 119.123558, 77.987617,17.825176, 315.524536, 0.999744
5, 234,17,87.152512, 87.152466, 119.123558, 77.987617,17.825176, 315.524536, 1.000000
5, 234,18,135.175232, 135.180664, 119.123558, 77.987617,17.825176, 315.524536, 0.999960
5, 234,19,95.328606, 95.326881, 119.123558, 77.987617,17.825176, 315.524536, 1.000018
5, 234,20,50.436726, 50.438339, 119.123558, 77.987617,17.825176, 315.524536, 0.999968
5, 234,21,79.130798, 79.119484, 119.123558, 77.987617,17.825176, 315.524536, 1.000143
5, 234,22,100.946701, 100.946198, 119.123558, 77.987617,17.825176, 315.524536, 1.000005
5, 234,23,187.824539, 187.828766, 119.123558, 77.987617,17.825176, 315.524536, 0.999977
5, 234,24,50.389584, 50.381771, 119.123558, 77.987617,17.825176, 315.524536, 1.000155
5, 234,25,51.324650, 51.324608, 119.123558, 77.987617,17.825176, 315.524536, 1.000001
5, 234,26,17.825176, 17.806702, 119.123558, 77.987617,17.825176, 315.524536, 1.001037
5, 234,27,143.231155, 143.241928, 119.123558, 77.987617,17.825176, 315.524536, 0.999925
5, 234,28,48.173481, 48.175526, 119.123558, 77.987617,17.825176, 315.524536, 0.999958
5, 234,29,121.257652, 121.264374, 119.123558, 77.987617,17.825176, 315.524536, 0.999945
5, 234,30,33.731396, 33.731247, 119.123558, 77.987617,17.825176, 315.524536, 1.000004
5, 234,31,24.698385, 24.698853, 119.123558, 77.987617,17.825176, 315.524536, 0.999981
5, 235,0,26.062363, 26.067856, 119.124992, 69.424896,10.300591, 220.015472, 0.999789
5, 235,1,181.765564, 181.772552, 119.124992, 69.424896,10.300591, 220.015472, 0.999962
5, 235,2,10.300591, 10.294946, 119.124992, 69.424896,10.300591, 220.015472, 1.000548
5, 235,3,163.244690, 163.251266, 119.124992, 69.424896,10.300591, 220.015472, 0.999960
5, 235,4,200.938065, 200.937332, 119.124992, 69.424896,10.300591, 220.015472, 1.000004
5, 235,5,32.289761, 32.281830, 119.124992, 69.424896,10.300591, 220.015472, 1.000246
5, 235,6,27.131836, 27.133684, 119.124992, 69.424896,10.300591, 220.015472, 0.999932
5, 235,7,205.138657, 205.140320, 119.124992, 69.424896,10.300591, 220.015472, 0.999992
5, 235,8,110.816513, 110.824623, 119.124992, 69.424896,10.300591, 220.015472, 0.999927
5, 235,9,136.373978, 136.364288, 119.124992, 69.424896,10.300591, 220.015472, 1.000071
5, 235,10,172.903275, 172.904068, 119.124992, 69.424896,10.300591, 220.015472, 0.999995
5, 235,11,53.570953, 53.584980, 119.124992, 69.424896,10.300591, 220.015472, 0.999738
5, 235,12,220.015472, 220.028381, 119.124992, 69.424896,10.300591, 220.015472, 0.999941
5, 235,13,188.336121, 188.335098, 119.124992, 69.424896,10.300591, 220.015472, 1.000005
5, 235,14,189.738052, 189.736084, 119.124992, 69.424896,10.300591, 220.015472, 1.000010
5, 235,15,163.121521, 163.130615, 119.124992, 69.424896,10.300591, 220.015472, 0.999944
5, 235,16,12.304446, 12.319348, 119.124992, 69.424896,10.300591, 220.015472, 0.998790
5, 235,17,183.125946, 183.113220, 119.124992, 69.424896,10.300591, 220.015472, 1.000069
5, 235,18,31.620569, 31.611500, 119.124992, 69.424896,10.300591, 220.015472, 1.000287
5, 235,19,86.741837, 86.759705, 119.124992, 69.424896,10.300591, 220.015472, 0.999794
5, 235,20,57.938820, 57.928730, 119.124992, 69.424896,10.300591, 220.015472, 1.000174
5, 235,21,173.363846, 173.346481, 119.124992, 69.424896,10.300591, 220.015472, 1.000100
5, 235,22,71.397476, 71.402397, 119.124992, 69.424896,10.300591, 220.015472, 0.999931
5, 235,23,78.829590, 78.802864, 119.124992, 69.424896,10.300591, 220.015472, 1.000339
5, 235,24,197.577621, 197.585678, 119.124992, 69.424896,10.300591, 220.015472, 0.999959
5, 235,25,33.764565, 33.783379, 119.124992, 69.424896,10.300591, 220.015472, 0.999443
5, 235,26,187.730103, 187.731796, 119.124992, 69.424896,10.300591, 220.015472, 0.999991
5, 235,27,127.679535, 127.670059, 119.124992, 69.424896,10.300591, 220.015472, 1.000074
5, 235,28,165.459305, 165.443253, 119.124992, 69.424896,10.300591, 220.015472, 1.000097
5, 235,29,36.074089, 36.069206, 119.124992, 69.424896,10.300591, 220.015472, 1.000135
5, 235,30,154.781494, 154.784973, 119.124992, 69.424896,10.300591, 220.015472, 0.999978
5, 235,31,131.862930, 131.859634, 119.124992, 69.424896,10.300591, 220.015472, 1.000025
5, 236,0,77.733566, 77.724434, 119.126694, 58.613846,28.175749, 218.630310, 1.000118
5, 236,1,72.500198, 72.494507, 119.126694, 58.613846,28.175749, 218.630310, 1.000079
5, 236,2,135.209564, 135.206070, 119.126694, 58.613846,28.175749, 218.630310, 1.000026
5, 236,3,212.673035, 212.664551, 119.126694, 58.613846,28.175749, 218.630310, 1.000040
5, 236,4,75.119331, 75.119644, 119.126694, 58.613846,28.175749, 218.630310, 0.999996
5, 236,5,84.659843, 84.650169, 119.126694, 58.613846,28.175749, 218.630310, 1.000114
5, 236,6,176.448624, 176.448517, 119.126694, 58.613846,28.175749, 218.630310, 1.000001
5, 236,7,28.175749, 28.165667, 119.126694, 58.613846,28.175749, 218.630310, 1.000358
5, 236,8,71.609756, 71.599113, 119.126694, 58.613846,28.175749, 218.630310, 1.000149
5, 236,9,205.531937, 205.508148, 119.126694, 58.613846,28.175749, 218.630310, 1.000116
5, 236,10,164.090347, 164.123276, 119.126694, 58.613846,28.175749, 218.630310, 0.999799
5, 236,11,82.814491, 82.818680, 119.126694, 58.613846,28.175749, 218.630310, 0.999949
5, 236,12,205.834030, 205.840546, 119.126694, 58.613846,28.175749, 218.630310, 0.999968
5, 236,13,77.323860, 77.324211, 119.126694, 58.613846,28.175749, 218.630310, 0.999995
5, 236,14,218.630310, 218.627060, 119.126694, 58.613846,28.175749, 218.630310, 1.000015
5, 236,15,95.416901, 95.422050, 119.126694, 58.613846,28.175749, 218.630310, 0.999946
5, 236,16,81.191147, 81.204262, 119.126694, 58.613846,28.175749, 218.630310, 0.999838
5, 236,17,54.024616, 54.016811, 119.126694, 58.613846,28.175749, 218.630310, 1.000144
5, 236,18,119.255066, 119.258545, 119.126694, 58.613846,28.175749, 218.630310, 0.999971
5, 236,19,94.332092, 94.336723, 119.126694, 58.613846,28.175749, 218.630310, 0.999951
5, 236,20,69.000854, 69.001114, 119.126694, 58.613846,28.175749, 218.630310, 0.999996
5, 236,21,208.623856, 208.614914, 119.126694, 58.613846,28.175749, 218.630310, 1.000043
5, 236,22,197.955765, 197.944778, 119.126694, 58.613846,28.175749, 218.630310, 1.000056
5, 236,23,209.200211, 209.198273, 119.126694, 58.613846,28.175749, 218.630310, 1.000009
5, 236,24,71.726540, 71.741562, 119.126694, 58.613846,28.175749, 218.630310, 0.999791
5, 236,25,70.560020, 70.554482, 119.126694, 58.613846,28.175749, 218.630310, 1.000079
5, 236,26,43.559273, 43.556965, 119.126694, 58.613846,28.175749, 218.630310, 1.000053
5, 236,27,140.128845, 140.130753, 119.126694, 58.613846,28.175749, 218.630310, 0.999986
5, 236,28,143.035553, 143.027206, 119.126694, 58.613846,28.175749, 218.630310, 1.000058
5, 236,29,127.696999, 127.690186, 119.126694, 58.613846,28.175749, 218.630310, 1.000053
5, 236,30,136.254486, 136.250702, 119.126694, 58.613846,28.175749, 218.630310, 1.000028
5, 236,31,61.737358, 61.736202, 119.126694, 58.613846,28.175749, 218.630310, 1.000019
5, 237,0,142.100616, 142.092209, 119.126068, 69.894165,12.921149, 240.500061, 1.000059
5, 237,1,15.642655, 15.645508, 119.126068, 69.894165,12.921149, 240.500061, 0.999818
5, 237,2,86.618317, 86.622635, 119.126068, 69.894165,12.921149, 240.500061, 0.999950
5, 237,3,168.399658, 168.390991, 119.126068, 69.894165,12.921149, 240.500061, 1.000051
5, 237,4,122.848740, 122.846794, 119.126068, 69.894165,12.921149, 240.500061, 1.000016
5, 237,5,214.678284, 214.681320, 119.126068, 69.894165,12.921149, 240.500061, 0.999986
5, 237,6,140.128265, 140.121201, 119.126068, 69.894165,12.921149, 240.500061, 1.000050
5, 237,7,137.931992, 137.917908, 119.126068, 69.894165,12.921149, 240.500061, 1.000102
5, 237,8,37.240383, 37.242039, 119.126068, 69.894165,12.921149, 240.500061, 0.999956
5, 237,9,132.570450, 132.561005, 119.126068, 69.894165,12.921149, 240.500061, 1.000071
5, 237,10,91.794228, 91.782425, 119.126068, 69.894165,12.921149, 240.500061, 1.000129
5, 237,11,26.746271, 26.746462, 119.126068, 69.894165,12.921149, 240.500061, 0.999993
5, 237,12,177.474991, 177.478714, 119.126068, 69.894165,12.921149, 240.500061, 0.999979
5, 237,13,178.605240, 178.597931, 119.126068, 69.894165,12.921149, 240.500061, 1.000041
5, 237,14,45.999851, 45.998913, 119.126068, 69.894165,12.921149, 240.500061, 1.000020
5, 237,15,22.763807, 22.776306, 119.126068, 69.894165,12.921149, 240.500061, 0.999451
5, 237,16,206.586792, 206.579102, 119.126068, 69.894165,12.921149, 240.500061, 1.000037
5, 237,17,106.892944, 106.902809, 119.126068, 69.894165,12.921149, 240.500061, 0.999908
5, 237,18,12.921149, 12.928343, 119.126068, 69.894165,12.921149, 240.500061, 0.999444
5, 237,19,86.626984, 86.622635, 119.126068, 69.894165,12.921149, 240.500061, 1.000050
5, 237,20,154.034836, 154.037872, 119.126068, 69.894165,12.921149, 240.500061, 0.999980
5, 237,21,210.218307, 210.204346, 119.126068, 69.894165,12.921149, 240.500061, 1.000066
5, 237,22,161.926559, 161.942993, 119.126068, 69.894165,12.921149, 240.500061, 0.999898
5, 237,23,142.769760, 142.775024, 119.126068, 69.894165,12.921149, 240.500061, 0.999963
5, 237,24,217.209106, 217.208435, 119.126068, 69.894165,12.921149, 240.500061, 1.000003
5, 237,25,99.320625, 99.321510, 119.126068, 69.894165,12.921149, 240.500061, 0.999991
5, 237,26,14.106821, 14.103905, 119.126068, 69.894165,12.921149, 240.500061, 1.000207
5, 237,27,224.373138, 224.367386, 119.126068, 69.894165,12.921149, 240.500061, 1.000026
5, 237,28,240.500061, 240.501419, 119.126068, 69.894165,12.921149, 240.500061, 0.999994
5, 237,29,63.597870, 63.597126, 119.126068, 69.894165,12.921149, 240.500061, 1.000012
5, 237,30,40.838863, 40.839111, 119.126068, 69.894165,12.921149, 240.500061, 0.999994
5, 237,31,88.566879, 88.565475, 119.126068, 69.894165,12.921149, 240.500061, 1.000016
5, 238,0,88.427780, 88.430099, 119.125366, 72.060913,10.907783, 232.964691, 0.999974
5, 238,1,198.978638, 198.983185, 119.125366, 72.060913,10.907783, 232.964691, 0.999977
5, 238,2,24.373657, 24.368824, 119.125366, 72.060913,10.907783, 232.964691, 1.000198
5, 238,3,10.907783, 10.916431, 119.125366, 72.060913,10.907783, 232.964691, 0.999208
5, 238,4,180.991043, 180.982834, 119.125366, 72.060913,10.907783, 232.964691, 1.000045
5, 238,5,30.431734, 30.428211, 119.125366, 72.060913,10.907783, 232.964691, 1.000116
5, 238,6,182.175522, 182.172806, 119.125366, 72.060913,10.907783, 232.964691, 1.000015
5, 238,7,194.607239, 194.606201, 119.125366, 72.060913,10.907783, 232.964691, 1.000005
5, 238,8,162.705551, 162.695236, 119.125366, 72.060913,10.907783, 232.964691, 1.000063
5, 238,9,162.895966, 162.893555, 119.125366, 72.060913,10.907783, 232.964691, 1.000015
5, 238,10,126.613503, 126.605621, 119.125366, 72.060913,10.907783, 232.964691, 1.000062
5, 238,11,76.775002, 76.769547, 119.125366, 72.060913,10.907783, 232.964691, 1.000071
5, 238,12,43.078274, 43.094112, 119.125366, 72.060913,10.907783, 232.964691, 0.999632
5, 238,13,94.363655, 94.366394, 119.125366, 72.060913,10.907783, 232.964691, 0.999971
5, 238,14,207.030396, 207.019058, 119.125366, 72.060913,10.907783, 232.964691, 1.000055
5, 238,15,174.719574, 174.718262, 119.125366, 72.060913,10.907783, 232.964691, 1.000008
5, 238,16,185.312210, 185.305115, 119.125366, 72.060913,10.907783, 232.964691, 1.000038
5, 238,17,49.492470, 49.502293, 119.125366, 72.060913,10.907783, 232.964691, 0.999802
5, 238,18,177.171951, 177.180328, 119.125366, 72.060913,10.907783, 232.964691, 0.999953
5, 238,19,55.943668, 55.944668, 119.125366, 72.060913,10.907783, 232.964691, 0.999982
5, 238,20,133.988220, 133.984955, 119.125366, 72.060913,10.907783, 232.964691, 1.000024
5, 238,21,41.988102, 41.986187, 119.125366, 72.060913,10.907783, 232.964691, 1.000046
5, 238,22,131.338547, 131.351913, 119.125366, 72.060913,10.907783, 232.964691, 0.999898
5, 238,23,40.050198, 40.043900, 119.125366, 72.060913,10.907783, 232.964691, 1.000157
5, 238,24,148.539520, 148.545273, 119.125366, 72.060913,10.907783, 232.964691, 0.999961
5, 238,25,232.964691, 232.966354, 119.125366, 72.060913,10.907783, 232.964691, 0.999993
5, 238,26,17.382889, 17.365644, 119.125366, 72.060913,10.907783, 232.964691, 1.000993
5, 238,27,222.344742, 222.352173, 119.125366, 72.060913,10.907783, 232.964691, 0.999967
5, 238,28,14.433782, 14.438538, 119.125366, 72.060913,10.907783, 232.964691, 0.999671
5, 238,29,43.288628, 43.285603, 119.125366, 72.060913,10.907783, 232.964691, 1.000070
5, 238,30,198.880310, 198.880600, 119.125366, 72.060913,10.907783, 232.964691, 0.999999
5, 238,31,159.816467, 159.815994, 119.125366, 72.060913,10.907783, 232.964691, 1.000003
5, 239,0,113.286407, 113.288406, 119.124298, 55.234215,15.303976, 206.054977, 0.999982
5, 239,1,80.112129, 80.105591, 119.124298, 55.234215,15.303976, 206.054977, 1.000082
5, 239,2,44.310810, 44.325581, 119.124298, 55.234215,15.303976, 206.054977, 0.999667
5, 239,3,185.615967, 185.612289, 119.124298, 55.234215,15.303976, 206.054977, 1.000020
5, 239,4,75.156540, 75.161774, 119.124298, 55.234215,15.303976, 206.054977, 0.999930
5, 239,5,122.863846, 122.870483, 119.124298, 55.234215,15.303976, 206.054977, 0.999946
5, 239,6,162.564133, 162.567642, 119.124298, 55.234215,15.303976, 206.054977, 0.999978
5, 239,7,197.718002, 197.705994, 119.124298, 55.234215,15.303976, 206.054977, 1.000061
5, 239,8,24.544945, 24.550331, 119.124298, 55.234215,15.303976, 206.054977, 0.999781
5, 239,9,63.089722, 63.092518, 119.124298, 55.234215,15.303976, 206.054977, 0.999956
5, 239,10,138.584000, 138.581909, 119.124298, 55.234215,15.303976, 206.054977, 1.000015
5, 239,11,190.097717, 190.097778, 119.124298, 55.234215,15.303976, 206.054977, 1.000000
5, 239,12,151.894943, 151.885590, 119.124298, 55.234215,15.303976, 206.054977, 1.000062
5, 239,13,170.463257, 170.463089, 119.124298, 55.234215,15.303976, 206.054977, 1.000001
5, 239,14,144.674271, 144.674576, 119.124298, 55.234215,15.303976, 206.054977, 0.999998
5, 239,15,206.054977, 206.065857, 119.124298, 55.234215,15.303976, 206.054977, 0.999947
5, 239,16,148.716125, 148.713974, 119.124298, 55.234215,15.303976, 206.054977, 1.000014
5, 239,17,204.163467, 204.171448, 119.124298, 55.234215,15.303976, 206.054977, 0.999961
5, 239,18,96.502213, 96.501442, 119.124298, 55.234215,15.303976, 206.054977, 1.000008
5, 239,19,15.303976, 15.310473, 119.124298, 55.234215,15.303976, 206.054977, 0.999576
5, 239,20,53.284554, 53.284332, 119.124298, 55.234215,15.303976, 206.054977, 1.000004
5, 239,21,105.092438, 105.105751, 119.124298, 55.234215,15.303976, 206.054977, 0.999873
5, 239,22,104.654633, 104.653542, 119.124298, 55.234215,15.303976, 206.054977, 1.000010
5, 239,23,187.252151, 187.256149, 119.124298, 55.234215,15.303976, 206.054977, 0.999979
5, 239,24,159.451233, 159.457138, 119.124298, 55.234215,15.303976, 206.054977, 0.999963
5, 239,25,93.902122, 93.910370, 119.124298, 55.234215,15.303976, 206.054977, 0.999912
5, 239,26,105.284195, 105.276863, 119.124298, 55.234215,15.303976, 206.054977, 1.000070
5, 239,27,20.309095, 20.309284, 119.124298, 55.234215,15.303976, 206.054977, 0.999991
5, 239,28,145.357803, 145.340698, 119.124298, 55.234215,15.303976, 206.054977, 1.000118
5, 239,29,106.177170, 106.181297, 119.124298, 55.234215,15.303976, 206.054977, 0.999961
5, 239,30,77.733093, 77.728401, 119.124298, 55.234215,15.303976, 206.054977, 1.000060
5, 239,31,117.761360, 117.749451, 119.124298, 55.234215,15.303976, 206.054977, 1.000101
5, 240,0,71.739487, 71.747337, 119.124435, 47.114300,24.720152, 183.295685, 0.999891
5, 240,1,173.031235, 173.034164, 119.124435, 47.114300,24.720152, 183.295685, 0.999983
5, 240,2,135.514801, 135.519348, 119.124435, 47.114300,24.720152, 183.295685, 0.999966
5, 240,3,70.712799, 70.708496, 119.124435, 47.114300,24.720152, 183.295685, 1.000061
5, 240,4,61.056347, 61.051529, 119.124435, 47.114300,24.720152, 183.295685, 1.000079
5, 240,5,45.199158, 45.193333, 119.124435, 47.114300,24.720152, 183.295685, 1.000129
5, 240,6,27.698776, 27.697369, 119.124435, 47.114300,24.720152, 183.295685, 1.000051
5, 240,7,92.461517, 92.455215, 119.124435, 47.114300,24.720152, 183.295685, 1.000068
5, 240,8,149.637131, 149.623184, 119.124435, 47.114300,24.720152, 183.295685, 1.000093
5, 240,9,182.653915, 182.654022, 119.124435, 47.114300,24.720152, 183.295685, 0.999999
5, 240,10,153.736694, 153.736145, 119.124435, 47.114300,24.720152, 183.295685, 1.000004
5, 240,11,149.618469, 149.617874, 119.124435, 47.114300,24.720152, 183.295685, 1.000004
5, 240,12,162.458145, 162.449661, 119.124435, 47.114300,24.720152, 183.295685, 1.000052
5, 240,13,157.355972, 157.361465, 119.124435, 47.114300,24.720152, 183.295685, 0.999965
5, 240,14,54.663021, 54.664787, 119.124435, 47.114300,24.720152, 183.295685, 0.999968
5, 240,15,161.947021, 161.946152, 119.124435, 47.114300,24.720152, 183.295685, 1.000005
5, 240,16,109.368958, 109.362862, 119.124435, 47.114300,24.720152, 183.295685, 1.000056
5, 240,17,24.720152, 24.723957, 119.124435, 47.114300,24.720152, 183.295685, 0.999846
5, 240,18,91.164253, 91.161972, 119.124435, 47.114300,24.720152, 183.295685, 1.000025
5, 240,19,158.762512, 158.750122, 119.124435, 47.114300,24.720152, 183.295685, 1.000078
5, 240,20,128.751587, 128.750992, 119.124435, 47.114300,24.720152, 183.295685, 1.000005
5, 240,21,166.805069, 166.817032, 119.124435, 47.114300,24.720152, 183.295685, 0.999928
5, 240,22,111.984947, 111.997055, 119.124435, 47.114300,24.720152, 183.295685, 0.999892
5, 240,23,127.062653, 127.060226, 119.124435, 47.114300,24.720152, 183.295685, 1.000019
5, 240,24,183.295685, 183.295349, 119.124435, 47.114300,24.720152, 183.295685, 1.000002
5, 240,25,142.723160, 142.727615, 119.124435, 47.114300,24.720152, 183.295685, 0.999969
5, 240,26,59.018257, 59.032154, 119.124435, 47.114300,24.720152, 183.295685, 0.999765
5, 240,27,128.739944, 128.740387, 119.124435, 47.114300,24.720152, 183.295685, 0.999997
5, 240,28,164.478912, 164.495529, 119.124435, 47.114300,24.720152, 183.295685, 0.999899
5, 240,29,133.552246, 133.558273, 119.124435, 47.114300,24.720152, 183.295685, 0.999955
5, 240,30,82.760880, 82.761154, 119.124435, 47.114300,24.720152, 183.295685, 0.999997
5, 240,31,149.308334, 149.305161, 119.124435, 47.114300,24.720152, 183.295685, 1.000021
5, 241,0,118.885353, 118.889824, 119.124123, 56.208126,15.929459, 198.286346, 0.999962
5, 241,1,162.280899, 162.277466, 119.124123, 56.208126,15.929459, 198.286346, 1.000021
5, 241,2,95.982048, 95.999023, 119.124123, 56.208126,15.929459, 198.286346, 0.999823
5, 241,3,106.531227, 106.540764, 119.124123, 56.208126,15.929459, 198.286346, 0.999910
5, 241,4,144.425079, 144.417526, 119.124123, 56.208126,15.929459, 198.286346, 1.000052
5, 241,5,46.315350, 46.312408, 119.124123, 56.208126,15.929459, 198.286346, 1.000064
5, 241,6,107.357292, 107.358498, 119.124123, 56.208126,15.929459, 198.286346, 0.999989
5, 241,7,116.124359, 116.122543, 119.124123, 56.208126,15.929459, 198.286346, 1.000016
5, 241,8,164.040054, 164.049225, 119.124123, 56.208126,15.929459, 198.286346, 0.999944
5, 241,9,80.799751, 80.781937, 119.124123, 56.208126,15.929459, 198.286346, 1.000221
5, 241,10,173.241455, 173.239929, 119.124123, 56.208126,15.929459, 198.286346, 1.000009
5, 241,11,198.286346, 198.299515, 119.124123, 56.208126,15.929459, 198.286346, 0.999934
5, 241,12,15.929459, 15.937506, 119.124123, 56.208126,15.929459, 198.286346, 0.999495
5, 241,13,134.690582, 134.705383, 119.124123, 56.208126,15.929459, 198.286346, 0.999890
5, 241,14,109.103348, 109.082863, 119.124123, 56.208126,15.929459, 198.286346, 1.000188
5, 241,15,17.889769, 17.892971, 119.124123, 56.208126,15.929459, 198.286346, 0.999821
5, 241,16,168.297333, 168.297928, 119.124123, 56.208126,15.929459, 198.286346, 0.999996
5, 241,17,124.025230, 124.027374, 119.124123, 56.208126,15.929459, 198.286346, 0.999983
5, 241,18,185.745621, 185.737122, 119.124123, 56.208126,15.929459, 198.286346, 1.000046
5, 241,19,162.629028, 162.615219, 119.124123, 56.208126,15.929459, 198.286346, 1.000085
5, 241,20,191.103867, 191.123550, 119.124123, 56.208126,15.929459, 198.286346, 0.999897
5, 241,21,154.914627, 154.900009, 119.124123, 56.208126,15.929459, 198.286346, 1.000094
5, 241,22,44.285007, 44.279911, 119.124123, 56.208126,15.929459, 198.286346, 1.000115
5, 241,23,180.214691, 180.232193, 119.124123, 56.208126,15.929459, 198.286346, 0.999903
5, 241,24,105.910088, 105.894867, 119.124123, 56.208126,15.929459, 198.286346, 1.000144
5, 241,25,187.973526, 187.965179, 119.124123, 56.208126,15.929459, 198.286346, 1.000044
5, 241,26,18.633471, 18.639603, 119.124123, 56.208126,15.929459, 198.286346, 0.999671
5, 241,27,71.757637, 71.757172, 119.124123, 56.208126,15.929459, 198.286346, 1.000006
5, 241,28,104.991158, 105.006012, 119.124123, 56.208126,15.929459, 198.286346, 0.999859
5, 241,29,127.792900, 127.807938, 119.124123, 56.208126,15.929459, 198.286346, 0.999882
5, 241,30,17.821423, 17.821865, 119.124123, 56.208126,15.929459, 198.286346, 0.999975
5, 241,31,173.993942, 173.986557, 119.124123, 56.208126,15.929459, 198.286346, 1.000042
5, 242,0,58.659382, 58.664005, 119.125290, 52.464283,12.252001, 217.153564, 0.999921
5, 242,1,188.721771, 188.712921, 119.125290, 52.464283,12.252001, 217.153564, 1.000047
5, 242,2,161.189178, 161.174820, 119.125290, 52.464283,12.252001, 217.153564, 1.000089
5, 242,3,100.458870, 100.449959, 119.125290, 52.464283,12.252001, 217.153564, 1.000089
5, 242,4,105.478004, 105.470993, 119.125290, 52.464283,12.252001, 217.153564, 1.000067
5, 242,5,217.153564, 217.143921, 119.125290, 52.464283,12.252001, 217.153564, 1.000044
5, 242,6,185.928604, 185.930634, 119.125290, 52.464283,12.252001, 217.153564, 0.999989
5, 242,7,178.467728, 178.463776, 119.125290, 52.464283,12.252001, 217.153564, 1.000022
5, 242,8,87.488594, 87.489708, 119.125290, 52.464283,12.252001, 217.153564, 0.999987
5, 242,9,148.457901, 148.453979, 119.125290, 52.464283,12.252001, 217.153564, 1.000026
5, 242,10,31.518969, 31.527077, 119.125290, 52.464283,12.252001, 217.153564, 0.999743
5, 242,11,91.931007, 91.934891, 119.125290, 52.464283,12.252001, 217.153564, 0.999958
5, 242,12,105.073227, 105.069832, 119.125290, 52.464283,12.252001, 217.153564, 1.000032
5, 242,13,134.687027, 134.691406, 119.125290, 52.464283,12.252001, 217.153564, 0.999968
5, 242,14,108.645973, 108.647972, 119.125290, 52.464283,12.252001, 217.153564, 0.999982
5, 242,15,142.725403, 142.747086, 119.125290, 52.464283,12.252001, 217.153564, 0.999848
5, 242,16,57.295666, 57.305218, 119.125290, 52.464283,12.252001, 217.153564, 0.999833
5, 242,17,78.687683, 78.696419, 119.125290, 52.464283,12.252001, 217.153564, 0.999889
5, 242,18,106.349785, 106.338036, 119.125290, 52.464283,12.252001, 217.153564, 1.000111
5, 242,19,208.725006, 208.732376, 119.125290, 52.464283,12.252001, 217.153564, 0.999965
5, 242,20,189.448669, 189.450531, 119.125290, 52.464283,12.252001, 217.153564, 0.999990
5, 242,21,138.440796, 138.431290, 119.125290, 52.464283,12.252001, 217.153564, 1.000069
5, 242,22,155.864655, 155.862595, 119.125290, 52.464283,12.252001, 217.153564, 1.000013
5, 242,23,94.972794, 94.975983, 119.125290, 52.464283,12.252001, 217.153564, 0.999966
5, 242,24,171.597183, 171.598648, 119.125290, 52.464283,12.252001, 217.153564, 0.999991
5, 242,25,125.160492, 125.160469, 119.125290, 52.464283,12.252001, 217.153564, 1.000000
5, 242,26,12.252001, 12.251705, 119.125290, 52.464283,12.252001, 217.153564, 1.000024
5, 242,27,107.468613, 107.476830, 119.125290, 52.464283,12.252001, 217.153564, 0.999924
5, 242,28,54.464394, 54.458233, 119.125290, 52.464283,12.252001, 217.153564, 1.000113
5, 242,29,55.024578, 55.014690, 119.125290, 52.464283,12.252001, 217.153564, 1.000180
5, 242,30,76.542534, 76.541763, 119.125290, 52.464283,12.252001, 217.153564, 1.000010
5, 242,31,133.128815, 133.132019, 119.125290, 52.464283,12.252001, 217.153564, 0.999976
5, 243,0,212.074554, 212.069778, 119.125504, 62.872356,10.709157, 225.461563, 1.000023
5, 243,1,208.911331, 208.907532, 119.125504, 62.872356,10.709157, 225.461563, 1.000018
5, 243,2,143.120865, 143.120193, 119.125504, 62.872356,10.709157, 225.461563, 1.000005
5, 243,3,74.380630, 74.362915, 119.125504, 62.872356,10.709157, 225.461563, 1.000238
5, 243,4,104.335510, 104.340065, 119.125504, 62.872356,10.709157, 225.461563, 0.999956
5, 243,5,83.288864, 83.286972, 119.125504, 62.872356,10.709157, 225.461563, 1.000023
5, 243,6,36.307552, 36.302120, 119.125504, 62.872356,10.709157, 225.461563, 1.000150
5, 243,7,101.452797, 101.455589, 119.125504, 62.872356,10.709157, 225.461563, 0.999972
5, 243,8,68.556328, 68.558365, 119.125504, 62.872356,10.709157, 225.461563, 0.999970
5, 243,9,224.107925, 224.106232, 119.125504, 62.872356,10.709157, 225.461563, 1.000008
5, 243,10,170.231430, 170.227127, 119.125504, 62.872356,10.709157, 225.461563, 1.000025
5, 243,11,27.443724, 27.442158, 119.125504, 62.872356,10.709157, 225.461563, 1.000057
5, 243,12,84.447327, 84.455009, 119.125504, 62.872356,10.709157, 225.461563, 0.999909
5, 243,13,97.010696, 97.011368, 119.125504, 62.872356,10.709157, 225.461563, 0.999993
5, 243,14,82.765923, 82.781303, 119.125504, 62.872356,10.709157, 225.461563, 0.999814
5, 243,15,82.862762, 82.852524, 119.125504, 62.872356,10.709157, 225.461563, 1.000124
5, 243,16,10.709157, 10.697971, 119.125504, 62.872356,10.709157, 225.461563, 1.001046
5, 243,17,225.461563, 225.466568, 119.125504, 62.872356,10.709157, 225.461563, 0.999978
5, 243,18,122.205246, 122.209549, 119.125504, 62.872356,10.709157, 225.461563, 0.999965
5, 243,19,118.305397, 118.306610, 119.125504, 62.872356,10.709157, 225.461563, 0.999990
5, 243,20,59.900162, 59.890697, 119.125504, 62.872356,10.709157, 225.461563, 1.000158
5, 243,21,94.822868, 94.831985, 119.125504, 62.872356,10.709157, 225.461563, 0.999904
5, 243,22,179.269302, 179.279373, 119.125504, 62.872356,10.709157, 225.461563, 0.999944
5, 243,23,169.857803, 169.856766, 119.125504, 62.872356,10.709157, 225.461563, 1.000006
5, 243,24,181.894394, 181.893219, 119.125504, 62.872356,10.709157, 225.461563, 1.000006
5, 243,25,31.620708, 31.615740, 119.125504, 62.872356,10.709157, 225.461563, 1.000157
5, 243,26,29.888111, 29.885056, 119.125504, 62.872356,10.709157, 225.461563, 1.000102
5, 243,27,160.559494, 160.562363, 119.125504, 62.872356,10.709157, 225.461563, 0.999982
5, 243,28,171.392014, 171.395157, 119.125504, 62.872356,10.709157, 225.461563, 0.999982
5, 243,29,209.685333, 209.690979, 119.125504, 62.872356,10.709157, 225.461563, 0.999973
5, 243,30,128.431870, 128.427185, 119.125504, 62.872356,10.709157, 225.461563, 1.000036
5, 243,31,116.714310, 116.711243, 119.125504, 62.872356,10.709157, 225.461563, 1.000026
5, 244,0,99.334351, 99.330322, 119.125710, 68.471123,11.420819, 244.233505, 1.000041
5, 244,1,87.815155, 87.827888, 119.125710, 68.471123,11.420819, 244.233505, 0.999855
5, 244,2,176.536240, 176.541504, 119.125710, 68.471123,11.420819, 244.233505, 0.999970
5, 244,3,60.244743, 60.247860, 119.125710, 68.471123,11.420819, 244.233505, 0.999948
5, 244,4,79.680046, 79.674362, 119.125710, 68.471123,11.420819, 244.233505, 1.000071
5, 244,5,61.883949, 61.890038, 119.125710, 68.471123,11.420819, 244.233505, 0.999902
5, 244,6,135.005264, 135.013687, 119.125710, 68.471123,11.420819, 244.233505, 0.999938
5, 244,7,20.076696, 20.075388, 119.125710, 68.471123,11.420819, 244.233505, 1.000065
5, 244,8,147.864426, 147.864288, 119.125710, 68.471123,11.420819, 244.233505, 1.000001
5, 244,9,244.233505, 244.243790, 119.125710, 68.471123,11.420819, 244.233505, 0.999958
5, 244,10,87.178093, 87.175316, 119.125710, 68.471123,11.420819, 244.233505, 1.000032
5, 244,11,30.367466, 30.351566, 119.125710, 68.471123,11.420819, 244.233505, 1.000524
5, 244,12,183.060425, 183.052856, 119.125710, 68.471123,11.420819, 244.233505, 1.000041
5, 244,13,236.632202, 236.628113, 119.125710, 68.471123,11.420819, 244.233505, 1.000017
5, 244,14,103.064880, 103.052132, 119.125710, 68.471123,11.420819, 244.233505, 1.000124
5, 244,15,83.081703, 83.080620, 119.125710, 68.471123,11.420819, 244.233505, 1.000013
5, 244,16,190.555817, 190.560989, 119.125710, 68.471123,11.420819, 244.233505, 0.999973
5, 244,17,196.655518, 196.656433, 119.125710, 68.471123,11.420819, 244.233505, 0.999995
5, 244,18,11.420819, 11.405535, 119.125710, 68.471123,11.420819, 244.233505, 1.001340
5, 244,19,139.479660, 139.495621, 119.125710, 68.471123,11.420819, 244.233505, 0.999886
5, 244,20,181.679626, 181.676010, 119.125710, 68.471123,11.420819, 244.233505, 1.000020
5, 244,21,52.963951, 52.962025, 119.125710, 68.471123,11.420819, 244.233505, 1.000036
5, 244,22,21.430847, 21.430725, 119.125710, 68.471123,11.420819, 244.233505, 1.000006
5, 244,23,174.293610, 174.296951, 119.125710, 68.471123,11.420819, 244.233505, 0.999981
5, 244,24,187.896439, 187.893356, 119.125710, 68.471123,11.420819, 244.233505, 1.000016
5, 244,25,196.711746, 196.720963, 119.125710, 68.471123,11.420819, 244.233505, 0.999953
5, 244,26,204.835312, 204.824295, 119.125710, 68.471123,11.420819, 244.233505, 1.000054
5, 244,27,113.824074, 113.823105, 119.125710, 68.471123,11.420819, 244.233505, 1.000008
5, 244,28,123.280907, 123.281776, 119.125710, 68.471123,11.420819, 244.233505, 0.999993
5, 244,29,44.157845, 44.155926, 119.125710, 68.471123,11.420819, 244.233505, 1.000044
5, 244,30,20.626240, 20.613220, 119.125710, 68.471123,11.420819, 244.233505, 1.000632
5, 244,31,116.150841, 116.153709, 119.125710, 68.471123,11.420819, 244.233505, 0.999975
5, 245,0,28.794250, 28.794605, 119.125534, 58.181000,10.285613, 220.544113, 0.999988
5, 245,1,132.213013, 132.213196, 119.125534, 58.181000,10.285613, 220.544113, 0.999999
5, 245,2,110.742256, 110.741920, 119.125534, 58.181000,10.285613, 220.544113, 1.000003
5, 245,3,103.049217, 103.040054, 119.125534, 58.181000,10.285613, 220.544113, 1.000089
5, 245,4,173.568268, 173.572906, 119.125534, 58.181000,10.285613, 220.544113, 0.999973
5, 245,5,10.285613, 10.283110, 119.125534, 58.181000,10.285613, 220.544113, 1.000243
5, 245,6,99.794106, 99.790726, 119.125534, 58.181000,10.285613, 220.544113, 1.000034
5, 245,7,217.283493, 217.281143, 119.125534, 58.181000,10.285613, 220.544113, 1.000011
5, 245,8,203.143890, 203.138535, 119.125534, 58.181000,10.285613, 220.544113, 1.000026
5, 245,9,117.878769, 117.883995, 119.125534, 58.181000,10.285613, 220.544113, 0.999956
5, 245,10,97.722595, 97.725311, 119.125534, 58.181000,10.285613, 220.544113, 0.999972
5, 245,11,116.529839, 116.545662, 119.125534, 58.181000,10.285613, 220.544113, 0.999864
5, 245,12,157.778061, 157.783127, 119.125534, 58.181000,10.285613, 220.544113, 0.999968
5, 245,13,139.077942, 139.072159, 119.125534, 58.181000,10.285613, 220.544113, 1.000042
5, 245,14,56.355412, 56.359169, 119.125534, 58.181000,10.285613, 220.544113, 0.999933
5, 245,15,87.182541, 87.166626, 119.125534, 58.181000,10.285613, 220.544113, 1.000183
5, 245,16,123.678467, 123.674873, 119.125534, 58.181000,10.285613, 220.544113, 1.000029
5, 245,17,36.987694, 36.985474, 119.125534, 58.181000,10.285613, 220.544113, 1.000060
5, 245,18,159.271896, 159.269440, 119.125534, 58.181000,10.285613, 220.544113, 1.000015
5, 245,19,97.375145, 97.364990, 119.125534, 58.181000,10.285613, 220.544113, 1.000104
5, 245,20,220.544113, 220.543335, 119.125534, 58.181000,10.285613, 220.544113, 1.000004
5, 245,21,117.188065, 117.176216, 119.125534, 58.181000,10.285613, 220.544113, 1.000101
5, 245,22,131.043457, 131.055023, 119.125534, 58.181000,10.285613, 220.544113, 0.999912
5, 245,23,209.180481, 209.180359, 119.125534, 58.181000,10.285613, 220.544113, 1.000001
5, 245,24,130.197632, 130.192825, 119.125534, 58.181000,10.285613, 220.544113, 1.000037
5, 245,25,149.186905, 149.193329, 119.125534, 58.181000,10.285613, 220.544113, 0.999957
5, 245,26,106.842072, 106.836296, 119.125534, 58.181000,10.285613, 220.544113, 1.000054
5, 245,27,104.610435, 104.610023, 119.125534, 58.181000,10.285613, 220.544113, 1.000004
5, 245,28,17.291687, 17.296501, 119.125534, 58.181000,10.285613, 220.544113, 0.999722
5, 245,29,214.783218, 214.791061, 119.125534, 58.181000,10.285613, 220.544113, 0.999963
5, 245,30,116.973572, 116.963898, 119.125534, 58.181000,10.285613, 220.544113, 1.000083
5, 245,31,25.462856, 25.474504, 119.125534, 58.181000,10.285613, 220.544113, 0.999543
5, 246,0,153.085281, 153.083084, 119.125084, 54.790504,23.172205, 208.863464, 1.000014
5, 246,1,145.747665, 145.749252, 119.125084, 54.790504,23.172205, 208.863464, 0.999989
5, 246,2,186.689621, 186.689392, 119.125084, 54.790504,23.172205, 208.863464, 1.000001
5, 246,3,47.934597, 47.938286, 119.125084, 54.790504,23.172205, 208.863464, 0.999923
5, 246,4,89.376045, 89.378746, 119.125084, 54.790504,23.172205, 208.863464, 0.999970
5, 246,5,58.142681, 58.139763, 119.125084, 54.790504,23.172205, 208.863464, 1.000050
5, 246,6,67.711464, 67.712807, 119.125084, 54.790504,23.172205, 208.863464, 0.999980
5, 246,7,205.833771, 205.829391, 119.125084, 54.790504,23.172205, 208.863464, 1.000021
5, 246,8,47.659523, 47.663723, 119.125084, 54.790504,23.172205, 208.863464, 0.999912
5, 246,9,182.644394, 182.650299, 119.125084, 54.790504,23.172205, 208.863464, 0.999968
5, 246,10,208.863464, 208.861755, 119.125084, 54.790504,23.172205, 208.863464, 1.000008
5, 246,11,99.050446, 99.055511, 119.125084, 54.790504,23.172205, 208.863464, 0.999949
5, 246,12,33.774704, 33.777016, 119.125084, 54.790504,23.172205, 208.863464, 0.999932
5, 246,13,179.258881, 179.264038, 119.125084, 54.790504,23.172205, 208.863464, 0.999971
5, 246,14,98.358696, 98.359955, 119.125084, 54.790504,23.172205, 208.863464, 0.999987
5, 246,15,160.314606, 160.313202, 119.125084, 54.790504,23.172205, 208.863464, 1.000009
5, 246,16,158.189590, 158.196030, 119.125084, 54.790504,23.172205, 208.863464, 0.999959
5, 246,17,189.163345, 189.160461, 119.125084, 54.790504,23.172205, 208.863464, 1.000015
5, 246,18,194.141586, 194.133072, 119.125084, 54.790504,23.172205, 208.863464, 1.000044
5, 246,19,70.230003, 70.232666, 119.125084, 54.790504,23.172205, 208.863464, 0.999962
5, 246,20,115.133522, 115.138702, 119.125084, 54.790504,23.172205, 208.863464, 0.999955
5, 246,21,23.172205, 23.160643, 119.125084, 54.790504,23.172205, 208.863464, 1.000499
5, 246,22,84.853897, 84.845436, 119.125084, 54.790504,23.172205, 208.863464, 1.000100
5, 246,23,100.765251, 100.757790, 119.125084, 54.790504,23.172205, 208.863464, 1.000074
5, 246,24,75.606895, 75.607964, 119.125084, 54.790504,23.172205, 208.863464, 0.999986
5, 246,25,106.277107, 106.273422, 119.125084, 54.790504,23.172205, 208.863464, 1.000035
5, 246,26,179.753525, 179.758255, 119.125084, 54.790504,23.172205, 208.863464, 0.999974
5, 246,27,69.161530, 69.164925, 119.125084, 54.790504,23.172205, 208.863464, 0.999951
5, 246,28,151.706314, 151.704178, 119.125084, 54.790504,23.172205, 208.863464, 1.000014
5, 246,29,110.902657, 110.898247, 119.125084, 54.790504,23.172205, 208.863464, 1.000040
5, 246,30,136.039246, 136.048096, 119.125084, 54.790504,23.172205, 208.863464, 0.999935
5, 246,31,82.460541, 82.453697, 119.125084, 54.790504,23.172205, 208.863464, 1.000083
5, 247,0,81.583649, 81.584587, 119.122444, 43.346729,19.685389, 173.887070, 0.999988
5, 247,1,100.509781, 100.515778, 119.122444, 43.346729,19.685389, 173.887070, 0.999940
5, 247,2,118.399742, 118.407722, 119.122444, 43.346729,19.685389, 173.887070, 0.999933
5, 247,3,142.932526, 142.939606, 119.122444, 43.346729,19.685389, 173.887070, 0.999950
5, 247,4,124.393532, 124.384804, 119.122444, 43.346729,19.685389, 173.887070, 1.000070
5, 247,5,158.300522, 158.298019, 119.122444, 43.346729,19.685389, 173.887070, 1.000016
5, 247,6,151.912811, 151.922089, 119.122444, 43.346729,19.685389, 173.887070, 0.999939
5, 247,7,70.742439, 70.759552, 119.122444, 43.346729,19.685389, 173.887070, 0.999758
5, 247,8,149.781540, 149.793030, 119.122444, 43.346729,19.685389, 173.887070, 0.999923
5, 247,9,53.303459, 53.305786, 119.122444, 43.346729,19.685389, 173.887070, 0.999956
5, 247,10,150.923798, 150.922165, 119.122444, 43.346729,19.685389, 173.887070, 1.000011
5, 247,11,19.685389, 19.684677, 119.122444, 43.346729,19.685389, 173.887070, 1.000036
5, 247,12,157.847900, 157.848618, 119.122444, 43.346729,19.685389, 173.887070, 0.999995
5, 247,13,98.251030, 98.263130, 119.122444, 43.346729,19.685389, 173.887070, 0.999877
5, 247,14,171.407639, 171.415039, 119.122444, 43.346729,19.685389, 173.887070, 0.999957
5, 247,15,60.506329, 60.507504, 119.122444, 43.346729,19.685389, 173.887070, 0.999981
5, 247,16,48.094601, 48.098309, 119.122444, 43.346729,19.685389, 173.887070, 0.999923
5, 247,17,166.816513, 166.819855, 119.122444, 43.346729,19.685389, 173.887070, 0.999980
5, 247,18,126.974388, 126.974495, 119.122444, 43.346729,19.685389, 173.887070, 0.999999
5, 247,19,100.251991, 100.257370, 119.122444, 43.346729,19.685389, 173.887070, 0.999946
5, 247,20,143.775681, 143.765396, 119.122444, 43.346729,19.685389, 173.887070, 1.000072
5, 247,21,168.755524, 168.752304, 119.122444, 43.346729,19.685389, 173.887070, 1.000019
5, 247,22,134.827454, 134.816605, 119.122444, 43.346729,19.685389, 173.887070, 1.000080
5, 247,23,155.529526, 155.539795, 119.122444, 43.346729,19.685389, 173.887070, 0.999934
5, 247,24,118.629150, 118.632416, 119.122444, 43.346729,19.685389, 173.887070, 0.999972
5, 247,25,163.193695, 163.179688, 119.122444, 43.346729,19.685389, 173.887070, 1.000086
5, 247,26,107.200027, 107.200676, 119.122444, 43.346729,19.685389, 173.887070, 0.999994
5, 247,27,128.694885, 128.699097, 119.122444, 43.346729,19.685389, 173.887070, 0.999967
5, 247,28,151.795486, 151.815353, 119.122444, 43.346729,19.685389, 173.887070, 0.999869
5, 247,29,46.407932, 46.413040, 119.122444, 43.346729,19.685389, 173.887070, 0.999890
5, 247,30,66.602531, 66.596939, 119.122444, 43.346729,19.685389, 173.887070, 1.000084
5, 247,31,173.887070, 173.886749, 119.122444, 43.346729,19.685389, 173.887070, 1.000002
5, 248,0,146.549942, 146.559875, 119.121613, 55.947334,20.566872, 205.350052, 0.999932
5, 248,1,150.250946, 150.260117, 119.121613, 55.947334,20.566872, 205.350052, 0.999939
5, 248,2,203.294098, 203.305634, 119.121613, 55.947334,20.566872, 205.350052, 0.999943
5, 248,3,80.553627, 80.550537, 119.121613, 55.947334,20.566872, 205.350052, 1.000038
5, 248,4,183.041840, 183.044830, 119.121613, 55.947334,20.566872, 205.350052, 0.999984
5, 248,5,188.783096, 188.808685, 119.121613, 55.947334,20.566872, 205.350052, 0.999864
5, 248,6,154.095032, 154.102676, 119.121613, 55.947334,20.566872, 205.350052, 0.999950
5, 248,7,193.185333, 193.188156, 119.121613, 55.947334,20.566872, 205.350052, 0.999985
5, 248,8,92.901512, 92.912735, 119.121613, 55.947334,20.566872, 205.350052, 0.999879
5, 248,9,135.267227, 135.271515, 119.121613, 55.947334,20.566872, 205.350052, 0.999968
5, 248,10,28.318501, 28.333048, 119.121613, 55.947334,20.566872, 205.350052, 0.999487
5, 248,11,116.810020, 116.815559, 119.121613, 55.947334,20.566872, 205.350052, 0.999953
5, 248,12,110.202881, 110.204285, 119.121613, 55.947334,20.566872, 205.350052, 0.999987
5, 248,13,137.997757, 138.001419, 119.121613, 55.947334,20.566872, 205.350052, 0.999973
5, 248,14,115.077469, 115.068939, 119.121613, 55.947334,20.566872, 205.350052, 1.000074
5, 248,15,67.415840, 67.412064, 119.121613, 55.947334,20.566872, 205.350052, 1.000056
5, 248,16,47.061810, 47.054234, 119.121613, 55.947334,20.566872, 205.350052, 1.000161
5, 248,17,122.285843, 122.301247, 119.121613, 55.947334,20.566872, 205.350052, 0.999874
5, 248,18,115.608482, 115.605865, 119.121613, 55.947334,20.566872, 205.350052, 1.000023
5, 248,19,71.757957, 71.765686, 119.121613, 55.947334,20.566872, 205.350052, 0.999892
5, 248,20,205.350052, 205.362762, 119.121613, 55.947334,20.566872, 205.350052, 0.999938
5, 248,21,49.521179, 49.512444, 119.121613, 55.947334,20.566872, 205.350052, 1.000176
5, 248,22,194.464081, 194.469040, 119.121613, 55.947334,20.566872, 205.350052, 0.999974
5, 248,23,20.566872, 20.563820, 119.121613, 55.947334,20.566872, 205.350052, 1.000148
5, 248,24,78.056862, 78.072929, 119.121613, 55.947334,20.566872, 205.350052, 0.999794
5, 248,25,24.157362, 24.154099, 119.121613, 55.947334,20.566872, 205.350052, 1.000135
5, 248,26,154.560104, 154.555511, 119.121613, 55.947334,20.566872, 205.350052, 1.000030
5, 248,27,49.870007, 49.861767, 119.121613, 55.947334,20.566872, 205.350052, 1.000165
5, 248,28,93.021324, 93.022705, 119.121613, 55.947334,20.566872, 205.350052, 0.999985
5, 248,29,176.271515, 176.271820, 119.121613, 55.947334,20.566872, 205.350052, 0.999998
5, 248,30,134.507156, 134.501709, 119.121613, 55.947334,20.566872, 205.350052, 1.000041
5, 248,31,171.085648, 171.083710, 119.121613, 55.947334,20.566872, 205.350052, 1.000011
5, 249,0,95.073647, 95.073189, 119.127182, 55.032566,11.510812, 206.615112, 1.000005
5, 249,1,133.383057, 133.383728, 119.127182, 55.032566,11.510812, 206.615112, 0.999995
5, 249,2,176.336945, 176.337418, 119.127182, 55.032566,11.510812, 206.615112, 0.999997
5, 249,3,79.755890, 79.757561, 119.127182, 55.032566,11.510812, 206.615112, 0.999979
5, 249,4,61.336998, 61.356731, 119.127182, 55.032566,11.510812, 206.615112, 0.999678
5, 249,5,167.472992, 167.474350, 119.127182, 55.032566,11.510812, 206.615112, 0.999992
5, 249,6,206.615112, 206.600647, 119.127182, 55.032566,11.510812, 206.615112, 1.000070
5, 249,7,199.433182, 199.418198, 119.127182, 55.032566,11.510812, 206.615112, 1.000075
5, 249,8,60.597973, 60.602295, 119.127182, 55.032566,11.510812, 206.615112, 0.999929
5, 249,9,145.865875, 145.865631, 119.127182, 55.032566,11.510812, 206.615112, 1.000002
5, 249,10,205.248474, 205.232849, 119.127182, 55.032566,11.510812, 206.615112, 1.000076
5, 249,11,11.510812, 11.515002, 119.127182, 55.032566,11.510812, 206.615112, 0.999636
5, 249,12,161.307343, 161.297791, 119.127182, 55.032566,11.510812, 206.615112, 1.000059
5, 249,13,129.378738, 129.366211, 119.127182, 55.032566,11.510812, 206.615112, 1.000097
5, 249,14,95.509300, 95.514816, 119.127182, 55.032566,11.510812, 206.615112, 0.999942
5, 249,15,132.540207, 132.525024, 119.127182, 55.032566,11.510812, 206.615112, 1.000115
5, 249,16,68.214142, 68.201843, 119.127182, 55.032566,11.510812, 206.615112, 1.000180
5, 249,17,59.334969, 59.326508, 119.127182, 55.032566,11.510812, 206.615112, 1.000143
5, 249,18,173.229797, 173.221542, 119.127182, 55.032566,11.510812, 206.615112, 1.000048
5, 249,19,19.135920, 19.139082, 119.127182, 55.032566,11.510812, 206.615112, 0.999835
5, 249,20,77.817085, 77.837746, 119.127182, 55.032566,11.510812, 206.615112, 0.999735
5, 249,21,132.058197, 132.071136, 119.127182, 55.032566,11.510812, 206.615112, 0.999902
5, 249,22,108.930176, 108.922890, 119.127182, 55.032566,11.510812, 206.615112, 1.000067
5, 249,23,182.381256, 182.379013, 119.127182, 55.032566,11.510812, 206.615112, 1.000012
5, 249,24,189.389832, 189.377472, 119.127182, 55.032566,11.510812, 206.615112, 1.000065
5, 249,25,74.594704, 74.593063, 119.127182, 55.032566,11.510812, 206.615112, 1.000022
5, 249,26,40.721977, 40.710995, 119.127182, 55.032566,11.510812, 206.615112, 1.000270
5, 249,27,140.554901, 140.541656, 119.127182, 55.032566,11.510812, 206.615112, 1.000094
5, 249,28,140.804810, 140.817673, 119.127182, 55.032566,11.510812, 206.615112, 0.999909
5, 249,29,66.145607, 66.134811, 119.127182, 55.032566,11.510812, 206.615112, 1.000163
5, 249,30,145.752197, 145.755234, 119.127182, 55.032566,11.510812, 206.615112, 0.999979
5, 249,31,131.637390, 131.647919, 119.127182, 55.032566,11.510812, 206.615112, 0.999920
5, 250,0,27.151455, 27.154633, 119.124985, 76.809273,13.939318, 236.765060, 0.999883
5, 250,1,138.522583, 138.518326, 119.124985, 76.809273,13.939318, 236.765060, 1.000031
5, 250,2,234.065582, 234.070908, 119.124985, 76.809273,13.939318, 236.765060, 0.999977
5, 250,3,38.192947, 38.178574, 119.124985, 76.809273,13.939318, 236.765060, 1.000376
5, 250,4,37.534897, 37.542168, 119.124985, 76.809273,13.939318, 236.765060, 0.999806
5, 250,5,87.783356, 87.782761, 119.124985, 76.809273,13.939318, 236.765060, 1.000007
5, 250,6,192.008865, 192.011658, 119.124985, 76.809273,13.939318, 236.765060, 0.999985
5, 250,7,115.828888, 115.826981, 119.124985, 76.809273,13.939318, 236.765060, 1.000016
5, 250,8,222.185913, 222.184280, 119.124985, 76.809273,13.939318, 236.765060, 1.000007
5, 250,9,13.939318, 13.938636, 119.124985, 76.809273,13.939318, 236.765060, 1.000049
5, 250,10,30.925503, 30.923561, 119.124985, 76.809273,13.939318, 236.765060, 1.000063
5, 250,11,196.071655, 196.070480, 119.124985, 76.809273,13.939318, 236.765060, 1.000006
5, 250,12,50.515610, 50.510674, 119.124985, 76.809273,13.939318, 236.765060, 1.000098
5, 250,13,34.366741, 34.374287, 119.124985, 76.809273,13.939318, 236.765060, 0.999780
5, 250,14,230.064972, 230.068619, 119.124985, 76.809273,13.939318, 236.765060, 0.999984
5, 250,15,169.964920, 169.956696, 119.124985, 76.809273,13.939318, 236.765060, 1.000048
5, 250,16,149.565521, 149.563477, 119.124985, 76.809273,13.939318, 236.765060, 1.000014
5, 250,17,32.182957, 32.175156, 119.124985, 76.809273,13.939318, 236.765060, 1.000242
5, 250,18,134.291992, 134.289780, 119.124985, 76.809273,13.939318, 236.765060, 1.000016
5, 250,19,38.949242, 38.949326, 119.124985, 76.809273,13.939318, 236.765060, 0.999998
5, 250,20,34.861870, 34.876343, 119.124985, 76.809273,13.939318, 236.765060, 0.999585
5, 250,21,236.201965, 236.185181, 119.124985, 76.809273,13.939318, 236.765060, 1.000071
5, 250,22,65.924728, 65.925797, 119.124985, 76.809273,13.939318, 236.765060, 0.999984
5, 250,23,96.104301, 96.105515, 119.124985, 76.809273,13.939318, 236.765060, 0.999987
5, 250,24,28.956663, 28.943638, 119.124985, 76.809273,13.939318, 236.765060, 1.000450
5, 250,25,128.913361, 128.915695, 119.124985, 76.809273,13.939318, 236.765060, 0.999982
5, 250,26,111.700211, 111.704483, 119.124985, 76.809273,13.939318, 236.765060, 0.999962
5, 250,27,191.714828, 191.714661, 119.124985, 76.809273,13.939318, 236.765060, 1.000001
5, 250,28,133.431778, 133.434174, 119.124985, 76.809273,13.939318, 236.765060, 0.999982
5, 250,29,236.765060, 236.772079, 119.124985, 76.809273,13.939318, 236.765060, 0.999970
5, 250,30,226.248199, 226.257278, 119.124985, 76.809273,13.939318, 236.765060, 0.999960
5, 250,31,147.063477, 147.074432, 119.124985, 76.809273,13.939318, 236.765060, 0.999925
5, 251,0,86.697479, 86.693626, 119.125107, 61.068508,19.716501, 222.554077, 1.000044
5, 251,1,113.158920, 113.159500, 119.125107, 61.068508,19.716501, 222.554077, 0.999995
5, 251,2,145.115280, 145.126862, 119.125107, 61.068508,19.716501, 222.554077, 0.999920
5, 251,3,19.716501, 19.714392, 119.125107, 61.068508,19.716501, 222.554077, 1.000107
5, 251,4,117.758408, 117.759644, 119.125107, 61.068508,19.716501, 222.554077, 0.999990
5, 251,5,117.536865, 117.545998, 119.125107, 61.068508,19.716501, 222.554077, 0.999922
5, 251,6,92.592972, 92.582352, 119.125107, 61.068508,19.716501, 222.554077, 1.000115
5, 251,7,191.605148, 191.595718, 119.125107, 61.068508,19.716501, 222.554077, 1.000049
5, 251,8,89.583588, 89.584579, 119.125107, 61.068508,19.716501, 222.554077, 0.999989
5, 251,9,211.664185, 211.665436, 119.125107, 61.068508,19.716501, 222.554077, 0.999994
5, 251,10,178.419403, 178.409500, 119.125107, 61.068508,19.716501, 222.554077, 1.000056
5, 251,11,45.243828, 45.252224, 119.125107, 61.068508,19.716501, 222.554077, 0.999814
5, 251,12,48.654526, 48.650597, 119.125107, 61.068508,19.716501, 222.554077, 1.000081
5, 251,13,26.286936, 26.297478, 119.125107, 61.068508,19.716501, 222.554077, 0.999599
5, 251,14,121.191559, 121.191399, 119.125107, 61.068508,19.716501, 222.554077, 1.000001
5, 251,15,107.098259, 107.117218, 119.125107, 61.068508,19.716501, 222.554077, 0.999823
5, 251,16,134.758667, 134.758179, 119.125107, 61.068508,19.716501, 222.554077, 1.000004
5, 251,17,219.793457, 219.777466, 119.125107, 61.068508,19.716501, 222.554077, 1.000073
5, 251,18,72.710503, 72.712914, 119.125107, 61.068508,19.716501, 222.554077, 0.999967
5, 251,19,214.199692, 214.195847, 119.125107, 61.068508,19.716501, 222.554077, 1.000018
5, 251,20,69.185722, 69.181015, 119.125107, 61.068508,19.716501, 222.554077, 1.000068
5, 251,21,102.945030, 102.951042, 119.125107, 61.068508,19.716501, 222.554077, 0.999942
5, 251,22,222.554077, 222.548233, 119.125107, 61.068508,19.716501, 222.554077, 1.000026
5, 251,23,71.360703, 71.350891, 119.125107, 61.068508,19.716501, 222.554077, 1.000138
5, 251,24,25.917269, 25.930267, 119.125107, 61.068508,19.716501, 222.554077, 0.999499
5, 251,25,84.545715, 84.550446, 119.125107, 61.068508,19.716501, 222.554077, 0.999944
5, 251,26,162.039383, 162.031906, 119.125107, 61.068508,19.716501, 222.554077, 1.000046
5, 251,27,92.846428, 92.849411, 119.125107, 61.068508,19.716501, 222.554077, 0.999968
5, 251,28,213.029358, 213.027451, 119.125107, 61.068508,19.716501, 222.554077, 1.000009
5, 251,29,110.624672, 110.622406, 119.125107, 61.068508,19.716501, 222.554077, 1.000021
5, 251,30,202.277527, 202.271515, 119.125107, 61.068508,19.716501, 222.554077, 1.000030
5, 251,31,100.891304, 100.894661, 119.125107, 61.068508,19.716501, 222.554077, 0.999967
5, 252,0,103.448090, 103.444466, 119.123512, 60.661560,13.804238, 234.384995, 1.000035
5, 252,1,40.123909, 40.138481, 119.123512, 60.661560,13.804238, 234.384995, 0.999637
5, 252,2,173.441956, 173.457092, 119.123512, 60.661560,13.804238, 234.384995, 0.999913
5, 252,3,130.868729, 130.871307, 119.123512, 60.661560,13.804238, 234.384995, 0.999980
5, 252,4,93.431679, 93.439705, 119.123512, 60.661560,13.804238, 234.384995, 0.999914
5, 252,5,128.436951, 128.449463, 119.123512, 60.661560,13.804238, 234.384995, 0.999903
5, 252,6,52.034897, 52.033794, 119.123512, 60.661560,13.804238, 234.384995, 1.000021
5, 252,7,13.804238, 13.808709, 119.123512, 60.661560,13.804238, 234.384995, 0.999676
5, 252,8,232.214615, 232.216095, 119.123512, 60.661560,13.804238, 234.384995, 0.999994
5, 252,9,118.409981, 118.417107, 119.123512, 60.661560,13.804238, 234.384995, 0.999940
5, 252,10,234.384995, 234.382645, 119.123512, 60.661560,13.804238, 234.384995, 1.000010
5, 252,11,96.803024, 96.786125, 119.123512, 60.661560,13.804238, 234.384995, 1.000175
5, 252,12,33.089073, 33.107552, 119.123512, 60.661560,13.804238, 234.384995, 0.999442
5, 252,13,172.755737, 172.753311, 119.123512, 60.661560,13.804238, 234.384995, 1.000014
5, 252,14,167.542923, 167.543945, 119.123512, 60.661560,13.804238, 234.384995, 0.999994
5, 252,15,85.193550, 85.187500, 119.123512, 60.661560,13.804238, 234.384995, 1.000071
5, 252,16,22.874146, 22.875092, 119.123512, 60.661560,13.804238, 234.384995, 0.999959
5, 252,17,121.759682, 121.749725, 119.123512, 60.661560,13.804238, 234.384995, 1.000082
5, 252,18,85.632980, 85.635994, 119.123512, 60.661560,13.804238, 234.384995, 0.999965
5, 252,19,214.715515, 214.725006, 119.123512, 60.661560,13.804238, 234.384995, 0.999956
5, 252,20,184.648026, 184.662430, 119.123512, 60.661560,13.804238, 234.384995, 0.999922
5, 252,21,92.927872, 92.922218, 119.123512, 60.661560,13.804238, 234.384995, 1.000061
5, 252,22,166.622040, 166.626266, 119.123512, 60.661560,13.804238, 234.384995, 0.999975
5, 252,23,191.796036, 191.796860, 119.123512, 60.661560,13.804238, 234.384995, 0.999996
5, 252,24,113.045845, 113.035240, 119.123512, 60.661560,13.804238, 234.384995, 1.000094
5, 252,25,74.146706, 74.154671, 119.123512, 60.661560,13.804238, 234.384995, 0.999893
5, 252,26,175.390518, 175.375244, 119.123512, 60.661560,13.804238, 234.384995, 1.000087
5, 252,27,66.638954, 66.633850, 119.123512, 60.661560,13.804238, 234.384995, 1.000077
5, 252,28,153.311539, 153.316483, 119.123512, 60.661560,13.804238, 234.384995, 0.999968
5, 252,29,141.498596, 141.510864, 119.123512, 60.661560,13.804238, 234.384995, 0.999913
5, 252,30,52.074032, 52.061398, 119.123512, 60.661560,13.804238, 234.384995, 1.000243
5, 252,31,78.885361, 78.881058, 119.123512, 60.661560,13.804238, 234.384995, 1.000055
5, 253,0,204.016098, 204.007141, 119.124870, 60.982971,13.668712, 240.917358, 1.000044
5, 253,1,31.078491, 31.071430, 119.124870, 60.982971,13.668712, 240.917358, 1.000227
5, 253,2,216.649979, 216.642853, 119.124870, 60.982971,13.668712, 240.917358, 1.000033
5, 253,3,20.003302, 19.992857, 119.124870, 60.982971,13.668712, 240.917358, 1.000522
5, 253,4,161.432953, 161.428574, 119.124870, 60.982971,13.668712, 240.917358, 1.000027
5, 253,5,240.917358, 240.914291, 119.124870, 60.982971,13.668712, 240.917358, 1.000013
5, 253,6,197.003784, 197.007141, 119.124870, 60.982971,13.668712, 240.917358, 0.999983
5, 253,7,127.645706, 127.642860, 119.124870, 60.982971,13.668712, 240.917358, 1.000022
5, 253,8,142.544693, 142.514297, 119.124870, 60.982971,13.668712, 240.917358, 1.000213
5, 253,9,141.194855, 141.200012, 119.124870, 60.982971,13.668712, 240.917358, 0.999963
5, 253,10,102.966385, 102.957146, 119.124870, 60.982971,13.668712, 240.917358, 1.000090
5, 253,11,198.293350, 198.285721, 119.124870, 60.982971,13.668712, 240.917358, 1.000039
5, 253,12,57.213715, 57.221428, 119.124870, 60.982971,13.668712, 240.917358, 0.999865
5, 253,13,136.491669, 136.500000, 119.124870, 60.982971,13.668712, 240.917358, 0.999939
5, 253,14,72.666496, 72.657150, 119.124870, 60.982971,13.668712, 240.917358, 1.000129
5, 253,15,91.808281, 91.821434, 119.124870, 60.982971,13.668712, 240.917358, 0.999857
5, 253,16,87.727737, 87.742859, 119.124870, 60.982971,13.668712, 240.917358, 0.999828
5, 253,17,43.398731, 43.385715, 119.124870, 60.982971,13.668712, 240.917358, 1.000300
5, 253,18,152.291458, 152.307144, 119.124870, 60.982971,13.668712, 240.917358, 0.999897
5, 253,19,128.754990, 128.764282, 119.124870, 60.982971,13.668712, 240.917358, 0.999928
5, 253,20,118.858826, 118.871429, 119.124870, 60.982971,13.668712, 240.917358, 0.999894
5, 253,21,126.199783, 126.207138, 119.124870, 60.982971,13.668712, 240.917358, 0.999942
5, 253,22,143.703857, 143.699997, 119.124870, 60.982971,13.668712, 240.917358, 1.000027
5, 253,23,172.381104, 172.378571, 119.124870, 60.982971,13.668712, 240.917358, 1.000015
5, 253,24,63.080482, 63.085720, 119.124870, 60.982971,13.668712, 240.917358, 0.999917
5, 253,25,151.179352, 151.185715, 119.124870, 60.982971,13.668712, 240.917358, 0.999958
5, 253,26,13.668712, 13.664286, 119.124870, 60.982971,13.668712, 240.917358, 1.000324
5, 253,27,68.129082, 68.157150, 119.124870, 60.982971,13.668712, 240.917358, 0.999588
5, 253,28,92.807648, 92.792862, 119.124870, 60.982971,13.668712, 240.917358, 1.000159
5, 253,29,123.233696, 123.242859, 119.124870, 60.982971,13.668712, 240.917358, 0.999926
5, 253,30,170.389877, 170.385727, 119.124870, 60.982971,13.668712, 240.917358, 1.000024
5, 253,31,14.263139, 14.264286, 119.124870, 60.982971,13.668712, 240.917358, 0.999920
5, 254,0,144.691956, 144.690308, 119.125938, 68.915756,14.670931, 236.993515, 1.000011
5, 254,1,168.962296, 168.968460, 119.125938, 68.915756,14.670931, 236.993515, 0.999964
5, 254,2,93.476265, 93.488533, 119.125938, 68.915756,14.670931, 236.993515, 0.999869
5, 254,3,21.883936, 21.886772, 119.125938, 68.915756,14.670931, 236.993515, 0.999870
5, 254,4,41.032047, 41.025269, 119.125938, 68.915756,14.670931, 236.993515, 1.000165
5, 254,5,178.825607, 178.836853, 119.125938, 68.915756,14.670931, 236.993515, 0.999937
5, 254,6,236.993515, 237.002029, 119.125938, 68.915756,14.670931, 236.993515, 0.999964
5, 254,7,81.873703, 81.882896, 119.125938, 68.915756,14.670931, 236.993515, 0.999888
5, 254,8,83.989319, 83.973351, 119.125938, 68.915756,14.670931, 236.993515, 1.000190
5, 254,9,202.856979, 202.848282, 119.125938, 68.915756,14.670931, 236.993515, 1.000043
5, 254,10,75.935524, 75.935898, 119.125938, 68.915756,14.670931, 236.993515, 0.999995
5, 254,11,195.980011, 195.985794, 119.125938, 68.915756,14.670931, 236.993515, 0.999970
5, 254,12,159.237244, 159.237000, 119.125938, 68.915756,14.670931, 236.993515, 1.000002
5, 254,13,84.858292, 84.859993, 119.125938, 68.915756,14.670931, 236.993515, 0.999980
5, 254,14,40.572567, 40.556717, 119.125938, 68.915756,14.670931, 236.993515, 1.000391
5, 254,15,14.670931, 14.663881, 119.125938, 68.915756,14.670931, 236.993515, 1.000481
5, 254,16,26.989784, 26.990370, 119.125938, 68.915756,14.670931, 236.993515, 0.999978
5, 254,17,39.744415, 39.734951, 119.125938, 68.915756,14.670931, 236.993515, 1.000238
5, 254,18,173.286224, 173.293533, 119.125938, 68.915756,14.670931, 236.993515, 0.999958
5, 254,19,65.863724, 65.858459, 119.125938, 68.915756,14.670931, 236.993515, 1.000080
5, 254,20,35.160519, 35.157570, 119.125938, 68.915756,14.670931, 236.993515, 1.000084
5, 254,21,196.565155, 196.569687, 119.125938, 68.915756,14.670931, 236.993515, 0.999977
5, 254,22,229.566391, 229.562866, 119.125938, 68.915756,14.670931, 236.993515, 1.000015
5, 254,23,64.787460, 64.791603, 119.125938, 68.915756,14.670931, 236.993515, 0.999936
5, 254,24,196.297577, 196.288559, 119.125938, 68.915756,14.670931, 236.993515, 1.000046
5, 254,25,90.622856, 90.619568, 119.125938, 68.915756,14.670931, 236.993515, 1.000036
5, 254,26,168.448425, 168.449432, 119.125938, 68.915756,14.670931, 236.993515, 0.999994
5, 254,27,69.723228, 69.714996, 119.125938, 68.915756,14.670931, 236.993515, 1.000118
5, 254,28,174.673233, 174.670349, 119.125938, 68.915756,14.670931, 236.993515, 1.000017
5, 254,29,148.781662, 148.770309, 119.125938, 68.915756,14.670931, 236.993515, 1.000076
5, 254,30,95.754608, 95.751999, 119.125938, 68.915756,14.670931, 236.993515, 1.000027
5, 254,31,209.924805, 209.934204, 119.125938, 68.915756,14.670931, 236.993515, 0.999955
5, 255,0,13.734256, 13.728121, 119.126205, 62.440289,13.734256, 235.042847, 1.000447
5, 255,1,235.042847, 235.054260, 119.126205, 62.440289,13.734256, 235.042847, 0.999951
5, 255,2,20.648415, 20.659666, 119.126205, 62.440289,13.734256, 235.042847, 0.999455
5, 255,3,25.949587, 25.941172, 119.126205, 62.440289,13.734256, 235.042847, 1.000324
5, 255,4,130.633835, 130.639252, 119.126205, 62.440289,13.734256, 235.042847, 0.999959
5, 255,5,196.640152, 196.647705, 119.126205, 62.440289,13.734256, 235.042847, 0.999962
5, 255,6,139.578415, 139.566025, 119.126205, 62.440289,13.734256, 235.042847, 1.000089
5, 255,7,229.431992, 229.434464, 119.126205, 62.440289,13.734256, 235.042847, 0.999989
5, 255,8,197.674026, 197.676407, 119.126205, 62.440289,13.734256, 235.042847, 0.999988
5, 255,9,163.854996, 163.860947, 119.126205, 62.440289,13.734256, 235.042847, 0.999964
5, 255,10,143.441910, 143.432220, 119.126205, 62.440289,13.734256, 235.042847, 1.000068
5, 255,11,174.799530, 174.789871, 119.126205, 62.440289,13.734256, 235.042847, 1.000055
5, 255,12,112.928108, 112.944481, 119.126205, 62.440289,13.734256, 235.042847, 0.999855
5, 255,13,35.104118, 35.095779, 119.126205, 62.440289,13.734256, 235.042847, 1.000238
5, 255,14,88.384544, 88.387207, 119.126205, 62.440289,13.734256, 235.042847, 0.999970
5, 255,15,100.249893, 100.241249, 119.126205, 62.440289,13.734256, 235.042847, 1.000086
5, 255,16,91.101280, 91.107353, 119.126205, 62.440289,13.734256, 235.042847, 0.999933
5, 255,17,111.170387, 111.163261, 119.126205, 62.440289,13.734256, 235.042847, 1.000064
5, 255,18,196.632278, 196.626984, 119.126205, 62.440289,13.734256, 235.042847, 1.000027
5, 255,19,150.555878, 150.543274, 119.126205, 62.440289,13.734256, 235.042847, 1.000084
5, 255,20,91.639053, 91.638962, 119.126205, 62.440289,13.734256, 235.042847, 1.000001
5, 255,21,123.997032, 123.997673, 119.126205, 62.440289,13.734256, 235.042847, 0.999995
5, 255,22,65.726044, 65.735413, 119.126205, 62.440289,13.734256, 235.042847, 0.999857
5, 255,23,62.574032, 62.573414, 119.126205, 62.440289,13.734256, 235.042847, 1.000010
5, 255,24,224.954239, 224.953812, 119.126205, 62.440289,13.734256, 235.042847, 1.000002
5, 255,25,82.752586, 82.746689, 119.126205, 62.440289,13.734256, 235.042847, 1.000071
5, 255,26,117.782440, 117.777229, 119.126205, 62.440289,13.734256, 235.042847, 1.000044
5, 255,27,49.555031, 49.552608, 119.126205, 62.440289,13.734256, 235.042847, 1.000049
5, 255,28,50.717831, 50.719372, 119.126205, 62.440289,13.734256, 235.042847, 0.999970
5, 255,29,144.658234, 144.633514, 119.126205, 62.440289,13.734256, 235.042847, 1.000171
5, 255,30,91.948654, 91.949631, 119.126205, 62.440289,13.734256, 235.042847, 0.999989
5, 255,31,148.176834, 148.182129, 119.126205, 62.440289,13.734256, 235.042847, 0.999964
5, 256,0,202.657623, 202.653412, 119.126740, 66.315407,18.096935, 208.513809, 1.000021
5, 256,1,201.888260, 201.876114, 119.126740, 66.315407,18.096935, 208.513809, 1.000060
5, 256,2,117.613640, 117.625336, 119.126740, 66.315407,18.096935, 208.513809, 0.999901
5, 256,3,140.860168, 140.851822, 119.126740, 66.315407,18.096935, 208.513809, 1.000059
5, 256,4,105.049637, 105.052803, 119.126740, 66.315407,18.096935, 208.513809, 0.999970
5, 256,5,154.549973, 154.540970, 119.126740, 66.315407,18.096935, 208.513809, 1.000058
5, 256,6,149.659943, 149.673584, 119.126740, 66.315407,18.096935, 208.513809, 0.999909
5, 256,7,127.011612, 127.026978, 119.126740, 66.315407,18.096935, 208.513809, 0.999879
5, 256,8,35.753181, 35.755806, 119.126740, 66.315407,18.096935, 208.513809, 0.999927
5, 256,9,83.901894, 83.917610, 119.126740, 66.315407,18.096935, 208.513809, 0.999813
5, 256,10,199.380920, 199.377655, 119.126740, 66.315407,18.096935, 208.513809, 1.000016
5, 256,11,21.057945, 21.036438, 119.126740, 66.315407,18.096935, 208.513809, 1.001022
5, 256,12,139.482132, 139.482300, 119.126740, 66.315407,18.096935, 208.513809, 0.999999
5, 256,13,63.686302, 63.683117, 119.126740, 66.315407,18.096935, 208.513809, 1.000050
5, 256,14,38.308464, 38.309792, 119.126740, 66.315407,18.096935, 208.513809, 0.999965
5, 256,15,24.987230, 24.996975, 119.126740, 66.315407,18.096935, 208.513809, 0.999610
5, 256,16,147.559296, 147.551422, 119.126740, 66.315407,18.096935, 208.513809, 1.000053
5, 256,17,190.103577, 190.099380, 119.126740, 66.315407,18.096935, 208.513809, 1.000022
5, 256,18,193.095215, 193.072876, 119.126740, 66.315407,18.096935, 208.513809, 1.000116
5, 256,19,54.784504, 54.781170, 119.126740, 66.315407,18.096935, 208.513809, 1.000061
5, 256,20,171.472748, 171.481186, 119.126740, 66.315407,18.096935, 208.513809, 0.999951
5, 256,21,45.794083, 45.786690, 119.126740, 66.315407,18.096935, 208.513809, 1.000161
5, 256,22,41.688419, 41.690437, 119.126740, 66.315407,18.096935, 208.513809, 0.999952
5, 256,23,18.096935, 18.093800, 119.126740, 66.315407,18.096935, 208.513809, 1.000173
5, 256,24,197.278427, 197.261658, 119.126740, 66.315407,18.096935, 208.513809, 1.000085
5, 256,25,40.081165, 40.067978, 119.126740, 66.315407,18.096935, 208.513809, 1.000329
5, 256,26,185.516052, 185.521957, 119.126740, 66.315407,18.096935, 208.513809, 0.999968
5, 256,27,203.496872, 203.498581, 119.126740, 66.315407,18.096935, 208.513809, 0.999992
5, 256,28,55.358925, 55.367233, 119.126740, 66.315407,18.096935, 208.513809, 0.999850
5, 256,29,109.111031, 109.112038, 119.126740, 66.315407,18.096935, 208.513809, 0.999991
5, 256,30,208.513809, 208.495514, 119.126740, 66.315407,18.096935, 208.513809, 1.000088
5, 256,31,144.255737, 144.257141, 119.126740, 66.315407,18.096935, 208.513809, 0.999990
5, 257,0,137.138901, 137.143402, 119.124527, 63.047989,15.085566, 218.772476, 0.999967
5, 257,1,56.995281, 56.990582, 119.124527, 63.047989,15.085566, 218.772476, 1.000082
5, 257,2,17.615194, 17.610003, 119.124527, 63.047989,15.085566, 218.772476, 1.000295
5, 257,3,89.248314, 89.249931, 119.124527, 63.047989,15.085566, 218.772476, 0.999982
5, 257,4,113.635658, 113.627731, 119.124527, 63.047989,15.085566, 218.772476, 1.000070
5, 257,5,24.166517, 24.167774, 119.124527, 63.047989,15.085566, 218.772476, 0.999948
5, 257,6,127.623909, 127.639374, 119.124527, 63.047989,15.085566, 218.772476, 0.999879
5, 257,7,175.022934, 175.016907, 119.124527, 63.047989,15.085566, 218.772476, 1.000034
5, 257,8,148.997910, 148.989471, 119.124527, 63.047989,15.085566, 218.772476, 1.000057
5, 257,9,203.174469, 203.182739, 119.124527, 63.047989,15.085566, 218.772476, 0.999959
5, 257,10,139.923370, 139.926712, 119.124527, 63.047989,15.085566, 218.772476, 0.999976
5, 257,11,59.867138, 59.862148, 119.124527, 63.047989,15.085566, 218.772476, 1.000083
5, 257,12,24.122847, 24.127045, 119.124527, 63.047989,15.085566, 218.772476, 0.999826
5, 257,13,100.090752, 100.098091, 119.124527, 63.047989,15.085566, 218.772476, 0.999927
5, 257,14,207.360123, 207.350922, 119.124527, 63.047989,15.085566, 218.772476, 1.000044
5, 257,15,46.499439, 46.495426, 119.124527, 63.047989,15.085566, 218.772476, 1.000086
5, 257,16,217.448822, 217.438751, 119.124527, 63.047989,15.085566, 218.772476, 1.000046
5, 257,17,15.085566, 15.077861, 119.124527, 63.047989,15.085566, 218.772476, 1.000511
5, 257,18,118.181763, 118.182877, 119.124527, 63.047989,15.085566, 218.772476, 0.999991
5, 257,19,149.760605, 149.770157, 119.124527, 63.047989,15.085566, 218.772476, 0.999936
5, 257,20,209.577499, 209.570786, 119.124527, 63.047989,15.085566, 218.772476, 1.000032
5, 257,21,149.869156, 149.871979, 119.124527, 63.047989,15.085566, 218.772476, 0.999981
5, 257,22,110.541801, 110.538933, 119.124527, 63.047989,15.085566, 218.772476, 1.000026
5, 257,23,128.137680, 128.141724, 119.124527, 63.047989,15.085566, 218.772476, 0.999968
5, 257,24,85.313179, 85.319344, 119.124527, 63.047989,15.085566, 218.772476, 0.999928
5, 257,25,56.441540, 56.440704, 119.124527, 63.047989,15.085566, 218.772476, 1.000015
5, 257,26,218.772476, 218.762543, 119.124527, 63.047989,15.085566, 218.772476, 1.000045
5, 257,27,137.640152, 137.645752, 119.124527, 63.047989,15.085566, 218.772476, 0.999959
5, 257,28,45.323135, 45.321003, 119.124527, 63.047989,15.085566, 218.772476, 1.000047
5, 257,29,129.663986, 129.669159, 119.124527, 63.047989,15.085566, 218.772476, 0.999960
5, 257,30,160.680801, 160.686203, 119.124527, 63.047989,15.085566, 218.772476, 0.999966
5, 257,31,208.063660, 208.084091, 119.124527, 63.047989,15.085566, 218.772476, 0.999902
5, 258,0,126.333443, 126.336784, 119.124634, 71.468109,17.362482, 248.911819, 0.999974
5, 258,1,68.718567, 68.727486, 119.124634, 71.468109,17.362482, 248.911819, 0.999870
5, 258,2,117.351707, 117.353508, 119.124634, 71.468109,17.362482, 248.911819, 0.999985
5, 258,3,209.023911, 209.052399, 119.124634, 71.468109,17.362482, 248.911819, 0.999864
5, 258,4,245.241104, 245.227249, 119.124634, 71.468109,17.362482, 248.911819, 1.000057
5, 258,5,215.790329, 215.791748, 119.124634, 71.468109,17.362482, 248.911819, 0.999993
5, 258,6,122.838036, 122.831116, 119.124634, 71.468109,17.362482, 248.911819, 1.000056
5, 258,7,158.655212, 158.650864, 119.124634, 71.468109,17.362482, 248.911819, 1.000027
5, 258,8,46.221230, 46.220196, 119.124634, 71.468109,17.362482, 248.911819, 1.000022
5, 258,9,248.911819, 248.921814, 119.124634, 71.468109,17.362482, 248.911819, 0.999960
5, 258,10,121.861343, 121.848923, 119.124634, 71.468109,17.362482, 248.911819, 1.000102
5, 258,11,189.876556, 189.884552, 119.124634, 71.468109,17.362482, 248.911819, 0.999958
5, 258,12,135.124619, 135.123627, 119.124634, 71.468109,17.362482, 248.911819, 1.000007
5, 258,13,117.674294, 117.670830, 119.124634, 71.468109,17.362482, 248.911819, 1.000029
5, 258,14,40.059410, 40.055054, 119.124634, 71.468109,17.362482, 248.911819, 1.000109
5, 258,15,88.771042, 88.771744, 119.124634, 71.468109,17.362482, 248.911819, 0.999992
5, 258,16,112.922714, 112.918541, 119.124634, 71.468109,17.362482, 248.911819, 1.000037
5, 258,17,56.982334, 56.986523, 119.124634, 71.468109,17.362482, 248.911819, 0.999927
5, 258,18,202.180481, 202.184616, 119.124634, 71.468109,17.362482, 248.911819, 0.999980
5, 258,19,124.895988, 124.886154, 119.124634, 71.468109,17.362482, 248.911819, 1.000079
5, 258,20,19.635719, 19.633030, 119.124634, 71.468109,17.362482, 248.911819, 1.000137
5, 258,21,247.657761, 247.667633, 119.124634, 71.468109,17.362482, 248.911819, 0.999960
5, 258,22,29.691313, 29.689157, 119.124634, 71.468109,17.362482, 248.911819, 1.000073
5, 258,23,37.984367, 37.992455, 119.124634, 71.468109,17.362482, 248.911819, 0.999787
5, 258,24,63.098827, 63.098774, 119.124634, 71.468109,17.362482, 248.911819, 1.000001
5, 258,25,175.628632, 175.612564, 119.124634, 71.468109,17.362482, 248.911819, 1.000092
5, 258,26,117.769440, 117.761497, 119.124634, 71.468109,17.362482, 248.911819, 1.000067
5, 258,27,17.362482, 17.366436, 119.124634, 71.468109,17.362482, 248.911819, 0.999772
5, 258,28,63.885532, 63.892082, 119.124634, 71.468109,17.362482, 248.911819, 0.999897
5, 258,29,80.369011, 80.370224, 119.124634, 71.468109,17.362482, 248.911819, 0.999985
5, 258,30,24.917204, 24.914198, 119.124634, 71.468109,17.362482, 248.911819, 1.000121
5, 258,31,184.553619, 184.558060, 119.124634, 71.468109,17.362482, 248.911819, 0.999976
5, 259,0,144.824173, 144.829575, 119.126389, 55.917080,21.261715, 216.156982, 0.999963
5, 259,1,64.716400, 64.716553, 119.126389, 55.917080,21.261715, 216.156982, 0.999998
5, 259,2,65.403328, 65.397827, 119.126389, 55.917080,21.261715, 216.156982, 1.000084
5, 259,3,139.947144, 139.928177, 119.126389, 55.917080,21.261715, 216.156982, 1.000136
5, 259,4,63.572193, 63.581097, 119.126389, 55.917080,21.261715, 216.156982, 0.999860
5, 259,5,63.565731, 63.562172, 119.126389, 55.917080,21.261715, 216.156982, 1.000056
5, 259,6,216.156982, 216.161697, 119.126389, 55.917080,21.261715, 216.156982, 0.999978
5, 259,7,181.129166, 181.132751, 119.126389, 55.917080,21.261715, 216.156982, 0.999980
5, 259,8,200.701523, 200.694199, 119.126389, 55.917080,21.261715, 216.156982, 1.000036
5, 259,9,54.115070, 54.106316, 119.126389, 55.917080,21.261715, 216.156982, 1.000162
5, 259,10,34.047222, 34.040215, 119.126389, 55.917080,21.261715, 216.156982, 1.000206
5, 259,11,27.072195, 27.076057, 119.126389, 55.917080,21.261715, 216.156982, 0.999857
5, 259,12,145.192596, 145.189148, 119.126389, 55.917080,21.261715, 216.156982, 1.000024
5, 259,13,122.027641, 122.019440, 119.126389, 55.917080,21.261715, 216.156982, 1.000067
5, 259,14,120.037430, 120.038704, 119.126389, 55.917080,21.261715, 216.156982, 0.999989
5, 259,15,158.289810, 158.291077, 119.126389, 55.917080,21.261715, 216.156982, 0.999992
5, 259,16,183.094131, 183.088272, 119.126389, 55.917080,21.261715, 216.156982, 1.000032
5, 259,17,117.487144, 117.483902, 119.126389, 55.917080,21.261715, 216.156982, 1.000028
5, 259,18,142.498322, 142.495575, 119.126389, 55.917080,21.261715, 216.156982, 1.000019
5, 259,19,89.015953, 89.002785, 119.126389, 55.917080,21.261715, 216.156982, 1.000148
5, 259,20,116.136917, 116.121361, 119.126389, 55.917080,21.261715, 216.156982, 1.000134
5, 259,21,124.236359, 124.252518, 119.126389, 55.917080,21.261715, 216.156982, 0.999870
5, 259,22,39.576454, 39.591351, 119.126389, 55.917080,21.261715, 216.156982, 0.999624
5, 259,23,159.804184, 159.792404, 119.126389, 55.917080,21.261715, 216.156982, 1.000074
5, 259,24,214.193558, 214.187256, 119.126389, 55.917080,21.261715, 216.156982, 1.000029
5, 259,25,108.735634, 108.740868, 119.126389, 55.917080,21.261715, 216.156982, 0.999952
5, 259,26,167.764221, 167.759552, 119.126389, 55.917080,21.261715, 216.156982, 1.000028
5, 259,27,84.714012, 84.706963, 119.126389, 55.917080,21.261715, 216.156982, 1.000083
5, 259,28,122.038765, 122.038368, 119.126389, 55.917080,21.261715, 216.156982, 1.000003
5, 259,29,125.026566, 125.034714, 119.126389, 55.917080,21.261715, 216.156982, 0.999935
5, 259,30,195.661774, 195.679260, 119.126389, 55.917080,21.261715, 216.156982, 0.999911
5, 259,31,21.261715, 21.259979, 119.126389, 55.917080,21.261715, 216.156982, 1.000082
5, 260,0,115.808151, 115.795616, 119.126076, 59.945053,23.528419, 206.577728, 1.000108
5, 260,1,72.485184, 72.485077, 119.126076, 59.945053,23.528419, 206.577728, 1.000001
5, 260,2,156.160080, 156.170776, 119.126076, 59.945053,23.528419, 206.577728, 0.999932
5, 260,3,109.785042, 109.790604, 119.126076, 59.945053,23.528419, 206.577728, 0.999949
5, 260,4,137.077103, 137.087769, 119.126076, 59.945053,23.528419, 206.577728, 0.999922
5, 260,5,183.996323, 183.986664, 119.126076, 59.945053,23.528419, 206.577728, 1.000052
5, 260,6,177.076294, 177.084564, 119.126076, 59.945053,23.528419, 206.577728, 0.999953
5, 260,7,135.685242, 135.702469, 119.126076, 59.945053,23.528419, 206.577728, 0.999873
5, 260,8,128.104294, 128.086349, 119.126076, 59.945053,23.528419, 206.577728, 1.000140
5, 260,9,200.484589, 200.476044, 119.126076, 59.945053,23.528419, 206.577728, 1.000043
5, 260,10,172.044083, 172.043777, 119.126076, 59.945053,23.528419, 206.577728, 1.000002
5, 260,11,178.838058, 178.836029, 119.126076, 59.945053,23.528419, 206.577728, 1.000011
5, 260,12,30.675779, 30.663588, 119.126076, 59.945053,23.528419, 206.577728, 1.000398
5, 260,13,48.836071, 48.818985, 119.126076, 59.945053,23.528419, 206.577728, 1.000350
5, 260,14,203.165756, 203.173431, 119.126076, 59.945053,23.528419, 206.577728, 0.999962
5, 260,15,24.768492, 24.780628, 119.126076, 59.945053,23.528419, 206.577728, 0.999510
5, 260,16,72.174767, 72.179939, 119.126076, 59.945053,23.528419, 206.577728, 0.999928
5, 260,17,194.554352, 194.544266, 119.126076, 59.945053,23.528419, 206.577728, 1.000052
5, 260,18,130.417847, 130.411469, 119.126076, 59.945053,23.528419, 206.577728, 1.000049
5, 260,19,23.528419, 23.517380, 119.126076, 59.945053,23.528419, 206.577728, 1.000469
5, 260,20,113.222893, 113.226395, 119.126076, 59.945053,23.528419, 206.577728, 0.999969
5, 260,21,24.072306, 24.066618, 119.126076, 59.945053,23.528419, 206.577728, 1.000236
5, 260,22,190.559357, 190.553131, 119.126076, 59.945053,23.528419, 206.577728, 1.000033
5, 260,23,177.150970, 177.145599, 119.126076, 59.945053,23.528419, 206.577728, 1.000030
5, 260,24,109.714607, 109.729584, 119.126076, 59.945053,23.528419, 206.577728, 0.999864
5, 260,25,82.942757, 82.951126, 119.126076, 59.945053,23.528419, 206.577728, 0.999899
5, 260,26,206.577728, 206.584793, 119.126076, 59.945053,23.528419, 206.577728, 0.999966
5, 260,27,137.288986, 137.264755, 119.126076, 59.945053,23.528419, 206.577728, 1.000177
5, 260,28,45.773926, 45.767658, 119.126076, 59.945053,23.528419, 206.577728, 1.000137
5, 260,29,102.664902, 102.674911, 119.126076, 59.945053,23.528419, 206.577728, 0.999902
5, 260,30,33.120739, 33.116856, 119.126076, 59.945053,23.528419, 206.577728, 1.000117
5, 260,31,93.279305, 93.282913, 119.126076, 59.945053,23.528419, 206.577728, 0.999961
5, 261,0,207.517258, 207.518951, 119.125824, 62.397686,27.594950, 224.026917, 0.999992
5, 261,1,48.891228, 48.905548, 119.125824, 62.397686,27.594950, 224.026917, 0.999707
5, 261,2,154.824112, 154.827499, 119.125824, 62.397686,27.594950, 224.026917, 0.999978
5, 261,3,34.960762, 34.968445, 119.125824, 62.397686,27.594950, 224.026917, 0.999780
5, 261,4,59.073021, 59.062534, 119.125824, 62.397686,27.594950, 224.026917, 1.000178
5, 261,5,110.815308, 110.813881, 119.125824, 62.397686,27.594950, 224.026917, 1.000013
5, 261,6,184.149597, 184.148010, 119.125824, 62.397686,27.594950, 224.026917, 1.000009
5, 261,7,168.995346, 169.001282, 119.125824, 62.397686,27.594950, 224.026917, 0.999965
5, 261,8,51.651413, 51.666672, 119.125824, 62.397686,27.594950, 224.026917, 0.999705
5, 261,9,75.247925, 75.241402, 119.125824, 62.397686,27.594950, 224.026917, 1.000087
5, 261,10,101.061867, 101.077644, 119.125824, 62.397686,27.594950, 224.026917, 0.999844
5, 261,11,138.143097, 138.142441, 119.125824, 62.397686,27.594950, 224.026917, 1.000005
5, 261,12,86.185722, 86.174141, 119.125824, 62.397686,27.594950, 224.026917, 1.000134
5, 261,13,40.330612, 40.319767, 119.125824, 62.397686,27.594950, 224.026917, 1.000269
5, 261,14,101.458496, 101.458939, 119.125824, 62.397686,27.594950, 224.026917, 0.999996
5, 261,15,145.971130, 145.965622, 119.125824, 62.397686,27.594950, 224.026917, 1.000038
5, 261,16,86.744072, 86.746094, 119.125824, 62.397686,27.594950, 224.026917, 0.999977
5, 261,17,29.187916, 29.183237, 119.125824, 62.397686,27.594950, 224.026917, 1.000160
5, 261,18,190.448776, 190.459152, 119.125824, 62.397686,27.594950, 224.026917, 0.999946
5, 261,19,60.939777, 60.916439, 119.125824, 62.397686,27.594950, 224.026917, 1.000383
5, 261,20,42.116783, 42.121071, 119.125824, 62.397686,27.594950, 224.026917, 0.999898
5, 261,21,108.545044, 108.539246, 119.125824, 62.397686,27.594950, 224.026917, 1.000053
5, 261,22,176.961868, 176.949371, 119.125824, 62.397686,27.594950, 224.026917, 1.000071
5, 261,23,106.474518, 106.468407, 119.125824, 62.397686,27.594950, 224.026917, 1.000057
5, 261,24,224.026917, 224.026535, 119.125824, 62.397686,27.594950, 224.026917, 1.000002
5, 261,25,191.227371, 191.221756, 119.125824, 62.397686,27.594950, 224.026917, 1.000029
5, 261,26,184.899216, 184.897476, 119.125824, 62.397686,27.594950, 224.026917, 1.000009
5, 261,27,215.428513, 215.434174, 119.125824, 62.397686,27.594950, 224.026917, 0.999974
5, 261,28,27.594950, 27.592302, 119.125824, 62.397686,27.594950, 224.026917, 1.000096
5, 261,29,95.068123, 95.068901, 119.125824, 62.397686,27.594950, 224.026917, 0.999992
5, 261,30,180.715698, 180.722916, 119.125824, 62.397686,27.594950, 224.026917, 0.999960
5, 261,31,182.370560, 182.359863, 119.125824, 62.397686,27.594950, 224.026917, 1.000059
5, 262,0,20.771353, 20.780245, 119.123650, 82.238159,16.141127, 274.317780, 0.999572
5, 262,1,135.473099, 135.469116, 119.123650, 82.238159,16.141127, 274.317780, 1.000029
5, 262,2,176.650589, 176.643204, 119.123650, 82.238159,16.141127, 274.317780, 1.000042
5, 262,3,68.739075, 68.738731, 119.123650, 82.238159,16.141127, 274.317780, 1.000005
5, 262,4,35.312214, 35.309769, 119.123650, 82.238159,16.141127, 274.317780, 1.000069
5, 262,5,48.476372, 48.479012, 119.123650, 82.238159,16.141127, 274.317780, 0.999946
5, 262,6,263.615173, 263.616302, 119.123650, 82.238159,16.141127, 274.317780, 0.999996
5, 262,7,127.896706, 127.902542, 119.123650, 82.238159,16.141127, 274.317780, 0.999954
5, 262,8,60.357094, 60.355984, 119.123650, 82.238159,16.141127, 274.317780, 1.000018
5, 262,9,56.232544, 56.232628, 119.123650, 82.238159,16.141127, 274.317780, 0.999999
5, 262,10,148.956711, 148.969925, 119.123650, 82.238159,16.141127, 274.317780, 0.999911
5, 262,11,274.317780, 274.311554, 119.123650, 82.238159,16.141127, 274.317780, 1.000023
5, 262,12,236.035034, 236.019562, 119.123650, 82.238159,16.141127, 274.317780, 1.000066
5, 262,13,124.853317, 124.867409, 119.123650, 82.238159,16.141127, 274.317780, 0.999887
5, 262,14,28.508253, 28.508354, 119.123650, 82.238159,16.141127, 274.317780, 0.999996
5, 262,15,55.606297, 55.611996, 119.123650, 82.238159,16.141127, 274.317780, 0.999898
5, 262,16,260.521942, 260.538635, 119.123650, 82.238159,16.141127, 274.317780, 0.999936
5, 262,17,146.670944, 146.657455, 119.123650, 82.238159,16.141127, 274.317780, 1.000092
5, 262,18,60.700420, 60.696056, 119.123650, 82.238159,16.141127, 274.317780, 1.000072
5, 262,19,187.091721, 187.100372, 119.123650, 82.238159,16.141127, 274.317780, 0.999954
5, 262,20,127.046272, 127.060875, 119.123650, 82.238159,16.141127, 274.317780, 0.999885
5, 262,21,271.785828, 271.803497, 119.123650, 82.238159,16.141127, 274.317780, 0.999935
5, 262,22,102.478203, 102.482254, 119.123650, 82.238159,16.141127, 274.317780, 0.999960
5, 262,23,35.942940, 35.930397, 119.123650, 82.238159,16.141127, 274.317780, 1.000349
5, 262,24,44.771160, 44.763737, 119.123650, 82.238159,16.141127, 274.317780, 1.000166
5, 262,25,65.514946, 65.508057, 119.123650, 82.238159,16.141127, 274.317780, 1.000105
5, 262,26,183.552246, 183.555130, 119.123650, 82.238159,16.141127, 274.317780, 0.999984
5, 262,27,133.468979, 133.471207, 119.123650, 82.238159,16.141127, 274.317780, 0.999983
5, 262,28,40.620022, 40.631874, 119.123650, 82.238159,16.141127, 274.317780, 0.999708
5, 262,29,16.141127, 16.138279, 119.123650, 82.238159,16.141127, 274.317780, 1.000176
5, 262,30,56.126820, 56.122101, 119.123650, 82.238159,16.141127, 274.317780, 1.000084
5, 262,31,217.721481, 217.723755, 119.123650, 82.238159,16.141127, 274.317780, 0.999990
5, 263,0,152.465652, 152.453857, 119.122253, 68.031555,16.648273, 275.969879, 1.000077
5, 263,1,141.785049, 141.776260, 119.122253, 68.031555,16.648273, 275.969879, 1.000062
5, 263,2,192.533279, 192.540543, 119.122253, 68.031555,16.648273, 275.969879, 0.999962
5, 263,3,158.767639, 158.764114, 119.122253, 68.031555,16.648273, 275.969879, 1.000022
5, 263,4,60.595238, 60.598232, 119.122253, 68.031555,16.648273, 275.969879, 0.999951
5, 263,5,77.184769, 77.187538, 119.122253, 68.031555,16.648273, 275.969879, 0.999964
5, 263,6,89.475349, 89.459312, 119.122253, 68.031555,16.648273, 275.969879, 1.000179
5, 263,7,141.143906, 141.153534, 119.122253, 68.031555,16.648273, 275.969879, 0.999932
5, 263,8,121.054955, 121.060371, 119.122253, 68.031555,16.648273, 275.969879, 0.999955
5, 263,9,71.127609, 71.134689, 119.122253, 68.031555,16.648273, 275.969879, 0.999900
5, 263,10,75.253769, 75.261253, 119.122253, 68.031555,16.648273, 275.969879, 0.999901
5, 263,11,160.125824, 160.134094, 119.122253, 68.031555,16.648273, 275.969879, 0.999948
5, 263,12,224.724976, 224.714508, 119.122253, 68.031555,16.648273, 275.969879, 1.000047
5, 263,13,97.242241, 97.230881, 119.122253, 68.031555,16.648273, 275.969879, 1.000117
5, 263,14,66.143227, 66.144608, 119.122253, 68.031555,16.648273, 275.969879, 0.999979
5, 263,15,275.969879, 275.976990, 119.122253, 68.031555,16.648273, 275.969879, 0.999974
5, 263,16,84.115379, 84.112213, 119.122253, 68.031555,16.648273, 275.969879, 1.000038
5, 263,17,113.499229, 113.504684, 119.122253, 68.031555,16.648273, 275.969879, 0.999952
5, 263,18,44.096573, 44.108555, 119.122253, 68.031555,16.648273, 275.969879, 0.999728
5, 263,19,22.048878, 22.055897, 119.122253, 68.031555,16.648273, 275.969879, 0.999682
5, 263,20,76.292503, 76.307426, 119.122253, 68.031555,16.648273, 275.969879, 0.999804
5, 263,21,16.648273, 16.650669, 119.122253, 68.031555,16.648273, 275.969879, 0.999856
5, 263,22,92.320747, 92.323837, 119.122253, 68.031555,16.648273, 275.969879, 0.999967
5, 263,23,237.253799, 237.276871, 119.122253, 68.031555,16.648273, 275.969879, 0.999903
5, 263,24,268.863556, 268.853027, 119.122253, 68.031555,16.648273, 275.969879, 1.000039
5, 263,25,149.372314, 149.373459, 119.122253, 68.031555,16.648273, 275.969879, 0.999992
5, 263,26,131.325180, 131.314529, 119.122253, 68.031555,16.648273, 275.969879, 1.000081
5, 263,27,82.497940, 82.509735, 119.122253, 68.031555,16.648273, 275.969879, 0.999857
5, 263,28,18.053226, 18.070477, 119.122253, 68.031555,16.648273, 275.969879, 0.999045
5, 263,29,90.858635, 90.870819, 119.122253, 68.031555,16.648273, 275.969879, 0.999866
5, 263,30,180.756317, 180.758636, 119.122253, 68.031555,16.648273, 275.969879, 0.999987
5, 263,31,98.315964, 98.318565, 119.122253, 68.031555,16.648273, 275.969879, 0.999974
5, 264,0,96.109711, 96.092087, 119.129028, 54.764336,27.159121, 214.429733, 1.000183
5, 264,1,100.175095, 100.165276, 119.129028, 54.764336,27.159121, 214.429733, 1.000098
5, 264,2,159.987427, 160.004333, 119.129028, 54.764336,27.159121, 214.429733, 0.999894
5, 264,3,204.169479, 204.163895, 119.129028, 54.764336,27.159121, 214.429733, 1.000027
5, 264,4,90.510254, 90.501938, 119.129028, 54.764336,27.159121, 214.429733, 1.000092
5, 264,5,103.518555, 103.515488, 119.129028, 54.764336,27.159121, 214.429733, 1.000030
5, 264,6,65.069771, 65.062271, 119.129028, 54.764336,27.159121, 214.429733, 1.000115
5, 264,7,61.612587, 61.608772, 119.129028, 54.764336,27.159121, 214.429733, 1.000062
5, 264,8,39.134296, 39.132004, 119.129028, 54.764336,27.159121, 214.429733, 1.000059
5, 264,9,209.513367, 209.515198, 119.129028, 54.764336,27.159121, 214.429733, 0.999991
5, 264,10,116.512047, 116.516121, 119.129028, 54.764336,27.159121, 214.429733, 0.999965
5, 264,11,27.159121, 27.138374, 119.129028, 54.764336,27.159121, 214.429733, 1.000764
5, 264,12,117.094177, 117.077713, 119.129028, 54.764336,27.159121, 214.429733, 1.000141
5, 264,13,107.018715, 107.014168, 119.129028, 54.764336,27.159121, 214.429733, 1.000042
5, 264,14,76.697021, 76.694412, 119.129028, 54.764336,27.159121, 214.429733, 1.000034
5, 264,15,202.460236, 202.459747, 119.129028, 54.764336,27.159121, 214.429733, 1.000002
5, 264,16,55.268795, 55.276287, 119.129028, 54.764336,27.159121, 214.429733, 0.999864
5, 264,17,177.789093, 177.775314, 119.129028, 54.764336,27.159121, 214.429733, 1.000077
5, 264,18,182.334229, 182.319733, 119.129028, 54.764336,27.159121, 214.429733, 1.000080
5, 264,19,67.503815, 67.508759, 119.129028, 54.764336,27.159121, 214.429733, 0.999927
5, 264,20,103.129463, 103.128181, 119.129028, 54.764336,27.159121, 214.429733, 1.000012
5, 264,21,115.721352, 115.722145, 119.129028, 54.764336,27.159121, 214.429733, 0.999993
5, 264,22,130.940872, 130.949799, 119.129028, 54.764336,27.159121, 214.429733, 0.999932
5, 264,23,67.031883, 67.031082, 119.129028, 54.764336,27.159121, 214.429733, 1.000012
5, 264,24,208.497116, 208.495285, 119.129028, 54.764336,27.159121, 214.429733, 1.000009
5, 264,25,144.339111, 144.337738, 119.129028, 54.764336,27.159121, 214.429733, 1.000010
5, 264,26,214.429733, 214.414642, 119.129028, 54.764336,27.159121, 214.429733, 1.000070
5, 264,27,140.339737, 140.329102, 119.129028, 54.764336,27.159121, 214.429733, 1.000076
5, 264,28,118.475777, 118.484940, 119.129028, 54.764336,27.159121, 214.429733, 0.999923
5, 264,29,106.076088, 106.065262, 119.129028, 54.764336,27.159121, 214.429733, 1.000102
5, 264,30,163.927902, 163.929062, 119.129028, 54.764336,27.159121, 214.429733, 0.999993
5, 264,31,39.581821, 39.570953, 119.129028, 54.764336,27.159121, 214.429733, 1.000275
5, 265,0,48.141483, 48.141575, 119.126534, 80.123230,12.263078, 289.584930, 0.999998
5, 265,1,68.788933, 68.785622, 119.126534, 80.123230,12.263078, 289.584930, 1.000048
5, 265,2,64.835510, 64.836868, 119.126534, 80.123230,12.263078, 289.584930, 0.999979
5, 265,3,53.746490, 53.739361, 119.126534, 80.123230,12.263078, 289.584930, 1.000133
5, 265,4,140.954620, 140.941742, 119.126534, 80.123230,12.263078, 289.584930, 1.000091
5, 265,5,200.620895, 200.609833, 119.126534, 80.123230,12.263078, 289.584930, 1.000055
5, 265,6,91.299095, 91.292633, 119.126534, 80.123230,12.263078, 289.584930, 1.000071
5, 265,7,176.372467, 176.373581, 119.126534, 80.123230,12.263078, 289.584930, 0.999994
5, 265,8,20.981234, 20.972723, 119.126534, 80.123230,12.263078, 289.584930, 1.000406
5, 265,9,175.572418, 175.571350, 119.126534, 80.123230,12.263078, 289.584930, 1.000006
5, 265,10,244.791092, 244.794876, 119.126534, 80.123230,12.263078, 289.584930, 0.999985
5, 265,11,81.444542, 81.443031, 119.126534, 80.123230,12.263078, 289.584930, 1.000019
5, 265,12,35.631096, 35.617874, 119.126534, 80.123230,12.263078, 289.584930, 1.000371
5, 265,13,214.654938, 214.657761, 119.126534, 80.123230,12.263078, 289.584930, 0.999987
5, 265,14,15.961757, 15.963243, 119.126534, 80.123230,12.263078, 289.584930, 0.999907
5, 265,15,106.080498, 106.089317, 119.126534, 80.123230,12.263078, 289.584930, 0.999917
5, 265,16,263.826813, 263.825562, 119.126534, 80.123230,12.263078, 289.584930, 1.000005
5, 265,17,169.031662, 169.037628, 119.126534, 80.123230,12.263078, 289.584930, 0.999965
5, 265,18,25.407980, 25.420643, 119.126534, 80.123230,12.263078, 289.584930, 0.999502
5, 265,19,56.601749, 56.609558, 119.126534, 80.123230,12.263078, 289.584930, 0.999862
5, 265,20,225.184616, 225.175888, 119.126534, 80.123230,12.263078, 289.584930, 1.000039
5, 265,21,137.210144, 137.197998, 119.126534, 80.123230,12.263078, 289.584930, 1.000089
5, 265,22,62.859516, 62.849125, 119.126534, 80.123230,12.263078, 289.584930, 1.000165
5, 265,23,162.474564, 162.477158, 119.126534, 80.123230,12.263078, 289.584930, 0.999984
5, 265,24,289.584930, 289.577148, 119.126534, 80.123230,12.263078, 289.584930, 1.000027
5, 265,25,69.483887, 69.498718, 119.126534, 80.123230,12.263078, 289.584930, 0.999787
5, 265,26,163.785858, 163.796402, 119.126534, 80.123230,12.263078, 289.584930, 0.999936
5, 265,27,219.136261, 219.141357, 119.126534, 80.123230,12.263078, 289.584930, 0.999977
5, 265,28,50.309563, 50.307598, 119.126534, 80.123230,12.263078, 289.584930, 1.000039
5, 265,29,12.263078, 12.246244, 119.126534, 80.123230,12.263078, 289.584930, 1.001375
5, 265,30,60.022949, 60.005669, 119.126534, 80.123230,12.263078, 289.584930, 1.000288
5, 265,31,104.988121, 105.001846, 119.126534, 80.123230,12.263078, 289.584930, 0.999869
5, 266,0,149.509430, 149.498505, 119.124397, 72.168564,27.790363, 258.395294, 1.000073
5, 266,1,142.634064, 142.651947, 119.124397, 72.168564,27.790363, 258.395294, 0.999875
5, 266,2,71.155563, 71.163574, 119.124397, 72.168564,27.790363, 258.395294, 0.999887
5, 266,3,35.435528, 35.439022, 119.124397, 72.168564,27.790363, 258.395294, 0.999901
5, 266,4,27.790363, 27.783762, 119.124397, 72.168564,27.790363, 258.395294, 1.000238
5, 266,5,32.786976, 32.800903, 119.124397, 72.168564,27.790363, 258.395294, 0.999575
5, 266,6,258.395294, 258.399475, 119.124397, 72.168564,27.790363, 258.395294, 0.999984
5, 266,7,228.876358, 228.877670, 119.124397, 72.168564,27.790363, 258.395294, 0.999994
5, 266,8,56.872917, 56.865906, 119.124397, 72.168564,27.790363, 258.395294, 1.000123
5, 266,9,41.440037, 41.453308, 119.124397, 72.168564,27.790363, 258.395294, 0.999680
5, 266,10,90.004997, 89.991592, 119.124397, 72.168564,27.790363, 258.395294, 1.000149
5, 266,11,211.198090, 211.211670, 119.124397, 72.168564,27.790363, 258.395294, 0.999936
5, 266,12,155.384277, 155.387161, 119.124397, 72.168564,27.790363, 258.395294, 0.999981
5, 266,13,62.033619, 62.032223, 119.124397, 72.168564,27.790363, 258.395294, 1.000023
5, 266,14,37.031887, 37.048592, 119.124397, 72.168564,27.790363, 258.395294, 0.999549
5, 266,15,44.615036, 44.625340, 119.124397, 72.168564,27.790363, 258.395294, 0.999769
5, 266,16,212.823334, 212.821243, 119.124397, 72.168564,27.790363, 258.395294, 1.000010
5, 266,17,69.497025, 69.491196, 119.124397, 72.168564,27.790363, 258.395294, 1.000084
5, 266,18,86.929634, 86.929489, 119.124397, 72.168564,27.790363, 258.395294, 1.000002
5, 266,19,159.129929, 159.132355, 119.124397, 72.168564,27.790363, 258.395294, 0.999985
5, 266,20,207.088699, 207.073914, 119.124397, 72.168564,27.790363, 258.395294, 1.000071
5, 266,21,56.900928, 56.881607, 119.124397, 72.168564,27.790363, 258.395294, 1.000340
5, 266,22,94.247284, 94.254990, 119.124397, 72.168564,27.790363, 258.395294, 0.999918
5, 266,23,74.344719, 74.359154, 119.124397, 72.168564,27.790363, 258.395294, 0.999806
5, 266,24,83.397369, 83.396294, 119.124397, 72.168564,27.790363, 258.395294, 1.000013
5, 266,25,173.449738, 173.453583, 119.124397, 72.168564,27.790363, 258.395294, 0.999978
5, 266,26,42.072407, 42.057880, 119.124397, 72.168564,27.790363, 258.395294, 1.000345
5, 266,27,221.312195, 221.300934, 119.124397, 72.168564,27.790363, 258.395294, 1.000051
5, 266,28,110.235802, 110.232895, 119.124397, 72.168564,27.790363, 258.395294, 1.000026
5, 266,29,203.990265, 203.980392, 119.124397, 72.168564,27.790363, 258.395294, 1.000048
5, 266,30,220.860519, 220.869095, 119.124397, 72.168564,27.790363, 258.395294, 0.999961
5, 266,31,150.536148, 150.534897, 119.124397, 72.168564,27.790363, 258.395294, 1.000008
5, 267,0,196.705490, 196.695358, 119.124786, 60.210064,12.189631, 218.231415, 1.000051
5, 267,1,188.518799, 188.530899, 119.124786, 60.210064,12.189631, 218.231415, 0.999936
5, 267,2,144.709427, 144.707306, 119.124786, 60.210064,12.189631, 218.231415, 1.000015
5, 267,3,146.109161, 146.118912, 119.124786, 60.210064,12.189631, 218.231415, 0.999933
5, 267,4,182.760056, 182.776367, 119.124786, 60.210064,12.189631, 218.231415, 0.999911
5, 267,5,60.356979, 60.341175, 119.124786, 60.210064,12.189631, 218.231415, 1.000262
5, 267,6,30.289900, 30.290348, 119.124786, 60.210064,12.189631, 218.231415, 0.999985
5, 267,7,12.189631, 12.187365, 119.124786, 60.210064,12.189631, 218.231415, 1.000186
5, 267,8,20.877312, 20.879595, 119.124786, 60.210064,12.189631, 218.231415, 0.999891
5, 267,9,96.923065, 96.928658, 119.124786, 60.210064,12.189631, 218.231415, 0.999942
5, 267,10,187.349045, 187.341843, 119.124786, 60.210064,12.189631, 218.231415, 1.000038
5, 267,11,106.726753, 106.720924, 119.124786, 60.210064,12.189631, 218.231415, 1.000055
5, 267,12,192.569870, 192.555908, 119.124786, 60.210064,12.189631, 218.231415, 1.000072
5, 267,13,93.351089, 93.361473, 119.124786, 60.210064,12.189631, 218.231415, 0.999889
5, 267,14,116.101479, 116.099892, 119.124786, 60.210064,12.189631, 218.231415, 1.000014
5, 267,15,167.854416, 167.852676, 119.124786, 60.210064,12.189631, 218.231415, 1.000010
5, 267,16,203.612289, 203.626266, 119.124786, 60.210064,12.189631, 218.231415, 0.999931
5, 267,17,58.267948, 58.261906, 119.124786, 60.210064,12.189631, 218.231415, 1.000104
5, 267,18,149.347931, 149.342728, 119.124786, 60.210064,12.189631, 218.231415, 1.000035
5, 267,19,100.763573, 100.775627, 119.124786, 60.210064,12.189631, 218.231415, 0.999880
5, 267,20,24.052057, 24.052544, 119.124786, 60.210064,12.189631, 218.231415, 0.999980
5, 267,21,87.554550, 87.543335, 119.124786, 60.210064,12.189631, 218.231415, 1.000128
5, 267,22,86.105858, 86.093575, 119.124786, 60.210064,12.189631, 218.231415, 1.000143
5, 267,23,143.881134, 143.899765, 119.124786, 60.210064,12.189631, 218.231415, 0.999871
5, 267,24,136.370834, 136.383881, 119.124786, 60.210064,12.189631, 218.231415, 0.999904
5, 267,25,36.771358, 36.763420, 119.124786, 60.210064,12.189631, 218.231415, 1.000216
5, 267,26,96.487732, 96.496269, 119.124786, 60.210064,12.189631, 218.231415, 0.999912
5, 267,27,55.472515, 55.476830, 119.124786, 60.210064,12.189631, 218.231415, 0.999922
5, 267,28,147.208801, 147.218964, 119.124786, 60.210064,12.189631, 218.231415, 0.999931
5, 267,29,170.527161, 170.523285, 119.124786, 60.210064,12.189631, 218.231415, 1.000023
5, 267,30,153.945740, 153.940033, 119.124786, 60.210064,12.189631, 218.231415, 1.000037
5, 267,31,218.231415, 218.212936, 119.124786, 60.210064,12.189631, 218.231415, 1.000085
5, 268,0,186.009369, 186.000931, 119.127052, 64.002113,12.276896, 207.988602, 1.000045
5, 268,1,111.936836, 111.937393, 119.127052, 64.002113,12.276896, 207.988602, 0.999995
5, 268,2,187.090820, 187.078339, 119.127052, 64.002113,12.276896, 207.988602, 1.000067
5, 268,3,161.173264, 161.157669, 119.127052, 64.002113,12.276896, 207.988602, 1.000097
5, 268,4,55.610409, 55.622639, 119.127052, 64.002113,12.276896, 207.988602, 0.999780
5, 268,5,192.575394, 192.572464, 119.127052, 64.002113,12.276896, 207.988602, 1.000015
5, 268,6,135.097031, 135.092087, 119.127052, 64.002113,12.276896, 207.988602, 1.000037
5, 268,7,113.897011, 113.890579, 119.127052, 64.002113,12.276896, 207.988602, 1.000057
5, 268,8,120.395912, 120.399101, 119.127052, 64.002113,12.276896, 207.988602, 0.999974
5, 268,9,18.441763, 18.442802, 119.127052, 64.002113,12.276896, 207.988602, 0.999944
5, 268,10,197.292191, 197.297897, 119.127052, 64.002113,12.276896, 207.988602, 0.999971
5, 268,11,29.194857, 29.185324, 119.127052, 64.002113,12.276896, 207.988602, 1.000327
5, 268,12,188.554321, 188.552673, 119.127052, 64.002113,12.276896, 207.988602, 1.000009
5, 268,13,12.540678, 12.532841, 119.127052, 64.002113,12.276896, 207.988602, 1.000625
5, 268,14,77.844437, 77.838539, 119.127052, 64.002113,12.276896, 207.988602, 1.000076
5, 268,15,43.073181, 43.065540, 119.127052, 64.002113,12.276896, 207.988602, 1.000177
5, 268,16,145.313980, 145.311676, 119.127052, 64.002113,12.276896, 207.988602, 1.000016
5, 268,17,155.568192, 155.569046, 119.127052, 64.002113,12.276896, 207.988602, 0.999995
5, 268,18,202.804337, 202.798325, 119.127052, 64.002113,12.276896, 207.988602, 1.000030
5, 268,19,146.764038, 146.773392, 119.127052, 64.002113,12.276896, 207.988602, 0.999936
5, 268,20,27.906416, 27.900002, 119.127052, 64.002113,12.276896, 207.988602, 1.000230
5, 268,21,199.657135, 199.654327, 119.127052, 64.002113,12.276896, 207.988602, 1.000014
5, 268,22,176.003845, 176.014481, 119.127052, 64.002113,12.276896, 207.988602, 0.999940
5, 268,23,96.595055, 96.601730, 119.127052, 64.002113,12.276896, 207.988602, 0.999931
5, 268,24,12.276896, 12.287117, 119.127052, 64.002113,12.276896, 207.988602, 0.999168
5, 268,25,146.843964, 146.836411, 119.127052, 64.002113,12.276896, 207.988602, 1.000051
5, 268,26,156.356232, 156.362915, 119.127052, 64.002113,12.276896, 207.988602, 0.999957
5, 268,27,56.366230, 56.372410, 119.127052, 64.002113,12.276896, 207.988602, 0.999890
5, 268,28,59.964718, 59.976353, 119.127052, 64.002113,12.276896, 207.988602, 0.999806
5, 268,29,95.807693, 95.807854, 119.127052, 64.002113,12.276896, 207.988602, 0.999998
5, 268,30,207.988602, 207.964828, 119.127052, 64.002113,12.276896, 207.988602, 1.000114
5, 268,31,95.121231, 95.102196, 119.127052, 64.002113,12.276896, 207.988602, 1.000200
5, 269,0,111.592979, 111.605042, 119.123520, 67.209076,13.408166, 222.353912, 0.999892
5, 269,1,111.231621, 111.222450, 119.123520, 67.209076,13.408166, 222.353912, 1.000082
5, 269,2,216.351929, 216.348557, 119.123520, 67.209076,13.408166, 222.353912, 1.000016
5, 269,3,70.749123, 70.752930, 119.123520, 67.209076,13.408166, 222.353912, 0.999946
5, 269,4,146.641754, 146.653549, 119.123520, 67.209076,13.408166, 222.353912, 0.999920
5, 269,5,25.014566, 25.011528, 119.123520, 67.209076,13.408166, 222.353912, 1.000121
5, 269,6,133.080612, 133.075104, 119.123520, 67.209076,13.408166, 222.353912, 1.000041
5, 269,7,76.806847, 76.822380, 119.123520, 67.209076,13.408166, 222.353912, 0.999798
5, 269,8,206.092010, 206.096634, 119.123520, 67.209076,13.408166, 222.353912, 0.999978
5, 269,9,87.254562, 87.268845, 119.123520, 67.209076,13.408166, 222.353912, 0.999836
5, 269,10,141.301346, 141.310349, 119.123520, 67.209076,13.408166, 222.353912, 0.999936
5, 269,11,116.593185, 116.578621, 119.123520, 67.209076,13.408166, 222.353912, 1.000125
5, 269,12,69.803062, 69.799713, 119.123520, 67.209076,13.408166, 222.353912, 1.000048
5, 269,13,18.067146, 18.073154, 119.123520, 67.209076,13.408166, 222.353912, 0.999668
5, 269,14,183.262115, 183.258331, 119.123520, 67.209076,13.408166, 222.353912, 1.000021
5, 269,15,187.574966, 187.570511, 119.123520, 67.209076,13.408166, 222.353912, 1.000024
5, 269,16,166.483383, 166.476547, 119.123520, 67.209076,13.408166, 222.353912, 1.000041
5, 269,17,135.847977, 135.837463, 119.123520, 67.209076,13.408166, 222.353912, 1.000077
5, 269,18,120.932426, 120.949150, 119.123520, 67.209076,13.408166, 222.353912, 0.999862
5, 269,19,58.040283, 58.049862, 119.123520, 67.209076,13.408166, 222.353912, 0.999835
5, 269,20,47.289692, 47.285656, 119.123520, 67.209076,13.408166, 222.353912, 1.000085
5, 269,21,13.408166, 13.423796, 119.123520, 67.209076,13.408166, 222.353912, 0.998836
5, 269,22,75.958328, 75.959946, 119.123520, 67.209076,13.408166, 222.353912, 0.999979
5, 269,23,186.768036, 186.766434, 119.123520, 67.209076,13.408166, 222.353912, 1.000009
5, 269,24,221.459503, 221.464798, 119.123520, 67.209076,13.408166, 222.353912, 0.999976
5, 269,25,222.353912, 222.340210, 119.123520, 67.209076,13.408166, 222.353912, 1.000062
5, 269,26,216.755783, 216.750580, 119.123520, 67.209076,13.408166, 222.353912, 1.000024
5, 269,27,50.205254, 50.197178, 119.123520, 67.209076,13.408166, 222.353912, 1.000161
5, 269,28,82.950462, 82.963173, 119.123520, 67.209076,13.408166, 222.353912, 0.999847
5, 269,29,80.010468, 80.012733, 119.123520, 67.209076,13.408166, 222.353912, 0.999972
5, 269,30,212.718491, 212.723740, 119.123520, 67.209076,13.408166, 222.353912, 0.999975
5, 269,31,19.352530, 19.350595, 119.123520, 67.209076,13.408166, 222.353912, 1.000100
5, 270,0,61.391262, 61.386490, 119.125389, 52.441921,25.070461, 210.744888, 1.000078
5, 270,1,142.848801, 142.845108, 119.125389, 52.441921,25.070461, 210.744888, 1.000026
5, 270,2,165.171921, 165.166550, 119.125389, 52.441921,25.070461, 210.744888, 1.000033
5, 270,3,71.881447, 71.877945, 119.125389, 52.441921,25.070461, 210.744888, 1.000049
5, 270,4,93.669449, 93.663986, 119.125389, 52.441921,25.070461, 210.744888, 1.000058
5, 270,5,38.367664, 38.363914, 119.125389, 52.441921,25.070461, 210.744888, 1.000098
5, 270,6,64.651276, 64.656311, 119.125389, 52.441921,25.070461, 210.744888, 0.999922
5, 270,7,210.744888, 210.746399, 119.125389, 52.441921,25.070461, 210.744888, 0.999993
5, 270,8,201.349960, 201.344864, 119.125389, 52.441921,25.070461, 210.744888, 1.000025
5, 270,9,122.173286, 122.168129, 119.125389, 52.441921,25.070461, 210.744888, 1.000042
5, 270,10,172.625092, 172.636780, 119.125389, 52.441921,25.070461, 210.744888, 0.999932
5, 270,11,125.827019, 125.839500, 119.125389, 52.441921,25.070461, 210.744888, 0.999901
5, 270,12,173.430038, 173.420776, 119.125389, 52.441921,25.070461, 210.744888, 1.000053
5, 270,13,168.284958, 168.283401, 119.125389, 52.441921,25.070461, 210.744888, 1.000009
5, 270,14,88.975693, 88.979156, 119.125389, 52.441921,25.070461, 210.744888, 0.999961
5, 270,15,178.949249, 178.934204, 119.125389, 52.441921,25.070461, 210.744888, 1.000084
5, 270,16,82.777306, 82.770973, 119.125389, 52.441921,25.070461, 210.744888, 1.000077
5, 270,17,138.451309, 138.459854, 119.125389, 52.441921,25.070461, 210.744888, 0.999938
5, 270,18,118.194084, 118.184433, 119.125389, 52.441921,25.070461, 210.744888, 1.000082
5, 270,19,35.885132, 35.884460, 119.125389, 52.441921,25.070461, 210.744888, 1.000019
5, 270,20,133.608871, 133.622055, 119.125389, 52.441921,25.070461, 210.744888, 0.999901
5, 270,21,39.368690, 39.358246, 119.125389, 52.441921,25.070461, 210.744888, 1.000265
5, 270,22,157.600220, 157.607086, 119.125389, 52.441921,25.070461, 210.744888, 0.999956
5, 270,23,148.315750, 148.339417, 119.125389, 52.441921,25.070461, 210.744888, 0.999840
5, 270,24,106.412155, 106.399071, 119.125389, 52.441921,25.070461, 210.744888, 1.000123
5, 270,25,152.101532, 152.093643, 119.125389, 52.441921,25.070461, 210.744888, 1.000052
5, 270,26,183.498398, 183.497925, 119.125389, 52.441921,25.070461, 210.744888, 1.000003
5, 270,27,112.788956, 112.785721, 119.125389, 52.441921,25.070461, 210.744888, 1.000029
5, 270,28,25.070461, 25.080681, 119.125389, 52.441921,25.070461, 210.744888, 0.999593
5, 270,29,100.485268, 100.484077, 119.125389, 52.441921,25.070461, 210.744888, 1.000012
5, 270,30,44.042629, 44.049446, 119.125389, 52.441921,25.070461, 210.744888, 0.999845
5, 270,31,153.069489, 153.068863, 119.125389, 52.441921,25.070461, 210.744888, 1.000004
5, 271,0,17.611279, 17.606537, 119.123840, 60.579967,16.325754, 219.873520, 1.000269
5, 271,1,136.429047, 136.417480, 119.123840, 60.579967,16.325754, 219.873520, 1.000085
5, 271,2,136.449005, 136.437256, 119.123840, 60.579967,16.325754, 219.873520, 1.000086
5, 271,3,177.632599, 177.640411, 119.123840, 60.579967,16.325754, 219.873520, 0.999956
5, 271,4,162.174210, 162.170288, 119.123840, 60.579967,16.325754, 219.873520, 1.000024
5, 271,5,160.388397, 160.390610, 119.123840, 60.579967,16.325754, 219.873520, 0.999986
5, 271,6,21.642014, 21.653690, 119.123840, 60.579967,16.325754, 219.873520, 0.999461
5, 271,7,116.121422, 116.122391, 119.123840, 60.579967,16.325754, 219.873520, 0.999992
5, 271,8,143.956772, 143.964691, 119.123840, 60.579967,16.325754, 219.873520, 0.999945
5, 271,9,116.713745, 116.702446, 119.123840, 60.579967,16.325754, 219.873520, 1.000097
5, 271,10,191.571503, 191.587936, 119.123840, 60.579967,16.325754, 219.873520, 0.999914
5, 271,11,41.901005, 41.929001, 119.123840, 60.579967,16.325754, 219.873520, 0.999332
5, 271,12,210.984924, 210.986572, 119.123840, 60.579967,16.325754, 219.873520, 0.999992
5, 271,13,168.420990, 168.432175, 119.123840, 60.579967,16.325754, 219.873520, 0.999934
5, 271,14,135.591736, 135.600143, 119.123840, 60.579967,16.325754, 219.873520, 0.999938
5, 271,15,147.268768, 147.267014, 119.123840, 60.579967,16.325754, 219.873520, 1.000012
5, 271,16,25.892744, 25.898586, 119.123840, 60.579967,16.325754, 219.873520, 0.999774
5, 271,17,69.759033, 69.764709, 119.123840, 60.579967,16.325754, 219.873520, 0.999919
5, 271,18,152.944977, 152.935669, 119.123840, 60.579967,16.325754, 219.873520, 1.000061
5, 271,19,93.049606, 93.039124, 119.123840, 60.579967,16.325754, 219.873520, 1.000113
5, 271,20,118.035072, 118.047096, 119.123840, 60.579967,16.325754, 219.873520, 0.999898
5, 271,21,20.598410, 20.585875, 119.123840, 60.579967,16.325754, 219.873520, 1.000609
5, 271,22,219.873520, 219.878464, 119.123840, 60.579967,16.325754, 219.873520, 0.999978
5, 271,23,58.513775, 58.513092, 119.123840, 60.579967,16.325754, 219.873520, 1.000012
5, 271,24,165.293854, 165.274857, 119.123840, 60.579967,16.325754, 219.873520, 1.000115
5, 271,25,16.325754, 16.327795, 119.123840, 60.579967,16.325754, 219.873520, 0.999875
5, 271,26,131.290863, 131.282745, 119.123840, 60.579967,16.325754, 219.873520, 1.000062
5, 271,27,127.651176, 127.670616, 119.123840, 60.579967,16.325754, 219.873520, 0.999848
5, 271,28,105.977638, 105.984741, 119.123840, 60.579967,16.325754, 219.873520, 0.999933
5, 271,29,210.697647, 210.689987, 119.123840, 60.579967,16.325754, 219.873520, 1.000036
5, 271,30,59.359539, 59.363392, 119.123840, 60.579967,16.325754, 219.873520, 0.999935
5, 271,31,151.841751, 151.834885, 119.123840, 60.579967,16.325754, 219.873520, 1.000045
5, 272,0,36.659801, 36.652557, 119.124466, 59.504395,23.718367, 207.405472, 1.000198
5, 272,1,155.963333, 155.956253, 119.124466, 59.504395,23.718367, 207.405472, 1.000045
5, 272,2,125.293640, 125.308289, 119.124466, 59.504395,23.718367, 207.405472, 0.999883
5, 272,3,166.488815, 166.490723, 119.124466, 59.504395,23.718367, 207.405472, 0.999989
5, 272,4,146.710220, 146.693619, 119.124466, 59.504395,23.718367, 207.405472, 1.000113
5, 272,5,142.094528, 142.096420, 119.124466, 59.504395,23.718367, 207.405472, 0.999987
5, 272,6,114.261673, 114.271309, 119.124466, 59.504395,23.718367, 207.405472, 0.999916
5, 272,7,108.467163, 108.470528, 119.124466, 59.504395,23.718367, 207.405472, 0.999969
5, 272,8,121.233040, 121.226036, 119.124466, 59.504395,23.718367, 207.405472, 1.000058
5, 272,9,202.844864, 202.852600, 119.124466, 59.504395,23.718367, 207.405472, 0.999962
5, 272,10,195.338852, 195.358124, 119.124466, 59.504395,23.718367, 207.405472, 0.999901
5, 272,11,52.318104, 52.317760, 119.124466, 59.504395,23.718367, 207.405472, 1.000007
5, 272,12,49.607552, 49.600388, 119.124466, 59.504395,23.718367, 207.405472, 1.000144
5, 272,13,174.274765, 174.282990, 119.124466, 59.504395,23.718367, 207.405472, 0.999953
5, 272,14,39.766838, 39.766983, 119.124466, 59.504395,23.718367, 207.405472, 0.999996
5, 272,15,91.905525, 91.911949, 119.124466, 59.504395,23.718367, 207.405472, 0.999930
5, 272,16,193.081421, 193.087433, 119.124466, 59.504395,23.718367, 207.405472, 0.999969
5, 272,17,185.151657, 185.158676, 119.124466, 59.504395,23.718367, 207.405472, 0.999962
5, 272,18,81.212418, 81.209976, 119.124466, 59.504395,23.718367, 207.405472, 1.000030
5, 272,19,23.718367, 23.723339, 119.124466, 59.504395,23.718367, 207.405472, 0.999790
5, 272,20,207.405472, 207.406357, 119.124466, 59.504395,23.718367, 207.405472, 0.999996
5, 272,21,168.526596, 168.525635, 119.124466, 59.504395,23.718367, 207.405472, 1.000006
5, 272,22,58.869839, 58.869225, 119.124466, 59.504395,23.718367, 207.405472, 1.000010
5, 272,23,83.916710, 83.908737, 119.124466, 59.504395,23.718367, 207.405472, 1.000095
5, 272,24,108.061958, 108.061066, 119.124466, 59.504395,23.718367, 207.405472, 1.000008
5, 272,25,40.678242, 40.678978, 119.124466, 59.504395,23.718367, 207.405472, 0.999982
5, 272,26,30.589403, 30.585007, 119.124466, 59.504395,23.718367, 207.405472, 1.000144
5, 272,27,170.583527, 170.572968, 119.124466, 59.504395,23.718367, 207.405472, 1.000062
5, 272,28,87.666000, 87.662178, 119.124466, 59.504395,23.718367, 207.405472, 1.000044
5, 272,29,71.165482, 71.178040, 119.124466, 59.504395,23.718367, 207.405472, 0.999824
5, 272,30,203.076233, 203.069733, 119.124466, 59.504395,23.718367, 207.405472, 1.000032
5, 272,31,175.051117, 175.046097, 119.124466, 59.504395,23.718367, 207.405472, 1.000029
5, 273,0,58.739426, 58.740990, 119.126343, 61.372559,19.058676, 222.179871, 0.999973
5, 273,1,55.208630, 55.203388, 119.126343, 61.372559,19.058676, 222.179871, 1.000095
5, 273,2,99.339188, 99.350777, 119.126343, 61.372559,19.058676, 222.179871, 0.999883
5, 273,3,86.242073, 86.243179, 119.126343, 61.372559,19.058676, 222.179871, 0.999987
5, 273,4,80.912560, 80.903786, 119.126343, 61.372559,19.058676, 222.179871, 1.000108
5, 273,5,47.893864, 47.897190, 119.126343, 61.372559,19.058676, 222.179871, 0.999931
5, 273,6,86.057770, 86.058380, 119.126343, 61.372559,19.058676, 222.179871, 0.999993
5, 273,7,21.000502, 20.995598, 119.126343, 61.372559,19.058676, 222.179871, 1.000234
5, 273,8,142.998398, 143.003174, 119.126343, 61.372559,19.058676, 222.179871, 0.999967
5, 273,9,95.699570, 95.700981, 119.126343, 61.372559,19.058676, 222.179871, 0.999985
5, 273,10,173.435211, 173.435760, 119.126343, 61.372559,19.058676, 222.179871, 0.999997
5, 273,11,160.068253, 160.070755, 119.126343, 61.372559,19.058676, 222.179871, 0.999984
5, 273,12,215.546921, 215.550354, 119.126343, 61.372559,19.058676, 222.179871, 0.999984
5, 273,13,32.884483, 32.882195, 119.126343, 61.372559,19.058676, 222.179871, 1.000070
5, 273,14,215.489761, 215.484344, 119.126343, 61.372559,19.058676, 222.179871, 1.000025
5, 273,15,167.758270, 167.746552, 119.126343, 61.372559,19.058676, 222.179871, 1.000070
5, 273,16,58.466274, 58.463787, 119.126343, 61.372559,19.058676, 222.179871, 1.000043
5, 273,17,104.171280, 104.168777, 119.126343, 61.372559,19.058676, 222.179871, 1.000024
5, 273,18,147.646240, 147.642960, 119.126343, 61.372559,19.058676, 222.179871, 1.000022
5, 273,19,67.142540, 67.129593, 119.126343, 61.372559,19.058676, 222.179871, 1.000193
5, 273,20,222.179871, 222.189941, 119.126343, 61.372559,19.058676, 222.179871, 0.999955
5, 273,21,151.100281, 151.107956, 119.126343, 61.372559,19.058676, 222.179871, 0.999949
5, 273,22,183.905640, 183.896759, 119.126343, 61.372559,19.058676, 222.179871, 1.000048
5, 273,23,108.509483, 108.511574, 119.126343, 61.372559,19.058676, 222.179871, 0.999981
5, 273,24,198.852188, 198.858963, 119.126343, 61.372559,19.058676, 222.179871, 0.999966
5, 273,25,211.399780, 211.392365, 119.126343, 61.372559,19.058676, 222.179871, 1.000035
5, 273,26,19.058676, 19.074997, 119.126343, 61.372559,19.058676, 222.179871, 0.999144
5, 273,27,161.659561, 161.641556, 119.126343, 61.372559,19.058676, 222.179871, 1.000111
5, 273,28,164.300812, 164.307953, 119.126343, 61.372559,19.058676, 222.179871, 0.999957
5, 273,29,77.814308, 77.795181, 119.126343, 61.372559,19.058676, 222.179871, 1.000246
5, 273,30,70.961357, 70.944382, 119.126343, 61.372559,19.058676, 222.179871, 1.000239
5, 273,31,125.599487, 125.605576, 119.126343, 61.372559,19.058676, 222.179871, 0.999952
5, 274,0,117.790787, 117.774559, 119.126755, 74.518921,13.343837, 229.029419, 1.000138
5, 274,1,13.854156, 13.843724, 119.126755, 74.518921,13.343837, 229.029419, 1.000754
5, 274,2,140.703079, 140.710358, 119.126755, 74.518921,13.343837, 229.029419, 0.999948
5, 274,3,173.587158, 173.571823, 119.126755, 74.518921,13.343837, 229.029419, 1.000088
5, 274,4,165.723999, 165.718307, 119.126755, 74.518921,13.343837, 229.029419, 1.000034
5, 274,5,199.925613, 199.924286, 119.126755, 74.518921,13.343837, 229.029419, 1.000007
5, 274,6,123.932213, 123.943489, 119.126755, 74.518921,13.343837, 229.029419, 0.999909
5, 274,7,225.773743, 225.770569, 119.126755, 74.518921,13.343837, 229.029419, 1.000014
5, 274,8,48.450703, 48.437248, 119.126755, 74.518921,13.343837, 229.029419, 1.000278
5, 274,9,39.423222, 39.421104, 119.126755, 74.518921,13.343837, 229.029419, 1.000054
5, 274,10,215.446716, 215.449448, 119.126755, 74.518921,13.343837, 229.029419, 0.999987
5, 274,11,164.077408, 164.081146, 119.126755, 74.518921,13.343837, 229.029419, 0.999977
5, 274,12,134.112198, 134.114349, 119.126755, 74.518921,13.343837, 229.029419, 0.999984
5, 274,13,18.336962, 18.343887, 119.126755, 74.518921,13.343837, 229.029419, 0.999622
5, 274,14,16.758307, 16.746290, 119.126755, 74.518921,13.343837, 229.029419, 1.000718
5, 274,15,208.147873, 208.157440, 119.126755, 74.518921,13.343837, 229.029419, 0.999954
5, 274,16,229.029419, 229.029037, 119.126755, 74.518921,13.343837, 229.029419, 1.000002
5, 274,17,229.020508, 229.013214, 119.126755, 74.518921,13.343837, 229.029419, 1.000032
5, 274,18,69.501869, 69.490738, 119.126755, 74.518921,13.343837, 229.029419, 1.000160
5, 274,19,35.059067, 35.063301, 119.126755, 74.518921,13.343837, 229.029419, 0.999879
5, 274,20,117.173393, 117.181396, 119.126755, 74.518921,13.343837, 229.029419, 0.999932
5, 274,21,79.433784, 79.424309, 119.126755, 74.518921,13.343837, 229.029419, 1.000119
5, 274,22,38.583939, 38.574852, 119.126755, 74.518921,13.343837, 229.029419, 1.000236
5, 274,23,115.687408, 115.702431, 119.126755, 74.518921,13.343837, 229.029419, 0.999870
5, 274,24,118.640472, 118.644539, 119.126755, 74.518921,13.343837, 229.029419, 0.999966
5, 274,25,19.682034, 19.688400, 119.126755, 74.518921,13.343837, 229.029419, 0.999677
5, 274,26,173.768860, 173.769562, 119.126755, 74.518921,13.343837, 229.029419, 0.999996
5, 274,27,213.139282, 213.140060, 119.126755, 74.518921,13.343837, 229.029419, 0.999996
5, 274,28,54.955208, 54.946266, 119.126755, 74.518921,13.343837, 229.029419, 1.000163
5, 274,29,13.343837, 13.345464, 119.126755, 74.518921,13.343837, 229.029419, 0.999878
5, 274,30,97.197723, 97.187698, 119.126755, 74.518921,13.343837, 229.029419, 1.000103
5, 274,31,201.795074, 201.790787, 119.126755, 74.518921,13.343837, 229.029419, 1.000021
5, 275,0,51.121033, 51.124554, 119.126038, 63.540890,10.536913, 203.120850, 0.999931
5, 275,1,183.594360, 183.595856, 119.126038, 63.540890,10.536913, 203.120850, 0.999992
5, 275,2,184.655640, 184.651901, 119.126038, 63.540890,10.536913, 203.120850, 1.000020
5, 275,3,157.875092, 157.874817, 119.126038, 63.540890,10.536913, 203.120850, 1.000002
5, 275,4,75.141891, 75.140175, 119.126038, 63.540890,10.536913, 203.120850, 1.000023
5, 275,5,22.742823, 22.745213, 119.126038, 63.540890,10.536913, 203.120850, 0.999895
5, 275,6,169.589493, 169.588257, 119.126038, 63.540890,10.536913, 203.120850, 1.000007
5, 275,7,10.536913, 10.546224, 119.126038, 63.540890,10.536913, 203.120850, 0.999117
5, 275,8,184.571793, 184.579056, 119.126038, 63.540890,10.536913, 203.120850, 0.999961
5, 275,9,41.488331, 41.474606, 119.126038, 63.540890,10.536913, 203.120850, 1.000331
5, 275,10,29.728304, 29.742941, 119.126038, 63.540890,10.536913, 203.120850, 0.999508
5, 275,11,195.118164, 195.121170, 119.126038, 63.540890,10.536913, 203.120850, 0.999985
5, 275,12,202.518082, 202.513397, 119.126038, 63.540890,10.536913, 203.120850, 1.000023
5, 275,13,64.495445, 64.494888, 119.126038, 63.540890,10.536913, 203.120850, 1.000009
5, 275,14,122.141296, 122.133591, 119.126038, 63.540890,10.536913, 203.120850, 1.000063
5, 275,15,47.691807, 47.689411, 119.126038, 63.540890,10.536913, 203.120850, 1.000050
5, 275,16,203.120850, 203.114243, 119.126038, 63.540890,10.536913, 203.120850, 1.000033
5, 275,17,152.951385, 152.946655, 119.126038, 63.540890,10.536913, 203.120850, 1.000031
5, 275,18,108.442322, 108.447662, 119.126038, 63.540890,10.536913, 203.120850, 0.999951
5, 275,19,152.941376, 152.940598, 119.126038, 63.540890,10.536913, 203.120850, 1.000005
5, 275,20,21.473459, 21.470692, 119.126038, 63.540890,10.536913, 203.120850, 1.000129
5, 275,21,111.059654, 111.051323, 119.126038, 63.540890,10.536913, 203.120850, 1.000075
5, 275,22,161.678940, 161.674088, 119.126038, 63.540890,10.536913, 203.120850, 1.000030
5, 275,23,141.136429, 141.130035, 119.126038, 63.540890,10.536913, 203.120850, 1.000045
5, 275,24,20.753010, 20.748463, 119.126038, 63.540890,10.536913, 203.120850, 1.000219
5, 275,25,192.562729, 192.559998, 119.126038, 63.540890,10.536913, 203.120850, 1.000014
5, 275,26,164.263306, 164.259552, 119.126038, 63.540890,10.536913, 203.120850, 1.000023
5, 275,27,124.207092, 124.209236, 119.126038, 63.540890,10.536913, 203.120850, 0.999983
5, 275,28,90.090836, 90.088486, 119.126038, 63.540890,10.536913, 203.120850, 1.000026
5, 275,29,154.500916, 154.500366, 119.126038, 63.540890,10.536913, 203.120850, 1.000004
5, 275,30,85.860741, 85.852226, 119.126038, 63.540890,10.536913, 203.120850, 1.000099
5, 275,31,183.979889, 183.990356, 119.126038, 63.540890,10.536913, 203.120850, 0.999943
5, 276,0,122.399429, 122.404274, 119.127205, 62.526726,17.522814, 219.646515, 0.999960
5, 276,1,76.776337, 76.765335, 119.127205, 62.526726,17.522814, 219.646515, 1.000143
5, 276,2,60.462162, 60.448368, 119.127205, 62.526726,17.522814, 219.646515, 1.000228
5, 276,3,199.849518, 199.854248, 119.127205, 62.526726,17.522814, 219.646515, 0.999976
5, 276,4,65.365959, 65.352226, 119.127205, 62.526726,17.522814, 219.646515, 1.000210
5, 276,5,52.364189, 52.360714, 119.127205, 62.526726,17.522814, 219.646515, 1.000066
5, 276,6,147.480591, 147.476700, 119.127205, 62.526726,17.522814, 219.646515, 1.000026
5, 276,7,68.710297, 68.704666, 119.127205, 62.526726,17.522814, 219.646515, 1.000082
5, 276,8,217.883041, 217.877777, 119.127205, 62.526726,17.522814, 219.646515, 1.000024
5, 276,9,91.689331, 91.692764, 119.127205, 62.526726,17.522814, 219.646515, 0.999963
5, 276,10,100.171516, 100.171654, 119.127205, 62.526726,17.522814, 219.646515, 0.999999
5, 276,11,176.836121, 176.832397, 119.127205, 62.526726,17.522814, 219.646515, 1.000021
5, 276,12,123.102509, 123.105797, 119.127205, 62.526726,17.522814, 219.646515, 0.999973
5, 276,13,186.674393, 186.667099, 119.127205, 62.526726,17.522814, 219.646515, 1.000039
5, 276,14,211.017212, 211.031265, 119.127205, 62.526726,17.522814, 219.646515, 0.999933
5, 276,15,57.822563, 57.797455, 119.127205, 62.526726,17.522814, 219.646515, 1.000434
5, 276,16,57.596867, 57.588345, 119.127205, 62.526726,17.522814, 219.646515, 1.000148
5, 276,17,112.973480, 112.981049, 119.127205, 62.526726,17.522814, 219.646515, 0.999933
5, 276,18,110.489975, 110.485275, 119.127205, 62.526726,17.522814, 219.646515, 1.000043
5, 276,19,79.646233, 79.645599, 119.127205, 62.526726,17.522814, 219.646515, 1.000008
5, 276,20,144.584351, 144.596436, 119.127205, 62.526726,17.522814, 219.646515, 0.999916
5, 276,21,128.592239, 128.583008, 119.127205, 62.526726,17.522814, 219.646515, 1.000072
5, 276,22,125.228531, 125.230591, 119.127205, 62.526726,17.522814, 219.646515, 0.999984
5, 276,23,49.779331, 49.783997, 119.127205, 62.526726,17.522814, 219.646515, 0.999906
5, 276,24,36.046619, 36.043743, 119.127205, 62.526726,17.522814, 219.646515, 1.000080
5, 276,25,187.420105, 187.415848, 119.127205, 62.526726,17.522814, 219.646515, 1.000023
5, 276,26,17.522814, 17.521049, 119.127205, 62.526726,17.522814, 219.646515, 1.000101
5, 276,27,151.454071, 151.476685, 119.127205, 62.526726,17.522814, 219.646515, 0.999851
5, 276,28,219.646515, 219.631577, 119.127205, 62.526726,17.522814, 219.646515, 1.000068
5, 276,29,23.980600, 23.976337, 119.127205, 62.526726,17.522814, 219.646515, 1.000178
5, 276,30,195.855881, 195.847519, 119.127205, 62.526726,17.522814, 219.646515, 1.000043
5, 276,31,212.647659, 212.650131, 119.127205, 62.526726,17.522814, 219.646515, 0.999988
5, 277,0,152.833786, 152.824524, 119.125221, 60.743534,14.050094, 214.401245, 1.000061
5, 277,1,144.910477, 144.903107, 119.125221, 60.743534,14.050094, 214.401245, 1.000051
5, 277,2,212.537109, 212.546036, 119.125221, 60.743534,14.050094, 214.401245, 0.999958
5, 277,3,49.804985, 49.805237, 119.125221, 60.743534,14.050094, 214.401245, 0.999995
5, 277,4,14.050094, 14.052972, 119.125221, 60.743534,14.050094, 214.401245, 0.999795
5, 277,5,103.948059, 103.949654, 119.125221, 60.743534,14.050094, 214.401245, 0.999985
5, 277,6,62.935329, 62.934673, 119.125221, 60.743534,14.050094, 214.401245, 1.000010
5, 277,7,201.881210, 201.890762, 119.125221, 60.743534,14.050094, 214.401245, 0.999953
5, 277,8,206.980530, 206.975769, 119.125221, 60.743534,14.050094, 214.401245, 1.000023
5, 277,9,92.415291, 92.399025, 119.125221, 60.743534,14.050094, 214.401245, 1.000176
5, 277,10,34.123661, 34.126457, 119.125221, 60.743534,14.050094, 214.401245, 0.999918
5, 277,11,43.523663, 43.517323, 119.125221, 60.743534,14.050094, 214.401245, 1.000146
5, 277,12,34.707191, 34.700569, 119.125221, 60.743534,14.050094, 214.401245, 1.000191
5, 277,13,201.998154, 201.993271, 119.125221, 60.743534,14.050094, 214.401245, 1.000024
5, 277,14,136.603912, 136.592133, 119.125221, 60.743534,14.050094, 214.401245, 1.000086
5, 277,15,141.733810, 141.731812, 119.125221, 60.743534,14.050094, 214.401245, 1.000014
5, 277,16,143.861694, 143.850571, 119.125221, 60.743534,14.050094, 214.401245, 1.000077
5, 277,17,72.067398, 72.079498, 119.125221, 60.743534,14.050094, 214.401245, 0.999832
5, 277,18,186.093094, 186.102646, 119.125221, 60.743534,14.050094, 214.401245, 0.999949
5, 277,19,32.795235, 32.793694, 119.125221, 60.743534,14.050094, 214.401245, 1.000047
5, 277,20,159.880142, 159.884766, 119.125221, 60.743534,14.050094, 214.401245, 0.999971
5, 277,21,188.624313, 188.631454, 119.125221, 60.743534,14.050094, 214.401245, 0.999962
5, 277,22,77.749115, 77.752289, 119.125221, 60.743534,14.050094, 214.401245, 0.999959
5, 277,23,115.471962, 115.479767, 119.125221, 60.743534,14.050094, 214.401245, 0.999932
5, 277,24,89.931526, 89.931694, 119.125221, 60.743534,14.050094, 214.401245, 0.999998
5, 277,25,167.323944, 167.320908, 119.125221, 60.743534,14.050094, 214.401245, 1.000018
5, 277,26,149.743530, 149.748901, 119.125221, 60.743534,14.050094, 214.401245, 0.999964
5, 277,27,139.916672, 139.920624, 119.125221, 60.743534,14.050094, 214.401245, 0.999972
5, 277,28,69.129944, 69.113235, 119.125221, 60.743534,14.050094, 214.401245, 1.000242
5, 277,29,214.401245, 214.405075, 119.125221, 60.743534,14.050094, 214.401245, 0.999982
5, 277,30,76.055130, 76.064117, 119.125221, 60.743534,14.050094, 214.401245, 0.999882
5, 277,31,93.975380, 93.977837, 119.125221, 60.743534,14.050094, 214.401245, 0.999974
5, 278,0,82.233040, 82.239174, 119.126190, 64.333763,13.935630, 232.773331, 0.999925
5, 278,1,204.690460, 204.678223, 119.126190, 64.333763,13.935630, 232.773331, 1.000060
5, 278,2,217.808548, 217.796188, 119.126190, 64.333763,13.935630, 232.773331, 1.000057
5, 278,3,222.108643, 222.110947, 119.126190, 64.333763,13.935630, 232.773331, 0.999990
5, 278,4,52.249462, 52.244320, 119.126190, 64.333763,13.935630, 232.773331, 1.000098
5, 278,5,85.778191, 85.775749, 119.126190, 64.333763,13.935630, 232.773331, 1.000028
5, 278,6,41.861141, 41.870838, 119.126190, 64.333763,13.935630, 232.773331, 0.999768
5, 278,7,133.653824, 133.668854, 119.126190, 64.333763,13.935630, 232.773331, 0.999888
5, 278,8,156.687454, 156.694794, 119.126190, 64.333763,13.935630, 232.773331, 0.999953
5, 278,9,136.317017, 136.309113, 119.126190, 64.333763,13.935630, 232.773331, 1.000058
5, 278,10,65.500946, 65.487350, 119.126190, 64.333763,13.935630, 232.773331, 1.000208
5, 278,11,62.369812, 62.353775, 119.126190, 64.333763,13.935630, 232.773331, 1.000257
5, 278,12,162.596146, 162.586761, 119.126190, 64.333763,13.935630, 232.773331, 1.000058
5, 278,13,232.773331, 232.776245, 119.126190, 64.333763,13.935630, 232.773331, 0.999987
5, 278,14,53.138348, 53.140621, 119.126190, 64.333763,13.935630, 232.773331, 0.999957
5, 278,15,142.063187, 142.062134, 119.126190, 64.333763,13.935630, 232.773331, 1.000007
5, 278,16,133.893784, 133.898148, 119.126190, 64.333763,13.935630, 232.773331, 0.999967
5, 278,17,38.349342, 38.341213, 119.126190, 64.333763,13.935630, 232.773331, 1.000212
5, 278,18,197.674393, 197.674561, 119.126190, 64.333763,13.935630, 232.773331, 0.999999
5, 278,19,84.242111, 84.254112, 119.126190, 64.333763,13.935630, 232.773331, 0.999858
5, 278,20,179.985229, 179.991699, 119.126190, 64.333763,13.935630, 232.773331, 0.999964
5, 278,21,13.935630, 13.932612, 119.126190, 64.333763,13.935630, 232.773331, 1.000217
5, 278,22,50.684799, 50.694897, 119.126190, 64.333763,13.935630, 232.773331, 0.999801
5, 278,23,138.577118, 138.581146, 119.126190, 64.333763,13.935630, 232.773331, 0.999971
5, 278,24,220.340103, 220.346146, 119.126190, 64.333763,13.935630, 232.773331, 0.999973
5, 278,25,103.256538, 103.257111, 119.126190, 64.333763,13.935630, 232.773331, 0.999994
5, 278,26,105.360992, 105.369331, 119.126190, 64.333763,13.935630, 232.773331, 0.999921
5, 278,27,15.594844, 15.593204, 119.126190, 64.333763,13.935630, 232.773331, 1.000105
5, 278,28,171.413879, 171.403870, 119.126190, 64.333763,13.935630, 232.773331, 1.000058
5, 278,29,111.585426, 111.567017, 119.126190, 64.333763,13.935630, 232.773331, 1.000165
5, 278,30,119.394760, 119.383598, 119.126190, 64.333763,13.935630, 232.773331, 1.000093
5, 278,31,75.919411, 75.916420, 119.126190, 64.333763,13.935630, 232.773331, 1.000039
5, 279,0,153.720947, 153.719955, 119.123322, 65.984825,10.891330, 222.000717, 1.000006
5, 279,1,206.082626, 206.070770, 119.123322, 65.984825,10.891330, 222.000717, 1.000058
5, 279,2,204.535599, 204.540390, 119.123322, 65.984825,10.891330, 222.000717, 0.999977
5, 279,3,91.503952, 91.505943, 119.123322, 65.984825,10.891330, 222.000717, 0.999978
5, 279,4,55.461189, 55.457603, 119.123322, 65.984825,10.891330, 222.000717, 1.000065
5, 279,5,179.579788, 179.593826, 119.123322, 65.984825,10.891330, 222.000717, 0.999922
5, 279,6,218.993149, 218.981766, 119.123322, 65.984825,10.891330, 222.000717, 1.000052
5, 279,7,142.335617, 142.339355, 119.123322, 65.984825,10.891330, 222.000717, 0.999974
5, 279,8,135.504929, 135.510971, 119.123322, 65.984825,10.891330, 222.000717, 0.999955
5, 279,9,34.020905, 34.025738, 119.123322, 65.984825,10.891330, 222.000717, 0.999858
5, 279,10,119.917976, 119.941261, 119.123322, 65.984825,10.891330, 222.000717, 0.999806
5, 279,11,40.035828, 40.043526, 119.123322, 65.984825,10.891330, 222.000717, 0.999808
5, 279,12,10.891330, 10.888401, 119.123322, 65.984825,10.891330, 222.000717, 1.000269
5, 279,13,217.125214, 217.114182, 119.123322, 65.984825,10.891330, 222.000717, 1.000051
5, 279,14,136.831879, 136.833862, 119.123322, 65.984825,10.891330, 222.000717, 0.999986
5, 279,15,222.000717, 221.997147, 119.123322, 65.984825,10.891330, 222.000717, 1.000016
5, 279,16,198.510651, 198.516113, 119.123322, 65.984825,10.891330, 222.000717, 0.999972
5, 279,17,171.707565, 171.701981, 119.123322, 65.984825,10.891330, 222.000717, 1.000033
5, 279,18,128.817001, 128.812302, 119.123322, 65.984825,10.891330, 222.000717, 1.000036
5, 279,19,66.667542, 66.676102, 119.123322, 65.984825,10.891330, 222.000717, 0.999872
5, 279,20,64.270760, 64.270287, 119.123322, 65.984825,10.891330, 222.000717, 1.000007
5, 279,21,53.063698, 53.051788, 119.123322, 65.984825,10.891330, 222.000717, 1.000224
5, 279,22,90.480766, 90.474876, 119.123322, 65.984825,10.891330, 222.000717, 1.000065
5, 279,23,15.324914, 15.330406, 119.123322, 65.984825,10.891330, 222.000717, 0.999642
5, 279,24,90.228073, 90.234940, 119.123322, 65.984825,10.891330, 222.000717, 0.999924
5, 279,25,115.730591, 115.732704, 119.123322, 65.984825,10.891330, 222.000717, 0.999982
5, 279,26,211.490952, 211.491974, 119.123322, 65.984825,10.891330, 222.000717, 0.999995
5, 279,27,144.876404, 144.881348, 119.123322, 65.984825,10.891330, 222.000717, 0.999966
5, 279,28,126.683144, 126.691803, 119.123322, 65.984825,10.891330, 222.000717, 0.999932
5, 279,29,34.617809, 34.622330, 119.123322, 65.984825,10.891330, 222.000717, 0.999869
5, 279,30,71.641617, 71.636879, 119.123322, 65.984825,10.891330, 222.000717, 1.000066
5, 279,31,59.293339, 59.309502, 119.123322, 65.984825,10.891330, 222.000717, 0.999727
5, 280,0,60.601944, 60.598595, 119.124046, 59.261036,11.384690, 204.643036, 1.000055
5, 280,1,100.777687, 100.780205, 119.124046, 59.261036,11.384690, 204.643036, 0.999975
5, 280,2,56.782021, 56.787048, 119.124046, 59.261036,11.384690, 204.643036, 0.999911
5, 280,3,177.293121, 177.288696, 119.124046, 59.261036,11.384690, 204.643036, 1.000025
5, 280,4,105.118874, 105.122154, 119.124046, 59.261036,11.384690, 204.643036, 0.999969
5, 280,5,204.643036, 204.629440, 119.124046, 59.261036,11.384690, 204.643036, 1.000066
5, 280,6,125.947617, 125.949982, 119.124046, 59.261036,11.384690, 204.643036, 0.999981
5, 280,7,196.949905, 196.950836, 119.124046, 59.261036,11.384690, 204.643036, 0.999995
5, 280,8,107.109459, 107.114273, 119.124046, 59.261036,11.384690, 204.643036, 0.999955
5, 280,9,11.384690, 11.400034, 119.124046, 59.261036,11.384690, 204.643036, 0.998654
5, 280,10,67.876167, 67.876312, 119.124046, 59.261036,11.384690, 204.643036, 0.999998
5, 280,11,22.320002, 22.328938, 119.124046, 59.261036,11.384690, 204.643036, 0.999600
5, 280,12,177.995483, 177.991791, 119.124046, 59.261036,11.384690, 204.643036, 1.000021
5, 280,13,199.763275, 199.757080, 119.124046, 59.261036,11.384690, 204.643036, 1.000031
5, 280,14,163.284134, 163.282166, 119.124046, 59.261036,11.384690, 204.643036, 1.000012
5, 280,15,46.032032, 46.030838, 119.124046, 59.261036,11.384690, 204.643036, 1.000026
5, 280,16,184.838104, 184.831604, 119.124046, 59.261036,11.384690, 204.643036, 1.000035
5, 280,17,155.741333, 155.745422, 119.124046, 59.261036,11.384690, 204.643036, 0.999974
5, 280,18,138.827164, 138.834000, 119.124046, 59.261036,11.384690, 204.643036, 0.999951
5, 280,19,57.143814, 57.163269, 119.124046, 59.261036,11.384690, 204.643036, 0.999660
5, 280,20,114.292900, 114.299469, 119.124046, 59.261036,11.384690, 204.643036, 0.999943
5, 280,21,139.715408, 139.722122, 119.124046, 59.261036,11.384690, 204.643036, 0.999952
5, 280,22,68.105042, 68.110672, 119.124046, 59.261036,11.384690, 204.643036, 0.999917
5, 280,23,201.357834, 201.366806, 119.124046, 59.261036,11.384690, 204.643036, 0.999955
5, 280,24,148.062241, 148.060654, 119.124046, 59.261036,11.384690, 204.643036, 1.000011
5, 280,25,74.903801, 74.901146, 119.124046, 59.261036,11.384690, 204.643036, 1.000035
5, 280,26,90.389870, 90.400208, 119.124046, 59.261036,11.384690, 204.643036, 0.999886
5, 280,27,30.908251, 30.883331, 119.124046, 59.261036,11.384690, 204.643036, 1.000807
5, 280,28,203.390732, 203.383591, 119.124046, 59.261036,11.384690, 204.643036, 1.000035
5, 280,29,142.503754, 142.503693, 119.124046, 59.261036,11.384690, 204.643036, 1.000000
5, 280,30,166.194092, 166.199417, 119.124046, 59.261036,11.384690, 204.643036, 0.999968
5, 280,31,71.715805, 71.706360, 119.124046, 59.261036,11.384690, 204.643036, 1.000132
5, 281,0,220.533188, 220.519943, 119.126160, 71.201279,12.216993, 222.528442, 1.000060
5, 281,1,194.445572, 194.453018, 119.126160, 71.201279,12.216993, 222.528442, 0.999962
5, 281,2,189.298447, 189.298584, 119.126160, 71.201279,12.216993, 222.528442, 0.999999
5, 281,3,136.544846, 136.542526, 119.126160, 71.201279,12.216993, 222.528442, 1.000017
5, 281,4,59.257755, 59.252094, 119.126160, 71.201279,12.216993, 222.528442, 1.000095
5, 281,5,65.061684, 65.061493, 119.126160, 71.201279,12.216993, 222.528442, 1.000003
5, 281,6,197.549896, 197.550919, 119.126160, 71.201279,12.216993, 222.528442, 0.999995
5, 281,7,183.949463, 183.947647, 119.126160, 71.201279,12.216993, 222.528442, 1.000010
5, 281,8,113.453278, 113.455605, 119.126160, 71.201279,12.216993, 222.528442, 0.999979
5, 281,9,220.678604, 220.677139, 119.126160, 71.201279,12.216993, 222.528442, 1.000007
5, 281,10,131.169235, 131.171936, 119.126160, 71.201279,12.216993, 222.528442, 0.999979
5, 281,11,52.293137, 52.283447, 119.126160, 71.201279,12.216993, 222.528442, 1.000185
5, 281,12,176.676239, 176.677734, 119.126160, 71.201279,12.216993, 222.528442, 0.999992
5, 281,13,62.684685, 62.677475, 119.126160, 71.201279,12.216993, 222.528442, 1.000115
5, 281,14,181.980804, 181.982803, 119.126160, 71.201279,12.216993, 222.528442, 0.999989
5, 281,15,222.528442, 222.524094, 119.126160, 71.201279,12.216993, 222.528442, 1.000020
5, 281,16,36.327808, 36.342010, 119.126160, 71.201279,12.216993, 222.528442, 0.999609
5, 281,17,78.807579, 78.808846, 119.126160, 71.201279,12.216993, 222.528442, 0.999984
5, 281,18,87.766914, 87.761986, 119.126160, 71.201279,12.216993, 222.528442, 1.000056
5, 281,19,131.717728, 131.708984, 119.126160, 71.201279,12.216993, 222.528442, 1.000066
5, 281,20,172.147995, 172.138947, 119.126160, 71.201279,12.216993, 222.528442, 1.000053
5, 281,21,204.164261, 204.159363, 119.126160, 71.201279,12.216993, 222.528442, 1.000024
5, 281,22,105.794144, 105.799248, 119.126160, 71.201279,12.216993, 222.528442, 0.999952
5, 281,23,215.272858, 215.267273, 119.126160, 71.201279,12.216993, 222.528442, 1.000026
5, 281,24,55.458004, 55.459946, 119.126160, 71.201279,12.216993, 222.528442, 0.999965
5, 281,25,13.477766, 13.484324, 119.126160, 71.201279,12.216993, 222.528442, 0.999514
5, 281,26,140.856659, 140.858612, 119.126160, 71.201279,12.216993, 222.528442, 0.999986
5, 281,27,43.090824, 43.087978, 119.126160, 71.201279,12.216993, 222.528442, 1.000066
5, 281,28,12.216993, 12.220274, 119.126160, 71.201279,12.216993, 222.528442, 0.999732
5, 281,29,27.243948, 27.238234, 119.126160, 71.201279,12.216993, 222.528442, 1.000210
5, 281,30,38.803699, 38.811165, 119.126160, 71.201279,12.216993, 222.528442, 0.999808
5, 281,31,40.784698, 40.776012, 119.126160, 71.201279,12.216993, 222.528442, 1.000213
5, 282,0,60.931469, 60.918224, 119.124741, 67.073639,10.798809, 224.936890, 1.000217
5, 282,1,94.860901, 94.854118, 119.124741, 67.073639,10.798809, 224.936890, 1.000072
5, 282,2,94.539078, 94.537491, 119.124741, 67.073639,10.798809, 224.936890, 1.000017
5, 282,3,16.084526, 16.094933, 119.124741, 67.073639,10.798809, 224.936890, 0.999353
5, 282,4,168.054230, 168.050858, 119.124741, 67.073639,10.798809, 224.936890, 1.000020
5, 282,5,101.710121, 101.704605, 119.124741, 67.073639,10.798809, 224.936890, 1.000054
5, 282,6,10.798809, 10.784353, 119.124741, 67.073639,10.798809, 224.936890, 1.001340
5, 282,7,50.338512, 50.325851, 119.124741, 67.073639,10.798809, 224.936890, 1.000252
5, 282,8,50.029190, 50.030819, 119.124741, 67.073639,10.798809, 224.936890, 0.999967
5, 282,9,142.980896, 142.973129, 119.124741, 67.073639,10.798809, 224.936890, 1.000054
5, 282,10,15.235495, 15.245815, 119.124741, 67.073639,10.798809, 224.936890, 0.999323
5, 282,11,196.028351, 196.035736, 119.124741, 67.073639,10.798809, 224.936890, 0.999962
5, 282,12,97.700714, 97.682106, 119.124741, 67.073639,10.798809, 224.936890, 1.000190
5, 282,13,139.629959, 139.634232, 119.124741, 67.073639,10.798809, 224.936890, 0.999969
5, 282,14,12.140798, 12.137184, 119.124741, 67.073639,10.798809, 224.936890, 1.000298
5, 282,15,206.468231, 206.476990, 119.124741, 67.073639,10.798809, 224.936890, 0.999958
5, 282,16,177.704056, 177.693359, 119.124741, 67.073639,10.798809, 224.936890, 1.000060
5, 282,17,164.771652, 164.762329, 119.124741, 67.073639,10.798809, 224.936890, 1.000057
5, 282,18,173.381134, 173.390228, 119.124741, 67.073639,10.798809, 224.936890, 0.999948
5, 282,19,160.959854, 160.977280, 119.124741, 67.073639,10.798809, 224.936890, 0.999892
5, 282,20,35.154461, 35.164078, 119.124741, 67.073639,10.798809, 224.936890, 0.999727
5, 282,21,208.513672, 208.520615, 119.124741, 67.073639,10.798809, 224.936890, 0.999967
5, 282,22,140.333969, 140.346619, 119.124741, 67.073639,10.798809, 224.936890, 0.999910
5, 282,23,59.796474, 59.802860, 119.124741, 67.073639,10.798809, 224.936890, 0.999893
5, 282,24,184.787628, 184.781342, 119.124741, 67.073639,10.798809, 224.936890, 1.000034
5, 282,25,127.918617, 127.926491, 119.124741, 67.073639,10.798809, 224.936890, 0.999938
5, 282,26,29.379757, 29.385769, 119.124741, 67.073639,10.798809, 224.936890, 0.999795
5, 282,27,137.900055, 137.900024, 119.124741, 67.073639,10.798809, 224.936890, 1.000000
5, 282,28,173.700897, 173.699631, 119.124741, 67.073639,10.798809, 224.936890, 1.000007
5, 282,29,171.754593, 171.756744, 119.124741, 67.073639,10.798809, 224.936890, 0.999987
5, 282,30,183.466858, 183.471695, 119.124741, 67.073639,10.798809, 224.936890, 0.999974
5, 282,31,224.936890, 224.934494, 119.124741, 67.073639,10.798809, 224.936890, 1.000011
5, 283,0,172.033676, 172.033371, 119.126282, 71.116287,21.466831, 235.093842, 1.000002
5, 283,1,224.185669, 224.181473, 119.126282, 71.116287,21.466831, 235.093842, 1.000019
5, 283,2,30.099558, 30.098244, 119.126282, 71.116287,21.466831, 235.093842, 1.000044
5, 283,3,129.739731, 129.746216, 119.126282, 71.116287,21.466831, 235.093842, 0.999950
5, 283,4,210.786499, 210.780319, 119.126282, 71.116287,21.466831, 235.093842, 1.000029
5, 283,5,90.271774, 90.267532, 119.126282, 71.116287,21.466831, 235.093842, 1.000047
5, 283,6,64.268867, 64.273621, 119.126282, 71.116287,21.466831, 235.093842, 0.999926
5, 283,7,108.119759, 108.121796, 119.126282, 71.116287,21.466831, 235.093842, 0.999981
5, 283,8,129.748032, 129.746216, 119.126282, 71.116287,21.466831, 235.093842, 1.000014
5, 283,9,24.055065, 24.056225, 119.126282, 71.116287,21.466831, 235.093842, 0.999952
5, 283,10,235.093842, 235.094742, 119.126282, 71.116287,21.466831, 235.093842, 0.999996
5, 283,11,34.566833, 34.565292, 119.126282, 71.116287,21.466831, 235.093842, 1.000045
5, 283,12,22.487789, 22.481258, 119.126282, 71.116287,21.466831, 235.093842, 1.000291
5, 283,13,190.089737, 190.103668, 119.126282, 71.116287,21.466831, 235.093842, 0.999927
5, 283,14,197.544876, 197.539444, 119.126282, 71.116287,21.466831, 235.093842, 1.000028
5, 283,15,155.725845, 155.726196, 119.126282, 71.116287,21.466831, 235.093842, 0.999998
5, 283,16,30.003780, 30.007647, 119.126282, 71.116287,21.466831, 235.093842, 0.999871
5, 283,17,148.487549, 148.485535, 119.126282, 71.116287,21.466831, 235.093842, 1.000014
5, 283,18,65.883537, 65.883423, 119.126282, 71.116287,21.466831, 235.093842, 1.000002
5, 283,19,205.602417, 205.581543, 119.126282, 71.116287,21.466831, 235.093842, 1.000102
5, 283,20,149.084335, 149.077896, 119.126282, 71.116287,21.466831, 235.093842, 1.000043
5, 283,21,143.713150, 143.718826, 119.126282, 71.116287,21.466831, 235.093842, 0.999960
5, 283,22,115.159058, 115.167328, 119.126282, 71.116287,21.466831, 235.093842, 0.999928
5, 283,23,101.313759, 101.313194, 119.126282, 71.116287,21.466831, 235.093842, 1.000006
5, 283,24,113.950607, 113.954742, 119.126282, 71.116287,21.466831, 235.093842, 0.999964
5, 283,25,117.613831, 117.620377, 119.126282, 71.116287,21.466831, 235.093842, 0.999944
5, 283,26,231.458481, 231.463959, 119.126282, 71.116287,21.466831, 235.093842, 0.999976
5, 283,27,22.437550, 22.425508, 119.126282, 71.116287,21.466831, 235.093842, 1.000537
5, 283,28,215.391769, 215.386765, 119.126282, 71.116287,21.466831, 235.093842, 1.000023
5, 283,29,21.466831, 21.442898, 119.126282, 71.116287,21.466831, 235.093842, 1.001116
5, 283,30,31.716263, 31.715023, 119.126282, 71.116287,21.466831, 235.093842, 1.000039
5, 283,31,79.940414, 79.939651, 119.126282, 71.116287,21.466831, 235.093842, 1.000010
5, 284,0,144.815613, 144.813248, 119.126991, 62.855522,11.914570, 219.647812, 1.000016
5, 284,1,88.530678, 88.531403, 119.126991, 62.855522,11.914570, 219.647812, 0.999992
5, 284,2,219.647812, 219.635284, 119.126991, 62.855522,11.914570, 219.647812, 1.000057
5, 284,3,119.289253, 119.284081, 119.126991, 62.855522,11.914570, 219.647812, 1.000043
5, 284,4,193.902496, 193.907776, 119.126991, 62.855522,11.914570, 219.647812, 0.999973
5, 284,5,100.379837, 100.366989, 119.126991, 62.855522,11.914570, 219.647812, 1.000128
5, 284,6,11.914570, 11.910885, 119.126991, 62.855522,11.914570, 219.647812, 1.000309
5, 284,7,127.180389, 127.178886, 119.126991, 62.855522,11.914570, 219.647812, 1.000012
5, 284,8,212.103699, 212.104156, 119.126991, 62.855522,11.914570, 219.647812, 0.999998
5, 284,9,132.143021, 132.131317, 119.126991, 62.855522,11.914570, 219.647812, 1.000089
5, 284,10,104.823769, 104.823517, 119.126991, 62.855522,11.914570, 219.647812, 1.000002
5, 284,11,108.562958, 108.552719, 119.126991, 62.855522,11.914570, 219.647812, 1.000094
5, 284,12,46.610939, 46.610962, 119.126991, 62.855522,11.914570, 219.647812, 1.000000
5, 284,13,49.041302, 49.037590, 119.126991, 62.855522,11.914570, 219.647812, 1.000076
5, 284,14,190.674988, 190.667862, 119.126991, 62.855522,11.914570, 219.647812, 1.000037
5, 284,15,197.900436, 197.888229, 119.126991, 62.855522,11.914570, 219.647812, 1.000062
5, 284,16,35.054230, 35.053085, 119.126991, 62.855522,11.914570, 219.647812, 1.000033
5, 284,17,189.919449, 189.920700, 119.126991, 62.855522,11.914570, 219.647812, 0.999993
5, 284,18,72.722290, 72.721970, 119.126991, 62.855522,11.914570, 219.647812, 1.000004
5, 284,19,150.922958, 150.929398, 119.126991, 62.855522,11.914570, 219.647812, 0.999957
5, 284,20,55.063400, 55.067783, 119.126991, 62.855522,11.914570, 219.647812, 0.999920
5, 284,21,128.964554, 128.957535, 119.126991, 62.855522,11.914570, 219.647812, 1.000054
5, 284,22,48.920033, 48.918571, 119.126991, 62.855522,11.914570, 219.647812, 1.000030
5, 284,23,170.847076, 170.851517, 119.126991, 62.855522,11.914570, 219.647812, 0.999974
5, 284,24,214.522797, 214.510941, 119.126991, 62.855522,11.914570, 219.647812, 1.000055
5, 284,25,98.713409, 98.713974, 119.126991, 62.855522,11.914570, 219.647812, 0.999994
5, 284,26,28.052639, 28.057529, 119.126991, 62.855522,11.914570, 219.647812, 0.999826
5, 284,27,120.026367, 120.024643, 119.126991, 62.855522,11.914570, 219.647812, 1.000014
5, 284,28,101.637566, 101.643120, 119.126991, 62.855522,11.914570, 219.647812, 0.999945
5, 284,29,16.774641, 16.783972, 119.126991, 62.855522,11.914570, 219.647812, 0.999444
5, 284,30,202.062653, 202.067047, 119.126991, 62.855522,11.914570, 219.647812, 0.999978
5, 284,31,130.338333, 130.332825, 119.126991, 62.855522,11.914570, 219.647812, 1.000042
5, 285,0,107.296249, 107.289940, 119.122307, 58.401730,13.187251, 195.048447, 1.000059
5, 285,1,44.311623, 44.302731, 119.122307, 58.401730,13.187251, 195.048447, 1.000201
5, 285,2,121.586464, 121.583687, 119.122307, 58.401730,13.187251, 195.048447, 1.000023
5, 285,3,87.823105, 87.817116, 119.122307, 58.401730,13.187251, 195.048447, 1.000068
5, 285,4,99.264954, 99.276077, 119.122307, 58.401730,13.187251, 195.048447, 0.999888
5, 285,5,36.086872, 36.089241, 119.122307, 58.401730,13.187251, 195.048447, 0.999934
5, 285,6,179.123352, 179.123749, 119.122307, 58.401730,13.187251, 195.048447, 0.999998
5, 285,7,195.046936, 195.048798, 119.122307, 58.401730,13.187251, 195.048447, 0.999990
5, 285,8,45.179504, 45.192524, 119.122307, 58.401730,13.187251, 195.048447, 0.999712
5, 285,9,185.815948, 185.814331, 119.122307, 58.401730,13.187251, 195.048447, 1.000009
5, 285,10,13.187251, 13.182728, 119.122307, 58.401730,13.187251, 195.048447, 1.000343
5, 285,11,40.651627, 40.663696, 119.122307, 58.401730,13.187251, 195.048447, 0.999703
5, 285,12,190.380661, 190.383072, 119.122307, 58.401730,13.187251, 195.048447, 0.999987
5, 285,13,51.775135, 51.774727, 119.122307, 58.401730,13.187251, 195.048447, 1.000008
5, 285,14,159.341217, 159.354324, 119.122307, 58.401730,13.187251, 195.048447, 0.999918
5, 285,15,105.993423, 106.006577, 119.122307, 58.401730,13.187251, 195.048447, 0.999876
5, 285,16,22.136818, 22.149120, 119.122307, 58.401730,13.187251, 195.048447, 0.999445
5, 285,17,153.709518, 153.707565, 119.122307, 58.401730,13.187251, 195.048447, 1.000013
5, 285,18,151.138062, 151.140854, 119.122307, 58.401730,13.187251, 195.048447, 0.999982
5, 285,19,101.267227, 101.261002, 119.122307, 58.401730,13.187251, 195.048447, 1.000062
5, 285,20,151.198547, 151.197876, 119.122307, 58.401730,13.187251, 195.048447, 1.000004
5, 285,21,89.784264, 89.784935, 119.122307, 58.401730,13.187251, 195.048447, 0.999993
5, 285,22,173.778824, 173.779282, 119.122307, 58.401730,13.187251, 195.048447, 0.999997
5, 285,23,195.048447, 195.043106, 119.122307, 58.401730,13.187251, 195.048447, 1.000027
5, 285,24,48.044170, 48.050133, 119.122307, 58.401730,13.187251, 195.048447, 0.999876
5, 285,25,117.587769, 117.591019, 119.122307, 58.401730,13.187251, 195.048447, 0.999972
5, 285,26,176.311874, 176.311768, 119.122307, 58.401730,13.187251, 195.048447, 1.000001
5, 285,27,150.442566, 150.450684, 119.122307, 58.401730,13.187251, 195.048447, 0.999946
5, 285,28,190.977509, 190.981979, 119.122307, 58.401730,13.187251, 195.048447, 0.999977
5, 285,29,153.808594, 153.810226, 119.122307, 58.401730,13.187251, 195.048447, 0.999989
5, 285,30,185.722519, 185.723053, 119.122307, 58.401730,13.187251, 195.048447, 0.999997
5, 285,31,88.093307, 88.113716, 119.122307, 58.401730,13.187251, 195.048447, 0.999768
5, 286,0,95.654167, 95.644493, 119.124084, 61.060780,12.144322, 208.103134, 1.000101
5, 286,1,176.183197, 176.185486, 119.124084, 61.060780,12.144322, 208.103134, 0.999987
5, 286,2,62.751972, 62.752239, 119.124084, 61.060780,12.144322, 208.103134, 0.999996
5, 286,3,178.329330, 178.345993, 119.124084, 61.060780,12.144322, 208.103134, 0.999907
5, 286,4,139.482895, 139.498505, 119.124084, 61.060780,12.144322, 208.103134, 0.999888
5, 286,5,90.363510, 90.367882, 119.124084, 61.060780,12.144322, 208.103134, 0.999952
5, 286,6,162.084503, 162.086823, 119.124084, 61.060780,12.144322, 208.103134, 0.999986
5, 286,7,190.213165, 190.221817, 119.124084, 61.060780,12.144322, 208.103134, 0.999955
5, 286,8,121.249306, 121.251961, 119.124084, 61.060780,12.144322, 208.103134, 0.999978
5, 286,9,201.526764, 201.529831, 119.124084, 61.060780,12.144322, 208.103134, 0.999985
5, 286,10,14.304201, 14.300228, 119.124084, 61.060780,12.144322, 208.103134, 1.000278
5, 286,11,146.070831, 146.076965, 119.124084, 61.060780,12.144322, 208.103134, 0.999958
5, 286,12,146.052170, 146.049271, 119.124084, 61.060780,12.144322, 208.103134, 1.000020
5, 286,13,168.654449, 168.665283, 119.124084, 61.060780,12.144322, 208.103134, 0.999936
5, 286,14,151.926239, 151.914459, 119.124084, 61.060780,12.144322, 208.103134, 1.000077
5, 286,15,33.239544, 33.225388, 119.124084, 61.060780,12.144322, 208.103134, 1.000426
5, 286,16,148.793961, 148.798355, 119.124084, 61.060780,12.144322, 208.103134, 0.999970
5, 286,17,156.081177, 156.076218, 119.124084, 61.060780,12.144322, 208.103134, 1.000032
5, 286,18,61.277969, 61.277283, 119.124084, 61.060780,12.144322, 208.103134, 1.000011
5, 286,19,206.815063, 206.806442, 119.124084, 61.060780,12.144322, 208.103134, 1.000042
5, 286,20,12.144322, 12.139728, 119.124084, 61.060780,12.144322, 208.103134, 1.000378
5, 286,21,54.224403, 54.221031, 119.124084, 61.060780,12.144322, 208.103134, 1.000062
5, 286,22,208.103134, 208.101349, 119.124084, 61.060780,12.144322, 208.103134, 1.000009
5, 286,23,106.504509, 106.502396, 119.124084, 61.060780,12.144322, 208.103134, 1.000020
5, 286,24,154.518936, 154.511230, 119.124084, 61.060780,12.144322, 208.103134, 1.000050
5, 286,25,12.737216, 12.735250, 119.124084, 61.060780,12.144322, 208.103134, 1.000154
5, 286,26,126.299934, 126.306984, 119.124084, 61.060780,12.144322, 208.103134, 0.999944
5, 286,27,161.003448, 161.013519, 119.124084, 61.060780,12.144322, 208.103134, 0.999937
5, 286,28,42.909782, 42.913021, 119.124084, 61.060780,12.144322, 208.103134, 0.999925
5, 286,29,165.586594, 165.590714, 119.124084, 61.060780,12.144322, 208.103134, 0.999975
5, 286,30,65.086334, 65.092781, 119.124084, 61.060780,12.144322, 208.103134, 0.999901
5, 286,31,51.797344, 51.797390, 119.124084, 61.060780,12.144322, 208.103134, 0.999999
5, 287,0,130.095840, 130.089691, 119.124107, 58.612148,21.041601, 218.693954, 1.000047
5, 287,1,35.528122, 35.531235, 119.124107, 58.612148,21.041601, 218.693954, 0.999912
5, 287,2,175.056793, 175.072083, 119.124107, 58.612148,21.041601, 218.693954, 0.999913
5, 287,3,218.693954, 218.689804, 119.124107, 58.612148,21.041601, 218.693954, 1.000019
5, 287,4,186.171173, 186.175125, 119.124107, 58.612148,21.041601, 218.693954, 0.999979
5, 287,5,47.251911, 47.242928, 119.124107, 58.612148,21.041601, 218.693954, 1.000190
5, 287,6,53.168533, 53.169247, 119.124107, 58.612148,21.041601, 218.693954, 0.999987
5, 287,7,115.282776, 115.277100, 119.124107, 58.612148,21.041601, 218.693954, 1.000049
5, 287,8,103.322784, 103.328346, 119.124107, 58.612148,21.041601, 218.693954, 0.999946
5, 287,9,158.407318, 158.395096, 119.124107, 58.612148,21.041601, 218.693954, 1.000077
5, 287,10,92.898148, 92.898018, 119.124107, 58.612148,21.041601, 218.693954, 1.000001
5, 287,11,43.047066, 43.072079, 119.124107, 58.612148,21.041601, 218.693954, 0.999419
5, 287,12,38.357319, 38.350243, 119.124107, 58.612148,21.041601, 218.693954, 1.000185
5, 287,13,150.453995, 150.469849, 119.124107, 58.612148,21.041601, 218.693954, 0.999895
5, 287,14,89.250259, 89.258942, 119.124107, 58.612148,21.041601, 218.693954, 0.999903
5, 287,15,154.662964, 154.666321, 119.124107, 58.612148,21.041601, 218.693954, 0.999978
5, 287,16,185.941452, 185.938065, 119.124107, 58.612148,21.041601, 218.693954, 1.000018
5, 287,17,106.214722, 106.211426, 119.124107, 58.612148,21.041601, 218.693954, 1.000031
5, 287,18,207.871399, 207.855850, 119.124107, 58.612148,21.041601, 218.693954, 1.000075
5, 287,19,76.359489, 76.361992, 119.124107, 58.612148,21.041601, 218.693954, 0.999967
5, 287,20,143.146103, 143.146820, 119.124107, 58.612148,21.041601, 218.693954, 0.999995
5, 287,21,33.139496, 33.135078, 119.124107, 58.612148,21.041601, 218.693954, 1.000133
5, 287,22,146.182510, 146.183655, 119.124107, 58.612148,21.041601, 218.693954, 0.999992
5, 287,23,190.929901, 190.928986, 119.124107, 58.612148,21.041601, 218.693954, 1.000005
5, 287,24,21.041601, 21.032570, 119.124107, 58.612148,21.041601, 218.693954, 1.000429
5, 287,25,123.819359, 123.823814, 119.124107, 58.612148,21.041601, 218.693954, 0.999964
5, 287,26,163.485046, 163.482117, 119.124107, 58.612148,21.041601, 218.693954, 1.000018
5, 287,27,43.858093, 43.872932, 119.124107, 58.612148,21.041601, 218.693954, 0.999662
5, 287,28,108.468483, 108.466629, 119.124107, 58.612148,21.041601, 218.693954, 1.000017
5, 287,29,111.274109, 111.279228, 119.124107, 58.612148,21.041601, 218.693954, 0.999954
5, 287,30,206.726944, 206.741074, 119.124107, 58.612148,21.041601, 218.693954, 0.999932
5, 287,31,151.863724, 151.853714, 119.124107, 58.612148,21.041601, 218.693954, 1.000066
5, 288,0,194.779068, 194.784882, 119.124306, 62.100456,11.429889, 217.019150, 0.999970
5, 288,1,60.882610, 60.887936, 119.124306, 62.100456,11.429889, 217.019150, 0.999913
5, 288,2,181.766663, 181.766586, 119.124306, 62.100456,11.429889, 217.019150, 1.000000
5, 288,3,158.890121, 158.899033, 119.124306, 62.100456,11.429889, 217.019150, 0.999944
5, 288,4,197.010147, 197.009521, 119.124306, 62.100456,11.429889, 217.019150, 1.000003
5, 288,5,11.429889, 11.432392, 119.124306, 62.100456,11.429889, 217.019150, 0.999781
5, 288,6,127.903816, 127.925148, 119.124306, 62.100456,11.429889, 217.019150, 0.999833
5, 288,7,49.675415, 49.682320, 119.124306, 62.100456,11.429889, 217.019150, 0.999861
5, 288,8,23.077938, 23.081667, 119.124306, 62.100456,11.429889, 217.019150, 0.999838
5, 288,9,164.326752, 164.318024, 119.124306, 62.100456,11.429889, 217.019150, 1.000053
5, 288,10,166.266403, 166.270142, 119.124306, 62.100456,11.429889, 217.019150, 0.999978
5, 288,11,64.947815, 64.937927, 119.124306, 62.100456,11.429889, 217.019150, 1.000152
5, 288,12,122.274139, 122.265289, 119.124306, 62.100456,11.429889, 217.019150, 1.000072
5, 288,13,108.887550, 108.885735, 119.124306, 62.100456,11.429889, 217.019150, 1.000017
5, 288,14,67.385651, 67.397079, 119.124306, 62.100456,11.429889, 217.019150, 0.999830
5, 288,15,188.807892, 188.820816, 119.124306, 62.100456,11.429889, 217.019150, 0.999932
5, 288,16,58.304195, 58.295685, 119.124306, 62.100456,11.429889, 217.019150, 1.000146
5, 288,17,217.019150, 217.024979, 119.124306, 62.100456,11.429889, 217.019150, 0.999973
5, 288,18,176.417480, 176.410965, 119.124306, 62.100456,11.429889, 217.019150, 1.000037
5, 288,19,91.923058, 91.925201, 119.124306, 62.100456,11.429889, 217.019150, 0.999977
5, 288,20,51.614613, 51.615414, 119.124306, 62.100456,11.429889, 217.019150, 0.999985
5, 288,21,157.689026, 157.688461, 119.124306, 62.100456,11.429889, 217.019150, 1.000004
5, 288,22,184.075089, 184.079971, 119.124306, 62.100456,11.429889, 217.019150, 0.999973
5, 288,23,143.879868, 143.877930, 119.124306, 62.100456,11.429889, 217.019150, 1.000013
5, 288,24,148.264694, 148.270172, 119.124306, 62.100456,11.429889, 217.019150, 0.999963
5, 288,25,170.084686, 170.079285, 119.124306, 62.100456,11.429889, 217.019150, 1.000032
5, 288,26,213.760483, 213.773560, 119.124306, 62.100456,11.429889, 217.019150, 0.999939
5, 288,27,47.707005, 47.711201, 119.124306, 62.100456,11.429889, 217.019150, 0.999912
5, 288,28,85.277893, 85.263947, 119.124306, 62.100456,11.429889, 217.019150, 1.000164
5, 288,29,39.768944, 39.763329, 119.124306, 62.100456,11.429889, 217.019150, 1.000141
5, 288,30,76.949532, 76.929459, 119.124306, 62.100456,11.429889, 217.019150, 1.000261
5, 288,31,60.930447, 60.925964, 119.124306, 62.100456,11.429889, 217.019150, 1.000074
5, 289,0,109.489929, 109.495186, 119.124931, 49.384624,25.969101, 194.791580, 0.999952
5, 289,1,158.157684, 158.146851, 119.124931, 49.384624,25.969101, 194.791580, 1.000069
5, 289,2,120.432564, 120.437164, 119.124931, 49.384624,25.969101, 194.791580, 0.999962
5, 289,3,102.593010, 102.593964, 119.124931, 49.384624,25.969101, 194.791580, 0.999991
5, 289,4,63.016293, 63.006351, 119.124931, 49.384624,25.969101, 194.791580, 1.000158
5, 289,5,109.380203, 109.378914, 119.124931, 49.384624,25.969101, 194.791580, 1.000012
5, 289,6,194.791580, 194.786758, 119.124931, 49.384624,25.969101, 194.791580, 1.000025
5, 289,7,100.236008, 100.233475, 119.124931, 49.384624,25.969101, 194.791580, 1.000025
5, 289,8,155.506165, 155.518921, 119.124931, 49.384624,25.969101, 194.791580, 0.999918
5, 289,9,190.609299, 190.612289, 119.124931, 49.384624,25.969101, 194.791580, 0.999984
5, 289,10,77.745323, 77.739059, 119.124931, 49.384624,25.969101, 194.791580, 1.000081
5, 289,11,82.194695, 82.198410, 119.124931, 49.384624,25.969101, 194.791580, 0.999955
5, 289,12,141.715851, 141.716446, 119.124931, 49.384624,25.969101, 194.791580, 0.999996
5, 289,13,151.858215, 151.856079, 119.124931, 49.384624,25.969101, 194.791580, 1.000014
5, 289,14,143.184677, 143.187393, 119.124931, 49.384624,25.969101, 194.791580, 0.999981
5, 289,15,150.342239, 150.332809, 119.124931, 49.384624,25.969101, 194.791580, 1.000063
5, 289,16,141.461685, 141.454819, 119.124931, 49.384624,25.969101, 194.791580, 1.000049
5, 289,17,167.186859, 167.187637, 119.124931, 49.384624,25.969101, 194.791580, 0.999995
5, 289,18,77.699966, 77.709991, 119.124931, 49.384624,25.969101, 194.791580, 0.999871
5, 289,19,142.126373, 142.111801, 119.124931, 49.384624,25.969101, 194.791580, 1.000103
5, 289,20,45.201832, 45.198032, 119.124931, 49.384624,25.969101, 194.791580, 1.000084
5, 289,21,165.711792, 165.693436, 119.124931, 49.384624,25.969101, 194.791580, 1.000111
5, 289,22,54.354164, 54.360912, 119.124931, 49.384624,25.969101, 194.791580, 0.999876
5, 289,23,133.839050, 133.821014, 119.124931, 49.384624,25.969101, 194.791580, 1.000135
5, 289,24,28.636406, 28.645536, 119.124931, 49.384624,25.969101, 194.791580, 0.999681
5, 289,25,25.969101, 25.965279, 119.124931, 49.384624,25.969101, 194.791580, 1.000147
5, 289,26,77.603653, 77.611145, 119.124931, 49.384624,25.969101, 194.791580, 0.999903
5, 289,27,143.372299, 143.379257, 119.124931, 49.384624,25.969101, 194.791580, 0.999951
5, 289,28,39.233631, 39.244480, 119.124931, 49.384624,25.969101, 194.791580, 0.999724
5, 289,29,187.768646, 187.792496, 119.124931, 49.384624,25.969101, 194.791580, 0.999873
5, 289,30,172.592056, 172.600479, 119.124931, 49.384624,25.969101, 194.791580, 0.999951
5, 289,31,157.986664, 157.984055, 119.124931, 49.384624,25.969101, 194.791580, 1.000017
5, 290,0,24.197111, 24.193527, 119.125130, 62.302158,24.197111, 218.598923, 1.000148
5, 290,1,47.024708, 47.020168, 119.125130, 62.302158,24.197111, 218.598923, 1.000097
5, 290,2,204.883743, 204.878174, 119.125130, 62.302158,24.197111, 218.598923, 1.000027
5, 290,3,201.248642, 201.259079, 119.125130, 62.302158,24.197111, 218.598923, 0.999948
5, 290,4,94.760727, 94.769043, 119.125130, 62.302158,24.197111, 218.598923, 0.999912
5, 290,5,153.641083, 153.619476, 119.125130, 62.302158,24.197111, 218.598923, 1.000141
5, 290,6,174.602859, 174.607651, 119.125130, 62.302158,24.197111, 218.598923, 0.999973
5, 290,7,113.426033, 113.430199, 119.125130, 62.302158,24.197111, 218.598923, 0.999963
5, 290,8,88.265038, 88.263680, 119.125130, 62.302158,24.197111, 218.598923, 1.000015
5, 290,9,30.715851, 30.731035, 119.125130, 62.302158,24.197111, 218.598923, 0.999506
5, 290,10,36.208244, 36.214317, 119.125130, 62.302158,24.197111, 218.598923, 0.999832
5, 290,11,218.598923, 218.602432, 119.125130, 62.302158,24.197111, 218.598923, 0.999984
5, 290,12,87.703445, 87.710854, 119.125130, 62.302158,24.197111, 218.598923, 0.999916
5, 290,13,90.034431, 90.037872, 119.125130, 62.302158,24.197111, 218.598923, 0.999962
5, 290,14,47.763996, 47.752983, 119.125130, 62.302158,24.197111, 218.598923, 1.000231
5, 290,15,213.374557, 213.369858, 119.125130, 62.302158,24.197111, 218.598923, 1.000022
5, 290,16,117.715363, 117.724251, 119.125130, 62.302158,24.197111, 218.598923, 0.999924
5, 290,17,71.059937, 71.074600, 119.125130, 62.302158,24.197111, 218.598923, 0.999794
5, 290,18,181.496521, 181.492279, 119.125130, 62.302158,24.197111, 218.598923, 1.000023
5, 290,19,185.966980, 185.959900, 119.125130, 62.302158,24.197111, 218.598923, 1.000038
5, 290,20,214.405167, 214.398392, 119.125130, 62.302158,24.197111, 218.598923, 1.000032
5, 290,21,121.498215, 121.504044, 119.125130, 62.302158,24.197111, 218.598923, 0.999952
5, 290,22,174.323639, 174.324799, 119.125130, 62.302158,24.197111, 218.598923, 0.999993
5, 290,23,70.065933, 70.065369, 119.125130, 62.302158,24.197111, 218.598923, 1.000008
5, 290,24,89.279007, 89.279335, 119.125130, 62.302158,24.197111, 218.598923, 0.999996
5, 290,25,146.610626, 146.606277, 119.125130, 62.302158,24.197111, 218.598923, 1.000030
5, 290,26,136.498047, 136.494675, 119.125130, 62.302158,24.197111, 218.598923, 1.000025
5, 290,27,162.087601, 162.085464, 119.125130, 62.302158,24.197111, 218.598923, 1.000013
5, 290,28,26.223913, 26.211992, 119.125130, 62.302158,24.197111, 218.598923, 1.000455
5, 290,29,93.909798, 93.894806, 119.125130, 62.302158,24.197111, 218.598923, 1.000160
5, 290,30,39.989037, 39.994118, 119.125130, 62.302158,24.197111, 218.598923, 0.999873
5, 290,31,154.424622, 154.429443, 119.125130, 62.302158,24.197111, 218.598923, 0.999969
5, 291,0,119.011543, 119.002846, 119.126572, 50.853920,18.852621, 207.020660, 1.000073
5, 291,1,149.380844, 149.386154, 119.126572, 50.853920,18.852621, 207.020660, 0.999964
5, 291,2,92.564156, 92.565926, 119.126572, 50.853920,18.852621, 207.020660, 0.999981
5, 291,3,137.823395, 137.823532, 119.126572, 50.853920,18.852621, 207.020660, 0.999999
5, 291,4,135.479736, 135.460724, 119.126572, 50.853920,18.852621, 207.020660, 1.000140
5, 291,5,160.093338, 160.094131, 119.126572, 50.853920,18.852621, 207.020660, 0.999995
5, 291,6,118.705574, 118.713776, 119.126572, 50.853920,18.852621, 207.020660, 0.999931
5, 291,7,198.683731, 198.684387, 119.126572, 50.853920,18.852621, 207.020660, 0.999997
5, 291,8,34.049938, 34.055283, 119.126572, 50.853920,18.852621, 207.020660, 0.999843
5, 291,9,164.869843, 164.863724, 119.126572, 50.853920,18.852621, 207.020660, 1.000037
5, 291,10,140.847702, 140.852432, 119.126572, 50.853920,18.852621, 207.020660, 0.999966
5, 291,11,137.557251, 137.540741, 119.126572, 50.853920,18.852621, 207.020660, 1.000120
5, 291,12,63.760418, 63.747337, 119.126572, 50.853920,18.852621, 207.020660, 1.000205
5, 291,13,127.177063, 127.184654, 119.126572, 50.853920,18.852621, 207.020660, 0.999940
5, 291,14,93.680435, 93.684479, 119.126572, 50.853920,18.852621, 207.020660, 0.999957
5, 291,15,160.029495, 160.018738, 119.126572, 50.853920,18.852621, 207.020660, 1.000067
5, 291,16,93.190758, 93.200607, 119.126572, 50.853920,18.852621, 207.020660, 0.999894
5, 291,17,116.994225, 116.998238, 119.126572, 50.853920,18.852621, 207.020660, 0.999966
5, 291,18,18.852621, 18.835352, 119.126572, 50.853920,18.852621, 207.020660, 1.000917
5, 291,19,107.564911, 107.559624, 119.126572, 50.853920,18.852621, 207.020660, 1.000049
5, 291,20,184.326782, 184.319077, 119.126572, 50.853920,18.852621, 207.020660, 1.000042
5, 291,21,57.269035, 57.274784, 119.126572, 50.853920,18.852621, 207.020660, 0.999900
5, 291,22,130.223618, 130.219849, 119.126572, 50.853920,18.852621, 207.020660, 1.000029
5, 291,23,110.726151, 110.714211, 119.126572, 50.853920,18.852621, 207.020660, 1.000108
5, 291,24,202.570053, 202.567917, 119.126572, 50.853920,18.852621, 207.020660, 1.000010
5, 291,25,95.129173, 95.123512, 119.126572, 50.853920,18.852621, 207.020660, 1.000059
5, 291,26,35.253796, 35.249245, 119.126572, 50.853920,18.852621, 207.020660, 1.000129
5, 291,27,68.418068, 68.416382, 119.126572, 50.853920,18.852621, 207.020660, 1.000025
5, 291,28,66.335571, 66.348923, 119.126572, 50.853920,18.852621, 207.020660, 0.999799
5, 291,29,85.353577, 85.351852, 119.126572, 50.853920,18.852621, 207.020660, 1.000020
5, 291,30,207.020660, 207.023300, 119.126572, 50.853920,18.852621, 207.020660, 0.999987
5, 291,31,199.107071, 199.117981, 119.126572, 50.853920,18.852621, 207.020660, 0.999945
5, 292,0,75.952721, 75.945801, 119.122299, 64.415672,11.821036, 213.275208, 1.000091
5, 292,1,72.091988, 72.092270, 119.122299, 64.415672,11.821036, 213.275208, 0.999996
5, 292,2,51.528423, 51.535934, 119.122299, 64.415672,11.821036, 213.275208, 0.999854
5, 292,3,70.761284, 70.765656, 119.122299, 64.415672,11.821036, 213.275208, 0.999938
5, 292,4,39.215805, 39.223610, 119.122299, 64.415672,11.821036, 213.275208, 0.999801
5, 292,5,48.431156, 48.421528, 119.122299, 64.415672,11.821036, 213.275208, 1.000199
5, 292,6,194.511856, 194.514313, 119.122299, 64.415672,11.821036, 213.275208, 0.999987
5, 292,7,207.455383, 207.458359, 119.122299, 64.415672,11.821036, 213.275208, 0.999986
5, 292,8,141.787094, 141.790527, 119.122299, 64.415672,11.821036, 213.275208, 0.999976
5, 292,9,61.371445, 61.359264, 119.122299, 64.415672,11.821036, 213.275208, 1.000198
5, 292,10,35.108501, 35.111080, 119.122299, 64.415672,11.821036, 213.275208, 0.999927
5, 292,11,179.346466, 179.359222, 119.122299, 64.415672,11.821036, 213.275208, 0.999929
5, 292,12,209.061050, 209.056625, 119.122299, 64.415672,11.821036, 213.275208, 1.000021
5, 292,13,171.432327, 171.450027, 119.122299, 64.415672,11.821036, 213.275208, 0.999897
5, 292,14,56.901573, 56.905602, 119.122299, 64.415672,11.821036, 213.275208, 0.999929
5, 292,15,162.753082, 162.757492, 119.122299, 64.415672,11.821036, 213.275208, 0.999973
5, 292,16,109.665512, 109.660980, 119.122299, 64.415672,11.821036, 213.275208, 1.000041
5, 292,17,97.676666, 97.677147, 119.122299, 64.415672,11.821036, 213.275208, 0.999995
5, 292,18,126.626884, 126.635422, 119.122299, 64.415672,11.821036, 213.275208, 0.999933
5, 292,19,70.762581, 70.765656, 119.122299, 64.415672,11.821036, 213.275208, 0.999957
5, 292,20,11.821036, 11.832004, 119.122299, 64.415672,11.821036, 213.275208, 0.999073
5, 292,21,130.312912, 130.318390, 119.122299, 64.415672,11.821036, 213.275208, 0.999958
5, 292,22,197.112030, 197.117020, 119.122299, 64.415672,11.821036, 213.275208, 0.999975
5, 292,23,161.464966, 161.462463, 119.122299, 64.415672,11.821036, 213.275208, 1.000015
5, 292,24,137.175323, 137.178925, 119.122299, 64.415672,11.821036, 213.275208, 0.999974
5, 292,25,32.385471, 32.394661, 119.122299, 64.415672,11.821036, 213.275208, 0.999716
5, 292,26,213.275208, 213.263916, 119.122299, 64.415672,11.821036, 213.275208, 1.000053
5, 292,27,103.743103, 103.735397, 119.122299, 64.415672,11.821036, 213.275208, 1.000074
5, 292,28,173.661972, 173.680023, 119.122299, 64.415672,11.821036, 213.275208, 0.999896
5, 292,29,205.580688, 205.575821, 119.122299, 64.415672,11.821036, 213.275208, 1.000024
5, 292,30,55.703339, 55.711639, 119.122299, 64.415672,11.821036, 213.275208, 0.999851
5, 292,31,207.235565, 207.243576, 119.122299, 64.415672,11.821036, 213.275208, 0.999961
5, 293,0,65.922134, 65.933929, 119.122948, 65.372375,12.387563, 226.553406, 0.999821
5, 293,1,197.819183, 197.821289, 119.122948, 65.372375,12.387563, 226.553406, 0.999989
5, 293,2,48.685822, 48.689041, 119.122948, 65.372375,12.387563, 226.553406, 0.999934
5, 293,3,149.344574, 149.329391, 119.122948, 65.372375,12.387563, 226.553406, 1.000102
5, 293,4,42.621346, 42.637730, 119.122948, 65.372375,12.387563, 226.553406, 0.999616
5, 293,5,200.254944, 200.256729, 119.122948, 65.372375,12.387563, 226.553406, 0.999991
5, 293,6,167.780319, 167.775024, 119.122948, 65.372375,12.387563, 226.553406, 1.000032
5, 293,7,85.420242, 85.424294, 119.122948, 65.372375,12.387563, 226.553406, 0.999953
5, 293,8,226.553406, 226.578583, 119.122948, 65.372375,12.387563, 226.553406, 0.999889
5, 293,9,167.146957, 167.144135, 119.122948, 65.372375,12.387563, 226.553406, 1.000017
5, 293,10,114.691360, 114.676819, 119.122948, 65.372375,12.387563, 226.553406, 1.000127
5, 293,11,47.756481, 47.752853, 119.122948, 65.372375,12.387563, 226.553406, 1.000076
5, 293,12,225.847015, 225.845917, 119.122948, 65.372375,12.387563, 226.553406, 1.000005
5, 293,13,179.330170, 179.341721, 119.122948, 65.372375,12.387563, 226.553406, 0.999936
5, 293,14,152.700195, 152.714600, 119.122948, 65.372375,12.387563, 226.553406, 0.999906
5, 293,15,62.718884, 62.718311, 119.122948, 65.372375,12.387563, 226.553406, 1.000009
5, 293,16,68.537659, 68.552536, 119.122948, 65.372375,12.387563, 226.553406, 0.999783
5, 293,17,163.881683, 163.908157, 119.122948, 65.372375,12.387563, 226.553406, 0.999838
5, 293,18,133.095947, 133.095337, 119.122948, 65.372375,12.387563, 226.553406, 1.000005
5, 293,19,12.387563, 12.374393, 119.122948, 65.372375,12.387563, 226.553406, 1.001064
5, 293,20,134.273178, 134.275742, 119.122948, 65.372375,12.387563, 226.553406, 0.999981
5, 293,21,127.578217, 127.573174, 119.122948, 65.372375,12.387563, 226.553406, 1.000040
5, 293,22,44.817501, 44.835743, 119.122948, 65.372375,12.387563, 226.553406, 0.999593
5, 293,23,13.140901, 13.147767, 119.122948, 65.372375,12.387563, 226.553406, 0.999478
5, 293,24,156.777054, 156.771423, 119.122948, 65.372375,12.387563, 226.553406, 1.000036
5, 293,25,64.220291, 64.210785, 119.122948, 65.372375,12.387563, 226.553406, 1.000148
5, 293,26,209.081329, 209.075912, 119.122948, 65.372375,12.387563, 226.553406, 1.000026
5, 293,27,82.952553, 82.954926, 119.122948, 65.372375,12.387563, 226.553406, 0.999971
5, 293,28,139.255859, 139.268753, 119.122948, 65.372375,12.387563, 226.553406, 0.999907
5, 293,29,126.643196, 126.650551, 119.122948, 65.372375,12.387563, 226.553406, 0.999942
5, 293,30,13.299976, 13.276663, 119.122948, 65.372375,12.387563, 226.553406, 1.001756
5, 293,31,187.398499, 187.387543, 119.122948, 65.372375,12.387563, 226.553406, 1.000058
5, 294,0,117.736160, 117.730293, 119.125107, 57.801575,10.147430, 204.192459, 1.000050
5, 294,1,184.457550, 184.461090, 119.125107, 57.801575,10.147430, 204.192459, 0.999981
5, 294,2,171.619934, 171.613358, 119.125107, 57.801575,10.147430, 204.192459, 1.000038
5, 294,3,78.797958, 78.793587, 119.125107, 57.801575,10.147430, 204.192459, 1.000055
5, 294,4,143.053406, 143.056168, 119.125107, 57.801575,10.147430, 204.192459, 0.999981
5, 294,5,171.148834, 171.148315, 119.125107, 57.801575,10.147430, 204.192459, 1.000003
5, 294,6,200.969910, 200.969406, 119.125107, 57.801575,10.147430, 204.192459, 1.000003
5, 294,7,76.303558, 76.307495, 119.125107, 57.801575,10.147430, 204.192459, 0.999948
5, 294,8,123.130829, 123.131737, 119.125107, 57.801575,10.147430, 204.192459, 0.999993
5, 294,9,15.870841, 15.866443, 119.125107, 57.801575,10.147430, 204.192459, 1.000277
5, 294,10,54.807167, 54.803169, 119.125107, 57.801575,10.147430, 204.192459, 1.000073
5, 294,11,66.454041, 66.446625, 119.125107, 57.801575,10.147430, 204.192459, 1.000112
5, 294,12,145.876694, 145.888031, 119.125107, 57.801575,10.147430, 204.192459, 0.999922
5, 294,13,116.501610, 116.496208, 119.125107, 57.801575,10.147430, 204.192459, 1.000046
5, 294,14,168.448944, 168.441650, 119.125107, 57.801575,10.147430, 204.192459, 1.000043
5, 294,15,10.147430, 10.143084, 119.125107, 57.801575,10.147430, 204.192459, 1.000429
5, 294,16,142.037003, 142.042664, 119.125107, 57.801575,10.147430, 204.192459, 0.999960
5, 294,17,165.888580, 165.889984, 119.125107, 57.801575,10.147430, 204.192459, 0.999992
5, 294,18,175.670685, 175.661423, 119.125107, 57.801575,10.147430, 204.192459, 1.000053
5, 294,19,82.769577, 82.770119, 119.125107, 57.801575,10.147430, 204.192459, 0.999993
5, 294,20,108.693413, 108.698135, 119.125107, 57.801575,10.147430, 204.192459, 0.999957
5, 294,21,68.307220, 68.300751, 119.125107, 57.801575,10.147430, 204.192459, 1.000095
5, 294,22,188.688217, 188.688034, 119.125107, 57.801575,10.147430, 204.192459, 1.000001
5, 294,23,179.750854, 179.757202, 119.125107, 57.801575,10.147430, 204.192459, 0.999965
5, 294,24,151.720428, 151.718704, 119.125107, 57.801575,10.147430, 204.192459, 1.000011
5, 294,25,32.003723, 32.011086, 119.125107, 57.801575,10.147430, 204.192459, 0.999770
5, 294,26,56.238182, 56.245934, 119.125107, 57.801575,10.147430, 204.192459, 0.999862
5, 294,27,17.785686, 17.815962, 119.125107, 57.801575,10.147430, 204.192459, 0.998301
5, 294,28,108.783630, 108.775635, 119.125107, 57.801575,10.147430, 204.192459, 1.000074
5, 294,29,161.793167, 161.782272, 119.125107, 57.801575,10.147430, 204.192459, 1.000067
5, 294,30,122.355782, 122.350716, 119.125107, 57.801575,10.147430, 204.192459, 1.000041
5, 294,31,204.192459, 204.194748, 119.125107, 57.801575,10.147430, 204.192459, 0.999989
5, 295,0,176.522720, 176.512512, 119.124413, 57.103596,16.885466, 205.270187, 1.000058
5, 295,1,168.603333, 168.601044, 119.124413, 57.103596,16.885466, 205.270187, 1.000014
5, 295,2,73.421547, 73.423615, 119.124413, 57.103596,16.885466, 205.270187, 0.999972
5, 295,3,55.700726, 55.711311, 119.124413, 57.103596,16.885466, 205.270187, 0.999810
5, 295,4,148.604980, 148.615463, 119.124413, 57.103596,16.885466, 205.270187, 0.999929
5, 295,5,100.252914, 100.247002, 119.124413, 57.103596,16.885466, 205.270187, 1.000059
5, 295,6,176.138458, 176.146622, 119.124413, 57.103596,16.885466, 205.270187, 0.999954
5, 295,7,157.869675, 157.864487, 119.124413, 57.103596,16.885466, 205.270187, 1.000033
5, 295,8,70.325157, 70.310623, 119.124413, 57.103596,16.885466, 205.270187, 1.000207
5, 295,9,186.970642, 186.961151, 119.124413, 57.103596,16.885466, 205.270187, 1.000051
5, 295,10,127.540520, 127.562233, 119.124413, 57.103596,16.885466, 205.270187, 0.999830
5, 295,11,171.406845, 171.414139, 119.124413, 57.103596,16.885466, 205.270187, 0.999957
5, 295,12,98.095528, 98.087700, 119.124413, 57.103596,16.885466, 205.270187, 1.000080
5, 295,13,96.831436, 96.828102, 119.124413, 57.103596,16.885466, 205.270187, 1.000034
5, 295,14,19.529888, 19.518942, 119.124413, 57.103596,16.885466, 205.270187, 1.000561
5, 295,15,75.793823, 75.780869, 119.124413, 57.103596,16.885466, 205.270187, 1.000171
5, 295,16,20.057804, 20.070765, 119.124413, 57.103596,16.885466, 205.270187, 0.999354
5, 295,17,205.270187, 205.285263, 119.124413, 57.103596,16.885466, 205.270187, 0.999927
5, 295,18,194.111496, 194.110855, 119.124413, 57.103596,16.885466, 205.270187, 1.000003
5, 295,19,40.978088, 40.980049, 119.124413, 57.103596,16.885466, 205.270187, 0.999952
5, 295,20,159.707535, 159.705902, 119.124413, 57.103596,16.885466, 205.270187, 1.000010
5, 295,21,87.992714, 87.998940, 119.124413, 57.103596,16.885466, 205.270187, 0.999929
5, 295,22,188.178726, 188.178757, 119.124413, 57.103596,16.885466, 205.270187, 1.000000
5, 295,23,80.727425, 80.723274, 119.124413, 57.103596,16.885466, 205.270187, 1.000051
5, 295,24,180.747726, 180.747147, 119.124413, 57.103596,16.885466, 205.270187, 1.000003
5, 295,25,164.886581, 164.894241, 119.124413, 57.103596,16.885466, 205.270187, 0.999954
5, 295,26,16.885466, 16.885788, 119.124413, 57.103596,16.885466, 205.270187, 0.999981
5, 295,27,157.336853, 157.330673, 119.124413, 57.103596,16.885466, 205.270187, 1.000039
5, 295,28,74.642044, 74.653229, 119.124413, 57.103596,16.885466, 205.270187, 0.999850
5, 295,29,138.495300, 138.496719, 119.124413, 57.103596,16.885466, 205.270187, 0.999990
5, 295,30,67.941772, 67.941383, 119.124413, 57.103596,16.885466, 205.270187, 1.000006
5, 295,31,130.412903, 130.411316, 119.124413, 57.103596,16.885466, 205.270187, 1.000012
5, 296,0,54.139999, 54.156628, 119.126366, 75.465836,14.413810, 257.340363, 0.999693
5, 296,1,195.067429, 195.054230, 119.126366, 75.465836,14.413810, 257.340363, 1.000068
5, 296,2,131.337479, 131.335999, 119.126366, 75.465836,14.413810, 257.340363, 1.000011
5, 296,3,25.784039, 25.780716, 119.126366, 75.465836,14.413810, 257.340363, 1.000129
5, 296,4,31.965796, 31.958469, 119.126366, 75.465836,14.413810, 257.340363, 1.000229
5, 296,5,112.959534, 112.949654, 119.126366, 75.465836,14.413810, 257.340363, 1.000087
5, 296,6,167.102722, 167.103561, 119.126366, 75.465836,14.413810, 257.340363, 0.999995
5, 296,7,239.897278, 239.891266, 119.126366, 75.465836,14.413810, 257.340363, 1.000025
5, 296,8,116.270477, 116.282089, 119.126366, 75.465836,14.413810, 257.340363, 0.999900
5, 296,9,208.125534, 208.136520, 119.126366, 75.465836,14.413810, 257.340363, 0.999947
5, 296,10,120.171501, 120.186668, 119.126366, 75.465836,14.413810, 257.340363, 0.999874
5, 296,11,122.431999, 122.436638, 119.126366, 75.465836,14.413810, 257.340363, 0.999962
5, 296,12,123.460587, 123.441788, 119.126366, 75.465836,14.413810, 257.340363, 1.000152
5, 296,13,21.325127, 21.327168, 119.126366, 75.465836,14.413810, 257.340363, 0.999904
5, 296,14,219.057571, 219.061630, 119.126366, 75.465836,14.413810, 257.340363, 0.999981
5, 296,15,29.291288, 29.283249, 119.126366, 75.465836,14.413810, 257.340363, 1.000275
5, 296,16,42.414734, 42.419670, 119.126366, 75.465836,14.413810, 257.340363, 0.999884
5, 296,17,89.479607, 89.468010, 119.126366, 75.465836,14.413810, 257.340363, 1.000130
5, 296,18,254.905365, 254.906525, 119.126366, 75.465836,14.413810, 257.340363, 0.999995
5, 296,19,54.535736, 54.543217, 119.126366, 75.465836,14.413810, 257.340363, 0.999863
5, 296,20,47.758831, 47.746918, 119.126366, 75.465836,14.413810, 257.340363, 1.000250
5, 296,21,165.195862, 165.186081, 119.126366, 75.465836,14.413810, 257.340363, 1.000059
5, 296,22,14.413810, 14.414890, 119.126366, 75.465836,14.413810, 257.340363, 0.999925
5, 296,23,30.697739, 30.705910, 119.126366, 75.465836,14.413810, 257.340363, 0.999734
5, 296,24,150.681671, 150.688843, 119.126366, 75.465836,14.413810, 257.340363, 0.999952
5, 296,25,41.647018, 41.631020, 119.126366, 75.465836,14.413810, 257.340363, 1.000384
5, 296,26,257.340363, 257.342041, 119.126366, 75.465836,14.413810, 257.340363, 0.999994
5, 296,27,174.594742, 174.580292, 119.126366, 75.465836,14.413810, 257.340363, 1.000083
5, 296,28,193.317902, 193.330017, 119.126366, 75.465836,14.413810, 257.340363, 0.999937
5, 296,29,108.538742, 108.527039, 119.126366, 75.465836,14.413810, 257.340363, 1.000108
5, 296,30,193.137909, 193.136719, 119.126366, 75.465836,14.413810, 257.340363, 1.000006
5, 296,31,74.995789, 74.986244, 119.126366, 75.465836,14.413810, 257.340363, 1.000127
5, 297,0,206.425720, 206.428848, 119.125267, 55.194088,13.021791, 206.425720, 0.999985
5, 297,1,128.639771, 128.637451, 119.125267, 55.194088,13.021791, 206.425720, 1.000018
5, 297,2,165.400772, 165.392105, 119.125267, 55.194088,13.021791, 206.425720, 1.000052
5, 297,3,144.421402, 144.412292, 119.125267, 55.194088,13.021791, 206.425720, 1.000063
5, 297,4,130.771851, 130.772339, 119.125267, 55.194088,13.021791, 206.425720, 0.999996
5, 297,5,130.028793, 130.034042, 119.125267, 55.194088,13.021791, 206.425720, 0.999960
5, 297,6,164.198441, 164.198532, 119.125267, 55.194088,13.021791, 206.425720, 0.999999
5, 297,7,144.095734, 144.104675, 119.125267, 55.194088,13.021791, 206.425720, 0.999938
5, 297,8,127.994270, 127.991440, 119.125267, 55.194088,13.021791, 206.425720, 1.000022
5, 297,9,195.558731, 195.551331, 119.125267, 55.194088,13.021791, 206.425720, 1.000038
5, 297,10,61.125057, 61.120598, 119.125267, 55.194088,13.021791, 206.425720, 1.000073
5, 297,11,184.332214, 184.335449, 119.125267, 55.194088,13.021791, 206.425720, 0.999982
5, 297,12,175.230637, 175.229858, 119.125267, 55.194088,13.021791, 206.425720, 1.000004
5, 297,13,56.001110, 56.007919, 119.125267, 55.194088,13.021791, 206.425720, 0.999878
5, 297,14,164.914291, 164.906052, 119.125267, 55.194088,13.021791, 206.425720, 1.000050
5, 297,15,129.626038, 129.634125, 119.125267, 55.194088,13.021791, 206.425720, 0.999938
5, 297,16,20.260935, 20.243807, 119.125267, 55.194088,13.021791, 206.425720, 1.000846
5, 297,17,125.680695, 125.678116, 119.125267, 55.194088,13.021791, 206.425720, 1.000021
5, 297,18,159.333389, 159.331940, 119.125267, 55.194088,13.021791, 206.425720, 1.000009
5, 297,19,64.057579, 64.055313, 119.125267, 55.194088,13.021791, 206.425720, 1.000035
5, 297,20,89.422485, 89.415657, 119.125267, 55.194088,13.021791, 206.425720, 1.000076
5, 297,21,13.021791, 13.033152, 119.125267, 55.194088,13.021791, 206.425720, 0.999128
5, 297,22,68.142715, 68.158981, 119.125267, 55.194088,13.021791, 206.425720, 0.999761
5, 297,23,42.436089, 42.435646, 119.125267, 55.194088,13.021791, 206.425720, 1.000010
5, 297,24,142.334106, 142.332764, 119.125267, 55.194088,13.021791, 206.425720, 1.000009
5, 297,25,163.006165, 163.004959, 119.125267, 55.194088,13.021791, 206.425720, 1.000007
5, 297,26,91.128273, 91.126030, 119.125267, 55.194088,13.021791, 206.425720, 1.000025
5, 297,27,204.327057, 204.324722, 119.125267, 55.194088,13.021791, 206.425720, 1.000011
5, 297,28,64.007545, 64.018387, 119.125267, 55.194088,13.021791, 206.425720, 0.999831
5, 297,29,110.228325, 110.229347, 119.125267, 55.194088,13.021791, 206.425720, 0.999991
5, 297,30,123.817490, 123.820076, 119.125267, 55.194088,13.021791, 206.425720, 0.999979
5, 297,31,22.039356, 22.034166, 119.125267, 55.194088,13.021791, 206.425720, 1.000236
5, 298,0,29.823092, 29.820667, 119.125450, 61.932819,28.194077, 208.770752, 1.000081
5, 298,1,28.194077, 28.194876, 119.125450, 61.932819,28.194077, 208.770752, 0.999972
5, 298,2,78.544922, 78.543564, 119.125450, 61.932819,28.194077, 208.770752, 1.000017
5, 298,3,197.817047, 197.816849, 119.125450, 61.932819,28.194077, 208.770752, 1.000001
5, 298,4,201.945450, 201.938492, 119.125450, 61.932819,28.194077, 208.770752, 1.000034
5, 298,5,59.232418, 59.230957, 119.125450, 61.932819,28.194077, 208.770752, 1.000025
5, 298,6,197.101227, 197.099213, 119.125450, 61.932819,28.194077, 208.770752, 1.000010
5, 298,7,96.888306, 96.897209, 119.125450, 61.932819,28.194077, 208.770752, 0.999908
5, 298,8,192.825287, 192.837875, 119.125450, 61.932819,28.194077, 208.770752, 0.999935
5, 298,9,81.177719, 81.179123, 119.125450, 61.932819,28.194077, 208.770752, 0.999983
5, 298,10,56.678066, 56.677956, 119.125450, 61.932819,28.194077, 208.770752, 1.000002
5, 298,11,181.393463, 181.406540, 119.125450, 61.932819,28.194077, 208.770752, 0.999928
5, 298,12,133.851135, 133.845825, 119.125450, 61.932819,28.194077, 208.770752, 1.000040
5, 298,13,40.750729, 40.756649, 119.125450, 61.932819,28.194077, 208.770752, 0.999855
5, 298,14,147.641235, 147.658707, 119.125450, 61.932819,28.194077, 208.770752, 0.999882
5, 298,15,173.625366, 173.626877, 119.125450, 61.932819,28.194077, 208.770752, 0.999991
5, 298,16,87.155762, 87.167870, 119.125450, 61.932819,28.194077, 208.770752, 0.999861
5, 298,17,87.197128, 87.199623, 119.125450, 61.932819,28.194077, 208.770752, 0.999971
5, 298,18,159.464630, 159.458374, 119.125450, 61.932819,28.194077, 208.770752, 1.000039
5, 298,19,73.874626, 73.869415, 119.125450, 61.932819,28.194077, 208.770752, 1.000071
5, 298,20,36.981293, 36.965252, 119.125450, 61.932819,28.194077, 208.770752, 1.000434
5, 298,21,208.770752, 208.778229, 119.125450, 61.932819,28.194077, 208.770752, 0.999964
5, 298,22,200.892029, 200.884277, 119.125450, 61.932819,28.194077, 208.770752, 1.000039
5, 298,23,63.028439, 63.015999, 119.125450, 61.932819,28.194077, 208.770752, 1.000197
5, 298,24,103.571541, 103.571831, 119.125450, 61.932819,28.194077, 208.770752, 0.999997
5, 298,25,32.397072, 32.392719, 119.125450, 61.932819,28.194077, 208.770752, 1.000134
5, 298,26,74.910507, 74.891884, 119.125450, 61.932819,28.194077, 208.770752, 1.000249
5, 298,27,207.217300, 207.203247, 119.125450, 61.932819,28.194077, 208.770752, 1.000068
5, 298,28,102.934875, 102.943115, 119.125450, 61.932819,28.194077, 208.770752, 0.999920
5, 298,29,171.233826, 171.232651, 119.125450, 61.932819,28.194077, 208.770752, 1.000007
5, 298,30,151.828186, 151.831131, 119.125450, 61.932819,28.194077, 208.770752, 0.999981
5, 298,31,153.067657, 153.063171, 119.125450, 61.932819,28.194077, 208.770752, 1.000029
5, 299,0,199.767654, 199.766296, 119.126968, 74.707428,13.483319, 235.966934, 1.000007
5, 299,1,181.453629, 181.459412, 119.126968, 74.707428,13.483319, 235.966934, 0.999968
5, 299,2,235.966934, 235.970093, 119.126968, 74.707428,13.483319, 235.966934, 0.999987
5, 299,3,167.751907, 167.749405, 119.126968, 74.707428,13.483319, 235.966934, 1.000015
5, 299,4,164.144775, 164.148056, 119.126968, 74.707428,13.483319, 235.966934, 0.999980
5, 299,5,206.991364, 206.983612, 119.126968, 74.707428,13.483319, 235.966934, 1.000037
5, 299,6,201.506943, 201.493774, 119.126968, 74.707428,13.483319, 235.966934, 1.000065
5, 299,7,31.015327, 31.022516, 119.126968, 74.707428,13.483319, 235.966934, 0.999768
5, 299,8,197.137222, 197.138458, 119.126968, 74.707428,13.483319, 235.966934, 0.999994
5, 299,9,215.040848, 215.035431, 119.126968, 74.707428,13.483319, 235.966934, 1.000025
5, 299,10,51.626289, 51.620483, 119.126968, 74.707428,13.483319, 235.966934, 1.000113
5, 299,11,31.885948, 31.893576, 119.126968, 74.707428,13.483319, 235.966934, 0.999761
5, 299,12,180.812805, 180.815292, 119.126968, 74.707428,13.483319, 235.966934, 0.999986
5, 299,13,67.640656, 67.628922, 119.126968, 74.707428,13.483319, 235.966934, 1.000173
5, 299,14,116.574570, 116.569229, 119.126968, 74.707428,13.483319, 235.966934, 1.000046
5, 299,15,30.536951, 30.539410, 119.126968, 74.707428,13.483319, 235.966934, 0.999919
5, 299,16,20.873642, 20.862610, 119.126968, 74.707428,13.483319, 235.966934, 1.000529
5, 299,17,29.995466, 29.990421, 119.126968, 74.707428,13.483319, 235.966934, 1.000168
5, 299,18,13.483319, 13.484234, 119.126968, 74.707428,13.483319, 235.966934, 0.999932
5, 299,19,56.939808, 56.941994, 119.126968, 74.707428,13.483319, 235.966934, 0.999962
5, 299,20,224.740036, 224.726868, 119.126968, 74.707428,13.483319, 235.966934, 1.000059
5, 299,21,25.619987, 25.620493, 119.126968, 74.707428,13.483319, 235.966934, 0.999980
5, 299,22,71.761116, 71.771950, 119.126968, 74.707428,13.483319, 235.966934, 0.999849
5, 299,23,142.418121, 142.422836, 119.126968, 74.707428,13.483319, 235.966934, 0.999967
5, 299,24,158.436829, 158.438599, 119.126968, 74.707428,13.483319, 235.966934, 0.999989
5, 299,25,98.579483, 98.584435, 119.126968, 74.707428,13.483319, 235.966934, 0.999950
5, 299,26,96.109009, 96.110344, 119.126968, 74.707428,13.483319, 235.966934, 0.999986
5, 299,27,222.802063, 222.787109, 119.126968, 74.707428,13.483319, 235.966934, 1.000067
5, 299,28,166.026703, 166.021927, 119.126968, 74.707428,13.483319, 235.966934, 1.000029
5, 299,29,81.744751, 81.734215, 119.126968, 74.707428,13.483319, 235.966934, 1.000129
5, 299,30,31.992914, 31.981415, 119.126968, 74.707428,13.483319, 235.966934, 1.000360
5, 299,31,90.686218, 90.686348, 119.126968, 74.707428,13.483319, 235.966934, 0.999999
5, 300,0,189.527039, 189.517853, 119.125816, 74.176216,13.619637, 250.716019, 1.000049
5, 300,1,193.739502, 193.733597, 119.125816, 74.176216,13.619637, 250.716019, 1.000031
5, 300,2,23.063854, 23.049088, 119.125816, 74.176216,13.619637, 250.716019, 1.000641
5, 300,3,221.526123, 221.522629, 119.125816, 74.176216,13.619637, 250.716019, 1.000016
5, 300,4,72.734032, 72.743301, 119.125816, 74.176216,13.619637, 250.716019, 0.999873
5, 300,5,40.369709, 40.366997, 119.125816, 74.176216,13.619637, 250.716019, 1.000067
5, 300,6,108.061249, 108.046349, 119.125816, 74.176216,13.619637, 250.716019, 1.000138
5, 300,7,42.235596, 42.232235, 119.125816, 74.176216,13.619637, 250.716019, 1.000080
5, 300,8,53.989578, 53.999924, 119.125816, 74.176216,13.619637, 250.716019, 0.999808
5, 300,9,21.906124, 21.904167, 119.125816, 74.176216,13.619637, 250.716019, 1.000089
5, 300,10,155.051453, 155.064011, 119.125816, 74.176216,13.619637, 250.716019, 0.999919
5, 300,11,126.672073, 126.676003, 119.125816, 74.176216,13.619637, 250.716019, 0.999969
5, 300,12,13.619637, 13.631908, 119.125816, 74.176216,13.619637, 250.716019, 0.999100
5, 300,13,65.549599, 65.547722, 119.125816, 74.176216,13.619637, 250.716019, 1.000029
5, 300,14,62.844017, 62.848434, 119.125816, 74.176216,13.619637, 250.716019, 0.999930
5, 300,15,122.700699, 122.695297, 119.125816, 74.176216,13.619637, 250.716019, 1.000044
5, 300,16,118.757179, 118.752518, 119.125816, 74.176216,13.619637, 250.716019, 1.000039
5, 300,17,226.233063, 226.231216, 119.125816, 74.176216,13.619637, 250.716019, 1.000008
5, 300,18,109.742531, 109.752365, 119.125816, 74.176216,13.619637, 250.716019, 0.999910
5, 300,19,225.984207, 225.996155, 119.125816, 74.176216,13.619637, 250.716019, 0.999947
5, 300,20,43.893391, 43.900333, 119.125816, 74.176216,13.619637, 250.716019, 0.999842
5, 300,21,74.129913, 74.123268, 119.125816, 74.176216,13.619637, 250.716019, 1.000090
5, 300,22,213.543884, 213.553650, 119.125816, 74.176216,13.619637, 250.716019, 0.999954
5, 300,23,202.021439, 202.021027, 119.125816, 74.176216,13.619637, 250.716019, 1.000002
5, 300,24,73.160263, 73.152740, 119.125816, 74.176216,13.619637, 250.716019, 1.000103
5, 300,25,140.161942, 140.149689, 119.125816, 74.176216,13.619637, 250.716019, 1.000087
5, 300,26,222.383743, 222.371841, 119.125816, 74.176216,13.619637, 250.716019, 1.000054
5, 300,27,34.862373, 34.862267, 119.125816, 74.176216,13.619637, 250.716019, 1.000003
5, 300,28,53.906101, 53.893772, 119.125816, 74.176216,13.619637, 250.716019, 1.000229
5, 300,29,116.530815, 116.515755, 119.125816, 74.176216,13.619637, 250.716019, 1.000129
5, 300,30,250.716019, 250.721954, 119.125816, 74.176216,13.619637, 250.716019, 0.999976
5, 300,31,192.409348, 192.421875, 119.125816, 74.176216,13.619637, 250.716019, 0.999935
5, 301,0,237.604034, 237.599213, 119.124672, 64.105453,33.107052, 237.604034, 1.000020
5, 301,1,60.332355, 60.344292, 119.124672, 64.105453,33.107052, 237.604034, 0.999802
5, 301,2,191.052780, 191.054886, 119.124672, 64.105453,33.107052, 237.604034, 0.999989
5, 301,3,113.327286, 113.326042, 119.124672, 64.105453,33.107052, 237.604034, 1.000011
5, 301,4,45.854404, 45.849144, 119.124672, 64.105453,33.107052, 237.604034, 1.000115
5, 301,5,56.045399, 56.035709, 119.124672, 64.105453,33.107052, 237.604034, 1.000173
5, 301,6,194.743057, 194.738617, 119.124672, 64.105453,33.107052, 237.604034, 1.000023
5, 301,7,136.056702, 136.053268, 119.124672, 64.105453,33.107052, 237.604034, 1.000025
5, 301,8,96.282486, 96.287888, 119.124672, 64.105453,33.107052, 237.604034, 0.999944
5, 301,9,79.410309, 79.431381, 119.124672, 64.105453,33.107052, 237.604034, 0.999735
5, 301,10,151.503738, 151.492950, 119.124672, 64.105453,33.107052, 237.604034, 1.000071
5, 301,11,198.545639, 198.538589, 119.124672, 64.105453,33.107052, 237.604034, 1.000036
5, 301,12,70.196350, 70.189362, 119.124672, 64.105453,33.107052, 237.604034, 1.000100
5, 301,13,33.107052, 33.105045, 119.124672, 64.105453,33.107052, 237.604034, 1.000061
5, 301,14,62.095947, 62.109863, 119.124672, 64.105453,33.107052, 237.604034, 0.999776
5, 301,15,101.318703, 101.323051, 119.124672, 64.105453,33.107052, 237.604034, 0.999957
5, 301,16,85.674728, 85.679916, 119.124672, 64.105453,33.107052, 237.604034, 0.999939
5, 301,17,170.124741, 170.129562, 119.124672, 64.105453,33.107052, 237.604034, 0.999972
5, 301,18,83.094276, 83.093307, 119.124672, 64.105453,33.107052, 237.604034, 1.000012
5, 301,19,79.983101, 79.976311, 119.124672, 64.105453,33.107052, 237.604034, 1.000085
5, 301,20,58.828266, 58.818485, 119.124672, 64.105453,33.107052, 237.604034, 1.000166
5, 301,21,183.512650, 183.498535, 119.124672, 64.105453,33.107052, 237.604034, 1.000077
5, 301,22,73.996071, 73.996613, 119.124672, 64.105453,33.107052, 237.604034, 0.999993
5, 301,23,50.056786, 50.056007, 119.124672, 64.105453,33.107052, 237.604034, 1.000015
5, 301,24,212.806290, 212.823044, 119.124672, 64.105453,33.107052, 237.604034, 0.999921
5, 301,25,89.083290, 89.073013, 119.124672, 64.105453,33.107052, 237.604034, 1.000115
5, 301,26,192.376999, 192.399048, 119.124672, 64.105453,33.107052, 237.604034, 0.999885
5, 301,27,232.690369, 232.687561, 119.124672, 64.105453,33.107052, 237.604034, 1.000012
5, 301,28,64.388870, 64.398575, 119.124672, 64.105453,33.107052, 237.604034, 0.999849
5, 301,29,201.330612, 201.328629, 119.124672, 64.105453,33.107052, 237.604034, 1.000010
5, 301,30,163.231735, 163.227127, 119.124672, 64.105453,33.107052, 237.604034, 1.000028
5, 301,31,43.334267, 43.335201, 119.124672, 64.105453,33.107052, 237.604034, 0.999978
5, 302,0,189.190170, 189.186096, 119.125298, 55.730328,16.633690, 195.800552, 1.000022
5, 302,1,188.741272, 188.749481, 119.125298, 55.730328,16.633690, 195.800552, 0.999956
5, 302,2,162.764282, 162.751312, 119.125298, 55.730328,16.633690, 195.800552, 1.000080
5, 302,3,81.957825, 81.955681, 119.125298, 55.730328,16.633690, 195.800552, 1.000026
5, 302,4,129.236481, 129.234375, 119.125298, 55.730328,16.633690, 195.800552, 1.000016
5, 302,5,78.748260, 78.734970, 119.125298, 55.730328,16.633690, 195.800552, 1.000169
5, 302,6,44.703705, 44.702030, 119.125298, 55.730328,16.633690, 195.800552, 1.000037
5, 302,7,159.304886, 159.320801, 119.125298, 55.730328,16.633690, 195.800552, 0.999900
5, 302,8,16.633690, 16.628542, 119.125298, 55.730328,16.633690, 195.800552, 1.000310
5, 302,9,147.044205, 147.039001, 119.125298, 55.730328,16.633690, 195.800552, 1.000035
5, 302,10,195.800552, 195.791946, 119.125298, 55.730328,16.633690, 195.800552, 1.000044
5, 302,11,181.419754, 181.429153, 119.125298, 55.730328,16.633690, 195.800552, 0.999948
5, 302,12,25.464987, 25.462818, 119.125298, 55.730328,16.633690, 195.800552, 1.000085
5, 302,13,36.231926, 36.224983, 119.125298, 55.730328,16.633690, 195.800552, 1.000192
5, 302,14,171.896027, 171.886108, 119.125298, 55.730328,16.633690, 195.800552, 1.000058
5, 302,15,177.271439, 177.267181, 119.125298, 55.730328,16.633690, 195.800552, 1.000024
5, 302,16,170.113800, 170.128311, 119.125298, 55.730328,16.633690, 195.800552, 0.999915
5, 302,17,49.401062, 49.402683, 119.125298, 55.730328,16.633690, 195.800552, 0.999967
5, 302,18,161.492218, 161.492508, 119.125298, 55.730328,16.633690, 195.800552, 0.999998
5, 302,19,96.713142, 96.709709, 119.125298, 55.730328,16.633690, 195.800552, 1.000036
5, 302,20,76.721413, 76.716362, 119.125298, 55.730328,16.633690, 195.800552, 1.000066
5, 302,21,187.042755, 187.042725, 119.125298, 55.730328,16.633690, 195.800552, 1.000000
5, 302,22,89.625542, 89.627556, 119.125298, 55.730328,16.633690, 195.800552, 0.999978
5, 302,23,106.756973, 106.757431, 119.125298, 55.730328,16.633690, 195.800552, 0.999996
5, 302,24,68.455574, 68.460449, 119.125298, 55.730328,16.633690, 195.800552, 0.999929
5, 302,25,72.499580, 72.509018, 119.125298, 55.730328,16.633690, 195.800552, 0.999870
5, 302,26,143.104187, 143.109497, 119.125298, 55.730328,16.633690, 195.800552, 0.999963
5, 302,27,153.639191, 153.627853, 119.125298, 55.730328,16.633690, 195.800552, 1.000074
5, 302,28,180.126724, 180.125000, 119.125298, 55.730328,16.633690, 195.800552, 1.000010
5, 302,29,74.062584, 74.079681, 119.125298, 55.730328,16.633690, 195.800552, 0.999769
5, 302,30,121.912941, 121.919716, 119.125298, 55.730328,16.633690, 195.800552, 0.999944
5, 302,31,73.932266, 73.926582, 119.125298, 55.730328,16.633690, 195.800552, 1.000077
5, 303,0,140.039276, 140.041428, 119.123390, 63.861794,10.072979, 215.759369, 0.999985
5, 303,1,135.234268, 135.236542, 119.123390, 63.861794,10.072979, 215.759369, 0.999983
5, 303,2,144.790527, 144.789307, 119.123390, 63.861794,10.072979, 215.759369, 1.000008
5, 303,3,160.213882, 160.216766, 119.123390, 63.861794,10.072979, 215.759369, 0.999982
5, 303,4,204.409943, 204.403748, 119.123390, 63.861794,10.072979, 215.759369, 1.000030
5, 303,5,65.670631, 65.670547, 119.123390, 63.861794,10.072979, 215.759369, 1.000001
5, 303,6,15.746632, 15.741776, 119.123390, 63.861794,10.072979, 215.759369, 1.000308
5, 303,7,10.072979, 10.082296, 119.123390, 63.861794,10.072979, 215.759369, 0.999076
5, 303,8,72.752235, 72.760712, 119.123390, 63.861794,10.072979, 215.759369, 0.999884
5, 303,9,76.087135, 76.090561, 119.123390, 63.861794,10.072979, 215.759369, 0.999955
5, 303,10,62.318329, 62.321697, 119.123390, 63.861794,10.072979, 215.759369, 0.999946
5, 303,11,167.147644, 167.148682, 119.123390, 63.861794,10.072979, 215.759369, 0.999994
5, 303,12,24.237309, 24.218334, 119.123390, 63.861794,10.072979, 215.759369, 1.000783
5, 303,13,200.365524, 200.364883, 119.123390, 63.861794,10.072979, 215.759369, 1.000003
5, 303,14,162.388916, 162.388138, 119.123390, 63.861794,10.072979, 215.759369, 1.000005
5, 303,15,126.061562, 126.063637, 119.123390, 63.861794,10.072979, 215.759369, 0.999984
5, 303,16,145.208878, 145.207123, 119.123390, 63.861794,10.072979, 215.759369, 1.000012
5, 303,17,215.759369, 215.767029, 119.123390, 63.861794,10.072979, 215.759369, 0.999964
5, 303,18,148.345993, 148.353378, 119.123390, 63.861794,10.072979, 215.759369, 0.999950
5, 303,19,96.339302, 96.341881, 119.123390, 63.861794,10.072979, 215.759369, 0.999973
5, 303,20,168.216705, 168.237534, 119.123390, 63.861794,10.072979, 215.759369, 0.999876
5, 303,21,152.623001, 152.620148, 119.123390, 63.861794,10.072979, 215.759369, 1.000019
5, 303,22,67.540741, 67.531708, 119.123390, 63.861794,10.072979, 215.759369, 1.000134
5, 303,23,39.894508, 39.886356, 119.123390, 63.861794,10.072979, 215.759369, 1.000204
5, 303,24,207.305588, 207.309464, 119.123390, 63.861794,10.072979, 215.759369, 0.999981
5, 303,25,188.437393, 188.450851, 119.123390, 63.861794,10.072979, 215.759369, 0.999929
5, 303,26,214.355499, 214.348999, 119.123390, 63.861794,10.072979, 215.759369, 1.000030
5, 303,27,15.071056, 15.077072, 119.123390, 63.861794,10.072979, 215.759369, 0.999601
5, 303,28,62.683678, 62.676208, 119.123390, 63.861794,10.072979, 215.759369, 1.000119
5, 303,29,62.879879, 62.885113, 119.123390, 63.861794,10.072979, 215.759369, 0.999917
5, 303,30,111.220482, 111.231247, 119.123390, 63.861794,10.072979, 215.759369, 0.999903
5, 303,31,148.529343, 148.536972, 119.123390, 63.861794,10.072979, 215.759369, 0.999949
5, 304,0,62.654633, 62.647949, 119.126205, 66.654160,11.922588, 233.319153, 1.000107
5, 304,1,131.961014, 131.963318, 119.126205, 66.654160,11.922588, 233.319153, 0.999983
5, 304,2,81.765564, 81.757568, 119.126205, 66.654160,11.922588, 233.319153, 1.000098
5, 304,3,122.405586, 122.412003, 119.126205, 66.654160,11.922588, 233.319153, 0.999948
5, 304,4,45.505733, 45.496311, 119.126205, 66.654160,11.922588, 233.319153, 1.000207
5, 304,5,190.835190, 190.836090, 119.126205, 66.654160,11.922588, 233.319153, 0.999995
5, 304,6,206.746292, 206.752579, 119.126205, 66.654160,11.922588, 233.319153, 0.999970
5, 304,7,170.746399, 170.750992, 119.126205, 66.654160,11.922588, 233.319153, 0.999973
5, 304,8,165.243469, 165.234955, 119.126205, 66.654160,11.922588, 233.319153, 1.000051
5, 304,9,182.204422, 182.211136, 119.126205, 66.654160,11.922588, 233.319153, 0.999963
5, 304,10,115.528061, 115.513451, 119.126205, 66.654160,11.922588, 233.319153, 1.000126
5, 304,11,61.472397, 61.454914, 119.126205, 66.654160,11.922588, 233.319153, 1.000284
5, 304,12,165.865326, 165.873581, 119.126205, 66.654160,11.922588, 233.319153, 0.999950
5, 304,13,71.997650, 72.009766, 119.126205, 66.654160,11.922588, 233.319153, 0.999832
5, 304,14,131.836929, 131.836975, 119.126205, 66.654160,11.922588, 233.319153, 1.000000
5, 304,15,113.134117, 113.141411, 119.126205, 66.654160,11.922588, 233.319153, 0.999936
5, 304,16,165.528229, 165.529694, 119.126205, 66.654160,11.922588, 233.319153, 0.999991
5, 304,17,78.219223, 78.213554, 119.126205, 66.654160,11.922588, 233.319153, 1.000072
5, 304,18,69.464996, 69.469299, 119.126205, 66.654160,11.922588, 233.319153, 0.999938
5, 304,19,56.545086, 56.535397, 119.126205, 66.654160,11.922588, 233.319153, 1.000171
5, 304,20,121.967232, 121.955841, 119.126205, 66.654160,11.922588, 233.319153, 1.000093
5, 304,21,233.319153, 233.308151, 119.126205, 66.654160,11.922588, 233.319153, 1.000047
5, 304,22,228.508469, 228.500916, 119.126205, 66.654160,11.922588, 233.319153, 1.000033
5, 304,23,213.104980, 213.103729, 119.126205, 66.654160,11.922588, 233.319153, 1.000006
5, 304,24,119.608170, 119.611877, 119.126205, 66.654160,11.922588, 233.319153, 0.999969
5, 304,25,11.922588, 11.908856, 119.126205, 66.654160,11.922588, 233.319153, 1.001153
5, 304,26,126.827965, 126.833252, 119.126205, 66.654160,11.922588, 233.319153, 0.999958
5, 304,27,40.435753, 40.443451, 119.126205, 66.654160,11.922588, 233.319153, 0.999810
5, 304,28,48.051723, 48.057827, 119.126205, 66.654160,11.922588, 233.319153, 0.999873
5, 304,29,13.995611, 14.000177, 119.126205, 66.654160,11.922588, 233.319153, 0.999674
5, 304,30,32.905323, 32.906281, 119.126205, 66.654160,11.922588, 233.319153, 0.999971
5, 304,31,231.730927, 231.729126, 119.126205, 66.654160,11.922588, 233.319153, 1.000008
5, 305,0,131.835129, 131.841064, 119.122543, 68.955261,12.683928, 251.729065, 0.999955
5, 305,1,251.729065, 251.743317, 119.122543, 68.955261,12.683928, 251.729065, 0.999943
5, 305,2,150.719025, 150.714569, 119.122543, 68.955261,12.683928, 251.729065, 1.000030
5, 305,3,209.478775, 209.483063, 119.122543, 68.955261,12.683928, 251.729065, 0.999980
5, 305,4,93.550148, 93.555069, 119.122543, 68.955261,12.683928, 251.729065, 0.999947
5, 305,5,37.117653, 37.127640, 119.122543, 68.955261,12.683928, 251.729065, 0.999731
5, 305,6,111.129570, 111.133316, 119.122543, 68.955261,12.683928, 251.729065, 0.999966
5, 305,7,12.683928, 12.687020, 119.122543, 68.955261,12.683928, 251.729065, 0.999756
5, 305,8,28.802782, 28.809139, 119.122543, 68.955261,12.683928, 251.729065, 0.999779
5, 305,9,148.055588, 148.059738, 119.122543, 68.955261,12.683928, 251.729065, 0.999972
5, 305,10,111.146065, 111.133316, 119.122543, 68.955261,12.683928, 251.729065, 1.000115
5, 305,11,83.633842, 83.643654, 119.122543, 68.955261,12.683928, 251.729065, 0.999883
5, 305,12,85.475609, 85.469864, 119.122543, 68.955261,12.683928, 251.729065, 1.000067
5, 305,13,94.718147, 94.713539, 119.122543, 68.955261,12.683928, 251.729065, 1.000049
5, 305,14,45.375187, 45.357643, 119.122543, 68.955261,12.683928, 251.729065, 1.000387
5, 305,15,58.946716, 58.953640, 119.122543, 68.955261,12.683928, 251.729065, 0.999883
5, 305,16,97.048912, 97.046577, 119.122543, 68.955261,12.683928, 251.729065, 1.000024
5, 305,17,60.556625, 60.562641, 119.122543, 68.955261,12.683928, 251.729065, 0.999901
5, 305,18,179.574951, 179.571869, 119.122543, 68.955261,12.683928, 251.729065, 1.000017
5, 305,19,251.505997, 251.518036, 119.122543, 68.955261,12.683928, 251.729065, 0.999952
5, 305,20,143.911560, 143.916565, 119.122543, 68.955261,12.683928, 251.729065, 0.999965
5, 305,21,42.442463, 42.453407, 119.122543, 68.955261,12.683928, 251.729065, 0.999742
5, 305,22,204.618332, 204.623917, 119.122543, 68.955261,12.683928, 251.729065, 0.999973
5, 305,23,40.146511, 40.144505, 119.122543, 68.955261,12.683928, 251.729065, 1.000050
5, 305,24,13.268908, 13.274302, 119.122543, 68.955261,12.683928, 251.729065, 0.999594
5, 305,25,185.717194, 185.726273, 119.122543, 68.955261,12.683928, 251.729065, 0.999951
5, 305,26,241.267059, 241.268753, 119.122543, 68.955261,12.683928, 251.729065, 0.999993
5, 305,27,160.415588, 160.416809, 119.122543, 68.955261,12.683928, 251.729065, 0.999992
5, 305,28,136.201401, 136.201447, 119.122543, 68.955261,12.683928, 251.729065, 1.000000
5, 305,29,114.712967, 114.705292, 119.122543, 68.955261,12.683928, 251.729065, 1.000067
5, 305,30,113.457481, 113.458313, 119.122543, 68.955261,12.683928, 251.729065, 0.999993
5, 305,31,172.678177, 172.685394, 119.122543, 68.955261,12.683928, 251.729065, 0.999958
5, 306,0,90.493164, 90.486229, 119.125450, 43.137924,26.306137, 186.007874, 1.000077
5, 306,1,146.513138, 146.512390, 119.125450, 43.137924,26.306137, 186.007874, 1.000005
5, 306,2,141.995590, 141.993011, 119.125450, 43.137924,26.306137, 186.007874, 1.000018
5, 306,3,130.313095, 130.315613, 119.125450, 43.137924,26.306137, 186.007874, 0.999981
5, 306,4,77.301376, 77.298500, 119.125450, 43.137924,26.306137, 186.007874, 1.000037
5, 306,5,138.585541, 138.590485, 119.125450, 43.137924,26.306137, 186.007874, 0.999964
5, 306,6,101.228348, 101.237793, 119.125450, 43.137924,26.306137, 186.007874, 0.999907
5, 306,7,119.158363, 119.164764, 119.125450, 43.137924,26.306137, 186.007874, 0.999946
5, 306,8,164.708359, 164.717117, 119.125450, 43.137924,26.306137, 186.007874, 0.999947
5, 306,9,184.397781, 184.397446, 119.125450, 43.137924,26.306137, 186.007874, 1.000002
5, 306,10,94.731964, 94.733620, 119.125450, 43.137924,26.306137, 186.007874, 0.999983
5, 306,11,183.296234, 183.303772, 119.125450, 43.137924,26.306137, 186.007874, 0.999959
5, 306,12,43.268421, 43.267334, 119.125450, 43.137924,26.306137, 186.007874, 1.000025
5, 306,13,100.692162, 100.688065, 119.125450, 43.137924,26.306137, 186.007874, 1.000041
5, 306,14,120.166931, 120.154274, 119.125450, 43.137924,26.306137, 186.007874, 1.000105
5, 306,15,184.588409, 184.582611, 119.125450, 43.137924,26.306137, 186.007874, 1.000031
5, 306,16,88.585426, 88.588219, 119.125450, 43.137924,26.306137, 186.007874, 0.999968
5, 306,17,109.430779, 109.431656, 119.125450, 43.137924,26.306137, 186.007874, 0.999992
5, 306,18,110.535515, 110.513748, 119.125450, 43.137924,26.306137, 186.007874, 1.000197
5, 306,19,138.928314, 138.931900, 119.125450, 43.137924,26.306137, 186.007874, 0.999974
5, 306,20,144.502960, 144.498627, 119.125450, 43.137924,26.306137, 186.007874, 1.000030
5, 306,21,151.157654, 151.159042, 119.125450, 43.137924,26.306137, 186.007874, 0.999991
5, 306,22,26.908148, 26.908531, 119.125450, 43.137924,26.306137, 186.007874, 0.999986
5, 306,23,151.274246, 151.263199, 119.125450, 43.137924,26.306137, 186.007874, 1.000073
5, 306,24,26.306137, 26.306723, 119.125450, 43.137924,26.306137, 186.007874, 0.999978
5, 306,25,105.249786, 105.247925, 119.125450, 43.137924,26.306137, 186.007874, 1.000018
5, 306,26,74.694733, 74.677162, 119.125450, 43.137924,26.306137, 186.007874, 1.000235
5, 306,27,170.072052, 170.087097, 119.125450, 43.137924,26.306137, 186.007874, 0.999912
5, 306,28,186.007874, 186.006134, 119.125450, 43.137924,26.306137, 186.007874, 1.000009
5, 306,29,93.508492, 93.512634, 119.125450, 43.137924,26.306137, 186.007874, 0.999956
5, 306,30,100.650681, 100.664917, 119.125450, 43.137924,26.306137, 186.007874, 0.999859
5, 306,31,112.762840, 112.758965, 119.125450, 43.137924,26.306137, 186.007874, 1.000034
5, 307,0,144.521301, 144.536163, 119.126190, 60.799778,23.019056, 225.878906, 0.999897
5, 307,1,156.848297, 156.846786, 119.126190, 60.799778,23.019056, 225.878906, 1.000010
5, 307,2,191.500702, 191.487396, 119.126190, 60.799778,23.019056, 225.878906, 1.000069
5, 307,3,66.463455, 66.454063, 119.126190, 60.799778,23.019056, 225.878906, 1.000141
5, 307,4,32.658897, 32.654472, 119.126190, 60.799778,23.019056, 225.878906, 1.000136
5, 307,5,65.036247, 65.030304, 119.126190, 60.799778,23.019056, 225.878906, 1.000091
5, 307,6,47.745583, 47.733170, 119.126190, 60.799778,23.019056, 225.878906, 1.000260
5, 307,7,133.400528, 133.397675, 119.126190, 60.799778,23.019056, 225.878906, 1.000021
5, 307,8,148.774597, 148.774353, 119.126190, 60.799778,23.019056, 225.878906, 1.000002
5, 307,9,225.878906, 225.869751, 119.126190, 60.799778,23.019056, 225.878906, 1.000041
5, 307,10,167.293015, 167.296585, 119.126190, 60.799778,23.019056, 225.878906, 0.999979
5, 307,11,42.159760, 42.170544, 119.126190, 60.799778,23.019056, 225.878906, 0.999744
5, 307,12,125.660271, 125.662956, 119.126190, 60.799778,23.019056, 225.878906, 0.999979
5, 307,13,102.691780, 102.690620, 119.126190, 60.799778,23.019056, 225.878906, 1.000011
5, 307,14,23.019056, 23.012579, 119.126190, 60.799778,23.019056, 225.878906, 1.000281
5, 307,15,82.571007, 82.572449, 119.126190, 60.799778,23.019056, 225.878906, 0.999983
5, 307,16,39.570576, 39.587891, 119.126190, 60.799778,23.019056, 225.878906, 0.999563
5, 307,17,210.201172, 210.188431, 119.126190, 60.799778,23.019056, 225.878906, 1.000061
5, 307,18,71.766273, 71.765045, 119.126190, 60.799778,23.019056, 225.878906, 1.000017
5, 307,19,150.452560, 150.456390, 119.126190, 60.799778,23.019056, 225.878906, 0.999975
5, 307,20,200.975845, 200.970383, 119.126190, 60.799778,23.019056, 225.878906, 1.000027
5, 307,21,165.622696, 165.621170, 119.126190, 60.799778,23.019056, 225.878906, 1.000009
5, 307,22,141.648605, 141.642273, 119.126190, 60.799778,23.019056, 225.878906, 1.000045
5, 307,23,56.420364, 56.408222, 119.126190, 60.799778,23.019056, 225.878906, 1.000215
5, 307,24,146.980087, 146.986374, 119.126190, 60.799778,23.019056, 225.878906, 0.999957
5, 307,25,219.195297, 219.187988, 119.126190, 60.799778,23.019056, 225.878906, 1.000033
5, 307,26,184.469650, 184.467896, 119.126190, 60.799778,23.019056, 225.878906, 1.000010
5, 307,27,116.263725, 116.266090, 119.126190, 60.799778,23.019056, 225.878906, 0.999980
5, 307,28,43.597603, 43.607552, 119.126190, 60.799778,23.019056, 225.878906, 0.999772
5, 307,29,112.962433, 112.968239, 119.126190, 60.799778,23.019056, 225.878906, 0.999949
5, 307,30,145.514832, 145.516251, 119.126190, 60.799778,23.019056, 225.878906, 0.999990
5, 307,31,50.172729, 50.170132, 119.126190, 60.799778,23.019056, 225.878906, 1.000052
5, 308,0,210.884201, 210.874802, 119.125572, 67.190872,10.622538, 216.986420, 1.000045
5, 308,1,74.113899, 74.116325, 119.125572, 67.190872,10.622538, 216.986420, 0.999967
5, 308,2,145.744263, 145.735886, 119.125572, 67.190872,10.622538, 216.986420, 1.000057
5, 308,3,178.137527, 178.139175, 119.125572, 67.190872,10.622538, 216.986420, 0.999991
5, 308,4,74.461296, 74.467834, 119.125572, 67.190872,10.622538, 216.986420, 0.999912
5, 308,5,188.408554, 188.416183, 119.125572, 67.190872,10.622538, 216.986420, 0.999960
5, 308,6,144.791748, 144.789993, 119.125572, 67.190872,10.622538, 216.986420, 1.000012
5, 308,7,155.212479, 155.220398, 119.125572, 67.190872,10.622538, 216.986420, 0.999949
5, 308,8,152.202805, 152.210159, 119.125572, 67.190872,10.622538, 216.986420, 0.999952
5, 308,9,133.144806, 133.151657, 119.125572, 67.190872,10.622538, 216.986420, 0.999949
5, 308,10,209.034775, 209.034134, 119.125572, 67.190872,10.622538, 216.986420, 1.000003
5, 308,11,17.194670, 17.183687, 119.125572, 67.190872,10.622538, 216.986420, 1.000639
5, 308,12,104.860924, 104.870682, 119.125572, 67.190872,10.622538, 216.986420, 0.999907
5, 308,13,38.499527, 38.498276, 119.125572, 67.190872,10.622538, 216.986420, 1.000033
5, 308,14,202.075989, 202.080536, 119.125572, 67.190872,10.622538, 216.986420, 0.999977
5, 308,15,143.849106, 143.837708, 119.125572, 67.190872,10.622538, 216.986420, 1.000079
5, 308,16,32.925583, 32.918774, 119.125572, 67.190872,10.622538, 216.986420, 1.000207
5, 308,17,176.638718, 176.643631, 119.125572, 67.190872,10.622538, 216.986420, 0.999972
5, 308,18,204.474091, 204.477219, 119.125572, 67.190872,10.622538, 216.986420, 0.999985
5, 308,19,10.622538, 10.613553, 119.125572, 67.190872,10.622538, 216.986420, 1.000847
5, 308,20,159.925598, 159.917923, 119.125572, 67.190872,10.622538, 216.986420, 1.000048
5, 308,21,52.854713, 52.852863, 119.125572, 67.190872,10.622538, 216.986420, 1.000035
5, 308,22,20.620577, 20.615749, 119.125572, 67.190872,10.622538, 216.986420, 1.000234
5, 308,23,112.815521, 112.808525, 119.125572, 67.190872,10.622538, 216.986420, 1.000062
5, 308,24,216.986420, 216.984772, 119.125572, 67.190872,10.622538, 216.986420, 1.000008
5, 308,25,68.945053, 68.933075, 119.125572, 67.190872,10.622538, 216.986420, 1.000174
5, 308,26,183.152390, 183.156250, 119.125572, 67.190872,10.622538, 216.986420, 0.999979
5, 308,27,25.626171, 25.626436, 119.125572, 67.190872,10.622538, 216.986420, 0.999990
5, 308,28,157.808136, 157.808823, 119.125572, 67.190872,10.622538, 216.986420, 0.999996
5, 308,29,32.636131, 32.637558, 119.125572, 67.190872,10.622538, 216.986420, 0.999956
5, 308,30,63.525627, 63.532528, 119.125572, 67.190872,10.622538, 216.986420, 0.999891
5, 308,31,119.844398, 119.845230, 119.125572, 67.190872,10.622538, 216.986420, 0.999993
5, 309,0,169.962250, 169.966980, 119.126343, 60.637833,17.210482, 213.072708, 0.999972
5, 309,1,201.529953, 201.526627, 119.126343, 60.637833,17.210482, 213.072708, 1.000016
5, 309,2,111.495949, 111.500557, 119.126343, 60.637833,17.210482, 213.072708, 0.999959
5, 309,3,107.639091, 107.639252, 119.126343, 60.637833,17.210482, 213.072708, 0.999999
5, 309,4,139.473755, 139.456314, 119.126343, 60.637833,17.210482, 213.072708, 1.000125
5, 309,5,173.874786, 173.873337, 119.126343, 60.637833,17.210482, 213.072708, 1.000008
5, 309,6,58.177124, 58.188953, 119.126343, 60.637833,17.210482, 213.072708, 0.999797
5, 309,7,49.119144, 49.127781, 119.126343, 60.637833,17.210482, 213.072708, 0.999824
5, 309,8,110.741867, 110.741165, 119.126343, 60.637833,17.210482, 213.072708, 1.000006
5, 309,9,77.443878, 77.443939, 119.126343, 60.637833,17.210482, 213.072708, 0.999999
5, 309,10,118.037697, 118.026131, 119.126343, 60.637833,17.210482, 213.072708, 1.000098
5, 309,11,148.195816, 148.189285, 119.126343, 60.637833,17.210482, 213.072708, 1.000044
5, 309,12,207.323425, 207.312119, 119.126343, 60.637833,17.210482, 213.072708, 1.000055
5, 309,13,190.146393, 190.148682, 119.126343, 60.637833,17.210482, 213.072708, 0.999988
5, 309,14,148.083679, 148.073441, 119.126343, 60.637833,17.210482, 213.072708, 1.000069
5, 309,15,131.884323, 131.881744, 119.126343, 60.637833,17.210482, 213.072708, 1.000020
5, 309,16,84.544106, 84.529411, 119.126343, 60.637833,17.210482, 213.072708, 1.000174
5, 309,17,80.550812, 80.552284, 119.126343, 60.637833,17.210482, 213.072708, 0.999982
5, 309,18,39.509930, 39.526031, 119.126343, 60.637833,17.210482, 213.072708, 0.999593
5, 309,19,213.072708, 213.078323, 119.126343, 60.637833,17.210482, 213.072708, 0.999974
5, 309,20,182.605270, 182.593414, 119.126343, 60.637833,17.210482, 213.072708, 1.000065
5, 309,21,147.347290, 147.352661, 119.126343, 60.637833,17.210482, 213.072708, 0.999964
5, 309,22,81.189529, 81.182961, 119.126343, 60.637833,17.210482, 213.072708, 1.000081
5, 309,23,26.312277, 26.307533, 119.126343, 60.637833,17.210482, 213.072708, 1.000180
5, 309,24,200.541397, 200.535553, 119.126343, 60.637833,17.210482, 213.072708, 1.000029
5, 309,25,108.164192, 108.147659, 119.126343, 60.637833,17.210482, 213.072708, 1.000153
5, 309,26,142.145798, 142.133484, 119.126343, 60.637833,17.210482, 213.072708, 1.000087
5, 309,27,51.714191, 51.721283, 119.126343, 60.637833,17.210482, 213.072708, 0.999863
5, 309,28,17.210482, 17.233492, 119.126343, 60.637833,17.210482, 213.072708, 0.998665
5, 309,29,58.721703, 58.723095, 119.126343, 60.637833,17.210482, 213.072708, 0.999976
5, 309,30,210.712708, 210.710068, 119.126343, 60.637833,17.210482, 213.072708, 1.000013
5, 309,31,24.571411, 24.576385, 119.126343, 60.637833,17.210482, 213.072708, 0.999798
5, 310,0,170.291870, 170.293869, 119.125031, 57.810207,11.219619, 223.039932, 0.999988
5, 310,1,132.039032, 132.046967, 119.125031, 57.810207,11.219619, 223.039932, 0.999940
5, 310,2,83.953011, 83.959450, 119.125031, 57.810207,11.219619, 223.039932, 0.999923
5, 310,3,112.154320, 112.154594, 119.125031, 57.810207,11.219619, 223.039932, 0.999998
5, 310,4,134.911240, 134.904755, 119.125031, 57.810207,11.219619, 223.039932, 1.000048
5, 310,5,142.844589, 142.857727, 119.125031, 57.810207,11.219619, 223.039932, 0.999908
5, 310,6,101.478958, 101.475815, 119.125031, 57.810207,11.219619, 223.039932, 1.000031
5, 310,7,185.592499, 185.592651, 119.125031, 57.810207,11.219619, 223.039932, 0.999999
5, 310,8,223.039932, 223.034363, 119.125031, 57.810207,11.219619, 223.039932, 1.000025
5, 310,9,137.962265, 137.967148, 119.125031, 57.810207,11.219619, 223.039932, 0.999965
5, 310,10,108.540726, 108.551003, 119.125031, 57.810207,11.219619, 223.039932, 0.999905
5, 310,11,37.190220, 37.198547, 119.125031, 57.810207,11.219619, 223.039932, 0.999776
5, 310,12,201.945343, 201.934204, 119.125031, 57.810207,11.219619, 223.039932, 1.000055
5, 310,13,34.279507, 34.281349, 119.125031, 57.810207,11.219619, 223.039932, 0.999946
5, 310,14,211.385330, 211.378784, 119.125031, 57.810207,11.219619, 223.039932, 1.000031
5, 310,15,102.087891, 102.096214, 119.125031, 57.810207,11.219619, 223.039932, 0.999918
5, 310,16,73.662300, 73.670074, 119.125031, 57.810207,11.219619, 223.039932, 0.999894
5, 310,17,120.522751, 120.516777, 119.125031, 57.810207,11.219619, 223.039932, 1.000050
5, 310,18,64.714111, 64.720490, 119.125031, 57.810207,11.219619, 223.039932, 0.999901
5, 310,19,177.559921, 177.573669, 119.125031, 57.810207,11.219619, 223.039932, 0.999923
5, 310,20,160.508865, 160.506088, 119.125031, 57.810207,11.219619, 223.039932, 1.000017
5, 310,21,179.375137, 179.375458, 119.125031, 57.810207,11.219619, 223.039932, 0.999998
5, 310,22,126.737862, 126.727356, 119.125031, 57.810207,11.219619, 223.039932, 1.000083
5, 310,23,11.219619, 11.227597, 119.125031, 57.810207,11.219619, 223.039932, 0.999289
5, 310,24,124.508896, 124.496574, 119.125031, 57.810207,11.219619, 223.039932, 1.000099
5, 310,25,76.696983, 76.692863, 119.125031, 57.810207,11.219619, 223.039932, 1.000054
5, 310,26,26.563454, 26.559368, 119.125031, 57.810207,11.219619, 223.039932, 1.000154
5, 310,27,115.885300, 115.870384, 119.125031, 57.810207,11.219619, 223.039932, 1.000129
5, 310,28,118.138023, 118.147385, 119.125031, 57.810207,11.219619, 223.039932, 0.999921
5, 310,29,13.150616, 13.141594, 119.125031, 57.810207,11.219619, 223.039932, 1.000687
5, 310,30,107.229668, 107.224403, 119.125031, 57.810207,11.219619, 223.039932, 1.000049
5, 310,31,195.830795, 195.822617, 119.125031, 57.810207,11.219619, 223.039932, 1.000042
5, 311,0,17.065090, 17.068863, 119.124825, 54.178402,17.065090, 203.570648, 0.999779
5, 311,1,36.814304, 36.817459, 119.124825, 54.178402,17.065090, 203.570648, 0.999914
5, 311,2,184.765106, 184.749695, 119.124825, 54.178402,17.065090, 203.570648, 1.000083
5, 311,3,28.356022, 28.362312, 119.124825, 54.178402,17.065090, 203.570648, 0.999778
5, 311,4,139.219376, 139.217377, 119.124825, 54.178402,17.065090, 203.570648, 1.000014
5, 311,5,55.043106, 55.042336, 119.124825, 54.178402,17.065090, 203.570648, 1.000014
5, 311,6,181.842453, 181.833694, 119.124825, 54.178402,17.065090, 203.570648, 1.000048
5, 311,7,180.477951, 180.471329, 119.124825, 54.178402,17.065090, 203.570648, 1.000037
5, 311,8,119.004417, 119.002701, 119.124825, 54.178402,17.065090, 203.570648, 1.000014
5, 311,9,124.849266, 124.852577, 119.124825, 54.178402,17.065090, 203.570648, 0.999973
5, 311,10,104.396881, 104.398895, 119.124825, 54.178402,17.065090, 203.570648, 0.999981
5, 311,11,125.800842, 125.814613, 119.124825, 54.178402,17.065090, 203.570648, 0.999891
5, 311,12,33.733292, 33.728195, 119.124825, 54.178402,17.065090, 203.570648, 1.000151
5, 311,13,151.349121, 151.335419, 119.124825, 54.178402,17.065090, 203.570648, 1.000091
5, 311,14,119.842705, 119.851196, 119.124825, 54.178402,17.065090, 203.570648, 0.999929
5, 311,15,203.570648, 203.560150, 119.124825, 54.178402,17.065090, 203.570648, 1.000052
5, 311,16,159.727249, 159.718872, 119.124825, 54.178402,17.065090, 203.570648, 1.000052
5, 311,17,25.330286, 25.326824, 119.124825, 54.178402,17.065090, 203.570648, 1.000137
5, 311,18,60.545734, 60.551628, 119.124825, 54.178402,17.065090, 203.570648, 0.999903
5, 311,19,150.367783, 150.379364, 119.124825, 54.178402,17.065090, 203.570648, 0.999923
5, 311,20,159.310532, 159.318497, 119.124825, 54.178402,17.065090, 203.570648, 0.999950
5, 311,21,128.898483, 128.891937, 119.124825, 54.178402,17.065090, 203.570648, 1.000051
5, 311,22,183.484421, 183.488892, 119.124825, 54.178402,17.065090, 203.570648, 0.999976
5, 311,23,174.382446, 174.388397, 119.124825, 54.178402,17.065090, 203.570648, 0.999966
5, 311,24,93.192589, 93.183121, 119.124825, 54.178402,17.065090, 203.570648, 1.000102
5, 311,25,85.138351, 85.134300, 119.124825, 54.178402,17.065090, 203.570648, 1.000048
5, 311,26,148.291412, 148.293961, 119.124825, 54.178402,17.065090, 203.570648, 0.999983
5, 311,27,129.626892, 129.632874, 119.124825, 54.178402,17.065090, 203.570648, 0.999954
5, 311,28,82.238625, 82.242218, 119.124825, 54.178402,17.065090, 203.570648, 0.999956
5, 311,29,188.350815, 188.358810, 119.124825, 54.178402,17.065090, 203.570648, 0.999958
5, 311,30,135.660583, 135.668015, 119.124825, 54.178402,17.065090, 203.570648, 0.999945
5, 311,31,101.317711, 101.315605, 119.124825, 54.178402,17.065090, 203.570648, 1.000021
5, 312,0,48.978291, 48.964962, 119.125168, 60.481022,10.587041, 226.502625, 1.000272
5, 312,1,68.834335, 68.833229, 119.125168, 60.481022,10.587041, 226.502625, 1.000016
5, 312,2,108.407539, 108.396828, 119.125168, 60.481022,10.587041, 226.502625, 1.000099
5, 312,3,145.464783, 145.472748, 119.125168, 60.481022,10.587041, 226.502625, 0.999945
5, 312,4,59.809391, 59.813690, 119.125168, 60.481022,10.587041, 226.502625, 0.999928
5, 312,5,178.263275, 178.265030, 119.125168, 60.481022,10.587041, 226.502625, 0.999990
5, 312,6,97.031372, 97.035934, 119.125168, 60.481022,10.587041, 226.502625, 0.999953
5, 312,7,51.610626, 51.632244, 119.125168, 60.481022,10.587041, 226.502625, 0.999581
5, 312,8,218.070786, 218.074753, 119.125168, 60.481022,10.587041, 226.502625, 0.999982
5, 312,9,68.547401, 68.540565, 119.125168, 60.481022,10.587041, 226.502625, 1.000100
5, 312,10,216.878159, 216.877472, 119.125168, 60.481022,10.587041, 226.502625, 1.000003
5, 312,11,60.001770, 59.999935, 119.125168, 60.481022,10.587041, 226.502625, 1.000031
5, 312,12,87.553703, 87.544128, 119.125168, 60.481022,10.587041, 226.502625, 1.000109
5, 312,13,179.120972, 179.129745, 119.125168, 60.481022,10.587041, 226.502625, 0.999951
5, 312,14,122.333885, 122.331894, 119.125168, 60.481022,10.587041, 226.502625, 1.000016
5, 312,15,141.493835, 141.495102, 119.125168, 60.481022,10.587041, 226.502625, 0.999991
5, 312,16,10.587041, 10.578688, 119.125168, 60.481022,10.587041, 226.502625, 1.000790
5, 312,17,134.393585, 134.391205, 119.125168, 60.481022,10.587041, 226.502625, 1.000018
5, 312,18,184.840637, 184.836807, 119.125168, 60.481022,10.587041, 226.502625, 1.000021
5, 312,19,31.611748, 31.617638, 119.125168, 60.481022,10.587041, 226.502625, 0.999814
5, 312,20,83.898590, 83.892410, 119.125168, 60.481022,10.587041, 226.502625, 1.000074
5, 312,21,99.749718, 99.756439, 119.125168, 60.481022,10.587041, 226.502625, 0.999933
5, 312,22,175.965668, 175.963593, 119.125168, 60.481022,10.587041, 226.502625, 1.000012
5, 312,23,156.930954, 156.920120, 119.125168, 60.481022,10.587041, 226.502625, 1.000069
5, 312,24,130.938522, 130.945694, 119.125168, 60.481022,10.587041, 226.502625, 0.999945
5, 312,25,20.064255, 20.070494, 119.125168, 60.481022,10.587041, 226.502625, 0.999689
5, 312,26,162.921509, 162.926498, 119.125168, 60.481022,10.587041, 226.502625, 0.999969
5, 312,27,65.568939, 65.567307, 119.125168, 60.481022,10.587041, 226.502625, 1.000025
5, 312,28,187.224442, 187.218079, 119.125168, 60.481022,10.587041, 226.502625, 1.000034
5, 312,29,152.515503, 152.516785, 119.125168, 60.481022,10.587041, 226.502625, 0.999992
5, 312,30,135.891754, 135.887817, 119.125168, 60.481022,10.587041, 226.502625, 1.000029
5, 312,31,226.502625, 226.502304, 119.125168, 60.481022,10.587041, 226.502625, 1.000001
5, 313,0,35.624466, 35.616192, 119.125000, 67.576416,27.139694, 239.723053, 1.000232
5, 313,1,99.768974, 99.758972, 119.125000, 67.576416,27.139694, 239.723053, 1.000100
5, 313,2,239.723053, 239.713257, 119.125000, 67.576416,27.139694, 239.723053, 1.000041
5, 313,3,98.086403, 98.079910, 119.125000, 67.576416,27.139694, 239.723053, 1.000066
5, 313,4,138.755081, 138.758224, 119.125000, 67.576416,27.139694, 239.723053, 0.999977
5, 313,5,164.683701, 164.677780, 119.125000, 67.576416,27.139694, 239.723053, 1.000036
5, 313,6,229.903778, 229.899948, 119.125000, 67.576416,27.139694, 239.723053, 1.000017
5, 313,7,40.896999, 40.893227, 119.125000, 67.576416,27.139694, 239.723053, 1.000092
5, 313,8,90.248276, 90.249008, 119.125000, 67.576416,27.139694, 239.723053, 0.999992
5, 313,9,98.537498, 98.545532, 119.125000, 67.576416,27.139694, 239.723053, 0.999918
5, 313,10,211.282684, 211.296295, 119.125000, 67.576416,27.139694, 239.723053, 0.999936
5, 313,11,67.265358, 67.285446, 119.125000, 67.576416,27.139694, 239.723053, 0.999701
5, 313,12,60.055813, 60.054218, 119.125000, 67.576416,27.139694, 239.723053, 1.000027
5, 313,13,160.019150, 160.021576, 119.125000, 67.576416,27.139694, 239.723053, 0.999985
5, 313,14,222.999542, 223.000290, 119.125000, 67.576416,27.139694, 239.723053, 0.999997
5, 313,15,42.021889, 42.014954, 119.125000, 67.576416,27.139694, 239.723053, 1.000165
5, 313,16,160.997986, 161.002197, 119.125000, 67.576416,27.139694, 239.723053, 0.999974
5, 313,17,80.284203, 80.287560, 119.125000, 67.576416,27.139694, 239.723053, 0.999958
5, 313,18,53.447788, 53.450878, 119.125000, 67.576416,27.139694, 239.723053, 0.999942
5, 313,19,70.707375, 70.707062, 119.125000, 67.576416,27.139694, 239.723053, 1.000004
5, 313,20,160.721573, 160.720016, 119.125000, 67.576416,27.139694, 239.723053, 1.000010
5, 313,21,187.186752, 187.189835, 119.125000, 67.576416,27.139694, 239.723053, 0.999984
5, 313,22,173.490356, 173.496353, 119.125000, 67.576416,27.139694, 239.723053, 0.999965
5, 313,23,41.284916, 41.288300, 119.125000, 67.576416,27.139694, 239.723053, 0.999918
5, 313,24,77.246773, 77.246910, 119.125000, 67.576416,27.139694, 239.723053, 0.999998
5, 313,25,109.819008, 109.819199, 119.125000, 67.576416,27.139694, 239.723053, 0.999998
5, 313,26,219.113327, 219.113068, 119.125000, 67.576416,27.139694, 239.723053, 1.000001
5, 313,27,43.570827, 43.567017, 119.125000, 67.576416,27.139694, 239.723053, 1.000087
5, 313,28,220.562225, 220.559311, 119.125000, 67.576416,27.139694, 239.723053, 1.000013
5, 313,29,69.711494, 69.705269, 119.125000, 67.576416,27.139694, 239.723053, 1.000089
5, 313,30,116.843346, 116.845833, 119.125000, 67.576416,27.139694, 239.723053, 0.999979
5, 313,31,27.139694, 27.136251, 119.125000, 67.576416,27.139694, 239.723053, 1.000127
5, 314,0,45.966576, 45.970276, 119.126289, 56.670017,14.026244, 208.971191, 0.999920
5, 314,1,149.459396, 149.456436, 119.126289, 56.670017,14.026244, 208.971191, 1.000020
5, 314,2,40.026508, 40.028049, 119.126289, 56.670017,14.026244, 208.971191, 0.999961
5, 314,3,155.556137, 155.569305, 119.126289, 56.670017,14.026244, 208.971191, 0.999915
5, 314,4,174.797958, 174.803848, 119.126289, 56.670017,14.026244, 208.971191, 0.999966
5, 314,5,136.126175, 136.133636, 119.126289, 56.670017,14.026244, 208.971191, 0.999945
5, 314,6,140.369949, 140.357208, 119.126289, 56.670017,14.026244, 208.971191, 1.000091
5, 314,7,127.907455, 127.905960, 119.126289, 56.670017,14.026244, 208.971191, 1.000012
5, 314,8,71.628700, 71.628502, 119.126289, 56.670017,14.026244, 208.971191, 1.000003
5, 314,9,101.183754, 101.181175, 119.126289, 56.670017,14.026244, 208.971191, 1.000026
5, 314,10,193.158325, 193.148560, 119.126289, 56.670017,14.026244, 208.971191, 1.000051
5, 314,11,186.985260, 186.980835, 119.126289, 56.670017,14.026244, 208.971191, 1.000024
5, 314,12,56.926968, 56.910065, 119.126289, 56.670017,14.026244, 208.971191, 1.000297
5, 314,13,208.971191, 208.976212, 119.126289, 56.670017,14.026244, 208.971191, 0.999976
5, 314,14,22.475628, 22.481724, 119.126289, 56.670017,14.026244, 208.971191, 0.999729
5, 314,15,208.467194, 208.458160, 119.126289, 56.670017,14.026244, 208.971191, 1.000043
5, 314,16,163.227921, 163.236298, 119.126289, 56.670017,14.026244, 208.971191, 0.999949
5, 314,17,84.936829, 84.920807, 119.126289, 56.670017,14.026244, 208.971191, 1.000189
5, 314,18,84.862991, 84.853767, 119.126289, 56.670017,14.026244, 208.971191, 1.000109
5, 314,19,125.721077, 125.724098, 119.126289, 56.670017,14.026244, 208.971191, 0.999976
5, 314,20,176.664536, 176.668777, 119.126289, 56.670017,14.026244, 208.971191, 0.999976
5, 314,21,114.287300, 114.272354, 119.126289, 56.670017,14.026244, 208.971191, 1.000131
5, 314,22,94.057350, 94.056595, 119.126289, 56.670017,14.026244, 208.971191, 1.000008
5, 314,23,86.058098, 86.060501, 119.126289, 56.670017,14.026244, 208.971191, 0.999972
5, 314,24,91.987625, 91.978348, 119.126289, 56.670017,14.026244, 208.971191, 1.000101
5, 314,25,101.408646, 101.412773, 119.126289, 56.670017,14.026244, 208.971191, 0.999959
5, 314,26,172.443527, 172.439133, 119.126289, 56.670017,14.026244, 208.971191, 1.000026
5, 314,27,17.362953, 17.368361, 119.126289, 56.670017,14.026244, 208.971191, 0.999689
5, 314,28,139.178909, 139.168762, 119.126289, 56.670017,14.026244, 208.971191, 1.000073
5, 314,29,14.026244, 14.046808, 119.126289, 56.670017,14.026244, 208.971191, 0.998536
5, 314,30,141.248245, 141.247009, 119.126289, 56.670017,14.026244, 208.971191, 1.000009
5, 314,31,184.561630, 184.555191, 119.126289, 56.670017,14.026244, 208.971191, 1.000035
5, 315,0,38.019306, 38.007465, 119.128334, 62.120518,20.572344, 205.761887, 1.000311
5, 315,1,47.296024, 47.298782, 119.128334, 62.120518,20.572344, 205.761887, 0.999942
5, 315,2,51.519001, 51.516594, 119.128334, 62.120518,20.572344, 205.761887, 1.000047
5, 315,3,20.572344, 20.577902, 119.128334, 62.120518,20.572344, 205.761887, 0.999730
5, 315,4,33.752983, 33.759315, 119.128334, 62.120518,20.572344, 205.761887, 0.999812
5, 315,5,139.443802, 139.435150, 119.128334, 62.120518,20.572344, 205.761887, 1.000062
5, 315,6,165.011368, 165.009033, 119.128334, 62.120518,20.572344, 205.761887, 1.000014
5, 315,7,205.761887, 205.754883, 119.128334, 62.120518,20.572344, 205.761887, 1.000034
5, 315,8,173.011002, 173.013779, 119.128334, 62.120518,20.572344, 205.761887, 0.999984
5, 315,9,168.496948, 168.498581, 119.128334, 62.120518,20.572344, 205.761887, 0.999990
5, 315,10,92.432549, 92.438446, 119.128334, 62.120518,20.572344, 205.761887, 0.999936
5, 315,11,92.595917, 92.596230, 119.128334, 62.120518,20.572344, 205.761887, 0.999997
5, 315,12,178.773880, 178.760925, 119.128334, 62.120518,20.572344, 205.761887, 1.000072
5, 315,13,160.096664, 160.105453, 119.128334, 62.120518,20.572344, 205.761887, 0.999945
5, 315,14,85.262764, 85.253006, 119.128334, 62.120518,20.572344, 205.761887, 1.000114
5, 315,15,29.889851, 29.881357, 119.128334, 62.120518,20.572344, 205.761887, 1.000284
5, 315,16,169.547531, 169.542435, 119.128334, 62.120518,20.572344, 205.761887, 1.000030
5, 315,17,141.701065, 141.698807, 119.128334, 62.120518,20.572344, 205.761887, 1.000016
5, 315,18,204.535187, 204.529007, 119.128334, 62.120518,20.572344, 205.761887, 1.000030
5, 315,19,100.186630, 100.170082, 119.128334, 62.120518,20.572344, 205.761887, 1.000165
5, 315,20,194.156281, 194.157425, 119.128334, 62.120518,20.572344, 205.761887, 0.999994
5, 315,21,171.222305, 171.229538, 119.128334, 62.120518,20.572344, 205.761887, 0.999958
5, 315,22,160.378601, 160.372482, 119.128334, 62.120518,20.572344, 205.761887, 1.000038
5, 315,23,29.763342, 29.759981, 119.128334, 62.120518,20.572344, 205.761887, 1.000113
5, 315,24,29.365179, 29.377647, 119.128334, 62.120518,20.572344, 205.761887, 0.999576
5, 315,25,173.575546, 173.566025, 119.128334, 62.120518,20.572344, 205.761887, 1.000055
5, 315,26,125.883034, 125.865334, 119.128334, 62.120518,20.572344, 205.761887, 1.000141
5, 315,27,152.471558, 152.476990, 119.128334, 62.120518,20.572344, 205.761887, 0.999964
5, 315,28,191.336365, 191.329391, 119.128334, 62.120518,20.572344, 205.761887, 1.000036
5, 315,29,112.882874, 112.865997, 119.128334, 62.120518,20.572344, 205.761887, 1.000149
5, 315,30,145.330704, 145.321869, 119.128334, 62.120518,20.572344, 205.761887, 1.000061
5, 315,31,27.833992, 27.830105, 119.128334, 62.120518,20.572344, 205.761887, 1.000140
5, 316,0,46.382797, 46.376583, 119.124130, 74.081230,10.326902, 247.059204, 1.000134
5, 316,1,158.158051, 158.162048, 119.124130, 74.081230,10.326902, 247.059204, 0.999975
5, 316,2,36.689278, 36.687260, 119.124130, 74.081230,10.326902, 247.059204, 1.000055
5, 316,3,193.283859, 193.294006, 119.124130, 74.081230,10.326902, 247.059204, 0.999947
5, 316,4,112.450249, 112.457939, 119.124130, 74.081230,10.326902, 247.059204, 0.999932
5, 316,5,247.059204, 247.052048, 119.124130, 74.081230,10.326902, 247.059204, 1.000029
5, 316,6,190.985168, 191.000107, 119.124130, 74.081230,10.326902, 247.059204, 0.999922
5, 316,7,74.001144, 74.004555, 119.124130, 74.081230,10.326902, 247.059204, 0.999954
5, 316,8,73.441833, 73.440125, 119.124130, 74.081230,10.326902, 247.059204, 1.000023
5, 316,9,127.034325, 127.031738, 119.124130, 74.081230,10.326902, 247.059204, 1.000020
5, 316,10,91.995476, 91.993851, 119.124130, 74.081230,10.326902, 247.059204, 1.000018
5, 316,11,42.532089, 42.534142, 119.124130, 74.081230,10.326902, 247.059204, 0.999952
5, 316,12,105.263298, 105.265114, 119.124130, 74.081230,10.326902, 247.059204, 0.999983
5, 316,13,43.777306, 43.778778, 119.124130, 74.081230,10.326902, 247.059204, 0.999966
5, 316,14,120.268974, 120.273087, 119.124130, 74.081230,10.326902, 247.059204, 0.999966
5, 316,15,228.011108, 228.006256, 119.124130, 74.081230,10.326902, 247.059204, 1.000021
5, 316,16,157.384933, 157.387756, 119.124130, 74.081230,10.326902, 247.059204, 0.999982
5, 316,17,205.577301, 205.566650, 119.124130, 74.081230,10.326902, 247.059204, 1.000052
5, 316,18,73.976814, 73.982849, 119.124130, 74.081230,10.326902, 247.059204, 0.999918
5, 316,19,85.693192, 85.698326, 119.124130, 74.081230,10.326902, 247.059204, 0.999940
5, 316,20,216.774826, 216.768356, 119.124130, 74.081230,10.326902, 247.059204, 1.000030
5, 316,21,20.859194, 20.854362, 119.124130, 74.081230,10.326902, 247.059204, 1.000232
5, 316,22,181.459000, 181.462738, 119.124130, 74.081230,10.326902, 247.059204, 0.999979
5, 316,23,131.114685, 131.127441, 119.124130, 74.081230,10.326902, 247.059204, 0.999903
5, 316,24,233.345581, 233.339340, 119.124130, 74.081230,10.326902, 247.059204, 1.000027
5, 316,25,11.375564, 11.389359, 119.124130, 74.081230,10.326902, 247.059204, 0.998789
5, 316,26,15.486672, 15.485071, 119.124130, 74.081230,10.326902, 247.059204, 1.000103
5, 316,27,10.326902, 10.340103, 119.124130, 74.081230,10.326902, 247.059204, 0.998723
5, 316,28,129.296600, 129.289459, 119.124130, 74.081230,10.326902, 247.059204, 1.000055
5, 316,29,154.146408, 154.138687, 119.124130, 74.081230,10.326902, 247.059204, 1.000050
5, 316,30,58.861713, 58.859104, 119.124130, 74.081230,10.326902, 247.059204, 1.000044
5, 316,31,234.958374, 234.953049, 119.124130, 74.081230,10.326902, 247.059204, 1.000023
5, 317,0,200.434418, 200.427170, 119.125740, 59.878830,25.606781, 238.208694, 1.000036
5, 317,1,145.984543, 145.991898, 119.125740, 59.878830,25.606781, 238.208694, 0.999950
5, 317,2,122.037445, 122.041252, 119.125740, 59.878830,25.606781, 238.208694, 0.999969
5, 317,3,92.252983, 92.252975, 119.125740, 59.878830,25.606781, 238.208694, 1.000000
5, 317,4,170.655045, 170.661118, 119.125740, 59.878830,25.606781, 238.208694, 0.999964
5, 317,5,66.334084, 66.324356, 119.125740, 59.878830,25.606781, 238.208694, 1.000147
5, 317,6,56.706398, 56.715958, 119.125740, 59.878830,25.606781, 238.208694, 0.999831
5, 317,7,236.380402, 236.386459, 119.125740, 59.878830,25.606781, 238.208694, 0.999974
5, 317,8,118.079407, 118.077881, 119.125740, 59.878830,25.606781, 238.208694, 1.000013
5, 317,9,111.113388, 111.106796, 119.125740, 59.878830,25.606781, 238.208694, 1.000059
5, 317,10,94.918701, 94.912514, 119.125740, 59.878830,25.606781, 238.208694, 1.000065
5, 317,11,103.465340, 103.468956, 119.125740, 59.878830,25.606781, 238.208694, 0.999965
5, 317,12,45.082630, 45.077713, 119.125740, 59.878830,25.606781, 238.208694, 1.000109
5, 317,13,169.862747, 169.861023, 119.125740, 59.878830,25.606781, 238.208694, 1.000010
5, 317,14,28.132782, 28.120399, 119.125740, 59.878830,25.606781, 238.208694, 1.000440
5, 317,15,118.110176, 118.107513, 119.125740, 59.878830,25.606781, 238.208694, 1.000023
5, 317,16,130.177719, 130.182831, 119.125740, 59.878830,25.606781, 238.208694, 0.999961
5, 317,17,83.640556, 83.629868, 119.125740, 59.878830,25.606781, 238.208694, 1.000128
5, 317,18,53.125664, 53.137810, 119.125740, 59.878830,25.606781, 238.208694, 0.999771
5, 317,19,166.099960, 166.090271, 119.125740, 59.878830,25.606781, 238.208694, 1.000058
5, 317,20,137.250473, 137.265045, 119.125740, 59.878830,25.606781, 238.208694, 0.999894
5, 317,21,233.750656, 233.741730, 119.125740, 59.878830,25.606781, 238.208694, 1.000038
5, 317,22,128.464081, 128.456726, 119.125740, 59.878830,25.606781, 238.208694, 1.000057
5, 317,23,98.955338, 98.957375, 119.125740, 59.878830,25.606781, 238.208694, 0.999979
5, 317,24,238.208694, 238.223679, 119.125740, 59.878830,25.606781, 238.208694, 0.999937
5, 317,25,75.240761, 75.251213, 119.125740, 59.878830,25.606781, 238.208694, 0.999861
5, 317,26,156.135696, 156.111450, 119.125740, 59.878830,25.606781, 238.208694, 1.000155
5, 317,27,189.824448, 189.826065, 119.125740, 59.878830,25.606781, 238.208694, 0.999991
5, 317,28,40.087898, 40.084602, 119.125740, 59.878830,25.606781, 238.208694, 1.000082
5, 317,29,114.870781, 114.870132, 119.125740, 59.878830,25.606781, 238.208694, 1.000006
5, 317,30,25.606781, 25.601620, 119.125740, 59.878830,25.606781, 238.208694, 1.000202
5, 317,31,61.033451, 61.034927, 119.125740, 59.878830,25.606781, 238.208694, 0.999976
5, 318,0,11.731331, 11.728588, 119.126251, 67.714645,11.731331, 257.945313, 1.000234
5, 318,1,91.461578, 91.450157, 119.126251, 67.714645,11.731331, 257.945313, 1.000125
5, 318,2,138.287125, 138.290314, 119.126251, 67.714645,11.731331, 257.945313, 0.999977
5, 318,3,68.231476, 68.236595, 119.126251, 67.714645,11.731331, 257.945313, 0.999925
5, 318,4,163.794846, 163.790802, 119.126251, 67.714645,11.731331, 257.945313, 1.000025
5, 318,5,55.877438, 55.876423, 119.126251, 67.714645,11.731331, 257.945313, 1.000018
5, 318,6,213.309052, 213.300323, 119.126251, 67.714645,11.731331, 257.945313, 1.000041
5, 318,7,257.945313, 257.945313, 119.126251, 67.714645,11.731331, 257.945313, 1.000000
5, 318,8,148.390076, 148.401779, 119.126251, 67.714645,11.731331, 257.945313, 0.999921
5, 318,9,64.497948, 64.496414, 119.126251, 67.714645,11.731331, 257.945313, 1.000024
5, 318,10,190.874176, 190.866913, 119.126251, 67.714645,11.731331, 257.945313, 1.000038
5, 318,11,141.163010, 141.173828, 119.126251, 67.714645,11.731331, 257.945313, 0.999923
5, 318,12,68.510300, 68.488998, 119.126251, 67.714645,11.731331, 257.945313, 1.000311
5, 318,13,30.945827, 30.934273, 119.126251, 67.714645,11.731331, 257.945313, 1.000373
5, 318,14,38.975838, 38.980621, 119.126251, 67.714645,11.731331, 257.945313, 0.999877
5, 318,15,60.766914, 60.763889, 119.126251, 67.714645,11.731331, 257.945313, 1.000050
5, 318,16,34.756664, 34.743286, 119.126251, 67.714645,11.731331, 257.945313, 1.000385
5, 318,17,90.178116, 90.172836, 119.126251, 67.714645,11.731331, 257.945313, 1.000059
5, 318,18,81.681107, 81.690514, 119.126251, 67.714645,11.731331, 257.945313, 0.999885
5, 318,19,241.066345, 241.080109, 119.126251, 67.714645,11.731331, 257.945313, 0.999943
5, 318,20,170.607269, 170.613373, 119.126251, 67.714645,11.731331, 257.945313, 0.999964
5, 318,21,113.860504, 113.860611, 119.126251, 67.714645,11.731331, 257.945313, 0.999999
5, 318,22,103.545036, 103.542625, 119.126251, 67.714645,11.731331, 257.945313, 1.000023
5, 318,23,247.775543, 247.772644, 119.126251, 67.714645,11.731331, 257.945313, 1.000012
5, 318,24,134.018524, 134.014740, 119.126251, 67.714645,11.731331, 257.945313, 1.000028
5, 318,25,173.788696, 173.787552, 119.126251, 67.714645,11.731331, 257.945313, 1.000007
5, 318,26,120.841797, 120.828506, 119.126251, 67.714645,11.731331, 257.945313, 1.000110
5, 318,27,214.141647, 214.149323, 119.126251, 67.714645,11.731331, 257.945313, 0.999964
5, 318,28,106.235016, 106.234940, 119.126251, 67.714645,11.731331, 257.945313, 1.000001
5, 318,29,112.952309, 112.965729, 119.126251, 67.714645,11.731331, 257.945313, 0.999881
5, 318,30,70.589600, 70.577072, 119.126251, 67.714645,11.731331, 257.945313, 1.000178
5, 318,31,51.239468, 51.241360, 119.126251, 67.714645,11.731331, 257.945313, 0.999963
5, 319,0,47.180687, 47.179138, 119.124695, 59.057838,15.886770, 195.788940, 1.000033
5, 319,1,15.886770, 15.888021, 119.124695, 59.057838,15.886770, 195.788940, 0.999921
5, 319,2,42.731327, 42.716282, 119.124695, 59.057838,15.886770, 195.788940, 1.000352
5, 319,3,189.818634, 189.820313, 119.124695, 59.057838,15.886770, 195.788940, 0.999991
5, 319,4,195.788940, 195.787811, 119.124695, 59.057838,15.886770, 195.788940, 1.000006
5, 319,5,190.316330, 190.325638, 119.124695, 59.057838,15.886770, 195.788940, 0.999951
5, 319,6,106.775192, 106.774773, 119.124695, 59.057838,15.886770, 195.788940, 1.000004
5, 319,7,193.825012, 193.834595, 119.124695, 59.057838,15.886770, 195.788940, 0.999951
5, 319,8,46.145180, 46.145756, 119.124695, 59.057838,15.886770, 195.788940, 0.999988
5, 319,9,71.273087, 71.264954, 119.124695, 59.057838,15.886770, 195.788940, 1.000114
5, 319,10,86.797951, 86.805466, 119.124695, 59.057838,15.886770, 195.788940, 0.999913
5, 319,11,186.364853, 186.373795, 119.124695, 59.057838,15.886770, 195.788940, 0.999952
5, 319,12,146.017044, 146.014999, 119.124695, 59.057838,15.886770, 195.788940, 1.000014
5, 319,13,99.154266, 99.166344, 119.124695, 59.057838,15.886770, 195.788940, 0.999878
5, 319,14,131.440964, 131.439728, 119.124695, 59.057838,15.886770, 195.788940, 1.000009
5, 319,15,55.928799, 55.923164, 119.124695, 59.057838,15.886770, 195.788940, 1.000101
5, 319,16,105.785675, 105.786819, 119.124695, 59.057838,15.886770, 195.788940, 0.999989
5, 319,17,173.296997, 173.286148, 119.124695, 59.057838,15.886770, 195.788940, 1.000063
5, 319,18,165.408264, 165.416519, 119.124695, 59.057838,15.886770, 195.788940, 0.999950
5, 319,19,137.418900, 137.412933, 119.124695, 59.057838,15.886770, 195.788940, 1.000043
5, 319,20,174.845322, 174.853256, 119.124695, 59.057838,15.886770, 195.788940, 0.999955
5, 319,21,155.293579, 155.298431, 119.124695, 59.057838,15.886770, 195.788940, 0.999969
5, 319,22,169.574905, 169.572784, 119.124695, 59.057838,15.886770, 195.788940, 1.000013
5, 319,23,23.282963, 23.275019, 119.124695, 59.057838,15.886770, 195.788940, 1.000341
5, 319,24,87.157829, 87.163185, 119.124695, 59.057838,15.886770, 195.788940, 0.999939
5, 319,25,192.970413, 192.982925, 119.124695, 59.057838,15.886770, 195.788940, 0.999935
5, 319,26,70.206688, 70.214531, 119.124695, 59.057838,15.886770, 195.788940, 0.999888
5, 319,27,34.977966, 34.965897, 119.124695, 59.057838,15.886770, 195.788940, 1.000345
5, 319,28,158.682632, 158.671127, 119.124695, 59.057838,15.886770, 195.788940, 1.000072
5, 319,29,55.890438, 55.894775, 119.124695, 59.057838,15.886770, 195.788940, 0.999922
5, 319,30,173.958771, 173.944794, 119.124695, 59.057838,15.886770, 195.788940, 1.000080
5, 319,31,127.794067, 127.800186, 119.124695, 59.057838,15.886770, 195.788940, 0.999952
5, 320,0,41.873436, 41.876698, 119.124130, 71.079361,11.778275, 221.827942, 0.999922
5, 320,1,133.044006, 133.045471, 119.124130, 71.079361,11.778275, 221.827942, 0.999989
5, 320,2,14.736656, 14.742582, 119.124130, 71.079361,11.778275, 221.827942, 0.999598
5, 320,3,28.317806, 28.309639, 119.124130, 71.079361,11.778275, 221.827942, 1.000288
5, 320,4,103.070564, 103.065826, 119.124130, 71.079361,11.778275, 221.827942, 1.000046
5, 320,5,221.827942, 221.826630, 119.124130, 71.079361,11.778275, 221.827942, 1.000006
5, 320,6,90.660965, 90.656609, 119.124130, 71.079361,11.778275, 221.827942, 1.000048
5, 320,7,11.778275, 11.772744, 119.124130, 71.079361,11.778275, 221.827942, 1.000470
5, 320,8,92.167061, 92.167702, 119.124130, 71.079361,11.778275, 221.827942, 0.999993
5, 320,9,217.090927, 217.090591, 119.124130, 71.079361,11.778275, 221.827942, 1.000002
5, 320,10,16.625601, 16.626534, 119.124130, 71.079361,11.778275, 221.827942, 0.999944
5, 320,11,28.381508, 28.388138, 119.124130, 71.079361,11.778275, 221.827942, 0.999766
5, 320,12,140.024078, 140.025269, 119.124130, 71.079361,11.778275, 221.827942, 0.999991
5, 320,13,50.429890, 50.439510, 119.124130, 71.079361,11.778275, 221.827942, 0.999809
5, 320,14,204.370102, 204.380463, 119.124130, 71.079361,11.778275, 221.827942, 0.999949
5, 320,15,45.452244, 45.461433, 119.124130, 71.079361,11.778275, 221.827942, 0.999798
5, 320,16,59.713276, 59.708805, 119.124130, 71.079361,11.778275, 221.827942, 1.000075
5, 320,17,173.101654, 173.112137, 119.124130, 71.079361,11.778275, 221.827942, 0.999939
5, 320,18,164.828766, 164.824066, 119.124130, 71.079361,11.778275, 221.827942, 1.000028
5, 320,19,115.313164, 115.298416, 119.124130, 71.079361,11.778275, 221.827942, 1.000128
5, 320,20,188.009857, 188.013641, 119.124130, 71.079361,11.778275, 221.827942, 0.999980
5, 320,21,129.960709, 129.964447, 119.124130, 71.079361,11.778275, 221.827942, 0.999971
5, 320,22,133.520721, 133.529541, 119.124130, 71.079361,11.778275, 221.827942, 0.999934
5, 320,23,27.005466, 27.001341, 119.124130, 71.079361,11.778275, 221.827942, 1.000153
5, 320,24,206.129883, 206.127045, 119.124130, 71.079361,11.778275, 221.827942, 1.000014
5, 320,25,195.114456, 195.098083, 119.124130, 71.079361,11.778275, 221.827942, 1.000084
5, 320,26,156.162064, 156.176193, 119.124130, 71.079361,11.778275, 221.827942, 0.999910
5, 320,27,147.675827, 147.672272, 119.124130, 71.079361,11.778275, 221.827942, 1.000024
5, 320,28,179.630859, 179.633987, 119.124130, 71.079361,11.778275, 221.827942, 0.999983
5, 320,29,207.900818, 207.899796, 119.124130, 71.079361,11.778275, 221.827942, 1.000005
5, 320,30,70.384361, 70.391068, 119.124130, 71.079361,11.778275, 221.827942, 0.999905
5, 320,31,217.669174, 217.672791, 119.124130, 71.079361,11.778275, 221.827942, 0.999983
5, 321,0,19.342976, 19.339867, 119.125938, 58.151390,19.342976, 206.494644, 1.000161
5, 321,1,139.622726, 139.616669, 119.125938, 58.151390,19.342976, 206.494644, 1.000043
5, 321,2,66.946945, 66.934715, 119.125938, 58.151390,19.342976, 206.494644, 1.000183
5, 321,3,44.016243, 44.017040, 119.125938, 58.151390,19.342976, 206.494644, 0.999982
5, 321,4,101.779846, 101.771606, 119.125938, 58.151390,19.342976, 206.494644, 1.000081
5, 321,5,199.925308, 199.919037, 119.125938, 58.151390,19.342976, 206.494644, 1.000031
5, 321,6,132.488770, 132.484055, 119.125938, 58.151390,19.342976, 206.494644, 1.000036
5, 321,7,146.491547, 146.497009, 119.125938, 58.151390,19.342976, 206.494644, 0.999963
5, 321,8,121.104881, 121.094582, 119.125938, 58.151390,19.342976, 206.494644, 1.000085
5, 321,9,35.487110, 35.484402, 119.125938, 58.151390,19.342976, 206.494644, 1.000076
5, 321,10,183.574127, 183.572678, 119.125938, 58.151390,19.342976, 206.494644, 1.000008
5, 321,11,91.645081, 91.649734, 119.125938, 58.151390,19.342976, 206.494644, 0.999949
5, 321,12,161.925919, 161.935226, 119.125938, 58.151390,19.342976, 206.494644, 0.999943
5, 321,13,182.766388, 182.778061, 119.125938, 58.151390,19.342976, 206.494644, 0.999936
5, 321,14,62.741936, 62.728306, 119.125938, 58.151390,19.342976, 206.494644, 1.000217
5, 321,15,25.843708, 25.854439, 119.125938, 58.151390,19.342976, 206.494644, 0.999585
5, 321,16,39.920033, 39.911537, 119.125938, 58.151390,19.342976, 206.494644, 1.000213
5, 321,17,120.674591, 120.672058, 119.125938, 58.151390,19.342976, 206.494644, 1.000021
5, 321,18,113.306900, 113.306114, 119.125938, 58.151390,19.342976, 206.494644, 1.000007
5, 321,19,202.670105, 202.674942, 119.125938, 58.151390,19.342976, 206.494644, 0.999976
5, 321,20,206.494644, 206.502975, 119.125938, 58.151390,19.342976, 206.494644, 0.999960
5, 321,21,127.821938, 127.817276, 119.125938, 58.151390,19.342976, 206.494644, 1.000036
5, 321,22,76.215309, 76.198906, 119.125938, 58.151390,19.342976, 206.494644, 1.000215
5, 321,23,185.408859, 185.407867, 119.125938, 58.151390,19.342976, 206.494644, 1.000005
5, 321,24,137.481369, 137.478775, 119.125938, 58.151390,19.342976, 206.494644, 1.000019
5, 321,25,150.432220, 150.425934, 119.125938, 58.151390,19.342976, 206.494644, 1.000042
5, 321,26,135.887024, 135.889557, 119.125938, 58.151390,19.342976, 206.494644, 0.999981
5, 321,27,74.618546, 74.615982, 119.125938, 58.151390,19.342976, 206.494644, 1.000034
5, 321,28,152.429779, 152.431396, 119.125938, 58.151390,19.342976, 206.494644, 0.999989
5, 321,29,155.771103, 155.773819, 119.125938, 58.151390,19.342976, 206.494644, 0.999983
5, 321,30,195.702957, 195.718933, 119.125938, 58.151390,19.342976, 206.494644, 0.999918
5, 321,31,21.491287, 21.496675, 119.125938, 58.151390,19.342976, 206.494644, 0.999749
5, 322,0,110.122902, 110.127533, 119.123268, 49.605274,17.678589, 197.714615, 0.999958
5, 322,1,143.091415, 143.085190, 119.123268, 49.605274,17.678589, 197.714615, 1.000044
5, 322,2,177.946060, 177.962326, 119.123268, 49.605274,17.678589, 197.714615, 0.999909
5, 322,3,176.646469, 176.651321, 119.123268, 49.605274,17.678589, 197.714615, 0.999973
5, 322,4,104.189362, 104.199677, 119.123268, 49.605274,17.678589, 197.714615, 0.999901
5, 322,5,158.381958, 158.378448, 119.123268, 49.605274,17.678589, 197.714615, 1.000022
5, 322,6,120.741043, 120.747498, 119.123268, 49.605274,17.678589, 197.714615, 0.999947
5, 322,7,27.817223, 27.814947, 119.123268, 49.605274,17.678589, 197.714615, 1.000082
5, 322,8,108.988853, 108.979599, 119.123268, 49.605274,17.678589, 197.714615, 1.000085
5, 322,9,128.704117, 128.701508, 119.123268, 49.605274,17.678589, 197.714615, 1.000020
5, 322,10,166.211243, 166.213257, 119.123268, 49.605274,17.678589, 197.714615, 0.999988
5, 322,11,85.114227, 85.111328, 119.123268, 49.605274,17.678589, 197.714615, 1.000034
5, 322,12,194.688980, 194.679535, 119.123268, 49.605274,17.678589, 197.714615, 1.000049
5, 322,13,77.227859, 77.220062, 119.123268, 49.605274,17.678589, 197.714615, 1.000101
5, 322,14,57.515480, 57.523258, 119.123268, 49.605274,17.678589, 197.714615, 0.999865
5, 322,15,139.550858, 139.566116, 119.123268, 49.605274,17.678589, 197.714615, 0.999891
5, 322,16,123.943466, 123.946671, 119.123268, 49.605274,17.678589, 197.714615, 0.999974
5, 322,17,122.700691, 122.710915, 119.123268, 49.605274,17.678589, 197.714615, 0.999917
5, 322,18,87.568108, 87.570297, 119.123268, 49.605274,17.678589, 197.714615, 0.999975
5, 322,19,139.597549, 139.597473, 119.123268, 49.605274,17.678589, 197.714615, 1.000001
5, 322,20,139.566757, 139.572388, 119.123268, 49.605274,17.678589, 197.714615, 0.999960
5, 322,21,197.714615, 197.703064, 119.123268, 49.605274,17.678589, 197.714615, 1.000058
5, 322,22,17.678589, 17.684265, 119.123268, 49.605274,17.678589, 197.714615, 0.999679
5, 322,23,171.843170, 171.840012, 119.123268, 49.605274,17.678589, 197.714615, 1.000018
5, 322,24,122.662506, 122.654457, 119.123268, 49.605274,17.678589, 197.714615, 1.000066
5, 322,25,133.087311, 133.086243, 119.123268, 49.605274,17.678589, 197.714615, 1.000008
5, 322,26,185.456284, 185.470963, 119.123268, 49.605274,17.678589, 197.714615, 0.999921
5, 322,27,40.966904, 40.950333, 119.123268, 49.605274,17.678589, 197.714615, 1.000405
5, 322,28,159.485825, 159.488739, 119.123268, 49.605274,17.678589, 197.714615, 0.999982
5, 322,29,38.624290, 38.635643, 119.123268, 49.605274,17.678589, 197.714615, 0.999706
5, 322,30,80.646118, 80.645050, 119.123268, 49.605274,17.678589, 197.714615, 1.000013
5, 322,31,73.464081, 73.481430, 119.123268, 49.605274,17.678589, 197.714615, 0.999764
5, 323,0,108.584648, 108.557518, 119.125168, 64.221375,11.505154, 209.895920, 1.000250
5, 323,1,189.601624, 189.603897, 119.125168, 64.221375,11.505154, 209.895920, 0.999988
5, 323,2,47.944721, 47.950237, 119.125168, 64.221375,11.505154, 209.895920, 0.999885
5, 323,3,146.262161, 146.250153, 119.125168, 64.221375,11.505154, 209.895920, 1.000082
5, 323,4,177.371902, 177.364304, 119.125168, 64.221375,11.505154, 209.895920, 1.000043
5, 323,5,141.376099, 141.386978, 119.125168, 64.221375,11.505154, 209.895920, 0.999923
5, 323,6,162.394638, 162.397842, 119.125168, 64.221375,11.505154, 209.895920, 0.999980
5, 323,7,207.598389, 207.605118, 119.125168, 64.221375,11.505154, 209.895920, 0.999968
5, 323,8,101.813713, 101.803131, 119.125168, 64.221375,11.505154, 209.895920, 1.000104
5, 323,9,192.528961, 192.513000, 119.125168, 64.221375,11.505154, 209.895920, 1.000083
5, 323,10,85.660889, 85.667992, 119.125168, 64.221375,11.505154, 209.895920, 0.999917
5, 323,11,116.544899, 116.543404, 119.125168, 64.221375,11.505154, 209.895920, 1.000013
5, 323,12,171.410828, 171.420441, 119.125168, 64.221375,11.505154, 209.895920, 0.999944
5, 323,13,184.633301, 184.633911, 119.125168, 64.221375,11.505154, 209.895920, 0.999997
5, 323,14,117.991905, 118.007385, 119.125168, 64.221375,11.505154, 209.895920, 0.999869
5, 323,15,11.505154, 11.495390, 119.125168, 64.221375,11.505154, 209.895920, 1.000849
5, 323,16,44.599812, 44.588749, 119.125168, 64.221375,11.505154, 209.895920, 1.000248
5, 323,17,200.939056, 200.957550, 119.125168, 64.221375,11.505154, 209.895920, 0.999908
5, 323,18,55.359280, 55.339222, 119.125168, 64.221375,11.505154, 209.895920, 1.000362
5, 323,19,59.244022, 59.247345, 119.125168, 64.221375,11.505154, 209.895920, 0.999944
5, 323,20,42.557812, 42.571857, 119.125168, 64.221375,11.505154, 209.895920, 0.999670
5, 323,21,209.895920, 209.892181, 119.125168, 64.221375,11.505154, 209.895920, 1.000018
5, 323,22,181.099289, 181.115356, 119.125168, 64.221375,11.505154, 209.895920, 0.999911
5, 323,23,181.637619, 181.630569, 119.125168, 64.221375,11.505154, 209.895920, 1.000039
5, 323,24,39.303745, 39.304623, 119.125168, 64.221375,11.505154, 209.895920, 0.999978
5, 323,25,127.324944, 127.319008, 119.125168, 64.221375,11.505154, 209.895920, 1.000047
5, 323,26,178.800476, 178.803146, 119.125168, 64.221375,11.505154, 209.895920, 0.999985
5, 323,27,49.611652, 49.596420, 119.125168, 64.221375,11.505154, 209.895920, 1.000307
5, 323,28,19.532017, 19.537825, 119.125168, 64.221375,11.505154, 209.895920, 0.999703
5, 323,29,20.767387, 20.769321, 119.125168, 64.221375,11.505154, 209.895920, 0.999907
5, 323,30,89.140732, 89.161430, 119.125168, 64.221375,11.505154, 209.895920, 0.999768
5, 323,31,148.967422, 148.964462, 119.125168, 64.221375,11.505154, 209.895920, 1.000020
5, 324,0,92.504494, 92.506203, 119.123260, 50.578197,22.955725, 199.036011, 0.999982
5, 324,1,71.471130, 71.471542, 119.123260, 50.578197,22.955725, 199.036011, 0.999994
5, 324,2,119.412682, 119.427063, 119.123260, 50.578197,22.955725, 199.036011, 0.999880
5, 324,3,84.174385, 84.174255, 119.123260, 50.578197,22.955725, 199.036011, 1.000002
5, 324,4,153.871964, 153.866577, 119.123260, 50.578197,22.955725, 199.036011, 1.000035
5, 324,5,46.541405, 46.545898, 119.123260, 50.578197,22.955725, 199.036011, 0.999903
5, 324,6,178.488495, 178.487961, 119.123260, 50.578197,22.955725, 199.036011, 1.000003
5, 324,7,102.828293, 102.839226, 119.123260, 50.578197,22.955725, 199.036011, 0.999894
5, 324,8,22.955725, 22.960163, 119.123260, 50.578197,22.955725, 199.036011, 0.999807
5, 324,9,84.674660, 84.659897, 119.123260, 50.578197,22.955725, 199.036011, 1.000174
5, 324,10,181.630341, 181.629990, 119.123260, 50.578197,22.955725, 199.036011, 1.000002
5, 324,11,87.308334, 87.322144, 119.123260, 50.578197,22.955725, 199.036011, 0.999842
5, 324,12,199.036011, 199.025284, 119.123260, 50.578197,22.955725, 199.036011, 1.000054
5, 324,13,176.361542, 176.364014, 119.123260, 50.578197,22.955725, 199.036011, 0.999986
5, 324,14,198.143738, 198.147614, 119.123260, 50.578197,22.955725, 199.036011, 0.999980
5, 324,15,186.308212, 186.305023, 119.123260, 50.578197,22.955725, 199.036011, 1.000017
5, 324,16,29.011889, 29.021889, 119.123260, 50.578197,22.955725, 199.036011, 0.999655
5, 324,17,121.663612, 121.668037, 119.123260, 50.578197,22.955725, 199.036011, 0.999964
5, 324,18,115.471893, 115.477585, 119.123260, 50.578197,22.955725, 199.036011, 0.999951
5, 324,19,94.990509, 94.992920, 119.123260, 50.578197,22.955725, 199.036011, 0.999975
5, 324,20,149.953186, 149.958054, 119.123260, 50.578197,22.955725, 199.036011, 0.999968
5, 324,21,87.941101, 87.954063, 119.123260, 50.578197,22.955725, 199.036011, 0.999853
5, 324,22,194.360550, 194.361969, 119.123260, 50.578197,22.955725, 199.036011, 0.999993
5, 324,23,97.737465, 97.737083, 119.123260, 50.578197,22.955725, 199.036011, 1.000004
5, 324,24,55.966339, 55.972008, 119.123260, 50.578197,22.955725, 199.036011, 0.999899
5, 324,25,71.785141, 71.787506, 119.123260, 50.578197,22.955725, 199.036011, 0.999967
5, 324,26,119.041191, 119.035042, 119.123260, 50.578197,22.955725, 199.036011, 1.000052
5, 324,27,106.924683, 106.923294, 119.123260, 50.578197,22.955725, 199.036011, 1.000013
5, 324,28,142.987030, 142.977707, 119.123260, 50.578197,22.955725, 199.036011, 1.000065
5, 324,29,116.050804, 116.045135, 119.123260, 50.578197,22.955725, 199.036011, 1.000049
5, 324,30,191.216431, 191.219925, 119.123260, 50.578197,22.955725, 199.036011, 0.999982
5, 324,31,131.130936, 131.135086, 119.123260, 50.578197,22.955725, 199.036011, 0.999968
5, 325,0,49.160530, 49.155365, 119.125618, 71.361992,11.078239, 246.713272, 1.000105
5, 325,1,205.618805, 205.626160, 119.125618, 71.361992,11.078239, 246.713272, 0.999964
5, 325,2,213.963989, 213.966537, 119.125618, 71.361992,11.078239, 246.713272, 0.999988
5, 325,3,179.470123, 179.474838, 119.125618, 71.361992,11.078239, 246.713272, 0.999974
5, 325,4,113.527039, 113.535309, 119.125618, 71.361992,11.078239, 246.713272, 0.999927
5, 325,5,55.230625, 55.227951, 119.125618, 71.361992,11.078239, 246.713272, 1.000048
5, 325,6,205.696304, 205.701492, 119.125618, 71.361992,11.078239, 246.713272, 0.999975
5, 325,7,107.664368, 107.658615, 119.125618, 71.361992,11.078239, 246.713272, 1.000053
5, 325,8,106.251534, 106.257256, 119.125618, 71.361992,11.078239, 246.713272, 0.999946
5, 325,9,61.012920, 61.021770, 119.125618, 71.361992,11.078239, 246.713272, 0.999855
5, 325,10,67.241188, 67.237503, 119.125618, 71.361992,11.078239, 246.713272, 1.000055
5, 325,11,159.641464, 159.637238, 119.125618, 71.361992,11.078239, 246.713272, 1.000026
5, 325,12,11.078239, 11.077394, 119.125618, 71.361992,11.078239, 246.713272, 1.000076
5, 325,13,43.259480, 43.271133, 119.125618, 71.361992,11.078239, 246.713272, 0.999731
5, 325,14,159.015594, 159.011902, 119.125618, 71.361992,11.078239, 246.713272, 1.000023
5, 325,15,160.776138, 160.774902, 119.125618, 71.361992,11.078239, 246.713272, 1.000008
5, 325,16,224.249176, 224.243210, 119.125618, 71.361992,11.078239, 246.713272, 1.000027
5, 325,17,60.329334, 60.321087, 119.125618, 71.361992,11.078239, 246.713272, 1.000137
5, 325,18,144.593887, 144.583862, 119.125618, 71.361992,11.078239, 246.713272, 1.000069
5, 325,19,246.713272, 246.717819, 119.125618, 71.361992,11.078239, 246.713272, 0.999982
5, 325,20,120.479897, 120.474342, 119.125618, 71.361992,11.078239, 246.713272, 1.000046
5, 325,21,50.714527, 50.699886, 119.125618, 71.361992,11.078239, 246.713272, 1.000289
5, 325,22,218.617599, 218.622696, 119.125618, 71.361992,11.078239, 246.713272, 0.999977
5, 325,23,173.084061, 173.078293, 119.125618, 71.361992,11.078239, 246.713272, 1.000033
5, 325,24,31.414717, 31.419800, 119.125618, 71.361992,11.078239, 246.713272, 0.999838
5, 325,25,100.647949, 100.651794, 119.125618, 71.361992,11.078239, 246.713272, 0.999962
5, 325,26,211.730682, 211.721329, 119.125618, 71.361992,11.078239, 246.713272, 1.000044
5, 325,27,56.684570, 56.682056, 119.125618, 71.361992,11.078239, 246.713272, 1.000044
5, 325,28,163.647629, 163.645447, 119.125618, 71.361992,11.078239, 246.713272, 1.000013
5, 325,29,17.793341, 17.790388, 119.125618, 71.361992,11.078239, 246.713272, 1.000166
5, 325,30,36.192726, 36.196503, 119.125618, 71.361992,11.078239, 246.713272, 0.999896
5, 325,31,56.517311, 56.516304, 119.125618, 71.361992,11.078239, 246.713272, 1.000018
5, 326,0,180.535812, 180.529602, 119.126808, 59.022694,17.590349, 201.748108, 1.000034
5, 326,1,177.146835, 177.153992, 119.126808, 59.022694,17.590349, 201.748108, 0.999960
5, 326,2,97.867973, 97.871361, 119.126808, 59.022694,17.590349, 201.748108, 0.999965
5, 326,3,66.216728, 66.222870, 119.126808, 59.022694,17.590349, 201.748108, 0.999907
5, 326,4,178.300140, 178.298767, 119.126808, 59.022694,17.590349, 201.748108, 1.000008
5, 326,5,144.881805, 144.871490, 119.126808, 59.022694,17.590349, 201.748108, 1.000071
5, 326,6,101.627449, 101.628548, 119.126808, 59.022694,17.590349, 201.748108, 0.999989
5, 326,7,194.797684, 194.806946, 119.126808, 59.022694,17.590349, 201.748108, 0.999952
5, 326,8,175.863480, 175.856583, 119.126808, 59.022694,17.590349, 201.748108, 1.000039
5, 326,9,56.140240, 56.131287, 119.126808, 59.022694,17.590349, 201.748108, 1.000160
5, 326,10,187.514725, 187.509750, 119.126808, 59.022694,17.590349, 201.748108, 1.000027
5, 326,11,152.450897, 152.438721, 119.126808, 59.022694,17.590349, 201.748108, 1.000080
5, 326,12,57.306931, 57.299541, 119.126808, 59.022694,17.590349, 201.748108, 1.000129
5, 326,13,140.804153, 140.791412, 119.126808, 59.022694,17.590349, 201.748108, 1.000090
5, 326,14,115.765793, 115.759109, 119.126808, 59.022694,17.590349, 201.748108, 1.000058
5, 326,15,174.539597, 174.535706, 119.126808, 59.022694,17.590349, 201.748108, 1.000022
5, 326,16,86.895271, 86.899170, 119.126808, 59.022694,17.590349, 201.748108, 0.999955
5, 326,17,60.721443, 60.716236, 119.126808, 59.022694,17.590349, 201.748108, 1.000086
5, 326,18,17.590349, 17.584833, 119.126808, 59.022694,17.590349, 201.748108, 1.000314
5, 326,19,112.561829, 112.559631, 119.126808, 59.022694,17.590349, 201.748108, 1.000020
5, 326,20,71.323471, 71.318558, 119.126808, 59.022694,17.590349, 201.748108, 1.000069
5, 326,21,100.699959, 100.706863, 119.126808, 59.022694,17.590349, 201.748108, 0.999931
5, 326,22,20.387892, 20.385117, 119.126808, 59.022694,17.590349, 201.748108, 1.000136
5, 326,23,197.529877, 197.536758, 119.126808, 59.022694,17.590349, 201.748108, 0.999965
5, 326,24,74.598557, 74.606110, 119.126808, 59.022694,17.590349, 201.748108, 0.999899
5, 326,25,201.748108, 201.751862, 119.126808, 59.022694,17.590349, 201.748108, 0.999981
5, 326,26,190.506073, 190.509644, 119.126808, 59.022694,17.590349, 201.748108, 0.999981
5, 326,27,81.778419, 81.774124, 119.126808, 59.022694,17.590349, 201.748108, 1.000053
5, 326,28,143.179596, 143.174866, 119.126808, 59.022694,17.590349, 201.748108, 1.000033
5, 326,29,40.548702, 40.550674, 119.126808, 59.022694,17.590349, 201.748108, 0.999951
5, 326,30,29.973372, 29.965960, 119.126808, 59.022694,17.590349, 201.748108, 1.000247
5, 326,31,180.254578, 180.253677, 119.126808, 59.022694,17.590349, 201.748108, 1.000005
5, 327,0,67.999886, 67.992615, 119.124367, 83.110275,13.571160, 243.250443, 1.000107
5, 327,1,227.770203, 227.772659, 119.124367, 83.110275,13.571160, 243.250443, 0.999989
5, 327,2,159.083847, 159.084366, 119.124367, 83.110275,13.571160, 243.250443, 0.999997
5, 327,3,240.765091, 240.761826, 119.124367, 83.110275,13.571160, 243.250443, 1.000014
5, 327,4,28.624447, 28.617342, 119.124367, 83.110275,13.571160, 243.250443, 1.000248
5, 327,5,36.428448, 36.437065, 119.124367, 83.110275,13.571160, 243.250443, 0.999763
5, 327,6,29.156994, 29.156132, 119.124367, 83.110275,13.571160, 243.250443, 1.000030
5, 327,7,243.250443, 243.259216, 119.124367, 83.110275,13.571160, 243.250443, 0.999964
5, 327,8,91.184151, 91.175102, 119.124367, 83.110275,13.571160, 243.250443, 1.000099
5, 327,9,50.962864, 50.969803, 119.124367, 83.110275,13.571160, 243.250443, 0.999864
5, 327,10,50.399635, 50.394608, 119.124367, 83.110275,13.571160, 243.250443, 1.000100
5, 327,11,117.854691, 117.845154, 119.124367, 83.110275,13.571160, 243.250443, 1.000081
5, 327,12,15.532271, 15.533508, 119.124367, 83.110275,13.571160, 243.250443, 0.999920
5, 327,13,204.412033, 204.415436, 119.124367, 83.110275,13.571160, 243.250443, 0.999983
5, 327,14,42.127136, 42.123470, 119.124367, 83.110275,13.571160, 243.250443, 1.000087
5, 327,15,238.888199, 238.883377, 119.124367, 83.110275,13.571160, 243.250443, 1.000020
5, 327,16,16.519831, 16.523714, 119.124367, 83.110275,13.571160, 243.250443, 0.999765
5, 327,17,13.571160, 13.574937, 119.124367, 83.110275,13.571160, 243.250443, 0.999722
5, 327,18,134.898514, 134.889816, 119.124367, 83.110275,13.571160, 243.250443, 1.000064
5, 327,19,235.398743, 235.403076, 119.124367, 83.110275,13.571160, 243.250443, 0.999982
5, 327,20,71.599678, 71.589401, 119.124367, 83.110275,13.571160, 243.250443, 1.000144
5, 327,21,208.903366, 208.907776, 119.124367, 83.110275,13.571160, 243.250443, 0.999979
5, 327,22,85.672272, 85.678001, 119.124367, 83.110275,13.571160, 243.250443, 0.999933
5, 327,23,120.784492, 120.786652, 119.124367, 83.110275,13.571160, 243.250443, 0.999982
5, 327,24,20.919571, 20.943241, 119.124367, 83.110275,13.571160, 243.250443, 0.998870
5, 327,25,77.893837, 77.894684, 119.124367, 83.110275,13.571160, 243.250443, 0.999989
5, 327,26,239.532806, 239.531372, 119.124367, 83.110275,13.571160, 243.250443, 1.000006
5, 327,27,62.250782, 62.247967, 119.124367, 83.110275,13.571160, 243.250443, 1.000045
5, 327,28,169.665054, 169.670837, 119.124367, 83.110275,13.571160, 243.250443, 0.999966
5, 327,29,221.682693, 221.685806, 119.124367, 83.110275,13.571160, 243.250443, 0.999986
5, 327,30,88.990280, 88.998108, 119.124367, 83.110275,13.571160, 243.250443, 0.999912
5, 327,31,199.256668, 199.253250, 119.124367, 83.110275,13.571160, 243.250443, 1.000017
5, 328,0,75.829384, 75.832626, 119.125092, 74.127388,10.881996, 239.414169, 0.999957
5, 328,1,26.904331, 26.905544, 119.125092, 74.127388,10.881996, 239.414169, 0.999955
5, 328,2,47.187473, 47.192196, 119.125092, 74.127388,10.881996, 239.414169, 0.999900
5, 328,3,136.141312, 136.136688, 119.125092, 74.127388,10.881996, 239.414169, 1.000034
5, 328,4,233.647278, 233.648148, 119.125092, 74.127388,10.881996, 239.414169, 0.999996
5, 328,5,24.981258, 24.978920, 119.125092, 74.127388,10.881996, 239.414169, 1.000094
5, 328,6,237.434311, 237.440506, 119.125092, 74.127388,10.881996, 239.414169, 0.999974
5, 328,7,203.604294, 203.606552, 119.125092, 74.127388,10.881996, 239.414169, 0.999989
5, 328,8,31.476091, 31.466993, 119.125092, 74.127388,10.881996, 239.414169, 1.000289
5, 328,9,126.421745, 126.419807, 119.125092, 74.127388,10.881996, 239.414169, 1.000015
5, 328,10,216.905853, 216.894928, 119.125092, 74.127388,10.881996, 239.414169, 1.000050
5, 328,11,114.276031, 114.273697, 119.125092, 74.127388,10.881996, 239.414169, 1.000020
5, 328,12,148.570023, 148.564545, 119.125092, 74.127388,10.881996, 239.414169, 1.000037
5, 328,13,43.117298, 43.118114, 119.125092, 74.127388,10.881996, 239.414169, 0.999981
5, 328,14,216.901993, 216.902542, 119.125092, 74.127388,10.881996, 239.414169, 0.999997
5, 328,15,199.621521, 199.623840, 119.125092, 74.127388,10.881996, 239.414169, 0.999988
5, 328,16,132.061661, 132.054993, 119.125092, 74.127388,10.881996, 239.414169, 1.000051
5, 328,17,132.842941, 132.846954, 119.125092, 74.127388,10.881996, 239.414169, 0.999970
5, 328,18,45.921021, 45.935703, 119.125092, 74.127388,10.881996, 239.414169, 0.999680
5, 328,19,10.881996, 10.883352, 119.125092, 74.127388,10.881996, 239.414169, 0.999875
5, 328,20,31.511305, 31.505070, 119.125092, 74.127388,10.881996, 239.414169, 1.000198
5, 328,21,19.901306, 19.899643, 119.125092, 74.127388,10.881996, 239.414169, 1.000084
5, 328,22,139.664978, 139.670090, 119.125092, 74.127388,10.881996, 239.414169, 0.999963
5, 328,23,190.632751, 190.638016, 119.125092, 74.127388,10.881996, 239.414169, 0.999972
5, 328,24,180.168182, 180.159622, 119.125092, 74.127388,10.881996, 239.414169, 1.000048
5, 328,25,31.279512, 31.276617, 119.125092, 74.127388,10.881996, 239.414169, 1.000093
5, 328,26,153.218582, 153.232605, 119.125092, 74.127388,10.881996, 239.414169, 0.999909
5, 328,27,239.414169, 239.412796, 119.125092, 74.127388,10.881996, 239.414169, 1.000006
5, 328,28,66.222649, 66.229965, 119.125092, 74.127388,10.881996, 239.414169, 0.999890
5, 328,29,122.425629, 122.429474, 119.125092, 74.127388,10.881996, 239.414169, 0.999969
5, 328,30,94.126961, 94.116501, 119.125092, 74.127388,10.881996, 239.414169, 1.000111
5, 328,31,138.708679, 138.702972, 119.125092, 74.127388,10.881996, 239.414169, 1.000041
5, 329,0,97.238670, 97.242203, 119.125908, 60.515129,17.783861, 226.228699, 0.999964
5, 329,1,67.864906, 67.859085, 119.125908, 60.515129,17.783861, 226.228699, 1.000086
5, 329,2,122.682556, 122.689827, 119.125908, 60.515129,17.783861, 226.228699, 0.999941
5, 329,3,173.724670, 173.714691, 119.125908, 60.515129,17.783861, 226.228699, 1.000057
5, 329,4,33.093330, 33.087708, 119.125908, 60.515129,17.783861, 226.228699, 1.000170
5, 329,5,116.750679, 116.755920, 119.125908, 60.515129,17.783861, 226.228699, 0.999955
5, 329,6,106.783752, 106.784203, 119.125908, 60.515129,17.783861, 226.228699, 0.999996
5, 329,7,58.247086, 58.248875, 119.125908, 60.515129,17.783861, 226.228699, 0.999969
5, 329,8,181.569366, 181.578827, 119.125908, 60.515129,17.783861, 226.228699, 0.999948
5, 329,9,92.601486, 92.604195, 119.125908, 60.515129,17.783861, 226.228699, 0.999971
5, 329,10,103.009834, 103.012421, 119.125908, 60.515129,17.783861, 226.228699, 0.999975
5, 329,11,87.371284, 87.379631, 119.125908, 60.515129,17.783861, 226.228699, 0.999904
5, 329,12,226.228699, 226.226425, 119.125908, 60.515129,17.783861, 226.228699, 1.000010
5, 329,13,123.487854, 123.474205, 119.125908, 60.515129,17.783861, 226.228699, 1.000111
5, 329,14,68.226929, 68.213760, 119.125908, 60.515129,17.783861, 226.228699, 1.000193
5, 329,15,149.784912, 149.781219, 119.125908, 60.515129,17.783861, 226.228699, 1.000025
5, 329,16,217.827225, 217.823456, 119.125908, 60.515129,17.783861, 226.228699, 1.000017
5, 329,17,124.283089, 124.279030, 119.125908, 60.515129,17.783861, 226.228699, 1.000033
5, 329,18,167.342957, 167.351074, 119.125908, 60.515129,17.783861, 226.228699, 0.999951
5, 329,19,133.038116, 133.036682, 119.125908, 60.515129,17.783861, 226.228699, 1.000011
5, 329,20,128.376724, 128.385010, 119.125908, 60.515129,17.783861, 226.228699, 0.999935
5, 329,21,45.552238, 45.548927, 119.125908, 60.515129,17.783861, 226.228699, 1.000073
5, 329,22,167.048752, 167.037323, 119.125908, 60.515129,17.783861, 226.228699, 1.000068
5, 329,23,206.634979, 206.630859, 119.125908, 60.515129,17.783861, 226.228699, 1.000020
5, 329,24,35.784607, 35.781841, 119.125908, 60.515129,17.783861, 226.228699, 1.000077
5, 329,25,17.783861, 17.789116, 119.125908, 60.515129,17.783861, 226.228699, 0.999705
5, 329,26,35.958229, 35.965996, 119.125908, 60.515129,17.783861, 226.228699, 0.999784
5, 329,27,166.006241, 166.021042, 119.125908, 60.515129,17.783861, 226.228699, 0.999911
5, 329,28,219.854401, 219.849182, 119.125908, 60.515129,17.783861, 226.228699, 1.000024
5, 329,29,91.269638, 91.267357, 119.125908, 60.515129,17.783861, 226.228699, 1.000025
5, 329,30,194.851547, 194.851700, 119.125908, 60.515129,17.783861, 226.228699, 0.999999
5, 329,31,51.750084, 51.728386, 119.125908, 60.515129,17.783861, 226.228699, 1.000419
5, 330,0,113.173782, 113.179817, 119.123688, 53.549896,23.940317, 224.131149, 0.999947
5, 330,1,52.198887, 52.204754, 119.123688, 53.549896,23.940317, 224.131149, 0.999888
5, 330,2,190.121841, 190.121338, 119.123688, 53.549896,23.940317, 224.131149, 1.000003
5, 330,3,120.737991, 120.734787, 119.123688, 53.549896,23.940317, 224.131149, 1.000027
5, 330,4,93.128197, 93.111305, 119.123688, 53.549896,23.940317, 224.131149, 1.000181
5, 330,5,135.842819, 135.858093, 119.123688, 53.549896,23.940317, 224.131149, 0.999888
5, 330,6,67.951729, 67.963783, 119.123688, 53.549896,23.940317, 224.131149, 0.999823
5, 330,7,161.189438, 161.192978, 119.123688, 53.549896,23.940317, 224.131149, 0.999978
5, 330,8,110.818077, 110.817627, 119.123688, 53.549896,23.940317, 224.131149, 1.000004
5, 330,9,209.001389, 208.998734, 119.123688, 53.549896,23.940317, 224.131149, 1.000013
5, 330,10,32.054287, 32.055946, 119.123688, 53.549896,23.940317, 224.131149, 0.999948
5, 330,11,224.131149, 224.142105, 119.123688, 53.549896,23.940317, 224.131149, 0.999951
5, 330,12,73.850937, 73.845810, 119.123688, 53.549896,23.940317, 224.131149, 1.000069
5, 330,13,30.921129, 30.904970, 119.123688, 53.549896,23.940317, 224.131149, 1.000523
5, 330,14,56.510406, 56.487461, 119.123688, 53.549896,23.940317, 224.131149, 1.000406
5, 330,15,109.885788, 109.894173, 119.123688, 53.549896,23.940317, 224.131149, 0.999924
5, 330,16,207.474213, 207.473007, 119.123688, 53.549896,23.940317, 224.131149, 1.000006
5, 330,17,156.671799, 156.676056, 119.123688, 53.549896,23.940317, 224.131149, 0.999973
5, 330,18,155.325577, 155.331024, 119.123688, 53.549896,23.940317, 224.131149, 0.999965
5, 330,19,110.431198, 110.429504, 119.123688, 53.549896,23.940317, 224.131149, 1.000015
5, 330,20,58.602032, 58.608742, 119.123688, 53.549896,23.940317, 224.131149, 0.999885
5, 330,21,128.981491, 128.985687, 119.123688, 53.549896,23.940317, 224.131149, 0.999967
5, 330,22,23.940317, 23.958954, 119.123688, 53.549896,23.940317, 224.131149, 0.999222
5, 330,23,139.252869, 139.257492, 119.123688, 53.549896,23.940317, 224.131149, 0.999967
5, 330,24,146.789230, 146.772308, 119.123688, 53.549896,23.940317, 224.131149, 1.000115
5, 330,25,130.718582, 130.725525, 119.123688, 53.549896,23.940317, 224.131149, 0.999947
5, 330,26,138.703400, 138.695389, 119.123688, 53.549896,23.940317, 224.131149, 1.000058
5, 330,27,187.673447, 187.672165, 119.123688, 53.549896,23.940317, 224.131149, 1.000007
5, 330,28,74.602394, 74.615364, 119.123688, 53.549896,23.940317, 224.131149, 0.999826
5, 330,29,102.648010, 102.647034, 119.123688, 53.549896,23.940317, 224.131149, 1.000010
5, 330,30,155.293228, 155.297562, 119.123688, 53.549896,23.940317, 224.131149, 0.999972
5, 330,31,113.332634, 113.340416, 119.123688, 53.549896,23.940317, 224.131149, 0.999931
5, 331,0,154.780396, 154.787186, 119.125427, 51.271267,17.967039, 192.576691, 0.999956
5, 331,1,77.970764, 77.963837, 119.125427, 51.271267,17.967039, 192.576691, 1.000089
5, 331,2,179.513565, 179.501862, 119.125427, 51.271267,17.967039, 192.576691, 1.000065
5, 331,3,145.682358, 145.688858, 119.125427, 51.271267,17.967039, 192.576691, 0.999955
5, 331,4,69.090279, 69.098480, 119.125427, 51.271267,17.967039, 192.576691, 0.999881
5, 331,5,170.396790, 170.397675, 119.125427, 51.271267,17.967039, 192.576691, 0.999995
5, 331,6,44.555168, 44.552750, 119.125427, 51.271267,17.967039, 192.576691, 1.000054
5, 331,7,32.877796, 32.879837, 119.125427, 51.271267,17.967039, 192.576691, 0.999938
5, 331,8,132.723923, 132.722839, 119.125427, 51.271267,17.967039, 192.576691, 1.000008
5, 331,9,179.520355, 179.519333, 119.125427, 51.271267,17.967039, 192.576691, 1.000006
5, 331,10,145.281448, 145.286942, 119.125427, 51.271267,17.967039, 192.576691, 0.999962
5, 331,11,25.227280, 25.214394, 119.125427, 51.271267,17.967039, 192.576691, 1.000511
5, 331,12,98.574577, 98.589470, 119.125427, 51.271267,17.967039, 192.576691, 0.999849
5, 331,13,73.434357, 73.437958, 119.125427, 51.271267,17.967039, 192.576691, 0.999951
5, 331,14,129.004837, 129.012421, 119.125427, 51.271267,17.967039, 192.576691, 0.999941
5, 331,15,140.016434, 140.027145, 119.125427, 51.271267,17.967039, 192.576691, 0.999924
5, 331,16,78.442474, 78.435646, 119.125427, 51.271267,17.967039, 192.576691, 1.000087
5, 331,17,75.510460, 75.511589, 119.125427, 51.271267,17.967039, 192.576691, 0.999985
5, 331,18,35.897736, 35.902912, 119.125427, 51.271267,17.967039, 192.576691, 0.999856
5, 331,19,130.167191, 130.171570, 119.125427, 51.271267,17.967039, 192.576691, 0.999966
5, 331,20,143.895584, 143.894821, 119.125427, 51.271267,17.967039, 192.576691, 1.000005
5, 331,21,166.998230, 166.995987, 119.125427, 51.271267,17.967039, 192.576691, 1.000013
5, 331,22,192.576691, 192.561081, 119.125427, 51.271267,17.967039, 192.576691, 1.000081
5, 331,23,17.967039, 17.950859, 119.125427, 51.271267,17.967039, 192.576691, 1.000901
5, 331,24,180.052628, 180.055206, 119.125427, 51.271267,17.967039, 192.576691, 0.999986
5, 331,25,168.592514, 168.591980, 119.125427, 51.271267,17.967039, 192.576691, 1.000003
5, 331,26,132.297791, 132.297623, 119.125427, 51.271267,17.967039, 192.576691, 1.000001
5, 331,27,113.520401, 113.512634, 119.125427, 51.271267,17.967039, 192.576691, 1.000068
5, 331,28,140.444244, 140.440704, 119.125427, 51.271267,17.967039, 192.576691, 1.000025
5, 331,29,144.494171, 144.500595, 119.125427, 51.271267,17.967039, 192.576691, 0.999956
5, 331,30,174.460846, 174.451752, 119.125427, 51.271267,17.967039, 192.576691, 1.000052
5, 331,31,118.044586, 118.044327, 119.125427, 51.271267,17.967039, 192.576691, 1.000002
5, 332,0,208.020569, 208.016815, 119.125839, 70.880852,10.023156, 218.090302, 1.000018
5, 332,1,14.004313, 14.002875, 119.125839, 70.880852,10.023156, 218.090302, 1.000103
5, 332,2,41.973587, 41.970161, 119.125839, 70.880852,10.023156, 218.090302, 1.000082
5, 332,3,68.306969, 68.305908, 119.125839, 70.880852,10.023156, 218.090302, 1.000015
5, 332,4,93.888016, 93.888641, 119.125839, 70.880852,10.023156, 218.090302, 0.999993
5, 332,5,20.741293, 20.733784, 119.125839, 70.880852,10.023156, 218.090302, 1.000362
5, 332,6,34.879311, 34.882561, 119.125839, 70.880852,10.023156, 218.090302, 0.999907
5, 332,7,218.090302, 218.083450, 119.125839, 70.880852,10.023156, 218.090302, 1.000031
5, 332,8,54.192326, 54.196762, 119.125839, 70.880852,10.023156, 218.090302, 0.999918
5, 332,9,204.925385, 204.938690, 119.125839, 70.880852,10.023156, 218.090302, 0.999935
5, 332,10,166.592728, 166.587723, 119.125839, 70.880852,10.023156, 218.090302, 1.000030
5, 332,11,109.050934, 109.048050, 119.125839, 70.880852,10.023156, 218.090302, 1.000026
5, 332,12,81.516708, 81.516716, 119.125839, 70.880852,10.023156, 218.090302, 1.000000
5, 332,13,212.784409, 212.772720, 119.125839, 70.880852,10.023156, 218.090302, 1.000055
5, 332,14,137.915680, 137.913666, 119.125839, 70.880852,10.023156, 218.090302, 1.000015
5, 332,15,67.275887, 67.268860, 119.125839, 70.880852,10.023156, 218.090302, 1.000104
5, 332,16,154.439972, 154.433777, 119.125839, 70.880852,10.023156, 218.090302, 1.000040
5, 332,17,160.153748, 160.160660, 119.125839, 70.880852,10.023156, 218.090302, 0.999957
5, 332,18,203.622986, 203.617630, 119.125839, 70.880852,10.023156, 218.090302, 1.000026
5, 332,19,10.023156, 10.019816, 119.125839, 70.880852,10.023156, 218.090302, 1.000333
5, 332,20,99.762695, 99.767456, 119.125839, 70.880852,10.023156, 218.090302, 0.999952
5, 332,21,207.416367, 207.409134, 119.125839, 70.880852,10.023156, 218.090302, 1.000035
5, 332,22,202.862411, 202.877823, 119.125839, 70.880852,10.023156, 218.090302, 0.999924
5, 332,23,216.976700, 216.986969, 119.125839, 70.880852,10.023156, 218.090302, 0.999953
5, 332,24,11.525025, 11.525848, 119.125839, 70.880852,10.023156, 218.090302, 0.999929
5, 332,25,195.186752, 195.189117, 119.125839, 70.880852,10.023156, 218.090302, 0.999988
5, 332,26,137.368423, 137.372009, 119.125839, 70.880852,10.023156, 218.090302, 0.999974
5, 332,27,55.857582, 55.861324, 119.125839, 70.880852,10.023156, 218.090302, 0.999933
5, 332,28,97.074448, 97.065842, 119.125839, 70.880852,10.023156, 218.090302, 1.000089
5, 332,29,133.114624, 133.111526, 119.125839, 70.880852,10.023156, 218.090302, 1.000023
5, 332,30,139.440979, 139.439514, 119.125839, 70.880852,10.023156, 218.090302, 1.000010
5, 332,31,53.042397, 53.034210, 119.125839, 70.880852,10.023156, 218.090302, 1.000154
5, 333,0,11.513653, 11.517173, 119.124672, 64.434624,11.456936, 248.111359, 0.999694
5, 333,1,67.985664, 67.983727, 119.124672, 64.434624,11.456936, 248.111359, 1.000028
5, 333,2,186.703903, 186.708267, 119.124672, 64.434624,11.456936, 248.111359, 0.999977
5, 333,3,43.028812, 43.031239, 119.124672, 64.434624,11.456936, 248.111359, 0.999944
5, 333,4,12.898107, 12.903421, 119.124672, 64.434624,11.456936, 248.111359, 0.999588
5, 333,5,74.485283, 74.491394, 119.124672, 64.434624,11.456936, 248.111359, 0.999918
5, 333,6,48.945393, 48.945900, 119.124672, 64.434624,11.456936, 248.111359, 0.999990
5, 333,7,60.365143, 60.351650, 119.124672, 64.434624,11.456936, 248.111359, 1.000224
5, 333,8,120.197777, 120.206802, 119.124672, 64.434624,11.456936, 248.111359, 0.999925
5, 333,9,89.570877, 89.570702, 119.124672, 64.434624,11.456936, 248.111359, 1.000002
5, 333,10,81.524750, 81.538155, 119.124672, 64.434624,11.456936, 248.111359, 0.999836
5, 333,11,248.111359, 248.103683, 119.124672, 64.434624,11.456936, 248.111359, 1.000031
5, 333,12,171.575592, 171.559631, 119.124672, 64.434624,11.456936, 248.111359, 1.000093
5, 333,13,239.155182, 239.146988, 119.124672, 64.434624,11.456936, 248.111359, 1.000034
5, 333,14,102.482109, 102.485924, 119.124672, 64.434624,11.456936, 248.111359, 0.999963
5, 333,15,186.407379, 186.407913, 119.124672, 64.434624,11.456936, 248.111359, 0.999997
5, 333,16,160.556564, 160.554352, 119.124672, 64.434624,11.456936, 248.111359, 1.000014
5, 333,17,176.829300, 176.842804, 119.124672, 64.434624,11.456936, 248.111359, 0.999924
5, 333,18,102.678932, 102.686165, 119.124672, 64.434624,11.456936, 248.111359, 0.999930
5, 333,19,145.132996, 145.143890, 119.124672, 64.434624,11.456936, 248.111359, 0.999925
5, 333,20,189.958099, 189.958237, 119.124672, 64.434624,11.456936, 248.111359, 0.999999
5, 333,21,11.456936, 11.463263, 119.124672, 64.434624,11.456936, 248.111359, 0.999448
5, 333,22,144.720703, 144.704910, 119.124672, 64.434624,11.456936, 248.111359, 1.000109
5, 333,23,157.568771, 157.550812, 119.124672, 64.434624,11.456936, 248.111359, 1.000114
5, 333,24,128.194244, 128.193146, 119.124672, 64.434624,11.456936, 248.111359, 1.000009
5, 333,25,107.305000, 107.314697, 119.124672, 64.434624,11.456936, 248.111359, 0.999910
5, 333,26,110.219063, 110.218117, 119.124672, 64.434624,11.456936, 248.111359, 1.000009
5, 333,27,52.359650, 52.342213, 119.124672, 64.434624,11.456936, 248.111359, 1.000333
5, 333,28,175.201614, 175.194687, 119.124672, 64.434624,11.456936, 248.111359, 1.000040
5, 333,29,175.196884, 175.210098, 119.124672, 64.434624,11.456936, 248.111359, 0.999925
5, 333,30,61.023861, 61.037075, 119.124672, 64.434624,11.456936, 248.111359, 0.999784
5, 333,31,168.635910, 168.633118, 119.124672, 64.434624,11.456936, 248.111359, 1.000017
5, 334,0,121.550385, 121.562706, 119.124115, 61.689766,12.042747, 223.685043, 0.999899
5, 334,1,191.428574, 191.425079, 119.124115, 61.689766,12.042747, 223.685043, 1.000018
5, 334,2,76.634377, 76.653107, 119.124115, 61.689766,12.042747, 223.685043, 0.999756
5, 334,3,71.214226, 71.225655, 119.124115, 61.689766,12.042747, 223.685043, 0.999840
5, 334,4,117.457809, 117.449982, 119.124115, 61.689766,12.042747, 223.685043, 1.000067
5, 334,5,185.306183, 185.309921, 119.124115, 61.689766,12.042747, 223.685043, 0.999980
5, 334,6,130.067780, 130.064575, 119.124115, 61.689766,12.042747, 223.685043, 1.000025
5, 334,7,87.588951, 87.588905, 119.124115, 61.689766,12.042747, 223.685043, 1.000000
5, 334,8,18.820177, 18.825500, 119.124115, 61.689766,12.042747, 223.685043, 0.999717
5, 334,9,72.687462, 72.688705, 119.124115, 61.689766,12.042747, 223.685043, 0.999983
5, 334,10,50.655533, 50.668774, 119.124115, 61.689766,12.042747, 223.685043, 0.999739
5, 334,11,98.819550, 98.801132, 119.124115, 61.689766,12.042747, 223.685043, 1.000186
5, 334,12,21.042562, 21.043676, 119.124115, 61.689766,12.042747, 223.685043, 0.999947
5, 334,13,126.291130, 126.295715, 119.124115, 61.689766,12.042747, 223.685043, 0.999964
5, 334,14,89.213043, 89.213768, 119.124115, 61.689766,12.042747, 223.685043, 0.999992
5, 334,15,12.042747, 12.036136, 119.124115, 61.689766,12.042747, 223.685043, 1.000549
5, 334,16,81.236420, 81.244514, 119.124115, 61.689766,12.042747, 223.685043, 0.999900
5, 334,17,223.685043, 223.693100, 119.124115, 61.689766,12.042747, 223.685043, 0.999964
5, 334,18,150.981400, 150.978806, 119.124115, 61.689766,12.042747, 223.685043, 1.000017
5, 334,19,61.539154, 61.530415, 119.124115, 61.689766,12.042747, 223.685043, 1.000142
5, 334,20,198.832611, 198.834717, 119.124115, 61.689766,12.042747, 223.685043, 0.999989
5, 334,21,138.050049, 138.047318, 119.124115, 61.689766,12.042747, 223.685043, 1.000020
5, 334,22,166.217361, 166.209366, 119.124115, 61.689766,12.042747, 223.685043, 1.000048
5, 334,23,166.687943, 166.681305, 119.124115, 61.689766,12.042747, 223.685043, 1.000040
5, 334,24,49.211678, 49.205723, 119.124115, 61.689766,12.042747, 223.685043, 1.000121
5, 334,25,222.816971, 222.809875, 119.124115, 61.689766,12.042747, 223.685043, 1.000032
5, 334,26,162.436142, 162.440475, 119.124115, 61.689766,12.042747, 223.685043, 0.999973
5, 334,27,184.571152, 184.575043, 119.124115, 61.689766,12.042747, 223.685043, 0.999979
5, 334,28,131.530411, 131.520905, 119.124115, 61.689766,12.042747, 223.685043, 1.000072
5, 334,29,205.192017, 205.192581, 119.124115, 61.689766,12.042747, 223.685043, 0.999997
5, 334,30,45.520405, 45.531239, 119.124115, 61.689766,12.042747, 223.685043, 0.999762
5, 334,31,152.642563, 152.650864, 119.124115, 61.689766,12.042747, 223.685043, 0.999946
5, 335,0,85.585510, 85.576691, 119.122177, 67.916901,11.021415, 246.972702, 1.000103
5, 335,1,115.347061, 115.339470, 119.122177, 67.916901,11.021415, 246.972702, 1.000066
5, 335,2,104.729431, 104.728600, 119.122177, 67.916901,11.021415, 246.972702, 1.000008
5, 335,3,197.358398, 197.363586, 119.122177, 67.916901,11.021415, 246.972702, 0.999974
5, 335,4,16.058876, 16.066755, 119.122177, 67.916901,11.021415, 246.972702, 0.999510
5, 335,5,82.739426, 82.737610, 119.122177, 67.916901,11.021415, 246.972702, 1.000022
5, 335,6,187.478775, 187.490234, 119.122177, 67.916901,11.021415, 246.972702, 0.999939
5, 335,7,130.709137, 130.708588, 119.122177, 67.916901,11.021415, 246.972702, 1.000004
5, 335,8,41.086861, 41.095089, 119.122177, 67.916901,11.021415, 246.972702, 0.999800
5, 335,9,202.008911, 202.010788, 119.122177, 67.916901,11.021415, 246.972702, 0.999991
5, 335,10,237.803070, 237.800690, 119.122177, 67.916901,11.021415, 246.972702, 1.000010
5, 335,11,199.343262, 199.354111, 119.122177, 67.916901,11.021415, 246.972702, 0.999946
5, 335,12,41.852566, 41.848476, 119.122177, 67.916901,11.021415, 246.972702, 1.000098
5, 335,13,101.933121, 101.937103, 119.122177, 67.916901,11.021415, 246.972702, 0.999961
5, 335,14,44.251579, 44.267246, 119.122177, 67.916901,11.021415, 246.972702, 0.999646
5, 335,15,205.179428, 205.175034, 119.122177, 67.916901,11.021415, 246.972702, 1.000021
5, 335,16,121.008202, 121.017639, 119.122177, 67.916901,11.021415, 246.972702, 0.999922
5, 335,17,39.969482, 39.976906, 119.122177, 67.916901,11.021415, 246.972702, 0.999814
5, 335,18,126.306778, 126.307213, 119.122177, 67.916901,11.021415, 246.972702, 0.999997
5, 335,19,41.659519, 41.658150, 119.122177, 67.916901,11.021415, 246.972702, 1.000033
5, 335,20,11.021415, 11.015091, 119.122177, 67.916901,11.021415, 246.972702, 1.000574
5, 335,21,111.473572, 111.469444, 119.122177, 67.916901,11.021415, 246.972702, 1.000037
5, 335,22,111.247543, 111.255318, 119.122177, 67.916901,11.021415, 246.972702, 0.999930
5, 335,23,177.257492, 177.252090, 119.122177, 67.916901,11.021415, 246.972702, 1.000031
5, 335,24,125.160866, 125.181099, 119.122177, 67.916901,11.021415, 246.972702, 0.999838
5, 335,25,246.972702, 246.976151, 119.122177, 67.916901,11.021415, 246.972702, 0.999986
5, 335,26,204.015488, 204.017166, 119.122177, 67.916901,11.021415, 246.972702, 0.999992
5, 335,27,137.456009, 137.457336, 119.122177, 67.916901,11.021415, 246.972702, 0.999990
5, 335,28,37.132793, 37.145752, 119.122177, 67.916901,11.021415, 246.972702, 0.999651
5, 335,29,128.923218, 128.932175, 119.122177, 67.916901,11.021415, 246.972702, 0.999931
5, 335,30,40.302361, 40.302052, 119.122177, 67.916901,11.021415, 246.972702, 1.000008
5, 335,31,158.536545, 158.536362, 119.122177, 67.916901,11.021415, 246.972702, 1.000001
5, 336,0,159.808350, 159.797409, 119.125702, 63.742252,12.697889, 236.335968, 1.000068
5, 336,1,96.762535, 96.776711, 119.125702, 63.742252,12.697889, 236.335968, 0.999854
5, 336,2,230.942917, 230.924591, 119.125702, 63.742252,12.697889, 236.335968, 1.000079
5, 336,3,126.947540, 126.941849, 119.125702, 63.742252,12.697889, 236.335968, 1.000045
5, 336,4,180.745193, 180.750320, 119.125702, 63.742252,12.697889, 236.335968, 0.999972
5, 336,5,151.341202, 151.338776, 119.125702, 63.742252,12.697889, 236.335968, 1.000016
5, 336,6,39.974224, 39.974976, 119.125702, 63.742252,12.697889, 236.335968, 0.999981
5, 336,7,37.429043, 37.418373, 119.125702, 63.742252,12.697889, 236.335968, 1.000285
5, 336,8,53.343456, 53.335533, 119.125702, 63.742252,12.697889, 236.335968, 1.000149
5, 336,9,101.110710, 101.115196, 119.125702, 63.742252,12.697889, 236.335968, 0.999956
5, 336,10,118.172440, 118.180367, 119.125702, 63.742252,12.697889, 236.335968, 0.999933
5, 336,11,206.317062, 206.316391, 119.125702, 63.742252,12.697889, 236.335968, 1.000003
5, 336,12,85.427551, 85.437500, 119.125702, 63.742252,12.697889, 236.335968, 0.999884
5, 336,13,63.807571, 63.808468, 119.125702, 63.742252,12.697889, 236.335968, 0.999986
5, 336,14,104.022835, 104.009865, 119.125702, 63.742252,12.697889, 236.335968, 1.000125
5, 336,15,12.697889, 12.704510, 119.125702, 63.742252,12.697889, 236.335968, 0.999479
5, 336,16,217.538239, 217.549942, 119.125702, 63.742252,12.697889, 236.335968, 0.999946
5, 336,17,99.975037, 99.967186, 119.125702, 63.742252,12.697889, 236.335968, 1.000079
5, 336,18,54.390617, 54.384941, 119.125702, 63.742252,12.697889, 236.335968, 1.000104
5, 336,19,70.248100, 70.252792, 119.125702, 63.742252,12.697889, 236.335968, 0.999933
5, 336,20,63.363167, 63.357716, 119.125702, 63.742252,12.697889, 236.335968, 1.000086
5, 336,21,120.042793, 120.046761, 119.125702, 63.742252,12.697889, 236.335968, 0.999967
5, 336,22,175.368576, 175.376511, 119.125702, 63.742252,12.697889, 236.335968, 0.999955
5, 336,23,63.751354, 63.752117, 119.125702, 63.742252,12.697889, 236.335968, 0.999988
5, 336,24,236.335968, 236.340637, 119.125702, 63.742252,12.697889, 236.335968, 0.999980
5, 336,25,87.641571, 87.634903, 119.125702, 63.742252,12.697889, 236.335968, 1.000076
5, 336,26,126.031990, 126.033302, 119.125702, 63.742252,12.697889, 236.335968, 0.999990
5, 336,27,174.138535, 174.143982, 119.125702, 63.742252,12.697889, 236.335968, 0.999969
5, 336,28,65.388206, 65.386093, 119.125702, 63.742252,12.697889, 236.335968, 1.000032
5, 336,29,208.673447, 208.668732, 119.125702, 63.742252,12.697889, 236.335968, 1.000023
5, 336,30,210.467209, 210.471741, 119.125702, 63.742252,12.697889, 236.335968, 0.999978
5, 336,31,69.817200, 69.802048, 119.125702, 63.742252,12.697889, 236.335968, 1.000217
5, 337,0,61.813553, 61.809193, 119.124840, 59.888317,17.293585, 197.007126, 1.000071
5, 337,1,183.447678, 183.455017, 119.124840, 59.888317,17.293585, 197.007126, 0.999960
5, 337,2,163.702744, 163.708176, 119.124840, 59.888317,17.293585, 197.007126, 0.999967
5, 337,3,145.560394, 145.546692, 119.124840, 59.888317,17.293585, 197.007126, 1.000094
5, 337,4,135.974075, 135.976379, 119.124840, 59.888317,17.293585, 197.007126, 0.999983
5, 337,5,195.260269, 195.263474, 119.124840, 59.888317,17.293585, 197.007126, 0.999984
5, 337,6,124.048126, 124.057159, 119.124840, 59.888317,17.293585, 197.007126, 0.999927
5, 337,7,91.106796, 91.103043, 119.124840, 59.888317,17.293585, 197.007126, 1.000041
5, 337,8,41.029339, 41.036556, 119.124840, 59.888317,17.293585, 197.007126, 0.999824
5, 337,9,152.645386, 152.639938, 119.124840, 59.888317,17.293585, 197.007126, 1.000036
5, 337,10,148.358368, 148.361847, 119.124840, 59.888317,17.293585, 197.007126, 0.999977
5, 337,11,148.688522, 148.688232, 119.124840, 59.888317,17.293585, 197.007126, 1.000002
5, 337,12,17.293585, 17.291405, 119.124840, 59.888317,17.293585, 197.007126, 1.000126
5, 337,13,65.157372, 65.160553, 119.124840, 59.888317,17.293585, 197.007126, 0.999951
5, 337,14,21.884506, 21.890060, 119.124840, 59.888317,17.293585, 197.007126, 0.999746
5, 337,15,88.231529, 88.229607, 119.124840, 59.888317,17.293585, 197.007126, 1.000022
5, 337,16,35.509068, 35.511177, 119.124840, 59.888317,17.293585, 197.007126, 0.999941
5, 337,17,173.550110, 173.552444, 119.124840, 59.888317,17.293585, 197.007126, 0.999987
5, 337,18,186.745499, 186.742264, 119.124840, 59.888317,17.293585, 197.007126, 1.000017
5, 337,19,151.704651, 151.713211, 119.124840, 59.888317,17.293585, 197.007126, 0.999944
5, 337,20,108.058380, 108.052200, 119.124840, 59.888317,17.293585, 197.007126, 1.000057
5, 337,21,40.229839, 40.220573, 119.124840, 59.888317,17.293585, 197.007126, 1.000230
5, 337,22,197.007126, 196.994522, 119.124840, 59.888317,17.293585, 197.007126, 1.000064
5, 337,23,172.962173, 172.969620, 119.124840, 59.888317,17.293585, 197.007126, 0.999957
5, 337,24,184.045731, 184.049515, 119.124840, 59.888317,17.293585, 197.007126, 0.999979
5, 337,25,33.421288, 33.430416, 119.124840, 59.888317,17.293585, 197.007126, 0.999727
5, 337,26,115.148491, 115.145447, 119.124840, 59.888317,17.293585, 197.007126, 1.000026
5, 337,27,186.914948, 186.922943, 119.124840, 59.888317,17.293585, 197.007126, 0.999957
5, 337,28,159.923187, 159.919693, 119.124840, 59.888317,17.293585, 197.007126, 1.000022
5, 337,29,173.830795, 173.838043, 119.124840, 59.888317,17.293585, 197.007126, 0.999958
5, 337,30,81.115585, 81.095566, 119.124840, 59.888317,17.293585, 197.007126, 1.000247
5, 337,31,27.626093, 27.625267, 119.124840, 59.888317,17.293585, 197.007126, 1.000030
5, 338,0,64.727348, 64.724564, 119.125153, 67.241478,15.119007, 221.376572, 1.000043
5, 338,1,215.363785, 215.354462, 119.125153, 67.241478,15.119007, 221.376572, 1.000043
5, 338,2,71.765106, 71.767868, 119.125153, 67.241478,15.119007, 221.376572, 0.999961
5, 338,3,103.590805, 103.583717, 119.125153, 67.241478,15.119007, 221.376572, 1.000068
5, 338,4,162.686661, 162.683380, 119.125153, 67.241478,15.119007, 221.376572, 1.000020
5, 338,5,184.200439, 184.199127, 119.125153, 67.241478,15.119007, 221.376572, 1.000007
5, 338,6,214.514328, 214.510849, 119.125153, 67.241478,15.119007, 221.376572, 1.000016
5, 338,7,15.119007, 15.120619, 119.125153, 67.241478,15.119007, 221.376572, 0.999893
5, 338,8,88.928108, 88.928154, 119.125153, 67.241478,15.119007, 221.376572, 0.999999
5, 338,9,25.356741, 25.355316, 119.125153, 67.241478,15.119007, 221.376572, 1.000056
5, 338,10,23.668777, 23.681141, 119.125153, 67.241478,15.119007, 221.376572, 0.999478
5, 338,11,83.874199, 83.866394, 119.125153, 67.241478,15.119007, 221.376572, 1.000093
5, 338,12,125.298447, 125.289116, 119.125153, 67.241478,15.119007, 221.376572, 1.000075
5, 338,13,208.491791, 208.494263, 119.125153, 67.241478,15.119007, 221.376572, 0.999988
5, 338,14,37.859119, 37.852764, 119.125153, 67.241478,15.119007, 221.376572, 1.000168
5, 338,15,30.224024, 30.227425, 119.125153, 67.241478,15.119007, 221.376572, 0.999887
5, 338,16,209.523376, 209.514481, 119.125153, 67.241478,15.119007, 221.376572, 1.000042
5, 338,17,87.541000, 87.541733, 119.125153, 67.241478,15.119007, 221.376572, 0.999992
5, 338,18,86.291206, 86.292641, 119.125153, 67.241478,15.119007, 221.376572, 0.999983
5, 338,19,157.215622, 157.222702, 119.125153, 67.241478,15.119007, 221.376572, 0.999955
5, 338,20,167.201721, 167.195801, 119.125153, 67.241478,15.119007, 221.376572, 1.000035
5, 338,21,17.603657, 17.605721, 119.125153, 67.241478,15.119007, 221.376572, 0.999883
5, 338,22,143.873260, 143.881607, 119.125153, 67.241478,15.119007, 221.376572, 0.999942
5, 338,23,98.325394, 98.338844, 119.125153, 67.241478,15.119007, 221.376572, 0.999863
5, 338,24,173.421341, 173.415085, 119.125153, 67.241478,15.119007, 221.376572, 1.000036
5, 338,25,211.000488, 210.998993, 119.125153, 67.241478,15.119007, 221.376572, 1.000007
5, 338,26,39.596775, 39.611954, 119.125153, 67.241478,15.119007, 221.376572, 0.999617
5, 338,27,147.355164, 147.360748, 119.125153, 67.241478,15.119007, 221.376572, 0.999962
5, 338,28,111.587257, 111.581818, 119.125153, 67.241478,15.119007, 221.376572, 1.000049
5, 338,29,116.054672, 116.055008, 119.125153, 67.241478,15.119007, 221.376572, 0.999997
5, 338,30,168.368881, 168.366409, 119.125153, 67.241478,15.119007, 221.376572, 1.000015
5, 338,31,221.376572, 221.377563, 119.125153, 67.241478,15.119007, 221.376572, 0.999996
5, 339,0,33.681911, 33.670845, 119.126495, 63.680546,13.151905, 232.270187, 1.000329
5, 339,1,69.191017, 69.180527, 119.126495, 63.680546,13.151905, 232.270187, 1.000152
5, 339,2,109.850067, 109.825638, 119.126495, 63.680546,13.151905, 232.270187, 1.000222
5, 339,3,195.230133, 195.237869, 119.126495, 63.680546,13.151905, 232.270187, 0.999960
5, 339,4,174.853088, 174.853683, 119.126495, 63.680546,13.151905, 232.270187, 0.999997
5, 339,5,208.028946, 208.021637, 119.126495, 63.680546,13.151905, 232.270187, 1.000035
5, 339,6,60.923634, 60.915932, 119.126495, 63.680546,13.151905, 232.270187, 1.000126
5, 339,7,30.148563, 30.123981, 119.126495, 63.680546,13.151905, 232.270187, 1.000816
5, 339,8,130.238297, 130.250885, 119.126495, 63.680546,13.151905, 232.270187, 0.999903
5, 339,9,105.811249, 105.820007, 119.126495, 63.680546,13.151905, 232.270187, 0.999917
5, 339,10,136.396255, 136.406540, 119.126495, 63.680546,13.151905, 232.270187, 0.999925
5, 339,11,173.111130, 173.121338, 119.126495, 63.680546,13.151905, 232.270187, 0.999941
5, 339,12,13.151905, 13.149721, 119.126495, 63.680546,13.151905, 232.270187, 1.000166
5, 339,13,196.725464, 196.737411, 119.126495, 63.680546,13.151905, 232.270187, 0.999939
5, 339,14,189.549026, 189.547821, 119.126495, 63.680546,13.151905, 232.270187, 1.000006
5, 339,15,177.593918, 177.592575, 119.126495, 63.680546,13.151905, 232.270187, 1.000008
5, 339,16,121.952507, 121.945213, 119.126495, 63.680546,13.151905, 232.270187, 1.000060
5, 339,17,129.919510, 129.922241, 119.126495, 63.680546,13.151905, 232.270187, 0.999979
5, 339,18,200.641403, 200.633484, 119.126495, 63.680546,13.151905, 232.270187, 1.000039
5, 339,19,66.010887, 66.003418, 119.126495, 63.680546,13.151905, 232.270187, 1.000113
5, 339,20,162.801117, 162.788895, 119.126495, 63.680546,13.151905, 232.270187, 1.000075
5, 339,21,232.270187, 232.281326, 119.126495, 63.680546,13.151905, 232.270187, 0.999952
5, 339,22,67.713936, 67.722069, 119.126495, 63.680546,13.151905, 232.270187, 0.999880
5, 339,23,88.168839, 88.174721, 119.126495, 63.680546,13.151905, 232.270187, 0.999933
5, 339,24,115.084641, 115.077454, 119.126495, 63.680546,13.151905, 232.270187, 1.000062
5, 339,25,61.781879, 61.778683, 119.126495, 63.680546,13.151905, 232.270187, 1.000052
5, 339,26,48.198990, 48.200645, 119.126495, 63.680546,13.151905, 232.270187, 0.999966
5, 339,27,97.844421, 97.842995, 119.126495, 63.680546,13.151905, 232.270187, 1.000015
5, 339,28,222.708984, 222.715759, 119.126495, 63.680546,13.151905, 232.270187, 0.999970
5, 339,29,32.295746, 32.294552, 119.126495, 63.680546,13.151905, 232.270187, 1.000037
5, 339,30,63.120678, 63.120739, 119.126495, 63.680546,13.151905, 232.270187, 0.999999
5, 339,31,97.049561, 97.041870, 119.126495, 63.680546,13.151905, 232.270187, 1.000079
5, 340,0,165.062073, 165.052063, 119.124847, 57.082756,19.649157, 216.479004, 1.000061
5, 340,1,82.735374, 82.736404, 119.124847, 57.082756,19.649157, 216.479004, 0.999988
5, 340,2,215.122238, 215.120132, 119.124847, 57.082756,19.649157, 216.479004, 1.000010
5, 340,3,19.649157, 19.656818, 119.124847, 57.082756,19.649157, 216.479004, 0.999610
5, 340,4,109.282539, 109.282951, 119.124847, 57.082756,19.649157, 216.479004, 0.999996
5, 340,5,52.716309, 52.712353, 119.124847, 57.082756,19.649157, 216.479004, 1.000075
5, 340,6,136.411560, 136.417725, 119.124847, 57.082756,19.649157, 216.479004, 0.999955
5, 340,7,79.093727, 79.110245, 119.124847, 57.082756,19.649157, 216.479004, 0.999791
5, 340,8,179.945206, 179.938034, 119.124847, 57.082756,19.649157, 216.479004, 1.000040
5, 340,9,148.141098, 148.142929, 119.124847, 57.082756,19.649157, 216.479004, 0.999988
5, 340,10,212.423264, 212.418289, 119.124847, 57.082756,19.649157, 216.479004, 1.000023
5, 340,11,205.949997, 205.948090, 119.124847, 57.082756,19.649157, 216.479004, 1.000009
5, 340,12,128.671463, 128.674149, 119.124847, 57.082756,19.649157, 216.479004, 0.999979
5, 340,13,216.479004, 216.477524, 119.124847, 57.082756,19.649157, 216.479004, 1.000007
5, 340,14,98.738976, 98.740601, 119.124847, 57.082756,19.649157, 216.479004, 0.999984
5, 340,15,132.727859, 132.733398, 119.124847, 57.082756,19.649157, 216.479004, 0.999958
5, 340,16,105.478653, 105.488747, 119.124847, 57.082756,19.649157, 216.479004, 0.999904
5, 340,17,175.991531, 175.988693, 119.124847, 57.082756,19.649157, 216.479004, 1.000016
5, 340,18,100.648300, 100.653870, 119.124847, 57.082756,19.649157, 216.479004, 0.999945
5, 340,19,140.166656, 140.173141, 119.124847, 57.082756,19.649157, 216.479004, 0.999954
5, 340,20,20.848787, 20.852610, 119.124847, 57.082756,19.649157, 216.479004, 0.999817
5, 340,21,49.651123, 49.642078, 119.124847, 57.082756,19.649157, 216.479004, 1.000182
5, 340,22,144.845947, 144.846420, 119.124847, 57.082756,19.649157, 216.479004, 0.999997
5, 340,23,143.828186, 143.831619, 119.124847, 57.082756,19.649157, 216.479004, 0.999976
5, 340,24,88.081062, 88.081909, 119.124847, 57.082756,19.649157, 216.479004, 0.999990
5, 340,25,58.895004, 58.891682, 119.124847, 57.082756,19.649157, 216.479004, 1.000056
5, 340,26,53.956642, 53.953388, 119.124847, 57.082756,19.649157, 216.479004, 1.000060
5, 340,27,167.914352, 167.902557, 119.124847, 57.082756,19.649157, 216.479004, 1.000070
5, 340,28,169.737915, 169.731781, 119.124847, 57.082756,19.649157, 216.479004, 1.000036
5, 340,29,69.272949, 69.278908, 119.124847, 57.082756,19.649157, 216.479004, 0.999914
5, 340,30,71.329880, 71.327911, 119.124847, 57.082756,19.649157, 216.479004, 1.000028
5, 340,31,68.198586, 68.192993, 119.124847, 57.082756,19.649157, 216.479004, 1.000082
5, 341,0,111.999214, 111.997910, 119.127029, 62.554790,15.039975, 235.392044, 1.000012
5, 341,1,122.316216, 122.307266, 119.127029, 62.554790,15.039975, 235.392044, 1.000073
5, 341,2,57.118172, 57.115711, 119.127029, 62.554790,15.039975, 235.392044, 1.000043
5, 341,3,77.107193, 77.093544, 119.127029, 62.554790,15.039975, 235.392044, 1.000177
5, 341,4,137.186264, 137.185547, 119.127029, 62.554790,15.039975, 235.392044, 1.000005
5, 341,5,26.730635, 26.745821, 119.127029, 62.554790,15.039975, 235.392044, 0.999432
5, 341,6,100.846008, 100.840912, 119.127029, 62.554790,15.039975, 235.392044, 1.000051
5, 341,7,228.894363, 228.901657, 119.127029, 62.554790,15.039975, 235.392044, 0.999968
5, 341,8,170.503311, 170.491135, 119.127029, 62.554790,15.039975, 235.392044, 1.000071
5, 341,9,92.969017, 92.971069, 119.127029, 62.554790,15.039975, 235.392044, 0.999978
5, 341,10,152.188675, 152.187866, 119.127029, 62.554790,15.039975, 235.392044, 1.000005
5, 341,11,15.039975, 15.030638, 119.127029, 62.554790,15.039975, 235.392044, 1.000621
5, 341,12,49.989349, 49.983234, 119.127029, 62.554790,15.039975, 235.392044, 1.000122
5, 341,13,146.236908, 146.220032, 119.127029, 62.554790,15.039975, 235.392044, 1.000115
5, 341,14,120.289841, 120.288124, 119.127029, 62.554790,15.039975, 235.392044, 1.000014
5, 341,15,85.736572, 85.721436, 119.127029, 62.554790,15.039975, 235.392044, 1.000177
5, 341,16,192.119797, 192.115982, 119.127029, 62.554790,15.039975, 235.392044, 1.000020
5, 341,17,77.768402, 77.782669, 119.127029, 62.554790,15.039975, 235.392044, 0.999817
5, 341,18,183.653992, 183.674164, 119.127029, 62.554790,15.039975, 235.392044, 0.999890
5, 341,19,235.392044, 235.386353, 119.127029, 62.554790,15.039975, 235.392044, 1.000024
5, 341,20,110.745796, 110.743690, 119.127029, 62.554790,15.039975, 235.392044, 1.000019
5, 341,21,25.690151, 25.698345, 119.127029, 62.554790,15.039975, 235.392044, 0.999681
5, 341,22,163.381485, 163.372437, 119.127029, 62.554790,15.039975, 235.392044, 1.000055
5, 341,23,182.475052, 182.475067, 119.127029, 62.554790,15.039975, 235.392044, 1.000000
5, 341,24,57.406246, 57.405148, 119.127029, 62.554790,15.039975, 235.392044, 1.000019
5, 341,25,224.329330, 224.318954, 119.127029, 62.554790,15.039975, 235.392044, 1.000046
5, 341,26,115.449379, 115.464218, 119.127029, 62.554790,15.039975, 235.392044, 0.999871
5, 341,27,78.181961, 78.175476, 119.127029, 62.554790,15.039975, 235.392044, 1.000083
5, 341,28,88.054276, 88.057587, 119.127029, 62.554790,15.039975, 235.392044, 0.999962
5, 341,29,219.194016, 219.178055, 119.127029, 62.554790,15.039975, 235.392044, 1.000073
5, 341,30,117.880409, 117.876167, 119.127029, 62.554790,15.039975, 235.392044, 1.000036
5, 341,31,45.190563, 45.193790, 119.127029, 62.554790,15.039975, 235.392044, 0.999929
5, 342,0,241.493118, 241.500549, 119.126656, 73.328026,23.082169, 242.574707, 0.999969
5, 342,1,199.180466, 199.176010, 119.126656, 73.328026,23.082169, 242.574707, 1.000022
5, 342,2,50.254711, 50.249454, 119.126656, 73.328026,23.082169, 242.574707, 1.000105
5, 342,3,200.365677, 200.363815, 119.126656, 73.328026,23.082169, 242.574707, 1.000009
5, 342,4,144.374527, 144.372345, 119.126656, 73.328026,23.082169, 242.574707, 1.000015
5, 342,5,30.006382, 29.992352, 119.126656, 73.328026,23.082169, 242.574707, 1.000468
5, 342,6,42.259609, 42.256805, 119.126656, 73.328026,23.082169, 242.574707, 1.000066
5, 342,7,194.233795, 194.238739, 119.126656, 73.328026,23.082169, 242.574707, 0.999975
5, 342,8,59.358494, 59.365505, 119.126656, 73.328026,23.082169, 242.574707, 0.999882
5, 342,9,238.458923, 238.452316, 119.126656, 73.328026,23.082169, 242.574707, 1.000028
5, 342,10,157.849762, 157.846085, 119.126656, 73.328026,23.082169, 242.574707, 1.000023
5, 342,11,41.173904, 41.169178, 119.126656, 73.328026,23.082169, 242.574707, 1.000115
5, 342,12,190.725418, 190.718262, 119.126656, 73.328026,23.082169, 242.574707, 1.000038
5, 342,13,68.151459, 68.152412, 119.126656, 73.328026,23.082169, 242.574707, 0.999986
5, 342,14,166.376389, 166.382538, 119.126656, 73.328026,23.082169, 242.574707, 0.999963
5, 342,15,77.809914, 77.812279, 119.126656, 73.328026,23.082169, 242.574707, 0.999970
5, 342,16,242.574707, 242.573868, 119.126656, 73.328026,23.082169, 242.574707, 1.000003
5, 342,17,23.082169, 23.080177, 119.126656, 73.328026,23.082169, 242.574707, 1.000086
5, 342,18,58.571629, 58.571251, 119.126656, 73.328026,23.082169, 242.574707, 1.000006
5, 342,19,161.793030, 161.788727, 119.126656, 73.328026,23.082169, 242.574707, 1.000027
5, 342,20,97.637161, 97.632904, 119.126656, 73.328026,23.082169, 242.574707, 1.000044
5, 342,21,95.232750, 95.235817, 119.126656, 73.328026,23.082169, 242.574707, 0.999968
5, 342,22,117.230415, 117.246010, 119.126656, 73.328026,23.082169, 242.574707, 0.999867
5, 342,23,192.092957, 192.099258, 119.126656, 73.328026,23.082169, 242.574707, 0.999967
5, 342,24,43.933704, 43.931183, 119.126656, 73.328026,23.082169, 242.574707, 1.000057
5, 342,25,51.707947, 51.702011, 119.126656, 73.328026,23.082169, 242.574707, 1.000115
5, 342,26,202.767166, 202.760895, 119.126656, 73.328026,23.082169, 242.574707, 1.000031
5, 342,27,171.982712, 171.970963, 119.126656, 73.328026,23.082169, 242.574707, 1.000068
5, 342,28,29.290468, 29.283960, 119.126656, 73.328026,23.082169, 242.574707, 1.000222
5, 342,29,59.210674, 59.208088, 119.126656, 73.328026,23.082169, 242.574707, 1.000044
5, 342,30,136.104599, 136.100647, 119.126656, 73.328026,23.082169, 242.574707, 1.000029
5, 342,31,26.768497, 26.765240, 119.126656, 73.328026,23.082169, 242.574707, 1.000122
5, 343,0,111.068924, 111.079689, 119.123909, 58.054211,25.876240, 217.171844, 0.999903
5, 343,1,39.006062, 39.019226, 119.123909, 58.054211,25.876240, 217.171844, 0.999663
5, 343,2,122.240608, 122.241951, 119.123909, 58.054211,25.876240, 217.171844, 0.999989
5, 343,3,194.154373, 194.144272, 119.123909, 58.054211,25.876240, 217.171844, 1.000052
5, 343,4,217.171844, 217.173828, 119.123909, 58.054211,25.876240, 217.171844, 0.999991
5, 343,5,31.884666, 31.902798, 119.123909, 58.054211,25.876240, 217.171844, 0.999432
5, 343,6,107.897278, 107.890472, 119.123909, 58.054211,25.876240, 217.171844, 1.000063
5, 343,7,25.876240, 25.873596, 119.123909, 58.054211,25.876240, 217.171844, 1.000102
5, 343,8,151.961319, 151.966232, 119.123909, 58.054211,25.876240, 217.171844, 0.999968
5, 343,9,151.592041, 151.597229, 119.123909, 58.054211,25.876240, 217.171844, 0.999966
5, 343,10,152.435242, 152.440674, 119.123909, 58.054211,25.876240, 217.171844, 0.999964
5, 343,11,96.992073, 96.991798, 119.123909, 58.054211,25.876240, 217.171844, 1.000003
5, 343,12,43.300774, 43.295681, 119.123909, 58.054211,25.876240, 217.171844, 1.000118
5, 343,13,165.659302, 165.658768, 119.123909, 58.054211,25.876240, 217.171844, 1.000003
5, 343,14,176.093674, 176.109390, 119.123909, 58.054211,25.876240, 217.171844, 0.999911
5, 343,15,63.326088, 63.333706, 119.123909, 58.054211,25.876240, 217.171844, 0.999880
5, 343,16,191.239090, 191.238403, 119.123909, 58.054211,25.876240, 217.171844, 1.000004
5, 343,17,183.537979, 183.542114, 119.123909, 58.054211,25.876240, 217.171844, 0.999977
5, 343,18,168.199600, 168.182480, 119.123909, 58.054211,25.876240, 217.171844, 1.000102
5, 343,19,191.592560, 191.594223, 119.123909, 58.054211,25.876240, 217.171844, 0.999991
5, 343,20,63.625225, 63.617046, 119.123909, 58.054211,25.876240, 217.171844, 1.000129
5, 343,21,26.487261, 26.473223, 119.123909, 58.054211,25.876240, 217.171844, 1.000530
5, 343,22,53.188705, 53.186199, 119.123909, 58.054211,25.876240, 217.171844, 1.000047
5, 343,23,60.574913, 60.559616, 119.123909, 58.054211,25.876240, 217.171844, 1.000253
5, 343,24,168.016403, 168.017746, 119.123909, 58.054211,25.876240, 217.171844, 0.999992
5, 343,25,115.920059, 115.922821, 119.123909, 58.054211,25.876240, 217.171844, 0.999976
5, 343,26,183.220276, 183.225830, 119.123909, 58.054211,25.876240, 217.171844, 0.999970
5, 343,27,133.844772, 133.845688, 119.123909, 58.054211,25.876240, 217.171844, 0.999993
5, 343,28,59.601089, 59.610760, 119.123909, 58.054211,25.876240, 217.171844, 0.999838
5, 343,29,135.848160, 135.855408, 119.123909, 58.054211,25.876240, 217.171844, 0.999947
5, 343,30,88.307961, 88.313698, 119.123909, 58.054211,25.876240, 217.171844, 0.999935
5, 343,31,138.100510, 138.095779, 119.123909, 58.054211,25.876240, 217.171844, 1.000034
5, 344,0,112.013878, 112.004890, 119.124092, 75.211937,10.337816, 245.680023, 1.000080
5, 344,1,39.409306, 39.415565, 119.124092, 75.211937,10.337816, 245.680023, 0.999841
5, 344,2,145.831848, 145.813217, 119.124092, 75.211937,10.337816, 245.680023, 1.000128
5, 344,3,179.632019, 179.628799, 119.124092, 75.211937,10.337816, 245.680023, 1.000018
5, 344,4,31.350094, 31.354916, 119.124092, 75.211937,10.337816, 245.680023, 0.999846
5, 344,5,74.232643, 74.231476, 119.124092, 75.211937,10.337816, 245.680023, 1.000016
5, 344,6,47.174782, 47.179016, 119.124092, 75.211937,10.337816, 245.680023, 0.999910
5, 344,7,167.240616, 167.247864, 119.124092, 75.211937,10.337816, 245.680023, 0.999957
5, 344,8,203.242523, 203.245331, 119.124092, 75.211937,10.337816, 245.680023, 0.999986
5, 344,9,99.297226, 99.297768, 119.124092, 75.211937,10.337816, 245.680023, 0.999995
5, 344,10,27.761847, 27.774019, 119.124092, 75.211937,10.337816, 245.680023, 0.999562
5, 344,11,12.184238, 12.174635, 119.124092, 75.211937,10.337816, 245.680023, 1.000789
5, 344,12,20.999027, 21.003654, 119.124092, 75.211937,10.337816, 245.680023, 0.999780
5, 344,13,37.299366, 37.313416, 119.124092, 75.211937,10.337816, 245.680023, 0.999623
5, 344,14,192.054184, 192.053207, 119.124092, 75.211937,10.337816, 245.680023, 1.000005
5, 344,15,139.676880, 139.666260, 119.124092, 75.211937,10.337816, 245.680023, 1.000076
5, 344,16,149.521622, 149.539093, 119.124092, 75.211937,10.337816, 245.680023, 0.999883
5, 344,17,28.642374, 28.643871, 119.124092, 75.211937,10.337816, 245.680023, 0.999948
5, 344,18,245.680023, 245.679703, 119.124092, 75.211937,10.337816, 245.680023, 1.000001
5, 344,19,221.123123, 221.120819, 119.124092, 75.211937,10.337816, 245.680023, 1.000010
5, 344,20,102.744690, 102.748184, 119.124092, 75.211937,10.337816, 245.680023, 0.999966
5, 344,21,127.843826, 127.857971, 119.124092, 75.211937,10.337816, 245.680023, 0.999889
5, 344,22,79.371307, 79.363609, 119.124092, 75.211937,10.337816, 245.680023, 1.000097
5, 344,23,64.925858, 64.938538, 119.124092, 75.211937,10.337816, 245.680023, 0.999805
5, 344,24,232.419724, 232.421692, 119.124092, 75.211937,10.337816, 245.680023, 0.999992
5, 344,25,67.480774, 67.475601, 119.124092, 75.211937,10.337816, 245.680023, 1.000077
5, 344,26,150.934219, 150.930862, 119.124092, 75.211937,10.337816, 245.680023, 1.000022
5, 344,27,162.720428, 162.702881, 119.124092, 75.211937,10.337816, 245.680023, 1.000108
5, 344,28,238.088058, 238.104721, 119.124092, 75.211937,10.337816, 245.680023, 0.999930
5, 344,29,195.034698, 195.039703, 119.124092, 75.211937,10.337816, 245.680023, 0.999974
5, 344,30,10.337816, 10.333444, 119.124092, 75.211937,10.337816, 245.680023, 1.000423
5, 344,31,205.702209, 205.695419, 119.124092, 75.211937,10.337816, 245.680023, 1.000033
5, 345,0,214.556534, 214.565262, 119.124779, 79.561295,15.314074, 239.447372, 0.999959
5, 345,1,60.398750, 60.390678, 119.124779, 79.561295,15.314074, 239.447372, 1.000134
5, 345,2,86.079445, 86.077492, 119.124779, 79.561295,15.314074, 239.447372, 1.000023
5, 345,3,191.485764, 191.481689, 119.124779, 79.561295,15.314074, 239.447372, 1.000021
5, 345,4,69.889282, 69.889801, 119.124779, 79.561295,15.314074, 239.447372, 0.999993
5, 345,5,15.314074, 15.306303, 119.124779, 79.561295,15.314074, 239.447372, 1.000508
5, 345,6,62.894215, 62.901764, 119.124779, 79.561295,15.314074, 239.447372, 0.999880
5, 345,7,239.447372, 239.453445, 119.124779, 79.561295,15.314074, 239.447372, 0.999975
5, 345,8,223.125107, 223.127533, 119.124779, 79.561295,15.314074, 239.447372, 0.999989
5, 345,9,231.462662, 231.459427, 119.124779, 79.561295,15.314074, 239.447372, 1.000014
5, 345,10,233.903763, 233.901398, 119.124779, 79.561295,15.314074, 239.447372, 1.000010
5, 345,11,50.243690, 50.246502, 119.124779, 79.561295,15.314074, 239.447372, 0.999944
5, 345,12,28.218418, 28.222658, 119.124779, 79.561295,15.314074, 239.447372, 0.999850
5, 345,13,212.428635, 212.422775, 119.124779, 79.561295,15.314074, 239.447372, 1.000028
5, 345,14,207.655991, 207.669373, 119.124779, 79.561295,15.314074, 239.447372, 0.999936
5, 345,15,23.669407, 23.661234, 119.124779, 79.561295,15.314074, 239.447372, 1.000345
5, 345,16,231.654938, 231.659088, 119.124779, 79.561295,15.314074, 239.447372, 0.999982
5, 345,17,59.237858, 59.231125, 119.124779, 79.561295,15.314074, 239.447372, 1.000114
5, 345,18,82.725533, 82.714005, 119.124779, 79.561295,15.314074, 239.447372, 1.000139
5, 345,19,43.192631, 43.189350, 119.124779, 79.561295,15.314074, 239.447372, 1.000076
5, 345,20,16.799150, 16.796061, 119.124779, 79.561295,15.314074, 239.447372, 1.000184
5, 345,21,58.486206, 58.493927, 119.124779, 79.561295,15.314074, 239.447372, 0.999868
5, 345,22,79.121628, 79.127838, 119.124779, 79.561295,15.314074, 239.447372, 0.999922
5, 345,23,109.216278, 109.214806, 119.124779, 79.561295,15.314074, 239.447372, 1.000013
5, 345,24,42.653164, 42.651810, 119.124779, 79.561295,15.314074, 239.447372, 1.000032
5, 345,25,152.946777, 152.939972, 119.124779, 79.561295,15.314074, 239.447372, 1.000044
5, 345,26,19.374512, 19.376259, 119.124779, 79.561295,15.314074, 239.447372, 0.999910
5, 345,27,166.643616, 166.654968, 119.124779, 79.561295,15.314074, 239.447372, 0.999932
5, 345,28,98.655495, 98.655960, 119.124779, 79.561295,15.314074, 239.447372, 0.999995
5, 345,29,214.632080, 214.619019, 119.124779, 79.561295,15.314074, 239.447372, 1.000061
5, 345,30,175.886597, 175.892990, 119.124779, 79.561295,15.314074, 239.447372, 0.999964
5, 345,31,109.993958, 110.005760, 119.124779, 79.561295,15.314074, 239.447372, 0.999893
5, 346,0,219.647858, 219.650131, 119.123375, 63.674442,13.624144, 222.893188, 0.999990
5, 346,1,133.613434, 133.617584, 119.123375, 63.674442,13.624144, 222.893188, 0.999969
5, 346,2,84.316734, 84.309555, 119.123375, 63.674442,13.624144, 222.893188, 1.000085
5, 346,3,60.070263, 60.062641, 119.123375, 63.674442,13.624144, 222.893188, 1.000127
5, 346,4,136.610199, 136.609558, 119.123375, 63.674442,13.624144, 222.893188, 1.000005
5, 346,5,23.817705, 23.814720, 119.123375, 63.674442,13.624144, 222.893188, 1.000125
5, 346,6,169.177109, 169.170471, 119.123375, 63.674442,13.624144, 222.893188, 1.000039
5, 346,7,165.066711, 165.059814, 119.123375, 63.674442,13.624144, 222.893188, 1.000042
5, 346,8,82.052063, 82.052338, 119.123375, 63.674442,13.624144, 222.893188, 0.999997
5, 346,9,160.717010, 160.730713, 119.123375, 63.674442,13.624144, 222.893188, 0.999915
5, 346,10,178.063416, 178.060333, 119.123375, 63.674442,13.624144, 222.893188, 1.000017
5, 346,11,30.556244, 30.559904, 119.123375, 63.674442,13.624144, 222.893188, 0.999880
5, 346,12,175.698776, 175.703827, 119.123375, 63.674442,13.624144, 222.893188, 0.999971
5, 346,13,106.487183, 106.484604, 119.123375, 63.674442,13.624144, 222.893188, 1.000024
5, 346,14,33.863495, 33.876232, 119.123375, 63.674442,13.624144, 222.893188, 0.999624
5, 346,15,47.263992, 47.267311, 119.123375, 63.674442,13.624144, 222.893188, 0.999930
5, 346,16,177.170120, 177.166718, 119.123375, 63.674442,13.624144, 222.893188, 1.000019
5, 346,17,64.704124, 64.702850, 119.123375, 63.674442,13.624144, 222.893188, 1.000020
5, 346,18,136.266220, 136.258728, 119.123375, 63.674442,13.624144, 222.893188, 1.000055
5, 346,19,214.438049, 214.434036, 119.123375, 63.674442,13.624144, 222.893188, 1.000019
5, 346,20,73.096977, 73.102890, 119.123375, 63.674442,13.624144, 222.893188, 0.999919
5, 346,21,13.624144, 13.634060, 119.123375, 63.674442,13.624144, 222.893188, 0.999273
5, 346,22,193.400360, 193.417389, 119.123375, 63.674442,13.624144, 222.893188, 0.999912
5, 346,23,201.006546, 201.003235, 119.123375, 63.674442,13.624144, 222.893188, 1.000016
5, 346,24,29.395885, 29.408127, 119.123375, 63.674442,13.624144, 222.893188, 0.999584
5, 346,25,93.726265, 93.735603, 119.123375, 63.674442,13.624144, 222.893188, 0.999900
5, 346,26,147.181549, 147.180756, 119.123375, 63.674442,13.624144, 222.893188, 1.000005
5, 346,27,68.057411, 68.072128, 119.123375, 63.674442,13.624144, 222.893188, 0.999784
5, 346,28,94.635811, 94.662331, 119.123375, 63.674442,13.624144, 222.893188, 0.999720
5, 346,29,222.893188, 222.893646, 119.123375, 63.674442,13.624144, 222.893188, 0.999998
5, 346,30,161.393509, 161.366165, 119.123375, 63.674442,13.624144, 222.893188, 1.000169
5, 346,31,113.935394, 113.931450, 119.123375, 63.674442,13.624144, 222.893188, 1.000035
5, 347,0,152.715515, 152.735611, 119.123421, 69.212585,10.640240, 231.363144, 0.999868
5, 347,1,58.814648, 58.811035, 119.123421, 69.212585,10.640240, 231.363144, 1.000061
5, 347,2,227.055786, 227.050613, 119.123421, 69.212585,10.640240, 231.363144, 1.000023
5, 347,3,149.730057, 149.727600, 119.123421, 69.212585,10.640240, 231.363144, 1.000016
5, 347,4,57.213684, 57.222530, 119.123421, 69.212585,10.640240, 231.363144, 0.999845
5, 347,5,96.327164, 96.320030, 119.123421, 69.212585,10.640240, 231.363144, 1.000074
5, 347,6,10.640240, 10.655681, 119.123421, 69.212585,10.640240, 231.363144, 0.998551
5, 347,7,119.461365, 119.458130, 119.123421, 69.212585,10.640240, 231.363144, 1.000027
5, 347,8,65.349586, 65.347565, 119.123421, 69.212585,10.640240, 231.363144, 1.000031
5, 347,9,38.416504, 38.397057, 119.123421, 69.212585,10.640240, 231.363144, 1.000507
5, 347,10,22.451609, 22.457933, 119.123421, 69.212585,10.640240, 231.363144, 0.999718
5, 347,11,28.694403, 28.697041, 119.123421, 69.212585,10.640240, 231.363144, 0.999908
5, 347,12,133.730164, 133.741150, 119.123421, 69.212585,10.640240, 231.363144, 0.999918
5, 347,13,225.473862, 225.495880, 119.123421, 69.212585,10.640240, 231.363144, 0.999902
5, 347,14,49.811756, 49.807255, 119.123421, 69.212585,10.640240, 231.363144, 1.000090
5, 347,15,193.703873, 193.705521, 119.123421, 69.212585,10.640240, 231.363144, 0.999991
5, 347,16,168.188156, 168.188049, 119.123421, 69.212585,10.640240, 231.363144, 1.000001
5, 347,17,37.967278, 37.964447, 119.123421, 69.212585,10.640240, 231.363144, 1.000075
5, 347,18,117.873672, 117.883141, 119.123421, 69.212585,10.640240, 231.363144, 0.999920
5, 347,19,170.412292, 170.411957, 119.123421, 69.212585,10.640240, 231.363144, 1.000002
5, 347,20,59.071609, 59.081421, 119.123421, 69.212585,10.640240, 231.363144, 0.999834
5, 347,21,32.239643, 32.239067, 119.123421, 69.212585,10.640240, 231.363144, 1.000018
5, 347,22,200.136047, 200.147415, 119.123421, 69.212585,10.640240, 231.363144, 0.999943
5, 347,23,93.946465, 93.940651, 119.123421, 69.212585,10.640240, 231.363144, 1.000062
5, 347,24,231.363144, 231.369980, 119.123421, 69.212585,10.640240, 231.363144, 0.999970
5, 347,25,97.372215, 97.367767, 119.123421, 69.212585,10.640240, 231.363144, 1.000046
5, 347,26,128.137817, 128.137451, 119.123421, 69.212585,10.640240, 231.363144, 1.000003
5, 347,27,90.801971, 90.804207, 119.123421, 69.212585,10.640240, 231.363144, 0.999975
5, 347,28,223.806732, 223.805984, 119.123421, 69.212585,10.640240, 231.363144, 1.000003
5, 347,29,200.784729, 200.789566, 119.123421, 69.212585,10.640240, 231.363144, 0.999976
5, 347,30,150.660889, 150.653656, 119.123421, 69.212585,10.640240, 231.363144, 1.000048
5, 347,31,179.596451, 179.584732, 119.123421, 69.212585,10.640240, 231.363144, 1.000065
5, 348,0,11.593135, 11.569805, 119.123878, 64.085754,11.593135, 235.657074, 1.002016
5, 348,1,220.423813, 220.430634, 119.123878, 64.085754,11.593135, 235.657074, 0.999969
5, 348,2,46.105465, 46.112499, 119.123878, 64.085754,11.593135, 235.657074, 0.999847
5, 348,3,87.824043, 87.834435, 119.123878, 64.085754,11.593135, 235.657074, 0.999882
5, 348,4,37.193550, 37.189026, 119.123878, 64.085754,11.593135, 235.657074, 1.000122
5, 348,5,72.143745, 72.143356, 119.123878, 64.085754,11.593135, 235.657074, 1.000005
5, 348,6,112.758240, 112.769913, 119.123878, 64.085754,11.593135, 235.657074, 0.999896
5, 348,7,56.657864, 56.654610, 119.123878, 64.085754,11.593135, 235.657074, 1.000057
5, 348,8,235.657074, 235.661224, 119.123878, 64.085754,11.593135, 235.657074, 0.999982
5, 348,9,71.529579, 71.529388, 119.123878, 64.085754,11.593135, 235.657074, 1.000003
5, 348,10,173.879578, 173.880676, 119.123878, 64.085754,11.593135, 235.657074, 0.999994
5, 348,11,108.513916, 108.500046, 119.123878, 64.085754,11.593135, 235.657074, 1.000128
5, 348,12,193.029510, 193.025330, 119.123878, 64.085754,11.593135, 235.657074, 1.000022
5, 348,13,148.708817, 148.707993, 119.123878, 64.085754,11.593135, 235.657074, 1.000005
5, 348,14,144.962952, 144.975327, 119.123878, 64.085754,11.593135, 235.657074, 0.999915
5, 348,15,121.851151, 121.839890, 119.123878, 64.085754,11.593135, 235.657074, 1.000092
5, 348,16,141.421402, 141.417114, 119.123878, 64.085754,11.593135, 235.657074, 1.000030
5, 348,17,119.113739, 119.118904, 119.123878, 64.085754,11.593135, 235.657074, 0.999957
5, 348,18,73.006607, 73.001511, 119.123878, 64.085754,11.593135, 235.657074, 1.000070
5, 348,19,218.450165, 218.470123, 119.123878, 64.085754,11.593135, 235.657074, 0.999909
5, 348,20,184.787033, 184.792572, 119.123878, 64.085754,11.593135, 235.657074, 0.999970
5, 348,21,205.916061, 205.918671, 119.123878, 64.085754,11.593135, 235.657074, 0.999987
5, 348,22,83.901917, 83.906425, 119.123878, 64.085754,11.593135, 235.657074, 0.999946
5, 348,23,34.986465, 34.991299, 119.123878, 64.085754,11.593135, 235.657074, 0.999862
5, 348,24,112.796120, 112.790833, 119.123878, 64.085754,11.593135, 235.657074, 1.000047
5, 348,25,26.678440, 26.688772, 119.123878, 64.085754,11.593135, 235.657074, 0.999613
5, 348,26,135.926163, 135.926285, 119.123878, 64.085754,11.593135, 235.657074, 0.999999
5, 348,27,177.228806, 177.215637, 119.123878, 64.085754,11.593135, 235.657074, 1.000074
5, 348,28,209.843323, 209.860626, 119.123878, 64.085754,11.593135, 235.657074, 0.999918
5, 348,29,81.183731, 81.192413, 119.123878, 64.085754,11.593135, 235.657074, 0.999893
5, 348,30,43.103123, 43.098469, 119.123878, 64.085754,11.593135, 235.657074, 1.000108
5, 348,31,120.788368, 120.786385, 119.123878, 64.085754,11.593135, 235.657074, 1.000016
5, 349,0,137.325989, 137.304932, 119.122940, 58.354965,21.782467, 212.664978, 1.000153
5, 349,1,55.137844, 55.151718, 119.122940, 58.354965,21.782467, 212.664978, 0.999748
5, 349,2,107.715378, 107.733780, 119.122940, 58.354965,21.782467, 212.664978, 0.999829
5, 349,3,176.184311, 176.178101, 119.122940, 58.354965,21.782467, 212.664978, 1.000035
5, 349,4,50.942513, 50.932632, 119.122940, 58.354965,21.782467, 212.664978, 1.000194
5, 349,5,64.128914, 64.140739, 119.122940, 58.354965,21.782467, 212.664978, 0.999816
5, 349,6,145.704712, 145.711807, 119.122940, 58.354965,21.782467, 212.664978, 0.999951
5, 349,7,77.736687, 77.730698, 119.122940, 58.354965,21.782467, 212.664978, 1.000077
5, 349,8,79.101738, 79.101593, 119.122940, 58.354965,21.782467, 212.664978, 1.000002
5, 349,9,212.664978, 212.666290, 119.122940, 58.354965,21.782467, 212.664978, 0.999994
5, 349,10,91.107124, 91.107834, 119.122940, 58.354965,21.782467, 212.664978, 0.999992
5, 349,11,105.867668, 105.862106, 119.122940, 58.354965,21.782467, 212.664978, 1.000053
5, 349,12,161.753204, 161.768112, 119.122940, 58.354965,21.782467, 212.664978, 0.999908
5, 349,13,183.421631, 183.426910, 119.122940, 58.354965,21.782467, 212.664978, 0.999971
5, 349,14,29.342224, 29.348946, 119.122940, 58.354965,21.782467, 212.664978, 0.999771
5, 349,15,39.661610, 39.658787, 119.122940, 58.354965,21.782467, 212.664978, 1.000071
5, 349,16,137.677231, 137.674255, 119.122940, 58.354965,21.782467, 212.664978, 1.000022
5, 349,17,163.005508, 163.013794, 119.122940, 58.354965,21.782467, 212.664978, 0.999949
5, 349,18,189.622452, 189.617813, 119.122940, 58.354965,21.782467, 212.664978, 1.000024
5, 349,19,209.268372, 209.279739, 119.122940, 58.354965,21.782467, 212.664978, 0.999946
5, 349,20,168.260376, 168.265747, 119.122940, 58.354965,21.782467, 212.664978, 0.999968
5, 349,21,211.228226, 211.220276, 119.122940, 58.354965,21.782467, 212.664978, 1.000038
5, 349,22,93.332207, 93.336304, 119.122940, 58.354965,21.782467, 212.664978, 0.999956
5, 349,23,178.795822, 178.794662, 119.122940, 58.354965,21.782467, 212.664978, 1.000006
5, 349,24,99.538300, 99.533478, 119.122940, 58.354965,21.782467, 212.664978, 1.000048
5, 349,25,150.035126, 150.024780, 119.122940, 58.354965,21.782467, 212.664978, 1.000069
5, 349,26,41.146164, 41.148613, 119.122940, 58.354965,21.782467, 212.664978, 0.999940
5, 349,27,54.373798, 54.388023, 119.122940, 58.354965,21.782467, 212.664978, 0.999738
5, 349,28,178.304443, 178.312668, 119.122940, 58.354965,21.782467, 212.664978, 0.999954
5, 349,29,106.714951, 106.725952, 119.122940, 58.354965,21.782467, 212.664978, 0.999897
5, 349,30,21.782467, 21.793406, 119.122940, 58.354965,21.782467, 212.664978, 0.999498
5, 349,31,91.051949, 91.045235, 119.122940, 58.354965,21.782467, 212.664978, 1.000074
5, 350,0,113.916214, 113.900551, 119.126312, 50.866787,10.163917, 222.170990, 1.000138
5, 350,1,112.106056, 112.116791, 119.126312, 50.866787,10.163917, 222.170990, 0.999904
5, 350,2,53.412189, 53.418652, 119.126312, 50.866787,10.163917, 222.170990, 0.999879
5, 350,3,128.161697, 128.170624, 119.126312, 50.866787,10.163917, 222.170990, 0.999930
5, 350,4,68.908913, 68.905548, 119.126312, 50.866787,10.163917, 222.170990, 1.000049
5, 350,5,55.628941, 55.617233, 119.126312, 50.866787,10.163917, 222.170990, 1.000211
5, 350,6,96.924858, 96.920265, 119.126312, 50.866787,10.163917, 222.170990, 1.000047
5, 350,7,211.477127, 211.488800, 119.126312, 50.866787,10.163917, 222.170990, 0.999945
5, 350,8,123.025986, 123.026756, 119.126312, 50.866787,10.163917, 222.170990, 0.999994
5, 350,9,222.170990, 222.170624, 119.126312, 50.866787,10.163917, 222.170990, 1.000002
5, 350,10,97.710358, 97.722267, 119.126312, 50.866787,10.163917, 222.170990, 0.999878
5, 350,11,136.503555, 136.501755, 119.126312, 50.866787,10.163917, 222.170990, 1.000013
5, 350,12,130.774231, 130.784058, 119.126312, 50.866787,10.163917, 222.170990, 0.999925
5, 350,13,116.435165, 116.424088, 119.126312, 50.866787,10.163917, 222.170990, 1.000095
5, 350,14,145.939499, 145.925247, 119.126312, 50.866787,10.163917, 222.170990, 1.000098
5, 350,15,82.570747, 82.567215, 119.126312, 50.866787,10.163917, 222.170990, 1.000043
5, 350,16,130.764008, 130.756393, 119.126312, 50.866787,10.163917, 222.170990, 1.000058
5, 350,17,44.935711, 44.935417, 119.126312, 50.866787,10.163917, 222.170990, 1.000007
5, 350,18,207.448288, 207.444229, 119.126312, 50.866787,10.163917, 222.170990, 1.000020
5, 350,19,100.736198, 100.729759, 119.126312, 50.866787,10.163917, 222.170990, 1.000064
5, 350,20,10.163917, 10.172845, 119.126312, 50.866787,10.163917, 222.170990, 0.999122
5, 350,21,111.569275, 111.577515, 119.126312, 50.866787,10.163917, 222.170990, 0.999926
5, 350,22,107.420013, 107.422318, 119.126312, 50.866787,10.163917, 222.170990, 0.999979
5, 350,23,191.734436, 191.742996, 119.126312, 50.866787,10.163917, 222.170990, 0.999955
5, 350,24,92.141289, 92.135910, 119.126312, 50.866787,10.163917, 222.170990, 1.000058
5, 350,25,70.195847, 70.184601, 119.126312, 50.866787,10.163917, 222.170990, 1.000160
5, 350,26,114.166779, 114.156364, 119.126312, 50.866787,10.163917, 222.170990, 1.000091
5, 350,27,168.567276, 168.567932, 119.126312, 50.866787,10.163917, 222.170990, 0.999996
5, 350,28,103.781799, 103.771835, 119.126312, 50.866787,10.163917, 222.170990, 1.000096
5, 350,29,182.830383, 182.838028, 119.126312, 50.866787,10.163917, 222.170990, 0.999958
5, 350,30,91.505302, 91.499840, 119.126312, 50.866787,10.163917, 222.170990, 1.000060
5, 350,31,188.414978, 188.403625, 119.126312, 50.866787,10.163917, 222.170990, 1.000060
5, 351,0,237.049820, 237.042023, 119.123405, 75.467873,12.885722, 259.202087, 1.000033
5, 351,1,192.869797, 192.871643, 119.123405, 75.467873,12.885722, 259.202087, 0.999990
5, 351,2,64.447426, 64.448822, 119.123405, 75.467873,12.885722, 259.202087, 0.999978
5, 351,3,259.202087, 259.192657, 119.123405, 75.467873,12.885722, 259.202087, 1.000036
5, 351,4,12.885722, 12.894903, 119.123405, 75.467873,12.885722, 259.202087, 0.999288
5, 351,5,60.579777, 60.576115, 119.123405, 75.467873,12.885722, 259.202087, 1.000060
5, 351,6,140.268982, 140.262939, 119.123405, 75.467873,12.885722, 259.202087, 1.000043
5, 351,7,118.408249, 118.412582, 119.123405, 75.467873,12.885722, 259.202087, 0.999963
5, 351,8,29.870571, 29.863964, 119.123405, 75.467873,12.885722, 259.202087, 1.000221
5, 351,9,148.098969, 148.108429, 119.123405, 75.467873,12.885722, 259.202087, 0.999936
5, 351,10,172.363113, 172.376358, 119.123405, 75.467873,12.885722, 259.202087, 0.999923
5, 351,11,35.141983, 35.153320, 119.123405, 75.467873,12.885722, 259.202087, 0.999677
5, 351,12,71.333473, 71.324219, 119.123405, 75.467873,12.885722, 259.202087, 1.000130
5, 351,13,146.549438, 146.568588, 119.123405, 75.467873,12.885722, 259.202087, 0.999869
5, 351,14,53.391399, 53.400448, 119.123405, 75.467873,12.885722, 259.202087, 0.999831
5, 351,15,28.212507, 28.208633, 119.123405, 75.467873,12.885722, 259.202087, 1.000137
5, 351,16,108.109680, 108.111038, 119.123405, 75.467873,12.885722, 259.202087, 0.999987
5, 351,17,187.902023, 187.905655, 119.123405, 75.467873,12.885722, 259.202087, 0.999981
5, 351,18,137.065948, 137.060074, 119.123405, 75.467873,12.885722, 259.202087, 1.000043
5, 351,19,193.500732, 193.495270, 119.123405, 75.467873,12.885722, 259.202087, 1.000028
5, 351,20,39.373009, 39.372490, 119.123405, 75.467873,12.885722, 259.202087, 1.000013
5, 351,21,140.214935, 140.216736, 119.123405, 75.467873,12.885722, 259.202087, 0.999987
5, 351,22,230.316025, 230.312897, 119.123405, 75.467873,12.885722, 259.202087, 1.000014
5, 351,23,227.196808, 227.202438, 119.123405, 75.467873,12.885722, 259.202087, 0.999975
5, 351,24,19.259352, 19.254452, 119.123405, 75.467873,12.885722, 259.202087, 1.000255
5, 351,25,172.855911, 172.853714, 119.123405, 75.467873,12.885722, 259.202087, 1.000013
5, 351,26,74.083618, 74.095924, 119.123405, 75.467873,12.885722, 259.202087, 0.999834
5, 351,27,33.542225, 33.551884, 119.123405, 75.467873,12.885722, 259.202087, 0.999712
5, 351,28,52.901722, 52.923096, 119.123405, 75.467873,12.885722, 259.202087, 0.999596
5, 351,29,234.003204, 234.008545, 119.123405, 75.467873,12.885722, 259.202087, 0.999977
5, 351,30,59.030430, 59.028572, 119.123405, 75.467873,12.885722, 259.202087, 1.000031
5, 351,31,131.920273, 131.901596, 119.123405, 75.467873,12.885722, 259.202087, 1.000142
5, 352,0,162.580200, 162.590210, 119.127296, 64.775963,16.389959, 216.418671, 0.999938
5, 352,1,205.720520, 205.713516, 119.127296, 64.775963,16.389959, 216.418671, 1.000034
5, 352,2,34.569660, 34.572639, 119.127296, 64.775963,16.389959, 216.418671, 0.999914
5, 352,3,167.346283, 167.342697, 119.127296, 64.775963,16.389959, 216.418671, 1.000021
5, 352,4,24.938160, 24.927303, 119.127296, 64.775963,16.389959, 216.418671, 1.000436
5, 352,5,147.758316, 147.752213, 119.127296, 64.775963,16.389959, 216.418671, 1.000041
5, 352,6,34.341877, 34.336609, 119.127296, 64.775963,16.389959, 216.418671, 1.000153
5, 352,7,16.389959, 16.391949, 119.127296, 64.775963,16.389959, 216.418671, 0.999879
5, 352,8,28.483278, 28.480511, 119.127296, 64.775963,16.389959, 216.418671, 1.000097
5, 352,9,17.295307, 17.297792, 119.127296, 64.775963,16.389959, 216.418671, 0.999856
5, 352,10,171.433380, 171.438141, 119.127296, 64.775963,16.389959, 216.418671, 0.999972
5, 352,11,118.348717, 118.356911, 119.127296, 64.775963,16.389959, 216.418671, 0.999931
5, 352,12,185.315384, 185.306488, 119.127296, 64.775963,16.389959, 216.418671, 1.000048
5, 352,13,94.298828, 94.275467, 119.127296, 64.775963,16.389959, 216.418671, 1.000248
5, 352,14,16.579760, 16.570566, 119.127296, 64.775963,16.389959, 216.418671, 1.000555
5, 352,15,216.418671, 216.405060, 119.127296, 64.775963,16.389959, 216.418671, 1.000063
5, 352,16,151.837967, 151.834885, 119.127296, 64.775963,16.389959, 216.418671, 1.000020
5, 352,17,48.297470, 48.307030, 119.127296, 64.775963,16.389959, 216.418671, 0.999802
5, 352,18,149.771667, 149.780792, 119.127296, 64.775963,16.389959, 216.418671, 0.999939
5, 352,19,116.998245, 116.991760, 119.127296, 64.775963,16.389959, 216.418671, 1.000055
5, 352,20,154.034805, 154.035721, 119.127296, 64.775963,16.389959, 216.418671, 0.999994
5, 352,21,161.061707, 161.059204, 119.127296, 64.775963,16.389959, 216.418671, 1.000015
5, 352,22,87.551491, 87.551804, 119.127296, 64.775963,16.389959, 216.418671, 0.999996
5, 352,23,81.920219, 81.918976, 119.127296, 64.775963,16.389959, 216.418671, 1.000015
5, 352,24,150.875305, 150.878021, 119.127296, 64.775963,16.389959, 216.418671, 0.999982
5, 352,25,99.260277, 99.251236, 119.127296, 64.775963,16.389959, 216.418671, 1.000091
5, 352,26,212.883774, 212.890121, 119.127296, 64.775963,16.389959, 216.418671, 0.999970
5, 352,27,80.929306, 80.923828, 119.127296, 64.775963,16.389959, 216.418671, 1.000068
5, 352,28,116.898468, 116.896072, 119.127296, 64.775963,16.389959, 216.418671, 1.000021
5, 352,29,183.539063, 183.526703, 119.127296, 64.775963,16.389959, 216.418671, 1.000067
5, 352,30,189.829041, 189.842117, 119.127296, 64.775963,16.389959, 216.418671, 0.999931
5, 352,31,184.566132, 184.553757, 119.127296, 64.775963,16.389959, 216.418671, 1.000067
5, 353,0,39.889584, 39.889576, 119.124977, 65.777687,17.903082, 222.012573, 1.000000
5, 353,1,171.774506, 171.784393, 119.124977, 65.777687,17.903082, 222.012573, 0.999942
5, 353,2,35.899063, 35.913826, 119.124977, 65.777687,17.903082, 222.012573, 0.999589
5, 353,3,93.455948, 93.451744, 119.124977, 65.777687,17.903082, 222.012573, 1.000045
5, 353,4,215.086914, 215.101852, 119.124977, 65.777687,17.903082, 222.012573, 0.999931
5, 353,5,64.462181, 64.465164, 119.124977, 65.777687,17.903082, 222.012573, 0.999954
5, 353,6,94.528633, 94.530144, 119.124977, 65.777687,17.903082, 222.012573, 0.999984
5, 353,7,74.393257, 74.398041, 119.124977, 65.777687,17.903082, 222.012573, 0.999936
5, 353,8,211.398346, 211.398956, 119.124977, 65.777687,17.903082, 222.012573, 0.999997
5, 353,9,93.943398, 93.938972, 119.124977, 65.777687,17.903082, 222.012573, 1.000047
5, 353,10,17.903082, 17.919016, 119.124977, 65.777687,17.903082, 222.012573, 0.999111
5, 353,11,68.009254, 68.018646, 119.124977, 65.777687,17.903082, 222.012573, 0.999862
5, 353,12,51.535320, 51.537479, 119.124977, 65.777687,17.903082, 222.012573, 0.999958
5, 353,13,154.660095, 154.653595, 119.124977, 65.777687,17.903082, 222.012573, 1.000042
5, 353,14,128.220306, 128.220062, 119.124977, 65.777687,17.903082, 222.012573, 1.000002
5, 353,15,49.277149, 49.257275, 119.124977, 65.777687,17.903082, 222.012573, 1.000404
5, 353,16,73.173004, 73.170227, 119.124977, 65.777687,17.903082, 222.012573, 1.000038
5, 353,17,42.826729, 42.825912, 119.124977, 65.777687,17.903082, 222.012573, 1.000019
5, 353,18,205.807632, 205.792648, 119.124977, 65.777687,17.903082, 222.012573, 1.000073
5, 353,19,83.476219, 83.466896, 119.124977, 65.777687,17.903082, 222.012573, 1.000112
5, 353,20,51.625862, 51.621929, 119.124977, 65.777687,17.903082, 222.012573, 1.000076
5, 353,21,198.922409, 198.919525, 119.124977, 65.777687,17.903082, 222.012573, 1.000015
5, 353,22,162.101852, 162.098373, 119.124977, 65.777687,17.903082, 222.012573, 1.000021
5, 353,23,37.205048, 37.200100, 119.124977, 65.777687,17.903082, 222.012573, 1.000133
5, 353,24,200.653214, 200.667038, 119.124977, 65.777687,17.903082, 222.012573, 0.999931
5, 353,25,222.012573, 222.013947, 119.124977, 65.777687,17.903082, 222.012573, 0.999994
5, 353,26,159.316589, 159.304962, 119.124977, 65.777687,17.903082, 222.012573, 1.000073
5, 353,27,97.623627, 97.622391, 119.124977, 65.777687,17.903082, 222.012573, 1.000013
5, 353,28,173.038132, 173.051163, 119.124977, 65.777687,17.903082, 222.012573, 0.999925
5, 353,29,191.912491, 191.910004, 119.124977, 65.777687,17.903082, 222.012573, 1.000013
5, 353,30,183.084061, 183.081497, 119.124977, 65.777687,17.903082, 222.012573, 1.000014
5, 353,31,164.782639, 164.774857, 119.124977, 65.777687,17.903082, 222.012573, 1.000047
5, 354,0,176.037079, 176.021667, 119.126930, 61.574886,14.285916, 229.702484, 1.000087
5, 354,1,158.534866, 158.546066, 119.126930, 61.574886,14.285916, 229.702484, 0.999929
5, 354,2,34.927040, 34.924446, 119.126930, 61.574886,14.285916, 229.702484, 1.000074
5, 354,3,126.652695, 126.659180, 119.126930, 61.574886,14.285916, 229.702484, 0.999949
5, 354,4,36.772858, 36.779709, 119.126930, 61.574886,14.285916, 229.702484, 0.999814
5, 354,5,226.614883, 226.607117, 119.126930, 61.574886,14.285916, 229.702484, 1.000034
5, 354,6,175.719467, 175.709000, 119.126930, 61.574886,14.285916, 229.702484, 1.000060
5, 354,7,98.215508, 98.211830, 119.126930, 61.574886,14.285916, 229.702484, 1.000037
5, 354,8,118.447227, 118.452950, 119.126930, 61.574886,14.285916, 229.702484, 0.999952
5, 354,9,101.584808, 101.588821, 119.126930, 61.574886,14.285916, 229.702484, 0.999960
5, 354,10,91.617477, 91.610703, 119.126930, 61.574886,14.285916, 229.702484, 1.000074
5, 354,11,203.977631, 203.954849, 119.126930, 61.574886,14.285916, 229.702484, 1.000112
5, 354,12,31.412846, 31.408480, 119.126930, 61.574886,14.285916, 229.702484, 1.000139
5, 354,13,72.854263, 72.842682, 119.126930, 61.574886,14.285916, 229.702484, 1.000159
5, 354,14,73.157158, 73.141464, 119.126930, 61.574886,14.285916, 229.702484, 1.000215
5, 354,15,81.228020, 81.222626, 119.126930, 61.574886,14.285916, 229.702484, 1.000066
5, 354,16,133.989395, 133.989914, 119.126930, 61.574886,14.285916, 229.702484, 0.999996
5, 354,17,229.702484, 229.699219, 119.126930, 61.574886,14.285916, 229.702484, 1.000014
5, 354,18,116.102509, 116.104340, 119.126930, 61.574886,14.285916, 229.702484, 0.999984
5, 354,19,203.413086, 203.412857, 119.126930, 61.574886,14.285916, 229.702484, 1.000001
5, 354,20,14.285916, 14.294203, 119.126930, 61.574886,14.285916, 229.702484, 0.999420
5, 354,21,35.376099, 35.376099, 119.126930, 61.574886,14.285916, 229.702484, 1.000000
5, 354,22,203.835693, 203.822830, 119.126930, 61.574886,14.285916, 229.702484, 1.000063
5, 354,23,151.073639, 151.076385, 119.126930, 61.574886,14.285916, 229.702484, 0.999982
5, 354,24,176.096161, 176.105072, 119.126930, 61.574886,14.285916, 229.702484, 0.999949
5, 354,25,128.350998, 128.354630, 119.126930, 61.574886,14.285916, 229.702484, 0.999972
5, 354,26,54.317551, 54.324795, 119.126930, 61.574886,14.285916, 229.702484, 0.999867
5, 354,27,81.839073, 81.834099, 119.126930, 61.574886,14.285916, 229.702484, 1.000061
5, 354,28,48.381462, 48.383785, 119.126930, 61.574886,14.285916, 229.702484, 0.999952
5, 354,29,125.498955, 125.498787, 119.126930, 61.574886,14.285916, 229.702484, 1.000001
5, 354,30,161.219772, 161.214310, 119.126930, 61.574886,14.285916, 229.702484, 1.000034
5, 354,31,140.825195, 140.827286, 119.126930, 61.574886,14.285916, 229.702484, 0.999985
5, 355,0,97.805656, 97.794258, 119.126526, 47.560402,25.314497, 183.136322, 1.000117
5, 355,1,159.319305, 159.317184, 119.126526, 47.560402,25.314497, 183.136322, 1.000013
5, 355,2,118.442604, 118.458977, 119.126526, 47.560402,25.314497, 183.136322, 0.999862
5, 355,3,141.879349, 141.886856, 119.126526, 47.560402,25.314497, 183.136322, 0.999947
5, 355,4,162.668884, 162.658661, 119.126526, 47.560402,25.314497, 183.136322, 1.000063
5, 355,5,183.136322, 183.157394, 119.126526, 47.560402,25.314497, 183.136322, 0.999885
5, 355,6,121.261238, 121.259628, 119.126526, 47.560402,25.314497, 183.136322, 1.000013
5, 355,7,178.161667, 178.161224, 119.126526, 47.560402,25.314497, 183.136322, 1.000003
5, 355,8,169.647278, 169.630814, 119.126526, 47.560402,25.314497, 183.136322, 1.000097
5, 355,9,118.178276, 118.191238, 119.126526, 47.560402,25.314497, 183.136322, 0.999890
5, 355,10,64.841705, 64.823891, 119.126526, 47.560402,25.314497, 183.136322, 1.000275
5, 355,11,146.328018, 146.320740, 119.126526, 47.560402,25.314497, 183.136322, 1.000050
5, 355,12,49.135658, 49.139267, 119.126526, 47.560402,25.314497, 183.136322, 0.999927
5, 355,13,76.536171, 76.556564, 119.126526, 47.560402,25.314497, 183.136322, 0.999734
5, 355,14,165.647949, 165.630661, 119.126526, 47.560402,25.314497, 183.136322, 1.000104
5, 355,15,107.117943, 107.133278, 119.126526, 47.560402,25.314497, 183.136322, 0.999857
5, 355,16,32.689701, 32.672821, 119.126526, 47.560402,25.314497, 183.136322, 1.000517
5, 355,17,140.483002, 140.473145, 119.126526, 47.560402,25.314497, 183.136322, 1.000070
5, 355,18,40.344772, 40.341099, 119.126526, 47.560402,25.314497, 183.136322, 1.000091
5, 355,19,129.055267, 129.045715, 119.126526, 47.560402,25.314497, 183.136322, 1.000074
5, 355,20,88.673683, 88.680153, 119.126526, 47.560402,25.314497, 183.136322, 0.999927
5, 355,21,146.281937, 146.277908, 119.126526, 47.560402,25.314497, 183.136322, 1.000028
5, 355,22,165.307602, 165.304001, 119.126526, 47.560402,25.314497, 183.136322, 1.000022
5, 355,23,143.055496, 143.048874, 119.126526, 47.560402,25.314497, 183.136322, 1.000046
5, 355,24,116.919609, 116.906052, 119.126526, 47.560402,25.314497, 183.136322, 1.000116
5, 355,25,176.154617, 176.158478, 119.126526, 47.560402,25.314497, 183.136322, 0.999978
5, 355,26,160.040314, 160.040115, 119.126526, 47.560402,25.314497, 183.136322, 1.000001
5, 355,27,25.314497, 25.315132, 119.126526, 47.560402,25.314497, 183.136322, 0.999975
5, 355,28,160.913818, 160.907593, 119.126526, 47.560402,25.314497, 183.136322, 1.000039
5, 355,29,118.018059, 118.030586, 119.126526, 47.560402,25.314497, 183.136322, 0.999894
5, 355,30,41.807983, 41.813705, 119.126526, 47.560402,25.314497, 183.136322, 0.999863
5, 355,31,66.880791, 66.864120, 119.126526, 47.560402,25.314497, 183.136322, 1.000249
5, 356,0,204.790955, 204.792084, 119.125328, 62.405537,11.594112, 209.997589, 0.999994
5, 356,1,94.391525, 94.400963, 119.125328, 62.405537,11.594112, 209.997589, 0.999900
5, 356,2,199.588898, 199.578918, 119.125328, 62.405537,11.594112, 209.997589, 1.000050
5, 356,3,185.564941, 185.562531, 119.125328, 62.405537,11.594112, 209.997589, 1.000013
5, 356,4,114.353745, 114.352654, 119.125328, 62.405537,11.594112, 209.997589, 1.000010
5, 356,5,209.464706, 209.461914, 119.125328, 62.405537,11.594112, 209.997589, 1.000013
5, 356,6,189.810867, 189.812836, 119.125328, 62.405537,11.594112, 209.997589, 0.999990
5, 356,7,59.514271, 59.504410, 119.125328, 62.405537,11.594112, 209.997589, 1.000166
5, 356,8,209.056885, 209.063019, 119.125328, 62.405537,11.594112, 209.997589, 0.999971
5, 356,9,94.834785, 94.834244, 119.125328, 62.405537,11.594112, 209.997589, 1.000006
5, 356,10,39.723835, 39.724655, 119.125328, 62.405537,11.594112, 209.997589, 0.999979
5, 356,11,145.164215, 145.170837, 119.125328, 62.405537,11.594112, 209.997589, 0.999954
5, 356,12,49.705753, 49.710819, 119.125328, 62.405537,11.594112, 209.997589, 0.999898
5, 356,13,113.088585, 113.094070, 119.125328, 62.405537,11.594112, 209.997589, 0.999951
5, 356,14,61.869598, 61.877155, 119.125328, 62.405537,11.594112, 209.997589, 0.999878
5, 356,15,149.440460, 149.441788, 119.125328, 62.405537,11.594112, 209.997589, 0.999991
5, 356,16,47.015968, 47.014828, 119.125328, 62.405537,11.594112, 209.997589, 1.000024
5, 356,17,100.044655, 100.040527, 119.125328, 62.405537,11.594112, 209.997589, 1.000041
5, 356,18,136.715759, 136.704620, 119.125328, 62.405537,11.594112, 209.997589, 1.000082
5, 356,19,126.479210, 126.484612, 119.125328, 62.405537,11.594112, 209.997589, 0.999957
5, 356,20,163.168289, 163.162430, 119.125328, 62.405537,11.594112, 209.997589, 1.000036
5, 356,21,133.135620, 133.135178, 119.125328, 62.405537,11.594112, 209.997589, 1.000003
5, 356,22,27.113949, 27.104401, 119.125328, 62.405537,11.594112, 209.997589, 1.000352
5, 356,23,13.073634, 13.074253, 119.125328, 62.405537,11.594112, 209.997589, 0.999953
5, 356,24,94.496094, 94.504120, 119.125328, 62.405537,11.594112, 209.997589, 0.999915
5, 356,25,11.594112, 11.588708, 119.125328, 62.405537,11.594112, 209.997589, 1.000466
5, 356,26,177.512405, 177.515839, 119.125328, 62.405537,11.594112, 209.997589, 0.999981
5, 356,27,189.064209, 189.070068, 119.125328, 62.405537,11.594112, 209.997589, 0.999969
5, 356,28,209.997589, 209.998352, 119.125328, 62.405537,11.594112, 209.997589, 0.999996
5, 356,29,74.988853, 74.992584, 119.125328, 62.405537,11.594112, 209.997589, 0.999950
5, 356,30,75.062393, 75.061371, 119.125328, 62.405537,11.594112, 209.997589, 1.000014
5, 356,31,112.183449, 112.165604, 119.125328, 62.405537,11.594112, 209.997589, 1.000159
5, 357,0,153.533752, 153.533951, 119.125404, 67.426888,15.205466, 228.597580, 0.999999
5, 357,1,15.205466, 15.198565, 119.125404, 67.426888,15.205466, 228.597580, 1.000454
5, 357,2,151.473755, 151.480606, 119.125404, 67.426888,15.205466, 228.597580, 0.999955
5, 357,3,76.397392, 76.379547, 119.125404, 67.426888,15.205466, 228.597580, 1.000234
5, 357,4,20.242882, 20.232313, 119.125404, 67.426888,15.205466, 228.597580, 1.000522
5, 357,5,111.257515, 111.258698, 119.125404, 67.426888,15.205466, 228.597580, 0.999989
5, 357,6,22.902185, 22.896835, 119.125404, 67.426888,15.205466, 228.597580, 1.000234
5, 357,7,214.084381, 214.089996, 119.125404, 67.426888,15.205466, 228.597580, 0.999974
5, 357,8,109.065681, 109.068016, 119.125404, 67.426888,15.205466, 228.597580, 0.999979
5, 357,9,190.497253, 190.500748, 119.125404, 67.426888,15.205466, 228.597580, 0.999982
5, 357,10,168.810593, 168.806870, 119.125404, 67.426888,15.205466, 228.597580, 1.000022
5, 357,11,213.369705, 213.368942, 119.125404, 67.426888,15.205466, 228.597580, 1.000004
5, 357,12,112.114410, 112.110237, 119.125404, 67.426888,15.205466, 228.597580, 1.000037
5, 357,13,68.443573, 68.447792, 119.125404, 67.426888,15.205466, 228.597580, 0.999938
5, 357,14,79.591560, 79.600334, 119.125404, 67.426888,15.205466, 228.597580, 0.999890
5, 357,15,179.193222, 179.190262, 119.125404, 67.426888,15.205466, 228.597580, 1.000017
5, 357,16,48.129429, 48.134251, 119.125404, 67.426888,15.205466, 228.597580, 0.999900
5, 357,17,150.309082, 150.313156, 119.125404, 67.426888,15.205466, 228.597580, 0.999973
5, 357,18,192.709366, 192.705154, 119.125404, 67.426888,15.205466, 228.597580, 1.000022
5, 357,19,28.183283, 28.184675, 119.125404, 67.426888,15.205466, 228.597580, 0.999951
5, 357,20,193.266388, 193.268280, 119.125404, 67.426888,15.205466, 228.597580, 0.999990
5, 357,21,92.196579, 92.195000, 119.125404, 67.426888,15.205466, 228.597580, 1.000017
5, 357,22,199.029160, 199.029953, 119.125404, 67.426888,15.205466, 228.597580, 0.999996
5, 357,23,97.097649, 97.098267, 119.125404, 67.426888,15.205466, 228.597580, 0.999994
5, 357,24,71.436012, 71.435081, 119.125404, 67.426888,15.205466, 228.597580, 1.000013
5, 357,25,57.534698, 57.528751, 119.125404, 67.426888,15.205466, 228.597580, 1.000103
5, 357,26,139.727249, 139.730621, 119.125404, 67.426888,15.205466, 228.597580, 0.999976
5, 357,27,130.687958, 130.686340, 119.125404, 67.426888,15.205466, 228.597580, 1.000012
5, 357,28,55.947506, 55.956131, 119.125404, 67.426888,15.205466, 228.597580, 0.999846
5, 357,29,215.980301, 215.978516, 119.125404, 67.426888,15.205466, 228.597580, 1.000008
5, 357,30,24.997637, 24.991367, 119.125404, 67.426888,15.205466, 228.597580, 1.000251
5, 357,31,228.597580, 228.600662, 119.125404, 67.426888,15.205466, 228.597580, 0.999987
5, 358,0,19.339344, 19.336376, 119.126701, 60.487644,16.411676, 213.960220, 1.000154
5, 358,1,90.663109, 90.648323, 119.126701, 60.487644,16.411676, 213.960220, 1.000163
5, 358,2,113.829727, 113.826485, 119.126701, 60.487644,16.411676, 213.960220, 1.000028
5, 358,3,16.653711, 16.660469, 119.126701, 60.487644,16.411676, 213.960220, 0.999594
5, 358,4,153.409317, 153.398651, 119.126701, 60.487644,16.411676, 213.960220, 1.000069
5, 358,5,173.600403, 173.588409, 119.126701, 60.487644,16.411676, 213.960220, 1.000069
5, 358,6,96.798370, 96.781425, 119.126701, 60.487644,16.411676, 213.960220, 1.000175
5, 358,7,71.253647, 71.246368, 119.126701, 60.487644,16.411676, 213.960220, 1.000102
5, 358,8,16.411676, 16.413061, 119.126701, 60.487644,16.411676, 213.960220, 0.999916
5, 358,9,179.671112, 179.669434, 119.126701, 60.487644,16.411676, 213.960220, 1.000009
5, 358,10,133.539658, 133.540955, 119.126701, 60.487644,16.411676, 213.960220, 0.999990
5, 358,11,74.691887, 74.697052, 119.126701, 60.487644,16.411676, 213.960220, 0.999931
5, 358,12,108.581238, 108.598381, 119.126701, 60.487644,16.411676, 213.960220, 0.999842
5, 358,13,184.223892, 184.226929, 119.126701, 60.487644,16.411676, 213.960220, 0.999983
5, 358,14,70.297836, 70.302307, 119.126701, 60.487644,16.411676, 213.960220, 0.999936
5, 358,15,165.214111, 165.202591, 119.126701, 60.487644,16.411676, 213.960220, 1.000070
5, 358,16,25.108572, 25.117897, 119.126701, 60.487644,16.411676, 213.960220, 0.999629
5, 358,17,199.339783, 199.338318, 119.126701, 60.487644,16.411676, 213.960220, 1.000007
5, 358,18,171.328598, 171.335709, 119.126701, 60.487644,16.411676, 213.960220, 0.999959
5, 358,19,35.078014, 35.085815, 119.126701, 60.487644,16.411676, 213.960220, 0.999778
5, 358,20,193.645920, 193.654465, 119.126701, 60.487644,16.411676, 213.960220, 0.999956
5, 358,21,107.958458, 107.947311, 119.126701, 60.487644,16.411676, 213.960220, 1.000103
5, 358,22,170.000031, 170.001007, 119.126701, 60.487644,16.411676, 213.960220, 0.999994
5, 358,23,97.671951, 97.666878, 119.126701, 60.487644,16.411676, 213.960220, 1.000052
5, 358,24,213.960220, 213.954880, 119.126701, 60.487644,16.411676, 213.960220, 1.000025
5, 358,25,191.687424, 191.688217, 119.126701, 60.487644,16.411676, 213.960220, 0.999996
5, 358,26,165.299438, 165.287247, 119.126701, 60.487644,16.411676, 213.960220, 1.000074
5, 358,27,104.426910, 104.418495, 119.126701, 60.487644,16.411676, 213.960220, 1.000081
5, 358,28,152.928757, 152.936401, 119.126701, 60.487644,16.411676, 213.960220, 0.999950
5, 358,29,45.772694, 45.769909, 119.126701, 60.487644,16.411676, 213.960220, 1.000061
5, 358,30,170.360443, 170.352585, 119.126701, 60.487644,16.411676, 213.960220, 1.000046
5, 358,31,99.308464, 99.307587, 119.126701, 60.487644,16.411676, 213.960220, 1.000009
5, 359,0,161.041016, 161.040512, 119.125946, 62.545185,10.380443, 221.886749, 1.000003
5, 359,1,180.272446, 180.268936, 119.125946, 62.545185,10.380443, 221.886749, 1.000019
5, 359,2,132.630920, 132.622406, 119.125946, 62.545185,10.380443, 221.886749, 1.000064
5, 359,3,169.407669, 169.413651, 119.125946, 62.545185,10.380443, 221.886749, 0.999965
5, 359,4,74.619553, 74.626114, 119.125946, 62.545185,10.380443, 221.886749, 0.999912
5, 359,5,52.884724, 52.883171, 119.125946, 62.545185,10.380443, 221.886749, 1.000029
5, 359,6,221.693665, 221.693924, 119.125946, 62.545185,10.380443, 221.886749, 0.999999
5, 359,7,43.573772, 43.576805, 119.125946, 62.545185,10.380443, 221.886749, 0.999930
5, 359,8,117.971939, 117.969406, 119.125946, 62.545185,10.380443, 221.886749, 1.000021
5, 359,9,18.243900, 18.237041, 119.125946, 62.545185,10.380443, 221.886749, 1.000376
5, 359,10,212.457733, 212.452377, 119.125946, 62.545185,10.380443, 221.886749, 1.000025
5, 359,11,104.315834, 104.314461, 119.125946, 62.545185,10.380443, 221.886749, 1.000013
5, 359,12,119.194168, 119.200752, 119.125946, 62.545185,10.380443, 221.886749, 0.999945
5, 359,13,103.444962, 103.433075, 119.125946, 62.545185,10.380443, 221.886749, 1.000115
5, 359,14,108.741219, 108.753777, 119.125946, 62.545185,10.380443, 221.886749, 0.999885
5, 359,15,190.852859, 190.845520, 119.125946, 62.545185,10.380443, 221.886749, 1.000039
5, 359,16,52.644802, 52.630421, 119.125946, 62.545185,10.380443, 221.886749, 1.000273
5, 359,17,104.425598, 104.411667, 119.125946, 62.545185,10.380443, 221.886749, 1.000133
5, 359,18,198.072495, 198.065094, 119.125946, 62.545185,10.380443, 221.886749, 1.000037
5, 359,19,96.153275, 96.161659, 119.125946, 62.545185,10.380443, 221.886749, 0.999913
5, 359,20,165.672241, 165.693710, 119.125946, 62.545185,10.380443, 221.886749, 0.999870
5, 359,21,81.148712, 81.145752, 119.125946, 62.545185,10.380443, 221.886749, 1.000036
5, 359,22,123.502441, 123.497505, 119.125946, 62.545185,10.380443, 221.886749, 1.000040
5, 359,23,41.650555, 41.639053, 119.125946, 62.545185,10.380443, 221.886749, 1.000276
5, 359,24,112.518433, 112.519096, 119.125946, 62.545185,10.380443, 221.886749, 0.999994
5, 359,25,10.380443, 10.375884, 119.125946, 62.545185,10.380443, 221.886749, 1.000439
5, 359,26,58.196568, 58.203873, 119.125946, 62.545185,10.380443, 221.886749, 0.999874
5, 359,27,153.280609, 153.289536, 119.125946, 62.545185,10.380443, 221.886749, 0.999942
5, 359,28,20.733767, 20.738613, 119.125946, 62.545185,10.380443, 221.886749, 0.999766
5, 359,29,221.886749, 221.881866, 119.125946, 62.545185,10.380443, 221.886749, 1.000022
5, 359,30,166.412659, 166.419556, 119.125946, 62.545185,10.380443, 221.886749, 0.999959
5, 359,31,194.004288, 193.995178, 119.125946, 62.545185,10.380443, 221.886749, 1.000047
5, 360,0,156.153152, 156.149155, 119.123901, 63.524540,10.703817, 225.600952, 1.000026
5, 360,1,104.794716, 104.803192, 119.123901, 63.524540,10.703817, 225.600952, 0.999919
5, 360,2,165.662399, 165.661819, 119.123901, 63.524540,10.703817, 225.600952, 1.000003
5, 360,3,63.527756, 63.537632, 119.123901, 63.524540,10.703817, 225.600952, 0.999845
5, 360,4,185.102203, 185.089828, 119.123901, 63.524540,10.703817, 225.600952, 1.000067
5, 360,5,97.196152, 97.204948, 119.123901, 63.524540,10.703817, 225.600952, 0.999910
5, 360,6,39.111031, 39.099121, 119.123901, 63.524540,10.703817, 225.600952, 1.000305
5, 360,7,193.745239, 193.744308, 119.123901, 63.524540,10.703817, 225.600952, 1.000005
5, 360,8,39.706997, 39.699852, 119.123901, 63.524540,10.703817, 225.600952, 1.000180
5, 360,9,225.600952, 225.616028, 119.123901, 63.524540,10.703817, 225.600952, 0.999933
5, 360,10,158.451324, 158.446442, 119.123901, 63.524540,10.703817, 225.600952, 1.000031
5, 360,11,10.703817, 10.706353, 119.123901, 63.524540,10.703817, 225.600952, 0.999763
5, 360,12,189.317581, 189.294937, 119.123901, 63.524540,10.703817, 225.600952, 1.000120
5, 360,13,166.352173, 166.335159, 119.123901, 63.524540,10.703817, 225.600952, 1.000102
5, 360,14,80.785484, 80.800377, 119.123901, 63.524540,10.703817, 225.600952, 0.999816
5, 360,15,217.950958, 217.945160, 119.123901, 63.524540,10.703817, 225.600952, 1.000027
5, 360,16,74.364906, 74.370583, 119.123901, 63.524540,10.703817, 225.600952, 0.999924
5, 360,17,81.219490, 81.209663, 119.123901, 63.524540,10.703817, 225.600952, 1.000121
5, 360,18,85.001724, 85.012093, 119.123901, 63.524540,10.703817, 225.600952, 0.999878
5, 360,19,173.325745, 173.339279, 119.123901, 63.524540,10.703817, 225.600952, 0.999922
5, 360,20,64.488838, 64.494843, 119.123901, 63.524540,10.703817, 225.600952, 0.999907
5, 360,21,178.997192, 179.003311, 119.123901, 63.524540,10.703817, 225.600952, 0.999966
5, 360,22,27.006948, 26.992090, 119.123901, 63.524540,10.703817, 225.600952, 1.000551
5, 360,23,52.437569, 52.440620, 119.123901, 63.524540,10.703817, 225.600952, 0.999942
5, 360,24,78.844139, 78.859558, 119.123901, 63.524540,10.703817, 225.600952, 0.999804
5, 360,25,121.679626, 121.702858, 119.123901, 63.524540,10.703817, 225.600952, 0.999809
5, 360,26,174.311523, 174.316284, 119.123901, 63.524540,10.703817, 225.600952, 0.999973
5, 360,27,102.042862, 102.030594, 119.123901, 63.524540,10.703817, 225.600952, 1.000120
5, 360,28,13.921895, 13.914650, 119.123901, 63.524540,10.703817, 225.600952, 1.000521
5, 360,29,148.260925, 148.273636, 119.123901, 63.524540,10.703817, 225.600952, 0.999914
5, 360,30,133.405258, 133.407196, 119.123901, 63.524540,10.703817, 225.600952, 0.999985
5, 360,31,208.493973, 208.498520, 119.123901, 63.524540,10.703817, 225.600952, 0.999978
5, 361,0,93.342781, 93.339890, 119.123634, 60.894867,11.467167, 221.530701, 1.000031
5, 361,1,56.768555, 56.764915, 119.123634, 60.894867,11.467167, 221.530701, 1.000064
5, 361,2,95.401039, 95.408775, 119.123634, 60.894867,11.467167, 221.530701, 0.999919
5, 361,3,86.400894, 86.407768, 119.123634, 60.894867,11.467167, 221.530701, 0.999920
5, 361,4,221.530701, 221.537003, 119.123634, 60.894867,11.467167, 221.530701, 0.999972
5, 361,5,75.892944, 75.895409, 119.123634, 60.894867,11.467167, 221.530701, 0.999968
5, 361,6,72.244919, 72.254700, 119.123634, 60.894867,11.467167, 221.530701, 0.999865
5, 361,7,58.787395, 58.780064, 119.123634, 60.894867,11.467167, 221.530701, 1.000125
5, 361,8,138.753922, 138.747925, 119.123634, 60.894867,11.467167, 221.530701, 1.000043
5, 361,9,211.298416, 211.293335, 119.123634, 60.894867,11.467167, 221.530701, 1.000024
5, 361,10,74.201653, 74.195969, 119.123634, 60.894867,11.467167, 221.530701, 1.000077
5, 361,11,161.668701, 161.660187, 119.123634, 60.894867,11.467167, 221.530701, 1.000053
5, 361,12,126.953377, 126.959305, 119.123634, 60.894867,11.467167, 221.530701, 0.999953
5, 361,13,128.653168, 128.672180, 119.123634, 60.894867,11.467167, 221.530701, 0.999852
5, 361,14,119.333344, 119.328613, 119.123634, 60.894867,11.467167, 221.530701, 1.000040
5, 361,15,103.557434, 103.549980, 119.123634, 60.894867,11.467167, 221.530701, 1.000072
5, 361,16,121.400711, 121.417641, 119.123634, 60.894867,11.467167, 221.530701, 0.999861
5, 361,17,88.581825, 88.590858, 119.123634, 60.894867,11.467167, 221.530701, 0.999898
5, 361,18,217.518143, 217.506714, 119.123634, 60.894867,11.467167, 221.530701, 1.000053
5, 361,19,11.467167, 11.477777, 119.123634, 60.894867,11.467167, 221.530701, 0.999076
5, 361,20,41.694721, 41.684875, 119.123634, 60.894867,11.467167, 221.530701, 1.000236
5, 361,21,200.932281, 200.942169, 119.123634, 60.894867,11.467167, 221.530701, 0.999951
5, 361,22,103.213699, 103.207405, 119.123634, 60.894867,11.467167, 221.530701, 1.000061
5, 361,23,159.411591, 159.409943, 119.123634, 60.894867,11.467167, 221.530701, 1.000010
5, 361,24,83.537521, 83.539543, 119.123634, 60.894867,11.467167, 221.530701, 0.999976
5, 361,25,16.929440, 16.925400, 119.123634, 60.894867,11.467167, 221.530701, 1.000239
5, 361,26,156.998383, 156.998474, 119.123634, 60.894867,11.467167, 221.530701, 0.999999
5, 361,27,212.176422, 212.186707, 119.123634, 60.894867,11.467167, 221.530701, 0.999952
5, 361,28,43.218334, 43.223106, 119.123634, 60.894867,11.467167, 221.530701, 0.999890
5, 361,29,143.606979, 143.604446, 119.123634, 60.894867,11.467167, 221.530701, 1.000018
5, 361,30,221.032013, 221.026505, 119.123634, 60.894867,11.467167, 221.530701, 1.000025
5, 361,31,165.447495, 165.462112, 119.123634, 60.894867,11.467167, 221.530701, 0.999912
5, 362,0,139.563354, 139.560410, 119.125900, 66.044952,16.390528, 196.982895, 1.000021
5, 362,1,171.072311, 171.085022, 119.125900, 66.044952,16.390528, 196.982895, 0.999926
5, 362,2,148.430832, 148.431335, 119.125900, 66.044952,16.390528, 196.982895, 0.999997
5, 362,3,185.757355, 185.755493, 119.125900, 66.044952,16.390528, 196.982895, 1.000010
5, 362,4,95.180725, 95.176231, 119.125900, 66.044952,16.390528, 196.982895, 1.000047
5, 362,5,29.538292, 29.546799, 119.125900, 66.044952,16.390528, 196.982895, 0.999712
5, 362,6,21.878635, 21.871292, 119.125900, 66.044952,16.390528, 196.982895, 1.000336
5, 362,7,139.258224, 139.246780, 119.125900, 66.044952,16.390528, 196.982895, 1.000082
5, 362,8,189.525604, 189.519272, 119.125900, 66.044952,16.390528, 196.982895, 1.000033
5, 362,9,168.758850, 168.765228, 119.125900, 66.044952,16.390528, 196.982895, 0.999962
5, 362,10,192.231689, 192.235580, 119.125900, 66.044952,16.390528, 196.982895, 0.999980
5, 362,11,56.710667, 56.698090, 119.125900, 66.044952,16.390528, 196.982895, 1.000222
5, 362,12,136.665390, 136.672485, 119.125900, 66.044952,16.390528, 196.982895, 0.999948
5, 362,13,18.694344, 18.687466, 119.125900, 66.044952,16.390528, 196.982895, 1.000368
5, 362,14,156.737640, 156.734146, 119.125900, 66.044952,16.390528, 196.982895, 1.000022
5, 362,15,37.634529, 37.618805, 119.125900, 66.044952,16.390528, 196.982895, 1.000418
5, 362,16,83.209427, 83.228004, 119.125900, 66.044952,16.390528, 196.982895, 0.999777
5, 362,17,34.240955, 34.245605, 119.125900, 66.044952,16.390528, 196.982895, 0.999864
5, 362,18,35.738529, 35.742832, 119.125900, 66.044952,16.390528, 196.982895, 0.999880
5, 362,19,16.390528, 16.385406, 119.125900, 66.044952,16.390528, 196.982895, 1.000313
5, 362,20,18.203524, 18.208118, 119.125900, 66.044952,16.390528, 196.982895, 0.999748
5, 362,21,193.154861, 193.158768, 119.125900, 66.044952,16.390528, 196.982895, 0.999980
5, 362,22,158.677475, 158.681137, 119.125900, 66.044952,16.390528, 196.982895, 0.999977
5, 362,23,59.302704, 59.301960, 119.125900, 66.044952,16.390528, 196.982895, 1.000013
5, 362,24,166.633072, 166.617035, 119.125900, 66.044952,16.390528, 196.982895, 1.000096
5, 362,25,196.982895, 196.981735, 119.125900, 66.044952,16.390528, 196.982895, 1.000006
5, 362,26,194.204971, 194.206238, 119.125900, 66.044952,16.390528, 196.982895, 0.999994
5, 362,27,89.365768, 89.364853, 119.125900, 66.044952,16.390528, 196.982895, 1.000010
5, 362,28,191.079956, 191.069763, 119.125900, 66.044952,16.390528, 196.982895, 1.000053
5, 362,29,145.205444, 145.200180, 119.125900, 66.044952,16.390528, 196.982895, 1.000036
5, 362,30,157.929611, 157.929565, 119.125900, 66.044952,16.390528, 196.982895, 1.000000
5, 362,31,184.070328, 184.074814, 119.125900, 66.044952,16.390528, 196.982895, 0.999976
5, 363,0,196.214264, 196.215515, 119.126099, 67.262383,10.150500, 240.319351, 0.999994
5, 363,1,192.058777, 192.065201, 119.126099, 67.262383,10.150500, 240.319351, 0.999967
5, 363,2,122.984428, 122.997887, 119.126099, 67.262383,10.150500, 240.319351, 0.999891
5, 363,3,199.645905, 199.639679, 119.126099, 67.262383,10.150500, 240.319351, 1.000031
5, 363,4,203.645355, 203.647614, 119.126099, 67.262383,10.150500, 240.319351, 0.999989
5, 363,5,79.743172, 79.729362, 119.126099, 67.262383,10.150500, 240.319351, 1.000173
5, 363,6,67.221573, 67.221512, 119.126099, 67.262383,10.150500, 240.319351, 1.000001
5, 363,7,35.020077, 35.008606, 119.126099, 67.262383,10.150500, 240.319351, 1.000328
5, 363,8,159.414078, 159.403809, 119.126099, 67.262383,10.150500, 240.319351, 1.000064
5, 363,9,130.654739, 130.643555, 119.126099, 67.262383,10.150500, 240.319351, 1.000086
5, 363,10,116.571068, 116.590897, 119.126099, 67.262383,10.150500, 240.319351, 0.999830
5, 363,11,110.179543, 110.183907, 119.126099, 67.262383,10.150500, 240.319351, 0.999960
5, 363,12,40.829418, 40.831841, 119.126099, 67.262383,10.150500, 240.319351, 0.999941
5, 363,13,167.784668, 167.789825, 119.126099, 67.262383,10.150500, 240.319351, 0.999969
5, 363,14,20.945892, 20.941708, 119.126099, 67.262383,10.150500, 240.319351, 1.000200
5, 363,15,136.994583, 137.000717, 119.126099, 67.262383,10.150500, 240.319351, 0.999955
5, 363,16,212.729095, 212.731277, 119.126099, 67.262383,10.150500, 240.319351, 0.999990
5, 363,17,12.657681, 12.648221, 119.126099, 67.262383,10.150500, 240.319351, 1.000748
5, 363,18,17.534859, 17.524649, 119.126099, 67.262383,10.150500, 240.319351, 1.000583
5, 363,19,182.002853, 181.992004, 119.126099, 67.262383,10.150500, 240.319351, 1.000060
5, 363,20,123.441414, 123.446381, 119.126099, 67.262383,10.150500, 240.319351, 0.999960
5, 363,21,160.318817, 160.315018, 119.126099, 67.262383,10.150500, 240.319351, 1.000024
5, 363,22,117.785805, 117.793991, 119.126099, 67.262383,10.150500, 240.319351, 0.999931
5, 363,23,35.956951, 35.955414, 119.126099, 67.262383,10.150500, 240.319351, 1.000043
5, 363,24,108.638145, 108.631996, 119.126099, 67.262383,10.150500, 240.319351, 1.000057
5, 363,25,129.709625, 129.710983, 119.126099, 67.262383,10.150500, 240.319351, 0.999990
5, 363,26,70.742981, 70.745354, 119.126099, 67.262383,10.150500, 240.319351, 0.999966
5, 363,27,52.889893, 52.891216, 119.126099, 67.262383,10.150500, 240.319351, 0.999975
5, 363,28,186.681061, 186.669098, 119.126099, 67.262383,10.150500, 240.319351, 1.000064
5, 363,29,240.319351, 240.302673, 119.126099, 67.262383,10.150500, 240.319351, 1.000069
5, 363,30,10.150500, 10.163734, 119.126099, 67.262383,10.150500, 240.319351, 0.998698
5, 363,31,170.568207, 170.566193, 119.126099, 67.262383,10.150500, 240.319351, 1.000012
5, 364,0,92.626343, 92.626427, 119.124199, 59.409245,13.754458, 202.028931, 0.999999
5, 364,1,73.620918, 73.619766, 119.124199, 59.409245,13.754458, 202.028931, 1.000016
5, 364,2,37.568150, 37.567585, 119.124199, 59.409245,13.754458, 202.028931, 1.000015
5, 364,3,199.760040, 199.761276, 119.124199, 59.409245,13.754458, 202.028931, 0.999994
5, 364,4,130.463638, 130.469467, 119.124199, 59.409245,13.754458, 202.028931, 0.999955
5, 364,5,138.220413, 138.214218, 119.124199, 59.409245,13.754458, 202.028931, 1.000045
5, 364,6,157.577423, 157.567322, 119.124199, 59.409245,13.754458, 202.028931, 1.000064
5, 364,7,202.028931, 202.027756, 119.124199, 59.409245,13.754458, 202.028931, 1.000006
5, 364,8,128.543274, 128.537674, 119.124199, 59.409245,13.754458, 202.028931, 1.000044
5, 364,9,125.256279, 125.261276, 119.124199, 59.409245,13.754458, 202.028931, 0.999960
5, 364,10,72.713753, 72.709648, 119.124199, 59.409245,13.754458, 202.028931, 1.000057
5, 364,11,20.944738, 20.956573, 119.124199, 59.409245,13.754458, 202.028931, 0.999435
5, 364,12,166.281540, 166.275024, 119.124199, 59.409245,13.754458, 202.028931, 1.000039
5, 364,13,39.246223, 39.258629, 119.124199, 59.409245,13.754458, 202.028931, 0.999684
5, 364,14,99.148727, 99.155746, 119.124199, 59.409245,13.754458, 202.028931, 0.999929
5, 364,15,124.121651, 124.128044, 119.124199, 59.409245,13.754458, 202.028931, 0.999949
5, 364,16,76.231956, 76.215050, 119.124199, 59.409245,13.754458, 202.028931, 1.000222
5, 364,17,43.747169, 43.744602, 119.124199, 59.409245,13.754458, 202.028931, 1.000059
5, 364,18,89.460709, 89.455711, 119.124199, 59.409245,13.754458, 202.028931, 1.000056
5, 364,19,20.510557, 20.510326, 119.124199, 59.409245,13.754458, 202.028931, 1.000011
5, 364,20,187.299271, 187.301559, 119.124199, 59.409245,13.754458, 202.028931, 0.999988
5, 364,21,179.403336, 179.404129, 119.124199, 59.409245,13.754458, 202.028931, 0.999996
5, 364,22,13.754458, 13.763754, 119.124199, 59.409245,13.754458, 202.028931, 0.999325
5, 364,23,196.593155, 196.602310, 119.124199, 59.409245,13.754458, 202.028931, 0.999953
5, 364,24,61.883499, 61.882252, 119.124199, 59.409245,13.754458, 202.028931, 1.000020
5, 364,25,136.612961, 136.611237, 119.124199, 59.409245,13.754458, 202.028931, 1.000013
5, 364,26,185.097183, 185.105545, 119.124199, 59.409245,13.754458, 202.028931, 0.999955
5, 364,27,117.756599, 117.751389, 119.124199, 59.409245,13.754458, 202.028931, 1.000044
5, 364,28,186.798233, 186.796585, 119.124199, 59.409245,13.754458, 202.028931, 1.000009
5, 364,29,170.800522, 170.807983, 119.124199, 59.409245,13.754458, 202.028931, 0.999956
5, 364,30,172.832962, 172.833694, 119.124199, 59.409245,13.754458, 202.028931, 0.999996
5, 364,31,165.069580, 165.077209, 119.124199, 59.409245,13.754458, 202.028931, 0.999954
5, 365,0,132.268829, 132.267426, 119.124634, 51.427181,25.800283, 196.124237, 1.000011
5, 365,1,113.378334, 113.383041, 119.124634, 51.427181,25.800283, 196.124237, 0.999958
5, 365,2,163.795624, 163.794830, 119.124634, 51.427181,25.800283, 196.124237, 1.000005
5, 365,3,83.282158, 83.286819, 119.124634, 51.427181,25.800283, 196.124237, 0.999944
5, 365,4,53.971813, 53.968525, 119.124634, 51.427181,25.800283, 196.124237, 1.000061
5, 365,5,60.052620, 60.049530, 119.124634, 51.427181,25.800283, 196.124237, 1.000051
5, 365,6,148.996826, 149.002075, 119.124634, 51.427181,25.800283, 196.124237, 0.999965
5, 365,7,73.163078, 73.173584, 119.124634, 51.427181,25.800283, 196.124237, 0.999856
5, 365,8,38.338604, 38.368134, 119.124634, 51.427181,25.800283, 196.124237, 0.999230
5, 365,9,94.589302, 94.587753, 119.124634, 51.427181,25.800283, 196.124237, 1.000016
5, 365,10,143.402313, 143.408020, 119.124634, 51.427181,25.800283, 196.124237, 0.999960
5, 365,11,196.124237, 196.123932, 119.124634, 51.427181,25.800283, 196.124237, 1.000002
5, 365,12,96.329910, 96.321785, 119.124634, 51.427181,25.800283, 196.124237, 1.000084
5, 365,13,101.652359, 101.642662, 119.124634, 51.427181,25.800283, 196.124237, 1.000095
5, 365,14,60.247543, 60.251438, 119.124634, 51.427181,25.800283, 196.124237, 0.999935
5, 365,15,162.170593, 162.185501, 119.124634, 51.427181,25.800283, 196.124237, 0.999908
5, 365,16,121.417328, 121.417809, 119.124634, 51.427181,25.800283, 196.124237, 0.999996
5, 365,17,118.554825, 118.555466, 119.124634, 51.427181,25.800283, 196.124237, 0.999995
5, 365,18,146.794495, 146.781067, 119.124634, 51.427181,25.800283, 196.124237, 1.000091
5, 365,19,195.054413, 195.049057, 119.124634, 51.427181,25.800283, 196.124237, 1.000027
5, 365,20,146.170898, 146.157516, 119.124634, 51.427181,25.800283, 196.124237, 1.000092
5, 365,21,174.900604, 174.881973, 119.124634, 51.427181,25.800283, 196.124237, 1.000107
5, 365,22,30.512005, 30.517458, 119.124634, 51.427181,25.800283, 196.124237, 0.999821
5, 365,23,25.800283, 25.796364, 119.124634, 51.427181,25.800283, 196.124237, 1.000152
5, 365,24,174.355148, 174.341568, 119.124634, 51.427181,25.800283, 196.124237, 1.000078
5, 365,25,41.092693, 41.099834, 119.124634, 51.427181,25.800283, 196.124237, 0.999826
5, 365,26,178.524109, 178.522247, 119.124634, 51.427181,25.800283, 196.124237, 1.000010
5, 365,27,182.505066, 182.524796, 119.124634, 51.427181,25.800283, 196.124237, 0.999892
5, 365,28,130.977097, 130.984711, 119.124634, 51.427181,25.800283, 196.124237, 0.999942
5, 365,29,181.775696, 181.758728, 119.124634, 51.427181,25.800283, 196.124237, 1.000093
5, 365,30,132.596619, 132.599976, 119.124634, 51.427181,25.800283, 196.124237, 0.999975
5, 365,31,109.192711, 109.196419, 119.124634, 51.427181,25.800283, 196.124237, 0.999966
5, 366,0,180.668839, 180.674194, 119.125328, 65.471664,14.079234, 205.200790, 0.999970
5, 366,1,51.997368, 52.006847, 119.125328, 65.471664,14.079234, 205.200790, 0.999818
5, 366,2,45.729900, 45.734932, 119.125328, 65.471664,14.079234, 205.200790, 0.999890
5, 366,3,199.946823, 199.940079, 119.125328, 65.471664,14.079234, 205.200790, 1.000034
5, 366,4,193.789429, 193.794205, 119.125328, 65.471664,14.079234, 205.200790, 0.999975
5, 366,5,89.964767, 89.956451, 119.125328, 65.471664,14.079234, 205.200790, 1.000092
5, 366,6,75.271942, 75.257957, 119.125328, 65.471664,14.079234, 205.200790, 1.000186
5, 366,7,128.766922, 128.752319, 119.125328, 65.471664,14.079234, 205.200790, 1.000113
5, 366,8,192.720779, 192.707886, 119.125328, 65.471664,14.079234, 205.200790, 1.000067
5, 366,9,44.553810, 44.552567, 119.125328, 65.471664,14.079234, 205.200790, 1.000028
5, 366,10,75.109573, 75.113914, 119.125328, 65.471664,14.079234, 205.200790, 0.999942
5, 366,11,205.200790, 205.215698, 119.125328, 65.471664,14.079234, 205.200790, 0.999927
5, 366,12,144.266754, 144.285080, 119.125328, 65.471664,14.079234, 205.200790, 0.999873
5, 366,13,189.683044, 189.682968, 119.125328, 65.471664,14.079234, 205.200790, 1.000000
5, 366,14,175.206726, 175.194519, 119.125328, 65.471664,14.079234, 205.200790, 1.000070
5, 366,15,36.690311, 36.702168, 119.125328, 65.471664,14.079234, 205.200790, 0.999677
5, 366,16,153.642014, 153.647934, 119.125328, 65.471664,14.079234, 205.200790, 0.999961
5, 366,17,183.217270, 183.200974, 119.125328, 65.471664,14.079234, 205.200790, 1.000089
5, 366,18,203.956497, 203.967331, 119.125328, 65.471664,14.079234, 205.200790, 0.999947
5, 366,19,93.321236, 93.323486, 119.125328, 65.471664,14.079234, 205.200790, 0.999976
5, 366,20,25.522879, 25.520748, 119.125328, 65.471664,14.079234, 205.200790, 1.000083
5, 366,21,14.079234, 14.081248, 119.125328, 65.471664,14.079234, 205.200790, 0.999857
5, 366,22,116.625420, 116.628616, 119.125328, 65.471664,14.079234, 205.200790, 0.999973
5, 366,23,54.780617, 54.791698, 119.125328, 65.471664,14.079234, 205.200790, 0.999798
5, 366,24,19.841805, 19.849010, 119.125328, 65.471664,14.079234, 205.200790, 0.999637
5, 366,25,120.288414, 120.283722, 119.125328, 65.471664,14.079234, 205.200790, 1.000039
5, 366,26,157.807343, 157.789200, 119.125328, 65.471664,14.079234, 205.200790, 1.000115
5, 366,27,116.944092, 116.934700, 119.125328, 65.471664,14.079234, 205.200790, 1.000080
5, 366,28,201.839264, 201.848679, 119.125328, 65.471664,14.079234, 205.200790, 0.999953
5, 366,29,19.670435, 19.650951, 119.125328, 65.471664,14.079234, 205.200790, 1.000991
5, 366,30,174.894897, 174.894440, 119.125328, 65.471664,14.079234, 205.200790, 1.000003
5, 366,31,126.010880, 126.015480, 119.125328, 65.471664,14.079234, 205.200790, 0.999964
5, 367,0,16.317659, 16.310415, 119.123962, 80.560707,10.814134, 242.190445, 1.000444
5, 367,1,240.823654, 240.831711, 119.123962, 80.560707,10.814134, 242.190445, 0.999967
5, 367,2,180.092072, 180.103745, 119.123962, 80.560707,10.814134, 242.190445, 0.999935
5, 367,3,188.728424, 188.726334, 119.123962, 80.560707,10.814134, 242.190445, 1.000011
5, 367,4,234.503693, 234.499954, 119.123962, 80.560707,10.814134, 242.190445, 1.000016
5, 367,5,180.389359, 180.388321, 119.123962, 80.560707,10.814134, 242.190445, 1.000006
5, 367,6,14.674073, 14.667004, 119.123962, 80.560707,10.814134, 242.190445, 1.000482
5, 367,7,216.009247, 216.009796, 119.123962, 80.560707,10.814134, 242.190445, 0.999997
5, 367,8,26.679024, 26.676001, 119.123962, 80.560707,10.814134, 242.190445, 1.000113
5, 367,9,185.977951, 185.980194, 119.123962, 80.560707,10.814134, 242.190445, 0.999988
5, 367,10,176.423584, 176.418518, 119.123962, 80.560707,10.814134, 242.190445, 1.000029
5, 367,11,24.256388, 24.242899, 119.123962, 80.560707,10.814134, 242.190445, 1.000556
5, 367,12,31.591421, 31.584892, 119.123962, 80.560707,10.814134, 242.190445, 1.000207
5, 367,13,19.758291, 19.753754, 119.123962, 80.560707,10.814134, 242.190445, 1.000230
5, 367,14,190.265640, 190.263016, 119.123962, 80.560707,10.814134, 242.190445, 1.000014
5, 367,15,59.000641, 59.003540, 119.123962, 80.560707,10.814134, 242.190445, 0.999951
5, 367,16,103.216728, 103.226242, 119.123962, 80.560707,10.814134, 242.190445, 0.999908
5, 367,17,160.826065, 160.830994, 119.123962, 80.560707,10.814134, 242.190445, 0.999969
5, 367,18,10.814134, 10.825263, 119.123962, 80.560707,10.814134, 242.190445, 0.998972
5, 367,19,126.854454, 126.852959, 119.123962, 80.560707,10.814134, 242.190445, 1.000012
5, 367,20,62.104557, 62.112503, 119.123962, 80.560707,10.814134, 242.190445, 0.999872
5, 367,21,46.805782, 46.809566, 119.123962, 80.560707,10.814134, 242.190445, 0.999919
5, 367,22,81.926559, 81.933044, 119.123962, 80.560707,10.814134, 242.190445, 0.999921
5, 367,23,178.607788, 178.609726, 119.123962, 80.560707,10.814134, 242.190445, 0.999989
5, 367,24,55.480858, 55.474831, 119.123962, 80.560707,10.814134, 242.190445, 1.000109
5, 367,25,52.948776, 52.963467, 119.123962, 80.560707,10.814134, 242.190445, 0.999723
5, 367,26,207.231567, 207.223587, 119.123962, 80.560707,10.814134, 242.190445, 1.000039
5, 367,27,229.782761, 229.783157, 119.123962, 80.560707,10.814134, 242.190445, 0.999998
5, 367,28,242.190445, 242.197662, 119.123962, 80.560707,10.814134, 242.190445, 0.999970
5, 367,29,135.260132, 135.269196, 119.123962, 80.560707,10.814134, 242.190445, 0.999933
5, 367,30,36.652348, 36.657410, 119.123962, 80.560707,10.814134, 242.190445, 0.999862
5, 367,31,95.772942, 95.770424, 119.123962, 80.560707,10.814134, 242.190445, 1.000026
5, 368,0,107.539879, 107.539474, 119.124214, 72.267532,31.233494, 257.826080, 1.000004
5, 368,1,73.516861, 73.502930, 119.124214, 72.267532,31.233494, 257.826080, 1.000190
5, 368,2,135.324371, 135.317719, 119.124214, 72.267532,31.233494, 257.826080, 1.000049
5, 368,3,215.174789, 215.177368, 119.124214, 72.267532,31.233494, 257.826080, 0.999988
5, 368,4,116.859482, 116.862251, 119.124214, 72.267532,31.233494, 257.826080, 0.999976
5, 368,5,41.865372, 41.869331, 119.124214, 72.267532,31.233494, 257.826080, 0.999905
5, 368,6,93.680283, 93.684563, 119.124214, 72.267532,31.233494, 257.826080, 0.999954
5, 368,7,195.287109, 195.292297, 119.124214, 72.267532,31.233494, 257.826080, 0.999973
5, 368,8,31.233494, 31.238617, 119.124214, 72.267532,31.233494, 257.826080, 0.999836
5, 368,9,230.890030, 230.880096, 119.124214, 72.267532,31.233494, 257.826080, 1.000043
5, 368,10,244.606659, 244.620941, 119.124214, 72.267532,31.233494, 257.826080, 0.999942
5, 368,11,32.154179, 32.151123, 119.124214, 72.267532,31.233494, 257.826080, 1.000095
5, 368,12,45.379566, 45.367279, 119.124214, 72.267532,31.233494, 257.826080, 1.000271
5, 368,13,184.082626, 184.083664, 119.124214, 72.267532,31.233494, 257.826080, 0.999994
5, 368,14,204.101654, 204.113205, 119.124214, 72.267532,31.233494, 257.826080, 0.999943
5, 368,15,33.046951, 33.048424, 119.124214, 72.267532,31.233494, 257.826080, 0.999955
5, 368,16,151.923950, 151.925369, 119.124214, 72.267532,31.233494, 257.826080, 0.999991
5, 368,17,45.208694, 45.199982, 119.124214, 72.267532,31.233494, 257.826080, 1.000193
5, 368,18,47.739716, 47.739796, 119.124214, 72.267532,31.233494, 257.826080, 0.999998
5, 368,19,70.695793, 70.696968, 119.124214, 72.267532,31.233494, 257.826080, 0.999983
5, 368,20,60.835693, 60.841888, 119.124214, 72.267532,31.233494, 257.826080, 0.999898
5, 368,21,84.016617, 84.019585, 119.124214, 72.267532,31.233494, 257.826080, 0.999965
5, 368,22,144.459015, 144.457993, 119.124214, 72.267532,31.233494, 257.826080, 1.000007
5, 368,23,112.835678, 112.839622, 119.124214, 72.267532,31.233494, 257.826080, 0.999965
5, 368,24,257.826080, 257.829468, 119.124214, 72.267532,31.233494, 257.826080, 0.999987
5, 368,25,43.690411, 43.686745, 119.124214, 72.267532,31.233494, 257.826080, 1.000084
5, 368,26,31.272251, 31.276638, 119.124214, 72.267532,31.233494, 257.826080, 0.999860
5, 368,27,141.163010, 141.165375, 119.124214, 72.267532,31.233494, 257.826080, 0.999983
5, 368,28,160.873688, 160.875549, 119.124214, 72.267532,31.233494, 257.826080, 0.999988
5, 368,29,217.113541, 217.116440, 119.124214, 72.267532,31.233494, 257.826080, 0.999987
5, 368,30,73.989815, 73.997208, 119.124214, 72.267532,31.233494, 257.826080, 0.999900
5, 368,31,183.587112, 183.581787, 119.124214, 72.267532,31.233494, 257.826080, 1.000029
5, 369,0,150.176620, 150.164230, 119.125847, 64.191406,11.764026, 224.184845, 1.000082
5, 369,1,49.231617, 49.221081, 119.125847, 64.191406,11.764026, 224.184845, 1.000214
5, 369,2,58.586082, 58.593765, 119.125847, 64.191406,11.764026, 224.184845, 0.999869
5, 369,3,55.429893, 55.434578, 119.125847, 64.191406,11.764026, 224.184845, 0.999915
5, 369,4,86.407715, 86.403763, 119.125847, 64.191406,11.764026, 224.184845, 1.000046
5, 369,5,176.795151, 176.787903, 119.125847, 64.191406,11.764026, 224.184845, 1.000041
5, 369,6,223.138824, 223.146637, 119.125847, 64.191406,11.764026, 224.184845, 0.999965
5, 369,7,73.176262, 73.177139, 119.125847, 64.191406,11.764026, 224.184845, 0.999988
5, 369,8,200.808701, 200.809509, 119.125847, 64.191406,11.764026, 224.184845, 0.999996
5, 369,9,24.126249, 24.111462, 119.125847, 64.191406,11.764026, 224.184845, 1.000613
5, 369,10,177.128693, 177.128723, 119.125847, 64.191406,11.764026, 224.184845, 1.000000
5, 369,11,17.363136, 17.367062, 119.125847, 64.191406,11.764026, 224.184845, 0.999774
5, 369,12,54.270859, 54.261356, 119.125847, 64.191406,11.764026, 224.184845, 1.000175
5, 369,13,11.764026, 11.769668, 119.125847, 64.191406,11.764026, 224.184845, 0.999521
5, 369,14,167.760895, 167.756042, 119.125847, 64.191406,11.764026, 224.184845, 1.000029
5, 369,15,96.145859, 96.143494, 119.125847, 64.191406,11.764026, 224.184845, 1.000025
5, 369,16,146.224060, 146.218536, 119.125847, 64.191406,11.764026, 224.184845, 1.000038
5, 369,17,102.172279, 102.166916, 119.125847, 64.191406,11.764026, 224.184845, 1.000052
5, 369,18,113.730888, 113.728745, 119.125847, 64.191406,11.764026, 224.184845, 1.000019
5, 369,19,169.290955, 169.296310, 119.125847, 64.191406,11.764026, 224.184845, 0.999968
5, 369,20,224.184845, 224.188782, 119.125847, 64.191406,11.764026, 224.184845, 0.999982
5, 369,21,172.769257, 172.757004, 119.125847, 64.191406,11.764026, 224.184845, 1.000071
5, 369,22,123.097420, 123.094879, 119.125847, 64.191406,11.764026, 224.184845, 1.000021
5, 369,23,154.391113, 154.391785, 119.125847, 64.191406,11.764026, 224.184845, 0.999996
5, 369,24,132.417877, 132.421677, 119.125847, 64.191406,11.764026, 224.184845, 0.999971
5, 369,25,74.305115, 74.317589, 119.125847, 64.191406,11.764026, 224.184845, 0.999832
5, 369,26,23.243002, 23.246290, 119.125847, 64.191406,11.764026, 224.184845, 0.999859
5, 369,27,175.031555, 175.044449, 119.125847, 64.191406,11.764026, 224.184845, 0.999926
5, 369,28,145.791962, 145.785950, 119.125847, 64.191406,11.764026, 224.184845, 1.000041
5, 369,29,159.375458, 159.373062, 119.125847, 64.191406,11.764026, 224.184845, 1.000015
5, 369,30,57.503746, 57.505749, 119.125847, 64.191406,11.764026, 224.184845, 0.999965
5, 369,31,216.186996, 216.185959, 119.125847, 64.191406,11.764026, 224.184845, 1.000005
5, 370,0,234.801971, 234.805527, 119.128647, 69.176041,15.737377, 234.801971, 0.999985
5, 370,1,190.593582, 190.592026, 119.128647, 69.176041,15.737377, 234.801971, 1.000008
5, 370,2,79.491585, 79.480545, 119.128647, 69.176041,15.737377, 234.801971, 1.000139
5, 370,3,19.337692, 19.333546, 119.128647, 69.176041,15.737377, 234.801971, 1.000214
5, 370,4,176.684402, 176.682312, 119.128647, 69.176041,15.737377, 234.801971, 1.000012
5, 370,5,43.922226, 43.928493, 119.128647, 69.176041,15.737377, 234.801971, 0.999857
5, 370,6,222.587326, 222.587341, 119.128647, 69.176041,15.737377, 234.801971, 1.000000
5, 370,7,53.856544, 53.843498, 119.128647, 69.176041,15.737377, 234.801971, 1.000242
5, 370,8,209.325409, 209.311966, 119.128647, 69.176041,15.737377, 234.801971, 1.000064
5, 370,9,150.865784, 150.864044, 119.128647, 69.176041,15.737377, 234.801971, 1.000012
5, 370,10,169.287262, 169.289490, 119.128647, 69.176041,15.737377, 234.801971, 0.999987
5, 370,11,229.445526, 229.428925, 119.128647, 69.176041,15.737377, 234.801971, 1.000072
5, 370,12,150.199814, 150.191971, 119.128647, 69.176041,15.737377, 234.801971, 1.000052
5, 370,13,103.086983, 103.093803, 119.128647, 69.176041,15.737377, 234.801971, 0.999934
5, 370,14,176.574005, 176.569046, 119.128647, 69.176041,15.737377, 234.801971, 1.000028
5, 370,15,80.686394, 80.681221, 119.128647, 69.176041,15.737377, 234.801971, 1.000064
5, 370,16,107.707169, 107.707710, 119.128647, 69.176041,15.737377, 234.801971, 0.999995
5, 370,17,98.487282, 98.472343, 119.128647, 69.176041,15.737377, 234.801971, 1.000152
5, 370,18,185.032242, 185.026627, 119.128647, 69.176041,15.737377, 234.801971, 1.000030
5, 370,19,39.175854, 39.171104, 119.128647, 69.176041,15.737377, 234.801971, 1.000121
5, 370,20,130.336411, 130.331757, 119.128647, 69.176041,15.737377, 234.801971, 1.000036
5, 370,21,44.882549, 44.887524, 119.128647, 69.176041,15.737377, 234.801971, 0.999889
5, 370,22,187.404388, 187.405319, 119.128647, 69.176041,15.737377, 234.801971, 0.999995
5, 370,23,111.332703, 111.332397, 119.128647, 69.176041,15.737377, 234.801971, 1.000003
5, 370,24,121.092392, 121.081276, 119.128647, 69.176041,15.737377, 234.801971, 1.000092
5, 370,25,95.185898, 95.195038, 119.128647, 69.176041,15.737377, 234.801971, 0.999904
5, 370,26,15.737377, 15.731522, 119.128647, 69.176041,15.737377, 234.801971, 1.000372
5, 370,27,53.091038, 53.073257, 119.128647, 69.176041,15.737377, 234.801971, 1.000335
5, 370,28,210.642853, 210.641022, 119.128647, 69.176041,15.737377, 234.801971, 1.000009
5, 370,29,53.651604, 53.639610, 119.128647, 69.176041,15.737377, 234.801971, 1.000224
5, 370,30,39.447868, 39.450508, 119.128647, 69.176041,15.737377, 234.801971, 0.999933
5, 370,31,28.162924, 28.168697, 119.128647, 69.176041,15.737377, 234.801971, 0.999795
5, 371,0,146.470551, 146.459915, 119.124756, 47.821072,22.107866, 207.862167, 1.000073
5, 371,1,140.447006, 140.438431, 119.124756, 47.821072,22.107866, 207.862167, 1.000061
5, 371,2,154.806183, 154.817154, 119.124756, 47.821072,22.107866, 207.862167, 0.999929
5, 371,3,100.497116, 100.498169, 119.124756, 47.821072,22.107866, 207.862167, 0.999990
5, 371,4,54.990013, 54.982231, 119.124756, 47.821072,22.107866, 207.862167, 1.000142
5, 371,5,205.662384, 205.657623, 119.124756, 47.821072,22.107866, 207.862167, 1.000023
5, 371,6,207.862167, 207.855255, 119.124756, 47.821072,22.107866, 207.862167, 1.000033
5, 371,7,126.405128, 126.405029, 119.124756, 47.821072,22.107866, 207.862167, 1.000001
5, 371,8,126.696762, 126.693848, 119.124756, 47.821072,22.107866, 207.862167, 1.000023
5, 371,9,103.614136, 103.618797, 119.124756, 47.821072,22.107866, 207.862167, 0.999955
5, 371,10,136.480087, 136.482697, 119.124756, 47.821072,22.107866, 207.862167, 0.999981
5, 371,11,147.262985, 147.257339, 119.124756, 47.821072,22.107866, 207.862167, 1.000038
5, 371,12,94.572456, 94.577141, 119.124756, 47.821072,22.107866, 207.862167, 0.999950
5, 371,13,110.676254, 110.676308, 119.124756, 47.821072,22.107866, 207.862167, 1.000000
5, 371,14,171.448578, 171.437485, 119.124756, 47.821072,22.107866, 207.862167, 1.000065
5, 371,15,97.846992, 97.861015, 119.124756, 47.821072,22.107866, 207.862167, 0.999857
5, 371,16,22.107866, 22.099491, 119.124756, 47.821072,22.107866, 207.862167, 1.000379
5, 371,17,124.111969, 124.119484, 119.124756, 47.821072,22.107866, 207.862167, 0.999939
5, 371,18,49.109608, 49.105152, 119.124756, 47.821072,22.107866, 207.862167, 1.000091
5, 371,19,118.166939, 118.173340, 119.124756, 47.821072,22.107866, 207.862167, 0.999946
5, 371,20,104.709953, 104.730164, 119.124756, 47.821072,22.107866, 207.862167, 0.999807
5, 371,21,77.620567, 77.624039, 119.124756, 47.821072,22.107866, 207.862167, 0.999955
5, 371,22,157.021408, 157.014786, 119.124756, 47.821072,22.107866, 207.862167, 1.000042
5, 371,23,22.984797, 22.978540, 119.124756, 47.821072,22.107866, 207.862167, 1.000272
5, 371,24,126.264099, 126.266876, 119.124756, 47.821072,22.107866, 207.862167, 0.999978
5, 371,25,157.785461, 157.774536, 119.124756, 47.821072,22.107866, 207.862167, 1.000069
5, 371,26,189.893204, 189.897522, 119.124756, 47.821072,22.107866, 207.862167, 0.999977
5, 371,27,67.526543, 67.533798, 119.124756, 47.821072,22.107866, 207.862167, 0.999893
5, 371,28,170.944443, 170.947723, 119.124756, 47.821072,22.107866, 207.862167, 0.999981
5, 371,29,133.684433, 133.688583, 119.124756, 47.821072,22.107866, 207.862167, 0.999969
5, 371,30,54.872910, 54.881767, 119.124756, 47.821072,22.107866, 207.862167, 0.999839
5, 371,31,109.449043, 109.445641, 119.124756, 47.821072,22.107866, 207.862167, 1.000031
5, 372,0,212.881500, 212.888016, 119.123192, 61.256382,19.185877, 243.686646, 0.999969
5, 372,1,111.520416, 111.518860, 119.123192, 61.256382,19.185877, 243.686646, 1.000014
5, 372,2,56.376804, 56.384453, 119.123192, 61.256382,19.185877, 243.686646, 0.999864
5, 372,3,153.995911, 154.011124, 119.123192, 61.256382,19.185877, 243.686646, 0.999901
5, 372,4,189.812851, 189.834259, 119.123192, 61.256382,19.185877, 243.686646, 0.999887
5, 372,5,69.052071, 69.064011, 119.123192, 61.256382,19.185877, 243.686646, 0.999827
5, 372,6,128.160172, 128.165466, 119.123192, 61.256382,19.185877, 243.686646, 0.999959
5, 372,7,50.284790, 50.291676, 119.123192, 61.256382,19.185877, 243.686646, 0.999863
5, 372,8,86.130608, 86.137268, 119.123192, 61.256382,19.185877, 243.686646, 0.999923
5, 372,9,147.861771, 147.858459, 119.123192, 61.256382,19.185877, 243.686646, 1.000022
5, 372,10,113.955086, 113.958961, 119.123192, 61.256382,19.185877, 243.686646, 0.999966
5, 372,11,114.797569, 114.797279, 119.123192, 61.256382,19.185877, 243.686646, 1.000003
5, 372,12,214.456650, 214.459869, 119.123192, 61.256382,19.185877, 243.686646, 0.999985
5, 372,13,87.390633, 87.394753, 119.123192, 61.256382,19.185877, 243.686646, 0.999953
5, 372,14,111.771049, 111.765862, 119.123192, 61.256382,19.185877, 243.686646, 1.000046
5, 372,15,19.185877, 19.184078, 119.123192, 61.256382,19.185877, 243.686646, 1.000094
5, 372,16,68.738342, 68.742172, 119.123192, 61.256382,19.185877, 243.686646, 0.999944
5, 372,17,115.453552, 115.440987, 119.123192, 61.256382,19.185877, 243.686646, 1.000109
5, 372,18,243.686646, 243.696213, 119.123192, 61.256382,19.185877, 243.686646, 0.999961
5, 372,19,46.820129, 46.818642, 119.123192, 61.256382,19.185877, 243.686646, 1.000032
5, 372,20,160.892548, 160.882339, 119.123192, 61.256382,19.185877, 243.686646, 1.000063
5, 372,21,128.768478, 128.756775, 119.123192, 61.256382,19.185877, 243.686646, 1.000091
5, 372,22,78.495003, 78.502586, 119.123192, 61.256382,19.185877, 243.686646, 0.999903
5, 372,23,157.881958, 157.880859, 119.123192, 61.256382,19.185877, 243.686646, 1.000007
5, 372,24,73.464081, 73.457710, 119.123192, 61.256382,19.185877, 243.686646, 1.000087
5, 372,25,169.651077, 169.662216, 119.123192, 61.256382,19.185877, 243.686646, 0.999934
5, 372,26,53.208042, 53.195850, 119.123192, 61.256382,19.185877, 243.686646, 1.000229
5, 372,27,170.085602, 170.096359, 119.123192, 61.256382,19.185877, 243.686646, 0.999937
5, 372,28,32.935173, 32.941483, 119.123192, 61.256382,19.185877, 243.686646, 0.999808
5, 372,29,151.912201, 151.915329, 119.123192, 61.256382,19.185877, 243.686646, 0.999979
5, 372,30,241.205643, 241.196213, 119.123192, 61.256382,19.185877, 243.686646, 1.000039
5, 372,31,51.109882, 51.100052, 119.123192, 61.256382,19.185877, 243.686646, 1.000192
5, 373,0,173.601242, 173.600876, 119.126266, 69.082527,21.899353, 237.813843, 1.000002
5, 373,1,94.333969, 94.334740, 119.126266, 69.082527,21.899353, 237.813843, 0.999992
5, 373,2,29.711142, 29.703402, 119.126266, 69.082527,21.899353, 237.813843, 1.000261
5, 373,3,165.149109, 165.148605, 119.126266, 69.082527,21.899353, 237.813843, 1.000003
5, 373,4,207.586044, 207.584015, 119.126266, 69.082527,21.899353, 237.813843, 1.000010
5, 373,5,80.882339, 80.876541, 119.126266, 69.082527,21.899353, 237.813843, 1.000072
5, 373,6,182.876831, 182.867752, 119.126266, 69.082527,21.899353, 237.813843, 1.000050
5, 373,7,57.521767, 57.517921, 119.126266, 69.082527,21.899353, 237.813843, 1.000067
5, 373,8,141.974106, 141.971008, 119.126266, 69.082527,21.899353, 237.813843, 1.000022
5, 373,9,126.533005, 126.521599, 119.126266, 69.082527,21.899353, 237.813843, 1.000090
5, 373,10,114.933342, 114.943230, 119.126266, 69.082527,21.899353, 237.813843, 0.999914
5, 373,11,67.155869, 67.160751, 119.126266, 69.082527,21.899353, 237.813843, 0.999927
5, 373,12,200.375336, 200.378006, 119.126266, 69.082527,21.899353, 237.813843, 0.999987
5, 373,13,33.767445, 33.769402, 119.126266, 69.082527,21.899353, 237.813843, 0.999942
5, 373,14,25.096418, 25.101299, 119.126266, 69.082527,21.899353, 237.813843, 0.999806
5, 373,15,206.256104, 206.261169, 119.126266, 69.082527,21.899353, 237.813843, 0.999975
5, 373,16,228.303940, 228.283035, 119.126266, 69.082527,21.899353, 237.813843, 1.000092
5, 373,17,49.683014, 49.685291, 119.126266, 69.082527,21.899353, 237.813843, 0.999954
5, 373,18,163.671173, 163.672592, 119.126266, 69.082527,21.899353, 237.813843, 0.999991
5, 373,19,57.226257, 57.225502, 119.126266, 69.082527,21.899353, 237.813843, 1.000013
5, 373,20,136.029663, 136.018219, 119.126266, 69.082527,21.899353, 237.813843, 1.000084
5, 373,21,21.899353, 21.891663, 119.126266, 69.082527,21.899353, 237.813843, 1.000351
5, 373,22,84.717697, 84.719749, 119.126266, 69.082527,21.899353, 237.813843, 0.999976
5, 373,23,130.974243, 130.984467, 119.126266, 69.082527,21.899353, 237.813843, 0.999922
5, 373,24,72.977318, 72.981262, 119.126266, 69.082527,21.899353, 237.813843, 0.999946
5, 373,25,45.025379, 45.020531, 119.126266, 69.082527,21.899353, 237.813843, 1.000108
5, 373,26,43.170975, 43.175514, 119.126266, 69.082527,21.899353, 237.813843, 0.999895
5, 373,27,213.572998, 213.571625, 119.126266, 69.082527,21.899353, 237.813843, 1.000006
5, 373,28,55.190006, 55.185535, 119.126266, 69.082527,21.899353, 237.813843, 1.000081
5, 373,29,237.813843, 237.814468, 119.126266, 69.082527,21.899353, 237.813843, 0.999997
5, 373,30,209.126236, 209.122696, 119.126266, 69.082527,21.899353, 237.813843, 1.000017
5, 373,31,154.904083, 154.907013, 119.126266, 69.082527,21.899353, 237.813843, 0.999981
5, 374,0,21.057613, 21.076801, 119.123711, 56.716148,13.589652, 198.784592, 0.999090
5, 374,1,125.707870, 125.721352, 119.123711, 56.716148,13.589652, 198.784592, 0.999893
5, 374,2,89.816833, 89.817238, 119.123711, 56.716148,13.589652, 198.784592, 0.999995
5, 374,3,198.784592, 198.784607, 119.123711, 56.716148,13.589652, 198.784592, 1.000000
5, 374,4,44.194344, 44.194401, 119.123711, 56.716148,13.589652, 198.784592, 0.999999
5, 374,5,158.146286, 158.139343, 119.123711, 56.716148,13.589652, 198.784592, 1.000044
5, 374,6,66.396942, 66.390442, 119.123711, 56.716148,13.589652, 198.784592, 1.000098
5, 374,7,102.297134, 102.312744, 119.123711, 56.716148,13.589652, 198.784592, 0.999847
5, 374,8,73.724159, 73.726471, 119.123711, 56.716148,13.589652, 198.784592, 0.999969
5, 374,9,149.594650, 149.596802, 119.123711, 56.716148,13.589652, 198.784592, 0.999986
5, 374,10,162.635086, 162.637970, 119.123711, 56.716148,13.589652, 198.784592, 0.999982
5, 374,11,59.943413, 59.951706, 119.123711, 56.716148,13.589652, 198.784592, 0.999862
5, 374,12,73.593880, 73.587029, 119.123711, 56.716148,13.589652, 198.784592, 1.000093
5, 374,13,86.640755, 86.634247, 119.123711, 56.716148,13.589652, 198.784592, 1.000075
5, 374,14,88.852348, 88.853249, 119.123711, 56.716148,13.589652, 198.784592, 0.999990
5, 374,15,43.785736, 43.806374, 119.123711, 56.716148,13.589652, 198.784592, 0.999529
5, 374,16,136.509796, 136.482880, 119.123711, 56.716148,13.589652, 198.784592, 1.000197
5, 374,17,160.748779, 160.740295, 119.123711, 56.716148,13.589652, 198.784592, 1.000053
5, 374,18,146.411621, 146.413818, 119.123711, 56.716148,13.589652, 198.784592, 0.999985
5, 374,19,197.476212, 197.487152, 119.123711, 56.716148,13.589652, 198.784592, 0.999945
5, 374,20,164.972122, 164.972153, 119.123711, 56.716148,13.589652, 198.784592, 1.000000
5, 374,21,160.661652, 160.655426, 119.123711, 56.716148,13.589652, 198.784592, 1.000039
5, 374,22,195.096115, 195.092331, 119.123711, 56.716148,13.589652, 198.784592, 1.000019
5, 374,23,184.363861, 184.373230, 119.123711, 56.716148,13.589652, 198.784592, 0.999949
5, 374,24,162.928329, 162.922913, 119.123711, 56.716148,13.589652, 198.784592, 1.000033
5, 374,25,13.589652, 13.583137, 119.123711, 56.716148,13.589652, 198.784592, 1.000480
5, 374,26,140.244141, 140.241852, 119.123711, 56.716148,13.589652, 198.784592, 1.000016
5, 374,27,134.843643, 134.845917, 119.123711, 56.716148,13.589652, 198.784592, 0.999983
5, 374,28,100.466629, 100.481773, 119.123711, 56.716148,13.589652, 198.784592, 0.999849
5, 374,29,16.405773, 16.390230, 119.123711, 56.716148,13.589652, 198.784592, 1.000948
5, 374,30,158.047394, 158.048416, 119.123711, 56.716148,13.589652, 198.784592, 0.999994
5, 374,31,194.021439, 194.037399, 119.123711, 56.716148,13.589652, 198.784592, 0.999918
5, 375,0,216.450073, 216.440384, 119.125114, 65.728699,20.651949, 218.554825, 1.000045
5, 375,1,204.253983, 204.253754, 119.125114, 65.728699,20.651949, 218.554825, 1.000001
5, 375,2,179.325348, 179.329819, 119.125114, 65.728699,20.651949, 218.554825, 0.999975
5, 375,3,150.262833, 150.265930, 119.125114, 65.728699,20.651949, 218.554825, 0.999979
5, 375,4,33.885143, 33.893803, 119.125114, 65.728699,20.651949, 218.554825, 0.999745
5, 375,5,97.527313, 97.528542, 119.125114, 65.728699,20.651949, 218.554825, 0.999987
5, 375,6,160.894272, 160.897644, 119.125114, 65.728699,20.651949, 218.554825, 0.999979
5, 375,7,59.140041, 59.148151, 119.125114, 65.728699,20.651949, 218.554825, 0.999863
5, 375,8,199.589584, 199.589020, 119.125114, 65.728699,20.651949, 218.554825, 1.000003
5, 375,9,78.086533, 78.085670, 119.125114, 65.728699,20.651949, 218.554825, 1.000011
5, 375,10,20.651949, 20.657619, 119.125114, 65.728699,20.651949, 218.554825, 0.999726
5, 375,11,132.213379, 132.209534, 119.125114, 65.728699,20.651949, 218.554825, 1.000029
5, 375,12,31.917437, 31.917768, 119.125114, 65.728699,20.651949, 218.554825, 0.999990
5, 375,13,216.358322, 216.349686, 119.125114, 65.728699,20.651949, 218.554825, 1.000040
5, 375,14,57.087566, 57.074936, 119.125114, 65.728699,20.651949, 218.554825, 1.000221
5, 375,15,174.123749, 174.114395, 119.125114, 65.728699,20.651949, 218.554825, 1.000054
5, 375,16,33.644176, 33.647606, 119.125114, 65.728699,20.651949, 218.554825, 0.999898
5, 375,17,209.016022, 209.015671, 119.125114, 65.728699,20.651949, 218.554825, 1.000002
5, 375,18,218.554825, 218.565414, 119.125114, 65.728699,20.651949, 218.554825, 0.999952
5, 375,19,145.637741, 145.640091, 119.125114, 65.728699,20.651949, 218.554825, 0.999984
5, 375,20,161.274734, 161.279907, 119.125114, 65.728699,20.651949, 218.554825, 0.999968
5, 375,21,139.462143, 139.465790, 119.125114, 65.728699,20.651949, 218.554825, 0.999974
5, 375,22,78.060188, 78.059753, 119.125114, 65.728699,20.651949, 218.554825, 1.000006
5, 375,23,54.335579, 54.327927, 119.125114, 65.728699,20.651949, 218.554825, 1.000141
5, 375,24,73.377541, 73.388550, 119.125114, 65.728699,20.651949, 218.554825, 0.999850
5, 375,25,183.692123, 183.683578, 119.125114, 65.728699,20.651949, 218.554825, 1.000046
5, 375,26,60.131130, 60.132931, 119.125114, 65.728699,20.651949, 218.554825, 0.999970
5, 375,27,120.935036, 120.923477, 119.125114, 65.728699,20.651949, 218.554825, 1.000096
5, 375,28,37.940071, 37.936573, 119.125114, 65.728699,20.651949, 218.554825, 1.000092
5, 375,29,37.979038, 37.981922, 119.125114, 65.728699,20.651949, 218.554825, 0.999924
5, 375,30,106.112823, 106.112953, 119.125114, 65.728699,20.651949, 218.554825, 0.999999
5, 375,31,140.082840, 140.081284, 119.125114, 65.728699,20.651949, 218.554825, 1.000011
5, 376,0,10.580464, 10.580504, 119.124405, 80.041557,10.580464, 243.128052, 0.999996
5, 376,1,12.686207, 12.679250, 119.124405, 80.041557,10.580464, 243.128052, 1.000549
5, 376,2,154.502106, 154.493423, 119.124405, 80.041557,10.580464, 243.128052, 1.000056
5, 376,3,35.732403, 35.743122, 119.124405, 80.041557,10.580464, 243.128052, 0.999700
5, 376,4,23.365076, 23.359035, 119.124405, 80.041557,10.580464, 243.128052, 1.000259
5, 376,5,121.751862, 121.754478, 119.124405, 80.041557,10.580464, 243.128052, 0.999978
5, 376,6,216.167130, 216.168259, 119.124405, 80.041557,10.580464, 243.128052, 0.999995
5, 376,7,92.456757, 92.461349, 119.124405, 80.041557,10.580464, 243.128052, 0.999950
5, 376,8,23.978907, 23.961868, 119.124405, 80.041557,10.580464, 243.128052, 1.000711
5, 376,9,90.239105, 90.236084, 119.124405, 80.041557,10.580464, 243.128052, 1.000033
5, 376,10,171.775085, 171.782028, 119.124405, 80.041557,10.580464, 243.128052, 0.999960
5, 376,11,107.613655, 107.606560, 119.124405, 80.041557,10.580464, 243.128052, 1.000066
5, 376,12,230.179565, 230.189651, 119.124405, 80.041557,10.580464, 243.128052, 0.999956
5, 376,13,243.128052, 243.124481, 119.124405, 80.041557,10.580464, 243.128052, 1.000015
5, 376,14,134.774872, 134.778595, 119.124405, 80.041557,10.580464, 243.128052, 0.999972
5, 376,15,11.469611, 11.481030, 119.124405, 80.041557,10.580464, 243.128052, 0.999005
5, 376,16,161.090027, 161.087357, 119.124405, 80.041557,10.580464, 243.128052, 1.000017
5, 376,17,69.609779, 69.613312, 119.124405, 80.041557,10.580464, 243.128052, 0.999949
5, 376,18,60.647163, 60.652702, 119.124405, 80.041557,10.580464, 243.128052, 0.999909
5, 376,19,156.891891, 156.889862, 119.124405, 80.041557,10.580464, 243.128052, 1.000013
5, 376,20,173.502655, 173.508636, 119.124405, 80.041557,10.580464, 243.128052, 0.999966
5, 376,21,228.254395, 228.262100, 119.124405, 80.041557,10.580464, 243.128052, 0.999966
5, 376,22,224.422058, 224.414398, 119.124405, 80.041557,10.580464, 243.128052, 1.000034
5, 376,23,160.849136, 160.864090, 119.124405, 80.041557,10.580464, 243.128052, 0.999907
5, 376,24,211.848129, 211.851700, 119.124405, 80.041557,10.580464, 243.128052, 0.999983
5, 376,25,231.539230, 231.544174, 119.124405, 80.041557,10.580464, 243.128052, 0.999979
5, 376,26,27.771738, 27.779799, 119.124405, 80.041557,10.580464, 243.128052, 0.999710
5, 376,27,75.153847, 75.142982, 119.124405, 80.041557,10.580464, 243.128052, 1.000145
5, 376,28,107.197304, 107.204666, 119.124405, 80.041557,10.580464, 243.128052, 0.999931
5, 376,29,17.601835, 17.591208, 119.124405, 80.041557,10.580464, 243.128052, 1.000604
5, 376,30,20.821655, 20.821192, 119.124405, 80.041557,10.580464, 243.128052, 1.000022
5, 376,31,204.378830, 204.372116, 119.124405, 80.041557,10.580464, 243.128052, 1.000033
5, 377,0,28.369484, 28.394196, 119.127373, 60.732780,11.652009, 219.591660, 0.999130
5, 377,1,72.214622, 72.204895, 119.127373, 60.732780,11.652009, 219.591660, 1.000135
5, 377,2,170.291443, 170.285858, 119.127373, 60.732780,11.652009, 219.591660, 1.000033
5, 377,3,138.484482, 138.483093, 119.127373, 60.732780,11.652009, 219.591660, 1.000010
5, 377,4,67.379410, 67.373444, 119.127373, 60.732780,11.652009, 219.591660, 1.000089
5, 377,5,75.795898, 75.796356, 119.127373, 60.732780,11.652009, 219.591660, 0.999994
5, 377,6,147.018661, 147.021667, 119.127373, 60.732780,11.652009, 219.591660, 0.999980
5, 377,7,40.533482, 40.556335, 119.127373, 60.732780,11.652009, 219.591660, 0.999436
5, 377,8,216.647812, 216.647202, 119.127373, 60.732780,11.652009, 219.591660, 1.000003
5, 377,9,109.562309, 109.552246, 119.127373, 60.732780,11.652009, 219.591660, 1.000092
5, 377,10,140.885773, 140.892395, 119.127373, 60.732780,11.652009, 219.591660, 0.999953
5, 377,11,206.509140, 206.508881, 119.127373, 60.732780,11.652009, 219.591660, 1.000001
5, 377,12,82.500381, 82.490997, 119.127373, 60.732780,11.652009, 219.591660, 1.000114
5, 377,13,159.867752, 159.864838, 119.127373, 60.732780,11.652009, 219.591660, 1.000018
5, 377,14,92.924919, 92.918442, 119.127373, 60.732780,11.652009, 219.591660, 1.000070
5, 377,15,165.314270, 165.300217, 119.127373, 60.732780,11.652009, 219.591660, 1.000085
5, 377,16,179.653870, 179.653214, 119.127373, 60.732780,11.652009, 219.591660, 1.000004
5, 377,17,219.591660, 219.576904, 119.127373, 60.732780,11.652009, 219.591660, 1.000067
5, 377,18,150.086578, 150.086304, 119.127373, 60.732780,11.652009, 219.591660, 1.000002
5, 377,19,46.853519, 46.846214, 119.127373, 60.732780,11.652009, 219.591660, 1.000156
5, 377,20,195.380554, 195.374695, 119.127373, 60.732780,11.652009, 219.591660, 1.000030
5, 377,21,48.602573, 48.613037, 119.127373, 60.732780,11.652009, 219.591660, 0.999785
5, 377,22,41.354713, 41.340164, 119.127373, 60.732780,11.652009, 219.591660, 1.000352
5, 377,23,164.404297, 164.381470, 119.127373, 60.732780,11.652009, 219.591660, 1.000139
5, 377,24,163.354950, 163.347076, 119.127373, 60.732780,11.652009, 219.591660, 1.000048
5, 377,25,99.478943, 99.478157, 119.127373, 60.732780,11.652009, 219.591660, 1.000008
5, 377,26,11.652009, 11.657598, 119.127373, 60.732780,11.652009, 219.591660, 0.999521
5, 377,27,133.427353, 133.413940, 119.127373, 60.732780,11.652009, 219.591660, 1.000100
5, 377,28,80.491783, 80.492889, 119.127373, 60.732780,11.652009, 219.591660, 0.999986
5, 377,29,166.864456, 166.855011, 119.127373, 60.732780,11.652009, 219.591660, 1.000057
5, 377,30,162.737579, 162.736710, 119.127373, 60.732780,11.652009, 219.591660, 1.000005
5, 377,31,33.841293, 33.855274, 119.127373, 60.732780,11.652009, 219.591660, 0.999587
5, 378,0,117.704193, 117.707947, 119.126175, 48.299175,38.433800, 192.528793, 0.999968
5, 378,1,192.528793, 192.509262, 119.126175, 48.299175,38.433800, 192.528793, 1.000101
5, 378,2,185.093170, 185.103973, 119.126175, 48.299175,38.433800, 192.528793, 0.999942
5, 378,3,109.530212, 109.525574, 119.126175, 48.299175,38.433800, 192.528793, 1.000042
5, 378,4,187.051010, 187.063873, 119.126175, 48.299175,38.433800, 192.528793, 0.999931
5, 378,5,138.307495, 138.306732, 119.126175, 48.299175,38.433800, 192.528793, 1.000005
5, 378,6,56.150894, 56.157284, 119.126175, 48.299175,38.433800, 192.528793, 0.999886
5, 378,7,111.921280, 111.931145, 119.126175, 48.299175,38.433800, 192.528793, 0.999912
5, 378,8,55.029171, 55.031635, 119.126175, 48.299175,38.433800, 192.528793, 0.999955
5, 378,9,62.232594, 62.231213, 119.126175, 48.299175,38.433800, 192.528793, 1.000022
5, 378,10,121.493332, 121.479149, 119.126175, 48.299175,38.433800, 192.528793, 1.000117
5, 378,11,87.652954, 87.646858, 119.126175, 48.299175,38.433800, 192.528793, 1.000069
5, 378,12,189.573822, 189.560867, 119.126175, 48.299175,38.433800, 192.528793, 1.000068
5, 378,13,177.639328, 177.624420, 119.126175, 48.299175,38.433800, 192.528793, 1.000084
5, 378,14,38.433800, 38.421185, 119.126175, 48.299175,38.433800, 192.528793, 1.000328
5, 378,15,78.810486, 78.801659, 119.126175, 48.299175,38.433800, 192.528793, 1.000112
5, 378,16,145.071014, 145.060623, 119.126175, 48.299175,38.433800, 192.528793, 1.000072
5, 378,17,63.800678, 63.813972, 119.126175, 48.299175,38.433800, 192.528793, 0.999792
5, 378,18,68.939232, 68.933670, 119.126175, 48.299175,38.433800, 192.528793, 1.000081
5, 378,19,146.570923, 146.557678, 119.126175, 48.299175,38.433800, 192.528793, 1.000090
5, 378,20,99.093803, 99.091896, 119.126175, 48.299175,38.433800, 192.528793, 1.000019
5, 378,21,71.019302, 71.013550, 119.126175, 48.299175,38.433800, 192.528793, 1.000081
5, 378,22,164.833954, 164.842300, 119.126175, 48.299175,38.433800, 192.528793, 0.999949
5, 378,23,143.009430, 143.015030, 119.126175, 48.299175,38.433800, 192.528793, 0.999961
5, 378,24,155.706787, 155.717133, 119.126175, 48.299175,38.433800, 192.528793, 0.999934
5, 378,25,63.372433, 63.374001, 119.126175, 48.299175,38.433800, 192.528793, 0.999975
5, 378,26,110.997147, 110.994057, 119.126175, 48.299175,38.433800, 192.528793, 1.000028
5, 378,27,53.984539, 53.980270, 119.126175, 48.299175,38.433800, 192.528793, 1.000079
5, 378,28,183.170105, 183.172668, 119.126175, 48.299175,38.433800, 192.528793, 0.999986
5, 378,29,116.655693, 116.662292, 119.126175, 48.299175,38.433800, 192.528793, 0.999943
5, 378,30,170.582886, 170.579117, 119.126175, 48.299175,38.433800, 192.528793, 1.000022
5, 378,31,146.077042, 146.089127, 119.126175, 48.299175,38.433800, 192.528793, 0.999917
5, 379,0,58.321899, 58.338848, 119.126472, 74.038475,18.008686, 229.417694, 0.999709
5, 379,1,18.008686, 17.991720, 119.126472, 74.038475,18.008686, 229.417694, 1.000943
5, 379,2,98.131401, 98.129974, 119.126472, 74.038475,18.008686, 229.417694, 1.000015
5, 379,3,66.472145, 66.477943, 119.126472, 74.038475,18.008686, 229.417694, 0.999913
5, 379,4,45.203884, 45.215816, 119.126472, 74.038475,18.008686, 229.417694, 0.999736
5, 379,5,134.686752, 134.678864, 119.126472, 74.038475,18.008686, 229.417694, 1.000059
5, 379,6,209.327621, 209.324066, 119.126472, 74.038475,18.008686, 229.417694, 1.000017
5, 379,7,220.513626, 220.511139, 119.126472, 74.038475,18.008686, 229.417694, 1.000011
5, 379,8,188.835861, 188.852402, 119.126472, 74.038475,18.008686, 229.417694, 0.999912
5, 379,9,22.103752, 22.091412, 119.126472, 74.038475,18.008686, 229.417694, 1.000559
5, 379,10,209.946793, 209.940353, 119.126472, 74.038475,18.008686, 229.417694, 1.000031
5, 379,11,35.202602, 35.207748, 119.126472, 74.038475,18.008686, 229.417694, 0.999854
5, 379,12,50.548843, 50.541397, 119.126472, 74.038475,18.008686, 229.417694, 1.000147
5, 379,13,107.235588, 107.233711, 119.126472, 74.038475,18.008686, 229.417694, 1.000018
5, 379,14,59.438236, 59.424061, 119.126472, 74.038475,18.008686, 229.417694, 1.000239
5, 379,15,191.384964, 191.391266, 119.126472, 74.038475,18.008686, 229.417694, 0.999967
5, 379,16,190.732925, 190.728088, 119.126472, 74.038475,18.008686, 229.417694, 1.000025
5, 379,17,229.170258, 229.172729, 119.126472, 74.038475,18.008686, 229.417694, 0.999989
5, 379,18,179.322174, 179.306564, 119.126472, 74.038475,18.008686, 229.417694, 1.000087
5, 379,19,156.813507, 156.811829, 119.126472, 74.038475,18.008686, 229.417694, 1.000011
5, 379,20,118.806564, 118.802612, 119.126472, 74.038475,18.008686, 229.417694, 1.000033
5, 379,21,109.754509, 109.765862, 119.126472, 74.038475,18.008686, 229.417694, 0.999897
5, 379,22,178.444046, 178.442413, 119.126472, 74.038475,18.008686, 229.417694, 1.000009
5, 379,23,62.381447, 62.378254, 119.126472, 74.038475,18.008686, 229.417694, 1.000051
5, 379,24,45.360565, 45.369888, 119.126472, 74.038475,18.008686, 229.417694, 0.999794
5, 379,25,51.062847, 51.063908, 119.126472, 74.038475,18.008686, 229.417694, 0.999979
5, 379,26,190.431000, 190.426636, 119.126472, 74.038475,18.008686, 229.417694, 1.000023
5, 379,27,229.417694, 229.400513, 119.126472, 74.038475,18.008686, 229.417694, 1.000075
5, 379,28,23.105404, 23.102936, 119.126472, 74.038475,18.008686, 229.417694, 1.000107
5, 379,29,28.087749, 28.086876, 119.126472, 74.038475,18.008686, 229.417694, 1.000031
5, 379,30,220.440613, 220.437454, 119.126472, 74.038475,18.008686, 229.417694, 1.000014
5, 379,31,83.353256, 83.352325, 119.126472, 74.038475,18.008686, 229.417694, 1.000011
5, 380,0,50.458622, 50.458950, 119.126572, 64.748909,24.915236, 227.731567, 0.999994
5, 380,1,65.235924, 65.221092, 119.126572, 64.748909,24.915236, 227.731567, 1.000227
5, 380,2,32.988785, 32.985123, 119.126572, 64.748909,24.915236, 227.731567, 1.000111
5, 380,3,55.807110, 55.814705, 119.126572, 64.748909,24.915236, 227.731567, 0.999864
5, 380,4,211.479935, 211.476517, 119.126572, 64.748909,24.915236, 227.731567, 1.000016
5, 380,5,61.684090, 61.704685, 119.126572, 64.748909,24.915236, 227.731567, 0.999666
5, 380,6,24.915236, 24.917675, 119.126572, 64.748909,24.915236, 227.731567, 0.999902
5, 380,7,86.076080, 86.069321, 119.126572, 64.748909,24.915236, 227.731567, 1.000079
5, 380,8,30.239996, 30.232855, 119.126572, 64.748909,24.915236, 227.731567, 1.000236
5, 380,9,207.315598, 207.304169, 119.126572, 64.748909,24.915236, 227.731567, 1.000055
5, 380,10,132.041046, 132.039551, 119.126572, 64.748909,24.915236, 227.731567, 1.000011
5, 380,11,84.432983, 84.419312, 119.126572, 64.748909,24.915236, 227.731567, 1.000162
5, 380,12,90.965355, 90.965233, 119.126572, 64.748909,24.915236, 227.731567, 1.000001
5, 380,13,136.954666, 136.948990, 119.126572, 64.748909,24.915236, 227.731567, 1.000041
5, 380,14,56.505844, 56.504463, 119.126572, 64.748909,24.915236, 227.731567, 1.000024
5, 380,15,137.735504, 137.753723, 119.126572, 64.748909,24.915236, 227.731567, 0.999868
5, 380,16,226.124771, 226.116928, 119.126572, 64.748909,24.915236, 227.731567, 1.000035
5, 380,17,184.636169, 184.623337, 119.126572, 64.748909,24.915236, 227.731567, 1.000069
5, 380,18,77.971291, 77.968056, 119.126572, 64.748909,24.915236, 227.731567, 1.000041
5, 380,19,104.908989, 104.909134, 119.126572, 64.748909,24.915236, 227.731567, 0.999999
5, 380,20,206.251755, 206.235703, 119.126572, 64.748909,24.915236, 227.731567, 1.000078
5, 380,21,227.731567, 227.726364, 119.126572, 64.748909,24.915236, 227.731567, 1.000023
5, 380,22,227.170990, 227.165085, 119.126572, 64.748909,24.915236, 227.731567, 1.000026
5, 380,23,129.183807, 129.192612, 119.126572, 64.748909,24.915236, 227.731567, 0.999932
5, 380,24,113.515419, 113.510803, 119.126572, 64.748909,24.915236, 227.731567, 1.000041
5, 380,25,145.337372, 145.347809, 119.126572, 64.748909,24.915236, 227.731567, 0.999928
5, 380,26,157.666122, 157.661972, 119.126572, 64.748909,24.915236, 227.731567, 1.000026
5, 380,27,164.599304, 164.606888, 119.126572, 64.748909,24.915236, 227.731567, 0.999954
5, 380,28,128.835632, 128.847748, 119.126572, 64.748909,24.915236, 227.731567, 0.999906
5, 380,29,41.455193, 41.444778, 119.126572, 64.748909,24.915236, 227.731567, 1.000251
5, 380,30,165.695633, 165.695618, 119.126572, 64.748909,24.915236, 227.731567, 1.000000
5, 380,31,46.129738, 46.131065, 119.126572, 64.748909,24.915236, 227.731567, 0.999971
5, 381,0,16.118479, 16.124142, 119.123856, 62.296085,16.118479, 214.589249, 0.999649
5, 381,1,44.324589, 44.331146, 119.123856, 62.296085,16.118479, 214.589249, 0.999852
5, 381,2,145.006805, 145.007172, 119.123856, 62.296085,16.118479, 214.589249, 0.999997
5, 381,3,184.653610, 184.660034, 119.123856, 62.296085,16.118479, 214.589249, 0.999965
5, 381,4,29.091663, 29.091404, 119.123856, 62.296085,16.118479, 214.589249, 1.000009
5, 381,5,59.500282, 59.500275, 119.123856, 62.296085,16.118479, 214.589249, 1.000000
5, 381,6,75.717407, 75.728615, 119.123856, 62.296085,16.118479, 214.589249, 0.999852
5, 381,7,48.465782, 48.465267, 119.123856, 62.296085,16.118479, 214.589249, 1.000011
5, 381,8,191.584076, 191.605865, 119.123856, 62.296085,16.118479, 214.589249, 0.999886
5, 381,9,147.836090, 147.838150, 119.123856, 62.296085,16.118479, 214.589249, 0.999986
5, 381,10,42.367218, 42.386059, 119.123856, 62.296085,16.118479, 214.589249, 0.999555
5, 381,11,96.463104, 96.444138, 119.123856, 62.296085,16.118479, 214.589249, 1.000197
5, 381,12,168.030487, 168.040115, 119.123856, 62.296085,16.118479, 214.589249, 0.999943
5, 381,13,174.985992, 174.998795, 119.123856, 62.296085,16.118479, 214.589249, 0.999927
5, 381,14,190.513428, 190.514557, 119.123856, 62.296085,16.118479, 214.589249, 0.999994
5, 381,15,138.607727, 138.613419, 119.123856, 62.296085,16.118479, 214.589249, 0.999959
5, 381,16,104.038094, 104.038330, 119.123856, 62.296085,16.118479, 214.589249, 0.999998
5, 381,17,30.365540, 30.362453, 119.123856, 62.296085,16.118479, 214.589249, 1.000102
5, 381,18,188.599487, 188.588730, 119.123856, 62.296085,16.118479, 214.589249, 1.000057
5, 381,19,109.678734, 109.681015, 119.123856, 62.296085,16.118479, 214.589249, 0.999979
5, 381,20,114.628723, 114.636818, 119.123856, 62.296085,16.118479, 214.589249, 0.999929
5, 381,21,137.213226, 137.207565, 119.123856, 62.296085,16.118479, 214.589249, 1.000041
5, 381,22,142.798553, 142.786041, 119.123856, 62.296085,16.118479, 214.589249, 1.000088
5, 381,23,85.612778, 85.614548, 119.123856, 62.296085,16.118479, 214.589249, 0.999979
5, 381,24,155.678360, 155.682693, 119.123856, 62.296085,16.118479, 214.589249, 0.999972
5, 381,25,181.906418, 181.899673, 119.123856, 62.296085,16.118479, 214.589249, 1.000037
5, 381,26,123.526611, 123.521324, 119.123856, 62.296085,16.118479, 214.589249, 1.000043
5, 381,27,47.516754, 47.521606, 119.123856, 62.296085,16.118479, 214.589249, 0.999898
5, 381,28,22.243700, 22.235447, 119.123856, 62.296085,16.118479, 214.589249, 1.000371
5, 381,29,196.805222, 196.799194, 119.123856, 62.296085,16.118479, 214.589249, 1.000031
5, 381,30,203.495377, 203.494659, 119.123856, 62.296085,16.118479, 214.589249, 1.000004
5, 381,31,214.589249, 214.581024, 119.123856, 62.296085,16.118479, 214.589249, 1.000038
5, 382,0,194.972366, 194.949982, 119.124062, 75.770119,10.330811, 258.874054, 1.000115
5, 382,1,37.701290, 37.704750, 119.124062, 75.770119,10.330811, 258.874054, 0.999908
5, 382,2,78.610085, 78.622406, 119.124062, 75.770119,10.330811, 258.874054, 0.999843
5, 382,3,163.926086, 163.916962, 119.124062, 75.770119,10.330811, 258.874054, 1.000056
5, 382,4,138.725174, 138.731537, 119.124062, 75.770119,10.330811, 258.874054, 0.999954
5, 382,5,113.285973, 113.284157, 119.124062, 75.770119,10.330811, 258.874054, 1.000016
5, 382,6,107.913429, 107.914238, 119.124062, 75.770119,10.330811, 258.874054, 0.999992
5, 382,7,134.856857, 134.856262, 119.124062, 75.770119,10.330811, 258.874054, 1.000004
5, 382,8,93.386307, 93.391594, 119.124062, 75.770119,10.330811, 258.874054, 0.999943
5, 382,9,10.330811, 10.323582, 119.124062, 75.770119,10.330811, 258.874054, 1.000700
5, 382,10,13.953391, 13.960022, 119.124062, 75.770119,10.330811, 258.874054, 0.999525
5, 382,11,187.905228, 187.900528, 119.124062, 75.770119,10.330811, 258.874054, 1.000025
5, 382,12,135.957626, 135.965698, 119.124062, 75.770119,10.330811, 258.874054, 0.999941
5, 382,13,226.605042, 226.599335, 119.124062, 75.770119,10.330811, 258.874054, 1.000025
5, 382,14,29.810427, 29.807814, 119.124062, 75.770119,10.330811, 258.874054, 1.000088
5, 382,15,125.045441, 125.033257, 119.124062, 75.770119,10.330811, 258.874054, 1.000097
5, 382,16,240.890076, 240.898560, 119.124062, 75.770119,10.330811, 258.874054, 0.999965
5, 382,17,47.033066, 47.034679, 119.124062, 75.770119,10.330811, 258.874054, 0.999966
5, 382,18,258.015472, 258.002197, 119.124062, 75.770119,10.330811, 258.874054, 1.000051
5, 382,19,86.443619, 86.442291, 119.124062, 75.770119,10.330811, 258.874054, 1.000015
5, 382,20,32.513901, 32.527443, 119.124062, 75.770119,10.330811, 258.874054, 0.999584
5, 382,21,84.922600, 84.924545, 119.124062, 75.770119,10.330811, 258.874054, 0.999977
5, 382,22,20.964666, 20.978661, 119.124062, 75.770119,10.330811, 258.874054, 0.999333
5, 382,23,258.874054, 258.865051, 119.124062, 75.770119,10.330811, 258.874054, 1.000035
5, 382,24,70.596504, 70.602203, 119.124062, 75.770119,10.330811, 258.874054, 0.999919
5, 382,25,224.211746, 224.210999, 119.124062, 75.770119,10.330811, 258.874054, 1.000003
5, 382,26,152.687119, 152.684067, 119.124062, 75.770119,10.330811, 258.874054, 1.000020
5, 382,27,91.200447, 91.195854, 119.124062, 75.770119,10.330811, 258.874054, 1.000050
5, 382,28,69.275047, 69.284767, 119.124062, 75.770119,10.330811, 258.874054, 0.999860
5, 382,29,197.294601, 197.315216, 119.124062, 75.770119,10.330811, 258.874054, 0.999896
5, 382,30,160.684448, 160.696564, 119.124062, 75.770119,10.330811, 258.874054, 0.999925
5, 382,31,23.377636, 23.374706, 119.124062, 75.770119,10.330811, 258.874054, 1.000125
5, 383,0,149.307571, 149.309174, 119.126953, 63.977577,18.037266, 206.305054, 0.999989
5, 383,1,51.713257, 51.712437, 119.126953, 63.977577,18.037266, 206.305054, 1.000016
5, 383,2,197.781876, 197.775543, 119.126953, 63.977577,18.037266, 206.305054, 1.000032
5, 383,3,21.993126, 21.977467, 119.126953, 63.977577,18.037266, 206.305054, 1.000713
5, 383,4,191.925079, 191.925934, 119.126953, 63.977577,18.037266, 206.305054, 0.999996
5, 383,5,190.525391, 190.528351, 119.126953, 63.977577,18.037266, 206.305054, 0.999984
5, 383,6,50.217529, 50.226326, 119.126953, 63.977577,18.037266, 206.305054, 0.999825
5, 383,7,181.277817, 181.263840, 119.126953, 63.977577,18.037266, 206.305054, 1.000077
5, 383,8,30.303825, 30.306040, 119.126953, 63.977577,18.037266, 206.305054, 0.999927
5, 383,9,84.852219, 84.862320, 119.126953, 63.977577,18.037266, 206.305054, 0.999881
5, 383,10,28.105789, 28.099001, 119.126953, 63.977577,18.037266, 206.305054, 1.000242
5, 383,11,136.983765, 136.983887, 119.126953, 63.977577,18.037266, 206.305054, 0.999999
5, 383,12,149.080338, 149.068878, 119.126953, 63.977577,18.037266, 206.305054, 1.000077
5, 383,13,187.255600, 187.246246, 119.126953, 63.977577,18.037266, 206.305054, 1.000050
5, 383,14,203.852951, 203.852814, 119.126953, 63.977577,18.037266, 206.305054, 1.000001
5, 383,15,44.210690, 44.212296, 119.126953, 63.977577,18.037266, 206.305054, 0.999964
5, 383,16,105.373146, 105.364403, 119.126953, 63.977577,18.037266, 206.305054, 1.000083
5, 383,17,204.959671, 204.972137, 119.126953, 63.977577,18.037266, 206.305054, 0.999939
5, 383,18,206.305054, 206.300156, 119.126953, 63.977577,18.037266, 206.305054, 1.000024
5, 383,19,101.937469, 101.936844, 119.126953, 63.977577,18.037266, 206.305054, 1.000006
5, 383,20,77.403625, 77.406441, 119.126953, 63.977577,18.037266, 206.305054, 0.999964
5, 383,21,75.433228, 75.439713, 119.126953, 63.977577,18.037266, 206.305054, 0.999914
5, 383,22,154.137451, 154.127991, 119.126953, 63.977577,18.037266, 206.305054, 1.000061
5, 383,23,57.797180, 57.789703, 119.126953, 63.977577,18.037266, 206.305054, 1.000129
5, 383,24,200.311829, 200.305099, 119.126953, 63.977577,18.037266, 206.305054, 1.000034
5, 383,25,119.479927, 119.466690, 119.126953, 63.977577,18.037266, 206.305054, 1.000111
5, 383,26,118.251015, 118.252502, 119.126953, 63.977577,18.037266, 206.305054, 0.999987
5, 383,27,18.037266, 18.043999, 119.126953, 63.977577,18.037266, 206.305054, 0.999627
5, 383,28,130.651306, 130.647354, 119.126953, 63.977577,18.037266, 206.305054, 1.000030
5, 383,29,94.149948, 94.145805, 119.126953, 63.977577,18.037266, 206.305054, 1.000044
5, 383,30,191.659454, 191.660324, 119.126953, 63.977577,18.037266, 206.305054, 0.999995
5, 383,31,56.787876, 56.790527, 119.126953, 63.977577,18.037266, 206.305054, 0.999953
5, 384,0,147.770706, 147.764114, 119.125313, 63.731873,14.178288, 222.382462, 1.000045
5, 384,1,82.139969, 82.134033, 119.125313, 63.731873,14.178288, 222.382462, 1.000072
5, 384,2,34.659592, 34.655251, 119.125313, 63.731873,14.178288, 222.382462, 1.000125
5, 384,3,166.321014, 166.326904, 119.125313, 63.731873,14.178288, 222.382462, 0.999965
5, 384,4,186.632034, 186.628510, 119.125313, 63.731873,14.178288, 222.382462, 1.000019
5, 384,5,14.178288, 14.174469, 119.125313, 63.731873,14.178288, 222.382462, 1.000269
5, 384,6,181.397003, 181.405441, 119.125313, 63.731873,14.178288, 222.382462, 0.999954
5, 384,7,66.095070, 66.093185, 119.125313, 63.731873,14.178288, 222.382462, 1.000028
5, 384,8,48.770901, 48.771461, 119.125313, 63.731873,14.178288, 222.382462, 0.999988
5, 384,9,216.461960, 216.466995, 119.125313, 63.731873,14.178288, 222.382462, 0.999977
5, 384,10,222.382462, 222.380280, 119.125313, 63.731873,14.178288, 222.382462, 1.000010
5, 384,11,132.273163, 132.274109, 119.125313, 63.731873,14.178288, 222.382462, 0.999993
5, 384,12,61.485985, 61.480698, 119.125313, 63.731873,14.178288, 222.382462, 1.000086
5, 384,13,36.009464, 36.009132, 119.125313, 63.731873,14.178288, 222.382462, 1.000009
5, 384,14,151.390228, 151.394394, 119.125313, 63.731873,14.178288, 222.382462, 0.999972
5, 384,15,81.099937, 81.111984, 119.125313, 63.731873,14.178288, 222.382462, 0.999851
5, 384,16,134.491318, 134.490784, 119.125313, 63.731873,14.178288, 222.382462, 1.000004
5, 384,17,67.369759, 67.367424, 119.125313, 63.731873,14.178288, 222.382462, 1.000035
5, 384,18,149.290482, 149.297195, 119.125313, 63.731873,14.178288, 222.382462, 0.999955
5, 384,19,109.228477, 109.224945, 119.125313, 63.731873,14.178288, 222.382462, 1.000032
5, 384,20,178.779465, 178.790588, 119.125313, 63.731873,14.178288, 222.382462, 0.999938
5, 384,21,53.520664, 53.516685, 119.125313, 63.731873,14.178288, 222.382462, 1.000074
5, 384,22,58.358829, 58.361458, 119.125313, 63.731873,14.178288, 222.382462, 0.999955
5, 384,23,105.443199, 105.442039, 119.125313, 63.731873,14.178288, 222.382462, 1.000011
5, 384,24,214.991440, 215.000305, 119.125313, 63.731873,14.178288, 222.382462, 0.999959
5, 384,25,110.277649, 110.280174, 119.125313, 63.731873,14.178288, 222.382462, 0.999977
5, 384,26,194.224762, 194.227493, 119.125313, 63.731873,14.178288, 222.382462, 0.999986
5, 384,27,69.305420, 69.285423, 119.125313, 63.731873,14.178288, 222.382462, 1.000289
5, 384,28,123.608383, 123.599983, 119.125313, 63.731873,14.178288, 222.382462, 1.000068
5, 384,29,197.896866, 197.897568, 119.125313, 63.731873,14.178288, 222.382462, 0.999996
5, 384,30,22.632656, 22.636230, 119.125313, 63.731873,14.178288, 222.382462, 0.999842
5, 384,31,193.522430, 193.510742, 119.125313, 63.731873,14.178288, 222.382462, 1.000060
5, 385,0,177.445236, 177.447128, 119.125626, 66.187477,12.342166, 216.614914, 0.999989
5, 385,1,46.484077, 46.483780, 119.125626, 66.187477,12.342166, 216.614914, 1.000006
5, 385,2,34.542645, 34.529144, 119.125626, 66.187477,12.342166, 216.614914, 1.000391
5, 385,3,44.898296, 44.883503, 119.125626, 66.187477,12.342166, 216.614914, 1.000330
5, 385,4,183.341217, 183.354874, 119.125626, 66.187477,12.342166, 216.614914, 0.999925
5, 385,5,120.317535, 120.298904, 119.125626, 66.187477,12.342166, 216.614914, 1.000155
5, 385,6,89.413818, 89.412933, 119.125626, 66.187477,12.342166, 216.614914, 1.000010
5, 385,7,92.810898, 92.815895, 119.125626, 66.187477,12.342166, 216.614914, 0.999946
5, 385,8,215.067566, 215.069458, 119.125626, 66.187477,12.342166, 216.614914, 0.999991
5, 385,9,167.738617, 167.731628, 119.125626, 66.187477,12.342166, 216.614914, 1.000042
5, 385,10,206.358414, 206.353317, 119.125626, 66.187477,12.342166, 216.614914, 1.000025
5, 385,11,12.342166, 12.352976, 119.125626, 66.187477,12.342166, 216.614914, 0.999125
5, 385,12,24.724300, 24.725075, 119.125626, 66.187477,12.342166, 216.614914, 0.999969
5, 385,13,66.995476, 66.990097, 119.125626, 66.187477,12.342166, 216.614914, 1.000080
5, 385,14,134.286453, 134.296600, 119.125626, 66.187477,12.342166, 216.614914, 0.999924
5, 385,15,22.360296, 22.372101, 119.125626, 66.187477,12.342166, 216.614914, 0.999472
5, 385,16,40.265316, 40.266102, 119.125626, 66.187477,12.342166, 216.614914, 0.999981
5, 385,17,151.173325, 151.165924, 119.125626, 66.187477,12.342166, 216.614914, 1.000049
5, 385,18,137.467422, 137.471832, 119.125626, 66.187477,12.342166, 216.614914, 0.999968
5, 385,19,203.100235, 203.108490, 119.125626, 66.187477,12.342166, 216.614914, 0.999959
5, 385,20,200.416672, 200.407623, 119.125626, 66.187477,12.342166, 216.614914, 1.000045
5, 385,21,169.432678, 169.439423, 119.125626, 66.187477,12.342166, 216.614914, 0.999960
5, 385,22,96.079147, 96.073380, 119.125626, 66.187477,12.342166, 216.614914, 1.000060
5, 385,23,110.895424, 110.905991, 119.125626, 66.187477,12.342166, 216.614914, 0.999905
5, 385,24,203.636688, 203.639801, 119.125626, 66.187477,12.342166, 216.614914, 0.999985
5, 385,25,16.858112, 16.862846, 119.125626, 66.187477,12.342166, 216.614914, 0.999719
5, 385,26,140.881805, 140.874802, 119.125626, 66.187477,12.342166, 216.614914, 1.000050
5, 385,27,216.614914, 216.619110, 119.125626, 66.187477,12.342166, 216.614914, 0.999981
5, 385,28,89.532738, 89.533119, 119.125626, 66.187477,12.342166, 216.614914, 0.999996
5, 385,29,88.909523, 88.894279, 119.125626, 66.187477,12.342166, 216.614914, 1.000171
5, 385,30,133.647614, 133.651413, 119.125626, 66.187477,12.342166, 216.614914, 0.999972
5, 385,31,173.981125, 173.968262, 119.125626, 66.187477,12.342166, 216.614914, 1.000074
5, 386,0,213.379944, 213.392502, 119.123787, 68.499084,13.268108, 254.953064, 0.999941
5, 386,1,58.847168, 58.839546, 119.123787, 68.499084,13.268108, 254.953064, 1.000130
5, 386,2,215.644669, 215.637726, 119.123787, 68.499084,13.268108, 254.953064, 1.000032
5, 386,3,13.268108, 13.277874, 119.123787, 68.499084,13.268108, 254.953064, 0.999265
5, 386,4,107.517761, 107.530457, 119.123787, 68.499084,13.268108, 254.953064, 0.999882
5, 386,5,104.918098, 104.917542, 119.123787, 68.499084,13.268108, 254.953064, 1.000005
5, 386,6,99.326202, 99.316216, 119.123787, 68.499084,13.268108, 254.953064, 1.000101
5, 386,7,110.792755, 110.800507, 119.123787, 68.499084,13.268108, 254.953064, 0.999930
5, 386,8,101.210754, 101.217216, 119.123787, 68.499084,13.268108, 254.953064, 0.999936
5, 386,9,156.799545, 156.815918, 119.123787, 68.499084,13.268108, 254.953064, 0.999896
5, 386,10,245.782181, 245.780106, 119.123787, 68.499084,13.268108, 254.953064, 1.000008
5, 386,11,125.244141, 125.241928, 119.123787, 68.499084,13.268108, 254.953064, 1.000018
5, 386,12,254.953064, 254.964386, 119.123787, 68.499084,13.268108, 254.953064, 0.999956
5, 386,13,68.172722, 68.172501, 119.123787, 68.499084,13.268108, 254.953064, 1.000003
5, 386,14,91.392731, 91.407066, 119.123787, 68.499084,13.268108, 254.953064, 0.999843
5, 386,15,13.288554, 13.293520, 119.123787, 68.499084,13.268108, 254.953064, 0.999626
5, 386,16,133.562164, 133.565704, 119.123787, 68.499084,13.268108, 254.953064, 0.999973
5, 386,17,148.346268, 148.351318, 119.123787, 68.499084,13.268108, 254.953064, 0.999966
5, 386,18,30.534632, 30.519962, 119.123787, 68.499084,13.268108, 254.953064, 1.000481
5, 386,19,136.211624, 136.194244, 119.123787, 68.499084,13.268108, 254.953064, 1.000128
5, 386,20,44.829018, 44.828392, 119.123787, 68.499084,13.268108, 254.953064, 1.000014
5, 386,21,41.828770, 41.824329, 119.123787, 68.499084,13.268108, 254.953064, 1.000106
5, 386,22,66.857590, 66.858215, 119.123787, 68.499084,13.268108, 254.953064, 0.999991
5, 386,23,210.453262, 210.451004, 119.123787, 68.499084,13.268108, 254.953064, 1.000011
5, 386,24,246.022278, 246.022614, 119.123787, 68.499084,13.268108, 254.953064, 0.999999
5, 386,25,115.474159, 115.486534, 119.123787, 68.499084,13.268108, 254.953064, 0.999893
5, 386,26,169.850067, 169.857010, 119.123787, 68.499084,13.268108, 254.953064, 0.999959
5, 386,27,65.552437, 65.559578, 119.123787, 68.499084,13.268108, 254.953064, 0.999891
5, 386,28,112.776352, 112.771927, 119.123787, 68.499084,13.268108, 254.953064, 1.000039
5, 386,29,138.746216, 138.728943, 119.123787, 68.499084,13.268108, 254.953064, 1.000124
5, 386,30,36.581242, 36.582855, 119.123787, 68.499084,13.268108, 254.953064, 0.999956
5, 386,31,133.796326, 133.792572, 119.123787, 68.499084,13.268108, 254.953064, 1.000028
5, 387,0,120.518616, 120.499969, 119.125381, 48.911942,20.409212, 190.097305, 1.000155
5, 387,1,123.952583, 123.956123, 119.125381, 48.911942,20.409212, 190.097305, 0.999971
5, 387,2,140.611130, 140.589859, 119.125381, 48.911942,20.409212, 190.097305, 1.000151
5, 387,3,175.566757, 175.559860, 119.125381, 48.911942,20.409212, 190.097305, 1.000039
5, 387,4,155.149841, 155.163528, 119.125381, 48.911942,20.409212, 190.097305, 0.999912
5, 387,5,154.096451, 154.113632, 119.125381, 48.911942,20.409212, 190.097305, 0.999889
5, 387,6,48.977512, 48.976624, 119.125381, 48.911942,20.409212, 190.097305, 1.000018
5, 387,7,179.584915, 179.589172, 119.125381, 48.911942,20.409212, 190.097305, 0.999976
5, 387,8,104.503693, 104.524551, 119.125381, 48.911942,20.409212, 190.097305, 0.999800
5, 387,9,185.250336, 185.247269, 119.125381, 48.911942,20.409212, 190.097305, 1.000017
5, 387,10,97.444916, 97.453377, 119.125381, 48.911942,20.409212, 190.097305, 0.999913
5, 387,11,83.959946, 83.946625, 119.125381, 48.911942,20.409212, 190.097305, 1.000159
5, 387,12,117.515198, 117.503525, 119.125381, 48.911942,20.409212, 190.097305, 1.000099
5, 387,13,40.183220, 40.185883, 119.125381, 48.911942,20.409212, 190.097305, 0.999934
5, 387,14,101.737000, 101.755104, 119.125381, 48.911942,20.409212, 190.097305, 0.999822
5, 387,15,78.324455, 78.328270, 119.125381, 48.911942,20.409212, 190.097305, 0.999951
5, 387,16,63.476414, 63.499218, 119.125381, 48.911942,20.409212, 190.097305, 0.999641
5, 387,17,189.968887, 189.974625, 119.125381, 48.911942,20.409212, 190.097305, 0.999970
5, 387,18,177.564880, 177.557495, 119.125381, 48.911942,20.409212, 190.097305, 1.000042
5, 387,19,157.197067, 157.195206, 119.125381, 48.911942,20.409212, 190.097305, 1.000012
5, 387,20,143.364761, 143.347946, 119.125381, 48.911942,20.409212, 190.097305, 1.000117
5, 387,21,130.302475, 130.289536, 119.125381, 48.911942,20.409212, 190.097305, 1.000099
5, 387,22,148.654114, 148.659851, 119.125381, 48.911942,20.409212, 190.097305, 0.999961
5, 387,23,58.889236, 58.891033, 119.125381, 48.911942,20.409212, 190.097305, 0.999969
5, 387,24,72.468658, 72.465881, 119.125381, 48.911942,20.409212, 190.097305, 1.000038
5, 387,25,111.298447, 111.300629, 119.125381, 48.911942,20.409212, 190.097305, 0.999980
5, 387,26,52.444405, 52.427086, 119.125381, 48.911942,20.409212, 190.097305, 1.000330
5, 387,27,190.097305, 190.110825, 119.125381, 48.911942,20.409212, 190.097305, 0.999929
5, 387,28,142.908508, 142.910965, 119.125381, 48.911942,20.409212, 190.097305, 0.999983
5, 387,29,20.409212, 20.402470, 119.125381, 48.911942,20.409212, 190.097305, 1.000330
5, 387,30,74.588226, 74.577026, 119.125381, 48.911942,20.409212, 190.097305, 1.000150
5, 387,31,171.003265, 170.997070, 119.125381, 48.911942,20.409212, 190.097305, 1.000036
5, 388,0,168.028015, 168.030746, 119.127060, 68.826263,10.159406, 257.810822, 0.999984
5, 388,1,127.549210, 127.538139, 119.127060, 68.826263,10.159406, 257.810822, 1.000087
5, 388,2,13.079643, 13.084929, 119.127060, 68.826263,10.159406, 257.810822, 0.999596
5, 388,3,129.679688, 129.675049, 119.127060, 68.826263,10.159406, 257.810822, 1.000036
5, 388,4,81.096298, 81.101021, 119.127060, 68.826263,10.159406, 257.810822, 0.999942
5, 388,5,78.490311, 78.482323, 119.127060, 68.826263,10.159406, 257.810822, 1.000102
5, 388,6,175.166138, 175.148621, 119.127060, 68.826263,10.159406, 257.810822, 1.000100
5, 388,7,50.784344, 50.780125, 119.127060, 68.826263,10.159406, 257.810822, 1.000083
5, 388,8,31.322172, 31.322535, 119.127060, 68.826263,10.159406, 257.810822, 0.999988
5, 388,9,63.258636, 63.251942, 119.127060, 68.826263,10.159406, 257.810822, 1.000106
5, 388,10,221.737137, 221.733383, 119.127060, 68.826263,10.159406, 257.810822, 1.000017
5, 388,11,113.779762, 113.791939, 119.127060, 68.826263,10.159406, 257.810822, 0.999893
5, 388,12,145.594803, 145.597031, 119.127060, 68.826263,10.159406, 257.810822, 0.999985
5, 388,13,149.821548, 149.824219, 119.127060, 68.826263,10.159406, 257.810822, 0.999982
5, 388,14,257.810822, 257.804504, 119.127060, 68.826263,10.159406, 257.810822, 1.000025
5, 388,15,222.735855, 222.743561, 119.127060, 68.826263,10.159406, 257.810822, 0.999965
5, 388,16,182.279495, 182.274261, 119.127060, 68.826263,10.159406, 257.810822, 1.000029
5, 388,17,232.753403, 232.752106, 119.127060, 68.826263,10.159406, 257.810822, 1.000006
5, 388,18,162.713058, 162.707886, 119.127060, 68.826263,10.159406, 257.810822, 1.000032
5, 388,19,140.955505, 140.950195, 119.127060, 68.826263,10.159406, 257.810822, 1.000038
5, 388,20,228.439758, 228.423874, 119.127060, 68.826263,10.159406, 257.810822, 1.000069
5, 388,21,10.159406, 10.163182, 119.127060, 68.826263,10.159406, 257.810822, 0.999628
5, 388,22,72.839844, 72.848640, 119.127060, 68.826263,10.159406, 257.810822, 0.999879
5, 388,23,111.779678, 111.779358, 119.127060, 68.826263,10.159406, 257.810822, 1.000003
5, 388,24,15.071407, 15.074203, 119.127060, 68.826263,10.159406, 257.810822, 0.999815
5, 388,25,51.390556, 51.386230, 119.127060, 68.826263,10.159406, 257.810822, 1.000084
5, 388,26,138.806549, 138.805511, 119.127060, 68.826263,10.159406, 257.810822, 1.000008
5, 388,27,91.479767, 91.474777, 119.127060, 68.826263,10.159406, 257.810822, 1.000055
5, 388,28,104.804672, 104.809128, 119.127060, 68.826263,10.159406, 257.810822, 0.999958
5, 388,29,48.351398, 48.347927, 119.127060, 68.826263,10.159406, 257.810822, 1.000072
5, 388,30,74.001152, 73.998688, 119.127060, 68.826263,10.159406, 257.810822, 1.000033
5, 388,31,116.305618, 116.294075, 119.127060, 68.826263,10.159406, 257.810822, 1.000099
5, 389,0,184.078842, 184.081757, 119.123787, 71.152267,16.319210, 250.255600, 0.999984
5, 389,1,145.595383, 145.597275, 119.123787, 71.152267,16.319210, 250.255600, 0.999987
5, 389,2,156.880997, 156.871368, 119.123787, 71.152267,16.319210, 250.255600, 1.000061
5, 389,3,124.222809, 124.228149, 119.123787, 71.152267,16.319210, 250.255600, 0.999957
5, 389,4,16.319210, 16.326744, 119.123787, 71.152267,16.319210, 250.255600, 0.999539
5, 389,5,175.691269, 175.705185, 119.123787, 71.152267,16.319210, 250.255600, 0.999921
5, 389,6,137.143936, 137.151367, 119.123787, 71.152267,16.319210, 250.255600, 0.999946
5, 389,7,230.541962, 230.542084, 119.123787, 71.152267,16.319210, 250.255600, 0.999999
5, 389,8,41.669907, 41.664539, 119.123787, 71.152267,16.319210, 250.255600, 1.000129
5, 389,9,134.550842, 134.562088, 119.123787, 71.152267,16.319210, 250.255600, 0.999916
5, 389,10,235.374100, 235.366135, 119.123787, 71.152267,16.319210, 250.255600, 1.000034
5, 389,11,25.838882, 25.836124, 119.123787, 71.152267,16.319210, 250.255600, 1.000107
5, 389,12,90.588676, 90.590836, 119.123787, 71.152267,16.319210, 250.255600, 0.999976
5, 389,13,44.505386, 44.500401, 119.123787, 71.152267,16.319210, 250.255600, 1.000112
5, 389,14,201.695389, 201.697998, 119.123787, 71.152267,16.319210, 250.255600, 0.999987
5, 389,15,176.789993, 176.799438, 119.123787, 71.152267,16.319210, 250.255600, 0.999947
5, 389,16,52.513573, 52.522491, 119.123787, 71.152267,16.319210, 250.255600, 0.999830
5, 389,17,250.255600, 250.254395, 119.123787, 71.152267,16.319210, 250.255600, 1.000005
5, 389,18,99.430267, 99.414375, 119.123787, 71.152267,16.319210, 250.255600, 1.000160
5, 389,19,105.101997, 105.101501, 119.123787, 71.152267,16.319210, 250.255600, 1.000005
5, 389,20,176.642075, 176.637634, 119.123787, 71.152267,16.319210, 250.255600, 1.000025
5, 389,21,42.862801, 42.858994, 119.123787, 71.152267,16.319210, 250.255600, 1.000089
5, 389,22,45.773933, 45.764206, 119.123787, 71.152267,16.319210, 250.255600, 1.000213
5, 389,23,58.878002, 58.887772, 119.123787, 71.152267,16.319210, 250.255600, 0.999834
5, 389,24,65.322380, 65.314690, 119.123787, 71.152267,16.319210, 250.255600, 1.000118
5, 389,25,205.926361, 205.936371, 119.123787, 71.152267,16.319210, 250.255600, 0.999951
5, 389,26,53.893867, 53.886478, 119.123787, 71.152267,16.319210, 250.255600, 1.000137
5, 389,27,103.382896, 103.390739, 119.123787, 71.152267,16.319210, 250.255600, 0.999924
5, 389,28,92.596130, 92.602135, 119.123787, 71.152267,16.319210, 250.255600, 0.999935
5, 389,29,54.455971, 54.456738, 119.123787, 71.152267,16.319210, 250.255600, 0.999986
5, 389,30,236.309235, 236.321701, 119.123787, 71.152267,16.319210, 250.255600, 0.999947
5, 389,31,47.128368, 47.128193, 119.123787, 71.152267,16.319210, 250.255600, 1.000004
5, 390,0,15.628362, 15.614313, 119.125023, 75.967010,10.611236, 250.113358, 1.000900
5, 390,1,111.069878, 111.072304, 119.125023, 75.967010,10.611236, 250.113358, 0.999978
5, 390,2,230.503845, 230.506729, 119.125023, 75.967010,10.611236, 250.113358, 0.999987
5, 390,3,146.849121, 146.842453, 119.125023, 75.967010,10.611236, 250.113358, 1.000045
5, 390,4,27.533340, 27.547480, 119.125023, 75.967010,10.611236, 250.113358, 0.999487
5, 390,5,15.264119, 15.269381, 119.125023, 75.967010,10.611236, 250.113358, 0.999655
5, 390,6,194.898895, 194.890701, 119.125023, 75.967010,10.611236, 250.113358, 1.000042
5, 390,7,86.604393, 86.596840, 119.125023, 75.967010,10.611236, 250.113358, 1.000087
5, 390,8,29.883734, 29.888613, 119.125023, 75.967010,10.611236, 250.113358, 0.999837
5, 390,9,177.493210, 177.490005, 119.125023, 75.967010,10.611236, 250.113358, 1.000018
5, 390,10,57.681862, 57.681297, 119.125023, 75.967010,10.611236, 250.113358, 1.000010
5, 390,11,245.048798, 245.052582, 119.125023, 75.967010,10.611236, 250.113358, 0.999985
5, 390,12,92.843964, 92.842316, 119.125023, 75.967010,10.611236, 250.113358, 1.000018
5, 390,13,239.741318, 239.739136, 119.125023, 75.967010,10.611236, 250.113358, 1.000009
5, 390,14,12.316161, 12.326454, 119.125023, 75.967010,10.611236, 250.113358, 0.999165
5, 390,15,158.426682, 158.430695, 119.125023, 75.967010,10.611236, 250.113358, 0.999975
5, 390,16,175.747620, 175.750671, 119.125023, 75.967010,10.611236, 250.113358, 0.999983
5, 390,17,171.042084, 171.017029, 119.125023, 75.967010,10.611236, 250.113358, 1.000147
5, 390,18,250.113358, 250.101776, 119.125023, 75.967010,10.611236, 250.113358, 1.000046
5, 390,19,40.260899, 40.265915, 119.125023, 75.967010,10.611236, 250.113358, 0.999875
5, 390,20,41.600224, 41.601608, 119.125023, 75.967010,10.611236, 250.113358, 0.999967
5, 390,21,72.806808, 72.799576, 119.125023, 75.967010,10.611236, 250.113358, 1.000099
5, 390,22,10.611236, 10.616473, 119.125023, 75.967010,10.611236, 250.113358, 0.999507
5, 390,23,52.567818, 52.566032, 119.125023, 75.967010,10.611236, 250.113358, 1.000034
5, 390,24,150.898438, 150.908249, 119.125023, 75.967010,10.611236, 250.113358, 0.999935
5, 390,25,172.850479, 172.844437, 119.125023, 75.967010,10.611236, 250.113358, 1.000035
5, 390,26,155.558197, 155.561157, 119.125023, 75.967010,10.611236, 250.113358, 0.999981
5, 390,27,69.719131, 69.724548, 119.125023, 75.967010,10.611236, 250.113358, 0.999922
5, 390,28,115.484726, 115.497711, 119.125023, 75.967010,10.611236, 250.113358, 0.999888
5, 390,29,203.212143, 203.213089, 119.125023, 75.967010,10.611236, 250.113358, 0.999995
5, 390,30,134.707047, 134.711151, 119.125023, 75.967010,10.611236, 250.113358, 0.999970
5, 390,31,153.032547, 153.029221, 119.125023, 75.967010,10.611236, 250.113358, 1.000022
5, 391,0,64.289246, 64.283958, 119.121658, 64.699814,12.453096, 222.515411, 1.000082
5, 391,1,112.230614, 112.254745, 119.121658, 64.699814,12.453096, 222.515411, 0.999785
5, 391,2,48.908318, 48.905914, 119.121658, 64.699814,12.453096, 222.515411, 1.000049
5, 391,3,135.745117, 135.749710, 119.121658, 64.699814,12.453096, 222.515411, 0.999966
5, 391,4,92.855843, 92.867622, 119.121658, 64.699814,12.453096, 222.515411, 0.999873
5, 391,5,168.010025, 168.013306, 119.121658, 64.699814,12.453096, 222.515411, 0.999980
5, 391,6,138.357010, 138.369766, 119.121658, 64.699814,12.453096, 222.515411, 0.999908
5, 391,7,73.336540, 73.342255, 119.121658, 64.699814,12.453096, 222.515411, 0.999922
5, 391,8,185.028824, 185.023941, 119.121658, 64.699814,12.453096, 222.515411, 1.000026
5, 391,9,118.177353, 118.192680, 119.121658, 64.699814,12.453096, 222.515411, 0.999870
5, 391,10,214.979874, 214.990067, 119.121658, 64.699814,12.453096, 222.515411, 0.999953
5, 391,11,182.041321, 182.035233, 119.121658, 64.699814,12.453096, 222.515411, 1.000033
5, 391,12,208.709534, 208.722977, 119.121658, 64.699814,12.453096, 222.515411, 0.999936
5, 391,13,78.380371, 78.378304, 119.121658, 64.699814,12.453096, 222.515411, 1.000026
5, 391,14,18.531565, 18.525070, 119.121658, 64.699814,12.453096, 222.515411, 1.000351
5, 391,15,12.453096, 12.462067, 119.121658, 64.699814,12.453096, 222.515411, 0.999280
5, 391,16,133.269913, 133.254730, 119.121658, 64.699814,12.453096, 222.515411, 1.000114
5, 391,17,70.900101, 70.906517, 119.121658, 64.699814,12.453096, 222.515411, 0.999910
5, 391,18,14.996013, 14.983380, 119.121658, 64.699814,12.453096, 222.515411, 1.000843
5, 391,19,126.598061, 126.599251, 119.121658, 64.699814,12.453096, 222.515411, 0.999991
5, 391,20,50.258678, 50.262024, 119.121658, 64.699814,12.453096, 222.515411, 0.999933
5, 391,21,204.311630, 204.305740, 119.121658, 64.699814,12.453096, 222.515411, 1.000029
5, 391,22,130.451508, 130.450348, 119.121658, 64.699814,12.453096, 222.515411, 1.000009
5, 391,23,99.224983, 99.233444, 119.121658, 64.699814,12.453096, 222.515411, 0.999915
5, 391,24,48.691505, 48.695255, 119.121658, 64.699814,12.453096, 222.515411, 0.999923
5, 391,25,212.690857, 212.699142, 119.121658, 64.699814,12.453096, 222.515411, 0.999961
5, 391,26,188.999741, 188.993546, 119.121658, 64.699814,12.453096, 222.515411, 1.000033
5, 391,27,35.189625, 35.199974, 119.121658, 64.699814,12.453096, 222.515411, 0.999706
5, 391,28,112.005501, 112.011169, 119.121658, 64.699814,12.453096, 222.515411, 0.999949
5, 391,29,222.515411, 222.507919, 119.121658, 64.699814,12.453096, 222.515411, 1.000034
5, 391,30,120.246780, 120.266342, 119.121658, 64.699814,12.453096, 222.515411, 0.999837
5, 391,31,189.507782, 189.513596, 119.121658, 64.699814,12.453096, 222.515411, 0.999969
5, 392,0,103.943405, 103.941139, 119.124153, 56.715431,11.428077, 228.926086, 1.000022
5, 392,1,203.062286, 203.067398, 119.124153, 56.715431,11.428077, 228.926086, 0.999975
5, 392,2,53.684509, 53.685249, 119.124153, 56.715431,11.428077, 228.926086, 0.999986
5, 392,3,76.127350, 76.112160, 119.124153, 56.715431,11.428077, 228.926086, 1.000200
5, 392,4,199.401718, 199.407715, 119.124153, 56.715431,11.428077, 228.926086, 0.999970
5, 392,5,109.910011, 109.909981, 119.124153, 56.715431,11.428077, 228.926086, 1.000000
5, 392,6,76.308876, 76.308090, 119.124153, 56.715431,11.428077, 228.926086, 1.000010
5, 392,7,39.372925, 39.368408, 119.124153, 56.715431,11.428077, 228.926086, 1.000115
5, 392,8,141.462067, 141.468613, 119.124153, 56.715431,11.428077, 228.926086, 0.999954
5, 392,9,95.428909, 95.453194, 119.124153, 56.715431,11.428077, 228.926086, 0.999746
5, 392,10,11.428077, 11.427485, 119.124153, 56.715431,11.428077, 228.926086, 1.000052
5, 392,11,55.863186, 55.861469, 119.124153, 56.715431,11.428077, 228.926086, 1.000031
5, 392,12,71.547691, 71.549812, 119.124153, 56.715431,11.428077, 228.926086, 0.999970
5, 392,13,196.791641, 196.790665, 119.124153, 56.715431,11.428077, 228.926086, 1.000005
5, 392,14,83.275070, 83.277580, 119.124153, 56.715431,11.428077, 228.926086, 0.999970
5, 392,15,165.967804, 165.980759, 119.124153, 56.715431,11.428077, 228.926086, 0.999922
5, 392,16,136.863770, 136.864258, 119.124153, 56.715431,11.428077, 228.926086, 0.999996
5, 392,17,199.004196, 199.001862, 119.124153, 56.715431,11.428077, 228.926086, 1.000012
5, 392,18,141.831757, 141.832458, 119.124153, 56.715431,11.428077, 228.926086, 0.999995
5, 392,19,108.697350, 108.706421, 119.124153, 56.715431,11.428077, 228.926086, 0.999917
5, 392,20,158.160446, 158.157593, 119.124153, 56.715431,11.428077, 228.926086, 1.000018
5, 392,21,201.993759, 201.996796, 119.124153, 56.715431,11.428077, 228.926086, 0.999985
5, 392,22,169.148224, 169.143616, 119.124153, 56.715431,11.428077, 228.926086, 1.000027
5, 392,23,124.315231, 124.310791, 119.124153, 56.715431,11.428077, 228.926086, 1.000036
5, 392,24,116.499809, 116.508606, 119.124153, 56.715431,11.428077, 228.926086, 0.999924
5, 392,25,105.901154, 105.893425, 119.124153, 56.715431,11.428077, 228.926086, 1.000073
5, 392,26,132.250885, 132.245926, 119.124153, 56.715431,11.428077, 228.926086, 1.000038
5, 392,27,48.506832, 48.493122, 119.124153, 56.715431,11.428077, 228.926086, 1.000283
5, 392,28,33.365162, 33.357578, 119.124153, 56.715431,11.428077, 228.926086, 1.000227
5, 392,29,228.926086, 228.930069, 119.124153, 56.715431,11.428077, 228.926086, 0.999983
5, 392,30,106.983826, 106.999031, 119.124153, 56.715431,11.428077, 228.926086, 0.999858
5, 392,31,115.949333, 115.948807, 119.124153, 56.715431,11.428077, 228.926086, 1.000005
5, 393,0,214.420868, 214.424759, 119.125923, 62.870865,18.047083, 225.970657, 0.999982
5, 393,1,107.802086, 107.791748, 119.125923, 62.870865,18.047083, 225.970657, 1.000096
5, 393,2,101.907906, 101.913086, 119.125923, 62.870865,18.047083, 225.970657, 0.999949
5, 393,3,121.147171, 121.143288, 119.125923, 62.870865,18.047083, 225.970657, 1.000032
5, 393,4,47.537956, 47.517174, 119.125923, 62.870865,18.047083, 225.970657, 1.000437
5, 393,5,23.187868, 23.178837, 119.125923, 62.870865,18.047083, 225.970657, 1.000390
5, 393,6,78.414818, 78.411713, 119.125923, 62.870865,18.047083, 225.970657, 1.000040
5, 393,7,158.522141, 158.540894, 119.125923, 62.870865,18.047083, 225.970657, 0.999882
5, 393,8,18.047083, 18.037497, 119.125923, 62.870865,18.047083, 225.970657, 1.000531
5, 393,9,130.828735, 130.834778, 119.125923, 62.870865,18.047083, 225.970657, 0.999954
5, 393,10,201.536469, 201.544846, 119.125923, 62.870865,18.047083, 225.970657, 0.999958
5, 393,11,204.384750, 204.401123, 119.125923, 62.870865,18.047083, 225.970657, 0.999920
5, 393,12,121.269585, 121.289429, 119.125923, 62.870865,18.047083, 225.970657, 0.999836
5, 393,13,80.204788, 80.205208, 119.125923, 62.870865,18.047083, 225.970657, 0.999995
5, 393,14,113.851891, 113.843124, 119.125923, 62.870865,18.047083, 225.970657, 1.000077
5, 393,15,225.970657, 225.962875, 119.125923, 62.870865,18.047083, 225.970657, 1.000034
5, 393,16,179.747757, 179.730652, 119.125923, 62.870865,18.047083, 225.970657, 1.000095
5, 393,17,34.159588, 34.152344, 119.125923, 62.870865,18.047083, 225.970657, 1.000212
5, 393,18,109.444603, 109.445747, 119.125923, 62.870865,18.047083, 225.970657, 0.999990
5, 393,19,148.606628, 148.603622, 119.125923, 62.870865,18.047083, 225.970657, 1.000020
5, 393,20,61.507038, 61.526333, 119.125923, 62.870865,18.047083, 225.970657, 0.999686
5, 393,21,40.571342, 40.562416, 119.125923, 62.870865,18.047083, 225.970657, 1.000220
5, 393,22,108.137718, 108.143814, 119.125923, 62.870865,18.047083, 225.970657, 0.999944
5, 393,23,131.425629, 131.425995, 119.125923, 62.870865,18.047083, 225.970657, 0.999997
5, 393,24,78.063187, 78.046371, 119.125923, 62.870865,18.047083, 225.970657, 1.000215
5, 393,25,172.979950, 172.981812, 119.125923, 62.870865,18.047083, 225.970657, 0.999989
5, 393,26,22.489494, 22.494654, 119.125923, 62.870865,18.047083, 225.970657, 0.999771
5, 393,27,146.139786, 146.132599, 119.125923, 62.870865,18.047083, 225.970657, 1.000049
5, 393,28,206.777756, 206.759247, 119.125923, 62.870865,18.047083, 225.970657, 1.000090
5, 393,29,59.481724, 59.480423, 119.125923, 62.870865,18.047083, 225.970657, 1.000022
5, 393,30,218.849380, 218.855331, 119.125923, 62.870865,18.047083, 225.970657, 0.999973
5, 393,31,144.613144, 144.618103, 119.125923, 62.870865,18.047083, 225.970657, 0.999966
5, 394,0,181.256393, 181.257355, 119.125443, 82.017998,10.322336, 257.996704, 0.999995
5, 394,1,10.521171, 10.531784, 119.125443, 82.017998,10.322336, 257.996704, 0.998992
5, 394,2,11.667836, 11.663725, 119.125443, 82.017998,10.322336, 257.996704, 1.000353
5, 394,3,36.506599, 36.505653, 119.125443, 82.017998,10.322336, 257.996704, 1.000026
5, 394,4,35.639454, 35.639603, 119.125443, 82.017998,10.322336, 257.996704, 0.999996
5, 394,5,213.417252, 213.407516, 119.125443, 82.017998,10.322336, 257.996704, 1.000046
5, 394,6,82.133240, 82.132751, 119.125443, 82.017998,10.322336, 257.996704, 1.000006
5, 394,7,96.786934, 96.779617, 119.125443, 82.017998,10.322336, 257.996704, 1.000076
5, 394,8,78.831604, 78.828087, 119.125443, 82.017998,10.322336, 257.996704, 1.000045
5, 394,9,28.818686, 28.825167, 119.125443, 82.017998,10.322336, 257.996704, 0.999775
5, 394,10,194.674957, 194.658325, 119.125443, 82.017998,10.322336, 257.996704, 1.000085
5, 394,11,163.448364, 163.442581, 119.125443, 82.017998,10.322336, 257.996704, 1.000035
5, 394,12,179.602631, 179.601227, 119.125443, 82.017998,10.322336, 257.996704, 1.000008
5, 394,13,257.996704, 257.993835, 119.125443, 82.017998,10.322336, 257.996704, 1.000011
5, 394,14,83.552185, 83.553375, 119.125443, 82.017998,10.322336, 257.996704, 0.999986
5, 394,15,220.820740, 220.814514, 119.125443, 82.017998,10.322336, 257.996704, 1.000028
5, 394,16,209.620651, 209.624252, 119.125443, 82.017998,10.322336, 257.996704, 0.999983
5, 394,17,194.065231, 194.058167, 119.125443, 82.017998,10.322336, 257.996704, 1.000036
5, 394,18,41.890434, 41.899464, 119.125443, 82.017998,10.322336, 257.996704, 0.999784
5, 394,19,17.883841, 17.885603, 119.125443, 82.017998,10.322336, 257.996704, 0.999901
5, 394,20,157.226303, 157.235901, 119.125443, 82.017998,10.322336, 257.996704, 0.999939
5, 394,21,50.035305, 50.043362, 119.125443, 82.017998,10.322336, 257.996704, 0.999839
5, 394,22,16.576281, 16.571335, 119.125443, 82.017998,10.322336, 257.996704, 1.000299
5, 394,23,72.008255, 72.013649, 119.125443, 82.017998,10.322336, 257.996704, 0.999925
5, 394,24,10.322336, 10.326668, 119.125443, 82.017998,10.322336, 257.996704, 0.999581
5, 394,25,96.785225, 96.779617, 119.125443, 82.017998,10.322336, 257.996704, 1.000058
5, 394,26,109.788963, 109.777931, 119.125443, 82.017998,10.322336, 257.996704, 1.000100
5, 394,27,195.350357, 195.357239, 119.125443, 82.017998,10.322336, 257.996704, 0.999965
5, 394,28,100.571220, 100.570473, 119.125443, 82.017998,10.322336, 257.996704, 1.000007
5, 394,29,159.082748, 159.081955, 119.125443, 82.017998,10.322336, 257.996704, 1.000005
5, 394,30,254.506851, 254.506836, 119.125443, 82.017998,10.322336, 257.996704, 1.000000
5, 394,31,250.625504, 250.632431, 119.125443, 82.017998,10.322336, 257.996704, 0.999972
5, 395,0,190.774689, 190.786224, 119.126160, 58.175182,19.846127, 206.876389, 0.999940
5, 395,1,206.257553, 206.260895, 119.126160, 58.175182,19.846127, 206.876389, 0.999984
5, 395,2,155.233643, 155.218140, 119.126160, 58.175182,19.846127, 206.876389, 1.000100
5, 395,3,201.454391, 201.442108, 119.126160, 58.175182,19.846127, 206.876389, 1.000061
5, 395,4,50.550941, 50.544464, 119.126160, 58.175182,19.846127, 206.876389, 1.000128
5, 395,5,49.120705, 49.113979, 119.126160, 58.175182,19.846127, 206.876389, 1.000137
5, 395,6,206.876389, 206.879150, 119.126160, 58.175182,19.846127, 206.876389, 0.999987
5, 395,7,19.846127, 19.849716, 119.126160, 58.175182,19.846127, 206.876389, 0.999819
5, 395,8,163.484283, 163.485855, 119.126160, 58.175182,19.846127, 206.876389, 0.999990
5, 395,9,157.338593, 157.357819, 119.126160, 58.175182,19.846127, 206.876389, 0.999878
5, 395,10,93.002296, 93.022499, 119.126160, 58.175182,19.846127, 206.876389, 0.999783
5, 395,11,37.922001, 37.912579, 119.126160, 58.175182,19.846127, 206.876389, 1.000249
5, 395,12,152.260971, 152.254150, 119.126160, 58.175182,19.846127, 206.876389, 1.000045
5, 395,13,64.131699, 64.115860, 119.126160, 58.175182,19.846127, 206.876389, 1.000247
5, 395,14,151.893600, 151.896530, 119.126160, 58.175182,19.846127, 206.876389, 0.999981
5, 395,15,144.096954, 144.107681, 119.126160, 58.175182,19.846127, 206.876389, 0.999926
5, 395,16,124.584686, 124.577957, 119.126160, 58.175182,19.846127, 206.876389, 1.000054
5, 395,17,27.409227, 27.408236, 119.126160, 58.175182,19.846127, 206.876389, 1.000036
5, 395,18,149.876297, 149.865967, 119.126160, 58.175182,19.846127, 206.876389, 1.000069
5, 395,19,113.062950, 113.049248, 119.126160, 58.175182,19.846127, 206.876389, 1.000121
5, 395,20,59.596657, 59.581955, 119.126160, 58.175182,19.846127, 206.876389, 1.000247
5, 395,21,115.420471, 115.407120, 119.126160, 58.175182,19.846127, 206.876389, 1.000116
5, 395,22,163.785797, 163.794968, 119.126160, 58.175182,19.846127, 206.876389, 0.999944
5, 395,23,161.142990, 161.146164, 119.126160, 58.175182,19.846127, 206.876389, 0.999980
5, 395,24,52.576843, 52.587139, 119.126160, 58.175182,19.846127, 206.876389, 0.999804
5, 395,25,92.662155, 92.658821, 119.126160, 58.175182,19.846127, 206.876389, 1.000036
5, 395,26,53.302826, 53.290257, 119.126160, 58.175182,19.846127, 206.876389, 1.000236
5, 395,27,171.228027, 171.226212, 119.126160, 58.175182,19.846127, 206.876389, 1.000011
5, 395,28,183.266052, 183.258026, 119.126160, 58.175182,19.846127, 206.876389, 1.000044
5, 395,29,39.153038, 39.155159, 119.126160, 58.175182,19.846127, 206.876389, 0.999946
5, 395,30,111.077278, 111.085365, 119.126160, 58.175182,19.846127, 206.876389, 0.999927
5, 395,31,149.646957, 149.659882, 119.126160, 58.175182,19.846127, 206.876389, 0.999914
5, 396,0,71.569473, 71.578201, 119.127861, 72.962997,10.457339, 234.894501, 0.999878
5, 396,1,166.321487, 166.312805, 119.127861, 72.962997,10.457339, 234.894501, 1.000052
5, 396,2,19.071198, 19.074089, 119.127861, 72.962997,10.457339, 234.894501, 0.999848
5, 396,3,10.457339, 10.451588, 119.127861, 72.962997,10.457339, 234.894501, 1.000550
5, 396,4,233.856186, 233.867508, 119.127861, 72.962997,10.457339, 234.894501, 0.999952
5, 396,5,234.894501, 234.890610, 119.127861, 72.962997,10.457339, 234.894501, 1.000017
5, 396,6,91.062019, 91.059975, 119.127861, 72.962997,10.457339, 234.894501, 1.000022
5, 396,7,65.450653, 65.453545, 119.127861, 72.962997,10.457339, 234.894501, 0.999956
5, 396,8,105.447227, 105.433159, 119.127861, 72.962997,10.457339, 234.894501, 1.000133
5, 396,9,43.112801, 43.107014, 119.127861, 72.962997,10.457339, 234.894501, 1.000134
5, 396,10,100.467018, 100.472755, 119.127861, 72.962997,10.457339, 234.894501, 0.999943
5, 396,11,71.886169, 71.867493, 119.127861, 72.962997,10.457339, 234.894501, 1.000260
5, 396,12,116.365860, 116.370049, 119.127861, 72.962997,10.457339, 234.894501, 0.999964
5, 396,13,210.971588, 210.977646, 119.127861, 72.962997,10.457339, 234.894501, 0.999971
5, 396,14,201.882919, 201.889435, 119.127861, 72.962997,10.457339, 234.894501, 0.999968
5, 396,15,111.576866, 111.578987, 119.127861, 72.962997,10.457339, 234.894501, 0.999981
5, 396,16,118.275780, 118.268127, 119.127861, 72.962997,10.457339, 234.894501, 1.000065
5, 396,17,82.895569, 82.889061, 119.127861, 72.962997,10.457339, 234.894501, 1.000079
5, 396,18,231.220276, 231.228531, 119.127861, 72.962997,10.457339, 234.894501, 0.999964
5, 396,19,17.628807, 17.627598, 119.127861, 72.962997,10.457339, 234.894501, 1.000069
5, 396,20,161.852753, 161.860428, 119.127861, 72.962997,10.457339, 234.894501, 0.999953
5, 396,21,47.780582, 47.764011, 119.127861, 72.962997,10.457339, 234.894501, 1.000347
5, 396,22,57.319370, 57.324970, 119.127861, 72.962997,10.457339, 234.894501, 0.999902
5, 396,23,198.084290, 198.079163, 119.127861, 72.962997,10.457339, 234.894501, 1.000026
5, 396,24,19.740005, 19.723246, 119.127861, 72.962997,10.457339, 234.894501, 1.000850
5, 396,25,225.307800, 225.308502, 119.127861, 72.962997,10.457339, 234.894501, 0.999997
5, 396,26,199.507385, 199.504501, 119.127861, 72.962997,10.457339, 234.894501, 1.000014
5, 396,27,43.437347, 43.410427, 119.127861, 72.962997,10.457339, 234.894501, 1.000620
5, 396,28,177.989075, 177.983521, 119.127861, 72.962997,10.457339, 234.894501, 1.000031
5, 396,29,63.121933, 63.117992, 119.127861, 72.962997,10.457339, 234.894501, 1.000062
5, 396,30,175.032974, 175.027039, 119.127861, 72.962997,10.457339, 234.894501, 1.000034
5, 396,31,138.504547, 138.497849, 119.127861, 72.962997,10.457339, 234.894501, 1.000048
5, 397,0,179.131546, 179.133240, 119.125061, 62.602936,16.350138, 212.173538, 0.999991
5, 397,1,33.836109, 33.833950, 119.125061, 62.602936,16.350138, 212.173538, 1.000064
5, 397,2,16.350138, 16.341085, 119.125061, 62.602936,16.350138, 212.173538, 1.000554
5, 397,3,45.179741, 45.186440, 119.125061, 62.602936,16.350138, 212.173538, 0.999852
5, 397,4,173.185455, 173.174759, 119.125061, 62.602936,16.350138, 212.173538, 1.000062
5, 397,5,50.748234, 50.756058, 119.125061, 62.602936,16.350138, 212.173538, 0.999846
5, 397,6,103.717239, 103.717606, 119.125061, 62.602936,16.350138, 212.173538, 0.999996
5, 397,7,195.980331, 195.973801, 119.125061, 62.602936,16.350138, 212.173538, 1.000033
5, 397,8,110.618546, 110.623177, 119.125061, 62.602936,16.350138, 212.173538, 0.999958
5, 397,9,143.529877, 143.545395, 119.125061, 62.602936,16.350138, 212.173538, 0.999892
5, 397,10,174.541870, 174.535797, 119.125061, 62.602936,16.350138, 212.173538, 1.000035
5, 397,11,180.749802, 180.745163, 119.125061, 62.602936,16.350138, 212.173538, 1.000026
5, 397,12,146.269882, 146.267471, 119.125061, 62.602936,16.350138, 212.173538, 1.000016
5, 397,13,171.514603, 171.512650, 119.125061, 62.602936,16.350138, 212.173538, 1.000011
5, 397,14,193.766266, 193.766037, 119.125061, 62.602936,16.350138, 212.173538, 1.000001
5, 397,15,140.025208, 140.033020, 119.125061, 62.602936,16.350138, 212.173538, 0.999944
5, 397,16,60.516182, 60.527977, 119.125061, 62.602936,16.350138, 212.173538, 0.999805
5, 397,17,84.571106, 84.568909, 119.125061, 62.602936,16.350138, 212.173538, 1.000026
5, 397,18,74.533836, 74.521011, 119.125061, 62.602936,16.350138, 212.173538, 1.000172
5, 397,19,121.044037, 121.034859, 119.125061, 62.602936,16.350138, 212.173538, 1.000076
5, 397,20,43.869442, 43.869297, 119.125061, 62.602936,16.350138, 212.173538, 1.000003
5, 397,21,62.054882, 62.058365, 119.125061, 62.602936,16.350138, 212.173538, 0.999944
5, 397,22,212.173538, 212.174622, 119.125061, 62.602936,16.350138, 212.173538, 0.999995
5, 397,23,145.182312, 145.182404, 119.125061, 62.602936,16.350138, 212.173538, 0.999999
5, 397,24,211.521988, 211.522324, 119.125061, 62.602936,16.350138, 212.173538, 0.999998
5, 397,25,144.559616, 144.561478, 119.125061, 62.602936,16.350138, 212.173538, 0.999987
5, 397,26,45.512074, 45.518860, 119.125061, 62.602936,16.350138, 212.173538, 0.999851
5, 397,27,28.865707, 28.853909, 119.125061, 62.602936,16.350138, 212.173538, 1.000409
5, 397,28,36.695663, 36.694023, 119.125061, 62.602936,16.350138, 212.173538, 1.000045
5, 397,29,110.226570, 110.221756, 119.125061, 62.602936,16.350138, 212.173538, 1.000044
5, 397,30,200.518173, 200.514816, 119.125061, 62.602936,16.350138, 212.173538, 1.000017
5, 397,31,171.012466, 171.029709, 119.125061, 62.602936,16.350138, 212.173538, 0.999899
5, 398,0,22.629423, 22.626886, 119.125046, 79.448723,17.544853, 245.184647, 1.000112
5, 398,1,43.197685, 43.186516, 119.125046, 79.448723,17.544853, 245.184647, 1.000259
5, 398,2,120.193153, 120.192329, 119.125046, 79.448723,17.544853, 245.184647, 1.000007
5, 398,3,118.100113, 118.096344, 119.125046, 79.448723,17.544853, 245.184647, 1.000032
5, 398,4,245.184647, 245.187607, 119.125046, 79.448723,17.544853, 245.184647, 0.999988
5, 398,5,59.858700, 59.852551, 119.125046, 79.448723,17.544853, 245.184647, 1.000103
5, 398,6,141.595459, 141.588898, 119.125046, 79.448723,17.544853, 245.184647, 1.000046
5, 398,7,143.914627, 143.917786, 119.125046, 79.448723,17.544853, 245.184647, 0.999978
5, 398,8,177.624710, 177.613739, 119.125046, 79.448723,17.544853, 245.184647, 1.000062
5, 398,9,108.554977, 108.562492, 119.125046, 79.448723,17.544853, 245.184647, 0.999931
5, 398,10,115.173035, 115.170692, 119.125046, 79.448723,17.544853, 245.184647, 1.000020
5, 398,11,175.645935, 175.648743, 119.125046, 79.448723,17.544853, 245.184647, 0.999984
5, 398,12,244.087128, 244.095947, 119.125046, 79.448723,17.544853, 245.184647, 0.999964
5, 398,13,82.220757, 82.209785, 119.125046, 79.448723,17.544853, 245.184647, 1.000133
5, 398,14,85.248558, 85.244598, 119.125046, 79.448723,17.544853, 245.184647, 1.000046
5, 398,15,76.754532, 76.751472, 119.125046, 79.448723,17.544853, 245.184647, 1.000040
5, 398,16,30.418604, 30.414074, 119.125046, 79.448723,17.544853, 245.184647, 1.000149
5, 398,17,237.099380, 237.102020, 119.125046, 79.448723,17.544853, 245.184647, 0.999989
5, 398,18,215.040649, 215.043182, 119.125046, 79.448723,17.544853, 245.184647, 0.999988
5, 398,19,19.031855, 19.038960, 119.125046, 79.448723,17.544853, 245.184647, 0.999627
5, 398,20,17.544853, 17.547020, 119.125046, 79.448723,17.544853, 245.184647, 0.999876
5, 398,21,75.903320, 75.914536, 119.125046, 79.448723,17.544853, 245.184647, 0.999852
5, 398,22,232.728180, 232.728088, 119.125046, 79.448723,17.544853, 245.184647, 1.000000
5, 398,23,28.196447, 28.208918, 119.125046, 79.448723,17.544853, 245.184647, 0.999558
5, 398,24,232.366943, 232.364212, 119.125046, 79.448723,17.544853, 245.184647, 1.000012
5, 398,25,40.760544, 40.755745, 119.125046, 79.448723,17.544853, 245.184647, 1.000118
5, 398,26,224.828049, 224.831741, 119.125046, 79.448723,17.544853, 245.184647, 0.999984
5, 398,27,18.012403, 18.012798, 119.125046, 79.448723,17.544853, 245.184647, 0.999978
5, 398,28,55.764759, 55.777012, 119.125046, 79.448723,17.544853, 245.184647, 0.999780
5, 398,29,210.701935, 210.698364, 119.125046, 79.448723,17.544853, 245.184647, 1.000017
5, 398,30,161.480591, 161.478973, 119.125046, 79.448723,17.544853, 245.184647, 1.000010
5, 398,31,52.139622, 52.138142, 119.125046, 79.448723,17.544853, 245.184647, 1.000028
5, 399,0,177.128769, 177.125748, 119.124702, 58.302963,16.828646, 207.979874, 1.000017
5, 399,1,81.648987, 81.650612, 119.124702, 58.302963,16.828646, 207.979874, 0.999980
5, 399,2,159.067245, 159.057449, 119.124702, 58.302963,16.828646, 207.979874, 1.000062
5, 399,3,182.247467, 182.247147, 119.124702, 58.302963,16.828646, 207.979874, 1.000002
5, 399,4,161.259018, 161.261047, 119.124702, 58.302963,16.828646, 207.979874, 0.999987
5, 399,5,134.280746, 134.274567, 119.124702, 58.302963,16.828646, 207.979874, 1.000046
5, 399,6,17.733425, 17.727865, 119.124702, 58.302963,16.828646, 207.979874, 1.000314
5, 399,7,61.592312, 61.604553, 119.124702, 58.302963,16.828646, 207.979874, 0.999801
5, 399,8,41.637783, 41.631748, 119.124702, 58.302963,16.828646, 207.979874, 1.000145
5, 399,9,83.323509, 83.323143, 119.124702, 58.302963,16.828646, 207.979874, 1.000004
5, 399,10,162.823547, 162.823700, 119.124702, 58.302963,16.828646, 207.979874, 0.999999
5, 399,11,160.974365, 160.980255, 119.124702, 58.302963,16.828646, 207.979874, 0.999963
5, 399,12,205.744659, 205.748154, 119.124702, 58.302963,16.828646, 207.979874, 0.999983
5, 399,13,206.391281, 206.395187, 119.124702, 58.302963,16.828646, 207.979874, 0.999981
5, 399,14,141.780380, 141.770462, 119.124702, 58.302963,16.828646, 207.979874, 1.000070
5, 399,15,197.405212, 197.403763, 119.124702, 58.302963,16.828646, 207.979874, 1.000007
5, 399,16,123.969727, 123.982948, 119.124702, 58.302963,16.828646, 207.979874, 0.999893
5, 399,17,127.381226, 127.376854, 119.124702, 58.302963,16.828646, 207.979874, 1.000034
5, 399,18,76.986938, 76.987030, 119.124702, 58.302963,16.828646, 207.979874, 0.999999
5, 399,19,120.925743, 120.918671, 119.124702, 58.302963,16.828646, 207.979874, 1.000059
5, 399,20,94.326874, 94.341156, 119.124702, 58.302963,16.828646, 207.979874, 0.999849
5, 399,21,207.979874, 207.976166, 119.124702, 58.302963,16.828646, 207.979874, 1.000018
5, 399,22,16.828646, 16.830553, 119.124702, 58.302963,16.828646, 207.979874, 0.999887
5, 399,23,86.602486, 86.601082, 119.124702, 58.302963,16.828646, 207.979874, 1.000016
5, 399,24,51.329441, 51.331257, 119.124702, 58.302963,16.828646, 207.979874, 0.999965
5, 399,25,145.484116, 145.487900, 119.124702, 58.302963,16.828646, 207.979874, 0.999974
5, 399,26,66.661499, 66.664902, 119.124702, 58.302963,16.828646, 207.979874, 0.999949
5, 399,27,86.288872, 86.295876, 119.124702, 58.302963,16.828646, 207.979874, 0.999919
5, 399,28,195.753418, 195.743423, 119.124702, 58.302963,16.828646, 207.979874, 1.000051
5, 399,29,108.814995, 108.814117, 119.124702, 58.302963,16.828646, 207.979874, 1.000008
5, 399,30,106.256180, 106.256477, 119.124702, 58.302963,16.828646, 207.979874, 0.999997
5, 399,31,21.362123, 21.365944, 119.124702, 58.302963,16.828646, 207.979874, 0.999821
5, 400,0,117.356110, 117.358070, 119.126488, 56.448528,38.962891, 233.373154, 0.999983
5, 400,1,49.284519, 49.279621, 119.126488, 56.448528,38.962891, 233.373154, 1.000099
5, 400,2,233.373154, 233.372314, 119.126488, 56.448528,38.962891, 233.373154, 1.000004
5, 400,3,113.352676, 113.335289, 119.126488, 56.448528,38.962891, 233.373154, 1.000153
5, 400,4,62.122559, 62.109432, 119.126488, 56.448528,38.962891, 233.373154, 1.000211
5, 400,5,88.352295, 88.350914, 119.126488, 56.448528,38.962891, 233.373154, 1.000016
5, 400,6,121.439713, 121.438324, 119.126488, 56.448528,38.962891, 233.373154, 1.000011
5, 400,7,145.005661, 145.000366, 119.126488, 56.448528,38.962891, 233.373154, 1.000036
5, 400,8,96.491974, 96.504242, 119.126488, 56.448528,38.962891, 233.373154, 0.999873
5, 400,9,62.679184, 62.676929, 119.126488, 56.448528,38.962891, 233.373154, 1.000036
5, 400,10,216.519775, 216.512543, 119.126488, 56.448528,38.962891, 233.373154, 1.000033
5, 400,11,230.924438, 230.908356, 119.126488, 56.448528,38.962891, 233.373154, 1.000070
5, 400,12,38.962891, 38.956867, 119.126488, 56.448528,38.962891, 233.373154, 1.000155
5, 400,13,166.772614, 166.780869, 119.126488, 56.448528,38.962891, 233.373154, 0.999951
5, 400,14,161.782959, 161.788284, 119.126488, 56.448528,38.962891, 233.373154, 0.999967
5, 400,15,172.621719, 172.621078, 119.126488, 56.448528,38.962891, 233.373154, 1.000004
5, 400,16,171.742569, 171.737503, 119.126488, 56.448528,38.962891, 233.373154, 1.000029
5, 400,17,139.666855, 139.670151, 119.126488, 56.448528,38.962891, 233.373154, 0.999976
5, 400,18,41.997272, 42.002689, 119.126488, 56.448528,38.962891, 233.373154, 0.999871
5, 400,19,45.295982, 45.292755, 119.126488, 56.448528,38.962891, 233.373154, 1.000071
5, 400,20,105.424088, 105.433388, 119.126488, 56.448528,38.962891, 233.373154, 0.999912
5, 400,21,111.626915, 111.625603, 119.126488, 56.448528,38.962891, 233.373154, 1.000012
5, 400,22,108.710129, 108.701897, 119.126488, 56.448528,38.962891, 233.373154, 1.000076
5, 400,23,109.469162, 109.470543, 119.126488, 56.448528,38.962891, 233.373154, 0.999987
5, 400,24,131.977692, 131.976578, 119.126488, 56.448528,38.962891, 233.373154, 1.000008
5, 400,25,105.267128, 105.268166, 119.126488, 56.448528,38.962891, 233.373154, 0.999990
5, 400,26,70.218536, 70.234024, 119.126488, 56.448528,38.962891, 233.373154, 0.999779
5, 400,27,146.043472, 146.034790, 119.126488, 56.448528,38.962891, 233.373154, 1.000059
5, 400,28,71.685211, 71.677910, 119.126488, 56.448528,38.962891, 233.373154, 1.000102
5, 400,29,228.579193, 228.566528, 119.126488, 56.448528,38.962891, 233.373154, 1.000055
5, 400,30,72.178688, 72.180756, 119.126488, 56.448528,38.962891, 233.373154, 0.999971
5, 400,31,75.122223, 75.133194, 119.126488, 56.448528,38.962891, 233.373154, 0.999854
5, 401,0,133.271439, 133.282684, 119.124557, 60.439167,14.177474, 210.996140, 0.999916
5, 401,1,160.523697, 160.533340, 119.124557, 60.439167,14.177474, 210.996140, 0.999940
5, 401,2,172.314209, 172.293762, 119.124557, 60.439167,14.177474, 210.996140, 1.000119
5, 401,3,63.330818, 63.328377, 119.124557, 60.439167,14.177474, 210.996140, 1.000039
5, 401,4,92.438156, 92.447044, 119.124557, 60.439167,14.177474, 210.996140, 0.999904
5, 401,5,116.276733, 116.278183, 119.124557, 60.439167,14.177474, 210.996140, 0.999988
5, 401,6,125.780106, 125.767181, 119.124557, 60.439167,14.177474, 210.996140, 1.000103
5, 401,7,135.839478, 135.833374, 119.124557, 60.439167,14.177474, 210.996140, 1.000045
5, 401,8,60.655449, 60.653576, 119.124557, 60.439167,14.177474, 210.996140, 1.000031
5, 401,9,107.669510, 107.664215, 119.124557, 60.439167,14.177474, 210.996140, 1.000049
5, 401,10,120.780853, 120.777550, 119.124557, 60.439167,14.177474, 210.996140, 1.000027
5, 401,11,51.424149, 51.431423, 119.124557, 60.439167,14.177474, 210.996140, 0.999859
5, 401,12,170.663605, 170.655365, 119.124557, 60.439167,14.177474, 210.996140, 1.000048
5, 401,13,107.542725, 107.540092, 119.124557, 60.439167,14.177474, 210.996140, 1.000024
5, 401,14,40.702118, 40.695000, 119.124557, 60.439167,14.177474, 210.996140, 1.000175
5, 401,15,42.559086, 42.569218, 119.124557, 60.439167,14.177474, 210.996140, 0.999762
5, 401,16,179.215103, 179.225876, 119.124557, 60.439167,14.177474, 210.996140, 0.999940
5, 401,17,195.072510, 195.076080, 119.124557, 60.439167,14.177474, 210.996140, 0.999982
5, 401,18,74.247139, 74.244774, 119.124557, 60.439167,14.177474, 210.996140, 1.000032
5, 401,19,196.094788, 196.112488, 119.124557, 60.439167,14.177474, 210.996140, 0.999910
5, 401,20,205.167450, 205.167068, 119.124557, 60.439167,14.177474, 210.996140, 1.000002
5, 401,21,197.463867, 197.465393, 119.124557, 60.439167,14.177474, 210.996140, 0.999992
5, 401,22,87.418083, 87.413956, 119.124557, 60.439167,14.177474, 210.996140, 1.000047
5, 401,23,126.202126, 126.201607, 119.124557, 60.439167,14.177474, 210.996140, 1.000004
5, 401,24,210.996140, 211.006943, 119.124557, 60.439167,14.177474, 210.996140, 0.999949
5, 401,25,50.054020, 50.053684, 119.124557, 60.439167,14.177474, 210.996140, 1.000007
5, 401,26,93.531067, 93.520683, 119.124557, 60.439167,14.177474, 210.996140, 1.000111
5, 401,27,29.690598, 29.704130, 119.124557, 60.439167,14.177474, 210.996140, 0.999544
5, 401,28,14.177474, 14.170448, 119.124557, 60.439167,14.177474, 210.996140, 1.000496
5, 401,29,195.066910, 195.069870, 119.124557, 60.439167,14.177474, 210.996140, 0.999985
5, 401,30,201.010071, 201.009033, 119.124557, 60.439167,14.177474, 210.996140, 1.000005
5, 401,31,54.806732, 54.807499, 119.124557, 60.439167,14.177474, 210.996140, 0.999986
5, 402,0,94.487373, 94.492691, 119.125740, 64.840477,17.594812, 229.209686, 0.999944
5, 402,1,17.594812, 17.602999, 119.125740, 64.840477,17.594812, 229.209686, 0.999535
5, 402,2,158.278503, 158.271912, 119.125740, 64.840477,17.594812, 229.209686, 1.000042
5, 402,3,106.298996, 106.300171, 119.125740, 64.840477,17.594812, 229.209686, 0.999989
5, 402,4,62.424549, 62.428452, 119.125740, 64.840477,17.594812, 229.209686, 0.999937
5, 402,5,153.223801, 153.227859, 119.125740, 64.840477,17.594812, 229.209686, 0.999974
5, 402,6,53.044659, 53.045601, 119.125740, 64.840477,17.594812, 229.209686, 0.999982
5, 402,7,17.824883, 17.817924, 119.125740, 64.840477,17.594812, 229.209686, 1.000391
5, 402,8,38.043415, 38.041096, 119.125740, 64.840477,17.594812, 229.209686, 1.000061
5, 402,9,100.809219, 100.806137, 119.125740, 64.840477,17.594812, 229.209686, 1.000031
5, 402,10,51.061440, 51.050819, 119.125740, 64.840477,17.594812, 229.209686, 1.000208
5, 402,11,128.887268, 128.887543, 119.125740, 64.840477,17.594812, 229.209686, 0.999998
5, 402,12,67.467453, 67.472488, 119.125740, 64.840477,17.594812, 229.209686, 0.999925
5, 402,13,192.262512, 192.263763, 119.125740, 64.840477,17.594812, 229.209686, 0.999994
5, 402,14,56.315029, 56.323215, 119.125740, 64.840477,17.594812, 229.209686, 0.999855
5, 402,15,118.809135, 118.826317, 119.125740, 64.840477,17.594812, 229.209686, 0.999855
5, 402,16,187.392426, 187.387634, 119.125740, 64.840477,17.594812, 229.209686, 1.000026
5, 402,17,122.536758, 122.553940, 119.125740, 64.840477,17.594812, 229.209686, 0.999860
5, 402,18,138.560608, 138.545746, 119.125740, 64.840477,17.594812, 229.209686, 1.000107
5, 402,19,224.053452, 224.052628, 119.125740, 64.840477,17.594812, 229.209686, 1.000004
5, 402,20,222.945572, 222.951126, 119.125740, 64.840477,17.594812, 229.209686, 0.999975
5, 402,21,23.415796, 23.412712, 119.125740, 64.840477,17.594812, 229.209686, 1.000132
5, 402,22,90.519730, 90.509850, 119.125740, 64.840477,17.594812, 229.209686, 1.000109
5, 402,23,172.193604, 172.181625, 119.125740, 64.840477,17.594812, 229.209686, 1.000070
5, 402,24,41.914749, 41.909760, 119.125740, 64.840477,17.594812, 229.209686, 1.000119
5, 402,25,168.775238, 168.762955, 119.125740, 64.840477,17.594812, 229.209686, 1.000073
5, 402,26,229.209686, 229.210846, 119.125740, 64.840477,17.594812, 229.209686, 0.999995
5, 402,27,107.597343, 107.603157, 119.125740, 64.840477,17.594812, 229.209686, 0.999946
5, 402,28,216.597092, 216.590668, 119.125740, 64.840477,17.594812, 229.209686, 1.000030
5, 402,29,116.702515, 116.683769, 119.125740, 64.840477,17.594812, 229.209686, 1.000161
5, 402,30,146.041016, 146.048019, 119.125740, 64.840477,17.594812, 229.209686, 0.999952
5, 402,31,186.734573, 186.736145, 119.125740, 64.840477,17.594812, 229.209686, 0.999992
5, 403,0,65.886276, 65.900528, 119.124115, 57.221134,12.508299, 200.043549, 0.999784
5, 403,1,160.096344, 160.103577, 119.124115, 57.221134,12.508299, 200.043549, 0.999955
5, 403,2,126.885384, 126.897202, 119.124115, 57.221134,12.508299, 200.043549, 0.999907
5, 403,3,29.631344, 29.628304, 119.124115, 57.221134,12.508299, 200.043549, 1.000103
5, 403,4,115.990822, 115.989357, 119.124115, 57.221134,12.508299, 200.043549, 1.000013
5, 403,5,97.465431, 97.466377, 119.124115, 57.221134,12.508299, 200.043549, 0.999990
5, 403,6,82.056702, 82.049950, 119.124115, 57.221134,12.508299, 200.043549, 1.000082
5, 403,7,200.043549, 200.040833, 119.124115, 57.221134,12.508299, 200.043549, 1.000014
5, 403,8,149.770706, 149.760025, 119.124115, 57.221134,12.508299, 200.043549, 1.000071
5, 403,9,24.984669, 25.003376, 119.124115, 57.221134,12.508299, 200.043549, 0.999252
5, 403,10,177.562683, 177.567764, 119.124115, 57.221134,12.508299, 200.043549, 0.999971
5, 403,11,194.646896, 194.630554, 119.124115, 57.221134,12.508299, 200.043549, 1.000084
5, 403,12,148.034302, 148.038055, 119.124115, 57.221134,12.508299, 200.043549, 0.999975
5, 403,13,85.912491, 85.930237, 119.124115, 57.221134,12.508299, 200.043549, 0.999793
5, 403,14,12.508299, 12.513167, 119.124115, 57.221134,12.508299, 200.043549, 0.999611
5, 403,15,81.428513, 81.427475, 119.124115, 57.221134,12.508299, 200.043549, 1.000013
5, 403,16,165.529709, 165.537155, 119.124115, 57.221134,12.508299, 200.043549, 0.999955
5, 403,17,197.384415, 197.388046, 119.124115, 57.221134,12.508299, 200.043549, 0.999982
5, 403,18,68.288788, 68.303154, 119.124115, 57.221134,12.508299, 200.043549, 0.999790
5, 403,19,100.700157, 100.689278, 119.124115, 57.221134,12.508299, 200.043549, 1.000108
5, 403,20,51.634678, 51.624336, 119.124115, 57.221134,12.508299, 200.043549, 1.000200
5, 403,21,149.374542, 149.370255, 119.124115, 57.221134,12.508299, 200.043549, 1.000029
5, 403,22,196.513275, 196.515427, 119.124115, 57.221134,12.508299, 200.043549, 0.999989
5, 403,23,78.208054, 78.204567, 119.124115, 57.221134,12.508299, 200.043549, 1.000045
5, 403,24,185.707291, 185.694839, 119.124115, 57.221134,12.508299, 200.043549, 1.000067
5, 403,25,91.276794, 91.282356, 119.124115, 57.221134,12.508299, 200.043549, 0.999939
5, 403,26,184.681824, 184.688416, 119.124115, 57.221134,12.508299, 200.043549, 0.999964
5, 403,27,39.355907, 39.366829, 119.124115, 57.221134,12.508299, 200.043549, 0.999723
5, 403,28,135.337402, 135.332596, 119.124115, 57.221134,12.508299, 200.043549, 1.000036
5, 403,29,196.798157, 196.806305, 119.124115, 57.221134,12.508299, 200.043549, 0.999959
5, 403,30,118.410454, 118.403618, 119.124115, 57.221134,12.508299, 200.043549, 1.000058
5, 403,31,99.865776, 99.845741, 119.124115, 57.221134,12.508299, 200.043549, 1.000201
5, 404,0,71.344200, 71.344795, 119.124069, 68.357712,11.070857, 255.388336, 0.999992
5, 404,1,139.801559, 139.791382, 119.124069, 68.357712,11.070857, 255.388336, 1.000073
5, 404,2,87.770325, 87.782997, 119.124069, 68.357712,11.070857, 255.388336, 0.999856
5, 404,3,117.219193, 117.215637, 119.124069, 68.357712,11.070857, 255.388336, 1.000030
5, 404,4,35.357700, 35.369011, 119.124069, 68.357712,11.070857, 255.388336, 0.999680
5, 404,5,253.110107, 253.106293, 119.124069, 68.357712,11.070857, 255.388336, 1.000015
5, 404,6,84.806557, 84.806053, 119.124069, 68.357712,11.070857, 255.388336, 1.000006
5, 404,7,61.992912, 61.985428, 119.124069, 68.357712,11.070857, 255.388336, 1.000121
5, 404,8,60.973358, 60.975258, 119.124069, 68.357712,11.070857, 255.388336, 0.999969
5, 404,9,89.649979, 89.650276, 119.124069, 68.357712,11.070857, 255.388336, 0.999997
5, 404,10,99.008453, 99.009636, 119.124069, 68.357712,11.070857, 255.388336, 0.999988
5, 404,11,145.595291, 145.607498, 119.124069, 68.357712,11.070857, 255.388336, 0.999916
5, 404,12,78.441780, 78.446587, 119.124069, 68.357712,11.070857, 255.388336, 0.999939
5, 404,13,49.680920, 49.672081, 119.124069, 68.357712,11.070857, 255.388336, 1.000178
5, 404,14,236.939346, 236.943588, 119.124069, 68.357712,11.070857, 255.388336, 0.999982
5, 404,15,13.269599, 13.260090, 119.124069, 68.357712,11.070857, 255.388336, 1.000717
5, 404,16,129.242676, 129.222870, 119.124069, 68.357712,11.070857, 255.388336, 1.000153
5, 404,17,194.125580, 194.141510, 119.124069, 68.357712,11.070857, 255.388336, 0.999918
5, 404,18,136.130661, 136.133347, 119.124069, 68.357712,11.070857, 255.388336, 0.999980
5, 404,19,162.824387, 162.826294, 119.124069, 68.357712,11.070857, 255.388336, 0.999988
5, 404,20,112.206276, 112.210716, 119.124069, 68.357712,11.070857, 255.388336, 0.999960
5, 404,21,34.000301, 33.991508, 119.124069, 68.357712,11.070857, 255.388336, 1.000259
5, 404,22,255.388336, 255.386826, 119.124069, 68.357712,11.070857, 255.388336, 1.000006
5, 404,23,111.311409, 111.322990, 119.124069, 68.357712,11.070857, 255.388336, 0.999896
5, 404,24,175.130798, 175.139633, 119.124069, 68.357712,11.070857, 255.388336, 0.999950
5, 404,25,145.867294, 145.867691, 119.124069, 68.357712,11.070857, 255.388336, 0.999997
5, 404,26,193.722397, 193.712967, 119.124069, 68.357712,11.070857, 255.388336, 1.000049
5, 404,27,209.695038, 209.684357, 119.124069, 68.357712,11.070857, 255.388336, 1.000051
5, 404,28,191.522873, 191.531937, 119.124069, 68.357712,11.070857, 255.388336, 0.999953
5, 404,29,11.070857, 11.086697, 119.124069, 68.357712,11.070857, 255.388336, 0.998571
5, 404,30,63.870132, 63.875668, 119.124069, 68.357712,11.070857, 255.388336, 0.999913
5, 404,31,60.899712, 60.898731, 119.124069, 68.357712,11.070857, 255.388336, 1.000016
5, 405,0,138.408539, 138.408997, 119.124496, 66.203026,10.750098, 234.291016, 0.999997
5, 405,1,131.561676, 131.556946, 119.124496, 66.203026,10.750098, 234.291016, 1.000036
5, 405,2,36.503014, 36.504047, 119.124496, 66.203026,10.750098, 234.291016, 0.999972
5, 405,3,151.624924, 151.625717, 119.124496, 66.203026,10.750098, 234.291016, 0.999995
5, 405,4,130.931793, 130.928253, 119.124496, 66.203026,10.750098, 234.291016, 1.000027
5, 405,5,122.625854, 122.635139, 119.124496, 66.203026,10.750098, 234.291016, 0.999924
5, 405,6,78.237427, 78.230972, 119.124496, 66.203026,10.750098, 234.291016, 1.000082
5, 405,7,218.849396, 218.853592, 119.124496, 66.203026,10.750098, 234.291016, 0.999981
5, 405,8,28.749626, 28.747801, 119.124496, 66.203026,10.750098, 234.291016, 1.000064
5, 405,9,183.537003, 183.547836, 119.124496, 66.203026,10.750098, 234.291016, 0.999941
5, 405,10,10.750098, 10.741717, 119.124496, 66.203026,10.750098, 234.291016, 1.000780
5, 405,11,88.746704, 88.742165, 119.124496, 66.203026,10.750098, 234.291016, 1.000051
5, 405,12,220.132126, 220.146301, 119.124496, 66.203026,10.750098, 234.291016, 0.999936
5, 405,13,92.645767, 92.648552, 119.124496, 66.203026,10.750098, 234.291016, 0.999970
5, 405,14,99.831345, 99.839676, 119.124496, 66.203026,10.750098, 234.291016, 0.999917
5, 405,15,45.364742, 45.362278, 119.124496, 66.203026,10.750098, 234.291016, 1.000054
5, 405,16,196.179031, 196.185287, 119.124496, 66.203026,10.750098, 234.291016, 0.999968
5, 405,17,231.283905, 231.279129, 119.124496, 66.203026,10.750098, 234.291016, 1.000021
5, 405,18,207.551773, 207.558289, 119.124496, 66.203026,10.750098, 234.291016, 0.999969
5, 405,19,146.499802, 146.504318, 119.124496, 66.203026,10.750098, 234.291016, 0.999969
5, 405,20,41.726570, 41.731392, 119.124496, 66.203026,10.750098, 234.291016, 0.999884
5, 405,21,148.697266, 148.701218, 119.124496, 66.203026,10.750098, 234.291016, 0.999973
5, 405,22,75.381996, 75.377121, 119.124496, 66.203026,10.750098, 234.291016, 1.000065
5, 405,23,97.241547, 97.247200, 119.124496, 66.203026,10.750098, 234.291016, 0.999942
5, 405,24,33.613132, 33.607819, 119.124496, 66.203026,10.750098, 234.291016, 1.000158
5, 405,25,28.184034, 28.189747, 119.124496, 66.203026,10.750098, 234.291016, 0.999797
5, 405,26,163.156845, 163.161194, 119.124496, 66.203026,10.750098, 234.291016, 0.999973
5, 405,27,234.291016, 234.295456, 119.124496, 66.203026,10.750098, 234.291016, 0.999981
5, 405,28,146.926529, 146.906967, 119.124496, 66.203026,10.750098, 234.291016, 1.000133
5, 405,29,113.649483, 113.649765, 119.124496, 66.203026,10.750098, 234.291016, 0.999997
5, 405,30,41.723698, 41.717266, 119.124496, 66.203026,10.750098, 234.291016, 1.000154
5, 405,31,127.377563, 127.368011, 119.124496, 66.203026,10.750098, 234.291016, 1.000075
5, 406,0,191.611710, 191.610214, 119.123932, 55.411575,16.181913, 195.655243, 1.000008
5, 406,1,181.038437, 181.040588, 119.123932, 55.411575,16.181913, 195.655243, 0.999988
5, 406,2,16.181913, 16.183672, 119.123932, 55.411575,16.181913, 195.655243, 0.999891
5, 406,3,180.274170, 180.291046, 119.123932, 55.411575,16.181913, 195.655243, 0.999906
5, 406,4,81.880486, 81.891037, 119.123932, 55.411575,16.181913, 195.655243, 0.999871
5, 406,5,124.270042, 124.269104, 119.123932, 55.411575,16.181913, 195.655243, 1.000008
5, 406,6,175.355240, 175.348785, 119.123932, 55.411575,16.181913, 195.655243, 1.000037
5, 406,7,172.831528, 172.842545, 119.123932, 55.411575,16.181913, 195.655243, 0.999936
5, 406,8,70.583488, 70.595291, 119.123932, 55.411575,16.181913, 195.655243, 0.999833
5, 406,9,159.040817, 159.034683, 119.123932, 55.411575,16.181913, 195.655243, 1.000039
5, 406,10,176.734650, 176.736618, 119.123932, 55.411575,16.181913, 195.655243, 0.999989
5, 406,11,102.345383, 102.345169, 119.123932, 55.411575,16.181913, 195.655243, 1.000002
5, 406,12,112.732124, 112.733269, 119.123932, 55.411575,16.181913, 195.655243, 0.999990
5, 406,13,110.817848, 110.812584, 119.123932, 55.411575,16.181913, 195.655243, 1.000048
5, 406,14,33.216068, 33.218048, 119.123932, 55.411575,16.181913, 195.655243, 0.999940
5, 406,15,23.195595, 23.181292, 119.123932, 55.411575,16.181913, 195.655243, 1.000617
5, 406,16,53.864368, 53.877129, 119.123932, 55.411575,16.181913, 195.655243, 0.999763
5, 406,17,128.951065, 128.947845, 119.123932, 55.411575,16.181913, 195.655243, 1.000025
5, 406,18,142.705444, 142.691284, 119.123932, 55.411575,16.181913, 195.655243, 1.000099
5, 406,19,137.393051, 137.397690, 119.123932, 55.411575,16.181913, 195.655243, 0.999966
5, 406,20,185.549332, 185.549515, 119.123932, 55.411575,16.181913, 195.655243, 0.999999
5, 406,21,195.655243, 195.662384, 119.123932, 55.411575,16.181913, 195.655243, 0.999964
5, 406,22,194.709503, 194.707901, 119.123932, 55.411575,16.181913, 195.655243, 1.000008
5, 406,23,69.248497, 69.260178, 119.123932, 55.411575,16.181913, 195.655243, 0.999831
5, 406,24,87.623863, 87.629669, 119.123932, 55.411575,16.181913, 195.655243, 0.999934
5, 406,25,169.060394, 169.053864, 119.123932, 55.411575,16.181913, 195.655243, 1.000039
5, 406,26,120.701553, 120.702942, 119.123932, 55.411575,16.181913, 195.655243, 0.999988
5, 406,27,68.017754, 68.018768, 119.123932, 55.411575,16.181913, 195.655243, 0.999985
5, 406,28,128.904236, 128.900986, 119.123932, 55.411575,16.181913, 195.655243, 1.000025
5, 406,29,102.374634, 102.380302, 119.123932, 55.411575,16.181913, 195.655243, 0.999945
5, 406,30,23.767962, 23.766867, 119.123932, 55.411575,16.181913, 195.655243, 1.000046
5, 406,31,91.329109, 91.318787, 119.123932, 55.411575,16.181913, 195.655243, 1.000113
5, 407,0,150.310364, 150.311188, 119.124146, 69.951187,11.961599, 257.499176, 0.999995
5, 407,1,132.394318, 132.393982, 119.124146, 69.951187,11.961599, 257.499176, 1.000003
5, 407,2,195.498611, 195.498138, 119.124146, 69.951187,11.961599, 257.499176, 1.000002
5, 407,3,142.253067, 142.245712, 119.124146, 69.951187,11.961599, 257.499176, 1.000052
5, 407,4,40.441719, 40.444439, 119.124146, 69.951187,11.961599, 257.499176, 0.999933
5, 407,5,51.563820, 51.559818, 119.124146, 69.951187,11.961599, 257.499176, 1.000078
5, 407,6,176.078964, 176.091064, 119.124146, 69.951187,11.961599, 257.499176, 0.999931
5, 407,7,98.056969, 98.065002, 119.124146, 69.951187,11.961599, 257.499176, 0.999918
5, 407,8,77.324966, 77.316299, 119.124146, 69.951187,11.961599, 257.499176, 1.000112
5, 407,9,158.583450, 158.595078, 119.124146, 69.951187,11.961599, 257.499176, 0.999927
5, 407,10,177.045349, 177.058304, 119.124146, 69.951187,11.961599, 257.499176, 0.999927
5, 407,11,38.055046, 38.049759, 119.124146, 69.951187,11.961599, 257.499176, 1.000139
5, 407,12,257.499176, 257.486847, 119.124146, 69.951187,11.961599, 257.499176, 1.000048
5, 407,13,131.410172, 131.403351, 119.124146, 69.951187,11.961599, 257.499176, 1.000052
5, 407,14,244.723801, 244.717804, 119.124146, 69.951187,11.961599, 257.499176, 1.000025
5, 407,15,154.833664, 154.835342, 119.124146, 69.951187,11.961599, 257.499176, 0.999989
5, 407,16,158.409225, 158.415665, 119.124146, 69.951187,11.961599, 257.499176, 0.999959
5, 407,17,132.517212, 132.518784, 119.124146, 69.951187,11.961599, 257.499176, 0.999988
5, 407,18,11.961599, 11.957867, 119.124146, 69.951187,11.961599, 257.499176, 1.000312
5, 407,19,38.258797, 38.275963, 119.124146, 69.951187,11.961599, 257.499176, 0.999552
5, 407,20,49.699730, 49.703354, 119.124146, 69.951187,11.961599, 257.499176, 0.999927
5, 407,21,63.128021, 63.119816, 119.124146, 69.951187,11.961599, 257.499176, 1.000130
5, 407,22,73.340050, 73.345963, 119.124146, 69.951187,11.961599, 257.499176, 0.999919
5, 407,23,205.167358, 205.162674, 119.124146, 69.951187,11.961599, 257.499176, 1.000023
5, 407,24,41.989143, 41.981091, 119.124146, 69.951187,11.961599, 257.499176, 1.000192
5, 407,25,103.643631, 103.642197, 119.124146, 69.951187,11.961599, 257.499176, 1.000014
5, 407,26,12.033319, 12.020269, 119.124146, 69.951187,11.961599, 257.499176, 1.001086
5, 407,27,126.983330, 126.996193, 119.124146, 69.951187,11.961599, 257.499176, 0.999899
5, 407,28,29.009182, 29.024851, 119.124146, 69.951187,11.961599, 257.499176, 0.999460
5, 407,29,152.542801, 152.549881, 119.124146, 69.951187,11.961599, 257.499176, 0.999954
5, 407,30,243.078979, 243.079758, 119.124146, 69.951187,11.961599, 257.499176, 0.999997
5, 407,31,144.136749, 144.133377, 119.124146, 69.951187,11.961599, 257.499176, 1.000023
5, 408,0,220.726761, 220.725830, 119.124825, 72.322426,20.695881, 240.981674, 1.000004
5, 408,1,228.647766, 228.649887, 119.124825, 72.322426,20.695881, 240.981674, 0.999991
5, 408,2,130.594070, 130.587738, 119.124825, 72.322426,20.695881, 240.981674, 1.000049
5, 408,3,196.835281, 196.831802, 119.124825, 72.322426,20.695881, 240.981674, 1.000018
5, 408,4,38.926384, 38.923576, 119.124825, 72.322426,20.695881, 240.981674, 1.000072
5, 408,5,88.786324, 88.782166, 119.124825, 72.322426,20.695881, 240.981674, 1.000047
5, 408,6,119.373581, 119.382263, 119.124825, 72.322426,20.695881, 240.981674, 0.999927
5, 408,7,61.490135, 61.484962, 119.124825, 72.322426,20.695881, 240.981674, 1.000084
5, 408,8,170.988815, 170.974686, 119.124825, 72.322426,20.695881, 240.981674, 1.000083
5, 408,9,39.992172, 39.998268, 119.124825, 72.322426,20.695881, 240.981674, 0.999848
5, 408,10,177.820129, 177.816910, 119.124825, 72.322426,20.695881, 240.981674, 1.000018
5, 408,11,104.519638, 104.522835, 119.124825, 72.322426,20.695881, 240.981674, 0.999969
5, 408,12,227.287033, 227.274277, 119.124825, 72.322426,20.695881, 240.981674, 1.000056
5, 408,13,80.167183, 80.155968, 119.124825, 72.322426,20.695881, 240.981674, 1.000140
5, 408,14,186.314987, 186.314148, 119.124825, 72.322426,20.695881, 240.981674, 1.000005
5, 408,15,240.981674, 240.973038, 119.124825, 72.322426,20.695881, 240.981674, 1.000036
5, 408,16,33.203529, 33.213371, 119.124825, 72.322426,20.695881, 240.981674, 0.999704
5, 408,17,26.104216, 26.113232, 119.124825, 72.322426,20.695881, 240.981674, 0.999655
5, 408,18,115.292191, 115.305588, 119.124825, 72.322426,20.695881, 240.981674, 0.999884
5, 408,19,66.259178, 66.256599, 119.124825, 72.322426,20.695881, 240.981674, 1.000039
5, 408,20,52.008766, 52.013336, 119.124825, 72.322426,20.695881, 240.981674, 0.999912
5, 408,21,152.801437, 152.805206, 119.124825, 72.322426,20.695881, 240.981674, 0.999975
5, 408,22,132.812988, 132.801605, 119.124825, 72.322426,20.695881, 240.981674, 1.000086
5, 408,23,206.277039, 206.267609, 119.124825, 72.322426,20.695881, 240.981674, 1.000046
5, 408,24,63.700821, 63.705997, 119.124825, 72.322426,20.695881, 240.981674, 0.999919
5, 408,25,20.695881, 20.711109, 119.124825, 72.322426,20.695881, 240.981674, 0.999265
5, 408,26,42.958569, 42.950089, 119.124825, 72.322426,20.695881, 240.981674, 1.000197
5, 408,27,39.970699, 39.983936, 119.124825, 72.322426,20.695881, 240.981674, 0.999669
5, 408,28,40.015137, 40.019760, 119.124825, 72.322426,20.695881, 240.981674, 0.999884
5, 408,29,106.297989, 106.306831, 119.124825, 72.322426,20.695881, 240.981674, 0.999917
5, 408,30,175.860611, 175.860977, 119.124825, 72.322426,20.695881, 240.981674, 0.999998
5, 408,31,224.282959, 224.286636, 119.124825, 72.322426,20.695881, 240.981674, 0.999984
5, 409,0,256.468689, 256.468079, 119.125221, 77.860916,10.697287, 256.468689, 1.000002
5, 409,1,187.821564, 187.819046, 119.125221, 77.860916,10.697287, 256.468689, 1.000013
5, 409,2,107.837082, 107.831879, 119.125221, 77.860916,10.697287, 256.468689, 1.000048
5, 409,3,22.702824, 22.707113, 119.125221, 77.860916,10.697287, 256.468689, 0.999811
5, 409,4,184.315475, 184.308090, 119.125221, 77.860916,10.697287, 256.468689, 1.000040
5, 409,5,153.394943, 153.393875, 119.125221, 77.860916,10.697287, 256.468689, 1.000007
5, 409,6,82.065453, 82.071396, 119.125221, 77.860916,10.697287, 256.468689, 0.999928
5, 409,7,229.937103, 229.942566, 119.125221, 77.860916,10.697287, 256.468689, 0.999976
5, 409,8,208.160904, 208.152039, 119.125221, 77.860916,10.697287, 256.468689, 1.000043
5, 409,9,52.569748, 52.574463, 119.125221, 77.860916,10.697287, 256.468689, 0.999910
5, 409,10,27.549614, 27.554821, 119.125221, 77.860916,10.697287, 256.468689, 0.999811
5, 409,11,159.942612, 159.932663, 119.125221, 77.860916,10.697287, 256.468689, 1.000062
5, 409,12,18.518450, 18.511671, 119.125221, 77.860916,10.697287, 256.468689, 1.000366
5, 409,13,107.961006, 107.952667, 119.125221, 77.860916,10.697287, 256.468689, 1.000077
5, 409,14,206.928650, 206.928024, 119.125221, 77.860916,10.697287, 256.468689, 1.000003
5, 409,15,59.774952, 59.773552, 119.125221, 77.860916,10.697287, 256.468689, 1.000023
5, 409,16,122.959846, 122.954788, 119.125221, 77.860916,10.697287, 256.468689, 1.000041
5, 409,17,195.628174, 195.630127, 119.125221, 77.860916,10.697287, 256.468689, 0.999990
5, 409,18,93.696785, 93.699448, 119.125221, 77.860916,10.697287, 256.468689, 0.999972
5, 409,19,113.442909, 113.428482, 119.125221, 77.860916,10.697287, 256.468689, 1.000127
5, 409,20,66.097130, 66.094894, 119.125221, 77.860916,10.697287, 256.468689, 1.000034
5, 409,21,204.880493, 204.882660, 119.125221, 77.860916,10.697287, 256.468689, 0.999989
5, 409,22,96.975792, 96.976883, 119.125221, 77.860916,10.697287, 256.468689, 0.999989
5, 409,23,50.218906, 50.223083, 119.125221, 77.860916,10.697287, 256.468689, 0.999917
5, 409,24,32.891968, 32.893738, 119.125221, 77.860916,10.697287, 256.468689, 0.999946
5, 409,25,10.697287, 10.708635, 119.125221, 77.860916,10.697287, 256.468689, 0.998940
5, 409,26,225.413620, 225.416962, 119.125221, 77.860916,10.697287, 256.468689, 0.999985
5, 409,27,19.530832, 19.558519, 119.125221, 77.860916,10.697287, 256.468689, 0.998584
5, 409,28,236.491943, 236.497421, 119.125221, 77.860916,10.697287, 256.468689, 0.999977
5, 409,29,24.219353, 24.212961, 119.125221, 77.860916,10.697287, 256.468689, 1.000264
5, 409,30,184.383347, 184.380554, 119.125221, 77.860916,10.697287, 256.468689, 1.000015
5, 409,31,68.529678, 68.518753, 119.125221, 77.860916,10.697287, 256.468689, 1.000160
5, 410,0,11.337604, 11.347019, 119.124435, 63.953232,11.337604, 213.391159, 0.999170
5, 410,1,207.498932, 207.503296, 119.124435, 63.953232,11.337604, 213.391159, 0.999979
5, 410,2,210.849670, 210.844437, 119.124435, 63.953232,11.337604, 213.391159, 1.000025
5, 410,3,146.541138, 146.550705, 119.124435, 63.953232,11.337604, 213.391159, 0.999935
5, 410,4,207.148590, 207.153351, 119.124435, 63.953232,11.337604, 213.391159, 0.999977
5, 410,5,117.382805, 117.385117, 119.124435, 63.953232,11.337604, 213.391159, 0.999980
5, 410,6,51.302872, 51.301968, 119.124435, 63.953232,11.337604, 213.391159, 1.000018
5, 410,7,27.113501, 27.101854, 119.124435, 63.953232,11.337604, 213.391159, 1.000430
5, 410,8,17.270359, 17.276543, 119.124435, 63.953232,11.337604, 213.391159, 0.999642
5, 410,9,55.149899, 55.158138, 119.124435, 63.953232,11.337604, 213.391159, 0.999851
5, 410,10,91.975861, 91.983246, 119.124435, 63.953232,11.337604, 213.391159, 0.999920
5, 410,11,193.036606, 193.029449, 119.124435, 63.953232,11.337604, 213.391159, 1.000037
5, 410,12,187.453949, 187.443298, 119.124435, 63.953232,11.337604, 213.391159, 1.000057
5, 410,13,85.241035, 85.228348, 119.124435, 63.953232,11.337604, 213.391159, 1.000149
5, 410,14,50.600315, 50.602047, 119.124435, 63.953232,11.337604, 213.391159, 0.999966
5, 410,15,135.649124, 135.642502, 119.124435, 63.953232,11.337604, 213.391159, 1.000049
5, 410,16,143.987091, 143.988739, 119.124435, 63.953232,11.337604, 213.391159, 0.999989
5, 410,17,114.055313, 114.043976, 119.124435, 63.953232,11.337604, 213.391159, 1.000099
5, 410,18,133.936768, 133.945526, 119.124435, 63.953232,11.337604, 213.391159, 0.999935
5, 410,19,213.391159, 213.386612, 119.124435, 63.953232,11.337604, 213.391159, 1.000021
5, 410,20,94.220497, 94.215073, 119.124435, 63.953232,11.337604, 213.391159, 1.000058
5, 410,21,107.244484, 107.242859, 119.124435, 63.953232,11.337604, 213.391159, 1.000015
5, 410,22,88.953217, 88.972275, 119.124435, 63.953232,11.337604, 213.391159, 0.999786
5, 410,23,198.291656, 198.305283, 119.124435, 63.953232,11.337604, 213.391159, 0.999931
5, 410,24,113.164528, 113.165779, 119.124435, 63.953232,11.337604, 213.391159, 0.999989
5, 410,25,43.494328, 43.490578, 119.124435, 63.953232,11.337604, 213.391159, 1.000086
5, 410,26,125.588806, 125.586090, 119.124435, 63.953232,11.337604, 213.391159, 1.000022
5, 410,27,213.021927, 213.036636, 119.124435, 63.953232,11.337604, 213.391159, 0.999931
5, 410,28,64.209145, 64.197693, 119.124435, 63.953232,11.337604, 213.391159, 1.000178
5, 410,29,179.805206, 179.803589, 119.124435, 63.953232,11.337604, 213.391159, 1.000009
5, 410,30,39.549320, 39.548569, 119.124435, 63.953232,11.337604, 213.391159, 1.000019
5, 410,31,143.515778, 143.519913, 119.124435, 63.953232,11.337604, 213.391159, 0.999971
5, 411,0,188.476181, 188.472183, 119.126160, 54.714260,28.665405, 211.105042, 1.000021
5, 411,1,140.655670, 140.655029, 119.126160, 54.714260,28.665405, 211.105042, 1.000005
5, 411,2,107.309631, 107.309120, 119.126160, 54.714260,28.665405, 211.105042, 1.000005
5, 411,3,201.703857, 201.695145, 119.126160, 54.714260,28.665405, 211.105042, 1.000043
5, 411,4,207.579651, 207.572693, 119.126160, 54.714260,28.665405, 211.105042, 1.000033
5, 411,5,48.175655, 48.175934, 119.126160, 54.714260,28.665405, 211.105042, 0.999994
5, 411,6,111.723335, 111.706314, 119.126160, 54.714260,28.665405, 211.105042, 1.000152
5, 411,7,87.892830, 87.894966, 119.126160, 54.714260,28.665405, 211.105042, 0.999976
5, 411,8,115.743172, 115.739685, 119.126160, 54.714260,28.665405, 211.105042, 1.000030
5, 411,9,128.732941, 128.743103, 119.126160, 54.714260,28.665405, 211.105042, 0.999921
5, 411,10,211.105042, 211.097992, 119.126160, 54.714260,28.665405, 211.105042, 1.000033
5, 411,11,114.139580, 114.127586, 119.126160, 54.714260,28.665405, 211.105042, 1.000105
5, 411,12,159.395187, 159.379196, 119.126160, 54.714260,28.665405, 211.105042, 1.000100
5, 411,13,43.917557, 43.904194, 119.126160, 54.714260,28.665405, 211.105042, 1.000304
5, 411,14,115.803291, 115.802422, 119.126160, 54.714260,28.665405, 211.105042, 1.000008
5, 411,15,28.665405, 28.686512, 119.126160, 54.714260,28.665405, 211.105042, 0.999264
5, 411,16,36.663162, 36.671719, 119.126160, 54.714260,28.665405, 211.105042, 0.999767
5, 411,17,67.330681, 67.326630, 119.126160, 54.714260,28.665405, 211.105042, 1.000060
5, 411,18,180.790543, 180.794327, 119.126160, 54.714260,28.665405, 211.105042, 0.999979
5, 411,19,69.057159, 69.051636, 119.126160, 54.714260,28.665405, 211.105042, 1.000080
5, 411,20,163.786652, 163.795197, 119.126160, 54.714260,28.665405, 211.105042, 0.999948
5, 411,21,189.450867, 189.450729, 119.126160, 54.714260,28.665405, 211.105042, 1.000001
5, 411,22,109.260574, 109.266212, 119.126160, 54.714260,28.665405, 211.105042, 0.999948
5, 411,23,149.427933, 149.430603, 119.126160, 54.714260,28.665405, 211.105042, 0.999982
5, 411,24,129.755264, 129.759277, 119.126160, 54.714260,28.665405, 211.105042, 0.999969
5, 411,25,51.195000, 51.193127, 119.126160, 54.714260,28.665405, 211.105042, 1.000037
5, 411,26,102.165329, 102.171738, 119.126160, 54.714260,28.665405, 211.105042, 0.999937
5, 411,27,137.545410, 137.550034, 119.126160, 54.714260,28.665405, 211.105042, 0.999966
5, 411,28,50.124855, 50.114216, 119.126160, 54.714260,28.665405, 211.105042, 1.000212
5, 411,29,47.077293, 47.084480, 119.126160, 54.714260,28.665405, 211.105042, 0.999847
5, 411,30,143.921631, 143.910599, 119.126160, 54.714260,28.665405, 211.105042, 1.000077
5, 411,31,173.465820, 173.467773, 119.126160, 54.714260,28.665405, 211.105042, 0.999989
5, 412,0,133.901459, 133.905319, 119.124222, 51.858101,17.470329, 191.043350, 0.999971
5, 412,1,121.264626, 121.271454, 119.124222, 51.858101,17.470329, 191.043350, 0.999944
5, 412,2,182.935379, 182.929642, 119.124222, 51.858101,17.470329, 191.043350, 1.000031
5, 412,3,77.699463, 77.697350, 119.124222, 51.858101,17.470329, 191.043350, 1.000027
5, 412,4,156.195404, 156.200714, 119.124222, 51.858101,17.470329, 191.043350, 0.999966
5, 412,5,170.993179, 170.995804, 119.124222, 51.858101,17.470329, 191.043350, 0.999985
5, 412,6,122.281982, 122.288162, 119.124222, 51.858101,17.470329, 191.043350, 0.999949
5, 412,7,135.183853, 135.183151, 119.124222, 51.858101,17.470329, 191.043350, 1.000005
5, 412,8,115.660202, 115.654533, 119.124222, 51.858101,17.470329, 191.043350, 1.000049
5, 412,9,75.073051, 75.063911, 119.124222, 51.858101,17.470329, 191.043350, 1.000122
5, 412,10,164.301041, 164.295517, 119.124222, 51.858101,17.470329, 191.043350, 1.000034
5, 412,11,165.143753, 165.139999, 119.124222, 51.858101,17.470329, 191.043350, 1.000023
5, 412,12,27.505610, 27.517418, 119.124222, 51.858101,17.470329, 191.043350, 0.999571
5, 412,13,17.470329, 17.472542, 119.124222, 51.858101,17.470329, 191.043350, 0.999873
5, 412,14,68.895081, 68.891418, 119.124222, 51.858101,17.470329, 191.043350, 1.000053
5, 412,15,43.035004, 43.040310, 119.124222, 51.858101,17.470329, 191.043350, 0.999877
5, 412,16,159.830139, 159.839767, 119.124222, 51.858101,17.470329, 191.043350, 0.999940
5, 412,17,147.805359, 147.811478, 119.124222, 51.858101,17.470329, 191.043350, 0.999959
5, 412,18,76.140106, 76.130615, 119.124222, 51.858101,17.470329, 191.043350, 1.000125
5, 412,19,168.134491, 168.134567, 119.124222, 51.858101,17.470329, 191.043350, 1.000000
5, 412,20,52.809265, 52.812950, 119.124222, 51.858101,17.470329, 191.043350, 0.999930
5, 412,21,86.941551, 86.947754, 119.124222, 51.858101,17.470329, 191.043350, 0.999929
5, 412,22,136.252090, 136.249863, 119.124222, 51.858101,17.470329, 191.043350, 1.000016
5, 412,23,155.006485, 155.011780, 119.124222, 51.858101,17.470329, 191.043350, 0.999966
5, 412,24,191.043350, 191.035553, 119.124222, 51.858101,17.470329, 191.043350, 1.000041
5, 412,25,122.736923, 122.749283, 119.124222, 51.858101,17.470329, 191.043350, 0.999899
5, 412,26,77.340111, 77.325111, 119.124222, 51.858101,17.470329, 191.043350, 1.000194
5, 412,27,173.917923, 173.907028, 119.124222, 51.858101,17.470329, 191.043350, 1.000063
5, 412,28,99.108253, 99.114937, 119.124222, 51.858101,17.470329, 191.043350, 0.999933
5, 412,29,28.081753, 28.084110, 119.124222, 51.858101,17.470329, 191.043350, 0.999916
5, 412,30,170.136917, 170.140213, 119.124222, 51.858101,17.470329, 191.043350, 0.999981
5, 412,31,189.150345, 189.157700, 119.124222, 51.858101,17.470329, 191.043350, 0.999961
5, 413,0,12.141092, 12.129385, 119.126022, 65.552071,12.141092, 221.500092, 1.000965
5, 413,1,94.395271, 94.408318, 119.126022, 65.552071,12.141092, 221.500092, 0.999862
5, 413,2,217.484848, 217.489426, 119.126022, 65.552071,12.141092, 221.500092, 0.999979
5, 413,3,96.538933, 96.524467, 119.126022, 65.552071,12.141092, 221.500092, 1.000150
5, 413,4,82.718781, 82.696693, 119.126022, 65.552071,12.141092, 221.500092, 1.000267
5, 413,5,41.674435, 41.669647, 119.126022, 65.552071,12.141092, 221.500092, 1.000115
5, 413,6,41.398312, 41.405128, 119.126022, 65.552071,12.141092, 221.500092, 0.999835
5, 413,7,116.304848, 116.317177, 119.126022, 65.552071,12.141092, 221.500092, 0.999894
5, 413,8,15.330379, 15.323463, 119.126022, 65.552071,12.141092, 221.500092, 1.000451
5, 413,9,100.608238, 100.624527, 119.126022, 65.552071,12.141092, 221.500092, 0.999838
5, 413,10,145.511459, 145.520172, 119.126022, 65.552071,12.141092, 221.500092, 0.999940
5, 413,11,56.793602, 56.786961, 119.126022, 65.552071,12.141092, 221.500092, 1.000117
5, 413,12,48.729122, 48.732330, 119.126022, 65.552071,12.141092, 221.500092, 0.999934
5, 413,13,113.019127, 112.990837, 119.126022, 65.552071,12.141092, 221.500092, 1.000250
5, 413,14,89.335129, 89.336136, 119.126022, 65.552071,12.141092, 221.500092, 0.999989
5, 413,15,193.271378, 193.285858, 119.126022, 65.552071,12.141092, 221.500092, 0.999925
5, 413,16,219.944733, 219.962692, 119.126022, 65.552071,12.141092, 221.500092, 0.999918
5, 413,17,87.097244, 87.114174, 119.126022, 65.552071,12.141092, 221.500092, 0.999806
5, 413,18,31.170809, 31.174820, 119.126022, 65.552071,12.141092, 221.500092, 0.999871
5, 413,19,42.526981, 42.516113, 119.126022, 65.552071,12.141092, 221.500092, 1.000256
5, 413,20,162.085770, 162.072495, 119.126022, 65.552071,12.141092, 221.500092, 1.000082
5, 413,21,181.832779, 181.825531, 119.126022, 65.552071,12.141092, 221.500092, 1.000040
5, 413,22,45.315273, 45.286961, 119.126022, 65.552071,12.141092, 221.500092, 1.000625
5, 413,23,221.500092, 221.510132, 119.126022, 65.552071,12.141092, 221.500092, 0.999955
5, 413,24,163.495148, 163.514145, 119.126022, 65.552071,12.141092, 221.500092, 0.999884
5, 413,25,155.727188, 155.717422, 119.126022, 65.552071,12.141092, 221.500092, 1.000063
5, 413,26,175.865967, 175.860611, 119.126022, 65.552071,12.141092, 221.500092, 1.000030
5, 413,27,145.795425, 145.797928, 119.126022, 65.552071,12.141092, 221.500092, 0.999983
5, 413,28,191.346756, 191.335022, 119.126022, 65.552071,12.141092, 221.500092, 1.000061
5, 413,29,157.652878, 157.668259, 119.126022, 65.552071,12.141092, 221.500092, 0.999902
5, 413,30,151.147232, 151.147842, 119.126022, 65.552071,12.141092, 221.500092, 0.999996
5, 413,31,214.273590, 214.255676, 119.126022, 65.552071,12.141092, 221.500092, 1.000084
5, 414,0,169.129684, 169.136353, 119.124344, 53.746490,18.929319, 194.770432, 0.999961
5, 414,1,67.960991, 67.965240, 119.124344, 53.746490,18.929319, 194.770432, 0.999937
5, 414,2,154.446472, 154.459015, 119.124344, 53.746490,18.929319, 194.770432, 0.999919
5, 414,3,105.335899, 105.341194, 119.124344, 53.746490,18.929319, 194.770432, 0.999950
5, 414,4,79.756561, 79.765709, 119.124344, 53.746490,18.929319, 194.770432, 0.999885
5, 414,5,164.808960, 164.812256, 119.124344, 53.746490,18.929319, 194.770432, 0.999980
5, 414,6,168.146988, 168.134430, 119.124344, 53.746490,18.929319, 194.770432, 1.000075
5, 414,7,164.518616, 164.519287, 119.124344, 53.746490,18.929319, 194.770432, 0.999996
5, 414,8,18.929319, 18.935307, 119.124344, 53.746490,18.929319, 194.770432, 0.999684
5, 414,9,89.052094, 89.052567, 119.124344, 53.746490,18.929319, 194.770432, 0.999995
5, 414,10,126.551292, 126.551559, 119.124344, 53.746490,18.929319, 194.770432, 0.999998
5, 414,11,194.770432, 194.764572, 119.124344, 53.746490,18.929319, 194.770432, 1.000030
5, 414,12,35.117165, 35.112610, 119.124344, 53.746490,18.929319, 194.770432, 1.000130
5, 414,13,57.645927, 57.635437, 119.124344, 53.746490,18.929319, 194.770432, 1.000182
5, 414,14,115.803223, 115.805748, 119.124344, 53.746490,18.929319, 194.770432, 0.999978
5, 414,15,126.844269, 126.838661, 119.124344, 53.746490,18.929319, 194.770432, 1.000044
5, 414,16,56.731293, 56.738983, 119.124344, 53.746490,18.929319, 194.770432, 0.999864
5, 414,17,67.119476, 67.103943, 119.124344, 53.746490,18.929319, 194.770432, 1.000232
5, 414,18,128.783066, 128.766342, 119.124344, 53.746490,18.929319, 194.770432, 1.000130
5, 414,19,130.747162, 130.752625, 119.124344, 53.746490,18.929319, 194.770432, 0.999958
5, 414,20,183.984283, 183.983612, 119.124344, 53.746490,18.929319, 194.770432, 1.000004
5, 414,21,194.244949, 194.248962, 119.124344, 53.746490,18.929319, 194.770432, 0.999979
5, 414,22,51.021656, 51.002804, 119.124344, 53.746490,18.929319, 194.770432, 1.000370
5, 414,23,105.879311, 105.891960, 119.124344, 53.746490,18.929319, 194.770432, 0.999881
5, 414,24,34.435383, 34.438797, 119.124344, 53.746490,18.929319, 194.770432, 0.999901
5, 414,25,87.182930, 87.195198, 119.124344, 53.746490,18.929319, 194.770432, 0.999859
5, 414,26,155.638840, 155.630844, 119.124344, 53.746490,18.929319, 194.770432, 1.000051
5, 414,27,140.498520, 140.490646, 119.124344, 53.746490,18.929319, 194.770432, 1.000056
5, 414,28,172.570618, 172.581573, 119.124344, 53.746490,18.929319, 194.770432, 0.999937
5, 414,29,76.791885, 76.806793, 119.124344, 53.746490,18.929319, 194.770432, 0.999806
5, 414,30,193.003220, 193.018524, 119.124344, 53.746490,18.929319, 194.770432, 0.999921
5, 414,31,194.528610, 194.518478, 119.124344, 53.746490,18.929319, 194.770432, 1.000052
5, 415,0,124.247818, 124.241577, 119.123215, 67.110748,13.345025, 226.882996, 1.000050
5, 415,1,111.882782, 111.877823, 119.123215, 67.110748,13.345025, 226.882996, 1.000044
5, 415,2,64.564613, 64.567764, 119.123215, 67.110748,13.345025, 226.882996, 0.999951
5, 415,3,49.053402, 49.054066, 119.123215, 67.110748,13.345025, 226.882996, 0.999986
5, 415,4,142.145081, 142.143036, 119.123215, 67.110748,13.345025, 226.882996, 1.000014
5, 415,5,226.882996, 226.895065, 119.123215, 67.110748,13.345025, 226.882996, 0.999947
5, 415,6,132.355423, 132.355896, 119.123215, 67.110748,13.345025, 226.882996, 0.999996
5, 415,7,49.388298, 49.404808, 119.123215, 67.110748,13.345025, 226.882996, 0.999666
5, 415,8,65.697838, 65.700943, 119.123215, 67.110748,13.345025, 226.882996, 0.999953
5, 415,9,180.367386, 180.374207, 119.123215, 67.110748,13.345025, 226.882996, 0.999962
5, 415,10,174.439484, 174.431778, 119.123215, 67.110748,13.345025, 226.882996, 1.000044
5, 415,11,117.678688, 117.685349, 119.123215, 67.110748,13.345025, 226.882996, 0.999943
5, 415,12,13.345025, 13.352309, 119.123215, 67.110748,13.345025, 226.882996, 0.999454
5, 415,13,103.134399, 103.129440, 119.123215, 67.110748,13.345025, 226.882996, 1.000048
5, 415,14,218.447510, 218.443481, 119.123215, 67.110748,13.345025, 226.882996, 1.000018
5, 415,15,126.171646, 126.170662, 119.123215, 67.110748,13.345025, 226.882996, 1.000008
5, 415,16,171.064529, 171.086212, 119.123215, 67.110748,13.345025, 226.882996, 0.999873
5, 415,17,139.265610, 139.262878, 119.123215, 67.110748,13.345025, 226.882996, 1.000020
5, 415,18,46.764893, 46.767479, 119.123215, 67.110748,13.345025, 226.882996, 0.999945
5, 415,19,194.289536, 194.296066, 119.123215, 67.110748,13.345025, 226.882996, 0.999966
5, 415,20,123.321922, 123.310738, 119.123215, 67.110748,13.345025, 226.882996, 1.000091
5, 415,21,49.766621, 49.762299, 119.123215, 67.110748,13.345025, 226.882996, 1.000087
5, 415,22,81.699097, 81.700287, 119.123215, 67.110748,13.345025, 226.882996, 0.999985
5, 415,23,49.866302, 49.863472, 119.123215, 67.110748,13.345025, 226.882996, 1.000057
5, 415,24,23.240028, 23.227119, 119.123215, 67.110748,13.345025, 226.882996, 1.000556
5, 415,25,149.606339, 149.616592, 119.123215, 67.110748,13.345025, 226.882996, 0.999931
5, 415,26,38.433647, 38.430550, 119.123215, 67.110748,13.345025, 226.882996, 1.000081
5, 415,27,224.527710, 224.534302, 119.123215, 67.110748,13.345025, 226.882996, 0.999971
5, 415,28,17.799021, 17.804068, 119.123215, 67.110748,13.345025, 226.882996, 0.999717
5, 415,29,187.073975, 187.078812, 119.123215, 67.110748,13.345025, 226.882996, 0.999974
5, 415,30,215.122452, 215.131638, 119.123215, 67.110748,13.345025, 226.882996, 0.999957
5, 415,31,200.298935, 200.299194, 119.123215, 67.110748,13.345025, 226.882996, 0.999999
5, 416,0,182.969025, 182.971115, 119.126503, 66.473763,10.517167, 210.334534, 0.999989
5, 416,1,163.063934, 163.060623, 119.126503, 66.473763,10.517167, 210.334534, 1.000020
5, 416,2,11.949897, 11.929000, 119.126503, 66.473763,10.517167, 210.334534, 1.001752
5, 416,3,208.048264, 208.048111, 119.126503, 66.473763,10.517167, 210.334534, 1.000001
5, 416,4,142.146545, 142.148804, 119.126503, 66.473763,10.517167, 210.334534, 0.999984
5, 416,5,23.876215, 23.865456, 119.126503, 66.473763,10.517167, 210.334534, 1.000451
5, 416,6,88.823204, 88.830994, 119.126503, 66.473763,10.517167, 210.334534, 0.999912
5, 416,7,148.979385, 148.980148, 119.126503, 66.473763,10.517167, 210.334534, 0.999995
5, 416,8,141.426285, 141.430023, 119.126503, 66.473763,10.517167, 210.334534, 0.999974
5, 416,9,152.850342, 152.844299, 119.126503, 66.473763,10.517167, 210.334534, 1.000040
5, 416,10,139.601303, 139.593185, 119.126503, 66.473763,10.517167, 210.334534, 1.000058
5, 416,11,53.775146, 53.783390, 119.126503, 66.473763,10.517167, 210.334534, 0.999847
5, 416,12,171.199036, 171.206680, 119.126503, 66.473763,10.517167, 210.334534, 0.999955
5, 416,13,78.022903, 78.037186, 119.126503, 66.473763,10.517167, 210.334534, 0.999817
5, 416,14,163.598480, 163.607391, 119.126503, 66.473763,10.517167, 210.334534, 0.999946
5, 416,15,47.061977, 47.068748, 119.126503, 66.473763,10.517167, 210.334534, 0.999856
5, 416,16,193.914612, 193.912354, 119.126503, 66.473763,10.517167, 210.334534, 1.000012
5, 416,17,10.517167, 10.509895, 119.126503, 66.473763,10.517167, 210.334534, 1.000692
5, 416,18,138.380280, 138.376816, 119.126503, 66.473763,10.517167, 210.334534, 1.000025
5, 416,19,75.335541, 75.334129, 119.126503, 66.473763,10.517167, 210.334534, 1.000019
5, 416,20,28.487738, 28.479084, 119.126503, 66.473763,10.517167, 210.334534, 1.000304
5, 416,21,209.701340, 209.688370, 119.126503, 66.473763,10.517167, 210.334534, 1.000062
5, 416,22,36.244038, 36.244232, 119.126503, 66.473763,10.517167, 210.334534, 0.999995
5, 416,23,83.253944, 83.234436, 119.126503, 66.473763,10.517167, 210.334534, 1.000234
5, 416,24,155.194260, 155.172607, 119.126503, 66.473763,10.517167, 210.334534, 1.000140
5, 416,25,204.450928, 204.454285, 119.126503, 66.473763,10.517167, 210.334534, 0.999984
5, 416,26,72.727165, 72.723221, 119.126503, 66.473763,10.517167, 210.334534, 1.000054
5, 416,27,99.031113, 99.035034, 119.126503, 66.473763,10.517167, 210.334534, 0.999960
5, 416,28,175.954391, 175.955460, 119.126503, 66.473763,10.517167, 210.334534, 0.999994
5, 416,29,14.995355, 14.994514, 119.126503, 66.473763,10.517167, 210.334534, 1.000056
5, 416,30,186.133850, 186.141068, 119.126503, 66.473763,10.517167, 210.334534, 0.999961
5, 416,31,210.334534, 210.339584, 119.126503, 66.473763,10.517167, 210.334534, 0.999976
5, 417,0,20.924398, 20.923103, 119.125679, 61.109020,20.924398, 228.224930, 1.000062
5, 417,1,210.692581, 210.681442, 119.125679, 61.109020,20.924398, 228.224930, 1.000053
5, 417,2,70.839897, 70.850311, 119.125679, 61.109020,20.924398, 228.224930, 0.999853
5, 417,3,123.149040, 123.128662, 119.125679, 61.109020,20.924398, 228.224930, 1.000165
5, 417,4,24.409895, 24.400864, 119.125679, 61.109020,20.924398, 228.224930, 1.000370
5, 417,5,181.490311, 181.494843, 119.125679, 61.109020,20.924398, 228.224930, 0.999975
5, 417,6,136.294266, 136.297974, 119.125679, 61.109020,20.924398, 228.224930, 0.999973
5, 417,7,228.224930, 228.224182, 119.125679, 61.109020,20.924398, 228.224930, 1.000003
5, 417,8,163.056839, 163.049423, 119.125679, 61.109020,20.924398, 228.224930, 1.000046
5, 417,9,61.216515, 61.228733, 119.125679, 61.109020,20.924398, 228.224930, 0.999800
5, 417,10,140.794067, 140.783371, 119.125679, 61.109020,20.924398, 228.224930, 1.000076
5, 417,11,150.212646, 150.209015, 119.125679, 61.109020,20.924398, 228.224930, 1.000024
5, 417,12,93.240791, 93.228325, 119.125679, 61.109020,20.924398, 228.224930, 1.000134
5, 417,13,152.695236, 152.693130, 119.125679, 61.109020,20.924398, 228.224930, 1.000014
5, 417,14,99.008347, 99.008270, 119.125679, 61.109020,20.924398, 228.224930, 1.000001
5, 417,15,171.093155, 171.089569, 119.125679, 61.109020,20.924398, 228.224930, 1.000021
5, 417,16,168.805206, 168.801392, 119.125679, 61.109020,20.924398, 228.224930, 1.000023
5, 417,17,36.631329, 36.639503, 119.125679, 61.109020,20.924398, 228.224930, 0.999777
5, 417,18,144.285660, 144.289124, 119.125679, 61.109020,20.924398, 228.224930, 0.999976
5, 417,19,168.694138, 168.696411, 119.125679, 61.109020,20.924398, 228.224930, 0.999987
5, 417,20,37.612000, 37.598160, 119.125679, 61.109020,20.924398, 228.224930, 1.000368
5, 417,21,59.403179, 59.416378, 119.125679, 61.109020,20.924398, 228.224930, 0.999778
5, 417,22,106.927704, 106.929443, 119.125679, 61.109020,20.924398, 228.224930, 0.999984
5, 417,23,222.323578, 222.318283, 119.125679, 61.109020,20.924398, 228.224930, 1.000024
5, 417,24,177.980774, 177.975113, 119.125679, 61.109020,20.924398, 228.224930, 1.000032
5, 417,25,191.363510, 191.368332, 119.125679, 61.109020,20.924398, 228.224930, 0.999975
5, 417,26,101.578232, 101.583344, 119.125679, 61.109020,20.924398, 228.224930, 0.999950
5, 417,27,25.704082, 25.695404, 119.125679, 61.109020,20.924398, 228.224930, 1.000338
5, 417,28,134.391510, 134.394653, 119.125679, 61.109020,20.924398, 228.224930, 0.999977
5, 417,29,75.054642, 75.055801, 119.125679, 61.109020,20.924398, 228.224930, 0.999985
5, 417,30,67.132736, 67.148621, 119.125679, 61.109020,20.924398, 228.224930, 0.999763
5, 417,31,66.790535, 66.798744, 119.125679, 61.109020,20.924398, 228.224930, 0.999877
5, 418,0,194.847565, 194.847458, 119.125641, 79.352600,19.184977, 276.800232, 1.000001
5, 418,1,81.191505, 81.189629, 119.125641, 79.352600,19.184977, 276.800232, 1.000023
5, 418,2,253.396332, 253.393677, 119.125641, 79.352600,19.184977, 276.800232, 1.000010
5, 418,3,94.827187, 94.828568, 119.125641, 79.352600,19.184977, 276.800232, 0.999985
5, 418,4,77.108482, 77.107903, 119.125641, 79.352600,19.184977, 276.800232, 1.000008
5, 418,5,276.040680, 276.050598, 119.125641, 79.352600,19.184977, 276.800232, 0.999964
5, 418,6,118.911331, 118.920708, 119.125641, 79.352600,19.184977, 276.800232, 0.999921
5, 418,7,38.301823, 38.298309, 119.125641, 79.352600,19.184977, 276.800232, 1.000092
5, 418,8,42.656910, 42.662109, 119.125641, 79.352600,19.184977, 276.800232, 0.999878
5, 418,9,34.167130, 34.166809, 119.125641, 79.352600,19.184977, 276.800232, 1.000009
5, 418,10,130.712372, 130.701294, 119.125641, 79.352600,19.184977, 276.800232, 1.000085
5, 418,11,53.133469, 53.123608, 119.125641, 79.352600,19.184977, 276.800232, 1.000186
5, 418,12,141.340576, 141.353607, 119.125641, 79.352600,19.184977, 276.800232, 0.999908
5, 418,13,58.888996, 58.889458, 119.125641, 79.352600,19.184977, 276.800232, 0.999992
5, 418,14,105.690895, 105.679977, 119.125641, 79.352600,19.184977, 276.800232, 1.000103
5, 418,15,208.593765, 208.577652, 119.125641, 79.352600,19.184977, 276.800232, 1.000077
5, 418,16,109.704819, 109.703644, 119.125641, 79.352600,19.184977, 276.800232, 1.000011
5, 418,17,84.130180, 84.134773, 119.125641, 79.352600,19.184977, 276.800232, 0.999945
5, 418,18,69.658928, 69.657913, 119.125641, 79.352600,19.184977, 276.800232, 1.000015
5, 418,19,161.937485, 161.936462, 119.125641, 79.352600,19.184977, 276.800232, 1.000006
5, 418,20,276.800232, 276.797241, 119.125641, 79.352600,19.184977, 276.800232, 1.000011
5, 418,21,268.621246, 268.617218, 119.125641, 79.352600,19.184977, 276.800232, 1.000015
5, 418,22,50.507656, 50.502010, 119.125641, 79.352600,19.184977, 276.800232, 1.000112
5, 418,23,84.569725, 84.582764, 119.125641, 79.352600,19.184977, 276.800232, 0.999846
5, 418,24,43.077911, 43.085213, 119.125641, 79.352600,19.184977, 276.800232, 0.999831
5, 418,25,84.458809, 84.458321, 119.125641, 79.352600,19.184977, 276.800232, 1.000006
5, 418,26,48.171043, 48.170784, 119.125641, 79.352600,19.184977, 276.800232, 1.000005
5, 418,27,242.254196, 242.243607, 119.125641, 79.352600,19.184977, 276.800232, 1.000044
5, 418,28,125.328041, 125.325371, 119.125641, 79.352600,19.184977, 276.800232, 1.000021
5, 418,29,43.740837, 43.724022, 119.125641, 79.352600,19.184977, 276.800232, 1.000385
5, 418,30,190.065262, 190.077133, 119.125641, 79.352600,19.184977, 276.800232, 0.999938
5, 418,31,19.184977, 19.192181, 119.125641, 79.352600,19.184977, 276.800232, 0.999625
5, 419,0,170.023666, 170.014938, 119.123894, 55.413387,10.530364, 212.912979, 1.000051
5, 419,1,43.208778, 43.216827, 119.123894, 55.413387,10.530364, 212.912979, 0.999814
5, 419,2,101.911140, 101.917877, 119.123894, 55.413387,10.530364, 212.912979, 0.999934
5, 419,3,26.378883, 26.377207, 119.123894, 55.413387,10.530364, 212.912979, 1.000064
5, 419,4,124.643860, 124.646873, 119.123894, 55.413387,10.530364, 212.912979, 0.999976
5, 419,5,10.530364, 10.539484, 119.123894, 55.413387,10.530364, 212.912979, 0.999135
5, 419,6,108.218918, 108.224709, 119.123894, 55.413387,10.530364, 212.912979, 0.999946
5, 419,7,182.719223, 182.712082, 119.123894, 55.413387,10.530364, 212.912979, 1.000039
5, 419,8,60.866566, 60.859253, 119.123894, 55.413387,10.530364, 212.912979, 1.000120
5, 419,9,191.801834, 191.812683, 119.123894, 55.413387,10.530364, 212.912979, 0.999943
5, 419,10,186.986084, 186.989441, 119.123894, 55.413387,10.530364, 212.912979, 0.999982
5, 419,11,89.905640, 89.914352, 119.123894, 55.413387,10.530364, 212.912979, 0.999903
5, 419,12,188.687256, 188.704224, 119.123894, 55.413387,10.530364, 212.912979, 0.999910
5, 419,13,51.523300, 51.521038, 119.123894, 55.413387,10.530364, 212.912979, 1.000044
5, 419,14,82.403458, 82.400093, 119.123894, 55.413387,10.530364, 212.912979, 1.000041
5, 419,15,104.455879, 104.461159, 119.123894, 55.413387,10.530364, 212.912979, 0.999949
5, 419,16,145.403244, 145.410583, 119.123894, 55.413387,10.530364, 212.912979, 0.999950
5, 419,17,136.337738, 136.329269, 119.123894, 55.413387,10.530364, 212.912979, 1.000062
5, 419,18,95.131897, 95.129364, 119.123894, 55.413387,10.530364, 212.912979, 1.000027
5, 419,19,131.737274, 131.730804, 119.123894, 55.413387,10.530364, 212.912979, 1.000049
5, 419,20,212.912979, 212.929657, 119.123894, 55.413387,10.530364, 212.912979, 0.999922
5, 419,21,132.381012, 132.373062, 119.123894, 55.413387,10.530364, 212.912979, 1.000060
5, 419,22,96.878937, 96.889107, 119.123894, 55.413387,10.530364, 212.912979, 0.999895
5, 419,23,83.175255, 83.170792, 119.123894, 55.413387,10.530364, 212.912979, 1.000054
5, 419,24,77.845039, 77.840172, 119.123894, 55.413387,10.530364, 212.912979, 1.000063
5, 419,25,86.442200, 86.446236, 119.123894, 55.413387,10.530364, 212.912979, 0.999953
5, 419,26,207.640930, 207.637558, 119.123894, 55.413387,10.530364, 212.912979, 1.000016
5, 419,27,185.973175, 185.968277, 119.123894, 55.413387,10.530364, 212.912979, 1.000026
5, 419,28,138.460358, 138.467957, 119.123894, 55.413387,10.530364, 212.912979, 0.999945
5, 419,29,88.533684, 88.533524, 119.123894, 55.413387,10.530364, 212.912979, 1.000002
5, 419,30,195.699310, 195.691849, 119.123894, 55.413387,10.530364, 212.912979, 1.000038
5, 419,31,73.146812, 73.138947, 119.123894, 55.413387,10.530364, 212.912979, 1.000108
5, 420,0,174.173584, 174.185669, 119.128387, 67.652435,11.961037, 243.446594, 0.999931
5, 420,1,146.642471, 146.638657, 119.128387, 67.652435,11.961037, 243.446594, 1.000026
5, 420,2,29.579353, 29.578161, 119.128387, 67.652435,11.961037, 243.446594, 1.000040
5, 420,3,117.982841, 117.973694, 119.128387, 67.652435,11.961037, 243.446594, 1.000077
5, 420,4,56.731003, 56.723869, 119.128387, 67.652435,11.961037, 243.446594, 1.000126
5, 420,5,90.400017, 90.383682, 119.128387, 67.652435,11.961037, 243.446594, 1.000181
5, 420,6,111.221550, 111.201599, 119.128387, 67.652435,11.961037, 243.446594, 1.000179
5, 420,7,81.790955, 81.791367, 119.128387, 67.652435,11.961037, 243.446594, 0.999995
5, 420,8,167.091965, 167.091095, 119.128387, 67.652435,11.961037, 243.446594, 1.000005
5, 420,9,218.436493, 218.415680, 119.128387, 67.652435,11.961037, 243.446594, 1.000095
5, 420,10,243.446594, 243.433014, 119.128387, 67.652435,11.961037, 243.446594, 1.000056
5, 420,11,204.137100, 204.140533, 119.128387, 67.652435,11.961037, 243.446594, 0.999983
5, 420,12,22.881710, 22.884895, 119.128387, 67.652435,11.961037, 243.446594, 0.999861
5, 420,13,43.510338, 43.523659, 119.128387, 67.652435,11.961037, 243.446594, 0.999694
5, 420,14,59.402180, 59.396873, 119.128387, 67.652435,11.961037, 243.446594, 1.000089
5, 420,15,143.806015, 143.815155, 119.128387, 67.652435,11.961037, 243.446594, 0.999936
5, 420,16,159.392822, 159.380219, 119.128387, 67.652435,11.961037, 243.446594, 1.000079
5, 420,17,11.961037, 11.956383, 119.128387, 67.652435,11.961037, 243.446594, 1.000389
5, 420,18,165.585541, 165.593353, 119.128387, 67.652435,11.961037, 243.446594, 0.999953
5, 420,19,112.280716, 112.269379, 119.128387, 67.652435,11.961037, 243.446594, 1.000101
5, 420,20,72.105659, 72.109779, 119.128387, 67.652435,11.961037, 243.446594, 0.999943
5, 420,21,190.662491, 190.653671, 119.128387, 67.652435,11.961037, 243.446594, 1.000046
5, 420,22,121.388626, 121.406326, 119.128387, 67.652435,11.961037, 243.446594, 0.999854
5, 420,23,154.648514, 154.628998, 119.128387, 67.652435,11.961037, 243.446594, 1.000126
5, 420,24,51.009369, 51.005211, 119.128387, 67.652435,11.961037, 243.446594, 1.000082
5, 420,25,195.204056, 195.211411, 119.128387, 67.652435,11.961037, 243.446594, 0.999962
5, 420,26,211.080322, 211.077438, 119.128387, 67.652435,11.961037, 243.446594, 1.000014
5, 420,27,29.183111, 29.176853, 119.128387, 67.652435,11.961037, 243.446594, 1.000214
5, 420,28,44.832569, 44.813580, 119.128387, 67.652435,11.961037, 243.446594, 1.000424
5, 420,29,42.824772, 42.821365, 119.128387, 67.652435,11.961037, 243.446594, 1.000080
5, 420,30,205.624298, 205.638275, 119.128387, 67.652435,11.961037, 243.446594, 0.999932
5, 420,31,133.090546, 133.080124, 119.128387, 67.652435,11.961037, 243.446594, 1.000078
5, 421,0,74.037575, 74.037781, 119.125031, 61.866539,22.542774, 212.651962, 0.999997
5, 421,1,78.316399, 78.318611, 119.125031, 61.866539,22.542774, 212.651962, 0.999972
5, 421,2,150.061386, 150.056915, 119.125031, 61.866539,22.542774, 212.651962, 1.000030
5, 421,3,42.420948, 42.418266, 119.125031, 61.866539,22.542774, 212.651962, 1.000063
5, 421,4,83.236053, 83.235954, 119.125031, 61.866539,22.542774, 212.651962, 1.000001
5, 421,5,173.980316, 173.969666, 119.125031, 61.866539,22.542774, 212.651962, 1.000061
5, 421,6,36.876553, 36.876900, 119.125031, 61.866539,22.542774, 212.651962, 0.999991
5, 421,7,70.308655, 70.306091, 119.125031, 61.866539,22.542774, 212.651962, 1.000036
5, 421,8,101.053131, 101.051964, 119.125031, 61.866539,22.542774, 212.651962, 1.000012
5, 421,9,67.285828, 67.285797, 119.125031, 61.866539,22.542774, 212.651962, 1.000000
5, 421,10,171.975021, 171.979019, 119.125031, 61.866539,22.542774, 212.651962, 0.999977
5, 421,11,26.964788, 26.967329, 119.125031, 61.866539,22.542774, 212.651962, 0.999906
5, 421,12,132.814529, 132.808762, 119.125031, 61.866539,22.542774, 212.651962, 1.000043
5, 421,13,166.534805, 166.525009, 119.125031, 61.866539,22.542774, 212.651962, 1.000059
5, 421,14,204.897675, 204.902740, 119.125031, 61.866539,22.542774, 212.651962, 0.999975
5, 421,15,78.857262, 78.880241, 119.125031, 61.866539,22.542774, 212.651962, 0.999709
5, 421,16,186.791946, 186.793457, 119.125031, 61.866539,22.542774, 212.651962, 0.999992
5, 421,17,48.348907, 48.346539, 119.125031, 61.866539,22.542774, 212.651962, 1.000049
5, 421,18,45.115238, 45.107834, 119.125031, 61.866539,22.542774, 212.651962, 1.000164
5, 421,19,183.051483, 183.049271, 119.125031, 61.866539,22.542774, 212.651962, 1.000012
5, 421,20,211.187012, 211.186722, 119.125031, 61.866539,22.542774, 212.651962, 1.000001
5, 421,21,103.949532, 103.947449, 119.125031, 61.866539,22.542774, 212.651962, 1.000020
5, 421,22,163.344391, 163.342468, 119.125031, 61.866539,22.542774, 212.651962, 1.000012
5, 421,23,26.403099, 26.405703, 119.125031, 61.866539,22.542774, 212.651962, 0.999901
5, 421,24,199.106934, 199.118011, 119.125031, 61.866539,22.542774, 212.651962, 0.999944
5, 421,25,22.542774, 22.549210, 119.125031, 61.866539,22.542774, 212.651962, 0.999715
5, 421,26,134.531174, 134.531067, 119.125031, 61.866539,22.542774, 212.651962, 1.000001
5, 421,27,151.037216, 151.036621, 119.125031, 61.866539,22.542774, 212.651962, 1.000004
5, 421,28,212.651962, 212.646927, 119.125031, 61.866539,22.542774, 212.651962, 1.000024
5, 421,29,176.392776, 176.390900, 119.125031, 61.866539,22.542774, 212.651962, 1.000011
5, 421,30,131.684921, 131.679260, 119.125031, 61.866539,22.542774, 212.651962, 1.000043
5, 421,31,156.240692, 156.247269, 119.125031, 61.866539,22.542774, 212.651962, 0.999958
5, 422,0,173.624695, 173.618286, 119.123650, 61.854671,13.994215, 207.989975, 1.000037
5, 422,1,207.449829, 207.450546, 119.123650, 61.854671,13.994215, 207.989975, 0.999997
5, 422,2,158.215744, 158.236160, 119.123650, 61.854671,13.994215, 207.989975, 0.999871
5, 422,3,189.572311, 189.575317, 119.123650, 61.854671,13.994215, 207.989975, 0.999984
5, 422,4,25.314093, 25.321630, 119.123650, 61.854671,13.994215, 207.989975, 0.999702
5, 422,5,102.497505, 102.498589, 119.123650, 61.854671,13.994215, 207.989975, 0.999989
5, 422,6,121.550636, 121.547752, 119.123650, 61.854671,13.994215, 207.989975, 1.000024
5, 422,7,20.900023, 20.916359, 119.123650, 61.854671,13.994215, 207.989975, 0.999219
5, 422,8,13.994215, 13.981688, 119.123650, 61.854671,13.994215, 207.989975, 1.000896
5, 422,9,197.053970, 197.054581, 119.123650, 61.854671,13.994215, 207.989975, 0.999997
5, 422,10,164.699829, 164.729095, 119.123650, 61.854671,13.994215, 207.989975, 0.999822
5, 422,11,161.277679, 161.273865, 119.123650, 61.854671,13.994215, 207.989975, 1.000024
5, 422,12,187.039154, 187.033798, 119.123650, 61.854671,13.994215, 207.989975, 1.000029
5, 422,13,29.014444, 29.024963, 119.123650, 61.854671,13.994215, 207.989975, 0.999638
5, 422,14,154.910568, 154.914047, 119.123650, 61.854671,13.994215, 207.989975, 0.999978
5, 422,15,114.002571, 114.007973, 119.123650, 61.854671,13.994215, 207.989975, 0.999953
5, 422,16,60.553997, 60.539593, 119.123650, 61.854671,13.994215, 207.989975, 1.000238
5, 422,17,130.917542, 130.915009, 119.123650, 61.854671,13.994215, 207.989975, 1.000019
5, 422,18,161.892929, 161.885025, 119.123650, 61.854671,13.994215, 207.989975, 1.000049
5, 422,19,120.636238, 120.634026, 119.123650, 61.854671,13.994215, 207.989975, 1.000018
5, 422,20,35.888725, 35.880966, 119.123650, 61.854671,13.994215, 207.989975, 1.000216
5, 422,21,184.010559, 184.020309, 119.123650, 61.854671,13.994215, 207.989975, 0.999947
5, 422,22,170.978256, 170.973938, 119.123650, 61.854671,13.994215, 207.989975, 1.000025
5, 422,23,64.157677, 64.170319, 119.123650, 61.854671,13.994215, 207.989975, 0.999803
5, 422,24,54.745178, 54.742546, 119.123650, 61.854671,13.994215, 207.989975, 1.000048
5, 422,25,103.852554, 103.866165, 119.123650, 61.854671,13.994215, 207.989975, 0.999869
5, 422,26,123.137283, 123.133163, 119.123650, 61.854671,13.994215, 207.989975, 1.000033
5, 422,27,166.732880, 166.732040, 119.123650, 61.854671,13.994215, 207.989975, 1.000005
5, 422,28,207.989975, 207.970932, 119.123650, 61.854671,13.994215, 207.989975, 1.000092
5, 422,29,23.126017, 23.118996, 119.123650, 61.854671,13.994215, 207.989975, 1.000304
5, 422,30,90.234261, 90.244911, 119.123650, 61.854671,13.994215, 207.989975, 0.999882
5, 422,31,91.985680, 91.987656, 119.123650, 61.854671,13.994215, 207.989975, 0.999979
5, 423,0,188.916046, 188.908813, 119.124901, 53.635056,30.327372, 203.756348, 1.000038
5, 423,1,202.406891, 202.389191, 119.124901, 53.635056,30.327372, 203.756348, 1.000087
5, 423,2,99.782661, 99.770248, 119.124901, 53.635056,30.327372, 203.756348, 1.000124
5, 423,3,106.056755, 106.055626, 119.124901, 53.635056,30.327372, 203.756348, 1.000011
5, 423,4,75.735947, 75.715286, 119.124901, 53.635056,30.327372, 203.756348, 1.000273
5, 423,5,155.391373, 155.422638, 119.124901, 53.635056,30.327372, 203.756348, 0.999799
5, 423,6,191.110809, 191.107117, 119.124901, 53.635056,30.327372, 203.756348, 1.000019
5, 423,7,89.519623, 89.530472, 119.124901, 53.635056,30.327372, 203.756348, 0.999879
5, 423,8,61.545403, 61.552673, 119.124901, 53.635056,30.327372, 203.756348, 0.999882
5, 423,9,125.914116, 125.928764, 119.124901, 53.635056,30.327372, 203.756348, 0.999884
5, 423,10,43.145153, 43.145065, 119.124901, 53.635056,30.327372, 203.756348, 1.000002
5, 423,11,116.022926, 116.036415, 119.124901, 53.635056,30.327372, 203.756348, 0.999884
5, 423,12,60.585556, 60.567226, 119.124901, 53.635056,30.327372, 203.756348, 1.000303
5, 423,13,102.320114, 102.309669, 119.124901, 53.635056,30.327372, 203.756348, 1.000102
5, 423,14,187.637390, 187.632782, 119.124901, 53.635056,30.327372, 203.756348, 1.000025
5, 423,15,100.819893, 100.831505, 119.124901, 53.635056,30.327372, 203.756348, 0.999885
5, 423,16,38.850780, 38.830585, 119.124901, 53.635056,30.327372, 203.756348, 1.000520
5, 423,17,119.350426, 119.365456, 119.124901, 53.635056,30.327372, 203.756348, 0.999874
5, 423,18,203.756348, 203.753662, 119.124901, 53.635056,30.327372, 203.756348, 1.000013
5, 423,19,82.259087, 82.278603, 119.124901, 53.635056,30.327372, 203.756348, 0.999763
5, 423,20,138.067825, 138.057327, 119.124901, 53.635056,30.327372, 203.756348, 1.000076
5, 423,21,119.902855, 119.908707, 119.124901, 53.635056,30.327372, 203.756348, 0.999951
5, 423,22,90.523773, 90.503281, 119.124901, 53.635056,30.327372, 203.756348, 1.000226
5, 423,23,63.489597, 63.491982, 119.124901, 53.635056,30.327372, 203.756348, 0.999962
5, 423,24,38.129105, 38.110451, 119.124901, 53.635056,30.327372, 203.756348, 1.000489
5, 423,25,30.327372, 30.340597, 119.124901, 53.635056,30.327372, 203.756348, 0.999564
5, 423,26,169.487213, 169.484161, 119.124901, 53.635056,30.327372, 203.756348, 1.000018
5, 423,27,122.873863, 122.852409, 119.124901, 53.635056,30.327372, 203.756348, 1.000175
5, 423,28,203.754944, 203.791565, 119.124901, 53.635056,30.327372, 203.756348, 0.999820
5, 423,29,185.842682, 185.838776, 119.124901, 53.635056,30.327372, 203.756348, 1.000021
5, 423,30,145.542542, 145.561874, 119.124901, 53.635056,30.327372, 203.756348, 0.999867
5, 423,31,152.927750, 152.927444, 119.124901, 53.635056,30.327372, 203.756348, 1.000002
5, 424,0,110.124527, 110.126991, 119.124313, 64.143791,11.732325, 220.013123, 0.999978
5, 424,1,69.933624, 69.928017, 119.124313, 64.143791,11.732325, 220.013123, 1.000080
5, 424,2,130.715073, 130.708405, 119.124313, 64.143791,11.732325, 220.013123, 1.000051
5, 424,3,144.919907, 144.923264, 119.124313, 64.143791,11.732325, 220.013123, 0.999977
5, 424,4,213.293198, 213.296265, 119.124313, 64.143791,11.732325, 220.013123, 0.999986
5, 424,5,43.899075, 43.898010, 119.124313, 64.143791,11.732325, 220.013123, 1.000024
5, 424,6,90.684883, 90.679893, 119.124313, 64.143791,11.732325, 220.013123, 1.000055
5, 424,7,141.436844, 141.441666, 119.124313, 64.143791,11.732325, 220.013123, 0.999966
5, 424,8,94.694252, 94.692574, 119.124313, 64.143791,11.732325, 220.013123, 1.000018
5, 424,9,137.693146, 137.684692, 119.124313, 64.143791,11.732325, 220.013123, 1.000061
5, 424,10,179.550003, 179.542511, 119.124313, 64.143791,11.732325, 220.013123, 1.000042
5, 424,11,11.732325, 11.737519, 119.124313, 64.143791,11.732325, 220.013123, 0.999557
5, 424,12,197.774704, 197.783188, 119.124313, 64.143791,11.732325, 220.013123, 0.999957
5, 424,13,97.769531, 97.767654, 119.124313, 64.143791,11.732325, 220.013123, 1.000019
5, 424,14,183.165497, 183.168350, 119.124313, 64.143791,11.732325, 220.013123, 0.999984
5, 424,15,206.974182, 206.975632, 119.124313, 64.143791,11.732325, 220.013123, 0.999993
5, 424,16,65.055946, 65.062958, 119.124313, 64.143791,11.732325, 220.013123, 0.999892
5, 424,17,220.013123, 220.023438, 119.124313, 64.143791,11.732325, 220.013123, 0.999953
5, 424,18,187.993973, 188.000626, 119.124313, 64.143791,11.732325, 220.013123, 0.999965
5, 424,19,16.374834, 16.379646, 119.124313, 64.143791,11.732325, 220.013123, 0.999706
5, 424,20,67.760239, 67.770866, 119.124313, 64.143791,11.732325, 220.013123, 0.999843
5, 424,21,54.661297, 54.657516, 119.124313, 64.143791,11.732325, 220.013123, 1.000069
5, 424,22,88.693581, 88.686661, 119.124313, 64.143791,11.732325, 220.013123, 1.000078
5, 424,23,145.576416, 145.565826, 119.124313, 64.143791,11.732325, 220.013123, 1.000073
5, 424,24,35.870842, 35.872643, 119.124313, 64.143791,11.732325, 220.013123, 0.999950
5, 424,25,179.889053, 179.890015, 119.124313, 64.143791,11.732325, 220.013123, 0.999995
5, 424,26,202.190659, 202.195816, 119.124313, 64.143791,11.732325, 220.013123, 0.999974
5, 424,27,41.512703, 41.504826, 119.124313, 64.143791,11.732325, 220.013123, 1.000190
5, 424,28,112.411018, 112.408714, 119.124313, 64.143791,11.732325, 220.013123, 1.000021
5, 424,29,95.375977, 95.367912, 119.124313, 64.143791,11.732325, 220.013123, 1.000085
5, 424,30,202.214890, 202.228607, 119.124313, 64.143791,11.732325, 220.013123, 0.999932
5, 424,31,42.022701, 42.029358, 119.124313, 64.143791,11.732325, 220.013123, 0.999842
5, 425,0,24.663877, 24.650948, 119.123535, 63.379074,20.351757, 208.993927, 1.000525
5, 425,1,207.238678, 207.256790, 119.123535, 63.379074,20.351757, 208.993927, 0.999913
5, 425,2,133.507416, 133.505188, 119.123535, 63.379074,20.351757, 208.993927, 1.000017
5, 425,3,55.370464, 55.362667, 119.123535, 63.379074,20.351757, 208.993927, 1.000141
5, 425,4,160.015259, 160.018509, 119.123535, 63.379074,20.351757, 208.993927, 0.999980
5, 425,5,164.910553, 164.906311, 119.123535, 63.379074,20.351757, 208.993927, 1.000026
5, 425,6,117.331345, 117.326431, 119.123535, 63.379074,20.351757, 208.993927, 1.000042
5, 425,7,131.776199, 131.772430, 119.123535, 63.379074,20.351757, 208.993927, 1.000029
5, 425,8,35.151054, 35.165596, 119.123535, 63.379074,20.351757, 208.993927, 0.999586
5, 425,9,69.315216, 69.318016, 119.123535, 63.379074,20.351757, 208.993927, 0.999960
5, 425,10,46.879025, 46.891323, 119.123535, 63.379074,20.351757, 208.993927, 0.999738
5, 425,11,205.080841, 205.083069, 119.123535, 63.379074,20.351757, 208.993927, 0.999989
5, 425,12,194.623611, 194.630524, 119.123535, 63.379074,20.351757, 208.993927, 0.999964
5, 425,13,184.600647, 184.594086, 119.123535, 63.379074,20.351757, 208.993927, 1.000036
5, 425,14,51.018456, 51.027622, 119.123535, 63.379074,20.351757, 208.993927, 0.999820
5, 425,15,76.531204, 76.534813, 119.123535, 63.379074,20.351757, 208.993927, 0.999953
5, 425,16,162.759384, 162.769821, 119.123535, 63.379074,20.351757, 208.993927, 0.999936
5, 425,17,167.335709, 167.334671, 119.123535, 63.379074,20.351757, 208.993927, 1.000006
5, 425,18,60.135750, 60.138664, 119.123535, 63.379074,20.351757, 208.993927, 0.999952
5, 425,19,99.665024, 99.675728, 119.123535, 63.379074,20.351757, 208.993927, 0.999893
5, 425,20,174.444839, 174.445862, 119.123535, 63.379074,20.351757, 208.993927, 0.999994
5, 425,21,208.993927, 208.989578, 119.123535, 63.379074,20.351757, 208.993927, 1.000021
5, 425,22,169.756638, 169.756821, 119.123535, 63.379074,20.351757, 208.993927, 0.999999
5, 425,23,115.219696, 115.221016, 119.123535, 63.379074,20.351757, 208.993927, 0.999989
5, 425,24,20.351757, 20.353172, 119.123535, 63.379074,20.351757, 208.993927, 0.999930
5, 425,25,48.016582, 48.015453, 119.123535, 63.379074,20.351757, 208.993927, 1.000023
5, 425,26,67.968132, 67.964096, 119.123535, 63.379074,20.351757, 208.993927, 1.000059
5, 425,27,176.583023, 176.594757, 119.123535, 63.379074,20.351757, 208.993927, 0.999934
5, 425,28,50.282501, 50.294765, 119.123535, 63.379074,20.351757, 208.993927, 0.999756
5, 425,29,55.741287, 55.716671, 119.123535, 63.379074,20.351757, 208.993927, 1.000442
5, 425,30,178.813522, 178.805771, 119.123535, 63.379074,20.351757, 208.993927, 1.000043
5, 425,31,197.871765, 197.878693, 119.123535, 63.379074,20.351757, 208.993927, 0.999965
5, 426,0,112.912422, 112.917107, 119.123405, 50.262486,30.050236, 194.418762, 0.999959
5, 426,1,147.223633, 147.224792, 119.123405, 50.262486,30.050236, 194.418762, 0.999992
5, 426,2,145.895523, 145.891586, 119.123405, 50.262486,30.050236, 194.418762, 1.000027
5, 426,3,30.469776, 30.472025, 119.123405, 50.262486,30.050236, 194.418762, 0.999926
5, 426,4,81.889366, 81.886139, 119.123405, 50.262486,30.050236, 194.418762, 1.000039
5, 426,5,150.351349, 150.353363, 119.123405, 50.262486,30.050236, 194.418762, 0.999987
5, 426,6,194.418762, 194.437836, 119.123405, 50.262486,30.050236, 194.418762, 0.999902
5, 426,7,152.864090, 152.853867, 119.123405, 50.262486,30.050236, 194.418762, 1.000067
5, 426,8,109.403084, 109.403389, 119.123405, 50.262486,30.050236, 194.418762, 0.999997
5, 426,9,141.676163, 141.684601, 119.123405, 50.262486,30.050236, 194.418762, 0.999940
5, 426,10,108.388283, 108.390152, 119.123405, 50.262486,30.050236, 194.418762, 0.999983
5, 426,11,30.050236, 30.057253, 119.123405, 50.262486,30.050236, 194.418762, 0.999767
5, 426,12,82.895447, 82.887527, 119.123405, 50.262486,30.050236, 194.418762, 1.000095
5, 426,13,194.388229, 194.378586, 119.123405, 50.262486,30.050236, 194.418762, 1.000050
5, 426,14,170.831009, 170.843170, 119.123405, 50.262486,30.050236, 194.418762, 0.999929
5, 426,15,120.452385, 120.454124, 119.123405, 50.262486,30.050236, 194.418762, 0.999986
5, 426,16,43.671215, 43.679592, 119.123405, 50.262486,30.050236, 194.418762, 0.999808
5, 426,17,109.389015, 109.391533, 119.123405, 50.262486,30.050236, 194.418762, 0.999977
5, 426,18,135.978409, 135.990356, 119.123405, 50.262486,30.050236, 194.418762, 0.999912
5, 426,19,98.206749, 98.204514, 119.123405, 50.262486,30.050236, 194.418762, 1.000023
5, 426,20,178.751755, 178.747559, 119.123405, 50.262486,30.050236, 194.418762, 1.000023
5, 426,21,47.206711, 47.211094, 119.123405, 50.262486,30.050236, 194.418762, 0.999907
5, 426,22,173.621857, 173.628067, 119.123405, 50.262486,30.050236, 194.418762, 0.999964
5, 426,23,121.455574, 121.455513, 119.123405, 50.262486,30.050236, 194.418762, 1.000000
5, 426,24,49.731426, 49.747131, 119.123405, 50.262486,30.050236, 194.418762, 0.999684
5, 426,25,146.622162, 146.626328, 119.123405, 50.262486,30.050236, 194.418762, 0.999972
5, 426,26,192.429688, 192.435089, 119.123405, 50.262486,30.050236, 194.418762, 0.999972
5, 426,27,168.487015, 168.478973, 119.123405, 50.262486,30.050236, 194.418762, 1.000048
5, 426,28,123.574913, 123.570862, 119.123405, 50.262486,30.050236, 194.418762, 1.000033
5, 426,29,34.759941, 34.750114, 119.123405, 50.262486,30.050236, 194.418762, 1.000283
5, 426,30,72.260239, 72.269325, 119.123405, 50.262486,30.050236, 194.418762, 0.999874
5, 426,31,141.692062, 141.678680, 119.123405, 50.262486,30.050236, 194.418762, 1.000094
5, 427,0,31.786730, 31.791323, 119.125298, 69.858276,16.532269, 238.816208, 0.999856
5, 427,1,235.923691, 235.928268, 119.125298, 69.858276,16.532269, 238.816208, 0.999981
5, 427,2,155.008286, 155.003159, 119.125298, 69.858276,16.532269, 238.816208, 1.000033
5, 427,3,47.763393, 47.750965, 119.125298, 69.858276,16.532269, 238.816208, 1.000260
5, 427,4,109.622116, 109.624512, 119.125298, 69.858276,16.532269, 238.816208, 0.999978
5, 427,5,133.339401, 133.331573, 119.125298, 69.858276,16.532269, 238.816208, 1.000059
5, 427,6,106.661438, 106.652336, 119.125298, 69.858276,16.532269, 238.816208, 1.000085
5, 427,7,228.573425, 228.575272, 119.125298, 69.858276,16.532269, 238.816208, 0.999992
5, 427,8,19.192284, 19.191235, 119.125298, 69.858276,16.532269, 238.816208, 1.000055
5, 427,9,139.794220, 139.790085, 119.125298, 69.858276,16.532269, 238.816208, 1.000030
5, 427,10,146.607590, 146.614838, 119.125298, 69.858276,16.532269, 238.816208, 0.999951
5, 427,11,59.154900, 59.146687, 119.125298, 69.858276,16.532269, 238.816208, 1.000139
5, 427,12,59.916531, 59.914387, 119.125298, 69.858276,16.532269, 238.816208, 1.000036
5, 427,13,37.773525, 37.792038, 119.125298, 69.858276,16.532269, 238.816208, 0.999510
5, 427,14,154.501114, 154.489014, 119.125298, 69.858276,16.532269, 238.816208, 1.000078
5, 427,15,26.974804, 26.973848, 119.125298, 69.858276,16.532269, 238.816208, 1.000035
5, 427,16,121.218468, 121.224487, 119.125298, 69.858276,16.532269, 238.816208, 0.999950
5, 427,17,142.040375, 142.050903, 119.125298, 69.858276,16.532269, 238.816208, 0.999926
5, 427,18,44.972355, 44.975990, 119.125298, 69.858276,16.532269, 238.816208, 0.999919
5, 427,19,234.833832, 234.829544, 119.125298, 69.858276,16.532269, 238.816208, 1.000018
5, 427,20,238.816208, 238.815933, 119.125298, 69.858276,16.532269, 238.816208, 1.000001
5, 427,21,121.118073, 121.118843, 119.125298, 69.858276,16.532269, 238.816208, 0.999994
5, 427,22,216.154510, 216.144226, 119.125298, 69.858276,16.532269, 238.816208, 1.000048
5, 427,23,238.652023, 238.653931, 119.125298, 69.858276,16.532269, 238.816208, 0.999992
5, 427,24,71.345284, 71.345322, 119.125298, 69.858276,16.532269, 238.816208, 0.999999
5, 427,25,134.600632, 134.592270, 119.125298, 69.858276,16.532269, 238.816208, 1.000062
5, 427,26,128.484711, 128.485916, 119.125298, 69.858276,16.532269, 238.816208, 0.999991
5, 427,27,108.311127, 108.300415, 119.125298, 69.858276,16.532269, 238.816208, 1.000099
5, 427,28,16.532269, 16.528946, 119.125298, 69.858276,16.532269, 238.816208, 1.000201
5, 427,29,52.291103, 52.293758, 119.125298, 69.858276,16.532269, 238.816208, 0.999949
5, 427,30,99.138138, 99.158493, 119.125298, 69.858276,16.532269, 238.816208, 0.999795
5, 427,31,150.907242, 150.911118, 119.125298, 69.858276,16.532269, 238.816208, 0.999974
5, 428,0,97.425064, 97.422287, 119.122414, 59.823635,18.143778, 208.988281, 1.000028
5, 428,1,21.229881, 21.231140, 119.122414, 59.823635,18.143778, 208.988281, 0.999941
5, 428,2,181.709518, 181.709122, 119.122414, 59.823635,18.143778, 208.988281, 1.000002
5, 428,3,75.032974, 75.028984, 119.122414, 59.823635,18.143778, 208.988281, 1.000053
5, 428,4,95.033600, 95.033073, 119.122414, 59.823635,18.143778, 208.988281, 1.000005
5, 428,5,208.988281, 208.987442, 119.122414, 59.823635,18.143778, 208.988281, 1.000004
5, 428,6,187.914398, 187.923553, 119.122414, 59.823635,18.143778, 208.988281, 0.999951
5, 428,7,151.087006, 151.100983, 119.122414, 59.823635,18.143778, 208.988281, 0.999907
5, 428,8,132.082733, 132.087677, 119.122414, 59.823635,18.143778, 208.988281, 0.999963
5, 428,9,119.518471, 119.527122, 119.122414, 59.823635,18.143778, 208.988281, 0.999928
5, 428,10,198.943649, 198.947769, 119.122414, 59.823635,18.143778, 208.988281, 0.999979
5, 428,11,28.396706, 28.405022, 119.122414, 59.823635,18.143778, 208.988281, 0.999707
5, 428,12,66.280281, 66.281113, 119.122414, 59.823635,18.143778, 208.988281, 0.999987
5, 428,13,28.145384, 28.154184, 119.122414, 59.823635,18.143778, 208.988281, 0.999687
5, 428,14,151.899078, 151.909927, 119.122414, 59.823635,18.143778, 208.988281, 0.999929
5, 428,15,175.009705, 175.018097, 119.122414, 59.823635,18.143778, 208.988281, 0.999952
5, 428,16,18.143778, 18.145868, 119.122414, 59.823635,18.143778, 208.988281, 0.999885
5, 428,17,33.293636, 33.283760, 119.122414, 59.823635,18.143778, 208.988281, 1.000297
5, 428,18,118.084099, 118.091087, 119.122414, 59.823635,18.143778, 208.988281, 0.999941
5, 428,19,202.152527, 202.164719, 119.122414, 59.823635,18.143778, 208.988281, 0.999940
5, 428,20,137.536835, 137.530807, 119.122414, 59.823635,18.143778, 208.988281, 1.000044
5, 428,21,166.310074, 166.301575, 119.122414, 59.823635,18.143778, 208.988281, 1.000051
5, 428,22,101.735992, 101.730370, 119.122414, 59.823635,18.143778, 208.988281, 1.000055
5, 428,23,110.096382, 110.101990, 119.122414, 59.823635,18.143778, 208.988281, 0.999949
5, 428,24,76.621498, 76.621788, 119.122414, 59.823635,18.143778, 208.988281, 0.999996
5, 428,25,148.721832, 148.718048, 119.122414, 59.823635,18.143778, 208.988281, 1.000025
5, 428,26,75.147629, 75.141861, 119.122414, 59.823635,18.143778, 208.988281, 1.000077
5, 428,27,208.336624, 208.347794, 119.122414, 59.823635,18.143778, 208.988281, 0.999946
5, 428,28,179.570282, 179.564484, 119.122414, 59.823635,18.143778, 208.988281, 1.000032
5, 428,29,164.243378, 164.251007, 119.122414, 59.823635,18.143778, 208.988281, 0.999954
5, 428,30,51.165337, 51.162029, 119.122414, 59.823635,18.143778, 208.988281, 1.000065
5, 428,31,102.060104, 102.075272, 119.122414, 59.823635,18.143778, 208.988281, 0.999851
5, 429,0,147.535019, 147.544617, 119.126091, 66.493187,27.722990, 239.467468, 0.999935
5, 429,1,239.467468, 239.454529, 119.126091, 66.493187,27.722990, 239.467468, 1.000054
5, 429,2,108.368713, 108.365112, 119.126091, 66.493187,27.722990, 239.467468, 1.000033
5, 429,3,130.014221, 130.008118, 119.126091, 66.493187,27.722990, 239.467468, 1.000047
5, 429,4,176.844437, 176.845612, 119.126091, 66.493187,27.722990, 239.467468, 0.999993
5, 429,5,28.386097, 28.390524, 119.126091, 66.493187,27.722990, 239.467468, 0.999844
5, 429,6,98.443062, 98.451019, 119.126091, 66.493187,27.722990, 239.467468, 0.999919
5, 429,7,229.257645, 229.255753, 119.126091, 66.493187,27.722990, 239.467468, 1.000008
5, 429,8,119.183594, 119.190170, 119.126091, 66.493187,27.722990, 239.467468, 0.999945
5, 429,9,234.022247, 234.017105, 119.126091, 66.493187,27.722990, 239.467468, 1.000022
5, 429,10,156.563477, 156.561951, 119.126091, 66.493187,27.722990, 239.467468, 1.000010
5, 429,11,142.077393, 142.085815, 119.126091, 66.493187,27.722990, 239.467468, 0.999941
5, 429,12,79.609329, 79.605011, 119.126091, 66.493187,27.722990, 239.467468, 1.000054
5, 429,13,208.879501, 208.858215, 119.126091, 66.493187,27.722990, 239.467468, 1.000102
5, 429,14,73.939636, 73.939812, 119.126091, 66.493187,27.722990, 239.467468, 0.999998
5, 429,15,68.498558, 68.509476, 119.126091, 66.493187,27.722990, 239.467468, 0.999841
5, 429,16,153.744583, 153.743591, 119.126091, 66.493187,27.722990, 239.467468, 1.000006
5, 429,17,27.722990, 27.714401, 119.126091, 66.493187,27.722990, 239.467468, 1.000310
5, 429,18,56.719643, 56.723602, 119.126091, 66.493187,27.722990, 239.467468, 0.999930
5, 429,19,80.740067, 80.743736, 119.126091, 66.493187,27.722990, 239.467468, 0.999955
5, 429,20,35.266174, 35.279854, 119.126091, 66.493187,27.722990, 239.467468, 0.999612
5, 429,21,62.168247, 62.168167, 119.126091, 66.493187,27.722990, 239.467468, 1.000001
5, 429,22,49.324718, 49.328960, 119.126091, 66.493187,27.722990, 239.467468, 0.999914
5, 429,23,83.335365, 83.327240, 119.126091, 66.493187,27.722990, 239.467468, 1.000098
5, 429,24,214.369064, 214.359726, 119.126091, 66.493187,27.722990, 239.467468, 1.000044
5, 429,25,212.986298, 212.971909, 119.126091, 66.493187,27.722990, 239.467468, 1.000068
5, 429,26,84.047646, 84.038948, 119.126091, 66.493187,27.722990, 239.467468, 1.000103
5, 429,27,192.640488, 192.652649, 119.126091, 66.493187,27.722990, 239.467468, 0.999937
5, 429,28,51.755604, 51.755886, 119.126091, 66.493187,27.722990, 239.467468, 0.999995
5, 429,29,119.501450, 119.503334, 119.126091, 66.493187,27.722990, 239.467468, 0.999984
5, 429,30,31.711666, 31.699965, 119.126091, 66.493187,27.722990, 239.467468, 1.000369
5, 429,31,114.910583, 114.905701, 119.126091, 66.493187,27.722990, 239.467468, 1.000042
5, 430,0,24.561285, 24.562588, 119.123215, 65.505302,24.561285, 250.535492, 0.999947
5, 430,1,154.321213, 154.329437, 119.123215, 65.505302,24.561285, 250.535492, 0.999947
5, 430,2,44.468685, 44.472893, 119.123215, 65.505302,24.561285, 250.535492, 0.999905
5, 430,3,188.519562, 188.515060, 119.123215, 65.505302,24.561285, 250.535492, 1.000024
5, 430,4,164.800705, 164.811264, 119.123215, 65.505302,24.561285, 250.535492, 0.999936
5, 430,5,58.494083, 58.505127, 119.123215, 65.505302,24.561285, 250.535492, 0.999811
5, 430,6,59.111309, 59.101772, 119.123215, 65.505302,24.561285, 250.535492, 1.000161
5, 430,7,64.160858, 64.147476, 119.123215, 65.505302,24.561285, 250.535492, 1.000209
5, 430,8,97.242531, 97.235565, 119.123215, 65.505302,24.561285, 250.535492, 1.000072
5, 430,9,250.535492, 250.551544, 119.123215, 65.505302,24.561285, 250.535492, 0.999936
5, 430,10,134.016235, 134.021393, 119.123215, 65.505302,24.561285, 250.535492, 0.999961
5, 430,11,132.596207, 132.599731, 119.123215, 65.505302,24.561285, 250.535492, 0.999973
5, 430,12,238.441971, 238.449188, 119.123215, 65.505302,24.561285, 250.535492, 0.999970
5, 430,13,177.483673, 177.488159, 119.123215, 65.505302,24.561285, 250.535492, 0.999975
5, 430,14,199.533447, 199.527237, 119.123215, 65.505302,24.561285, 250.535492, 1.000031
5, 430,15,116.582031, 116.593422, 119.123215, 65.505302,24.561285, 250.535492, 0.999902
5, 430,16,103.677536, 103.666084, 119.123215, 65.505302,24.561285, 250.535492, 1.000111
5, 430,17,53.957397, 53.952934, 119.123215, 65.505302,24.561285, 250.535492, 1.000083
5, 430,18,72.435760, 72.448967, 119.123215, 65.505302,24.561285, 250.535492, 0.999818
5, 430,19,28.336674, 28.333979, 119.123215, 65.505302,24.561285, 250.535492, 1.000095
5, 430,20,182.062439, 182.062439, 119.123215, 65.505302,24.561285, 250.535492, 1.000000
5, 430,21,93.640907, 93.633591, 119.123215, 65.505302,24.561285, 250.535492, 1.000078
5, 430,22,222.975616, 222.973221, 119.123215, 65.505302,24.561285, 250.535492, 1.000011
5, 430,23,71.566299, 71.565048, 119.123215, 65.505302,24.561285, 250.535492, 1.000018
5, 430,24,209.037292, 209.029373, 119.123215, 65.505302,24.561285, 250.535492, 1.000038
5, 430,25,171.186859, 171.204956, 119.123215, 65.505302,24.561285, 250.535492, 0.999894
5, 430,26,43.337917, 43.338528, 119.123215, 65.505302,24.561285, 250.535492, 0.999986
5, 430,27,72.697784, 72.699417, 119.123215, 65.505302,24.561285, 250.535492, 0.999978
5, 430,28,58.137581, 58.136822, 119.123215, 65.505302,24.561285, 250.535492, 1.000013
5, 430,29,73.015320, 73.016144, 119.123215, 65.505302,24.561285, 250.535492, 0.999989
5, 430,30,143.010284, 143.015274, 119.123215, 65.505302,24.561285, 250.535492, 0.999965
5, 430,31,107.997650, 108.012024, 119.123215, 65.505302,24.561285, 250.535492, 0.999867
5, 431,0,149.932663, 149.932816, 119.125633, 55.071114,10.875000, 195.825394, 0.999999
5, 431,1,109.532341, 109.522743, 119.125633, 55.071114,10.875000, 195.825394, 1.000088
5, 431,2,90.337006, 90.325279, 119.125633, 55.071114,10.875000, 195.825394, 1.000130
5, 431,3,10.875000, 10.870444, 119.125633, 55.071114,10.875000, 195.825394, 1.000419
5, 431,4,88.718277, 88.715561, 119.125633, 55.071114,10.875000, 195.825394, 1.000031
5, 431,5,195.825394, 195.827850, 119.125633, 55.071114,10.875000, 195.825394, 0.999987
5, 431,6,154.366837, 154.356567, 119.125633, 55.071114,10.875000, 195.825394, 1.000067
5, 431,7,124.742424, 124.743591, 119.125633, 55.071114,10.875000, 195.825394, 0.999991
5, 431,8,84.149200, 84.148705, 119.125633, 55.071114,10.875000, 195.825394, 1.000006
5, 431,9,122.136024, 122.138222, 119.125633, 55.071114,10.875000, 195.825394, 0.999982
5, 431,10,15.299152, 15.294207, 119.125633, 55.071114,10.875000, 195.825394, 1.000323
5, 431,11,168.230728, 168.224045, 119.125633, 55.071114,10.875000, 195.825394, 1.000040
5, 431,12,162.523956, 162.518463, 119.125633, 55.071114,10.875000, 195.825394, 1.000034
5, 431,13,43.959846, 43.959236, 119.125633, 55.071114,10.875000, 195.825394, 1.000014
5, 431,14,164.031052, 164.032806, 119.125633, 55.071114,10.875000, 195.825394, 0.999989
5, 431,15,191.919495, 191.922775, 119.125633, 55.071114,10.875000, 195.825394, 0.999983
5, 431,16,193.059280, 193.067474, 119.125633, 55.071114,10.875000, 195.825394, 0.999958
5, 431,17,192.641754, 192.638214, 119.125633, 55.071114,10.875000, 195.825394, 1.000018
5, 431,18,96.276489, 96.281265, 119.125633, 55.071114,10.875000, 195.825394, 0.999950
5, 431,19,65.012726, 65.016823, 119.125633, 55.071114,10.875000, 195.825394, 0.999937
5, 431,20,126.888443, 126.883919, 119.125633, 55.071114,10.875000, 195.825394, 1.000036
5, 431,21,183.098755, 183.111023, 119.125633, 55.071114,10.875000, 195.825394, 0.999933
5, 431,22,120.632401, 120.641762, 119.125633, 55.071114,10.875000, 195.825394, 0.999922
5, 431,23,131.667603, 131.665405, 119.125633, 55.071114,10.875000, 195.825394, 1.000017
5, 431,24,103.379745, 103.381935, 119.125633, 55.071114,10.875000, 195.825394, 0.999979
5, 431,25,86.407036, 86.414246, 119.125633, 55.071114,10.875000, 195.825394, 0.999917
5, 431,26,21.418449, 21.417126, 119.125633, 55.071114,10.875000, 195.825394, 1.000062
5, 431,27,167.558945, 167.544388, 119.125633, 55.071114,10.875000, 195.825394, 1.000087
5, 431,28,186.255936, 186.258926, 119.125633, 55.071114,10.875000, 195.825394, 0.999984
5, 431,29,74.000267, 74.001472, 119.125633, 55.071114,10.875000, 195.825394, 0.999984
5, 431,30,52.443771, 52.443085, 119.125633, 55.071114,10.875000, 195.825394, 1.000013
5, 431,31,134.699448, 134.700043, 119.125633, 55.071114,10.875000, 195.825394, 0.999996
5, 432,0,226.556595, 226.557129, 119.124908, 80.806740,11.225715, 266.731079, 0.999998
5, 432,1,38.802086, 38.803200, 119.124908, 80.806740,11.225715, 266.731079, 0.999971
5, 432,2,85.866173, 85.873001, 119.124908, 80.806740,11.225715, 266.731079, 0.999920
5, 432,3,100.786301, 100.776344, 119.124908, 80.806740,11.225715, 266.731079, 1.000099
5, 432,4,40.167164, 40.167320, 119.124908, 80.806740,11.225715, 266.731079, 0.999996
5, 432,5,68.371483, 68.382538, 119.124908, 80.806740,11.225715, 266.731079, 0.999838
5, 432,6,149.396454, 149.406250, 119.124908, 80.806740,11.225715, 266.731079, 0.999934
5, 432,7,166.328049, 166.324417, 119.124908, 80.806740,11.225715, 266.731079, 1.000022
5, 432,8,18.852213, 18.866745, 119.124908, 80.806740,11.225715, 266.731079, 0.999230
5, 432,9,114.515579, 114.511574, 119.124908, 80.806740,11.225715, 266.731079, 1.000035
5, 432,10,80.887672, 80.886925, 119.124908, 80.806740,11.225715, 266.731079, 1.000009
5, 432,11,112.583031, 112.590828, 119.124908, 80.806740,11.225715, 266.731079, 0.999931
5, 432,12,79.396362, 79.389542, 119.124908, 80.806740,11.225715, 266.731079, 1.000086
5, 432,13,44.789387, 44.784924, 119.124908, 80.806740,11.225715, 266.731079, 1.000100
5, 432,14,11.225715, 11.230839, 119.124908, 80.806740,11.225715, 266.731079, 0.999544
5, 432,15,217.265991, 217.259186, 119.124908, 80.806740,11.225715, 266.731079, 1.000031
5, 432,16,74.714760, 74.709213, 119.124908, 80.806740,11.225715, 266.731079, 1.000074
5, 432,17,168.937302, 168.942886, 119.124908, 80.806740,11.225715, 266.731079, 0.999967
5, 432,18,47.467995, 47.466118, 119.124908, 80.806740,11.225715, 266.731079, 1.000040
5, 432,19,261.788391, 261.781067, 119.124908, 80.806740,11.225715, 266.731079, 1.000028
5, 432,20,224.585388, 224.581512, 119.124908, 80.806740,11.225715, 266.731079, 1.000017
5, 432,21,236.288940, 236.286240, 119.124908, 80.806740,11.225715, 266.731079, 1.000011
5, 432,22,101.345482, 101.356483, 119.124908, 80.806740,11.225715, 266.731079, 0.999891
5, 432,23,77.443817, 77.445274, 119.124908, 80.806740,11.225715, 266.731079, 0.999981
5, 432,24,151.694168, 151.695450, 119.124908, 80.806740,11.225715, 266.731079, 0.999992
5, 432,25,47.231274, 47.230923, 119.124908, 80.806740,11.225715, 266.731079, 1.000007
5, 432,26,13.676378, 13.668998, 119.124908, 80.806740,11.225715, 266.731079, 1.000540
5, 432,27,232.413681, 232.405548, 119.124908, 80.806740,11.225715, 266.731079, 1.000035
5, 432,28,63.843151, 63.835487, 119.124908, 80.806740,11.225715, 266.731079, 1.000120
5, 432,29,49.254848, 49.261414, 119.124908, 80.806740,11.225715, 266.731079, 0.999867
5, 432,30,238.790207, 238.794968, 119.124908, 80.806740,11.225715, 266.731079, 0.999980
5, 432,31,266.731079, 266.727966, 119.124908, 80.806740,11.225715, 266.731079, 1.000012
5, 433,0,37.104370, 37.102623, 119.124283, 54.424732,14.960678, 213.207413, 1.000047
5, 433,1,129.190643, 129.197693, 119.124283, 54.424732,14.960678, 213.207413, 0.999945
5, 433,2,116.742867, 116.732628, 119.124283, 54.424732,14.960678, 213.207413, 1.000088
5, 433,3,186.766510, 186.783737, 119.124283, 54.424732,14.960678, 213.207413, 0.999908
5, 433,4,175.883865, 175.883835, 119.124283, 54.424732,14.960678, 213.207413, 1.000000
5, 433,5,52.691402, 52.691799, 119.124283, 54.424732,14.960678, 213.207413, 0.999992
5, 433,6,77.252243, 77.246315, 119.124283, 54.424732,14.960678, 213.207413, 1.000077
5, 433,7,91.751572, 91.739861, 119.124283, 54.424732,14.960678, 213.207413, 1.000128
5, 433,8,60.177711, 60.167091, 119.124283, 54.424732,14.960678, 213.207413, 1.000177
5, 433,9,213.207413, 213.203949, 119.124283, 54.424732,14.960678, 213.207413, 1.000016
5, 433,10,14.960678, 14.971006, 119.124283, 54.424732,14.960678, 213.207413, 0.999310
5, 433,11,58.108925, 58.113575, 119.124283, 54.424732,14.960678, 213.207413, 0.999920
5, 433,12,172.070770, 172.058533, 119.124283, 54.424732,14.960678, 213.207413, 1.000071
5, 433,13,154.203201, 154.215515, 119.124283, 54.424732,14.960678, 213.207413, 0.999920
5, 433,14,73.903458, 73.903091, 119.124283, 54.424732,14.960678, 213.207413, 1.000005
5, 433,15,150.898590, 150.897339, 119.124283, 54.424732,14.960678, 213.207413, 1.000008
5, 433,16,159.205444, 159.211563, 119.124283, 54.424732,14.960678, 213.207413, 0.999962
5, 433,17,71.398140, 71.398804, 119.124283, 54.424732,14.960678, 213.207413, 0.999991
5, 433,18,97.065552, 97.042679, 119.124283, 54.424732,14.960678, 213.207413, 1.000236
5, 433,19,63.859093, 63.854649, 119.124283, 54.424732,14.960678, 213.207413, 1.000070
5, 433,20,92.195953, 92.190636, 119.124283, 54.424732,14.960678, 213.207413, 1.000058
5, 433,21,143.408478, 143.415787, 119.124283, 54.424732,14.960678, 213.207413, 0.999949
5, 433,22,121.075439, 121.077553, 119.124283, 54.424732,14.960678, 213.207413, 0.999983
5, 433,23,122.935242, 122.949524, 119.124283, 54.424732,14.960678, 213.207413, 0.999884
5, 433,24,44.195831, 44.189751, 119.124283, 54.424732,14.960678, 213.207413, 1.000138
5, 433,25,177.223770, 177.229889, 119.124283, 54.424732,14.960678, 213.207413, 0.999965
5, 433,26,132.597443, 132.603546, 119.124283, 54.424732,14.960678, 213.207413, 0.999954
5, 433,27,197.018784, 197.020004, 119.124283, 54.424732,14.960678, 213.207413, 0.999994
5, 433,28,204.844772, 204.852158, 119.124283, 54.424732,14.960678, 213.207413, 0.999964
5, 433,29,112.897896, 112.901077, 119.124283, 54.424732,14.960678, 213.207413, 0.999972
5, 433,30,117.991615, 118.009819, 119.124283, 54.424732,14.960678, 213.207413, 0.999846
5, 433,31,189.148819, 189.144043, 119.124283, 54.424732,14.960678, 213.207413, 1.000025
5, 434,0,153.741684, 153.738190, 119.123299, 56.930805,21.961092, 217.961578, 1.000023
5, 434,1,193.986694, 194.000839, 119.123299, 56.930805,21.961092, 217.961578, 0.999927
5, 434,2,108.484566, 108.487747, 119.123299, 56.930805,21.961092, 217.961578, 0.999971
5, 434,3,144.180420, 144.180954, 119.123299, 56.930805,21.961092, 217.961578, 0.999996
5, 434,4,95.694168, 95.699730, 119.123299, 56.930805,21.961092, 217.961578, 0.999942
5, 434,5,84.639008, 84.636505, 119.123299, 56.930805,21.961092, 217.961578, 1.000030
5, 434,6,213.225052, 213.224701, 119.123299, 56.930805,21.961092, 217.961578, 1.000002
5, 434,7,136.306366, 136.316345, 119.123299, 56.930805,21.961092, 217.961578, 0.999927
5, 434,8,80.449928, 80.453201, 119.123299, 56.930805,21.961092, 217.961578, 0.999959
5, 434,9,136.876160, 136.876282, 119.123299, 56.930805,21.961092, 217.961578, 0.999999
5, 434,10,155.973984, 155.977859, 119.123299, 56.930805,21.961092, 217.961578, 0.999975
5, 434,11,74.315338, 74.300537, 119.123299, 56.930805,21.961092, 217.961578, 1.000199
5, 434,12,141.118149, 141.117493, 119.123299, 56.930805,21.961092, 217.961578, 1.000005
5, 434,13,69.459145, 69.473648, 119.123299, 56.930805,21.961092, 217.961578, 0.999791
5, 434,14,166.462631, 166.468292, 119.123299, 56.930805,21.961092, 217.961578, 0.999966
5, 434,15,162.030411, 162.027557, 119.123299, 56.930805,21.961092, 217.961578, 1.000018
5, 434,16,44.667381, 44.663467, 119.123299, 56.930805,21.961092, 217.961578, 1.000088
5, 434,17,183.661331, 183.671310, 119.123299, 56.930805,21.961092, 217.961578, 0.999946
5, 434,18,217.961578, 217.974365, 119.123299, 56.930805,21.961092, 217.961578, 0.999941
5, 434,19,62.960915, 62.960579, 119.123299, 56.930805,21.961092, 217.961578, 1.000005
5, 434,20,47.409821, 47.405136, 119.123299, 56.930805,21.961092, 217.961578, 1.000099
5, 434,21,177.732254, 177.731018, 119.123299, 56.930805,21.961092, 217.961578, 1.000007
5, 434,22,130.485870, 130.479034, 119.123299, 56.930805,21.961092, 217.961578, 1.000052
5, 434,23,93.150299, 93.164001, 119.123299, 56.930805,21.961092, 217.961578, 0.999853
5, 434,24,189.434616, 189.437820, 119.123299, 56.930805,21.961092, 217.961578, 0.999983
5, 434,25,24.566828, 24.577190, 119.123299, 56.930805,21.961092, 217.961578, 0.999578
5, 434,26,21.961092, 21.970673, 119.123299, 56.930805,21.961092, 217.961578, 0.999564
5, 434,27,104.736053, 104.729218, 119.123299, 56.930805,21.961092, 217.961578, 1.000065
5, 434,28,190.859482, 190.847275, 119.123299, 56.930805,21.961092, 217.961578, 1.000064
5, 434,29,98.593674, 98.589417, 119.123299, 56.930805,21.961092, 217.961578, 1.000043
5, 434,30,59.874649, 59.864933, 119.123299, 56.930805,21.961092, 217.961578, 1.000162
5, 434,31,46.945587, 46.954628, 119.123299, 56.930805,21.961092, 217.961578, 0.999807
5, 435,0,248.085449, 248.072708, 119.123711, 67.636917,13.552732, 248.085449, 1.000051
5, 435,1,183.153732, 183.148422, 119.123711, 67.636917,13.552732, 248.085449, 1.000029
5, 435,2,51.340034, 51.358570, 119.123711, 67.636917,13.552732, 248.085449, 0.999639
5, 435,3,204.892929, 204.875000, 119.123711, 67.636917,13.552732, 248.085449, 1.000087
5, 435,4,188.602341, 188.614731, 119.123711, 67.636917,13.552732, 248.085449, 0.999934
5, 435,5,107.125175, 107.130981, 119.123711, 67.636917,13.552732, 248.085449, 0.999946
5, 435,6,123.826241, 123.821823, 119.123711, 67.636917,13.552732, 248.085449, 1.000036
5, 435,7,101.624748, 101.635475, 119.123711, 67.636917,13.552732, 248.085449, 0.999894
5, 435,8,18.095905, 18.100937, 119.123711, 67.636917,13.552732, 248.085449, 0.999722
5, 435,9,81.271233, 81.280952, 119.123711, 67.636917,13.552732, 248.085449, 0.999880
5, 435,10,95.168831, 95.183922, 119.123711, 67.636917,13.552732, 248.085449, 0.999841
5, 435,11,160.938522, 160.962067, 119.123711, 67.636917,13.552732, 248.085449, 0.999854
5, 435,12,237.949875, 237.950180, 119.123711, 67.636917,13.552732, 248.085449, 0.999999
5, 435,13,143.742462, 143.753052, 119.123711, 67.636917,13.552732, 248.085449, 0.999926
5, 435,14,126.187302, 126.193726, 119.123711, 67.636917,13.552732, 248.085449, 0.999949
5, 435,15,151.096924, 151.080383, 119.123711, 67.636917,13.552732, 248.085449, 1.000109
5, 435,16,194.226715, 194.212402, 119.123711, 67.636917,13.552732, 248.085449, 1.000074
5, 435,17,205.994446, 205.998917, 119.123711, 67.636917,13.552732, 248.085449, 0.999978
5, 435,18,57.110764, 57.116810, 119.123711, 67.636917,13.552732, 248.085449, 0.999894
5, 435,19,33.825378, 33.806541, 119.123711, 67.636917,13.552732, 248.085449, 1.000557
5, 435,20,238.357269, 238.344269, 119.123711, 67.636917,13.552732, 248.085449, 1.000055
5, 435,21,57.349041, 57.350349, 119.123711, 67.636917,13.552732, 248.085449, 0.999977
5, 435,22,21.716311, 21.713518, 119.123711, 67.636917,13.552732, 248.085449, 1.000129
5, 435,23,65.638550, 65.626434, 119.123711, 67.636917,13.552732, 248.085449, 1.000185
5, 435,24,138.655289, 138.658951, 119.123711, 67.636917,13.552732, 248.085449, 0.999974
5, 435,25,94.962845, 94.957680, 119.123711, 67.636917,13.552732, 248.085449, 1.000054
5, 435,26,80.873398, 80.857666, 119.123711, 67.636917,13.552732, 248.085449, 1.000195
5, 435,27,13.552732, 13.546898, 119.123711, 67.636917,13.552732, 248.085449, 1.000431
5, 435,28,147.175385, 147.190475, 119.123711, 67.636917,13.552732, 248.085449, 0.999897
5, 435,29,66.332817, 66.356262, 119.123711, 67.636917,13.552732, 248.085449, 0.999647
5, 435,30,78.933075, 78.952843, 119.123711, 67.636917,13.552732, 248.085449, 0.999750
5, 435,31,94.152985, 94.147583, 119.123711, 67.636917,13.552732, 248.085449, 1.000057
5, 436,0,217.676636, 217.678238, 119.124290, 63.216461,14.557656, 219.414124, 0.999993
5, 436,1,148.078995, 148.087296, 119.124290, 63.216461,14.557656, 219.414124, 0.999944
5, 436,2,79.964897, 79.970840, 119.124290, 63.216461,14.557656, 219.414124, 0.999926
5, 436,3,129.583221, 129.588501, 119.124290, 63.216461,14.557656, 219.414124, 0.999959
5, 436,4,130.830124, 130.824768, 119.124290, 63.216461,14.557656, 219.414124, 1.000041
5, 436,5,91.770645, 91.766785, 119.124290, 63.216461,14.557656, 219.414124, 1.000042
5, 436,6,19.810999, 19.812786, 119.124290, 63.216461,14.557656, 219.414124, 0.999910
5, 436,7,106.101517, 106.093193, 119.124290, 63.216461,14.557656, 219.414124, 1.000078
5, 436,8,111.436554, 111.456741, 119.124290, 63.216461,14.557656, 219.414124, 0.999819
5, 436,9,203.879349, 203.873367, 119.124290, 63.216461,14.557656, 219.414124, 1.000029
5, 436,10,168.004089, 168.015472, 119.124290, 63.216461,14.557656, 219.414124, 0.999932
5, 436,11,66.033455, 66.037193, 119.124290, 63.216461,14.557656, 219.414124, 0.999943
5, 436,12,195.307465, 195.309708, 119.124290, 63.216461,14.557656, 219.414124, 0.999988
5, 436,13,116.091896, 116.086266, 119.124290, 63.216461,14.557656, 219.414124, 1.000049
5, 436,14,197.618271, 197.614822, 119.124290, 63.216461,14.557656, 219.414124, 1.000017
5, 436,15,116.784012, 116.788101, 119.124290, 63.216461,14.557656, 219.414124, 0.999965
5, 436,16,43.461304, 43.469070, 119.124290, 63.216461,14.557656, 219.414124, 0.999821
5, 436,17,157.030579, 157.037277, 119.124290, 63.216461,14.557656, 219.414124, 0.999957
5, 436,18,26.584854, 26.573565, 119.124290, 63.216461,14.557656, 219.414124, 1.000425
5, 436,19,219.414124, 219.423157, 119.124290, 63.216461,14.557656, 219.414124, 0.999959
5, 436,20,100.416504, 100.414146, 119.124290, 63.216461,14.557656, 219.414124, 1.000023
5, 436,21,14.557656, 14.558697, 119.124290, 63.216461,14.557656, 219.414124, 0.999929
5, 436,22,164.964172, 164.963486, 119.124290, 63.216461,14.557656, 219.414124, 1.000004
5, 436,23,17.449305, 17.443295, 119.124290, 63.216461,14.557656, 219.414124, 1.000345
5, 436,24,129.874741, 129.871826, 119.124290, 63.216461,14.557656, 219.414124, 1.000022
5, 436,25,200.590622, 200.595993, 119.124290, 63.216461,14.557656, 219.414124, 0.999973
5, 436,26,195.020569, 195.026413, 119.124290, 63.216461,14.557656, 219.414124, 0.999970
5, 436,27,47.170158, 47.164967, 119.124290, 63.216461,14.557656, 219.414124, 1.000110
5, 436,28,146.163666, 146.155624, 119.124290, 63.216461,14.557656, 219.414124, 1.000055
5, 436,29,127.517593, 127.515205, 119.124290, 63.216461,14.557656, 219.414124, 1.000019
5, 436,30,32.408916, 32.407150, 119.124290, 63.216461,14.557656, 219.414124, 1.000054
5, 436,31,90.380539, 90.375999, 119.124290, 63.216461,14.557656, 219.414124, 1.000050
5, 437,0,273.107605, 273.105225, 119.123878, 71.287247,13.678212, 273.107605, 1.000009
5, 437,1,272.887695, 272.888794, 119.123878, 71.287247,13.678212, 273.107605, 0.999996
5, 437,2,89.917099, 89.913734, 119.123878, 71.287247,13.678212, 273.107605, 1.000037
5, 437,3,35.197723, 35.211823, 119.123878, 71.287247,13.678212, 273.107605, 0.999600
5, 437,4,155.192078, 155.178162, 119.123878, 71.287247,13.678212, 273.107605, 1.000090
5, 437,5,174.203964, 174.197296, 119.123878, 71.287247,13.678212, 273.107605, 1.000038
5, 437,6,13.678212, 13.678978, 119.123878, 71.287247,13.678212, 273.107605, 0.999944
5, 437,7,23.980198, 24.000095, 119.123878, 71.287247,13.678212, 273.107605, 0.999171
5, 437,8,69.545815, 69.537857, 119.123878, 71.287247,13.678212, 273.107605, 1.000114
5, 437,9,33.037003, 33.039391, 119.123878, 71.287247,13.678212, 273.107605, 0.999928
5, 437,10,80.729790, 80.724617, 119.123878, 71.287247,13.678212, 273.107605, 1.000064
5, 437,11,89.394279, 89.405998, 119.123878, 71.287247,13.678212, 273.107605, 0.999869
5, 437,12,118.355392, 118.363388, 119.123878, 71.287247,13.678212, 273.107605, 0.999932
5, 437,13,108.693054, 108.699837, 119.123878, 71.287247,13.678212, 273.107605, 0.999938
5, 437,14,133.883255, 133.878357, 119.123878, 71.287247,13.678212, 273.107605, 1.000037
5, 437,15,68.060760, 68.056274, 119.123878, 71.287247,13.678212, 273.107605, 1.000066
5, 437,16,105.231331, 105.237267, 119.123878, 71.287247,13.678212, 273.107605, 0.999944
5, 437,17,186.232483, 186.233047, 119.123878, 71.287247,13.678212, 273.107605, 0.999997
5, 437,18,94.210846, 94.208649, 119.123878, 71.287247,13.678212, 273.107605, 1.000023
5, 437,19,49.898052, 49.894444, 119.123878, 71.287247,13.678212, 273.107605, 1.000072
5, 437,20,64.630997, 64.635323, 119.123878, 71.287247,13.678212, 273.107605, 0.999933
5, 437,21,203.845642, 203.853867, 119.123878, 71.287247,13.678212, 273.107605, 0.999960
5, 437,22,158.380173, 158.382690, 119.123878, 71.287247,13.678212, 273.107605, 0.999984
5, 437,23,92.796570, 92.801987, 119.123878, 71.287247,13.678212, 273.107605, 0.999942
5, 437,24,197.571167, 197.561295, 119.123878, 71.287247,13.678212, 273.107605, 1.000050
5, 437,25,207.560745, 207.566132, 119.123878, 71.287247,13.678212, 273.107605, 0.999974
5, 437,26,14.322414, 14.319887, 119.123878, 71.287247,13.678212, 273.107605, 1.000176
5, 437,27,155.116211, 155.111557, 119.123878, 71.287247,13.678212, 273.107605, 1.000030
5, 437,28,153.436569, 153.430206, 119.123878, 71.287247,13.678212, 273.107605, 1.000041
5, 437,29,84.701973, 84.711563, 119.123878, 71.287247,13.678212, 273.107605, 0.999887
5, 437,30,83.744621, 83.746040, 119.123878, 71.287247,13.678212, 273.107605, 0.999983
5, 437,31,220.420517, 220.425903, 119.123878, 71.287247,13.678212, 273.107605, 0.999976
5, 438,0,132.752747, 132.761139, 119.125183, 51.903221,19.154390, 194.551697, 0.999937
5, 438,1,146.528900, 146.543915, 119.125183, 51.903221,19.154390, 194.551697, 0.999898
5, 438,2,21.746288, 21.743208, 119.125183, 51.903221,19.154390, 194.551697, 1.000142
5, 438,3,126.076302, 126.074257, 119.125183, 51.903221,19.154390, 194.551697, 1.000016
5, 438,4,43.637394, 43.650227, 119.125183, 51.903221,19.154390, 194.551697, 0.999706
5, 438,5,128.176468, 128.176331, 119.125183, 51.903221,19.154390, 194.551697, 1.000001
5, 438,6,172.199326, 172.200592, 119.125183, 51.903221,19.154390, 194.551697, 0.999993
5, 438,7,184.572220, 184.568726, 119.125183, 51.903221,19.154390, 194.551697, 1.000019
5, 438,8,46.402637, 46.411335, 119.125183, 51.903221,19.154390, 194.551697, 0.999813
5, 438,9,46.567795, 46.570408, 119.125183, 51.903221,19.154390, 194.551697, 0.999944
5, 438,10,183.586075, 183.591553, 119.125183, 51.903221,19.154390, 194.551697, 0.999970
5, 438,11,163.106628, 163.099182, 119.125183, 51.903221,19.154390, 194.551697, 1.000046
5, 438,12,87.595955, 87.583588, 119.125183, 51.903221,19.154390, 194.551697, 1.000141
5, 438,13,134.169205, 134.170105, 119.125183, 51.903221,19.154390, 194.551697, 0.999993
5, 438,14,166.239288, 166.235245, 119.125183, 51.903221,19.154390, 194.551697, 1.000024
5, 438,15,193.323273, 193.334946, 119.125183, 51.903221,19.154390, 194.551697, 0.999940
5, 438,16,152.973846, 152.963760, 119.125183, 51.903221,19.154390, 194.551697, 1.000066
5, 438,17,129.004868, 129.011475, 119.125183, 51.903221,19.154390, 194.551697, 0.999949
5, 438,18,51.281658, 51.291553, 119.125183, 51.903221,19.154390, 194.551697, 0.999807
5, 438,19,160.407745, 160.411926, 119.125183, 51.903221,19.154390, 194.551697, 0.999974
5, 438,20,154.868088, 154.884048, 119.125183, 51.903221,19.154390, 194.551697, 0.999897
5, 438,21,194.551697, 194.539383, 119.125183, 51.903221,19.154390, 194.551697, 1.000063
5, 438,22,112.432472, 112.422150, 119.125183, 51.903221,19.154390, 194.551697, 1.000092
5, 438,23,23.047215, 23.038540, 119.125183, 51.903221,19.154390, 194.551697, 1.000377
5, 438,24,19.154390, 19.146862, 119.125183, 51.903221,19.154390, 194.551697, 1.000393
5, 438,25,123.665169, 123.659721, 119.125183, 51.903221,19.154390, 194.551697, 1.000044
5, 438,26,119.135834, 119.126053, 119.125183, 51.903221,19.154390, 194.551697, 1.000082
5, 438,27,142.680695, 142.663605, 119.125183, 51.903221,19.154390, 194.551697, 1.000120
5, 438,28,117.016472, 117.023979, 119.125183, 51.903221,19.154390, 194.551697, 0.999936
5, 438,29,113.807129, 113.814064, 119.125183, 51.903221,19.154390, 194.551697, 0.999939
5, 438,30,106.346169, 106.326126, 119.125183, 51.903221,19.154390, 194.551697, 1.000188
5, 438,31,114.952225, 114.961678, 119.125183, 51.903221,19.154390, 194.551697, 0.999918
5, 439,0,53.670334, 53.670975, 119.126793, 65.180077,11.136423, 226.795837, 0.999988
5, 439,1,192.393433, 192.380234, 119.126793, 65.180077,11.136423, 226.795837, 1.000069
5, 439,2,77.199432, 77.191299, 119.126793, 65.180077,11.136423, 226.795837, 1.000105
5, 439,3,103.397942, 103.393883, 119.126793, 65.180077,11.136423, 226.795837, 1.000039
5, 439,4,226.231476, 226.245453, 119.126793, 65.180077,11.136423, 226.795837, 0.999938
5, 439,5,87.830421, 87.812515, 119.126793, 65.180077,11.136423, 226.795837, 1.000204
5, 439,6,69.735573, 69.737579, 119.126793, 65.180077,11.136423, 226.795837, 0.999971
5, 439,7,101.125366, 101.129463, 119.126793, 65.180077,11.136423, 226.795837, 0.999959
5, 439,8,179.710037, 179.703506, 119.126793, 65.180077,11.136423, 226.795837, 1.000036
5, 439,9,106.663353, 106.655724, 119.126793, 65.180077,11.136423, 226.795837, 1.000072
5, 439,10,113.767212, 113.765732, 119.126793, 65.180077,11.136423, 226.795837, 1.000013
5, 439,11,11.136423, 11.132211, 119.126793, 65.180077,11.136423, 226.795837, 1.000378
5, 439,12,175.491562, 175.477951, 119.126793, 65.180077,11.136423, 226.795837, 1.000078
5, 439,13,60.783512, 60.774246, 119.126793, 65.180077,11.136423, 226.795837, 1.000152
5, 439,14,199.680298, 199.699158, 119.126793, 65.180077,11.136423, 226.795837, 0.999906
5, 439,15,148.637695, 148.648605, 119.126793, 65.180077,11.136423, 226.795837, 0.999927
5, 439,16,64.595406, 64.588715, 119.126793, 65.180077,11.136423, 226.795837, 1.000104
5, 439,17,104.825912, 104.829369, 119.126793, 65.180077,11.136423, 226.795837, 0.999967
5, 439,18,188.496552, 188.491623, 119.126793, 65.180077,11.136423, 226.795837, 1.000026
5, 439,19,66.575111, 66.570084, 119.126793, 65.180077,11.136423, 226.795837, 1.000076
5, 439,20,137.340820, 137.339966, 119.126793, 65.180077,11.136423, 226.795837, 1.000006
5, 439,21,202.194672, 202.185989, 119.126793, 65.180077,11.136423, 226.795837, 1.000043
5, 439,22,226.795837, 226.791351, 119.126793, 65.180077,11.136423, 226.795837, 1.000020
5, 439,23,208.384933, 208.386169, 119.126793, 65.180077,11.136423, 226.795837, 0.999994
5, 439,24,56.695782, 56.690201, 119.126793, 65.180077,11.136423, 226.795837, 1.000098
5, 439,25,39.892376, 39.882267, 119.126793, 65.180077,11.136423, 226.795837, 1.000253
5, 439,26,35.959366, 35.959969, 119.126793, 65.180077,11.136423, 226.795837, 0.999983
5, 439,27,93.747482, 93.756607, 119.126793, 65.180077,11.136423, 226.795837, 0.999903
5, 439,28,22.859779, 22.872154, 119.126793, 65.180077,11.136423, 226.795837, 0.999459
5, 439,29,200.037308, 200.036133, 119.126793, 65.180077,11.136423, 226.795837, 1.000006
5, 439,30,173.472366, 173.462875, 119.126793, 65.180077,11.136423, 226.795837, 1.000055
5, 439,31,82.729065, 82.737778, 119.126793, 65.180077,11.136423, 226.795837, 0.999895
5, 440,0,36.124081, 36.144733, 119.124352, 74.174263,13.718672, 234.453323, 0.999429
5, 440,1,211.081223, 211.078674, 119.124352, 74.174263,13.718672, 234.453323, 1.000012
5, 440,2,86.159920, 86.159538, 119.124352, 74.174263,13.718672, 234.453323, 1.000004
5, 440,3,188.363602, 188.359787, 119.124352, 74.174263,13.718672, 234.453323, 1.000020
5, 440,4,77.055000, 77.060898, 119.124352, 74.174263,13.718672, 234.453323, 0.999923
5, 440,5,215.046280, 215.052399, 119.124352, 74.174263,13.718672, 234.453323, 0.999972
5, 440,6,14.094256, 14.098551, 119.124352, 74.174263,13.718672, 234.453323, 0.999695
5, 440,7,79.453117, 79.439583, 119.124352, 74.174263,13.718672, 234.453323, 1.000170
5, 440,8,168.829849, 168.817123, 119.124352, 74.174263,13.718672, 234.453323, 1.000075
5, 440,9,185.482513, 185.488739, 119.124352, 74.174263,13.718672, 234.453323, 0.999966
5, 440,10,62.071926, 62.074486, 119.124352, 74.174263,13.718672, 234.453323, 0.999959
5, 440,11,13.718672, 13.717130, 119.124352, 74.174263,13.718672, 234.453323, 1.000112
5, 440,12,35.927704, 35.922817, 119.124352, 74.174263,13.718672, 234.453323, 1.000136
5, 440,13,42.657894, 42.656647, 119.124352, 74.174263,13.718672, 234.453323, 1.000029
5, 440,14,120.103607, 120.099159, 119.124352, 74.174263,13.718672, 234.453323, 1.000037
5, 440,15,118.898888, 118.885544, 119.124352, 74.174263,13.718672, 234.453323, 1.000112
5, 440,16,15.788951, 15.790678, 119.124352, 74.174263,13.718672, 234.453323, 0.999891
5, 440,17,135.212051, 135.217316, 119.124352, 74.174263,13.718672, 234.453323, 0.999961
5, 440,18,172.424362, 172.430237, 119.124352, 74.174263,13.718672, 234.453323, 0.999966
5, 440,19,191.960968, 191.965973, 119.124352, 74.174263,13.718672, 234.453323, 0.999974
5, 440,20,218.156906, 218.152313, 119.124352, 74.174263,13.718672, 234.453323, 1.000021
5, 440,21,154.524857, 154.531158, 119.124352, 74.174263,13.718672, 234.453323, 0.999959
5, 440,22,60.790615, 60.798458, 119.124352, 74.174263,13.718672, 234.453323, 0.999871
5, 440,23,210.766388, 210.766586, 119.124352, 74.174263,13.718672, 234.453323, 0.999999
5, 440,24,41.713581, 41.713493, 119.124352, 74.174263,13.718672, 234.453323, 1.000002
5, 440,25,158.499619, 158.504868, 119.124352, 74.174263,13.718672, 234.453323, 0.999967
5, 440,26,190.820114, 190.821686, 119.124352, 74.174263,13.718672, 234.453323, 0.999992
5, 440,27,61.052456, 61.048115, 119.124352, 74.174263,13.718672, 234.453323, 1.000071
5, 440,28,43.667927, 43.669147, 119.124352, 74.174263,13.718672, 234.453323, 0.999972
5, 440,29,218.200699, 218.207794, 119.124352, 74.174263,13.718672, 234.453323, 0.999967
5, 440,30,234.453323, 234.456375, 119.124352, 74.174263,13.718672, 234.453323, 0.999987
5, 440,31,48.877850, 48.870354, 119.124352, 74.174263,13.718672, 234.453323, 1.000153
5, 441,0,87.941223, 87.927711, 119.125755, 70.263535,15.105949, 225.656799, 1.000154
5, 441,1,84.050148, 84.060638, 119.125755, 70.263535,15.105949, 225.656799, 0.999875
5, 441,2,38.837593, 38.827930, 119.125755, 70.263535,15.105949, 225.656799, 1.000249
5, 441,3,17.691687, 17.693737, 119.125755, 70.263535,15.105949, 225.656799, 0.999884
5, 441,4,98.782959, 98.774399, 119.125755, 70.263535,15.105949, 225.656799, 1.000087
5, 441,5,167.562485, 167.566635, 119.125755, 70.263535,15.105949, 225.656799, 0.999975
5, 441,6,27.003574, 27.004372, 119.125755, 70.263535,15.105949, 225.656799, 0.999970
5, 441,7,225.656799, 225.673889, 119.125755, 70.263535,15.105949, 225.656799, 0.999924
5, 441,8,44.244221, 44.237804, 119.125755, 70.263535,15.105949, 225.656799, 1.000145
5, 441,9,218.732773, 218.734695, 119.125755, 70.263535,15.105949, 225.656799, 0.999991
5, 441,10,59.499420, 59.504002, 119.125755, 70.263535,15.105949, 225.656799, 0.999923
5, 441,11,24.200371, 24.195011, 119.125755, 70.263535,15.105949, 225.656799, 1.000221
5, 441,12,40.078358, 40.067554, 119.125755, 70.263535,15.105949, 225.656799, 1.000270
5, 441,13,182.761856, 182.758743, 119.125755, 70.263535,15.105949, 225.656799, 1.000017
5, 441,14,196.088165, 196.077942, 119.125755, 70.263535,15.105949, 225.656799, 1.000052
5, 441,15,99.881172, 99.886017, 119.125755, 70.263535,15.105949, 225.656799, 0.999951
5, 441,16,175.036896, 175.031326, 119.125755, 70.263535,15.105949, 225.656799, 1.000032
5, 441,17,80.590149, 80.584297, 119.125755, 70.263535,15.105949, 225.656799, 1.000073
5, 441,18,63.951302, 63.950478, 119.125755, 70.263535,15.105949, 225.656799, 1.000013
5, 441,19,182.803314, 182.799164, 119.125755, 70.263535,15.105949, 225.656799, 1.000023
5, 441,20,15.105949, 15.106701, 119.125755, 70.263535,15.105949, 225.656799, 0.999950
5, 441,21,199.442047, 199.439713, 119.125755, 70.263535,15.105949, 225.656799, 1.000012
5, 441,22,190.369156, 190.371628, 119.125755, 70.263535,15.105949, 225.656799, 0.999987
5, 441,23,153.855087, 153.849960, 119.125755, 70.263535,15.105949, 225.656799, 1.000033
5, 441,24,55.238102, 55.239441, 119.125755, 70.263535,15.105949, 225.656799, 0.999976
5, 441,25,76.463112, 76.461212, 119.125755, 70.263535,15.105949, 225.656799, 1.000025
5, 441,26,112.154732, 112.160957, 119.125755, 70.263535,15.105949, 225.656799, 0.999945
5, 441,27,224.709885, 224.703751, 119.125755, 70.263535,15.105949, 225.656799, 1.000027
5, 441,28,213.725540, 213.735794, 119.125755, 70.263535,15.105949, 225.656799, 0.999952
5, 441,29,173.275314, 173.279678, 119.125755, 70.263535,15.105949, 225.656799, 0.999975
5, 441,30,112.736137, 112.733620, 119.125755, 70.263535,15.105949, 225.656799, 1.000022
5, 441,31,169.554535, 169.560806, 119.125755, 70.263535,15.105949, 225.656799, 0.999963
5, 442,0,72.203003, 72.204941, 119.124969, 52.536697,17.469652, 248.590851, 0.999973
5, 442,1,102.073982, 102.070908, 119.124969, 52.536697,17.469652, 248.590851, 1.000030
5, 442,2,87.118652, 87.115967, 119.124969, 52.536697,17.469652, 248.590851, 1.000031
5, 442,3,136.940216, 136.941376, 119.124969, 52.536697,17.469652, 248.590851, 0.999992
5, 442,4,125.125336, 125.125214, 119.124969, 52.536697,17.469652, 248.590851, 1.000001
5, 442,5,129.099213, 129.105408, 119.124969, 52.536697,17.469652, 248.590851, 0.999952
5, 442,6,145.907745, 145.904099, 119.124969, 52.536697,17.469652, 248.590851, 1.000025
5, 442,7,86.412468, 86.413589, 119.124969, 52.536697,17.469652, 248.590851, 0.999987
5, 442,8,180.590179, 180.584335, 119.124969, 52.536697,17.469652, 248.590851, 1.000032
5, 442,9,126.081734, 126.076378, 119.124969, 52.536697,17.469652, 248.590851, 1.000042
5, 442,10,40.037888, 40.041576, 119.124969, 52.536697,17.469652, 248.590851, 0.999908
5, 442,11,103.140282, 103.139122, 119.124969, 52.536697,17.469652, 248.590851, 1.000011
5, 442,12,93.241074, 93.239891, 119.124969, 52.536697,17.469652, 248.590851, 1.000013
5, 442,13,202.285309, 202.285095, 119.124969, 52.536697,17.469652, 248.590851, 1.000001
5, 442,14,62.181053, 62.181320, 119.124969, 52.536697,17.469652, 248.590851, 0.999996
5, 442,15,204.548996, 204.553192, 119.124969, 52.536697,17.469652, 248.590851, 0.999979
5, 442,16,121.359108, 121.349907, 119.124969, 52.536697,17.469652, 248.590851, 1.000076
5, 442,17,209.593704, 209.594284, 119.124969, 52.536697,17.469652, 248.590851, 0.999997
5, 442,18,95.432533, 95.420212, 119.124969, 52.536697,17.469652, 248.590851, 1.000129
5, 442,19,147.729416, 147.733215, 119.124969, 52.536697,17.469652, 248.590851, 0.999974
5, 442,20,17.469652, 17.470154, 119.124969, 52.536697,17.469652, 248.590851, 0.999971
5, 442,21,102.893753, 102.890358, 119.124969, 52.536697,17.469652, 248.590851, 1.000033
5, 442,22,120.206459, 120.201210, 119.124969, 52.536697,17.469652, 248.590851, 1.000044
5, 442,23,96.370811, 96.378670, 119.124969, 52.536697,17.469652, 248.590851, 0.999918
5, 442,24,54.374073, 54.374607, 119.124969, 52.536697,17.469652, 248.590851, 0.999990
5, 442,25,248.590851, 248.598587, 119.124969, 52.536697,17.469652, 248.590851, 0.999969
5, 442,26,157.922485, 157.910492, 119.124969, 52.536697,17.469652, 248.590851, 1.000076
5, 442,27,100.655327, 100.666145, 119.124969, 52.536697,17.469652, 248.590851, 0.999893
5, 442,28,98.017204, 98.010254, 119.124969, 52.536697,17.469652, 248.590851, 1.000071
5, 442,29,160.292999, 160.295670, 119.124969, 52.536697,17.469652, 248.590851, 0.999983
5, 442,30,138.160172, 138.177872, 119.124969, 52.536697,17.469652, 248.590851, 0.999872
5, 442,31,45.943291, 45.945992, 119.124969, 52.536697,17.469652, 248.590851, 0.999941
5, 443,0,156.722717, 156.747757, 119.123497, 68.244514,11.271609, 254.138763, 0.999840
5, 443,1,14.511082, 14.504079, 119.123497, 68.244514,11.271609, 254.138763, 1.000483
5, 443,2,58.792393, 58.799263, 119.123497, 68.244514,11.271609, 254.138763, 0.999883
5, 443,3,173.742035, 173.729355, 119.123497, 68.244514,11.271609, 254.138763, 1.000073
5, 443,4,163.460449, 163.443024, 119.123497, 68.244514,11.271609, 254.138763, 1.000107
5, 443,5,70.572433, 70.553993, 119.123497, 68.244514,11.271609, 254.138763, 1.000261
5, 443,6,200.263687, 200.266907, 119.123497, 68.244514,11.271609, 254.138763, 0.999984
5, 443,7,197.965347, 197.969208, 119.123497, 68.244514,11.271609, 254.138763, 0.999981
5, 443,8,96.979553, 96.977417, 119.123497, 68.244514,11.271609, 254.138763, 1.000022
5, 443,9,183.515518, 183.513550, 119.123497, 68.244514,11.271609, 254.138763, 1.000011
5, 443,10,74.494171, 74.510284, 119.123497, 68.244514,11.271609, 254.138763, 0.999784
5, 443,11,74.731636, 74.730919, 119.123497, 68.244514,11.271609, 254.138763, 1.000010
5, 443,12,56.075405, 56.075516, 119.123497, 68.244514,11.271609, 254.138763, 0.999998
5, 443,13,44.625992, 44.625103, 119.123497, 68.244514,11.271609, 254.138763, 1.000020
5, 443,14,22.076159, 22.081886, 119.123497, 68.244514,11.271609, 254.138763, 0.999741
5, 443,15,165.313065, 165.329849, 119.123497, 68.244514,11.271609, 254.138763, 0.999898
5, 443,16,167.920868, 167.924255, 119.123497, 68.244514,11.271609, 254.138763, 0.999980
5, 443,17,251.206512, 251.204086, 119.123497, 68.244514,11.271609, 254.138763, 1.000010
5, 443,18,176.042496, 176.034668, 119.123497, 68.244514,11.271609, 254.138763, 1.000044
5, 443,19,154.502289, 154.488129, 119.123497, 68.244514,11.271609, 254.138763, 1.000092
5, 443,20,254.138763, 254.156067, 119.123497, 68.244514,11.271609, 254.138763, 0.999932
5, 443,21,98.760956, 98.757751, 119.123497, 68.244514,11.271609, 254.138763, 1.000032
5, 443,22,11.271609, 11.278185, 119.123497, 68.244514,11.271609, 254.138763, 0.999417
5, 443,23,184.054977, 184.061340, 119.123497, 68.244514,11.271609, 254.138763, 0.999965
5, 443,24,75.784821, 75.796074, 119.123497, 68.244514,11.271609, 254.138763, 0.999852
5, 443,25,118.311661, 118.318535, 119.123497, 68.244514,11.271609, 254.138763, 0.999942
5, 443,26,112.897606, 112.916687, 119.123497, 68.244514,11.271609, 254.138763, 0.999831
5, 443,27,66.805656, 66.810745, 119.123497, 68.244514,11.271609, 254.138763, 0.999924
5, 443,28,102.657646, 102.653175, 119.123497, 68.244514,11.271609, 254.138763, 1.000044
5, 443,29,48.738640, 48.733555, 119.123497, 68.244514,11.271609, 254.138763, 1.000104
5, 443,30,187.871719, 187.865463, 119.123497, 68.244514,11.271609, 254.138763, 1.000033
5, 443,31,47.143589, 47.143436, 119.123497, 68.244514,11.271609, 254.138763, 1.000003
5, 444,0,122.538956, 122.540085, 119.125549, 71.836456,11.446664, 233.129944, 0.999991
5, 444,1,11.446664, 11.433151, 119.125549, 71.836456,11.446664, 233.129944, 1.001182
5, 444,2,166.487518, 166.487778, 119.125549, 71.836456,11.446664, 233.129944, 0.999998
5, 444,3,197.807846, 197.797668, 119.125549, 71.836456,11.446664, 233.129944, 1.000051
5, 444,4,189.872696, 189.857056, 119.125549, 71.836456,11.446664, 233.129944, 1.000082
5, 444,5,60.516193, 60.510010, 119.125549, 71.836456,11.446664, 233.129944, 1.000102
5, 444,6,31.991819, 31.990986, 119.125549, 71.836456,11.446664, 233.129944, 1.000026
5, 444,7,63.255333, 63.252880, 119.125549, 71.836456,11.446664, 233.129944, 1.000039
5, 444,8,112.036057, 112.041740, 119.125549, 71.836456,11.446664, 233.129944, 0.999949
5, 444,9,160.566620, 160.563171, 119.125549, 71.836456,11.446664, 233.129944, 1.000021
5, 444,10,146.451157, 146.444229, 119.125549, 71.836456,11.446664, 233.129944, 1.000047
5, 444,11,230.156296, 230.156708, 119.125549, 71.836456,11.446664, 233.129944, 0.999998
5, 444,12,233.129944, 233.139587, 119.125549, 71.836456,11.446664, 233.129944, 0.999959
5, 444,13,12.527223, 12.509729, 119.125549, 71.836456,11.446664, 233.129944, 1.001398
5, 444,14,219.242096, 219.246948, 119.125549, 71.836456,11.446664, 233.129944, 0.999978
5, 444,15,78.303108, 78.311256, 119.125549, 71.836456,11.446664, 233.129944, 0.999896
5, 444,16,36.534054, 36.530441, 119.125549, 71.836456,11.446664, 233.129944, 1.000099
5, 444,17,96.313171, 96.318214, 119.125549, 71.836456,11.446664, 233.129944, 0.999948
5, 444,18,110.024925, 110.025726, 119.125549, 71.836456,11.446664, 233.129944, 0.999993
5, 444,19,62.290874, 62.292881, 119.125549, 71.836456,11.446664, 233.129944, 0.999968
5, 444,20,192.726089, 192.730194, 119.125549, 71.836456,11.446664, 233.129944, 0.999979
5, 444,21,49.822411, 49.819664, 119.125549, 71.836456,11.446664, 233.129944, 1.000055
5, 444,22,114.143967, 114.153755, 119.125549, 71.836456,11.446664, 233.129944, 0.999914
5, 444,23,208.893677, 208.913162, 119.125549, 71.836456,11.446664, 233.129944, 0.999907
5, 444,24,17.070095, 17.062899, 119.125549, 71.836456,11.446664, 233.129944, 1.000422
5, 444,25,32.143497, 32.141846, 119.125549, 71.836456,11.446664, 233.129944, 1.000051
5, 444,26,158.561127, 158.560883, 119.125549, 71.836456,11.446664, 233.129944, 1.000002
5, 444,27,86.234474, 86.238159, 119.125549, 71.836456,11.446664, 233.129944, 0.999957
5, 444,28,174.853638, 174.853531, 119.125549, 71.836456,11.446664, 233.129944, 1.000001
5, 444,29,51.282722, 51.280239, 119.125549, 71.836456,11.446664, 233.129944, 1.000048
5, 444,30,161.847107, 161.845459, 119.125549, 71.836456,11.446664, 233.129944, 1.000010
5, 444,31,222.946304, 222.949814, 119.125549, 71.836456,11.446664, 233.129944, 0.999984
5, 445,0,128.639328, 128.631927, 119.122658, 64.212006,10.008361, 220.025208, 1.000058
5, 445,1,199.494110, 199.507462, 119.122658, 64.212006,10.008361, 220.025208, 0.999933
5, 445,2,99.283546, 99.292374, 119.122658, 64.212006,10.008361, 220.025208, 0.999911
5, 445,3,119.002151, 118.995743, 119.122658, 64.212006,10.008361, 220.025208, 1.000054
5, 445,4,206.816162, 206.821457, 119.122658, 64.212006,10.008361, 220.025208, 0.999974
5, 445,5,220.025208, 220.034225, 119.122658, 64.212006,10.008361, 220.025208, 0.999959
5, 445,6,43.540749, 43.527256, 119.122658, 64.212006,10.008361, 220.025208, 1.000310
5, 445,7,63.429558, 63.423615, 119.122658, 64.212006,10.008361, 220.025208, 1.000094
5, 445,8,182.938828, 182.956116, 119.122658, 64.212006,10.008361, 220.025208, 0.999906
5, 445,9,68.384239, 68.357498, 119.122658, 64.212006,10.008361, 220.025208, 1.000391
5, 445,10,180.681442, 180.678955, 119.122658, 64.212006,10.008361, 220.025208, 1.000014
5, 445,11,195.956345, 195.956619, 119.122658, 64.212006,10.008361, 220.025208, 0.999999
5, 445,12,14.676004, 14.676577, 119.122658, 64.212006,10.008361, 220.025208, 0.999961
5, 445,13,203.524323, 203.521469, 119.122658, 64.212006,10.008361, 220.025208, 1.000014
5, 445,14,140.314468, 140.313736, 119.122658, 64.212006,10.008361, 220.025208, 1.000005
5, 445,15,188.699936, 188.706955, 119.122658, 64.212006,10.008361, 220.025208, 0.999963
5, 445,16,49.645271, 49.644756, 119.122658, 64.212006,10.008361, 220.025208, 1.000010
5, 445,17,120.259499, 120.269417, 119.122658, 64.212006,10.008361, 220.025208, 0.999918
5, 445,18,141.073181, 141.072784, 119.122658, 64.212006,10.008361, 220.025208, 1.000003
5, 445,19,10.008361, 10.012865, 119.122658, 64.212006,10.008361, 220.025208, 0.999550
5, 445,20,91.092567, 91.084244, 119.122658, 64.212006,10.008361, 220.025208, 1.000091
5, 445,21,125.003426, 125.003883, 119.122658, 64.212006,10.008361, 220.025208, 0.999996
5, 445,22,10.224091, 10.231577, 119.122658, 64.212006,10.008361, 220.025208, 0.999268
5, 445,23,151.811356, 151.815384, 119.122658, 64.212006,10.008361, 220.025208, 0.999973
5, 445,24,112.028717, 112.035553, 119.122658, 64.212006,10.008361, 220.025208, 0.999939
5, 445,25,62.353764, 62.362217, 119.122658, 64.212006,10.008361, 220.025208, 0.999864
5, 445,26,184.740311, 184.750839, 119.122658, 64.212006,10.008361, 220.025208, 0.999943
5, 445,27,128.288773, 128.310303, 119.122658, 64.212006,10.008361, 220.025208, 0.999832
5, 445,28,42.986519, 42.986912, 119.122658, 64.212006,10.008361, 220.025208, 0.999991
5, 445,29,189.551865, 189.562515, 119.122658, 64.212006,10.008361, 220.025208, 0.999944
5, 445,30,63.108345, 63.121269, 119.122658, 64.212006,10.008361, 220.025208, 0.999795
5, 445,31,74.342529, 74.333481, 119.122658, 64.212006,10.008361, 220.025208, 1.000122
5, 446,0,178.579697, 178.579269, 119.124420, 62.198883,14.023988, 222.091354, 1.000002
5, 446,1,16.147310, 16.160818, 119.124420, 62.198883,14.023988, 222.091354, 0.999164
5, 446,2,152.859589, 152.862152, 119.124420, 62.198883,14.023988, 222.091354, 0.999983
5, 446,3,51.122150, 51.122604, 119.124420, 62.198883,14.023988, 222.091354, 0.999991
5, 446,4,195.026825, 195.031067, 119.124420, 62.198883,14.023988, 222.091354, 0.999978
5, 446,5,98.627922, 98.640060, 119.124420, 62.198883,14.023988, 222.091354, 0.999877
5, 446,6,165.892151, 165.885910, 119.124420, 62.198883,14.023988, 222.091354, 1.000038
5, 446,7,195.000839, 194.996643, 119.124420, 62.198883,14.023988, 222.091354, 1.000022
5, 446,8,156.057449, 156.056152, 119.124420, 62.198883,14.023988, 222.091354, 1.000008
5, 446,9,47.869728, 47.873547, 119.124420, 62.198883,14.023988, 222.091354, 0.999920
5, 446,10,46.395599, 46.386684, 119.124420, 62.198883,14.023988, 222.091354, 1.000192
5, 446,11,84.739632, 84.735207, 119.124420, 62.198883,14.023988, 222.091354, 1.000052
5, 446,12,106.695808, 106.686989, 119.124420, 62.198883,14.023988, 222.091354, 1.000083
5, 446,13,154.401321, 154.404083, 119.124420, 62.198883,14.023988, 222.091354, 0.999982
5, 446,14,14.023988, 14.026903, 119.124420, 62.198883,14.023988, 222.091354, 0.999792
5, 446,15,185.732101, 185.724442, 119.124420, 62.198883,14.023988, 222.091354, 1.000041
5, 446,16,127.174500, 127.186340, 119.124420, 62.198883,14.023988, 222.091354, 0.999907
5, 446,17,146.771591, 146.763275, 119.124420, 62.198883,14.023988, 222.091354, 1.000057
5, 446,18,185.982971, 185.992905, 119.124420, 62.198883,14.023988, 222.091354, 0.999947
5, 446,19,95.462929, 95.473610, 119.124420, 62.198883,14.023988, 222.091354, 0.999888
5, 446,20,111.876381, 111.877228, 119.124420, 62.198883,14.023988, 222.091354, 0.999992
5, 446,21,108.565514, 108.566208, 119.124420, 62.198883,14.023988, 222.091354, 0.999994
5, 446,22,222.091354, 222.097366, 119.124420, 62.198883,14.023988, 222.091354, 0.999973
5, 446,23,87.402878, 87.406036, 119.124420, 62.198883,14.023988, 222.091354, 0.999964
5, 446,24,15.492361, 15.486226, 119.124420, 62.198883,14.023988, 222.091354, 1.000396
5, 446,25,218.942276, 218.944672, 119.124420, 62.198883,14.023988, 222.091354, 0.999989
5, 446,26,18.972431, 18.955559, 119.124420, 62.198883,14.023988, 222.091354, 1.000890
5, 446,27,184.582581, 184.581772, 119.124420, 62.198883,14.023988, 222.091354, 1.000004
5, 446,28,66.351921, 66.342239, 119.124420, 62.198883,14.023988, 222.091354, 1.000146
5, 446,29,141.019470, 141.029236, 119.124420, 62.198883,14.023988, 222.091354, 0.999931
5, 446,30,106.715279, 106.700752, 119.124420, 62.198883,14.023988, 222.091354, 1.000136
5, 446,31,125.404991, 125.424141, 119.124420, 62.198883,14.023988, 222.091354, 0.999847
5, 447,0,113.154533, 113.146019, 119.123398, 61.551758,27.299669, 237.286255, 1.000075
5, 447,1,129.796906, 129.793945, 119.123398, 61.551758,27.299669, 237.286255, 1.000023
5, 447,2,66.592209, 66.598587, 119.123398, 61.551758,27.299669, 237.286255, 0.999904
5, 447,3,91.875671, 91.904312, 119.123398, 61.551758,27.299669, 237.286255, 0.999688
5, 447,4,50.749950, 50.748955, 119.123398, 61.551758,27.299669, 237.286255, 1.000020
5, 447,5,136.260300, 136.260071, 119.123398, 61.551758,27.299669, 237.286255, 1.000002
5, 447,6,151.414017, 151.413025, 119.123398, 61.551758,27.299669, 237.286255, 1.000007
5, 447,7,125.386230, 125.381592, 119.123398, 61.551758,27.299669, 237.286255, 1.000037
5, 447,8,138.601120, 138.596878, 119.123398, 61.551758,27.299669, 237.286255, 1.000031
5, 447,9,194.550522, 194.556839, 119.123398, 61.551758,27.299669, 237.286255, 0.999968
5, 447,10,155.873077, 155.883438, 119.123398, 61.551758,27.299669, 237.286255, 0.999934
5, 447,11,181.909988, 181.922134, 119.123398, 61.551758,27.299669, 237.286255, 0.999933
5, 447,12,75.445099, 75.452332, 119.123398, 61.551758,27.299669, 237.286255, 0.999904
5, 447,13,66.902779, 66.903397, 119.123398, 61.551758,27.299669, 237.286255, 0.999991
5, 447,14,56.314175, 56.329712, 119.123398, 61.551758,27.299669, 237.286255, 0.999724
5, 447,15,46.540779, 46.547062, 119.123398, 61.551758,27.299669, 237.286255, 0.999865
5, 447,16,56.300159, 56.293427, 119.123398, 61.551758,27.299669, 237.286255, 1.000120
5, 447,17,161.466721, 161.471451, 119.123398, 61.551758,27.299669, 237.286255, 0.999971
5, 447,18,48.239941, 48.237976, 119.123398, 61.551758,27.299669, 237.286255, 1.000041
5, 447,19,223.505203, 223.505661, 119.123398, 61.551758,27.299669, 237.286255, 0.999998
5, 447,20,171.373154, 171.370209, 119.123398, 61.551758,27.299669, 237.286255, 1.000017
5, 447,21,35.790920, 35.784691, 119.123398, 61.551758,27.299669, 237.286255, 1.000174
5, 447,22,190.714523, 190.717804, 119.123398, 61.551758,27.299669, 237.286255, 0.999983
5, 447,23,178.898010, 178.888641, 119.123398, 61.551758,27.299669, 237.286255, 1.000052
5, 447,24,119.647057, 119.648430, 119.123398, 61.551758,27.299669, 237.286255, 0.999988
5, 447,25,237.286255, 237.294250, 119.123398, 61.551758,27.299669, 237.286255, 0.999966
5, 447,26,27.299669, 27.301071, 119.123398, 61.551758,27.299669, 237.286255, 0.999949
5, 447,27,221.368713, 221.357544, 119.123398, 61.551758,27.299669, 237.286255, 1.000050
5, 447,28,135.906189, 135.897217, 119.123398, 61.551758,27.299669, 237.286255, 1.000066
5, 447,29,27.428200, 27.424442, 119.123398, 61.551758,27.299669, 237.286255, 1.000137
5, 447,30,92.905647, 92.920311, 119.123398, 61.551758,27.299669, 237.286255, 0.999842
5, 447,31,102.451027, 102.448967, 119.123398, 61.551758,27.299669, 237.286255, 1.000020
5, 448,0,107.595535, 107.588638, 119.123215, 63.421505,12.251171, 235.613037, 1.000064
5, 448,1,63.248028, 63.240139, 119.123215, 63.421505,12.251171, 235.613037, 1.000125
5, 448,2,203.187927, 203.173737, 119.123215, 63.421505,12.251171, 235.613037, 1.000070
5, 448,3,141.204910, 141.210144, 119.123215, 63.421505,12.251171, 235.613037, 0.999963
5, 448,4,154.773285, 154.788895, 119.123215, 63.421505,12.251171, 235.613037, 0.999899
5, 448,5,203.611435, 203.605164, 119.123215, 63.421505,12.251171, 235.613037, 1.000031
5, 448,6,232.004013, 232.027679, 119.123215, 63.421505,12.251171, 235.613037, 0.999898
5, 448,7,88.556816, 88.569603, 119.123215, 63.421505,12.251171, 235.613037, 0.999856
5, 448,8,132.743790, 132.749924, 119.123215, 63.421505,12.251171, 235.613037, 0.999954
5, 448,9,85.592323, 85.600845, 119.123215, 63.421505,12.251171, 235.613037, 0.999900
5, 448,10,195.422623, 195.408173, 119.123215, 63.421505,12.251171, 235.613037, 1.000074
5, 448,11,125.971413, 125.986145, 119.123215, 63.421505,12.251171, 235.613037, 0.999883
5, 448,12,137.203674, 137.210388, 119.123215, 63.421505,12.251171, 235.613037, 0.999951
5, 448,13,23.989119, 23.980930, 119.123215, 63.421505,12.251171, 235.613037, 1.000341
5, 448,14,98.667473, 98.675064, 119.123215, 63.421505,12.251171, 235.613037, 0.999923
5, 448,15,143.904053, 143.908340, 119.123215, 63.421505,12.251171, 235.613037, 0.999970
5, 448,16,178.209976, 178.209869, 119.123215, 63.421505,12.251171, 235.613037, 1.000001
5, 448,17,105.718086, 105.709404, 119.123215, 63.421505,12.251171, 235.613037, 1.000082
5, 448,18,168.224289, 168.214096, 119.123215, 63.421505,12.251171, 235.613037, 1.000061
5, 448,19,37.945885, 37.947235, 119.123215, 63.421505,12.251171, 235.613037, 0.999964
5, 448,20,162.386139, 162.371658, 119.123215, 63.421505,12.251171, 235.613037, 1.000089
5, 448,21,33.556355, 33.559914, 119.123215, 63.421505,12.251171, 235.613037, 0.999894
5, 448,22,32.768917, 32.770195, 119.123215, 63.421505,12.251171, 235.613037, 0.999961
5, 448,23,38.431252, 38.459087, 119.123215, 63.421505,12.251171, 235.613037, 0.999276
5, 448,24,12.251171, 12.259470, 119.123215, 63.421505,12.251171, 235.613037, 0.999323
5, 448,25,235.613037, 235.596054, 119.123215, 63.421505,12.251171, 235.613037, 1.000072
5, 448,26,97.201866, 97.198006, 119.123215, 63.421505,12.251171, 235.613037, 1.000040
5, 448,27,213.260559, 213.257263, 119.123215, 63.421505,12.251171, 235.613037, 1.000015
5, 448,28,110.022026, 110.023605, 119.123215, 63.421505,12.251171, 235.613037, 0.999986
5, 448,29,84.880905, 84.891571, 119.123215, 63.421505,12.251171, 235.613037, 0.999874
5, 448,30,84.519920, 84.525955, 119.123215, 63.421505,12.251171, 235.613037, 0.999929
5, 448,31,79.276382, 79.283112, 119.123215, 63.421505,12.251171, 235.613037, 0.999915
5, 449,0,171.848541, 171.843384, 119.125381, 59.086956,10.996841, 194.547134, 1.000030
5, 449,1,171.461853, 171.464188, 119.125381, 59.086956,10.996841, 194.547134, 0.999986
5, 449,2,115.950783, 115.951714, 119.125381, 59.086956,10.996841, 194.547134, 0.999992
5, 449,3,79.145462, 79.146408, 119.125381, 59.086956,10.996841, 194.547134, 0.999988
5, 449,4,131.016373, 131.010529, 119.125381, 59.086956,10.996841, 194.547134, 1.000045
5, 449,5,180.024277, 180.030640, 119.125381, 59.086956,10.996841, 194.547134, 0.999965
5, 449,6,179.464920, 179.467590, 119.125381, 59.086956,10.996841, 194.547134, 0.999985
5, 449,7,190.535034, 190.533310, 119.125381, 59.086956,10.996841, 194.547134, 1.000009
5, 449,8,194.547134, 194.555130, 119.125381, 59.086956,10.996841, 194.547134, 0.999959
5, 449,9,157.128525, 157.135056, 119.125381, 59.086956,10.996841, 194.547134, 0.999958
5, 449,10,180.627426, 180.628174, 119.125381, 59.086956,10.996841, 194.547134, 0.999996
5, 449,11,23.732887, 23.725864, 119.125381, 59.086956,10.996841, 194.547134, 1.000296
5, 449,12,23.344824, 23.352409, 119.125381, 59.086956,10.996841, 194.547134, 0.999675
5, 449,13,145.858810, 145.856750, 119.125381, 59.086956,10.996841, 194.547134, 1.000014
5, 449,14,183.351929, 183.357254, 119.125381, 59.086956,10.996841, 194.547134, 0.999971
5, 449,15,31.263224, 31.269630, 119.125381, 59.086956,10.996841, 194.547134, 0.999795
5, 449,16,186.296341, 186.287430, 119.125381, 59.086956,10.996841, 194.547134, 1.000048
5, 449,17,96.501602, 96.497643, 119.125381, 59.086956,10.996841, 194.547134, 1.000041
5, 449,18,166.585724, 166.586304, 119.125381, 59.086956,10.996841, 194.547134, 0.999997
5, 449,19,127.924377, 127.925224, 119.125381, 59.086956,10.996841, 194.547134, 0.999993
5, 449,20,160.722458, 160.714462, 119.125381, 59.086956,10.996841, 194.547134, 1.000050
5, 449,21,52.585472, 52.590969, 119.125381, 59.086956,10.996841, 194.547134, 0.999895
5, 449,22,148.720108, 148.717972, 119.125381, 59.086956,10.996841, 194.547134, 1.000014
5, 449,23,93.824295, 93.814522, 119.125381, 59.086956,10.996841, 194.547134, 1.000104
5, 449,24,64.728775, 64.725349, 119.125381, 59.086956,10.996841, 194.547134, 1.000053
5, 449,25,60.744431, 60.743752, 119.125381, 59.086956,10.996841, 194.547134, 1.000011
5, 449,26,10.996841, 10.993961, 119.125381, 59.086956,10.996841, 194.547134, 1.000262
5, 449,27,127.925301, 127.925224, 119.125381, 59.086956,10.996841, 194.547134, 1.000001
5, 449,28,55.629601, 55.618816, 119.125381, 59.086956,10.996841, 194.547134, 1.000194
5, 449,29,116.124084, 116.129829, 119.125381, 59.086956,10.996841, 194.547134, 0.999951
5, 449,30,155.160507, 155.158630, 119.125381, 59.086956,10.996841, 194.547134, 1.000012
5, 449,31,28.240429, 28.241783, 119.125381, 59.086956,10.996841, 194.547134, 0.999952
5, 450,0,94.811638, 94.816231, 119.122696, 62.659546,20.771358, 223.600311, 0.999952
5, 450,1,199.018600, 199.027222, 119.122696, 62.659546,20.771358, 223.600311, 0.999957
5, 450,2,94.846512, 94.829552, 119.122696, 62.659546,20.771358, 223.600311, 1.000179
5, 450,3,99.473564, 99.483498, 119.122696, 62.659546,20.771358, 223.600311, 0.999900
5, 450,4,166.358063, 166.369736, 119.122696, 62.659546,20.771358, 223.600311, 0.999930
5, 450,5,179.400146, 179.412766, 119.122696, 62.659546,20.771358, 223.600311, 0.999930
5, 450,6,202.985825, 202.988724, 119.122696, 62.659546,20.771358, 223.600311, 0.999986
5, 450,7,123.471260, 123.465591, 119.122696, 62.659546,20.771358, 223.600311, 1.000046
5, 450,8,177.807861, 177.821503, 119.122696, 62.659546,20.771358, 223.600311, 0.999923
5, 450,9,217.426575, 217.436584, 119.122696, 62.659546,20.771358, 223.600311, 0.999954
5, 450,10,213.114258, 213.135513, 119.122696, 62.659546,20.771358, 223.600311, 0.999900
5, 450,11,223.600311, 223.595215, 119.122696, 62.659546,20.771358, 223.600311, 1.000023
5, 450,12,157.659653, 157.654434, 119.122696, 62.659546,20.771358, 223.600311, 1.000033
5, 450,13,39.379848, 39.381744, 119.122696, 62.659546,20.771358, 223.600311, 0.999952
5, 450,14,92.997772, 93.011917, 119.122696, 62.659546,20.771358, 223.600311, 0.999848
5, 450,15,111.573097, 111.594391, 119.122696, 62.659546,20.771358, 223.600311, 0.999809
5, 450,16,53.357323, 53.363541, 119.122696, 62.659546,20.771358, 223.600311, 0.999883
5, 450,17,45.758854, 45.753452, 119.122696, 62.659546,20.771358, 223.600311, 1.000118
5, 450,18,202.927048, 202.915497, 119.122696, 62.659546,20.771358, 223.600311, 1.000057
5, 450,19,20.771358, 20.765984, 119.122696, 62.659546,20.771358, 223.600311, 1.000259
5, 450,20,131.194809, 131.182220, 119.122696, 62.659546,20.771358, 223.600311, 1.000096
5, 450,21,139.363297, 139.364914, 119.122696, 62.659546,20.771358, 223.600311, 0.999988
5, 450,22,148.063004, 148.053589, 119.122696, 62.659546,20.771358, 223.600311, 1.000064
5, 450,23,31.128092, 31.132486, 119.122696, 62.659546,20.771358, 223.600311, 0.999859
5, 450,24,82.538033, 82.532227, 119.122696, 62.659546,20.771358, 223.600311, 1.000070
5, 450,25,33.334370, 33.342941, 119.122696, 62.659546,20.771358, 223.600311, 0.999743
5, 450,26,172.565643, 172.561691, 119.122696, 62.659546,20.771358, 223.600311, 1.000023
5, 450,27,59.777443, 59.781849, 119.122696, 62.659546,20.771358, 223.600311, 0.999926
5, 450,28,62.053673, 62.052227, 119.122696, 62.659546,20.771358, 223.600311, 1.000023
5, 450,29,91.343063, 91.347420, 119.122696, 62.659546,20.771358, 223.600311, 0.999952
5, 450,30,84.233940, 84.236671, 119.122696, 62.659546,20.771358, 223.600311, 0.999968
5, 450,31,59.591293, 59.588772, 119.122696, 62.659546,20.771358, 223.600311, 1.000042
5, 451,0,223.373505, 223.371613, 119.124390, 58.692799,12.680023, 223.373505, 1.000008
5, 451,1,113.843811, 113.839943, 119.124390, 58.692799,12.680023, 223.373505, 1.000034
5, 451,2,185.545868, 185.550583, 119.124390, 58.692799,12.680023, 223.373505, 0.999975
5, 451,3,77.110687, 77.114227, 119.124390, 58.692799,12.680023, 223.373505, 0.999954
5, 451,4,44.707176, 44.698071, 119.124390, 58.692799,12.680023, 223.373505, 1.000204
5, 451,5,153.042664, 153.056198, 119.124390, 58.692799,12.680023, 223.373505, 0.999912
5, 451,6,96.634743, 96.640854, 119.124390, 58.692799,12.680023, 223.373505, 0.999937
5, 451,7,156.211609, 156.224777, 119.124390, 58.692799,12.680023, 223.373505, 0.999916
5, 451,8,33.456165, 33.458035, 119.124390, 58.692799,12.680023, 223.373505, 0.999944
5, 451,9,91.428078, 91.425064, 119.124390, 58.692799,12.680023, 223.373505, 1.000033
5, 451,10,100.740906, 100.715698, 119.124390, 58.692799,12.680023, 223.373505, 1.000250
5, 451,11,164.492294, 164.491821, 119.124390, 58.692799,12.680023, 223.373505, 1.000003
5, 451,12,17.732258, 17.732414, 119.124390, 58.692799,12.680023, 223.373505, 0.999991
5, 451,13,113.454491, 113.455276, 119.124390, 58.692799,12.680023, 223.373505, 0.999993
5, 451,14,103.743210, 103.740852, 119.124390, 58.692799,12.680023, 223.373505, 1.000023
5, 451,15,180.459122, 180.458679, 119.124390, 58.692799,12.680023, 223.373505, 1.000003
5, 451,16,51.966457, 51.967583, 119.124390, 58.692799,12.680023, 223.373505, 0.999978
5, 451,17,146.924622, 146.927628, 119.124390, 58.692799,12.680023, 223.373505, 0.999980
5, 451,18,155.983414, 155.996597, 119.124390, 58.692799,12.680023, 223.373505, 0.999915
5, 451,19,18.369101, 18.364830, 119.124390, 58.692799,12.680023, 223.373505, 1.000233
5, 451,20,50.589931, 50.591915, 119.124390, 58.692799,12.680023, 223.373505, 0.999961
5, 451,21,134.036163, 134.038101, 119.124390, 58.692799,12.680023, 223.373505, 0.999986
5, 451,22,199.447372, 199.437637, 119.124390, 58.692799,12.680023, 223.373505, 1.000049
5, 451,23,12.680023, 12.673095, 119.124390, 58.692799,12.680023, 223.373505, 1.000547
5, 451,24,131.454117, 131.469330, 119.124390, 58.692799,12.680023, 223.373505, 0.999884
5, 451,25,95.983200, 95.982361, 119.124390, 58.692799,12.680023, 223.373505, 1.000009
5, 451,26,221.063461, 221.063629, 119.124390, 58.692799,12.680023, 223.373505, 0.999999
5, 451,27,157.432922, 157.430939, 119.124390, 58.692799,12.680023, 223.373505, 1.000013
5, 451,28,126.883774, 126.898979, 119.124390, 58.692799,12.680023, 223.373505, 0.999880
5, 451,29,131.222092, 131.215057, 119.124390, 58.692799,12.680023, 223.373505, 1.000054
5, 451,30,178.043289, 178.046371, 119.124390, 58.692799,12.680023, 223.373505, 0.999983
5, 451,31,143.924393, 143.922028, 119.124390, 58.692799,12.680023, 223.373505, 1.000016
5, 452,0,30.575371, 30.584703, 119.125877, 65.841843,17.018320, 203.822647, 0.999695
5, 452,1,161.363983, 161.366989, 119.125877, 65.841843,17.018320, 203.822647, 0.999981
5, 452,2,21.311008, 21.325670, 119.125877, 65.841843,17.018320, 203.822647, 0.999312
5, 452,3,164.045334, 164.061768, 119.125877, 65.841843,17.018320, 203.822647, 0.999900
5, 452,4,55.737080, 55.736107, 119.125877, 65.841843,17.018320, 203.822647, 1.000017
5, 452,5,31.636545, 31.640007, 119.125877, 65.841843,17.018320, 203.822647, 0.999891
5, 452,6,39.839493, 39.837456, 119.125877, 65.841843,17.018320, 203.822647, 1.000051
5, 452,7,145.107529, 145.110275, 119.125877, 65.841843,17.018320, 203.822647, 0.999981
5, 452,8,141.520035, 141.523499, 119.125877, 65.841843,17.018320, 203.822647, 0.999976
5, 452,9,94.738640, 94.732094, 119.125877, 65.841843,17.018320, 203.822647, 1.000069
5, 452,10,137.531403, 137.515869, 119.125877, 65.841843,17.018320, 203.822647, 1.000113
5, 452,11,186.457672, 186.449280, 119.125877, 65.841843,17.018320, 203.822647, 1.000045
5, 452,12,162.996567, 162.981339, 119.125877, 65.841843,17.018320, 203.822647, 1.000093
5, 452,13,59.077099, 59.065338, 119.125877, 65.841843,17.018320, 203.822647, 1.000199
5, 452,14,203.822647, 203.824097, 119.125877, 65.841843,17.018320, 203.822647, 0.999993
5, 452,15,179.148056, 179.150101, 119.125877, 65.841843,17.018320, 203.822647, 0.999989
5, 452,16,18.829350, 18.844450, 119.125877, 65.841843,17.018320, 203.822647, 0.999199
5, 452,17,174.678009, 174.671356, 119.125877, 65.841843,17.018320, 203.822647, 1.000038
5, 452,18,164.555069, 164.551727, 119.125877, 65.841843,17.018320, 203.822647, 1.000020
5, 452,19,67.754883, 67.759026, 119.125877, 65.841843,17.018320, 203.822647, 0.999939
5, 452,20,195.198853, 195.193237, 119.125877, 65.841843,17.018320, 203.822647, 1.000029
5, 452,21,185.468033, 185.469345, 119.125877, 65.841843,17.018320, 203.822647, 0.999993
5, 452,22,166.157074, 166.159805, 119.125877, 65.841843,17.018320, 203.822647, 0.999984
5, 452,23,146.292740, 146.291214, 119.125877, 65.841843,17.018320, 203.822647, 1.000010
5, 452,24,182.724426, 182.718033, 119.125877, 65.841843,17.018320, 203.822647, 1.000035
5, 452,25,192.290894, 192.297409, 119.125877, 65.841843,17.018320, 203.822647, 0.999966
5, 452,26,173.567413, 173.559509, 119.125877, 65.841843,17.018320, 203.822647, 1.000046
5, 452,27,26.403366, 26.407459, 119.125877, 65.841843,17.018320, 203.822647, 0.999845
5, 452,28,54.294365, 54.291348, 119.125877, 65.841843,17.018320, 203.822647, 1.000056
5, 452,29,62.677357, 62.677242, 119.125877, 65.841843,17.018320, 203.822647, 1.000002
5, 452,30,17.018320, 17.010231, 119.125877, 65.841843,17.018320, 203.822647, 1.000476
5, 452,31,169.209427, 169.193802, 119.125877, 65.841843,17.018320, 203.822647, 1.000092
5, 453,0,126.501167, 126.499863, 119.125893, 68.320389,20.239935, 230.688614, 1.000010
5, 453,1,104.815109, 104.807106, 119.125893, 68.320389,20.239935, 230.688614, 1.000076
5, 453,2,224.761887, 224.749039, 119.125893, 68.320389,20.239935, 230.688614, 1.000057
5, 453,3,104.613152, 104.611610, 119.125893, 68.320389,20.239935, 230.688614, 1.000015
5, 453,4,20.239935, 20.249416, 119.125893, 68.320389,20.239935, 230.688614, 0.999532
5, 453,5,212.944717, 212.935669, 119.125893, 68.320389,20.239935, 230.688614, 1.000042
5, 453,6,225.272476, 225.272690, 119.125893, 68.320389,20.239935, 230.688614, 0.999999
5, 453,7,49.241276, 49.238232, 119.125893, 68.320389,20.239935, 230.688614, 1.000062
5, 453,8,101.501778, 101.504677, 119.125893, 68.320389,20.239935, 230.688614, 0.999971
5, 453,9,47.227062, 47.227448, 119.125893, 68.320389,20.239935, 230.688614, 0.999992
5, 453,10,102.579849, 102.586868, 119.125893, 68.320389,20.239935, 230.688614, 0.999932
5, 453,11,230.688614, 230.683640, 119.125893, 68.320389,20.239935, 230.688614, 1.000022
5, 453,12,78.191147, 78.185158, 119.125893, 68.320389,20.239935, 230.688614, 1.000077
5, 453,13,43.463379, 43.471191, 119.125893, 68.320389,20.239935, 230.688614, 0.999820
5, 453,14,213.918762, 213.913132, 119.125893, 68.320389,20.239935, 230.688614, 1.000026
5, 453,15,188.625290, 188.617737, 119.125893, 68.320389,20.239935, 230.688614, 1.000040
5, 453,16,69.047096, 69.045860, 119.125893, 68.320389,20.239935, 230.688614, 1.000018
5, 453,17,85.909218, 85.921097, 119.125893, 68.320389,20.239935, 230.688614, 0.999862
5, 453,18,70.550636, 70.546967, 119.125893, 68.320389,20.239935, 230.688614, 1.000052
5, 453,19,122.039024, 122.045403, 119.125893, 68.320389,20.239935, 230.688614, 0.999948
5, 453,20,189.920914, 189.916382, 119.125893, 68.320389,20.239935, 230.688614, 1.000024
5, 453,21,90.803566, 90.808418, 119.125893, 68.320389,20.239935, 230.688614, 0.999947
5, 453,22,162.093750, 162.093536, 119.125893, 68.320389,20.239935, 230.688614, 1.000001
5, 453,23,20.743923, 20.745132, 119.125893, 68.320389,20.239935, 230.688614, 0.999942
5, 453,24,99.322327, 99.319344, 119.125893, 68.320389,20.239935, 230.688614, 1.000030
5, 453,25,25.444395, 25.443947, 119.125893, 68.320389,20.239935, 230.688614, 1.000018
5, 453,26,211.810181, 211.811584, 119.125893, 68.320389,20.239935, 230.688614, 0.999993
5, 453,27,123.465851, 123.462730, 119.125893, 68.320389,20.239935, 230.688614, 1.000025
5, 453,28,54.839359, 54.830727, 119.125893, 68.320389,20.239935, 230.688614, 1.000157
5, 453,29,199.513016, 199.516479, 119.125893, 68.320389,20.239935, 230.688614, 0.999983
5, 453,30,47.300625, 47.290287, 119.125893, 68.320389,20.239935, 230.688614, 1.000219
5, 453,31,164.639389, 164.648895, 119.125893, 68.320389,20.239935, 230.688614, 0.999942
5, 454,0,110.304153, 110.313850, 119.125221, 65.749962,19.170109, 228.515152, 0.999912
5, 454,1,33.329601, 33.325474, 119.125221, 65.749962,19.170109, 228.515152, 1.000124
5, 454,2,228.515152, 228.528961, 119.125221, 65.749962,19.170109, 228.515152, 0.999940
5, 454,3,19.170109, 19.172096, 119.125221, 65.749962,19.170109, 228.515152, 0.999896
5, 454,4,162.976715, 162.975052, 119.125221, 65.749962,19.170109, 228.515152, 1.000010
5, 454,5,32.434402, 32.439610, 119.125221, 65.749962,19.170109, 228.515152, 0.999839
5, 454,6,185.930359, 185.932541, 119.125221, 65.749962,19.170109, 228.515152, 0.999988
5, 454,7,120.890144, 120.896515, 119.125221, 65.749962,19.170109, 228.515152, 0.999947
5, 454,8,198.071899, 198.068878, 119.125221, 65.749962,19.170109, 228.515152, 1.000015
5, 454,9,129.676254, 129.673370, 119.125221, 65.749962,19.170109, 228.515152, 1.000022
5, 454,10,82.649139, 82.640823, 119.125221, 65.749962,19.170109, 228.515152, 1.000101
5, 454,11,157.317841, 157.312332, 119.125221, 65.749962,19.170109, 228.515152, 1.000035
5, 454,12,33.940376, 33.931950, 119.125221, 65.749962,19.170109, 228.515152, 1.000248
5, 454,13,63.286438, 63.267670, 119.125221, 65.749962,19.170109, 228.515152, 1.000297
5, 454,14,109.621635, 109.618782, 119.125221, 65.749962,19.170109, 228.515152, 1.000026
5, 454,15,110.341293, 110.354736, 119.125221, 65.749962,19.170109, 228.515152, 0.999878
5, 454,16,181.446365, 181.448700, 119.125221, 65.749962,19.170109, 228.515152, 0.999987
5, 454,17,168.141953, 168.153946, 119.125221, 65.749962,19.170109, 228.515152, 0.999929
5, 454,18,23.168928, 23.172112, 119.125221, 65.749962,19.170109, 228.515152, 0.999863
5, 454,19,102.418427, 102.416031, 119.125221, 65.749962,19.170109, 228.515152, 1.000023
5, 454,20,201.623276, 201.612320, 119.125221, 65.749962,19.170109, 228.515152, 1.000054
5, 454,21,78.907150, 78.899757, 119.125221, 65.749962,19.170109, 228.515152, 1.000094
5, 454,22,49.682583, 49.679882, 119.125221, 65.749962,19.170109, 228.515152, 1.000054
5, 454,23,166.179886, 166.177780, 119.125221, 65.749962,19.170109, 228.515152, 1.000013
5, 454,24,205.390610, 205.401093, 119.125221, 65.749962,19.170109, 228.515152, 0.999949
5, 454,25,63.669380, 63.662899, 119.125221, 65.749962,19.170109, 228.515152, 1.000102
5, 454,26,149.289825, 149.278229, 119.125221, 65.749962,19.170109, 228.515152, 1.000078
5, 454,27,25.386055, 25.379955, 119.125221, 65.749962,19.170109, 228.515152, 1.000240
5, 454,28,87.947830, 87.956009, 119.125221, 65.749962,19.170109, 228.515152, 0.999907
5, 454,29,223.443237, 223.438629, 119.125221, 65.749962,19.170109, 228.515152, 1.000021
5, 454,30,101.539238, 101.536987, 119.125221, 65.749962,19.170109, 228.515152, 1.000022
5, 454,31,205.316513, 205.332947, 119.125221, 65.749962,19.170109, 228.515152, 0.999920
5, 455,0,142.379898, 142.368896, 119.125679, 70.193733,16.307983, 241.347656, 1.000077
5, 455,1,50.512630, 50.509380, 119.125679, 70.193733,16.307983, 241.347656, 1.000064
5, 455,2,91.325447, 91.320305, 119.125679, 70.193733,16.307983, 241.347656, 1.000056
5, 455,3,104.948479, 104.948456, 119.125679, 70.193733,16.307983, 241.347656, 1.000000
5, 455,4,35.153824, 35.145531, 119.125679, 70.193733,16.307983, 241.347656, 1.000236
5, 455,5,37.008099, 36.998901, 119.125679, 70.193733,16.307983, 241.347656, 1.000249
5, 455,6,211.575500, 211.583450, 119.125679, 70.193733,16.307983, 241.347656, 0.999962
5, 455,7,113.597359, 113.604874, 119.125679, 70.193733,16.307983, 241.347656, 0.999934
5, 455,8,207.977737, 207.987045, 119.125679, 70.193733,16.307983, 241.347656, 0.999955
5, 455,9,61.630199, 61.629604, 119.125679, 70.193733,16.307983, 241.347656, 1.000010
5, 455,10,150.463043, 150.466354, 119.125679, 70.193733,16.307983, 241.347656, 0.999978
5, 455,11,151.793274, 151.790192, 119.125679, 70.193733,16.307983, 241.347656, 1.000020
5, 455,12,126.479744, 126.490211, 119.125679, 70.193733,16.307983, 241.347656, 0.999917
5, 455,13,209.271637, 209.281448, 119.125679, 70.193733,16.307983, 241.347656, 0.999953
5, 455,14,231.940338, 231.941116, 119.125679, 70.193733,16.307983, 241.347656, 0.999997
5, 455,15,42.252373, 42.242760, 119.125679, 70.193733,16.307983, 241.347656, 1.000228
5, 455,16,227.970001, 227.969604, 119.125679, 70.193733,16.307983, 241.347656, 1.000002
5, 455,17,53.993179, 53.988129, 119.125679, 70.193733,16.307983, 241.347656, 1.000094
5, 455,18,160.457870, 160.461319, 119.125679, 70.193733,16.307983, 241.347656, 0.999978
5, 455,19,210.426132, 210.421417, 119.125679, 70.193733,16.307983, 241.347656, 1.000022
5, 455,20,17.041021, 17.038395, 119.125679, 70.193733,16.307983, 241.347656, 1.000154
5, 455,21,64.373787, 64.380241, 119.125679, 70.193733,16.307983, 241.347656, 0.999900
5, 455,22,16.307983, 16.295576, 119.125679, 70.193733,16.307983, 241.347656, 1.000761
5, 455,23,174.661880, 174.670486, 119.125679, 70.193733,16.307983, 241.347656, 0.999951
5, 455,24,94.822060, 94.828468, 119.125679, 70.193733,16.307983, 241.347656, 0.999932
5, 455,25,125.108337, 125.092827, 119.125679, 70.193733,16.307983, 241.347656, 1.000124
5, 455,26,21.842077, 21.826267, 119.125679, 70.193733,16.307983, 241.347656, 1.000724
5, 455,27,241.347656, 241.340332, 119.125679, 70.193733,16.307983, 241.347656, 1.000030
5, 455,28,116.168564, 116.179001, 119.125679, 70.193733,16.307983, 241.347656, 0.999910
5, 455,29,152.396683, 152.385925, 119.125679, 70.193733,16.307983, 241.347656, 1.000071
5, 455,30,50.419273, 50.435837, 119.125679, 70.193733,16.307983, 241.347656, 0.999672
5, 455,31,116.376030, 116.377579, 119.125679, 70.193733,16.307983, 241.347656, 0.999987
5, 456,0,181.350052, 181.340988, 119.125938, 58.609261,17.086315, 209.931046, 1.000050
5, 456,1,161.948380, 161.952316, 119.125938, 58.609261,17.086315, 209.931046, 0.999976
5, 456,2,179.086853, 179.087646, 119.125938, 58.609261,17.086315, 209.931046, 0.999996
5, 456,3,64.072845, 64.055557, 119.125938, 58.609261,17.086315, 209.931046, 1.000270
5, 456,4,44.456390, 44.462582, 119.125938, 58.609261,17.086315, 209.931046, 0.999861
5, 456,5,125.492874, 125.477806, 119.125938, 58.609261,17.086315, 209.931046, 1.000120
5, 456,6,89.818184, 89.814270, 119.125938, 58.609261,17.086315, 209.931046, 1.000044
5, 456,7,70.974258, 70.976547, 119.125938, 58.609261,17.086315, 209.931046, 0.999968
5, 456,8,131.646545, 131.662140, 119.125938, 58.609261,17.086315, 209.931046, 0.999882
5, 456,9,144.205475, 144.210297, 119.125938, 58.609261,17.086315, 209.931046, 0.999967
5, 456,10,17.086315, 17.081947, 119.125938, 58.609261,17.086315, 209.931046, 1.000256
5, 456,11,96.701378, 96.710503, 119.125938, 58.609261,17.086315, 209.931046, 0.999906
5, 456,12,140.981628, 140.966476, 119.125938, 58.609261,17.086315, 209.931046, 1.000108
5, 456,13,112.331657, 112.310593, 119.125938, 58.609261,17.086315, 209.931046, 1.000188
5, 456,14,169.549484, 169.554260, 119.125938, 58.609261,17.086315, 209.931046, 0.999972
5, 456,15,146.100647, 146.092224, 119.125938, 58.609261,17.086315, 209.931046, 1.000058
5, 456,16,92.466942, 92.463814, 119.125938, 58.609261,17.086315, 209.931046, 1.000034
5, 456,17,170.059128, 170.055695, 119.125938, 58.609261,17.086315, 209.931046, 1.000020
5, 456,18,31.783308, 31.790602, 119.125938, 58.609261,17.086315, 209.931046, 0.999771
5, 456,19,122.133514, 122.128754, 119.125938, 58.609261,17.086315, 209.931046, 1.000039
5, 456,20,34.372845, 34.378235, 119.125938, 58.609261,17.086315, 209.931046, 0.999843
5, 456,21,191.109329, 191.103439, 119.125938, 58.609261,17.086315, 209.931046, 1.000031
5, 456,22,29.281870, 29.277254, 119.125938, 58.609261,17.086315, 209.931046, 1.000158
5, 456,23,130.379608, 130.386902, 119.125938, 58.609261,17.086315, 209.931046, 0.999944
5, 456,24,68.047073, 68.042236, 119.125938, 58.609261,17.086315, 209.931046, 1.000071
5, 456,25,138.591736, 138.601700, 119.125938, 58.609261,17.086315, 209.931046, 0.999928
5, 456,26,181.185608, 181.180038, 119.125938, 58.609261,17.086315, 209.931046, 1.000031
5, 456,27,83.361221, 83.376137, 119.125938, 58.609261,17.086315, 209.931046, 0.999821
5, 456,28,38.888584, 38.891121, 119.125938, 58.609261,17.086315, 209.931046, 0.999935
5, 456,29,206.124908, 206.127792, 119.125938, 58.609261,17.086315, 209.931046, 0.999986
5, 456,30,209.931046, 209.916397, 119.125938, 58.609261,17.086315, 209.931046, 1.000070
5, 456,31,208.509735, 208.523529, 119.125938, 58.609261,17.086315, 209.931046, 0.999934
5, 457,0,167.660950, 167.654175, 119.126999, 51.060532,16.704781, 206.670990, 1.000040
5, 457,1,166.735321, 166.725464, 119.126999, 51.060532,16.704781, 206.670990, 1.000059
5, 457,2,201.103638, 201.088272, 119.126999, 51.060532,16.704781, 206.670990, 1.000076
5, 457,3,108.194244, 108.197197, 119.126999, 51.060532,16.704781, 206.670990, 0.999973
5, 457,4,142.993225, 142.987244, 119.126999, 51.060532,16.704781, 206.670990, 1.000042
5, 457,5,91.385796, 91.399658, 119.126999, 51.060532,16.704781, 206.670990, 0.999848
5, 457,6,197.065109, 197.082382, 119.126999, 51.060532,16.704781, 206.670990, 0.999912
5, 457,7,206.670990, 206.660629, 119.126999, 51.060532,16.704781, 206.670990, 1.000050
5, 457,8,181.468430, 181.473618, 119.126999, 51.060532,16.704781, 206.670990, 0.999971
5, 457,9,35.065666, 35.063194, 119.126999, 51.060532,16.704781, 206.670990, 1.000070
5, 457,10,49.651363, 49.650368, 119.126999, 51.060532,16.704781, 206.670990, 1.000020
5, 457,11,189.644226, 189.627808, 119.126999, 51.060532,16.704781, 206.670990, 1.000087
5, 457,12,155.910400, 155.902710, 119.126999, 51.060532,16.704781, 206.670990, 1.000049
5, 457,13,39.472866, 39.459160, 119.126999, 51.060532,16.704781, 206.670990, 1.000347
5, 457,14,145.982407, 145.983917, 119.126999, 51.060532,16.704781, 206.670990, 0.999990
5, 457,15,97.087341, 97.089653, 119.126999, 51.060532,16.704781, 206.670990, 0.999976
5, 457,16,94.967712, 94.965965, 119.126999, 51.060532,16.704781, 206.670990, 1.000018
5, 457,17,79.676163, 79.672958, 119.126999, 51.060532,16.704781, 206.670990, 1.000040
5, 457,18,73.143394, 73.147118, 119.126999, 51.060532,16.704781, 206.670990, 0.999949
5, 457,19,94.877548, 94.873093, 119.126999, 51.060532,16.704781, 206.670990, 1.000047
5, 457,20,184.037918, 184.043076, 119.126999, 51.060532,16.704781, 206.670990, 0.999972
5, 457,21,87.004669, 87.016083, 119.126999, 51.060532,16.704781, 206.670990, 0.999869
5, 457,22,96.371735, 96.371429, 119.126999, 51.060532,16.704781, 206.670990, 1.000003
5, 457,23,122.866211, 122.852478, 119.126999, 51.060532,16.704781, 206.670990, 1.000112
5, 457,24,121.358543, 121.366516, 119.126999, 51.060532,16.704781, 206.670990, 0.999934
5, 457,25,80.108826, 80.100174, 119.126999, 51.060532,16.704781, 206.670990, 1.000108
5, 457,26,81.045456, 81.041283, 119.126999, 51.060532,16.704781, 206.670990, 1.000051
5, 457,27,111.045204, 111.057671, 119.126999, 51.060532,16.704781, 206.670990, 0.999888
5, 457,28,16.704781, 16.705395, 119.126999, 51.060532,16.704781, 206.670990, 0.999963
5, 457,29,131.512680, 131.502014, 119.126999, 51.060532,16.704781, 206.670990, 1.000081
5, 457,30,125.357346, 125.347656, 119.126999, 51.060532,16.704781, 206.670990, 1.000077
5, 457,31,135.893616, 135.891785, 119.126999, 51.060532,16.704781, 206.670990, 1.000013
5, 458,0,52.765358, 52.760994, 119.127579, 64.148697,16.478086, 217.727402, 1.000083
5, 458,1,217.727402, 217.718307, 119.127579, 64.148697,16.478086, 217.727402, 1.000042
5, 458,2,184.486359, 184.493301, 119.127579, 64.148697,16.478086, 217.727402, 0.999962
5, 458,3,208.615982, 208.618515, 119.127579, 64.148697,16.478086, 217.727402, 0.999988
5, 458,4,63.008354, 63.001625, 119.127579, 64.148697,16.478086, 217.727402, 1.000107
5, 458,5,189.913162, 189.895477, 119.127579, 64.148697,16.478086, 217.727402, 1.000093
5, 458,6,19.176353, 19.180326, 119.127579, 64.148697,16.478086, 217.727402, 0.999793
5, 458,7,192.086273, 192.076477, 119.127579, 64.148697,16.478086, 217.727402, 1.000051
5, 458,8,149.027252, 149.026917, 119.127579, 64.148697,16.478086, 217.727402, 1.000002
5, 458,9,147.777786, 147.772003, 119.127579, 64.148697,16.478086, 217.727402, 1.000039
5, 458,10,61.583199, 61.585648, 119.127579, 64.148697,16.478086, 217.727402, 0.999960
5, 458,11,164.273026, 164.260361, 119.127579, 64.148697,16.478086, 217.727402, 1.000077
5, 458,12,171.754913, 171.736160, 119.127579, 64.148697,16.478086, 217.727402, 1.000109
5, 458,13,208.979034, 208.994308, 119.127579, 64.148697,16.478086, 217.727402, 0.999927
5, 458,14,88.143738, 88.166992, 119.127579, 64.148697,16.478086, 217.727402, 0.999736
5, 458,15,77.842987, 77.832413, 119.127579, 64.148697,16.478086, 217.727402, 1.000136
5, 458,16,118.247711, 118.251350, 119.127579, 64.148697,16.478086, 217.727402, 0.999969
5, 458,17,107.341469, 107.339645, 119.127579, 64.148697,16.478086, 217.727402, 1.000017
5, 458,18,162.837814, 162.837677, 119.127579, 64.148697,16.478086, 217.727402, 1.000001
5, 458,19,76.133385, 76.121162, 119.127579, 64.148697,16.478086, 217.727402, 1.000161
5, 458,20,202.479568, 202.478165, 119.127579, 64.148697,16.478086, 217.727402, 1.000007
5, 458,21,18.121414, 18.106606, 119.127579, 64.148697,16.478086, 217.727402, 1.000818
5, 458,22,57.441936, 57.431690, 119.127579, 64.148697,16.478086, 217.727402, 1.000178
5, 458,23,60.378162, 60.371002, 119.127579, 64.148697,16.478086, 217.727402, 1.000119
5, 458,24,101.888977, 101.897217, 119.127579, 64.148697,16.478086, 217.727402, 0.999919
5, 458,25,16.478086, 16.475889, 119.127579, 64.148697,16.478086, 217.727402, 1.000133
5, 458,26,134.508743, 134.518250, 119.127579, 64.148697,16.478086, 217.727402, 0.999929
5, 458,27,147.276550, 147.261993, 119.127579, 64.148697,16.478086, 217.727402, 1.000099
5, 458,28,141.294556, 141.289413, 119.127579, 64.148697,16.478086, 217.727402, 1.000036
5, 458,29,72.249794, 72.235641, 119.127579, 64.148697,16.478086, 217.727402, 1.000196
5, 458,30,181.153854, 181.158066, 119.127579, 64.148697,16.478086, 217.727402, 0.999977
5, 458,31,17.089722, 17.106701, 119.127579, 64.148697,16.478086, 217.727402, 0.999007
5, 459,0,83.730911, 83.736382, 119.123741, 56.157047,15.556563, 215.693878, 0.999935
5, 459,1,168.242752, 168.233749, 119.123741, 56.157047,15.556563, 215.693878, 1.000054
5, 459,2,46.943398, 46.945148, 119.123741, 56.157047,15.556563, 215.693878, 0.999963
5, 459,3,96.602814, 96.600815, 119.123741, 56.157047,15.556563, 215.693878, 1.000021
5, 459,4,117.737106, 117.737984, 119.123741, 56.157047,15.556563, 215.693878, 0.999993
5, 459,5,75.424500, 75.412346, 119.123741, 56.157047,15.556563, 215.693878, 1.000161
5, 459,6,120.955254, 120.957291, 119.123741, 56.157047,15.556563, 215.693878, 0.999983
5, 459,7,178.031143, 178.032761, 119.123741, 56.157047,15.556563, 215.693878, 0.999991
5, 459,8,102.798111, 102.802162, 119.123741, 56.157047,15.556563, 215.693878, 0.999961
5, 459,9,215.623566, 215.625626, 119.123741, 56.157047,15.556563, 215.693878, 0.999990
5, 459,10,215.693878, 215.683350, 119.123741, 56.157047,15.556563, 215.693878, 1.000049
5, 459,11,145.895782, 145.897354, 119.123741, 56.157047,15.556563, 215.693878, 0.999989
5, 459,12,142.876053, 142.883255, 119.123741, 56.157047,15.556563, 215.693878, 0.999950
5, 459,13,56.296803, 56.301678, 119.123741, 56.157047,15.556563, 215.693878, 0.999913
5, 459,14,174.297409, 174.300415, 119.123741, 56.157047,15.556563, 215.693878, 0.999983
5, 459,15,165.388641, 165.392807, 119.123741, 56.157047,15.556563, 215.693878, 0.999975
5, 459,16,132.769653, 132.782822, 119.123741, 56.157047,15.556563, 215.693878, 0.999901
5, 459,17,107.680946, 107.688843, 119.123741, 56.157047,15.556563, 215.693878, 0.999927
5, 459,18,88.661827, 88.648727, 119.123741, 56.157047,15.556563, 215.693878, 1.000148
5, 459,19,31.717808, 31.720745, 119.123741, 56.157047,15.556563, 215.693878, 0.999907
5, 459,20,159.577927, 159.582626, 119.123741, 56.157047,15.556563, 215.693878, 0.999971
5, 459,21,114.371246, 114.377579, 119.123741, 56.157047,15.556563, 215.693878, 0.999945
5, 459,22,182.049561, 182.047287, 119.123741, 56.157047,15.556563, 215.693878, 1.000013
5, 459,23,178.248566, 178.244400, 119.123741, 56.157047,15.556563, 215.693878, 1.000023
5, 459,24,131.226044, 131.237274, 119.123741, 56.157047,15.556563, 215.693878, 0.999914
5, 459,25,195.805054, 195.815964, 119.123741, 56.157047,15.556563, 215.693878, 0.999944
5, 459,26,40.828758, 40.833588, 119.123741, 56.157047,15.556563, 215.693878, 0.999882
5, 459,27,15.556563, 15.553637, 119.123741, 56.157047,15.556563, 215.693878, 1.000188
5, 459,28,57.326618, 57.340580, 119.123741, 56.157047,15.556563, 215.693878, 0.999757
5, 459,29,30.325928, 30.322718, 119.123741, 56.157047,15.556563, 215.693878, 1.000106
5, 459,30,142.989731, 142.985855, 119.123741, 56.157047,15.556563, 215.693878, 1.000027
5, 459,31,96.285294, 96.273750, 119.123741, 56.157047,15.556563, 215.693878, 1.000120
5, 460,0,198.235321, 198.238480, 119.125648, 63.392071,14.645514, 215.692963, 0.999984
5, 460,1,106.813042, 106.821030, 119.125648, 63.392071,14.645514, 215.692963, 0.999925
5, 460,2,120.496468, 120.510529, 119.125648, 63.392071,14.645514, 215.692963, 0.999883
5, 460,3,203.005508, 203.008575, 119.125648, 63.392071,14.645514, 215.692963, 0.999985
5, 460,4,209.902420, 209.888168, 119.125648, 63.392071,14.645514, 215.692963, 1.000068
5, 460,5,145.658447, 145.666016, 119.125648, 63.392071,14.645514, 215.692963, 0.999948
5, 460,6,74.925919, 74.925331, 119.125648, 63.392071,14.645514, 215.692963, 1.000008
5, 460,7,80.293602, 80.290909, 119.125648, 63.392071,14.645514, 215.692963, 1.000033
5, 460,8,43.300823, 43.283020, 119.125648, 63.392071,14.645514, 215.692963, 1.000411
5, 460,9,169.536713, 169.535522, 119.125648, 63.392071,14.645514, 215.692963, 1.000007
5, 460,10,199.039185, 199.036667, 119.125648, 63.392071,14.645514, 215.692963, 1.000013
5, 460,11,118.535706, 118.540405, 119.125648, 63.392071,14.645514, 215.692963, 0.999960
5, 460,12,62.681141, 62.673836, 119.125648, 63.392071,14.645514, 215.692963, 1.000117
5, 460,13,178.033966, 178.024139, 119.125648, 63.392071,14.645514, 215.692963, 1.000055
5, 460,14,19.416910, 19.432512, 119.125648, 63.392071,14.645514, 215.692963, 0.999197
5, 460,15,152.062134, 152.064148, 119.125648, 63.392071,14.645514, 215.692963, 0.999987
5, 460,16,22.104315, 22.105797, 119.125648, 63.392071,14.645514, 215.692963, 0.999933
5, 460,17,128.230637, 128.226318, 119.125648, 63.392071,14.645514, 215.692963, 1.000034
5, 460,18,35.040237, 35.041451, 119.125648, 63.392071,14.645514, 215.692963, 0.999965
5, 460,19,168.014206, 168.008835, 119.125648, 63.392071,14.645514, 215.692963, 1.000032
5, 460,20,178.768311, 178.752655, 119.125648, 63.392071,14.645514, 215.692963, 1.000088
5, 460,21,149.578247, 149.580902, 119.125648, 63.392071,14.645514, 215.692963, 0.999982
5, 460,22,164.602295, 164.607040, 119.125648, 63.392071,14.645514, 215.692963, 0.999971
5, 460,23,215.692963, 215.690842, 119.125648, 63.392071,14.645514, 215.692963, 1.000010
5, 460,24,34.098236, 34.103905, 119.125648, 63.392071,14.645514, 215.692963, 0.999834
5, 460,25,194.677628, 194.671997, 119.125648, 63.392071,14.645514, 215.692963, 1.000029
5, 460,26,93.498611, 93.505287, 119.125648, 63.392071,14.645514, 215.692963, 0.999929
5, 460,27,14.645514, 14.649740, 119.125648, 63.392071,14.645514, 215.692963, 0.999712
5, 460,28,54.606754, 54.603302, 119.125648, 63.392071,14.645514, 215.692963, 1.000063
5, 460,29,92.733376, 92.726112, 119.125648, 63.392071,14.645514, 215.692963, 1.000078
5, 460,30,73.533875, 73.525345, 119.125648, 63.392071,14.645514, 215.692963, 1.000116
5, 460,31,110.258278, 110.260834, 119.125648, 63.392071,14.645514, 215.692963, 0.999977
5, 461,0,202.012833, 202.005234, 119.125793, 59.132412,20.573322, 214.726303, 1.000038
5, 461,1,37.892471, 37.900620, 119.125793, 59.132412,20.573322, 214.726303, 0.999785
5, 461,2,209.058365, 209.070282, 119.125793, 59.132412,20.573322, 214.726303, 0.999943
5, 461,3,94.078293, 94.086662, 119.125793, 59.132412,20.573322, 214.726303, 0.999911
5, 461,4,214.726303, 214.728622, 119.125793, 59.132412,20.573322, 214.726303, 0.999989
5, 461,5,195.808289, 195.798080, 119.125793, 59.132412,20.573322, 214.726303, 1.000052
5, 461,6,110.102478, 110.090248, 119.125793, 59.132412,20.573322, 214.726303, 1.000111
5, 461,7,98.985886, 98.988037, 119.125793, 59.132412,20.573322, 214.726303, 0.999978
5, 461,8,26.864355, 26.861488, 119.125793, 59.132412,20.573322, 214.726303, 1.000107
5, 461,9,85.891655, 85.873543, 119.125793, 59.132412,20.573322, 214.726303, 1.000211
5, 461,10,44.969975, 44.971977, 119.125793, 59.132412,20.573322, 214.726303, 0.999955
5, 461,11,43.758835, 43.760826, 119.125793, 59.132412,20.573322, 214.726303, 0.999955
5, 461,12,82.329330, 82.328400, 119.125793, 59.132412,20.573322, 214.726303, 1.000011
5, 461,13,148.813095, 148.796616, 119.125793, 59.132412,20.573322, 214.726303, 1.000111
5, 461,14,92.354561, 92.339325, 119.125793, 59.132412,20.573322, 214.726303, 1.000165
5, 461,15,141.581253, 141.599091, 119.125793, 59.132412,20.573322, 214.726303, 0.999874
5, 461,16,151.418808, 151.414444, 119.125793, 59.132412,20.573322, 214.726303, 1.000029
5, 461,17,154.125183, 154.139542, 119.125793, 59.132412,20.573322, 214.726303, 0.999907
5, 461,18,84.854980, 84.864250, 119.125793, 59.132412,20.573322, 214.726303, 0.999891
5, 461,19,59.666260, 59.663486, 119.125793, 59.132412,20.573322, 214.726303, 1.000046
5, 461,20,119.678459, 119.665916, 119.125793, 59.132412,20.573322, 214.726303, 1.000105
5, 461,21,166.798798, 166.799850, 119.125793, 59.132412,20.573322, 214.726303, 0.999994
5, 461,22,146.450851, 146.462616, 119.125793, 59.132412,20.573322, 214.726303, 0.999920
5, 461,23,20.573322, 20.572336, 119.125793, 59.132412,20.573322, 214.726303, 1.000048
5, 461,24,119.921173, 119.918236, 119.125793, 59.132412,20.573322, 214.726303, 1.000024
5, 461,25,176.738815, 176.741394, 119.125793, 59.132412,20.573322, 214.726303, 0.999985
5, 461,26,72.015854, 72.021011, 119.125793, 59.132412,20.573322, 214.726303, 0.999928
5, 461,27,208.638535, 208.635025, 119.125793, 59.132412,20.573322, 214.726303, 1.000017
5, 461,28,169.029053, 169.001373, 119.125793, 59.132412,20.573322, 214.726303, 1.000164
5, 461,29,181.232971, 181.232742, 119.125793, 59.132412,20.573322, 214.726303, 1.000001
5, 461,30,36.497124, 36.512848, 119.125793, 59.132412,20.573322, 214.726303, 0.999569
5, 461,31,115.157478, 115.155632, 119.125793, 59.132412,20.573322, 214.726303, 1.000016
5, 462,0,201.491302, 201.489548, 119.128349, 56.959579,28.725138, 224.717590, 1.000009
5, 462,1,136.948074, 136.937408, 119.128349, 56.959579,28.725138, 224.717590, 1.000078
5, 462,2,58.198212, 58.195770, 119.128349, 56.959579,28.725138, 224.717590, 1.000042
5, 462,3,187.461426, 187.451050, 119.128349, 56.959579,28.725138, 224.717590, 1.000055
5, 462,4,203.673050, 203.669510, 119.128349, 56.959579,28.725138, 224.717590, 1.000017
5, 462,5,92.278259, 92.267693, 119.128349, 56.959579,28.725138, 224.717590, 1.000115
5, 462,6,71.664177, 71.682709, 119.128349, 56.959579,28.725138, 224.717590, 0.999741
5, 462,7,137.416306, 137.423309, 119.128349, 56.959579,28.725138, 224.717590, 0.999949
5, 462,8,204.690948, 204.674133, 119.128349, 56.959579,28.725138, 224.717590, 1.000082
5, 462,9,209.162506, 209.158844, 119.128349, 56.959579,28.725138, 224.717590, 1.000018
5, 462,10,128.223053, 128.237228, 119.128349, 56.959579,28.725138, 224.717590, 0.999889
5, 462,11,103.072578, 103.069054, 119.128349, 56.959579,28.725138, 224.717590, 1.000034
5, 462,12,134.232895, 134.219025, 119.128349, 56.959579,28.725138, 224.717590, 1.000103
5, 462,13,28.725138, 28.720182, 119.128349, 56.959579,28.725138, 224.717590, 1.000172
5, 462,14,63.601624, 63.586605, 119.128349, 56.959579,28.725138, 224.717590, 1.000236
5, 462,15,143.594193, 143.595520, 119.128349, 56.959579,28.725138, 224.717590, 0.999991
5, 462,16,147.211594, 147.226639, 119.128349, 56.959579,28.725138, 224.717590, 0.999898
5, 462,17,132.659485, 132.669403, 119.128349, 56.959579,28.725138, 224.717590, 0.999925
5, 462,18,49.385567, 49.390522, 119.128349, 56.959579,28.725138, 224.717590, 0.999900
5, 462,19,125.732025, 125.722366, 119.128349, 56.959579,28.725138, 224.717590, 1.000077
5, 462,20,36.384430, 36.382915, 119.128349, 56.959579,28.725138, 224.717590, 1.000042
5, 462,21,59.738407, 59.712559, 119.128349, 56.959579,28.725138, 224.717590, 1.000433
5, 462,22,93.364777, 93.357674, 119.128349, 56.959579,28.725138, 224.717590, 1.000076
5, 462,23,174.350082, 174.344940, 119.128349, 56.959579,28.725138, 224.717590, 1.000029
5, 462,24,166.325409, 166.314514, 119.128349, 56.959579,28.725138, 224.717590, 1.000066
5, 462,25,48.201454, 48.188915, 119.128349, 56.959579,28.725138, 224.717590, 1.000260
5, 462,26,109.690498, 109.681190, 119.128349, 56.959579,28.725138, 224.717590, 1.000085
5, 462,27,57.830570, 57.828064, 119.128349, 56.959579,28.725138, 224.717590, 1.000043
5, 462,28,224.717590, 224.714127, 119.128349, 56.959579,28.725138, 224.717590, 1.000015
5, 462,29,76.162415, 76.160843, 119.128349, 56.959579,28.725138, 224.717590, 1.000021
5, 462,30,136.109207, 136.110077, 119.128349, 56.959579,28.725138, 224.717590, 0.999994
5, 462,31,69.810303, 69.817917, 119.128349, 56.959579,28.725138, 224.717590, 0.999891
5, 463,0,163.474518, 163.470016, 119.126503, 65.101776,12.085516, 220.245575, 1.000028
5, 463,1,111.779961, 111.783836, 119.126503, 65.101776,12.085516, 220.245575, 0.999965
5, 463,2,176.814484, 176.814911, 119.126503, 65.101776,12.085516, 220.245575, 0.999998
5, 463,3,55.095661, 55.080196, 119.126503, 65.101776,12.085516, 220.245575, 1.000281
5, 463,4,217.100021, 217.094589, 119.126503, 65.101776,12.085516, 220.245575, 1.000025
5, 463,5,175.228485, 175.226410, 119.126503, 65.101776,12.085516, 220.245575, 1.000012
5, 463,6,37.688622, 37.704517, 119.126503, 65.101776,12.085516, 220.245575, 0.999578
5, 463,7,209.917816, 209.907776, 119.126503, 65.101776,12.085516, 220.245575, 1.000048
5, 463,8,178.695190, 178.704346, 119.126503, 65.101776,12.085516, 220.245575, 0.999949
5, 463,9,96.478905, 96.472527, 119.126503, 65.101776,12.085516, 220.245575, 1.000066
5, 463,10,125.341095, 125.352684, 119.126503, 65.101776,12.085516, 220.245575, 0.999908
5, 463,11,61.905056, 61.896111, 119.126503, 65.101776,12.085516, 220.245575, 1.000144
5, 463,12,124.396187, 124.372978, 119.126503, 65.101776,12.085516, 220.245575, 1.000187
5, 463,13,151.654404, 151.650620, 119.126503, 65.101776,12.085516, 220.245575, 1.000025
5, 463,14,47.208786, 47.207603, 119.126503, 65.101776,12.085516, 220.245575, 1.000025
5, 463,15,54.269661, 54.275440, 119.126503, 65.101776,12.085516, 220.245575, 0.999894
5, 463,16,125.015617, 125.009789, 119.126503, 65.101776,12.085516, 220.245575, 1.000047
5, 463,17,168.482468, 168.480469, 119.126503, 65.101776,12.085516, 220.245575, 1.000012
5, 463,18,84.258522, 84.254265, 119.126503, 65.101776,12.085516, 220.245575, 1.000051
5, 463,19,166.503571, 166.507065, 119.126503, 65.101776,12.085516, 220.245575, 0.999979
5, 463,20,182.778198, 182.777084, 119.126503, 65.101776,12.085516, 220.245575, 1.000006
5, 463,21,204.185181, 204.197540, 119.126503, 65.101776,12.085516, 220.245575, 0.999940
5, 463,22,217.571426, 217.570435, 119.126503, 65.101776,12.085516, 220.245575, 1.000005
5, 463,23,111.491257, 111.496918, 119.126503, 65.101776,12.085516, 220.245575, 0.999949
5, 463,24,12.085516, 12.085361, 119.126503, 65.101776,12.085516, 220.245575, 1.000013
5, 463,25,84.687019, 84.667137, 119.126503, 65.101776,12.085516, 220.245575, 1.000235
5, 463,26,49.326130, 49.327957, 119.126503, 65.101776,12.085516, 220.245575, 0.999963
5, 463,27,59.936283, 59.929710, 119.126503, 65.101776,12.085516, 220.245575, 1.000110
5, 463,28,220.245575, 220.236618, 119.126503, 65.101776,12.085516, 220.245575, 1.000041
5, 463,29,18.738981, 18.747322, 119.126503, 65.101776,12.085516, 220.245575, 0.999555
5, 463,30,83.921364, 83.932358, 119.126503, 65.101776,12.085516, 220.245575, 0.999869
5, 463,31,35.771900, 35.766113, 119.126503, 65.101776,12.085516, 220.245575, 1.000162
5, 464,0,144.954178, 144.939636, 119.125809, 62.156551,31.082142, 237.907501, 1.000100
5, 464,1,32.136257, 32.128220, 119.125809, 62.156551,31.082142, 237.907501, 1.000250
5, 464,2,142.490845, 142.493378, 119.125809, 62.156551,31.082142, 237.907501, 0.999982
5, 464,3,148.470657, 148.459854, 119.125809, 62.156551,31.082142, 237.907501, 1.000073
5, 464,4,38.584103, 38.586945, 119.125809, 62.156551,31.082142, 237.907501, 0.999926
5, 464,5,208.226456, 208.229156, 119.125809, 62.156551,31.082142, 237.907501, 0.999987
5, 464,6,142.827911, 142.828964, 119.125809, 62.156551,31.082142, 237.907501, 0.999993
5, 464,7,217.368881, 217.380264, 119.125809, 62.156551,31.082142, 237.907501, 0.999948
5, 464,8,31.082142, 31.084082, 119.125809, 62.156551,31.082142, 237.907501, 0.999938
5, 464,9,116.457558, 116.457092, 119.125809, 62.156551,31.082142, 237.907501, 1.000004
5, 464,10,43.588139, 43.583878, 119.125809, 62.156551,31.082142, 237.907501, 1.000098
5, 464,11,125.252274, 125.250206, 119.125809, 62.156551,31.082142, 237.907501, 1.000016
5, 464,12,152.516541, 152.531982, 119.125809, 62.156551,31.082142, 237.907501, 0.999899
5, 464,13,36.074894, 36.088478, 119.125809, 62.156551,31.082142, 237.907501, 0.999624
5, 464,14,219.904404, 219.901108, 119.125809, 62.156551,31.082142, 237.907501, 1.000015
5, 464,15,117.594543, 117.605644, 119.125809, 62.156551,31.082142, 237.907501, 0.999906
5, 464,16,74.506516, 74.505211, 119.125809, 62.156551,31.082142, 237.907501, 1.000018
5, 464,17,94.242630, 94.246834, 119.125809, 62.156551,31.082142, 237.907501, 0.999955
5, 464,18,54.271843, 54.263897, 119.125809, 62.156551,31.082142, 237.907501, 1.000146
5, 464,19,189.405167, 189.404892, 119.125809, 62.156551,31.082142, 237.907501, 1.000001
5, 464,20,130.650620, 130.649887, 119.125809, 62.156551,31.082142, 237.907501, 1.000006
5, 464,21,167.496292, 167.492966, 119.125809, 62.156551,31.082142, 237.907501, 1.000020
5, 464,22,95.195007, 95.194016, 119.125809, 62.156551,31.082142, 237.907501, 1.000010
5, 464,23,237.907501, 237.904984, 119.125809, 62.156551,31.082142, 237.907501, 1.000011
5, 464,24,33.148415, 33.142525, 119.125809, 62.156551,31.082142, 237.907501, 1.000178
5, 464,25,96.973656, 96.961586, 119.125809, 62.156551,31.082142, 237.907501, 1.000124
5, 464,26,98.108376, 98.110138, 119.125809, 62.156551,31.082142, 237.907501, 0.999982
5, 464,27,105.276810, 105.284843, 119.125809, 62.156551,31.082142, 237.907501, 0.999924
5, 464,28,119.517845, 119.514923, 119.125809, 62.156551,31.082142, 237.907501, 1.000024
5, 464,29,133.191559, 133.185638, 119.125809, 62.156551,31.082142, 237.907501, 1.000044
5, 464,30,43.303703, 43.293011, 119.125809, 62.156551,31.082142, 237.907501, 1.000247
5, 464,31,221.299911, 221.295792, 119.125809, 62.156551,31.082142, 237.907501, 1.000019
5, 465,0,60.857159, 60.860073, 119.127983, 66.862160,11.949946, 227.098404, 0.999952
5, 465,1,165.753265, 165.734955, 119.127983, 66.862160,11.949946, 227.098404, 1.000111
5, 465,2,96.777115, 96.775574, 119.127983, 66.862160,11.949946, 227.098404, 1.000016
5, 465,3,12.221496, 12.217755, 119.127983, 66.862160,11.949946, 227.098404, 1.000306
5, 465,4,134.864883, 134.861633, 119.127983, 66.862160,11.949946, 227.098404, 1.000024
5, 465,5,194.008057, 194.006287, 119.127983, 66.862160,11.949946, 227.098404, 1.000009
5, 465,6,69.175461, 69.178337, 119.127983, 66.862160,11.949946, 227.098404, 0.999958
5, 465,7,149.862930, 149.860138, 119.127983, 66.862160,11.949946, 227.098404, 1.000019
5, 465,8,203.226410, 203.221085, 119.127983, 66.862160,11.949946, 227.098404, 1.000026
5, 465,9,141.761932, 141.757568, 119.127983, 66.862160,11.949946, 227.098404, 1.000031
5, 465,10,57.843922, 57.846889, 119.127983, 66.862160,11.949946, 227.098404, 0.999949
5, 465,11,37.975124, 37.974724, 119.127983, 66.862160,11.949946, 227.098404, 1.000010
5, 465,12,55.484787, 55.480839, 119.127983, 66.862160,11.949946, 227.098404, 1.000071
5, 465,13,159.816879, 159.816437, 119.127983, 66.862160,11.949946, 227.098404, 1.000003
5, 465,14,57.753395, 57.752522, 119.127983, 66.862160,11.949946, 227.098404, 1.000015
5, 465,15,226.702805, 226.692886, 119.127983, 66.862160,11.949946, 227.098404, 1.000044
5, 465,16,80.627731, 80.631126, 119.127983, 66.862160,11.949946, 227.098404, 0.999958
5, 465,17,141.791992, 141.791275, 119.127983, 66.862160,11.949946, 227.098404, 1.000005
5, 465,18,188.479324, 188.478745, 119.127983, 66.862160,11.949946, 227.098404, 1.000003
5, 465,19,183.109039, 183.099503, 119.127983, 66.862160,11.949946, 227.098404, 1.000052
5, 465,20,80.691551, 80.698532, 119.127983, 66.862160,11.949946, 227.098404, 0.999914
5, 465,21,218.371063, 218.354401, 119.127983, 66.862160,11.949946, 227.098404, 1.000076
5, 465,22,11.949946, 11.948119, 119.127983, 66.862160,11.949946, 227.098404, 1.000153
5, 465,23,144.698425, 144.696609, 119.127983, 66.862160,11.949946, 227.098404, 1.000013
5, 465,24,33.117302, 33.114540, 119.127983, 66.862160,11.949946, 227.098404, 1.000083
5, 465,25,44.020435, 44.028053, 119.127983, 66.862160,11.949946, 227.098404, 0.999827
5, 465,26,147.492630, 147.480606, 119.127983, 66.862160,11.949946, 227.098404, 1.000082
5, 465,27,56.992180, 56.984055, 119.127983, 66.862160,11.949946, 227.098404, 1.000143
5, 465,28,102.796989, 102.795197, 119.127983, 66.862160,11.949946, 227.098404, 1.000017
5, 465,29,113.838814, 113.836784, 119.127983, 66.862160,11.949946, 227.098404, 1.000018
5, 465,30,227.098404, 227.097336, 119.127983, 66.862160,11.949946, 227.098404, 1.000005
5, 465,31,212.933945, 212.927979, 119.127983, 66.862160,11.949946, 227.098404, 1.000028
5, 466,0,194.290192, 194.286194, 119.123520, 67.733429,36.591305, 235.882019, 1.000021
5, 466,1,66.014877, 66.014191, 119.123520, 67.733429,36.591305, 235.882019, 1.000010
5, 466,2,161.902817, 161.911209, 119.123520, 67.733429,36.591305, 235.882019, 0.999948
5, 466,3,155.725128, 155.715469, 119.123520, 67.733429,36.591305, 235.882019, 1.000062
5, 466,4,50.933029, 50.928322, 119.123520, 67.733429,36.591305, 235.882019, 1.000092
5, 466,5,66.694214, 66.673752, 119.123520, 67.733429,36.591305, 235.882019, 1.000307
5, 466,6,47.573540, 47.567329, 119.123520, 67.733429,36.591305, 235.882019, 1.000131
5, 466,7,209.439072, 209.449249, 119.123520, 67.733429,36.591305, 235.882019, 0.999951
5, 466,8,107.836479, 107.840645, 119.123520, 67.733429,36.591305, 235.882019, 0.999961
5, 466,9,41.348507, 41.357559, 119.123520, 67.733429,36.591305, 235.882019, 0.999781
5, 466,10,46.941513, 46.956875, 119.123520, 67.733429,36.591305, 235.882019, 0.999673
5, 466,11,51.605293, 51.608936, 119.123520, 67.733429,36.591305, 235.882019, 0.999929
5, 466,12,159.065826, 159.069458, 119.123520, 67.733429,36.591305, 235.882019, 0.999977
5, 466,13,179.638580, 179.642380, 119.123520, 67.733429,36.591305, 235.882019, 0.999979
5, 466,14,71.515152, 71.515266, 119.123520, 67.733429,36.591305, 235.882019, 0.999998
5, 466,15,231.850861, 231.846497, 119.123520, 67.733429,36.591305, 235.882019, 1.000019
5, 466,16,118.051636, 118.063950, 119.123520, 67.733429,36.591305, 235.882019, 0.999896
5, 466,17,77.535599, 77.549622, 119.123520, 67.733429,36.591305, 235.882019, 0.999819
5, 466,18,220.059158, 220.072510, 119.123520, 67.733429,36.591305, 235.882019, 0.999939
5, 466,19,229.232712, 229.236298, 119.123520, 67.733429,36.591305, 235.882019, 0.999984
5, 466,20,36.591305, 36.593231, 119.123520, 67.733429,36.591305, 235.882019, 0.999947
5, 466,21,89.154434, 89.141174, 119.123520, 67.733429,36.591305, 235.882019, 1.000149
5, 466,22,86.664253, 86.664284, 119.123520, 67.733429,36.591305, 235.882019, 1.000000
5, 466,23,97.785805, 97.799767, 119.123520, 67.733429,36.591305, 235.882019, 0.999857
5, 466,24,140.246460, 140.243698, 119.123520, 67.733429,36.591305, 235.882019, 1.000020
5, 466,25,99.103882, 99.111885, 119.123520, 67.733429,36.591305, 235.882019, 0.999919
5, 466,26,57.234558, 57.229301, 119.123520, 67.733429,36.591305, 235.882019, 1.000092
5, 466,27,53.972149, 53.973560, 119.123520, 67.733429,36.591305, 235.882019, 0.999974
5, 466,28,140.457947, 140.461212, 119.123520, 67.733429,36.591305, 235.882019, 0.999977
5, 466,29,235.882019, 235.874069, 119.123520, 67.733429,36.591305, 235.882019, 1.000034
5, 466,30,233.916687, 233.916443, 119.123520, 67.733429,36.591305, 235.882019, 1.000001
5, 466,31,53.688297, 53.685875, 119.123520, 67.733429,36.591305, 235.882019, 1.000045
5, 467,0,179.938950, 179.942795, 119.123657, 65.952866,13.105636, 224.549744, 0.999979
5, 467,1,107.974831, 107.959740, 119.123657, 65.952866,13.105636, 224.549744, 1.000140
5, 467,2,94.528931, 94.536995, 119.123657, 65.952866,13.105636, 224.549744, 0.999915
5, 467,3,137.036057, 137.034485, 119.123657, 65.952866,13.105636, 224.549744, 1.000011
5, 467,4,184.631577, 184.637054, 119.123657, 65.952866,13.105636, 224.549744, 0.999970
5, 467,5,185.017380, 184.994003, 119.123657, 65.952866,13.105636, 224.549744, 1.000126
5, 467,6,66.390579, 66.398407, 119.123657, 65.952866,13.105636, 224.549744, 0.999882
5, 467,7,169.879791, 169.887543, 119.123657, 65.952866,13.105636, 224.549744, 0.999954
5, 467,8,113.580109, 113.590149, 119.123657, 65.952866,13.105636, 224.549744, 0.999912
5, 467,9,34.955582, 34.966431, 119.123657, 65.952866,13.105636, 224.549744, 0.999690
5, 467,10,20.207312, 20.210173, 119.123657, 65.952866,13.105636, 224.549744, 0.999858
5, 467,11,154.622253, 154.626160, 119.123657, 65.952866,13.105636, 224.549744, 0.999975
5, 467,12,31.702139, 31.679779, 119.123657, 65.952866,13.105636, 224.549744, 1.000706
5, 467,13,224.549744, 224.555054, 119.123657, 65.952866,13.105636, 224.549744, 0.999976
5, 467,14,54.727119, 54.733486, 119.123657, 65.952866,13.105636, 224.549744, 0.999884
5, 467,15,26.055731, 26.056103, 119.123657, 65.952866,13.105636, 224.549744, 0.999986
5, 467,16,213.474319, 213.462601, 119.123657, 65.952866,13.105636, 224.549744, 1.000055
5, 467,17,24.208990, 24.203995, 119.123657, 65.952866,13.105636, 224.549744, 1.000206
5, 467,18,200.578857, 200.585403, 119.123657, 65.952866,13.105636, 224.549744, 0.999967
5, 467,19,97.657501, 97.662018, 119.123657, 65.952866,13.105636, 224.549744, 0.999954
5, 467,20,157.807068, 157.818527, 119.123657, 65.952866,13.105636, 224.549744, 0.999927
5, 467,21,170.948715, 170.958389, 119.123657, 65.952866,13.105636, 224.549744, 0.999943
5, 467,22,214.397690, 214.392029, 119.123657, 65.952866,13.105636, 224.549744, 1.000026
5, 467,23,161.717209, 161.718048, 119.123657, 65.952866,13.105636, 224.549744, 0.999995
5, 467,24,101.368179, 101.379700, 119.123657, 65.952866,13.105636, 224.549744, 0.999886
5, 467,25,121.406532, 121.409409, 119.123657, 65.952866,13.105636, 224.549744, 0.999976
5, 467,26,13.105636, 13.111544, 119.123657, 65.952866,13.105636, 224.549744, 0.999549
5, 467,27,200.231491, 200.221710, 119.123657, 65.952866,13.105636, 224.549744, 1.000049
5, 467,28,127.174011, 127.167793, 119.123657, 65.952866,13.105636, 224.549744, 1.000049
5, 467,29,91.277176, 91.284019, 119.123657, 65.952866,13.105636, 224.549744, 0.999925
5, 467,30,93.223640, 93.230415, 119.123657, 65.952866,13.105636, 224.549744, 0.999927
5, 467,31,37.581772, 37.586327, 119.123657, 65.952866,13.105636, 224.549744, 0.999879
5, 468,0,20.014235, 20.026043, 119.123848, 56.021530,11.049172, 223.999405, 0.999410
5, 468,1,188.698486, 188.696365, 119.123848, 56.021530,11.049172, 223.999405, 1.000011
5, 468,2,64.931511, 64.938225, 119.123848, 56.021530,11.049172, 223.999405, 0.999897
5, 468,3,11.049172, 11.051544, 119.123848, 56.021530,11.049172, 223.999405, 0.999785
5, 468,4,41.984287, 41.996040, 119.123848, 56.021530,11.049172, 223.999405, 0.999720
5, 468,5,117.297646, 117.290573, 119.123848, 56.021530,11.049172, 223.999405, 1.000060
5, 468,6,167.411957, 167.400955, 119.123848, 56.021530,11.049172, 223.999405, 1.000066
5, 468,7,206.894073, 206.909912, 119.123848, 56.021530,11.049172, 223.999405, 0.999923
5, 468,8,41.048599, 41.043701, 119.123848, 56.021530,11.049172, 223.999405, 1.000119
5, 468,9,89.284782, 89.282463, 119.123848, 56.021530,11.049172, 223.999405, 1.000026
5, 468,10,141.278412, 141.284286, 119.123848, 56.021530,11.049172, 223.999405, 0.999958
5, 468,11,140.390869, 140.398087, 119.123848, 56.021530,11.049172, 223.999405, 0.999949
5, 468,12,150.785919, 150.787872, 119.123848, 56.021530,11.049172, 223.999405, 0.999987
5, 468,13,85.703392, 85.717789, 119.123848, 56.021530,11.049172, 223.999405, 0.999832
5, 468,14,89.657700, 89.659424, 119.123848, 56.021530,11.049172, 223.999405, 0.999981
5, 468,15,122.005470, 122.005989, 119.123848, 56.021530,11.049172, 223.999405, 0.999996
5, 468,16,72.661606, 72.649544, 119.123848, 56.021530,11.049172, 223.999405, 1.000166
5, 468,17,78.858368, 78.852989, 119.123848, 56.021530,11.049172, 223.999405, 1.000068
5, 468,18,157.248718, 157.255859, 119.123848, 56.021530,11.049172, 223.999405, 0.999955
5, 468,19,74.923218, 74.917969, 119.123848, 56.021530,11.049172, 223.999405, 1.000070
5, 468,20,156.930756, 156.931793, 119.123848, 56.021530,11.049172, 223.999405, 0.999993
5, 468,21,66.780960, 66.776764, 119.123848, 56.021530,11.049172, 223.999405, 1.000063
5, 468,22,128.538147, 128.540100, 119.123848, 56.021530,11.049172, 223.999405, 0.999985
5, 468,23,117.608795, 117.608017, 119.123848, 56.021530,11.049172, 223.999405, 1.000007
5, 468,24,223.999405, 224.005768, 119.123848, 56.021530,11.049172, 223.999405, 0.999972
5, 468,25,169.405365, 169.411438, 119.123848, 56.021530,11.049172, 223.999405, 0.999964
5, 468,26,142.031693, 142.025009, 119.123848, 56.021530,11.049172, 223.999405, 1.000047
5, 468,27,181.713852, 181.712540, 119.123848, 56.021530,11.049172, 223.999405, 1.000007
5, 468,28,195.870453, 195.885223, 119.123848, 56.021530,11.049172, 223.999405, 0.999925
5, 468,29,61.272991, 61.267738, 119.123848, 56.021530,11.049172, 223.999405, 1.000086
5, 468,30,143.651855, 143.645309, 119.123848, 56.021530,11.049172, 223.999405, 1.000046
5, 468,31,162.030518, 162.024185, 119.123848, 56.021530,11.049172, 223.999405, 1.000039
5, 469,0,255.677612, 255.683029, 119.125000, 80.153023,10.327279, 266.968292, 0.999979
5, 469,1,187.938950, 187.939255, 119.125000, 80.153023,10.327279, 266.968292, 0.999998
5, 469,2,171.367889, 171.365585, 119.125000, 80.153023,10.327279, 266.968292, 1.000013
5, 469,3,41.616405, 41.619041, 119.125000, 80.153023,10.327279, 266.968292, 0.999937
5, 469,4,242.414368, 242.403534, 119.125000, 80.153023,10.327279, 266.968292, 1.000045
5, 469,5,180.441055, 180.448242, 119.125000, 80.153023,10.327279, 266.968292, 0.999960
5, 469,6,247.105225, 247.123016, 119.125000, 80.153023,10.327279, 266.968292, 0.999928
5, 469,7,180.095856, 180.084000, 119.125000, 80.153023,10.327279, 266.968292, 1.000066
5, 469,8,266.968292, 266.967072, 119.125000, 80.153023,10.327279, 266.968292, 1.000005
5, 469,9,143.605103, 143.602921, 119.125000, 80.153023,10.327279, 266.968292, 1.000015
5, 469,10,69.219551, 69.231262, 119.125000, 80.153023,10.327279, 266.968292, 0.999831
5, 469,11,36.840015, 36.828278, 119.125000, 80.153023,10.327279, 266.968292, 1.000319
5, 469,12,88.558456, 88.560608, 119.125000, 80.153023,10.327279, 266.968292, 0.999976
5, 469,13,40.800953, 40.795506, 119.125000, 80.153023,10.327279, 266.968292, 1.000134
5, 469,14,78.600449, 78.606911, 119.125000, 80.153023,10.327279, 266.968292, 0.999918
5, 469,15,20.531561, 20.515924, 119.125000, 80.153023,10.327279, 266.968292, 1.000762
5, 469,16,163.421997, 163.423218, 119.125000, 80.153023,10.327279, 266.968292, 0.999993
5, 469,17,73.467224, 73.459808, 119.125000, 80.153023,10.327279, 266.968292, 1.000101
5, 469,18,20.216413, 20.222935, 119.125000, 80.153023,10.327279, 266.968292, 0.999678
5, 469,19,237.477417, 237.470215, 119.125000, 80.153023,10.327279, 266.968292, 1.000030
5, 469,20,202.558472, 202.557037, 119.125000, 80.153023,10.327279, 266.968292, 1.000007
5, 469,21,110.347527, 110.352646, 119.125000, 80.153023,10.327279, 266.968292, 0.999954
5, 469,22,39.124912, 39.124676, 119.125000, 80.153023,10.327279, 266.968292, 1.000006
5, 469,23,90.531868, 90.532349, 119.125000, 80.153023,10.327279, 266.968292, 0.999995
5, 469,24,18.581919, 18.591702, 119.125000, 80.153023,10.327279, 266.968292, 0.999474
5, 469,25,33.571270, 33.573727, 119.125000, 80.153023,10.327279, 266.968292, 0.999927
5, 469,26,63.940598, 63.933708, 119.125000, 80.153023,10.327279, 266.968292, 1.000108
5, 469,27,160.871613, 160.865509, 119.125000, 80.153023,10.327279, 266.968292, 1.000038
5, 469,28,10.327279, 10.332582, 119.125000, 80.153023,10.327279, 266.968292, 0.999487
5, 469,29,133.781693, 133.775909, 119.125000, 80.153023,10.327279, 266.968292, 1.000043
5, 469,30,80.797020, 80.808273, 119.125000, 80.153023,10.327279, 266.968292, 0.999861
5, 469,31,121.200424, 121.201149, 119.125000, 80.153023,10.327279, 266.968292, 0.999994
5, 470,0,49.385849, 49.392723, 119.124779, 60.090553,26.641651, 205.119644, 0.999861
5, 470,1,32.015564, 32.012489, 119.124779, 60.090553,26.641651, 205.119644, 1.000096
5, 470,2,110.041130, 110.044426, 119.124779, 60.090553,26.641651, 205.119644, 0.999970
5, 470,3,42.053944, 42.049049, 119.124779, 60.090553,26.641651, 205.119644, 1.000116
5, 470,4,129.472427, 129.475204, 119.124779, 60.090553,26.641651, 205.119644, 0.999979
5, 470,5,184.770630, 184.772018, 119.124779, 60.090553,26.641651, 205.119644, 0.999992
5, 470,6,73.224220, 73.233414, 119.124779, 60.090553,26.641651, 205.119644, 0.999874
5, 470,7,158.118301, 158.114914, 119.124779, 60.090553,26.641651, 205.119644, 1.000021
5, 470,8,204.315781, 204.313965, 119.124779, 60.090553,26.641651, 205.119644, 1.000009
5, 470,9,204.675125, 204.672180, 119.124779, 60.090553,26.641651, 205.119644, 1.000014
5, 470,10,204.059052, 204.066925, 119.124779, 60.090553,26.641651, 205.119644, 0.999961
5, 470,11,65.620346, 65.630325, 119.124779, 60.090553,26.641651, 205.119644, 0.999848
5, 470,12,205.119644, 205.123062, 119.124779, 60.090553,26.641651, 205.119644, 0.999983
5, 470,13,174.053772, 174.049881, 119.124779, 60.090553,26.641651, 205.119644, 1.000022
5, 470,14,121.640434, 121.637413, 119.124779, 60.090553,26.641651, 205.119644, 1.000025
5, 470,15,195.889526, 195.889435, 119.124779, 60.090553,26.641651, 205.119644, 1.000000
5, 470,16,61.508274, 61.504539, 119.124779, 60.090553,26.641651, 205.119644, 1.000061
5, 470,17,175.309113, 175.316025, 119.124779, 60.090553,26.641651, 205.119644, 0.999961
5, 470,18,66.160431, 66.161499, 119.124779, 60.090553,26.641651, 205.119644, 0.999984
5, 470,19,86.061867, 86.055504, 119.124779, 60.090553,26.641651, 205.119644, 1.000074
5, 470,20,84.909683, 84.906700, 119.124779, 60.090553,26.641651, 205.119644, 1.000035
5, 470,21,177.874603, 177.866867, 119.124779, 60.090553,26.641651, 205.119644, 1.000044
5, 470,22,150.547318, 150.536545, 119.124779, 60.090553,26.641651, 205.119644, 1.000072
5, 470,23,42.661797, 42.654331, 119.124779, 60.090553,26.641651, 205.119644, 1.000175
5, 470,24,152.384598, 152.377075, 119.124779, 60.090553,26.641651, 205.119644, 1.000049
5, 470,25,83.432228, 83.430557, 119.124779, 60.090553,26.641651, 205.119644, 1.000020
5, 470,26,148.285843, 148.288345, 119.124779, 60.090553,26.641651, 205.119644, 0.999983
5, 470,27,183.890808, 183.894974, 119.124779, 60.090553,26.641651, 205.119644, 0.999977
5, 470,28,74.983932, 74.993675, 119.124779, 60.090553,26.641651, 205.119644, 0.999870
5, 470,29,62.776932, 62.783039, 119.124779, 60.090553,26.641651, 205.119644, 0.999903
5, 470,30,26.641651, 26.645248, 119.124779, 60.090553,26.641651, 205.119644, 0.999865
5, 470,31,80.108650, 80.107689, 119.124779, 60.090553,26.641651, 205.119644, 1.000012
5, 471,0,211.784592, 211.781677, 119.120064, 68.941696,15.833676, 225.554535, 1.000014
5, 471,1,219.962036, 219.971451, 119.120064, 68.941696,15.833676, 225.554535, 0.999957
5, 471,2,127.099251, 127.089401, 119.120064, 68.941696,15.833676, 225.554535, 1.000077
5, 471,3,92.826569, 92.849243, 119.120064, 68.941696,15.833676, 225.554535, 0.999756
5, 471,4,162.141769, 162.147202, 119.120064, 68.941696,15.833676, 225.554535, 0.999967
5, 471,5,225.554535, 225.560852, 119.120064, 68.941696,15.833676, 225.554535, 0.999972
5, 471,6,135.777771, 135.795212, 119.120064, 68.941696,15.833676, 225.554535, 0.999872
5, 471,7,105.721497, 105.723648, 119.120064, 68.941696,15.833676, 225.554535, 0.999980
5, 471,8,99.664032, 99.665108, 119.120064, 68.941696,15.833676, 225.554535, 0.999989
5, 471,9,205.385101, 205.388046, 119.120064, 68.941696,15.833676, 225.554535, 0.999986
5, 471,10,119.592392, 119.596642, 119.120064, 68.941696,15.833676, 225.554535, 0.999964
5, 471,11,67.516098, 67.509254, 119.120064, 68.941696,15.833676, 225.554535, 1.000101
5, 471,12,108.021172, 108.035820, 119.120064, 68.941696,15.833676, 225.554535, 0.999864
5, 471,13,62.004753, 62.013672, 119.120064, 68.941696,15.833676, 225.554535, 0.999856
5, 471,14,19.602917, 19.630672, 119.120064, 68.941696,15.833676, 225.554535, 0.998586
5, 471,15,220.061249, 220.078674, 119.120064, 68.941696,15.833676, 225.554535, 0.999921
5, 471,16,34.375362, 34.381618, 119.120064, 68.941696,15.833676, 225.554535, 0.999818
5, 471,17,182.971268, 182.990189, 119.120064, 68.941696,15.833676, 225.554535, 0.999897
5, 471,18,94.389648, 94.383987, 119.120064, 68.941696,15.833676, 225.554535, 1.000060
5, 471,19,26.589951, 26.587275, 119.120064, 68.941696,15.833676, 225.554535, 1.000101
5, 471,20,224.429062, 224.428223, 119.120064, 68.941696,15.833676, 225.554535, 1.000004
5, 471,21,141.130447, 141.136658, 119.120064, 68.941696,15.833676, 225.554535, 0.999956
5, 471,22,124.692360, 124.683403, 119.120064, 68.941696,15.833676, 225.554535, 1.000072
5, 471,23,144.674805, 144.675278, 119.120064, 68.941696,15.833676, 225.554535, 0.999997
5, 471,24,132.426758, 132.424133, 119.120064, 68.941696,15.833676, 225.554535, 1.000020
5, 471,25,37.448750, 37.444397, 119.120064, 68.941696,15.833676, 225.554535, 1.000116
5, 471,26,134.082458, 134.092926, 119.120064, 68.941696,15.833676, 225.554535, 0.999922
5, 471,27,73.058220, 73.065155, 119.120064, 68.941696,15.833676, 225.554535, 0.999905
5, 471,28,28.258438, 28.262758, 119.120064, 68.941696,15.833676, 225.554535, 0.999847
5, 471,29,18.844028, 18.853249, 119.120064, 68.941696,15.833676, 225.554535, 0.999511
5, 471,30,215.921539, 215.916779, 119.120064, 68.941696,15.833676, 225.554535, 1.000022
5, 471,31,15.833676, 15.837380, 119.120064, 68.941696,15.833676, 225.554535, 0.999766
5, 472,0,154.737946, 154.751190, 119.123604, 63.173233,11.416162, 226.786667, 0.999914
5, 472,1,202.675217, 202.675552, 119.123604, 63.173233,11.416162, 226.786667, 0.999998
5, 472,2,22.609694, 22.608471, 119.123604, 63.173233,11.416162, 226.786667, 1.000054
5, 472,3,26.097025, 26.096210, 119.123604, 63.173233,11.416162, 226.786667, 1.000031
5, 472,4,136.109680, 136.125214, 119.123604, 63.173233,11.416162, 226.786667, 0.999886
5, 472,5,45.052578, 45.052769, 119.123604, 63.173233,11.416162, 226.786667, 0.999996
5, 472,6,120.940697, 120.932976, 119.123604, 63.173233,11.416162, 226.786667, 1.000064
5, 472,7,141.951004, 141.947098, 119.123604, 63.173233,11.416162, 226.786667, 1.000028
5, 472,8,31.400669, 31.412144, 119.123604, 63.173233,11.416162, 226.786667, 0.999635
5, 472,9,68.009445, 68.009766, 119.123604, 63.173233,11.416162, 226.786667, 0.999995
5, 472,10,55.628548, 55.623917, 119.123604, 63.173233,11.416162, 226.786667, 1.000083
5, 472,11,63.367615, 63.368446, 119.123604, 63.173233,11.416162, 226.786667, 0.999987
5, 472,12,113.602028, 113.606705, 119.123604, 63.173233,11.416162, 226.786667, 0.999959
5, 472,13,118.426369, 118.430168, 119.123604, 63.173233,11.416162, 226.786667, 0.999968
5, 472,14,167.418030, 167.420395, 119.123604, 63.173233,11.416162, 226.786667, 0.999986
5, 472,15,118.761238, 118.774223, 119.123604, 63.173233,11.416162, 226.786667, 0.999891
5, 472,16,98.284187, 98.279549, 119.123604, 63.173233,11.416162, 226.786667, 1.000047
5, 472,17,162.882446, 162.880264, 119.123604, 63.173233,11.416162, 226.786667, 1.000013
5, 472,18,11.416162, 11.416682, 119.123604, 63.173233,11.416162, 226.786667, 0.999954
5, 472,19,73.146629, 73.157051, 119.123604, 63.173233,11.416162, 226.786667, 0.999858
5, 472,20,204.862686, 204.861282, 119.123604, 63.173233,11.416162, 226.786667, 1.000007
5, 472,21,226.249771, 226.239700, 119.123604, 63.173233,11.416162, 226.786667, 1.000044
5, 472,22,226.786667, 226.786133, 119.123604, 63.173233,11.416162, 226.786667, 1.000002
5, 472,23,178.228058, 178.227661, 119.123604, 63.173233,11.416162, 226.786667, 1.000002
5, 472,24,133.831192, 133.824783, 119.123604, 63.173233,11.416162, 226.786667, 1.000048
5, 472,25,171.824203, 171.832352, 119.123604, 63.173233,11.416162, 226.786667, 0.999953
5, 472,26,18.600458, 18.614777, 119.123604, 63.173233,11.416162, 226.786667, 0.999231
5, 472,27,133.326218, 133.318832, 119.123604, 63.173233,11.416162, 226.786667, 1.000055
5, 472,28,111.571777, 111.569382, 119.123604, 63.173233,11.416162, 226.786667, 1.000021
5, 472,29,131.404129, 131.402924, 119.123604, 63.173233,11.416162, 226.786667, 1.000009
5, 472,30,206.323517, 206.325195, 119.123604, 63.173233,11.416162, 226.786667, 0.999992
5, 472,31,136.429642, 136.428787, 119.123604, 63.173233,11.416162, 226.786667, 1.000006
5, 473,0,88.347916, 88.355835, 119.124054, 60.697845,19.276100, 225.567841, 0.999910
5, 473,1,73.806816, 73.808701, 119.124054, 60.697845,19.276100, 225.567841, 0.999974
5, 473,2,19.276100, 19.281265, 119.124054, 60.697845,19.276100, 225.567841, 0.999732
5, 473,3,139.822357, 139.840469, 119.124054, 60.697845,19.276100, 225.567841, 0.999870
5, 473,4,123.181129, 123.181427, 119.124054, 60.697845,19.276100, 225.567841, 0.999998
5, 473,5,197.478363, 197.473236, 119.124054, 60.697845,19.276100, 225.567841, 1.000026
5, 473,6,24.265802, 24.248409, 119.124054, 60.697845,19.276100, 225.567841, 1.000717
5, 473,7,140.996063, 141.007584, 119.124054, 60.697845,19.276100, 225.567841, 0.999918
5, 473,8,54.159660, 54.155483, 119.124054, 60.697845,19.276100, 225.567841, 1.000077
5, 473,9,197.906281, 197.903961, 119.124054, 60.697845,19.276100, 225.567841, 1.000012
5, 473,10,31.577780, 31.591450, 119.124054, 60.697845,19.276100, 225.567841, 0.999567
5, 473,11,106.006386, 106.008308, 119.124054, 60.697845,19.276100, 225.567841, 0.999982
5, 473,12,159.353012, 159.361694, 119.124054, 60.697845,19.276100, 225.567841, 0.999946
5, 473,13,225.307098, 225.310089, 119.124054, 60.697845,19.276100, 225.567841, 0.999987
5, 473,14,165.620850, 165.620987, 119.124054, 60.697845,19.276100, 225.567841, 0.999999
5, 473,15,99.506935, 99.519753, 119.124054, 60.697845,19.276100, 225.567841, 0.999871
5, 473,16,183.995010, 183.988998, 119.124054, 60.697845,19.276100, 225.567841, 1.000033
5, 473,17,202.167511, 202.169449, 119.124054, 60.697845,19.276100, 225.567841, 0.999990
5, 473,18,111.740845, 111.746574, 119.124054, 60.697845,19.276100, 225.567841, 0.999949
5, 473,19,89.089424, 89.078331, 119.124054, 60.697845,19.276100, 225.567841, 1.000125
5, 473,20,81.066170, 81.068382, 119.124054, 60.697845,19.276100, 225.567841, 0.999973
5, 473,21,133.424850, 133.421387, 119.124054, 60.697845,19.276100, 225.567841, 1.000026
5, 473,22,149.110107, 149.107849, 119.124054, 60.697845,19.276100, 225.567841, 1.000015
5, 473,23,62.559971, 62.561420, 119.124054, 60.697845,19.276100, 225.567841, 0.999977
5, 473,24,28.866665, 28.861254, 119.124054, 60.697845,19.276100, 225.567841, 1.000188
5, 473,25,82.883911, 82.874611, 119.124054, 60.697845,19.276100, 225.567841, 1.000112
5, 473,26,225.567841, 225.581024, 119.124054, 60.697845,19.276100, 225.567841, 0.999942
5, 473,27,99.965324, 99.964371, 119.124054, 60.697845,19.276100, 225.567841, 1.000010
5, 473,28,130.302673, 130.295227, 119.124054, 60.697845,19.276100, 225.567841, 1.000057
5, 473,29,192.648712, 192.651978, 119.124054, 60.697845,19.276100, 225.567841, 0.999983
5, 473,30,41.647114, 41.643837, 119.124054, 60.697845,19.276100, 225.567841, 1.000079
5, 473,31,150.320816, 150.316635, 119.124054, 60.697845,19.276100, 225.567841, 1.000028
5, 474,0,108.054283, 108.062325, 119.127266, 74.945930,22.413694, 274.382599, 0.999926
5, 474,1,123.739052, 123.722641, 119.127266, 74.945930,22.413694, 274.382599, 1.000133
5, 474,2,43.796436, 43.795189, 119.127266, 74.945930,22.413694, 274.382599, 1.000028
5, 474,3,76.348831, 76.357559, 119.127266, 74.945930,22.413694, 274.382599, 0.999886
5, 474,4,201.077698, 201.068314, 119.127266, 74.945930,22.413694, 274.382599, 1.000047
5, 474,5,211.042450, 211.029114, 119.127266, 74.945930,22.413694, 274.382599, 1.000063
5, 474,6,119.622147, 119.631126, 119.127266, 74.945930,22.413694, 274.382599, 0.999925
5, 474,7,87.143524, 87.140221, 119.127266, 74.945930,22.413694, 274.382599, 1.000038
5, 474,8,90.254654, 90.249054, 119.127266, 74.945930,22.413694, 274.382599, 1.000062
5, 474,9,40.819187, 40.829285, 119.127266, 74.945930,22.413694, 274.382599, 0.999753
5, 474,10,254.301834, 254.311600, 119.127266, 74.945930,22.413694, 274.382599, 0.999962
5, 474,11,22.413694, 22.408543, 119.127266, 74.945930,22.413694, 274.382599, 1.000230
5, 474,12,168.168564, 168.166489, 119.127266, 74.945930,22.413694, 274.382599, 1.000012
5, 474,13,85.637276, 85.621536, 119.127266, 74.945930,22.413694, 274.382599, 1.000184
5, 474,14,80.798737, 80.779610, 119.127266, 74.945930,22.413694, 274.382599, 1.000237
5, 474,15,27.533709, 27.527401, 119.127266, 74.945930,22.413694, 274.382599, 1.000229
5, 474,16,85.203362, 85.210594, 119.127266, 74.945930,22.413694, 274.382599, 0.999915
5, 474,17,110.218277, 110.215286, 119.127266, 74.945930,22.413694, 274.382599, 1.000027
5, 474,18,204.697464, 204.704239, 119.127266, 74.945930,22.413694, 274.382599, 0.999967
5, 474,19,195.239441, 195.243713, 119.127266, 74.945930,22.413694, 274.382599, 0.999978
5, 474,20,127.574036, 127.555077, 119.127266, 74.945930,22.413694, 274.382599, 1.000149
5, 474,21,50.971088, 50.959805, 119.127266, 74.945930,22.413694, 274.382599, 1.000221
5, 474,22,42.453159, 42.473038, 119.127266, 74.945930,22.413694, 274.382599, 0.999532
5, 474,23,62.777931, 62.787670, 119.127266, 74.945930,22.413694, 274.382599, 0.999845
5, 474,24,274.382599, 274.385010, 119.127266, 74.945930,22.413694, 274.382599, 0.999991
5, 474,25,246.054703, 246.039230, 119.127266, 74.945930,22.413694, 274.382599, 1.000063
5, 474,26,240.550232, 240.545181, 119.127266, 74.945930,22.413694, 274.382599, 1.000021
5, 474,27,172.265228, 172.266937, 119.127266, 74.945930,22.413694, 274.382599, 0.999990
5, 474,28,90.428215, 90.418785, 119.127266, 74.945930,22.413694, 274.382599, 1.000104
5, 474,29,38.072842, 38.077789, 119.127266, 74.945930,22.413694, 274.382599, 0.999870
5, 474,30,25.175646, 25.177906, 119.127266, 74.945930,22.413694, 274.382599, 0.999910
5, 474,31,105.256531, 105.239357, 119.127266, 74.945930,22.413694, 274.382599, 1.000163
5, 475,0,105.330093, 105.344597, 119.125114, 64.158241,11.827590, 235.943939, 0.999862
5, 475,1,55.941444, 55.947361, 119.125114, 64.158241,11.827590, 235.943939, 0.999894
5, 475,2,152.173721, 152.177338, 119.125114, 64.158241,11.827590, 235.943939, 0.999976
5, 475,3,117.480705, 117.464935, 119.125114, 64.158241,11.827590, 235.943939, 1.000134
5, 475,4,40.835861, 40.835106, 119.125114, 64.158241,11.827590, 235.943939, 1.000018
5, 475,5,194.950882, 194.957230, 119.125114, 64.158241,11.827590, 235.943939, 0.999967
5, 475,6,188.388046, 188.378052, 119.125114, 64.158241,11.827590, 235.943939, 1.000053
5, 475,7,31.009237, 31.019773, 119.125114, 64.158241,11.827590, 235.943939, 0.999660
5, 475,8,89.550720, 89.553055, 119.125114, 64.158241,11.827590, 235.943939, 0.999974
5, 475,9,112.543610, 112.534370, 119.125114, 64.158241,11.827590, 235.943939, 1.000082
5, 475,10,198.083862, 198.086533, 119.125114, 64.158241,11.827590, 235.943939, 0.999987
5, 475,11,103.543152, 103.550972, 119.125114, 64.158241,11.827590, 235.943939, 0.999924
5, 475,12,149.777344, 149.780731, 119.125114, 64.158241,11.827590, 235.943939, 0.999977
5, 475,13,101.245827, 101.238342, 119.125114, 64.158241,11.827590, 235.943939, 1.000074
5, 475,14,216.666656, 216.663925, 119.125114, 64.158241,11.827590, 235.943939, 1.000013
5, 475,15,115.736923, 115.732368, 119.125114, 64.158241,11.827590, 235.943939, 1.000039
5, 475,16,93.641205, 93.636406, 119.125114, 64.158241,11.827590, 235.943939, 1.000051
5, 475,17,26.089563, 26.089211, 119.125114, 64.158241,11.827590, 235.943939, 1.000013
5, 475,18,79.134277, 79.127121, 119.125114, 64.158241,11.827590, 235.943939, 1.000090
5, 475,19,146.482193, 146.468246, 119.125114, 64.158241,11.827590, 235.943939, 1.000095
5, 475,20,57.259071, 57.252514, 119.125114, 64.158241,11.827590, 235.943939, 1.000115
5, 475,21,235.943939, 235.958755, 119.125114, 64.158241,11.827590, 235.943939, 0.999937
5, 475,22,93.525352, 93.529564, 119.125114, 64.158241,11.827590, 235.943939, 0.999955
5, 475,23,84.546288, 84.546158, 119.125114, 64.158241,11.827590, 235.943939, 1.000002
5, 475,24,61.254761, 61.251919, 119.125114, 64.158241,11.827590, 235.943939, 1.000046
5, 475,25,232.399780, 232.394394, 119.125114, 64.158241,11.827590, 235.943939, 1.000023
5, 475,26,188.840485, 188.843628, 119.125114, 64.158241,11.827590, 235.943939, 0.999983
5, 475,27,215.479691, 215.473251, 119.125114, 64.158241,11.827590, 235.943939, 1.000030
5, 475,28,157.323959, 157.344498, 119.125114, 64.158241,11.827590, 235.943939, 0.999869
5, 475,29,11.827590, 11.816524, 119.125114, 64.158241,11.827590, 235.943939, 1.000937
5, 475,30,46.140533, 46.147297, 119.125114, 64.158241,11.827590, 235.943939, 0.999853
5, 475,31,108.856422, 108.855530, 119.125114, 64.158241,11.827590, 235.943939, 1.000008
5, 476,0,151.843124, 151.848969, 119.123703, 65.047920,13.218691, 228.591858, 0.999961
5, 476,1,105.863045, 105.860077, 119.123703, 65.047920,13.218691, 228.591858, 1.000028
5, 476,2,85.698792, 85.715134, 119.123703, 65.047920,13.218691, 228.591858, 0.999809
5, 476,3,141.967468, 141.964874, 119.123703, 65.047920,13.218691, 228.591858, 1.000018
5, 476,4,208.713135, 208.717743, 119.123703, 65.047920,13.218691, 228.591858, 0.999978
5, 476,5,66.170547, 66.155563, 119.123703, 65.047920,13.218691, 228.591858, 1.000226
5, 476,6,122.586769, 122.580246, 119.123703, 65.047920,13.218691, 228.591858, 1.000053
5, 476,7,228.591858, 228.600296, 119.123703, 65.047920,13.218691, 228.591858, 0.999963
5, 476,8,167.130310, 167.135986, 119.123703, 65.047920,13.218691, 228.591858, 0.999966
5, 476,9,192.661575, 192.656952, 119.123703, 65.047920,13.218691, 228.591858, 1.000024
5, 476,10,192.958237, 192.959747, 119.123703, 65.047920,13.218691, 228.591858, 0.999992
5, 476,11,168.470016, 168.474945, 119.123703, 65.047920,13.218691, 228.591858, 0.999971
5, 476,12,22.336069, 22.333229, 119.123703, 65.047920,13.218691, 228.591858, 1.000127
5, 476,13,116.528122, 116.538116, 119.123703, 65.047920,13.218691, 228.591858, 0.999914
5, 476,14,17.324165, 17.307087, 119.123703, 65.047920,13.218691, 228.591858, 1.000987
5, 476,15,218.148712, 218.157730, 119.123703, 65.047920,13.218691, 228.591858, 0.999959
5, 476,16,199.700043, 199.688187, 119.123703, 65.047920,13.218691, 228.591858, 1.000059
5, 476,17,157.611832, 157.608521, 119.123703, 65.047920,13.218691, 228.591858, 1.000021
5, 476,18,131.799149, 131.804947, 119.123703, 65.047920,13.218691, 228.591858, 0.999956
5, 476,19,124.793854, 124.793922, 119.123703, 65.047920,13.218691, 228.591858, 0.999999
5, 476,20,146.649811, 146.654617, 119.123703, 65.047920,13.218691, 228.591858, 0.999967
5, 476,21,64.296593, 64.285049, 119.123703, 65.047920,13.218691, 228.591858, 1.000180
5, 476,22,73.995392, 73.994186, 119.123703, 65.047920,13.218691, 228.591858, 1.000016
5, 476,23,187.272827, 187.280945, 119.123703, 65.047920,13.218691, 228.591858, 0.999957
5, 476,24,137.491257, 137.490479, 119.123703, 65.047920,13.218691, 228.591858, 1.000006
5, 476,25,20.673462, 20.684761, 119.123703, 65.047920,13.218691, 228.591858, 0.999454
5, 476,26,129.153687, 129.147217, 119.123703, 65.047920,13.218691, 228.591858, 1.000050
5, 476,27,13.218691, 13.216194, 119.123703, 65.047920,13.218691, 228.591858, 1.000189
5, 476,28,69.257034, 69.270828, 119.123703, 65.047920,13.218691, 228.591858, 0.999801
5, 476,29,97.090805, 97.106384, 119.123703, 65.047920,13.218691, 228.591858, 0.999840
5, 476,30,30.073738, 30.077665, 119.123703, 65.047920,13.218691, 228.591858, 0.999869
5, 476,31,21.887890, 21.889153, 119.123703, 65.047920,13.218691, 228.591858, 0.999942
5, 477,0,182.171906, 182.166336, 119.124672, 72.184608,14.302442, 255.777069, 1.000031
5, 477,1,183.092453, 183.090332, 119.124672, 72.184608,14.302442, 255.777069, 1.000012
5, 477,2,20.034769, 20.034000, 119.124672, 72.184608,14.302442, 255.777069, 1.000038
5, 477,3,55.959362, 55.970074, 119.124672, 72.184608,14.302442, 255.777069, 0.999809
5, 477,4,231.565887, 231.572708, 119.124672, 72.184608,14.302442, 255.777069, 0.999971
5, 477,5,206.716949, 206.716812, 119.124672, 72.184608,14.302442, 255.777069, 1.000001
5, 477,6,98.778404, 98.778755, 119.124672, 72.184608,14.302442, 255.777069, 0.999996
5, 477,7,127.960800, 127.949150, 119.124672, 72.184608,14.302442, 255.777069, 1.000091
5, 477,8,72.871979, 72.876678, 119.124672, 72.184608,14.302442, 255.777069, 0.999936
5, 477,9,67.854378, 67.852051, 119.124672, 72.184608,14.302442, 255.777069, 1.000034
5, 477,10,186.881622, 186.885529, 119.124672, 72.184608,14.302442, 255.777069, 0.999979
5, 477,11,112.542389, 112.546875, 119.124672, 72.184608,14.302442, 255.777069, 0.999960
5, 477,12,80.484276, 80.474716, 119.124672, 72.184608,14.302442, 255.777069, 1.000119
5, 477,13,38.226406, 38.238762, 119.124672, 72.184608,14.302442, 255.777069, 0.999677
5, 477,14,163.752594, 163.755417, 119.124672, 72.184608,14.302442, 255.777069, 0.999983
5, 477,15,164.481262, 164.480850, 119.124672, 72.184608,14.302442, 255.777069, 1.000003
5, 477,16,36.143967, 36.146439, 119.124672, 72.184608,14.302442, 255.777069, 0.999932
5, 477,17,159.773712, 159.776917, 119.124672, 72.184608,14.302442, 255.777069, 0.999980
5, 477,18,115.436241, 115.433365, 119.124672, 72.184608,14.302442, 255.777069, 1.000025
5, 477,19,15.992414, 15.986801, 119.124672, 72.184608,14.302442, 255.777069, 1.000351
5, 477,20,146.634125, 146.634995, 119.124672, 72.184608,14.302442, 255.777069, 0.999994
5, 477,21,225.869171, 225.868469, 119.124672, 72.184608,14.302442, 255.777069, 1.000003
5, 477,22,46.515362, 46.524067, 119.124672, 72.184608,14.302442, 255.777069, 0.999813
5, 477,23,122.485741, 122.489235, 119.124672, 72.184608,14.302442, 255.777069, 0.999971
5, 477,24,14.871455, 14.864276, 119.124672, 72.184608,14.302442, 255.777069, 1.000483
5, 477,25,146.390015, 146.390625, 119.124672, 72.184608,14.302442, 255.777069, 0.999996
5, 477,26,192.805038, 192.803604, 119.124672, 72.184608,14.302442, 255.777069, 1.000007
5, 477,27,255.777069, 255.779556, 119.124672, 72.184608,14.302442, 255.777069, 0.999990
5, 477,28,14.302442, 14.299195, 119.124672, 72.184608,14.302442, 255.777069, 1.000227
5, 477,29,109.889717, 109.889473, 119.124672, 72.184608,14.302442, 255.777069, 1.000002
5, 477,30,190.608887, 190.612015, 119.124672, 72.184608,14.302442, 255.777069, 0.999984
5, 477,31,25.119171, 25.112091, 119.124672, 72.184608,14.302442, 255.777069, 1.000282
5, 478,0,111.987663, 111.999969, 119.127541, 58.162640,14.879608, 216.906006, 0.999890
5, 478,1,69.720245, 69.735924, 119.127541, 58.162640,14.879608, 216.906006, 0.999775
5, 478,2,201.125900, 201.125595, 119.127541, 58.162640,14.879608, 216.906006, 1.000002
5, 478,3,149.343628, 149.347656, 119.127541, 58.162640,14.879608, 216.906006, 0.999973
5, 478,4,194.034286, 194.034836, 119.127541, 58.162640,14.879608, 216.906006, 0.999997
5, 478,5,45.330254, 45.332699, 119.127541, 58.162640,14.879608, 216.906006, 0.999946
5, 478,6,216.906006, 216.901291, 119.127541, 58.162640,14.879608, 216.906006, 1.000022
5, 478,7,122.954109, 122.948586, 119.127541, 58.162640,14.879608, 216.906006, 1.000045
5, 478,8,37.835663, 37.840202, 119.127541, 58.162640,14.879608, 216.906006, 0.999880
5, 478,9,66.380096, 66.369080, 119.127541, 58.162640,14.879608, 216.906006, 1.000166
5, 478,10,151.765778, 151.764389, 119.127541, 58.162640,14.879608, 216.906006, 1.000009
5, 478,11,179.601700, 179.591858, 119.127541, 58.162640,14.879608, 216.906006, 1.000055
5, 478,12,92.020035, 92.015732, 119.127541, 58.162640,14.879608, 216.906006, 1.000047
5, 478,13,17.162722, 17.160913, 119.127541, 58.162640,14.879608, 216.906006, 1.000105
5, 478,14,110.050240, 110.035980, 119.127541, 58.162640,14.879608, 216.906006, 1.000130
5, 478,15,212.083862, 212.080582, 119.127541, 58.162640,14.879608, 216.906006, 1.000015
5, 478,16,165.228851, 165.225388, 119.127541, 58.162640,14.879608, 216.906006, 1.000021
5, 478,17,25.347809, 25.348457, 119.127541, 58.162640,14.879608, 216.906006, 0.999974
5, 478,18,107.637505, 107.632004, 119.127541, 58.162640,14.879608, 216.906006, 1.000051
5, 478,19,125.491302, 125.492844, 119.127541, 58.162640,14.879608, 216.906006, 0.999988
5, 478,20,161.642990, 161.628998, 119.127541, 58.162640,14.879608, 216.906006, 1.000087
5, 478,21,162.267212, 162.266647, 119.127541, 58.162640,14.879608, 216.906006, 1.000003
5, 478,22,56.733562, 56.734043, 119.127541, 58.162640,14.879608, 216.906006, 0.999992
5, 478,23,118.035294, 118.025856, 119.127541, 58.162640,14.879608, 216.906006, 1.000080
5, 478,24,204.558975, 204.556213, 119.127541, 58.162640,14.879608, 216.906006, 1.000013
5, 478,25,98.021996, 98.028854, 119.127541, 58.162640,14.879608, 216.906006, 0.999930
5, 478,26,95.426399, 95.420837, 119.127541, 58.162640,14.879608, 216.906006, 1.000058
5, 478,27,136.347992, 136.345795, 119.127541, 58.162640,14.879608, 216.906006, 1.000016
5, 478,28,102.732018, 102.728409, 119.127541, 58.162640,14.879608, 216.906006, 1.000035
5, 478,29,102.123276, 102.109879, 119.127541, 58.162640,14.879608, 216.906006, 1.000131
5, 478,30,14.879608, 14.871716, 119.127541, 58.162640,14.879608, 216.906006, 1.000531
5, 478,31,157.303848, 157.299286, 119.127541, 58.162640,14.879608, 216.906006, 1.000029
5, 479,0,105.223969, 105.227753, 119.123367, 66.577469,10.466483, 227.136353, 0.999964
5, 479,1,84.270889, 84.267616, 119.123367, 66.577469,10.466483, 227.136353, 1.000039
5, 479,2,208.066452, 208.063004, 119.123367, 66.577469,10.466483, 227.136353, 1.000017
5, 479,3,136.331207, 136.331223, 119.123367, 66.577469,10.466483, 227.136353, 1.000000
5, 479,4,144.726410, 144.735886, 119.123367, 66.577469,10.466483, 227.136353, 0.999935
5, 479,5,127.094337, 127.101891, 119.123367, 66.577469,10.466483, 227.136353, 0.999941
5, 479,6,81.478584, 81.477509, 119.123367, 66.577469,10.466483, 227.136353, 1.000013
5, 479,7,178.249878, 178.251511, 119.123367, 66.577469,10.466483, 227.136353, 0.999991
5, 479,8,227.136353, 227.153931, 119.123367, 66.577469,10.466483, 227.136353, 0.999923
5, 479,9,94.904289, 94.905746, 119.123367, 66.577469,10.466483, 227.136353, 0.999985
5, 479,10,166.688614, 166.692505, 119.123367, 66.577469,10.466483, 227.136353, 0.999977
5, 479,11,82.060860, 82.061646, 119.123367, 66.577469,10.466483, 227.136353, 0.999990
5, 479,12,111.625870, 111.632622, 119.123367, 66.577469,10.466483, 227.136353, 0.999940
5, 479,13,79.624725, 79.622025, 119.123367, 66.577469,10.466483, 227.136353, 1.000034
5, 479,14,165.536819, 165.537979, 119.123367, 66.577469,10.466483, 227.136353, 0.999993
5, 479,15,21.111431, 21.112310, 119.123367, 66.577469,10.466483, 227.136353, 0.999958
5, 479,16,203.151901, 203.163147, 119.123367, 66.577469,10.466483, 227.136353, 0.999945
5, 479,17,31.911264, 31.915373, 119.123367, 66.577469,10.466483, 227.136353, 0.999871
5, 479,18,219.572739, 219.573914, 119.123367, 66.577469,10.466483, 227.136353, 0.999995
5, 479,19,153.151413, 153.147446, 119.123367, 66.577469,10.466483, 227.136353, 1.000026
5, 479,20,195.336777, 195.328857, 119.123367, 66.577469,10.466483, 227.136353, 1.000041
5, 479,21,32.839691, 32.843117, 119.123367, 66.577469,10.466483, 227.136353, 0.999896
5, 479,22,10.466483, 10.474180, 119.123367, 66.577469,10.466483, 227.136353, 0.999265
5, 479,23,194.686340, 194.676010, 119.123367, 66.577469,10.466483, 227.136353, 1.000053
5, 479,24,37.495903, 37.488708, 119.123367, 66.577469,10.466483, 227.136353, 1.000192
5, 479,25,122.753036, 122.738052, 119.123367, 66.577469,10.466483, 227.136353, 1.000122
5, 479,26,89.874275, 89.889053, 119.123367, 66.577469,10.466483, 227.136353, 0.999836
5, 479,27,188.625763, 188.628494, 119.123367, 66.577469,10.466483, 227.136353, 0.999986
5, 479,28,24.535185, 24.527782, 119.123367, 66.577469,10.466483, 227.136353, 1.000302
5, 479,29,60.046906, 60.056934, 119.123367, 66.577469,10.466483, 227.136353, 0.999833
5, 479,30,41.184280, 41.172195, 119.123367, 66.577469,10.466483, 227.136353, 1.000293
5, 479,31,192.185257, 192.202026, 119.123367, 66.577469,10.466483, 227.136353, 0.999913
5, 480,0,71.598663, 71.590660, 119.124985, 50.481861,10.921881, 218.053711, 1.000112
5, 480,1,169.133041, 169.136292, 119.124985, 50.481861,10.921881, 218.053711, 0.999981
5, 480,2,121.663635, 121.650002, 119.124985, 50.481861,10.921881, 218.053711, 1.000112
5, 480,3,101.028397, 101.018211, 119.124985, 50.481861,10.921881, 218.053711, 1.000101
5, 480,4,155.450912, 155.458511, 119.124985, 50.481861,10.921881, 218.053711, 0.999951
5, 480,5,62.503025, 62.496967, 119.124985, 50.481861,10.921881, 218.053711, 1.000097
5, 480,6,97.268280, 97.273750, 119.124985, 50.481861,10.921881, 218.053711, 0.999944
5, 480,7,47.840740, 47.837357, 119.124985, 50.481861,10.921881, 218.053711, 1.000071
5, 480,8,177.844193, 177.844025, 119.124985, 50.481861,10.921881, 218.053711, 1.000001
5, 480,9,180.210083, 180.207169, 119.124985, 50.481861,10.921881, 218.053711, 1.000016
5, 480,10,91.374359, 91.376053, 119.124985, 50.481861,10.921881, 218.053711, 0.999981
5, 480,11,90.315536, 90.306206, 119.124985, 50.481861,10.921881, 218.053711, 1.000103
5, 480,12,104.747108, 104.749130, 119.124985, 50.481861,10.921881, 218.053711, 0.999981
5, 480,13,72.256721, 72.267776, 119.124985, 50.481861,10.921881, 218.053711, 0.999847
5, 480,14,114.558113, 114.560577, 119.124985, 50.481861,10.921881, 218.053711, 0.999978
5, 480,15,110.115150, 110.105133, 119.124985, 50.481861,10.921881, 218.053711, 1.000091
5, 480,16,218.053711, 218.058075, 119.124985, 50.481861,10.921881, 218.053711, 0.999980
5, 480,17,110.871399, 110.863510, 119.124985, 50.481861,10.921881, 218.053711, 1.000071
5, 480,18,167.155136, 167.152344, 119.124985, 50.481861,10.921881, 218.053711, 1.000017
5, 480,19,194.719864, 194.724579, 119.124985, 50.481861,10.921881, 218.053711, 0.999976
5, 480,20,100.647415, 100.659340, 119.124985, 50.481861,10.921881, 218.053711, 0.999882
5, 480,21,125.178741, 125.184563, 119.124985, 50.481861,10.921881, 218.053711, 0.999954
5, 480,22,35.796555, 35.804970, 119.124985, 50.481861,10.921881, 218.053711, 0.999765
5, 480,23,166.176071, 166.170502, 119.124985, 50.481861,10.921881, 218.053711, 1.000033
5, 480,24,189.143967, 189.151901, 119.124985, 50.481861,10.921881, 218.053711, 0.999958
5, 480,25,96.038673, 96.041397, 119.124985, 50.481861,10.921881, 218.053711, 0.999972
5, 480,26,10.921881, 10.920880, 119.124985, 50.481861,10.921881, 218.053711, 1.000092
5, 480,27,118.856468, 118.853500, 119.124985, 50.481861,10.921881, 218.053711, 1.000025
5, 480,28,76.890305, 76.899269, 119.124985, 50.481861,10.921881, 218.053711, 0.999883
5, 480,29,171.370911, 171.370773, 119.124985, 50.481861,10.921881, 218.053711, 1.000001
5, 480,30,91.258057, 91.254166, 119.124985, 50.481861,10.921881, 218.053711, 1.000043
5, 480,31,171.012421, 171.011917, 119.124985, 50.481861,10.921881, 218.053711, 1.000003
5, 481,0,63.896698, 63.902134, 119.122055, 62.613075,12.318592, 230.461624, 0.999915
5, 481,1,37.231972, 37.234264, 119.122055, 62.613075,12.318592, 230.461624, 0.999938
5, 481,2,12.318592, 12.333017, 119.122055, 62.613075,12.318592, 230.461624, 0.998830
5, 481,3,184.551758, 184.551468, 119.122055, 62.613075,12.318592, 230.461624, 1.000002
5, 481,4,137.323868, 137.311249, 119.122055, 62.613075,12.318592, 230.461624, 1.000092
5, 481,5,230.461624, 230.463348, 119.122055, 62.613075,12.318592, 230.461624, 0.999992
5, 481,6,105.245949, 105.249123, 119.122055, 62.613075,12.318592, 230.461624, 0.999970
5, 481,7,103.075340, 103.071190, 119.122055, 62.613075,12.318592, 230.461624, 1.000040
5, 481,8,215.003967, 215.015549, 119.122055, 62.613075,12.318592, 230.461624, 0.999946
5, 481,9,106.192856, 106.193123, 119.122055, 62.613075,12.318592, 230.461624, 0.999997
5, 481,10,221.031281, 221.036896, 119.122055, 62.613075,12.318592, 230.461624, 0.999975
5, 481,11,97.435135, 97.427444, 119.122055, 62.613075,12.318592, 230.461624, 1.000079
5, 481,12,53.051994, 53.059669, 119.122055, 62.613075,12.318592, 230.461624, 0.999855
5, 481,13,136.589432, 136.583008, 119.122055, 62.613075,12.318592, 230.461624, 1.000047
5, 481,14,53.658852, 53.659782, 119.122055, 62.613075,12.318592, 230.461624, 0.999983
5, 481,15,74.298080, 74.292824, 119.122055, 62.613075,12.318592, 230.461624, 1.000071
5, 481,16,203.870163, 203.876389, 119.122055, 62.613075,12.318592, 230.461624, 0.999969
5, 481,17,167.054199, 167.080811, 119.122055, 62.613075,12.318592, 230.461624, 0.999841
5, 481,18,88.031807, 88.027954, 119.122055, 62.613075,12.318592, 230.461624, 1.000044
5, 481,19,172.282288, 172.272797, 119.122055, 62.613075,12.318592, 230.461624, 1.000055
5, 481,20,221.944504, 221.940430, 119.122055, 62.613075,12.318592, 230.461624, 1.000018
5, 481,21,187.057999, 187.066528, 119.122055, 62.613075,12.318592, 230.461624, 0.999954
5, 481,22,88.991814, 88.992172, 119.122055, 62.613075,12.318592, 230.461624, 0.999996
5, 481,23,19.813280, 19.824295, 119.122055, 62.613075,12.318592, 230.461624, 0.999444
5, 481,24,144.442871, 144.458649, 119.122055, 62.613075,12.318592, 230.461624, 0.999891
5, 481,25,113.567329, 113.576508, 119.122055, 62.613075,12.318592, 230.461624, 0.999919
5, 481,26,109.216820, 109.213905, 119.122055, 62.613075,12.318592, 230.461624, 1.000027
5, 481,27,158.163849, 158.173538, 119.122055, 62.613075,12.318592, 230.461624, 0.999939
5, 481,28,116.738487, 116.745644, 119.122055, 62.613075,12.318592, 230.461624, 0.999939
5, 481,29,58.766163, 58.757355, 119.122055, 62.613075,12.318592, 230.461624, 1.000150
5, 481,30,45.775146, 45.784164, 119.122055, 62.613075,12.318592, 230.461624, 0.999803
5, 481,31,84.821831, 84.825111, 119.122055, 62.613075,12.318592, 230.461624, 0.999961
5, 482,0,222.652847, 222.664139, 119.124390, 74.013100,10.957542, 236.122192, 0.999949
5, 482,1,10.957542, 10.959567, 119.124390, 74.013100,10.957542, 236.122192, 0.999815
5, 482,2,75.359375, 75.363480, 119.124390, 74.013100,10.957542, 236.122192, 0.999946
5, 482,3,80.992264, 80.993881, 119.124390, 74.013100,10.957542, 236.122192, 0.999980
5, 482,4,192.696182, 192.684723, 119.124390, 74.013100,10.957542, 236.122192, 1.000059
5, 482,5,186.599213, 186.595688, 119.124390, 74.013100,10.957542, 236.122192, 1.000019
5, 482,6,194.994156, 194.984863, 119.124390, 74.013100,10.957542, 236.122192, 1.000048
5, 482,7,158.225815, 158.224945, 119.124390, 74.013100,10.957542, 236.122192, 1.000005
5, 482,8,80.072441, 80.062531, 119.124390, 74.013100,10.957542, 236.122192, 1.000124
5, 482,9,46.607620, 46.618786, 119.124390, 74.013100,10.957542, 236.122192, 0.999761
5, 482,10,98.113045, 98.110870, 119.124390, 74.013100,10.957542, 236.122192, 1.000022
5, 482,11,220.564072, 220.561554, 119.124390, 74.013100,10.957542, 236.122192, 1.000011
5, 482,12,134.010727, 134.009979, 119.124390, 74.013100,10.957542, 236.122192, 1.000006
5, 482,13,31.143166, 31.145763, 119.124390, 74.013100,10.957542, 236.122192, 0.999917
5, 482,14,103.216362, 103.212105, 119.124390, 74.013100,10.957542, 236.122192, 1.000041
5, 482,15,60.503044, 60.504292, 119.124390, 74.013100,10.957542, 236.122192, 0.999979
5, 482,16,236.122192, 236.119263, 119.124390, 74.013100,10.957542, 236.122192, 1.000012
5, 482,17,59.301056, 59.311890, 119.124390, 74.013100,10.957542, 236.122192, 0.999817
5, 482,18,27.192554, 27.208714, 119.124390, 74.013100,10.957542, 236.122192, 0.999406
5, 482,19,232.781265, 232.788971, 119.124390, 74.013100,10.957542, 236.122192, 0.999967
5, 482,20,208.370911, 208.376465, 119.124390, 74.013100,10.957542, 236.122192, 0.999973
5, 482,21,21.346733, 21.338417, 119.124390, 74.013100,10.957542, 236.122192, 1.000390
5, 482,22,165.664398, 165.654541, 119.124390, 74.013100,10.957542, 236.122192, 1.000059
5, 482,23,67.667023, 67.665771, 119.124390, 74.013100,10.957542, 236.122192, 1.000018
5, 482,24,137.842560, 137.841187, 119.124390, 74.013100,10.957542, 236.122192, 1.000010
5, 482,25,220.572174, 220.575668, 119.124390, 74.013100,10.957542, 236.122192, 0.999984
5, 482,26,111.174469, 111.192032, 119.124390, 74.013100,10.957542, 236.122192, 0.999842
5, 482,27,88.232025, 88.240028, 119.124390, 74.013100,10.957542, 236.122192, 0.999909
5, 482,28,205.123550, 205.123810, 119.124390, 74.013100,10.957542, 236.122192, 0.999999
5, 482,29,67.483704, 67.482330, 119.124390, 74.013100,10.957542, 236.122192, 1.000020
5, 482,30,41.747681, 41.736282, 119.124390, 74.013100,10.957542, 236.122192, 1.000273
5, 482,31,24.650385, 24.647514, 119.124390, 74.013100,10.957542, 236.122192, 1.000116
5, 483,0,86.967278, 86.984306, 119.124680, 68.444595,15.747703, 245.533630, 0.999804
5, 483,1,158.660553, 158.661179, 119.124680, 68.444595,15.747703, 245.533630, 0.999996
5, 483,2,223.228653, 223.231110, 119.124680, 68.444595,15.747703, 245.533630, 0.999989
5, 483,3,159.120407, 159.109161, 119.124680, 68.444595,15.747703, 245.533630, 1.000071
5, 483,4,167.641449, 167.635971, 119.124680, 68.444595,15.747703, 245.533630, 1.000033
5, 483,5,203.110352, 203.102341, 119.124680, 68.444595,15.747703, 245.533630, 1.000039
5, 483,6,16.462120, 16.461548, 119.124680, 68.444595,15.747703, 245.533630, 1.000035
5, 483,7,135.226776, 135.229523, 119.124680, 68.444595,15.747703, 245.533630, 0.999980
5, 483,8,38.036186, 38.032951, 119.124680, 68.444595,15.747703, 245.533630, 1.000085
5, 483,9,132.931564, 132.921295, 119.124680, 68.444595,15.747703, 245.533630, 1.000077
5, 483,10,64.999886, 65.010483, 119.124680, 68.444595,15.747703, 245.533630, 0.999837
5, 483,11,116.449173, 116.452301, 119.124680, 68.444595,15.747703, 245.533630, 0.999973
5, 483,12,44.643730, 44.653946, 119.124680, 68.444595,15.747703, 245.533630, 0.999771
5, 483,13,15.747703, 15.755409, 119.124680, 68.444595,15.747703, 245.533630, 0.999511
5, 483,14,203.492737, 203.489594, 119.124680, 68.444595,15.747703, 245.533630, 1.000015
5, 483,15,113.124321, 113.126617, 119.124680, 68.444595,15.747703, 245.533630, 0.999980
5, 483,16,245.533630, 245.546616, 119.124680, 68.444595,15.747703, 245.533630, 0.999947
5, 483,17,32.351322, 32.345871, 119.124680, 68.444595,15.747703, 245.533630, 1.000169
5, 483,18,193.541931, 193.535324, 119.124680, 68.444595,15.747703, 245.533630, 1.000034
5, 483,19,53.222088, 53.218727, 119.124680, 68.444595,15.747703, 245.533630, 1.000063
5, 483,20,108.081421, 108.084938, 119.124680, 68.444595,15.747703, 245.533630, 0.999967
5, 483,21,170.270981, 170.270706, 119.124680, 68.444595,15.747703, 245.533630, 1.000002
5, 483,22,51.619701, 51.609035, 119.124680, 68.444595,15.747703, 245.533630, 1.000207
5, 483,23,74.060532, 74.053612, 119.124680, 68.444595,15.747703, 245.533630, 1.000093
5, 483,24,28.548117, 28.541836, 119.124680, 68.444595,15.747703, 245.533630, 1.000220
5, 483,25,174.797241, 174.803650, 119.124680, 68.444595,15.747703, 245.533630, 0.999963
5, 483,26,103.237724, 103.225494, 119.124680, 68.444595,15.747703, 245.533630, 1.000118
5, 483,27,141.947540, 141.956833, 119.124680, 68.444595,15.747703, 245.533630, 0.999935
5, 483,28,140.609528, 140.605286, 119.124680, 68.444595,15.747703, 245.533630, 1.000030
5, 483,29,168.859177, 168.866013, 119.124680, 68.444595,15.747703, 245.533630, 0.999960
5, 483,30,24.908154, 24.920027, 119.124680, 68.444595,15.747703, 245.533630, 0.999524
5, 483,31,220.557846, 220.558395, 119.124680, 68.444595,15.747703, 245.533630, 0.999997
5, 484,0,179.127579, 179.105362, 119.126404, 60.185818,12.719570, 214.146210, 1.000124
5, 484,1,199.443130, 199.438660, 119.126404, 60.185818,12.719570, 214.146210, 1.000022
5, 484,2,200.467926, 200.466919, 119.126404, 60.185818,12.719570, 214.146210, 1.000005
5, 484,3,79.026596, 79.019020, 119.126404, 60.185818,12.719570, 214.146210, 1.000096
5, 484,4,81.700508, 81.696266, 119.126404, 60.185818,12.719570, 214.146210, 1.000052
5, 484,5,124.513809, 124.519646, 119.126404, 60.185818,12.719570, 214.146210, 0.999953
5, 484,6,172.437454, 172.434219, 119.126404, 60.185818,12.719570, 214.146210, 1.000019
5, 484,7,53.588902, 53.582050, 119.126404, 60.185818,12.719570, 214.146210, 1.000128
5, 484,8,214.146210, 214.160370, 119.126404, 60.185818,12.719570, 214.146210, 0.999934
5, 484,9,170.561890, 170.553238, 119.126404, 60.185818,12.719570, 214.146210, 1.000051
5, 484,10,155.420303, 155.417694, 119.126404, 60.185818,12.719570, 214.146210, 1.000017
5, 484,11,112.544708, 112.531616, 119.126404, 60.185818,12.719570, 214.146210, 1.000116
5, 484,12,132.770966, 132.777115, 119.126404, 60.185818,12.719570, 214.146210, 0.999954
5, 484,13,181.745300, 181.738739, 119.126404, 60.185818,12.719570, 214.146210, 1.000036
5, 484,14,44.329529, 44.327682, 119.126404, 60.185818,12.719570, 214.146210, 1.000042
5, 484,15,131.488708, 131.479248, 119.126404, 60.185818,12.719570, 214.146210, 1.000072
5, 484,16,194.305084, 194.303604, 119.126404, 60.185818,12.719570, 214.146210, 1.000008
5, 484,17,61.350681, 61.350449, 119.126404, 60.185818,12.719570, 214.146210, 1.000004
5, 484,18,187.610901, 187.613632, 119.126404, 60.185818,12.719570, 214.146210, 0.999985
5, 484,19,20.165154, 20.169773, 119.126404, 60.185818,12.719570, 214.146210, 0.999771
5, 484,20,166.843597, 166.847733, 119.126404, 60.185818,12.719570, 214.146210, 0.999975
5, 484,21,61.383533, 61.381802, 119.126404, 60.185818,12.719570, 214.146210, 1.000028
5, 484,22,30.439604, 30.446133, 119.126404, 60.185818,12.719570, 214.146210, 0.999786
5, 484,23,120.635727, 120.632317, 119.126404, 60.185818,12.719570, 214.146210, 1.000028
5, 484,24,12.719570, 12.739944, 119.126404, 60.185818,12.719570, 214.146210, 0.998401
5, 484,25,103.122070, 103.120506, 119.126404, 60.185818,12.719570, 214.146210, 1.000015
5, 484,26,75.923027, 75.915428, 119.126404, 60.185818,12.719570, 214.146210, 1.000100
5, 484,27,74.522423, 74.529778, 119.126404, 60.185818,12.719570, 214.146210, 0.999901
5, 484,28,127.750580, 127.748642, 119.126404, 60.185818,12.719570, 214.146210, 1.000015
5, 484,29,112.522415, 112.519081, 119.126404, 60.185818,12.719570, 214.146210, 1.000030
5, 484,30,185.488480, 185.481857, 119.126404, 60.185818,12.719570, 214.146210, 1.000036
5, 484,31,43.948498, 43.951488, 119.126404, 60.185818,12.719570, 214.146210, 0.999932
5, 485,0,65.741196, 65.739021, 119.126373, 63.405193,15.912045, 209.447739, 1.000033
5, 485,1,166.233658, 166.239655, 119.126373, 63.405193,15.912045, 209.447739, 0.999964
5, 485,2,78.840683, 78.837143, 119.126373, 63.405193,15.912045, 209.447739, 1.000045
5, 485,3,53.644512, 53.658352, 119.126373, 63.405193,15.912045, 209.447739, 0.999742
5, 485,4,27.061182, 27.057589, 119.126373, 63.405193,15.912045, 209.447739, 1.000133
5, 485,5,193.111862, 193.091721, 119.126373, 63.405193,15.912045, 209.447739, 1.000104
5, 485,6,197.220230, 197.210541, 119.126373, 63.405193,15.912045, 209.447739, 1.000049
5, 485,7,111.070129, 111.064522, 119.126373, 63.405193,15.912045, 209.447739, 1.000051
5, 485,8,208.703171, 208.715073, 119.126373, 63.405193,15.912045, 209.447739, 0.999943
5, 485,9,38.315208, 38.316948, 119.126373, 63.405193,15.912045, 209.447739, 0.999955
5, 485,10,156.639832, 156.635178, 119.126373, 63.405193,15.912045, 209.447739, 1.000030
5, 485,11,152.121048, 152.105698, 119.126373, 63.405193,15.912045, 209.447739, 1.000101
5, 485,12,92.647926, 92.646248, 119.126373, 63.405193,15.912045, 209.447739, 1.000018
5, 485,13,66.052063, 66.045486, 119.126373, 63.405193,15.912045, 209.447739, 1.000100
5, 485,14,125.202591, 125.198479, 119.126373, 63.405193,15.912045, 209.447739, 1.000033
5, 485,15,209.272736, 209.272827, 119.126373, 63.405193,15.912045, 209.447739, 1.000000
5, 485,16,80.049980, 80.056854, 119.126373, 63.405193,15.912045, 209.447739, 0.999914
5, 485,17,87.188774, 87.191254, 119.126373, 63.405193,15.912045, 209.447739, 0.999972
5, 485,18,137.123688, 137.132050, 119.126373, 63.405193,15.912045, 209.447739, 0.999939
5, 485,19,71.666222, 71.665970, 119.126373, 63.405193,15.912045, 209.447739, 1.000003
5, 485,20,23.535131, 23.539421, 119.126373, 63.405193,15.912045, 209.447739, 0.999818
5, 485,21,172.964859, 172.963394, 119.126373, 63.405193,15.912045, 209.447739, 1.000008
5, 485,22,188.023010, 188.016724, 119.126373, 63.405193,15.912045, 209.447739, 1.000033
5, 485,23,28.833191, 28.828928, 119.126373, 63.405193,15.912045, 209.447739, 1.000148
5, 485,24,133.668381, 133.669037, 119.126373, 63.405193,15.912045, 209.447739, 0.999995
5, 485,25,169.520493, 169.537170, 119.126373, 63.405193,15.912045, 209.447739, 0.999902
5, 485,26,209.447739, 209.456696, 119.126373, 63.405193,15.912045, 209.447739, 0.999957
5, 485,27,168.365234, 168.360367, 119.126373, 63.405193,15.912045, 209.447739, 1.000029
5, 485,28,199.172806, 199.171875, 119.126373, 63.405193,15.912045, 209.447739, 1.000005
5, 485,29,54.174603, 54.173206, 119.126373, 63.405193,15.912045, 209.447739, 1.000026
5, 485,30,130.519547, 130.518631, 119.126373, 63.405193,15.912045, 209.447739, 1.000007
5, 485,31,15.912045, 15.884040, 119.126373, 63.405193,15.912045, 209.447739, 1.001763
5, 486,0,169.529327, 169.530060, 119.125839, 48.595093,24.909966, 185.903259, 0.999996
5, 486,1,142.952255, 142.948059, 119.125839, 48.595093,24.909966, 185.903259, 1.000029
5, 486,2,118.672272, 118.676346, 119.125839, 48.595093,24.909966, 185.903259, 0.999966
5, 486,3,183.741882, 183.734283, 119.125839, 48.595093,24.909966, 185.903259, 1.000041
5, 486,4,169.681381, 169.682266, 119.125839, 48.595093,24.909966, 185.903259, 0.999995
5, 486,5,174.578598, 174.585510, 119.125839, 48.595093,24.909966, 185.903259, 0.999960
5, 486,6,89.255219, 89.251328, 119.125839, 48.595093,24.909966, 185.903259, 1.000044
5, 486,7,124.591858, 124.596138, 119.125839, 48.595093,24.909966, 185.903259, 0.999966
5, 486,8,107.824493, 107.820671, 119.125839, 48.595093,24.909966, 185.903259, 1.000035
5, 486,9,94.476578, 94.475319, 119.125839, 48.595093,24.909966, 185.903259, 1.000013
5, 486,10,158.416641, 158.413452, 119.125839, 48.595093,24.909966, 185.903259, 1.000020
5, 486,11,128.961411, 128.961243, 119.125839, 48.595093,24.909966, 185.903259, 1.000001
5, 486,12,185.903259, 185.908691, 119.125839, 48.595093,24.909966, 185.903259, 0.999971
5, 486,13,78.243179, 78.237999, 119.125839, 48.595093,24.909966, 185.903259, 1.000066
5, 486,14,37.715427, 37.712685, 119.125839, 48.595093,24.909966, 185.903259, 1.000073
5, 486,15,79.810158, 79.809006, 119.125839, 48.595093,24.909966, 185.903259, 1.000014
5, 486,16,50.622505, 50.612293, 119.125839, 48.595093,24.909966, 185.903259, 1.000202
5, 486,17,181.891830, 181.886063, 119.125839, 48.595093,24.909966, 185.903259, 1.000032
5, 486,18,166.272736, 166.279327, 119.125839, 48.595093,24.909966, 185.903259, 0.999960
5, 486,19,133.555115, 133.560089, 119.125839, 48.595093,24.909966, 185.903259, 0.999963
5, 486,20,65.978691, 65.974411, 119.125839, 48.595093,24.909966, 185.903259, 1.000065
5, 486,21,108.676941, 108.674126, 119.125839, 48.595093,24.909966, 185.903259, 1.000026
5, 486,22,27.855289, 27.857233, 119.125839, 48.595093,24.909966, 185.903259, 0.999930
5, 486,23,91.177757, 91.186539, 119.125839, 48.595093,24.909966, 185.903259, 0.999904
5, 486,24,105.184998, 105.178780, 119.125839, 48.595093,24.909966, 185.903259, 1.000059
5, 486,25,184.203125, 184.201797, 119.125839, 48.595093,24.909966, 185.903259, 1.000007
5, 486,26,146.234222, 146.236832, 119.125839, 48.595093,24.909966, 185.903259, 0.999982
5, 486,27,24.909966, 24.900055, 119.125839, 48.595093,24.909966, 185.903259, 1.000398
5, 486,28,97.438896, 97.437927, 119.125839, 48.595093,24.909966, 185.903259, 1.000010
5, 486,29,94.157928, 94.165459, 119.125839, 48.595093,24.909966, 185.903259, 0.999920
5, 486,30,105.180229, 105.178780, 119.125839, 48.595093,24.909966, 185.903259, 1.000014
5, 486,31,184.332535, 184.326813, 119.125839, 48.595093,24.909966, 185.903259, 1.000031
5, 487,0,81.118118, 81.121918, 119.126938, 72.559738,15.971690, 239.279678, 0.999953
5, 487,1,54.072227, 54.081139, 119.126938, 72.559738,15.971690, 239.279678, 0.999835
5, 487,2,216.905609, 216.906540, 119.126938, 72.559738,15.971690, 239.279678, 0.999996
5, 487,3,96.501839, 96.512070, 119.126938, 72.559738,15.971690, 239.279678, 0.999894
5, 487,4,182.823273, 182.825821, 119.126938, 72.559738,15.971690, 239.279678, 0.999986
5, 487,5,233.032379, 233.012054, 119.126938, 72.559738,15.971690, 239.279678, 1.000087
5, 487,6,121.316116, 121.300629, 119.126938, 72.559738,15.971690, 239.279678, 1.000128
5, 487,7,109.927383, 109.940384, 119.126938, 72.559738,15.971690, 239.279678, 0.999882
5, 487,8,132.708389, 132.717529, 119.126938, 72.559738,15.971690, 239.279678, 0.999931
5, 487,9,117.697342, 117.709831, 119.126938, 72.559738,15.971690, 239.279678, 0.999894
5, 487,10,60.701702, 60.696140, 119.126938, 72.559738,15.971690, 239.279678, 1.000092
5, 487,11,15.971690, 15.970501, 119.126938, 72.559738,15.971690, 239.279678, 1.000075
5, 487,12,158.179123, 158.171844, 119.126938, 72.559738,15.971690, 239.279678, 1.000046
5, 487,13,116.700798, 116.704124, 119.126938, 72.559738,15.971690, 239.279678, 0.999972
5, 487,14,62.875332, 62.877537, 119.126938, 72.559738,15.971690, 239.279678, 0.999965
5, 487,15,32.370960, 32.352196, 119.126938, 72.559738,15.971690, 239.279678, 1.000580
5, 487,16,211.174088, 211.183945, 119.126938, 72.559738,15.971690, 239.279678, 0.999953
5, 487,17,66.858009, 66.843704, 119.126938, 72.559738,15.971690, 239.279678, 1.000214
5, 487,18,30.422575, 30.425774, 119.126938, 72.559738,15.971690, 239.279678, 0.999895
5, 487,19,239.279678, 239.272934, 119.126938, 72.559738,15.971690, 239.279678, 1.000028
5, 487,20,107.068665, 107.064911, 119.126938, 72.559738,15.971690, 239.279678, 1.000035
5, 487,21,238.553970, 238.543427, 119.126938, 72.559738,15.971690, 239.279678, 1.000044
5, 487,22,119.081573, 119.062569, 119.126938, 72.559738,15.971690, 239.279678, 1.000160
5, 487,23,169.718628, 169.716232, 119.126938, 72.559738,15.971690, 239.279678, 1.000014
5, 487,24,202.129761, 202.139664, 119.126938, 72.559738,15.971690, 239.279678, 0.999951
5, 487,25,28.023211, 28.003576, 119.126938, 72.559738,15.971690, 239.279678, 1.000701
5, 487,26,164.455704, 164.461060, 119.126938, 72.559738,15.971690, 239.279678, 0.999967
5, 487,27,93.772942, 93.778252, 119.126938, 72.559738,15.971690, 239.279678, 0.999943
5, 487,28,238.824615, 238.819656, 119.126938, 72.559738,15.971690, 239.279678, 1.000021
5, 487,29,58.524555, 58.521832, 119.126938, 72.559738,15.971690, 239.279678, 1.000046
5, 487,30,21.563671, 21.558552, 119.126938, 72.559738,15.971690, 239.279678, 1.000237
5, 487,31,29.707424, 29.703363, 119.126938, 72.559738,15.971690, 239.279678, 1.000137
5, 488,0,128.232559, 128.223801, 119.127022, 67.870895,10.879309, 226.630630, 1.000068
5, 488,1,64.702187, 64.707275, 119.127022, 67.870895,10.879309, 226.630630, 0.999921
5, 488,2,11.238186, 11.223507, 119.127022, 67.870895,10.879309, 226.630630, 1.001308
5, 488,3,54.170815, 54.171894, 119.127022, 67.870895,10.879309, 226.630630, 0.999980
5, 488,4,117.743553, 117.721489, 119.127022, 67.870895,10.879309, 226.630630, 1.000187
5, 488,5,155.252808, 155.246765, 119.127022, 67.870895,10.879309, 226.630630, 1.000039
5, 488,6,84.349030, 84.349518, 119.127022, 67.870895,10.879309, 226.630630, 0.999994
5, 488,7,52.141998, 52.141537, 119.127022, 67.870895,10.879309, 226.630630, 1.000009
5, 488,8,51.207962, 51.202412, 119.127022, 67.870895,10.879309, 226.630630, 1.000108
5, 488,9,134.518753, 134.533142, 119.127022, 67.870895,10.879309, 226.630630, 0.999893
5, 488,10,171.160431, 171.145737, 119.127022, 67.870895,10.879309, 226.630630, 1.000086
5, 488,11,109.298927, 109.295830, 119.127022, 67.870895,10.879309, 226.630630, 1.000028
5, 488,12,136.395782, 136.398163, 119.127022, 67.870895,10.879309, 226.630630, 0.999983
5, 488,13,32.142334, 32.135551, 119.127022, 67.870895,10.879309, 226.630630, 1.000211
5, 488,14,66.614273, 66.618599, 119.127022, 67.870895,10.879309, 226.630630, 0.999935
5, 488,15,214.278885, 214.272690, 119.127022, 67.870895,10.879309, 226.630630, 1.000029
5, 488,16,10.879309, 10.872989, 119.127022, 67.870895,10.879309, 226.630630, 1.000581
5, 488,17,66.066483, 66.063057, 119.127022, 67.870895,10.879309, 226.630630, 1.000052
5, 488,18,99.233078, 99.236618, 119.127022, 67.870895,10.879309, 226.630630, 0.999964
5, 488,19,226.630630, 226.633423, 119.127022, 67.870895,10.879309, 226.630630, 0.999988
5, 488,20,53.338600, 53.331978, 119.127022, 67.870895,10.879309, 226.630630, 1.000124
5, 488,21,203.357834, 203.353729, 119.127022, 67.870895,10.879309, 226.630630, 1.000020
5, 488,22,200.811035, 200.814133, 119.127022, 67.870895,10.879309, 226.630630, 0.999985
5, 488,23,93.670082, 93.668007, 119.127022, 67.870895,10.879309, 226.630630, 1.000022
5, 488,24,218.387787, 218.392929, 119.127022, 67.870895,10.879309, 226.630630, 0.999976
5, 488,25,215.419235, 215.423447, 119.127022, 67.870895,10.879309, 226.630630, 0.999980
5, 488,26,92.569580, 92.576775, 119.127022, 67.870895,10.879309, 226.630630, 0.999922
5, 488,27,186.221848, 186.211411, 119.127022, 67.870895,10.879309, 226.630630, 1.000056
5, 488,28,31.508959, 31.507263, 119.127022, 67.870895,10.879309, 226.630630, 1.000054
5, 488,29,153.744995, 153.745499, 119.127022, 67.870895,10.879309, 226.630630, 0.999997
5, 488,30,160.712448, 160.722778, 119.127022, 67.870895,10.879309, 226.630630, 0.999936
5, 488,31,216.064255, 216.058365, 119.127022, 67.870895,10.879309, 226.630630, 1.000027
5, 489,0,21.063749, 21.051613, 119.123444, 58.210358,20.404028, 209.086899, 1.000576
5, 489,1,184.338486, 184.347885, 119.123444, 58.210358,20.404028, 209.086899, 0.999949
5, 489,2,96.734825, 96.727913, 119.123444, 58.210358,20.404028, 209.086899, 1.000071
5, 489,3,69.674667, 69.668793, 119.123444, 58.210358,20.404028, 209.086899, 1.000084
5, 489,4,198.229965, 198.236740, 119.123444, 58.210358,20.404028, 209.086899, 0.999966
5, 489,5,209.086899, 209.083908, 119.123444, 58.210358,20.404028, 209.086899, 1.000014
5, 489,6,111.180779, 111.186684, 119.123444, 58.210358,20.404028, 209.086899, 0.999947
5, 489,7,171.464981, 171.462585, 119.123444, 58.210358,20.404028, 209.086899, 1.000014
5, 489,8,50.894436, 50.898403, 119.123444, 58.210358,20.404028, 209.086899, 0.999922
5, 489,9,20.404028, 20.407349, 119.123444, 58.210358,20.404028, 209.086899, 0.999837
5, 489,10,197.266205, 197.257935, 119.123444, 58.210358,20.404028, 209.086899, 1.000042
5, 489,11,146.696594, 146.707962, 119.123444, 58.210358,20.404028, 209.086899, 0.999923
5, 489,12,202.248810, 202.257187, 119.123444, 58.210358,20.404028, 209.086899, 0.999959
5, 489,13,47.442013, 47.441677, 119.123444, 58.210358,20.404028, 209.086899, 1.000007
5, 489,14,189.264923, 189.254196, 119.123444, 58.210358,20.404028, 209.086899, 1.000057
5, 489,15,70.728378, 70.728119, 119.123444, 58.210358,20.404028, 209.086899, 1.000004
5, 489,16,169.171021, 169.182877, 119.123444, 58.210358,20.404028, 209.086899, 0.999930
5, 489,17,176.854156, 176.852097, 119.123444, 58.210358,20.404028, 209.086899, 1.000012
5, 489,18,142.250656, 142.260056, 119.123444, 58.210358,20.404028, 209.086899, 0.999934
5, 489,19,125.658348, 125.676445, 119.123444, 58.210358,20.404028, 209.086899, 0.999856
5, 489,20,88.392090, 88.395828, 119.123444, 58.210358,20.404028, 209.086899, 0.999958
5, 489,21,80.205070, 80.212440, 119.123444, 58.210358,20.404028, 209.086899, 0.999908
5, 489,22,85.757675, 85.738243, 119.123444, 58.210358,20.404028, 209.086899, 1.000227
5, 489,23,147.134995, 147.135422, 119.123444, 58.210358,20.404028, 209.086899, 0.999997
5, 489,24,173.758820, 173.760864, 119.123444, 58.210358,20.404028, 209.086899, 0.999988
5, 489,25,55.650993, 55.662243, 119.123444, 58.210358,20.404028, 209.086899, 0.999798
5, 489,26,61.427364, 61.435844, 119.123444, 58.210358,20.404028, 209.086899, 0.999862
5, 489,27,144.768555, 144.768967, 119.123444, 58.210358,20.404028, 209.086899, 0.999997
5, 489,28,93.037735, 93.048172, 119.123444, 58.210358,20.404028, 209.086899, 0.999888
5, 489,29,81.060616, 81.061127, 119.123444, 58.210358,20.404028, 209.086899, 0.999994
5, 489,30,45.892925, 45.880577, 119.123444, 58.210358,20.404028, 209.086899, 1.000269
5, 489,31,154.209778, 154.209930, 119.123444, 58.210358,20.404028, 209.086899, 0.999999
5, 490,0,161.379227, 161.368744, 119.126839, 60.480331,16.454758, 215.646317, 1.000065
5, 490,1,169.064987, 169.053146, 119.126839, 60.480331,16.454758, 215.646317, 1.000070
5, 490,2,73.897743, 73.896622, 119.126839, 60.480331,16.454758, 215.646317, 1.000015
5, 490,3,121.083710, 121.088287, 119.126839, 60.480331,16.454758, 215.646317, 0.999962
5, 490,4,168.967087, 168.971756, 119.126839, 60.480331,16.454758, 215.646317, 0.999972
5, 490,5,32.834724, 32.836212, 119.126839, 60.480331,16.454758, 215.646317, 0.999955
5, 490,6,135.606049, 135.609329, 119.126839, 60.480331,16.454758, 215.646317, 0.999976
5, 490,7,148.977478, 148.970581, 119.126839, 60.480331,16.454758, 215.646317, 1.000046
5, 490,8,151.624435, 151.629257, 119.126839, 60.480331,16.454758, 215.646317, 0.999968
5, 490,9,214.565826, 214.583130, 119.126839, 60.480331,16.454758, 215.646317, 0.999919
5, 490,10,215.646317, 215.647980, 119.126839, 60.480331,16.454758, 215.646317, 0.999992
5, 490,11,101.364975, 101.358406, 119.126839, 60.480331,16.454758, 215.646317, 1.000065
5, 490,12,179.277420, 179.260605, 119.126839, 60.480331,16.454758, 215.646317, 1.000094
5, 490,13,201.623337, 201.622055, 119.126839, 60.480331,16.454758, 215.646317, 1.000006
5, 490,14,204.841568, 204.836884, 119.126839, 60.480331,16.454758, 215.646317, 1.000023
5, 490,15,24.603863, 24.588860, 119.126839, 60.480331,16.454758, 215.646317, 1.000610
5, 490,16,178.560928, 178.541672, 119.126839, 60.480331,16.454758, 215.646317, 1.000108
5, 490,17,128.141235, 128.141953, 119.126839, 60.480331,16.454758, 215.646317, 0.999994
5, 490,18,69.227768, 69.243927, 119.126839, 60.480331,16.454758, 215.646317, 0.999767
5, 490,19,136.893204, 136.884399, 119.126839, 60.480331,16.454758, 215.646317, 1.000064
5, 490,20,145.571335, 145.565842, 119.126839, 60.480331,16.454758, 215.646317, 1.000038
5, 490,21,164.791351, 164.807404, 119.126839, 60.480331,16.454758, 215.646317, 0.999903
5, 490,22,42.287189, 42.297604, 119.126839, 60.480331,16.454758, 215.646317, 0.999754
5, 490,23,57.590996, 57.591831, 119.126839, 60.480331,16.454758, 215.646317, 0.999986
5, 490,24,152.441055, 152.429581, 119.126839, 60.480331,16.454758, 215.646317, 1.000075
5, 490,25,82.432419, 82.435623, 119.126839, 60.480331,16.454758, 215.646317, 0.999961
5, 490,26,72.403259, 72.411285, 119.126839, 60.480331,16.454758, 215.646317, 0.999889
5, 490,27,47.450153, 47.452198, 119.126839, 60.480331,16.454758, 215.646317, 0.999957
5, 490,28,98.933708, 98.930321, 119.126839, 60.480331,16.454758, 215.646317, 1.000034
5, 490,29,24.584076, 24.568512, 119.126839, 60.480331,16.454758, 215.646317, 1.000633
5, 490,30,88.936531, 88.926338, 119.126839, 60.480331,16.454758, 215.646317, 1.000115
5, 490,31,16.454758, 16.450026, 119.126839, 60.480331,16.454758, 215.646317, 1.000288
5, 491,0,149.263565, 149.261765, 119.125008, 53.861244,31.120369, 212.940292, 1.000012
5, 491,1,73.574539, 73.571404, 119.125008, 53.861244,31.120369, 212.940292, 1.000043
5, 491,2,86.580269, 86.578346, 119.125008, 53.861244,31.120369, 212.940292, 1.000022
5, 491,3,155.378632, 155.377533, 119.125008, 53.861244,31.120369, 212.940292, 1.000007
5, 491,4,101.648666, 101.642632, 119.125008, 53.861244,31.120369, 212.940292, 1.000059
5, 491,5,118.115898, 118.120163, 119.125008, 53.861244,31.120369, 212.940292, 0.999964
5, 491,6,75.334076, 75.334846, 119.125008, 53.861244,31.120369, 212.940292, 0.999990
5, 491,7,134.435638, 134.435120, 119.125008, 53.861244,31.120369, 212.940292, 1.000004
5, 491,8,210.443893, 210.444397, 119.125008, 53.861244,31.120369, 212.940292, 0.999998
5, 491,9,212.940292, 212.933228, 119.125008, 53.861244,31.120369, 212.940292, 1.000033
5, 491,10,128.543442, 128.538223, 119.125008, 53.861244,31.120369, 212.940292, 1.000041
5, 491,11,100.511444, 100.517021, 119.125008, 53.861244,31.120369, 212.940292, 0.999945
5, 491,12,207.619812, 207.624146, 119.125008, 53.861244,31.120369, 212.940292, 0.999979
5, 491,13,127.258316, 127.256294, 119.125008, 53.861244,31.120369, 212.940292, 1.000016
5, 491,14,47.254135, 47.251114, 119.125008, 53.861244,31.120369, 212.940292, 1.000064
5, 491,15,147.896851, 147.898544, 119.125008, 53.861244,31.120369, 212.940292, 0.999989
5, 491,16,191.114990, 191.115356, 119.125008, 53.861244,31.120369, 212.940292, 0.999998
5, 491,17,166.910080, 166.921188, 119.125008, 53.861244,31.120369, 212.940292, 0.999933
5, 491,18,86.310577, 86.303192, 119.125008, 53.861244,31.120369, 212.940292, 1.000086
5, 491,19,195.730301, 195.730316, 119.125008, 53.861244,31.120369, 212.940292, 1.000000
5, 491,20,94.145470, 94.151131, 119.125008, 53.861244,31.120369, 212.940292, 0.999940
5, 491,21,128.097992, 128.106735, 119.125008, 53.861244,31.120369, 212.940292, 0.999932
5, 491,22,122.887321, 122.885208, 119.125008, 53.861244,31.120369, 212.940292, 1.000017
5, 491,23,49.052113, 49.045822, 119.125008, 53.861244,31.120369, 212.940292, 1.000128
5, 491,24,40.296715, 40.297409, 119.125008, 53.861244,31.120369, 212.940292, 0.999983
5, 491,25,102.077110, 102.074104, 119.125008, 53.861244,31.120369, 212.940292, 1.000029
5, 491,26,34.152077, 34.162888, 119.125008, 53.861244,31.120369, 212.940292, 0.999684
5, 491,27,135.672684, 135.667023, 119.125008, 53.861244,31.120369, 212.940292, 1.000042
5, 491,28,104.938377, 104.931877, 119.125008, 53.861244,31.120369, 212.940292, 1.000062
5, 491,29,191.774612, 191.771942, 119.125008, 53.861244,31.120369, 212.940292, 1.000014
5, 491,30,60.920532, 60.920910, 119.125008, 53.861244,31.120369, 212.940292, 0.999994
5, 491,31,31.120369, 31.130018, 119.125008, 53.861244,31.120369, 212.940292, 0.999690
5, 492,0,180.059952, 180.064087, 119.124443, 72.876747,16.746288, 228.160614, 0.999977
5, 492,1,228.160614, 228.166489, 119.124443, 72.876747,16.746288, 228.160614, 0.999974
5, 492,2,40.997543, 41.001759, 119.124443, 72.876747,16.746288, 228.160614, 0.999897
5, 492,3,211.543259, 211.540649, 119.124443, 72.876747,16.746288, 228.160614, 1.000012
5, 492,4,157.361176, 157.346008, 119.124443, 72.876747,16.746288, 228.160614, 1.000096
5, 492,5,16.746288, 16.749676, 119.124443, 72.876747,16.746288, 228.160614, 0.999798
5, 492,6,175.488174, 175.483932, 119.124443, 72.876747,16.746288, 228.160614, 1.000024
5, 492,7,56.812412, 56.824051, 119.124443, 72.876747,16.746288, 228.160614, 0.999795
5, 492,8,36.626717, 36.633461, 119.124443, 72.876747,16.746288, 228.160614, 0.999816
5, 492,9,213.417603, 213.410690, 119.124443, 72.876747,16.746288, 228.160614, 1.000032
5, 492,10,97.292618, 97.300186, 119.124443, 72.876747,16.746288, 228.160614, 0.999922
5, 492,11,145.846848, 145.840897, 119.124443, 72.876747,16.746288, 228.160614, 1.000041
5, 492,12,105.655075, 105.656937, 119.124443, 72.876747,16.746288, 228.160614, 0.999982
5, 492,13,17.770452, 17.772354, 119.124443, 72.876747,16.746288, 228.160614, 0.999893
5, 492,14,224.082626, 224.090378, 119.124443, 72.876747,16.746288, 228.160614, 0.999965
5, 492,15,29.936205, 29.934921, 119.124443, 72.876747,16.746288, 228.160614, 1.000043
5, 492,16,135.492752, 135.482605, 119.124443, 72.876747,16.746288, 228.160614, 1.000075
5, 492,17,173.735138, 173.730774, 119.124443, 72.876747,16.746288, 228.160614, 1.000025
5, 492,18,187.281067, 187.288559, 119.124443, 72.876747,16.746288, 228.160614, 0.999960
5, 492,19,132.324829, 132.334229, 119.124443, 72.876747,16.746288, 228.160614, 0.999929
5, 492,20,65.973129, 65.969719, 119.124443, 72.876747,16.746288, 228.160614, 1.000052
5, 492,21,225.090744, 225.098450, 119.124443, 72.876747,16.746288, 228.160614, 0.999966
5, 492,22,33.894905, 33.894146, 119.124443, 72.876747,16.746288, 228.160614, 1.000022
5, 492,23,87.730545, 87.738152, 119.124443, 72.876747,16.746288, 228.160614, 0.999913
5, 492,24,110.010590, 110.010620, 119.124443, 72.876747,16.746288, 228.160614, 1.000000
5, 492,25,147.620834, 147.615952, 119.124443, 72.876747,16.746288, 228.160614, 1.000033
5, 492,26,28.076675, 28.064878, 119.124443, 72.876747,16.746288, 228.160614, 1.000420
5, 492,27,85.624527, 85.605133, 119.124443, 72.876747,16.746288, 228.160614, 1.000226
5, 492,28,224.363297, 224.367966, 119.124443, 72.876747,16.746288, 228.160614, 0.999979
5, 492,29,51.486782, 51.491512, 119.124443, 72.876747,16.746288, 228.160614, 0.999908
5, 492,30,17.386711, 17.392502, 119.124443, 72.876747,16.746288, 228.160614, 0.999667
5, 492,31,168.092148, 168.098740, 119.124443, 72.876747,16.746288, 228.160614, 0.999961
5, 493,0,166.483490, 166.478561, 119.127350, 48.042625,16.071550, 188.814789, 1.000030
5, 493,1,116.022743, 116.018295, 119.127350, 48.042625,16.071550, 188.814789, 1.000038
5, 493,2,131.931778, 131.930984, 119.127350, 48.042625,16.071550, 188.814789, 1.000006
5, 493,3,167.885284, 167.887985, 119.127350, 48.042625,16.071550, 188.814789, 0.999984
5, 493,4,125.268547, 125.264709, 119.127350, 48.042625,16.071550, 188.814789, 1.000031
5, 493,5,132.582535, 132.590225, 119.127350, 48.042625,16.071550, 188.814789, 0.999942
5, 493,6,153.542694, 153.538147, 119.127350, 48.042625,16.071550, 188.814789, 1.000030
5, 493,7,80.022751, 80.015839, 119.127350, 48.042625,16.071550, 188.814789, 1.000086
5, 493,8,71.390785, 71.394577, 119.127350, 48.042625,16.071550, 188.814789, 0.999947
5, 493,9,171.871078, 171.877518, 119.127350, 48.042625,16.071550, 188.814789, 0.999963
5, 493,10,88.745644, 88.745079, 119.127350, 48.042625,16.071550, 188.814789, 1.000006
5, 493,11,125.767601, 125.759132, 119.127350, 48.042625,16.071550, 188.814789, 1.000067
5, 493,12,162.218979, 162.216248, 119.127350, 48.042625,16.071550, 188.814789, 1.000017
5, 493,13,55.119106, 55.106792, 119.127350, 48.042625,16.071550, 188.814789, 1.000223
5, 493,14,59.669106, 59.658958, 119.127350, 48.042625,16.071550, 188.814789, 1.000170
5, 493,15,157.131363, 157.118500, 119.127350, 48.042625,16.071550, 188.814789, 1.000082
5, 493,16,93.647163, 93.649597, 119.127350, 48.042625,16.071550, 188.814789, 0.999974
5, 493,17,52.241676, 52.248192, 119.127350, 48.042625,16.071550, 188.814789, 0.999875
5, 493,18,158.869156, 158.863205, 119.127350, 48.042625,16.071550, 188.814789, 1.000037
5, 493,19,75.370750, 75.367058, 119.127350, 48.042625,16.071550, 188.814789, 1.000049
5, 493,20,90.304680, 90.296570, 119.127350, 48.042625,16.071550, 188.814789, 1.000090
5, 493,21,169.753647, 169.763412, 119.127350, 48.042625,16.071550, 188.814789, 0.999942
5, 493,22,95.361481, 95.365898, 119.127350, 48.042625,16.071550, 188.814789, 0.999954
5, 493,23,171.636429, 171.638824, 119.127350, 48.042625,16.071550, 188.814789, 0.999986
5, 493,24,186.382172, 186.363754, 119.127350, 48.042625,16.071550, 188.814789, 1.000099
5, 493,25,96.354584, 96.349075, 119.127350, 48.042625,16.071550, 188.814789, 1.000057
5, 493,26,32.439930, 32.442574, 119.127350, 48.042625,16.071550, 188.814789, 0.999919
5, 493,27,126.412178, 126.407005, 119.127350, 48.042625,16.071550, 188.814789, 1.000041
5, 493,28,177.677628, 177.679962, 119.127350, 48.042625,16.071550, 188.814789, 0.999987
5, 493,29,115.084091, 115.074898, 119.127350, 48.042625,16.071550, 188.814789, 1.000080
5, 493,30,16.071550, 16.075237, 119.127350, 48.042625,16.071550, 188.814789, 0.999771
5, 493,31,188.814789, 188.813171, 119.127350, 48.042625,16.071550, 188.814789, 1.000009
5, 494,0,104.977394, 104.951546, 119.124458, 40.943645,30.176975, 181.868835, 1.000246
5, 494,1,30.176975, 30.175266, 119.124458, 40.943645,30.176975, 181.868835, 1.000057
5, 494,2,133.619339, 133.623627, 119.124458, 40.943645,30.176975, 181.868835, 0.999968
5, 494,3,134.180038, 134.185089, 119.124458, 40.943645,30.176975, 181.868835, 0.999962
5, 494,4,143.581985, 143.574905, 119.124458, 40.943645,30.176975, 181.868835, 1.000049
5, 494,5,141.971497, 141.976074, 119.124458, 40.943645,30.176975, 181.868835, 0.999968
5, 494,6,150.460953, 150.456848, 119.124458, 40.943645,30.176975, 181.868835, 1.000027
5, 494,7,126.567924, 126.549187, 119.124458, 40.943645,30.176975, 181.868835, 1.000148
5, 494,8,68.332695, 68.333412, 119.124458, 40.943645,30.176975, 181.868835, 0.999990
5, 494,9,45.108097, 45.104855, 119.124458, 40.943645,30.176975, 181.868835, 1.000072
5, 494,10,106.036705, 106.037048, 119.124458, 40.943645,30.176975, 181.868835, 0.999997
5, 494,11,92.112961, 92.096703, 119.124458, 40.943645,30.176975, 181.868835, 1.000177
5, 494,12,163.177734, 163.178024, 119.124458, 40.943645,30.176975, 181.868835, 0.999998
5, 494,13,94.476700, 94.460197, 119.124458, 40.943645,30.176975, 181.868835, 1.000175
5, 494,14,133.895004, 133.885651, 119.124458, 40.943645,30.176975, 181.868835, 1.000070
5, 494,15,153.280090, 153.290909, 119.124458, 40.943645,30.176975, 181.868835, 0.999929
5, 494,16,156.259628, 156.274689, 119.124458, 40.943645,30.176975, 181.868835, 0.999904
5, 494,17,30.378176, 30.383810, 119.124458, 40.943645,30.176975, 181.868835, 0.999815
5, 494,18,120.886215, 120.875725, 119.124458, 40.943645,30.176975, 181.868835, 1.000087
5, 494,19,84.193665, 84.214821, 119.124458, 40.943645,30.176975, 181.868835, 0.999749
5, 494,20,55.714939, 55.708500, 119.124458, 40.943645,30.176975, 181.868835, 1.000116
5, 494,21,172.962265, 172.963531, 119.124458, 40.943645,30.176975, 181.868835, 0.999993
5, 494,22,88.674988, 88.690491, 119.124458, 40.943645,30.176975, 181.868835, 0.999825
5, 494,23,115.599899, 115.597977, 119.124458, 40.943645,30.176975, 181.868835, 1.000017
5, 494,24,121.808769, 121.816856, 119.124458, 40.943645,30.176975, 181.868835, 0.999934
5, 494,25,125.269829, 125.260498, 119.124458, 40.943645,30.176975, 181.868835, 1.000075
5, 494,26,163.531906, 163.552338, 119.124458, 40.943645,30.176975, 181.868835, 0.999875
5, 494,27,171.392487, 171.402130, 119.124458, 40.943645,30.176975, 181.868835, 0.999944
5, 494,28,112.913406, 112.929688, 119.124458, 40.943645,30.176975, 181.868835, 0.999856
5, 494,29,181.868835, 181.866745, 119.124458, 40.943645,30.176975, 181.868835, 1.000011
5, 494,30,139.702759, 139.714172, 119.124458, 40.943645,30.176975, 181.868835, 0.999918
5, 494,31,148.868881, 148.868713, 119.124458, 40.943645,30.176975, 181.868835, 1.000001
5, 495,0,148.429764, 148.434036, 119.124123, 61.374760,10.812919, 205.594910, 0.999971
5, 495,1,42.200306, 42.195232, 119.124123, 61.374760,10.812919, 205.594910, 1.000120
5, 495,2,148.363495, 148.361023, 119.124123, 61.374760,10.812919, 205.594910, 1.000017
5, 495,3,97.204597, 97.218491, 119.124123, 61.374760,10.812919, 205.594910, 0.999857
5, 495,4,61.195827, 61.203377, 119.124123, 61.374760,10.812919, 205.594910, 0.999877
5, 495,5,195.234024, 195.233597, 119.124123, 61.374760,10.812919, 205.594910, 1.000002
5, 495,6,46.759212, 46.751106, 119.124123, 61.374760,10.812919, 205.594910, 1.000173
5, 495,7,32.179592, 32.183266, 119.124123, 61.374760,10.812919, 205.594910, 0.999886
5, 495,8,55.171513, 55.169430, 119.124123, 61.374760,10.812919, 205.594910, 1.000038
5, 495,9,164.659332, 164.650253, 119.124123, 61.374760,10.812919, 205.594910, 1.000055
5, 495,10,48.235310, 48.241344, 119.124123, 61.374760,10.812919, 205.594910, 0.999875
5, 495,11,10.812919, 10.808987, 119.124123, 61.374760,10.812919, 205.594910, 1.000364
5, 495,12,36.482357, 36.483665, 119.124123, 61.374760,10.812919, 205.594910, 0.999964
5, 495,13,72.511421, 72.510941, 119.124123, 61.374760,10.812919, 205.594910, 1.000007
5, 495,14,165.502365, 165.507889, 119.124123, 61.374760,10.812919, 205.594910, 0.999967
5, 495,15,154.017105, 154.011780, 119.124123, 61.374760,10.812919, 205.594910, 1.000035
5, 495,16,62.477203, 62.480724, 119.124123, 61.374760,10.812919, 205.594910, 0.999944
5, 495,17,180.518997, 180.525848, 119.124123, 61.374760,10.812919, 205.594910, 0.999962
5, 495,18,205.594910, 205.598358, 119.124123, 61.374760,10.812919, 205.594910, 0.999983
5, 495,19,160.936569, 160.933777, 119.124123, 61.374760,10.812919, 205.594910, 1.000017
5, 495,20,186.822693, 186.821350, 119.124123, 61.374760,10.812919, 205.594910, 1.000007
5, 495,21,183.835144, 183.828720, 119.124123, 61.374760,10.812919, 205.594910, 1.000035
5, 495,22,20.103811, 20.103209, 119.124123, 61.374760,10.812919, 205.594910, 1.000030
5, 495,23,177.951126, 177.940750, 119.124123, 61.374760,10.812919, 205.594910, 1.000058
5, 495,24,169.436707, 169.449448, 119.124123, 61.374760,10.812919, 205.594910, 0.999925
5, 495,25,105.830795, 105.831451, 119.124123, 61.374760,10.812919, 205.594910, 0.999994
5, 495,26,134.069427, 134.066910, 119.124123, 61.374760,10.812919, 205.594910, 1.000019
5, 495,27,132.630875, 132.649658, 119.124123, 61.374760,10.812919, 205.594910, 0.999858
5, 495,28,203.826706, 203.828323, 119.124123, 61.374760,10.812919, 205.594910, 0.999992
5, 495,29,134.709229, 134.705597, 119.124123, 61.374760,10.812919, 205.594910, 1.000027
5, 495,30,168.804565, 168.798584, 119.124123, 61.374760,10.812919, 205.594910, 1.000035
5, 495,31,105.464081, 105.472588, 119.124123, 61.374760,10.812919, 205.594910, 0.999919
5, 496,0,167.710159, 167.703918, 119.124329, 75.693123,10.263941, 275.444336, 1.000037
5, 496,1,37.626728, 37.618599, 119.124329, 75.693123,10.263941, 275.444336, 1.000216
5, 496,2,196.277252, 196.287399, 119.124329, 75.693123,10.263941, 275.444336, 0.999948
5, 496,3,31.236794, 31.235559, 119.124329, 75.693123,10.263941, 275.444336, 1.000039
5, 496,4,69.462196, 69.467812, 119.124329, 75.693123,10.263941, 275.444336, 0.999919
5, 496,5,32.808296, 32.818947, 119.124329, 75.693123,10.263941, 275.444336, 0.999675
5, 496,6,138.640411, 138.642136, 119.124329, 75.693123,10.263941, 275.444336, 0.999988
5, 496,7,89.379028, 89.375641, 119.124329, 75.693123,10.263941, 275.444336, 1.000038
5, 496,8,151.284393, 151.284515, 119.124329, 75.693123,10.263941, 275.444336, 0.999999
5, 496,9,93.793526, 93.787689, 119.124329, 75.693123,10.263941, 275.444336, 1.000062
5, 496,10,134.779221, 134.799118, 119.124329, 75.693123,10.263941, 275.444336, 0.999852
5, 496,11,51.930618, 51.926830, 119.124329, 75.693123,10.263941, 275.444336, 1.000073
5, 496,12,26.855106, 26.848251, 119.124329, 75.693123,10.263941, 275.444336, 1.000255
5, 496,13,166.727875, 166.739044, 119.124329, 75.693123,10.263941, 275.444336, 0.999933
5, 496,14,65.973244, 65.979408, 119.124329, 75.693123,10.263941, 275.444336, 0.999907
5, 496,15,169.812943, 169.815125, 119.124329, 75.693123,10.263941, 275.444336, 0.999987
5, 496,16,205.453033, 205.457855, 119.124329, 75.693123,10.263941, 275.444336, 0.999977
5, 496,17,207.001511, 206.991776, 119.124329, 75.693123,10.263941, 275.444336, 1.000047
5, 496,18,75.341766, 75.347794, 119.124329, 75.693123,10.263941, 275.444336, 0.999920
5, 496,19,121.317184, 121.323814, 119.124329, 75.693123,10.263941, 275.444336, 0.999945
5, 496,20,112.867882, 112.854332, 119.124329, 75.693123,10.263941, 275.444336, 1.000120
5, 496,21,205.230698, 205.226959, 119.124329, 75.693123,10.263941, 275.444336, 1.000018
5, 496,22,117.600861, 117.604500, 119.124329, 75.693123,10.263941, 275.444336, 0.999969
5, 496,23,126.931595, 126.923401, 119.124329, 75.693123,10.263941, 275.444336, 1.000065
5, 496,24,49.881584, 49.889866, 119.124329, 75.693123,10.263941, 275.444336, 0.999834
5, 496,25,20.107754, 20.118847, 119.124329, 75.693123,10.263941, 275.444336, 0.999449
5, 496,26,89.643440, 89.639534, 119.124329, 75.693123,10.263941, 275.444336, 1.000044
5, 496,27,50.641506, 50.640324, 119.124329, 75.693123,10.263941, 275.444336, 1.000023
5, 496,28,274.198059, 274.203369, 119.124329, 75.693123,10.263941, 275.444336, 0.999981
5, 496,29,275.444336, 275.432129, 119.124329, 75.693123,10.263941, 275.444336, 1.000044
5, 496,30,10.263941, 10.263898, 119.124329, 75.693123,10.263941, 275.444336, 1.000004
5, 496,31,245.755463, 245.751816, 119.124329, 75.693123,10.263941, 275.444336, 1.000015
5, 497,0,212.460297, 212.471954, 119.122536, 62.957783,10.021652, 212.460297, 0.999945
5, 497,1,35.243336, 35.231819, 119.122536, 62.957783,10.021652, 212.460297, 1.000327
5, 497,2,103.479393, 103.483955, 119.122536, 62.957783,10.021652, 212.460297, 0.999956
5, 497,3,168.972076, 168.971420, 119.122536, 62.957783,10.021652, 212.460297, 1.000004
5, 497,4,161.837341, 161.850540, 119.122536, 62.957783,10.021652, 212.460297, 0.999918
5, 497,5,99.327965, 99.340393, 119.122536, 62.957783,10.021652, 212.460297, 0.999875
5, 497,6,97.605156, 97.604759, 119.122536, 62.957783,10.021652, 212.460297, 1.000004
5, 497,7,82.608856, 82.615227, 119.122536, 62.957783,10.021652, 212.460297, 0.999923
5, 497,8,41.401623, 41.405998, 119.122536, 62.957783,10.021652, 212.460297, 0.999894
5, 497,9,77.014847, 77.024155, 119.122536, 62.957783,10.021652, 212.460297, 0.999879
5, 497,10,37.399212, 37.399639, 119.122536, 62.957783,10.021652, 212.460297, 0.999989
5, 497,11,207.834351, 207.834457, 119.122536, 62.957783,10.021652, 212.460297, 0.999999
5, 497,12,18.516743, 18.513508, 119.122536, 62.957783,10.021652, 212.460297, 1.000175
5, 497,13,101.145157, 101.158340, 119.122536, 62.957783,10.021652, 212.460297, 0.999870
5, 497,14,204.453735, 204.452377, 119.122536, 62.957783,10.021652, 212.460297, 1.000007
5, 497,15,19.624079, 19.624861, 119.122536, 62.957783,10.021652, 212.460297, 0.999960
5, 497,16,147.009964, 147.005066, 119.122536, 62.957783,10.021652, 212.460297, 1.000033
5, 497,17,190.338013, 190.340958, 119.122536, 62.957783,10.021652, 212.460297, 0.999985
5, 497,18,114.999123, 115.009087, 119.122536, 62.957783,10.021652, 212.460297, 0.999913
5, 497,19,117.610870, 117.595383, 119.122536, 62.957783,10.021652, 212.460297, 1.000132
5, 497,20,171.413025, 171.413651, 119.122536, 62.957783,10.021652, 212.460297, 0.999996
5, 497,21,189.980331, 189.977356, 119.122536, 62.957783,10.021652, 212.460297, 1.000016
5, 497,22,185.996689, 185.984726, 119.122536, 62.957783,10.021652, 212.460297, 1.000064
5, 497,23,178.403152, 178.404205, 119.122536, 62.957783,10.021652, 212.460297, 0.999994
5, 497,24,190.360352, 190.368393, 119.122536, 62.957783,10.021652, 212.460297, 0.999958
5, 497,25,58.005184, 58.028267, 119.122536, 62.957783,10.021652, 212.460297, 0.999602
5, 497,26,119.054276, 119.049744, 119.122536, 62.957783,10.021652, 212.460297, 1.000038
5, 497,27,10.021652, 10.027441, 119.122536, 62.957783,10.021652, 212.460297, 0.999423
5, 497,28,106.973557, 106.975800, 119.122536, 62.957783,10.021652, 212.460297, 0.999979
5, 497,29,193.314102, 193.325150, 119.122536, 62.957783,10.021652, 212.460297, 0.999943
5, 497,30,79.327797, 79.315468, 119.122536, 62.957783,10.021652, 212.460297, 1.000155
5, 497,31,90.188850, 90.195740, 119.122536, 62.957783,10.021652, 212.460297, 0.999924
5, 498,0,174.846924, 174.843948, 119.125816, 61.127876,13.715881, 214.425949, 1.000017
5, 498,1,42.803017, 42.799686, 119.125816, 61.127876,13.715881, 214.425949, 1.000078
5, 498,2,66.489716, 66.481209, 119.125816, 61.127876,13.715881, 214.425949, 1.000128
5, 498,3,105.337387, 105.328094, 119.125816, 61.127876,13.715881, 214.425949, 1.000088
5, 498,4,132.605225, 132.608185, 119.125816, 61.127876,13.715881, 214.425949, 0.999978
5, 498,5,82.817894, 82.816788, 119.125816, 61.127876,13.715881, 214.425949, 1.000013
5, 498,6,186.158203, 186.153717, 119.125816, 61.127876,13.715881, 214.425949, 1.000024
5, 498,7,196.421860, 196.421799, 119.125816, 61.127876,13.715881, 214.425949, 1.000000
5, 498,8,99.058495, 99.050903, 119.125816, 61.127876,13.715881, 214.425949, 1.000077
5, 498,9,13.715881, 13.727083, 119.125816, 61.127876,13.715881, 214.425949, 0.999184
5, 498,10,141.238052, 141.259613, 119.125816, 61.127876,13.715881, 214.425949, 0.999847
5, 498,11,47.326431, 47.318180, 119.125816, 61.127876,13.715881, 214.425949, 1.000174
5, 498,12,85.558609, 85.569824, 119.125816, 61.127876,13.715881, 214.425949, 0.999869
5, 498,13,53.365623, 53.358627, 119.125816, 61.127876,13.715881, 214.425949, 1.000131
5, 498,14,184.502045, 184.503250, 119.125816, 61.127876,13.715881, 214.425949, 0.999993
5, 498,15,60.201450, 60.190487, 119.125816, 61.127876,13.715881, 214.425949, 1.000182
5, 498,16,170.233505, 170.230759, 119.125816, 61.127876,13.715881, 214.425949, 1.000016
5, 498,17,214.425949, 214.428131, 119.125816, 61.127876,13.715881, 214.425949, 0.999990
5, 498,18,91.254562, 91.244995, 119.125816, 61.127876,13.715881, 214.425949, 1.000105
5, 498,19,27.656610, 27.668135, 119.125816, 61.127876,13.715881, 214.425949, 0.999583
5, 498,20,183.424271, 183.441284, 119.125816, 61.127876,13.715881, 214.425949, 0.999907
5, 498,21,166.821686, 166.814835, 119.125816, 61.127876,13.715881, 214.425949, 1.000041
5, 498,22,154.565979, 154.558075, 119.125816, 61.127876,13.715881, 214.425949, 1.000051
5, 498,23,165.045868, 165.042603, 119.125816, 61.127876,13.715881, 214.425949, 1.000020
5, 498,24,74.705528, 74.692963, 119.125816, 61.127876,13.715881, 214.425949, 1.000168
5, 498,25,159.996368, 159.996490, 119.125816, 61.127876,13.715881, 214.425949, 0.999999
5, 498,26,107.960152, 107.959381, 119.125816, 61.127876,13.715881, 214.425949, 1.000007
5, 498,27,158.429871, 158.427200, 119.125816, 61.127876,13.715881, 214.425949, 1.000017
5, 498,28,25.132767, 25.138317, 119.125816, 61.127876,13.715881, 214.425949, 0.999779
5, 498,29,48.039886, 48.041954, 119.125816, 61.127876,13.715881, 214.425949, 0.999957
5, 498,30,194.073090, 194.067856, 119.125816, 61.127876,13.715881, 214.425949, 1.000027
5, 498,31,197.813156, 197.815231, 119.125816, 61.127876,13.715881, 214.425949, 0.999990
5, 499,0,144.795273, 144.782944, 119.125755, 61.313675,14.559549, 217.390488, 1.000085
5, 499,1,216.904861, 216.898773, 119.125755, 61.313675,14.559549, 217.390488, 1.000028
5, 499,2,63.227936, 63.218353, 119.125755, 61.313675,14.559549, 217.390488, 1.000152
5, 499,3,94.162849, 94.165146, 119.125755, 61.313675,14.559549, 217.390488, 0.999976
5, 499,4,160.589508, 160.599747, 119.125755, 61.313675,14.559549, 217.390488, 0.999936
5, 499,5,145.286209, 145.289719, 119.125755, 61.313675,14.559549, 217.390488, 0.999976
5, 499,6,166.621429, 166.627731, 119.125755, 61.313675,14.559549, 217.390488, 0.999962
5, 499,7,14.559549, 14.567670, 119.125755, 61.313675,14.559549, 217.390488, 0.999443
5, 499,8,18.665850, 18.668571, 119.125755, 61.313675,14.559549, 217.390488, 0.999854
5, 499,9,124.468506, 124.471802, 119.125755, 61.313675,14.559549, 217.390488, 0.999974
5, 499,10,217.390488, 217.398880, 119.125755, 61.313675,14.559549, 217.390488, 0.999961
5, 499,11,18.918474, 18.901955, 119.125755, 61.313675,14.559549, 217.390488, 1.000874
5, 499,12,44.821861, 44.814312, 119.125755, 61.313675,14.559549, 217.390488, 1.000168
5, 499,13,149.204376, 149.197235, 119.125755, 61.313675,14.559549, 217.390488, 1.000048
5, 499,14,45.770744, 45.761189, 119.125755, 61.313675,14.559549, 217.390488, 1.000209
5, 499,15,189.862335, 189.859497, 119.125755, 61.313675,14.559549, 217.390488, 1.000015
5, 499,16,69.172348, 69.179665, 119.125755, 61.313675,14.559549, 217.390488, 0.999894
5, 499,17,166.740707, 166.734421, 119.125755, 61.313675,14.559549, 217.390488, 1.000038
5, 499,18,76.773796, 76.767998, 119.125755, 61.313675,14.559549, 217.390488, 1.000076
5, 499,19,90.551292, 90.557693, 119.125755, 61.313675,14.559549, 217.390488, 0.999929
5, 499,20,89.369591, 89.377434, 119.125755, 61.313675,14.559549, 217.390488, 0.999912
5, 499,21,81.046570, 81.035606, 119.125755, 61.313675,14.559549, 217.390488, 1.000135
5, 499,22,143.266586, 143.282593, 119.125755, 61.313675,14.559549, 217.390488, 0.999888
5, 499,23,167.846756, 167.848007, 119.125755, 61.313675,14.559549, 217.390488, 0.999993
5, 499,24,130.154694, 130.159729, 119.125755, 61.313675,14.559549, 217.390488, 0.999961
5, 499,25,201.204544, 201.208664, 119.125755, 61.313675,14.559549, 217.390488, 0.999979
5, 499,26,25.239471, 25.243349, 119.125755, 61.313675,14.559549, 217.390488, 0.999846
5, 499,27,161.945313, 161.933380, 119.125755, 61.313675,14.559549, 217.390488, 1.000074
5, 499,28,125.625992, 125.625404, 119.125755, 61.313675,14.559549, 217.390488, 1.000005
5, 499,29,92.577507, 92.584801, 119.125755, 61.313675,14.559549, 217.390488, 0.999921
5, 499,30,192.470413, 192.466751, 119.125755, 61.313675,14.559549, 217.390488, 1.000019
5, 499,31,182.788315, 182.771271, 119.125755, 61.313675,14.559549, 217.390488, 1.000093
5, 500,0,106.259689, 106.274651, 119.122704, 66.123810,16.221621, 217.850998, 0.999859
5, 500,1,16.221621, 16.231302, 119.122704, 66.123810,16.221621, 217.850998, 0.999404
5, 500,2,26.928669, 26.939861, 119.122704, 66.123810,16.221621, 217.850998, 0.999585
5, 500,3,175.895462, 175.883698, 119.122704, 66.123810,16.221621, 217.850998, 1.000067
5, 500,4,194.762390, 194.761871, 119.122704, 66.123810,16.221621, 217.850998, 1.000003
5, 500,5,75.327545, 75.322884, 119.122704, 66.123810,16.221621, 217.850998, 1.000062
5, 500,6,85.538414, 85.546867, 119.122704, 66.123810,16.221621, 217.850998, 0.999901
5, 500,7,136.790375, 136.789597, 119.122704, 66.123810,16.221621, 217.850998, 1.000006
5, 500,8,52.580643, 52.581707, 119.122704, 66.123810,16.221621, 217.850998, 0.999980
5, 500,9,157.264755, 157.271683, 119.122704, 66.123810,16.221621, 217.850998, 0.999956
5, 500,10,216.992569, 216.991180, 119.122704, 66.123810,16.221621, 217.850998, 1.000006
5, 500,11,132.833328, 132.824219, 119.122704, 66.123810,16.221621, 217.850998, 1.000069
5, 500,12,141.290344, 141.287354, 119.122704, 66.123810,16.221621, 217.850998, 1.000021
5, 500,13,166.076996, 166.082870, 119.122704, 66.123810,16.221621, 217.850998, 0.999965
5, 500,14,86.054085, 86.058739, 119.122704, 66.123810,16.221621, 217.850998, 0.999946
5, 500,15,20.083530, 20.094301, 119.122704, 66.123810,16.221621, 217.850998, 0.999464
5, 500,16,203.855835, 203.866547, 119.122704, 66.123810,16.221621, 217.850998, 0.999947
5, 500,17,143.436386, 143.450897, 119.122704, 66.123810,16.221621, 217.850998, 0.999899
5, 500,18,78.403503, 78.407822, 119.122704, 66.123810,16.221621, 217.850998, 0.999945
5, 500,19,128.604507, 128.613159, 119.122704, 66.123810,16.221621, 217.850998, 0.999933
5, 500,20,44.881222, 44.883007, 119.122704, 66.123810,16.221621, 217.850998, 0.999960
5, 500,21,192.691345, 192.680222, 119.122704, 66.123810,16.221621, 217.850998, 1.000058
5, 500,22,103.072220, 103.080505, 119.122704, 66.123810,16.221621, 217.850998, 0.999920
5, 500,23,186.215683, 186.210037, 119.122704, 66.123810,16.221621, 217.850998, 1.000030
5, 500,24,214.987045, 214.998245, 119.122704, 66.123810,16.221621, 217.850998, 0.999948
5, 500,25,18.626549, 18.620083, 119.122704, 66.123810,16.221621, 217.850998, 1.000347
5, 500,26,217.850998, 217.851151, 119.122704, 66.123810,16.221621, 217.850998, 0.999999
5, 500,27,154.231323, 154.227707, 119.122704, 66.123810,16.221621, 217.850998, 1.000023
5, 500,28,90.793015, 90.781708, 119.122704, 66.123810,16.221621, 217.850998, 1.000125
5, 500,29,19.643854, 19.650669, 119.122704, 66.123810,16.221621, 217.850998, 0.999653
5, 500,30,176.919785, 176.914276, 119.122704, 66.123810,16.221621, 217.850998, 1.000031
5, 500,31,46.813305, 46.821335, 119.122704, 66.123810,16.221621, 217.850998, 0.999829
5, 501,0,119.058578, 119.063377, 119.126472, 66.184517,13.862906, 226.678268, 0.999960
5, 501,1,160.320877, 160.315704, 119.126472, 66.184517,13.862906, 226.678268, 1.000032
5, 501,2,32.022377, 32.010536, 119.126472, 66.184517,13.862906, 226.678268, 1.000370
5, 501,3,162.315506, 162.320877, 119.126472, 66.184517,13.862906, 226.678268, 0.999967
5, 501,4,143.279922, 143.278290, 119.126472, 66.184517,13.862906, 226.678268, 1.000011
5, 501,5,151.678421, 151.684113, 119.126472, 66.184517,13.862906, 226.678268, 0.999962
5, 501,6,226.678268, 226.659378, 119.126472, 66.184517,13.862906, 226.678268, 1.000083
5, 501,7,165.489243, 165.494644, 119.126472, 66.184517,13.862906, 226.678268, 0.999967
5, 501,8,96.405930, 96.408791, 119.126472, 66.184517,13.862906, 226.678268, 0.999970
5, 501,9,18.929445, 18.923729, 119.126472, 66.184517,13.862906, 226.678268, 1.000302
5, 501,10,208.027054, 208.021805, 119.126472, 66.184517,13.862906, 226.678268, 1.000025
5, 501,11,179.063599, 179.052872, 119.126472, 66.184517,13.862906, 226.678268, 1.000060
5, 501,12,145.802582, 145.814636, 119.126472, 66.184517,13.862906, 226.678268, 0.999917
5, 501,13,146.507339, 146.505173, 119.126472, 66.184517,13.862906, 226.678268, 1.000015
5, 501,14,188.151718, 188.135956, 119.126472, 66.184517,13.862906, 226.678268, 1.000084
5, 501,15,148.318558, 148.324448, 119.126472, 66.184517,13.862906, 226.678268, 0.999960
5, 501,16,125.454941, 125.450745, 119.126472, 66.184517,13.862906, 226.678268, 1.000033
5, 501,17,173.425354, 173.435715, 119.126472, 66.184517,13.862906, 226.678268, 0.999940
5, 501,18,19.887150, 19.886482, 119.126472, 66.184517,13.862906, 226.678268, 1.000034
5, 501,19,179.892334, 179.896118, 119.126472, 66.184517,13.862906, 226.678268, 0.999979
5, 501,20,175.863922, 175.865829, 119.126472, 66.184517,13.862906, 226.678268, 0.999989
5, 501,21,146.464890, 146.458694, 119.126472, 66.184517,13.862906, 226.678268, 1.000042
5, 501,22,224.766998, 224.767059, 119.126472, 66.184517,13.862906, 226.678268, 1.000000
5, 501,23,96.418617, 96.415428, 119.126472, 66.184517,13.862906, 226.678268, 1.000033
5, 501,24,40.107800, 40.097664, 119.126472, 66.184517,13.862906, 226.678268, 1.000253
5, 501,25,48.718811, 48.735889, 119.126472, 66.184517,13.862906, 226.678268, 0.999650
5, 501,26,61.736229, 61.736382, 119.126472, 66.184517,13.862906, 226.678268, 0.999998
5, 501,27,35.483028, 35.476448, 119.126472, 66.184517,13.862906, 226.678268, 1.000185
5, 501,28,13.862906, 13.857654, 119.126472, 66.184517,13.862906, 226.678268, 1.000379
5, 501,29,22.428988, 22.422840, 119.126472, 66.184517,13.862906, 226.678268, 1.000274
5, 501,30,41.446659, 41.445522, 119.126472, 66.184517,13.862906, 226.678268, 1.000027
5, 501,31,114.039047, 114.037132, 119.126472, 66.184517,13.862906, 226.678268, 1.000017
5, 502,0,125.541481, 125.531105, 119.125359, 59.655426,13.622481, 210.052582, 1.000083
5, 502,1,13.622481, 13.614338, 119.125359, 59.655426,13.622481, 210.052582, 1.000598
5, 502,2,78.227867, 78.212646, 119.125359, 59.655426,13.622481, 210.052582, 1.000195
5, 502,3,112.957787, 112.957542, 119.125359, 59.655426,13.622481, 210.052582, 1.000002
5, 502,4,136.273071, 136.271942, 119.125359, 59.655426,13.622481, 210.052582, 1.000008
5, 502,5,68.952339, 68.959686, 119.125359, 59.655426,13.622481, 210.052582, 0.999893
5, 502,6,48.754921, 48.767925, 119.125359, 59.655426,13.622481, 210.052582, 0.999733
5, 502,7,58.348686, 58.352943, 119.125359, 59.655426,13.622481, 210.052582, 0.999927
5, 502,8,137.521164, 137.523560, 119.125359, 59.655426,13.622481, 210.052582, 0.999983
5, 502,9,25.274687, 25.281113, 119.125359, 59.655426,13.622481, 210.052582, 0.999746
5, 502,10,208.402130, 208.411819, 119.125359, 59.655426,13.622481, 210.052582, 0.999954
5, 502,11,185.495010, 185.493332, 119.125359, 59.655426,13.622481, 210.052582, 1.000009
5, 502,12,47.139088, 47.139561, 119.125359, 59.655426,13.622481, 210.052582, 0.999990
5, 502,13,210.052582, 210.059357, 119.125359, 59.655426,13.622481, 210.052582, 0.999968
5, 502,14,64.012474, 64.010727, 119.125359, 59.655426,13.622481, 210.052582, 1.000027
5, 502,15,191.996170, 191.994034, 119.125359, 59.655426,13.622481, 210.052582, 1.000011
5, 502,16,154.034409, 154.024338, 119.125359, 59.655426,13.622481, 210.052582, 1.000065
5, 502,17,41.933834, 41.935165, 119.125359, 59.655426,13.622481, 210.052582, 0.999968
5, 502,18,189.645065, 189.650482, 119.125359, 59.655426,13.622481, 210.052582, 0.999971
5, 502,19,86.893257, 86.890884, 119.125359, 59.655426,13.622481, 210.052582, 1.000027
5, 502,20,154.482864, 154.490509, 119.125359, 59.655426,13.622481, 210.052582, 0.999951
5, 502,21,110.889282, 110.869400, 119.125359, 59.655426,13.622481, 210.052582, 1.000179
5, 502,22,92.703835, 92.708313, 119.125359, 59.655426,13.622481, 210.052582, 0.999952
5, 502,23,131.923615, 131.929626, 119.125359, 59.655426,13.622481, 210.052582, 0.999954
5, 502,24,86.919579, 86.922813, 119.125359, 59.655426,13.622481, 210.052582, 0.999963
5, 502,25,27.940989, 27.956747, 119.125359, 59.655426,13.622481, 210.052582, 0.999436
5, 502,26,191.722000, 191.693924, 119.125359, 59.655426,13.622481, 210.052582, 1.000147
5, 502,27,165.285492, 165.295197, 119.125359, 59.655426,13.622481, 210.052582, 0.999941
5, 502,28,189.622925, 189.618561, 119.125359, 59.655426,13.622481, 210.052582, 1.000023
5, 502,29,133.660080, 133.653778, 119.125359, 59.655426,13.622481, 210.052582, 1.000047
5, 502,30,170.325821, 170.327164, 119.125359, 59.655426,13.622481, 210.052582, 0.999992
5, 502,31,171.456528, 171.451065, 119.125359, 59.655426,13.622481, 210.052582, 1.000032
5, 503,0,176.599991, 176.602921, 119.123444, 62.331261,21.741610, 229.298828, 0.999983
5, 503,1,213.405975, 213.420334, 119.123444, 62.331261,21.741610, 229.298828, 0.999933
5, 503,2,106.502769, 106.502037, 119.123444, 62.331261,21.741610, 229.298828, 1.000007
5, 503,3,99.003998, 99.005768, 119.123444, 62.331261,21.741610, 229.298828, 0.999982
5, 503,4,70.814804, 70.812637, 119.123444, 62.331261,21.741610, 229.298828, 1.000031
5, 503,5,21.741610, 21.744164, 119.123444, 62.331261,21.741610, 229.298828, 0.999883
5, 503,6,140.242371, 140.256699, 119.123444, 62.331261,21.741610, 229.298828, 0.999898
5, 503,7,106.877602, 106.887558, 119.123444, 62.331261,21.741610, 229.298828, 0.999907
5, 503,8,52.776974, 52.793018, 119.123444, 62.331261,21.741610, 229.298828, 0.999696
5, 503,9,229.298828, 229.305298, 119.123444, 62.331261,21.741610, 229.298828, 0.999972
5, 503,10,183.370377, 183.370972, 119.123444, 62.331261,21.741610, 229.298828, 0.999997
5, 503,11,215.860077, 215.854843, 119.123444, 62.331261,21.741610, 229.298828, 1.000024
5, 503,12,23.916239, 23.921652, 119.123444, 62.331261,21.741610, 229.298828, 0.999774
5, 503,13,125.961449, 125.963799, 119.123444, 62.331261,21.741610, 229.298828, 0.999981
5, 503,14,120.591217, 120.616447, 119.123444, 62.331261,21.741610, 229.298828, 0.999791
5, 503,15,139.353271, 139.357147, 119.123444, 62.331261,21.741610, 229.298828, 0.999972
5, 503,16,50.258213, 50.258560, 119.123444, 62.331261,21.741610, 229.298828, 0.999993
5, 503,17,139.653656, 139.649857, 119.123444, 62.331261,21.741610, 229.298828, 1.000027
5, 503,18,182.090393, 182.093048, 119.123444, 62.331261,21.741610, 229.298828, 0.999985
5, 503,19,143.056610, 143.055298, 119.123444, 62.331261,21.741610, 229.298828, 1.000009
5, 503,20,92.980972, 92.980186, 119.123444, 62.331261,21.741610, 229.298828, 1.000008
5, 503,21,100.905823, 100.883400, 119.123444, 62.331261,21.741610, 229.298828, 1.000222
5, 503,22,213.379181, 213.377487, 119.123444, 62.331261,21.741610, 229.298828, 1.000008
5, 503,23,222.463272, 222.465836, 119.123444, 62.331261,21.741610, 229.298828, 0.999988
5, 503,24,48.213985, 48.202438, 119.123444, 62.331261,21.741610, 229.298828, 1.000240
5, 503,25,88.464554, 88.453865, 119.123444, 62.331261,21.741610, 229.298828, 1.000121
5, 503,26,91.987709, 91.994965, 119.123444, 62.331261,21.741610, 229.298828, 0.999921
5, 503,27,52.435638, 52.436054, 119.123444, 62.331261,21.741610, 229.298828, 0.999992
5, 503,28,44.861504, 44.868385, 119.123444, 62.331261,21.741610, 229.298828, 0.999847
5, 503,29,32.711838, 32.710144, 119.123444, 62.331261,21.741610, 229.298828, 1.000052
5, 503,30,127.967598, 127.962791, 119.123444, 62.331261,21.741610, 229.298828, 1.000038
5, 503,31,154.201630, 154.192627, 119.123444, 62.331261,21.741610, 229.298828, 1.000058
5, 504,0,129.006393, 129.010254, 119.124146, 70.193802,15.196315, 237.817947, 0.999970
5, 504,1,215.288055, 215.300568, 119.124146, 70.193802,15.196315, 237.817947, 0.999942
5, 504,2,166.429626, 166.431519, 119.124146, 70.193802,15.196315, 237.817947, 0.999989
5, 504,3,161.876190, 161.877731, 119.124146, 70.193802,15.196315, 237.817947, 0.999990
5, 504,4,228.643082, 228.645721, 119.124146, 70.193802,15.196315, 237.817947, 0.999988
5, 504,5,34.003246, 34.005844, 119.124146, 70.193802,15.196315, 237.817947, 0.999924
5, 504,6,221.215775, 221.217712, 119.124146, 70.193802,15.196315, 237.817947, 0.999991
5, 504,7,31.474985, 31.482983, 119.124146, 70.193802,15.196315, 237.817947, 0.999746
5, 504,8,212.545792, 212.545792, 119.124146, 70.193802,15.196315, 237.817947, 1.000000
5, 504,9,147.782562, 147.773590, 119.124146, 70.193802,15.196315, 237.817947, 1.000061
5, 504,10,158.882263, 158.876999, 119.124146, 70.193802,15.196315, 237.817947, 1.000033
5, 504,11,27.908730, 27.913027, 119.124146, 70.193802,15.196315, 237.817947, 0.999846
5, 504,12,237.817947, 237.816605, 119.124146, 70.193802,15.196315, 237.817947, 1.000006
5, 504,13,88.127831, 88.124405, 119.124146, 70.193802,15.196315, 237.817947, 1.000039
5, 504,14,109.920296, 109.916595, 119.124146, 70.193802,15.196315, 237.817947, 1.000034
5, 504,15,15.196315, 15.193302, 119.124146, 70.193802,15.196315, 237.817947, 1.000198
5, 504,16,60.774944, 60.773487, 119.124146, 70.193802,15.196315, 237.817947, 1.000024
5, 504,17,122.923004, 122.924438, 119.124146, 70.193802,15.196315, 237.817947, 0.999988
5, 504,18,84.486862, 84.484177, 119.124146, 70.193802,15.196315, 237.817947, 1.000032
5, 504,19,169.938141, 169.924179, 119.124146, 70.193802,15.196315, 237.817947, 1.000082
5, 504,20,27.390482, 27.392994, 119.124146, 70.193802,15.196315, 237.817947, 0.999908
5, 504,21,156.184799, 156.192490, 119.124146, 70.193802,15.196315, 237.817947, 0.999951
5, 504,22,192.933502, 192.939163, 119.124146, 70.193802,15.196315, 237.817947, 0.999971
5, 504,23,117.908554, 117.913864, 119.124146, 70.193802,15.196315, 237.817947, 0.999955
5, 504,24,122.950951, 122.945526, 119.124146, 70.193802,15.196315, 237.817947, 1.000044
5, 504,25,74.796387, 74.800316, 119.124146, 70.193802,15.196315, 237.817947, 0.999947
5, 504,26,210.370926, 210.367279, 119.124146, 70.193802,15.196315, 237.817947, 1.000017
5, 504,27,39.346474, 39.346725, 119.124146, 70.193802,15.196315, 237.817947, 0.999994
5, 504,28,24.220034, 24.230629, 119.124146, 70.193802,15.196315, 237.817947, 0.999563
5, 504,29,81.187004, 81.188293, 119.124146, 70.193802,15.196315, 237.817947, 0.999984
5, 504,30,103.866791, 103.872963, 119.124146, 70.193802,15.196315, 237.817947, 0.999941
5, 504,31,36.574936, 36.570869, 119.124146, 70.193802,15.196315, 237.817947, 1.000111
5, 505,0,188.087784, 188.081497, 119.123611, 58.502403,21.750685, 195.562759, 1.000033
5, 505,1,109.720093, 109.721809, 119.123611, 58.502403,21.750685, 195.562759, 0.999984
5, 505,2,29.891102, 29.883291, 119.123611, 58.502403,21.750685, 195.562759, 1.000261
5, 505,3,138.449509, 138.448105, 119.123611, 58.502403,21.750685, 195.562759, 1.000010
5, 505,4,195.562759, 195.553436, 119.123611, 58.502403,21.750685, 195.562759, 1.000048
5, 505,5,181.229584, 181.232208, 119.123611, 58.502403,21.750685, 195.562759, 0.999986
5, 505,6,55.071522, 55.077179, 119.123611, 58.502403,21.750685, 195.562759, 0.999897
5, 505,7,133.405380, 133.418915, 119.123611, 58.502403,21.750685, 195.562759, 0.999899
5, 505,8,180.213104, 180.220383, 119.123611, 58.502403,21.750685, 195.562759, 0.999960
5, 505,9,167.143265, 167.150452, 119.123611, 58.502403,21.750685, 195.562759, 0.999957
5, 505,10,143.088486, 143.082153, 119.123611, 58.502403,21.750685, 195.562759, 1.000044
5, 505,11,135.662415, 135.664093, 119.123611, 58.502403,21.750685, 195.562759, 0.999988
5, 505,12,126.154991, 126.162491, 119.123611, 58.502403,21.750685, 195.562759, 0.999941
5, 505,13,178.930084, 178.927170, 119.123611, 58.502403,21.750685, 195.562759, 1.000016
5, 505,14,62.680996, 62.674862, 119.123611, 58.502403,21.750685, 195.562759, 1.000098
5, 505,15,38.822815, 38.828079, 119.123611, 58.502403,21.750685, 195.562759, 0.999864
5, 505,16,103.851151, 103.842438, 119.123611, 58.502403,21.750685, 195.562759, 1.000084
5, 505,17,64.304901, 64.303360, 119.123611, 58.502403,21.750685, 195.562759, 1.000024
5, 505,18,191.450912, 191.464233, 119.123611, 58.502403,21.750685, 195.562759, 0.999930
5, 505,19,26.828470, 26.835840, 119.123611, 58.502403,21.750685, 195.562759, 0.999725
5, 505,20,25.655037, 25.656372, 119.123611, 58.502403,21.750685, 195.562759, 0.999948
5, 505,21,165.103745, 165.120819, 119.123611, 58.502403,21.750685, 195.562759, 0.999897
5, 505,22,149.642120, 149.644058, 119.123611, 58.502403,21.750685, 195.562759, 0.999987
5, 505,23,184.657684, 184.650864, 119.123611, 58.502403,21.750685, 195.562759, 1.000037
5, 505,24,151.349823, 151.356384, 119.123611, 58.502403,21.750685, 195.562759, 0.999957
5, 505,25,21.750685, 21.758743, 119.123611, 58.502403,21.750685, 195.562759, 0.999630
5, 505,26,62.807713, 62.812565, 119.123611, 58.502403,21.750685, 195.562759, 0.999923
5, 505,27,69.683464, 69.679817, 119.123611, 58.502403,21.750685, 195.562759, 1.000052
5, 505,28,142.440414, 142.429565, 119.123611, 58.502403,21.750685, 195.562759, 1.000076
5, 505,29,57.492752, 57.484009, 119.123611, 58.502403,21.750685, 195.562759, 1.000152
5, 505,30,143.757629, 143.758698, 119.123611, 58.502403,21.750685, 195.562759, 0.999993
5, 505,31,187.065460, 187.075668, 119.123611, 58.502403,21.750685, 195.562759, 0.999945
5, 506,0,63.369835, 63.366550, 119.126244, 66.677803,12.383375, 238.508163, 1.000052
5, 506,1,222.341400, 222.339661, 119.126244, 66.677803,12.383375, 238.508163, 1.000008
5, 506,2,81.011803, 80.999130, 119.126244, 66.677803,12.383375, 238.508163, 1.000156
5, 506,3,175.700317, 175.711273, 119.126244, 66.677803,12.383375, 238.508163, 0.999938
5, 506,4,108.310791, 108.308640, 119.126244, 66.677803,12.383375, 238.508163, 1.000020
5, 506,5,25.149324, 25.162621, 119.126244, 66.677803,12.383375, 238.508163, 0.999472
5, 506,6,150.716034, 150.724792, 119.126244, 66.677803,12.383375, 238.508163, 0.999942
5, 506,7,219.397644, 219.414902, 119.126244, 66.677803,12.383375, 238.508163, 0.999921
5, 506,8,175.443207, 175.438400, 119.126244, 66.677803,12.383375, 238.508163, 1.000027
5, 506,9,26.557901, 26.548038, 119.126244, 66.677803,12.383375, 238.508163, 1.000371
5, 506,10,126.197945, 126.193115, 119.126244, 66.677803,12.383375, 238.508163, 1.000038
5, 506,11,195.161636, 195.163086, 119.126244, 66.677803,12.383375, 238.508163, 0.999993
5, 506,12,101.567680, 101.577477, 119.126244, 66.677803,12.383375, 238.508163, 0.999904
5, 506,13,174.307266, 174.304886, 119.126244, 66.677803,12.383375, 238.508163, 1.000014
5, 506,14,69.615593, 69.628914, 119.126244, 66.677803,12.383375, 238.508163, 0.999809
5, 506,15,84.712372, 84.700577, 119.126244, 66.677803,12.383375, 238.508163, 1.000139
5, 506,16,238.508163, 238.509872, 119.126244, 66.677803,12.383375, 238.508163, 0.999993
5, 506,17,12.383375, 12.385996, 119.126244, 66.677803,12.383375, 238.508163, 0.999788
5, 506,18,124.506935, 124.499825, 119.126244, 66.677803,12.383375, 238.508163, 1.000057
5, 506,19,36.365574, 36.364906, 119.126244, 66.677803,12.383375, 238.508163, 1.000018
5, 506,20,124.759109, 124.758713, 119.126244, 66.677803,12.383375, 238.508163, 1.000003
5, 506,21,172.068192, 172.065826, 119.126244, 66.677803,12.383375, 238.508163, 1.000014
5, 506,22,83.112282, 83.112244, 119.126244, 66.677803,12.383375, 238.508163, 1.000000
5, 506,23,85.762329, 85.771118, 119.126244, 66.677803,12.383375, 238.508163, 0.999898
5, 506,24,154.686813, 154.671127, 119.126244, 66.677803,12.383375, 238.508163, 1.000101
5, 506,25,144.871796, 144.861252, 119.126244, 66.677803,12.383375, 238.508163, 1.000073
5, 506,26,20.563446, 20.565556, 119.126244, 66.677803,12.383375, 238.508163, 0.999897
5, 506,27,117.045982, 117.026978, 119.126244, 66.677803,12.383375, 238.508163, 1.000162
5, 506,28,233.177780, 233.171097, 119.126244, 66.677803,12.383375, 238.508163, 1.000029
5, 506,29,54.004925, 53.997490, 119.126244, 66.677803,12.383375, 238.508163, 1.000138
5, 506,30,167.789780, 167.790604, 119.126244, 66.677803,12.383375, 238.508163, 0.999995
5, 506,31,42.873085, 42.865177, 119.126244, 66.677803,12.383375, 238.508163, 1.000185
5, 507,0,60.980240, 60.984383, 119.123451, 45.506561,37.457268, 205.731216, 0.999932
5, 507,1,37.457268, 37.458477, 119.123451, 45.506561,37.457268, 205.731216, 0.999968
5, 507,2,132.556610, 132.561050, 119.123451, 45.506561,37.457268, 205.731216, 0.999967
5, 507,3,62.097801, 62.097141, 119.123451, 45.506561,37.457268, 205.731216, 1.000011
5, 507,4,110.401360, 110.394470, 119.123451, 45.506561,37.457268, 205.731216, 1.000062
5, 507,5,149.982193, 149.973129, 119.123451, 45.506561,37.457268, 205.731216, 1.000060
5, 507,6,81.451431, 81.450211, 119.123451, 45.506561,37.457268, 205.731216, 1.000015
5, 507,7,86.493423, 86.495544, 119.123451, 45.506561,37.457268, 205.731216, 0.999976
5, 507,8,97.433876, 97.433411, 119.123451, 45.506561,37.457268, 205.731216, 1.000005
5, 507,9,159.090942, 159.096436, 119.123451, 45.506561,37.457268, 205.731216, 0.999965
5, 507,10,104.930794, 104.925537, 119.123451, 45.506561,37.457268, 205.731216, 1.000050
5, 507,11,186.062317, 186.055450, 119.123451, 45.506561,37.457268, 205.731216, 1.000037
5, 507,12,185.886536, 185.891068, 119.123451, 45.506561,37.457268, 205.731216, 0.999976
5, 507,13,184.580688, 184.575989, 119.123451, 45.506561,37.457268, 205.731216, 1.000026
5, 507,14,185.744446, 185.751968, 119.123451, 45.506561,37.457268, 205.731216, 0.999960
5, 507,15,111.516335, 111.526192, 119.123451, 45.506561,37.457268, 205.731216, 0.999912
5, 507,16,58.194008, 58.196171, 119.123451, 45.506561,37.457268, 205.731216, 0.999963
5, 507,17,127.947395, 127.951973, 119.123451, 45.506561,37.457268, 205.731216, 0.999964
5, 507,18,147.176743, 147.191238, 119.123451, 45.506561,37.457268, 205.731216, 0.999902
5, 507,19,48.444889, 48.446930, 119.123451, 45.506561,37.457268, 205.731216, 0.999958
5, 507,20,88.106918, 88.114090, 119.123451, 45.506561,37.457268, 205.731216, 0.999919
5, 507,21,116.775642, 116.773842, 119.123451, 45.506561,37.457268, 205.731216, 1.000015
5, 507,22,107.270462, 107.264854, 119.123451, 45.506561,37.457268, 205.731216, 1.000052
5, 507,23,109.040680, 109.041466, 119.123451, 45.506561,37.457268, 205.731216, 0.999993
5, 507,24,94.041191, 94.057205, 119.123451, 45.506561,37.457268, 205.731216, 0.999830
5, 507,25,126.975899, 126.984634, 119.123451, 45.506561,37.457268, 205.731216, 0.999931
5, 507,26,83.602608, 83.599854, 119.123451, 45.506561,37.457268, 205.731216, 1.000033
5, 507,27,93.195740, 93.197357, 119.123451, 45.506561,37.457268, 205.731216, 0.999983
5, 507,28,185.615387, 185.612869, 119.123451, 45.506561,37.457268, 205.731216, 1.000014
5, 507,29,162.502945, 162.510590, 119.123451, 45.506561,37.457268, 205.731216, 0.999953
5, 507,30,205.731216, 205.730972, 119.123451, 45.506561,37.457268, 205.731216, 1.000001
5, 507,31,120.662376, 120.655823, 119.123451, 45.506561,37.457268, 205.731216, 1.000054
5, 508,0,33.503635, 33.497162, 119.126717, 67.964890,11.627323, 221.622818, 1.000193
5, 508,1,204.749741, 204.746643, 119.126717, 67.964890,11.627323, 221.622818, 1.000015
5, 508,2,203.509872, 203.520065, 119.126717, 67.964890,11.627323, 221.622818, 0.999950
5, 508,3,153.417648, 153.422836, 119.126717, 67.964890,11.627323, 221.622818, 0.999966
5, 508,4,32.978790, 32.966751, 119.126717, 67.964890,11.627323, 221.622818, 1.000365
5, 508,5,221.622818, 221.620300, 119.126717, 67.964890,11.627323, 221.622818, 1.000011
5, 508,6,195.753250, 195.749557, 119.126717, 67.964890,11.627323, 221.622818, 1.000019
5, 508,7,216.612976, 216.614548, 119.126717, 67.964890,11.627323, 221.622818, 0.999993
5, 508,8,87.356651, 87.353653, 119.126717, 67.964890,11.627323, 221.622818, 1.000034
5, 508,9,190.883789, 190.876404, 119.126717, 67.964890,11.627323, 221.622818, 1.000039
5, 508,10,121.944504, 121.956268, 119.126717, 67.964890,11.627323, 221.622818, 0.999904
5, 508,11,25.014753, 25.010601, 119.126717, 67.964890,11.627323, 221.622818, 1.000166
5, 508,12,71.873459, 71.878952, 119.126717, 67.964890,11.627323, 221.622818, 0.999924
5, 508,13,109.340981, 109.332512, 119.126717, 67.964890,11.627323, 221.622818, 1.000077
5, 508,14,146.704147, 146.693268, 119.126717, 67.964890,11.627323, 221.622818, 1.000074
5, 508,15,32.129932, 32.118095, 119.126717, 67.964890,11.627323, 221.622818, 1.000369
5, 508,16,20.848248, 20.840252, 119.126717, 67.964890,11.627323, 221.622818, 1.000384
5, 508,17,143.203796, 143.192566, 119.126717, 67.964890,11.627323, 221.622818, 1.000078
5, 508,18,158.862915, 158.859543, 119.126717, 67.964890,11.627323, 221.622818, 1.000021
5, 508,19,169.127747, 169.122971, 119.126717, 67.964890,11.627323, 221.622818, 1.000028
5, 508,20,152.285873, 152.289093, 119.126717, 67.964890,11.627323, 221.622818, 0.999979
5, 508,21,146.786697, 146.799347, 119.126717, 67.964890,11.627323, 221.622818, 0.999914
5, 508,22,47.713982, 47.712147, 119.126717, 67.964890,11.627323, 221.622818, 1.000039
5, 508,23,130.140167, 130.131226, 119.126717, 67.964890,11.627323, 221.622818, 1.000069
5, 508,24,147.920776, 147.919846, 119.126717, 67.964890,11.627323, 221.622818, 1.000006
5, 508,25,111.907410, 111.911629, 119.126717, 67.964890,11.627323, 221.622818, 0.999962
5, 508,26,11.627323, 11.637641, 119.126717, 67.964890,11.627323, 221.622818, 0.999113
5, 508,27,211.233582, 211.224258, 119.126717, 67.964890,11.627323, 221.622818, 1.000044
5, 508,28,30.650023, 30.646206, 119.126717, 67.964890,11.627323, 221.622818, 1.000125
5, 508,29,169.323166, 169.328506, 119.126717, 67.964890,11.627323, 221.622818, 0.999968
5, 508,30,37.263428, 37.263069, 119.126717, 67.964890,11.627323, 221.622818, 1.000010
5, 508,31,75.763184, 75.764198, 119.126717, 67.964890,11.627323, 221.622818, 0.999987
5, 509,0,104.252144, 104.269890, 119.125298, 61.553371,24.572945, 244.027100, 0.999830
5, 509,1,197.709030, 197.696609, 119.125298, 61.553371,24.572945, 244.027100, 1.000063
5, 509,2,207.306625, 207.314621, 119.125298, 61.553371,24.572945, 244.027100, 0.999961
5, 509,3,107.609825, 107.597763, 119.125298, 61.553371,24.572945, 244.027100, 1.000112
5, 509,4,56.656086, 56.649940, 119.125298, 61.553371,24.572945, 244.027100, 1.000108
5, 509,5,136.009155, 135.996628, 119.125298, 61.553371,24.572945, 244.027100, 1.000092
5, 509,6,189.023132, 189.026230, 119.125298, 61.553371,24.572945, 244.027100, 0.999984
5, 509,7,45.278091, 45.293381, 119.125298, 61.553371,24.572945, 244.027100, 0.999662
5, 509,8,87.454552, 87.458893, 119.125298, 61.553371,24.572945, 244.027100, 0.999950
5, 509,9,78.773567, 78.766129, 119.125298, 61.553371,24.572945, 244.027100, 1.000094
5, 509,10,87.499863, 87.511131, 119.125298, 61.553371,24.572945, 244.027100, 0.999871
5, 509,11,205.302643, 205.292542, 119.125298, 61.553371,24.572945, 244.027100, 1.000049
5, 509,12,244.027100, 244.018250, 119.125298, 61.553371,24.572945, 244.027100, 1.000036
5, 509,13,24.572945, 24.572510, 119.125298, 61.553371,24.572945, 244.027100, 1.000018
5, 509,14,96.763710, 96.763512, 119.125298, 61.553371,24.572945, 244.027100, 1.000002
5, 509,15,47.774971, 47.778091, 119.125298, 61.553371,24.572945, 244.027100, 0.999935
5, 509,16,185.590057, 185.601364, 119.125298, 61.553371,24.572945, 244.027100, 0.999939
5, 509,17,152.367920, 152.359924, 119.125298, 61.553371,24.572945, 244.027100, 1.000052
5, 509,18,131.336426, 131.333130, 119.125298, 61.553371,24.572945, 244.027100, 1.000025
5, 509,19,64.175011, 64.178696, 119.125298, 61.553371,24.572945, 244.027100, 0.999943
5, 509,20,55.476105, 55.463547, 119.125298, 61.553371,24.572945, 244.027100, 1.000226
5, 509,21,191.967499, 191.966110, 119.125298, 61.553371,24.572945, 244.027100, 1.000007
5, 509,22,156.087708, 156.090714, 119.125298, 61.553371,24.572945, 244.027100, 0.999981
5, 509,23,84.919487, 84.914497, 119.125298, 61.553371,24.572945, 244.027100, 1.000059
5, 509,24,86.912643, 86.921661, 119.125298, 61.553371,24.572945, 244.027100, 0.999896
5, 509,25,147.523865, 147.517334, 119.125298, 61.553371,24.572945, 244.027100, 1.000044
5, 509,26,124.894844, 124.901222, 119.125298, 61.553371,24.572945, 244.027100, 0.999949
5, 509,27,227.493134, 227.490784, 119.125298, 61.553371,24.572945, 244.027100, 1.000010
5, 509,28,112.419777, 112.417961, 119.125298, 61.553371,24.572945, 244.027100, 1.000016
5, 509,29,89.090103, 89.092987, 119.125298, 61.553371,24.572945, 244.027100, 0.999968
5, 509,30,24.846111, 24.848591, 119.125298, 61.553371,24.572945, 244.027100, 0.999900
5, 509,31,60.895618, 60.895592, 119.125298, 61.553371,24.572945, 244.027100, 1.000000
5, 510,0,20.610222, 20.599514, 119.125496, 68.284317,14.320092, 209.847214, 1.000520
5, 510,1,26.066874, 26.072876, 119.125496, 68.284317,14.320092, 209.847214, 0.999770
5, 510,2,133.381317, 133.381104, 119.125496, 68.284317,14.320092, 209.847214, 1.000002
5, 510,3,206.575134, 206.580246, 119.125496, 68.284317,14.320092, 209.847214, 0.999975
5, 510,4,122.685593, 122.693214, 119.125496, 68.284317,14.320092, 209.847214, 0.999938
5, 510,5,37.860039, 37.859230, 119.125496, 68.284317,14.320092, 209.847214, 1.000021
5, 510,6,159.141830, 159.131790, 119.125496, 68.284317,14.320092, 209.847214, 1.000063
5, 510,7,209.847214, 209.844055, 119.125496, 68.284317,14.320092, 209.847214, 1.000015
5, 510,8,114.206902, 114.208549, 119.125496, 68.284317,14.320092, 209.847214, 0.999986
5, 510,9,158.392242, 158.393173, 119.125496, 68.284317,14.320092, 209.847214, 0.999994
5, 510,10,42.782307, 42.783367, 119.125496, 68.284317,14.320092, 209.847214, 0.999975
5, 510,11,93.424850, 93.419868, 119.125496, 68.284317,14.320092, 209.847214, 1.000053
5, 510,12,14.641526, 14.633736, 119.125496, 68.284317,14.320092, 209.847214, 1.000532
5, 510,13,98.998001, 99.006866, 119.125496, 68.284317,14.320092, 209.847214, 0.999910
5, 510,14,203.176392, 203.171234, 119.125496, 68.284317,14.320092, 209.847214, 1.000025
5, 510,15,45.742546, 45.744156, 119.125496, 68.284317,14.320092, 209.847214, 0.999965
5, 510,16,198.970337, 198.973083, 119.125496, 68.284317,14.320092, 209.847214, 0.999986
5, 510,17,154.562378, 154.554886, 119.125496, 68.284317,14.320092, 209.847214, 1.000049
5, 510,18,150.601044, 150.596634, 119.125496, 68.284317,14.320092, 209.847214, 1.000029
5, 510,19,41.087868, 41.104107, 119.125496, 68.284317,14.320092, 209.847214, 0.999605
5, 510,20,160.631439, 160.634293, 119.125496, 68.284317,14.320092, 209.847214, 0.999982
5, 510,21,182.724060, 182.723450, 119.125496, 68.284317,14.320092, 209.847214, 1.000003
5, 510,22,23.172062, 23.175213, 119.125496, 68.284317,14.320092, 209.847214, 0.999864
5, 510,23,14.320092, 14.318087, 119.125496, 68.284317,14.320092, 209.847214, 1.000140
5, 510,24,185.352539, 185.349655, 119.125496, 68.284317,14.320092, 209.847214, 1.000016
5, 510,25,193.480042, 193.480774, 119.125496, 68.284317,14.320092, 209.847214, 0.999996
5, 510,26,189.107346, 189.105865, 119.125496, 68.284317,14.320092, 209.847214, 1.000008
5, 510,27,45.522144, 45.516891, 119.125496, 68.284317,14.320092, 209.847214, 1.000115
5, 510,28,98.709686, 98.703842, 119.125496, 68.284317,14.320092, 209.847214, 1.000059
5, 510,29,201.899765, 201.902313, 119.125496, 68.284317,14.320092, 209.847214, 0.999987
5, 510,30,162.468155, 162.471359, 119.125496, 68.284317,14.320092, 209.847214, 0.999980
5, 510,31,121.873665, 121.866211, 119.125496, 68.284317,14.320092, 209.847214, 1.000061
5, 511,0,107.931084, 107.938263, 119.126862, 64.428398,18.659912, 210.446182, 0.999933
5, 511,1,199.901886, 199.902328, 119.126862, 64.428398,18.659912, 210.446182, 0.999998
5, 511,2,44.668003, 44.672451, 119.126862, 64.428398,18.659912, 210.446182, 0.999900
5, 511,3,177.122925, 177.122696, 119.126862, 64.428398,18.659912, 210.446182, 1.000001
5, 511,4,187.738541, 187.725632, 119.126862, 64.428398,18.659912, 210.446182, 1.000069
5, 511,5,201.815399, 201.827896, 119.126862, 64.428398,18.659912, 210.446182, 0.999938
5, 511,6,155.974915, 155.966217, 119.126862, 64.428398,18.659912, 210.446182, 1.000056
5, 511,7,204.990707, 205.000137, 119.126862, 64.428398,18.659912, 210.446182, 0.999954
5, 511,8,115.707382, 115.689880, 119.126862, 64.428398,18.659912, 210.446182, 1.000151
5, 511,9,126.030777, 126.021255, 119.126862, 64.428398,18.659912, 210.446182, 1.000076
5, 511,10,210.446182, 210.437378, 119.126862, 64.428398,18.659912, 210.446182, 1.000042
5, 511,11,66.305824, 66.304153, 119.126862, 64.428398,18.659912, 210.446182, 1.000025
5, 511,12,119.891907, 119.898956, 119.126862, 64.428398,18.659912, 210.446182, 0.999941
5, 511,13,137.629593, 137.617828, 119.126862, 64.428398,18.659912, 210.446182, 1.000085
5, 511,14,97.108284, 97.106972, 119.126862, 64.428398,18.659912, 210.446182, 1.000013
5, 511,15,52.996365, 52.991863, 119.126862, 64.428398,18.659912, 210.446182, 1.000085
5, 511,16,155.249176, 155.237961, 119.126862, 64.428398,18.659912, 210.446182, 1.000072
5, 511,17,205.329834, 205.327240, 119.126862, 64.428398,18.659912, 210.446182, 1.000013
5, 511,18,106.238609, 106.241043, 119.126862, 64.428398,18.659912, 210.446182, 0.999977
5, 511,19,19.571680, 19.572262, 119.126862, 64.428398,18.659912, 210.446182, 0.999970
5, 511,20,201.287308, 201.297134, 119.126862, 64.428398,18.659912, 210.446182, 0.999951
5, 511,21,42.138924, 42.135895, 119.126862, 64.428398,18.659912, 210.446182, 1.000072
5, 511,22,20.287708, 20.300520, 119.126862, 64.428398,18.659912, 210.446182, 0.999369
5, 511,23,113.164253, 113.153320, 119.126862, 64.428398,18.659912, 210.446182, 1.000097
5, 511,24,18.659912, 18.665028, 119.126862, 64.428398,18.659912, 210.446182, 0.999726
5, 511,25,63.840061, 63.829323, 119.126862, 64.428398,18.659912, 210.446182, 1.000168
5, 511,26,207.109100, 207.104675, 119.126862, 64.428398,18.659912, 210.446182, 1.000021
5, 511,27,148.331177, 148.338013, 119.126862, 64.428398,18.659912, 210.446182, 0.999954
5, 511,28,139.565430, 139.561905, 119.126862, 64.428398,18.659912, 210.446182, 1.000025
5, 511,29,60.206608, 60.206547, 119.126862, 64.428398,18.659912, 210.446182, 1.000001
5, 511,30,70.130676, 70.124420, 119.126862, 64.428398,18.659912, 210.446182, 1.000089
5, 511,31,34.689323, 34.680515, 119.126862, 64.428398,18.659912, 210.446182, 1.000254
5, 512,0,148.666153, 148.660446, 119.126503, 74.111794,11.447193, 263.940277, 1.000038
5, 512,1,82.398415, 82.399368, 119.126503, 74.111794,11.447193, 263.940277, 0.999988
5, 512,2,39.670910, 39.665382, 119.126503, 74.111794,11.447193, 263.940277, 1.000139
5, 512,3,178.607742, 178.595840, 119.126503, 74.111794,11.447193, 263.940277, 1.000067
5, 512,4,249.015579, 249.006104, 119.126503, 74.111794,11.447193, 263.940277, 1.000038
5, 512,5,114.594528, 114.593857, 119.126503, 74.111794,11.447193, 263.940277, 1.000006
5, 512,6,243.483765, 243.479843, 119.126503, 74.111794,11.447193, 263.940277, 1.000016
5, 512,7,74.334793, 74.352989, 119.126503, 74.111794,11.447193, 263.940277, 0.999755
5, 512,8,123.657646, 123.657288, 119.126503, 74.111794,11.447193, 263.940277, 1.000003
5, 512,9,29.006327, 28.999884, 119.126503, 74.111794,11.447193, 263.940277, 1.000222
5, 512,10,134.625595, 134.637787, 119.126503, 74.111794,11.447193, 263.940277, 0.999909
5, 512,11,261.050507, 261.030640, 119.126503, 74.111794,11.447193, 263.940277, 1.000076
5, 512,12,154.259125, 154.267700, 119.126503, 74.111794,11.447193, 263.940277, 0.999944
5, 512,13,11.447193, 11.440067, 119.126503, 74.111794,11.447193, 263.940277, 1.000623
5, 512,14,29.628397, 29.629913, 119.126503, 74.111794,11.447193, 263.940277, 0.999949
5, 512,15,263.940277, 263.946777, 119.126503, 74.111794,11.447193, 263.940277, 0.999975
5, 512,16,193.057831, 193.050522, 119.126503, 74.111794,11.447193, 263.940277, 1.000038
5, 512,17,59.530827, 59.520302, 119.126503, 74.111794,11.447193, 263.940277, 1.000177
5, 512,18,240.548187, 240.536697, 119.126503, 74.111794,11.447193, 263.940277, 1.000048
5, 512,19,149.296844, 149.290482, 119.126503, 74.111794,11.447193, 263.940277, 1.000043
5, 512,20,130.841278, 130.848633, 119.126503, 74.111794,11.447193, 263.940277, 0.999944
5, 512,21,85.016655, 85.027489, 119.126503, 74.111794,11.447193, 263.940277, 0.999873
5, 512,22,67.279320, 67.287659, 119.126503, 74.111794,11.447193, 263.940277, 0.999876
5, 512,23,45.087288, 45.092628, 119.126503, 74.111794,11.447193, 263.940277, 0.999882
5, 512,24,43.995461, 43.985580, 119.126503, 74.111794,11.447193, 263.940277, 1.000225
5, 512,25,99.875488, 99.878174, 119.126503, 74.111794,11.447193, 263.940277, 0.999973
5, 512,26,78.486397, 78.493187, 119.126503, 74.111794,11.447193, 263.940277, 0.999914
5, 512,27,118.911209, 118.905060, 119.126503, 74.111794,11.447193, 263.940277, 1.000052
5, 512,28,150.580246, 150.559525, 119.126503, 74.111794,11.447193, 263.940277, 1.000138
5, 512,29,89.315117, 89.320686, 119.126503, 74.111794,11.447193, 263.940277, 0.999938
5, 512,30,21.956921, 21.952555, 119.126503, 74.111794,11.447193, 263.940277, 1.000199
5, 512,31,99.882126, 99.887177, 119.126503, 74.111794,11.447193, 263.940277, 0.999949
5, 513,0,56.690933, 56.681652, 119.126373, 65.625145,13.799446, 236.531433, 1.000164
5, 513,1,166.477570, 166.472351, 119.126373, 65.625145,13.799446, 236.531433, 1.000031
5, 513,2,151.730118, 151.728912, 119.126373, 65.625145,13.799446, 236.531433, 1.000008
5, 513,3,187.326904, 187.312119, 119.126373, 65.625145,13.799446, 236.531433, 1.000079
5, 513,4,210.965683, 210.972687, 119.126373, 65.625145,13.799446, 236.531433, 0.999967
5, 513,5,17.436790, 17.432117, 119.126373, 65.625145,13.799446, 236.531433, 1.000268
5, 513,6,43.454330, 43.458733, 119.126373, 65.625145,13.799446, 236.531433, 0.999899
5, 513,7,88.835136, 88.833023, 119.126373, 65.625145,13.799446, 236.531433, 1.000024
5, 513,8,128.812378, 128.800171, 119.126373, 65.625145,13.799446, 236.531433, 1.000095
5, 513,9,53.044918, 53.043751, 119.126373, 65.625145,13.799446, 236.531433, 1.000022
5, 513,10,176.902817, 176.902893, 119.126373, 65.625145,13.799446, 236.531433, 1.000000
5, 513,11,145.006378, 144.993103, 119.126373, 65.625145,13.799446, 236.531433, 1.000092
5, 513,12,181.091980, 181.095001, 119.126373, 65.625145,13.799446, 236.531433, 0.999983
5, 513,13,51.015049, 51.004539, 119.126373, 65.625145,13.799446, 236.531433, 1.000206
5, 513,14,60.879951, 60.873764, 119.126373, 65.625145,13.799446, 236.531433, 1.000102
5, 513,15,65.066444, 65.080086, 119.126373, 65.625145,13.799446, 236.531433, 0.999790
5, 513,16,130.089264, 130.093338, 119.126373, 65.625145,13.799446, 236.531433, 0.999969
5, 513,17,212.710434, 212.699265, 119.126373, 65.625145,13.799446, 236.531433, 1.000053
5, 513,18,44.908092, 44.915318, 119.126373, 65.625145,13.799446, 236.531433, 0.999839
5, 513,19,13.799446, 13.801322, 119.126373, 65.625145,13.799446, 236.531433, 0.999864
5, 513,20,148.861816, 148.872574, 119.126373, 65.625145,13.799446, 236.531433, 0.999928
5, 513,21,229.102234, 229.091141, 119.126373, 65.625145,13.799446, 236.531433, 1.000048
5, 513,22,76.305984, 76.327736, 119.126373, 65.625145,13.799446, 236.531433, 0.999715
5, 513,23,178.543243, 178.530014, 119.126373, 65.625145,13.799446, 236.531433, 1.000074
5, 513,24,169.752716, 169.754974, 119.126373, 65.625145,13.799446, 236.531433, 0.999987
5, 513,25,100.517349, 100.506981, 119.126373, 65.625145,13.799446, 236.531433, 1.000103
5, 513,26,180.122513, 180.114471, 119.126373, 65.625145,13.799446, 236.531433, 1.000045
5, 513,27,56.839115, 56.845070, 119.126373, 65.625145,13.799446, 236.531433, 0.999895
5, 513,28,71.692024, 71.687988, 119.126373, 65.625145,13.799446, 236.531433, 1.000056
5, 513,29,69.270889, 69.279305, 119.126373, 65.625145,13.799446, 236.531433, 0.999879
5, 513,30,108.259857, 108.258835, 119.126373, 65.625145,13.799446, 236.531433, 1.000009
5, 513,31,236.531433, 236.537460, 119.126373, 65.625145,13.799446, 236.531433, 0.999974
5, 514,0,69.097923, 69.102280, 119.124344, 64.654808,10.602263, 223.943802, 0.999937
5, 514,1,156.060120, 156.068665, 119.124344, 64.654808,10.602263, 223.943802, 0.999945
5, 514,2,134.850189, 134.840439, 119.124344, 64.654808,10.602263, 223.943802, 1.000072
5, 514,3,10.602263, 10.607464, 119.124344, 64.654808,10.602263, 223.943802, 0.999510
5, 514,4,111.060661, 111.056908, 119.124344, 64.654808,10.602263, 223.943802, 1.000034
5, 514,5,213.498367, 213.507019, 119.124344, 64.654808,10.602263, 223.943802, 0.999959
5, 514,6,41.869320, 41.872047, 119.124344, 64.654808,10.602263, 223.943802, 0.999935
5, 514,7,111.095467, 111.096519, 119.124344, 64.654808,10.602263, 223.943802, 0.999991
5, 514,8,166.140671, 166.138016, 119.124344, 64.654808,10.602263, 223.943802, 1.000016
5, 514,9,163.979950, 163.978882, 119.124344, 64.654808,10.602263, 223.943802, 1.000007
5, 514,10,181.796158, 181.793442, 119.124344, 64.654808,10.602263, 223.943802, 1.000015
5, 514,11,216.362366, 216.366043, 119.124344, 64.654808,10.602263, 223.943802, 0.999983
5, 514,12,23.417923, 23.417028, 119.124344, 64.654808,10.602263, 223.943802, 1.000038
5, 514,13,20.876226, 20.868320, 119.124344, 64.654808,10.602263, 223.943802, 1.000379
5, 514,14,100.870110, 100.868675, 119.124344, 64.654808,10.602263, 223.943802, 1.000014
5, 514,15,223.943802, 223.939529, 119.124344, 64.654808,10.602263, 223.943802, 1.000019
5, 514,16,162.443512, 162.447037, 119.124344, 64.654808,10.602263, 223.943802, 0.999978
5, 514,17,101.057068, 101.060165, 119.124344, 64.654808,10.602263, 223.943802, 0.999969
5, 514,18,180.924042, 180.935074, 119.124344, 64.654808,10.602263, 223.943802, 0.999939
5, 514,19,75.287109, 75.282562, 119.124344, 64.654808,10.602263, 223.943802, 1.000060
5, 514,20,202.369949, 202.367966, 119.124344, 64.654808,10.602263, 223.943802, 1.000010
5, 514,21,79.136711, 79.145233, 119.124344, 64.654808,10.602263, 223.943802, 0.999892
5, 514,22,68.491943, 68.488213, 119.124344, 64.654808,10.602263, 223.943802, 1.000054
5, 514,23,168.398727, 168.396225, 119.124344, 64.654808,10.602263, 223.943802, 1.000015
5, 514,24,179.468964, 179.462631, 119.124344, 64.654808,10.602263, 223.943802, 1.000035
5, 514,25,158.275513, 158.274017, 119.124344, 64.654808,10.602263, 223.943802, 1.000009
5, 514,26,57.206963, 57.203911, 119.124344, 64.654808,10.602263, 223.943802, 1.000053
5, 514,27,50.018955, 50.019989, 119.124344, 64.654808,10.602263, 223.943802, 0.999979
5, 514,28,62.001610, 62.004192, 119.124344, 64.654808,10.602263, 223.943802, 0.999958
5, 514,29,172.559784, 172.569229, 119.124344, 64.654808,10.602263, 223.943802, 0.999945
5, 514,30,21.547958, 21.555019, 119.124344, 64.654808,10.602263, 223.943802, 0.999672
5, 514,31,127.268120, 127.266960, 119.124344, 64.654808,10.602263, 223.943802, 1.000009
5, 515,0,155.091095, 155.097885, 119.128159, 60.971539,27.277004, 215.829926, 0.999956
5, 515,1,113.132500, 113.136086, 119.128159, 60.971539,27.277004, 215.829926, 0.999968
5, 515,2,123.737709, 123.740059, 119.128159, 60.971539,27.277004, 215.829926, 0.999981
5, 515,3,205.584991, 205.591461, 119.128159, 60.971539,27.277004, 215.829926, 0.999969
5, 515,4,210.826538, 210.829498, 119.128159, 60.971539,27.277004, 215.829926, 0.999986
5, 515,5,77.504745, 77.499588, 119.128159, 60.971539,27.277004, 215.829926, 1.000067
5, 515,6,78.774544, 78.753128, 119.128159, 60.971539,27.277004, 215.829926, 1.000272
5, 515,7,68.106834, 68.104385, 119.128159, 60.971539,27.277004, 215.829926, 1.000036
5, 515,8,62.471527, 62.463432, 119.128159, 60.971539,27.277004, 215.829926, 1.000130
5, 515,9,52.479111, 52.473442, 119.128159, 60.971539,27.277004, 215.829926, 1.000108
5, 515,10,58.290550, 58.306267, 119.128159, 60.971539,27.277004, 215.829926, 0.999730
5, 515,11,113.523376, 113.513428, 119.128159, 60.971539,27.277004, 215.829926, 1.000088
5, 515,12,43.190525, 43.193367, 119.128159, 60.971539,27.277004, 215.829926, 0.999934
5, 515,13,180.588882, 180.584518, 119.128159, 60.971539,27.277004, 215.829926, 1.000024
5, 515,14,85.597031, 85.596466, 119.128159, 60.971539,27.277004, 215.829926, 1.000007
5, 515,15,72.602943, 72.594131, 119.128159, 60.971539,27.277004, 215.829926, 1.000121
5, 515,16,197.413925, 197.417847, 119.128159, 60.971539,27.277004, 215.829926, 0.999980
5, 515,17,208.455765, 208.437515, 119.128159, 60.971539,27.277004, 215.829926, 1.000087
5, 515,18,128.884491, 128.894958, 119.128159, 60.971539,27.277004, 215.829926, 0.999919
5, 515,19,215.829926, 215.818100, 119.128159, 60.971539,27.277004, 215.829926, 1.000055
5, 515,20,130.925949, 130.922363, 119.128159, 60.971539,27.277004, 215.829926, 1.000027
5, 515,21,171.832977, 171.828873, 119.128159, 60.971539,27.277004, 215.829926, 1.000024
5, 515,22,63.315102, 63.307655, 119.128159, 60.971539,27.277004, 215.829926, 1.000118
5, 515,23,27.277004, 27.274624, 119.128159, 60.971539,27.277004, 215.829926, 1.000087
5, 515,24,186.104767, 186.097549, 119.128159, 60.971539,27.277004, 215.829926, 1.000039
5, 515,25,39.975563, 39.969971, 119.128159, 60.971539,27.277004, 215.829926, 1.000140
5, 515,26,30.805906, 30.817808, 119.128159, 60.971539,27.277004, 215.829926, 0.999614
5, 515,27,84.808578, 84.803406, 119.128159, 60.971539,27.277004, 215.829926, 1.000061
5, 515,28,123.960609, 123.944717, 119.128159, 60.971539,27.277004, 215.829926, 1.000128
5, 515,29,132.955612, 132.936981, 119.128159, 60.971539,27.277004, 215.829926, 1.000140
5, 515,30,157.221405, 157.221237, 119.128159, 60.971539,27.277004, 215.829926, 1.000001
5, 515,31,210.830368, 210.829498, 119.128159, 60.971539,27.277004, 215.829926, 1.000004
5, 516,0,169.903763, 169.903152, 119.122681, 52.847775,10.661733, 193.557800, 1.000004
5, 516,1,36.147308, 36.139206, 119.122681, 52.847775,10.661733, 193.557800, 1.000224
5, 516,2,138.783356, 138.796814, 119.122681, 52.847775,10.661733, 193.557800, 0.999903
5, 516,3,50.901466, 50.916954, 119.122681, 52.847775,10.661733, 193.557800, 0.999696
5, 516,4,116.648170, 116.647057, 119.122681, 52.847775,10.661733, 193.557800, 1.000010
5, 516,5,138.713669, 138.723770, 119.122681, 52.847775,10.661733, 193.557800, 0.999927
5, 516,6,77.732864, 77.736046, 119.122681, 52.847775,10.661733, 193.557800, 0.999959
5, 516,7,189.135162, 189.142319, 119.122681, 52.847775,10.661733, 193.557800, 0.999962
5, 516,8,144.995056, 145.005722, 119.122681, 52.847775,10.661733, 193.557800, 0.999926
5, 516,9,193.557800, 193.564407, 119.122681, 52.847775,10.661733, 193.557800, 0.999966
5, 516,10,57.677677, 57.687748, 119.122681, 52.847775,10.661733, 193.557800, 0.999825
5, 516,11,148.491043, 148.489456, 119.122681, 52.847775,10.661733, 193.557800, 1.000011
5, 516,12,123.771667, 123.777451, 119.122681, 52.847775,10.661733, 193.557800, 0.999953
5, 516,13,182.226273, 182.225433, 119.122681, 52.847775,10.661733, 193.557800, 1.000005
5, 516,14,173.255646, 173.252014, 119.122681, 52.847775,10.661733, 193.557800, 1.000021
5, 516,15,171.715881, 171.723679, 119.122681, 52.847775,10.661733, 193.557800, 0.999955
5, 516,16,46.541954, 46.534199, 119.122681, 52.847775,10.661733, 193.557800, 1.000167
5, 516,17,75.933235, 75.926758, 119.122681, 52.847775,10.661733, 193.557800, 1.000085
5, 516,18,10.661733, 10.657413, 119.122681, 52.847775,10.661733, 193.557800, 1.000405
5, 516,19,146.664215, 146.657684, 119.122681, 52.847775,10.661733, 193.557800, 1.000045
5, 516,20,167.537674, 167.543198, 119.122681, 52.847775,10.661733, 193.557800, 0.999967
5, 516,21,187.145752, 187.153229, 119.122681, 52.847775,10.661733, 193.557800, 0.999960
5, 516,22,101.518082, 101.515305, 119.122681, 52.847775,10.661733, 193.557800, 1.000027
5, 516,23,55.076767, 55.086197, 119.122681, 52.847775,10.661733, 193.557800, 0.999829
5, 516,24,138.417465, 138.397873, 119.122681, 52.847775,10.661733, 193.557800, 1.000142
5, 516,25,100.504745, 100.503899, 119.122681, 52.847775,10.661733, 193.557800, 1.000008
5, 516,26,90.065956, 90.075188, 119.122681, 52.847775,10.661733, 193.557800, 0.999898
5, 516,27,154.476425, 154.490463, 119.122681, 52.847775,10.661733, 193.557800, 0.999909
5, 516,28,50.899868, 50.888863, 119.122681, 52.847775,10.661733, 193.557800, 1.000216
5, 516,29,170.006012, 170.004288, 119.122681, 52.847775,10.661733, 193.557800, 1.000010
5, 516,30,63.994823, 64.009033, 119.122681, 52.847775,10.661733, 193.557800, 0.999778
5, 516,31,138.824432, 138.824921, 119.122681, 52.847775,10.661733, 193.557800, 0.999996
5, 517,0,141.220688, 141.229080, 119.124962, 65.473206,9.992864, 219.851807, 0.999941
5, 517,1,100.165237, 100.157639, 119.124962, 65.473206,9.992864, 219.851807, 1.000076
5, 517,2,200.494385, 200.487564, 119.124962, 65.473206,9.992864, 219.851807, 1.000034
5, 517,3,131.029404, 131.024414, 119.124962, 65.473206,9.992864, 219.851807, 1.000038
5, 517,4,111.598442, 111.606331, 119.124962, 65.473206,9.992864, 219.851807, 0.999929
5, 517,5,195.914185, 195.913284, 119.124962, 65.473206,9.992864, 219.851807, 1.000005
5, 517,6,32.278027, 32.275383, 119.124962, 65.473206,9.992864, 219.851807, 1.000082
5, 517,7,71.566154, 71.558586, 119.124962, 65.473206,9.992864, 219.851807, 1.000106
5, 517,8,55.347157, 55.347702, 119.124962, 65.473206,9.992864, 219.851807, 0.999990
5, 517,9,55.607731, 55.639267, 119.124962, 65.473206,9.992864, 219.851807, 0.999433
5, 517,10,173.141739, 173.145477, 119.124962, 65.473206,9.992864, 219.851807, 0.999978
5, 517,11,76.195755, 76.197670, 119.124962, 65.473206,9.992864, 219.851807, 0.999975
5, 517,12,209.791809, 209.778702, 119.124962, 65.473206,9.992864, 219.851807, 1.000062
5, 517,13,44.770630, 44.767223, 119.124962, 65.473206,9.992864, 219.851807, 1.000076
5, 517,14,9.992864, 10.000000, 119.124962, 65.473206,9.992864, 219.851807, 0.999286
5, 517,15,216.200195, 216.199554, 119.124962, 65.473206,9.992864, 219.851807, 1.000003
5, 517,16,39.047329, 39.046116, 119.124962, 65.473206,9.992864, 219.851807, 1.000031
5, 517,17,83.264015, 83.259964, 119.124962, 65.473206,9.992864, 219.851807, 1.000049
5, 517,18,68.761711, 68.759583, 119.124962, 65.473206,9.992864, 219.851807, 1.000031
5, 517,19,73.297928, 73.301483, 119.124962, 65.473206,9.992864, 219.851807, 0.999951
5, 517,20,185.568344, 185.566040, 119.124962, 65.473206,9.992864, 219.851807, 1.000012
5, 517,21,187.081161, 187.082169, 119.124962, 65.473206,9.992864, 219.851807, 0.999995
5, 517,22,98.005302, 98.006554, 119.124962, 65.473206,9.992864, 219.851807, 0.999987
5, 517,23,56.854702, 56.844395, 119.124962, 65.473206,9.992864, 219.851807, 1.000181
5, 517,24,137.577698, 137.568359, 119.124962, 65.473206,9.992864, 219.851807, 1.000068
5, 517,25,61.354034, 61.353893, 119.124962, 65.473206,9.992864, 219.851807, 1.000002
5, 517,26,209.999466, 209.992523, 119.124962, 65.473206,9.992864, 219.851807, 1.000033
5, 517,27,130.444519, 130.447754, 119.124962, 65.473206,9.992864, 219.851807, 0.999975
5, 517,28,58.596489, 58.587292, 119.124962, 65.473206,9.992864, 219.851807, 1.000157
5, 517,29,219.851807, 219.860291, 119.124962, 65.473206,9.992864, 219.851807, 0.999961
5, 517,30,202.411118, 202.411880, 119.124962, 65.473206,9.992864, 219.851807, 0.999996
5, 517,31,174.568665, 174.583847, 119.124962, 65.473206,9.992864, 219.851807, 0.999913
5, 518,0,40.971947, 40.985512, 119.124763, 43.292530,36.581116, 197.521698, 0.999669
5, 518,1,183.872818, 183.866684, 119.124763, 43.292530,36.581116, 197.521698, 1.000033
5, 518,2,131.131561, 131.126251, 119.124763, 43.292530,36.581116, 197.521698, 1.000041
5, 518,3,143.690109, 143.673615, 119.124763, 43.292530,36.581116, 197.521698, 1.000115
5, 518,4,144.220886, 144.214890, 119.124763, 43.292530,36.581116, 197.521698, 1.000042
5, 518,5,186.785919, 186.786163, 119.124763, 43.292530,36.581116, 197.521698, 0.999999
5, 518,6,110.673080, 110.672684, 119.124763, 43.292530,36.581116, 197.521698, 1.000004
5, 518,7,103.430389, 103.417206, 119.124763, 43.292530,36.581116, 197.521698, 1.000127
5, 518,8,36.581116, 36.580399, 119.124763, 43.292530,36.581116, 197.521698, 1.000020
5, 518,9,153.072296, 153.071182, 119.124763, 43.292530,36.581116, 197.521698, 1.000007
5, 518,10,67.350761, 67.352859, 119.124763, 43.292530,36.581116, 197.521698, 0.999969
5, 518,11,158.547440, 158.558868, 119.124763, 43.292530,36.581116, 197.521698, 0.999928
5, 518,12,110.749359, 110.747543, 119.124763, 43.292530,36.581116, 197.521698, 1.000016
5, 518,13,109.932167, 109.924103, 119.124763, 43.292530,36.581116, 197.521698, 1.000073
5, 518,14,172.106186, 172.113953, 119.124763, 43.292530,36.581116, 197.521698, 0.999955
5, 518,15,76.402946, 76.410690, 119.124763, 43.292530,36.581116, 197.521698, 0.999899
5, 518,16,129.883682, 129.899719, 119.124763, 43.292530,36.581116, 197.521698, 0.999877
5, 518,17,81.667519, 81.668037, 119.124763, 43.292530,36.581116, 197.521698, 0.999994
5, 518,18,51.719826, 51.719021, 119.124763, 43.292530,36.581116, 197.521698, 1.000016
5, 518,19,84.967651, 84.956039, 119.124763, 43.292530,36.581116, 197.521698, 1.000137
5, 518,20,104.134666, 104.137001, 119.124763, 43.292530,36.581116, 197.521698, 0.999978
5, 518,21,125.796249, 125.811310, 119.124763, 43.292530,36.581116, 197.521698, 0.999880
5, 518,22,119.335655, 119.327438, 119.124763, 43.292530,36.581116, 197.521698, 1.000069
5, 518,23,112.287323, 112.302299, 119.124763, 43.292530,36.581116, 197.521698, 0.999867
5, 518,24,48.369339, 48.367676, 119.124763, 43.292530,36.581116, 197.521698, 1.000034
5, 518,25,139.495697, 139.498825, 119.124763, 43.292530,36.581116, 197.521698, 0.999978
5, 518,26,197.521698, 197.519653, 119.124763, 43.292530,36.581116, 197.521698, 1.000010
5, 518,27,167.502090, 167.507294, 119.124763, 43.292530,36.581116, 197.521698, 0.999969
5, 518,28,89.935211, 89.936981, 119.124763, 43.292530,36.581116, 197.521698, 0.999980
5, 518,29,126.250618, 126.248940, 119.124763, 43.292530,36.581116, 197.521698, 1.000013
5, 518,30,156.778885, 156.773788, 119.124763, 43.292530,36.581116, 197.521698, 1.000033
5, 518,31,146.826935, 146.823410, 119.124763, 43.292530,36.581116, 197.521698, 1.000024
5, 519,0,38.671600, 38.694977, 119.124847, 57.732239,15.604385, 220.044922, 0.999396
5, 519,1,220.044922, 220.045441, 119.124847, 57.732239,15.604385, 220.044922, 0.999998
5, 519,2,30.273731, 30.274607, 119.124847, 57.732239,15.604385, 220.044922, 0.999971
5, 519,3,94.517815, 94.519409, 119.124847, 57.732239,15.604385, 220.044922, 0.999983
5, 519,4,60.348709, 60.361172, 119.124847, 57.732239,15.604385, 220.044922, 0.999794
5, 519,5,62.632626, 62.635380, 119.124847, 57.732239,15.604385, 220.044922, 0.999956
5, 519,6,179.827774, 179.811905, 119.124847, 57.732239,15.604385, 220.044922, 1.000088
5, 519,7,91.586639, 91.588066, 119.124847, 57.732239,15.604385, 220.044922, 0.999984
5, 519,8,88.272911, 88.270164, 119.124847, 57.732239,15.604385, 220.044922, 1.000031
5, 519,9,75.381355, 75.378677, 119.124847, 57.732239,15.604385, 220.044922, 1.000036
5, 519,10,24.136930, 24.134886, 119.124847, 57.732239,15.604385, 220.044922, 1.000085
5, 519,11,184.059250, 184.051086, 119.124847, 57.732239,15.604385, 220.044922, 1.000044
5, 519,12,159.790024, 159.794998, 119.124847, 57.732239,15.604385, 220.044922, 0.999969
5, 519,13,82.750626, 82.748924, 119.124847, 57.732239,15.604385, 220.044922, 1.000021
5, 519,14,174.427795, 174.432419, 119.124847, 57.732239,15.604385, 220.044922, 0.999973
5, 519,15,78.920776, 78.915627, 119.124847, 57.732239,15.604385, 220.044922, 1.000065
5, 519,16,15.604385, 15.611435, 119.124847, 57.732239,15.604385, 220.044922, 0.999548
5, 519,17,161.049240, 161.057724, 119.124847, 57.732239,15.604385, 220.044922, 0.999947
5, 519,18,79.071808, 79.057365, 119.124847, 57.732239,15.604385, 220.044922, 1.000183
5, 519,19,182.702698, 182.691711, 119.124847, 57.732239,15.604385, 220.044922, 1.000060
5, 519,20,175.904541, 175.894852, 119.124847, 57.732239,15.604385, 220.044922, 1.000055
5, 519,21,180.642838, 180.649445, 119.124847, 57.732239,15.604385, 220.044922, 0.999963
5, 519,22,162.094925, 162.088547, 119.124847, 57.732239,15.604385, 220.044922, 1.000039
5, 519,23,67.676544, 67.679871, 119.124847, 57.732239,15.604385, 220.044922, 0.999951
5, 519,24,128.994202, 128.986893, 119.124847, 57.732239,15.604385, 220.044922, 1.000057
5, 519,25,199.623169, 199.635544, 119.124847, 57.732239,15.604385, 220.044922, 0.999938
5, 519,26,140.866989, 140.866882, 119.124847, 57.732239,15.604385, 220.044922, 1.000001
5, 519,27,167.977722, 167.983459, 119.124847, 57.732239,15.604385, 220.044922, 0.999966
5, 519,28,130.826843, 130.829437, 119.124847, 57.732239,15.604385, 220.044922, 0.999980
5, 519,29,158.690430, 158.680450, 119.124847, 57.732239,15.604385, 220.044922, 1.000063
5, 519,30,73.548103, 73.536118, 119.124847, 57.732239,15.604385, 220.044922, 1.000163
5, 519,31,141.077103, 141.092377, 119.124847, 57.732239,15.604385, 220.044922, 0.999892
5, 520,0,163.349106, 163.344559, 119.126953, 73.301208,12.343718, 260.190582, 1.000028
5, 520,1,222.751358, 222.751801, 119.126953, 73.301208,12.343718, 260.190582, 0.999998
5, 520,2,31.078785, 31.066978, 119.126953, 73.301208,12.343718, 260.190582, 1.000380
5, 520,3,128.656174, 128.641663, 119.126953, 73.301208,12.343718, 260.190582, 1.000113
5, 520,4,260.190582, 260.186829, 119.126953, 73.301208,12.343718, 260.190582, 1.000014
5, 520,5,134.201279, 134.212891, 119.126953, 73.301208,12.343718, 260.190582, 0.999913
5, 520,6,70.481781, 70.485275, 119.126953, 73.301208,12.343718, 260.190582, 0.999950
5, 520,7,89.140610, 89.124603, 119.126953, 73.301208,12.343718, 260.190582, 1.000180
5, 520,8,54.559814, 54.561596, 119.126953, 73.301208,12.343718, 260.190582, 0.999967
5, 520,9,99.885986, 99.896744, 119.126953, 73.301208,12.343718, 260.190582, 0.999892
5, 520,10,256.774750, 256.771667, 119.126953, 73.301208,12.343718, 260.190582, 1.000012
5, 520,11,37.026596, 37.033211, 119.126953, 73.301208,12.343718, 260.190582, 0.999821
5, 520,12,195.209076, 195.216614, 119.126953, 73.301208,12.343718, 260.190582, 0.999961
5, 520,13,64.428917, 64.436737, 119.126953, 73.301208,12.343718, 260.190582, 0.999879
5, 520,14,72.062813, 72.048828, 119.126953, 73.301208,12.343718, 260.190582, 1.000194
5, 520,15,207.360382, 207.354813, 119.126953, 73.301208,12.343718, 260.190582, 1.000027
5, 520,16,23.172661, 23.158632, 119.126953, 73.301208,12.343718, 260.190582, 1.000606
5, 520,17,114.262909, 114.248627, 119.126953, 73.301208,12.343718, 260.190582, 1.000125
5, 520,18,209.955414, 209.947021, 119.126953, 73.301208,12.343718, 260.190582, 1.000040
5, 520,19,109.868843, 109.862411, 119.126953, 73.301208,12.343718, 260.190582, 1.000059
5, 520,20,147.056030, 147.058792, 119.126953, 73.301208,12.343718, 260.190582, 0.999981
5, 520,21,65.571541, 65.572388, 119.126953, 73.301208,12.343718, 260.190582, 0.999987
5, 520,22,204.846573, 204.844864, 119.126953, 73.301208,12.343718, 260.190582, 1.000008
5, 520,23,12.343718, 12.353577, 119.126953, 73.301208,12.343718, 260.190582, 0.999202
5, 520,24,49.603554, 49.591110, 119.126953, 73.301208,12.343718, 260.190582, 1.000251
5, 520,25,207.530640, 207.535828, 119.126953, 73.301208,12.343718, 260.190582, 0.999975
5, 520,26,146.480042, 146.482758, 119.126953, 73.301208,12.343718, 260.190582, 0.999981
5, 520,27,145.068298, 145.059082, 119.126953, 73.301208,12.343718, 260.190582, 1.000064
5, 520,28,103.585701, 103.591698, 119.126953, 73.301208,12.343718, 260.190582, 0.999942
5, 520,29,141.229309, 141.240692, 119.126953, 73.301208,12.343718, 260.190582, 0.999919
5, 520,30,16.641933, 16.632807, 119.126953, 73.301208,12.343718, 260.190582, 1.000549
5, 520,31,27.687328, 27.684742, 119.126953, 73.301208,12.343718, 260.190582, 1.000093
5, 521,0,194.294739, 194.286163, 119.125381, 62.159729,22.855888, 212.722931, 1.000044
5, 521,1,56.591770, 56.581646, 119.125381, 62.159729,22.855888, 212.722931, 1.000179
5, 521,2,22.855888, 22.852255, 119.125381, 62.159729,22.855888, 212.722931, 1.000159
5, 521,3,143.046616, 143.051315, 119.125381, 62.159729,22.855888, 212.722931, 0.999967
5, 521,4,122.655472, 122.653183, 119.125381, 62.159729,22.855888, 212.722931, 1.000019
5, 521,5,111.870117, 111.866257, 119.125381, 62.159729,22.855888, 212.722931, 1.000034
5, 521,6,62.284424, 62.286160, 119.125381, 62.159729,22.855888, 212.722931, 0.999972
5, 521,7,25.613146, 25.601868, 119.125381, 62.159729,22.855888, 212.722931, 1.000440
5, 521,8,49.237827, 49.241058, 119.125381, 62.159729,22.855888, 212.722931, 0.999934
5, 521,9,25.239592, 25.228617, 119.125381, 62.159729,22.855888, 212.722931, 1.000435
5, 521,10,83.869904, 83.878700, 119.125381, 62.159729,22.855888, 212.722931, 0.999895
5, 521,11,75.816849, 75.822708, 119.125381, 62.159729,22.855888, 212.722931, 0.999923
5, 521,12,130.486877, 130.491455, 119.125381, 62.159729,22.855888, 212.722931, 0.999965
5, 521,13,208.890549, 208.886475, 119.125381, 62.159729,22.855888, 212.722931, 1.000020
5, 521,14,181.238464, 181.228607, 119.125381, 62.159729,22.855888, 212.722931, 1.000054
5, 521,15,200.930054, 200.930023, 119.125381, 62.159729,22.855888, 212.722931, 1.000000
5, 521,16,182.632507, 182.622086, 119.125381, 62.159729,22.855888, 212.722931, 1.000057
5, 521,17,52.544502, 52.538101, 119.125381, 62.159729,22.855888, 212.722931, 1.000122
5, 521,18,64.458061, 64.469681, 119.125381, 62.159729,22.855888, 212.722931, 0.999820
5, 521,19,192.479431, 192.482117, 119.125381, 62.159729,22.855888, 212.722931, 0.999986
5, 521,20,90.119293, 90.118195, 119.125381, 62.159729,22.855888, 212.722931, 1.000012
5, 521,21,188.682404, 188.693619, 119.125381, 62.159729,22.855888, 212.722931, 0.999941
5, 521,22,137.832245, 137.832031, 119.125381, 62.159729,22.855888, 212.722931, 1.000002
5, 521,23,188.351059, 188.351486, 119.125381, 62.159729,22.855888, 212.722931, 0.999998
5, 521,24,178.030182, 178.024872, 119.125381, 62.159729,22.855888, 212.722931, 1.000030
5, 521,25,178.172546, 178.186615, 119.125381, 62.159729,22.855888, 212.722931, 0.999921
5, 521,26,212.722931, 212.724731, 119.125381, 62.159729,22.855888, 212.722931, 0.999992
5, 521,27,74.437851, 74.429237, 119.125381, 62.159729,22.855888, 212.722931, 1.000116
5, 521,28,76.501549, 76.494553, 119.125381, 62.159729,22.855888, 212.722931, 1.000091
5, 521,29,107.480309, 107.486778, 119.125381, 62.159729,22.855888, 212.722931, 0.999940
5, 521,30,143.331863, 143.337479, 119.125381, 62.159729,22.855888, 212.722931, 0.999961
5, 521,31,49.313538, 49.321930, 119.125381, 62.159729,22.855888, 212.722931, 0.999830
5, 522,0,219.747421, 219.742142, 119.122437, 63.093884,14.208174, 220.650543, 1.000024
5, 522,1,14.208174, 14.215532, 119.122437, 63.093884,14.208174, 220.650543, 0.999482
5, 522,2,48.534775, 48.534626, 119.122437, 63.093884,14.208174, 220.650543, 1.000003
5, 522,3,199.683640, 199.686035, 119.122437, 63.093884,14.208174, 220.650543, 0.999988
5, 522,4,178.023148, 178.026474, 119.122437, 63.093884,14.208174, 220.650543, 0.999981
5, 522,5,132.215469, 132.218109, 119.122437, 63.093884,14.208174, 220.650543, 0.999980
5, 522,6,120.230202, 120.231003, 119.122437, 63.093884,14.208174, 220.650543, 0.999993
5, 522,7,37.043259, 37.051826, 119.122437, 63.093884,14.208174, 220.650543, 0.999769
5, 522,8,121.660835, 121.659889, 119.122437, 63.093884,14.208174, 220.650543, 1.000008
5, 522,9,128.681427, 128.694397, 119.122437, 63.093884,14.208174, 220.650543, 0.999899
5, 522,10,132.652100, 132.651306, 119.122437, 63.093884,14.208174, 220.650543, 1.000006
5, 522,11,59.145855, 59.144577, 119.122437, 63.093884,14.208174, 220.650543, 1.000022
5, 522,12,106.123947, 106.129669, 119.122437, 63.093884,14.208174, 220.650543, 0.999946
5, 522,13,184.039932, 184.039429, 119.122437, 63.093884,14.208174, 220.650543, 1.000003
5, 522,14,93.058090, 93.056335, 119.122437, 63.093884,14.208174, 220.650543, 1.000019
5, 522,15,188.038254, 188.048065, 119.122437, 63.093884,14.208174, 220.650543, 0.999948
5, 522,16,215.873459, 215.869293, 119.122437, 63.093884,14.208174, 220.650543, 1.000019
5, 522,17,174.982803, 174.987686, 119.122437, 63.093884,14.208174, 220.650543, 0.999972
5, 522,18,87.014580, 87.017525, 119.122437, 63.093884,14.208174, 220.650543, 0.999966
5, 522,19,66.125771, 66.140289, 119.122437, 63.093884,14.208174, 220.650543, 0.999780
5, 522,20,25.517641, 25.510834, 119.122437, 63.093884,14.208174, 220.650543, 1.000267
5, 522,21,46.163357, 46.168236, 119.122437, 63.093884,14.208174, 220.650543, 0.999894
5, 522,22,143.796509, 143.804367, 119.122437, 63.093884,14.208174, 220.650543, 0.999945
5, 522,23,122.127037, 122.138336, 119.122437, 63.093884,14.208174, 220.650543, 0.999907
5, 522,24,195.071930, 195.076096, 119.122437, 63.093884,14.208174, 220.650543, 0.999979
5, 522,25,135.663757, 135.657776, 119.122437, 63.093884,14.208174, 220.650543, 1.000044
5, 522,26,27.629667, 27.644461, 119.122437, 63.093884,14.208174, 220.650543, 0.999465
5, 522,27,105.169472, 105.159836, 119.122437, 63.093884,14.208174, 220.650543, 1.000092
5, 522,28,220.650543, 220.653793, 119.122437, 63.093884,14.208174, 220.650543, 0.999985
5, 522,29,110.651917, 110.636147, 119.122437, 63.093884,14.208174, 220.650543, 1.000143
5, 522,30,20.801691, 20.816849, 119.122437, 63.093884,14.208174, 220.650543, 0.999272
5, 522,31,151.591202, 151.588882, 119.122437, 63.093884,14.208174, 220.650543, 1.000015
5, 523,0,31.002262, 31.005920, 119.124039, 70.165085,24.502516, 264.940369, 0.999882
5, 523,1,179.515854, 179.518265, 119.124039, 70.165085,24.502516, 264.940369, 0.999987
5, 523,2,67.841530, 67.841820, 119.124039, 70.165085,24.502516, 264.940369, 0.999996
5, 523,3,24.502516, 24.502195, 119.124039, 70.165085,24.502516, 264.940369, 1.000013
5, 523,4,71.304619, 71.308350, 119.124039, 70.165085,24.502516, 264.940369, 0.999948
5, 523,5,57.817516, 57.800003, 119.124039, 70.165085,24.502516, 264.940369, 1.000303
5, 523,6,216.159958, 216.171295, 119.124039, 70.165085,24.502516, 264.940369, 0.999948
5, 523,7,106.392357, 106.387131, 119.124039, 70.165085,24.502516, 264.940369, 1.000049
5, 523,8,179.220551, 179.224106, 119.124039, 70.165085,24.502516, 264.940369, 0.999980
5, 523,9,165.773254, 165.771393, 119.124039, 70.165085,24.502516, 264.940369, 1.000011
5, 523,10,111.900314, 111.897011, 119.124039, 70.165085,24.502516, 264.940369, 1.000030
5, 523,11,165.839874, 165.834991, 119.124039, 70.165085,24.502516, 264.940369, 1.000029
5, 523,12,65.374092, 65.377075, 119.124039, 70.165085,24.502516, 264.940369, 0.999954
5, 523,13,55.857613, 55.867966, 119.124039, 70.165085,24.502516, 264.940369, 0.999815
5, 523,14,225.158386, 225.163620, 119.124039, 70.165085,24.502516, 264.940369, 0.999977
5, 523,15,237.708435, 237.717865, 119.124039, 70.165085,24.502516, 264.940369, 0.999960
5, 523,16,109.196854, 109.193748, 119.124039, 70.165085,24.502516, 264.940369, 1.000028
5, 523,17,133.743881, 133.737762, 119.124039, 70.165085,24.502516, 264.940369, 1.000046
5, 523,18,48.005428, 48.004658, 119.124039, 70.165085,24.502516, 264.940369, 1.000016
5, 523,19,109.848557, 109.845711, 119.124039, 70.165085,24.502516, 264.940369, 1.000026
5, 523,20,32.940346, 32.945908, 119.124039, 70.165085,24.502516, 264.940369, 0.999831
5, 523,21,197.713348, 197.717575, 119.124039, 70.165085,24.502516, 264.940369, 0.999979
5, 523,22,33.365242, 33.367298, 119.124039, 70.165085,24.502516, 264.940369, 0.999938
5, 523,23,51.823959, 51.836929, 119.124039, 70.165085,24.502516, 264.940369, 0.999750
5, 523,24,264.940369, 264.941284, 119.124039, 70.165085,24.502516, 264.940369, 0.999997
5, 523,25,71.263939, 71.260651, 119.124039, 70.165085,24.502516, 264.940369, 1.000046
5, 523,26,121.246994, 121.255058, 119.124039, 70.165085,24.502516, 264.940369, 0.999933
5, 523,27,58.580238, 58.579178, 119.124039, 70.165085,24.502516, 264.940369, 1.000018
5, 523,28,203.390167, 203.386459, 119.124039, 70.165085,24.502516, 264.940369, 1.000018
5, 523,29,154.446518, 154.441544, 119.124039, 70.165085,24.502516, 264.940369, 1.000032
5, 523,30,70.781952, 70.783600, 119.124039, 70.165085,24.502516, 264.940369, 0.999977
5, 523,31,189.311935, 189.313599, 119.124039, 70.165085,24.502516, 264.940369, 0.999991
5, 524,0,200.999268, 200.994141, 119.126495, 65.524963,10.328732, 238.317322, 1.000026
5, 524,1,98.966690, 98.970779, 119.126495, 65.524963,10.328732, 238.317322, 0.999959
5, 524,2,153.186325, 153.188126, 119.126495, 65.524963,10.328732, 238.317322, 0.999988
5, 524,3,22.118540, 22.104820, 119.126495, 65.524963,10.328732, 238.317322, 1.000621
5, 524,4,94.892685, 94.880096, 119.126495, 65.524963,10.328732, 238.317322, 1.000133
5, 524,5,31.076027, 31.073679, 119.126495, 65.524963,10.328732, 238.317322, 1.000076
5, 524,6,10.328732, 10.348440, 119.126495, 65.524963,10.328732, 238.317322, 0.998096
5, 524,7,68.843529, 68.844620, 119.126495, 65.524963,10.328732, 238.317322, 0.999984
5, 524,8,112.055901, 112.072151, 119.126495, 65.524963,10.328732, 238.317322, 0.999855
5, 524,9,187.369293, 187.370132, 119.126495, 65.524963,10.328732, 238.317322, 0.999996
5, 524,10,74.312859, 74.315132, 119.126495, 65.524963,10.328732, 238.317322, 0.999969
5, 524,11,61.036949, 61.032589, 119.126495, 65.524963,10.328732, 238.317322, 1.000071
5, 524,12,172.473267, 172.470810, 119.126495, 65.524963,10.328732, 238.317322, 1.000014
5, 524,13,182.967484, 182.965851, 119.126495, 65.524963,10.328732, 238.317322, 1.000009
5, 524,14,64.240166, 64.238235, 119.126495, 65.524963,10.328732, 238.317322, 1.000030
5, 524,15,238.317322, 238.298187, 119.126495, 65.524963,10.328732, 238.317322, 1.000080
5, 524,16,109.890694, 109.883942, 119.126495, 65.524963,10.328732, 238.317322, 1.000061
5, 524,17,114.278702, 114.281258, 119.126495, 65.524963,10.328732, 238.317322, 0.999978
5, 524,18,98.170357, 98.155434, 119.126495, 65.524963,10.328732, 238.317322, 1.000152
5, 524,19,52.185555, 52.189167, 119.126495, 65.524963,10.328732, 238.317322, 0.999931
5, 524,20,211.689499, 211.677322, 119.126495, 65.524963,10.328732, 238.317322, 1.000058
5, 524,21,110.315193, 110.316010, 119.126495, 65.524963,10.328732, 238.317322, 0.999993
5, 524,22,126.812019, 126.804214, 119.126495, 65.524963,10.328732, 238.317322, 1.000062
5, 524,23,121.589508, 121.591530, 119.126495, 65.524963,10.328732, 238.317322, 0.999983
5, 524,24,62.356987, 62.356663, 119.126495, 65.524963,10.328732, 238.317322, 1.000005
5, 524,25,176.903503, 176.902969, 119.126495, 65.524963,10.328732, 238.317322, 1.000003
5, 524,26,86.855026, 86.852028, 119.126495, 65.524963,10.328732, 238.317322, 1.000035
5, 524,27,203.095779, 203.098724, 119.126495, 65.524963,10.328732, 238.317322, 0.999986
5, 524,28,208.042358, 208.046585, 119.126495, 65.524963,10.328732, 238.317322, 0.999980
5, 524,29,27.163073, 27.157209, 119.126495, 65.524963,10.328732, 238.317322, 1.000216
5, 524,30,95.610352, 95.604851, 119.126495, 65.524963,10.328732, 238.317322, 1.000058
5, 524,31,233.904343, 233.914795, 119.126495, 65.524963,10.328732, 238.317322, 0.999955
5, 525,0,67.875237, 67.866074, 119.126801, 39.526676,31.818800, 178.154572, 1.000135
5, 525,1,61.245552, 61.242062, 119.126801, 39.526676,31.818800, 178.154572, 1.000057
5, 525,2,98.755112, 98.756325, 119.126801, 39.526676,31.818800, 178.154572, 0.999988
5, 525,3,159.642715, 159.653641, 119.126801, 39.526676,31.818800, 178.154572, 0.999932
5, 525,4,117.361412, 117.363533, 119.126801, 39.526676,31.818800, 178.154572, 0.999982
5, 525,5,73.823120, 73.814056, 119.126801, 39.526676,31.818800, 178.154572, 1.000123
5, 525,6,52.704273, 52.698994, 119.126801, 39.526676,31.818800, 178.154572, 1.000100
5, 525,7,148.721222, 148.717194, 119.126801, 39.526676,31.818800, 178.154572, 1.000027
5, 525,8,47.970760, 47.977676, 119.126801, 39.526676,31.818800, 178.154572, 0.999856
5, 525,9,93.459579, 93.457115, 119.126801, 39.526676,31.818800, 178.154572, 1.000026
5, 525,10,79.576561, 79.565765, 119.126801, 39.526676,31.818800, 178.154572, 1.000136
5, 525,11,178.154572, 178.146347, 119.126801, 39.526676,31.818800, 178.154572, 1.000046
5, 525,12,135.194901, 135.202026, 119.126801, 39.526676,31.818800, 178.154572, 0.999947
5, 525,13,110.923149, 110.924881, 119.126801, 39.526676,31.818800, 178.154572, 0.999984
5, 525,14,167.042999, 167.051804, 119.126801, 39.526676,31.818800, 178.154572, 0.999947
5, 525,15,137.019989, 137.006592, 119.126801, 39.526676,31.818800, 178.154572, 1.000098
5, 525,16,172.831619, 172.836243, 119.126801, 39.526676,31.818800, 178.154572, 0.999973
5, 525,17,128.732162, 128.736115, 119.126801, 39.526676,31.818800, 178.154572, 0.999969
5, 525,18,101.473000, 101.460449, 119.126801, 39.526676,31.818800, 178.154572, 1.000124
5, 525,19,123.538437, 123.545944, 119.126801, 39.526676,31.818800, 178.154572, 0.999939
5, 525,20,154.764969, 154.768768, 119.126801, 39.526676,31.818800, 178.154572, 0.999975
5, 525,21,103.215569, 103.199593, 119.126801, 39.526676,31.818800, 178.154572, 1.000155
5, 525,22,110.615608, 110.619576, 119.126801, 39.526676,31.818800, 178.154572, 0.999964
5, 525,23,146.639984, 146.640045, 119.126801, 39.526676,31.818800, 178.154572, 1.000000
5, 525,24,31.818800, 31.812902, 119.126801, 39.526676,31.818800, 178.154572, 1.000185
5, 525,25,160.320633, 160.313309, 119.126801, 39.526676,31.818800, 178.154572, 1.000046
5, 525,26,149.148285, 149.142456, 119.126801, 39.526676,31.818800, 178.154572, 1.000039
5, 525,27,148.536758, 148.548187, 119.126801, 39.526676,31.818800, 178.154572, 0.999923
5, 525,28,112.304756, 112.298752, 119.126801, 39.526676,31.818800, 178.154572, 1.000054
5, 525,29,130.937698, 130.944122, 119.126801, 39.526676,31.818800, 178.154572, 0.999951
5, 525,30,154.018127, 154.010956, 119.126801, 39.526676,31.818800, 178.154572, 1.000047
5, 525,31,153.690063, 153.678391, 119.126801, 39.526676,31.818800, 178.154572, 1.000076
5, 526,0,13.605111, 13.614659, 119.122299, 69.281036,13.048667, 229.619537, 0.999299
5, 526,1,48.934532, 48.932896, 119.122299, 69.281036,13.048667, 229.619537, 1.000033
5, 526,2,141.788605, 141.784470, 119.122299, 69.281036,13.048667, 229.619537, 1.000029
5, 526,3,97.825661, 97.833488, 119.122299, 69.281036,13.048667, 229.619537, 0.999920
5, 526,4,61.148808, 61.166603, 119.122299, 69.281036,13.048667, 229.619537, 0.999709
5, 526,5,80.334450, 80.328407, 119.122299, 69.281036,13.048667, 229.619537, 1.000075
5, 526,6,177.835739, 177.828369, 119.122299, 69.281036,13.048667, 229.619537, 1.000041
5, 526,7,109.424858, 109.423676, 119.122299, 69.281036,13.048667, 229.619537, 1.000011
5, 526,8,154.859375, 154.867065, 119.122299, 69.281036,13.048667, 229.619537, 0.999950
5, 526,9,194.106613, 194.121719, 119.122299, 69.281036,13.048667, 229.619537, 0.999922
5, 526,10,124.306847, 124.313606, 119.122299, 69.281036,13.048667, 229.619537, 0.999946
5, 526,11,148.152405, 148.151184, 119.122299, 69.281036,13.048667, 229.619537, 1.000008
5, 526,12,197.792007, 197.784302, 119.122299, 69.281036,13.048667, 229.619537, 1.000039
5, 526,13,207.184799, 207.183777, 119.122299, 69.281036,13.048667, 229.619537, 1.000005
5, 526,14,45.691902, 45.701607, 119.122299, 69.281036,13.048667, 229.619537, 0.999788
5, 526,15,17.221630, 17.229319, 119.122299, 69.281036,13.048667, 229.619537, 0.999554
5, 526,16,229.619537, 229.631622, 119.122299, 69.281036,13.048667, 229.619537, 0.999947
5, 526,17,194.134583, 194.121719, 119.122299, 69.281036,13.048667, 229.619537, 1.000066
5, 526,18,146.379822, 146.364395, 119.122299, 69.281036,13.048667, 229.619537, 1.000105
5, 526,19,174.456039, 174.460159, 119.122299, 69.281036,13.048667, 229.619537, 0.999976
5, 526,20,38.618370, 38.629745, 119.122299, 69.281036,13.048667, 229.619537, 0.999706
5, 526,21,109.501015, 109.492134, 119.122299, 69.281036,13.048667, 229.619537, 1.000081
5, 526,22,25.132393, 25.129539, 119.122299, 69.281036,13.048667, 229.619537, 1.000114
5, 526,23,183.087784, 183.092911, 119.122299, 69.281036,13.048667, 229.619537, 0.999972
5, 526,24,135.530350, 135.534119, 119.122299, 69.281036,13.048667, 229.619537, 0.999972
5, 526,25,34.410221, 34.412643, 119.122299, 69.281036,13.048667, 229.619537, 0.999930
5, 526,26,94.619339, 94.629578, 119.122299, 69.281036,13.048667, 229.619537, 0.999892
5, 526,27,89.932098, 89.933266, 119.122299, 69.281036,13.048667, 229.619537, 0.999987
5, 526,28,227.124344, 227.132874, 119.122299, 69.281036,13.048667, 229.619537, 0.999962
5, 526,29,73.072411, 73.085388, 119.122299, 69.281036,13.048667, 229.619537, 0.999822
5, 526,30,13.048667, 13.053291, 119.122299, 69.281036,13.048667, 229.619537, 0.999646
5, 526,31,223.033249, 223.032135, 119.122299, 69.281036,13.048667, 229.619537, 1.000005
5, 527,0,165.834122, 165.837921, 119.122353, 58.858086,10.564408, 206.612839, 0.999977
5, 527,1,140.319153, 140.314240, 119.122353, 58.858086,10.564408, 206.612839, 1.000035
5, 527,2,71.246361, 71.248421, 119.122353, 58.858086,10.564408, 206.612839, 0.999971
5, 527,3,153.098511, 153.109100, 119.122353, 58.858086,10.564408, 206.612839, 0.999931
5, 527,4,101.309364, 101.317245, 119.122353, 58.858086,10.564408, 206.612839, 0.999922
5, 527,5,123.645180, 123.640701, 119.122353, 58.858086,10.564408, 206.612839, 1.000036
5, 527,6,192.880844, 192.886658, 119.122353, 58.858086,10.564408, 206.612839, 0.999970
5, 527,7,70.166283, 70.185684, 119.122353, 58.858086,10.564408, 206.612839, 0.999724
5, 527,8,177.682007, 177.690125, 119.122353, 58.858086,10.564408, 206.612839, 0.999954
5, 527,9,161.587357, 161.574966, 119.122353, 58.858086,10.564408, 206.612839, 1.000077
5, 527,10,28.416096, 28.414753, 119.122353, 58.858086,10.564408, 206.612839, 1.000047
5, 527,11,38.140930, 38.153496, 119.122353, 58.858086,10.564408, 206.612839, 0.999671
5, 527,12,144.361633, 144.367050, 119.122353, 58.858086,10.564408, 206.612839, 0.999962
5, 527,13,61.438316, 61.437626, 119.122353, 58.858086,10.564408, 206.612839, 1.000011
5, 527,14,136.365372, 136.369522, 119.122353, 58.858086,10.564408, 206.612839, 0.999970
5, 527,15,112.216782, 112.220795, 119.122353, 58.858086,10.564408, 206.612839, 0.999964
5, 527,16,53.761887, 53.746296, 119.122353, 58.858086,10.564408, 206.612839, 1.000290
5, 527,17,94.250717, 94.250351, 119.122353, 58.858086,10.564408, 206.612839, 1.000004
5, 527,18,91.493935, 91.506447, 119.122353, 58.858086,10.564408, 206.612839, 0.999863
5, 527,19,109.527176, 109.518921, 119.122353, 58.858086,10.564408, 206.612839, 1.000075
5, 527,20,206.612839, 206.618179, 119.122353, 58.858086,10.564408, 206.612839, 0.999974
5, 527,21,199.225403, 199.227036, 119.122353, 58.858086,10.564408, 206.612839, 0.999992
5, 527,22,10.564408, 10.558387, 119.122353, 58.858086,10.564408, 206.612839, 1.000570
5, 527,23,171.833649, 171.842087, 119.122353, 58.858086,10.564408, 206.612839, 0.999951
5, 527,24,177.362167, 177.359909, 119.122353, 58.858086,10.564408, 206.612839, 1.000013
5, 527,25,178.549332, 178.548721, 119.122353, 58.858086,10.564408, 206.612839, 1.000003
5, 527,26,90.921951, 90.924042, 119.122353, 58.858086,10.564408, 206.612839, 0.999977
5, 527,27,206.584671, 206.612167, 119.122353, 58.858086,10.564408, 206.612839, 0.999867
5, 527,28,23.607391, 23.599419, 119.122353, 58.858086,10.564408, 206.612839, 1.000338
5, 527,29,27.726337, 27.730278, 119.122353, 58.858086,10.564408, 206.612839, 0.999858
5, 527,30,135.950333, 135.949234, 119.122353, 58.858086,10.564408, 206.612839, 1.000008
5, 527,31,155.234512, 155.240585, 119.122353, 58.858086,10.564408, 206.612839, 0.999961
5, 528,0,235.818481, 235.835114, 119.124580, 71.977623,13.275203, 237.430710, 0.999929
5, 528,1,45.441879, 45.434490, 119.124580, 71.977623,13.275203, 237.430710, 1.000163
5, 528,2,187.554779, 187.562149, 119.124580, 71.977623,13.275203, 237.430710, 0.999961
5, 528,3,224.294128, 224.305496, 119.124580, 71.977623,13.275203, 237.430710, 0.999949
5, 528,4,112.790100, 112.796051, 119.124580, 71.977623,13.275203, 237.430710, 0.999947
5, 528,5,21.384436, 21.375214, 119.124580, 71.977623,13.275203, 237.430710, 1.000431
5, 528,6,91.955376, 91.964775, 119.124580, 71.977623,13.275203, 237.430710, 0.999898
5, 528,7,237.430710, 237.438110, 119.124580, 71.977623,13.275203, 237.430710, 0.999969
5, 528,8,92.925842, 92.920677, 119.124580, 71.977623,13.275203, 237.430710, 1.000056
5, 528,9,17.292128, 17.279549, 119.124580, 71.977623,13.275203, 237.430710, 1.000728
5, 528,10,70.030602, 70.023186, 119.124580, 71.977623,13.275203, 237.430710, 1.000106
5, 528,11,118.432533, 118.428513, 119.124580, 71.977623,13.275203, 237.430710, 1.000034
5, 528,12,180.458405, 180.459076, 119.124580, 71.977623,13.275203, 237.430710, 0.999996
5, 528,13,143.781647, 143.781921, 119.124580, 71.977623,13.275203, 237.430710, 0.999998
5, 528,14,21.919081, 21.934048, 119.124580, 71.977623,13.275203, 237.430710, 0.999318
5, 528,15,72.664886, 72.662941, 119.124580, 71.977623,13.275203, 237.430710, 1.000027
5, 528,16,161.765045, 161.767563, 119.124580, 71.977623,13.275203, 237.430710, 0.999984
5, 528,17,195.884705, 195.871140, 119.124580, 71.977623,13.275203, 237.430710, 1.000069
5, 528,18,89.000259, 89.001488, 119.124580, 71.977623,13.275203, 237.430710, 0.999986
5, 528,19,13.275203, 13.279473, 119.124580, 71.977623,13.275203, 237.430710, 0.999678
5, 528,20,129.515900, 129.516968, 119.124580, 71.977623,13.275203, 237.430710, 0.999992
5, 528,21,37.695992, 37.691696, 119.124580, 71.977623,13.275203, 237.430710, 1.000114
5, 528,22,131.544266, 131.546387, 119.124580, 71.977623,13.275203, 237.430710, 0.999984
5, 528,23,193.819122, 193.804932, 119.124580, 71.977623,13.275203, 237.430710, 1.000073
5, 528,24,181.149582, 181.142929, 119.124580, 71.977623,13.275203, 237.430710, 1.000037
5, 528,25,55.699883, 55.721451, 119.124580, 71.977623,13.275203, 237.430710, 0.999613
5, 528,26,206.792709, 206.797806, 119.124580, 71.977623,13.275203, 237.430710, 0.999975
5, 528,27,45.476692, 45.471256, 119.124580, 71.977623,13.275203, 237.430710, 1.000120
5, 528,28,202.335144, 202.334503, 119.124580, 71.977623,13.275203, 237.430710, 1.000003
5, 528,29,151.528946, 151.532074, 119.124580, 71.977623,13.275203, 237.430710, 0.999979
5, 528,30,126.815918, 126.825729, 119.124580, 71.977623,13.275203, 237.430710, 0.999923
5, 528,31,15.512056, 15.492750, 119.124580, 71.977623,13.275203, 237.430710, 1.001246
5, 529,0,39.125294, 39.113579, 119.126045, 62.945747,18.010956, 211.818314, 1.000299
5, 529,1,172.992859, 172.993896, 119.126045, 62.945747,18.010956, 211.818314, 0.999994
5, 529,2,129.652603, 129.651978, 119.126045, 62.945747,18.010956, 211.818314, 1.000005
5, 529,3,203.555954, 203.551376, 119.126045, 62.945747,18.010956, 211.818314, 1.000023
5, 529,4,38.260311, 38.270782, 119.126045, 62.945747,18.010956, 211.818314, 0.999726
5, 529,5,193.011322, 193.010254, 119.126045, 62.945747,18.010956, 211.818314, 1.000005
5, 529,6,150.756485, 150.746628, 119.126045, 62.945747,18.010956, 211.818314, 1.000065
5, 529,7,105.016449, 105.018837, 119.126045, 62.945747,18.010956, 211.818314, 0.999977
5, 529,8,18.010956, 18.012741, 119.126045, 62.945747,18.010956, 211.818314, 0.999901
5, 529,9,29.404755, 29.396658, 119.126045, 62.945747,18.010956, 211.818314, 1.000275
5, 529,10,160.268463, 160.271439, 119.126045, 62.945747,18.010956, 211.818314, 0.999981
5, 529,11,110.496490, 110.484604, 119.126045, 62.945747,18.010956, 211.818314, 1.000108
5, 529,12,68.044029, 68.047440, 119.126045, 62.945747,18.010956, 211.818314, 0.999950
5, 529,13,189.658127, 189.651474, 119.126045, 62.945747,18.010956, 211.818314, 1.000035
5, 529,14,62.386246, 62.389568, 119.126045, 62.945747,18.010956, 211.818314, 0.999947
5, 529,15,187.111328, 187.110718, 119.126045, 62.945747,18.010956, 211.818314, 1.000003
5, 529,16,131.117905, 131.114471, 119.126045, 62.945747,18.010956, 211.818314, 1.000026
5, 529,17,196.007156, 196.015808, 119.126045, 62.945747,18.010956, 211.818314, 0.999956
5, 529,18,91.566551, 91.558914, 119.126045, 62.945747,18.010956, 211.818314, 1.000083
5, 529,19,80.571648, 80.559219, 119.126045, 62.945747,18.010956, 211.818314, 1.000154
5, 529,20,130.723358, 130.724060, 119.126045, 62.945747,18.010956, 211.818314, 0.999995
5, 529,21,55.182636, 55.176247, 119.126045, 62.945747,18.010956, 211.818314, 1.000116
5, 529,22,185.349442, 185.350754, 119.126045, 62.945747,18.010956, 211.818314, 0.999993
5, 529,23,206.672836, 206.674683, 119.126045, 62.945747,18.010956, 211.818314, 0.999991
5, 529,24,62.771263, 62.773781, 119.126045, 62.945747,18.010956, 211.818314, 0.999960
5, 529,25,211.818314, 211.836807, 119.126045, 62.945747,18.010956, 211.818314, 0.999913
5, 529,26,47.705952, 47.708839, 119.126045, 62.945747,18.010956, 211.818314, 0.999940
5, 529,27,65.597672, 65.605820, 119.126045, 62.945747,18.010956, 211.818314, 0.999876
5, 529,28,209.757294, 209.760803, 119.126045, 62.945747,18.010956, 211.818314, 0.999983
5, 529,29,119.235687, 119.228592, 119.126045, 62.945747,18.010956, 211.818314, 1.000059
5, 529,30,112.149590, 112.139214, 119.126045, 62.945747,18.010956, 211.818314, 1.000093
5, 529,31,48.054344, 48.049675, 119.126045, 62.945747,18.010956, 211.818314, 1.000097
5, 530,0,112.819862, 112.820473, 119.124382, 58.038937,15.109328, 209.856445, 0.999995
5, 530,1,128.466629, 128.467072, 119.124382, 58.038937,15.109328, 209.856445, 0.999997
5, 530,2,60.450497, 60.440819, 119.124382, 58.038937,15.109328, 209.856445, 1.000160
5, 530,3,15.109328, 15.106446, 119.124382, 58.038937,15.109328, 209.856445, 1.000191
5, 530,4,117.594131, 117.612015, 119.124382, 58.038937,15.109328, 209.856445, 0.999848
5, 530,5,131.396057, 131.393860, 119.124382, 58.038937,15.109328, 209.856445, 1.000017
5, 530,6,183.560028, 183.551239, 119.124382, 58.038937,15.109328, 209.856445, 1.000048
5, 530,7,115.152580, 115.154503, 119.124382, 58.038937,15.109328, 209.856445, 0.999983
5, 530,8,63.157040, 63.157669, 119.124382, 58.038937,15.109328, 209.856445, 0.999990
5, 530,9,59.158215, 59.156487, 119.124382, 58.038937,15.109328, 209.856445, 1.000029
5, 530,10,209.610565, 209.608307, 119.124382, 58.038937,15.109328, 209.856445, 1.000011
5, 530,11,64.047134, 64.034470, 119.124382, 58.038937,15.109328, 209.856445, 1.000198
5, 530,12,151.547623, 151.547958, 119.124382, 58.038937,15.109328, 209.856445, 0.999998
5, 530,13,142.581802, 142.594711, 119.124382, 58.038937,15.109328, 209.856445, 0.999909
5, 530,14,70.938339, 70.937744, 119.124382, 58.038937,15.109328, 209.856445, 1.000008
5, 530,15,112.293098, 112.295631, 119.124382, 58.038937,15.109328, 209.856445, 0.999977
5, 530,16,196.766342, 196.765030, 119.124382, 58.038937,15.109328, 209.856445, 1.000007
5, 530,17,153.447205, 153.455933, 119.124382, 58.038937,15.109328, 209.856445, 0.999943
5, 530,18,79.774902, 79.773689, 119.124382, 58.038937,15.109328, 209.856445, 1.000015
5, 530,19,137.411255, 137.414154, 119.124382, 58.038937,15.109328, 209.856445, 0.999979
5, 530,20,45.986954, 45.979759, 119.124382, 58.038937,15.109328, 209.856445, 1.000157
5, 530,21,189.121887, 189.114594, 119.124382, 58.038937,15.109328, 209.856445, 1.000039
5, 530,22,116.748672, 116.753738, 119.124382, 58.038937,15.109328, 209.856445, 0.999957
5, 530,23,80.236130, 80.242966, 119.124382, 58.038937,15.109328, 209.856445, 0.999915
5, 530,24,15.474955, 15.470751, 119.124382, 58.038937,15.109328, 209.856445, 1.000272
5, 530,25,199.494858, 199.500397, 119.124382, 58.038937,15.109328, 209.856445, 0.999972
5, 530,26,165.066345, 165.064301, 119.124382, 58.038937,15.109328, 209.856445, 1.000012
5, 530,27,188.932922, 188.929367, 119.124382, 58.038937,15.109328, 209.856445, 1.000019
5, 530,28,82.877007, 82.879539, 119.124382, 58.038937,15.109328, 209.856445, 0.999969
5, 530,29,209.856445, 209.867645, 119.124382, 58.038937,15.109328, 209.856445, 0.999947
5, 530,30,173.103867, 173.109894, 119.124382, 58.038937,15.109328, 209.856445, 0.999965
5, 530,31,39.797688, 39.798920, 119.124382, 58.038937,15.109328, 209.856445, 0.999969
5, 531,0,126.405342, 126.398666, 119.126297, 61.676170,13.034202, 224.016357, 1.000053
5, 531,1,60.651295, 60.639824, 119.126297, 61.676170,13.034202, 224.016357, 1.000189
5, 531,2,173.880585, 173.870193, 119.126297, 61.676170,13.034202, 224.016357, 1.000060
5, 531,3,62.900146, 62.906681, 119.126297, 61.676170,13.034202, 224.016357, 0.999896
5, 531,4,105.735886, 105.718536, 119.126297, 61.676170,13.034202, 224.016357, 1.000164
5, 531,5,202.183548, 202.179443, 119.126297, 61.676170,13.034202, 224.016357, 1.000020
5, 531,6,196.723953, 196.724396, 119.126297, 61.676170,13.034202, 224.016357, 0.999998
5, 531,7,69.155876, 69.157120, 119.126297, 61.676170,13.034202, 224.016357, 0.999982
5, 531,8,171.741211, 171.742523, 119.126297, 61.676170,13.034202, 224.016357, 0.999992
5, 531,9,125.196037, 125.192345, 119.126297, 61.676170,13.034202, 224.016357, 1.000029
5, 531,10,24.132658, 24.124798, 119.126297, 61.676170,13.034202, 224.016357, 1.000326
5, 531,11,181.028549, 181.028702, 119.126297, 61.676170,13.034202, 224.016357, 0.999999
5, 531,12,39.640221, 39.634903, 119.126297, 61.676170,13.034202, 224.016357, 1.000134
5, 531,13,130.310928, 130.302734, 119.126297, 61.676170,13.034202, 224.016357, 1.000063
5, 531,14,90.092766, 90.095764, 119.126297, 61.676170,13.034202, 224.016357, 0.999967
5, 531,15,192.691071, 192.687790, 119.126297, 61.676170,13.034202, 224.016357, 1.000017
5, 531,16,187.463013, 187.451477, 119.126297, 61.676170,13.034202, 224.016357, 1.000062
5, 531,17,179.076004, 179.086639, 119.126297, 61.676170,13.034202, 224.016357, 0.999941
5, 531,18,123.581955, 123.575050, 119.126297, 61.676170,13.034202, 224.016357, 1.000056
5, 531,19,13.034202, 13.035738, 119.126297, 61.676170,13.034202, 224.016357, 0.999882
5, 531,20,17.669870, 17.668884, 119.126297, 61.676170,13.034202, 224.016357, 1.000056
5, 531,21,224.016357, 224.012909, 119.126297, 61.676170,13.034202, 224.016357, 1.000015
5, 531,22,31.825842, 31.813566, 119.126297, 61.676170,13.034202, 224.016357, 1.000386
5, 531,23,83.279884, 83.295181, 119.126297, 61.676170,13.034202, 224.016357, 0.999816
5, 531,24,215.371796, 215.369659, 119.126297, 61.676170,13.034202, 224.016357, 1.000010
5, 531,25,111.223091, 111.233246, 119.126297, 61.676170,13.034202, 224.016357, 0.999909
5, 531,26,110.625687, 110.636696, 119.126297, 61.676170,13.034202, 224.016357, 0.999901
5, 531,27,121.876389, 121.878220, 119.126297, 61.676170,13.034202, 224.016357, 0.999985
5, 531,28,133.448364, 133.464386, 119.126297, 61.676170,13.034202, 224.016357, 0.999880
5, 531,29,67.464127, 67.453659, 119.126297, 61.676170,13.034202, 224.016357, 1.000155
5, 531,30,153.824463, 153.819748, 119.126297, 61.676170,13.034202, 224.016357, 1.000031
5, 531,31,85.790001, 85.800652, 119.126297, 61.676170,13.034202, 224.016357, 0.999876
5, 532,0,33.847630, 33.857056, 119.125755, 45.778637,25.850729, 180.095917, 0.999722
5, 532,1,56.036049, 56.040024, 119.125755, 45.778637,25.850729, 180.095917, 0.999929
5, 532,2,149.031067, 149.034180, 119.125755, 45.778637,25.850729, 180.095917, 0.999979
5, 532,3,145.393036, 145.388382, 119.125755, 45.778637,25.850729, 180.095917, 1.000032
5, 532,4,115.912575, 115.913841, 119.125755, 45.778637,25.850729, 180.095917, 0.999989
5, 532,5,145.566269, 145.579712, 119.125755, 45.778637,25.850729, 180.095917, 0.999908
5, 532,6,163.416763, 163.410049, 119.125755, 45.778637,25.850729, 180.095917, 1.000041
5, 532,7,84.932915, 84.929962, 119.125755, 45.778637,25.850729, 180.095917, 1.000035
5, 532,8,118.361992, 118.369171, 119.125755, 45.778637,25.850729, 180.095917, 0.999939
5, 532,9,148.775116, 148.773758, 119.125755, 45.778637,25.850729, 180.095917, 1.000009
5, 532,10,133.336472, 133.329651, 119.125755, 45.778637,25.850729, 180.095917, 1.000051
5, 532,11,28.810650, 28.808222, 119.125755, 45.778637,25.850729, 180.095917, 1.000084
5, 532,12,130.211014, 130.231262, 119.125755, 45.778637,25.850729, 180.095917, 0.999844
5, 532,13,105.501503, 105.497314, 119.125755, 45.778637,25.850729, 180.095917, 1.000040
5, 532,14,150.501709, 150.490356, 119.125755, 45.778637,25.850729, 180.095917, 1.000075
5, 532,15,25.850729, 25.842701, 119.125755, 45.778637,25.850729, 180.095917, 1.000311
5, 532,16,165.311539, 165.312668, 119.125755, 45.778637,25.850729, 180.095917, 0.999993
5, 532,17,102.987511, 102.983513, 119.125755, 45.778637,25.850729, 180.095917, 1.000039
5, 532,18,176.779053, 176.765533, 119.125755, 45.778637,25.850729, 180.095917, 1.000077
5, 532,19,129.298859, 129.295898, 119.125755, 45.778637,25.850729, 180.095917, 1.000023
5, 532,20,160.185318, 160.200073, 119.125755, 45.778637,25.850729, 180.095917, 0.999908
5, 532,21,129.481201, 129.481903, 119.125755, 45.778637,25.850729, 180.095917, 0.999995
5, 532,22,69.564857, 69.560257, 119.125755, 45.778637,25.850729, 180.095917, 1.000066
5, 532,23,168.371231, 168.363235, 119.125755, 45.778637,25.850729, 180.095917, 1.000047
5, 532,24,71.933868, 71.914612, 119.125755, 45.778637,25.850729, 180.095917, 1.000268
5, 532,25,151.440659, 151.441666, 119.125755, 45.778637,25.850729, 180.095917, 0.999993
5, 532,26,155.836594, 155.836807, 119.125755, 45.778637,25.850729, 180.095917, 0.999999
5, 532,27,137.787033, 137.777924, 119.125755, 45.778637,25.850729, 180.095917, 1.000066
5, 532,28,37.107643, 37.109566, 119.125755, 45.778637,25.850729, 180.095917, 0.999948
5, 532,29,180.095917, 180.081833, 119.125755, 45.778637,25.850729, 180.095917, 1.000078
5, 532,30,96.219818, 96.223404, 119.125755, 45.778637,25.850729, 180.095917, 0.999963
5, 532,31,144.137497, 144.155411, 119.125755, 45.778637,25.850729, 180.095917, 0.999876
5, 533,0,150.759750, 150.755020, 119.126144, 71.258987,10.759069, 233.819946, 1.000031
5, 533,1,229.473480, 229.470551, 119.126144, 71.258987,10.759069, 233.819946, 1.000013
5, 533,2,173.809586, 173.812897, 119.126144, 71.258987,10.759069, 233.819946, 0.999981
5, 533,3,195.408951, 195.407013, 119.126144, 71.258987,10.759069, 233.819946, 1.000010
5, 533,4,163.074432, 163.080826, 119.126144, 71.258987,10.759069, 233.819946, 0.999961
5, 533,5,141.113159, 141.117355, 119.126144, 71.258987,10.759069, 233.819946, 0.999970
5, 533,6,68.153740, 68.154305, 119.126144, 71.258987,10.759069, 233.819946, 0.999992
5, 533,7,61.324341, 61.321068, 119.126144, 71.258987,10.759069, 233.819946, 1.000053
5, 533,8,108.321251, 108.339722, 119.126144, 71.258987,10.759069, 233.819946, 0.999830
5, 533,9,158.576202, 158.566376, 119.126144, 71.258987,10.759069, 233.819946, 1.000062
5, 533,10,78.350388, 78.346008, 119.126144, 71.258987,10.759069, 233.819946, 1.000056
5, 533,11,79.917801, 79.919220, 119.126144, 71.258987,10.759069, 233.819946, 0.999982
5, 533,12,91.073601, 91.075378, 119.126144, 71.258987,10.759069, 233.819946, 0.999981
5, 533,13,209.049942, 209.052963, 119.126144, 71.258987,10.759069, 233.819946, 0.999986
5, 533,14,36.283463, 36.279560, 119.126144, 71.258987,10.759069, 233.819946, 1.000108
5, 533,15,233.819946, 233.820847, 119.126144, 71.258987,10.759069, 233.819946, 0.999996
5, 533,16,47.478870, 47.490440, 119.126144, 71.258987,10.759069, 233.819946, 0.999756
5, 533,17,47.210522, 47.203156, 119.126144, 71.258987,10.759069, 233.819946, 1.000156
5, 533,18,83.277588, 83.270859, 119.126144, 71.258987,10.759069, 233.819946, 1.000081
5, 533,19,202.522583, 202.513840, 119.126144, 71.258987,10.759069, 233.819946, 1.000043
5, 533,20,68.531731, 68.537338, 119.126144, 71.258987,10.759069, 233.819946, 0.999918
5, 533,21,106.847626, 106.848587, 119.126144, 71.258987,10.759069, 233.819946, 0.999991
5, 533,22,47.790215, 47.791401, 119.126144, 71.258987,10.759069, 233.819946, 0.999975
5, 533,23,136.440536, 136.438751, 119.126144, 71.258987,10.759069, 233.819946, 1.000013
5, 533,24,10.759069, 10.745568, 119.126144, 71.258987,10.759069, 233.819946, 1.001256
5, 533,25,230.982834, 230.982224, 119.126144, 71.258987,10.759069, 233.819946, 1.000003
5, 533,26,33.681355, 33.673492, 119.126144, 71.258987,10.759069, 233.819946, 1.000234
5, 533,27,41.190903, 41.183891, 119.126144, 71.258987,10.759069, 233.819946, 1.000170
5, 533,28,138.922043, 138.921707, 119.126144, 71.258987,10.759069, 233.819946, 1.000002
5, 533,29,13.171659, 13.160113, 119.126144, 71.258987,10.759069, 233.819946, 1.000877
5, 533,30,208.430893, 208.430511, 119.126144, 71.258987,10.759069, 233.819946, 1.000002
5, 533,31,216.288589, 216.289749, 119.126144, 71.258987,10.759069, 233.819946, 0.999995
5, 534,0,159.813843, 159.809998, 119.123795, 60.528866,18.495087, 207.537186, 1.000024
5, 534,1,103.944405, 103.945145, 119.123795, 60.528866,18.495087, 207.537186, 0.999993
5, 534,2,124.213768, 124.222153, 119.123795, 60.528866,18.495087, 207.537186, 0.999933
5, 534,3,137.831619, 137.840118, 119.123795, 60.528866,18.495087, 207.537186, 0.999938
5, 534,4,55.039841, 55.045444, 119.123795, 60.528866,18.495087, 207.537186, 0.999898
5, 534,5,192.063950, 192.062042, 119.123795, 60.528866,18.495087, 207.537186, 1.000010
5, 534,6,110.234367, 110.241882, 119.123795, 60.528866,18.495087, 207.537186, 0.999932
5, 534,7,99.106163, 99.116394, 119.123795, 60.528866,18.495087, 207.537186, 0.999897
5, 534,8,39.387577, 39.372303, 119.123795, 60.528866,18.495087, 207.537186, 1.000388
5, 534,9,118.466232, 118.462631, 119.123795, 60.528866,18.495087, 207.537186, 1.000030
5, 534,10,194.314575, 194.310898, 119.123795, 60.528866,18.495087, 207.537186, 1.000019
5, 534,11,115.170311, 115.170586, 119.123795, 60.528866,18.495087, 207.537186, 0.999998
5, 534,12,21.641886, 21.643976, 119.123795, 60.528866,18.495087, 207.537186, 0.999903
5, 534,13,31.188641, 31.195284, 119.123795, 60.528866,18.495087, 207.537186, 0.999787
5, 534,14,206.271469, 206.254715, 119.123795, 60.528866,18.495087, 207.537186, 1.000081
5, 534,15,181.653900, 181.654938, 119.123795, 60.528866,18.495087, 207.537186, 0.999994
5, 534,16,24.189665, 24.198904, 119.123795, 60.528866,18.495087, 207.537186, 0.999618
5, 534,17,142.350098, 142.350281, 119.123795, 60.528866,18.495087, 207.537186, 0.999999
5, 534,18,207.537186, 207.529053, 119.123795, 60.528866,18.495087, 207.537186, 1.000039
5, 534,19,170.257065, 170.267075, 119.123795, 60.528866,18.495087, 207.537186, 0.999941
5, 534,20,161.351807, 161.352951, 119.123795, 60.528866,18.495087, 207.537186, 0.999993
5, 534,21,204.291321, 204.280731, 119.123795, 60.528866,18.495087, 207.537186, 1.000052
5, 534,22,143.603424, 143.612122, 119.123795, 60.528866,18.495087, 207.537186, 0.999939
5, 534,23,78.400658, 78.402115, 119.123795, 60.528866,18.495087, 207.537186, 0.999981
5, 534,24,18.495087, 18.489357, 119.123795, 60.528866,18.495087, 207.537186, 1.000310
5, 534,25,169.537445, 169.561203, 119.123795, 60.528866,18.495087, 207.537186, 0.999860
5, 534,26,38.905655, 38.910042, 119.123795, 60.528866,18.495087, 207.537186, 0.999887
5, 534,27,83.979897, 83.974228, 119.123795, 60.528866,18.495087, 207.537186, 1.000067
5, 534,28,48.202873, 48.211479, 119.123795, 60.528866,18.495087, 207.537186, 0.999821
5, 534,29,122.164604, 122.173218, 119.123795, 60.528866,18.495087, 207.537186, 0.999929
5, 534,30,126.537453, 126.533447, 119.123795, 60.528866,18.495087, 207.537186, 1.000032
5, 534,31,181.814804, 181.804871, 119.123795, 60.528866,18.495087, 207.537186, 1.000055
5, 535,0,155.242523, 155.249054, 119.125366, 72.490440,11.639169, 246.873749, 0.999958
5, 535,1,152.325424, 152.341309, 119.125366, 72.490440,11.639169, 246.873749, 0.999896
5, 535,2,246.873749, 246.869812, 119.125366, 72.490440,11.639169, 246.873749, 1.000016
5, 535,3,118.709503, 118.721970, 119.125366, 72.490440,11.639169, 246.873749, 0.999895
5, 535,4,181.107071, 181.096497, 119.125366, 72.490440,11.639169, 246.873749, 1.000058
5, 535,5,150.342270, 150.361908, 119.125366, 72.490440,11.639169, 246.873749, 0.999869
5, 535,6,65.913956, 65.906921, 119.125366, 72.490440,11.639169, 246.873749, 1.000107
5, 535,7,97.359467, 97.370392, 119.125366, 72.490440,11.639169, 246.873749, 0.999888
5, 535,8,33.206753, 33.200565, 119.125366, 72.490440,11.639169, 246.873749, 1.000186
5, 535,9,156.039063, 156.031601, 119.125366, 72.490440,11.639169, 246.873749, 1.000048
5, 535,10,59.298618, 59.285862, 119.125366, 72.490440,11.639169, 246.873749, 1.000215
5, 535,11,226.040802, 226.032257, 119.125366, 72.490440,11.639169, 246.873749, 1.000038
5, 535,12,157.979004, 157.980316, 119.125366, 72.490440,11.639169, 246.873749, 0.999992
5, 535,13,11.639169, 11.634167, 119.125366, 72.490440,11.639169, 246.873749, 1.000430
5, 535,14,46.695889, 46.695869, 119.125366, 72.490440,11.639169, 246.873749, 1.000000
5, 535,15,114.802116, 114.801498, 119.125366, 72.490440,11.639169, 246.873749, 1.000005
5, 535,16,118.203751, 118.207939, 119.125366, 72.490440,11.639169, 246.873749, 0.999965
5, 535,17,193.265488, 193.249191, 119.125366, 72.490440,11.639169, 246.873749, 1.000084
5, 535,18,226.818726, 226.814819, 119.125366, 72.490440,11.639169, 246.873749, 1.000017
5, 535,19,194.972610, 194.975433, 119.125366, 72.490440,11.639169, 246.873749, 0.999986
5, 535,20,188.885208, 188.883728, 119.125366, 72.490440,11.639169, 246.873749, 1.000008
5, 535,21,71.423080, 71.415527, 119.125366, 72.490440,11.639169, 246.873749, 1.000106
5, 535,22,15.830013, 15.823158, 119.125366, 72.490440,11.639169, 246.873749, 1.000433
5, 535,23,206.916336, 206.913284, 119.125366, 72.490440,11.639169, 246.873749, 1.000015
5, 535,24,17.268366, 17.265522, 119.125366, 72.490440,11.639169, 246.873749, 1.000165
5, 535,25,202.669983, 202.678253, 119.125366, 72.490440,11.639169, 246.873749, 0.999959
5, 535,26,129.116257, 129.117722, 119.125366, 72.490440,11.639169, 246.873749, 0.999989
5, 535,27,25.560022, 25.566784, 119.125366, 72.490440,11.639169, 246.873749, 0.999736
5, 535,28,74.349083, 74.346283, 119.125366, 72.490440,11.639169, 246.873749, 1.000038
5, 535,29,17.742516, 17.733522, 119.125366, 72.490440,11.639169, 246.873749, 1.000507
5, 535,30,120.602264, 120.609322, 119.125366, 72.490440,11.639169, 246.873749, 0.999941
5, 535,31,34.812691, 34.819389, 119.125366, 72.490440,11.639169, 246.873749, 0.999808
5, 536,0,150.146591, 150.138977, 119.123878, 57.995922,11.287493, 200.919144, 1.000051
5, 536,1,198.847992, 198.836548, 119.123878, 57.995922,11.287493, 200.919144, 1.000058
5, 536,2,50.371288, 50.383057, 119.123878, 57.995922,11.287493, 200.919144, 0.999766
5, 536,3,118.971298, 118.961052, 119.123878, 57.995922,11.287493, 200.919144, 1.000086
5, 536,4,96.344917, 96.341660, 119.123878, 57.995922,11.287493, 200.919144, 1.000034
5, 536,5,157.804718, 157.794678, 119.123878, 57.995922,11.287493, 200.919144, 1.000064
5, 536,6,62.824127, 62.833485, 119.123878, 57.995922,11.287493, 200.919144, 0.999851
5, 536,7,168.874527, 168.872559, 119.123878, 57.995922,11.287493, 200.919144, 1.000012
5, 536,8,19.398445, 19.412548, 119.123878, 57.995922,11.287493, 200.919144, 0.999274
5, 536,9,165.898392, 165.889587, 119.123878, 57.995922,11.287493, 200.919144, 1.000053
5, 536,10,119.830124, 119.839478, 119.123878, 57.995922,11.287493, 200.919144, 0.999922
5, 536,11,115.028702, 115.044754, 119.123878, 57.995922,11.287493, 200.919144, 0.999860
5, 536,12,145.133194, 145.112442, 119.123878, 57.995922,11.287493, 200.919144, 1.000143
5, 536,13,147.909546, 147.924606, 119.123878, 57.995922,11.287493, 200.919144, 0.999898
5, 536,14,139.890671, 139.890701, 119.123878, 57.995922,11.287493, 200.919144, 1.000000
5, 536,15,24.099236, 24.115770, 119.123878, 57.995922,11.287493, 200.919144, 0.999314
5, 536,16,107.737671, 107.730659, 119.123878, 57.995922,11.287493, 200.919144, 1.000065
5, 536,17,199.349274, 199.367264, 119.123878, 57.995922,11.287493, 200.919144, 0.999910
5, 536,18,143.101212, 143.099380, 119.123878, 57.995922,11.287493, 200.919144, 1.000013
5, 536,19,15.421033, 15.423042, 119.123878, 57.995922,11.287493, 200.919144, 0.999870
5, 536,20,109.568130, 109.566811, 119.123878, 57.995922,11.287493, 200.919144, 1.000012
5, 536,21,131.099442, 131.118668, 119.123878, 57.995922,11.287493, 200.919144, 0.999853
5, 536,22,142.916901, 142.898071, 119.123878, 57.995922,11.287493, 200.919144, 1.000132
5, 536,23,11.287493, 11.268833, 119.123878, 57.995922,11.287493, 200.919144, 1.001656
5, 536,24,196.010910, 196.018265, 119.123878, 57.995922,11.287493, 200.919144, 0.999963
5, 536,25,70.239914, 70.245178, 119.123878, 57.995922,11.287493, 200.919144, 0.999925
5, 536,26,67.794800, 67.799011, 119.123878, 57.995922,11.287493, 200.919144, 0.999938
5, 536,27,196.561417, 196.567291, 119.123878, 57.995922,11.287493, 200.919144, 0.999970
5, 536,28,200.919144, 200.922806, 119.123878, 57.995922,11.287493, 200.919144, 0.999982
5, 536,29,49.176758, 49.181324, 119.123878, 57.995922,11.287493, 200.919144, 0.999907
5, 536,30,119.215225, 119.205070, 119.123878, 57.995922,11.287493, 200.919144, 1.000085
5, 536,31,170.190536, 170.196289, 119.123878, 57.995922,11.287493, 200.919144, 0.999966
5, 537,0,19.371298, 19.369534, 119.125122, 65.100380,14.215472, 225.190140, 1.000091
5, 537,1,14.215472, 14.211025, 119.125122, 65.100380,14.215472, 225.190140, 1.000313
5, 537,2,77.335976, 77.336937, 119.125122, 65.100380,14.215472, 225.190140, 0.999988
5, 537,3,72.073387, 72.079727, 119.125122, 65.100380,14.215472, 225.190140, 0.999912
5, 537,4,171.247589, 171.249374, 119.125122, 65.100380,14.215472, 225.190140, 0.999990
5, 537,5,195.744186, 195.745712, 119.125122, 65.100380,14.215472, 225.190140, 0.999992
5, 537,6,134.748169, 134.751648, 119.125122, 65.100380,14.215472, 225.190140, 0.999974
5, 537,7,39.705273, 39.700890, 119.125122, 65.100380,14.215472, 225.190140, 1.000110
5, 537,8,47.970310, 47.965031, 119.125122, 65.100380,14.215472, 225.190140, 1.000110
5, 537,9,198.079071, 198.074936, 119.125122, 65.100380,14.215472, 225.190140, 1.000021
5, 537,10,220.154205, 220.149918, 119.125122, 65.100380,14.215472, 225.190140, 1.000019
5, 537,11,165.362061, 165.367111, 119.125122, 65.100380,14.215472, 225.190140, 0.999969
5, 537,12,213.549835, 213.550446, 119.125122, 65.100380,14.215472, 225.190140, 0.999997
5, 537,13,123.902458, 123.895073, 119.125122, 65.100380,14.215472, 225.190140, 1.000060
5, 537,14,138.822067, 138.824478, 119.125122, 65.100380,14.215472, 225.190140, 0.999983
5, 537,15,154.068146, 154.069702, 119.125122, 65.100380,14.215472, 225.190140, 0.999990
5, 537,16,201.815582, 201.812225, 119.125122, 65.100380,14.215472, 225.190140, 1.000017
5, 537,17,143.170914, 143.167099, 119.125122, 65.100380,14.215472, 225.190140, 1.000027
5, 537,18,156.256912, 156.247604, 119.125122, 65.100380,14.215472, 225.190140, 1.000060
5, 537,19,225.190140, 225.190002, 119.125122, 65.100380,14.215472, 225.190140, 1.000001
5, 537,20,80.268036, 80.264915, 119.125122, 65.100380,14.215472, 225.190140, 1.000039
5, 537,21,140.154800, 140.147018, 119.125122, 65.100380,14.215472, 225.190140, 1.000056
5, 537,22,35.677124, 35.680679, 119.125122, 65.100380,14.215472, 225.190140, 0.999900
5, 537,23,145.759750, 145.759521, 119.125122, 65.100380,14.215472, 225.190140, 1.000002
5, 537,24,35.430397, 35.437225, 119.125122, 65.100380,14.215472, 225.190140, 0.999807
5, 537,25,122.211624, 122.204086, 119.125122, 65.100380,14.215472, 225.190140, 1.000062
5, 537,26,102.545944, 102.550453, 119.125122, 65.100380,14.215472, 225.190140, 0.999956
5, 537,27,160.810547, 160.820511, 119.125122, 65.100380,14.215472, 225.190140, 0.999938
5, 537,28,88.173897, 88.180321, 119.125122, 65.100380,14.215472, 225.190140, 0.999927
5, 537,29,22.637691, 22.646236, 119.125122, 65.100380,14.215472, 225.190140, 0.999623
5, 537,30,30.202641, 30.206345, 119.125122, 65.100380,14.215472, 225.190140, 0.999877
5, 537,31,135.348648, 135.343811, 119.125122, 65.100380,14.215472, 225.190140, 1.000036
5, 538,0,225.090530, 225.085709, 119.126625, 71.842796,13.961953, 235.056091, 1.000021
5, 538,1,235.056091, 235.061188, 119.126625, 71.842796,13.961953, 235.056091, 0.999978
5, 538,2,214.134476, 214.125092, 119.126625, 71.842796,13.961953, 235.056091, 1.000044
5, 538,3,13.961953, 13.975032, 119.126625, 71.842796,13.961953, 235.056091, 0.999064
5, 538,4,192.466370, 192.472534, 119.126625, 71.842796,13.961953, 235.056091, 0.999968
5, 538,5,153.339935, 153.335358, 119.126625, 71.842796,13.961953, 235.056091, 1.000030
5, 538,6,74.278793, 74.268753, 119.126625, 71.842796,13.961953, 235.056091, 1.000135
5, 538,7,70.580803, 70.569275, 119.126625, 71.842796,13.961953, 235.056091, 1.000163
5, 538,8,22.135738, 22.131767, 119.126625, 71.842796,13.961953, 235.056091, 1.000179
5, 538,9,96.855705, 96.851334, 119.126625, 71.842796,13.961953, 235.056091, 1.000045
5, 538,10,42.008171, 42.013813, 119.126625, 71.842796,13.961953, 235.056091, 0.999866
5, 538,11,164.433853, 164.440643, 119.126625, 71.842796,13.961953, 235.056091, 0.999959
5, 538,12,218.722137, 218.713242, 119.126625, 71.842796,13.961953, 235.056091, 1.000041
5, 538,13,49.921394, 49.915649, 119.126625, 71.842796,13.961953, 235.056091, 1.000115
5, 538,14,71.500565, 71.513092, 119.126625, 71.842796,13.961953, 235.056091, 0.999825
5, 538,15,147.546219, 147.555374, 119.126625, 71.842796,13.961953, 235.056091, 0.999938
5, 538,16,164.325302, 164.323532, 119.126625, 71.842796,13.961953, 235.056091, 1.000011
5, 538,17,198.866531, 198.865662, 119.126625, 71.842796,13.961953, 235.056091, 1.000004
5, 538,18,203.920944, 203.915390, 119.126625, 71.842796,13.961953, 235.056091, 1.000027
5, 538,19,14.739510, 14.732836, 119.126625, 71.842796,13.961953, 235.056091, 1.000453
5, 538,20,84.048042, 84.044434, 119.126625, 71.842796,13.961953, 235.056091, 1.000043
5, 538,21,29.918972, 29.909603, 119.126625, 71.842796,13.961953, 235.056091, 1.000313
5, 538,22,28.829956, 28.834898, 119.126625, 71.842796,13.961953, 235.056091, 0.999829
5, 538,23,193.004669, 193.003006, 119.126625, 71.842796,13.961953, 235.056091, 1.000009
5, 538,24,93.194733, 93.206978, 119.126625, 71.842796,13.961953, 235.056091, 0.999869
5, 538,25,86.913849, 86.917198, 119.126625, 71.842796,13.961953, 235.056091, 0.999961
5, 538,26,98.615196, 98.594284, 119.126625, 71.842796,13.961953, 235.056091, 1.000212
5, 538,27,36.090542, 36.089157, 119.126625, 71.842796,13.961953, 235.056091, 1.000038
5, 538,28,114.515350, 114.521965, 119.126625, 71.842796,13.961953, 235.056091, 0.999942
5, 538,29,216.528824, 216.522507, 119.126625, 71.842796,13.961953, 235.056091, 1.000029
5, 538,30,110.158119, 110.161140, 119.126625, 71.842796,13.961953, 235.056091, 0.999973
5, 538,31,146.348434, 146.329102, 119.126625, 71.842796,13.961953, 235.056091, 1.000132
5, 539,0,53.571865, 53.567905, 119.126953, 63.305859,22.180756, 240.169937, 1.000074
5, 539,1,215.583145, 215.583344, 119.126953, 63.305859,22.180756, 240.169937, 0.999999
5, 539,2,73.022278, 73.029785, 119.126953, 63.305859,22.180756, 240.169937, 0.999897
5, 539,3,39.026997, 39.025921, 119.126953, 63.305859,22.180756, 240.169937, 1.000028
5, 539,4,176.295441, 176.304016, 119.126953, 63.305859,22.180756, 240.169937, 0.999951
5, 539,5,22.180756, 22.169117, 119.126953, 63.305859,22.180756, 240.169937, 1.000525
5, 539,6,166.506226, 166.507767, 119.126953, 63.305859,22.180756, 240.169937, 0.999991
5, 539,7,154.904144, 154.919159, 119.126953, 63.305859,22.180756, 240.169937, 0.999903
5, 539,8,167.119919, 167.117310, 119.126953, 63.305859,22.180756, 240.169937, 1.000016
5, 539,9,158.638031, 158.627228, 119.126953, 63.305859,22.180756, 240.169937, 1.000068
5, 539,10,99.715652, 99.704613, 119.126953, 63.305859,22.180756, 240.169937, 1.000111
5, 539,11,173.320602, 173.321609, 119.126953, 63.305859,22.180756, 240.169937, 0.999994
5, 539,12,23.091951, 23.105206, 119.126953, 63.305859,22.180756, 240.169937, 0.999426
5, 539,13,146.115173, 146.117050, 119.126953, 63.305859,22.180756, 240.169937, 0.999987
5, 539,14,37.222763, 37.219059, 119.126953, 63.305859,22.180756, 240.169937, 1.000100
5, 539,15,206.157379, 206.149918, 119.126953, 63.305859,22.180756, 240.169937, 1.000036
5, 539,16,88.038918, 88.021683, 119.126953, 63.305859,22.180756, 240.169937, 1.000196
5, 539,17,124.746613, 124.746727, 119.126953, 63.305859,22.180756, 240.169937, 0.999999
5, 539,18,205.790726, 205.787094, 119.126953, 63.305859,22.180756, 240.169937, 1.000018
5, 539,19,128.716721, 128.730530, 119.126953, 63.305859,22.180756, 240.169937, 0.999893
5, 539,20,139.281677, 139.281448, 119.126953, 63.305859,22.180756, 240.169937, 1.000002
5, 539,21,55.591419, 55.592468, 119.126953, 63.305859,22.180756, 240.169937, 0.999981
5, 539,22,107.864174, 107.868149, 119.126953, 63.305859,22.180756, 240.169937, 0.999963
5, 539,23,66.621414, 66.615059, 119.126953, 63.305859,22.180756, 240.169937, 1.000095
5, 539,24,216.002762, 215.989716, 119.126953, 63.305859,22.180756, 240.169937, 1.000060
5, 539,25,119.587822, 119.572853, 119.126953, 63.305859,22.180756, 240.169937, 1.000125
5, 539,26,89.238876, 89.248016, 119.126953, 63.305859,22.180756, 240.169937, 0.999898
5, 539,27,240.169937, 240.153809, 119.126953, 63.305859,22.180756, 240.169937, 1.000067
5, 539,28,45.000763, 44.998001, 119.126953, 63.305859,22.180756, 240.169937, 1.000061
5, 539,29,91.309563, 91.308861, 119.126953, 63.305859,22.180756, 240.169937, 1.000008
5, 539,30,37.142288, 37.139236, 119.126953, 63.305859,22.180756, 240.169937, 1.000082
5, 539,31,144.486282, 144.477097, 119.126953, 63.305859,22.180756, 240.169937, 1.000064
5, 540,0,229.430771, 229.442749, 119.126274, 74.992317,15.039525, 238.761154, 0.999948
5, 540,1,105.890839, 105.889313, 119.126274, 74.992317,15.039525, 238.761154, 1.000014
5, 540,2,92.985992, 92.969917, 119.126274, 74.992317,15.039525, 238.761154, 1.000173
5, 540,3,15.039525, 15.042081, 119.126274, 74.992317,15.039525, 238.761154, 0.999830
5, 540,4,111.392616, 111.387726, 119.126274, 74.992317,15.039525, 238.761154, 1.000044
5, 540,5,103.864319, 103.854523, 119.126274, 74.992317,15.039525, 238.761154, 1.000094
5, 540,6,42.102467, 42.115211, 119.126274, 74.992317,15.039525, 238.761154, 0.999697
5, 540,7,38.356098, 38.352356, 119.126274, 74.992317,15.039525, 238.761154, 1.000098
5, 540,8,104.149902, 104.161232, 119.126274, 74.992317,15.039525, 238.761154, 0.999891
5, 540,9,177.263992, 177.263916, 119.126274, 74.992317,15.039525, 238.761154, 1.000000
5, 540,10,172.695786, 172.693146, 119.126274, 74.992317,15.039525, 238.761154, 1.000015
5, 540,11,17.528593, 17.525717, 119.126274, 74.992317,15.039525, 238.761154, 1.000164
5, 540,12,176.606659, 176.613098, 119.126274, 74.992317,15.039525, 238.761154, 0.999964
5, 540,13,238.761154, 238.756378, 119.126274, 74.992317,15.039525, 238.761154, 1.000020
5, 540,14,186.327911, 186.338181, 119.126274, 74.992317,15.039525, 238.761154, 0.999945
5, 540,15,200.486618, 200.484436, 119.126274, 74.992317,15.039525, 238.761154, 1.000011
5, 540,16,178.352005, 178.333694, 119.126274, 74.992317,15.039525, 238.761154, 1.000103
5, 540,17,62.663845, 62.665058, 119.126274, 74.992317,15.039525, 238.761154, 0.999981
5, 540,18,216.734177, 216.710358, 119.126274, 74.992317,15.039525, 238.761154, 1.000110
5, 540,19,222.779602, 222.777313, 119.126274, 74.992317,15.039525, 238.761154, 1.000010
5, 540,20,235.153610, 235.165558, 119.126274, 74.992317,15.039525, 238.761154, 0.999949
5, 540,21,90.287773, 90.299248, 119.126274, 74.992317,15.039525, 238.761154, 0.999873
5, 540,22,37.840851, 37.843658, 119.126274, 74.992317,15.039525, 238.761154, 0.999926
5, 540,23,42.334721, 42.339638, 119.126274, 74.992317,15.039525, 238.761154, 0.999884
5, 540,24,59.295025, 59.306168, 119.126274, 74.992317,15.039525, 238.761154, 0.999812
5, 540,25,98.380409, 98.348625, 119.126274, 74.992317,15.039525, 238.761154, 1.000323
5, 540,26,25.317163, 25.328226, 119.126274, 74.992317,15.039525, 238.761154, 0.999563
5, 540,27,28.164932, 28.170942, 119.126274, 74.992317,15.039525, 238.761154, 0.999787
5, 540,28,62.036980, 62.029190, 119.126274, 74.992317,15.039525, 238.761154, 1.000126
5, 540,29,58.700428, 58.685257, 119.126274, 74.992317,15.039525, 238.761154, 1.000259
5, 540,30,200.979752, 200.970688, 119.126274, 74.992317,15.039525, 238.761154, 1.000045
5, 540,31,180.136612, 180.136566, 119.126274, 74.992317,15.039525, 238.761154, 1.000000
5, 541,0,192.400803, 192.400909, 119.121964, 73.323036,14.739958, 246.458679, 0.999999
5, 541,1,45.286228, 45.284222, 119.121964, 73.323036,14.739958, 246.458679, 1.000044
5, 541,2,211.581665, 211.588928, 119.121964, 73.323036,14.739958, 246.458679, 0.999966
5, 541,3,55.490288, 55.502544, 119.121964, 73.323036,14.739958, 246.458679, 0.999779
5, 541,4,246.458679, 246.465424, 119.121964, 73.323036,14.739958, 246.458679, 0.999973
5, 541,5,61.207542, 61.202045, 119.121964, 73.323036,14.739958, 246.458679, 1.000090
5, 541,6,91.055939, 91.058571, 119.121964, 73.323036,14.739958, 246.458679, 0.999971
5, 541,7,85.837250, 85.826248, 119.121964, 73.323036,14.739958, 246.458679, 1.000128
5, 541,8,14.739958, 14.748165, 119.121964, 73.323036,14.739958, 246.458679, 0.999444
5, 541,9,128.842896, 128.848541, 119.121964, 73.323036,14.739958, 246.458679, 0.999956
5, 541,10,188.133347, 188.136902, 119.121964, 73.323036,14.739958, 246.458679, 0.999981
5, 541,11,23.639002, 23.641420, 119.121964, 73.323036,14.739958, 246.458679, 0.999898
5, 541,12,23.503685, 23.522503, 119.121964, 73.323036,14.739958, 246.458679, 0.999200
5, 541,13,221.053482, 221.051270, 119.121964, 73.323036,14.739958, 246.458679, 1.000010
5, 541,14,243.631104, 243.628433, 119.121964, 73.323036,14.739958, 246.458679, 1.000011
5, 541,15,137.818420, 137.818237, 119.121964, 73.323036,14.739958, 246.458679, 1.000001
5, 541,16,18.110035, 18.111805, 119.121964, 73.323036,14.739958, 246.458679, 0.999902
5, 541,17,141.961823, 141.954819, 119.121964, 73.323036,14.739958, 246.458679, 1.000049
5, 541,18,245.607269, 245.616028, 119.121964, 73.323036,14.739958, 246.458679, 0.999964
5, 541,19,175.061172, 175.073074, 119.121964, 73.323036,14.739958, 246.458679, 0.999932
5, 541,20,94.723175, 94.719505, 119.121964, 73.323036,14.739958, 246.458679, 1.000039
5, 541,21,62.946842, 62.951813, 119.121964, 73.323036,14.739958, 246.458679, 0.999921
5, 541,22,108.981438, 108.989479, 119.121964, 73.323036,14.739958, 246.458679, 0.999926
5, 541,23,77.731537, 77.731430, 119.121964, 73.323036,14.739958, 246.458679, 1.000001
5, 541,24,112.846138, 112.845772, 119.121964, 73.323036,14.739958, 246.458679, 1.000003
5, 541,25,93.642998, 93.640762, 119.121964, 73.323036,14.739958, 246.458679, 1.000024
5, 541,26,23.134525, 23.148766, 119.121964, 73.323036,14.739958, 246.458679, 0.999385
5, 541,27,88.797386, 88.807655, 119.121964, 73.323036,14.739958, 246.458679, 0.999884
5, 541,28,110.641586, 110.645813, 119.121964, 73.323036,14.739958, 246.458679, 0.999962
5, 541,29,183.884598, 183.889877, 119.121964, 73.323036,14.739958, 246.458679, 0.999971
5, 541,30,84.822983, 84.815453, 119.121964, 73.323036,14.739958, 246.458679, 1.000089
5, 541,31,218.329315, 218.333191, 119.121964, 73.323036,14.739958, 246.458679, 0.999982
5, 542,0,118.983612, 118.993576, 119.126671, 65.959076,14.789278, 230.546509, 0.999916
5, 542,1,110.550949, 110.543808, 119.126671, 65.959076,14.789278, 230.546509, 1.000065
5, 542,2,179.416397, 179.421951, 119.126671, 65.959076,14.789278, 230.546509, 0.999969
5, 542,3,18.113333, 18.114517, 119.126671, 65.959076,14.789278, 230.546509, 0.999935
5, 542,4,212.806793, 212.794327, 119.126671, 65.959076,14.789278, 230.546509, 1.000059
5, 542,5,82.334892, 82.329681, 119.126671, 65.959076,14.789278, 230.546509, 1.000063
5, 542,6,230.546509, 230.531967, 119.126671, 65.959076,14.789278, 230.546509, 1.000063
5, 542,7,34.120571, 34.122589, 119.126671, 65.959076,14.789278, 230.546509, 0.999941
5, 542,8,199.510010, 199.506332, 119.126671, 65.959076,14.789278, 230.546509, 1.000018
5, 542,9,137.486389, 137.485535, 119.126671, 65.959076,14.789278, 230.546509, 1.000006
5, 542,10,160.141647, 160.152832, 119.126671, 65.959076,14.789278, 230.546509, 0.999930
5, 542,11,36.532070, 36.522659, 119.126671, 65.959076,14.789278, 230.546509, 1.000258
5, 542,12,89.467583, 89.468925, 119.126671, 65.959076,14.789278, 230.546509, 0.999985
5, 542,13,216.784760, 216.779205, 119.126671, 65.959076,14.789278, 230.546509, 1.000026
5, 542,14,105.623260, 105.621758, 119.126671, 65.959076,14.789278, 230.546509, 1.000014
5, 542,15,108.870926, 108.875191, 119.126671, 65.959076,14.789278, 230.546509, 0.999961
5, 542,16,17.840950, 17.840221, 119.126671, 65.959076,14.789278, 230.546509, 1.000041
5, 542,17,130.416534, 130.414856, 119.126671, 65.959076,14.789278, 230.546509, 1.000013
5, 542,18,114.220222, 114.223907, 119.126671, 65.959076,14.789278, 230.546509, 0.999968
5, 542,19,52.911968, 52.896458, 119.126671, 65.959076,14.789278, 230.546509, 1.000293
5, 542,20,124.655334, 124.654678, 119.126671, 65.959076,14.789278, 230.546509, 1.000005
5, 542,21,198.661713, 198.660599, 119.126671, 65.959076,14.789278, 230.546509, 1.000006
5, 542,22,124.927444, 124.928978, 119.126671, 65.959076,14.789278, 230.546509, 0.999988
5, 542,23,223.429565, 223.430832, 119.126671, 65.959076,14.789278, 230.546509, 0.999994
5, 542,24,203.236649, 203.239777, 119.126671, 65.959076,14.789278, 230.546509, 0.999985
5, 542,25,90.730843, 90.733727, 119.126671, 65.959076,14.789278, 230.546509, 0.999968
5, 542,26,112.546638, 112.540062, 119.126671, 65.959076,14.789278, 230.546509, 1.000058
5, 542,27,128.597153, 128.593842, 119.126671, 65.959076,14.789278, 230.546509, 1.000026
5, 542,28,61.154995, 61.140503, 119.126671, 65.959076,14.789278, 230.546509, 1.000237
5, 542,29,20.357849, 20.354580, 119.126671, 65.959076,14.789278, 230.546509, 1.000161
5, 542,30,152.286819, 152.297379, 119.126671, 65.959076,14.789278, 230.546509, 0.999931
5, 542,31,14.789278, 14.784898, 119.126671, 65.959076,14.789278, 230.546509, 1.000296
5, 543,0,164.534454, 164.521515, 119.126884, 70.837906,13.214099, 243.157639, 1.000079
5, 543,1,92.897255, 92.888672, 119.126884, 70.837906,13.214099, 243.157639, 1.000092
5, 543,2,38.421730, 38.440994, 119.126884, 70.837906,13.214099, 243.157639, 0.999499
5, 543,3,45.157619, 45.156334, 119.126884, 70.837906,13.214099, 243.157639, 1.000028
5, 543,4,13.214099, 13.212680, 119.126884, 70.837906,13.214099, 243.157639, 1.000107
5, 543,5,214.197342, 214.176880, 119.126884, 70.837906,13.214099, 243.157639, 1.000095
5, 543,6,211.999725, 211.994400, 119.126884, 70.837906,13.214099, 243.157639, 1.000025
5, 543,7,44.095455, 44.095615, 119.126884, 70.837906,13.214099, 243.157639, 0.999996
5, 543,8,63.944851, 63.936394, 119.126884, 70.837906,13.214099, 243.157639, 1.000132
5, 543,9,101.537865, 101.534668, 119.126884, 70.837906,13.214099, 243.157639, 1.000031
5, 543,10,134.861847, 134.851913, 119.126884, 70.837906,13.214099, 243.157639, 1.000074
5, 543,11,159.593750, 159.568954, 119.126884, 70.837906,13.214099, 243.157639, 1.000155
5, 543,12,147.886490, 147.908661, 119.126884, 70.837906,13.214099, 243.157639, 0.999850
5, 543,13,61.204376, 61.219734, 119.126884, 70.837906,13.214099, 243.157639, 0.999749
5, 543,14,113.748184, 113.744385, 119.126884, 70.837906,13.214099, 243.157639, 1.000033
5, 543,15,170.892395, 170.885818, 119.126884, 70.837906,13.214099, 243.157639, 1.000039
5, 543,16,204.009262, 203.997025, 119.126884, 70.837906,13.214099, 243.157639, 1.000060
5, 543,17,70.662445, 70.666992, 119.126884, 70.837906,13.214099, 243.157639, 0.999936
5, 543,18,209.166885, 209.170898, 119.126884, 70.837906,13.214099, 243.157639, 0.999981
5, 543,19,43.231487, 43.210411, 119.126884, 70.837906,13.214099, 243.157639, 1.000488
5, 543,20,21.846342, 21.851049, 119.126884, 70.837906,13.214099, 243.157639, 0.999785
5, 543,21,80.210075, 80.221092, 119.126884, 70.837906,13.214099, 243.157639, 0.999863
5, 543,22,236.633591, 236.642761, 119.126884, 70.837906,13.214099, 243.157639, 0.999961
5, 543,23,205.081665, 205.080643, 119.126884, 70.837906,13.214099, 243.157639, 1.000005
5, 543,24,65.864914, 65.859421, 119.126884, 70.837906,13.214099, 243.157639, 1.000083
5, 543,25,73.123764, 73.116570, 119.126884, 70.837906,13.214099, 243.157639, 1.000098
5, 543,26,243.157639, 243.159683, 119.126884, 70.837906,13.214099, 243.157639, 0.999992
5, 543,27,150.323990, 150.327713, 119.126884, 70.837906,13.214099, 243.157639, 0.999975
5, 543,28,74.460716, 74.467270, 119.126884, 70.837906,13.214099, 243.157639, 0.999912
5, 543,29,47.817265, 47.811947, 119.126884, 70.837906,13.214099, 243.157639, 1.000111
5, 543,30,216.370712, 216.374634, 119.126884, 70.837906,13.214099, 243.157639, 0.999982
5, 543,31,91.912277, 91.904259, 119.126884, 70.837906,13.214099, 243.157639, 1.000087
5, 544,0,226.598663, 226.599930, 119.126053, 72.993683,15.820198, 226.598663, 0.999994
5, 544,1,187.433853, 187.442032, 119.126053, 72.993683,15.820198, 226.598663, 0.999956
5, 544,2,141.581421, 141.586685, 119.126053, 72.993683,15.820198, 226.598663, 0.999963
5, 544,3,17.018917, 17.019567, 119.126053, 72.993683,15.820198, 226.598663, 0.999962
5, 544,4,25.130287, 25.119583, 119.126053, 72.993683,15.820198, 226.598663, 1.000426
5, 544,5,45.643459, 45.654835, 119.126053, 72.993683,15.820198, 226.598663, 0.999751
5, 544,6,36.762753, 36.749516, 119.126053, 72.993683,15.820198, 226.598663, 1.000360
5, 544,7,113.567101, 113.568810, 119.126053, 72.993683,15.820198, 226.598663, 0.999985
5, 544,8,97.760071, 97.758011, 119.126053, 72.993683,15.820198, 226.598663, 1.000021
5, 544,9,55.606697, 55.613762, 119.126053, 72.993683,15.820198, 226.598663, 0.999873
5, 544,10,217.018372, 217.003403, 119.126053, 72.993683,15.820198, 226.598663, 1.000069
5, 544,11,219.277527, 219.285095, 119.126053, 72.993683,15.820198, 226.598663, 0.999965
5, 544,12,167.737473, 167.732208, 119.126053, 72.993683,15.820198, 226.598663, 1.000031
5, 544,13,60.829128, 60.821396, 119.126053, 72.993683,15.820198, 226.598663, 1.000127
5, 544,14,44.314224, 44.305954, 119.126053, 72.993683,15.820198, 226.598663, 1.000187
5, 544,15,183.390854, 183.395386, 119.126053, 72.993683,15.820198, 226.598663, 0.999975
5, 544,16,175.131699, 175.120880, 119.126053, 72.993683,15.820198, 226.598663, 1.000062
5, 544,17,128.624420, 128.627991, 119.126053, 72.993683,15.820198, 226.598663, 0.999972
5, 544,18,203.622910, 203.608521, 119.126053, 72.993683,15.820198, 226.598663, 1.000071
5, 544,19,17.886303, 17.885269, 119.126053, 72.993683,15.820198, 226.598663, 1.000058
5, 544,20,150.625992, 150.612793, 119.126053, 72.993683,15.820198, 226.598663, 1.000088
5, 544,21,76.864922, 76.873787, 119.126053, 72.993683,15.820198, 226.598663, 0.999885
5, 544,22,82.312981, 82.302879, 119.126053, 72.993683,15.820198, 226.598663, 1.000123
5, 544,23,90.090530, 90.094193, 119.126053, 72.993683,15.820198, 226.598663, 0.999959
5, 544,24,215.117386, 215.124359, 119.126053, 72.993683,15.820198, 226.598663, 0.999968
5, 544,25,162.260376, 162.262863, 119.126053, 72.993683,15.820198, 226.598663, 0.999985
5, 544,26,20.605320, 20.609880, 119.126053, 72.993683,15.820198, 226.598663, 0.999779
5, 544,27,116.483826, 116.488037, 119.126053, 72.993683,15.820198, 226.598663, 0.999964
5, 544,28,217.307190, 217.298676, 119.126053, 72.993683,15.820198, 226.598663, 1.000039
5, 544,29,216.162903, 216.171249, 119.126053, 72.993683,15.820198, 226.598663, 0.999961
5, 544,30,83.445923, 83.443733, 119.126053, 72.993683,15.820198, 226.598663, 1.000026
5, 544,31,15.820198, 15.818322, 119.126053, 72.993683,15.820198, 226.598663, 1.000119
5, 545,0,158.670242, 158.675430, 119.124870, 59.179581,11.117110, 213.849014, 0.999967
5, 545,1,112.760643, 112.762604, 119.124870, 59.179581,11.117110, 213.849014, 0.999983
5, 545,2,82.836273, 82.844612, 119.124870, 59.179581,11.117110, 213.849014, 0.999899
5, 545,3,67.468025, 67.484344, 119.124870, 59.179581,11.117110, 213.849014, 0.999758
5, 545,4,112.662865, 112.675507, 119.124870, 59.179581,11.117110, 213.849014, 0.999888
5, 545,5,11.117110, 11.113604, 119.124870, 59.179581,11.117110, 213.849014, 1.000316
5, 545,6,17.750408, 17.733013, 119.124870, 59.179581,11.117110, 213.849014, 1.000981
5, 545,7,154.960861, 154.955124, 119.124870, 59.179581,11.117110, 213.849014, 1.000037
5, 545,8,158.279160, 158.277267, 119.124870, 59.179581,11.117110, 213.849014, 1.000012
5, 545,9,16.123676, 16.134151, 119.124870, 59.179581,11.117110, 213.849014, 0.999351
5, 545,10,49.013992, 49.025902, 119.124870, 59.179581,11.117110, 213.849014, 0.999757
5, 545,11,137.465408, 137.460968, 119.124870, 59.179581,11.117110, 213.849014, 1.000032
5, 545,12,150.853821, 150.836655, 119.124870, 59.179581,11.117110, 213.849014, 1.000114
5, 545,13,118.309616, 118.305740, 119.124870, 59.179581,11.117110, 213.849014, 1.000033
5, 545,14,210.513855, 210.504669, 119.124870, 59.179581,11.117110, 213.849014, 1.000044
5, 545,15,203.592422, 203.611526, 119.124870, 59.179581,11.117110, 213.849014, 0.999906
5, 545,16,183.562622, 183.566650, 119.124870, 59.179581,11.117110, 213.849014, 0.999978
5, 545,17,201.315872, 201.322113, 119.124870, 59.179581,11.117110, 213.849014, 0.999969
5, 545,18,55.306118, 55.296921, 119.124870, 59.179581,11.117110, 213.849014, 1.000166
5, 545,19,106.223228, 106.230293, 119.124870, 59.179581,11.117110, 213.849014, 0.999933
5, 545,20,155.194366, 155.185318, 119.124870, 59.179581,11.117110, 213.849014, 1.000058
5, 545,21,141.522568, 141.504776, 119.124870, 59.179581,11.117110, 213.849014, 1.000126
5, 545,22,115.769493, 115.773697, 119.124870, 59.179581,11.117110, 213.849014, 0.999964
5, 545,23,108.527512, 108.519714, 119.124870, 59.179581,11.117110, 213.849014, 1.000072
5, 545,24,116.730652, 116.731758, 119.124870, 59.179581,11.117110, 213.849014, 0.999991
5, 545,25,15.974523, 15.991064, 119.124870, 59.179581,11.117110, 213.849014, 0.998966
5, 545,26,183.310104, 183.317795, 119.124870, 59.179581,11.117110, 213.849014, 0.999958
5, 545,27,54.458782, 54.457054, 119.124870, 59.179581,11.117110, 213.849014, 1.000032
5, 545,28,129.826859, 129.827484, 119.124870, 59.179581,11.117110, 213.849014, 0.999995
5, 545,29,145.666702, 145.660583, 119.124870, 59.179581,11.117110, 213.849014, 1.000042
5, 545,30,122.378815, 122.374435, 119.124870, 59.179581,11.117110, 213.849014, 1.000036
5, 545,31,213.849014, 213.839264, 119.124870, 59.179581,11.117110, 213.849014, 1.000046
5, 546,0,121.040375, 121.040871, 119.126160, 75.222557,12.706664, 257.068359, 0.999996
5, 546,1,227.570480, 227.558548, 119.126160, 75.222557,12.706664, 257.068359, 1.000052
5, 546,2,77.221413, 77.228622, 119.126160, 75.222557,12.706664, 257.068359, 0.999907
5, 546,3,133.078171, 133.069977, 119.126160, 75.222557,12.706664, 257.068359, 1.000062
5, 546,4,194.957504, 194.959900, 119.126160, 75.222557,12.706664, 257.068359, 0.999988
5, 546,5,85.892357, 85.904984, 119.126160, 75.222557,12.706664, 257.068359, 0.999853
5, 546,6,239.157806, 239.157227, 119.126160, 75.222557,12.706664, 257.068359, 1.000002
5, 546,7,257.068359, 257.053650, 119.126160, 75.222557,12.706664, 257.068359, 1.000057
5, 546,8,16.191601, 16.192011, 119.126160, 75.222557,12.706664, 257.068359, 0.999975
5, 546,9,161.106720, 161.100159, 119.126160, 75.222557,12.706664, 257.068359, 1.000041
5, 546,10,52.021252, 52.015060, 119.126160, 75.222557,12.706664, 257.068359, 1.000119
5, 546,11,36.773331, 36.769119, 119.126160, 75.222557,12.706664, 257.068359, 1.000115
5, 546,12,72.766563, 72.765846, 119.126160, 75.222557,12.706664, 257.068359, 1.000010
5, 546,13,12.706664, 12.703341, 119.126160, 75.222557,12.706664, 257.068359, 1.000262
5, 546,14,116.639725, 116.630951, 119.126160, 75.222557,12.706664, 257.068359, 1.000075
5, 546,15,202.197968, 202.193970, 119.126160, 75.222557,12.706664, 257.068359, 1.000020
5, 546,16,103.613388, 103.627724, 119.126160, 75.222557,12.706664, 257.068359, 0.999862
5, 546,17,204.656387, 204.655670, 119.126160, 75.222557,12.706664, 257.068359, 1.000003
5, 546,18,17.671211, 17.672052, 119.126160, 75.222557,12.706664, 257.068359, 0.999952
5, 546,19,25.760099, 25.759422, 119.126160, 75.222557,12.706664, 257.068359, 1.000026
5, 546,20,170.509644, 170.508987, 119.126160, 75.222557,12.706664, 257.068359, 1.000004
5, 546,21,110.113251, 110.106682, 119.126160, 75.222557,12.706664, 257.068359, 1.000060
5, 546,22,114.931572, 114.931923, 119.126160, 75.222557,12.706664, 257.068359, 0.999997
5, 546,23,144.808624, 144.804611, 119.126160, 75.222557,12.706664, 257.068359, 1.000028
5, 546,24,15.751927, 15.761591, 119.126160, 75.222557,12.706664, 257.068359, 0.999387
5, 546,25,116.528839, 116.525238, 119.126160, 75.222557,12.706664, 257.068359, 1.000031
5, 546,26,31.416767, 31.415297, 119.126160, 75.222557,12.706664, 257.068359, 1.000047
5, 546,27,199.993317, 199.988998, 119.126160, 75.222557,12.706664, 257.068359, 1.000022
5, 546,28,115.840439, 115.845619, 119.126160, 75.222557,12.706664, 257.068359, 0.999955
5, 546,29,228.010422, 228.004074, 119.126160, 75.222557,12.706664, 257.068359, 1.000028
5, 546,30,31.935476, 31.943880, 119.126160, 75.222557,12.706664, 257.068359, 0.999737
5, 546,31,174.105240, 174.103394, 119.126160, 75.222557,12.706664, 257.068359, 1.000011
5, 547,0,46.210842, 46.215439, 119.122787, 74.918152,11.542472, 246.763916, 0.999901
5, 547,1,51.717342, 51.720787, 119.122787, 74.918152,11.542472, 246.763916, 0.999933
5, 547,2,225.689407, 225.697205, 119.122787, 74.918152,11.542472, 246.763916, 0.999965
5, 547,3,87.584038, 87.584183, 119.122787, 74.918152,11.542472, 246.763916, 0.999998
5, 547,4,43.494244, 43.496475, 119.122787, 74.918152,11.542472, 246.763916, 0.999949
5, 547,5,85.451469, 85.464439, 119.122787, 74.918152,11.542472, 246.763916, 0.999848
5, 547,6,86.524361, 86.528053, 119.122787, 74.918152,11.542472, 246.763916, 0.999957
5, 547,7,11.542472, 11.542995, 119.122787, 74.918152,11.542472, 246.763916, 0.999955
5, 547,8,138.312775, 138.300781, 119.122787, 74.918152,11.542472, 246.763916, 1.000087
5, 547,9,134.442047, 134.435822, 119.122787, 74.918152,11.542472, 246.763916, 1.000046
5, 547,10,121.146637, 121.133087, 119.122787, 74.918152,11.542472, 246.763916, 1.000112
5, 547,11,236.135040, 236.131149, 119.122787, 74.918152,11.542472, 246.763916, 1.000016
5, 547,12,32.948231, 32.950180, 119.122787, 74.918152,11.542472, 246.763916, 0.999941
5, 547,13,220.295792, 220.289246, 119.122787, 74.918152,11.542472, 246.763916, 1.000030
5, 547,14,56.101528, 56.117577, 119.122787, 74.918152,11.542472, 246.763916, 0.999714
5, 547,15,120.554482, 120.556335, 119.122787, 74.918152,11.542472, 246.763916, 0.999985
5, 547,16,19.595428, 19.595032, 119.122787, 74.918152,11.542472, 246.763916, 1.000020
5, 547,17,62.070301, 62.072338, 119.122787, 74.918152,11.542472, 246.763916, 0.999967
5, 547,18,52.300224, 52.305027, 119.122787, 74.918152,11.542472, 246.763916, 0.999908
5, 547,19,123.950233, 123.964409, 119.122787, 74.918152,11.542472, 246.763916, 0.999886
5, 547,20,191.196548, 191.197052, 119.122787, 74.918152,11.542472, 246.763916, 0.999997
5, 547,21,246.763916, 246.767334, 119.122787, 74.918152,11.542472, 246.763916, 0.999986
5, 547,22,46.357170, 46.365246, 119.122787, 74.918152,11.542472, 246.763916, 0.999826
5, 547,23,129.646851, 129.657013, 119.122787, 74.918152,11.542472, 246.763916, 0.999922
5, 547,24,222.492310, 222.491379, 119.122787, 74.918152,11.542472, 246.763916, 1.000004
5, 547,25,217.232346, 217.233200, 119.122787, 74.918152,11.542472, 246.763916, 0.999996
5, 547,26,49.728348, 49.728378, 119.122787, 74.918152,11.542472, 246.763916, 0.999999
5, 547,27,51.676476, 51.690826, 119.122787, 74.918152,11.542472, 246.763916, 0.999722
5, 547,28,158.119568, 158.120026, 119.122787, 74.918152,11.542472, 246.763916, 0.999997
5, 547,29,111.040802, 111.043701, 119.122787, 74.918152,11.542472, 246.763916, 0.999974
5, 547,30,185.292969, 185.279739, 119.122787, 74.918152,11.542472, 246.763916, 1.000071
5, 547,31,246.315292, 246.325394, 119.122787, 74.918152,11.542472, 246.763916, 0.999959
5, 548,0,61.936157, 61.939327, 119.126472, 69.432297,10.131255, 227.520203, 0.999949
5, 548,1,96.899628, 96.912437, 119.126472, 69.432297,10.131255, 227.520203, 0.999868
5, 548,2,91.912262, 91.917236, 119.126472, 69.432297,10.131255, 227.520203, 0.999946
5, 548,3,99.611420, 99.618164, 119.126472, 69.432297,10.131255, 227.520203, 0.999932
5, 548,4,210.873123, 210.862045, 119.126472, 69.432297,10.131255, 227.520203, 1.000053
5, 548,5,126.676537, 126.662079, 119.126472, 69.432297,10.131255, 227.520203, 1.000114
5, 548,6,202.913818, 202.905991, 119.126472, 69.432297,10.131255, 227.520203, 1.000039
5, 548,7,216.539001, 216.548798, 119.126472, 69.432297,10.131255, 227.520203, 0.999955
5, 548,8,198.663910, 198.662766, 119.126472, 69.432297,10.131255, 227.520203, 1.000006
5, 548,9,22.805220, 22.803555, 119.126472, 69.432297,10.131255, 227.520203, 1.000073
5, 548,10,70.088448, 70.083389, 119.126472, 69.432297,10.131255, 227.520203, 1.000072
5, 548,11,145.672333, 145.662628, 119.126472, 69.432297,10.131255, 227.520203, 1.000067
5, 548,12,186.964554, 186.960297, 119.126472, 69.432297,10.131255, 227.520203, 1.000023
5, 548,13,128.133911, 128.112289, 119.126472, 69.432297,10.131255, 227.520203, 1.000169
5, 548,14,32.080639, 32.082268, 119.126472, 69.432297,10.131255, 227.520203, 0.999949
5, 548,15,160.258972, 160.265518, 119.126472, 69.432297,10.131255, 227.520203, 0.999959
5, 548,16,218.345474, 218.354858, 119.126472, 69.432297,10.131255, 227.520203, 0.999957
5, 548,17,37.353756, 37.359455, 119.126472, 69.432297,10.131255, 227.520203, 0.999847
5, 548,18,46.949612, 46.960445, 119.126472, 69.432297,10.131255, 227.520203, 0.999769
5, 548,19,88.921646, 88.929512, 119.126472, 69.432297,10.131255, 227.520203, 0.999912
5, 548,20,48.809895, 48.813499, 119.126472, 69.432297,10.131255, 227.520203, 0.999926
5, 548,21,227.520203, 227.512711, 119.126472, 69.432297,10.131255, 227.520203, 1.000033
5, 548,22,219.275513, 219.261246, 119.126472, 69.432297,10.131255, 227.520203, 1.000065
5, 548,23,181.913620, 181.904678, 119.126472, 69.432297,10.131255, 227.520203, 1.000049
5, 548,24,206.051147, 206.054840, 119.126472, 69.432297,10.131255, 227.520203, 0.999982
5, 548,25,10.131255, 10.120852, 119.126472, 69.432297,10.131255, 227.520203, 1.001028
5, 548,26,40.125668, 40.118896, 119.126472, 69.432297,10.131255, 227.520203, 1.000169
5, 548,27,118.194687, 118.195747, 119.126472, 69.432297,10.131255, 227.520203, 0.999991
5, 548,28,45.652767, 45.644508, 119.126472, 69.432297,10.131255, 227.520203, 1.000181
5, 548,29,90.532875, 90.527443, 119.126472, 69.432297,10.131255, 227.520203, 1.000060
5, 548,30,87.361664, 87.371872, 119.126472, 69.432297,10.131255, 227.520203, 0.999883
5, 548,31,92.877090, 92.870628, 119.126472, 69.432297,10.131255, 227.520203, 1.000070
5, 549,0,138.336243, 138.342102, 119.124573, 63.035690,23.744936, 230.867188, 0.999958
5, 549,1,95.705757, 95.704018, 119.124573, 63.035690,23.744936, 230.867188, 1.000018
5, 549,2,155.532669, 155.537476, 119.124573, 63.035690,23.744936, 230.867188, 0.999969
5, 549,3,123.986130, 123.986786, 119.124573, 63.035690,23.744936, 230.867188, 0.999995
5, 549,4,64.569183, 64.573792, 119.124573, 63.035690,23.744936, 230.867188, 0.999929
5, 549,5,198.335068, 198.345245, 119.124573, 63.035690,23.744936, 230.867188, 0.999949
5, 549,6,121.049805, 121.043434, 119.124573, 63.035690,23.744936, 230.867188, 1.000053
5, 549,7,138.538025, 138.548645, 119.124573, 63.035690,23.744936, 230.867188, 0.999923
5, 549,8,27.541067, 27.542103, 119.124573, 63.035690,23.744936, 230.867188, 0.999962
5, 549,9,102.958832, 102.977577, 119.124573, 63.035690,23.744936, 230.867188, 0.999818
5, 549,10,135.615173, 135.612671, 119.124573, 63.035690,23.744936, 230.867188, 1.000018
5, 549,11,197.936050, 197.917389, 119.124573, 63.035690,23.744936, 230.867188, 1.000094
5, 549,12,224.301514, 224.282181, 119.124573, 63.035690,23.744936, 230.867188, 1.000086
5, 549,13,203.489761, 203.486893, 119.124573, 63.035690,23.744936, 230.867188, 1.000014
5, 549,14,51.229565, 51.229107, 119.124573, 63.035690,23.744936, 230.867188, 1.000009
5, 549,15,183.522736, 183.517822, 119.124573, 63.035690,23.744936, 230.867188, 1.000027
5, 549,16,160.363205, 160.369324, 119.124573, 63.035690,23.744936, 230.867188, 0.999962
5, 549,17,61.732780, 61.718956, 119.124573, 63.035690,23.744936, 230.867188, 1.000224
5, 549,18,57.342876, 57.351875, 119.124573, 63.035690,23.744936, 230.867188, 0.999843
5, 549,19,121.950043, 121.943405, 119.124573, 63.035690,23.744936, 230.867188, 1.000054
5, 549,20,25.704525, 25.712648, 119.124573, 63.035690,23.744936, 230.867188, 0.999684
5, 549,21,111.815926, 111.815010, 119.124573, 63.035690,23.744936, 230.867188, 1.000008
5, 549,22,70.286453, 70.276085, 119.124573, 63.035690,23.744936, 230.867188, 1.000148
5, 549,23,113.354134, 113.356773, 119.124573, 63.035690,23.744936, 230.867188, 0.999977
5, 549,24,93.579956, 93.564735, 119.124573, 63.035690,23.744936, 230.867188, 1.000163
5, 549,25,109.129539, 109.137230, 119.124573, 63.035690,23.744936, 230.867188, 0.999930
5, 549,26,186.155350, 186.151337, 119.124573, 63.035690,23.744936, 230.867188, 1.000022
5, 549,27,211.216049, 211.239929, 119.124573, 63.035690,23.744936, 230.867188, 0.999887
5, 549,28,23.744936, 23.735659, 119.124573, 63.035690,23.744936, 230.867188, 1.000391
5, 549,29,42.366680, 42.384285, 119.124573, 63.035690,23.744936, 230.867188, 0.999585
5, 549,30,29.729273, 29.733023, 119.124573, 63.035690,23.744936, 230.867188, 0.999874
5, 549,31,230.867188, 230.862305, 119.124573, 63.035690,23.744936, 230.867188, 1.000021
5, 550,0,76.749779, 76.741112, 119.124893, 77.278381,14.751183, 269.066559, 1.000113
5, 550,1,174.753693, 174.764862, 119.124893, 77.278381,14.751183, 269.066559, 0.999936
5, 550,2,29.388699, 29.401951, 119.124893, 77.278381,14.751183, 269.066559, 0.999549
5, 550,3,72.893433, 72.892654, 119.124893, 77.278381,14.751183, 269.066559, 1.000011
5, 550,4,43.919807, 43.933453, 119.124893, 77.278381,14.751183, 269.066559, 0.999689
5, 550,5,46.437679, 46.448521, 119.124893, 77.278381,14.751183, 269.066559, 0.999767
5, 550,6,24.102856, 24.084377, 119.124893, 77.278381,14.751183, 269.066559, 1.000767
5, 550,7,23.580027, 23.589352, 119.124893, 77.278381,14.751183, 269.066559, 0.999605
5, 550,8,171.516541, 171.515259, 119.124893, 77.278381,14.751183, 269.066559, 1.000008
5, 550,9,111.497437, 111.504936, 119.124893, 77.278381,14.751183, 269.066559, 0.999933
5, 550,10,202.987900, 202.973557, 119.124893, 77.278381,14.751183, 269.066559, 1.000071
5, 550,11,14.751183, 14.742699, 119.124893, 77.278381,14.751183, 269.066559, 1.000575
5, 550,12,205.260834, 205.265060, 119.124893, 77.278381,14.751183, 269.066559, 0.999979
5, 550,13,187.390442, 187.396103, 119.124893, 77.278381,14.751183, 269.066559, 0.999970
5, 550,14,155.699432, 155.698273, 119.124893, 77.278381,14.751183, 269.066559, 1.000007
5, 550,15,96.227623, 96.230896, 119.124893, 77.278381,14.751183, 269.066559, 0.999966
5, 550,16,269.066559, 269.051971, 119.124893, 77.278381,14.751183, 269.066559, 1.000054
5, 550,17,259.315308, 259.311066, 119.124893, 77.278381,14.751183, 269.066559, 1.000016
5, 550,18,33.608959, 33.609699, 119.124893, 77.278381,14.751183, 269.066559, 0.999978
5, 550,19,147.255493, 147.266815, 119.124893, 77.278381,14.751183, 269.066559, 0.999923
5, 550,20,117.794113, 117.804581, 119.124893, 77.278381,14.751183, 269.066559, 0.999911
5, 550,21,137.691315, 137.693588, 119.124893, 77.278381,14.751183, 269.066559, 0.999983
5, 550,22,170.942017, 170.964340, 119.124893, 77.278381,14.751183, 269.066559, 0.999869
5, 550,23,260.820892, 260.820129, 119.124893, 77.278381,14.751183, 269.066559, 1.000003
5, 550,24,240.785141, 240.779419, 119.124893, 77.278381,14.751183, 269.066559, 1.000024
5, 550,25,105.598724, 105.588539, 119.124893, 77.278381,14.751183, 269.066559, 1.000096
5, 550,26,91.286087, 91.272614, 119.124893, 77.278381,14.751183, 269.066559, 1.000148
5, 550,27,94.272728, 94.282715, 119.124893, 77.278381,14.751183, 269.066559, 0.999894
5, 550,28,48.589127, 48.572353, 119.124893, 77.278381,14.751183, 269.066559, 1.000345
5, 550,29,111.174393, 111.161613, 119.124893, 77.278381,14.751183, 269.066559, 1.000115
5, 550,30,46.768494, 46.767895, 119.124893, 77.278381,14.751183, 269.066559, 1.000013
5, 550,31,39.870052, 39.869423, 119.124893, 77.278381,14.751183, 269.066559, 1.000016
5, 551,0,17.751867, 17.747696, 119.124649, 62.597679,17.751867, 212.549622, 1.000235
5, 551,1,129.996613, 129.988800, 119.124649, 62.597679,17.751867, 212.549622, 1.000060
5, 551,2,205.637650, 205.644989, 119.124649, 62.597679,17.751867, 212.549622, 0.999964
5, 551,3,108.079033, 108.089333, 119.124649, 62.597679,17.751867, 212.549622, 0.999905
5, 551,4,130.561172, 130.553864, 119.124649, 62.597679,17.751867, 212.549622, 1.000056
5, 551,5,211.032654, 211.038239, 119.124649, 62.597679,17.751867, 212.549622, 0.999974
5, 551,6,176.812225, 176.807739, 119.124649, 62.597679,17.751867, 212.549622, 1.000025
5, 551,7,71.184448, 71.177917, 119.124649, 62.597679,17.751867, 212.549622, 1.000092
5, 551,8,81.492401, 81.499794, 119.124649, 62.597679,17.751867, 212.549622, 0.999909
5, 551,9,164.506042, 164.501846, 119.124649, 62.597679,17.751867, 212.549622, 1.000026
5, 551,10,36.412922, 36.407455, 119.124649, 62.597679,17.751867, 212.549622, 1.000150
5, 551,11,212.549622, 212.551361, 119.124649, 62.597679,17.751867, 212.549622, 0.999992
5, 551,12,153.329376, 153.332352, 119.124649, 62.597679,17.751867, 212.549622, 0.999981
5, 551,13,109.042732, 109.043663, 119.124649, 62.597679,17.751867, 212.549622, 0.999991
5, 551,14,128.123245, 128.111542, 119.124649, 62.597679,17.751867, 212.549622, 1.000091
5, 551,15,179.561249, 179.557739, 119.124649, 62.597679,17.751867, 212.549622, 1.000020
5, 551,16,88.901825, 88.908447, 119.124649, 62.597679,17.751867, 212.549622, 0.999925
5, 551,17,132.280136, 132.274185, 119.124649, 62.597679,17.751867, 212.549622, 1.000045
5, 551,18,80.274460, 80.275482, 119.124649, 62.597679,17.751867, 212.549622, 0.999987
5, 551,19,76.241585, 76.238396, 119.124649, 62.597679,17.751867, 212.549622, 1.000042
5, 551,20,37.138115, 37.135765, 119.124649, 62.597679,17.751867, 212.549622, 1.000063
5, 551,21,153.274277, 153.269562, 119.124649, 62.597679,17.751867, 212.549622, 1.000031
5, 551,22,169.957108, 169.964142, 119.124649, 62.597679,17.751867, 212.549622, 0.999959
5, 551,23,100.174004, 100.172119, 119.124649, 62.597679,17.751867, 212.549622, 1.000019
5, 551,24,125.015862, 125.022499, 119.124649, 62.597679,17.751867, 212.549622, 0.999947
5, 551,25,203.320648, 203.328201, 119.124649, 62.597679,17.751867, 212.549622, 0.999963
5, 551,26,197.652786, 197.664978, 119.124649, 62.597679,17.751867, 212.549622, 0.999938
5, 551,27,35.108841, 35.114082, 119.124649, 62.597679,17.751867, 212.549622, 0.999851
5, 551,28,51.096359, 51.099197, 119.124649, 62.597679,17.751867, 212.549622, 0.999944
5, 551,29,25.720755, 25.733973, 119.124649, 62.597679,17.751867, 212.549622, 0.999486
5, 551,30,199.543106, 199.535980, 119.124649, 62.597679,17.751867, 212.549622, 1.000036
5, 551,31,20.215439, 20.208874, 119.124649, 62.597679,17.751867, 212.549622, 1.000325
5, 552,0,190.096786, 190.093216, 119.125916, 63.232086,17.326620, 204.643234, 1.000019
5, 552,1,80.691658, 80.679611, 119.125916, 63.232086,17.326620, 204.643234, 1.000149
5, 552,2,20.043686, 20.047268, 119.125916, 63.232086,17.326620, 204.643234, 0.999821
5, 552,3,202.095367, 202.088608, 119.125916, 63.232086,17.326620, 204.643234, 1.000033
5, 552,4,101.021721, 101.026688, 119.125916, 63.232086,17.326620, 204.643234, 0.999951
5, 552,5,195.296722, 195.294235, 119.125916, 63.232086,17.326620, 204.643234, 1.000013
5, 552,6,17.326620, 17.329515, 119.125916, 63.232086,17.326620, 204.643234, 0.999833
5, 552,7,127.714157, 127.711166, 119.125916, 63.232086,17.326620, 204.643234, 1.000023
5, 552,8,113.455025, 113.461006, 119.125916, 63.232086,17.326620, 204.643234, 0.999947
5, 552,9,194.782990, 194.771118, 119.125916, 63.232086,17.326620, 204.643234, 1.000061
5, 552,10,118.283096, 118.283203, 119.125916, 63.232086,17.326620, 204.643234, 0.999999
5, 552,11,79.656647, 79.669472, 119.125916, 63.232086,17.326620, 204.643234, 0.999839
5, 552,12,198.466080, 198.456924, 119.125916, 63.232086,17.326620, 204.643234, 1.000046
5, 552,13,168.320084, 168.327148, 119.125916, 63.232086,17.326620, 204.643234, 0.999958
5, 552,14,146.549713, 146.555054, 119.125916, 63.232086,17.326620, 204.643234, 0.999964
5, 552,15,17.631815, 17.630152, 119.125916, 63.232086,17.326620, 204.643234, 1.000094
5, 552,16,116.570091, 116.557564, 119.125916, 63.232086,17.326620, 204.643234, 1.000108
5, 552,17,44.031803, 44.026028, 119.125916, 63.232086,17.326620, 204.643234, 1.000131
5, 552,18,29.024746, 29.030283, 119.125916, 63.232086,17.326620, 204.643234, 0.999809
5, 552,19,140.993271, 140.993286, 119.125916, 63.232086,17.326620, 204.643234, 1.000000
5, 552,20,18.873878, 18.880798, 119.125916, 63.232086,17.326620, 204.643234, 0.999633
5, 552,21,174.414993, 174.399994, 119.125916, 63.232086,17.326620, 204.643234, 1.000086
5, 552,22,132.415222, 132.413116, 119.125916, 63.232086,17.326620, 204.643234, 1.000016
5, 552,23,100.918999, 100.924469, 119.125916, 63.232086,17.326620, 204.643234, 0.999946
5, 552,24,175.870300, 175.861084, 119.125916, 63.232086,17.326620, 204.643234, 1.000052
5, 552,25,204.643234, 204.638016, 119.125916, 63.232086,17.326620, 204.643234, 1.000026
5, 552,26,53.162380, 53.171383, 119.125916, 63.232086,17.326620, 204.643234, 0.999831
5, 552,27,93.725250, 93.721222, 119.125916, 63.232086,17.326620, 204.643234, 1.000043
5, 552,28,184.543106, 184.549484, 119.125916, 63.232086,17.326620, 204.643234, 0.999965
5, 552,29,96.114624, 96.114288, 119.125916, 63.232086,17.326620, 204.643234, 1.000003
5, 552,30,201.681015, 201.673737, 119.125916, 63.232086,17.326620, 204.643234, 1.000036
5, 552,31,73.614540, 73.620674, 119.125916, 63.232086,17.326620, 204.643234, 0.999917
5, 553,0,76.969795, 76.963699, 119.123940, 59.995113,10.124711, 212.024139, 1.000079
5, 553,1,191.065613, 191.077866, 119.123940, 59.995113,10.124711, 212.024139, 0.999936
5, 553,2,184.470779, 184.475540, 119.123940, 59.995113,10.124711, 212.024139, 0.999974
5, 553,3,125.132286, 125.123627, 119.123940, 59.995113,10.124711, 212.024139, 1.000069
5, 553,4,119.197655, 119.204742, 119.123940, 59.995113,10.124711, 212.024139, 0.999941
5, 553,5,206.853394, 206.859467, 119.123940, 59.995113,10.124711, 212.024139, 0.999971
5, 553,6,50.310036, 50.297348, 119.123940, 59.995113,10.124711, 212.024139, 1.000252
5, 553,7,176.991974, 176.989151, 119.123940, 59.995113,10.124711, 212.024139, 1.000016
5, 553,8,178.125092, 178.130295, 119.123940, 59.995113,10.124711, 212.024139, 0.999971
5, 553,9,49.829845, 49.827099, 119.123940, 59.995113,10.124711, 212.024139, 1.000055
5, 553,10,115.854095, 115.856560, 119.123940, 59.995113,10.124711, 212.024139, 0.999979
5, 553,11,181.268753, 181.284103, 119.123940, 59.995113,10.124711, 212.024139, 0.999915
5, 553,12,143.759903, 143.770630, 119.123940, 59.995113,10.124711, 212.024139, 0.999925
5, 553,13,116.595955, 116.596428, 119.123940, 59.995113,10.124711, 212.024139, 0.999996
5, 553,14,121.172935, 121.167267, 119.123940, 59.995113,10.124711, 212.024139, 1.000047
5, 553,15,80.226143, 80.205292, 119.123940, 59.995113,10.124711, 212.024139, 1.000260
5, 553,16,134.647278, 134.660309, 119.123940, 59.995113,10.124711, 212.024139, 0.999903
5, 553,17,113.470718, 113.473961, 119.123940, 59.995113,10.124711, 212.024139, 0.999971
5, 553,18,42.523045, 42.516266, 119.123940, 59.995113,10.124711, 212.024139, 1.000159
5, 553,19,91.040649, 91.033592, 119.123940, 59.995113,10.124711, 212.024139, 1.000077
5, 553,20,190.468292, 190.469681, 119.123940, 59.995113,10.124711, 212.024139, 0.999993
5, 553,21,209.661758, 209.655899, 119.123940, 59.995113,10.124711, 212.024139, 1.000028
5, 553,22,48.577965, 48.579365, 119.123940, 59.995113,10.124711, 212.024139, 0.999971
5, 553,23,41.707123, 41.719978, 119.123940, 59.995113,10.124711, 212.024139, 0.999692
5, 553,24,133.603134, 133.606949, 119.123940, 59.995113,10.124711, 212.024139, 0.999971
5, 553,25,39.979919, 39.976913, 119.123940, 59.995113,10.124711, 212.024139, 1.000075
5, 553,26,127.811821, 127.826012, 119.123940, 59.995113,10.124711, 212.024139, 0.999889
5, 553,27,103.390396, 103.391777, 119.123940, 59.995113,10.124711, 212.024139, 0.999987
5, 553,28,171.148285, 171.139236, 119.123940, 59.995113,10.124711, 212.024139, 1.000053
5, 553,29,212.024139, 212.032211, 119.123940, 59.995113,10.124711, 212.024139, 0.999962
5, 553,30,10.124711, 10.125401, 119.123940, 59.995113,10.124711, 212.024139, 0.999932
5, 553,31,23.962942, 23.963310, 119.123940, 59.995113,10.124711, 212.024139, 0.999985
5, 554,0,36.132912, 36.132011, 119.125130, 64.993675,29.314749, 222.626968, 1.000025
5, 554,1,194.928558, 194.925110, 119.125130, 64.993675,29.314749, 222.626968, 1.000018
5, 554,2,112.809662, 112.810036, 119.125130, 64.993675,29.314749, 222.626968, 0.999997
5, 554,3,29.314749, 29.325840, 119.125130, 64.993675,29.314749, 222.626968, 0.999622
5, 554,4,112.326660, 112.329529, 119.125130, 64.993675,29.314749, 222.626968, 0.999974
5, 554,5,61.854397, 61.855911, 119.125130, 64.993675,29.314749, 222.626968, 0.999976
5, 554,6,205.632339, 205.634613, 119.125130, 64.993675,29.314749, 222.626968, 0.999989
5, 554,7,82.296425, 82.294167, 119.125130, 64.993675,29.314749, 222.626968, 1.000027
5, 554,8,75.048096, 75.053566, 119.125130, 64.993675,29.314749, 222.626968, 0.999927
5, 554,9,127.692993, 127.692772, 119.125130, 64.993675,29.314749, 222.626968, 1.000002
5, 554,10,52.140648, 52.153500, 119.125130, 64.993675,29.314749, 222.626968, 0.999754
5, 554,11,45.428349, 45.413151, 119.125130, 64.993675,29.314749, 222.626968, 1.000335
5, 554,12,185.119888, 185.117386, 119.125130, 64.993675,29.314749, 222.626968, 1.000013
5, 554,13,178.820587, 178.811462, 119.125130, 64.993675,29.314749, 222.626968, 1.000051
5, 554,14,204.464081, 204.449799, 119.125130, 64.993675,29.314749, 222.626968, 1.000070
5, 554,15,146.466034, 146.472275, 119.125130, 64.993675,29.314749, 222.626968, 0.999957
5, 554,16,38.547939, 38.541157, 119.125130, 64.993675,29.314749, 222.626968, 1.000176
5, 554,17,49.717800, 49.711441, 119.125130, 64.993675,29.314749, 222.626968, 1.000128
5, 554,18,222.626968, 222.636887, 119.125130, 64.993675,29.314749, 222.626968, 0.999955
5, 554,19,92.586502, 92.582420, 119.125130, 64.993675,29.314749, 222.626968, 1.000044
5, 554,20,67.135147, 67.141556, 119.125130, 64.993675,29.314749, 222.626968, 0.999905
5, 554,21,109.067825, 109.071251, 119.125130, 64.993675,29.314749, 222.626968, 0.999969
5, 554,22,155.475891, 155.476959, 119.125130, 64.993675,29.314749, 222.626968, 0.999993
5, 554,23,47.647221, 47.651157, 119.125130, 64.993675,29.314749, 222.626968, 0.999917
5, 554,24,35.046989, 35.032753, 119.125130, 64.993675,29.314749, 222.626968, 1.000406
5, 554,25,189.227798, 189.237930, 119.125130, 64.993675,29.314749, 222.626968, 0.999946
5, 554,26,220.012589, 220.003952, 119.125130, 64.993675,29.314749, 222.626968, 1.000039
5, 554,27,110.527695, 110.532539, 119.125130, 64.993675,29.314749, 222.626968, 0.999956
5, 554,28,91.844788, 91.845192, 119.125130, 64.993675,29.314749, 222.626968, 0.999996
5, 554,29,120.300171, 120.307365, 119.125130, 64.993675,29.314749, 222.626968, 0.999940
5, 554,30,196.818100, 196.814240, 119.125130, 64.993675,29.314749, 222.626968, 1.000020
5, 554,31,214.944351, 214.942093, 119.125130, 64.993675,29.314749, 222.626968, 1.000010
5, 555,0,141.550491, 141.554230, 119.124756, 69.769829,17.576857, 234.565903, 0.999974
5, 555,1,193.900711, 193.907730, 119.124756, 69.769829,17.576857, 234.565903, 0.999964
5, 555,2,181.183807, 181.179962, 119.124756, 69.769829,17.576857, 234.565903, 1.000021
5, 555,3,117.036964, 117.048180, 119.124756, 69.769829,17.576857, 234.565903, 0.999904
5, 555,4,218.276825, 218.268829, 119.124756, 69.769829,17.576857, 234.565903, 1.000037
5, 555,5,76.196083, 76.204750, 119.124756, 69.769829,17.576857, 234.565903, 0.999886
5, 555,6,234.565903, 234.555450, 119.124756, 69.769829,17.576857, 234.565903, 1.000045
5, 555,7,30.850245, 30.845728, 119.124756, 69.769829,17.576857, 234.565903, 1.000146
5, 555,8,118.223801, 118.222382, 119.124756, 69.769829,17.576857, 234.565903, 1.000012
5, 555,9,200.288437, 200.278870, 119.124756, 69.769829,17.576857, 234.565903, 1.000048
5, 555,10,108.945221, 108.951981, 119.124756, 69.769829,17.576857, 234.565903, 0.999938
5, 555,11,37.519272, 37.521290, 119.124756, 69.769829,17.576857, 234.565903, 0.999946
5, 555,12,99.475899, 99.464127, 119.124756, 69.769829,17.576857, 234.565903, 1.000118
5, 555,13,17.576857, 17.559837, 119.124756, 69.769829,17.576857, 234.565903, 1.000969
5, 555,14,179.598114, 179.599869, 119.124756, 69.769829,17.576857, 234.565903, 0.999990
5, 555,15,91.392448, 91.396912, 119.124756, 69.769829,17.576857, 234.565903, 0.999951
5, 555,16,27.769218, 27.779755, 119.124756, 69.769829,17.576857, 234.565903, 0.999621
5, 555,17,150.661758, 150.665176, 119.124756, 69.769829,17.576857, 234.565903, 0.999977
5, 555,18,175.015228, 175.019012, 119.124756, 69.769829,17.576857, 234.565903, 0.999978
5, 555,19,136.814072, 136.806671, 119.124756, 69.769829,17.576857, 234.565903, 1.000054
5, 555,20,186.682587, 186.695816, 119.124756, 69.769829,17.576857, 234.565903, 0.999929
5, 555,21,230.666962, 230.663193, 119.124756, 69.769829,17.576857, 234.565903, 1.000016
5, 555,22,113.350105, 113.351616, 119.124756, 69.769829,17.576857, 234.565903, 0.999987
5, 555,23,178.799606, 178.788055, 119.124756, 69.769829,17.576857, 234.565903, 1.000065
5, 555,24,26.381266, 26.380859, 119.124756, 69.769829,17.576857, 234.565903, 1.000015
5, 555,25,67.383667, 67.390984, 119.124756, 69.769829,17.576857, 234.565903, 0.999891
5, 555,26,27.583384, 27.584053, 119.124756, 69.769829,17.576857, 234.565903, 0.999976
5, 555,27,187.156158, 187.166946, 119.124756, 69.769829,17.576857, 234.565903, 0.999942
5, 555,28,24.793369, 24.800756, 119.124756, 69.769829,17.576857, 234.565903, 0.999702
5, 555,29,33.445866, 33.447819, 119.124756, 69.769829,17.576857, 234.565903, 0.999942
5, 555,30,149.489059, 149.476471, 119.124756, 69.769829,17.576857, 234.565903, 1.000084
5, 555,31,49.418804, 49.422779, 119.124756, 69.769829,17.576857, 234.565903, 0.999920
5, 556,0,76.544518, 76.545753, 119.125443, 68.089996,15.855552, 240.184494, 0.999984
5, 556,1,220.702576, 220.698502, 119.125443, 68.089996,15.855552, 240.184494, 1.000018
5, 556,2,15.855552, 15.844608, 119.125443, 68.089996,15.855552, 240.184494, 1.000691
5, 556,3,141.612061, 141.614304, 119.125443, 68.089996,15.855552, 240.184494, 0.999984
5, 556,4,64.103271, 64.107239, 119.125443, 68.089996,15.855552, 240.184494, 0.999938
5, 556,5,207.785477, 207.781860, 119.125443, 68.089996,15.855552, 240.184494, 1.000017
5, 556,6,66.912888, 66.911789, 119.125443, 68.089996,15.855552, 240.184494, 1.000016
5, 556,7,132.737289, 132.736801, 119.125443, 68.089996,15.855552, 240.184494, 1.000004
5, 556,8,49.164238, 49.163876, 119.125443, 68.089996,15.855552, 240.184494, 1.000007
5, 556,9,138.473282, 138.474350, 119.125443, 68.089996,15.855552, 240.184494, 0.999992
5, 556,10,164.679535, 164.671616, 119.125443, 68.089996,15.855552, 240.184494, 1.000048
5, 556,11,124.765083, 124.765579, 119.125443, 68.089996,15.855552, 240.184494, 0.999996
5, 556,12,54.293613, 54.287720, 119.125443, 68.089996,15.855552, 240.184494, 1.000109
5, 556,13,240.184494, 240.194809, 119.125443, 68.089996,15.855552, 240.184494, 0.999957
5, 556,14,27.484140, 27.483871, 119.125443, 68.089996,15.855552, 240.184494, 1.000010
5, 556,15,111.436386, 111.442146, 119.125443, 68.089996,15.855552, 240.184494, 0.999948
5, 556,16,196.568634, 196.570770, 119.125443, 68.089996,15.855552, 240.184494, 0.999989
5, 556,17,217.533081, 217.544266, 119.125443, 68.089996,15.855552, 240.184494, 0.999949
5, 556,18,23.285877, 23.287745, 119.125443, 68.089996,15.855552, 240.184494, 0.999920
5, 556,19,192.932129, 192.924133, 119.125443, 68.089996,15.855552, 240.184494, 1.000041
5, 556,20,187.974960, 187.964417, 119.125443, 68.089996,15.855552, 240.184494, 1.000056
5, 556,21,78.844246, 78.850784, 119.125443, 68.089996,15.855552, 240.184494, 0.999917
5, 556,22,239.123962, 239.117249, 119.125443, 68.089996,15.855552, 240.184494, 1.000028
5, 556,23,122.870178, 122.874451, 119.125443, 68.089996,15.855552, 240.184494, 0.999965
5, 556,24,138.730499, 138.724121, 119.125443, 68.089996,15.855552, 240.184494, 1.000046
5, 556,25,93.623344, 93.622864, 119.125443, 68.089996,15.855552, 240.184494, 1.000005
5, 556,26,53.379341, 53.381413, 119.125443, 68.089996,15.855552, 240.184494, 0.999961
5, 556,27,153.056641, 153.046631, 119.125443, 68.089996,15.855552, 240.184494, 1.000065
5, 556,28,40.387486, 40.400528, 119.125443, 68.089996,15.855552, 240.184494, 0.999677
5, 556,29,34.290421, 34.284744, 119.125443, 68.089996,15.855552, 240.184494, 1.000166
5, 556,30,89.037781, 89.041382, 119.125443, 68.089996,15.855552, 240.184494, 0.999960
5, 556,31,113.641075, 113.640114, 119.125443, 68.089996,15.855552, 240.184494, 1.000008
5, 557,0,102.894760, 102.882187, 119.125526, 79.184486,10.086832, 253.461700, 1.000122
5, 557,1,80.325798, 80.314636, 119.125526, 79.184486,10.086832, 253.461700, 1.000139
5, 557,2,129.654190, 129.658768, 119.125526, 79.184486,10.086832, 253.461700, 0.999965
5, 557,3,102.059151, 102.053810, 119.125526, 79.184486,10.086832, 253.461700, 1.000052
5, 557,4,239.027435, 239.026321, 119.125526, 79.184486,10.086832, 253.461700, 1.000005
5, 557,5,253.461700, 253.459381, 119.125526, 79.184486,10.086832, 253.461700, 1.000009
5, 557,6,227.373093, 227.361923, 119.125526, 79.184486,10.086832, 253.461700, 1.000049
5, 557,7,164.582489, 164.577271, 119.125526, 79.184486,10.086832, 253.461700, 1.000032
5, 557,8,188.584381, 188.577682, 119.125526, 79.184486,10.086832, 253.461700, 1.000036
5, 557,9,49.316113, 49.314106, 119.125526, 79.184486,10.086832, 253.461700, 1.000041
5, 557,10,26.831591, 26.836107, 119.125526, 79.184486,10.086832, 253.461700, 0.999832
5, 557,11,39.877388, 39.866180, 119.125526, 79.184486,10.086832, 253.461700, 1.000281
5, 557,12,10.086832, 10.082091, 119.125526, 79.184486,10.086832, 253.461700, 1.000470
5, 557,13,166.404907, 166.405655, 119.125526, 79.184486,10.086832, 253.461700, 0.999996
5, 557,14,67.635788, 67.642776, 119.125526, 79.184486,10.086832, 253.461700, 0.999897
5, 557,15,107.668884, 107.673309, 119.125526, 79.184486,10.086832, 253.461700, 0.999959
5, 557,16,27.382940, 27.380894, 119.125526, 79.184486,10.086832, 253.461700, 1.000075
5, 557,17,12.601896, 12.597059, 119.125526, 79.184486,10.086832, 253.461700, 1.000384
5, 557,18,132.253326, 132.255829, 119.125526, 79.184486,10.086832, 253.461700, 0.999981
5, 557,19,32.990879, 32.992931, 119.125526, 79.184486,10.086832, 253.461700, 0.999938
5, 557,20,173.362213, 173.361008, 119.125526, 79.184486,10.086832, 253.461700, 1.000007
5, 557,21,193.368912, 193.391205, 119.125526, 79.184486,10.086832, 253.461700, 0.999885
5, 557,22,248.368973, 248.362274, 119.125526, 79.184486,10.086832, 253.461700, 1.000027
5, 557,23,191.416794, 191.413544, 119.125526, 79.184486,10.086832, 253.461700, 1.000017
5, 557,24,23.900063, 23.910686, 119.125526, 79.184486,10.086832, 253.461700, 0.999556
5, 557,25,239.832123, 239.824814, 119.125526, 79.184486,10.086832, 253.461700, 1.000031
5, 557,26,77.274773, 77.277267, 119.125526, 79.184486,10.086832, 253.461700, 0.999968
5, 557,27,110.823761, 110.822617, 119.125526, 79.184486,10.086832, 253.461700, 1.000010
5, 557,28,202.166214, 202.167465, 119.125526, 79.184486,10.086832, 253.461700, 0.999994
5, 557,29,50.762318, 50.769352, 119.125526, 79.184486,10.086832, 253.461700, 0.999861
5, 557,30,119.735237, 119.740692, 119.125526, 79.184486,10.086832, 253.461700, 0.999954
5, 557,31,19.991997, 20.000172, 119.125526, 79.184486,10.086832, 253.461700, 0.999591
5, 558,0,77.611923, 77.620453, 119.125969, 61.630180,23.690758, 219.006943, 0.999890
5, 558,1,175.541061, 175.532120, 119.125969, 61.630180,23.690758, 219.006943, 1.000051
5, 558,2,198.172089, 198.171295, 119.125969, 61.630180,23.690758, 219.006943, 1.000004
5, 558,3,198.900208, 198.904144, 119.125969, 61.630180,23.690758, 219.006943, 0.999980
5, 558,4,74.321373, 74.325920, 119.125969, 61.630180,23.690758, 219.006943, 0.999939
5, 558,5,23.690758, 23.686504, 119.125969, 61.630180,23.690758, 219.006943, 1.000180
5, 558,6,37.353699, 37.333397, 119.125969, 61.630180,23.690758, 219.006943, 1.000544
5, 558,7,210.386490, 210.398697, 119.125969, 61.630180,23.690758, 219.006943, 0.999942
5, 558,8,192.486710, 192.473541, 119.125969, 61.630180,23.690758, 219.006943, 1.000068
5, 558,9,180.237671, 180.239532, 119.125969, 61.630180,23.690758, 219.006943, 0.999990
5, 558,10,103.893150, 103.884277, 119.125969, 61.630180,23.690758, 219.006943, 1.000085
5, 558,11,199.188828, 199.181458, 119.125969, 61.630180,23.690758, 219.006943, 1.000037
5, 558,12,110.822914, 110.816666, 119.125969, 61.630180,23.690758, 219.006943, 1.000056
5, 558,13,70.147118, 70.133484, 119.125969, 61.630180,23.690758, 219.006943, 1.000194
5, 558,14,140.980179, 140.975845, 119.125969, 61.630180,23.690758, 219.006943, 1.000031
5, 558,15,67.166809, 67.169067, 119.125969, 61.630180,23.690758, 219.006943, 0.999966
5, 558,16,25.270475, 25.271051, 119.125969, 61.630180,23.690758, 219.006943, 0.999977
5, 558,17,157.841644, 157.844650, 119.125969, 61.630180,23.690758, 219.006943, 0.999981
5, 558,18,33.440983, 33.444664, 119.125969, 61.630180,23.690758, 219.006943, 0.999890
5, 558,19,110.920616, 110.922302, 119.125969, 61.630180,23.690758, 219.006943, 0.999985
5, 558,20,166.416733, 166.401169, 119.125969, 61.630180,23.690758, 219.006943, 1.000094
5, 558,21,176.882339, 176.885590, 119.125969, 61.630180,23.690758, 219.006943, 0.999982
5, 558,22,62.439590, 62.441830, 119.125969, 61.630180,23.690758, 219.006943, 0.999964
5, 558,23,68.542206, 68.542328, 119.125969, 61.630180,23.690758, 219.006943, 0.999998
5, 558,24,116.174019, 116.184319, 119.125969, 61.630180,23.690758, 219.006943, 0.999911
5, 558,25,124.766953, 124.780472, 119.125969, 61.630180,23.690758, 219.006943, 0.999892
5, 558,26,219.006943, 219.008072, 119.125969, 61.630180,23.690758, 219.006943, 0.999995
5, 558,27,124.192413, 124.186264, 119.125969, 61.630180,23.690758, 219.006943, 1.000049
5, 558,28,40.178265, 40.172375, 119.125969, 61.630180,23.690758, 219.006943, 1.000147
5, 558,29,55.108784, 55.106709, 119.125969, 61.630180,23.690758, 219.006943, 1.000038
5, 558,30,97.845299, 97.849808, 119.125969, 61.630180,23.690758, 219.006943, 0.999954
5, 558,31,172.103012, 172.112152, 119.125969, 61.630180,23.690758, 219.006943, 0.999947
5, 559,0,221.045792, 221.048126, 119.126167, 57.252365,24.480495, 221.045792, 0.999989
5, 559,1,217.635864, 217.653305, 119.126167, 57.252365,24.480495, 221.045792, 0.999920
5, 559,2,136.993408, 136.994476, 119.126167, 57.252365,24.480495, 221.045792, 0.999992
5, 559,3,24.480495, 24.483234, 119.126167, 57.252365,24.480495, 221.045792, 0.999888
5, 559,4,125.178398, 125.176208, 119.126167, 57.252365,24.480495, 221.045792, 1.000018
5, 559,5,155.982315, 155.977356, 119.126167, 57.252365,24.480495, 221.045792, 1.000032
5, 559,6,88.203133, 88.201439, 119.126167, 57.252365,24.480495, 221.045792, 1.000019
5, 559,7,109.958199, 109.956429, 119.126167, 57.252365,24.480495, 221.045792, 1.000016
5, 559,8,144.455765, 144.447021, 119.126167, 57.252365,24.480495, 221.045792, 1.000061
5, 559,9,89.120277, 89.125465, 119.126167, 57.252365,24.480495, 221.045792, 0.999942
5, 559,10,55.681293, 55.686138, 119.126167, 57.252365,24.480495, 221.045792, 0.999913
5, 559,11,151.182175, 151.189774, 119.126167, 57.252365,24.480495, 221.045792, 0.999950
5, 559,12,42.719395, 42.709480, 119.126167, 57.252365,24.480495, 221.045792, 1.000232
5, 559,13,111.199699, 111.195160, 119.126167, 57.252365,24.480495, 221.045792, 1.000041
5, 559,14,174.235046, 174.237076, 119.126167, 57.252365,24.480495, 221.045792, 0.999988
5, 559,15,138.181656, 138.172958, 119.126167, 57.252365,24.480495, 221.045792, 1.000063
5, 559,16,93.083786, 93.076057, 119.126167, 57.252365,24.480495, 221.045792, 1.000083
5, 559,17,99.769318, 99.751869, 119.126167, 57.252365,24.480495, 221.045792, 1.000175
5, 559,18,146.594284, 146.603104, 119.126167, 57.252365,24.480495, 221.045792, 0.999940
5, 559,19,213.670395, 213.669250, 119.126167, 57.252365,24.480495, 221.045792, 1.000005
5, 559,20,29.752096, 29.759607, 119.126167, 57.252365,24.480495, 221.045792, 0.999748
5, 559,21,35.443298, 35.437729, 119.126167, 57.252365,24.480495, 221.045792, 1.000157
5, 559,22,177.111465, 177.102921, 119.126167, 57.252365,24.480495, 221.045792, 1.000048
5, 559,23,93.973579, 93.973305, 119.126167, 57.252365,24.480495, 221.045792, 1.000003
5, 559,24,45.335758, 45.334274, 119.126167, 57.252365,24.480495, 221.045792, 1.000033
5, 559,25,109.446480, 109.454231, 119.126167, 57.252365,24.480495, 221.045792, 0.999929
5, 559,26,128.052338, 128.048737, 119.126167, 57.252365,24.480495, 221.045792, 1.000028
5, 559,27,91.103004, 91.100761, 119.126167, 57.252365,24.480495, 221.045792, 1.000025
5, 559,28,55.376354, 55.371433, 119.126167, 57.252365,24.480495, 221.045792, 1.000089
5, 559,29,104.676399, 104.680054, 119.126167, 57.252365,24.480495, 221.045792, 0.999965
5, 559,30,197.106812, 197.103592, 119.126167, 57.252365,24.480495, 221.045792, 1.000016
5, 559,31,205.288910, 205.279297, 119.126167, 57.252365,24.480495, 221.045792, 1.000047
5, 560,0,122.703812, 122.708130, 119.124733, 46.186905,15.960488, 193.623764, 0.999965
5, 560,1,51.359913, 51.368191, 119.124733, 46.186905,15.960488, 193.623764, 0.999839
5, 560,2,135.877121, 135.871246, 119.124733, 46.186905,15.960488, 193.623764, 1.000043
5, 560,3,193.623764, 193.621826, 119.124733, 46.186905,15.960488, 193.623764, 1.000010
5, 560,4,145.399490, 145.394455, 119.124733, 46.186905,15.960488, 193.623764, 1.000035
5, 560,5,138.537521, 138.535278, 119.124733, 46.186905,15.960488, 193.623764, 1.000016
5, 560,6,35.006157, 34.991413, 119.124733, 46.186905,15.960488, 193.623764, 1.000421
5, 560,7,156.894547, 156.886246, 119.124733, 46.186905,15.960488, 193.623764, 1.000053
5, 560,8,111.107079, 111.115395, 119.124733, 46.186905,15.960488, 193.623764, 0.999925
5, 560,9,119.566841, 119.544945, 119.124733, 46.186905,15.960488, 193.623764, 1.000183
5, 560,10,101.752937, 101.760437, 119.124733, 46.186905,15.960488, 193.623764, 0.999926
5, 560,11,75.452026, 75.467857, 119.124733, 46.186905,15.960488, 193.623764, 0.999790
5, 560,12,105.313499, 105.310616, 119.124733, 46.186905,15.960488, 193.623764, 1.000027
5, 560,13,15.960488, 15.961821, 119.124733, 46.186905,15.960488, 193.623764, 0.999917
5, 560,14,80.919662, 80.947342, 119.124733, 46.186905,15.960488, 193.623764, 0.999658
5, 560,15,92.038261, 92.024109, 119.124733, 46.186905,15.960488, 193.623764, 1.000154
5, 560,16,190.782898, 190.789551, 119.124733, 46.186905,15.960488, 193.623764, 0.999965
5, 560,17,96.757980, 96.752052, 119.124733, 46.186905,15.960488, 193.623764, 1.000061
5, 560,18,90.734894, 90.739769, 119.124733, 46.186905,15.960488, 193.623764, 0.999946
5, 560,19,109.098801, 109.073898, 119.124733, 46.186905,15.960488, 193.623764, 1.000228
5, 560,20,164.354416, 164.373566, 119.124733, 46.186905,15.960488, 193.623764, 0.999883
5, 560,21,161.047470, 161.042130, 119.124733, 46.186905,15.960488, 193.623764, 1.000033
5, 560,22,132.625259, 132.640778, 119.124733, 46.186905,15.960488, 193.623764, 0.999883
5, 560,23,179.637833, 179.645493, 119.124733, 46.186905,15.960488, 193.623764, 0.999957
5, 560,24,153.841339, 153.846451, 119.124733, 46.186905,15.960488, 193.623764, 0.999967
5, 560,25,159.376999, 159.370804, 119.124733, 46.186905,15.960488, 193.623764, 1.000039
5, 560,26,180.317581, 180.312897, 119.124733, 46.186905,15.960488, 193.623764, 1.000026
5, 560,27,79.913162, 79.904167, 119.124733, 46.186905,15.960488, 193.623764, 1.000113
5, 560,28,177.205322, 177.211411, 119.124733, 46.186905,15.960488, 193.623764, 0.999966
5, 560,29,68.717461, 68.715240, 119.124733, 46.186905,15.960488, 193.623764, 1.000032
5, 560,30,118.052925, 118.041878, 119.124733, 46.186905,15.960488, 193.623764, 1.000094
5, 560,31,68.013954, 68.031006, 119.124733, 46.186905,15.960488, 193.623764, 0.999749
5, 561,0,209.230865, 209.231064, 119.127052, 66.571899,17.058151, 215.524841, 0.999999
5, 561,1,171.378494, 171.392258, 119.127052, 66.571899,17.058151, 215.524841, 0.999920
5, 561,2,199.827209, 199.809433, 119.127052, 66.571899,17.058151, 215.524841, 1.000089
5, 561,3,165.506851, 165.504532, 119.127052, 66.571899,17.058151, 215.524841, 1.000014
5, 561,4,208.852875, 208.850388, 119.127052, 66.571899,17.058151, 215.524841, 1.000012
5, 561,5,81.631927, 81.629791, 119.127052, 66.571899,17.058151, 215.524841, 1.000026
5, 561,6,47.041416, 47.045738, 119.127052, 66.571899,17.058151, 215.524841, 0.999908
5, 561,7,24.139500, 24.122932, 119.127052, 66.571899,17.058151, 215.524841, 1.000687
5, 561,8,129.321136, 129.321655, 119.127052, 66.571899,17.058151, 215.524841, 0.999996
5, 561,9,215.524841, 215.524841, 119.127052, 66.571899,17.058151, 215.524841, 1.000000
5, 561,10,24.764643, 24.776421, 119.127052, 66.571899,17.058151, 215.524841, 0.999525
5, 561,11,211.860504, 211.857697, 119.127052, 66.571899,17.058151, 215.524841, 1.000013
5, 561,12,207.476013, 207.473633, 119.127052, 66.571899,17.058151, 215.524841, 1.000011
5, 561,13,34.083534, 34.083855, 119.127052, 66.571899,17.058151, 215.524841, 0.999991
5, 561,14,92.141983, 92.142685, 119.127052, 66.571899,17.058151, 215.524841, 0.999992
5, 561,15,107.525429, 107.534523, 119.127052, 66.571899,17.058151, 215.524841, 0.999915
5, 561,16,68.348183, 68.350677, 119.127052, 66.571899,17.058151, 215.524841, 0.999964
5, 561,17,205.023117, 205.011948, 119.127052, 66.571899,17.058151, 215.524841, 1.000054
5, 561,18,137.146317, 137.144470, 119.127052, 66.571899,17.058151, 215.524841, 1.000013
5, 561,19,91.102791, 91.102173, 119.127052, 66.571899,17.058151, 215.524841, 1.000007
5, 561,20,207.394424, 207.397491, 119.127052, 66.571899,17.058151, 215.524841, 0.999985
5, 561,21,53.413860, 53.402958, 119.127052, 66.571899,17.058151, 215.524841, 1.000204
5, 561,22,62.138344, 62.152073, 119.127052, 66.571899,17.058151, 215.524841, 0.999779
5, 561,23,65.719986, 65.724045, 119.127052, 66.571899,17.058151, 215.524841, 0.999938
5, 561,24,109.204216, 109.203140, 119.127052, 66.571899,17.058151, 215.524841, 1.000010
5, 561,25,112.905128, 112.902000, 119.127052, 66.571899,17.058151, 215.524841, 1.000028
5, 561,26,160.558228, 160.555801, 119.127052, 66.571899,17.058151, 215.524841, 1.000015
5, 561,27,17.058151, 17.048779, 119.127052, 66.571899,17.058151, 215.524841, 1.000550
5, 561,28,26.050385, 26.026293, 119.127052, 66.571899,17.058151, 215.524841, 1.000926
5, 561,29,142.490204, 142.486557, 119.127052, 66.571899,17.058151, 215.524841, 1.000026
5, 561,30,127.837982, 127.830688, 119.127052, 66.571899,17.058151, 215.524841, 1.000057
5, 561,31,95.367386, 95.359360, 119.127052, 66.571899,17.058151, 215.524841, 1.000084
5, 562,0,31.102638, 31.115753, 119.124115, 68.836731,11.885736, 223.468231, 0.999579
5, 562,1,133.720215, 133.721619, 119.124115, 68.836731,11.885736, 223.468231, 0.999990
5, 562,2,153.263641, 153.269485, 119.124115, 68.836731,11.885736, 223.468231, 0.999962
5, 562,3,103.238083, 103.239182, 119.124115, 68.836731,11.885736, 223.468231, 0.999989
5, 562,4,35.343876, 35.364697, 119.124115, 68.836731,11.885736, 223.468231, 0.999411
5, 562,5,23.546362, 23.547749, 119.124115, 68.836731,11.885736, 223.468231, 0.999941
5, 562,6,88.372505, 88.374672, 119.124115, 68.836731,11.885736, 223.468231, 0.999976
5, 562,7,210.937744, 210.942429, 119.124115, 68.836731,11.885736, 223.468231, 0.999978
5, 562,8,11.885736, 11.886910, 119.124115, 68.836731,11.885736, 223.468231, 0.999901
5, 562,9,191.243225, 191.218094, 119.124115, 68.836731,11.885736, 223.468231, 1.000131
5, 562,10,86.475395, 86.460609, 119.124115, 68.836731,11.885736, 223.468231, 1.000171
5, 562,11,116.101662, 116.114975, 119.124115, 68.836731,11.885736, 223.468231, 0.999885
5, 562,12,171.079437, 171.079727, 119.124115, 68.836731,11.885736, 223.468231, 0.999998
5, 562,13,36.020607, 36.023079, 119.124115, 68.836731,11.885736, 223.468231, 0.999931
5, 562,14,189.971298, 189.975983, 119.124115, 68.836731,11.885736, 223.468231, 0.999975
5, 562,15,188.434021, 188.442032, 119.124115, 68.836731,11.885736, 223.468231, 0.999958
5, 562,16,25.659933, 25.679008, 119.124115, 68.836731,11.885736, 223.468231, 0.999257
5, 562,17,155.444763, 155.434677, 119.124115, 68.836731,11.885736, 223.468231, 1.000065
5, 562,18,198.702972, 198.718216, 119.124115, 68.836731,11.885736, 223.468231, 0.999923
5, 562,19,144.248810, 144.242157, 119.124115, 68.836731,11.885736, 223.468231, 1.000046
5, 562,20,77.105614, 77.100723, 119.124115, 68.836731,11.885736, 223.468231, 1.000063
5, 562,21,205.152084, 205.159500, 119.124115, 68.836731,11.885736, 223.468231, 0.999964
5, 562,22,223.468231, 223.438110, 119.124115, 68.836731,11.885736, 223.468231, 1.000135
5, 562,23,82.272903, 82.272758, 119.124115, 68.836731,11.885736, 223.468231, 1.000002
5, 562,24,181.681442, 181.688507, 119.124115, 68.836731,11.885736, 223.468231, 0.999961
5, 562,25,47.175732, 47.174854, 119.124115, 68.836731,11.885736, 223.468231, 1.000019
5, 562,26,49.746044, 49.740513, 119.124115, 68.836731,11.885736, 223.468231, 1.000111
5, 562,27,195.790756, 195.799637, 119.124115, 68.836731,11.885736, 223.468231, 0.999955
5, 562,28,108.555580, 108.553764, 119.124115, 68.836731,11.885736, 223.468231, 1.000017
5, 562,29,105.854820, 105.859138, 119.124115, 68.836731,11.885736, 223.468231, 0.999959
5, 562,30,210.404053, 210.392639, 119.124115, 68.836731,11.885736, 223.468231, 1.000054
5, 562,31,29.971163, 29.968676, 119.124115, 68.836731,11.885736, 223.468231, 1.000083
5, 563,0,131.851151, 131.839539, 119.127831, 61.747490,16.492485, 221.615784, 1.000088
5, 563,1,79.939964, 79.928856, 119.127831, 61.747490,16.492485, 221.615784, 1.000139
5, 563,2,221.615784, 221.620117, 119.127831, 61.747490,16.492485, 221.615784, 0.999980
5, 563,3,44.858456, 44.858646, 119.127831, 61.747490,16.492485, 221.615784, 0.999996
5, 563,4,20.536657, 20.549976, 119.127831, 61.747490,16.492485, 221.615784, 0.999352
5, 563,5,146.346909, 146.331650, 119.127831, 61.747490,16.492485, 221.615784, 1.000104
5, 563,6,168.119446, 168.122711, 119.127831, 61.747490,16.492485, 221.615784, 0.999981
5, 563,7,120.688194, 120.676018, 119.127831, 61.747490,16.492485, 221.615784, 1.000101
5, 563,8,145.075348, 145.069321, 119.127831, 61.747490,16.492485, 221.615784, 1.000042
5, 563,9,40.633850, 40.627373, 119.127831, 61.747490,16.492485, 221.615784, 1.000159
5, 563,10,101.011436, 100.993546, 119.127831, 61.747490,16.492485, 221.615784, 1.000177
5, 563,11,216.939102, 216.937515, 119.127831, 61.747490,16.492485, 221.615784, 1.000007
5, 563,12,16.839123, 16.833508, 119.127831, 61.747490,16.492485, 221.615784, 1.000334
5, 563,13,176.999619, 176.994278, 119.127831, 61.747490,16.492485, 221.615784, 1.000030
5, 563,14,199.027649, 199.032166, 119.127831, 61.747490,16.492485, 221.615784, 0.999977
5, 563,15,39.275154, 39.273361, 119.127831, 61.747490,16.492485, 221.615784, 1.000046
5, 563,16,139.529785, 139.512238, 119.127831, 61.747490,16.492485, 221.615784, 1.000126
5, 563,17,67.259331, 67.277344, 119.127831, 61.747490,16.492485, 221.615784, 0.999732
5, 563,18,129.144333, 129.159729, 119.127831, 61.747490,16.492485, 221.615784, 0.999881
5, 563,19,86.998482, 86.973923, 119.127831, 61.747490,16.492485, 221.615784, 1.000282
5, 563,20,168.497650, 168.482361, 119.127831, 61.747490,16.492485, 221.615784, 1.000091
5, 563,21,174.066055, 174.081757, 119.127831, 61.747490,16.492485, 221.615784, 0.999910
5, 563,22,101.863792, 101.868011, 119.127831, 61.747490,16.492485, 221.615784, 0.999959
5, 563,23,133.093155, 133.066605, 119.127831, 61.747490,16.492485, 221.615784, 1.000200
5, 563,24,148.860474, 148.863358, 119.127831, 61.747490,16.492485, 221.615784, 0.999981
5, 563,25,74.175453, 74.188423, 119.127831, 61.747490,16.492485, 221.615784, 0.999825
5, 563,26,55.025898, 55.020756, 119.127831, 61.747490,16.492485, 221.615784, 1.000093
5, 563,27,84.220695, 84.223595, 119.127831, 61.747490,16.492485, 221.615784, 0.999966
5, 563,28,159.904755, 159.914032, 119.127831, 61.747490,16.492485, 221.615784, 0.999942
5, 563,29,16.492485, 16.480902, 119.127831, 61.747490,16.492485, 221.615784, 1.000703
5, 563,30,208.368057, 208.362137, 119.127831, 61.747490,16.492485, 221.615784, 1.000028
5, 563,31,194.832214, 194.836151, 119.127831, 61.747490,16.492485, 221.615784, 0.999980
5, 564,0,45.238564, 45.231968, 119.124710, 63.848820,17.897156, 214.009872, 1.000146
5, 564,1,123.518578, 123.525955, 119.124710, 63.848820,17.897156, 214.009872, 0.999940
5, 564,2,99.576691, 99.581711, 119.124710, 63.848820,17.897156, 214.009872, 0.999950
5, 564,3,33.797840, 33.801529, 119.124710, 63.848820,17.897156, 214.009872, 0.999891
5, 564,4,114.963898, 114.949883, 119.124710, 63.848820,17.897156, 214.009872, 1.000122
5, 564,5,212.887878, 212.880615, 119.124710, 63.848820,17.897156, 214.009872, 1.000034
5, 564,6,85.606827, 85.601799, 119.124710, 63.848820,17.897156, 214.009872, 1.000059
5, 564,7,116.000244, 116.013779, 119.124710, 63.848820,17.897156, 214.009872, 0.999883
5, 564,8,103.299179, 103.311852, 119.124710, 63.848820,17.897156, 214.009872, 0.999877
5, 564,9,175.992172, 176.007385, 119.124710, 63.848820,17.897156, 214.009872, 0.999914
5, 564,10,212.736343, 212.737885, 119.124710, 63.848820,17.897156, 214.009872, 0.999993
5, 564,11,69.125298, 69.117828, 119.124710, 63.848820,17.897156, 214.009872, 1.000108
5, 564,12,214.009872, 214.028839, 119.124710, 63.848820,17.897156, 214.009872, 0.999911
5, 564,13,201.486053, 201.489090, 119.124710, 63.848820,17.897156, 214.009872, 0.999985
5, 564,14,173.158997, 173.153015, 119.124710, 63.848820,17.897156, 214.009872, 1.000035
5, 564,15,149.100800, 149.111465, 119.124710, 63.848820,17.897156, 214.009872, 0.999928
5, 564,16,87.393829, 87.398750, 119.124710, 63.848820,17.897156, 214.009872, 0.999944
5, 564,17,37.504974, 37.499229, 119.124710, 63.848820,17.897156, 214.009872, 1.000153
5, 564,18,144.933105, 144.927216, 119.124710, 63.848820,17.897156, 214.009872, 1.000041
5, 564,19,172.289383, 172.296692, 119.124710, 63.848820,17.897156, 214.009872, 0.999958
5, 564,20,179.519714, 179.523438, 119.124710, 63.848820,17.897156, 214.009872, 0.999979
5, 564,21,194.903931, 194.904587, 119.124710, 63.848820,17.897156, 214.009872, 0.999997
5, 564,22,78.975922, 78.978363, 119.124710, 63.848820,17.897156, 214.009872, 0.999969
5, 564,23,193.001968, 192.997345, 119.124710, 63.848820,17.897156, 214.009872, 1.000024
5, 564,24,74.676605, 74.664383, 119.124710, 63.848820,17.897156, 214.009872, 1.000164
5, 564,25,22.028938, 22.020777, 119.124710, 63.848820,17.897156, 214.009872, 1.000371
5, 564,26,80.864578, 80.859657, 119.124710, 63.848820,17.897156, 214.009872, 1.000061
5, 564,27,22.534937, 22.526779, 119.124710, 63.848820,17.897156, 214.009872, 1.000362
5, 564,28,61.258396, 61.261833, 119.124710, 63.848820,17.897156, 214.009872, 0.999944
5, 564,29,17.897156, 17.888432, 119.124710, 63.848820,17.897156, 214.009872, 1.000488
5, 564,30,193.467072, 193.457947, 119.124710, 63.848820,17.897156, 214.009872, 1.000047
5, 564,31,120.241539, 120.249931, 119.124710, 63.848820,17.897156, 214.009872, 0.999930
5, 565,0,81.140762, 81.150917, 119.125526, 52.182693,33.265228, 206.027740, 0.999875
5, 565,1,129.837036, 129.842224, 119.125526, 52.182693,33.265228, 206.027740, 0.999960
5, 565,2,121.167450, 121.182442, 119.125526, 52.182693,33.265228, 206.027740, 0.999876
5, 565,3,119.470261, 119.482361, 119.125526, 52.182693,33.265228, 206.027740, 0.999899
5, 565,4,33.265228, 33.269814, 119.125526, 52.182693,33.265228, 206.027740, 0.999862
5, 565,5,109.725838, 109.713554, 119.125526, 52.182693,33.265228, 206.027740, 1.000112
5, 565,6,163.369827, 163.352356, 119.125526, 52.182693,33.265228, 206.027740, 1.000107
5, 565,7,53.154942, 53.166042, 119.125526, 52.182693,33.265228, 206.027740, 0.999791
5, 565,8,35.025780, 35.042946, 119.125526, 52.182693,33.265228, 206.027740, 0.999510
5, 565,9,92.769653, 92.772545, 119.125526, 52.182693,33.265228, 206.027740, 0.999969
5, 565,10,99.769951, 99.785370, 119.125526, 52.182693,33.265228, 206.027740, 0.999846
5, 565,11,164.100983, 164.109421, 119.125526, 52.182693,33.265228, 206.027740, 0.999949
5, 565,12,122.121231, 122.118813, 119.125526, 52.182693,33.265228, 206.027740, 1.000020
5, 565,13,206.027740, 206.013672, 119.125526, 52.182693,33.265228, 206.027740, 1.000068
5, 565,14,44.811634, 44.791828, 119.125526, 52.182693,33.265228, 206.027740, 1.000442
5, 565,15,38.068485, 38.071205, 119.125526, 52.182693,33.265228, 206.027740, 0.999929
5, 565,16,119.058189, 119.063988, 119.125526, 52.182693,33.265228, 206.027740, 0.999951
5, 565,17,116.422470, 116.414261, 119.125526, 52.182693,33.265228, 206.027740, 1.000071
5, 565,18,202.307312, 202.308029, 119.125526, 52.182693,33.265228, 206.027740, 0.999996
5, 565,19,34.112602, 34.106575, 119.125526, 52.182693,33.265228, 206.027740, 1.000177
5, 565,20,61.904499, 61.892220, 119.125526, 52.182693,33.265228, 206.027740, 1.000198
5, 565,21,184.402771, 184.397446, 119.125526, 52.182693,33.265228, 206.027740, 1.000029
5, 565,22,152.913727, 152.919434, 119.125526, 52.182693,33.265228, 206.027740, 0.999963
5, 565,23,186.516647, 186.502625, 119.125526, 52.182693,33.265228, 206.027740, 1.000075
5, 565,24,146.674896, 146.670334, 119.125526, 52.182693,33.265228, 206.027740, 1.000031
5, 565,25,121.973381, 121.966064, 119.125526, 52.182693,33.265228, 206.027740, 1.000060
5, 565,26,186.557907, 186.555740, 119.125526, 52.182693,33.265228, 206.027740, 1.000012
5, 565,27,150.904266, 150.900604, 119.125526, 52.182693,33.265228, 206.027740, 1.000024
5, 565,28,156.605576, 156.598511, 119.125526, 52.182693,33.265228, 206.027740, 1.000045
5, 565,29,85.749519, 85.739792, 119.125526, 52.182693,33.265228, 206.027740, 1.000113
5, 565,30,117.764832, 117.769005, 119.125526, 52.182693,33.265228, 206.027740, 0.999965
5, 565,31,174.321594, 174.329803, 119.125526, 52.182693,33.265228, 206.027740, 0.999953
5, 566,0,176.753098, 176.748978, 119.124634, 42.569649,39.977425, 197.441895, 1.000023
5, 566,1,108.577370, 108.580757, 119.124634, 42.569649,39.977425, 197.441895, 0.999969
5, 566,2,53.272774, 53.268196, 119.124634, 42.569649,39.977425, 197.441895, 1.000086
5, 566,3,136.321289, 136.309845, 119.124634, 42.569649,39.977425, 197.441895, 1.000084
5, 566,4,110.015785, 110.016106, 119.124634, 42.569649,39.977425, 197.441895, 0.999997
5, 566,5,165.994583, 165.994324, 119.124634, 42.569649,39.977425, 197.441895, 1.000002
5, 566,6,61.316818, 61.311646, 119.124634, 42.569649,39.977425, 197.441895, 1.000084
5, 566,7,88.327507, 88.333466, 119.124634, 42.569649,39.977425, 197.441895, 0.999933
5, 566,8,137.774719, 137.772919, 119.124634, 42.569649,39.977425, 197.441895, 1.000013
5, 566,9,85.543823, 85.539055, 119.124634, 42.569649,39.977425, 197.441895, 1.000056
5, 566,10,195.289703, 195.290512, 119.124634, 42.569649,39.977425, 197.441895, 0.999996
5, 566,11,78.224068, 78.223679, 119.124634, 42.569649,39.977425, 197.441895, 1.000005
5, 566,12,146.848862, 146.849533, 119.124634, 42.569649,39.977425, 197.441895, 0.999995
5, 566,13,67.479347, 67.482903, 119.124634, 42.569649,39.977425, 197.441895, 0.999947
5, 566,14,158.490295, 158.498672, 119.124634, 42.569649,39.977425, 197.441895, 0.999947
5, 566,15,197.441895, 197.453903, 119.124634, 42.569649,39.977425, 197.441895, 0.999939
5, 566,16,100.374649, 100.370895, 119.124634, 42.569649,39.977425, 197.441895, 1.000037
5, 566,17,77.886223, 77.883919, 119.124634, 42.569649,39.977425, 197.441895, 1.000030
5, 566,18,145.608124, 145.615295, 119.124634, 42.569649,39.977425, 197.441895, 0.999951
5, 566,19,151.404587, 151.398254, 119.124634, 42.569649,39.977425, 197.441895, 1.000042
5, 566,20,127.428673, 127.427399, 119.124634, 42.569649,39.977425, 197.441895, 1.000010
5, 566,21,62.405365, 62.407211, 119.124634, 42.569649,39.977425, 197.441895, 0.999970
5, 566,22,116.072174, 116.083351, 119.124634, 42.569649,39.977425, 197.441895, 0.999904
5, 566,23,104.455788, 104.448097, 119.124634, 42.569649,39.977425, 197.441895, 1.000074
5, 566,24,174.743942, 174.758911, 119.124634, 42.569649,39.977425, 197.441895, 0.999914
5, 566,25,110.879723, 110.862045, 119.124634, 42.569649,39.977425, 197.441895, 1.000160
5, 566,26,124.081940, 124.071327, 119.124634, 42.569649,39.977425, 197.441895, 1.000086
5, 566,27,172.911987, 172.907516, 119.124634, 42.569649,39.977425, 197.441895, 1.000026
5, 566,28,79.505203, 79.520340, 119.124634, 42.569649,39.977425, 197.441895, 0.999810
5, 566,29,39.977425, 39.996506, 119.124634, 42.569649,39.977425, 197.441895, 0.999523
5, 566,30,121.687523, 121.686028, 119.124634, 42.569649,39.977425, 197.441895, 1.000012
5, 566,31,134.892868, 134.888367, 119.124634, 42.569649,39.977425, 197.441895, 1.000033
5, 567,0,124.039886, 124.031914, 119.123329, 70.337547,17.448387, 227.496765, 1.000064
5, 567,1,20.200891, 20.183710, 119.123329, 70.337547,17.448387, 227.496765, 1.000851
5, 567,2,37.043877, 37.041832, 119.123329, 70.337547,17.448387, 227.496765, 1.000055
5, 567,3,127.937576, 127.932625, 119.123329, 70.337547,17.448387, 227.496765, 1.000039
5, 567,4,221.117386, 221.124725, 119.123329, 70.337547,17.448387, 227.496765, 0.999967
5, 567,5,121.872490, 121.872353, 119.123329, 70.337547,17.448387, 227.496765, 1.000001
5, 567,6,135.963043, 135.970276, 119.123329, 70.337547,17.448387, 227.496765, 0.999947
5, 567,7,62.171303, 62.180550, 119.123329, 70.337547,17.448387, 227.496765, 0.999851
5, 567,8,40.175007, 40.173210, 119.123329, 70.337547,17.448387, 227.496765, 1.000045
5, 567,9,191.338211, 191.336182, 119.123329, 70.337547,17.448387, 227.496765, 1.000011
5, 567,10,201.051636, 201.040741, 119.123329, 70.337547,17.448387, 227.496765, 1.000054
5, 567,11,54.254398, 54.237392, 119.123329, 70.337547,17.448387, 227.496765, 1.000314
5, 567,12,17.448387, 17.464005, 119.123329, 70.337547,17.448387, 227.496765, 0.999106
5, 567,13,180.114410, 180.119934, 119.123329, 70.337547,17.448387, 227.496765, 0.999969
5, 567,14,23.985104, 23.983200, 119.123329, 70.337547,17.448387, 227.496765, 1.000079
5, 567,15,131.252487, 131.266479, 119.123329, 70.337547,17.448387, 227.496765, 0.999893
5, 567,16,205.935272, 205.933533, 119.123329, 70.337547,17.448387, 227.496765, 1.000008
5, 567,17,78.956223, 78.950943, 119.123329, 70.337547,17.448387, 227.496765, 1.000067
5, 567,18,179.070068, 179.080643, 119.123329, 70.337547,17.448387, 227.496765, 0.999941
5, 567,19,137.511200, 137.515717, 119.123329, 70.337547,17.448387, 227.496765, 0.999967
5, 567,20,20.358532, 20.365925, 119.123329, 70.337547,17.448387, 227.496765, 0.999637
5, 567,21,46.384869, 46.388714, 119.123329, 70.337547,17.448387, 227.496765, 0.999917
5, 567,22,227.496765, 227.508942, 119.123329, 70.337547,17.448387, 227.496765, 0.999946
5, 567,23,62.700211, 62.713696, 119.123329, 70.337547,17.448387, 227.496765, 0.999785
5, 567,24,44.095444, 44.107670, 119.123329, 70.337547,17.448387, 227.496765, 0.999723
5, 567,25,102.478867, 102.476730, 119.123329, 70.337547,17.448387, 227.496765, 1.000021
5, 567,26,216.759918, 216.771851, 119.123329, 70.337547,17.448387, 227.496765, 0.999945
5, 567,27,215.396988, 215.395126, 119.123329, 70.337547,17.448387, 227.496765, 1.000009
5, 567,28,99.317932, 99.304871, 119.123329, 70.337547,17.448387, 227.496765, 1.000131
5, 567,29,196.058350, 196.066986, 119.123329, 70.337547,17.448387, 227.496765, 0.999956
5, 567,30,174.703033, 174.714264, 119.123329, 70.337547,17.448387, 227.496765, 0.999936
5, 567,31,114.756531, 114.745773, 119.123329, 70.337547,17.448387, 227.496765, 1.000094
5, 568,0,59.279362, 59.277771, 119.122520, 70.339340,14.265696, 241.562515, 1.000027
5, 568,1,17.361637, 17.366676, 119.122520, 70.339340,14.265696, 241.562515, 0.999710
5, 568,2,158.361618, 158.369354, 119.122520, 70.339340,14.265696, 241.562515, 0.999951
5, 568,3,183.147354, 183.149490, 119.122520, 70.339340,14.265696, 241.562515, 0.999988
5, 568,4,14.265696, 14.259199, 119.122520, 70.339340,14.265696, 241.562515, 1.000456
5, 568,5,25.165812, 25.175209, 119.122520, 70.339340,14.265696, 241.562515, 0.999627
5, 568,6,138.873581, 138.884232, 119.122520, 70.339340,14.265696, 241.562515, 0.999923
5, 568,7,176.480957, 176.470932, 119.122520, 70.339340,14.265696, 241.562515, 1.000057
5, 568,8,152.245361, 152.255798, 119.122520, 70.339340,14.265696, 241.562515, 0.999931
5, 568,9,201.585007, 201.584274, 119.122520, 70.339340,14.265696, 241.562515, 1.000004
5, 568,10,227.278702, 227.277100, 119.122520, 70.339340,14.265696, 241.562515, 1.000007
5, 568,11,148.746567, 148.749924, 119.122520, 70.339340,14.265696, 241.562515, 0.999977
5, 568,12,135.455505, 135.465286, 119.122520, 70.339340,14.265696, 241.562515, 0.999928
5, 568,13,138.800385, 138.804550, 119.122520, 70.339340,14.265696, 241.562515, 0.999970
5, 568,14,95.406143, 95.415779, 119.122520, 70.339340,14.265696, 241.562515, 0.999899
5, 568,15,161.015305, 161.020493, 119.122520, 70.339340,14.265696, 241.562515, 0.999968
5, 568,16,58.552681, 58.560665, 119.122520, 70.339340,14.265696, 241.562515, 0.999864
5, 568,17,24.845251, 24.849247, 119.122520, 70.339340,14.265696, 241.562515, 0.999839
5, 568,18,17.994312, 17.989620, 119.122520, 70.339340,14.265696, 241.562515, 1.000261
5, 568,19,77.309135, 77.306931, 119.122520, 70.339340,14.265696, 241.562515, 1.000028
5, 568,20,45.402294, 45.406406, 119.122520, 70.339340,14.265696, 241.562515, 0.999909
5, 568,21,221.604141, 221.598160, 119.122520, 70.339340,14.265696, 241.562515, 1.000027
5, 568,22,150.492966, 150.495621, 119.122520, 70.339340,14.265696, 241.562515, 0.999982
5, 568,23,98.787918, 98.798508, 119.122520, 70.339340,14.265696, 241.562515, 0.999893
5, 568,24,218.982544, 218.990509, 119.122520, 70.339340,14.265696, 241.562515, 0.999964
5, 568,25,198.000565, 198.005981, 119.122520, 70.339340,14.265696, 241.562515, 0.999973
5, 568,26,80.270287, 80.269539, 119.122520, 70.339340,14.265696, 241.562515, 1.000009
5, 568,27,241.562515, 241.561356, 119.122520, 70.339340,14.265696, 241.562515, 1.000005
5, 568,28,43.111843, 43.110203, 119.122520, 70.339340,14.265696, 241.562515, 1.000038
5, 568,29,59.809044, 59.806553, 119.122520, 70.339340,14.265696, 241.562515, 1.000042
5, 568,30,82.194550, 82.189072, 119.122520, 70.339340,14.265696, 241.562515, 1.000067
5, 568,31,159.531876, 159.535553, 119.122520, 70.339340,14.265696, 241.562515, 0.999977
5, 569,0,151.604050, 151.608841, 119.126930, 58.711033,17.404335, 198.107269, 0.999968
5, 569,1,163.383881, 163.380829, 119.126930, 58.711033,17.404335, 198.107269, 1.000019
5, 569,2,136.953506, 136.955688, 119.126930, 58.711033,17.404335, 198.107269, 0.999984
5, 569,3,98.562813, 98.557281, 119.126930, 58.711033,17.404335, 198.107269, 1.000056
5, 569,4,180.262543, 180.259567, 119.126930, 58.711033,17.404335, 198.107269, 1.000016
5, 569,5,158.796356, 158.808899, 119.126930, 58.711033,17.404335, 198.107269, 0.999921
5, 569,6,30.549498, 30.553526, 119.126930, 58.711033,17.404335, 198.107269, 0.999868
5, 569,7,29.137293, 29.133066, 119.126930, 58.711033,17.404335, 198.107269, 1.000145
5, 569,8,32.463364, 32.474308, 119.126930, 58.711033,17.404335, 198.107269, 0.999663
5, 569,9,17.404335, 17.407089, 119.126930, 58.711033,17.404335, 198.107269, 0.999842
5, 569,10,195.427719, 195.424545, 119.126930, 58.711033,17.404335, 198.107269, 1.000016
5, 569,11,134.757523, 134.758850, 119.126930, 58.711033,17.404335, 198.107269, 0.999990
5, 569,12,144.183182, 144.190262, 119.126930, 58.711033,17.404335, 198.107269, 0.999951
5, 569,13,188.531982, 188.529266, 119.126930, 58.711033,17.404335, 198.107269, 1.000014
5, 569,14,136.386444, 136.380585, 119.126930, 58.711033,17.404335, 198.107269, 1.000043
5, 569,15,190.355713, 190.352280, 119.126930, 58.711033,17.404335, 198.107269, 1.000018
5, 569,16,198.107269, 198.104446, 119.126930, 58.711033,17.404335, 198.107269, 1.000014
5, 569,17,173.326447, 173.318283, 119.126930, 58.711033,17.404335, 198.107269, 1.000047
5, 569,18,143.247528, 143.241364, 119.126930, 58.711033,17.404335, 198.107269, 1.000043
5, 569,19,25.860287, 25.860836, 119.126930, 58.711033,17.404335, 198.107269, 0.999979
5, 569,20,19.535238, 19.523401, 119.126930, 58.711033,17.404335, 198.107269, 1.000606
5, 569,21,194.878815, 194.872452, 119.126930, 58.711033,17.404335, 198.107269, 1.000033
5, 569,22,166.994858, 166.992355, 119.126930, 58.711033,17.404335, 198.107269, 1.000015
5, 569,23,94.645462, 94.640953, 119.126930, 58.711033,17.404335, 198.107269, 1.000048
5, 569,24,61.861874, 61.861134, 119.126930, 58.711033,17.404335, 198.107269, 1.000012
5, 569,25,142.223236, 142.211960, 119.126930, 58.711033,17.404335, 198.107269, 1.000079
5, 569,26,90.507896, 90.506096, 119.126930, 58.711033,17.404335, 198.107269, 1.000020
5, 569,27,119.516335, 119.519127, 119.126930, 58.711033,17.404335, 198.107269, 0.999977
5, 569,28,121.413261, 121.411148, 119.126930, 58.711033,17.404335, 198.107269, 1.000017
5, 569,29,57.536411, 57.536495, 119.126930, 58.711033,17.404335, 198.107269, 0.999999
5, 569,30,80.652275, 80.626144, 119.126930, 58.711033,17.404335, 198.107269, 1.000324
5, 569,31,132.994446, 132.999115, 119.126930, 58.711033,17.404335, 198.107269, 0.999965
5, 570,0,120.502899, 120.504143, 119.124718, 60.252186,19.595005, 213.216766, 0.999990
5, 570,1,144.145248, 144.147125, 119.124718, 60.252186,19.595005, 213.216766, 0.999987
5, 570,2,210.704880, 210.702972, 119.124718, 60.252186,19.595005, 213.216766, 1.000009
5, 570,3,34.833031, 34.841805, 119.124718, 60.252186,19.595005, 213.216766, 0.999748
5, 570,4,186.645157, 186.637695, 119.124718, 60.252186,19.595005, 213.216766, 1.000040
5, 570,5,97.772552, 97.773926, 119.124718, 60.252186,19.595005, 213.216766, 0.999986
5, 570,6,96.444267, 96.432045, 119.124718, 60.252186,19.595005, 213.216766, 1.000127
5, 570,7,83.277321, 83.278900, 119.124718, 60.252186,19.595005, 213.216766, 0.999981
5, 570,8,70.421303, 70.411835, 119.124718, 60.252186,19.595005, 213.216766, 1.000134
5, 570,9,19.595005, 19.597506, 119.124718, 60.252186,19.595005, 213.216766, 0.999872
5, 570,10,175.116043, 175.119324, 119.124718, 60.252186,19.595005, 213.216766, 0.999981
5, 570,11,159.976364, 159.997635, 119.124718, 60.252186,19.595005, 213.216766, 0.999867
5, 570,12,35.823002, 35.829483, 119.124718, 60.252186,19.595005, 213.216766, 0.999819
5, 570,13,152.614914, 152.620712, 119.124718, 60.252186,19.595005, 213.216766, 0.999962
5, 570,14,72.284065, 72.285019, 119.124718, 60.252186,19.595005, 213.216766, 0.999987
5, 570,15,213.216766, 213.216461, 119.124718, 60.252186,19.595005, 213.216766, 1.000001
5, 570,16,80.942970, 80.949341, 119.124718, 60.252186,19.595005, 213.216766, 0.999921
5, 570,17,193.275696, 193.272171, 119.124718, 60.252186,19.595005, 213.216766, 1.000018
5, 570,18,176.061249, 176.066147, 119.124718, 60.252186,19.595005, 213.216766, 0.999972
5, 570,19,88.278358, 88.292213, 119.124718, 60.252186,19.595005, 213.216766, 0.999843
5, 570,20,207.305023, 207.304016, 119.124718, 60.252186,19.595005, 213.216766, 1.000005
5, 570,21,73.397446, 73.395309, 119.124718, 60.252186,19.595005, 213.216766, 1.000029
5, 570,22,100.321220, 100.321449, 119.124718, 60.252186,19.595005, 213.216766, 0.999998
5, 570,23,148.602997, 148.601868, 119.124718, 60.252186,19.595005, 213.216766, 1.000008
5, 570,24,35.877769, 35.883976, 119.124718, 60.252186,19.595005, 213.216766, 0.999827
5, 570,25,24.278496, 24.277058, 119.124718, 60.252186,19.595005, 213.216766, 1.000059
5, 570,26,194.529999, 194.532318, 119.124718, 60.252186,19.595005, 213.216766, 0.999988
5, 570,27,121.760887, 121.757469, 119.124718, 60.252186,19.595005, 213.216766, 1.000028
5, 570,28,175.997314, 175.991211, 119.124718, 60.252186,19.595005, 213.216766, 1.000035
5, 570,29,69.087997, 69.090393, 119.124718, 60.252186,19.595005, 213.216766, 0.999965
5, 570,30,81.073051, 81.051514, 119.124718, 60.252186,19.595005, 213.216766, 1.000266
5, 570,31,167.827560, 167.817322, 119.124718, 60.252186,19.595005, 213.216766, 1.000061
5, 571,0,48.553001, 48.544918, 119.124321, 49.534554,16.852943, 196.556122, 1.000167
5, 571,1,86.003380, 85.996925, 119.124321, 49.534554,16.852943, 196.556122, 1.000075
5, 571,2,127.828163, 127.832787, 119.124321, 49.534554,16.852943, 196.556122, 0.999964
5, 571,3,18.316376, 18.309778, 119.124321, 49.534554,16.852943, 196.556122, 1.000360
5, 571,4,163.600937, 163.605728, 119.124321, 49.534554,16.852943, 196.556122, 0.999971
5, 571,5,183.294403, 183.296432, 119.124321, 49.534554,16.852943, 196.556122, 0.999989
5, 571,6,140.664078, 140.672943, 119.124321, 49.534554,16.852943, 196.556122, 0.999937
5, 571,7,171.025818, 171.017975, 119.124321, 49.534554,16.852943, 196.556122, 1.000046
5, 571,8,16.852943, 16.850531, 119.124321, 49.534554,16.852943, 196.556122, 1.000143
5, 571,9,35.230930, 35.240723, 119.124321, 49.534554,16.852943, 196.556122, 0.999722
5, 571,10,111.880096, 111.878746, 119.124321, 49.534554,16.852943, 196.556122, 1.000012
5, 571,11,187.083282, 187.106354, 119.124321, 49.534554,16.852943, 196.556122, 0.999877
5, 571,12,45.461472, 45.461567, 119.124321, 49.534554,16.852943, 196.556122, 0.999998
5, 571,13,120.885460, 120.884560, 119.124321, 49.534554,16.852943, 196.556122, 1.000007
5, 571,14,134.992004, 134.994690, 119.124321, 49.534554,16.852943, 196.556122, 0.999980
5, 571,15,95.498428, 95.503410, 119.124321, 49.534554,16.852943, 196.556122, 0.999948
5, 571,16,134.218811, 134.225388, 119.124321, 49.534554,16.852943, 196.556122, 0.999951
5, 571,17,170.864899, 170.853134, 119.124321, 49.534554,16.852943, 196.556122, 1.000069
5, 571,18,162.052750, 162.054901, 119.124321, 49.534554,16.852943, 196.556122, 0.999987
5, 571,19,107.428085, 107.421623, 119.124321, 49.534554,16.852943, 196.556122, 1.000060
5, 571,20,147.813019, 147.816544, 119.124321, 49.534554,16.852943, 196.556122, 0.999976
5, 571,21,196.556122, 196.576202, 119.124321, 49.534554,16.852943, 196.556122, 0.999898
5, 571,22,42.086174, 42.085148, 119.124321, 49.534554,16.852943, 196.556122, 1.000024
5, 571,23,125.702621, 125.689705, 119.124321, 49.534554,16.852943, 196.556122, 1.000103
5, 571,24,127.361786, 127.362640, 119.124321, 49.534554,16.852943, 196.556122, 0.999993
5, 571,25,125.574585, 125.573692, 119.124321, 49.534554,16.852943, 196.556122, 1.000007
5, 571,26,139.896179, 139.891418, 119.124321, 49.534554,16.852943, 196.556122, 1.000034
5, 571,27,114.155495, 114.150047, 119.124321, 49.534554,16.852943, 196.556122, 1.000048
5, 571,28,107.575577, 107.580368, 119.124321, 49.534554,16.852943, 196.556122, 0.999955
5, 571,29,174.995911, 174.998856, 119.124321, 49.534554,16.852943, 196.556122, 0.999983
5, 571,30,140.575424, 140.575256, 119.124321, 49.534554,16.852943, 196.556122, 1.000001
5, 571,31,107.950020, 107.946701, 119.124321, 49.534554,16.852943, 196.556122, 1.000031
5, 572,0,10.953794, 10.964342, 119.125587, 60.167164,10.953794, 217.094269, 0.999038
5, 572,1,206.252930, 206.256622, 119.125587, 60.167164,10.953794, 217.094269, 0.999982
5, 572,2,156.582855, 156.593002, 119.125587, 60.167164,10.953794, 217.094269, 0.999935
5, 572,3,155.155975, 155.146500, 119.125587, 60.167164,10.953794, 217.094269, 1.000061
5, 572,4,186.134277, 186.148788, 119.125587, 60.167164,10.953794, 217.094269, 0.999922
5, 572,5,112.732796, 112.721970, 119.125587, 60.167164,10.953794, 217.094269, 1.000096
5, 572,6,82.303978, 82.306099, 119.125587, 60.167164,10.953794, 217.094269, 0.999974
5, 572,7,113.625984, 113.627670, 119.125587, 60.167164,10.953794, 217.094269, 0.999985
5, 572,8,180.165009, 180.167252, 119.125587, 60.167164,10.953794, 217.094269, 0.999988
5, 572,9,90.682480, 90.678932, 119.125587, 60.167164,10.953794, 217.094269, 1.000039
5, 572,10,68.696472, 68.701065, 119.125587, 60.167164,10.953794, 217.094269, 0.999933
5, 572,11,138.905487, 138.889511, 119.125587, 60.167164,10.953794, 217.094269, 1.000115
5, 572,12,61.391899, 61.370758, 119.125587, 60.167164,10.953794, 217.094269, 1.000345
5, 572,13,204.521500, 204.529907, 119.125587, 60.167164,10.953794, 217.094269, 0.999959
5, 572,14,74.841064, 74.838959, 119.125587, 60.167164,10.953794, 217.094269, 1.000028
5, 572,15,217.094269, 217.085922, 119.125587, 60.167164,10.953794, 217.094269, 1.000039
5, 572,16,174.578293, 174.576691, 119.125587, 60.167164,10.953794, 217.094269, 1.000009
5, 572,17,111.366264, 111.373184, 119.125587, 60.167164,10.953794, 217.094269, 0.999938
5, 572,18,15.714211, 15.707862, 119.125587, 60.167164,10.953794, 217.094269, 1.000404
5, 572,19,208.028793, 208.022415, 119.125587, 60.167164,10.953794, 217.094269, 1.000031
5, 572,20,97.677063, 97.689964, 119.125587, 60.167164,10.953794, 217.094269, 0.999868
5, 572,21,82.573318, 82.573250, 119.125587, 60.167164,10.953794, 217.094269, 1.000001
5, 572,22,33.515972, 33.528641, 119.125587, 60.167164,10.953794, 217.094269, 0.999622
5, 572,23,125.528252, 125.499489, 119.125587, 60.167164,10.953794, 217.094269, 1.000229
5, 572,24,69.201569, 69.196259, 119.125587, 60.167164,10.953794, 217.094269, 1.000077
5, 572,25,164.234833, 164.249100, 119.125587, 60.167164,10.953794, 217.094269, 0.999913
5, 572,26,160.631668, 160.619781, 119.125587, 60.167164,10.953794, 217.094269, 1.000074
5, 572,27,107.879547, 107.874184, 119.125587, 60.167164,10.953794, 217.094269, 1.000050
5, 572,28,142.467514, 142.479736, 119.125587, 60.167164,10.953794, 217.094269, 0.999914
5, 572,29,178.846222, 178.851059, 119.125587, 60.167164,10.953794, 217.094269, 0.999973
5, 572,30,21.057611, 21.050838, 119.125587, 60.167164,10.953794, 217.094269, 1.000322
5, 572,31,58.676899, 58.679722, 119.125587, 60.167164,10.953794, 217.094269, 0.999952
5, 573,0,127.759705, 127.769821, 119.121223, 65.199379,17.551050, 223.397339, 0.999921
5, 573,1,192.110306, 192.110382, 119.121223, 65.199379,17.551050, 223.397339, 1.000000
5, 573,2,197.510742, 197.515442, 119.121223, 65.199379,17.551050, 223.397339, 0.999976
5, 573,3,122.840309, 122.848900, 119.121223, 65.199379,17.551050, 223.397339, 0.999930
5, 573,4,214.078949, 214.077515, 119.121223, 65.199379,17.551050, 223.397339, 1.000007
5, 573,5,197.535446, 197.544357, 119.121223, 65.199379,17.551050, 223.397339, 0.999955
5, 573,6,17.551050, 17.558426, 119.121223, 65.199379,17.551050, 223.397339, 0.999580
5, 573,7,212.592484, 212.581726, 119.121223, 65.199379,17.551050, 223.397339, 1.000051
5, 573,8,93.376251, 93.373924, 119.121223, 65.199379,17.551050, 223.397339, 1.000025
5, 573,9,168.266907, 168.278931, 119.121223, 65.199379,17.551050, 223.397339, 0.999929
5, 573,10,170.034927, 170.042099, 119.121223, 65.199379,17.551050, 223.397339, 0.999958
5, 573,11,48.017040, 48.030590, 119.121223, 65.199379,17.551050, 223.397339, 0.999718
5, 573,12,141.664734, 141.672699, 119.121223, 65.199379,17.551050, 223.397339, 0.999944
5, 573,13,59.461308, 59.462170, 119.121223, 65.199379,17.551050, 223.397339, 0.999986
5, 573,14,26.117165, 26.114044, 119.121223, 65.199379,17.551050, 223.397339, 1.000119
5, 573,15,135.859406, 135.855743, 119.121223, 65.199379,17.551050, 223.397339, 1.000027
5, 573,16,18.819468, 18.844660, 119.121223, 65.199379,17.551050, 223.397339, 0.998663
5, 573,17,74.906799, 74.918648, 119.121223, 65.199379,17.551050, 223.397339, 0.999842
5, 573,18,121.798164, 121.808350, 119.121223, 65.199379,17.551050, 223.397339, 0.999916
5, 573,19,42.772652, 42.770039, 119.121223, 65.199379,17.551050, 223.397339, 1.000061
5, 573,20,223.397339, 223.413528, 119.121223, 65.199379,17.551050, 223.397339, 0.999928
5, 573,21,57.505840, 57.525593, 119.121223, 65.199379,17.551050, 223.397339, 0.999657
5, 573,22,109.566017, 109.560234, 119.121223, 65.199379,17.551050, 223.397339, 1.000053
5, 573,23,71.639046, 71.645256, 119.121223, 65.199379,17.551050, 223.397339, 0.999913
5, 573,24,53.619301, 53.616310, 119.121223, 65.199379,17.551050, 223.397339, 1.000056
5, 573,25,189.791641, 189.783615, 119.121223, 65.199379,17.551050, 223.397339, 1.000042
5, 573,26,119.498611, 119.496025, 119.121223, 65.199379,17.551050, 223.397339, 1.000022
5, 573,27,48.614685, 48.608673, 119.121223, 65.199379,17.551050, 223.397339, 1.000124
5, 573,28,210.152512, 210.161011, 119.121223, 65.199379,17.551050, 223.397339, 0.999960
5, 573,29,81.743698, 81.732788, 119.121223, 65.199379,17.551050, 223.397339, 1.000134
5, 573,30,91.916809, 91.928719, 119.121223, 65.199379,17.551050, 223.397339, 0.999870
5, 573,31,171.359695, 171.350006, 119.121223, 65.199379,17.551050, 223.397339, 1.000057
5, 574,0,142.065063, 142.080215, 119.126266, 59.805481,11.468329, 201.152466, 0.999893
5, 574,1,63.495155, 63.496647, 119.126266, 59.805481,11.468329, 201.152466, 0.999977
5, 574,2,43.020294, 43.034134, 119.126266, 59.805481,11.468329, 201.152466, 0.999678
5, 574,3,197.323166, 197.322754, 119.126266, 59.805481,11.468329, 201.152466, 1.000002
5, 574,4,150.109100, 150.108780, 119.126266, 59.805481,11.468329, 201.152466, 1.000002
5, 574,5,140.044678, 140.040222, 119.126266, 59.805481,11.468329, 201.152466, 1.000032
5, 574,6,107.875740, 107.869644, 119.126266, 59.805481,11.468329, 201.152466, 1.000057
5, 574,7,201.152466, 201.158691, 119.126266, 59.805481,11.468329, 201.152466, 0.999969
5, 574,8,194.354141, 194.350357, 119.126266, 59.805481,11.468329, 201.152466, 1.000019
5, 574,9,143.196106, 143.200348, 119.126266, 59.805481,11.468329, 201.152466, 0.999970
5, 574,10,11.468329, 11.483063, 119.126266, 59.805481,11.468329, 201.152466, 0.998717
5, 574,11,198.749512, 198.755753, 119.126266, 59.805481,11.468329, 201.152466, 0.999969
5, 574,12,67.456757, 67.457733, 119.126266, 59.805481,11.468329, 201.152466, 0.999986
5, 574,13,56.781174, 56.782188, 119.126266, 59.805481,11.468329, 201.152466, 0.999982
5, 574,14,179.440720, 179.438385, 119.126266, 59.805481,11.468329, 201.152466, 1.000013
5, 574,15,140.585129, 140.584641, 119.126266, 59.805481,11.468329, 201.152466, 1.000003
5, 574,16,29.813799, 29.799206, 119.126266, 59.805481,11.468329, 201.152466, 1.000490
5, 574,17,96.937607, 96.950050, 119.126266, 59.805481,11.468329, 201.152466, 0.999872
5, 574,18,149.570328, 149.570633, 119.126266, 59.805481,11.468329, 201.152466, 0.999998
5, 574,19,136.546448, 136.535950, 119.126266, 59.805481,11.468329, 201.152466, 1.000077
5, 574,20,198.406403, 198.392807, 119.126266, 59.805481,11.468329, 201.152466, 1.000069
5, 574,21,110.649002, 110.635529, 119.126266, 59.805481,11.468329, 201.152466, 1.000122
5, 574,22,94.813316, 94.816193, 119.126266, 59.805481,11.468329, 201.152466, 0.999970
5, 574,23,13.888340, 13.873486, 119.126266, 59.805481,11.468329, 201.152466, 1.001071
5, 574,24,155.593048, 155.596756, 119.126266, 59.805481,11.468329, 201.152466, 0.999976
5, 574,25,159.779617, 159.776855, 119.126266, 59.805481,11.468329, 201.152466, 1.000017
5, 574,26,18.920259, 18.910892, 119.126266, 59.805481,11.468329, 201.152466, 1.000495
5, 574,27,115.532898, 115.535271, 119.126266, 59.805481,11.468329, 201.152466, 0.999979
5, 574,28,168.285660, 168.274750, 119.126266, 59.805481,11.468329, 201.152466, 1.000065
5, 574,29,170.415848, 170.402344, 119.126266, 59.805481,11.468329, 201.152466, 1.000079
5, 574,30,117.035004, 117.030846, 119.126266, 59.805481,11.468329, 201.152466, 1.000036
5, 574,31,38.735806, 38.735130, 119.126266, 59.805481,11.468329, 201.152466, 1.000017
5, 575,0,194.419601, 194.429443, 119.124702, 65.519035,10.095753, 218.419006, 0.999949
5, 575,1,123.524094, 123.514488, 119.124702, 65.519035,10.095753, 218.419006, 1.000078
5, 575,2,168.132278, 168.129227, 119.124702, 65.519035,10.095753, 218.419006, 1.000018
5, 575,3,122.733261, 122.735725, 119.124702, 65.519035,10.095753, 218.419006, 0.999980
5, 575,4,10.095753, 10.081975, 119.124702, 65.519035,10.095753, 218.419006, 1.001367
5, 575,5,37.749908, 37.748444, 119.124702, 65.519035,10.095753, 218.419006, 1.000039
5, 575,6,138.815643, 138.809601, 119.124702, 65.519035,10.095753, 218.419006, 1.000044
5, 575,7,68.994362, 68.994476, 119.124702, 65.519035,10.095753, 218.419006, 0.999998
5, 575,8,19.752214, 19.748161, 119.124702, 65.519035,10.095753, 218.419006, 1.000205
5, 575,9,178.804169, 178.806427, 119.124702, 65.519035,10.095753, 218.419006, 0.999987
5, 575,10,59.324715, 59.328281, 119.124702, 65.519035,10.095753, 218.419006, 0.999940
5, 575,11,72.493591, 72.492058, 119.124702, 65.519035,10.095753, 218.419006, 1.000021
5, 575,12,116.489243, 116.471489, 119.124702, 65.519035,10.095753, 218.419006, 1.000152
5, 575,13,16.842117, 16.844889, 119.124702, 65.519035,10.095753, 218.419006, 0.999835
5, 575,14,153.965988, 153.974915, 119.124702, 65.519035,10.095753, 218.419006, 0.999942
5, 575,15,86.512054, 86.509735, 119.124702, 65.519035,10.095753, 218.419006, 1.000027
5, 575,16,16.885376, 16.879045, 119.124702, 65.519035,10.095753, 218.419006, 1.000375
5, 575,17,217.621780, 217.635117, 119.124702, 65.519035,10.095753, 218.419006, 0.999939
5, 575,18,209.778015, 209.792877, 119.124702, 65.519035,10.095753, 218.419006, 0.999929
5, 575,19,209.698837, 209.697235, 119.124702, 65.519035,10.095753, 218.419006, 1.000008
5, 575,20,38.502205, 38.506706, 119.124702, 65.519035,10.095753, 218.419006, 0.999883
5, 575,21,114.584686, 114.579239, 119.124702, 65.519035,10.095753, 218.419006, 1.000048
5, 575,22,137.257324, 137.252075, 119.124702, 65.519035,10.095753, 218.419006, 1.000038
5, 575,23,151.084961, 151.085312, 119.124702, 65.519035,10.095753, 218.419006, 0.999998
5, 575,24,158.554031, 158.558685, 119.124702, 65.519035,10.095753, 218.419006, 0.999971
5, 575,25,112.816788, 112.823608, 119.124702, 65.519035,10.095753, 218.419006, 0.999940
5, 575,26,61.062786, 61.063416, 119.124702, 65.519035,10.095753, 218.419006, 0.999990
5, 575,27,105.046021, 105.049683, 119.124702, 65.519035,10.095753, 218.419006, 0.999965
5, 575,28,215.040619, 215.039246, 119.124702, 65.519035,10.095753, 218.419006, 1.000006
5, 575,29,218.419006, 218.420700, 119.124702, 65.519035,10.095753, 218.419006, 0.999992
5, 575,30,171.720459, 171.722443, 119.124702, 65.519035,10.095753, 218.419006, 0.999988
5, 575,31,105.268646, 105.275108, 119.124702, 65.519035,10.095753, 218.419006, 0.999939
5, 576,0,170.767685, 170.769119, 119.124580, 54.436520,10.892121, 204.886703, 0.999992
5, 576,1,88.528847, 88.531532, 119.124580, 54.436520,10.892121, 204.886703, 0.999970
5, 576,2,204.886703, 204.881607, 119.124580, 54.436520,10.892121, 204.886703, 1.000025
5, 576,3,164.704834, 164.693802, 119.124580, 54.436520,10.892121, 204.886703, 1.000067
5, 576,4,94.200363, 94.207001, 119.124580, 54.436520,10.892121, 204.886703, 0.999930
5, 576,5,138.895035, 138.882645, 119.124580, 54.436520,10.892121, 204.886703, 1.000089
5, 576,6,84.943672, 84.944817, 119.124580, 54.436520,10.892121, 204.886703, 0.999987
5, 576,7,191.626816, 191.632889, 119.124580, 54.436520,10.892121, 204.886703, 0.999968
5, 576,8,165.952560, 165.964951, 119.124580, 54.436520,10.892121, 204.886703, 0.999925
5, 576,9,48.349289, 48.355663, 119.124580, 54.436520,10.892121, 204.886703, 0.999868
5, 576,10,190.484802, 190.493011, 119.124580, 54.436520,10.892121, 204.886703, 0.999957
5, 576,11,139.787308, 139.771866, 119.124580, 54.436520,10.892121, 204.886703, 1.000111
5, 576,12,31.792168, 31.794752, 119.124580, 54.436520,10.892121, 204.886703, 0.999919
5, 576,13,197.580444, 197.588837, 119.124580, 54.436520,10.892121, 204.886703, 0.999958
5, 576,14,154.635345, 154.631927, 119.124580, 54.436520,10.892121, 204.886703, 1.000022
5, 576,15,55.672264, 55.672298, 119.124580, 54.436520,10.892121, 204.886703, 0.999999
5, 576,16,74.214195, 74.214546, 119.124580, 54.436520,10.892121, 204.886703, 0.999995
5, 576,17,121.301765, 121.307198, 119.124580, 54.436520,10.892121, 204.886703, 0.999955
5, 576,18,10.892121, 10.895185, 119.124580, 54.436520,10.892121, 204.886703, 0.999719
5, 576,19,112.326805, 112.331490, 119.124580, 54.436520,10.892121, 204.886703, 0.999958
5, 576,20,29.096869, 29.097263, 119.124580, 54.436520,10.892121, 204.886703, 0.999986
5, 576,21,140.689941, 140.684952, 119.124580, 54.436520,10.892121, 204.886703, 1.000036
5, 576,22,111.693321, 111.692924, 119.124580, 54.436520,10.892121, 204.886703, 1.000004
5, 576,23,95.955139, 95.949615, 119.124580, 54.436520,10.892121, 204.886703, 1.000058
5, 576,24,60.859604, 60.864368, 119.124580, 54.436520,10.892121, 204.886703, 0.999922
5, 576,25,117.706535, 117.708565, 119.124580, 54.436520,10.892121, 204.886703, 0.999983
5, 576,26,98.420944, 98.420334, 119.124580, 54.436520,10.892121, 204.886703, 1.000006
5, 576,27,173.408752, 173.395004, 119.124580, 54.436520,10.892121, 204.886703, 1.000079
5, 576,28,146.843689, 146.849792, 119.124580, 54.436520,10.892121, 204.886703, 0.999958
5, 576,29,153.372849, 153.372696, 119.124580, 54.436520,10.892121, 204.886703, 1.000001
5, 576,30,58.216061, 58.220589, 119.124580, 54.436520,10.892121, 204.886703, 0.999922
5, 576,31,184.180008, 184.178970, 119.124580, 54.436520,10.892121, 204.886703, 1.000006
5, 577,0,189.025009, 189.012146, 119.125854, 57.670734,22.831701, 219.321060, 1.000068
5, 577,1,143.509338, 143.505829, 119.125854, 57.670734,22.831701, 219.321060, 1.000024
5, 577,2,65.244881, 65.249687, 119.125854, 57.670734,22.831701, 219.321060, 0.999926
5, 577,3,85.705482, 85.710106, 119.125854, 57.670734,22.831701, 219.321060, 0.999946
5, 577,4,117.288864, 117.282295, 119.125854, 57.670734,22.831701, 219.321060, 1.000056
5, 577,5,208.011612, 208.005463, 119.125854, 57.670734,22.831701, 219.321060, 1.000030
5, 577,6,34.538067, 34.539337, 119.125854, 57.670734,22.831701, 219.321060, 0.999963
5, 577,7,126.106964, 126.104614, 119.125854, 57.670734,22.831701, 219.321060, 1.000019
5, 577,8,134.861755, 134.874298, 119.125854, 57.670734,22.831701, 219.321060, 0.999907
5, 577,9,219.321060, 219.327759, 119.125854, 57.670734,22.831701, 219.321060, 0.999969
5, 577,10,91.695816, 91.690331, 119.125854, 57.670734,22.831701, 219.321060, 1.000060
5, 577,11,124.685265, 124.683556, 119.125854, 57.670734,22.831701, 219.321060, 1.000014
5, 577,12,23.539295, 23.552555, 119.125854, 57.670734,22.831701, 219.321060, 0.999437
5, 577,13,147.631210, 147.630798, 119.125854, 57.670734,22.831701, 219.321060, 1.000003
5, 577,14,116.224541, 116.223091, 119.125854, 57.670734,22.831701, 219.321060, 1.000013
5, 577,15,102.807220, 102.802109, 119.125854, 57.670734,22.831701, 219.321060, 1.000050
5, 577,16,200.634583, 200.630508, 119.125854, 57.670734,22.831701, 219.321060, 1.000020
5, 577,17,207.171112, 207.163361, 119.125854, 57.670734,22.831701, 219.321060, 1.000037
5, 577,18,132.854065, 132.834839, 119.125854, 57.670734,22.831701, 219.321060, 1.000145
5, 577,19,31.901878, 31.901192, 119.125854, 57.670734,22.831701, 219.321060, 1.000022
5, 577,20,76.059624, 76.065414, 119.125854, 57.670734,22.831701, 219.321060, 0.999924
5, 577,21,206.944870, 206.946274, 119.125854, 57.670734,22.831701, 219.321060, 0.999993
5, 577,22,22.831701, 22.828876, 119.125854, 57.670734,22.831701, 219.321060, 1.000124
5, 577,23,79.588890, 79.591713, 119.125854, 57.670734,22.831701, 219.321060, 0.999965
5, 577,24,36.023804, 36.026169, 119.125854, 57.670734,22.831701, 219.321060, 0.999934
5, 577,25,94.224930, 94.236366, 119.125854, 57.670734,22.831701, 219.321060, 0.999879
5, 577,26,184.111160, 184.104294, 119.125854, 57.670734,22.831701, 219.321060, 1.000037
5, 577,27,165.503937, 165.499130, 119.125854, 57.670734,22.831701, 219.321060, 1.000029
5, 577,28,107.361359, 107.367874, 119.125854, 57.670734,22.831701, 219.321060, 0.999939
5, 577,29,107.713043, 107.716553, 119.125854, 57.670734,22.831701, 219.321060, 0.999967
5, 577,30,128.483978, 128.479584, 119.125854, 57.670734,22.831701, 219.321060, 1.000034
5, 577,31,100.422005, 100.413963, 119.125854, 57.670734,22.831701, 219.321060, 1.000080
5, 578,0,121.227394, 121.224075, 119.125763, 69.130180,20.656837, 258.876648, 1.000027
5, 578,1,163.534302, 163.544861, 119.125763, 69.130180,20.656837, 258.876648, 0.999935
5, 578,2,101.334312, 101.328987, 119.125763, 69.130180,20.656837, 258.876648, 1.000053
5, 578,3,206.910172, 206.914337, 119.125763, 69.130180,20.656837, 258.876648, 0.999980
5, 578,4,167.259155, 167.245743, 119.125763, 69.130180,20.656837, 258.876648, 1.000080
5, 578,5,224.757950, 224.757629, 119.125763, 69.130180,20.656837, 258.876648, 1.000001
5, 578,6,44.025284, 44.014690, 119.125763, 69.130180,20.656837, 258.876648, 1.000241
5, 578,7,68.456421, 68.454201, 119.125763, 69.130180,20.656837, 258.876648, 1.000032
5, 578,8,63.072788, 63.073860, 119.125763, 69.130180,20.656837, 258.876648, 0.999983
5, 578,9,222.989807, 222.994568, 119.125763, 69.130180,20.656837, 258.876648, 0.999979
5, 578,10,136.604584, 136.620361, 119.125763, 69.130180,20.656837, 258.876648, 0.999884
5, 578,11,103.106911, 103.107231, 119.125763, 69.130180,20.656837, 258.876648, 0.999997
5, 578,12,37.725327, 37.722427, 119.125763, 69.130180,20.656837, 258.876648, 1.000077
5, 578,13,252.440216, 252.434448, 119.125763, 69.130180,20.656837, 258.876648, 1.000023
5, 578,14,118.583984, 118.579514, 119.125763, 69.130180,20.656837, 258.876648, 1.000038
5, 578,15,154.990143, 154.987991, 119.125763, 69.130180,20.656837, 258.876648, 1.000014
5, 578,16,258.876648, 258.878723, 119.125763, 69.130180,20.656837, 258.876648, 0.999992
5, 578,17,87.376350, 87.368980, 119.125763, 69.130180,20.656837, 258.876648, 1.000084
5, 578,18,208.557785, 208.555817, 119.125763, 69.130180,20.656837, 258.876648, 1.000009
5, 578,19,72.123695, 72.117081, 119.125763, 69.130180,20.656837, 258.876648, 1.000092
5, 578,20,44.058594, 44.067883, 119.125763, 69.130180,20.656837, 258.876648, 0.999789
5, 578,21,85.698013, 85.697121, 119.125763, 69.130180,20.656837, 258.876648, 1.000010
5, 578,22,43.485970, 43.475136, 119.125763, 69.130180,20.656837, 258.876648, 1.000249
5, 578,23,181.237686, 181.228546, 119.125763, 69.130180,20.656837, 258.876648, 1.000050
5, 578,24,77.985626, 77.998985, 119.125763, 69.130180,20.656837, 258.876648, 0.999829
5, 578,25,46.477558, 46.469280, 119.125763, 69.130180,20.656837, 258.876648, 1.000178
5, 578,26,20.656837, 20.661888, 119.125763, 69.130180,20.656837, 258.876648, 0.999756
5, 578,27,31.677731, 31.673346, 119.125763, 69.130180,20.656837, 258.876648, 1.000138
5, 578,28,111.134880, 111.147339, 119.125763, 69.130180,20.656837, 258.876648, 0.999888
5, 578,29,168.786148, 168.788406, 119.125763, 69.130180,20.656837, 258.876648, 0.999987
5, 578,30,70.535973, 70.536423, 119.125763, 69.130180,20.656837, 258.876648, 0.999994
5, 578,31,116.335861, 116.330101, 119.125763, 69.130180,20.656837, 258.876648, 1.000049
5, 579,0,129.475586, 129.477676, 119.128944, 50.880322,26.829433, 182.955002, 0.999984
5, 579,1,121.692322, 121.683525, 119.128944, 50.880322,26.829433, 182.955002, 1.000072
5, 579,2,163.151932, 163.155029, 119.128944, 50.880322,26.829433, 182.955002, 0.999981
5, 579,3,142.357086, 142.349060, 119.128944, 50.880322,26.829433, 182.955002, 1.000056
5, 579,4,39.761459, 39.772194, 119.128944, 50.880322,26.829433, 182.955002, 0.999730
5, 579,5,139.611969, 139.615982, 119.128944, 50.880322,26.829433, 182.955002, 0.999971
5, 579,6,182.955002, 182.945541, 119.128944, 50.880322,26.829433, 182.955002, 1.000052
5, 579,7,132.190094, 132.189148, 119.128944, 50.880322,26.829433, 182.955002, 1.000007
5, 579,8,174.568054, 174.589661, 119.128944, 50.880322,26.829433, 182.955002, 0.999876
5, 579,9,82.044212, 82.037689, 119.128944, 50.880322,26.829433, 182.955002, 1.000080
5, 579,10,167.173157, 167.162842, 119.128944, 50.880322,26.829433, 182.955002, 1.000062
5, 579,11,135.670227, 135.667603, 119.128944, 50.880322,26.829433, 182.955002, 1.000019
5, 579,12,177.204590, 177.193130, 119.128944, 50.880322,26.829433, 182.955002, 1.000065
5, 579,13,36.807331, 36.817657, 119.128944, 50.880322,26.829433, 182.955002, 0.999720
5, 579,14,55.868172, 55.878990, 119.128944, 50.880322,26.829433, 182.955002, 0.999806
5, 579,15,163.939102, 163.943619, 119.128944, 50.880322,26.829433, 182.955002, 0.999972
5, 579,16,77.479126, 77.462753, 119.128944, 50.880322,26.829433, 182.955002, 1.000211
5, 579,17,166.756531, 166.752319, 119.128944, 50.880322,26.829433, 182.955002, 1.000025
5, 579,18,107.834923, 107.839897, 119.128944, 50.880322,26.829433, 182.955002, 0.999954
5, 579,19,119.807587, 119.798477, 119.128944, 50.880322,26.829433, 182.955002, 1.000076
5, 579,20,165.415939, 165.401993, 119.128944, 50.880322,26.829433, 182.955002, 1.000084
5, 579,21,49.221264, 49.219139, 119.128944, 50.880322,26.829433, 182.955002, 1.000043
5, 579,22,160.202850, 160.189682, 119.128944, 50.880322,26.829433, 182.955002, 1.000082
5, 579,23,93.645439, 93.655975, 119.128944, 50.880322,26.829433, 182.955002, 0.999888
5, 579,24,36.752670, 36.731239, 119.128944, 50.880322,26.829433, 182.955002, 1.000583
5, 579,25,145.655502, 145.638474, 119.128944, 50.880322,26.829433, 182.955002, 1.000117
5, 579,26,109.527534, 109.514313, 119.128944, 50.880322,26.829433, 182.955002, 1.000121
5, 579,27,181.525162, 181.524994, 119.128944, 50.880322,26.829433, 182.955002, 1.000001
5, 579,28,134.658890, 134.652161, 119.128944, 50.880322,26.829433, 182.955002, 1.000050
5, 579,29,30.133749, 30.119997, 119.128944, 50.880322,26.829433, 182.955002, 1.000457
5, 579,30,26.829433, 26.803574, 119.128944, 50.880322,26.829433, 182.955002, 1.000965
5, 579,31,162.209229, 162.215195, 119.128944, 50.880322,26.829433, 182.955002, 0.999963
5, 580,0,215.741959, 215.735611, 119.125641, 71.854858,11.182239, 229.951492, 1.000029
5, 580,1,161.399429, 161.389465, 119.125641, 71.854858,11.182239, 229.951492, 1.000062
5, 580,2,220.071152, 220.088730, 119.125641, 71.854858,11.182239, 229.951492, 0.999920
5, 580,3,208.032181, 208.032898, 119.125641, 71.854858,11.182239, 229.951492, 0.999997
5, 580,4,87.843468, 87.834000, 119.125641, 71.854858,11.182239, 229.951492, 1.000108
5, 580,5,21.311411, 21.309967, 119.125641, 71.854858,11.182239, 229.951492, 1.000068
5, 580,6,80.527054, 80.517776, 119.125641, 71.854858,11.182239, 229.951492, 1.000115
5, 580,7,34.422413, 34.403221, 119.125641, 71.854858,11.182239, 229.951492, 1.000558
5, 580,8,91.451485, 91.448029, 119.125641, 71.854858,11.182239, 229.951492, 1.000038
5, 580,9,224.421936, 224.435059, 119.125641, 71.854858,11.182239, 229.951492, 0.999942
5, 580,10,176.660141, 176.659271, 119.125641, 71.854858,11.182239, 229.951492, 1.000005
5, 580,11,30.538593, 30.538301, 119.125641, 71.854858,11.182239, 229.951492, 1.000010
5, 580,12,44.830658, 44.831711, 119.125641, 71.854858,11.182239, 229.951492, 0.999977
5, 580,13,152.266861, 152.256042, 119.125641, 71.854858,11.182239, 229.951492, 1.000071
5, 580,14,189.576065, 189.576233, 119.125641, 71.854858,11.182239, 229.951492, 0.999999
5, 580,15,11.182239, 11.166256, 119.125641, 71.854858,11.182239, 229.951492, 1.001431
5, 580,16,41.740444, 41.760120, 119.125641, 71.854858,11.182239, 229.951492, 0.999529
5, 580,17,131.968872, 131.955063, 119.125641, 71.854858,11.182239, 229.951492, 1.000105
5, 580,18,89.487152, 89.502007, 119.125641, 71.854858,11.182239, 229.951492, 0.999834
5, 580,19,209.745377, 209.775497, 119.125641, 71.854858,11.182239, 229.951492, 0.999856
5, 580,20,171.236526, 171.234833, 119.125641, 71.854858,11.182239, 229.951492, 1.000010
5, 580,21,83.245216, 83.243561, 119.125641, 71.854858,11.182239, 229.951492, 1.000020
5, 580,22,112.650215, 112.644043, 119.125641, 71.854858,11.182239, 229.951492, 1.000055
5, 580,23,42.877098, 42.865353, 119.125641, 71.854858,11.182239, 229.951492, 1.000274
5, 580,24,142.131943, 142.125885, 119.125641, 71.854858,11.182239, 229.951492, 1.000043
5, 580,25,227.792053, 227.798218, 119.125641, 71.854858,11.182239, 229.951492, 0.999973
5, 580,26,104.816528, 104.826073, 119.125641, 71.854858,11.182239, 229.951492, 0.999909
5, 580,27,106.683876, 106.683945, 119.125641, 71.854858,11.182239, 229.951492, 0.999999
5, 580,28,97.326317, 97.319992, 119.125641, 71.854858,11.182239, 229.951492, 1.000065
5, 580,29,229.951492, 229.954422, 119.125641, 71.854858,11.182239, 229.951492, 0.999987
5, 580,30,16.479708, 16.482210, 119.125641, 71.854858,11.182239, 229.951492, 0.999848
5, 580,31,53.610748, 53.605751, 119.125641, 71.854858,11.182239, 229.951492, 1.000093
5, 581,0,13.417640, 13.421654, 119.124641, 61.061138,13.417640, 222.191757, 0.999701
5, 581,1,131.005753, 131.006866, 119.124641, 61.061138,13.417640, 222.191757, 0.999991
5, 581,2,107.492462, 107.491119, 119.124641, 61.061138,13.417640, 222.191757, 1.000013
5, 581,3,206.510574, 206.504425, 119.124641, 61.061138,13.417640, 222.191757, 1.000030
5, 581,4,79.584084, 79.584473, 119.124641, 61.061138,13.417640, 222.191757, 0.999995
5, 581,5,142.610291, 142.605362, 119.124641, 61.061138,13.417640, 222.191757, 1.000035
5, 581,6,222.191757, 222.188095, 119.124641, 61.061138,13.417640, 222.191757, 1.000016
5, 581,7,58.738327, 58.748810, 119.124641, 61.061138,13.417640, 222.191757, 0.999822
5, 581,8,130.707626, 130.714142, 119.124641, 61.061138,13.417640, 222.191757, 0.999950
5, 581,9,148.555450, 148.557480, 119.124641, 61.061138,13.417640, 222.191757, 0.999986
5, 581,10,219.705109, 219.696655, 119.124641, 61.061138,13.417640, 222.191757, 1.000039
5, 581,11,32.235046, 32.240753, 119.124641, 61.061138,13.417640, 222.191757, 0.999823
5, 581,12,62.855778, 62.860001, 119.124641, 61.061138,13.417640, 222.191757, 0.999933
5, 581,13,50.311718, 50.298759, 119.124641, 61.061138,13.417640, 222.191757, 1.000258
5, 581,14,28.181091, 28.175097, 119.124641, 61.061138,13.417640, 222.191757, 1.000213
5, 581,15,59.450485, 59.457863, 119.124641, 61.061138,13.417640, 222.191757, 0.999876
5, 581,16,181.500381, 181.505524, 119.124641, 61.061138,13.417640, 222.191757, 0.999972
5, 581,17,221.260727, 221.257858, 119.124641, 61.061138,13.417640, 222.191757, 1.000013
5, 581,18,93.226151, 93.219048, 119.124641, 61.061138,13.417640, 222.191757, 1.000076
5, 581,19,180.936127, 180.933090, 119.124641, 61.061138,13.417640, 222.191757, 1.000017
5, 581,20,176.605469, 176.594223, 119.124641, 61.061138,13.417640, 222.191757, 1.000064
5, 581,21,132.088394, 132.093201, 119.124641, 61.061138,13.417640, 222.191757, 0.999964
5, 581,22,93.306641, 93.310120, 119.124641, 61.061138,13.417640, 222.191757, 0.999963
5, 581,23,162.315750, 162.328659, 119.124641, 61.061138,13.417640, 222.191757, 0.999920
5, 581,24,191.246735, 191.256592, 119.124641, 61.061138,13.417640, 222.191757, 0.999948
5, 581,25,73.765602, 73.755951, 119.124641, 61.061138,13.417640, 222.191757, 1.000131
5, 581,26,85.315277, 85.328430, 119.124641, 61.061138,13.417640, 222.191757, 0.999846
5, 581,27,134.506470, 134.493561, 119.124641, 61.061138,13.417640, 222.191757, 1.000096
5, 581,28,100.763588, 100.764908, 119.124641, 61.061138,13.417640, 222.191757, 0.999987
5, 581,29,149.916428, 149.917023, 119.124641, 61.061138,13.417640, 222.191757, 0.999996
5, 581,30,36.878693, 36.885353, 119.124641, 61.061138,13.417640, 222.191757, 0.999819
5, 581,31,104.803276, 104.804535, 119.124641, 61.061138,13.417640, 222.191757, 0.999988
5, 582,0,51.592247, 51.594063, 119.126450, 70.943336,11.423838, 251.925415, 0.999965
5, 582,1,225.410233, 225.401840, 119.126450, 70.943336,11.423838, 251.925415, 1.000037
5, 582,2,234.188324, 234.183899, 119.126450, 70.943336,11.423838, 251.925415, 1.000019
5, 582,3,151.200623, 151.199493, 119.126450, 70.943336,11.423838, 251.925415, 1.000008
5, 582,4,47.468838, 47.474640, 119.126450, 70.943336,11.423838, 251.925415, 0.999878
5, 582,5,141.320557, 141.315918, 119.126450, 70.943336,11.423838, 251.925415, 1.000033
5, 582,6,11.423838, 11.418407, 119.126450, 70.943336,11.423838, 251.925415, 1.000476
5, 582,7,87.582314, 87.589935, 119.126450, 70.943336,11.423838, 251.925415, 0.999913
5, 582,8,251.925415, 251.921570, 119.126450, 70.943336,11.423838, 251.925415, 1.000015
5, 582,9,99.853767, 99.835022, 119.126450, 70.943336,11.423838, 251.925415, 1.000188
5, 582,10,43.153160, 43.159061, 119.126450, 70.943336,11.423838, 251.925415, 0.999863
5, 582,11,99.054512, 99.057915, 119.126450, 70.943336,11.423838, 251.925415, 0.999966
5, 582,12,164.455261, 164.455582, 119.126450, 70.943336,11.423838, 251.925415, 0.999998
5, 582,13,214.810165, 214.809052, 119.126450, 70.943336,11.423838, 251.925415, 1.000005
5, 582,14,71.503159, 71.497040, 119.126450, 70.943336,11.423838, 251.925415, 1.000086
5, 582,15,90.303314, 90.298500, 119.126450, 70.943336,11.423838, 251.925415, 1.000053
5, 582,16,82.209686, 82.218086, 119.126450, 70.943336,11.423838, 251.925415, 0.999898
5, 582,17,179.135880, 179.145157, 119.126450, 70.943336,11.423838, 251.925415, 0.999948
5, 582,18,129.855698, 129.855469, 119.126450, 70.943336,11.423838, 251.925415, 1.000002
5, 582,19,28.764904, 28.763727, 119.126450, 70.943336,11.423838, 251.925415, 1.000041
5, 582,20,23.290319, 23.286259, 119.126450, 70.943336,11.423838, 251.925415, 1.000174
5, 582,21,53.724152, 53.714127, 119.126450, 70.943336,11.423838, 251.925415, 1.000187
5, 582,22,61.343651, 61.341843, 119.126450, 70.943336,11.423838, 251.925415, 1.000029
5, 582,23,184.355225, 184.351013, 119.126450, 70.943336,11.423838, 251.925415, 1.000023
5, 582,24,151.077423, 151.071243, 119.126450, 70.943336,11.423838, 251.925415, 1.000041
5, 582,25,13.745216, 13.734638, 119.126450, 70.943336,11.423838, 251.925415, 1.000770
5, 582,26,186.861343, 186.863403, 119.126450, 70.943336,11.423838, 251.925415, 0.999989
5, 582,27,144.962799, 144.960022, 119.126450, 70.943336,11.423838, 251.925415, 1.000019
5, 582,28,173.715179, 173.720490, 119.126450, 70.943336,11.423838, 251.925415, 0.999969
5, 582,29,203.856918, 203.861649, 119.126450, 70.943336,11.423838, 251.925415, 0.999977
5, 582,30,163.862076, 163.859543, 119.126450, 70.943336,11.423838, 251.925415, 1.000015
5, 582,31,46.040131, 46.041145, 119.126450, 70.943336,11.423838, 251.925415, 0.999978
5, 583,0,12.370668, 12.353423, 119.126228, 52.944546,12.370668, 202.223984, 1.001396
5, 583,1,202.223984, 202.218735, 119.126228, 52.944546,12.370668, 202.223984, 1.000026
5, 583,2,101.854248, 101.863373, 119.126228, 52.944546,12.370668, 202.223984, 0.999910
5, 583,3,131.214325, 131.216644, 119.126228, 52.944546,12.370668, 202.223984, 0.999982
5, 583,4,168.430237, 168.435135, 119.126228, 52.944546,12.370668, 202.223984, 0.999971
5, 583,5,39.088573, 39.089043, 119.126228, 52.944546,12.370668, 202.223984, 0.999988
5, 583,6,110.451248, 110.447533, 119.126228, 52.944546,12.370668, 202.223984, 1.000034
5, 583,7,42.887676, 42.892616, 119.126228, 52.944546,12.370668, 202.223984, 0.999885
5, 583,8,102.435272, 102.428688, 119.126228, 52.944546,12.370668, 202.223984, 1.000064
5, 583,9,168.655289, 168.656326, 119.126228, 52.944546,12.370668, 202.223984, 0.999994
5, 583,10,91.073364, 91.073265, 119.126228, 52.944546,12.370668, 202.223984, 1.000001
5, 583,11,111.872925, 111.866959, 119.126228, 52.944546,12.370668, 202.223984, 1.000053
5, 583,12,130.774353, 130.774216, 119.126228, 52.944546,12.370668, 202.223984, 1.000001
5, 583,13,185.203461, 185.204041, 119.126228, 52.944546,12.370668, 202.223984, 0.999997
5, 583,14,133.508545, 133.514755, 119.126228, 52.944546,12.370668, 202.223984, 0.999954
5, 583,15,128.681274, 128.685028, 119.126228, 52.944546,12.370668, 202.223984, 0.999971
5, 583,16,198.840912, 198.826859, 119.126228, 52.944546,12.370668, 202.223984, 1.000071
5, 583,17,187.453598, 187.459137, 119.126228, 52.944546,12.370668, 202.223984, 0.999970
5, 583,18,36.456917, 36.465252, 119.126228, 52.944546,12.370668, 202.223984, 0.999771
5, 583,19,110.628540, 110.625725, 119.126228, 52.944546,12.370668, 202.223984, 1.000025
5, 583,20,101.914063, 101.912529, 119.126228, 52.944546,12.370668, 202.223984, 1.000015
5, 583,21,140.643631, 140.642609, 119.126228, 52.944546,12.370668, 202.223984, 1.000007
5, 583,22,139.130310, 139.124863, 119.126228, 52.944546,12.370668, 202.223984, 1.000039
5, 583,23,46.933891, 46.941978, 119.126228, 52.944546,12.370668, 202.223984, 0.999828
5, 583,24,173.956635, 173.965363, 119.126228, 52.944546,12.370668, 202.223984, 0.999950
5, 583,25,50.635170, 50.634949, 119.126228, 52.944546,12.370668, 202.223984, 1.000004
5, 583,26,119.200386, 119.197586, 119.126228, 52.944546,12.370668, 202.223984, 1.000023
5, 583,27,107.077072, 107.074089, 119.126228, 52.944546,12.370668, 202.223984, 1.000028
5, 583,28,184.819443, 184.810776, 119.126228, 52.944546,12.370668, 202.223984, 1.000047
5, 583,29,75.572296, 75.557877, 119.126228, 52.944546,12.370668, 202.223984, 1.000191
5, 583,30,193.371216, 193.370346, 119.126228, 52.944546,12.370668, 202.223984, 1.000005
5, 583,31,84.680038, 84.670486, 119.126228, 52.944546,12.370668, 202.223984, 1.000113
5, 584,0,120.193626, 120.192635, 119.126648, 49.442368,18.836100, 192.163040, 1.000008
5, 584,1,192.163040, 192.162949, 119.126648, 49.442368,18.836100, 192.163040, 1.000000
5, 584,2,185.062698, 185.081528, 119.126648, 49.442368,18.836100, 192.163040, 0.999898
5, 584,3,163.197525, 163.195618, 119.126648, 49.442368,18.836100, 192.163040, 1.000012
5, 584,4,28.887016, 28.891489, 119.126648, 49.442368,18.836100, 192.163040, 0.999845
5, 584,5,30.793978, 30.793354, 119.126648, 49.442368,18.836100, 192.163040, 1.000020
5, 584,6,158.083984, 158.073868, 119.126648, 49.442368,18.836100, 192.163040, 1.000064
5, 584,7,30.194016, 30.186375, 119.126648, 49.442368,18.836100, 192.163040, 1.000253
5, 584,8,61.106236, 61.101818, 119.126648, 49.442368,18.836100, 192.163040, 1.000072
5, 584,9,83.486984, 83.484879, 119.126648, 49.442368,18.836100, 192.163040, 1.000025
5, 584,10,132.537292, 132.546082, 119.126648, 49.442368,18.836100, 192.163040, 0.999934
5, 584,11,51.367027, 51.355476, 119.126648, 49.442368,18.836100, 192.163040, 1.000225
5, 584,12,84.288048, 84.288406, 119.126648, 49.442368,18.836100, 192.163040, 0.999996
5, 584,13,181.855087, 181.850098, 119.126648, 49.442368,18.836100, 192.163040, 1.000027
5, 584,14,133.163239, 133.164627, 119.126648, 49.442368,18.836100, 192.163040, 0.999990
5, 584,15,173.494980, 173.502701, 119.126648, 49.442368,18.836100, 192.163040, 0.999955
5, 584,16,100.953552, 100.948524, 119.126648, 49.442368,18.836100, 192.163040, 1.000050
5, 584,17,126.883995, 126.869400, 119.126648, 49.442368,18.836100, 192.163040, 1.000115
5, 584,18,100.374443, 100.370445, 119.126648, 49.442368,18.836100, 192.163040, 1.000040
5, 584,19,177.295044, 177.300644, 119.126648, 49.442368,18.836100, 192.163040, 0.999968
5, 584,20,163.512238, 163.507782, 119.126648, 49.442368,18.836100, 192.163040, 1.000027
5, 584,21,157.224472, 157.218323, 119.126648, 49.442368,18.836100, 192.163040, 1.000039
5, 584,22,119.234474, 119.233025, 119.126648, 49.442368,18.836100, 192.163040, 1.000012
5, 584,23,150.997101, 150.986679, 119.126648, 49.442368,18.836100, 192.163040, 1.000069
5, 584,24,18.836100, 18.827204, 119.126648, 49.442368,18.836100, 192.163040, 1.000473
5, 584,25,145.238434, 145.234848, 119.126648, 49.442368,18.836100, 192.163040, 1.000025
5, 584,26,108.499413, 108.498177, 119.126648, 49.442368,18.836100, 192.163040, 1.000011
5, 584,27,120.858810, 120.868988, 119.126648, 49.442368,18.836100, 192.163040, 0.999916
5, 584,28,145.598480, 145.587448, 119.126648, 49.442368,18.836100, 192.163040, 1.000076
5, 584,29,107.433640, 107.434517, 119.126648, 49.442368,18.836100, 192.163040, 0.999992
5, 584,30,112.336243, 112.330818, 119.126648, 49.442368,18.836100, 192.163040, 1.000048
5, 584,31,146.901245, 146.911255, 119.126648, 49.442368,18.836100, 192.163040, 0.999932
5, 585,0,90.988762, 90.994873, 119.123154, 81.816109,11.033954, 260.615265, 0.999933
5, 585,1,216.843979, 216.834991, 119.123154, 81.816109,11.033954, 260.615265, 1.000041
5, 585,2,208.858307, 208.842087, 119.123154, 81.816109,11.033954, 260.615265, 1.000078
5, 585,3,14.239168, 14.239720, 119.123154, 81.816109,11.033954, 260.615265, 0.999961
5, 585,4,228.612213, 228.612000, 119.123154, 81.816109,11.033954, 260.615265, 1.000001
5, 585,5,100.088669, 100.099838, 119.123154, 81.816109,11.033954, 260.615265, 0.999888
5, 585,6,90.330711, 90.330719, 119.123154, 81.816109,11.033954, 260.615265, 1.000000
5, 585,7,11.033954, 11.027109, 119.123154, 81.816109,11.033954, 260.615265, 1.000621
5, 585,8,29.968376, 29.962980, 119.123154, 81.816109,11.033954, 260.615265, 1.000180
5, 585,9,113.414299, 113.421371, 119.123154, 81.816109,11.033954, 260.615265, 0.999938
5, 585,10,106.386925, 106.401505, 119.123154, 81.816109,11.033954, 260.615265, 0.999863
5, 585,11,62.075588, 62.065922, 119.123154, 81.816109,11.033954, 260.615265, 1.000156
5, 585,12,42.154957, 42.164726, 119.123154, 81.816109,11.033954, 260.615265, 0.999768
5, 585,13,215.980728, 215.970078, 119.123154, 81.816109,11.033954, 260.615265, 1.000049
5, 585,14,259.583618, 259.587463, 119.123154, 81.816109,11.033954, 260.615265, 0.999985
5, 585,15,140.152374, 140.157089, 119.123154, 81.816109,11.033954, 260.615265, 0.999966
5, 585,16,26.167696, 26.178894, 119.123154, 81.816109,11.033954, 260.615265, 0.999572
5, 585,17,188.832535, 188.855942, 119.123154, 81.816109,11.033954, 260.615265, 0.999876
5, 585,18,92.166313, 92.168709, 119.123154, 81.816109,11.033954, 260.615265, 0.999974
5, 585,19,27.042261, 27.059275, 119.123154, 81.816109,11.033954, 260.615265, 0.999371
5, 585,20,223.149734, 223.144394, 119.123154, 81.816109,11.033954, 260.615265, 1.000024
5, 585,21,169.774902, 169.781067, 119.123154, 81.816109,11.033954, 260.615265, 0.999964
5, 585,22,23.940132, 23.931612, 119.123154, 81.816109,11.033954, 260.615265, 1.000356
5, 585,23,140.060577, 140.056686, 119.123154, 81.816109,11.033954, 260.615265, 1.000028
5, 585,24,45.089458, 45.099319, 119.123154, 81.816109,11.033954, 260.615265, 0.999781
5, 585,25,57.444691, 57.432350, 119.123154, 81.816109,11.033954, 260.615265, 1.000215
5, 585,26,260.615265, 260.622284, 119.123154, 81.816109,11.033954, 260.615265, 0.999973
5, 585,27,30.080336, 30.078819, 119.123154, 81.816109,11.033954, 260.615265, 1.000050
5, 585,28,208.242783, 208.239731, 119.123154, 81.816109,11.033954, 260.615265, 1.000015
5, 585,29,228.973083, 228.990402, 119.123154, 81.816109,11.033954, 260.615265, 0.999924
5, 585,30,64.722176, 64.722504, 119.123154, 81.816109,11.033954, 260.615265, 0.999995
5, 585,31,94.926689, 94.925682, 119.123154, 81.816109,11.033954, 260.615265, 1.000011
5, 586,0,27.558887, 27.556837, 119.126213, 74.605225,19.311058, 236.192001, 1.000074
5, 586,1,63.658257, 63.669033, 119.126213, 74.605225,19.311058, 236.192001, 0.999831
5, 586,2,50.455170, 50.451122, 119.126213, 74.605225,19.311058, 236.192001, 1.000080
5, 586,3,29.478046, 29.467686, 119.126213, 74.605225,19.311058, 236.192001, 1.000352
5, 586,4,188.720200, 188.721985, 119.126213, 74.605225,19.311058, 236.192001, 0.999991
5, 586,5,32.008068, 31.996330, 119.126213, 74.605225,19.311058, 236.192001, 1.000367
5, 586,6,180.754272, 180.755310, 119.126213, 74.605225,19.311058, 236.192001, 0.999994
5, 586,7,68.319107, 68.309662, 119.126213, 74.605225,19.311058, 236.192001, 1.000138
5, 586,8,236.192001, 236.191513, 119.126213, 74.605225,19.311058, 236.192001, 1.000002
5, 586,9,216.384186, 216.386215, 119.126213, 74.605225,19.311058, 236.192001, 0.999991
5, 586,10,192.399246, 192.392822, 119.126213, 74.605225,19.311058, 236.192001, 1.000033
5, 586,11,58.894367, 58.891903, 119.126213, 74.605225,19.311058, 236.192001, 1.000042
5, 586,12,206.806519, 206.803207, 119.126213, 74.605225,19.311058, 236.192001, 1.000016
5, 586,13,185.552200, 185.553986, 119.126213, 74.605225,19.311058, 236.192001, 0.999990
5, 586,14,105.354836, 105.370110, 119.126213, 74.605225,19.311058, 236.192001, 0.999855
5, 586,15,114.191353, 114.191628, 119.126213, 74.605225,19.311058, 236.192001, 0.999998
5, 586,16,66.561417, 66.549683, 119.126213, 74.605225,19.311058, 236.192001, 1.000176
5, 586,17,185.996048, 185.992203, 119.126213, 74.605225,19.311058, 236.192001, 1.000021
5, 586,18,41.443356, 41.435646, 119.126213, 74.605225,19.311058, 236.192001, 1.000186
5, 586,19,227.658585, 227.650162, 119.126213, 74.605225,19.311058, 236.192001, 1.000037
5, 586,20,53.587986, 53.583191, 119.126213, 74.605225,19.311058, 236.192001, 1.000090
5, 586,21,142.375885, 142.380264, 119.126213, 74.605225,19.311058, 236.192001, 0.999969
5, 586,22,74.495796, 74.494797, 119.126213, 74.605225,19.311058, 236.192001, 1.000013
5, 586,23,45.273670, 45.278893, 119.126213, 74.605225,19.311058, 236.192001, 0.999885
5, 586,24,96.696472, 96.699448, 119.126213, 74.605225,19.311058, 236.192001, 0.999969
5, 586,25,19.311058, 19.317192, 119.126213, 74.605225,19.311058, 236.192001, 0.999682
5, 586,26,234.055862, 234.057968, 119.126213, 74.605225,19.311058, 236.192001, 0.999991
5, 586,27,61.646194, 61.643246, 119.126213, 74.605225,19.311058, 236.192001, 1.000048
5, 586,28,140.796707, 140.792664, 119.126213, 74.605225,19.311058, 236.192001, 1.000029
5, 586,29,51.146336, 51.147934, 119.126213, 74.605225,19.311058, 236.192001, 0.999969
5, 586,30,198.391479, 198.391159, 119.126213, 74.605225,19.311058, 236.192001, 1.000002
5, 586,31,215.874863, 215.876160, 119.126213, 74.605225,19.311058, 236.192001, 0.999994
5, 587,0,31.794804, 31.788979, 119.123772, 63.412338,14.179008, 227.976730, 1.000183
5, 587,1,159.204514, 159.226761, 119.123772, 63.412338,14.179008, 227.976730, 0.999860
5, 587,2,200.569931, 200.558304, 119.123772, 63.412338,14.179008, 227.976730, 1.000058
5, 587,3,205.980911, 205.980469, 119.123772, 63.412338,14.179008, 227.976730, 1.000002
5, 587,4,91.466118, 91.493065, 119.123772, 63.412338,14.179008, 227.976730, 0.999705
5, 587,5,188.205429, 188.216354, 119.123772, 63.412338,14.179008, 227.976730, 0.999942
5, 587,6,181.143387, 181.156158, 119.123772, 63.412338,14.179008, 227.976730, 0.999929
5, 587,7,176.622650, 176.636551, 119.123772, 63.412338,14.179008, 227.976730, 0.999921
5, 587,8,96.883263, 96.875114, 119.123772, 63.412338,14.179008, 227.976730, 1.000084
5, 587,9,141.473618, 141.469315, 119.123772, 63.412338,14.179008, 227.976730, 1.000030
5, 587,10,153.510513, 153.503723, 119.123772, 63.412338,14.179008, 227.976730, 1.000044
5, 587,11,227.976730, 227.970032, 119.123772, 63.412338,14.179008, 227.976730, 1.000029
5, 587,12,110.070457, 110.079544, 119.123772, 63.412338,14.179008, 227.976730, 0.999917
5, 587,13,40.567268, 40.580788, 119.123772, 63.412338,14.179008, 227.976730, 0.999667
5, 587,14,195.442474, 195.436996, 119.123772, 63.412338,14.179008, 227.976730, 1.000028
5, 587,15,27.277288, 27.289446, 119.123772, 63.412338,14.179008, 227.976730, 0.999555
5, 587,16,221.702408, 221.685394, 119.123772, 63.412338,14.179008, 227.976730, 1.000077
5, 587,17,35.801617, 35.807140, 119.123772, 63.412338,14.179008, 227.976730, 0.999846
5, 587,18,14.179008, 14.178617, 119.123772, 63.412338,14.179008, 227.976730, 1.000028
5, 587,19,88.521255, 88.517883, 119.123772, 63.412338,14.179008, 227.976730, 1.000038
5, 587,20,92.889748, 92.890388, 119.123772, 63.412338,14.179008, 227.976730, 0.999993
5, 587,21,54.285740, 54.279968, 119.123772, 63.412338,14.179008, 227.976730, 1.000106
5, 587,22,138.653717, 138.647919, 119.123772, 63.412338,14.179008, 227.976730, 1.000042
5, 587,23,194.203888, 194.206818, 119.123772, 63.412338,14.179008, 227.976730, 0.999985
5, 587,24,101.835533, 101.835968, 119.123772, 63.412338,14.179008, 227.976730, 0.999996
5, 587,25,112.713524, 112.713745, 119.123772, 63.412338,14.179008, 227.976730, 0.999998
5, 587,26,22.920324, 22.910255, 119.123772, 63.412338,14.179008, 227.976730, 1.000440
5, 587,27,73.928963, 73.922806, 119.123772, 63.412338,14.179008, 227.976730, 1.000083
5, 587,28,102.754417, 102.751930, 119.123772, 63.412338,14.179008, 227.976730, 1.000024
5, 587,29,123.912582, 123.912437, 119.123772, 63.412338,14.179008, 227.976730, 1.000001
5, 587,30,77.991699, 77.987770, 119.123772, 63.412338,14.179008, 227.976730, 1.000050
5, 587,31,127.476952, 127.489342, 119.123772, 63.412338,14.179008, 227.976730, 0.999903
5, 588,0,22.379463, 22.386875, 119.122391, 57.487999,20.898157, 234.458023, 0.999669
5, 588,1,110.308548, 110.317886, 119.122391, 57.487999,20.898157, 234.458023, 0.999915
5, 588,2,82.785820, 82.782341, 119.122391, 57.487999,20.898157, 234.458023, 1.000042
5, 588,3,93.622375, 93.630302, 119.122391, 57.487999,20.898157, 234.458023, 0.999915
5, 588,4,53.783688, 53.797188, 119.122391, 57.487999,20.898157, 234.458023, 0.999749
5, 588,5,75.010132, 75.012207, 119.122391, 57.487999,20.898157, 234.458023, 0.999972
5, 588,6,103.841179, 103.839348, 119.122391, 57.487999,20.898157, 234.458023, 1.000018
5, 588,7,234.458023, 234.468323, 119.122391, 57.487999,20.898157, 234.458023, 0.999956
5, 588,8,71.385773, 71.391632, 119.122391, 57.487999,20.898157, 234.458023, 0.999918
5, 588,9,47.768124, 47.765202, 119.122391, 57.487999,20.898157, 234.458023, 1.000061
5, 588,10,123.505028, 123.494835, 119.122391, 57.487999,20.898157, 234.458023, 1.000082
5, 588,11,93.160416, 93.163132, 119.122391, 57.487999,20.898157, 234.458023, 0.999971
5, 588,12,197.600586, 197.596237, 119.122391, 57.487999,20.898157, 234.458023, 1.000022
5, 588,13,170.582672, 170.575943, 119.122391, 57.487999,20.898157, 234.458023, 1.000039
5, 588,14,101.431534, 101.434792, 119.122391, 57.487999,20.898157, 234.458023, 0.999968
5, 588,15,96.766647, 96.769958, 119.122391, 57.487999,20.898157, 234.458023, 0.999966
5, 588,16,146.322189, 146.324341, 119.122391, 57.487999,20.898157, 234.458023, 0.999985
5, 588,17,229.834351, 229.851578, 119.122391, 57.487999,20.898157, 234.458023, 0.999925
5, 588,18,179.531296, 179.514023, 119.122391, 57.487999,20.898157, 234.458023, 1.000096
5, 588,19,78.343353, 78.344223, 119.122391, 57.487999,20.898157, 234.458023, 0.999989
5, 588,20,205.287048, 205.283936, 119.122391, 57.487999,20.898157, 234.458023, 1.000015
5, 588,21,114.460480, 114.460587, 119.122391, 57.487999,20.898157, 234.458023, 0.999999
5, 588,22,123.624168, 123.632233, 119.122391, 57.487999,20.898157, 234.458023, 0.999935
5, 588,23,79.057030, 79.058723, 119.122391, 57.487999,20.898157, 234.458023, 0.999979
5, 588,24,95.878212, 95.876839, 119.122391, 57.487999,20.898157, 234.458023, 1.000014
5, 588,25,112.441322, 112.427025, 119.122391, 57.487999,20.898157, 234.458023, 1.000127
5, 588,26,150.101456, 150.109787, 119.122391, 57.487999,20.898157, 234.458023, 0.999945
5, 588,27,148.233505, 148.261703, 119.122391, 57.487999,20.898157, 234.458023, 0.999810
5, 588,28,163.920929, 163.925644, 119.122391, 57.487999,20.898157, 234.458023, 0.999971
5, 588,29,68.429771, 68.423737, 119.122391, 57.487999,20.898157, 234.458023, 1.000088
5, 588,30,217.163284, 217.176163, 119.122391, 57.487999,20.898157, 234.458023, 0.999941
5, 588,31,20.898157, 20.902924, 119.122391, 57.487999,20.898157, 234.458023, 0.999772
5, 589,0,11.473083, 11.473380, 119.126740, 49.758980,10.803013, 186.984955, 0.999974
5, 589,1,115.301704, 115.307297, 119.126740, 49.758980,10.803013, 186.984955, 0.999951
5, 589,2,126.495636, 126.492599, 119.126740, 49.758980,10.803013, 186.984955, 1.000024
5, 589,3,95.496826, 95.495392, 119.126740, 49.758980,10.803013, 186.984955, 1.000015
5, 589,4,125.300217, 125.283531, 119.126740, 49.758980,10.803013, 186.984955, 1.000133
5, 589,5,115.669060, 115.661583, 119.126740, 49.758980,10.803013, 186.984955, 1.000065
5, 589,6,142.754425, 142.744781, 119.126740, 49.758980,10.803013, 186.984955, 1.000068
5, 589,7,183.724380, 183.729477, 119.126740, 49.758980,10.803013, 186.984955, 0.999972
5, 589,8,172.650833, 172.651001, 119.126740, 49.758980,10.803013, 186.984955, 0.999999
5, 589,9,185.067139, 185.073502, 119.126740, 49.758980,10.803013, 186.984955, 0.999966
5, 589,10,94.976891, 94.983643, 119.126740, 49.758980,10.803013, 186.984955, 0.999929
5, 589,11,40.293072, 40.294266, 119.126740, 49.758980,10.803013, 186.984955, 0.999970
5, 589,12,141.912674, 141.912476, 119.126740, 49.758980,10.803013, 186.984955, 1.000001
5, 589,13,95.914948, 95.905907, 119.126740, 49.758980,10.803013, 186.984955, 1.000094
5, 589,14,72.001068, 72.000046, 119.126740, 49.758980,10.803013, 186.984955, 1.000014
5, 589,15,167.643982, 167.646027, 119.126740, 49.758980,10.803013, 186.984955, 0.999988
5, 589,16,180.999420, 180.990784, 119.126740, 49.758980,10.803013, 186.984955, 1.000048
5, 589,17,58.792473, 58.790241, 119.126740, 49.758980,10.803013, 186.984955, 1.000038
5, 589,18,150.652695, 150.662781, 119.126740, 49.758980,10.803013, 186.984955, 0.999933
5, 589,19,143.826340, 143.830124, 119.126740, 49.758980,10.803013, 186.984955, 0.999974
5, 589,20,10.803013, 10.776055, 119.126740, 49.758980,10.803013, 186.984955, 1.002502
5, 589,21,109.999062, 109.993004, 119.126740, 49.758980,10.803013, 186.984955, 1.000055
5, 589,22,137.683685, 137.672302, 119.126740, 49.758980,10.803013, 186.984955, 1.000083
5, 589,23,157.215500, 157.214249, 119.126740, 49.758980,10.803013, 186.984955, 1.000008
5, 589,24,148.470154, 148.475204, 119.126740, 49.758980,10.803013, 186.984955, 0.999966
5, 589,25,149.861603, 149.852982, 119.126740, 49.758980,10.803013, 186.984955, 1.000058
5, 589,26,122.260017, 122.263664, 119.126740, 49.758980,10.803013, 186.984955, 0.999970
5, 589,27,108.659714, 108.660202, 119.126740, 49.758980,10.803013, 186.984955, 0.999996
5, 589,28,109.520798, 109.520622, 119.126740, 49.758980,10.803013, 186.984955, 1.000002
5, 589,29,16.169420, 16.157827, 119.126740, 49.758980,10.803013, 186.984955, 1.000718
5, 589,30,186.984955, 187.002396, 119.126740, 49.758980,10.803013, 186.984955, 0.999907
5, 589,31,133.480942, 133.482727, 119.126740, 49.758980,10.803013, 186.984955, 0.999987
5, 590,0,106.215767, 106.210846, 119.123215, 76.434990,10.542443, 227.272385, 1.000046
5, 590,1,208.528519, 208.535278, 119.123215, 76.434990,10.542443, 227.272385, 0.999968
5, 590,2,133.261444, 133.259094, 119.123215, 76.434990,10.542443, 227.272385, 1.000018
5, 590,3,44.254890, 44.271542, 119.123215, 76.434990,10.542443, 227.272385, 0.999624
5, 590,4,226.403793, 226.413132, 119.123215, 76.434990,10.542443, 227.272385, 0.999959
5, 590,5,10.542443, 10.551449, 119.123215, 76.434990,10.542443, 227.272385, 0.999147
5, 590,6,218.829742, 218.842606, 119.123215, 76.434990,10.542443, 227.272385, 0.999941
5, 590,7,35.554417, 35.543667, 119.123215, 76.434990,10.542443, 227.272385, 1.000302
5, 590,8,216.552048, 216.548309, 119.123215, 76.434990,10.542443, 227.272385, 1.000017
5, 590,9,32.018055, 32.023922, 119.123215, 76.434990,10.542443, 227.272385, 0.999817
5, 590,10,81.650085, 81.661148, 119.123215, 76.434990,10.542443, 227.272385, 0.999865
5, 590,11,64.530212, 64.525375, 119.123215, 76.434990,10.542443, 227.272385, 1.000075
5, 590,12,179.746414, 179.751007, 119.123215, 76.434990,10.542443, 227.272385, 0.999974
5, 590,13,161.430283, 161.437454, 119.123215, 76.434990,10.542443, 227.272385, 0.999956
5, 590,14,20.218222, 20.218826, 119.123215, 76.434990,10.542443, 227.272385, 0.999970
5, 590,15,124.621727, 124.633331, 119.123215, 76.434990,10.542443, 227.272385, 0.999907
5, 590,16,34.410732, 34.399918, 119.123215, 76.434990,10.542443, 227.272385, 1.000314
5, 590,17,167.097534, 167.101715, 119.123215, 76.434990,10.542443, 227.272385, 0.999975
5, 590,18,39.959641, 39.955261, 119.123215, 76.434990,10.542443, 227.272385, 1.000110
5, 590,19,149.133972, 149.135361, 119.123215, 76.434990,10.542443, 227.272385, 0.999991
5, 590,20,20.425411, 20.423069, 119.123215, 76.434990,10.542443, 227.272385, 1.000115
5, 590,21,213.855011, 213.845535, 119.123215, 76.434990,10.542443, 227.272385, 1.000044
5, 590,22,227.272385, 227.291367, 119.123215, 76.434990,10.542443, 227.272385, 0.999916
5, 590,23,32.233513, 32.241779, 119.123215, 76.434990,10.542443, 227.272385, 0.999744
5, 590,24,106.322853, 106.319771, 119.123215, 76.434990,10.542443, 227.272385, 1.000029
5, 590,25,215.892349, 215.901550, 119.123215, 76.434990,10.542443, 227.272385, 0.999957
5, 590,26,153.403885, 153.403992, 119.123215, 76.434990,10.542443, 227.272385, 0.999999
5, 590,27,107.193779, 107.184387, 119.123215, 76.434990,10.542443, 227.272385, 1.000088
5, 590,28,32.756329, 32.759186, 119.123215, 76.434990,10.542443, 227.272385, 0.999913
5, 590,29,180.143631, 180.152695, 119.123215, 76.434990,10.542443, 227.272385, 0.999950
5, 590,30,214.729904, 214.716949, 119.123215, 76.434990,10.542443, 227.272385, 1.000060
5, 590,31,52.753555, 52.740704, 119.123215, 76.434990,10.542443, 227.272385, 1.000244
5, 591,0,57.419636, 57.425449, 119.123474, 60.455750,10.603300, 227.235168, 0.999899
5, 591,1,13.190162, 13.171630, 119.123474, 60.455750,10.603300, 227.235168, 1.001407
5, 591,2,125.480652, 125.477142, 119.123474, 60.455750,10.603300, 227.235168, 1.000028
5, 591,3,115.436874, 115.430092, 119.123474, 60.455750,10.603300, 227.235168, 1.000059
5, 591,4,112.126709, 112.116554, 119.123474, 60.455750,10.603300, 227.235168, 1.000091
5, 591,5,54.757072, 54.743397, 119.123474, 60.455750,10.603300, 227.235168, 1.000250
5, 591,6,118.087250, 118.083755, 119.123474, 60.455750,10.603300, 227.235168, 1.000030
5, 591,7,140.275925, 140.278076, 119.123474, 60.455750,10.603300, 227.235168, 0.999985
5, 591,8,128.095596, 128.109528, 119.123474, 60.455750,10.603300, 227.235168, 0.999891
5, 591,9,137.053101, 137.070953, 119.123474, 60.455750,10.603300, 227.235168, 0.999870
5, 591,10,134.575424, 134.559204, 119.123474, 60.455750,10.603300, 227.235168, 1.000121
5, 591,11,127.448242, 127.463844, 119.123474, 60.455750,10.603300, 227.235168, 0.999878
5, 591,12,133.512787, 133.509094, 119.123474, 60.455750,10.603300, 227.235168, 1.000028
5, 591,13,222.256226, 222.257965, 119.123474, 60.455750,10.603300, 227.235168, 0.999992
5, 591,14,32.998981, 32.996094, 119.123474, 60.455750,10.603300, 227.235168, 1.000087
5, 591,15,223.059402, 223.052658, 119.123474, 60.455750,10.603300, 227.235168, 1.000030
5, 591,16,180.229523, 180.232086, 119.123474, 60.455750,10.603300, 227.235168, 0.999986
5, 591,17,195.555099, 195.565186, 119.123474, 60.455750,10.603300, 227.235168, 0.999948
5, 591,18,150.969742, 150.970779, 119.123474, 60.455750,10.603300, 227.235168, 0.999993
5, 591,19,15.683579, 15.690487, 119.123474, 60.455750,10.603300, 227.235168, 0.999560
5, 591,20,47.037292, 47.030731, 119.123474, 60.455750,10.603300, 227.235168, 1.000139
5, 591,21,87.780960, 87.779434, 119.123474, 60.455750,10.603300, 227.235168, 1.000017
5, 591,22,86.032463, 86.033974, 119.123474, 60.455750,10.603300, 227.235168, 0.999982
5, 591,23,131.566299, 131.572052, 119.123474, 60.455750,10.603300, 227.235168, 0.999956
5, 591,24,180.020752, 180.012146, 119.123474, 60.455750,10.603300, 227.235168, 1.000048
5, 591,25,72.882973, 72.914642, 119.123474, 60.455750,10.603300, 227.235168, 0.999566
5, 591,26,10.603300, 10.617297, 119.123474, 60.455750,10.603300, 227.235168, 0.998682
5, 591,27,178.849670, 178.848495, 119.123474, 60.455750,10.603300, 227.235168, 1.000007
5, 591,28,99.621857, 99.621605, 119.123474, 60.455750,10.603300, 227.235168, 1.000003
5, 591,29,161.093628, 161.102982, 119.123474, 60.455750,10.603300, 227.235168, 0.999942
5, 591,30,111.014351, 111.016769, 119.123474, 60.455750,10.603300, 227.235168, 0.999978
5, 591,31,227.235168, 227.246017, 119.123474, 60.455750,10.603300, 227.235168, 0.999952
5, 592,0,139.835785, 139.837051, 119.124107, 67.271019,11.612880, 219.862473, 0.999991
5, 592,1,81.421524, 81.417503, 119.124107, 67.271019,11.612880, 219.862473, 1.000049
5, 592,2,123.218277, 123.223511, 119.124107, 67.271019,11.612880, 219.862473, 0.999958
5, 592,3,96.559959, 96.553719, 119.124107, 67.271019,11.612880, 219.862473, 1.000065
5, 592,4,41.920681, 41.924706, 119.124107, 67.271019,11.612880, 219.862473, 0.999904
5, 592,5,18.715786, 18.721462, 119.124107, 67.271019,11.612880, 219.862473, 0.999697
5, 592,6,193.328354, 193.319199, 119.124107, 67.271019,11.612880, 219.862473, 1.000047
5, 592,7,192.509369, 192.515747, 119.124107, 67.271019,11.612880, 219.862473, 0.999967
5, 592,8,39.959957, 39.948441, 119.124107, 67.271019,11.612880, 219.862473, 1.000288
5, 592,9,11.612880, 11.619885, 119.124107, 67.271019,11.612880, 219.862473, 0.999397
5, 592,10,55.083889, 55.084652, 119.124107, 67.271019,11.612880, 219.862473, 0.999986
5, 592,11,195.506653, 195.522232, 119.124107, 67.271019,11.612880, 219.862473, 0.999920
5, 592,12,115.259567, 115.266640, 119.124107, 67.271019,11.612880, 219.862473, 0.999939
5, 592,13,12.444206, 12.455747, 119.124107, 67.271019,11.612880, 219.862473, 0.999074
5, 592,14,56.018246, 56.011227, 119.124107, 67.271019,11.612880, 219.862473, 1.000125
5, 592,15,41.882336, 41.879349, 119.124107, 67.271019,11.612880, 219.862473, 1.000071
5, 592,16,176.625870, 176.640854, 119.124107, 67.271019,11.612880, 219.862473, 0.999915
5, 592,17,186.415878, 186.418472, 119.124107, 67.271019,11.612880, 219.862473, 0.999986
5, 592,18,132.327194, 132.333740, 119.124107, 67.271019,11.612880, 219.862473, 0.999951
5, 592,19,219.862473, 219.859406, 119.124107, 67.271019,11.612880, 219.862473, 1.000014
5, 592,20,97.585022, 97.571007, 119.124107, 67.271019,11.612880, 219.862473, 1.000144
5, 592,21,189.045898, 189.042694, 119.124107, 67.271019,11.612880, 219.862473, 1.000017
5, 592,22,198.294846, 198.301956, 119.124107, 67.271019,11.612880, 219.862473, 0.999964
5, 592,23,203.942368, 203.945648, 119.124107, 67.271019,11.612880, 219.862473, 0.999984
5, 592,24,87.486099, 87.482361, 119.124107, 67.271019,11.612880, 219.862473, 1.000043
5, 592,25,202.461411, 202.468323, 119.124107, 67.271019,11.612880, 219.862473, 0.999966
5, 592,26,142.603683, 142.603836, 119.124107, 67.271019,11.612880, 219.862473, 0.999999
5, 592,27,190.438171, 190.435806, 119.124107, 67.271019,11.612880, 219.862473, 1.000012
5, 592,28,76.337013, 76.344032, 119.124107, 67.271019,11.612880, 219.862473, 0.999908
5, 592,29,47.908188, 47.905319, 119.124107, 67.271019,11.612880, 219.862473, 1.000060
5, 592,30,75.836853, 75.832153, 119.124107, 67.271019,11.612880, 219.862473, 1.000062
5, 592,31,169.523010, 169.513367, 119.124107, 67.271019,11.612880, 219.862473, 1.000057
5, 593,0,94.177689, 94.173065, 119.124367, 78.020027,16.429131, 248.100464, 1.000049
5, 593,1,18.059071, 18.066399, 119.124367, 78.020027,16.429131, 248.100464, 0.999594
5, 593,2,104.318718, 104.321114, 119.124367, 78.020027,16.429131, 248.100464, 0.999977
5, 593,3,32.319569, 32.318275, 119.124367, 78.020027,16.429131, 248.100464, 1.000040
5, 593,4,40.995529, 40.994305, 119.124367, 78.020027,16.429131, 248.100464, 1.000030
5, 593,5,187.180573, 187.178268, 119.124367, 78.020027,16.429131, 248.100464, 1.000012
5, 593,6,215.817688, 215.823288, 119.124367, 78.020027,16.429131, 248.100464, 0.999974
5, 593,7,39.950069, 39.960911, 119.124367, 78.020027,16.429131, 248.100464, 0.999729
5, 593,8,191.061874, 191.059082, 119.124367, 78.020027,16.429131, 248.100464, 1.000015
5, 593,9,248.100464, 248.096298, 119.124367, 78.020027,16.429131, 248.100464, 1.000017
5, 593,10,38.020905, 38.020515, 119.124367, 78.020027,16.429131, 248.100464, 1.000010
5, 593,11,85.134789, 85.125313, 119.124367, 78.020027,16.429131, 248.100464, 1.000111
5, 593,12,17.278654, 17.278345, 119.124367, 78.020027,16.429131, 248.100464, 1.000018
5, 593,13,34.102947, 34.109985, 119.124367, 78.020027,16.429131, 248.100464, 0.999794
5, 593,14,77.327919, 77.326553, 119.124367, 78.020027,16.429131, 248.100464, 1.000018
5, 593,15,213.088013, 213.094833, 119.124367, 78.020027,16.429131, 248.100464, 0.999968
5, 593,16,171.334717, 171.320557, 119.124367, 78.020027,16.429131, 248.100464, 1.000083
5, 593,17,221.514053, 221.510651, 119.124367, 78.020027,16.429131, 248.100464, 1.000015
5, 593,18,33.595871, 33.597008, 119.124367, 78.020027,16.429131, 248.100464, 0.999966
5, 593,19,157.768784, 157.767517, 119.124367, 78.020027,16.429131, 248.100464, 1.000008
5, 593,20,200.745453, 200.753616, 119.124367, 78.020027,16.429131, 248.100464, 0.999959
5, 593,21,195.029770, 195.029068, 119.124367, 78.020027,16.429131, 248.100464, 1.000004
5, 593,22,240.164490, 240.163742, 119.124367, 78.020027,16.429131, 248.100464, 1.000003
5, 593,23,167.757034, 167.759445, 119.124367, 78.020027,16.429131, 248.100464, 0.999986
5, 593,24,120.645279, 120.647202, 119.124367, 78.020027,16.429131, 248.100464, 0.999984
5, 593,25,184.577652, 184.591080, 119.124367, 78.020027,16.429131, 248.100464, 0.999927
5, 593,26,34.495762, 34.489143, 119.124367, 78.020027,16.429131, 248.100464, 1.000192
5, 593,27,78.278877, 78.285599, 119.124367, 78.020027,16.429131, 248.100464, 0.999914
5, 593,28,183.321365, 183.319778, 119.124367, 78.020027,16.429131, 248.100464, 1.000009
5, 593,29,37.666798, 37.663658, 119.124367, 78.020027,16.429131, 248.100464, 1.000083
5, 593,30,131.720520, 131.731995, 119.124367, 78.020027,16.429131, 248.100464, 0.999913
5, 593,31,16.429131, 16.423382, 119.124367, 78.020027,16.429131, 248.100464, 1.000350
5, 594,0,119.431335, 119.437103, 119.125160, 57.531773,10.262080, 225.473923, 0.999952
5, 594,1,23.066360, 23.082352, 119.125160, 57.531773,10.262080, 225.473923, 0.999307
5, 594,2,105.422188, 105.426933, 119.125160, 57.531773,10.262080, 225.473923, 0.999955
5, 594,3,142.904617, 142.917740, 119.125160, 57.531773,10.262080, 225.473923, 0.999908
5, 594,4,75.105911, 75.100266, 119.125160, 57.531773,10.262080, 225.473923, 1.000075
5, 594,5,164.462616, 164.469818, 119.125160, 57.531773,10.262080, 225.473923, 0.999956
5, 594,6,70.517281, 70.520782, 119.125160, 57.531773,10.262080, 225.473923, 0.999950
5, 594,7,225.473923, 225.487656, 119.125160, 57.531773,10.262080, 225.473923, 0.999939
5, 594,8,148.761353, 148.769669, 119.125160, 57.531773,10.262080, 225.473923, 0.999944
5, 594,9,169.033325, 169.036057, 119.125160, 57.531773,10.262080, 225.473923, 0.999984
5, 594,10,154.181961, 154.170959, 119.125160, 57.531773,10.262080, 225.473923, 1.000071
5, 594,11,183.397369, 183.404114, 119.125160, 57.531773,10.262080, 225.473923, 0.999963
5, 594,12,100.114799, 100.105186, 119.125160, 57.531773,10.262080, 225.473923, 1.000096
5, 594,13,136.092422, 136.091583, 119.125160, 57.531773,10.262080, 225.473923, 1.000006
5, 594,14,77.616051, 77.618660, 119.125160, 57.531773,10.262080, 225.473923, 0.999966
5, 594,15,35.329456, 35.323029, 119.125160, 57.531773,10.262080, 225.473923, 1.000182
5, 594,16,45.871120, 45.873741, 119.125160, 57.531773,10.262080, 225.473923, 0.999943
5, 594,17,174.413651, 174.397568, 119.125160, 57.531773,10.262080, 225.473923, 1.000092
5, 594,18,200.567062, 200.575516, 119.125160, 57.531773,10.262080, 225.473923, 0.999958
5, 594,19,10.262080, 10.271721, 119.125160, 57.531773,10.262080, 225.473923, 0.999061
5, 594,20,43.447754, 43.454765, 119.125160, 57.531773,10.262080, 225.473923, 0.999839
5, 594,21,158.570770, 158.571487, 119.125160, 57.531773,10.262080, 225.473923, 0.999995
5, 594,22,215.965378, 215.950928, 119.125160, 57.531773,10.262080, 225.473923, 1.000067
5, 594,23,147.417175, 147.417709, 119.125160, 57.531773,10.262080, 225.473923, 0.999996
5, 594,24,124.379135, 124.367851, 119.125160, 57.531773,10.262080, 225.473923, 1.000091
5, 594,25,90.011559, 90.005135, 119.125160, 57.531773,10.262080, 225.473923, 1.000071
5, 594,26,157.440063, 157.431610, 119.125160, 57.531773,10.262080, 225.473923, 1.000054
5, 594,27,123.531830, 123.526176, 119.125160, 57.531773,10.262080, 225.473923, 1.000046
5, 594,28,78.845619, 78.844711, 119.125160, 57.531773,10.262080, 225.473923, 1.000012
5, 594,29,118.834206, 118.820770, 119.125160, 57.531773,10.262080, 225.473923, 1.000113
5, 594,30,34.970440, 34.971783, 119.125160, 57.531773,10.262080, 225.473923, 0.999962
5, 594,31,156.566071, 156.556793, 119.125160, 57.531773,10.262080, 225.473923, 1.000059
5, 595,0,156.528671, 156.519073, 119.126801, 57.516026,36.516438, 241.966843, 1.000061
5, 595,1,48.500282, 48.495117, 119.126801, 57.516026,36.516438, 241.966843, 1.000106
5, 595,2,190.386612, 190.382965, 119.126801, 57.516026,36.516438, 241.966843, 1.000019
5, 595,3,36.516438, 36.508430, 119.126801, 57.516026,36.516438, 241.966843, 1.000219
5, 595,4,134.982956, 135.005096, 119.126801, 57.516026,36.516438, 241.966843, 0.999836
5, 595,5,192.149719, 192.146164, 119.126801, 57.516026,36.516438, 241.966843, 1.000018
5, 595,6,57.200382, 57.220276, 119.126801, 57.516026,36.516438, 241.966843, 0.999652
5, 595,7,168.859589, 168.838715, 119.126801, 57.516026,36.516438, 241.966843, 1.000124
5, 595,8,148.619186, 148.626312, 119.126801, 57.516026,36.516438, 241.966843, 0.999952
5, 595,9,91.936852, 91.931717, 119.126801, 57.516026,36.516438, 241.966843, 1.000056
5, 595,10,241.966843, 241.946899, 119.126801, 57.516026,36.516438, 241.966843, 1.000082
5, 595,11,100.482841, 100.482834, 119.126801, 57.516026,36.516438, 241.966843, 1.000000
5, 595,12,217.975739, 217.973526, 119.126801, 57.516026,36.516438, 241.966843, 1.000010
5, 595,13,45.554127, 45.551418, 119.126801, 57.516026,36.516438, 241.966843, 1.000059
5, 595,14,136.811874, 136.813690, 119.126801, 57.516026,36.516438, 241.966843, 0.999987
5, 595,15,178.578430, 178.570328, 119.126801, 57.516026,36.516438, 241.966843, 1.000045
5, 595,16,134.270218, 134.271057, 119.126801, 57.516026,36.516438, 241.966843, 0.999994
5, 595,17,41.110752, 41.109383, 119.126801, 57.516026,36.516438, 241.966843, 1.000033
5, 595,18,80.362961, 80.368813, 119.126801, 57.516026,36.516438, 241.966843, 0.999927
5, 595,19,90.850365, 90.849586, 119.126801, 57.516026,36.516438, 241.966843, 1.000009
5, 595,20,88.088890, 88.079933, 119.126801, 57.516026,36.516438, 241.966843, 1.000102
5, 595,21,133.790680, 133.786743, 119.126801, 57.516026,36.516438, 241.966843, 1.000029
5, 595,22,134.299347, 134.301331, 119.126801, 57.516026,36.516438, 241.966843, 0.999985
5, 595,23,86.313362, 86.316742, 119.126801, 57.516026,36.516438, 241.966843, 0.999961
5, 595,24,137.978119, 137.971481, 119.126801, 57.516026,36.516438, 241.966843, 1.000048
5, 595,25,86.894310, 86.907005, 119.126801, 57.516026,36.516438, 241.966843, 0.999854
5, 595,26,75.511177, 75.510567, 119.126801, 57.516026,36.516438, 241.966843, 1.000008
5, 595,27,38.179985, 38.173248, 119.126801, 57.516026,36.516438, 241.966843, 1.000176
5, 595,28,200.969696, 200.946991, 119.126801, 57.516026,36.516438, 241.966843, 1.000113
5, 595,29,175.772064, 175.777969, 119.126801, 57.516026,36.516438, 241.966843, 0.999966
5, 595,30,115.083038, 115.080246, 119.126801, 57.516026,36.516438, 241.966843, 1.000024
5, 595,31,45.532318, 45.536285, 119.126801, 57.516026,36.516438, 241.966843, 0.999913
5, 596,0,106.290100, 106.290268, 119.124512, 43.045151,21.118874, 189.068985, 0.999998
5, 596,1,165.956192, 165.959198, 119.124512, 43.045151,21.118874, 189.068985, 0.999982
5, 596,2,186.048462, 186.055435, 119.124512, 43.045151,21.118874, 189.068985, 0.999963
5, 596,3,148.885574, 148.888184, 119.124512, 43.045151,21.118874, 189.068985, 0.999982
5, 596,4,99.954277, 99.955452, 119.124512, 43.045151,21.118874, 189.068985, 0.999988
5, 596,5,162.761307, 162.751968, 119.124512, 43.045151,21.118874, 189.068985, 1.000057
5, 596,6,151.997009, 151.998703, 119.124512, 43.045151,21.118874, 189.068985, 0.999989
5, 596,7,153.902542, 153.892334, 119.124512, 43.045151,21.118874, 189.068985, 1.000066
5, 596,8,129.332748, 129.332153, 119.124512, 43.045151,21.118874, 189.068985, 1.000005
5, 596,9,123.790398, 123.799149, 119.124512, 43.045151,21.118874, 189.068985, 0.999929
5, 596,10,133.374405, 133.386658, 119.124512, 43.045151,21.118874, 189.068985, 0.999908
5, 596,11,21.118874, 21.100136, 119.124512, 43.045151,21.118874, 189.068985, 1.000888
5, 596,12,83.636513, 83.646446, 119.124512, 43.045151,21.118874, 189.068985, 0.999881
5, 596,13,150.717819, 150.719254, 119.124512, 43.045151,21.118874, 189.068985, 0.999990
5, 596,14,51.442837, 51.449230, 119.124512, 43.045151,21.118874, 189.068985, 0.999876
5, 596,15,147.040207, 147.040054, 119.124512, 43.045151,21.118874, 189.068985, 1.000001
5, 596,16,62.852528, 62.850746, 119.124512, 43.045151,21.118874, 189.068985, 1.000028
5, 596,17,81.362000, 81.360451, 119.124512, 43.045151,21.118874, 189.068985, 1.000019
5, 596,18,72.841629, 72.842010, 119.124512, 43.045151,21.118874, 189.068985, 0.999995
5, 596,19,152.683823, 152.692474, 119.124512, 43.045151,21.118874, 189.068985, 0.999943
5, 596,20,189.068985, 189.069305, 119.124512, 43.045151,21.118874, 189.068985, 0.999998
5, 596,21,78.583221, 78.579735, 119.124512, 43.045151,21.118874, 189.068985, 1.000044
5, 596,22,77.751915, 77.749496, 119.124512, 43.045151,21.118874, 189.068985, 1.000031
5, 596,23,129.730515, 129.718826, 119.124512, 43.045151,21.118874, 189.068985, 1.000090
5, 596,24,152.101639, 152.101059, 119.124512, 43.045151,21.118874, 189.068985, 1.000004
5, 596,25,153.779083, 153.778595, 119.124512, 43.045151,21.118874, 189.068985, 1.000003
5, 596,26,87.729156, 87.735069, 119.124512, 43.045151,21.118874, 189.068985, 0.999933
5, 596,27,125.608864, 125.613152, 119.124512, 43.045151,21.118874, 189.068985, 0.999966
5, 596,28,125.084763, 125.089973, 119.124512, 43.045151,21.118874, 189.068985, 0.999958
5, 596,29,51.845886, 51.841599, 119.124512, 43.045151,21.118874, 189.068985, 1.000083
5, 596,30,168.397934, 168.404388, 119.124512, 43.045151,21.118874, 189.068985, 0.999962
5, 596,31,86.313286, 86.307739, 119.124512, 43.045151,21.118874, 189.068985, 1.000064
5, 597,0,136.968201, 136.980530, 119.125740, 62.424683,12.664409, 218.544022, 0.999910
5, 597,1,96.054100, 96.061493, 119.125740, 62.424683,12.664409, 218.544022, 0.999923
5, 597,2,103.675453, 103.685638, 119.125740, 62.424683,12.664409, 218.544022, 0.999902
5, 597,3,164.504288, 164.490952, 119.125740, 62.424683,12.664409, 218.544022, 1.000081
5, 597,4,197.723923, 197.714600, 119.125740, 62.424683,12.664409, 218.544022, 1.000047
5, 597,5,67.501381, 67.495239, 119.125740, 62.424683,12.664409, 218.544022, 1.000091
5, 597,6,80.395103, 80.392166, 119.125740, 62.424683,12.664409, 218.544022, 1.000036
5, 597,7,142.183456, 142.195023, 119.125740, 62.424683,12.664409, 218.544022, 0.999919
5, 597,8,100.468773, 100.466263, 119.125740, 62.424683,12.664409, 218.544022, 1.000025
5, 597,9,51.094189, 51.093945, 119.125740, 62.424683,12.664409, 218.544022, 1.000005
5, 597,10,59.473721, 59.482441, 119.125740, 62.424683,12.664409, 218.544022, 0.999853
5, 597,11,214.986176, 214.996841, 119.125740, 62.424683,12.664409, 218.544022, 0.999950
5, 597,12,27.978811, 27.988316, 119.125740, 62.424683,12.664409, 218.544022, 0.999660
5, 597,13,151.213394, 151.224808, 119.125740, 62.424683,12.664409, 218.544022, 0.999925
5, 597,14,210.938980, 210.935394, 119.125740, 62.424683,12.664409, 218.544022, 1.000017
5, 597,15,15.742621, 15.726205, 119.125740, 62.424683,12.664409, 218.544022, 1.001044
5, 597,16,122.996567, 122.995392, 119.125740, 62.424683,12.664409, 218.544022, 1.000010
5, 597,17,162.864883, 162.871536, 119.125740, 62.424683,12.664409, 218.544022, 0.999959
5, 597,18,161.965530, 161.964691, 119.125740, 62.424683,12.664409, 218.544022, 1.000005
5, 597,19,123.873337, 123.869865, 119.125740, 62.424683,12.664409, 218.544022, 1.000028
5, 597,20,157.364914, 157.365570, 119.125740, 62.424683,12.664409, 218.544022, 0.999996
5, 597,21,166.044205, 166.058517, 119.125740, 62.424683,12.664409, 218.544022, 0.999914
5, 597,22,105.848831, 105.842682, 119.125740, 62.424683,12.664409, 218.544022, 1.000058
5, 597,23,39.315968, 39.324127, 119.125740, 62.424683,12.664409, 218.544022, 0.999793
5, 597,24,12.664409, 12.668775, 119.125740, 62.424683,12.664409, 218.544022, 0.999655
5, 597,25,172.145447, 172.128036, 119.125740, 62.424683,12.664409, 218.544022, 1.000101
5, 597,26,85.346764, 85.334572, 119.125740, 62.424683,12.664409, 218.544022, 1.000143
5, 597,27,146.315231, 146.308289, 119.125740, 62.424683,12.664409, 218.544022, 1.000047
5, 597,28,76.487198, 76.473213, 119.125740, 62.424683,12.664409, 218.544022, 1.000183
5, 597,29,22.521030, 22.521215, 119.125740, 62.424683,12.664409, 218.544022, 0.999992
5, 597,30,216.822800, 216.804108, 119.125740, 62.424683,12.664409, 218.544022, 1.000086
5, 597,31,218.544022, 218.540100, 119.125740, 62.424683,12.664409, 218.544022, 1.000018
5, 598,0,120.653725, 120.649155, 119.127205, 58.251583,14.522183, 200.164001, 1.000038
5, 598,1,196.728683, 196.730270, 119.127205, 58.251583,14.522183, 200.164001, 0.999992
5, 598,2,54.257179, 54.253609, 119.127205, 58.251583,14.522183, 200.164001, 1.000066
5, 598,3,66.696999, 66.709961, 119.127205, 58.251583,14.522183, 200.164001, 0.999806
5, 598,4,62.313198, 62.305767, 119.127205, 58.251583,14.522183, 200.164001, 1.000119
5, 598,5,143.454376, 143.438400, 119.127205, 58.251583,14.522183, 200.164001, 1.000111
5, 598,6,88.006943, 88.017021, 119.127205, 58.251583,14.522183, 200.164001, 0.999885
5, 598,7,200.164001, 200.148346, 119.127205, 58.251583,14.522183, 200.164001, 1.000078
5, 598,8,181.669876, 181.666489, 119.127205, 58.251583,14.522183, 200.164001, 1.000019
5, 598,9,105.299858, 105.294991, 119.127205, 58.251583,14.522183, 200.164001, 1.000046
5, 598,10,147.464203, 147.473557, 119.127205, 58.251583,14.522183, 200.164001, 0.999937
5, 598,11,49.264450, 49.262600, 119.127205, 58.251583,14.522183, 200.164001, 1.000038
5, 598,12,171.299850, 171.309402, 119.127205, 58.251583,14.522183, 200.164001, 0.999944
5, 598,13,90.168251, 90.158623, 119.127205, 58.251583,14.522183, 200.164001, 1.000107
5, 598,14,77.894402, 77.895866, 119.127205, 58.251583,14.522183, 200.164001, 0.999981
5, 598,15,174.338547, 174.334244, 119.127205, 58.251583,14.522183, 200.164001, 1.000025
5, 598,16,143.494003, 143.480743, 119.127205, 58.251583,14.522183, 200.164001, 1.000092
5, 598,17,31.637644, 31.639803, 119.127205, 58.251583,14.522183, 200.164001, 0.999932
5, 598,18,159.485229, 159.488266, 119.127205, 58.251583,14.522183, 200.164001, 0.999981
5, 598,19,185.541199, 185.532257, 119.127205, 58.251583,14.522183, 200.164001, 1.000048
5, 598,20,14.522183, 14.513082, 119.127205, 58.251583,14.522183, 200.164001, 1.000627
5, 598,21,74.740181, 74.743965, 119.127205, 58.251583,14.522183, 200.164001, 0.999949
5, 598,22,176.047394, 176.052368, 119.127205, 58.251583,14.522183, 200.164001, 0.999972
5, 598,23,174.013626, 174.001511, 119.127205, 58.251583,14.522183, 200.164001, 1.000070
5, 598,24,92.961273, 92.971733, 119.127205, 58.251583,14.522183, 200.164001, 0.999887
5, 598,25,25.670572, 25.662693, 119.127205, 58.251583,14.522183, 200.164001, 1.000307
5, 598,26,198.477570, 198.472580, 119.127205, 58.251583,14.522183, 200.164001, 1.000025
5, 598,27,170.368042, 170.353531, 119.127205, 58.251583,14.522183, 200.164001, 1.000085
5, 598,28,52.867233, 52.874275, 119.127205, 58.251583,14.522183, 200.164001, 0.999867
5, 598,29,78.001152, 77.998703, 119.127205, 58.251583,14.522183, 200.164001, 1.000031
5, 598,30,115.647285, 115.646042, 119.127205, 58.251583,14.522183, 200.164001, 1.000011
5, 598,31,188.921524, 188.920090, 119.127205, 58.251583,14.522183, 200.164001, 1.000008
5, 599,0,120.413857, 120.410690, 119.125549, 55.259495,26.706823, 210.073273, 1.000026
5, 599,1,74.907578, 74.904495, 119.125549, 55.259495,26.706823, 210.073273, 1.000041
5, 599,2,210.073273, 210.070923, 119.125549, 55.259495,26.706823, 210.073273, 1.000011
5, 599,3,153.420410, 153.414063, 119.125549, 55.259495,26.706823, 210.073273, 1.000041
5, 599,4,27.309561, 27.302738, 119.125549, 55.259495,26.706823, 210.073273, 1.000250
5, 599,5,197.498016, 197.503998, 119.125549, 55.259495,26.706823, 210.073273, 0.999970
5, 599,6,135.680161, 135.681961, 119.125549, 55.259495,26.706823, 210.073273, 0.999987
5, 599,7,26.706823, 26.693937, 119.125549, 55.259495,26.706823, 210.073273, 1.000483
5, 599,8,76.234581, 76.224625, 119.125549, 55.259495,26.706823, 210.073273, 1.000131
5, 599,9,147.517715, 147.511902, 119.125549, 55.259495,26.706823, 210.073273, 1.000039
5, 599,10,166.361847, 166.365479, 119.125549, 55.259495,26.706823, 210.073273, 0.999978
5, 599,11,199.431808, 199.432938, 119.125549, 55.259495,26.706823, 210.073273, 0.999994
5, 599,12,92.927231, 92.924973, 119.125549, 55.259495,26.706823, 210.073273, 1.000024
5, 599,13,174.634735, 174.632339, 119.125549, 55.259495,26.706823, 210.073273, 1.000014
5, 599,14,57.177975, 57.172390, 119.125549, 55.259495,26.706823, 210.073273, 1.000098
5, 599,15,208.951843, 208.955841, 119.125549, 55.259495,26.706823, 210.073273, 0.999981
5, 599,16,123.171402, 123.159897, 119.125549, 55.259495,26.706823, 210.073273, 1.000093
5, 599,17,73.612129, 73.609985, 119.125549, 55.259495,26.706823, 210.073273, 1.000029
5, 599,18,102.846191, 102.845207, 119.125549, 55.259495,26.706823, 210.073273, 1.000010
5, 599,19,29.175362, 29.173996, 119.125549, 55.259495,26.706823, 210.073273, 1.000047
5, 599,20,85.742897, 85.753952, 119.125549, 55.259495,26.706823, 210.073273, 0.999871
5, 599,21,41.348602, 41.343590, 119.125549, 55.259495,26.706823, 210.073273, 1.000121
5, 599,22,167.616333, 167.634338, 119.125549, 55.259495,26.706823, 210.073273, 0.999893
5, 599,23,67.452850, 67.445084, 119.125549, 55.259495,26.706823, 210.073273, 1.000115
5, 599,24,123.262733, 123.262436, 119.125549, 55.259495,26.706823, 210.073273, 1.000002
5, 599,25,71.035927, 71.033813, 119.125549, 55.259495,26.706823, 210.073273, 1.000030
5, 599,26,164.143936, 164.154572, 119.125549, 55.259495,26.706823, 210.073273, 0.999935
5, 599,27,174.200897, 174.215790, 119.125549, 55.259495,26.706823, 210.073273, 0.999915
5, 599,28,134.481262, 134.477173, 119.125549, 55.259495,26.706823, 210.073273, 1.000030
5, 599,29,121.095917, 121.089981, 119.125549, 55.259495,26.706823, 210.073273, 1.000049
5, 599,30,97.950050, 97.955582, 119.125549, 55.259495,26.706823, 210.073273, 0.999944
5, 599,31,165.633850, 165.641327, 119.125549, 55.259495,26.706823, 210.073273, 0.999955
5, 600,0,17.527607, 17.526270, 119.127029, 53.760353,15.968212, 206.084229, 1.000076
5, 600,1,41.133953, 41.133396, 119.127029, 53.760353,15.968212, 206.084229, 1.000014
5, 600,2,206.084229, 206.086777, 119.127029, 53.760353,15.968212, 206.084229, 0.999988
5, 600,3,53.973759, 53.971588, 119.127029, 53.760353,15.968212, 206.084229, 1.000040
5, 600,4,156.236084, 156.241806, 119.127029, 53.760353,15.968212, 206.084229, 0.999963
5, 600,5,26.119141, 26.118708, 119.127029, 53.760353,15.968212, 206.084229, 1.000017
5, 600,6,165.745819, 165.736389, 119.127029, 53.760353,15.968212, 206.084229, 1.000057
5, 600,7,178.079834, 178.069870, 119.127029, 53.760353,15.968212, 206.084229, 1.000056
5, 600,8,120.885612, 120.881577, 119.127029, 53.760353,15.968212, 206.084229, 1.000033
5, 600,9,150.606506, 150.601837, 119.127029, 53.760353,15.968212, 206.084229, 1.000031
5, 600,10,163.837540, 163.843781, 119.127029, 53.760353,15.968212, 206.084229, 0.999962
5, 600,11,62.720993, 62.702816, 119.127029, 53.760353,15.968212, 206.084229, 1.000290
5, 600,12,123.133751, 123.133781, 119.127029, 53.760353,15.968212, 206.084229, 1.000000
5, 600,13,195.509186, 195.488174, 119.127029, 53.760353,15.968212, 206.084229, 1.000108
5, 600,14,126.598297, 126.603569, 119.127029, 53.760353,15.968212, 206.084229, 0.999958
5, 600,15,158.711807, 158.733734, 119.127029, 53.760353,15.968212, 206.084229, 0.999862
5, 600,16,85.974899, 85.975586, 119.127029, 53.760353,15.968212, 206.084229, 0.999992
5, 600,17,182.818802, 182.807693, 119.127029, 53.760353,15.968212, 206.084229, 1.000061
5, 600,18,98.235504, 98.239677, 119.127029, 53.760353,15.968212, 206.084229, 0.999958
5, 600,19,105.884895, 105.885818, 119.127029, 53.760353,15.968212, 206.084229, 0.999991
5, 600,20,15.968212, 15.949098, 119.127029, 53.760353,15.968212, 206.084229, 1.001198
5, 600,21,111.615120, 111.601486, 119.127029, 53.760353,15.968212, 206.084229, 1.000122
5, 600,22,128.998688, 128.988251, 119.127029, 53.760353,15.968212, 206.084229, 1.000081
5, 600,23,128.253326, 128.243820, 119.127029, 53.760353,15.968212, 206.084229, 1.000074
5, 600,24,80.311279, 80.310371, 119.127029, 53.760353,15.968212, 206.084229, 1.000011
5, 600,25,165.770615, 165.761612, 119.127029, 53.760353,15.968212, 206.084229, 1.000054
5, 600,26,194.163254, 194.163345, 119.127029, 53.760353,15.968212, 206.084229, 1.000000
5, 600,27,62.525307, 62.532482, 119.127029, 53.760353,15.968212, 206.084229, 0.999885
5, 600,28,137.098785, 137.101227, 119.127029, 53.760353,15.968212, 206.084229, 0.999982
5, 600,29,82.490166, 82.486877, 119.127029, 53.760353,15.968212, 206.084229, 1.000040
5, 600,30,150.782654, 150.797409, 119.127029, 53.760353,15.968212, 206.084229, 0.999902
5, 600,31,134.268600, 134.281250, 119.127029, 53.760353,15.968212, 206.084229, 0.999906
5, 601,0,17.490393, 17.487198, 119.124916, 72.373756,12.633507, 233.904373, 1.000183
5, 601,1,220.332458, 220.325455, 119.124916, 72.373756,12.633507, 233.904373, 1.000032
5, 601,2,53.752087, 53.749714, 119.124916, 72.373756,12.633507, 233.904373, 1.000044
5, 601,3,57.367092, 57.363720, 119.124916, 72.373756,12.633507, 233.904373, 1.000059
5, 601,4,107.347916, 107.347969, 119.124916, 72.373756,12.633507, 233.904373, 1.000000
5, 601,5,165.056412, 165.056992, 119.124916, 72.373756,12.633507, 233.904373, 0.999996
5, 601,6,203.737976, 203.724030, 119.124916, 72.373756,12.633507, 233.904373, 1.000068
5, 601,7,132.754608, 132.754028, 119.124916, 72.373756,12.633507, 233.904373, 1.000004
5, 601,8,174.478149, 174.480774, 119.124916, 72.373756,12.633507, 233.904373, 0.999985
5, 601,9,81.242210, 81.243561, 119.124916, 72.373756,12.633507, 233.904373, 0.999983
5, 601,10,176.580429, 176.582947, 119.124916, 72.373756,12.633507, 233.904373, 0.999986
5, 601,11,119.637604, 119.651451, 119.124916, 72.373756,12.633507, 233.904373, 0.999884
5, 601,12,221.405426, 221.398148, 119.124916, 72.373756,12.633507, 233.904373, 1.000033
5, 601,13,37.939419, 37.947403, 119.124916, 72.373756,12.633507, 233.904373, 0.999790
5, 601,14,125.109993, 125.108459, 119.124916, 72.373756,12.633507, 233.904373, 1.000012
5, 601,15,13.190065, 13.182059, 119.124916, 72.373756,12.633507, 233.904373, 1.000607
5, 601,16,199.668640, 199.670883, 119.124916, 72.373756,12.633507, 233.904373, 0.999989
5, 601,17,15.639188, 15.644196, 119.124916, 72.373756,12.633507, 233.904373, 0.999680
5, 601,18,12.633507, 12.642117, 119.124916, 72.373756,12.633507, 233.904373, 0.999319
5, 601,19,91.161186, 91.171295, 119.124916, 72.373756,12.633507, 233.904373, 0.999889
5, 601,20,69.828812, 69.839981, 119.124916, 72.373756,12.633507, 233.904373, 0.999840
5, 601,21,227.713821, 227.719070, 119.124916, 72.373756,12.633507, 233.904373, 0.999977
5, 601,22,211.400558, 211.391220, 119.124916, 72.373756,12.633507, 233.904373, 1.000044
5, 601,23,92.270302, 92.272781, 119.124916, 72.373756,12.633507, 233.904373, 0.999973
5, 601,24,55.336296, 55.333542, 119.124916, 72.373756,12.633507, 233.904373, 1.000050
5, 601,25,152.360229, 152.364746, 119.124916, 72.373756,12.633507, 233.904373, 0.999970
5, 601,26,72.065826, 72.057343, 119.124916, 72.373756,12.633507, 233.904373, 1.000118
5, 601,27,233.904373, 233.903198, 119.124916, 72.373756,12.633507, 233.904373, 1.000005
5, 601,28,95.127144, 95.123680, 119.124916, 72.373756,12.633507, 233.904373, 1.000036
5, 601,29,204.098618, 204.098404, 119.124916, 72.373756,12.633507, 233.904373, 1.000001
5, 601,30,133.849899, 133.848328, 119.124916, 72.373756,12.633507, 233.904373, 1.000012
5, 601,31,37.516937, 37.515450, 119.124916, 72.373756,12.633507, 233.904373, 1.000040
5, 602,0,213.388031, 213.397247, 119.124290, 73.763992,10.896384, 240.192261, 0.999957
5, 602,1,184.683289, 184.680893, 119.124290, 73.763992,10.896384, 240.192261, 1.000013
5, 602,2,79.685043, 79.693291, 119.124290, 73.763992,10.896384, 240.192261, 0.999897
5, 602,3,10.896384, 10.902575, 119.124290, 73.763992,10.896384, 240.192261, 0.999432
5, 602,4,99.432381, 99.434425, 119.124290, 73.763992,10.896384, 240.192261, 0.999979
5, 602,5,90.686737, 90.683044, 119.124290, 73.763992,10.896384, 240.192261, 1.000041
5, 602,6,228.015808, 228.018982, 119.124290, 73.763992,10.896384, 240.192261, 0.999986
5, 602,7,32.087769, 32.102272, 119.124290, 73.763992,10.896384, 240.192261, 0.999548
5, 602,8,98.105370, 98.105835, 119.124290, 73.763992,10.896384, 240.192261, 0.999995
5, 602,9,21.103317, 21.112513, 119.124290, 73.763992,10.896384, 240.192261, 0.999564
5, 602,10,81.146500, 81.130188, 119.124290, 73.763992,10.896384, 240.192261, 1.000201
5, 602,11,192.447845, 192.479141, 119.124290, 73.763992,10.896384, 240.192261, 0.999837
5, 602,12,240.192261, 240.192917, 119.124290, 73.763992,10.896384, 240.192261, 0.999997
5, 602,13,34.389927, 34.398426, 119.124290, 73.763992,10.896384, 240.192261, 0.999753
5, 602,14,76.184135, 76.191292, 119.124290, 73.763992,10.896384, 240.192261, 0.999906
5, 602,15,64.204926, 64.219528, 119.124290, 73.763992,10.896384, 240.192261, 0.999773
5, 602,16,222.812195, 222.798462, 119.124290, 73.763992,10.896384, 240.192261, 1.000062
5, 602,17,238.034515, 238.026718, 119.124290, 73.763992,10.896384, 240.192261, 1.000033
5, 602,18,46.533527, 46.536263, 119.124290, 73.763992,10.896384, 240.192261, 0.999941
5, 602,19,34.706734, 34.701694, 119.124290, 73.763992,10.896384, 240.192261, 1.000145
5, 602,20,49.869900, 49.864967, 119.124290, 73.763992,10.896384, 240.192261, 1.000099
5, 602,21,79.627411, 79.635521, 119.124290, 73.763992,10.896384, 240.192261, 0.999898
5, 602,22,76.846046, 76.841148, 119.124290, 73.763992,10.896384, 240.192261, 1.000064
5, 602,23,190.134659, 190.132446, 119.124290, 73.763992,10.896384, 240.192261, 1.000012
5, 602,24,216.580154, 216.574310, 119.124290, 73.763992,10.896384, 240.192261, 1.000027
5, 602,25,189.323471, 189.323746, 119.124290, 73.763992,10.896384, 240.192261, 0.999999
5, 602,26,92.566017, 92.560410, 119.124290, 73.763992,10.896384, 240.192261, 1.000061
5, 602,27,157.214096, 157.206497, 119.124290, 73.763992,10.896384, 240.192261, 1.000048
5, 602,28,202.936737, 202.920135, 119.124290, 73.763992,10.896384, 240.192261, 1.000082
5, 602,29,67.168762, 67.158318, 119.124290, 73.763992,10.896384, 240.192261, 1.000156
5, 602,30,83.836899, 83.845139, 119.124290, 73.763992,10.896384, 240.192261, 0.999902
5, 602,31,117.136810, 117.132133, 119.124290, 73.763992,10.896384, 240.192261, 1.000040
5, 603,0,73.186050, 73.190796, 119.124413, 62.909546,12.251028, 230.037399, 0.999935
5, 603,1,166.244141, 166.244141, 119.124413, 62.909546,12.251028, 230.037399, 1.000000
5, 603,2,139.744308, 139.748856, 119.124413, 62.909546,12.251028, 230.037399, 0.999967
5, 603,3,12.251028, 12.256563, 119.124413, 62.909546,12.251028, 230.037399, 0.999548
5, 603,4,168.842712, 168.852203, 119.124413, 62.909546,12.251028, 230.037399, 0.999944
5, 603,5,37.800468, 37.788765, 119.124413, 62.909546,12.251028, 230.037399, 1.000310
5, 603,6,85.962959, 85.956902, 119.124413, 62.909546,12.251028, 230.037399, 1.000070
5, 603,7,230.037399, 230.032486, 119.124413, 62.909546,12.251028, 230.037399, 1.000021
5, 603,8,134.969528, 134.968613, 119.124413, 62.909546,12.251028, 230.037399, 1.000007
5, 603,9,61.360291, 61.359661, 119.124413, 62.909546,12.251028, 230.037399, 1.000010
5, 603,10,206.740143, 206.735748, 119.124413, 62.909546,12.251028, 230.037399, 1.000021
5, 603,11,112.496712, 112.494370, 119.124413, 62.909546,12.251028, 230.037399, 1.000021
5, 603,12,59.602974, 59.609241, 119.124413, 62.909546,12.251028, 230.037399, 0.999895
5, 603,13,191.502625, 191.502182, 119.124413, 62.909546,12.251028, 230.037399, 1.000002
5, 603,14,97.340698, 97.345161, 119.124413, 62.909546,12.251028, 230.037399, 0.999954
5, 603,15,78.486221, 78.505325, 119.124413, 62.909546,12.251028, 230.037399, 0.999757
5, 603,16,35.537239, 35.553291, 119.124413, 62.909546,12.251028, 230.037399, 0.999548
5, 603,17,132.924881, 132.922943, 119.124413, 62.909546,12.251028, 230.037399, 1.000015
5, 603,18,118.727356, 118.722755, 119.124413, 62.909546,12.251028, 230.037399, 1.000039
5, 603,19,44.175381, 44.171818, 119.124413, 62.909546,12.251028, 230.037399, 1.000081
5, 603,20,197.169754, 197.168198, 119.124413, 62.909546,12.251028, 230.037399, 1.000008
5, 603,21,179.958603, 179.959274, 119.124413, 62.909546,12.251028, 230.037399, 0.999996
5, 603,22,174.879532, 174.876724, 119.124413, 62.909546,12.251028, 230.037399, 1.000016
5, 603,23,124.829063, 124.817589, 119.124413, 62.909546,12.251028, 230.037399, 1.000092
5, 603,24,140.542801, 140.543228, 119.124413, 62.909546,12.251028, 230.037399, 0.999997
5, 603,25,220.824890, 220.823456, 119.124413, 62.909546,12.251028, 230.037399, 1.000006
5, 603,26,79.817421, 79.812859, 119.124413, 62.909546,12.251028, 230.037399, 1.000057
5, 603,27,23.720039, 23.722153, 119.124413, 62.909546,12.251028, 230.037399, 0.999911
5, 603,28,210.242126, 210.243607, 119.124413, 62.909546,12.251028, 230.037399, 0.999993
5, 603,29,52.493061, 52.488064, 119.124413, 62.909546,12.251028, 230.037399, 1.000095
5, 603,30,139.047653, 139.066986, 119.124413, 62.909546,12.251028, 230.037399, 0.999861
5, 603,31,80.523186, 80.515839, 119.124413, 62.909546,12.251028, 230.037399, 1.000091
5, 604,0,97.488647, 97.507141, 119.123627, 57.344151,22.072765, 204.146515, 0.999810
5, 604,1,106.394867, 106.392570, 119.123627, 57.344151,22.072765, 204.146515, 1.000022
5, 604,2,197.639374, 197.641266, 119.123627, 57.344151,22.072765, 204.146515, 0.999990
5, 604,3,137.995483, 137.996796, 119.123627, 57.344151,22.072765, 204.146515, 0.999990
5, 604,4,78.206657, 78.217598, 119.123627, 57.344151,22.072765, 204.146515, 0.999860
5, 604,5,63.937843, 63.943340, 119.123627, 57.344151,22.072765, 204.146515, 0.999914
5, 604,6,105.910744, 105.908798, 119.123627, 57.344151,22.072765, 204.146515, 1.000018
5, 604,7,22.072765, 22.069740, 119.123627, 57.344151,22.072765, 204.146515, 1.000137
5, 604,8,129.319458, 129.319565, 119.123627, 57.344151,22.072765, 204.146515, 0.999999
5, 604,9,194.412048, 194.420227, 119.123627, 57.344151,22.072765, 204.146515, 0.999958
5, 604,10,80.037987, 80.048576, 119.123627, 57.344151,22.072765, 204.146515, 0.999868
5, 604,11,168.123917, 168.112961, 119.123627, 57.344151,22.072765, 204.146515, 1.000065
5, 604,12,204.146515, 204.144592, 119.123627, 57.344151,22.072765, 204.146515, 1.000009
5, 604,13,88.443016, 88.450241, 119.123627, 57.344151,22.072765, 204.146515, 0.999918
5, 604,14,86.682785, 86.680504, 119.123627, 57.344151,22.072765, 204.146515, 1.000026
5, 604,15,146.527374, 146.514801, 119.123627, 57.344151,22.072765, 204.146515, 1.000086
5, 604,16,70.628609, 70.630386, 119.123627, 57.344151,22.072765, 204.146515, 0.999975
5, 604,17,88.870590, 88.854401, 119.123627, 57.344151,22.072765, 204.146515, 1.000182
5, 604,18,57.261646, 57.274677, 119.123627, 57.344151,22.072765, 204.146515, 0.999772
5, 604,19,192.734970, 192.742340, 119.123627, 57.344151,22.072765, 204.146515, 0.999962
5, 604,20,36.345963, 36.356243, 119.123627, 57.344151,22.072765, 204.146515, 0.999717
5, 604,21,143.791245, 143.783661, 119.123627, 57.344151,22.072765, 204.146515, 1.000053
5, 604,22,42.808784, 42.804459, 119.123627, 57.344151,22.072765, 204.146515, 1.000101
5, 604,23,166.516983, 166.533066, 119.123627, 57.344151,22.072765, 204.146515, 0.999903
5, 604,24,183.201172, 183.195541, 119.123627, 57.344151,22.072765, 204.146515, 1.000031
5, 604,25,121.392822, 121.401665, 119.123627, 57.344151,22.072765, 204.146515, 0.999927
5, 604,26,197.874649, 197.867844, 119.123627, 57.344151,22.072765, 204.146515, 1.000034
5, 604,27,25.846092, 25.854164, 119.123627, 57.344151,22.072765, 204.146515, 0.999688
5, 604,28,74.159439, 74.157608, 119.123627, 57.344151,22.072765, 204.146515, 1.000025
5, 604,29,112.327118, 112.332520, 119.123627, 57.344151,22.072765, 204.146515, 0.999952
5, 604,30,199.350327, 199.343643, 119.123627, 57.344151,22.072765, 204.146515, 1.000033
5, 604,31,191.505829, 191.499222, 119.123627, 57.344151,22.072765, 204.146515, 1.000034
5, 605,0,198.523270, 198.531799, 119.123695, 65.982101,11.163489, 213.149734, 0.999957
5, 605,1,153.637192, 153.637558, 119.123695, 65.982101,11.163489, 213.149734, 0.999998
5, 605,2,12.069185, 12.069905, 119.123695, 65.982101,11.163489, 213.149734, 0.999940
5, 605,3,79.984261, 80.004463, 119.123695, 65.982101,11.163489, 213.149734, 0.999747
5, 605,4,57.095989, 57.090351, 119.123695, 65.982101,11.163489, 213.149734, 1.000099
5, 605,5,80.236290, 80.225334, 119.123695, 65.982101,11.163489, 213.149734, 1.000137
5, 605,6,207.311234, 207.322586, 119.123695, 65.982101,11.163489, 213.149734, 0.999945
5, 605,7,194.824127, 194.821121, 119.123695, 65.982101,11.163489, 213.149734, 1.000015
5, 605,8,76.568497, 76.571449, 119.123695, 65.982101,11.163489, 213.149734, 0.999961
5, 605,9,11.163489, 11.161166, 119.123695, 65.982101,11.163489, 213.149734, 1.000208
5, 605,10,97.819786, 97.813225, 119.123695, 65.982101,11.163489, 213.149734, 1.000067
5, 605,11,37.619061, 37.609261, 119.123695, 65.982101,11.163489, 213.149734, 1.000261
5, 605,12,109.163155, 109.178764, 119.123695, 65.982101,11.163489, 213.149734, 0.999857
5, 605,13,95.086327, 95.093307, 119.123695, 65.982101,11.163489, 213.149734, 0.999927
5, 605,14,18.456041, 18.450012, 119.123695, 65.982101,11.163489, 213.149734, 1.000327
5, 605,15,86.798119, 86.801064, 119.123695, 65.982101,11.163489, 213.149734, 0.999966
5, 605,16,163.610214, 163.608444, 119.123695, 65.982101,11.163489, 213.149734, 1.000011
5, 605,17,213.149734, 213.153656, 119.123695, 65.982101,11.163489, 213.149734, 0.999982
5, 605,18,87.193108, 87.192329, 119.123695, 65.982101,11.163489, 213.149734, 1.000009
5, 605,19,187.343597, 187.330322, 119.123695, 65.982101,11.163489, 213.149734, 1.000071
5, 605,20,211.971497, 211.979874, 119.123695, 65.982101,11.163489, 213.149734, 0.999960
5, 605,21,170.385178, 170.392426, 119.123695, 65.982101,11.163489, 213.149734, 0.999957
5, 605,22,173.754135, 173.756027, 119.123695, 65.982101,11.163489, 213.149734, 0.999989
5, 605,23,83.914352, 83.917084, 119.123695, 65.982101,11.163489, 213.149734, 0.999967
5, 605,24,166.876282, 166.883698, 119.123695, 65.982101,11.163489, 213.149734, 0.999956
5, 605,25,204.103241, 204.123062, 119.123695, 65.982101,11.163489, 213.149734, 0.999903
5, 605,26,157.967392, 157.960388, 119.123695, 65.982101,11.163489, 213.149734, 1.000044
5, 605,27,119.469696, 119.458885, 119.123695, 65.982101,11.163489, 213.149734, 1.000090
5, 605,28,189.931824, 189.924011, 119.123695, 65.982101,11.163489, 213.149734, 1.000041
5, 605,29,84.050224, 84.049614, 119.123695, 65.982101,11.163489, 213.149734, 1.000007
5, 605,30,70.457336, 70.456383, 119.123695, 65.982101,11.163489, 213.149734, 1.000014
5, 605,31,11.424574, 11.432526, 119.123695, 65.982101,11.163489, 213.149734, 0.999304
5, 606,0,166.788406, 166.788849, 119.125175, 69.089111,19.388700, 224.921051, 0.999997
5, 606,1,161.747482, 161.748306, 119.125175, 69.089111,19.388700, 224.921051, 0.999995
5, 606,2,20.234552, 20.237244, 119.125175, 69.089111,19.388700, 224.921051, 0.999867
5, 606,3,148.042374, 148.046600, 119.125175, 69.089111,19.388700, 224.921051, 0.999971
5, 606,4,46.714359, 46.710667, 119.125175, 69.089111,19.388700, 224.921051, 1.000079
5, 606,5,49.108833, 49.110241, 119.125175, 69.089111,19.388700, 224.921051, 0.999971
5, 606,6,127.002327, 127.004173, 119.125175, 69.089111,19.388700, 224.921051, 0.999985
5, 606,7,120.036934, 120.032616, 119.125175, 69.089111,19.388700, 224.921051, 1.000036
5, 606,8,224.921051, 224.918213, 119.125175, 69.089111,19.388700, 224.921051, 1.000013
5, 606,9,41.229271, 41.237080, 119.125175, 69.089111,19.388700, 224.921051, 0.999811
5, 606,10,97.459145, 97.456726, 119.125175, 69.089111,19.388700, 224.921051, 1.000025
5, 606,11,206.844101, 206.836197, 119.125175, 69.089111,19.388700, 224.921051, 1.000038
5, 606,12,221.271942, 221.262054, 119.125175, 69.089111,19.388700, 224.921051, 1.000045
5, 606,13,156.567383, 156.558701, 119.125175, 69.089111,19.388700, 224.921051, 1.000055
5, 606,14,71.379074, 71.373764, 119.125175, 69.089111,19.388700, 224.921051, 1.000074
5, 606,15,218.272079, 218.259033, 119.125175, 69.089111,19.388700, 224.921051, 1.000060
5, 606,16,35.347084, 35.358829, 119.125175, 69.089111,19.388700, 224.921051, 0.999668
5, 606,17,131.881866, 131.888489, 119.125175, 69.089111,19.388700, 224.921051, 0.999950
5, 606,18,119.148972, 119.159393, 119.125175, 69.089111,19.388700, 224.921051, 0.999913
5, 606,19,123.107964, 123.113731, 119.125175, 69.089111,19.388700, 224.921051, 0.999953
5, 606,20,34.857147, 34.847679, 119.125175, 69.089111,19.388700, 224.921051, 1.000272
5, 606,21,19.388700, 19.392422, 119.125175, 69.089111,19.388700, 224.921051, 0.999808
5, 606,22,224.845139, 224.847214, 119.125175, 69.089111,19.388700, 224.921051, 0.999991
5, 606,23,129.348465, 129.346954, 119.125175, 69.089111,19.388700, 224.921051, 1.000012
5, 606,24,162.584915, 162.586044, 119.125175, 69.089111,19.388700, 224.921051, 0.999993
5, 606,25,35.169937, 35.174248, 119.125175, 69.089111,19.388700, 224.921051, 0.999877
5, 606,26,187.760071, 187.760284, 119.125175, 69.089111,19.388700, 224.921051, 0.999999
5, 606,27,77.625870, 77.621178, 119.125175, 69.089111,19.388700, 224.921051, 1.000060
5, 606,28,40.215927, 40.228973, 119.125175, 69.089111,19.388700, 224.921051, 0.999676
5, 606,29,44.892475, 44.886139, 119.125175, 69.089111,19.388700, 224.921051, 1.000141
5, 606,30,147.979294, 147.982712, 119.125175, 69.089111,19.388700, 224.921051, 0.999977
5, 606,31,220.232773, 220.225555, 119.125175, 69.089111,19.388700, 224.921051, 1.000033
5, 607,0,35.157692, 35.159084, 119.125259, 79.877975,11.507658, 253.627670, 0.999960
5, 607,1,124.803688, 124.809952, 119.125259, 79.877975,11.507658, 253.627670, 0.999950
5, 607,2,243.954269, 243.950912, 119.125259, 79.877975,11.507658, 253.627670, 1.000014
5, 607,3,235.572601, 235.567062, 119.125259, 79.877975,11.507658, 253.627670, 1.000023
5, 607,4,217.322052, 217.318085, 119.125259, 79.877975,11.507658, 253.627670, 1.000018
5, 607,5,224.563889, 224.559021, 119.125259, 79.877975,11.507658, 253.627670, 1.000022
5, 607,6,16.106672, 16.098034, 119.125259, 79.877975,11.507658, 253.627670, 1.000537
5, 607,7,95.215538, 95.214561, 119.125259, 79.877975,11.507658, 253.627670, 1.000010
5, 607,8,11.507658, 11.511350, 119.125259, 79.877975,11.507658, 253.627670, 0.999679
5, 607,9,191.808746, 191.805603, 119.125259, 79.877975,11.507658, 253.627670, 1.000016
5, 607,10,48.039116, 48.024357, 119.125259, 79.877975,11.507658, 253.627670, 1.000307
5, 607,11,89.233215, 89.229309, 119.125259, 79.877975,11.507658, 253.627670, 1.000044
5, 607,12,87.821602, 87.808197, 119.125259, 79.877975,11.507658, 253.627670, 1.000153
5, 607,13,36.676304, 36.685474, 119.125259, 79.877975,11.507658, 253.627670, 0.999750
5, 607,14,38.486580, 38.490074, 119.125259, 79.877975,11.507658, 253.627670, 0.999909
5, 607,15,85.845184, 85.830658, 119.125259, 79.877975,11.507658, 253.627670, 1.000169
5, 607,16,128.981216, 128.983078, 119.125259, 79.877975,11.507658, 253.627670, 0.999986
5, 607,17,15.112639, 15.105505, 119.125259, 79.877975,11.507658, 253.627670, 1.000472
5, 607,18,198.235718, 198.226959, 119.125259, 79.877975,11.507658, 253.627670, 1.000044
5, 607,19,90.126083, 90.139137, 119.125259, 79.877975,11.507658, 253.627670, 0.999855
5, 607,20,55.783066, 55.791641, 119.125259, 79.877975,11.507658, 253.627670, 0.999846
5, 607,21,186.896835, 186.903122, 119.125259, 79.877975,11.507658, 253.627670, 0.999966
5, 607,22,19.165405, 19.173367, 119.125259, 79.877975,11.507658, 253.627670, 0.999585
5, 607,23,24.900352, 24.910480, 119.125259, 79.877975,11.507658, 253.627670, 0.999593
5, 607,24,99.607132, 99.620781, 119.125259, 79.877975,11.507658, 253.627670, 0.999863
5, 607,25,228.548233, 228.544174, 119.125259, 79.877975,11.507658, 253.627670, 1.000018
5, 607,26,222.304138, 222.310791, 119.125259, 79.877975,11.507658, 253.627670, 0.999970
5, 607,27,77.603317, 77.612221, 119.125259, 79.877975,11.507658, 253.627670, 0.999885
5, 607,28,161.564346, 161.571075, 119.125259, 79.877975,11.507658, 253.627670, 0.999958
5, 607,29,154.857880, 154.856476, 119.125259, 79.877975,11.507658, 253.627670, 1.000009
5, 607,30,253.627670, 253.620560, 119.125259, 79.877975,11.507658, 253.627670, 1.000028
5, 607,31,112.579330, 112.568764, 119.125259, 79.877975,11.507658, 253.627670, 1.000094
5, 608,0,202.859955, 202.857346, 119.126419, 59.428570,15.791213, 203.915359, 1.000013
5, 608,1,15.791213, 15.780743, 119.126419, 59.428570,15.791213, 203.915359, 1.000664
5, 608,2,67.985634, 67.987335, 119.126419, 59.428570,15.791213, 203.915359, 0.999975
5, 608,3,176.826569, 176.820007, 119.126419, 59.428570,15.791213, 203.915359, 1.000037
5, 608,4,186.059753, 186.060806, 119.126419, 59.428570,15.791213, 203.915359, 0.999994
5, 608,5,176.130051, 176.130386, 119.126419, 59.428570,15.791213, 203.915359, 0.999998
5, 608,6,123.282555, 123.282166, 119.126419, 59.428570,15.791213, 203.915359, 1.000003
5, 608,7,126.271889, 126.268486, 119.126419, 59.428570,15.791213, 203.915359, 1.000027
5, 608,8,124.112335, 124.115700, 119.126419, 59.428570,15.791213, 203.915359, 0.999973
5, 608,9,16.001007, 16.002619, 119.126419, 59.428570,15.791213, 203.915359, 0.999899
5, 608,10,82.217735, 82.205315, 119.126419, 59.428570,15.791213, 203.915359, 1.000151
5, 608,11,203.915359, 203.900742, 119.126419, 59.428570,15.791213, 203.915359, 1.000072
5, 608,12,141.967911, 141.973648, 119.126419, 59.428570,15.791213, 203.915359, 0.999960
5, 608,13,47.227139, 47.209034, 119.126419, 59.428570,15.791213, 203.915359, 1.000383
5, 608,14,170.600494, 170.601501, 119.126419, 59.428570,15.791213, 203.915359, 0.999994
5, 608,15,48.542305, 48.546284, 119.126419, 59.428570,15.791213, 203.915359, 0.999918
5, 608,16,79.383530, 79.392899, 119.126419, 59.428570,15.791213, 203.915359, 0.999882
5, 608,17,60.525017, 60.527527, 119.126419, 59.428570,15.791213, 203.915359, 0.999959
5, 608,18,40.288948, 40.288937, 119.126419, 59.428570,15.791213, 203.915359, 1.000000
5, 608,19,193.636261, 193.628525, 119.126419, 59.428570,15.791213, 203.915359, 1.000040
5, 608,20,164.115036, 164.125168, 119.126419, 59.428570,15.791213, 203.915359, 0.999938
5, 608,21,78.165352, 78.157593, 119.126419, 59.428570,15.791213, 203.915359, 1.000099
5, 608,22,160.870926, 160.880997, 119.126419, 59.428570,15.791213, 203.915359, 0.999937
5, 608,23,77.783867, 77.773811, 119.126419, 59.428570,15.791213, 203.915359, 1.000129
5, 608,24,29.102041, 29.099239, 119.126419, 59.428570,15.791213, 203.915359, 1.000096
5, 608,25,182.892410, 182.894592, 119.126419, 59.428570,15.791213, 203.915359, 0.999988
5, 608,26,97.230270, 97.232849, 119.126419, 59.428570,15.791213, 203.915359, 0.999973
5, 608,27,93.160355, 93.155144, 119.126419, 59.428570,15.791213, 203.915359, 1.000056
5, 608,28,156.962601, 156.965195, 119.126419, 59.428570,15.791213, 203.915359, 0.999983
5, 608,29,138.837540, 138.837418, 119.126419, 59.428570,15.791213, 203.915359, 1.000001
5, 608,30,162.942230, 162.937836, 119.126419, 59.428570,15.791213, 203.915359, 1.000027
5, 608,31,186.357193, 186.360641, 119.126419, 59.428570,15.791213, 203.915359, 0.999982
5, 609,0,112.254066, 112.240044, 119.129433, 56.908413,11.556096, 206.742371, 1.000125
5, 609,1,13.609575, 13.598780, 119.129433, 56.908413,11.556096, 206.742371, 1.000794
5, 609,2,72.042442, 72.034050, 119.129433, 56.908413,11.556096, 206.742371, 1.000116
5, 609,3,206.742371, 206.725037, 119.129433, 56.908413,11.556096, 206.742371, 1.000084
5, 609,4,181.538162, 181.545990, 119.129433, 56.908413,11.556096, 206.742371, 0.999957
5, 609,5,166.488876, 166.481888, 119.129433, 56.908413,11.556096, 206.742371, 1.000042
5, 609,6,85.358360, 85.376167, 119.129433, 56.908413,11.556096, 206.742371, 0.999791
5, 609,7,176.680206, 176.677399, 119.129433, 56.908413,11.556096, 206.742371, 1.000016
5, 609,8,23.382372, 23.373093, 119.129433, 56.908413,11.556096, 206.742371, 1.000397
5, 609,9,11.556096, 11.548529, 119.129433, 56.908413,11.556096, 206.742371, 1.000655
5, 609,10,66.701591, 66.694717, 119.129433, 56.908413,11.556096, 206.742371, 1.000103
5, 609,11,70.904945, 70.906723, 119.129433, 56.908413,11.556096, 206.742371, 0.999975
5, 609,12,182.718658, 182.698090, 119.129433, 56.908413,11.556096, 206.742371, 1.000113
5, 609,13,110.985657, 110.976440, 119.129433, 56.908413,11.556096, 206.742371, 1.000083
5, 609,14,161.432602, 161.427505, 119.129433, 56.908413,11.556096, 206.742371, 1.000032
5, 609,15,147.761978, 147.775681, 119.129433, 56.908413,11.556096, 206.742371, 0.999907
5, 609,16,134.702225, 134.706085, 119.129433, 56.908413,11.556096, 206.742371, 0.999971
5, 609,17,172.162964, 172.149506, 119.129433, 56.908413,11.556096, 206.742371, 1.000078
5, 609,18,49.135487, 49.128216, 119.129433, 56.908413,11.556096, 206.742371, 1.000148
5, 609,19,193.713104, 193.686432, 119.129433, 56.908413,11.556096, 206.742371, 1.000138
5, 609,20,86.968597, 86.968048, 119.129433, 56.908413,11.556096, 206.742371, 1.000006
5, 609,21,161.514572, 161.526596, 119.129433, 56.908413,11.556096, 206.742371, 0.999926
5, 609,22,194.027496, 194.045700, 119.129433, 56.908413,11.556096, 206.742371, 0.999906
5, 609,23,59.211384, 59.199844, 119.129433, 56.908413,11.556096, 206.742371, 1.000195
5, 609,24,106.971786, 106.944069, 119.129433, 56.908413,11.556096, 206.742371, 1.000259
5, 609,25,105.965599, 105.965408, 119.129433, 56.908413,11.556096, 206.742371, 1.000002
5, 609,26,132.378494, 132.377106, 119.129433, 56.908413,11.556096, 206.742371, 1.000010
5, 609,27,154.279648, 154.285675, 119.129433, 56.908413,11.556096, 206.742371, 0.999961
5, 609,28,183.853882, 183.850189, 119.129433, 56.908413,11.556096, 206.742371, 1.000020
5, 609,29,135.465561, 135.449371, 119.129433, 56.908413,11.556096, 206.742371, 1.000120
5, 609,30,94.648567, 94.654953, 119.129433, 56.908413,11.556096, 206.742371, 0.999933
5, 609,31,56.984703, 56.982353, 119.129433, 56.908413,11.556096, 206.742371, 1.000041
5, 610,0,68.688553, 68.698090, 119.124207, 68.815613,13.915977, 228.449768, 0.999861
5, 610,1,205.184006, 205.190292, 119.124207, 68.815613,13.915977, 228.449768, 0.999969
5, 610,2,199.697479, 199.704544, 119.124207, 68.815613,13.915977, 228.449768, 0.999965
5, 610,3,204.281723, 204.283844, 119.124207, 68.815613,13.915977, 228.449768, 0.999990
5, 610,4,36.177067, 36.166378, 119.124207, 68.815613,13.915977, 228.449768, 1.000296
5, 610,5,143.661942, 143.672119, 119.124207, 68.815613,13.915977, 228.449768, 0.999929
5, 610,6,181.324463, 181.326996, 119.124207, 68.815613,13.915977, 228.449768, 0.999986
5, 610,7,48.742435, 48.742622, 119.124207, 68.815613,13.915977, 228.449768, 0.999996
5, 610,8,72.935944, 72.934937, 119.124207, 68.815613,13.915977, 228.449768, 1.000014
5, 610,9,108.069984, 108.071877, 119.124207, 68.815613,13.915977, 228.449768, 0.999982
5, 610,10,188.219498, 188.222778, 119.124207, 68.815613,13.915977, 228.449768, 0.999983
5, 610,11,175.221436, 175.216797, 119.124207, 68.815613,13.915977, 228.449768, 1.000026
5, 610,12,149.716431, 149.715164, 119.124207, 68.815613,13.915977, 228.449768, 1.000008
5, 610,13,216.413925, 216.423630, 119.124207, 68.815613,13.915977, 228.449768, 0.999955
5, 610,14,105.771164, 105.768806, 119.124207, 68.815613,13.915977, 228.449768, 1.000022
5, 610,15,99.186104, 99.181885, 119.124207, 68.815613,13.915977, 228.449768, 1.000043
5, 610,16,134.933838, 134.923126, 119.124207, 68.815613,13.915977, 228.449768, 1.000079
5, 610,17,228.449768, 228.456009, 119.124207, 68.815613,13.915977, 228.449768, 0.999973
5, 610,18,29.604406, 29.606318, 119.124207, 68.815613,13.915977, 228.449768, 0.999935
5, 610,19,199.015747, 199.006241, 119.124207, 68.815613,13.915977, 228.449768, 1.000048
5, 610,20,87.759033, 87.760536, 119.124207, 68.815613,13.915977, 228.449768, 0.999983
5, 610,21,13.915977, 13.934692, 119.124207, 68.815613,13.915977, 228.449768, 0.998657
5, 610,22,98.331047, 98.329147, 119.124207, 68.815613,13.915977, 228.449768, 1.000019
5, 610,23,45.301800, 45.311516, 119.124207, 68.815613,13.915977, 228.449768, 0.999786
5, 610,24,127.201759, 127.194763, 119.124207, 68.815613,13.915977, 228.449768, 1.000055
5, 610,25,193.296112, 193.292221, 119.124207, 68.815613,13.915977, 228.449768, 1.000020
5, 610,26,29.132620, 29.136303, 119.124207, 68.815613,13.915977, 228.449768, 0.999874
5, 610,27,41.368050, 41.370110, 119.124207, 68.815613,13.915977, 228.449768, 0.999950
5, 610,28,48.652164, 48.641907, 119.124207, 68.815613,13.915977, 228.449768, 1.000211
5, 610,29,14.677898, 14.680001, 119.124207, 68.815613,13.915977, 228.449768, 0.999857
5, 610,30,123.685677, 123.676361, 119.124207, 68.815613,13.915977, 228.449768, 1.000075
5, 610,31,193.356491, 193.359375, 119.124207, 68.815613,13.915977, 228.449768, 0.999985
5, 611,0,60.047707, 60.054871, 119.123993, 47.858589,16.890713, 191.507858, 0.999881
5, 611,1,169.447876, 169.442886, 119.123993, 47.858589,16.890713, 191.507858, 1.000029
5, 611,2,101.487022, 101.481895, 119.123993, 47.858589,16.890713, 191.507858, 1.000051
5, 611,3,51.584106, 51.577118, 119.123993, 47.858589,16.890713, 191.507858, 1.000136
5, 611,4,19.727711, 19.734127, 119.123993, 47.858589,16.890713, 191.507858, 0.999675
5, 611,5,118.685829, 118.687553, 119.123993, 47.858589,16.890713, 191.507858, 0.999985
5, 611,6,69.050522, 69.049629, 119.123993, 47.858589,16.890713, 191.507858, 1.000013
5, 611,7,70.026596, 70.028038, 119.123993, 47.858589,16.890713, 191.507858, 0.999979
5, 611,8,95.953125, 95.961624, 119.123993, 47.858589,16.890713, 191.507858, 0.999911
5, 611,9,174.441330, 174.446136, 119.123993, 47.858589,16.890713, 191.507858, 0.999972
5, 611,10,107.648735, 107.647018, 119.123993, 47.858589,16.890713, 191.507858, 1.000016
5, 611,11,166.674637, 166.674408, 119.123993, 47.858589,16.890713, 191.507858, 1.000001
5, 611,12,139.666107, 139.662354, 119.123993, 47.858589,16.890713, 191.507858, 1.000027
5, 611,13,137.202866, 137.188507, 119.123993, 47.858589,16.890713, 191.507858, 1.000105
5, 611,14,114.690384, 114.684944, 119.123993, 47.858589,16.890713, 191.507858, 1.000047
5, 611,15,111.404533, 111.410591, 119.123993, 47.858589,16.890713, 191.507858, 0.999946
5, 611,16,177.685196, 177.681595, 119.123993, 47.858589,16.890713, 191.507858, 1.000020
5, 611,17,186.210434, 186.209381, 119.123993, 47.858589,16.890713, 191.507858, 1.000006
5, 611,18,139.083908, 139.089752, 119.123993, 47.858589,16.890713, 191.507858, 0.999958
5, 611,19,92.016518, 92.014603, 119.123993, 47.858589,16.890713, 191.507858, 1.000021
5, 611,20,191.507858, 191.496155, 119.123993, 47.858589,16.890713, 191.507858, 1.000061
5, 611,21,108.901001, 108.903397, 119.123993, 47.858589,16.890713, 191.507858, 0.999978
5, 611,22,74.772606, 74.786697, 119.123993, 47.858589,16.890713, 191.507858, 0.999812
5, 611,23,16.890713, 16.898945, 119.123993, 47.858589,16.890713, 191.507858, 0.999513
5, 611,24,136.801147, 136.799377, 119.123993, 47.858589,16.890713, 191.507858, 1.000013
5, 611,25,175.597290, 175.602463, 119.123993, 47.858589,16.890713, 191.507858, 0.999971
5, 611,26,64.746216, 64.752380, 119.123993, 47.858589,16.890713, 191.507858, 0.999905
5, 611,27,147.471588, 147.472992, 119.123993, 47.858589,16.890713, 191.507858, 0.999990
5, 611,28,164.116516, 164.122757, 119.123993, 47.858589,16.890713, 191.507858, 0.999962
5, 611,29,136.167603, 136.171188, 119.123993, 47.858589,16.890713, 191.507858, 0.999974
5, 611,30,163.900864, 163.905945, 119.123993, 47.858589,16.890713, 191.507858, 0.999969
5, 611,31,128.359360, 128.360535, 119.123993, 47.858589,16.890713, 191.507858, 0.999991
5, 612,0,208.541473, 208.558456, 119.126137, 60.664749,10.198597, 218.493515, 0.999919
5, 612,1,10.198597, 10.187320, 119.126137, 60.664749,10.198597, 218.493515, 1.001107
5, 612,2,98.720490, 98.718292, 119.126137, 60.664749,10.198597, 218.493515, 1.000022
5, 612,3,152.671402, 152.679169, 119.126137, 60.664749,10.198597, 218.493515, 0.999949
5, 612,4,198.602280, 198.611160, 119.126137, 60.664749,10.198597, 218.493515, 0.999955
5, 612,5,65.237686, 65.239822, 119.126137, 60.664749,10.198597, 218.493515, 0.999967
5, 612,6,155.958542, 155.960480, 119.126137, 60.664749,10.198597, 218.493515, 0.999988
5, 612,7,112.825294, 112.838295, 119.126137, 60.664749,10.198597, 218.493515, 0.999885
5, 612,8,65.116592, 65.117096, 119.126137, 60.664749,10.198597, 218.493515, 0.999992
5, 612,9,161.913757, 161.915955, 119.126137, 60.664749,10.198597, 218.493515, 0.999986
5, 612,10,156.036057, 156.038010, 119.126137, 60.664749,10.198597, 218.493515, 0.999987
5, 612,11,48.006786, 48.006439, 119.126137, 60.664749,10.198597, 218.493515, 1.000007
5, 612,12,152.920990, 152.911713, 119.126137, 60.664749,10.198597, 218.493515, 1.000061
5, 612,13,61.976219, 61.984337, 119.126137, 60.664749,10.198597, 218.493515, 0.999869
5, 612,14,12.170344, 12.163860, 119.126137, 60.664749,10.198597, 218.493515, 1.000533
5, 612,15,188.874969, 188.864105, 119.126137, 60.664749,10.198597, 218.493515, 1.000058
5, 612,16,176.368210, 176.384750, 119.126137, 60.664749,10.198597, 218.493515, 0.999906
5, 612,17,143.696075, 143.681381, 119.126137, 60.664749,10.198597, 218.493515, 1.000102
5, 612,18,131.297821, 131.292480, 119.126137, 60.664749,10.198597, 218.493515, 1.000041
5, 612,19,86.911118, 86.910721, 119.126137, 60.664749,10.198597, 218.493515, 1.000005
5, 612,20,116.573463, 116.558846, 119.126137, 60.664749,10.198597, 218.493515, 1.000125
5, 612,21,218.493515, 218.492844, 119.126137, 60.664749,10.198597, 218.493515, 1.000003
5, 612,22,16.230133, 16.220293, 119.126137, 60.664749,10.198597, 218.493515, 1.000607
5, 612,23,82.905487, 82.931808, 119.126137, 60.664749,10.198597, 218.493515, 0.999683
5, 612,24,181.022018, 181.016068, 119.126137, 60.664749,10.198597, 218.493515, 1.000033
5, 612,25,101.155449, 101.153450, 119.126137, 60.664749,10.198597, 218.493515, 1.000020
5, 612,26,74.475540, 74.463676, 119.126137, 60.664749,10.198597, 218.493515, 1.000159
5, 612,27,140.152267, 140.135239, 119.126137, 60.664749,10.198597, 218.493515, 1.000121
5, 612,28,203.676620, 203.668777, 119.126137, 60.664749,10.198597, 218.493515, 1.000039
5, 612,29,166.814651, 166.805634, 119.126137, 60.664749,10.198597, 218.493515, 1.000054
5, 612,30,78.964882, 78.959343, 119.126137, 60.664749,10.198597, 218.493515, 1.000070
5, 612,31,43.527664, 43.530155, 119.126137, 60.664749,10.198597, 218.493515, 0.999943
5, 613,0,26.803265, 26.813951, 119.124985, 71.197975,12.533407, 233.552124, 0.999601
5, 613,1,24.646980, 24.648464, 119.124985, 71.197975,12.533407, 233.552124, 0.999940
5, 613,2,115.988632, 115.983078, 119.124985, 71.197975,12.533407, 233.552124, 1.000048
5, 613,3,220.821960, 220.820541, 119.124985, 71.197975,12.533407, 233.552124, 1.000006
5, 613,4,188.674896, 188.694504, 119.124985, 71.197975,12.533407, 233.552124, 0.999896
5, 613,5,102.587036, 102.591988, 119.124985, 71.197975,12.533407, 233.552124, 0.999952
5, 613,6,173.250778, 173.249710, 119.124985, 71.197975,12.533407, 233.552124, 1.000006
5, 613,7,97.149147, 97.143349, 119.124985, 71.197975,12.533407, 233.552124, 1.000060
5, 613,8,169.033875, 169.037491, 119.124985, 71.197975,12.533407, 233.552124, 0.999979
5, 613,9,12.533407, 12.542700, 119.124985, 71.197975,12.533407, 233.552124, 0.999259
5, 613,10,46.794247, 46.792305, 119.124985, 71.197975,12.533407, 233.552124, 1.000041
5, 613,11,76.969475, 76.976387, 119.124985, 71.197975,12.533407, 233.552124, 0.999910
5, 613,12,15.830621, 15.839827, 119.124985, 71.197975,12.533407, 233.552124, 0.999419
5, 613,13,85.454590, 85.449730, 119.124985, 71.197975,12.533407, 233.552124, 1.000057
5, 613,14,180.335648, 180.325958, 119.124985, 71.197975,12.533407, 233.552124, 1.000054
5, 613,15,127.619576, 127.606850, 119.124985, 71.197975,12.533407, 233.552124, 1.000100
5, 613,16,166.639191, 166.655441, 119.124985, 71.197975,12.533407, 233.552124, 0.999902
5, 613,17,164.834442, 164.832245, 119.124985, 71.197975,12.533407, 233.552124, 1.000013
5, 613,18,206.938873, 206.926498, 119.124985, 71.197975,12.533407, 233.552124, 1.000060
5, 613,19,82.000977, 81.991936, 119.124985, 71.197975,12.533407, 233.552124, 1.000110
5, 613,20,233.552124, 233.554977, 119.124985, 71.197975,12.533407, 233.552124, 0.999988
5, 613,21,76.109848, 76.110191, 119.124985, 71.197975,12.533407, 233.552124, 0.999995
5, 613,22,202.035110, 202.029709, 119.124985, 71.197975,12.533407, 233.552124, 1.000027
5, 613,23,28.706028, 28.707005, 119.124985, 71.197975,12.533407, 233.552124, 0.999966
5, 613,24,36.259300, 36.265251, 119.124985, 71.197975,12.533407, 233.552124, 0.999836
5, 613,25,218.006332, 218.012390, 119.124985, 71.197975,12.533407, 233.552124, 0.999972
5, 613,26,196.774750, 196.769684, 119.124985, 71.197975,12.533407, 233.552124, 1.000026
5, 613,27,198.141205, 198.124847, 119.124985, 71.197975,12.533407, 233.552124, 1.000083
5, 613,28,86.862534, 86.860779, 119.124985, 71.197975,12.533407, 233.552124, 1.000020
5, 613,29,137.221146, 137.218811, 119.124985, 71.197975,12.533407, 233.552124, 1.000017
5, 613,30,19.103722, 19.102028, 119.124985, 71.197975,12.533407, 233.552124, 1.000089
5, 613,31,94.319603, 94.321228, 119.124985, 71.197975,12.533407, 233.552124, 0.999983
5, 614,0,197.381546, 197.385239, 119.123764, 57.577351,20.562609, 213.375763, 0.999981
5, 614,1,143.950485, 143.949661, 119.123764, 57.577351,20.562609, 213.375763, 1.000006
5, 614,2,38.981834, 38.989624, 119.123764, 57.577351,20.562609, 213.375763, 0.999800
5, 614,3,155.297012, 155.302505, 119.123764, 57.577351,20.562609, 213.375763, 0.999965
5, 614,4,171.116730, 171.116745, 119.123764, 57.577351,20.562609, 213.375763, 1.000000
5, 614,5,33.318489, 33.319527, 119.123764, 57.577351,20.562609, 213.375763, 0.999969
5, 614,6,90.729919, 90.729233, 119.123764, 57.577351,20.562609, 213.375763, 1.000008
5, 614,7,68.239006, 68.232376, 119.123764, 57.577351,20.562609, 213.375763, 1.000097
5, 614,8,56.553844, 56.563122, 119.123764, 57.577351,20.562609, 213.375763, 0.999836
5, 614,9,151.942596, 151.935883, 119.123764, 57.577351,20.562609, 213.375763, 1.000044
5, 614,10,112.354630, 112.346466, 119.123764, 57.577351,20.562609, 213.375763, 1.000073
5, 614,11,178.719925, 178.729614, 119.123764, 57.577351,20.562609, 213.375763, 0.999946
5, 614,12,45.081287, 45.083710, 119.123764, 57.577351,20.562609, 213.375763, 0.999946
5, 614,13,213.375763, 213.376663, 119.123764, 57.577351,20.562609, 213.375763, 0.999996
5, 614,14,203.836090, 203.833694, 119.123764, 57.577351,20.562609, 213.375763, 1.000012
5, 614,15,80.013954, 80.002884, 119.123764, 57.577351,20.562609, 213.375763, 1.000138
5, 614,16,122.266235, 122.256470, 119.123764, 57.577351,20.562609, 213.375763, 1.000080
5, 614,17,128.957626, 128.958069, 119.123764, 57.577351,20.562609, 213.375763, 0.999997
5, 614,18,93.909431, 93.924988, 119.123764, 57.577351,20.562609, 213.375763, 0.999834
5, 614,19,20.562609, 20.568146, 119.123764, 57.577351,20.562609, 213.375763, 0.999731
5, 614,20,97.908112, 97.905449, 119.123764, 57.577351,20.562609, 213.375763, 1.000027
5, 614,21,151.008301, 151.011963, 119.123764, 57.577351,20.562609, 213.375763, 0.999976
5, 614,22,83.981232, 83.983337, 119.123764, 57.577351,20.562609, 213.375763, 0.999975
5, 614,23,172.131516, 172.129257, 119.123764, 57.577351,20.562609, 213.375763, 1.000013
5, 614,24,65.763969, 65.764359, 119.123764, 57.577351,20.562609, 213.375763, 0.999994
5, 614,25,141.794907, 141.791718, 119.123764, 57.577351,20.562609, 213.375763, 1.000023
5, 614,26,53.134792, 53.139545, 119.123764, 57.577351,20.562609, 213.375763, 0.999911
5, 614,27,114.924866, 114.922058, 119.123764, 57.577351,20.562609, 213.375763, 1.000024
5, 614,28,210.728836, 210.737793, 119.123764, 57.577351,20.562609, 213.375763, 0.999958
5, 614,29,177.657425, 177.672791, 119.123764, 57.577351,20.562609, 213.375763, 0.999914
5, 614,30,56.304855, 56.303661, 119.123764, 57.577351,20.562609, 213.375763, 1.000021
5, 614,31,180.033020, 180.033234, 119.123764, 57.577351,20.562609, 213.375763, 0.999999
5, 615,0,20.852463, 20.851074, 119.125175, 42.964451,20.852463, 194.317169, 1.000067
5, 615,1,30.468044, 30.467905, 119.125175, 42.964451,20.852463, 194.317169, 1.000005
5, 615,2,124.571800, 124.573402, 119.125175, 42.964451,20.852463, 194.317169, 0.999987
5, 615,3,155.314804, 155.315262, 119.125175, 42.964451,20.852463, 194.317169, 0.999997
5, 615,4,167.518478, 167.520584, 119.125175, 42.964451,20.852463, 194.317169, 0.999987
5, 615,5,150.657089, 150.658279, 119.125175, 42.964451,20.852463, 194.317169, 0.999992
5, 615,6,172.632980, 172.628998, 119.125175, 42.964451,20.852463, 194.317169, 1.000023
5, 615,7,194.317169, 194.319717, 119.125175, 42.964451,20.852463, 194.317169, 0.999987
5, 615,8,142.065643, 142.069977, 119.125175, 42.964451,20.852463, 194.317169, 0.999969
5, 615,9,88.770340, 88.763153, 119.125175, 42.964451,20.852463, 194.317169, 1.000081
5, 615,10,176.598785, 176.606003, 119.125175, 42.964451,20.852463, 194.317169, 0.999959
5, 615,11,82.762489, 82.763344, 119.125175, 42.964451,20.852463, 194.317169, 0.999990
5, 615,12,88.452271, 88.448875, 119.125175, 42.964451,20.852463, 194.317169, 1.000038
5, 615,13,105.655060, 105.648315, 119.125175, 42.964451,20.852463, 194.317169, 1.000064
5, 615,14,177.956009, 177.937378, 119.125175, 42.964451,20.852463, 194.317169, 1.000105
5, 615,15,126.522018, 126.521927, 119.125175, 42.964451,20.852463, 194.317169, 1.000001
5, 615,16,139.059235, 139.064362, 119.125175, 42.964451,20.852463, 194.317169, 0.999963
5, 615,17,117.954216, 117.950768, 119.125175, 42.964451,20.852463, 194.317169, 1.000029
5, 615,18,140.445892, 140.447174, 119.125175, 42.964451,20.852463, 194.317169, 0.999991
5, 615,19,75.772499, 75.786430, 119.125175, 42.964451,20.852463, 194.317169, 0.999816
5, 615,20,152.229660, 152.229660, 119.125175, 42.964451,20.852463, 194.317169, 1.000000
5, 615,21,134.654160, 134.658798, 119.125175, 42.964451,20.852463, 194.317169, 0.999966
5, 615,22,68.348839, 68.358093, 119.125175, 42.964451,20.852463, 194.317169, 0.999865
5, 615,23,105.260780, 105.248322, 119.125175, 42.964451,20.852463, 194.317169, 1.000118
5, 615,24,71.666611, 71.666557, 119.125175, 42.964451,20.852463, 194.317169, 1.000001
5, 615,25,138.185959, 138.190109, 119.125175, 42.964451,20.852463, 194.317169, 0.999970
5, 615,26,105.562782, 105.562599, 119.125175, 42.964451,20.852463, 194.317169, 1.000002
5, 615,27,165.117966, 165.126373, 119.125175, 42.964451,20.852463, 194.317169, 0.999949
5, 615,28,118.147240, 118.156479, 119.125175, 42.964451,20.852463, 194.317169, 0.999922
5, 615,29,94.569176, 94.568680, 119.125175, 42.964451,20.852463, 194.317169, 1.000005
5, 615,30,60.441742, 60.421215, 119.125175, 42.964451,20.852463, 194.317169, 1.000340
5, 615,31,119.473991, 119.470718, 119.125175, 42.964451,20.852463, 194.317169, 1.000027
5, 616,0,109.402847, 109.394539, 119.124741, 50.061256,14.420485, 182.804184, 1.000076
5, 616,1,113.936058, 113.947197, 119.124741, 50.061256,14.420485, 182.804184, 0.999902
5, 616,2,131.358536, 131.351318, 119.124741, 50.061256,14.420485, 182.804184, 1.000055
5, 616,3,173.659225, 173.678375, 119.124741, 50.061256,14.420485, 182.804184, 0.999890
5, 616,4,156.231628, 156.226486, 119.124741, 50.061256,14.420485, 182.804184, 1.000033
5, 616,5,178.392944, 178.400833, 119.124741, 50.061256,14.420485, 182.804184, 0.999956
5, 616,6,89.611877, 89.613266, 119.124741, 50.061256,14.420485, 182.804184, 0.999985
5, 616,7,152.699463, 152.703217, 119.124741, 50.061256,14.420485, 182.804184, 0.999975
5, 616,8,79.400383, 79.404259, 119.124741, 50.061256,14.420485, 182.804184, 0.999951
5, 616,9,128.882553, 128.889282, 119.124741, 50.061256,14.420485, 182.804184, 0.999948
5, 616,10,46.018780, 46.023357, 119.124741, 50.061256,14.420485, 182.804184, 0.999901
5, 616,11,130.736465, 130.730515, 119.124741, 50.061256,14.420485, 182.804184, 1.000046
5, 616,12,182.804184, 182.804932, 119.124741, 50.061256,14.420485, 182.804184, 0.999996
5, 616,13,99.171761, 99.164314, 119.124741, 50.061256,14.420485, 182.804184, 1.000075
5, 616,14,27.636955, 27.642902, 119.124741, 50.061256,14.420485, 182.804184, 0.999785
5, 616,15,45.676525, 45.673153, 119.124741, 50.061256,14.420485, 182.804184, 1.000074
5, 616,16,160.678833, 160.694260, 119.124741, 50.061256,14.420485, 182.804184, 0.999904
5, 616,17,135.092926, 135.097443, 119.124741, 50.061256,14.420485, 182.804184, 0.999967
5, 616,18,163.538345, 163.527740, 119.124741, 50.061256,14.420485, 182.804184, 1.000065
5, 616,19,14.420485, 14.420012, 119.124741, 50.061256,14.420485, 182.804184, 1.000033
5, 616,20,149.845566, 149.837906, 119.124741, 50.061256,14.420485, 182.804184, 1.000051
5, 616,21,15.982689, 15.985321, 119.124741, 50.061256,14.420485, 182.804184, 0.999835
5, 616,22,112.351250, 112.355354, 119.124741, 50.061256,14.420485, 182.804184, 0.999963
5, 616,23,159.050583, 159.044052, 119.124741, 50.061256,14.420485, 182.804184, 1.000041
5, 616,24,142.349274, 142.335037, 119.124741, 50.061256,14.420485, 182.804184, 1.000100
5, 616,25,168.350632, 168.340393, 119.124741, 50.061256,14.420485, 182.804184, 1.000061
5, 616,26,81.057739, 81.065079, 119.124741, 50.061256,14.420485, 182.804184, 0.999909
5, 616,27,180.746338, 180.746140, 119.124741, 50.061256,14.420485, 182.804184, 1.000001
5, 616,28,155.473663, 155.473007, 119.124741, 50.061256,14.420485, 182.804184, 1.000004
5, 616,29,134.948959, 134.948883, 119.124741, 50.061256,14.420485, 182.804184, 1.000001
5, 616,30,136.364151, 136.360321, 119.124741, 50.061256,14.420485, 182.804184, 1.000028
5, 616,31,56.120155, 56.120934, 119.124741, 50.061256,14.420485, 182.804184, 0.999986
5, 617,0,186.479935, 186.484985, 119.127914, 65.844337,13.806249, 208.251907, 0.999973
5, 617,1,17.287064, 17.284683, 119.127914, 65.844337,13.806249, 208.251907, 1.000138
5, 617,2,183.744690, 183.744873, 119.127914, 65.844337,13.806249, 208.251907, 0.999999
5, 617,3,14.381384, 14.380531, 119.127914, 65.844337,13.806249, 208.251907, 1.000059
5, 617,4,119.459412, 119.458611, 119.127914, 65.844337,13.806249, 208.251907, 1.000007
5, 617,5,148.054184, 148.044449, 119.127914, 65.844337,13.806249, 208.251907, 1.000066
5, 617,6,133.508041, 133.505463, 119.127914, 65.844337,13.806249, 208.251907, 1.000019
5, 617,7,139.492661, 139.496033, 119.127914, 65.844337,13.806249, 208.251907, 0.999976
5, 617,8,203.959778, 203.958496, 119.127914, 65.844337,13.806249, 208.251907, 1.000006
5, 617,9,153.190720, 153.190506, 119.127914, 65.844337,13.806249, 208.251907, 1.000001
5, 617,10,201.036301, 201.036102, 119.127914, 65.844337,13.806249, 208.251907, 1.000001
5, 617,11,97.432831, 97.434433, 119.127914, 65.844337,13.806249, 208.251907, 0.999984
5, 617,12,13.806249, 13.809422, 119.127914, 65.844337,13.806249, 208.251907, 0.999770
5, 617,13,181.418777, 181.417908, 119.127914, 65.844337,13.806249, 208.251907, 1.000005
5, 617,14,44.974308, 44.971340, 119.127914, 65.844337,13.806249, 208.251907, 1.000066
5, 617,15,100.515251, 100.496552, 119.127914, 65.844337,13.806249, 208.251907, 1.000186
5, 617,16,53.490719, 53.477226, 119.127914, 65.844337,13.806249, 208.251907, 1.000252
5, 617,17,172.895218, 172.875565, 119.127914, 65.844337,13.806249, 208.251907, 1.000114
5, 617,18,162.605057, 162.613800, 119.127914, 65.844337,13.806249, 208.251907, 0.999946
5, 617,19,192.030182, 192.013794, 119.127914, 65.844337,13.806249, 208.251907, 1.000085
5, 617,20,66.679146, 66.673508, 119.127914, 65.844337,13.806249, 208.251907, 1.000085
5, 617,21,180.320328, 180.318207, 119.127914, 65.844337,13.806249, 208.251907, 1.000012
5, 617,22,55.586456, 55.591549, 119.127914, 65.844337,13.806249, 208.251907, 0.999908
5, 617,23,199.842133, 199.839218, 119.127914, 65.844337,13.806249, 208.251907, 1.000015
5, 617,24,96.708176, 96.717506, 119.127914, 65.844337,13.806249, 208.251907, 0.999904
5, 617,25,199.080032, 199.067612, 119.127914, 65.844337,13.806249, 208.251907, 1.000062
5, 617,26,58.809063, 58.811634, 119.127914, 65.844337,13.806249, 208.251907, 0.999956
5, 617,27,47.935520, 47.924099, 119.127914, 65.844337,13.806249, 208.251907, 1.000238
5, 617,28,74.405426, 74.407784, 119.127914, 65.844337,13.806249, 208.251907, 0.999968
5, 617,29,34.773479, 34.770355, 119.127914, 65.844337,13.806249, 208.251907, 1.000090
5, 617,30,69.938408, 69.930038, 119.127914, 65.844337,13.806249, 208.251907, 1.000120
5, 617,31,208.251907, 208.253967, 119.127914, 65.844337,13.806249, 208.251907, 0.999990
5, 618,0,180.483994, 180.473648, 119.125313, 52.547974,13.603865, 205.570389, 1.000057
5, 618,1,36.442822, 36.438042, 119.125313, 52.547974,13.603865, 205.570389, 1.000131
5, 618,2,63.616531, 63.610302, 119.125313, 52.547974,13.603865, 205.570389, 1.000098
5, 618,3,185.378647, 185.356232, 119.125313, 52.547974,13.603865, 205.570389, 1.000121
5, 618,4,139.843674, 139.840698, 119.125313, 52.547974,13.603865, 205.570389, 1.000021
5, 618,5,37.247982, 37.251801, 119.125313, 52.547974,13.603865, 205.570389, 0.999897
5, 618,6,205.570389, 205.559494, 119.125313, 52.547974,13.603865, 205.570389, 1.000053
5, 618,7,183.497223, 183.496201, 119.125313, 52.547974,13.603865, 205.570389, 1.000006
5, 618,8,111.235504, 111.248955, 119.125313, 52.547974,13.603865, 205.570389, 0.999879
5, 618,9,120.988983, 120.989594, 119.125313, 52.547974,13.603865, 205.570389, 0.999995
5, 618,10,73.604073, 73.583458, 119.125313, 52.547974,13.603865, 205.570389, 1.000280
5, 618,11,82.694115, 82.693901, 119.125313, 52.547974,13.603865, 205.570389, 1.000003
5, 618,12,115.514755, 115.507416, 119.125313, 52.547974,13.603865, 205.570389, 1.000064
5, 618,13,152.514008, 152.530472, 119.125313, 52.547974,13.603865, 205.570389, 0.999892
5, 618,14,191.029282, 191.028061, 119.125313, 52.547974,13.603865, 205.570389, 1.000006
5, 618,15,64.156891, 64.154846, 119.125313, 52.547974,13.603865, 205.570389, 1.000032
5, 618,16,69.207481, 69.220963, 119.125313, 52.547974,13.603865, 205.570389, 0.999805
5, 618,17,104.121719, 104.114769, 119.125313, 52.547974,13.603865, 205.570389, 1.000067
5, 618,18,171.726654, 171.724197, 119.125313, 52.547974,13.603865, 205.570389, 1.000014
5, 618,19,188.464233, 188.470535, 119.125313, 52.547974,13.603865, 205.570389, 0.999967
5, 618,20,177.186386, 177.194138, 119.125313, 52.547974,13.603865, 205.570389, 0.999956
5, 618,21,106.200966, 106.207298, 119.125313, 52.547974,13.603865, 205.570389, 0.999940
5, 618,22,96.232422, 96.246384, 119.125313, 52.547974,13.603865, 205.570389, 0.999855
5, 618,23,101.279884, 101.281906, 119.125313, 52.547974,13.603865, 205.570389, 0.999980
5, 618,24,136.384201, 136.371521, 119.125313, 52.547974,13.603865, 205.570389, 1.000093
5, 618,25,53.892788, 53.881886, 119.125313, 52.547974,13.603865, 205.570389, 1.000202
5, 618,26,13.603865, 13.603797, 119.125313, 52.547974,13.603865, 205.570389, 1.000005
5, 618,27,152.148300, 152.151123, 119.125313, 52.547974,13.603865, 205.570389, 0.999981
5, 618,28,114.820923, 114.822151, 119.125313, 52.547974,13.603865, 205.570389, 0.999989
5, 618,29,103.237419, 103.252060, 119.125313, 52.547974,13.603865, 205.570389, 0.999858
5, 618,30,181.155014, 181.152817, 119.125313, 52.547974,13.603865, 205.570389, 1.000012
5, 618,31,98.529236, 98.540817, 119.125313, 52.547974,13.603865, 205.570389, 0.999882
5, 619,0,165.431976, 165.437943, 119.125397, 64.579369,16.319756, 225.575134, 0.999964
5, 619,1,90.452713, 90.447060, 119.125397, 64.579369,16.319756, 225.575134, 1.000062
5, 619,2,155.047729, 155.041489, 119.125397, 64.579369,16.319756, 225.575134, 1.000040
5, 619,3,93.917084, 93.919174, 119.125397, 64.579369,16.319756, 225.575134, 0.999978
5, 619,4,166.159271, 166.165451, 119.125397, 64.579369,16.319756, 225.575134, 0.999963
5, 619,5,180.701477, 180.695389, 119.125397, 64.579369,16.319756, 225.575134, 1.000034
5, 619,6,74.717468, 74.720078, 119.125397, 64.579369,16.319756, 225.575134, 0.999965
5, 619,7,94.216576, 94.210167, 119.125397, 64.579369,16.319756, 225.575134, 1.000068
5, 619,8,112.328079, 112.324646, 119.125397, 64.579369,16.319756, 225.575134, 1.000031
5, 619,9,225.575134, 225.574829, 119.125397, 64.579369,16.319756, 225.575134, 1.000001
5, 619,10,33.037682, 33.034946, 119.125397, 64.579369,16.319756, 225.575134, 1.000083
5, 619,11,60.993877, 60.990368, 119.125397, 64.579369,16.319756, 225.575134, 1.000058
5, 619,12,108.163910, 108.158112, 119.125397, 64.579369,16.319756, 225.575134, 1.000054
5, 619,13,118.199593, 118.197456, 119.125397, 64.579369,16.319756, 225.575134, 1.000018
5, 619,14,58.298965, 58.311890, 119.125397, 64.579369,16.319756, 225.575134, 0.999778
5, 619,15,27.930943, 27.929298, 119.125397, 64.579369,16.319756, 225.575134, 1.000059
5, 619,16,21.901953, 21.897753, 119.125397, 64.579369,16.319756, 225.575134, 1.000192
5, 619,17,21.157579, 21.163651, 119.125397, 64.579369,16.319756, 225.575134, 0.999713
5, 619,18,35.732670, 35.733273, 119.125397, 64.579369,16.319756, 225.575134, 0.999983
5, 619,19,195.661972, 195.661819, 119.125397, 64.579369,16.319756, 225.575134, 1.000001
5, 619,20,224.828156, 224.827530, 119.125397, 64.579369,16.319756, 225.575134, 1.000003
5, 619,21,126.944679, 126.940559, 119.125397, 64.579369,16.319756, 225.575134, 1.000032
5, 619,22,128.309662, 128.316177, 119.125397, 64.579369,16.319756, 225.575134, 0.999949
5, 619,23,129.415894, 129.427246, 119.125397, 64.579369,16.319756, 225.575134, 0.999912
5, 619,24,16.319756, 16.322540, 119.125397, 64.579369,16.319756, 225.575134, 0.999829
5, 619,25,208.677948, 208.670639, 119.125397, 64.579369,16.319756, 225.575134, 1.000035
5, 619,26,92.724640, 92.715500, 119.125397, 64.579369,16.319756, 225.575134, 1.000099
5, 619,27,188.555801, 188.558884, 119.125397, 64.579369,16.319756, 225.575134, 0.999984
5, 619,28,188.881073, 188.882950, 119.125397, 64.579369,16.319756, 225.575134, 0.999990
5, 619,29,187.306793, 187.302322, 119.125397, 64.579369,16.319756, 225.575134, 1.000024
5, 619,30,97.230507, 97.239159, 119.125397, 64.579369,16.319756, 225.575134, 0.999911
5, 619,31,183.191010, 183.182083, 119.125397, 64.579369,16.319756, 225.575134, 1.000049
5, 620,0,38.626942, 38.622562, 119.123558, 56.275234,14.475129, 196.124649, 1.000113
5, 620,1,14.539822, 14.539886, 119.123558, 56.275234,14.475129, 196.124649, 0.999996
5, 620,2,111.113350, 111.112946, 119.123558, 56.275234,14.475129, 196.124649, 1.000004
5, 620,3,102.774284, 102.778000, 119.123558, 56.275234,14.475129, 196.124649, 0.999964
5, 620,4,60.609615, 60.606728, 119.123558, 56.275234,14.475129, 196.124649, 1.000048
5, 620,5,91.601555, 91.593803, 119.123558, 56.275234,14.475129, 196.124649, 1.000085
5, 620,6,111.098763, 111.107040, 119.123558, 56.275234,14.475129, 196.124649, 0.999925
5, 620,7,140.637146, 140.639938, 119.123558, 56.275234,14.475129, 196.124649, 0.999980
5, 620,8,157.730652, 157.741364, 119.123558, 56.275234,14.475129, 196.124649, 0.999932
5, 620,9,132.381012, 132.381836, 119.123558, 56.275234,14.475129, 196.124649, 0.999994
5, 620,10,166.844254, 166.850693, 119.123558, 56.275234,14.475129, 196.124649, 0.999961
5, 620,11,176.465561, 176.456573, 119.123558, 56.275234,14.475129, 196.124649, 1.000051
5, 620,12,134.597061, 134.598572, 119.123558, 56.275234,14.475129, 196.124649, 0.999989
5, 620,13,192.882996, 192.878189, 119.123558, 56.275234,14.475129, 196.124649, 1.000025
5, 620,14,54.879303, 54.878662, 119.123558, 56.275234,14.475129, 196.124649, 1.000012
5, 620,15,175.546097, 175.546234, 119.123558, 56.275234,14.475129, 196.124649, 0.999999
5, 620,16,176.685699, 176.687119, 119.123558, 56.275234,14.475129, 196.124649, 0.999992
5, 620,17,150.218613, 150.216263, 119.123558, 56.275234,14.475129, 196.124649, 1.000016
5, 620,18,101.927544, 101.926781, 119.123558, 56.275234,14.475129, 196.124649, 1.000008
5, 620,19,155.021301, 155.033981, 119.123558, 56.275234,14.475129, 196.124649, 0.999918
5, 620,20,49.195236, 49.197891, 119.123558, 56.275234,14.475129, 196.124649, 0.999946
5, 620,21,193.635651, 193.640747, 119.123558, 56.275234,14.475129, 196.124649, 0.999974
5, 620,22,26.732702, 26.723095, 119.123558, 56.275234,14.475129, 196.124649, 1.000360
5, 620,23,196.124649, 196.129410, 119.123558, 56.275234,14.475129, 196.124649, 0.999976
5, 620,24,149.899719, 149.891144, 119.123558, 56.275234,14.475129, 196.124649, 1.000057
5, 620,25,14.475129, 14.468950, 119.123558, 56.275234,14.475129, 196.124649, 1.000427
5, 620,26,135.337112, 135.343414, 119.123558, 56.275234,14.475129, 196.124649, 0.999953
5, 620,27,175.195953, 175.215210, 119.123558, 56.275234,14.475129, 196.124649, 0.999890
5, 620,28,112.360870, 112.366150, 119.123558, 56.275234,14.475129, 196.124649, 0.999953
5, 620,29,115.016632, 115.020332, 119.123558, 56.275234,14.475129, 196.124649, 0.999968
5, 620,30,33.569012, 33.574303, 119.123558, 56.275234,14.475129, 196.124649, 0.999842
5, 620,31,164.229584, 164.231979, 119.123558, 56.275234,14.475129, 196.124649, 0.999985
5, 621,0,56.794849, 56.790146, 119.125107, 68.459618,20.044121, 220.089813, 1.000083
5, 621,1,41.113949, 41.104385, 119.125107, 68.459618,20.044121, 220.089813, 1.000233
5, 621,2,217.715164, 217.709610, 119.125107, 68.459618,20.044121, 220.089813, 1.000026
5, 621,3,32.514748, 32.514889, 119.125107, 68.459618,20.044121, 220.089813, 0.999996
5, 621,4,159.972137, 159.973679, 119.125107, 68.459618,20.044121, 220.089813, 0.999990
5, 621,5,30.341461, 30.350389, 119.125107, 68.459618,20.044121, 220.089813, 0.999706
5, 621,6,174.630402, 174.631989, 119.125107, 68.459618,20.044121, 220.089813, 0.999991
5, 621,7,169.028381, 169.035812, 119.125107, 68.459618,20.044121, 220.089813, 0.999956
5, 621,8,160.354462, 160.350403, 119.125107, 68.459618,20.044121, 220.089813, 1.000025
5, 621,9,197.431641, 197.434570, 119.125107, 68.459618,20.044121, 220.089813, 0.999985
5, 621,10,137.122849, 137.123154, 119.125107, 68.459618,20.044121, 220.089813, 0.999998
5, 621,11,25.261440, 25.261082, 119.125107, 68.459618,20.044121, 220.089813, 1.000014
5, 621,12,200.186737, 200.194977, 119.125107, 68.459618,20.044121, 220.089813, 0.999959
5, 621,13,20.044121, 20.048477, 119.125107, 68.459618,20.044121, 220.089813, 0.999783
5, 621,14,50.716045, 50.700779, 119.125107, 68.459618,20.044121, 220.089813, 1.000301
5, 621,15,27.771469, 27.768063, 119.125107, 68.459618,20.044121, 220.089813, 1.000123
5, 621,16,118.184303, 118.197495, 119.125107, 68.459618,20.044121, 220.089813, 0.999888
5, 621,17,105.872169, 105.874924, 119.125107, 68.459618,20.044121, 220.089813, 0.999974
5, 621,18,77.805634, 77.804947, 119.125107, 68.459618,20.044121, 220.089813, 1.000009
5, 621,19,129.480515, 129.478912, 119.125107, 68.459618,20.044121, 220.089813, 1.000012
5, 621,20,193.806824, 193.811081, 119.125107, 68.459618,20.044121, 220.089813, 0.999978
5, 621,21,211.951248, 211.949020, 119.125107, 68.459618,20.044121, 220.089813, 1.000010
5, 621,22,171.081787, 171.070145, 119.125107, 68.459618,20.044121, 220.089813, 1.000068
5, 621,23,220.089813, 220.093292, 119.125107, 68.459618,20.044121, 220.089813, 0.999984
5, 621,24,56.204521, 56.194221, 119.125107, 68.459618,20.044121, 220.089813, 1.000183
5, 621,25,77.046005, 77.058342, 119.125107, 68.459618,20.044121, 220.089813, 0.999840
5, 621,26,185.351044, 185.351730, 119.125107, 68.459618,20.044121, 220.089813, 0.999996
5, 621,27,42.510929, 42.508568, 119.125107, 68.459618,20.044121, 220.089813, 1.000056
5, 621,28,197.487823, 197.489365, 119.125107, 68.459618,20.044121, 220.089813, 0.999992
5, 621,29,72.176750, 72.181374, 119.125107, 68.459618,20.044121, 220.089813, 0.999936
5, 621,30,86.657265, 86.647888, 119.125107, 68.459618,20.044121, 220.089813, 1.000108
5, 621,31,165.296860, 165.295883, 119.125107, 68.459618,20.044121, 220.089813, 1.000006
5, 622,0,102.174652, 102.173531, 119.124771, 72.948006,11.917497, 243.708801, 1.000011
5, 622,1,145.685318, 145.683548, 119.124771, 72.948006,11.917497, 243.708801, 1.000012
5, 622,2,167.380783, 167.385666, 119.124771, 72.948006,11.917497, 243.708801, 0.999971
5, 622,3,67.685806, 67.670792, 119.124771, 72.948006,11.917497, 243.708801, 1.000222
5, 622,4,71.006210, 71.010750, 119.124771, 72.948006,11.917497, 243.708801, 0.999936
5, 622,5,42.471569, 42.462494, 119.124771, 72.948006,11.917497, 243.708801, 1.000214
5, 622,6,53.988136, 53.986073, 119.124771, 72.948006,11.917497, 243.708801, 1.000038
5, 622,7,11.917497, 11.919337, 119.124771, 72.948006,11.917497, 243.708801, 0.999846
5, 622,8,231.134476, 231.124283, 119.124771, 72.948006,11.917497, 243.708801, 1.000044
5, 622,9,197.256897, 197.256302, 119.124771, 72.948006,11.917497, 243.708801, 1.000003
5, 622,10,52.428169, 52.429443, 119.124771, 72.948006,11.917497, 243.708801, 0.999976
5, 622,11,189.709030, 189.692307, 119.124771, 72.948006,11.917497, 243.708801, 1.000088
5, 622,12,188.741211, 188.740189, 119.124771, 72.948006,11.917497, 243.708801, 1.000005
5, 622,13,30.212093, 30.221052, 119.124771, 72.948006,11.917497, 243.708801, 0.999704
5, 622,14,128.939667, 128.938461, 119.124771, 72.948006,11.917497, 243.708801, 1.000009
5, 622,15,203.379623, 203.392136, 119.124771, 72.948006,11.917497, 243.708801, 0.999938
5, 622,16,33.638985, 33.629005, 119.124771, 72.948006,11.917497, 243.708801, 1.000297
5, 622,17,228.716339, 228.706223, 119.124771, 72.948006,11.917497, 243.708801, 1.000044
5, 622,18,179.754074, 179.748016, 119.124771, 72.948006,11.917497, 243.708801, 1.000034
5, 622,19,60.677734, 60.688641, 119.124771, 72.948006,11.917497, 243.708801, 0.999820
5, 622,20,34.535030, 34.528225, 119.124771, 72.948006,11.917497, 243.708801, 1.000197
5, 622,21,225.563538, 225.562744, 119.124771, 72.948006,11.917497, 243.708801, 1.000004
5, 622,22,74.951691, 74.940102, 119.124771, 72.948006,11.917497, 243.708801, 1.000155
5, 622,23,74.087212, 74.093773, 119.124771, 72.948006,11.917497, 243.708801, 0.999911
5, 622,24,104.710701, 104.712502, 119.124771, 72.948006,11.917497, 243.708801, 0.999983
5, 622,25,80.846626, 80.841682, 119.124771, 72.948006,11.917497, 243.708801, 1.000061
5, 622,26,110.875725, 110.886116, 119.124771, 72.948006,11.917497, 243.708801, 0.999906
5, 622,27,29.758698, 29.760107, 119.124771, 72.948006,11.917497, 243.708801, 0.999953
5, 622,28,221.847656, 221.852524, 119.124771, 72.948006,11.917497, 243.708801, 0.999978
5, 622,29,243.708801, 243.728439, 119.124771, 72.948006,11.917497, 243.708801, 0.999919
5, 622,30,145.773041, 145.789337, 119.124771, 72.948006,11.917497, 243.708801, 0.999888
5, 622,31,78.435913, 78.446289, 119.124771, 72.948006,11.917497, 243.708801, 0.999868
5, 623,0,122.697372, 122.693954, 119.125336, 56.328186,24.128828, 203.450714, 1.000028
5, 623,1,197.868759, 197.878555, 119.125336, 56.328186,24.128828, 203.450714, 0.999950
5, 623,2,24.128828, 24.119923, 119.125336, 56.328186,24.128828, 203.450714, 1.000369
5, 623,3,203.450714, 203.452225, 119.125336, 56.328186,24.128828, 203.450714, 0.999993
5, 623,4,55.015026, 55.007252, 119.125336, 56.328186,24.128828, 203.450714, 1.000141
5, 623,5,44.587997, 44.583195, 119.125336, 56.328186,24.128828, 203.450714, 1.000108
5, 623,6,65.449104, 65.444580, 119.125336, 56.328186,24.128828, 203.450714, 1.000069
5, 623,7,144.847946, 144.835968, 119.125336, 56.328186,24.128828, 203.450714, 1.000083
5, 623,8,126.979744, 126.973732, 119.125336, 56.328186,24.128828, 203.450714, 1.000047
5, 623,9,81.350761, 81.349396, 119.125336, 56.328186,24.128828, 203.450714, 1.000017
5, 623,10,26.553793, 26.548443, 119.125336, 56.328186,24.128828, 203.450714, 1.000201
5, 623,11,168.335098, 168.338196, 119.125336, 56.328186,24.128828, 203.450714, 0.999982
5, 623,12,190.330200, 190.327591, 119.125336, 56.328186,24.128828, 203.450714, 1.000014
5, 623,13,144.074249, 144.072906, 119.125336, 56.328186,24.128828, 203.450714, 1.000009
5, 623,14,160.764084, 160.767319, 119.125336, 56.328186,24.128828, 203.450714, 0.999980
5, 623,15,122.236046, 122.216225, 119.125336, 56.328186,24.128828, 203.450714, 1.000162
5, 623,16,71.528244, 71.529160, 119.125336, 56.328186,24.128828, 203.450714, 0.999987
5, 623,17,139.446106, 139.448090, 119.125336, 56.328186,24.128828, 203.450714, 0.999986
5, 623,18,89.452286, 89.451103, 119.125336, 56.328186,24.128828, 203.450714, 1.000013
5, 623,19,182.752060, 182.750092, 119.125336, 56.328186,24.128828, 203.450714, 1.000011
5, 623,20,55.006523, 55.013885, 119.125336, 56.328186,24.128828, 203.450714, 0.999866
5, 623,21,144.285721, 144.278595, 119.125336, 56.328186,24.128828, 203.450714, 1.000049
5, 623,22,162.001419, 161.994858, 119.125336, 56.328186,24.128828, 203.450714, 1.000041
5, 623,23,62.858860, 62.870083, 119.125336, 56.328186,24.128828, 203.450714, 0.999821
5, 623,24,132.016907, 132.016556, 119.125336, 56.328186,24.128828, 203.450714, 1.000003
5, 623,25,77.081825, 77.096169, 119.125336, 56.328186,24.128828, 203.450714, 0.999814
5, 623,26,185.063080, 185.065796, 119.125336, 56.328186,24.128828, 203.450714, 0.999985
5, 623,27,25.038912, 25.042229, 119.125336, 56.328186,24.128828, 203.450714, 0.999868
5, 623,28,141.577759, 141.571396, 119.125336, 56.328186,24.128828, 203.450714, 1.000045
5, 623,29,172.012772, 172.027435, 119.125336, 56.328186,24.128828, 203.450714, 0.999915
5, 623,30,93.768456, 93.783951, 119.125336, 56.328186,24.128828, 203.450714, 0.999835
5, 623,31,199.450119, 199.451126, 119.125336, 56.328186,24.128828, 203.450714, 0.999995
5, 624,0,263.663910, 263.668274, 119.125954, 73.675346,10.723305, 263.663910, 0.999983
5, 624,1,140.869034, 140.862579, 119.125954, 73.675346,10.723305, 263.663910, 1.000046
5, 624,2,86.766205, 86.764969, 119.125954, 73.675346,10.723305, 263.663910, 1.000014
5, 624,3,41.295708, 41.297379, 119.125954, 73.675346,10.723305, 263.663910, 0.999960
5, 624,4,191.682022, 191.670990, 119.125954, 73.675346,10.723305, 263.663910, 1.000058
5, 624,5,29.652506, 29.652229, 119.125954, 73.675346,10.723305, 263.663910, 1.000009
5, 624,6,152.214401, 152.208725, 119.125954, 73.675346,10.723305, 263.663910, 1.000037
5, 624,7,44.050743, 44.046700, 119.125954, 73.675346,10.723305, 263.663910, 1.000092
5, 624,8,41.752251, 41.754215, 119.125954, 73.675346,10.723305, 263.663910, 0.999953
5, 624,9,82.095749, 82.096931, 119.125954, 73.675346,10.723305, 263.663910, 0.999986
5, 624,10,115.704201, 115.686806, 119.125954, 73.675346,10.723305, 263.663910, 1.000150
5, 624,11,10.723305, 10.722631, 119.125954, 73.675346,10.723305, 263.663910, 1.000063
5, 624,12,183.912796, 183.913086, 119.125954, 73.675346,10.723305, 263.663910, 0.999998
5, 624,13,144.092712, 144.085358, 119.125954, 73.675346,10.723305, 263.663910, 1.000051
5, 624,14,157.389053, 157.383408, 119.125954, 73.675346,10.723305, 263.663910, 1.000036
5, 624,15,111.128250, 111.126747, 119.125954, 73.675346,10.723305, 263.663910, 1.000013
5, 624,16,19.039883, 19.045341, 119.125954, 73.675346,10.723305, 263.663910, 0.999713
5, 624,17,240.803772, 240.784943, 119.125954, 73.675346,10.723305, 263.663910, 1.000078
5, 624,18,210.990295, 210.982666, 119.125954, 73.675346,10.723305, 263.663910, 1.000036
5, 624,19,108.396820, 108.402344, 119.125954, 73.675346,10.723305, 263.663910, 0.999949
5, 624,20,68.075737, 68.084549, 119.125954, 73.675346,10.723305, 263.663910, 0.999871
5, 624,21,58.743885, 58.748493, 119.125954, 73.675346,10.723305, 263.663910, 0.999922
5, 624,22,54.360611, 54.371178, 119.125954, 73.675346,10.723305, 263.663910, 0.999806
5, 624,23,209.731110, 209.736755, 119.125954, 73.675346,10.723305, 263.663910, 0.999973
5, 624,24,134.346985, 134.358917, 119.125954, 73.675346,10.723305, 263.663910, 0.999911
5, 624,25,138.170929, 138.171402, 119.125954, 73.675346,10.723305, 263.663910, 0.999997
5, 624,26,257.757233, 257.754303, 119.125954, 73.675346,10.723305, 263.663910, 1.000011
5, 624,27,161.220947, 161.229126, 119.125954, 73.675346,10.723305, 263.663910, 0.999949
5, 624,28,11.661566, 11.661220, 119.125954, 73.675346,10.723305, 263.663910, 1.000030
5, 624,29,54.781826, 54.786484, 119.125954, 73.675346,10.723305, 263.663910, 0.999915
5, 624,30,187.283875, 187.285385, 119.125954, 73.675346,10.723305, 263.663910, 0.999992
5, 624,31,99.672150, 99.656029, 119.125954, 73.675346,10.723305, 263.663910, 1.000162
5, 625,0,69.792610, 69.802261, 119.123016, 67.426834,12.307679, 205.465347, 0.999862
5, 625,1,122.391373, 122.382057, 119.123016, 67.426834,12.307679, 205.465347, 1.000076
5, 625,2,12.307679, 12.297786, 119.123016, 67.426834,12.307679, 205.465347, 1.000805
5, 625,3,202.947037, 202.954163, 119.123016, 67.426834,12.307679, 205.465347, 0.999965
5, 625,4,137.738876, 137.742523, 119.123016, 67.426834,12.307679, 205.465347, 0.999974
5, 625,5,19.711172, 19.705751, 119.123016, 67.426834,12.307679, 205.465347, 1.000275
5, 625,6,145.937225, 145.928391, 119.123016, 67.426834,12.307679, 205.465347, 1.000061
5, 625,7,134.137680, 134.146255, 119.123016, 67.426834,12.307679, 205.465347, 0.999936
5, 625,8,117.290611, 117.307785, 119.123016, 67.426834,12.307679, 205.465347, 0.999854
5, 625,9,22.119656, 22.123215, 119.123016, 67.426834,12.307679, 205.465347, 0.999839
5, 625,10,180.948898, 180.951660, 119.123016, 67.426834,12.307679, 205.465347, 0.999985
5, 625,11,109.429466, 109.433090, 119.123016, 67.426834,12.307679, 205.465347, 0.999967
5, 625,12,113.113167, 113.113136, 119.123016, 67.426834,12.307679, 205.465347, 1.000000
5, 625,13,173.527435, 173.531738, 119.123016, 67.426834,12.307679, 205.465347, 0.999975
5, 625,14,186.799423, 186.815811, 119.123016, 67.426834,12.307679, 205.465347, 0.999912
5, 625,15,199.371780, 199.369843, 119.123016, 67.426834,12.307679, 205.465347, 1.000010
5, 625,16,155.287933, 155.287064, 119.123016, 67.426834,12.307679, 205.465347, 1.000006
5, 625,17,148.547440, 148.549301, 119.123016, 67.426834,12.307679, 205.465347, 0.999987
5, 625,18,178.122849, 178.145264, 119.123016, 67.426834,12.307679, 205.465347, 0.999874
5, 625,19,205.465347, 205.461380, 119.123016, 67.426834,12.307679, 205.465347, 1.000019
5, 625,20,28.628244, 28.633606, 119.123016, 67.426834,12.307679, 205.465347, 0.999813
5, 625,21,181.522583, 181.514145, 119.123016, 67.426834,12.307679, 205.465347, 1.000046
5, 625,22,195.363068, 195.372665, 119.123016, 67.426834,12.307679, 205.465347, 0.999951
5, 625,23,31.028219, 31.027132, 119.123016, 67.426834,12.307679, 205.465347, 1.000035
5, 625,24,47.427788, 47.452713, 119.123016, 67.426834,12.307679, 205.465347, 0.999475
5, 625,25,139.240494, 139.238480, 119.123016, 67.426834,12.307679, 205.465347, 1.000014
5, 625,26,71.734192, 71.723068, 119.123016, 67.426834,12.307679, 205.465347, 1.000155
5, 625,27,12.567641, 12.555090, 119.123016, 67.426834,12.307679, 205.465347, 1.001000
5, 625,28,183.881897, 183.889709, 119.123016, 67.426834,12.307679, 205.465347, 0.999958
5, 625,29,199.569992, 199.567322, 119.123016, 67.426834,12.307679, 205.465347, 1.000013
5, 625,30,69.173172, 69.167984, 119.123016, 67.426834,12.307679, 205.465347, 1.000075
5, 625,31,16.812086, 16.809584, 119.123016, 67.426834,12.307679, 205.465347, 1.000149
5, 626,0,166.577255, 166.573944, 119.127518, 64.993057,13.911848, 222.038528, 1.000020
5, 626,1,30.741421, 30.739176, 119.127518, 64.993057,13.911848, 222.038528, 1.000073
5, 626,2,145.253799, 145.256348, 119.127518, 64.993057,13.911848, 222.038528, 0.999982
5, 626,3,138.569717, 138.568588, 119.127518, 64.993057,13.911848, 222.038528, 1.000008
5, 626,4,28.959034, 28.951876, 119.127518, 64.993057,13.911848, 222.038528, 1.000247
5, 626,5,127.383636, 127.376846, 119.127518, 64.993057,13.911848, 222.038528, 1.000053
5, 626,6,145.585480, 145.574814, 119.127518, 64.993057,13.911848, 222.038528, 1.000073
5, 626,7,177.419128, 177.427734, 119.127518, 64.993057,13.911848, 222.038528, 0.999951
5, 626,8,42.843616, 42.853817, 119.127518, 64.993057,13.911848, 222.038528, 0.999762
5, 626,9,222.038528, 222.025742, 119.127518, 64.993057,13.911848, 222.038528, 1.000058
5, 626,10,211.660919, 211.659409, 119.127518, 64.993057,13.911848, 222.038528, 1.000007
5, 626,11,59.239124, 59.238483, 119.127518, 64.993057,13.911848, 222.038528, 1.000011
5, 626,12,174.323547, 174.327576, 119.127518, 64.993057,13.911848, 222.038528, 0.999977
5, 626,13,19.850155, 19.846397, 119.127518, 64.993057,13.911848, 222.038528, 1.000189
5, 626,14,182.012787, 182.009735, 119.127518, 64.993057,13.911848, 222.038528, 1.000017
5, 626,15,105.511299, 105.513290, 119.127518, 64.993057,13.911848, 222.038528, 0.999981
5, 626,16,54.113319, 54.117054, 119.127518, 64.993057,13.911848, 222.038528, 0.999931
5, 626,17,13.911848, 13.899563, 119.127518, 64.993057,13.911848, 222.038528, 1.000884
5, 626,18,102.018143, 102.010185, 119.127518, 64.993057,13.911848, 222.038528, 1.000078
5, 626,19,185.239166, 185.226852, 119.127518, 64.993057,13.911848, 222.038528, 1.000067
5, 626,20,166.516953, 166.515457, 119.127518, 64.993057,13.911848, 222.038528, 1.000009
5, 626,21,75.015823, 75.012215, 119.127518, 64.993057,13.911848, 222.038528, 1.000048
5, 626,22,115.135880, 115.138718, 119.127518, 64.993057,13.911848, 222.038528, 0.999975
5, 626,23,67.658333, 67.655037, 119.127518, 64.993057,13.911848, 222.038528, 1.000049
5, 626,24,71.987572, 71.996552, 119.127518, 64.993057,13.911848, 222.038528, 0.999875
5, 626,25,125.084427, 125.082603, 119.127518, 64.993057,13.911848, 222.038528, 1.000015
5, 626,26,66.853493, 66.862122, 119.127518, 64.993057,13.911848, 222.038528, 0.999871
5, 626,27,211.571854, 211.568420, 119.127518, 64.993057,13.911848, 222.038528, 1.000016
5, 626,28,219.130493, 219.127060, 119.127518, 64.993057,13.911848, 222.038528, 1.000016
5, 626,29,52.201073, 52.199768, 119.127518, 64.993057,13.911848, 222.038528, 1.000025
5, 626,30,105.450760, 105.435303, 119.127518, 64.993057,13.911848, 222.038528, 1.000147
5, 626,31,202.221710, 202.209457, 119.127518, 64.993057,13.911848, 222.038528, 1.000061
5, 627,0,151.049362, 151.056793, 119.124176, 49.714855,31.693445, 202.702942, 0.999951
5, 627,1,163.544662, 163.548996, 119.124176, 49.714855,31.693445, 202.702942, 0.999973
5, 627,2,46.784458, 46.789444, 119.124176, 49.714855,31.693445, 202.702942, 0.999893
5, 627,3,31.693445, 31.696945, 119.124176, 49.714855,31.693445, 202.702942, 0.999890
5, 627,4,168.412659, 168.406067, 119.124176, 49.714855,31.693445, 202.702942, 1.000039
5, 627,5,71.844124, 71.838959, 119.124176, 49.714855,31.693445, 202.702942, 1.000072
5, 627,6,83.432144, 83.418953, 119.124176, 49.714855,31.693445, 202.702942, 1.000158
5, 627,7,156.985672, 156.986008, 119.124176, 49.714855,31.693445, 202.702942, 0.999998
5, 627,8,139.730423, 139.731506, 119.124176, 49.714855,31.693445, 202.702942, 0.999992
5, 627,9,34.064247, 34.066254, 119.124176, 49.714855,31.693445, 202.702942, 0.999941
5, 627,10,143.893967, 143.901489, 119.124176, 49.714855,31.693445, 202.702942, 0.999948
5, 627,11,47.965572, 47.962254, 119.124176, 49.714855,31.693445, 202.702942, 1.000069
5, 627,12,119.443962, 119.444298, 119.124176, 49.714855,31.693445, 202.702942, 0.999997
5, 627,13,168.391159, 168.394226, 119.124176, 49.714855,31.693445, 202.702942, 0.999982
5, 627,14,97.140068, 97.143181, 119.124176, 49.714855,31.693445, 202.702942, 0.999968
5, 627,15,107.149529, 107.147583, 119.124176, 49.714855,31.693445, 202.702942, 1.000018
5, 627,16,134.053711, 134.057007, 119.124176, 49.714855,31.693445, 202.702942, 0.999975
5, 627,17,89.821182, 89.816093, 119.124176, 49.714855,31.693445, 202.702942, 1.000057
5, 627,18,170.586060, 170.579910, 119.124176, 49.714855,31.693445, 202.702942, 1.000036
5, 627,19,202.702942, 202.707733, 119.124176, 49.714855,31.693445, 202.702942, 0.999976
5, 627,20,189.039093, 189.036819, 119.124176, 49.714855,31.693445, 202.702942, 1.000012
5, 627,21,78.474838, 78.478951, 119.124176, 49.714855,31.693445, 202.702942, 0.999948
5, 627,22,89.914276, 89.904945, 119.124176, 49.714855,31.693445, 202.702942, 1.000104
5, 627,23,138.684204, 138.688995, 119.124176, 49.714855,31.693445, 202.702942, 0.999965
5, 627,24,144.112518, 144.120651, 119.124176, 49.714855,31.693445, 202.702942, 0.999944
5, 627,25,119.307144, 119.319908, 119.124176, 49.714855,31.693445, 202.702942, 0.999893
5, 627,26,140.331146, 140.323837, 119.124176, 49.714855,31.693445, 202.702942, 1.000052
5, 627,27,183.176834, 183.196472, 119.124176, 49.714855,31.693445, 202.702942, 0.999893
5, 627,28,190.954758, 190.967804, 119.124176, 49.714855,31.693445, 202.702942, 0.999932
5, 627,29,46.099930, 46.096420, 119.124176, 49.714855,31.693445, 202.702942, 1.000076
5, 627,30,79.553337, 79.545135, 119.124176, 49.714855,31.693445, 202.702942, 1.000103
5, 627,31,83.636398, 83.626266, 119.124176, 49.714855,31.693445, 202.702942, 1.000121
5, 628,0,61.095821, 61.082588, 119.123695, 67.355774,27.515396, 277.906647, 1.000217
5, 628,1,56.530327, 56.521496, 119.123695, 67.355774,27.515396, 277.906647, 1.000156
5, 628,2,109.101624, 109.088898, 119.123695, 67.355774,27.515396, 277.906647, 1.000117
5, 628,3,192.134506, 192.131958, 119.123695, 67.355774,27.515396, 277.906647, 1.000013
5, 628,4,164.673248, 164.658768, 119.123695, 67.355774,27.515396, 277.906647, 1.000088
5, 628,5,110.679939, 110.688568, 119.123695, 67.355774,27.515396, 277.906647, 0.999922
5, 628,6,36.895798, 36.898956, 119.123695, 67.355774,27.515396, 277.906647, 0.999914
5, 628,7,77.404732, 77.415565, 119.123695, 67.355774,27.515396, 277.906647, 0.999860
5, 628,8,70.913422, 70.910263, 119.123695, 67.355774,27.515396, 277.906647, 1.000045
5, 628,9,86.962585, 86.931511, 119.123695, 67.355774,27.515396, 277.906647, 1.000358
5, 628,10,234.041000, 234.043152, 119.123695, 67.355774,27.515396, 277.906647, 0.999991
5, 628,11,131.589996, 131.599045, 119.123695, 67.355774,27.515396, 277.906647, 0.999931
5, 628,12,277.906647, 277.914917, 119.123695, 67.355774,27.515396, 277.906647, 0.999970
5, 628,13,39.984062, 39.975235, 119.123695, 67.355774,27.515396, 277.906647, 1.000221
5, 628,14,56.089966, 56.103123, 119.123695, 67.355774,27.515396, 277.906647, 0.999766
5, 628,15,99.797226, 99.794449, 119.123695, 67.355774,27.515396, 277.906647, 1.000028
5, 628,16,184.829971, 184.839127, 119.123695, 67.355774,27.515396, 277.906647, 0.999950
5, 628,17,89.240578, 89.244873, 119.123695, 67.355774,27.515396, 277.906647, 0.999952
5, 628,18,27.515396, 27.522469, 119.123695, 67.355774,27.515396, 277.906647, 0.999743
5, 628,19,195.973816, 195.987549, 119.123695, 67.355774,27.515396, 277.906647, 0.999930
5, 628,20,104.899872, 104.905167, 119.123695, 67.355774,27.515396, 277.906647, 0.999950
5, 628,21,58.565006, 58.572350, 119.123695, 67.355774,27.515396, 277.906647, 0.999875
5, 628,22,133.482803, 133.477615, 119.123695, 67.355774,27.515396, 277.906647, 1.000039
5, 628,23,78.309059, 78.317940, 119.123695, 67.355774,27.515396, 277.906647, 0.999887
5, 628,24,206.447601, 206.446884, 119.123695, 67.355774,27.515396, 277.906647, 1.000003
5, 628,25,267.344116, 267.348938, 119.123695, 67.355774,27.515396, 277.906647, 0.999982
5, 628,26,33.889221, 33.896515, 119.123695, 67.355774,27.515396, 277.906647, 0.999785
5, 628,27,122.436089, 122.435837, 119.123695, 67.355774,27.515396, 277.906647, 1.000002
5, 628,28,86.644882, 86.652596, 119.123695, 67.355774,27.515396, 277.906647, 0.999911
5, 628,29,154.865372, 154.863892, 119.123695, 67.355774,27.515396, 277.906647, 1.000010
5, 628,30,132.655792, 132.657272, 119.123695, 67.355774,27.515396, 277.906647, 0.999989
5, 628,31,129.057846, 129.072403, 119.123695, 67.355774,27.515396, 277.906647, 0.999887
5, 629,0,130.578476, 130.570618, 119.126495, 70.548553,14.182631, 244.632507, 1.000060
5, 629,1,158.307907, 158.308105, 119.126495, 70.548553,14.182631, 244.632507, 0.999999
5, 629,2,152.534302, 152.535690, 119.126495, 70.548553,14.182631, 244.632507, 0.999991
5, 629,3,146.854843, 146.854935, 119.126495, 70.548553,14.182631, 244.632507, 0.999999
5, 629,4,14.182631, 14.181448, 119.126495, 70.548553,14.182631, 244.632507, 1.000083
5, 629,5,16.274189, 16.280500, 119.126495, 70.548553,14.182631, 244.632507, 0.999612
5, 629,6,48.251007, 48.257744, 119.126495, 70.548553,14.182631, 244.632507, 0.999860
5, 629,7,147.116806, 147.113144, 119.126495, 70.548553,14.182631, 244.632507, 1.000025
5, 629,8,111.564598, 111.562523, 119.126495, 70.548553,14.182631, 244.632507, 1.000019
5, 629,9,37.985844, 37.987373, 119.126495, 70.548553,14.182631, 244.632507, 0.999960
5, 629,10,219.230362, 219.230621, 119.126495, 70.548553,14.182631, 244.632507, 0.999999
5, 629,11,33.116760, 33.122902, 119.126495, 70.548553,14.182631, 244.632507, 0.999815
5, 629,12,29.199049, 29.183014, 119.126495, 70.548553,14.182631, 244.632507, 1.000549
5, 629,13,59.648266, 59.644276, 119.126495, 70.548553,14.182631, 244.632507, 1.000067
5, 629,14,140.353851, 140.349533, 119.126495, 70.548553,14.182631, 244.632507, 1.000031
5, 629,15,199.028610, 199.023071, 119.126495, 70.548553,14.182631, 244.632507, 1.000028
5, 629,16,81.187355, 81.176224, 119.126495, 70.548553,14.182631, 244.632507, 1.000137
5, 629,17,244.632507, 244.635834, 119.126495, 70.548553,14.182631, 244.632507, 0.999986
5, 629,18,234.783325, 234.781937, 119.126495, 70.548553,14.182631, 244.632507, 1.000006
5, 629,19,47.115009, 47.116592, 119.126495, 70.548553,14.182631, 244.632507, 0.999966
5, 629,20,181.576721, 181.580948, 119.126495, 70.548553,14.182631, 244.632507, 0.999977
5, 629,21,73.729706, 73.729584, 119.126495, 70.548553,14.182631, 244.632507, 1.000002
5, 629,22,160.933945, 160.931915, 119.126495, 70.548553,14.182631, 244.632507, 1.000013
5, 629,23,158.856094, 158.841187, 119.126495, 70.548553,14.182631, 244.632507, 1.000094
5, 629,24,52.809616, 52.805691, 119.126495, 70.548553,14.182631, 244.632507, 1.000074
5, 629,25,210.300064, 210.292999, 119.126495, 70.548553,14.182631, 244.632507, 1.000034
5, 629,26,210.998932, 211.001007, 119.126495, 70.548553,14.182631, 244.632507, 0.999990
5, 629,27,43.621685, 43.618168, 119.126495, 70.548553,14.182631, 244.632507, 1.000081
5, 629,28,144.743881, 144.747559, 119.126495, 70.548553,14.182631, 244.632507, 0.999975
5, 629,29,50.070335, 50.081921, 119.126495, 70.548553,14.182631, 244.632507, 0.999769
5, 629,30,98.030479, 98.026962, 119.126495, 70.548553,14.182631, 244.632507, 1.000036
5, 629,31,174.430969, 174.425827, 119.126495, 70.548553,14.182631, 244.632507, 1.000029
5, 630,0,50.154667, 50.168217, 119.123993, 60.092327,15.017707, 204.799515, 0.999730
5, 630,1,202.916077, 202.908005, 119.123993, 60.092327,15.017707, 204.799515, 1.000040
5, 630,2,138.796356, 138.790955, 119.123993, 60.092327,15.017707, 204.799515, 1.000039
5, 630,3,169.897293, 169.906494, 119.123993, 60.092327,15.017707, 204.799515, 0.999946
5, 630,4,145.563019, 145.568481, 119.123993, 60.092327,15.017707, 204.799515, 0.999962
5, 630,5,176.584503, 176.588226, 119.123993, 60.092327,15.017707, 204.799515, 0.999979
5, 630,6,204.799515, 204.805954, 119.123993, 60.092327,15.017707, 204.799515, 0.999969
5, 630,7,64.698997, 64.687202, 119.123993, 60.092327,15.017707, 204.799515, 1.000182
5, 630,8,20.652559, 20.657240, 119.123993, 60.092327,15.017707, 204.799515, 0.999773
5, 630,9,201.207825, 201.219620, 119.123993, 60.092327,15.017707, 204.799515, 0.999941
5, 630,10,114.839790, 114.836113, 119.123993, 60.092327,15.017707, 204.799515, 1.000032
5, 630,11,50.623268, 50.641201, 119.123993, 60.092327,15.017707, 204.799515, 0.999646
5, 630,12,145.594193, 145.592422, 119.123993, 60.092327,15.017707, 204.799515, 1.000012
5, 630,13,119.405075, 119.410347, 119.123993, 60.092327,15.017707, 204.799515, 0.999956
5, 630,14,15.017707, 15.017284, 119.123993, 60.092327,15.017707, 204.799515, 1.000028
5, 630,15,176.877136, 176.869614, 119.123993, 60.092327,15.017707, 204.799515, 1.000043
5, 630,16,185.843323, 185.826508, 119.123993, 60.092327,15.017707, 204.799515, 1.000090
5, 630,17,25.262445, 25.249432, 119.123993, 60.092327,15.017707, 204.799515, 1.000515
5, 630,18,95.678787, 95.677025, 119.123993, 60.092327,15.017707, 204.799515, 1.000018
5, 630,19,122.312714, 122.308144, 119.123993, 60.092327,15.017707, 204.799515, 1.000037
5, 630,20,60.449169, 60.460232, 119.123993, 60.092327,15.017707, 204.799515, 0.999817
5, 630,21,56.509884, 56.502686, 119.123993, 60.092327,15.017707, 204.799515, 1.000127
5, 630,22,160.094254, 160.099442, 119.123993, 60.092327,15.017707, 204.799515, 0.999968
5, 630,23,121.631241, 121.625603, 119.123993, 60.092327,15.017707, 204.799515, 1.000046
5, 630,24,33.872059, 33.877007, 119.123993, 60.092327,15.017707, 204.799515, 0.999854
5, 630,25,144.360046, 144.353073, 119.123993, 60.092327,15.017707, 204.799515, 1.000048
5, 630,26,105.605324, 105.603821, 119.123993, 60.092327,15.017707, 204.799515, 1.000014
5, 630,27,134.995468, 135.001038, 119.123993, 60.092327,15.017707, 204.799515, 0.999959
5, 630,28,190.009933, 190.017548, 119.123993, 60.092327,15.017707, 204.799515, 0.999960
5, 630,29,45.490314, 45.498192, 119.123993, 60.092327,15.017707, 204.799515, 0.999827
5, 630,30,146.025085, 146.047440, 119.123993, 60.092327,15.017707, 204.799515, 0.999847
5, 630,31,186.199966, 186.185730, 119.123993, 60.092327,15.017707, 204.799515, 1.000076
5, 631,0,132.016083, 132.020935, 119.125488, 57.787193,20.162216, 203.726669, 0.999963
5, 631,1,81.285736, 81.293686, 119.125488, 57.787193,20.162216, 203.726669, 0.999902
5, 631,2,97.009178, 97.004745, 119.125488, 57.787193,20.162216, 203.726669, 1.000046
5, 631,3,186.855118, 186.850464, 119.125488, 57.787193,20.162216, 203.726669, 1.000025
5, 631,4,22.760988, 22.753756, 119.125488, 57.787193,20.162216, 203.726669, 1.000318
5, 631,5,154.323883, 154.332352, 119.125488, 57.787193,20.162216, 203.726669, 0.999945
5, 631,6,72.005135, 72.005417, 119.125488, 57.787193,20.162216, 203.726669, 0.999996
5, 631,7,186.160034, 186.170837, 119.125488, 57.787193,20.162216, 203.726669, 0.999942
5, 631,8,136.206970, 136.202789, 119.125488, 57.787193,20.162216, 203.726669, 1.000031
5, 631,9,27.106337, 27.131546, 119.125488, 57.787193,20.162216, 203.726669, 0.999071
5, 631,10,178.173706, 178.174469, 119.125488, 57.787193,20.162216, 203.726669, 0.999996
5, 631,11,203.726669, 203.706467, 119.125488, 57.787193,20.162216, 203.726669, 1.000099
5, 631,12,144.836365, 144.835922, 119.125488, 57.787193,20.162216, 203.726669, 1.000003
5, 631,13,20.162216, 20.163818, 119.125488, 57.787193,20.162216, 203.726669, 0.999921
5, 631,14,136.426346, 136.435471, 119.125488, 57.787193,20.162216, 203.726669, 0.999933
5, 631,15,133.202789, 133.208755, 119.125488, 57.787193,20.162216, 203.726669, 0.999955
5, 631,16,88.055862, 88.047112, 119.125488, 57.787193,20.162216, 203.726669, 1.000099
5, 631,17,150.883240, 150.891357, 119.125488, 57.787193,20.162216, 203.726669, 0.999946
5, 631,18,189.577805, 189.581223, 119.125488, 57.787193,20.162216, 203.726669, 0.999982
5, 631,19,66.149864, 66.139801, 119.125488, 57.787193,20.162216, 203.726669, 1.000152
5, 631,20,141.030807, 141.033661, 119.125488, 57.787193,20.162216, 203.726669, 0.999980
5, 631,21,49.803673, 49.810333, 119.125488, 57.787193,20.162216, 203.726669, 0.999866
5, 631,22,75.093323, 75.079056, 119.125488, 57.787193,20.162216, 203.726669, 1.000190
5, 631,23,188.330673, 188.332169, 119.125488, 57.787193,20.162216, 203.726669, 0.999992
5, 631,24,46.974812, 46.969364, 119.125488, 57.787193,20.162216, 203.726669, 1.000116
5, 631,25,87.018684, 87.006241, 119.125488, 57.787193,20.162216, 203.726669, 1.000143
5, 631,26,184.769806, 184.768707, 119.125488, 57.787193,20.162216, 203.726669, 1.000006
5, 631,27,134.697357, 134.696594, 119.125488, 57.787193,20.162216, 203.726669, 1.000006
5, 631,28,175.072861, 175.064102, 119.125488, 57.787193,20.162216, 203.726669, 1.000050
5, 631,29,28.772709, 28.772451, 119.125488, 57.787193,20.162216, 203.726669, 1.000009
5, 631,30,102.695007, 102.692810, 119.125488, 57.787193,20.162216, 203.726669, 1.000021
5, 631,31,190.831696, 190.824142, 119.125488, 57.787193,20.162216, 203.726669, 1.000040
5, 632,0,50.883488, 50.890102, 119.125351, 61.803265,17.842299, 226.977280, 0.999870
5, 632,1,76.170120, 76.171005, 119.125351, 61.803265,17.842299, 226.977280, 0.999988
5, 632,2,47.590012, 47.601852, 119.125351, 61.803265,17.842299, 226.977280, 0.999751
5, 632,3,226.977280, 226.977798, 119.125351, 61.803265,17.842299, 226.977280, 0.999998
5, 632,4,119.158325, 119.157860, 119.125351, 61.803265,17.842299, 226.977280, 1.000004
5, 632,5,180.456894, 180.449753, 119.125351, 61.803265,17.842299, 226.977280, 1.000040
5, 632,6,205.288300, 205.284683, 119.125351, 61.803265,17.842299, 226.977280, 1.000018
5, 632,7,38.299305, 38.296246, 119.125351, 61.803265,17.842299, 226.977280, 1.000080
5, 632,8,197.192657, 197.183884, 119.125351, 61.803265,17.842299, 226.977280, 1.000044
5, 632,9,96.996758, 96.992142, 119.125351, 61.803265,17.842299, 226.977280, 1.000048
5, 632,10,17.842299, 17.827896, 119.125351, 61.803265,17.842299, 226.977280, 1.000808
5, 632,11,127.035378, 127.045670, 119.125351, 61.803265,17.842299, 226.977280, 0.999919
5, 632,12,169.658539, 169.653122, 119.125351, 61.803265,17.842299, 226.977280, 1.000032
5, 632,13,174.438171, 174.432388, 119.125351, 61.803265,17.842299, 226.977280, 1.000033
5, 632,14,67.230560, 67.231499, 119.125351, 61.803265,17.842299, 226.977280, 0.999986
5, 632,15,79.862320, 79.858643, 119.125351, 61.803265,17.842299, 226.977280, 1.000046
5, 632,16,223.265717, 223.256897, 119.125351, 61.803265,17.842299, 226.977280, 1.000039
5, 632,17,68.344124, 68.356430, 119.125351, 61.803265,17.842299, 226.977280, 0.999820
5, 632,18,194.419083, 194.408173, 119.125351, 61.803265,17.842299, 226.977280, 1.000056
5, 632,19,133.866013, 133.875122, 119.125351, 61.803265,17.842299, 226.977280, 0.999932
5, 632,20,39.858166, 39.853836, 119.125351, 61.803265,17.842299, 226.977280, 1.000109
5, 632,21,98.547714, 98.543083, 119.125351, 61.803265,17.842299, 226.977280, 1.000047
5, 632,22,144.346436, 144.345581, 119.125351, 61.803265,17.842299, 226.977280, 1.000006
5, 632,23,140.840836, 140.850983, 119.125351, 61.803265,17.842299, 226.977280, 0.999928
5, 632,24,77.511353, 77.515594, 119.125351, 61.803265,17.842299, 226.977280, 0.999945
5, 632,25,50.476578, 50.477406, 119.125351, 61.803265,17.842299, 226.977280, 0.999984
5, 632,26,26.043550, 26.048515, 119.125351, 61.803265,17.842299, 226.977280, 0.999809
5, 632,27,177.736221, 177.733948, 119.125351, 61.803265,17.842299, 226.977280, 1.000013
5, 632,28,93.154350, 93.151413, 119.125351, 61.803265,17.842299, 226.977280, 1.000032
5, 632,29,144.875748, 144.878098, 119.125351, 61.803265,17.842299, 226.977280, 0.999984
5, 632,30,157.698959, 157.704926, 119.125351, 61.803265,17.842299, 226.977280, 0.999962
5, 632,31,165.945679, 165.945526, 119.125351, 61.803265,17.842299, 226.977280, 1.000001
5, 633,0,191.515625, 191.513550, 119.123505, 62.063881,18.512480, 209.762177, 1.000011
5, 633,1,61.815804, 61.811790, 119.123505, 62.063881,18.512480, 209.762177, 1.000065
5, 633,2,183.985611, 183.983902, 119.123505, 62.063881,18.512480, 209.762177, 1.000009
5, 633,3,108.612488, 108.618431, 119.123505, 62.063881,18.512480, 209.762177, 0.999945
5, 633,4,66.507607, 66.510002, 119.123505, 62.063881,18.512480, 209.762177, 0.999964
5, 633,5,105.306160, 105.310898, 119.123505, 62.063881,18.512480, 209.762177, 0.999955
5, 633,6,156.742020, 156.753113, 119.123505, 62.063881,18.512480, 209.762177, 0.999929
5, 633,7,90.938301, 90.934395, 119.123505, 62.063881,18.512480, 209.762177, 1.000043
5, 633,8,196.774475, 196.781799, 119.123505, 62.063881,18.512480, 209.762177, 0.999963
5, 633,9,145.551147, 145.558853, 119.123505, 62.063881,18.512480, 209.762177, 0.999947
5, 633,10,38.975758, 38.984787, 119.123505, 62.063881,18.512480, 209.762177, 0.999768
5, 633,11,36.457851, 36.454021, 119.123505, 62.063881,18.512480, 209.762177, 1.000105
5, 633,12,111.842010, 111.844536, 119.123505, 62.063881,18.512480, 209.762177, 0.999977
5, 633,13,18.512480, 18.525675, 119.123505, 62.063881,18.512480, 209.762177, 0.999288
5, 633,14,20.146418, 20.135593, 119.123505, 62.063881,18.512480, 209.762177, 1.000538
5, 633,15,181.904770, 181.910431, 119.123505, 62.063881,18.512480, 209.762177, 0.999969
5, 633,16,73.033951, 73.037369, 119.123505, 62.063881,18.512480, 209.762177, 0.999953
5, 633,17,28.336666, 28.341789, 119.123505, 62.063881,18.512480, 209.762177, 0.999819
5, 633,18,131.258438, 131.263763, 119.123505, 62.063881,18.512480, 209.762177, 0.999959
5, 633,19,169.660645, 169.670029, 119.123505, 62.063881,18.512480, 209.762177, 0.999945
5, 633,20,201.987946, 201.987411, 119.123505, 62.063881,18.512480, 209.762177, 1.000003
5, 633,21,98.095879, 98.100723, 119.123505, 62.063881,18.512480, 209.762177, 0.999951
5, 633,22,47.154118, 47.147133, 119.123505, 62.063881,18.512480, 209.762177, 1.000148
5, 633,23,77.409607, 77.409828, 119.123505, 62.063881,18.512480, 209.762177, 0.999997
5, 633,24,188.363434, 188.362610, 119.123505, 62.063881,18.512480, 209.762177, 1.000004
5, 633,25,56.411709, 56.405727, 119.123505, 62.063881,18.512480, 209.762177, 1.000106
5, 633,26,202.294662, 202.288101, 119.123505, 62.063881,18.512480, 209.762177, 1.000032
5, 633,27,174.915009, 174.919495, 119.123505, 62.063881,18.512480, 209.762177, 0.999974
5, 633,28,147.833237, 147.832779, 119.123505, 62.063881,18.512480, 209.762177, 1.000003
5, 633,29,168.112488, 168.110229, 119.123505, 62.063881,18.512480, 209.762177, 1.000013
5, 633,30,121.733528, 121.735825, 119.123505, 62.063881,18.512480, 209.762177, 0.999981
5, 633,31,209.762177, 209.755112, 119.123505, 62.063881,18.512480, 209.762177, 1.000034
5, 634,0,20.272734, 20.265751, 119.126228, 58.264259,20.272734, 226.850479, 1.000345
5, 634,1,100.264336, 100.281982, 119.126228, 58.264259,20.272734, 226.850479, 0.999824
5, 634,2,29.954950, 29.951818, 119.126228, 58.264259,20.272734, 226.850479, 1.000105
5, 634,3,163.555756, 163.541382, 119.126228, 58.264259,20.272734, 226.850479, 1.000088
5, 634,4,135.477722, 135.474030, 119.126228, 58.264259,20.272734, 226.850479, 1.000027
5, 634,5,115.620033, 115.623306, 119.126228, 58.264259,20.272734, 226.850479, 0.999972
5, 634,6,206.001694, 205.979416, 119.126228, 58.264259,20.272734, 226.850479, 1.000108
5, 634,7,134.462326, 134.476425, 119.126228, 58.264259,20.272734, 226.850479, 0.999895
5, 634,8,89.287460, 89.254547, 119.126228, 58.264259,20.272734, 226.850479, 1.000369
5, 634,9,97.605949, 97.606003, 119.126228, 58.264259,20.272734, 226.850479, 0.999999
5, 634,10,192.069427, 192.080566, 119.126228, 58.264259,20.272734, 226.850479, 0.999942
5, 634,11,226.850479, 226.841217, 119.126228, 58.264259,20.272734, 226.850479, 1.000041
5, 634,12,119.575172, 119.573227, 119.126228, 58.264259,20.272734, 226.850479, 1.000016
5, 634,13,135.708771, 135.716675, 119.126228, 58.264259,20.272734, 226.850479, 0.999942
5, 634,14,70.642227, 70.650833, 119.126228, 58.264259,20.272734, 226.850479, 0.999878
5, 634,15,134.889404, 134.887604, 119.126228, 58.264259,20.272734, 226.850479, 1.000013
5, 634,16,104.568184, 104.568916, 119.126228, 58.264259,20.272734, 226.850479, 0.999993
5, 634,17,68.448654, 68.446693, 119.126228, 58.264259,20.272734, 226.850479, 1.000029
5, 634,18,29.929474, 29.931597, 119.126228, 58.264259,20.272734, 226.850479, 0.999929
5, 634,19,72.259521, 72.255066, 119.126228, 58.264259,20.272734, 226.850479, 1.000062
5, 634,20,50.071243, 50.085629, 119.126228, 58.264259,20.272734, 226.850479, 0.999713
5, 634,21,36.302387, 36.294609, 119.126228, 58.264259,20.272734, 226.850479, 1.000214
5, 634,22,168.371429, 168.367554, 119.126228, 58.264259,20.272734, 226.850479, 1.000023
5, 634,23,61.202431, 61.193939, 119.126228, 58.264259,20.272734, 226.850479, 1.000139
5, 634,24,151.363800, 151.354599, 119.126228, 58.264259,20.272734, 226.850479, 1.000061
5, 634,25,103.314812, 103.328674, 119.126228, 58.264259,20.272734, 226.850479, 0.999866
5, 634,26,221.815903, 221.819565, 119.126228, 58.264259,20.272734, 226.850479, 0.999983
5, 634,27,115.986839, 116.007515, 119.126228, 58.264259,20.272734, 226.850479, 0.999822
5, 634,28,159.771301, 159.766708, 119.126228, 58.264259,20.272734, 226.850479, 1.000029
5, 634,29,196.722076, 196.724747, 119.126228, 58.264259,20.272734, 226.850479, 0.999986
5, 634,30,103.885941, 103.874649, 119.126228, 58.264259,20.272734, 226.850479, 1.000109
5, 634,31,195.786896, 195.774338, 119.126228, 58.264259,20.272734, 226.850479, 1.000064
5, 635,0,104.622406, 104.635384, 119.122993, 64.976776,13.380926, 230.696350, 0.999876
5, 635,1,177.938049, 177.933472, 119.122993, 64.976776,13.380926, 230.696350, 1.000026
5, 635,2,51.527824, 51.528164, 119.122993, 64.976776,13.380926, 230.696350, 0.999993
5, 635,3,15.933455, 15.941265, 119.122993, 64.976776,13.380926, 230.696350, 0.999510
5, 635,4,112.770210, 112.754883, 119.122993, 64.976776,13.380926, 230.696350, 1.000136
5, 635,5,189.970032, 189.991333, 119.122993, 64.976776,13.380926, 230.696350, 0.999888
5, 635,6,162.019440, 162.024902, 119.122993, 64.976776,13.380926, 230.696350, 0.999966
5, 635,7,23.415041, 23.413368, 119.122993, 64.976776,13.380926, 230.696350, 1.000071
5, 635,8,50.992966, 51.002148, 119.122993, 64.976776,13.380926, 230.696350, 0.999820
5, 635,9,212.302094, 212.299744, 119.122993, 64.976776,13.380926, 230.696350, 1.000011
5, 635,10,101.003838, 100.993744, 119.122993, 64.976776,13.380926, 230.696350, 1.000100
5, 635,11,90.876045, 90.878090, 119.122993, 64.976776,13.380926, 230.696350, 0.999978
5, 635,12,47.447521, 47.461666, 119.122993, 64.976776,13.380926, 230.696350, 0.999702
5, 635,13,70.456871, 70.457939, 119.122993, 64.976776,13.380926, 230.696350, 0.999985
5, 635,14,93.472984, 93.474442, 119.122993, 64.976776,13.380926, 230.696350, 0.999984
5, 635,15,106.130577, 106.125755, 119.122993, 64.976776,13.380926, 230.696350, 1.000045
5, 635,16,186.388931, 186.390167, 119.122993, 64.976776,13.380926, 230.696350, 0.999993
5, 635,17,158.374008, 158.383270, 119.122993, 64.976776,13.380926, 230.696350, 0.999942
5, 635,18,222.000412, 221.997284, 119.122993, 64.976776,13.380926, 230.696350, 1.000014
5, 635,19,116.864174, 116.861847, 119.122993, 64.976776,13.380926, 230.696350, 1.000020
5, 635,20,212.125687, 212.131149, 119.122993, 64.976776,13.380926, 230.696350, 0.999974
5, 635,21,144.241928, 144.248306, 119.122993, 64.976776,13.380926, 230.696350, 0.999956
5, 635,22,27.192551, 27.196625, 119.122993, 64.976776,13.380926, 230.696350, 0.999850
5, 635,23,230.696350, 230.703491, 119.122993, 64.976776,13.380926, 230.696350, 0.999969
5, 635,24,188.228683, 188.231216, 119.122993, 64.976776,13.380926, 230.696350, 0.999987
5, 635,25,114.623314, 114.629662, 119.122993, 64.976776,13.380926, 230.696350, 0.999945
5, 635,26,75.157272, 75.144859, 119.122993, 64.976776,13.380926, 230.696350, 1.000165
5, 635,27,139.238037, 139.251175, 119.122993, 64.976776,13.380926, 230.696350, 0.999906
5, 635,28,74.507042, 74.497459, 119.122993, 64.976776,13.380926, 230.696350, 1.000129
5, 635,29,103.057251, 103.057343, 119.122993, 64.976776,13.380926, 230.696350, 0.999999
5, 635,30,194.979721, 194.981735, 119.122993, 64.976776,13.380926, 230.696350, 0.999990
5, 635,31,13.380926, 13.378632, 119.122993, 64.976776,13.380926, 230.696350, 1.000172
5, 636,0,44.225811, 44.217400, 119.125069, 54.951584,23.469833, 184.591827, 1.000190
5, 636,1,23.469833, 23.472586, 119.125069, 54.951584,23.469833, 184.591827, 0.999883
5, 636,2,25.124420, 25.132610, 119.125069, 54.951584,23.469833, 184.591827, 0.999674
5, 636,3,171.178009, 171.165329, 119.125069, 54.951584,23.469833, 184.591827, 1.000074
5, 636,4,182.629913, 182.626099, 119.125069, 54.951584,23.469833, 184.591827, 1.000021
5, 636,5,144.375702, 144.368561, 119.125069, 54.951584,23.469833, 184.591827, 1.000049
5, 636,6,108.853775, 108.864922, 119.125069, 54.951584,23.469833, 184.591827, 0.999898
5, 636,7,161.293915, 161.298630, 119.125069, 54.951584,23.469833, 184.591827, 0.999971
5, 636,8,149.945648, 149.953278, 119.125069, 54.951584,23.469833, 184.591827, 0.999949
5, 636,9,65.103394, 65.110626, 119.125069, 54.951584,23.469833, 184.591827, 0.999889
5, 636,10,169.617096, 169.609756, 119.125069, 54.951584,23.469833, 184.591827, 1.000043
5, 636,11,115.112747, 115.114761, 119.125069, 54.951584,23.469833, 184.591827, 0.999982
5, 636,12,164.969803, 164.986954, 119.125069, 54.951584,23.469833, 184.591827, 0.999896
5, 636,13,77.161751, 77.148552, 119.125069, 54.951584,23.469833, 184.591827, 1.000171
5, 636,14,181.966782, 181.966476, 119.125069, 54.951584,23.469833, 184.591827, 1.000002
5, 636,15,173.616577, 173.605896, 119.125069, 54.951584,23.469833, 184.591827, 1.000062
5, 636,16,60.571751, 60.570297, 119.125069, 54.951584,23.469833, 184.591827, 1.000024
5, 636,17,184.591827, 184.593933, 119.125069, 54.951584,23.469833, 184.591827, 0.999989
5, 636,18,94.640511, 94.633781, 119.125069, 54.951584,23.469833, 184.591827, 1.000071
5, 636,19,157.284409, 157.296982, 119.125069, 54.951584,23.469833, 184.591827, 0.999920
5, 636,20,24.493481, 24.500484, 119.125069, 54.951584,23.469833, 184.591827, 0.999714
5, 636,21,65.467873, 65.473404, 119.125069, 54.951584,23.469833, 184.591827, 0.999916
5, 636,22,59.240986, 59.240074, 119.125069, 54.951584,23.469833, 184.591827, 1.000015
5, 636,23,162.950165, 162.969650, 119.125069, 54.951584,23.469833, 184.591827, 0.999880
5, 636,24,182.691101, 182.686569, 119.125069, 54.951584,23.469833, 184.591827, 1.000025
5, 636,25,164.663651, 164.651657, 119.125069, 54.951584,23.469833, 184.591827, 1.000073
5, 636,26,145.990997, 145.979126, 119.125069, 54.951584,23.469833, 184.591827, 1.000081
5, 636,27,178.567139, 178.574982, 119.125069, 54.951584,23.469833, 184.591827, 0.999956
5, 636,28,65.843781, 65.836197, 119.125069, 54.951584,23.469833, 184.591827, 1.000115
5, 636,29,74.137383, 74.136330, 119.125069, 54.951584,23.469833, 184.591827, 1.000014
5, 636,30,91.882744, 91.879906, 119.125069, 54.951584,23.469833, 184.591827, 1.000031
5, 636,31,140.339020, 140.333939, 119.125069, 54.951584,23.469833, 184.591827, 1.000036
5, 637,0,167.134445, 167.127533, 119.124298, 49.157143,20.181242, 181.208603, 1.000041
5, 637,1,168.009155, 168.013657, 119.124298, 49.157143,20.181242, 181.208603, 0.999973
5, 637,2,76.207695, 76.198013, 119.124298, 49.157143,20.181242, 181.208603, 1.000127
5, 637,3,141.069290, 141.066833, 119.124298, 49.157143,20.181242, 181.208603, 1.000017
5, 637,4,175.654465, 175.657837, 119.124298, 49.157143,20.181242, 181.208603, 0.999981
5, 637,5,154.580856, 154.588287, 119.124298, 49.157143,20.181242, 181.208603, 0.999952
5, 637,6,20.181242, 20.179792, 119.124298, 49.157143,20.181242, 181.208603, 1.000072
5, 637,7,77.698799, 77.708694, 119.124298, 49.157143,20.181242, 181.208603, 0.999873
5, 637,8,172.067825, 172.059937, 119.124298, 49.157143,20.181242, 181.208603, 1.000046
5, 637,9,86.715454, 86.698090, 119.124298, 49.157143,20.181242, 181.208603, 1.000200
5, 637,10,165.037018, 165.034988, 119.124298, 49.157143,20.181242, 181.208603, 1.000012
5, 637,11,179.280594, 179.282425, 119.124298, 49.157143,20.181242, 181.208603, 0.999990
5, 637,12,153.278366, 153.285782, 119.124298, 49.157143,20.181242, 181.208603, 0.999952
5, 637,13,74.017342, 74.025398, 119.124298, 49.157143,20.181242, 181.208603, 0.999891
5, 637,14,142.552017, 142.556168, 119.124298, 49.157143,20.181242, 181.208603, 0.999971
5, 637,15,181.208603, 181.220154, 119.124298, 49.157143,20.181242, 181.208603, 0.999936
5, 637,16,35.460434, 35.462830, 119.124298, 49.157143,20.181242, 181.208603, 0.999932
5, 637,17,114.765381, 114.760582, 119.124298, 49.157143,20.181242, 181.208603, 1.000042
5, 637,18,106.172920, 106.160866, 119.124298, 49.157143,20.181242, 181.208603, 1.000114
5, 637,19,141.302094, 141.285690, 119.124298, 49.157143,20.181242, 181.208603, 1.000116
5, 637,20,102.833534, 102.835228, 119.124298, 49.157143,20.181242, 181.208603, 0.999984
5, 637,21,170.056671, 170.052811, 119.124298, 49.157143,20.181242, 181.208603, 1.000023
5, 637,22,92.200256, 92.212364, 119.124298, 49.157143,20.181242, 181.208603, 0.999869
5, 637,23,103.504883, 103.513168, 119.124298, 49.157143,20.181242, 181.208603, 0.999920
5, 637,24,26.229214, 26.243895, 119.124298, 49.157143,20.181242, 181.208603, 0.999441
5, 637,25,156.742111, 156.744888, 119.124298, 49.157143,20.181242, 181.208603, 0.999982
5, 637,26,151.064240, 151.065125, 119.124298, 49.157143,20.181242, 181.208603, 0.999994
5, 637,27,76.812706, 76.806557, 119.124298, 49.157143,20.181242, 181.208603, 1.000080
5, 637,28,86.234795, 86.239014, 119.124298, 49.157143,20.181242, 181.208603, 0.999951
5, 637,29,148.208450, 148.225266, 119.124298, 49.157143,20.181242, 181.208603, 0.999887
5, 637,30,28.872740, 28.870251, 119.124298, 49.157143,20.181242, 181.208603, 1.000086
5, 637,31,136.823883, 136.817688, 119.124298, 49.157143,20.181242, 181.208603, 1.000045
5, 638,0,118.504173, 118.517723, 119.122749, 63.894115,14.835375, 214.244690, 0.999886
5, 638,1,129.012039, 128.998718, 119.122749, 63.894115,14.835375, 214.244690, 1.000103
5, 638,2,77.506523, 77.512764, 119.122749, 63.894115,14.835375, 214.244690, 0.999919
5, 638,3,24.883137, 24.881136, 119.122749, 63.894115,14.835375, 214.244690, 1.000080
5, 638,4,58.649624, 58.646961, 119.122749, 63.894115,14.835375, 214.244690, 1.000045
5, 638,5,193.889160, 193.886520, 119.122749, 63.894115,14.835375, 214.244690, 1.000014
5, 638,6,208.082626, 208.068939, 119.122749, 63.894115,14.835375, 214.244690, 1.000066
5, 638,7,158.252365, 158.263702, 119.122749, 63.894115,14.835375, 214.244690, 0.999928
5, 638,8,181.917648, 181.913635, 119.122749, 63.894115,14.835375, 214.244690, 1.000022
5, 638,9,208.974670, 208.981689, 119.122749, 63.894115,14.835375, 214.244690, 0.999966
5, 638,10,155.939789, 155.940887, 119.122749, 63.894115,14.835375, 214.244690, 0.999993
5, 638,11,192.151474, 192.155426, 119.122749, 63.894115,14.835375, 214.244690, 0.999979
5, 638,12,51.666637, 51.678509, 119.122749, 63.894115,14.835375, 214.244690, 0.999770
5, 638,13,16.974079, 16.974745, 119.122749, 63.894115,14.835375, 214.244690, 0.999961
5, 638,14,153.454880, 153.448105, 119.122749, 63.894115,14.835375, 214.244690, 1.000044
5, 638,15,45.311157, 45.314373, 119.122749, 63.894115,14.835375, 214.244690, 0.999929
5, 638,16,24.162867, 24.169811, 119.122749, 63.894115,14.835375, 214.244690, 0.999713
5, 638,17,171.327972, 171.325607, 119.122749, 63.894115,14.835375, 214.244690, 1.000014
5, 638,18,171.552612, 171.552231, 119.122749, 63.894115,14.835375, 214.244690, 1.000002
5, 638,19,170.710434, 170.721298, 119.122749, 63.894115,14.835375, 214.244690, 0.999936
5, 638,20,14.835375, 14.828186, 119.122749, 63.894115,14.835375, 214.244690, 1.000485
5, 638,21,93.404823, 93.419968, 119.122749, 63.894115,14.835375, 214.244690, 0.999838
5, 638,22,214.244690, 214.237930, 119.122749, 63.894115,14.835375, 214.244690, 1.000032
5, 638,23,79.559776, 79.558609, 119.122749, 63.894115,14.835375, 214.244690, 1.000015
5, 638,24,136.143616, 136.143433, 119.122749, 63.894115,14.835375, 214.244690, 1.000001
5, 638,25,104.199509, 104.203133, 119.122749, 63.894115,14.835375, 214.244690, 0.999965
5, 638,26,128.129227, 128.130035, 119.122749, 63.894115,14.835375, 214.244690, 0.999994
5, 638,27,175.619873, 175.631332, 119.122749, 63.894115,14.835375, 214.244690, 0.999935
5, 638,28,67.549843, 67.554245, 119.122749, 63.894115,14.835375, 214.244690, 0.999935
5, 638,29,39.822639, 39.831512, 119.122749, 63.894115,14.835375, 214.244690, 0.999777
5, 638,30,171.597092, 171.602600, 119.122749, 63.894115,14.835375, 214.244690, 0.999968
5, 638,31,73.897636, 73.905792, 119.122749, 63.894115,14.835375, 214.244690, 0.999890
5, 639,0,145.259598, 145.273529, 119.122261, 70.497887,19.934856, 261.973694, 0.999904
5, 639,1,72.179237, 72.182037, 119.122261, 70.497887,19.934856, 261.973694, 0.999961
5, 639,2,261.973694, 261.966370, 119.122261, 70.497887,19.934856, 261.973694, 1.000028
5, 639,3,122.458023, 122.451248, 119.122261, 70.497887,19.934856, 261.973694, 1.000055
5, 639,4,170.203125, 170.202896, 119.122261, 70.497887,19.934856, 261.973694, 1.000001
5, 639,5,27.083139, 27.084782, 119.122261, 70.497887,19.934856, 261.973694, 0.999939
5, 639,6,56.520439, 56.529354, 119.122261, 70.497887,19.934856, 261.973694, 0.999842
5, 639,7,124.539284, 124.540100, 119.122261, 70.497887,19.934856, 261.973694, 0.999993
5, 639,8,40.943958, 40.940514, 119.122261, 70.497887,19.934856, 261.973694, 1.000084
5, 639,9,104.846313, 104.855659, 119.122261, 70.497887,19.934856, 261.973694, 0.999911
5, 639,10,100.002838, 100.012077, 119.122261, 70.497887,19.934856, 261.973694, 0.999908
5, 639,11,226.783371, 226.784256, 119.122261, 70.497887,19.934856, 261.973694, 0.999996
5, 639,12,31.501875, 31.508764, 119.122261, 70.497887,19.934856, 261.973694, 0.999781
5, 639,13,140.904373, 140.904266, 119.122261, 70.497887,19.934856, 261.973694, 1.000001
5, 639,14,258.753845, 258.746399, 119.122261, 70.497887,19.934856, 261.973694, 1.000029
5, 639,15,171.797272, 171.799179, 119.122261, 70.497887,19.934856, 261.973694, 0.999989
5, 639,16,49.574802, 49.569561, 119.122261, 70.497887,19.934856, 261.973694, 1.000106
5, 639,17,166.046921, 166.052551, 119.122261, 70.497887,19.934856, 261.973694, 0.999966
5, 639,18,132.771912, 132.767792, 119.122261, 70.497887,19.934856, 261.973694, 1.000031
5, 639,19,139.192780, 139.198532, 119.122261, 70.497887,19.934856, 261.973694, 0.999959
5, 639,20,76.611221, 76.606018, 119.122261, 70.497887,19.934856, 261.973694, 1.000068
5, 639,21,19.934856, 19.942558, 119.122261, 70.497887,19.934856, 261.973694, 0.999614
5, 639,22,103.423683, 103.432686, 119.122261, 70.497887,19.934856, 261.973694, 0.999913
5, 639,23,31.161974, 31.162144, 119.122261, 70.497887,19.934856, 261.973694, 0.999995
5, 639,24,106.704170, 106.707344, 119.122261, 70.497887,19.934856, 261.973694, 0.999970
5, 639,25,170.004730, 170.011337, 119.122261, 70.497887,19.934856, 261.973694, 0.999961
5, 639,26,259.015717, 259.020050, 119.122261, 70.497887,19.934856, 261.973694, 0.999983
5, 639,27,43.040264, 43.038483, 119.122261, 70.497887,19.934856, 261.973694, 1.000041
5, 639,28,116.213280, 116.221191, 119.122261, 70.497887,19.934856, 261.973694, 0.999932
5, 639,29,46.373863, 46.386116, 119.122261, 70.497887,19.934856, 261.973694, 0.999736
5, 639,30,196.559738, 196.573502, 119.122261, 70.497887,19.934856, 261.973694, 0.999930
5, 639,31,99.532234, 99.528641, 119.122261, 70.497887,19.934856, 261.973694, 1.000036
5, 640,0,113.517509, 113.509949, 119.127159, 61.273369,15.270890, 217.687790, 1.000067
5, 640,1,164.342316, 164.333862, 119.127159, 61.273369,15.270890, 217.687790, 1.000051
5, 640,2,120.452347, 120.426537, 119.127159, 61.273369,15.270890, 217.687790, 1.000214
5, 640,3,55.982521, 55.980927, 119.127159, 61.273369,15.270890, 217.687790, 1.000028
5, 640,4,113.900078, 113.905579, 119.127159, 61.273369,15.270890, 217.687790, 0.999952
5, 640,5,171.232468, 171.223145, 119.127159, 61.273369,15.270890, 217.687790, 1.000054
5, 640,6,166.757080, 166.768982, 119.127159, 61.273369,15.270890, 217.687790, 0.999929
5, 640,7,112.751038, 112.752815, 119.127159, 61.273369,15.270890, 217.687790, 0.999984
5, 640,8,177.359680, 177.355301, 119.127159, 61.273369,15.270890, 217.687790, 1.000025
5, 640,9,168.849579, 168.842590, 119.127159, 61.273369,15.270890, 217.687790, 1.000041
5, 640,10,71.435921, 71.437500, 119.127159, 61.273369,15.270890, 217.687790, 0.999978
5, 640,11,215.924347, 215.928543, 119.127159, 61.273369,15.270890, 217.687790, 0.999981
5, 640,12,98.923058, 98.919655, 119.127159, 61.273369,15.270890, 217.687790, 1.000034
5, 640,13,215.950241, 215.955826, 119.127159, 61.273369,15.270890, 217.687790, 0.999974
5, 640,14,96.999046, 96.989296, 119.127159, 61.273369,15.270890, 217.687790, 1.000100
5, 640,15,161.170563, 161.168869, 119.127159, 61.273369,15.270890, 217.687790, 1.000010
5, 640,16,194.429855, 194.435287, 119.127159, 61.273369,15.270890, 217.687790, 0.999972
5, 640,17,144.850922, 144.846024, 119.127159, 61.273369,15.270890, 217.687790, 1.000034
5, 640,18,83.570717, 83.551758, 119.127159, 61.273369,15.270890, 217.687790, 1.000227
5, 640,19,70.246590, 70.250641, 119.127159, 61.273369,15.270890, 217.687790, 0.999942
5, 640,20,166.379486, 166.373352, 119.127159, 61.273369,15.270890, 217.687790, 1.000037
5, 640,21,85.988472, 85.980057, 119.127159, 61.273369,15.270890, 217.687790, 1.000098
5, 640,22,26.168762, 26.172791, 119.127159, 61.273369,15.270890, 217.687790, 0.999846
5, 640,23,27.959326, 27.959915, 119.127159, 61.273369,15.270890, 217.687790, 0.999979
5, 640,24,109.246017, 109.246780, 119.127159, 61.273369,15.270890, 217.687790, 0.999993
5, 640,25,161.917969, 161.912369, 119.127159, 61.273369,15.270890, 217.687790, 1.000035
5, 640,26,15.270890, 15.279520, 119.127159, 61.273369,15.270890, 217.687790, 0.999435
5, 640,27,65.241081, 65.243958, 119.127159, 61.273369,15.270890, 217.687790, 0.999956
5, 640,28,29.456995, 29.460554, 119.127159, 61.273369,15.270890, 217.687790, 0.999879
5, 640,29,167.614807, 167.607971, 119.127159, 61.273369,15.270890, 217.687790, 1.000041
5, 640,30,217.687790, 217.688385, 119.127159, 61.273369,15.270890, 217.687790, 0.999997
5, 640,31,20.491621, 20.490829, 119.127159, 61.273369,15.270890, 217.687790, 1.000039
5, 641,0,194.935959, 194.945450, 119.126442, 75.609047,20.324465, 239.668060, 0.999951
5, 641,1,182.619034, 182.607712, 119.126442, 75.609047,20.324465, 239.668060, 1.000062
5, 641,2,134.725891, 134.733093, 119.126442, 75.609047,20.324465, 239.668060, 0.999947
5, 641,3,43.599937, 43.593575, 119.126442, 75.609047,20.324465, 239.668060, 1.000146
5, 641,4,144.809036, 144.811172, 119.126442, 75.609047,20.324465, 239.668060, 0.999985
5, 641,5,148.935211, 148.931274, 119.126442, 75.609047,20.324465, 239.668060, 1.000026
5, 641,6,210.064987, 210.047485, 119.126442, 75.609047,20.324465, 239.668060, 1.000083
5, 641,7,147.937592, 147.937027, 119.126442, 75.609047,20.324465, 239.668060, 1.000004
5, 641,8,56.234245, 56.232594, 119.126442, 75.609047,20.324465, 239.668060, 1.000029
5, 641,9,44.534286, 44.542633, 119.126442, 75.609047,20.324465, 239.668060, 0.999813
5, 641,10,230.306686, 230.309067, 119.126442, 75.609047,20.324465, 239.668060, 0.999990
5, 641,11,239.411911, 239.415512, 119.126442, 75.609047,20.324465, 239.668060, 0.999985
5, 641,12,23.540953, 23.550415, 119.126442, 75.609047,20.324465, 239.668060, 0.999598
5, 641,13,36.791119, 36.784477, 119.126442, 75.609047,20.324465, 239.668060, 1.000181
5, 641,14,193.513107, 193.514328, 119.126442, 75.609047,20.324465, 239.668060, 0.999994
5, 641,15,181.459381, 181.455292, 119.126442, 75.609047,20.324465, 239.668060, 1.000023
5, 641,16,20.324465, 20.319103, 119.126442, 75.609047,20.324465, 239.668060, 1.000264
5, 641,17,155.979462, 155.966354, 119.126442, 75.609047,20.324465, 239.668060, 1.000084
5, 641,18,32.505714, 32.498657, 119.126442, 75.609047,20.324465, 239.668060, 1.000217
5, 641,19,227.745667, 227.740601, 119.126442, 75.609047,20.324465, 239.668060, 1.000022
5, 641,20,239.668060, 239.656540, 119.126442, 75.609047,20.324465, 239.668060, 1.000048
5, 641,21,45.544228, 45.536880, 119.126442, 75.609047,20.324465, 239.668060, 1.000161
5, 641,22,24.975826, 24.981529, 119.126442, 75.609047,20.324465, 239.668060, 0.999772
5, 641,23,69.738586, 69.745346, 119.126442, 75.609047,20.324465, 239.668060, 0.999903
5, 641,24,156.689713, 156.689423, 119.126442, 75.609047,20.324465, 239.668060, 1.000002
5, 641,25,78.011414, 78.015686, 119.126442, 75.609047,20.324465, 239.668060, 0.999945
5, 641,26,68.277275, 68.284103, 119.126442, 75.609047,20.324465, 239.668060, 0.999900
5, 641,27,56.096970, 56.089478, 119.126442, 75.609047,20.324465, 239.668060, 1.000134
5, 641,28,208.042450, 208.043930, 119.126442, 75.609047,20.324465, 239.668060, 0.999993
5, 641,29,49.437061, 49.438557, 119.126442, 75.609047,20.324465, 239.668060, 0.999970
5, 641,30,47.943985, 47.939651, 119.126442, 75.609047,20.324465, 239.668060, 1.000090
5, 641,31,117.646324, 117.642563, 119.126442, 75.609047,20.324465, 239.668060, 1.000032
5, 642,0,180.171875, 180.171188, 119.123390, 58.138870,15.960002, 190.310379, 1.000004
5, 642,1,139.323868, 139.319122, 119.123390, 58.138870,15.960002, 190.310379, 1.000034
5, 642,2,151.877411, 151.885468, 119.123390, 58.138870,15.960002, 190.310379, 0.999947
5, 642,3,154.875565, 154.884247, 119.123390, 58.138870,15.960002, 190.310379, 0.999944
5, 642,4,49.288265, 49.292679, 119.123390, 58.138870,15.960002, 190.310379, 0.999910
5, 642,5,111.473938, 111.467537, 119.123390, 58.138870,15.960002, 190.310379, 1.000057
5, 642,6,169.563004, 169.552597, 119.123390, 58.138870,15.960002, 190.310379, 1.000061
5, 642,7,163.951248, 163.954880, 119.123390, 58.138870,15.960002, 190.310379, 0.999978
5, 642,8,55.613461, 55.615837, 119.123390, 58.138870,15.960002, 190.310379, 0.999957
5, 642,9,81.456192, 81.468239, 119.123390, 58.138870,15.960002, 190.310379, 0.999852
5, 642,10,23.950249, 23.942932, 119.123390, 58.138870,15.960002, 190.310379, 1.000306
5, 642,11,54.784550, 54.787601, 119.123390, 58.138870,15.960002, 190.310379, 0.999944
5, 642,12,164.351334, 164.360428, 119.123390, 58.138870,15.960002, 190.310379, 0.999945
5, 642,13,179.342239, 179.342941, 119.123390, 58.138870,15.960002, 190.310379, 0.999996
5, 642,14,90.243874, 90.230408, 119.123390, 58.138870,15.960002, 190.310379, 1.000149
5, 642,15,56.051079, 56.044235, 119.123390, 58.138870,15.960002, 190.310379, 1.000122
5, 642,16,25.598951, 25.605118, 119.123390, 58.138870,15.960002, 190.310379, 0.999759
5, 642,17,165.973938, 165.971207, 119.123390, 58.138870,15.960002, 190.310379, 1.000016
5, 642,18,179.625702, 179.628540, 119.123390, 58.138870,15.960002, 190.310379, 0.999984
5, 642,19,177.035324, 177.041016, 119.123390, 58.138870,15.960002, 190.310379, 0.999968
5, 642,20,65.887489, 65.885971, 119.123390, 58.138870,15.960002, 190.310379, 1.000023
5, 642,21,112.219444, 112.238655, 119.123390, 58.138870,15.960002, 190.310379, 0.999829
5, 642,22,52.128906, 52.131531, 119.123390, 58.138870,15.960002, 190.310379, 0.999950
5, 642,23,190.310379, 190.327057, 119.123390, 58.138870,15.960002, 190.310379, 0.999912
5, 642,24,160.111801, 160.105011, 119.123390, 58.138870,15.960002, 190.310379, 1.000042
5, 642,25,101.778015, 101.785728, 119.123390, 58.138870,15.960002, 190.310379, 0.999924
5, 642,26,50.989334, 50.989136, 119.123390, 58.138870,15.960002, 190.310379, 1.000004
5, 642,27,184.894623, 184.894974, 119.123390, 58.138870,15.960002, 190.310379, 0.999998
5, 642,28,147.765793, 147.772858, 119.123390, 58.138870,15.960002, 190.310379, 0.999952
5, 642,29,15.960002, 15.951880, 119.123390, 58.138870,15.960002, 190.310379, 1.000509
5, 642,30,180.187668, 180.205444, 119.123390, 58.138870,15.960002, 190.310379, 0.999901
5, 642,31,175.162994, 175.144638, 119.123390, 58.138870,15.960002, 190.310379, 1.000105
5, 643,0,198.412521, 198.416687, 119.126602, 59.925282,15.757797, 207.855499, 0.999979
5, 643,1,189.653305, 189.652985, 119.126602, 59.925282,15.757797, 207.855499, 1.000002
5, 643,2,167.115204, 167.109055, 119.126602, 59.925282,15.757797, 207.855499, 1.000037
5, 643,3,160.750366, 160.756439, 119.126602, 59.925282,15.757797, 207.855499, 0.999962
5, 643,4,167.650864, 167.649582, 119.126602, 59.925282,15.757797, 207.855499, 1.000008
5, 643,5,189.197479, 189.191422, 119.126602, 59.925282,15.757797, 207.855499, 1.000032
5, 643,6,80.211311, 80.206841, 119.126602, 59.925282,15.757797, 207.855499, 1.000056
5, 643,7,193.838593, 193.843521, 119.126602, 59.925282,15.757797, 207.855499, 0.999975
5, 643,8,39.574535, 39.570683, 119.126602, 59.925282,15.757797, 207.855499, 1.000097
5, 643,9,207.855499, 207.848465, 119.126602, 59.925282,15.757797, 207.855499, 1.000034
5, 643,10,89.009941, 89.000916, 119.126602, 59.925282,15.757797, 207.855499, 1.000101
5, 643,11,83.923981, 83.923668, 119.126602, 59.925282,15.757797, 207.855499, 1.000004
5, 643,12,88.599236, 88.600075, 119.126602, 59.925282,15.757797, 207.855499, 0.999991
5, 643,13,108.888313, 108.884758, 119.126602, 59.925282,15.757797, 207.855499, 1.000033
5, 643,14,36.723843, 36.722328, 119.126602, 59.925282,15.757797, 207.855499, 1.000041
5, 643,15,111.729874, 111.733109, 119.126602, 59.925282,15.757797, 207.855499, 0.999971
5, 643,16,140.775314, 140.769333, 119.126602, 59.925282,15.757797, 207.855499, 1.000042
5, 643,17,101.002289, 100.989517, 119.126602, 59.925282,15.757797, 207.855499, 1.000126
5, 643,18,137.349091, 137.337967, 119.126602, 59.925282,15.757797, 207.855499, 1.000081
5, 643,19,199.833527, 199.837830, 119.126602, 59.925282,15.757797, 207.855499, 0.999978
5, 643,20,28.539110, 28.535578, 119.126602, 59.925282,15.757797, 207.855499, 1.000124
5, 643,21,194.824768, 194.833481, 119.126602, 59.925282,15.757797, 207.855499, 0.999955
5, 643,22,143.184326, 143.204727, 119.126602, 59.925282,15.757797, 207.855499, 0.999858
5, 643,23,46.453682, 46.457756, 119.126602, 59.925282,15.757797, 207.855499, 0.999912
5, 643,24,109.675377, 109.674271, 119.126602, 59.925282,15.757797, 207.855499, 1.000010
5, 643,25,64.233871, 64.234177, 119.126602, 59.925282,15.757797, 207.855499, 0.999995
5, 643,26,84.967018, 84.980415, 119.126602, 59.925282,15.757797, 207.855499, 0.999842
5, 643,27,114.798508, 114.794037, 119.126602, 59.925282,15.757797, 207.855499, 1.000039
5, 643,28,15.757797, 15.751373, 119.126602, 59.925282,15.757797, 207.855499, 1.000408
5, 643,29,39.576008, 39.564606, 119.126602, 59.925282,15.757797, 207.855499, 1.000288
5, 643,30,201.853210, 201.842010, 119.126602, 59.925282,15.757797, 207.855499, 1.000055
5, 643,31,76.092415, 76.083092, 119.126602, 59.925282,15.757797, 207.855499, 1.000123
5, 644,0,68.694557, 68.680237, 119.127579, 59.394035,16.645775, 223.925186, 1.000208
5, 644,1,86.135910, 86.133171, 119.127579, 59.394035,16.645775, 223.925186, 1.000032
5, 644,2,180.786209, 180.790375, 119.127579, 59.394035,16.645775, 223.925186, 0.999977
5, 644,3,172.722580, 172.721024, 119.127579, 59.394035,16.645775, 223.925186, 1.000009
5, 644,4,125.308693, 125.297142, 119.127579, 59.394035,16.645775, 223.925186, 1.000092
5, 644,5,44.572021, 44.564171, 119.127579, 59.394035,16.645775, 223.925186, 1.000176
5, 644,6,223.925186, 223.910156, 119.127579, 59.394035,16.645775, 223.925186, 1.000067
5, 644,7,24.425041, 24.430214, 119.127579, 59.394035,16.645775, 223.925186, 0.999788
5, 644,8,126.061653, 126.052818, 119.127579, 59.394035,16.645775, 223.925186, 1.000070
5, 644,9,78.073669, 78.057251, 119.127579, 59.394035,16.645775, 223.925186, 1.000210
5, 644,10,29.974707, 29.963108, 119.127579, 59.394035,16.645775, 223.925186, 1.000387
5, 644,11,199.056442, 199.051559, 119.127579, 59.394035,16.645775, 223.925186, 1.000025
5, 644,12,87.455742, 87.440826, 119.127579, 59.394035,16.645775, 223.925186, 1.000171
5, 644,13,86.003616, 85.995178, 119.127579, 59.394035,16.645775, 223.925186, 1.000098
5, 644,14,162.090759, 162.095505, 119.127579, 59.394035,16.645775, 223.925186, 0.999971
5, 644,15,53.599251, 53.592911, 119.127579, 59.394035,16.645775, 223.925186, 1.000118
5, 644,16,198.733917, 198.742706, 119.127579, 59.394035,16.645775, 223.925186, 0.999956
5, 644,17,90.204399, 90.213844, 119.127579, 59.394035,16.645775, 223.925186, 0.999895
5, 644,18,185.193542, 185.199615, 119.127579, 59.394035,16.645775, 223.925186, 0.999967
5, 644,19,171.799240, 171.794495, 119.127579, 59.394035,16.645775, 223.925186, 1.000028
5, 644,20,119.766449, 119.764236, 119.127579, 59.394035,16.645775, 223.925186, 1.000018
5, 644,21,215.604965, 215.617401, 119.127579, 59.394035,16.645775, 223.925186, 0.999942
5, 644,22,150.699081, 150.707718, 119.127579, 59.394035,16.645775, 223.925186, 0.999943
5, 644,23,89.952774, 89.944435, 119.127579, 59.394035,16.645775, 223.925186, 1.000093
5, 644,24,124.346779, 124.350899, 119.127579, 59.394035,16.645775, 223.925186, 0.999967
5, 644,25,85.748428, 85.745476, 119.127579, 59.394035,16.645775, 223.925186, 1.000034
5, 644,26,175.833435, 175.842300, 119.127579, 59.394035,16.645775, 223.925186, 0.999950
5, 644,27,16.645775, 16.636847, 119.127579, 59.394035,16.645775, 223.925186, 1.000537
5, 644,28,166.762573, 166.761002, 119.127579, 59.394035,16.645775, 223.925186, 1.000009
5, 644,29,143.227829, 143.223206, 119.127579, 59.394035,16.645775, 223.925186, 1.000032
5, 644,30,62.018909, 62.017109, 119.127579, 59.394035,16.645775, 223.925186, 1.000029
5, 644,31,66.658607, 66.662895, 119.127579, 59.394035,16.645775, 223.925186, 0.999936
5, 645,0,172.959091, 172.956985, 119.127876, 60.966133,10.218578, 238.935394, 1.000012
5, 645,1,205.502533, 205.507355, 119.127876, 60.966133,10.218578, 238.935394, 0.999977
5, 645,2,153.476974, 153.477676, 119.127876, 60.966133,10.218578, 238.935394, 0.999995
5, 645,3,118.708817, 118.699287, 119.127876, 60.966133,10.218578, 238.935394, 1.000080
5, 645,4,146.359467, 146.369232, 119.127876, 60.966133,10.218578, 238.935394, 0.999933
5, 645,5,39.294189, 39.289680, 119.127876, 60.966133,10.218578, 238.935394, 1.000115
5, 645,6,151.987549, 151.971115, 119.127876, 60.966133,10.218578, 238.935394, 1.000108
5, 645,7,238.935394, 238.934784, 119.127876, 60.966133,10.218578, 238.935394, 1.000003
5, 645,8,116.160355, 116.167122, 119.127876, 60.966133,10.218578, 238.935394, 0.999942
5, 645,9,118.455589, 118.444656, 119.127876, 60.966133,10.218578, 238.935394, 1.000092
5, 645,10,21.727249, 21.734261, 119.127876, 60.966133,10.218578, 238.935394, 0.999677
5, 645,11,89.318977, 89.303513, 119.127876, 60.966133,10.218578, 238.935394, 1.000173
5, 645,12,60.780327, 60.770660, 119.127876, 60.966133,10.218578, 238.935394, 1.000159
5, 645,13,61.503880, 61.492115, 119.127876, 60.966133,10.218578, 238.935394, 1.000191
5, 645,14,44.091694, 44.092308, 119.127876, 60.966133,10.218578, 238.935394, 0.999986
5, 645,15,140.519592, 140.519775, 119.127876, 60.966133,10.218578, 238.935394, 0.999999
5, 645,16,70.596840, 70.595184, 119.127876, 60.966133,10.218578, 238.935394, 1.000023
5, 645,17,72.562325, 72.561501, 119.127876, 60.966133,10.218578, 238.935394, 1.000011
5, 645,18,150.373337, 150.372589, 119.127876, 60.966133,10.218578, 238.935394, 1.000005
5, 645,19,10.218578, 10.219266, 119.127876, 60.966133,10.218578, 238.935394, 0.999933
5, 645,20,160.704559, 160.706390, 119.127876, 60.966133,10.218578, 238.935394, 0.999989
5, 645,21,141.936066, 141.941467, 119.127876, 60.966133,10.218578, 238.935394, 0.999962
5, 645,22,147.609879, 147.599945, 119.127876, 60.966133,10.218578, 238.935394, 1.000067
5, 645,23,132.590134, 132.590851, 119.127876, 60.966133,10.218578, 238.935394, 0.999995
5, 645,24,42.184151, 42.189644, 119.127876, 60.966133,10.218578, 238.935394, 0.999870
5, 645,25,65.423096, 65.417679, 119.127876, 60.966133,10.218578, 238.935394, 1.000083
5, 645,26,36.977394, 36.976776, 119.127876, 60.966133,10.218578, 238.935394, 1.000017
5, 645,27,136.568924, 136.558838, 119.127876, 60.966133,10.218578, 238.935394, 1.000074
5, 645,28,192.355652, 192.358475, 119.127876, 60.966133,10.218578, 238.935394, 0.999985
5, 645,29,202.881119, 202.869095, 119.127876, 60.966133,10.218578, 238.935394, 1.000059
5, 645,30,200.655930, 200.641068, 119.127876, 60.966133,10.218578, 238.935394, 1.000074
5, 645,31,168.672562, 168.670685, 119.127876, 60.966133,10.218578, 238.935394, 1.000011
5, 646,0,107.683418, 107.684204, 119.127663, 66.270706,11.255997, 221.235092, 0.999993
5, 646,1,211.965088, 211.965546, 119.127663, 66.270706,11.255997, 221.235092, 0.999998
5, 646,2,173.708221, 173.707306, 119.127663, 66.270706,11.255997, 221.235092, 1.000005
5, 646,3,143.196030, 143.202805, 119.127663, 66.270706,11.255997, 221.235092, 0.999953
5, 646,4,11.255997, 11.253521, 119.127663, 66.270706,11.255997, 221.235092, 1.000220
5, 646,5,197.009064, 196.994370, 119.127663, 66.270706,11.255997, 221.235092, 1.000075
5, 646,6,53.305370, 53.298180, 119.127663, 66.270706,11.255997, 221.235092, 1.000135
5, 646,7,211.749847, 211.758789, 119.127663, 66.270706,11.255997, 221.235092, 0.999958
5, 646,8,85.235771, 85.230667, 119.127663, 66.270706,11.255997, 221.235092, 1.000060
5, 646,9,84.374588, 84.377754, 119.127663, 66.270706,11.255997, 221.235092, 0.999962
5, 646,10,182.749344, 182.746872, 119.127663, 66.270706,11.255997, 221.235092, 1.000013
5, 646,11,90.129341, 90.134911, 119.127663, 66.270706,11.255997, 221.235092, 0.999938
5, 646,12,90.373802, 90.373978, 119.127663, 66.270706,11.255997, 221.235092, 0.999998
5, 646,13,38.601227, 38.604843, 119.127663, 66.270706,11.255997, 221.235092, 0.999906
5, 646,14,140.195099, 140.191772, 119.127663, 66.270706,11.255997, 221.235092, 1.000024
5, 646,15,87.907829, 87.905708, 119.127663, 66.270706,11.255997, 221.235092, 1.000024
5, 646,16,166.227325, 166.224945, 119.127663, 66.270706,11.255997, 221.235092, 1.000014
5, 646,17,141.564224, 141.555130, 119.127663, 66.270706,11.255997, 221.235092, 1.000064
5, 646,18,189.981537, 189.977234, 119.127663, 66.270706,11.255997, 221.235092, 1.000023
5, 646,19,105.248985, 105.254700, 119.127663, 66.270706,11.255997, 221.235092, 0.999946
5, 646,20,120.666061, 120.652344, 119.127663, 66.270706,11.255997, 221.235092, 1.000114
5, 646,21,221.235092, 221.237732, 119.127663, 66.270706,11.255997, 221.235092, 0.999988
5, 646,22,23.216814, 23.233051, 119.127663, 66.270706,11.255997, 221.235092, 0.999301
5, 646,23,49.936905, 49.931763, 119.127663, 66.270706,11.255997, 221.235092, 1.000103
5, 646,24,216.855652, 216.850418, 119.127663, 66.270706,11.255997, 221.235092, 1.000024
5, 646,25,58.023129, 58.008572, 119.127663, 66.270706,11.255997, 221.235092, 1.000251
5, 646,26,176.976669, 176.963867, 119.127663, 66.270706,11.255997, 221.235092, 1.000072
5, 646,27,52.857533, 52.845879, 119.127663, 66.270706,11.255997, 221.235092, 1.000221
5, 646,28,23.750338, 23.737045, 119.127663, 66.270706,11.255997, 221.235092, 1.000560
5, 646,29,107.400429, 107.399902, 119.127663, 66.270706,11.255997, 221.235092, 1.000005
5, 646,30,209.759811, 209.742813, 119.127663, 66.270706,11.255997, 221.235092, 1.000081
5, 646,31,38.945045, 38.953758, 119.127663, 66.270706,11.255997, 221.235092, 0.999776
5, 647,0,46.483116, 46.477901, 119.125061, 63.615185,17.731691, 216.497299, 1.000112
5, 647,1,19.748518, 19.751831, 119.125061, 63.615185,17.731691, 216.497299, 0.999832
5, 647,2,96.397308, 96.391373, 119.125061, 63.615185,17.731691, 216.497299, 1.000062
5, 647,3,216.497299, 216.491547, 119.125061, 63.615185,17.731691, 216.497299, 1.000027
5, 647,4,164.857971, 164.862350, 119.125061, 63.615185,17.731691, 216.497299, 0.999973
5, 647,5,174.818771, 174.822327, 119.125061, 63.615185,17.731691, 216.497299, 0.999980
5, 647,6,200.129486, 200.141769, 119.125061, 63.615185,17.731691, 216.497299, 0.999939
5, 647,7,167.192352, 167.196213, 119.125061, 63.615185,17.731691, 216.497299, 0.999977
5, 647,8,27.864784, 27.863638, 119.125061, 63.615185,17.731691, 216.497299, 1.000041
5, 647,9,144.152054, 144.153900, 119.125061, 63.615185,17.731691, 216.497299, 0.999987
5, 647,10,131.924133, 131.923126, 119.125061, 63.615185,17.731691, 216.497299, 1.000008
5, 647,11,140.774811, 140.766617, 119.125061, 63.615185,17.731691, 216.497299, 1.000058
5, 647,12,41.865856, 41.860607, 119.125061, 63.615185,17.731691, 216.497299, 1.000125
5, 647,13,93.403885, 93.401482, 119.125061, 63.615185,17.731691, 216.497299, 1.000026
5, 647,14,97.759796, 97.747551, 119.125061, 63.615185,17.731691, 216.497299, 1.000125
5, 647,15,200.727753, 200.728394, 119.125061, 63.615185,17.731691, 216.497299, 0.999997
5, 647,16,141.874939, 141.883102, 119.125061, 63.615185,17.731691, 216.497299, 0.999942
5, 647,17,150.537674, 150.543686, 119.125061, 63.615185,17.731691, 216.497299, 0.999960
5, 647,18,17.731691, 17.720724, 119.125061, 63.615185,17.731691, 216.497299, 1.000619
5, 647,19,191.228729, 191.222565, 119.125061, 63.615185,17.731691, 216.497299, 1.000032
5, 647,20,18.525330, 18.521812, 119.125061, 63.615185,17.731691, 216.497299, 1.000190
5, 647,21,164.437637, 164.433426, 119.125061, 63.615185,17.731691, 216.497299, 1.000026
5, 647,22,173.019196, 173.024612, 119.125061, 63.615185,17.731691, 216.497299, 0.999969
5, 647,23,95.568222, 95.577675, 119.125061, 63.615185,17.731691, 216.497299, 0.999901
5, 647,24,31.515928, 31.515842, 119.125061, 63.615185,17.731691, 216.497299, 1.000003
5, 647,25,90.215569, 90.228676, 119.125061, 63.615185,17.731691, 216.497299, 0.999855
5, 647,26,178.726517, 178.726852, 119.125061, 63.615185,17.731691, 216.497299, 0.999998
5, 647,27,43.290478, 43.311394, 119.125061, 63.615185,17.731691, 216.497299, 0.999517
5, 647,28,77.813034, 77.814957, 119.125061, 63.615185,17.731691, 216.497299, 0.999975
5, 647,29,103.993340, 103.985947, 119.125061, 63.615185,17.731691, 216.497299, 1.000071
5, 647,30,216.081253, 216.075226, 119.125061, 63.615185,17.731691, 216.497299, 1.000028
5, 647,31,152.844360, 152.833420, 119.125061, 63.615185,17.731691, 216.497299, 1.000072
5, 648,0,195.144623, 195.145401, 119.125259, 63.771507,15.570811, 216.415344, 0.999996
5, 648,1,65.961052, 65.968094, 119.125259, 63.771507,15.570811, 216.415344, 0.999893
5, 648,2,87.918594, 87.920631, 119.125259, 63.771507,15.570811, 216.415344, 0.999977
5, 648,3,88.100433, 88.106018, 119.125259, 63.771507,15.570811, 216.415344, 0.999937
5, 648,4,153.652435, 153.650375, 119.125259, 63.771507,15.570811, 216.415344, 1.000013
5, 648,5,118.245964, 118.247604, 119.125259, 63.771507,15.570811, 216.415344, 0.999986
5, 648,6,23.754288, 23.757092, 119.125259, 63.771507,15.570811, 216.415344, 0.999882
5, 648,7,165.008499, 165.010208, 119.125259, 63.771507,15.570811, 216.415344, 0.999990
5, 648,8,201.329468, 201.327133, 119.125259, 63.771507,15.570811, 216.415344, 1.000012
5, 648,9,182.894333, 182.890594, 119.125259, 63.771507,15.570811, 216.415344, 1.000020
5, 648,10,58.237881, 58.245712, 119.125259, 63.771507,15.570811, 216.415344, 0.999866
5, 648,11,173.760696, 173.755417, 119.125259, 63.771507,15.570811, 216.415344, 1.000030
5, 648,12,169.529633, 169.529831, 119.125259, 63.771507,15.570811, 216.415344, 0.999999
5, 648,13,139.960068, 139.957214, 119.125259, 63.771507,15.570811, 216.415344, 1.000020
5, 648,14,19.818413, 19.819187, 119.125259, 63.771507,15.570811, 216.415344, 0.999961
5, 648,15,23.568197, 23.565311, 119.125259, 63.771507,15.570811, 216.415344, 1.000122
5, 648,16,156.754211, 156.750839, 119.125259, 63.771507,15.570811, 216.415344, 1.000021
5, 648,17,110.582771, 110.582748, 119.125259, 63.771507,15.570811, 216.415344, 1.000000
5, 648,18,75.840469, 75.832031, 119.125259, 63.771507,15.570811, 216.415344, 1.000111
5, 648,19,29.138947, 29.152531, 119.125259, 63.771507,15.570811, 216.415344, 0.999534
5, 648,20,15.570811, 15.574435, 119.125259, 63.771507,15.570811, 216.415344, 0.999767
5, 648,21,136.963120, 136.959015, 119.125259, 63.771507,15.570811, 216.415344, 1.000030
5, 648,22,147.702469, 147.692383, 119.125259, 63.771507,15.570811, 216.415344, 1.000068
5, 648,23,177.610092, 177.616608, 119.125259, 63.771507,15.570811, 216.415344, 0.999963
5, 648,24,216.415344, 216.420303, 119.125259, 63.771507,15.570811, 216.415344, 0.999977
5, 648,25,131.104492, 131.103317, 119.125259, 63.771507,15.570811, 216.415344, 1.000009
5, 648,26,195.459885, 195.465027, 119.125259, 63.771507,15.570811, 216.415344, 0.999974
5, 648,27,138.845551, 138.844879, 119.125259, 63.771507,15.570811, 216.415344, 1.000005
5, 648,28,62.085781, 62.068542, 119.125259, 63.771507,15.570811, 216.415344, 1.000278
5, 648,29,20.441395, 20.445673, 119.125259, 63.771507,15.570811, 216.415344, 0.999791
5, 648,30,121.539169, 121.527061, 119.125259, 63.771507,15.570811, 216.415344, 1.000100
5, 648,31,209.069382, 209.068710, 119.125259, 63.771507,15.570811, 216.415344, 1.000003
5, 649,0,16.182240, 16.175941, 119.125389, 67.686790,16.182240, 248.268951, 1.000389
5, 649,1,142.368225, 142.377991, 119.125389, 67.686790,16.182240, 248.268951, 0.999931
5, 649,2,37.027889, 37.034729, 119.125389, 67.686790,16.182240, 248.268951, 0.999815
5, 649,3,151.489670, 151.484497, 119.125389, 67.686790,16.182240, 248.268951, 1.000034
5, 649,4,154.700745, 154.707397, 119.125389, 67.686790,16.182240, 248.268951, 0.999957
5, 649,5,248.268951, 248.268387, 119.125389, 67.686790,16.182240, 248.268951, 1.000002
5, 649,6,35.776669, 35.775558, 119.125389, 67.686790,16.182240, 248.268951, 1.000031
5, 649,7,194.668335, 194.663620, 119.125389, 67.686790,16.182240, 248.268951, 1.000024
5, 649,8,133.873001, 133.871078, 119.125389, 67.686790,16.182240, 248.268951, 1.000014
5, 649,9,40.827717, 40.819744, 119.125389, 67.686790,16.182240, 248.268951, 1.000195
5, 649,10,71.654480, 71.661972, 119.125389, 67.686790,16.182240, 248.268951, 0.999895
5, 649,11,141.135193, 141.133804, 119.125389, 67.686790,16.182240, 248.268951, 1.000010
5, 649,12,90.353172, 90.354683, 119.125389, 67.686790,16.182240, 248.268951, 0.999983
5, 649,13,172.103394, 172.103455, 119.125389, 67.686790,16.182240, 248.268951, 1.000000
5, 649,14,36.813560, 36.809875, 119.125389, 67.686790,16.182240, 248.268951, 1.000100
5, 649,15,49.870323, 49.873791, 119.125389, 67.686790,16.182240, 248.268951, 0.999931
5, 649,16,27.218502, 27.223679, 119.125389, 67.686790,16.182240, 248.268951, 0.999810
5, 649,17,215.728088, 215.732269, 119.125389, 67.686790,16.182240, 248.268951, 0.999981
5, 649,18,128.831543, 128.819397, 119.125389, 67.686790,16.182240, 248.268951, 1.000094
5, 649,19,239.616501, 239.611572, 119.125389, 67.686790,16.182240, 248.268951, 1.000021
5, 649,20,60.491390, 60.494312, 119.125389, 67.686790,16.182240, 248.268951, 0.999952
5, 649,21,168.176575, 168.176041, 119.125389, 67.686790,16.182240, 248.268951, 1.000003
5, 649,22,184.274216, 184.267960, 119.125389, 67.686790,16.182240, 248.268951, 1.000034
5, 649,23,126.240097, 126.233597, 119.125389, 67.686790,16.182240, 248.268951, 1.000051
5, 649,24,130.886078, 130.888031, 119.125389, 67.686790,16.182240, 248.268951, 0.999985
5, 649,25,116.248993, 116.250168, 119.125389, 67.686790,16.182240, 248.268951, 0.999990
5, 649,26,92.985008, 92.977959, 119.125389, 67.686790,16.182240, 248.268951, 1.000076
5, 649,27,203.529556, 203.522797, 119.125389, 67.686790,16.182240, 248.268951, 1.000033
5, 649,28,109.374962, 109.384674, 119.125389, 67.686790,16.182240, 248.268951, 0.999911
5, 649,29,196.743759, 196.747253, 119.125389, 67.686790,16.182240, 248.268951, 0.999982
5, 649,30,72.613815, 72.613846, 119.125389, 67.686790,16.182240, 248.268951, 1.000000
5, 649,31,21.939863, 21.939651, 119.125389, 67.686790,16.182240, 248.268951, 1.000010
5, 650,0,122.304901, 122.308456, 119.124222, 70.714134,11.294168, 244.258835, 0.999971
5, 650,1,152.543152, 152.541809, 119.124222, 70.714134,11.294168, 244.258835, 1.000009
5, 650,2,201.250671, 201.256226, 119.124222, 70.714134,11.294168, 244.258835, 0.999972
5, 650,3,126.598190, 126.605659, 119.124222, 70.714134,11.294168, 244.258835, 0.999941
5, 650,4,44.934067, 44.943466, 119.124222, 70.714134,11.294168, 244.258835, 0.999791
5, 650,5,102.171005, 102.168175, 119.124222, 70.714134,11.294168, 244.258835, 1.000028
5, 650,6,174.614761, 174.631897, 119.124222, 70.714134,11.294168, 244.258835, 0.999902
5, 650,7,57.120792, 57.116333, 119.124222, 70.714134,11.294168, 244.258835, 1.000078
5, 650,8,243.972809, 243.983597, 119.124222, 70.714134,11.294168, 244.258835, 0.999956
5, 650,9,154.374207, 154.353989, 119.124222, 70.714134,11.294168, 244.258835, 1.000131
5, 650,10,216.039124, 216.036469, 119.124222, 70.714134,11.294168, 244.258835, 1.000012
5, 650,11,167.537201, 167.543808, 119.124222, 70.714134,11.294168, 244.258835, 0.999961
5, 650,12,231.111465, 231.099640, 119.124222, 70.714134,11.294168, 244.258835, 1.000051
5, 650,13,179.869034, 179.861954, 119.124222, 70.714134,11.294168, 244.258835, 1.000039
5, 650,14,108.933670, 108.927475, 119.124222, 70.714134,11.294168, 244.258835, 1.000057
5, 650,15,38.854927, 38.857033, 119.124222, 70.714134,11.294168, 244.258835, 0.999946
5, 650,16,84.599037, 84.612328, 119.124222, 70.714134,11.294168, 244.258835, 0.999843
5, 650,17,97.526718, 97.534538, 119.124222, 70.714134,11.294168, 244.258835, 0.999920
5, 650,18,11.294168, 11.292220, 119.124222, 70.714134,11.294168, 244.258835, 1.000172
5, 650,19,80.046410, 80.039856, 119.124222, 70.714134,11.294168, 244.258835, 1.000082
5, 650,20,62.901527, 62.912212, 119.124222, 70.714134,11.294168, 244.258835, 0.999830
5, 650,21,63.063499, 63.072781, 119.124222, 70.714134,11.294168, 244.258835, 0.999853
5, 650,22,45.836964, 45.830433, 119.124222, 70.714134,11.294168, 244.258835, 1.000142
5, 650,23,32.732407, 32.740013, 119.124222, 70.714134,11.294168, 244.258835, 0.999768
5, 650,24,236.017181, 236.023819, 119.124222, 70.714134,11.294168, 244.258835, 0.999972
5, 650,25,102.416618, 102.420502, 119.124222, 70.714134,11.294168, 244.258835, 0.999962
5, 650,26,53.101048, 53.094391, 119.124222, 70.714134,11.294168, 244.258835, 1.000125
5, 650,27,244.258835, 244.251205, 119.124222, 70.714134,11.294168, 244.258835, 1.000031
5, 650,28,80.402161, 80.414528, 119.124222, 70.714134,11.294168, 244.258835, 0.999846
5, 650,29,105.819023, 105.807808, 119.124222, 70.714134,11.294168, 244.258835, 1.000106
5, 650,30,16.561745, 16.552856, 119.124222, 70.714134,11.294168, 244.258835, 1.000537
5, 650,31,173.167938, 173.163803, 119.124222, 70.714134,11.294168, 244.258835, 1.000024
5, 651,0,83.988899, 83.983681, 119.123322, 59.070404,15.250464, 190.505554, 1.000062
5, 651,1,163.378418, 163.382965, 119.123322, 59.070404,15.250464, 190.505554, 0.999972
5, 651,2,31.631796, 31.640242, 119.123322, 59.070404,15.250464, 190.505554, 0.999733
5, 651,3,178.680252, 178.693008, 119.123322, 59.070404,15.250464, 190.505554, 0.999929
5, 651,4,177.604156, 177.600998, 119.123322, 59.070404,15.250464, 190.505554, 1.000018
5, 651,5,46.569256, 46.556705, 119.123322, 59.070404,15.250464, 190.505554, 1.000270
5, 651,6,100.394707, 100.402336, 119.123322, 59.070404,15.250464, 190.505554, 0.999924
5, 651,7,186.459137, 186.475494, 119.123322, 59.070404,15.250464, 190.505554, 0.999912
5, 651,8,133.970291, 133.982391, 119.123322, 59.070404,15.250464, 190.505554, 0.999910
5, 651,9,188.925522, 188.931091, 119.123322, 59.070404,15.250464, 190.505554, 0.999970
5, 651,10,149.959503, 149.946503, 119.123322, 59.070404,15.250464, 190.505554, 1.000087
5, 651,11,162.023224, 162.030457, 119.123322, 59.070404,15.250464, 190.505554, 0.999955
5, 651,12,76.310417, 76.317581, 119.123322, 59.070404,15.250464, 190.505554, 0.999906
5, 651,13,30.145750, 30.143604, 119.123322, 59.070404,15.250464, 190.505554, 1.000071
5, 651,14,163.222260, 163.222229, 119.123322, 59.070404,15.250464, 190.505554, 1.000000
5, 651,15,74.338310, 74.322075, 119.123322, 59.070404,15.250464, 190.505554, 1.000218
5, 651,16,71.900269, 71.905281, 119.123322, 59.070404,15.250464, 190.505554, 0.999930
5, 651,17,81.469238, 81.467117, 119.123322, 59.070404,15.250464, 190.505554, 1.000026
5, 651,18,190.505554, 190.510880, 119.123322, 59.070404,15.250464, 190.505554, 0.999972
5, 651,19,15.250464, 15.249310, 119.123322, 59.070404,15.250464, 190.505554, 1.000076
5, 651,20,115.845757, 115.845383, 119.123322, 59.070404,15.250464, 190.505554, 1.000003
5, 651,21,181.024338, 181.021103, 119.123322, 59.070404,15.250464, 190.505554, 1.000018
5, 651,22,66.538475, 66.545105, 119.123322, 59.070404,15.250464, 190.505554, 0.999900
5, 651,23,162.817093, 162.828659, 119.123322, 59.070404,15.250464, 190.505554, 0.999929
5, 651,24,173.284927, 173.271851, 119.123322, 59.070404,15.250464, 190.505554, 1.000075
5, 651,25,116.323769, 116.327637, 119.123322, 59.070404,15.250464, 190.505554, 0.999967
5, 651,26,17.693943, 17.693815, 119.123322, 59.070404,15.250464, 190.505554, 1.000007
5, 651,27,72.191681, 72.199066, 119.123322, 59.070404,15.250464, 190.505554, 0.999898
5, 651,28,58.775303, 58.773689, 119.123322, 59.070404,15.250464, 190.505554, 1.000027
5, 651,29,190.427582, 190.422180, 119.123322, 59.070404,15.250464, 190.505554, 1.000028
5, 651,30,166.918411, 166.919464, 119.123322, 59.070404,15.250464, 190.505554, 0.999994
5, 651,31,183.377380, 183.388000, 119.123322, 59.070404,15.250464, 190.505554, 0.999942
5, 652,0,116.335609, 116.329277, 119.126251, 47.546463,21.683285, 191.518478, 1.000054
5, 652,1,129.890778, 129.879913, 119.126251, 47.546463,21.683285, 191.518478, 1.000084
5, 652,2,127.353851, 127.360077, 119.126251, 47.546463,21.683285, 191.518478, 0.999951
5, 652,3,177.279160, 177.272552, 119.126251, 47.546463,21.683285, 191.518478, 1.000037
5, 652,4,91.513901, 91.522957, 119.126251, 47.546463,21.683285, 191.518478, 0.999901
5, 652,5,55.939949, 55.939552, 119.126251, 47.546463,21.683285, 191.518478, 1.000007
5, 652,6,115.569099, 115.568130, 119.126251, 47.546463,21.683285, 191.518478, 1.000008
5, 652,7,115.195793, 115.210625, 119.126251, 47.546463,21.683285, 191.518478, 0.999871
5, 652,8,130.455048, 130.456543, 119.126251, 47.546463,21.683285, 191.518478, 0.999989
5, 652,9,187.913544, 187.905487, 119.126251, 47.546463,21.683285, 191.518478, 1.000043
5, 652,10,119.256203, 119.258522, 119.126251, 47.546463,21.683285, 191.518478, 0.999981
5, 652,11,191.518478, 191.509384, 119.126251, 47.546463,21.683285, 191.518478, 1.000047
5, 652,12,127.009750, 126.996803, 119.126251, 47.546463,21.683285, 191.518478, 1.000102
5, 652,13,137.922424, 137.906509, 119.126251, 47.546463,21.683285, 191.518478, 1.000115
5, 652,14,114.168434, 114.178467, 119.126251, 47.546463,21.683285, 191.518478, 0.999912
5, 652,15,168.991821, 168.986496, 119.126251, 47.546463,21.683285, 191.518478, 1.000031
5, 652,16,116.334778, 116.335037, 119.126251, 47.546463,21.683285, 191.518478, 0.999998
5, 652,17,34.450813, 34.443047, 119.126251, 47.546463,21.683285, 191.518478, 1.000226
5, 652,18,51.849327, 51.857063, 119.126251, 47.546463,21.683285, 191.518478, 0.999851
5, 652,19,32.260986, 32.251877, 119.126251, 47.546463,21.683285, 191.518478, 1.000282
5, 652,20,154.697159, 154.692001, 119.126251, 47.546463,21.683285, 191.518478, 1.000033
5, 652,21,151.041458, 151.053513, 119.126251, 47.546463,21.683285, 191.518478, 0.999920
5, 652,22,146.919891, 146.907593, 119.126251, 47.546463,21.683285, 191.518478, 1.000084
5, 652,23,94.125938, 94.111992, 119.126251, 47.546463,21.683285, 191.518478, 1.000148
5, 652,24,118.205101, 118.214836, 119.126251, 47.546463,21.683285, 191.518478, 0.999918
5, 652,25,21.683285, 21.688148, 119.126251, 47.546463,21.683285, 191.518478, 0.999776
5, 652,26,59.067368, 59.076382, 119.126251, 47.546463,21.683285, 191.518478, 0.999847
5, 652,27,71.976883, 71.975433, 119.126251, 47.546463,21.683285, 191.518478, 1.000020
5, 652,28,135.522842, 135.507751, 119.126251, 47.546463,21.683285, 191.518478, 1.000111
5, 652,29,189.840988, 189.831406, 119.126251, 47.546463,21.683285, 191.518478, 1.000050
5, 652,30,188.019836, 188.038101, 119.126251, 47.546463,21.683285, 191.518478, 0.999903
5, 652,31,139.729065, 139.734406, 119.126251, 47.546463,21.683285, 191.518478, 0.999962
5, 653,0,222.768707, 222.767181, 119.124504, 68.132561,20.627695, 224.446823, 1.000007
5, 653,1,224.446823, 224.448090, 119.124504, 68.132561,20.627695, 224.446823, 0.999994
5, 653,2,90.016495, 90.028419, 119.124504, 68.132561,20.627695, 224.446823, 0.999868
5, 653,3,71.904892, 71.909027, 119.124504, 68.132561,20.627695, 224.446823, 0.999942
5, 653,4,23.944229, 23.943592, 119.124504, 68.132561,20.627695, 224.446823, 1.000027
5, 653,5,128.711166, 128.702515, 119.124504, 68.132561,20.627695, 224.446823, 1.000067
5, 653,6,211.310333, 211.298630, 119.124504, 68.132561,20.627695, 224.446823, 1.000055
5, 653,7,211.534195, 211.536880, 119.124504, 68.132561,20.627695, 224.446823, 0.999987
5, 653,8,29.916719, 29.912800, 119.124504, 68.132561,20.627695, 224.446823, 1.000131
5, 653,9,186.910309, 186.905609, 119.124504, 68.132561,20.627695, 224.446823, 1.000025
5, 653,10,93.376190, 93.376999, 119.124504, 68.132561,20.627695, 224.446823, 0.999991
5, 653,11,190.612915, 190.611557, 119.124504, 68.132561,20.627695, 224.446823, 1.000007
5, 653,12,95.634407, 95.640266, 119.124504, 68.132561,20.627695, 224.446823, 0.999939
5, 653,13,91.364662, 91.378433, 119.124504, 68.132561,20.627695, 224.446823, 0.999849
5, 653,14,177.059631, 177.051788, 119.124504, 68.132561,20.627695, 224.446823, 1.000044
5, 653,15,25.263412, 25.267143, 119.124504, 68.132561,20.627695, 224.446823, 0.999852
5, 653,16,169.041992, 169.044327, 119.124504, 68.132561,20.627695, 224.446823, 0.999986
5, 653,17,117.928291, 117.928841, 119.124504, 68.132561,20.627695, 224.446823, 0.999995
5, 653,18,35.207909, 35.207001, 119.124504, 68.132561,20.627695, 224.446823, 1.000026
5, 653,19,121.065819, 121.072258, 119.124504, 68.132561,20.627695, 224.446823, 0.999947
5, 653,20,34.322353, 34.320221, 119.124504, 68.132561,20.627695, 224.446823, 1.000062
5, 653,21,188.099396, 188.110046, 119.124504, 68.132561,20.627695, 224.446823, 0.999943
5, 653,22,20.627695, 20.628101, 119.124504, 68.132561,20.627695, 224.446823, 0.999980
5, 653,23,43.227253, 43.227707, 119.124504, 68.132561,20.627695, 224.446823, 0.999990
5, 653,24,101.055763, 101.053581, 119.124504, 68.132561,20.627695, 224.446823, 1.000022
5, 653,25,131.282562, 131.283447, 119.124504, 68.132561,20.627695, 224.446823, 0.999993
5, 653,26,181.564819, 181.565094, 119.124504, 68.132561,20.627695, 224.446823, 0.999999
5, 653,27,62.172882, 62.174316, 119.124504, 68.132561,20.627695, 224.446823, 0.999977
5, 653,28,155.638412, 155.636765, 119.124504, 68.132561,20.627695, 224.446823, 1.000011
5, 653,29,204.635391, 204.647797, 119.124504, 68.132561,20.627695, 224.446823, 0.999939
5, 653,30,138.285385, 138.278412, 119.124504, 68.132561,20.627695, 224.446823, 1.000050
5, 653,31,33.053154, 33.042995, 119.124504, 68.132561,20.627695, 224.446823, 1.000307
5, 654,0,42.649940, 42.654488, 119.125732, 71.884651,10.926148, 247.248062, 0.999893
5, 654,1,188.151688, 188.136078, 119.125732, 71.884651,10.926148, 247.248062, 1.000083
5, 654,2,38.702625, 38.705055, 119.125732, 71.884651,10.926148, 247.248062, 0.999937
5, 654,3,36.763439, 36.763435, 119.125732, 71.884651,10.926148, 247.248062, 1.000000
5, 654,4,40.399597, 40.411324, 119.125732, 71.884651,10.926148, 247.248062, 0.999710
5, 654,5,118.269241, 118.259911, 119.125732, 71.884651,10.926148, 247.248062, 1.000079
5, 654,6,215.026718, 215.024567, 119.125732, 71.884651,10.926148, 247.248062, 1.000010
5, 654,7,156.069656, 156.069977, 119.125732, 71.884651,10.926148, 247.248062, 0.999998
5, 654,8,189.551575, 189.540817, 119.125732, 71.884651,10.926148, 247.248062, 1.000057
5, 654,9,193.020905, 193.034271, 119.125732, 71.884651,10.926148, 247.248062, 0.999931
5, 654,10,247.248062, 247.237778, 119.125732, 71.884651,10.926148, 247.248062, 1.000042
5, 654,11,86.709076, 86.708618, 119.125732, 71.884651,10.926148, 247.248062, 1.000005
5, 654,12,94.049057, 94.055878, 119.125732, 71.884651,10.926148, 247.248062, 0.999927
5, 654,13,127.234261, 127.239891, 119.125732, 71.884651,10.926148, 247.248062, 0.999956
5, 654,14,229.081909, 229.071869, 119.125732, 71.884651,10.926148, 247.248062, 1.000044
5, 654,15,25.860889, 25.856548, 119.125732, 71.884651,10.926148, 247.248062, 1.000168
5, 654,16,16.922049, 16.928045, 119.125732, 71.884651,10.926148, 247.248062, 0.999646
5, 654,17,63.128448, 63.137085, 119.125732, 71.884651,10.926148, 247.248062, 0.999863
5, 654,18,193.695770, 193.688828, 119.125732, 71.884651,10.926148, 247.248062, 1.000036
5, 654,19,60.513378, 60.504128, 119.125732, 71.884651,10.926148, 247.248062, 1.000153
5, 654,20,222.052689, 222.048233, 119.125732, 71.884651,10.926148, 247.248062, 1.000020
5, 654,21,164.686188, 164.682236, 119.125732, 71.884651,10.926148, 247.248062, 1.000024
5, 654,22,35.821358, 35.829403, 119.125732, 71.884651,10.926148, 247.248062, 0.999775
5, 654,23,190.288376, 190.290985, 119.125732, 71.884651,10.926148, 247.248062, 0.999986
5, 654,24,92.667213, 92.665855, 119.125732, 71.884651,10.926148, 247.248062, 1.000015
5, 654,25,159.397308, 159.401611, 119.125732, 71.884651,10.926148, 247.248062, 0.999973
5, 654,26,72.651360, 72.639236, 119.125732, 71.884651,10.926148, 247.248062, 1.000167
5, 654,27,120.914986, 120.922287, 119.125732, 71.884651,10.926148, 247.248062, 0.999940
5, 654,28,106.436440, 106.441048, 119.125732, 71.884651,10.926148, 247.248062, 0.999957
5, 654,29,191.258759, 191.247086, 119.125732, 71.884651,10.926148, 247.248062, 1.000061
5, 654,30,81.874100, 81.883995, 119.125732, 71.884651,10.926148, 247.248062, 0.999879
5, 654,31,10.926148, 10.919327, 119.125732, 71.884651,10.926148, 247.248062, 1.000625
5, 655,0,175.959824, 175.966156, 119.121895, 47.107830,15.686638, 187.000488, 0.999964
5, 655,1,101.290001, 101.289223, 119.121895, 47.107830,15.686638, 187.000488, 1.000008
5, 655,2,62.027390, 62.019741, 119.121895, 47.107830,15.686638, 187.000488, 1.000123
5, 655,3,78.757637, 78.755173, 119.121895, 47.107830,15.686638, 187.000488, 1.000031
5, 655,4,161.916122, 161.922958, 119.121895, 47.107830,15.686638, 187.000488, 0.999958
5, 655,5,113.643936, 113.647690, 119.121895, 47.107830,15.686638, 187.000488, 0.999967
5, 655,6,143.301086, 143.295700, 119.121895, 47.107830,15.686638, 187.000488, 1.000038
5, 655,7,126.468704, 126.476318, 119.121895, 47.107830,15.686638, 187.000488, 0.999940
5, 655,8,138.876312, 138.885162, 119.121895, 47.107830,15.686638, 187.000488, 0.999936
5, 655,9,139.386810, 139.388901, 119.121895, 47.107830,15.686638, 187.000488, 0.999985
5, 655,10,162.117477, 162.118851, 119.121895, 47.107830,15.686638, 187.000488, 0.999992
5, 655,11,67.342934, 67.337021, 119.121895, 47.107830,15.686638, 187.000488, 1.000088
5, 655,12,17.997047, 17.987106, 119.121895, 47.107830,15.686638, 187.000488, 1.000553
5, 655,13,114.952232, 114.957420, 119.121895, 47.107830,15.686638, 187.000488, 0.999955
5, 655,14,107.569130, 107.585991, 119.121895, 47.107830,15.686638, 187.000488, 0.999843
5, 655,15,80.315437, 80.327965, 119.121895, 47.107830,15.686638, 187.000488, 0.999844
5, 655,16,15.686638, 15.697880, 119.121895, 47.107830,15.686638, 187.000488, 0.999284
5, 655,17,156.885178, 156.879929, 119.121895, 47.107830,15.686638, 187.000488, 1.000033
5, 655,18,175.042786, 175.048218, 119.121895, 47.107830,15.686638, 187.000488, 0.999969
5, 655,19,53.723648, 53.724792, 119.121895, 47.107830,15.686638, 187.000488, 0.999979
5, 655,20,52.774273, 52.784477, 119.121895, 47.107830,15.686638, 187.000488, 0.999807
5, 655,21,187.000488, 187.003708, 119.121895, 47.107830,15.686638, 187.000488, 0.999983
5, 655,22,170.993759, 170.990295, 119.121895, 47.107830,15.686638, 187.000488, 1.000020
5, 655,23,109.669556, 109.679321, 119.121895, 47.107830,15.686638, 187.000488, 0.999911
5, 655,24,129.374405, 129.375641, 119.121895, 47.107830,15.686638, 187.000488, 0.999990
5, 655,25,114.036728, 114.045074, 119.121895, 47.107830,15.686638, 187.000488, 0.999927
5, 655,26,183.419006, 183.427139, 119.121895, 47.107830,15.686638, 187.000488, 0.999956
5, 655,27,83.072266, 83.081749, 119.121895, 47.107830,15.686638, 187.000488, 0.999886
5, 655,28,168.791107, 168.801819, 119.121895, 47.107830,15.686638, 187.000488, 0.999937
5, 655,29,141.585510, 141.588562, 119.121895, 47.107830,15.686638, 187.000488, 0.999978
5, 655,30,139.363419, 139.366501, 119.121895, 47.107830,15.686638, 187.000488, 0.999978
5, 655,31,138.560013, 138.543732, 119.121895, 47.107830,15.686638, 187.000488, 1.000118
5, 656,0,134.269440, 134.271957, 119.126213, 62.016407,15.859128, 224.223022, 0.999981
5, 656,1,152.364334, 152.371033, 119.126213, 62.016407,15.859128, 224.223022, 0.999956
5, 656,2,211.316727, 211.333252, 119.126213, 62.016407,15.859128, 224.223022, 0.999922
5, 656,3,36.199600, 36.195160, 119.126213, 62.016407,15.859128, 224.223022, 1.000123
5, 656,4,72.297905, 72.300934, 119.126213, 62.016407,15.859128, 224.223022, 0.999958
5, 656,5,181.411713, 181.410065, 119.126213, 62.016407,15.859128, 224.223022, 1.000009
5, 656,6,34.468452, 34.473011, 119.126213, 62.016407,15.859128, 224.223022, 0.999868
5, 656,7,138.787643, 138.778580, 119.126213, 62.016407,15.859128, 224.223022, 1.000065
5, 656,8,113.146378, 113.137672, 119.126213, 62.016407,15.859128, 224.223022, 1.000077
5, 656,9,89.549568, 89.535637, 119.126213, 62.016407,15.859128, 224.223022, 1.000156
5, 656,10,15.859128, 15.872467, 119.126213, 62.016407,15.859128, 224.223022, 0.999160
5, 656,11,170.617828, 170.608658, 119.126213, 62.016407,15.859128, 224.223022, 1.000054
5, 656,12,215.013565, 215.008469, 119.126213, 62.016407,15.859128, 224.223022, 1.000024
5, 656,13,112.853371, 112.853951, 119.126213, 62.016407,15.859128, 224.223022, 0.999995
5, 656,14,87.931068, 87.932251, 119.126213, 62.016407,15.859128, 224.223022, 0.999987
5, 656,15,33.898582, 33.898964, 119.126213, 62.016407,15.859128, 224.223022, 0.999989
5, 656,16,167.595856, 167.593262, 119.126213, 62.016407,15.859128, 224.223022, 1.000015
5, 656,17,123.113380, 123.120872, 119.126213, 62.016407,15.859128, 224.223022, 0.999939
5, 656,18,210.241043, 210.224716, 119.126213, 62.016407,15.859128, 224.223022, 1.000078
5, 656,19,152.384201, 152.384216, 119.126213, 62.016407,15.859128, 224.223022, 1.000000
5, 656,20,62.528255, 62.522293, 119.126213, 62.016407,15.859128, 224.223022, 1.000095
5, 656,21,189.343887, 189.327988, 119.126213, 62.016407,15.859128, 224.223022, 1.000084
5, 656,22,117.214172, 117.208809, 119.126213, 62.016407,15.859128, 224.223022, 1.000046
5, 656,23,93.110374, 93.105309, 119.126213, 62.016407,15.859128, 224.223022, 1.000054
5, 656,24,22.673159, 22.675291, 119.126213, 62.016407,15.859128, 224.223022, 0.999906
5, 656,25,119.415993, 119.412636, 119.126213, 62.016407,15.859128, 224.223022, 1.000028
5, 656,26,179.489594, 179.489944, 119.126213, 62.016407,15.859128, 224.223022, 0.999998
5, 656,27,117.628494, 117.624504, 119.126213, 62.016407,15.859128, 224.223022, 1.000034
5, 656,28,224.223022, 224.213074, 119.126213, 62.016407,15.859128, 224.223022, 1.000044
5, 656,29,69.994133, 69.998131, 119.126213, 62.016407,15.859128, 224.223022, 0.999943
5, 656,30,142.271545, 142.282272, 119.126213, 62.016407,15.859128, 224.223022, 0.999925
5, 656,31,20.826813, 20.834373, 119.126213, 62.016407,15.859128, 224.223022, 0.999637
5, 657,0,179.657501, 179.661377, 119.125763, 47.448238,49.953979, 209.941849, 0.999978
5, 657,1,90.365532, 90.369171, 119.125763, 47.448238,49.953979, 209.941849, 0.999960
5, 657,2,169.498932, 169.506958, 119.125763, 47.448238,49.953979, 209.941849, 0.999953
5, 657,3,96.249107, 96.247742, 119.125763, 47.448238,49.953979, 209.941849, 1.000014
5, 657,4,117.326256, 117.323914, 119.125763, 47.448238,49.953979, 209.941849, 1.000020
5, 657,5,73.104073, 73.092407, 119.125763, 47.448238,49.953979, 209.941849, 1.000160
5, 657,6,156.639206, 156.642181, 119.125763, 47.448238,49.953979, 209.941849, 0.999981
5, 657,7,131.339783, 131.327255, 119.125763, 47.448238,49.953979, 209.941849, 1.000095
5, 657,8,209.941849, 209.939056, 119.125763, 47.448238,49.953979, 209.941849, 1.000013
5, 657,9,59.066051, 59.070496, 119.125763, 47.448238,49.953979, 209.941849, 0.999925
5, 657,10,79.261696, 79.261795, 119.125763, 47.448238,49.953979, 209.941849, 0.999999
5, 657,11,125.005692, 125.009346, 119.125763, 47.448238,49.953979, 209.941849, 0.999971
5, 657,12,98.798004, 98.797165, 119.125763, 47.448238,49.953979, 209.941849, 1.000008
5, 657,13,75.089218, 75.091118, 119.125763, 47.448238,49.953979, 209.941849, 0.999975
5, 657,14,65.006950, 65.010925, 119.125763, 47.448238,49.953979, 209.941849, 0.999939
5, 657,15,185.484619, 185.490433, 119.125763, 47.448238,49.953979, 209.941849, 0.999969
5, 657,16,114.821983, 114.830170, 119.125763, 47.448238,49.953979, 209.941849, 0.999929
5, 657,17,101.907532, 101.897339, 119.125763, 47.448238,49.953979, 209.941849, 1.000100
5, 657,18,191.195618, 191.195740, 119.125763, 47.448238,49.953979, 209.941849, 0.999999
5, 657,19,123.756180, 123.747009, 119.125763, 47.448238,49.953979, 209.941849, 1.000074
5, 657,20,189.579498, 189.568283, 119.125763, 47.448238,49.953979, 209.941849, 1.000059
5, 657,21,122.407913, 122.410416, 119.125763, 47.448238,49.953979, 209.941849, 0.999980
5, 657,22,61.237022, 61.223904, 119.125763, 47.448238,49.953979, 209.941849, 1.000214
5, 657,23,141.179749, 141.178482, 119.125763, 47.448238,49.953979, 209.941849, 1.000009
5, 657,24,149.419220, 149.420837, 119.125763, 47.448238,49.953979, 209.941849, 0.999989
5, 657,25,75.333748, 75.338631, 119.125763, 47.448238,49.953979, 209.941849, 0.999935
5, 657,26,84.403915, 84.403992, 119.125763, 47.448238,49.953979, 209.941849, 0.999999
5, 657,27,57.059654, 57.053215, 119.125763, 47.448238,49.953979, 209.941849, 1.000113
5, 657,28,132.314514, 132.317322, 119.125763, 47.448238,49.953979, 209.941849, 0.999979
5, 657,29,49.953979, 49.949448, 119.125763, 47.448238,49.953979, 209.941849, 1.000091
5, 657,30,207.283691, 207.284409, 119.125763, 47.448238,49.953979, 209.941849, 0.999997
5, 657,31,98.335922, 98.339264, 119.125763, 47.448238,49.953979, 209.941849, 0.999966
5, 658,0,185.989731, 185.976761, 119.127075, 57.909805,19.881910, 220.396515, 1.000070
5, 658,1,158.986847, 158.986176, 119.127075, 57.909805,19.881910, 220.396515, 1.000004
5, 658,2,61.571098, 61.570824, 119.127075, 57.909805,19.881910, 220.396515, 1.000004
5, 658,3,97.942589, 97.944130, 119.127075, 57.909805,19.881910, 220.396515, 0.999984
5, 658,4,117.479416, 117.478935, 119.127075, 57.909805,19.881910, 220.396515, 1.000004
5, 658,5,139.514862, 139.505814, 119.127075, 57.909805,19.881910, 220.396515, 1.000065
5, 658,6,105.082672, 105.086685, 119.127075, 57.909805,19.881910, 220.396515, 0.999962
5, 658,7,73.634705, 73.622635, 119.127075, 57.909805,19.881910, 220.396515, 1.000164
5, 658,8,133.678741, 133.677383, 119.127075, 57.909805,19.881910, 220.396515, 1.000010
5, 658,9,144.879242, 144.878082, 119.127075, 57.909805,19.881910, 220.396515, 1.000008
5, 658,10,53.031769, 53.018810, 119.127075, 57.909805,19.881910, 220.396515, 1.000244
5, 658,11,182.978882, 182.960403, 119.127075, 57.909805,19.881910, 220.396515, 1.000101
5, 658,12,187.218124, 187.222809, 119.127075, 57.909805,19.881910, 220.396515, 0.999975
5, 658,13,124.625504, 124.628311, 119.127075, 57.909805,19.881910, 220.396515, 0.999977
5, 658,14,76.496651, 76.516418, 119.127075, 57.909805,19.881910, 220.396515, 0.999742
5, 658,15,188.021774, 188.026260, 119.127075, 57.909805,19.881910, 220.396515, 0.999976
5, 658,16,53.815430, 53.822266, 119.127075, 57.909805,19.881910, 220.396515, 0.999873
5, 658,17,107.699669, 107.687698, 119.127075, 57.909805,19.881910, 220.396515, 1.000111
5, 658,18,124.199219, 124.206161, 119.127075, 57.909805,19.881910, 220.396515, 0.999944
5, 658,19,25.205982, 25.197529, 119.127075, 57.909805,19.881910, 220.396515, 1.000335
5, 658,20,19.881910, 19.893373, 119.127075, 57.909805,19.881910, 220.396515, 0.999424
5, 658,21,175.307236, 175.293549, 119.127075, 57.909805,19.881910, 220.396515, 1.000078
5, 658,22,142.922668, 142.903488, 119.127075, 57.909805,19.881910, 220.396515, 1.000134
5, 658,23,63.261398, 63.259441, 119.127075, 57.909805,19.881910, 220.396515, 1.000031
5, 658,24,24.568430, 24.571110, 119.127075, 57.909805,19.881910, 220.396515, 0.999891
5, 658,25,162.381424, 162.397446, 119.127075, 57.909805,19.881910, 220.396515, 0.999901
5, 658,26,220.396515, 220.395905, 119.127075, 57.909805,19.881910, 220.396515, 1.000003
5, 658,27,33.772858, 33.756351, 119.127075, 57.909805,19.881910, 220.396515, 1.000489
5, 658,28,107.696579, 107.708122, 119.127075, 57.909805,19.881910, 220.396515, 0.999893
5, 658,29,126.503754, 126.507576, 119.127075, 57.909805,19.881910, 220.396515, 0.999970
5, 658,30,210.902267, 210.890640, 119.127075, 57.909805,19.881910, 220.396515, 1.000055
5, 658,31,182.418686, 182.408890, 119.127075, 57.909805,19.881910, 220.396515, 1.000054
5, 659,0,230.025574, 230.025406, 119.124908, 66.486565,18.720331, 241.032013, 1.000001
5, 659,1,59.445381, 59.457951, 119.124908, 66.486565,18.720331, 241.032013, 0.999789
5, 659,2,81.072601, 81.076950, 119.124908, 66.486565,18.720331, 241.032013, 0.999946
5, 659,3,48.961216, 48.950115, 119.124908, 66.486565,18.720331, 241.032013, 1.000227
5, 659,4,241.032013, 241.028854, 119.124908, 66.486565,18.720331, 241.032013, 1.000013
5, 659,5,90.510529, 90.514618, 119.124908, 66.486565,18.720331, 241.032013, 0.999955
5, 659,6,68.292305, 68.299484, 119.124908, 66.486565,18.720331, 241.032013, 0.999895
5, 659,7,205.141129, 205.124039, 119.124908, 66.486565,18.720331, 241.032013, 1.000083
5, 659,8,224.753723, 224.760712, 119.124908, 66.486565,18.720331, 241.032013, 0.999969
5, 659,9,130.802399, 130.800659, 119.124908, 66.486565,18.720331, 241.032013, 1.000013
5, 659,10,164.681534, 164.694366, 119.124908, 66.486565,18.720331, 241.032013, 0.999922
5, 659,11,101.236237, 101.230743, 119.124908, 66.486565,18.720331, 241.032013, 1.000054
5, 659,12,58.244774, 58.258495, 119.124908, 66.486565,18.720331, 241.032013, 0.999765
5, 659,13,184.318146, 184.323837, 119.124908, 66.486565,18.720331, 241.032013, 0.999969
5, 659,14,158.424942, 158.424149, 119.124908, 66.486565,18.720331, 241.032013, 1.000005
5, 659,15,148.582214, 148.577072, 119.124908, 66.486565,18.720331, 241.032013, 1.000035
5, 659,16,239.314835, 239.326614, 119.124908, 66.486565,18.720331, 241.032013, 0.999951
5, 659,17,34.771336, 34.764889, 119.124908, 66.486565,18.720331, 241.032013, 1.000185
5, 659,18,44.419586, 44.418026, 119.124908, 66.486565,18.720331, 241.032013, 1.000035
5, 659,19,88.480598, 88.482002, 119.124908, 66.486565,18.720331, 241.032013, 0.999984
5, 659,20,129.676453, 129.673004, 119.124908, 66.486565,18.720331, 241.032013, 1.000027
5, 659,21,73.758583, 73.750916, 119.124908, 66.486565,18.720331, 241.032013, 1.000104
5, 659,22,40.284714, 40.288147, 119.124908, 66.486565,18.720331, 241.032013, 0.999915
5, 659,23,150.825562, 150.832352, 119.124908, 66.486565,18.720331, 241.032013, 0.999955
5, 659,24,39.579433, 39.577087, 119.124908, 66.486565,18.720331, 241.032013, 1.000059
5, 659,25,18.720331, 18.712242, 119.124908, 66.486565,18.720331, 241.032013, 1.000432
5, 659,26,108.032524, 108.039658, 119.124908, 66.486565,18.720331, 241.032013, 0.999934
5, 659,27,164.730286, 164.723099, 119.124908, 66.486565,18.720331, 241.032013, 1.000044
5, 659,28,41.937996, 41.940102, 119.124908, 66.486565,18.720331, 241.032013, 0.999950
5, 659,29,146.591553, 146.587555, 119.124908, 66.486565,18.720331, 241.032013, 1.000027
5, 659,30,165.797440, 165.793274, 119.124908, 66.486565,18.720331, 241.032013, 1.000025
5, 659,31,129.551666, 129.543747, 119.124908, 66.486565,18.720331, 241.032013, 1.000061
5, 660,0,43.796696, 43.789566, 119.126907, 43.799225,43.796696, 188.471802, 1.000163
5, 660,1,108.747116, 108.757111, 119.126907, 43.799225,43.796696, 188.471802, 0.999908
5, 660,2,136.153503, 136.145508, 119.126907, 43.799225,43.796696, 188.471802, 1.000059
5, 660,3,175.449692, 175.430511, 119.126907, 43.799225,43.796696, 188.471802, 1.000109
5, 660,4,150.445114, 150.459244, 119.126907, 43.799225,43.796696, 188.471802, 0.999906
5, 660,5,122.680893, 122.676338, 119.126907, 43.799225,43.796696, 188.471802, 1.000037
5, 660,6,77.315155, 77.323524, 119.126907, 43.799225,43.796696, 188.471802, 0.999892
5, 660,7,180.158875, 180.148041, 119.126907, 43.799225,43.796696, 188.471802, 1.000060
5, 660,8,45.969467, 45.973301, 119.126907, 43.799225,43.796696, 188.471802, 0.999917
5, 660,9,157.007141, 157.004898, 119.126907, 43.799225,43.796696, 188.471802, 1.000014
5, 660,10,95.159103, 95.154594, 119.126907, 43.799225,43.796696, 188.471802, 1.000047
5, 660,11,93.118973, 93.115326, 119.126907, 43.799225,43.796696, 188.471802, 1.000039
5, 660,12,149.143997, 149.131210, 119.126907, 43.799225,43.796696, 188.471802, 1.000086
5, 660,13,186.596695, 186.582565, 119.126907, 43.799225,43.796696, 188.471802, 1.000076
5, 660,14,121.927986, 121.926208, 119.126907, 43.799225,43.796696, 188.471802, 1.000015
5, 660,15,91.966835, 91.976234, 119.126907, 43.799225,43.796696, 188.471802, 0.999898
5, 660,16,94.572845, 94.571159, 119.126907, 43.799225,43.796696, 188.471802, 1.000018
5, 660,17,167.466751, 167.462372, 119.126907, 43.799225,43.796696, 188.471802, 1.000026
5, 660,18,159.029709, 159.027481, 119.126907, 43.799225,43.796696, 188.471802, 1.000014
5, 660,19,108.659164, 108.657082, 119.126907, 43.799225,43.796696, 188.471802, 1.000019
5, 660,20,187.281677, 187.271576, 119.126907, 43.799225,43.796696, 188.471802, 1.000054
5, 660,21,66.043396, 66.043671, 119.126907, 43.799225,43.796696, 188.471802, 0.999996
5, 660,22,121.378288, 121.381645, 119.126907, 43.799225,43.796696, 188.471802, 0.999972
5, 660,23,136.715561, 136.712250, 119.126907, 43.799225,43.796696, 188.471802, 1.000024
5, 660,24,48.023956, 48.007011, 119.126907, 43.799225,43.796696, 188.471802, 1.000353
5, 660,25,121.755417, 121.770607, 119.126907, 43.799225,43.796696, 188.471802, 0.999875
5, 660,26,73.465790, 73.456146, 119.126907, 43.799225,43.796696, 188.471802, 1.000131
5, 660,27,92.375389, 92.381859, 119.126907, 43.799225,43.796696, 188.471802, 0.999930
5, 660,28,54.366932, 54.369293, 119.126907, 43.799225,43.796696, 188.471802, 0.999957
5, 660,29,188.471802, 188.477371, 119.126907, 43.799225,43.796696, 188.471802, 0.999970
5, 660,30,134.114044, 134.111786, 119.126907, 43.799225,43.796696, 188.471802, 1.000017
5, 660,31,122.702789, 122.704124, 119.126907, 43.799225,43.796696, 188.471802, 0.999989
5, 661,0,196.273956, 196.294525, 119.125435, 74.250610,12.805362, 219.548676, 0.999895
5, 661,1,219.548676, 219.539078, 119.125435, 74.250610,12.805362, 219.548676, 1.000044
5, 661,2,173.693771, 173.693085, 119.125435, 74.250610,12.805362, 219.548676, 1.000004
5, 661,3,188.965088, 188.968445, 119.125435, 74.250610,12.805362, 219.548676, 0.999982
5, 661,4,118.586159, 118.585068, 119.125435, 74.250610,12.805362, 219.548676, 1.000009
5, 661,5,165.252960, 165.246552, 119.125435, 74.250610,12.805362, 219.548676, 1.000039
5, 661,6,38.332184, 38.323078, 119.125435, 74.250610,12.805362, 219.548676, 1.000238
5, 661,7,191.817673, 191.825958, 119.125435, 74.250610,12.805362, 219.548676, 0.999957
5, 661,8,216.980347, 216.979919, 119.125435, 74.250610,12.805362, 219.548676, 1.000002
5, 661,9,33.284973, 33.290958, 119.125435, 74.250610,12.805362, 219.548676, 0.999820
5, 661,10,12.805362, 12.804462, 119.125435, 74.250610,12.805362, 219.548676, 1.000070
5, 661,11,24.108656, 24.115129, 119.125435, 74.250610,12.805362, 219.548676, 0.999732
5, 661,12,112.513115, 112.505409, 119.125435, 74.250610,12.805362, 219.548676, 1.000069
5, 661,13,107.840797, 107.851196, 119.125435, 74.250610,12.805362, 219.548676, 0.999904
5, 661,14,173.513992, 173.507431, 119.125435, 74.250610,12.805362, 219.548676, 1.000038
5, 661,15,37.297657, 37.302067, 119.125435, 74.250610,12.805362, 219.548676, 0.999882
5, 661,16,159.138962, 159.133743, 119.125435, 74.250610,12.805362, 219.548676, 1.000033
5, 661,17,207.104446, 207.101318, 119.125435, 74.250610,12.805362, 219.548676, 1.000015
5, 661,18,54.876358, 54.878025, 119.125435, 74.250610,12.805362, 219.548676, 0.999970
5, 661,19,207.573364, 207.558777, 119.125435, 74.250610,12.805362, 219.548676, 1.000070
5, 661,20,19.013338, 19.010080, 119.125435, 74.250610,12.805362, 219.548676, 1.000171
5, 661,21,74.361221, 74.350136, 119.125435, 74.250610,12.805362, 219.548676, 1.000149
5, 661,22,218.773254, 218.783264, 119.125435, 74.250610,12.805362, 219.548676, 0.999954
5, 661,23,17.067129, 17.067511, 119.125435, 74.250610,12.805362, 219.548676, 0.999978
5, 661,24,23.228001, 23.226719, 119.125435, 74.250610,12.805362, 219.548676, 1.000055
5, 661,25,102.231056, 102.229019, 119.125435, 74.250610,12.805362, 219.548676, 1.000020
5, 661,26,217.646164, 217.649536, 119.125435, 74.250610,12.805362, 219.548676, 0.999985
5, 661,27,29.664700, 29.664387, 119.125435, 74.250610,12.805362, 219.548676, 1.000010
5, 661,28,56.759319, 56.754295, 119.125435, 74.250610,12.805362, 219.548676, 1.000089
5, 661,29,142.884247, 142.883774, 119.125435, 74.250610,12.805362, 219.548676, 1.000003
5, 661,30,127.284988, 127.283531, 119.125435, 74.250610,12.805362, 219.548676, 1.000011
5, 661,31,143.591599, 143.593185, 119.125435, 74.250610,12.805362, 219.548676, 0.999989
5, 662,0,167.634064, 167.637405, 119.125061, 66.334618,15.601524, 237.764481, 0.999980
5, 662,1,140.546082, 140.539581, 119.125061, 66.334618,15.601524, 237.764481, 1.000046
5, 662,2,124.692116, 124.690842, 119.125061, 66.334618,15.601524, 237.764481, 1.000010
5, 662,3,43.447132, 43.440186, 119.125061, 66.334618,15.601524, 237.764481, 1.000160
5, 662,4,178.901276, 178.900803, 119.125061, 66.334618,15.601524, 237.764481, 1.000003
5, 662,5,60.222267, 60.224564, 119.125061, 66.334618,15.601524, 237.764481, 0.999962
5, 662,6,15.601524, 15.606695, 119.125061, 66.334618,15.601524, 237.764481, 0.999669
5, 662,7,81.002457, 80.994331, 119.125061, 66.334618,15.601524, 237.764481, 1.000100
5, 662,8,39.840843, 39.833332, 119.125061, 66.334618,15.601524, 237.764481, 1.000189
5, 662,9,200.579147, 200.584778, 119.125061, 66.334618,15.601524, 237.764481, 0.999972
5, 662,10,89.140289, 89.136536, 119.125061, 66.334618,15.601524, 237.764481, 1.000042
5, 662,11,86.670570, 86.672440, 119.125061, 66.334618,15.601524, 237.764481, 0.999978
5, 662,12,64.896965, 64.902756, 119.125061, 66.334618,15.601524, 237.764481, 0.999911
5, 662,13,176.861252, 176.865250, 119.125061, 66.334618,15.601524, 237.764481, 0.999977
5, 662,14,174.462097, 174.479721, 119.125061, 66.334618,15.601524, 237.764481, 0.999899
5, 662,15,218.228348, 218.226227, 119.125061, 66.334618,15.601524, 237.764481, 1.000010
5, 662,16,25.532768, 25.527332, 119.125061, 66.334618,15.601524, 237.764481, 1.000213
5, 662,17,57.872772, 57.867603, 119.125061, 66.334618,15.601524, 237.764481, 1.000089
5, 662,18,160.876740, 160.887939, 119.125061, 66.334618,15.601524, 237.764481, 0.999930
5, 662,19,169.898727, 169.908661, 119.125061, 66.334618,15.601524, 237.764481, 0.999942
5, 662,20,61.522728, 61.531601, 119.125061, 66.334618,15.601524, 237.764481, 0.999856
5, 662,21,235.131302, 235.124878, 119.125061, 66.334618,15.601524, 237.764481, 1.000027
5, 662,22,68.290703, 68.302490, 119.125061, 66.334618,15.601524, 237.764481, 0.999827
5, 662,23,159.955490, 159.959457, 119.125061, 66.334618,15.601524, 237.764481, 0.999975
5, 662,24,205.348801, 205.341537, 119.125061, 66.334618,15.601524, 237.764481, 1.000035
5, 662,25,71.155350, 71.159401, 119.125061, 66.334618,15.601524, 237.764481, 0.999943
5, 662,26,36.157696, 36.162197, 119.125061, 66.334618,15.601524, 237.764481, 0.999876
5, 662,27,57.207775, 57.203373, 119.125061, 66.334618,15.601524, 237.764481, 1.000077
5, 662,28,105.943420, 105.935196, 119.125061, 66.334618,15.601524, 237.764481, 1.000078
5, 662,29,161.150848, 161.145065, 119.125061, 66.334618,15.601524, 237.764481, 1.000036
5, 662,30,237.764481, 237.746094, 119.125061, 66.334618,15.601524, 237.764481, 1.000077
5, 662,31,135.465805, 135.461395, 119.125061, 66.334618,15.601524, 237.764481, 1.000033
5, 663,0,186.198288, 186.200806, 119.123680, 69.983238,27.895817, 237.584778, 0.999986
5, 663,1,52.681431, 52.680954, 119.123680, 69.983238,27.895817, 237.584778, 1.000009
5, 663,2,140.479370, 140.481766, 119.123680, 69.983238,27.895817, 237.584778, 0.999983
5, 663,3,39.739605, 39.746265, 119.123680, 69.983238,27.895817, 237.584778, 0.999832
5, 663,4,217.499557, 217.483719, 119.123680, 69.983238,27.895817, 237.584778, 1.000073
5, 663,5,237.584778, 237.587112, 119.123680, 69.983238,27.895817, 237.584778, 0.999990
5, 663,6,171.966797, 171.962067, 119.123680, 69.983238,27.895817, 237.584778, 1.000028
5, 663,7,155.927109, 155.925858, 119.123680, 69.983238,27.895817, 237.584778, 1.000008
5, 663,8,27.895817, 27.897100, 119.123680, 69.983238,27.895817, 237.584778, 0.999954
5, 663,9,35.784294, 35.784794, 119.123680, 69.983238,27.895817, 237.584778, 0.999986
5, 663,10,43.426662, 43.432827, 119.123680, 69.983238,27.895817, 237.584778, 0.999858
5, 663,11,100.115730, 100.119904, 119.123680, 69.983238,27.895817, 237.584778, 0.999958
5, 663,12,209.842499, 209.849792, 119.123680, 69.983238,27.895817, 237.584778, 0.999965
5, 663,13,141.489990, 141.496811, 119.123680, 69.983238,27.895817, 237.584778, 0.999952
5, 663,14,74.643562, 74.645264, 119.123680, 69.983238,27.895817, 237.584778, 0.999977
5, 663,15,136.641785, 136.654236, 119.123680, 69.983238,27.895817, 237.584778, 0.999909
5, 663,16,110.798943, 110.798958, 119.123680, 69.983238,27.895817, 237.584778, 1.000000
5, 663,17,127.732857, 127.737404, 119.123680, 69.983238,27.895817, 237.584778, 0.999964
5, 663,18,38.510105, 38.512711, 119.123680, 69.983238,27.895817, 237.584778, 0.999932
5, 663,19,42.834461, 42.840721, 119.123680, 69.983238,27.895817, 237.584778, 0.999854
5, 663,20,223.413422, 223.418869, 119.123680, 69.983238,27.895817, 237.584778, 0.999976
5, 663,21,82.057526, 82.067726, 119.123680, 69.983238,27.895817, 237.584778, 0.999876
5, 663,22,172.781998, 172.779739, 119.123680, 69.983238,27.895817, 237.584778, 1.000013
5, 663,23,29.440115, 29.447855, 119.123680, 69.983238,27.895817, 237.584778, 0.999737
5, 663,24,30.540049, 30.533381, 119.123680, 69.983238,27.895817, 237.584778, 1.000218
5, 663,25,171.153381, 171.151443, 119.123680, 69.983238,27.895817, 237.584778, 1.000011
5, 663,26,89.917694, 89.913124, 119.123680, 69.983238,27.895817, 237.584778, 1.000051
5, 663,27,113.342476, 113.336548, 119.123680, 69.983238,27.895817, 237.584778, 1.000052
5, 663,28,31.642883, 31.640055, 119.123680, 69.983238,27.895817, 237.584778, 1.000089
5, 663,29,133.583267, 133.587982, 119.123680, 69.983238,27.895817, 237.584778, 0.999965
5, 663,30,211.953003, 211.943298, 119.123680, 69.983238,27.895817, 237.584778, 1.000046
5, 663,31,230.338608, 230.340866, 119.123680, 69.983238,27.895817, 237.584778, 0.999990
5, 664,0,163.177917, 163.170441, 119.124100, 65.186790,13.025971, 235.142166, 1.000046
5, 664,1,123.423241, 123.422379, 119.124100, 65.186790,13.025971, 235.142166, 1.000007
5, 664,2,78.769539, 78.765060, 119.124100, 65.186790,13.025971, 235.142166, 1.000057
5, 664,3,27.543570, 27.536118, 119.124100, 65.186790,13.025971, 235.142166, 1.000271
5, 664,4,102.009155, 102.016861, 119.124100, 65.186790,13.025971, 235.142166, 0.999924
5, 664,5,50.427361, 50.427147, 119.124100, 65.186790,13.025971, 235.142166, 1.000004
5, 664,6,234.614349, 234.602341, 119.124100, 65.186790,13.025971, 235.142166, 1.000051
5, 664,7,161.022064, 161.027069, 119.124100, 65.186790,13.025971, 235.142166, 0.999969
5, 664,8,140.901184, 140.901901, 119.124100, 65.186790,13.025971, 235.142166, 0.999995
5, 664,9,233.285492, 233.279526, 119.124100, 65.186790,13.025971, 235.142166, 1.000026
5, 664,10,193.218918, 193.220230, 119.124100, 65.186790,13.025971, 235.142166, 0.999993
5, 664,11,109.599442, 109.592972, 119.124100, 65.186790,13.025971, 235.142166, 1.000059
5, 664,12,29.157782, 29.163105, 119.124100, 65.186790,13.025971, 235.142166, 0.999817
5, 664,13,36.046352, 36.053051, 119.124100, 65.186790,13.025971, 235.142166, 0.999814
5, 664,14,115.449944, 115.435989, 119.124100, 65.186790,13.025971, 235.142166, 1.000121
5, 664,15,111.677605, 111.679764, 119.124100, 65.186790,13.025971, 235.142166, 0.999981
5, 664,16,18.144295, 18.156168, 119.124100, 65.186790,13.025971, 235.142166, 0.999346
5, 664,17,92.830765, 92.834984, 119.124100, 65.186790,13.025971, 235.142166, 0.999955
5, 664,18,77.072174, 77.088554, 119.124100, 65.186790,13.025971, 235.142166, 0.999788
5, 664,19,148.099838, 148.117249, 119.124100, 65.186790,13.025971, 235.142166, 0.999882
5, 664,20,119.747322, 119.751045, 119.124100, 65.186790,13.025971, 235.142166, 0.999969
5, 664,21,157.166245, 157.157654, 119.124100, 65.186790,13.025971, 235.142166, 1.000055
5, 664,22,175.245636, 175.245529, 119.124100, 65.186790,13.025971, 235.142166, 1.000001
5, 664,23,116.152290, 116.150444, 119.124100, 65.186790,13.025971, 235.142166, 1.000016
5, 664,24,192.827194, 192.824097, 119.124100, 65.186790,13.025971, 235.142166, 1.000016
5, 664,25,30.488655, 30.485920, 119.124100, 65.186790,13.025971, 235.142166, 1.000090
5, 664,26,205.675919, 205.677307, 119.124100, 65.186790,13.025971, 235.142166, 0.999993
5, 664,27,130.589355, 130.588196, 119.124100, 65.186790,13.025971, 235.142166, 1.000009
5, 664,28,111.666748, 111.672684, 119.124100, 65.186790,13.025971, 235.142166, 0.999947
5, 664,29,13.025971, 13.027615, 119.124100, 65.186790,13.025971, 235.142166, 0.999874
5, 664,30,77.772446, 77.781792, 119.124100, 65.186790,13.025971, 235.142166, 0.999880
5, 664,31,235.142166, 235.147034, 119.124100, 65.186790,13.025971, 235.142166, 0.999979
5, 665,0,86.226845, 86.228836, 119.124573, 56.462101,25.548155, 231.082657, 0.999977
5, 665,1,231.082657, 231.084671, 119.124573, 56.462101,25.548155, 231.082657, 0.999991
5, 665,2,172.812943, 172.806656, 119.124573, 56.462101,25.548155, 231.082657, 1.000036
5, 665,3,86.190308, 86.191200, 119.124573, 56.462101,25.548155, 231.082657, 0.999990
5, 665,4,131.220642, 131.214966, 119.124573, 56.462101,25.548155, 231.082657, 1.000043
5, 665,5,61.993893, 62.000889, 119.124573, 56.462101,25.548155, 231.082657, 0.999887
5, 665,6,204.925781, 204.922424, 119.124573, 56.462101,25.548155, 231.082657, 1.000016
5, 665,7,188.370682, 188.379074, 119.124573, 56.462101,25.548155, 231.082657, 0.999955
5, 665,8,196.817795, 196.808807, 119.124573, 56.462101,25.548155, 231.082657, 1.000046
5, 665,9,38.242516, 38.239594, 119.124573, 56.462101,25.548155, 231.082657, 1.000076
5, 665,10,81.297714, 81.306473, 119.124573, 56.462101,25.548155, 231.082657, 0.999892
5, 665,11,171.358948, 171.369080, 119.124573, 56.462101,25.548155, 231.082657, 0.999941
5, 665,12,136.320343, 136.325500, 119.124573, 56.462101,25.548155, 231.082657, 0.999962
5, 665,13,186.716324, 186.715714, 119.124573, 56.462101,25.548155, 231.082657, 1.000003
5, 665,14,97.545456, 97.541222, 119.124573, 56.462101,25.548155, 231.082657, 1.000043
5, 665,15,115.824577, 115.823196, 119.124573, 56.462101,25.548155, 231.082657, 1.000012
5, 665,16,135.157074, 135.151367, 119.124573, 56.462101,25.548155, 231.082657, 1.000042
5, 665,17,25.548155, 25.542313, 119.124573, 56.462101,25.548155, 231.082657, 1.000229
5, 665,18,119.921127, 119.917633, 119.124573, 56.462101,25.548155, 231.082657, 1.000029
5, 665,19,105.054863, 105.060242, 119.124573, 56.462101,25.548155, 231.082657, 0.999949
5, 665,20,33.550617, 33.550552, 119.124573, 56.462101,25.548155, 231.082657, 1.000002
5, 665,21,133.297943, 133.307358, 119.124573, 56.462101,25.548155, 231.082657, 0.999929
5, 665,22,210.968033, 210.966232, 119.124573, 56.462101,25.548155, 231.082657, 1.000009
5, 665,23,105.737083, 105.730103, 119.124573, 56.462101,25.548155, 231.082657, 1.000066
5, 665,24,85.320847, 85.333176, 119.124573, 56.462101,25.548155, 231.082657, 0.999856
5, 665,25,150.435684, 150.422729, 119.124573, 56.462101,25.548155, 231.082657, 1.000086
5, 665,26,120.589622, 120.587502, 119.124573, 56.462101,25.548155, 231.082657, 1.000018
5, 665,27,45.536133, 45.532810, 119.124573, 56.462101,25.548155, 231.082657, 1.000073
5, 665,28,139.017639, 139.020004, 119.124573, 56.462101,25.548155, 231.082657, 0.999983
5, 665,29,33.366299, 33.362389, 119.124573, 56.462101,25.548155, 231.082657, 1.000117
5, 665,30,116.734787, 116.748962, 119.124573, 56.462101,25.548155, 231.082657, 0.999879
5, 665,31,64.803383, 64.808289, 119.124573, 56.462101,25.548155, 231.082657, 0.999924
5, 666,0,23.119654, 23.113310, 119.126205, 73.023140,17.617874, 227.799835, 1.000274
5, 666,1,154.506943, 154.505661, 119.126205, 73.023140,17.617874, 227.799835, 1.000008
5, 666,2,77.601402, 77.597267, 119.126205, 73.023140,17.617874, 227.799835, 1.000053
5, 666,3,53.752125, 53.739838, 119.126205, 73.023140,17.617874, 227.799835, 1.000229
5, 666,4,95.348541, 95.355331, 119.126205, 73.023140,17.617874, 227.799835, 0.999929
5, 666,5,199.918610, 199.923340, 119.126205, 73.023140,17.617874, 227.799835, 0.999976
5, 666,6,77.191917, 77.194016, 119.126205, 73.023140,17.617874, 227.799835, 0.999973
5, 666,7,184.332214, 184.332840, 119.126205, 73.023140,17.617874, 227.799835, 0.999997
5, 666,8,64.292046, 64.289536, 119.126205, 73.023140,17.617874, 227.799835, 1.000039
5, 666,9,31.713430, 31.718693, 119.126205, 73.023140,17.617874, 227.799835, 0.999834
5, 666,10,83.378868, 83.379799, 119.126205, 73.023140,17.617874, 227.799835, 0.999989
5, 666,11,81.637238, 81.644325, 119.126205, 73.023140,17.617874, 227.799835, 0.999913
5, 666,12,171.694504, 171.709213, 119.126205, 73.023140,17.617874, 227.799835, 0.999914
5, 666,13,18.782476, 18.778214, 119.126205, 73.023140,17.617874, 227.799835, 1.000227
5, 666,14,72.195694, 72.196404, 119.126205, 73.023140,17.617874, 227.799835, 0.999990
5, 666,15,226.916168, 226.920502, 119.126205, 73.023140,17.617874, 227.799835, 0.999981
5, 666,16,223.367508, 223.363113, 119.126205, 73.023140,17.617874, 227.799835, 1.000020
5, 666,17,180.769836, 180.768280, 119.126205, 73.023140,17.617874, 227.799835, 1.000009
5, 666,18,140.111481, 140.117722, 119.126205, 73.023140,17.617874, 227.799835, 0.999955
5, 666,19,218.402023, 218.401520, 119.126205, 73.023140,17.617874, 227.799835, 1.000002
5, 666,20,227.799835, 227.799042, 119.126205, 73.023140,17.617874, 227.799835, 1.000003
5, 666,21,188.923370, 188.919983, 119.126205, 73.023140,17.617874, 227.799835, 1.000018
5, 666,22,177.110962, 177.095673, 119.126205, 73.023140,17.617874, 227.799835, 1.000086
5, 666,23,17.617874, 17.618826, 119.126205, 73.023140,17.617874, 227.799835, 0.999946
5, 666,24,108.322388, 108.317421, 119.126205, 73.023140,17.617874, 227.799835, 1.000046
5, 666,25,23.667540, 23.660597, 119.126205, 73.023140,17.617874, 227.799835, 1.000293
5, 666,26,165.011047, 165.019333, 119.126205, 73.023140,17.617874, 227.799835, 0.999950
5, 666,27,27.475473, 27.470011, 119.126205, 73.023140,17.617874, 227.799835, 1.000199
5, 666,28,88.294991, 88.283791, 119.126205, 73.023140,17.617874, 227.799835, 1.000127
5, 666,29,27.975222, 27.966890, 119.126205, 73.023140,17.617874, 227.799835, 1.000298
5, 666,30,165.059799, 165.048141, 119.126205, 73.023140,17.617874, 227.799835, 1.000071
5, 666,31,215.747437, 215.751495, 119.126205, 73.023140,17.617874, 227.799835, 0.999981
5, 667,0,168.895874, 168.894989, 119.123322, 72.031746,12.720483, 251.669815, 1.000005
5, 667,1,161.692123, 161.693039, 119.123322, 72.031746,12.720483, 251.669815, 0.999994
5, 667,2,122.401115, 122.408295, 119.123322, 72.031746,12.720483, 251.669815, 0.999941
5, 667,3,32.528717, 32.532043, 119.123322, 72.031746,12.720483, 251.669815, 0.999898
5, 667,4,32.797485, 32.791374, 119.123322, 72.031746,12.720483, 251.669815, 1.000186
5, 667,5,240.133636, 240.136551, 119.123322, 72.031746,12.720483, 251.669815, 0.999988
5, 667,6,186.715607, 186.714645, 119.123322, 72.031746,12.720483, 251.669815, 1.000005
5, 667,7,39.428295, 39.437622, 119.123322, 72.031746,12.720483, 251.669815, 0.999763
5, 667,8,243.875427, 243.885727, 119.123322, 72.031746,12.720483, 251.669815, 0.999958
5, 667,9,59.449940, 59.450462, 119.123322, 72.031746,12.720483, 251.669815, 0.999991
5, 667,10,54.292458, 54.286098, 119.123322, 72.031746,12.720483, 251.669815, 1.000117
5, 667,11,167.407928, 167.413101, 119.123322, 72.031746,12.720483, 251.669815, 0.999969
5, 667,12,19.642406, 19.639652, 119.123322, 72.031746,12.720483, 251.669815, 1.000140
5, 667,13,12.720483, 12.726666, 119.123322, 72.031746,12.720483, 251.669815, 0.999514
5, 667,14,160.639053, 160.640900, 119.123322, 72.031746,12.720483, 251.669815, 0.999988
5, 667,15,213.979645, 213.988708, 119.123322, 72.031746,12.720483, 251.669815, 0.999958
5, 667,16,175.765411, 175.770935, 119.123322, 72.031746,12.720483, 251.669815, 0.999969
5, 667,17,62.817917, 62.806927, 119.123322, 72.031746,12.720483, 251.669815, 1.000175
5, 667,18,63.938759, 63.933163, 119.123322, 72.031746,12.720483, 251.669815, 1.000087
5, 667,19,129.620575, 129.610245, 119.123322, 72.031746,12.720483, 251.669815, 1.000080
5, 667,20,251.669815, 251.673019, 119.123322, 72.031746,12.720483, 251.669815, 0.999987
5, 667,21,141.515060, 141.517181, 119.123322, 72.031746,12.720483, 251.669815, 0.999985
5, 667,22,69.834755, 69.845879, 119.123322, 72.031746,12.720483, 251.669815, 0.999841
5, 667,23,29.198557, 29.205214, 119.123322, 72.031746,12.720483, 251.669815, 0.999772
5, 667,24,84.343323, 84.338707, 119.123322, 72.031746,12.720483, 251.669815, 1.000055
5, 667,25,71.296364, 71.290718, 119.123322, 72.031746,12.720483, 251.669815, 1.000079
5, 667,26,161.602600, 161.604126, 119.123322, 72.031746,12.720483, 251.669815, 0.999991
5, 667,27,33.429039, 33.435989, 119.123322, 72.031746,12.720483, 251.669815, 0.999792
5, 667,28,193.414734, 193.412750, 119.123322, 72.031746,12.720483, 251.669815, 1.000010
5, 667,29,139.815384, 139.827835, 119.123322, 72.031746,12.720483, 251.669815, 0.999911
5, 667,30,127.283623, 127.276283, 119.123322, 72.031746,12.720483, 251.669815, 1.000058
5, 667,31,159.800079, 159.811035, 119.123322, 72.031746,12.720483, 251.669815, 0.999931
5, 668,0,63.681816, 63.678753, 119.127579, 54.745090,14.335553, 209.819702, 1.000048
5, 668,1,151.715149, 151.698624, 119.127579, 54.745090,14.335553, 209.819702, 1.000109
5, 668,2,36.905666, 36.891708, 119.127579, 54.745090,14.335553, 209.819702, 1.000378
5, 668,3,100.893883, 100.888802, 119.127579, 54.745090,14.335553, 209.819702, 1.000050
5, 668,4,147.270691, 147.259750, 119.127579, 54.745090,14.335553, 209.819702, 1.000074
5, 668,5,194.109268, 194.110916, 119.127579, 54.745090,14.335553, 209.819702, 0.999992
5, 668,6,121.258324, 121.254593, 119.127579, 54.745090,14.335553, 209.819702, 1.000031
5, 668,7,176.424286, 176.423218, 119.127579, 54.745090,14.335553, 209.819702, 1.000006
5, 668,8,79.421722, 79.433304, 119.127579, 54.745090,14.335553, 209.819702, 0.999854
5, 668,9,118.639702, 118.650383, 119.127579, 54.745090,14.335553, 209.819702, 0.999910
5, 668,10,188.748795, 188.754745, 119.127579, 54.745090,14.335553, 209.819702, 0.999968
5, 668,11,209.819702, 209.822372, 119.127579, 54.745090,14.335553, 209.819702, 0.999987
5, 668,12,195.477112, 195.483841, 119.127579, 54.745090,14.335553, 209.819702, 0.999966
5, 668,13,182.797913, 182.801392, 119.127579, 54.745090,14.335553, 209.819702, 0.999981
5, 668,14,14.335553, 14.334194, 119.127579, 54.745090,14.335553, 209.819702, 1.000095
5, 668,15,141.929611, 141.915909, 119.127579, 54.745090,14.335553, 209.819702, 1.000097
5, 668,16,152.564621, 152.554382, 119.127579, 54.745090,14.335553, 209.819702, 1.000067
5, 668,17,51.151344, 51.137909, 119.127579, 54.745090,14.335553, 209.819702, 1.000263
5, 668,18,157.182861, 157.171783, 119.127579, 54.745090,14.335553, 209.819702, 1.000070
5, 668,19,140.862778, 140.863129, 119.127579, 54.745090,14.335553, 209.819702, 0.999997
5, 668,20,62.090263, 62.090370, 119.127579, 54.745090,14.335553, 209.819702, 0.999998
5, 668,21,63.192253, 63.198547, 119.127579, 54.745090,14.335553, 209.819702, 0.999900
5, 668,22,98.752510, 98.752487, 119.127579, 54.745090,14.335553, 209.819702, 1.000000
5, 668,23,161.009445, 161.013443, 119.127579, 54.745090,14.335553, 209.819702, 0.999975
5, 668,24,123.804573, 123.809555, 119.127579, 54.745090,14.335553, 209.819702, 0.999960
5, 668,25,137.659393, 137.649414, 119.127579, 54.745090,14.335553, 209.819702, 1.000072
5, 668,26,42.596874, 42.580341, 119.127579, 54.745090,14.335553, 209.819702, 1.000388
5, 668,27,15.900310, 15.885639, 119.127579, 54.745090,14.335553, 209.819702, 1.000924
5, 668,28,129.282272, 129.282715, 119.127579, 54.745090,14.335553, 209.819702, 0.999997
5, 668,29,76.399506, 76.404297, 119.127579, 54.745090,14.335553, 209.819702, 0.999937
5, 668,30,127.957130, 127.959045, 119.127579, 54.745090,14.335553, 209.819702, 0.999985
5, 668,31,148.247208, 148.244812, 119.127579, 54.745090,14.335553, 209.819702, 1.000016
5, 669,0,116.576302, 116.577560, 119.122643, 65.372406,10.376471, 235.475693, 0.999989
5, 669,1,102.146149, 102.162308, 119.122643, 65.372406,10.376471, 235.475693, 0.999842
5, 669,2,219.199142, 219.199112, 119.122643, 65.372406,10.376471, 235.475693, 1.000000
5, 669,3,175.283890, 175.277405, 119.122643, 65.372406,10.376471, 235.475693, 1.000037
5, 669,4,14.648668, 14.646181, 119.122643, 65.372406,10.376471, 235.475693, 1.000170
5, 669,5,68.986320, 68.991562, 119.122643, 65.372406,10.376471, 235.475693, 0.999924
5, 669,6,90.151566, 90.151962, 119.122643, 65.372406,10.376471, 235.475693, 0.999996
5, 669,7,88.185074, 88.209534, 119.122643, 65.372406,10.376471, 235.475693, 0.999723
5, 669,8,48.663822, 48.663628, 119.122643, 65.372406,10.376471, 235.475693, 1.000004
5, 669,9,235.475693, 235.471420, 119.122643, 65.372406,10.376471, 235.475693, 1.000018
5, 669,10,24.190174, 24.194689, 119.122643, 65.372406,10.376471, 235.475693, 0.999813
5, 669,11,164.658768, 164.661621, 119.122643, 65.372406,10.376471, 235.475693, 0.999983
5, 669,12,143.995728, 143.992157, 119.122643, 65.372406,10.376471, 235.475693, 1.000025
5, 669,13,26.927565, 26.905554, 119.122643, 65.372406,10.376471, 235.475693, 1.000818
5, 669,14,61.017773, 61.036839, 119.122643, 65.372406,10.376471, 235.475693, 0.999688
5, 669,15,92.508682, 92.507072, 119.122643, 65.372406,10.376471, 235.475693, 1.000017
5, 669,16,67.249153, 67.255463, 119.122643, 65.372406,10.376471, 235.475693, 0.999906
5, 669,17,38.817562, 38.816284, 119.122643, 65.372406,10.376471, 235.475693, 1.000033
5, 669,18,10.376471, 10.369987, 119.122643, 65.372406,10.376471, 235.475693, 1.000625
5, 669,19,200.549103, 200.564575, 119.122643, 65.372406,10.376471, 235.475693, 0.999923
5, 669,20,141.299744, 141.309769, 119.122643, 65.372406,10.376471, 235.475693, 0.999929
5, 669,21,154.280075, 154.280640, 119.122643, 65.372406,10.376471, 235.475693, 0.999996
5, 669,22,116.008240, 116.015472, 119.122643, 65.372406,10.376471, 235.475693, 0.999938
5, 669,23,194.602402, 194.623444, 119.122643, 65.372406,10.376471, 235.475693, 0.999892
5, 669,24,53.568382, 53.565956, 119.122643, 65.372406,10.376471, 235.475693, 1.000045
5, 669,25,117.200409, 117.210808, 119.122643, 65.372406,10.376471, 235.475693, 0.999911
5, 669,26,181.445068, 181.439087, 119.122643, 65.372406,10.376471, 235.475693, 1.000033
5, 669,27,178.063492, 178.059418, 119.122643, 65.372406,10.376471, 235.475693, 1.000023
5, 669,28,136.497742, 136.514160, 119.122643, 65.372406,10.376471, 235.475693, 0.999880
5, 669,29,149.734756, 149.719849, 119.122643, 65.372406,10.376471, 235.475693, 1.000100
5, 669,30,194.769989, 194.772873, 119.122643, 65.372406,10.376471, 235.475693, 0.999985
5, 669,31,204.846786, 204.833664, 119.122643, 65.372406,10.376471, 235.475693, 1.000064
5, 670,0,60.795219, 60.782692, 119.124672, 74.866638,10.506651, 257.145538, 1.000206
5, 670,1,18.794630, 18.797489, 119.124672, 74.866638,10.506651, 257.145538, 0.999848
5, 670,2,12.785036, 12.790768, 119.124672, 74.866638,10.506651, 257.145538, 0.999552
5, 670,3,98.583595, 98.577873, 119.124672, 74.866638,10.506651, 257.145538, 1.000058
5, 670,4,242.400040, 242.399033, 119.124672, 74.866638,10.506651, 257.145538, 1.000004
5, 670,5,213.756042, 213.749207, 119.124672, 74.866638,10.506651, 257.145538, 1.000032
5, 670,6,225.120148, 225.113281, 119.124672, 74.866638,10.506651, 257.145538, 1.000031
5, 670,7,179.639679, 179.641556, 119.124672, 74.866638,10.506651, 257.145538, 0.999990
5, 670,8,169.009293, 169.019623, 119.124672, 74.866638,10.506651, 257.145538, 0.999939
5, 670,9,45.638035, 45.653793, 119.124672, 74.866638,10.506651, 257.145538, 0.999655
5, 670,10,10.506651, 10.510223, 119.124672, 74.866638,10.506651, 257.145538, 0.999660
5, 670,11,17.943462, 17.947117, 119.124672, 74.866638,10.506651, 257.145538, 0.999796
5, 670,12,51.047276, 51.042061, 119.124672, 74.866638,10.506651, 257.145538, 1.000102
5, 670,13,121.366287, 121.360115, 119.124672, 74.866638,10.506651, 257.145538, 1.000051
5, 670,14,40.698986, 40.698441, 119.124672, 74.866638,10.506651, 257.145538, 1.000013
5, 670,15,127.728996, 127.730186, 119.124672, 74.866638,10.506651, 257.145538, 0.999991
5, 670,16,257.145538, 257.149109, 119.124672, 74.866638,10.506651, 257.145538, 0.999986
5, 670,17,60.276497, 60.264732, 119.124672, 74.866638,10.506651, 257.145538, 1.000195
5, 670,18,167.706787, 167.705414, 119.124672, 74.866638,10.506651, 257.145538, 1.000008
5, 670,19,135.635590, 135.630920, 119.124672, 74.866638,10.506651, 257.145538, 1.000034
5, 670,20,179.335892, 179.340042, 119.124672, 74.866638,10.506651, 257.145538, 0.999977
5, 670,21,157.654022, 157.655548, 119.124672, 74.866638,10.506651, 257.145538, 0.999990
5, 670,22,165.377563, 165.370758, 119.124672, 74.866638,10.506651, 257.145538, 1.000041
5, 670,23,134.493256, 134.502228, 119.124672, 74.866638,10.506651, 257.145538, 0.999933
5, 670,24,156.142395, 156.140350, 119.124672, 74.866638,10.506651, 257.145538, 1.000013
5, 670,25,206.548050, 206.544235, 119.124672, 74.866638,10.506651, 257.145538, 1.000018
5, 670,26,128.827408, 128.843384, 119.124672, 74.866638,10.506651, 257.145538, 0.999876
5, 670,27,23.088820, 23.080273, 119.124672, 74.866638,10.506651, 257.145538, 1.000370
5, 670,28,65.498024, 65.506119, 119.124672, 74.866638,10.506651, 257.145538, 0.999876
5, 670,29,204.098557, 204.109070, 119.124672, 74.866638,10.506651, 257.145538, 0.999949
5, 670,30,33.528893, 33.532120, 119.124672, 74.866638,10.506651, 257.145538, 0.999904
5, 670,31,100.818863, 100.812027, 119.124672, 74.866638,10.506651, 257.145538, 1.000068
5, 671,0,199.485977, 199.488480, 119.125427, 63.091526,14.224431, 221.972397, 0.999987
5, 671,1,168.744705, 168.741684, 119.125427, 63.091526,14.224431, 221.972397, 1.000018
5, 671,2,93.737434, 93.744370, 119.125427, 63.091526,14.224431, 221.972397, 0.999926
5, 671,3,201.750809, 201.747925, 119.125427, 63.091526,14.224431, 221.972397, 1.000014
5, 671,4,28.194939, 28.194382, 119.125427, 63.091526,14.224431, 221.972397, 1.000020
5, 671,5,157.847107, 157.847534, 119.125427, 63.091526,14.224431, 221.972397, 0.999997
5, 671,6,219.600006, 219.611969, 119.125427, 63.091526,14.224431, 221.972397, 0.999946
5, 671,7,91.324219, 91.326378, 119.125427, 63.091526,14.224431, 221.972397, 0.999976
5, 671,8,82.676132, 82.665215, 119.125427, 63.091526,14.224431, 221.972397, 1.000132
5, 671,9,116.630173, 116.622772, 119.125427, 63.091526,14.224431, 221.972397, 1.000063
5, 671,10,153.073471, 153.070984, 119.125427, 63.091526,14.224431, 221.972397, 1.000016
5, 671,11,116.137352, 116.140503, 119.125427, 63.091526,14.224431, 221.972397, 0.999973
5, 671,12,171.088394, 171.093613, 119.125427, 63.091526,14.224431, 221.972397, 0.999969
5, 671,13,14.224431, 14.234785, 119.125427, 63.091526,14.224431, 221.972397, 0.999273
5, 671,14,181.650192, 181.657455, 119.125427, 63.091526,14.224431, 221.972397, 0.999960
5, 671,15,19.213316, 19.189682, 119.125427, 63.091526,14.224431, 221.972397, 1.001232
5, 671,16,221.972397, 221.957275, 119.125427, 63.091526,14.224431, 221.972397, 1.000068
5, 671,17,103.443878, 103.442757, 119.125427, 63.091526,14.224431, 221.972397, 1.000011
5, 671,18,190.316452, 190.311996, 119.125427, 63.091526,14.224431, 221.972397, 1.000023
5, 671,19,56.144516, 56.120178, 119.125427, 63.091526,14.224431, 221.972397, 1.000434
5, 671,20,61.596172, 61.596996, 119.125427, 63.091526,14.224431, 221.972397, 0.999987
5, 671,21,99.410988, 99.406166, 119.125427, 63.091526,14.224431, 221.972397, 1.000049
5, 671,22,95.421112, 95.429031, 119.125427, 63.091526,14.224431, 221.972397, 0.999917
5, 671,23,153.148331, 153.137070, 119.125427, 63.091526,14.224431, 221.972397, 1.000074
5, 671,24,127.570885, 127.583008, 119.125427, 63.091526,14.224431, 221.972397, 0.999905
5, 671,25,97.536346, 97.543121, 119.125427, 63.091526,14.224431, 221.972397, 0.999931
5, 671,26,40.836292, 40.845886, 119.125427, 63.091526,14.224431, 221.972397, 0.999765
5, 671,27,211.982834, 211.974823, 119.125427, 63.091526,14.224431, 221.972397, 1.000038
5, 671,28,39.569733, 39.570824, 119.125427, 63.091526,14.224431, 221.972397, 0.999972
5, 671,29,125.274307, 125.270729, 119.125427, 63.091526,14.224431, 221.972397, 1.000029
5, 671,30,146.113220, 146.120926, 119.125427, 63.091526,14.224431, 221.972397, 0.999947
5, 671,31,26.297558, 26.311522, 119.125427, 63.091526,14.224431, 221.972397, 0.999469
5, 672,0,66.797356, 66.807144, 119.125336, 48.996632,39.189919, 212.151825, 0.999853
5, 672,1,91.871597, 91.863579, 119.125336, 48.996632,39.189919, 212.151825, 1.000087
5, 672,2,136.259949, 136.256134, 119.125336, 48.996632,39.189919, 212.151825, 1.000028
5, 672,3,193.254242, 193.251572, 119.125336, 48.996632,39.189919, 212.151825, 1.000014
5, 672,4,39.189919, 39.205456, 119.125336, 48.996632,39.189919, 212.151825, 0.999604
5, 672,5,70.990021, 70.982132, 119.125336, 48.996632,39.189919, 212.151825, 1.000111
5, 672,6,171.253662, 171.259827, 119.125336, 48.996632,39.189919, 212.151825, 0.999964
5, 672,7,123.364594, 123.354576, 119.125336, 48.996632,39.189919, 212.151825, 1.000081
5, 672,8,74.149536, 74.150719, 119.125336, 48.996632,39.189919, 212.151825, 0.999984
5, 672,9,60.314533, 60.314156, 119.125336, 48.996632,39.189919, 212.151825, 1.000006
5, 672,10,147.255066, 147.268234, 119.125336, 48.996632,39.189919, 212.151825, 0.999911
5, 672,11,109.405594, 109.401138, 119.125336, 48.996632,39.189919, 212.151825, 1.000041
5, 672,12,71.730568, 71.709351, 119.125336, 48.996632,39.189919, 212.151825, 1.000296
5, 672,13,43.081608, 43.075275, 119.125336, 48.996632,39.189919, 212.151825, 1.000147
5, 672,14,106.850197, 106.849396, 119.125336, 48.996632,39.189919, 212.151825, 1.000008
5, 672,15,153.432800, 153.423599, 119.125336, 48.996632,39.189919, 212.151825, 1.000060
5, 672,16,168.383972, 168.389923, 119.125336, 48.996632,39.189919, 212.151825, 0.999965
5, 672,17,139.290833, 139.281860, 119.125336, 48.996632,39.189919, 212.151825, 1.000064
5, 672,18,122.626129, 122.633842, 119.125336, 48.996632,39.189919, 212.151825, 0.999937
5, 672,19,122.432327, 122.432571, 119.125336, 48.996632,39.189919, 212.151825, 0.999998
5, 672,20,189.449844, 189.433701, 119.125336, 48.996632,39.189919, 212.151825, 1.000085
5, 672,21,147.751343, 147.755219, 119.125336, 48.996632,39.189919, 212.151825, 0.999974
5, 672,22,102.233086, 102.226387, 119.125336, 48.996632,39.189919, 212.151825, 1.000066
5, 672,23,147.407211, 147.424072, 119.125336, 48.996632,39.189919, 212.151825, 0.999886
5, 672,24,73.967270, 73.968903, 119.125336, 48.996632,39.189919, 212.151825, 0.999978
5, 672,25,212.151825, 212.152649, 119.125336, 48.996632,39.189919, 212.151825, 0.999996
5, 672,26,50.664940, 50.672073, 119.125336, 48.996632,39.189919, 212.151825, 0.999859
5, 672,27,75.405975, 75.416847, 119.125336, 48.996632,39.189919, 212.151825, 0.999856
5, 672,28,162.589478, 162.591690, 119.125336, 48.996632,39.189919, 212.151825, 0.999986
5, 672,29,197.585327, 197.569397, 119.125336, 48.996632,39.189919, 212.151825, 1.000081
5, 672,30,158.767487, 158.767319, 119.125336, 48.996632,39.189919, 212.151825, 1.000001
5, 672,31,82.101563, 82.111115, 119.125336, 48.996632,39.189919, 212.151825, 0.999884
5, 673,0,141.782303, 141.784821, 119.124855, 63.219162,17.730677, 233.128738, 0.999982
5, 673,1,164.315536, 164.318558, 119.124855, 63.219162,17.730677, 233.128738, 0.999982
5, 673,2,208.789276, 208.776260, 119.124855, 63.219162,17.730677, 233.128738, 1.000062
5, 673,3,207.919815, 207.911209, 119.124855, 63.219162,17.730677, 233.128738, 1.000041
5, 673,4,149.582870, 149.577332, 119.124855, 63.219162,17.730677, 233.128738, 1.000037
5, 673,5,78.371773, 78.374100, 119.124855, 63.219162,17.730677, 233.128738, 0.999970
5, 673,6,110.210892, 110.217735, 119.124855, 63.219162,17.730677, 233.128738, 0.999938
5, 673,7,184.613953, 184.632965, 119.124855, 63.219162,17.730677, 233.128738, 0.999897
5, 673,8,229.224991, 229.218292, 119.124855, 63.219162,17.730677, 233.128738, 1.000029
5, 673,9,95.487282, 95.497765, 119.124855, 63.219162,17.730677, 233.128738, 0.999890
5, 673,10,60.836426, 60.825008, 119.124855, 63.219162,17.730677, 233.128738, 1.000188
5, 673,11,107.641212, 107.636772, 119.124855, 63.219162,17.730677, 233.128738, 1.000041
5, 673,12,166.821411, 166.821533, 119.124855, 63.219162,17.730677, 233.128738, 0.999999
5, 673,13,119.558151, 119.555977, 119.124855, 63.219162,17.730677, 233.128738, 1.000018
5, 673,14,122.713318, 122.718361, 119.124855, 63.219162,17.730677, 233.128738, 0.999959
5, 673,15,121.092491, 121.094620, 119.124855, 63.219162,17.730677, 233.128738, 0.999982
5, 673,16,48.671944, 48.678909, 119.124855, 63.219162,17.730677, 233.128738, 0.999857
5, 673,17,77.865097, 77.863579, 119.124855, 63.219162,17.730677, 233.128738, 1.000020
5, 673,18,71.560715, 71.560089, 119.124855, 63.219162,17.730677, 233.128738, 1.000009
5, 673,19,17.730677, 17.721601, 119.124855, 63.219162,17.730677, 233.128738, 1.000512
5, 673,20,233.128738, 233.118088, 119.124855, 63.219162,17.730677, 233.128738, 1.000046
5, 673,21,34.599976, 34.597092, 119.124855, 63.219162,17.730677, 233.128738, 1.000083
5, 673,22,131.112549, 131.106476, 119.124855, 63.219162,17.730677, 233.128738, 1.000046
5, 673,23,84.776978, 84.776863, 119.124855, 63.219162,17.730677, 233.128738, 1.000001
5, 673,24,119.383003, 119.378708, 119.124855, 63.219162,17.730677, 233.128738, 1.000036
5, 673,25,195.644470, 195.651672, 119.124855, 63.219162,17.730677, 233.128738, 0.999963
5, 673,26,174.308197, 174.316223, 119.124855, 63.219162,17.730677, 233.128738, 0.999954
5, 673,27,44.606350, 44.608936, 119.124855, 63.219162,17.730677, 233.128738, 0.999942
5, 673,28,77.209343, 77.218338, 119.124855, 63.219162,17.730677, 233.128738, 0.999884
5, 673,29,28.219677, 28.229784, 119.124855, 63.219162,17.730677, 233.128738, 0.999642
5, 673,30,186.460266, 186.462326, 119.124855, 63.219162,17.730677, 233.128738, 0.999989
5, 673,31,17.755796, 17.749962, 119.124855, 63.219162,17.730677, 233.128738, 1.000329
5, 674,0,100.771469, 100.783302, 119.128082, 70.931747,16.768122, 246.094910, 0.999883
5, 674,1,16.768122, 16.773546, 119.128082, 70.931747,16.768122, 246.094910, 0.999677
5, 674,2,23.190245, 23.191370, 119.128082, 70.931747,16.768122, 246.094910, 0.999951
5, 674,3,122.654396, 122.667641, 119.128082, 70.931747,16.768122, 246.094910, 0.999892
5, 674,4,229.626221, 229.628891, 119.128082, 70.931747,16.768122, 246.094910, 0.999988
5, 674,5,171.755615, 171.764740, 119.128082, 70.931747,16.768122, 246.094910, 0.999947
5, 674,6,96.909050, 96.892586, 119.128082, 70.931747,16.768122, 246.094910, 1.000170
5, 674,7,52.254318, 52.264259, 119.128082, 70.931747,16.768122, 246.094910, 0.999810
5, 674,8,30.921757, 30.913511, 119.128082, 70.931747,16.768122, 246.094910, 1.000267
5, 674,9,171.156891, 171.157043, 119.128082, 70.931747,16.768122, 246.094910, 0.999999
5, 674,10,83.295074, 83.301033, 119.128082, 70.931747,16.768122, 246.094910, 0.999928
5, 674,11,213.740341, 213.739975, 119.128082, 70.931747,16.768122, 246.094910, 1.000002
5, 674,12,175.231369, 175.233032, 119.128082, 70.931747,16.768122, 246.094910, 0.999991
5, 674,13,222.059830, 222.062393, 119.128082, 70.931747,16.768122, 246.094910, 0.999988
5, 674,14,111.065216, 111.062202, 119.128082, 70.931747,16.768122, 246.094910, 1.000027
5, 674,15,35.321404, 35.315575, 119.128082, 70.931747,16.768122, 246.094910, 1.000165
5, 674,16,142.674866, 142.647385, 119.128082, 70.931747,16.768122, 246.094910, 1.000193
5, 674,17,212.029327, 212.020660, 119.128082, 70.931747,16.768122, 246.094910, 1.000041
5, 674,18,70.438499, 70.420921, 119.128082, 70.931747,16.768122, 246.094910, 1.000250
5, 674,19,94.933418, 94.921303, 119.128082, 70.931747,16.768122, 246.094910, 1.000128
5, 674,20,246.094910, 246.095901, 119.128082, 70.931747,16.768122, 246.094910, 0.999996
5, 674,21,225.898392, 225.893829, 119.128082, 70.931747,16.768122, 246.094910, 1.000020
5, 674,22,157.022751, 157.017075, 119.128082, 70.931747,16.768122, 246.094910, 1.000036
5, 674,23,33.438160, 33.433208, 119.128082, 70.931747,16.768122, 246.094910, 1.000148
5, 674,24,29.704388, 29.690714, 119.128082, 70.931747,16.768122, 246.094910, 1.000461
5, 674,25,38.760307, 38.754223, 119.128082, 70.931747,16.768122, 246.094910, 1.000157
5, 674,26,116.590462, 116.590714, 119.128082, 70.931747,16.768122, 246.094910, 0.999998
5, 674,27,122.340729, 122.341560, 119.128082, 70.931747,16.768122, 246.094910, 0.999993
5, 674,28,31.283091, 31.261822, 119.128082, 70.931747,16.768122, 246.094910, 1.000680
5, 674,29,172.524338, 172.528061, 119.128082, 70.931747,16.768122, 246.094910, 0.999978
5, 674,30,112.297157, 112.284996, 119.128082, 70.931747,16.768122, 246.094910, 1.000108
5, 674,31,149.346451, 149.346817, 119.128082, 70.931747,16.768122, 246.094910, 0.999998
5, 675,0,145.108902, 145.098709, 119.124451, 51.332840,22.330135, 204.341507, 1.000070
5, 675,1,149.475067, 149.465958, 119.124451, 51.332840,22.330135, 204.341507, 1.000061
5, 675,2,152.146469, 152.150742, 119.124451, 51.332840,22.330135, 204.341507, 0.999972
5, 675,3,75.613495, 75.622269, 119.124451, 51.332840,22.330135, 204.341507, 0.999884
5, 675,4,85.159760, 85.162224, 119.124451, 51.332840,22.330135, 204.341507, 0.999971
5, 675,5,135.842575, 135.833191, 119.124451, 51.332840,22.330135, 204.341507, 1.000069
5, 675,6,22.330135, 22.332142, 119.124451, 51.332840,22.330135, 204.341507, 0.999910
5, 675,7,102.499435, 102.494041, 119.124451, 51.332840,22.330135, 204.341507, 1.000053
5, 675,8,197.702789, 197.696747, 119.124451, 51.332840,22.330135, 204.341507, 1.000031
5, 675,9,143.185913, 143.195480, 119.124451, 51.332840,22.330135, 204.341507, 0.999933
5, 675,10,102.042152, 102.046577, 119.124451, 51.332840,22.330135, 204.341507, 0.999957
5, 675,11,57.744041, 57.735588, 119.124451, 51.332840,22.330135, 204.341507, 1.000146
5, 675,12,204.341507, 204.355026, 119.124451, 51.332840,22.330135, 204.341507, 0.999934
5, 675,13,117.030190, 117.033676, 119.124451, 51.332840,22.330135, 204.341507, 0.999970
5, 675,14,193.377289, 193.383179, 119.124451, 51.332840,22.330135, 204.341507, 0.999970
5, 675,15,153.351822, 153.355927, 119.124451, 51.332840,22.330135, 204.341507, 0.999973
5, 675,16,125.544327, 125.535522, 119.124451, 51.332840,22.330135, 204.341507, 1.000070
5, 675,17,79.455093, 79.458534, 119.124451, 51.332840,22.330135, 204.341507, 0.999957
5, 675,18,77.734444, 77.734306, 119.124451, 51.332840,22.330135, 204.341507, 1.000002
5, 675,19,35.696056, 35.696434, 119.124451, 51.332840,22.330135, 204.341507, 0.999989
5, 675,20,42.924881, 42.933437, 119.124451, 51.332840,22.330135, 204.341507, 0.999801
5, 675,21,84.110298, 84.106209, 119.124451, 51.332840,22.330135, 204.341507, 1.000049
5, 675,22,164.393219, 164.387421, 119.124451, 51.332840,22.330135, 204.341507, 1.000035
5, 675,23,187.632858, 187.625793, 119.124451, 51.332840,22.330135, 204.341507, 1.000038
5, 675,24,120.528786, 120.541817, 119.124451, 51.332840,22.330135, 204.341507, 0.999892
5, 675,25,177.475037, 177.477295, 119.124451, 51.332840,22.330135, 204.341507, 0.999987
5, 675,26,164.611389, 164.614136, 119.124451, 51.332840,22.330135, 204.341507, 0.999983
5, 675,27,65.687233, 65.682571, 119.124451, 51.332840,22.330135, 204.341507, 1.000071
5, 675,28,59.414352, 59.412094, 119.124451, 51.332840,22.330135, 204.341507, 1.000038
5, 675,29,104.111183, 104.116852, 119.124451, 51.332840,22.330135, 204.341507, 0.999946
5, 675,30,98.402130, 98.407196, 119.124451, 51.332840,22.330135, 204.341507, 0.999949
5, 675,31,187.309677, 187.309570, 119.124451, 51.332840,22.330135, 204.341507, 1.000001
5, 676,0,202.288223, 202.292374, 119.127075, 65.327965,23.102205, 209.123550, 0.999979
5, 676,1,163.043076, 163.035645, 119.127075, 65.327965,23.102205, 209.123550, 1.000046
5, 676,2,23.974047, 23.982372, 119.127075, 65.327965,23.102205, 209.123550, 0.999653
5, 676,3,38.170895, 38.173157, 119.127075, 65.327965,23.102205, 209.123550, 0.999941
5, 676,4,68.634392, 68.626190, 119.127075, 65.327965,23.102205, 209.123550, 1.000120
5, 676,5,165.136322, 165.107101, 119.127075, 65.327965,23.102205, 209.123550, 1.000177
5, 676,6,57.376209, 57.378395, 119.127075, 65.327965,23.102205, 209.123550, 0.999962
5, 676,7,186.563446, 186.566940, 119.127075, 65.327965,23.102205, 209.123550, 0.999981
5, 676,8,51.872227, 51.871334, 119.127075, 65.327965,23.102205, 209.123550, 1.000017
5, 676,9,167.298767, 167.298538, 119.127075, 65.327965,23.102205, 209.123550, 1.000001
5, 676,10,208.330292, 208.329941, 119.127075, 65.327965,23.102205, 209.123550, 1.000002
5, 676,11,48.862968, 48.858875, 119.127075, 65.327965,23.102205, 209.123550, 1.000084
5, 676,12,53.462986, 53.481773, 119.127075, 65.327965,23.102205, 209.123550, 0.999649
5, 676,13,209.123550, 209.119370, 119.127075, 65.327965,23.102205, 209.123550, 1.000020
5, 676,14,195.552536, 195.553802, 119.127075, 65.327965,23.102205, 209.123550, 0.999994
5, 676,15,26.027676, 26.022259, 119.127075, 65.327965,23.102205, 209.123550, 1.000208
5, 676,16,95.722862, 95.725716, 119.127075, 65.327965,23.102205, 209.123550, 0.999970
5, 676,17,169.687408, 169.692093, 119.127075, 65.327965,23.102205, 209.123550, 0.999972
5, 676,18,26.491646, 26.483286, 119.127075, 65.327965,23.102205, 209.123550, 1.000316
5, 676,19,23.102205, 23.091896, 119.127075, 65.327965,23.102205, 209.123550, 1.000446
5, 676,20,164.080688, 164.083984, 119.127075, 65.327965,23.102205, 209.123550, 0.999980
5, 676,21,59.524647, 59.513016, 119.127075, 65.327965,23.102205, 209.123550, 1.000195
5, 676,22,79.147560, 79.154015, 119.127075, 65.327965,23.102205, 209.123550, 0.999918
5, 676,23,57.199577, 57.195248, 119.127075, 65.327965,23.102205, 209.123550, 1.000076
5, 676,24,168.086899, 168.081650, 119.127075, 65.327965,23.102205, 209.123550, 1.000031
5, 676,25,163.877472, 163.881897, 119.127075, 65.327965,23.102205, 209.123550, 0.999973
5, 676,26,180.487473, 180.472549, 119.127075, 65.327965,23.102205, 209.123550, 1.000083
5, 676,27,151.375107, 151.377335, 119.127075, 65.327965,23.102205, 209.123550, 0.999985
5, 676,28,182.200897, 182.190353, 119.127075, 65.327965,23.102205, 209.123550, 1.000058
5, 676,29,139.036423, 139.030655, 119.127075, 65.327965,23.102205, 209.123550, 1.000041
5, 676,30,170.688202, 170.689941, 119.127075, 65.327965,23.102205, 209.123550, 0.999990
5, 676,31,115.639709, 115.638283, 119.127075, 65.327965,23.102205, 209.123550, 1.000012
5, 677,0,177.963440, 177.964401, 119.124146, 51.344830,13.781293, 181.771057, 0.999995
5, 677,1,178.194885, 178.202286, 119.124146, 51.344830,13.781293, 181.771057, 0.999958
5, 677,2,181.771057, 181.764908, 119.124146, 51.344830,13.781293, 181.771057, 1.000034
5, 677,3,115.006371, 115.009613, 119.124146, 51.344830,13.781293, 181.771057, 0.999972
5, 677,4,149.122971, 149.123581, 119.124146, 51.344830,13.781293, 181.771057, 0.999996
5, 677,5,156.192657, 156.192184, 119.124146, 51.344830,13.781293, 181.771057, 1.000003
5, 677,6,138.717117, 138.724564, 119.124146, 51.344830,13.781293, 181.771057, 0.999946
5, 677,7,19.249552, 19.260555, 119.124146, 51.344830,13.781293, 181.771057, 0.999429
5, 677,8,168.875519, 168.890762, 119.124146, 51.344830,13.781293, 181.771057, 0.999910
5, 677,9,13.781293, 13.789182, 119.124146, 51.344830,13.781293, 181.771057, 0.999428
5, 677,10,131.272659, 131.270813, 119.124146, 51.344830,13.781293, 181.771057, 1.000014
5, 677,11,56.969131, 56.971127, 119.124146, 51.344830,13.781293, 181.771057, 0.999965
5, 677,12,163.782898, 163.781876, 119.124146, 51.344830,13.781293, 181.771057, 1.000006
5, 677,13,170.848312, 170.844818, 119.124146, 51.344830,13.781293, 181.771057, 1.000021
5, 677,14,64.601418, 64.606133, 119.124146, 51.344830,13.781293, 181.771057, 0.999927
5, 677,15,80.547745, 80.538818, 119.124146, 51.344830,13.781293, 181.771057, 1.000111
5, 677,16,109.437492, 109.441948, 119.124146, 51.344830,13.781293, 181.771057, 0.999959
5, 677,17,153.222244, 153.218613, 119.124146, 51.344830,13.781293, 181.771057, 1.000024
5, 677,18,126.263832, 126.246895, 119.124146, 51.344830,13.781293, 181.771057, 1.000134
5, 677,19,169.837021, 169.836639, 119.124146, 51.344830,13.781293, 181.771057, 1.000002
5, 677,20,158.913055, 158.910873, 119.124146, 51.344830,13.781293, 181.771057, 1.000014
5, 677,21,86.867172, 86.876778, 119.124146, 51.344830,13.781293, 181.771057, 0.999889
5, 677,22,131.563843, 131.576660, 119.124146, 51.344830,13.781293, 181.771057, 0.999903
5, 677,23,20.425016, 20.427330, 119.124146, 51.344830,13.781293, 181.771057, 0.999887
5, 677,24,181.271561, 181.272141, 119.124146, 51.344830,13.781293, 181.771057, 0.999997
5, 677,25,63.859749, 63.852825, 119.124146, 51.344830,13.781293, 181.771057, 1.000108
5, 677,26,57.273865, 57.271317, 119.124146, 51.344830,13.781293, 181.771057, 1.000044
5, 677,27,150.418320, 150.414948, 119.124146, 51.344830,13.781293, 181.771057, 1.000022
5, 677,28,154.553085, 154.549637, 119.124146, 51.344830,13.781293, 181.771057, 1.000022
5, 677,29,100.095688, 100.096436, 119.124146, 51.344830,13.781293, 181.771057, 0.999993
5, 677,30,98.059814, 98.057411, 119.124146, 51.344830,13.781293, 181.771057, 1.000025
5, 677,31,83.014069, 83.013962, 119.124146, 51.344830,13.781293, 181.771057, 1.000001
5, 678,0,181.972824, 181.974335, 119.126656, 58.251106,21.153790, 204.746948, 0.999992
5, 678,1,172.518738, 172.504761, 119.126656, 58.251106,21.153790, 204.746948, 1.000081
5, 678,2,174.961273, 174.962616, 119.126656, 58.251106,21.153790, 204.746948, 0.999992
5, 678,3,82.845108, 82.843307, 119.126656, 58.251106,21.153790, 204.746948, 1.000022
5, 678,4,181.376556, 181.369217, 119.126656, 58.251106,21.153790, 204.746948, 1.000040
5, 678,5,182.395813, 182.398544, 119.126656, 58.251106,21.153790, 204.746948, 0.999985
5, 678,6,102.279114, 102.262779, 119.126656, 58.251106,21.153790, 204.746948, 1.000160
5, 678,7,77.444977, 77.465996, 119.126656, 58.251106,21.153790, 204.746948, 0.999729
5, 678,8,85.800171, 85.800209, 119.126656, 58.251106,21.153790, 204.746948, 1.000000
5, 678,9,84.365265, 84.365433, 119.126656, 58.251106,21.153790, 204.746948, 0.999998
5, 678,10,30.658115, 30.667112, 119.126656, 58.251106,21.153790, 204.746948, 0.999707
5, 678,11,21.153790, 21.160116, 119.126656, 58.251106,21.153790, 204.746948, 0.999701
5, 678,12,62.334946, 62.344624, 119.126656, 58.251106,21.153790, 204.746948, 0.999845
5, 678,13,69.557205, 69.555969, 119.126656, 58.251106,21.153790, 204.746948, 1.000018
5, 678,14,69.113159, 69.113060, 119.126656, 58.251106,21.153790, 204.746948, 1.000001
5, 678,15,95.026070, 95.014015, 119.126656, 58.251106,21.153790, 204.746948, 1.000127
5, 678,16,190.223953, 190.221207, 119.126656, 58.251106,21.153790, 204.746948, 1.000014
5, 678,17,179.104645, 179.098541, 119.126656, 58.251106,21.153790, 204.746948, 1.000034
5, 678,18,177.755859, 177.769791, 119.126656, 58.251106,21.153790, 204.746948, 0.999922
5, 678,19,65.731247, 65.725723, 119.126656, 58.251106,21.153790, 204.746948, 1.000084
5, 678,20,81.508705, 81.514572, 119.126656, 58.251106,21.153790, 204.746948, 0.999928
5, 678,21,36.545155, 36.531010, 119.126656, 58.251106,21.153790, 204.746948, 1.000387
5, 678,22,76.416084, 76.411743, 119.126656, 58.251106,21.153790, 204.746948, 1.000057
5, 678,23,199.165787, 199.160538, 119.126656, 58.251106,21.153790, 204.746948, 1.000026
5, 678,24,152.039215, 152.024811, 119.126656, 58.251106,21.153790, 204.746948, 1.000095
5, 678,25,171.214874, 171.200989, 119.126656, 58.251106,21.153790, 204.746948, 1.000081
5, 678,26,103.425003, 103.410614, 119.126656, 58.251106,21.153790, 204.746948, 1.000139
5, 678,27,139.832184, 139.822906, 119.126656, 58.251106,21.153790, 204.746948, 1.000066
5, 678,28,204.746948, 204.749954, 119.126656, 58.251106,21.153790, 204.746948, 0.999985
5, 678,29,160.915985, 160.932922, 119.126656, 58.251106,21.153790, 204.746948, 0.999895
5, 678,30,169.974533, 169.984543, 119.126656, 58.251106,21.153790, 204.746948, 0.999941
5, 678,31,29.649237, 29.637814, 119.126656, 58.251106,21.153790, 204.746948, 1.000385
5, 679,0,101.104195, 101.111977, 119.123878, 63.915703,27.950710, 233.110703, 0.999923
5, 679,1,200.574966, 200.574310, 119.123878, 63.915703,27.950710, 233.110703, 1.000003
5, 679,2,226.910721, 226.927521, 119.123878, 63.915703,27.950710, 233.110703, 0.999926
5, 679,3,77.174850, 77.166222, 119.123878, 63.915703,27.950710, 233.110703, 1.000112
5, 679,4,136.687103, 136.686157, 119.123878, 63.915703,27.950710, 233.110703, 1.000007
5, 679,5,80.212288, 80.217163, 119.123878, 63.915703,27.950710, 233.110703, 0.999939
5, 679,6,171.982315, 171.965073, 119.123878, 63.915703,27.950710, 233.110703, 1.000100
5, 679,7,131.998459, 131.992401, 119.123878, 63.915703,27.950710, 233.110703, 1.000046
5, 679,8,159.411865, 159.397903, 119.123878, 63.915703,27.950710, 233.110703, 1.000088
5, 679,9,127.372116, 127.374344, 119.123878, 63.915703,27.950710, 233.110703, 0.999983
5, 679,10,134.737198, 134.740509, 119.123878, 63.915703,27.950710, 233.110703, 0.999975
5, 679,11,69.044037, 69.050560, 119.123878, 63.915703,27.950710, 233.110703, 0.999906
5, 679,12,209.766174, 209.772568, 119.123878, 63.915703,27.950710, 233.110703, 0.999970
5, 679,13,145.969086, 145.967697, 119.123878, 63.915703,27.950710, 233.110703, 1.000010
5, 679,14,58.692963, 58.694000, 119.123878, 63.915703,27.950710, 233.110703, 0.999982
5, 679,15,131.737335, 131.750137, 119.123878, 63.915703,27.950710, 233.110703, 0.999903
5, 679,16,204.521271, 204.511017, 119.123878, 63.915703,27.950710, 233.110703, 1.000050
5, 679,17,57.523449, 57.520554, 119.123878, 63.915703,27.950710, 233.110703, 1.000050
5, 679,18,48.037563, 48.049755, 119.123878, 63.915703,27.950710, 233.110703, 0.999746
5, 679,19,28.863173, 28.858324, 119.123878, 63.915703,27.950710, 233.110703, 1.000168
5, 679,20,84.770988, 84.767097, 119.123878, 63.915703,27.950710, 233.110703, 1.000046
5, 679,21,231.534454, 231.530426, 119.123878, 63.915703,27.950710, 233.110703, 1.000017
5, 679,22,27.950710, 27.957426, 119.123878, 63.915703,27.950710, 233.110703, 0.999760
5, 679,23,233.110703, 233.120255, 119.123878, 63.915703,27.950710, 233.110703, 0.999959
5, 679,24,44.395741, 44.393166, 119.123878, 63.915703,27.950710, 233.110703, 1.000058
5, 679,25,87.499321, 87.492500, 119.123878, 63.915703,27.950710, 233.110703, 1.000078
5, 679,26,124.131752, 124.141693, 119.123878, 63.915703,27.950710, 233.110703, 0.999920
5, 679,27,129.109970, 129.123138, 119.123878, 63.915703,27.950710, 233.110703, 0.999898
5, 679,28,39.657578, 39.661549, 119.123878, 63.915703,27.950710, 233.110703, 0.999900
5, 679,29,93.025032, 93.026596, 119.123878, 63.915703,27.950710, 233.110703, 0.999983
5, 679,30,33.287792, 33.287117, 119.123878, 63.915703,27.950710, 233.110703, 1.000020
5, 679,31,181.168930, 181.170898, 119.123878, 63.915703,27.950710, 233.110703, 0.999989
5, 680,0,95.409027, 95.403503, 119.125198, 40.052887,23.384823, 171.738235, 1.000058
5, 680,1,169.789703, 169.780243, 119.125198, 40.052887,23.384823, 171.738235, 1.000056
5, 680,2,165.932571, 165.933685, 119.125198, 40.052887,23.384823, 171.738235, 0.999993
5, 680,3,26.999886, 26.995222, 119.125198, 40.052887,23.384823, 171.738235, 1.000173
5, 680,4,114.477943, 114.470337, 119.125198, 40.052887,23.384823, 171.738235, 1.000066
5, 680,5,134.296036, 134.301453, 119.125198, 40.052887,23.384823, 171.738235, 0.999960
5, 680,6,109.691490, 109.703636, 119.125198, 40.052887,23.384823, 171.738235, 0.999889
5, 680,7,152.419571, 152.412933, 119.125198, 40.052887,23.384823, 171.738235, 1.000044
5, 680,8,143.828888, 143.839890, 119.125198, 40.052887,23.384823, 171.738235, 0.999924
5, 680,9,143.874542, 143.885147, 119.125198, 40.052887,23.384823, 171.738235, 0.999926
5, 680,10,128.030380, 128.021271, 119.125198, 40.052887,23.384823, 171.738235, 1.000071
5, 680,11,89.155869, 89.153488, 119.125198, 40.052887,23.384823, 171.738235, 1.000027
5, 680,12,124.560081, 124.556854, 119.125198, 40.052887,23.384823, 171.738235, 1.000026
5, 680,13,47.881863, 47.877220, 119.125198, 40.052887,23.384823, 171.738235, 1.000097
5, 680,14,90.126167, 90.144035, 119.125198, 40.052887,23.384823, 171.738235, 0.999802
5, 680,15,82.797874, 82.812965, 119.125198, 40.052887,23.384823, 171.738235, 0.999818
5, 680,16,171.738235, 171.741226, 119.125198, 40.052887,23.384823, 171.738235, 0.999983
5, 680,17,158.132339, 158.134979, 119.125198, 40.052887,23.384823, 171.738235, 0.999983
5, 680,18,137.027710, 137.021698, 119.125198, 40.052887,23.384823, 171.738235, 1.000044
5, 680,19,23.384823, 23.390022, 119.125198, 40.052887,23.384823, 171.738235, 0.999778
5, 680,20,88.692757, 88.675819, 119.125198, 40.052887,23.384823, 171.738235, 1.000191
5, 680,21,91.095932, 91.099388, 119.125198, 40.052887,23.384823, 171.738235, 0.999962
5, 680,22,138.954407, 138.947479, 119.125198, 40.052887,23.384823, 171.738235, 1.000050
5, 680,23,104.453987, 104.444160, 119.125198, 40.052887,23.384823, 171.738235, 1.000094
5, 680,24,128.531052, 128.544189, 119.125198, 40.052887,23.384823, 171.738235, 0.999898
5, 680,25,128.016006, 128.016235, 119.125198, 40.052887,23.384823, 171.738235, 0.999998
5, 680,26,166.509720, 166.511917, 119.125198, 40.052887,23.384823, 171.738235, 0.999987
5, 680,27,89.816238, 89.817207, 119.125198, 40.052887,23.384823, 171.738235, 0.999989
5, 680,28,166.784042, 166.768356, 119.125198, 40.052887,23.384823, 171.738235, 1.000094
5, 680,29,93.717125, 93.703979, 119.125198, 40.052887,23.384823, 171.738235, 1.000140
5, 680,30,167.710587, 167.713654, 119.125198, 40.052887,23.384823, 171.738235, 0.999982
5, 680,31,138.169174, 138.178177, 119.125198, 40.052887,23.384823, 171.738235, 0.999935
5, 681,0,172.329926, 172.336594, 119.124260, 61.827248,15.908002, 229.890625, 0.999961
5, 681,1,81.589111, 81.597702, 119.124260, 61.827248,15.908002, 229.890625, 0.999895
5, 681,2,119.780746, 119.785843, 119.124260, 61.827248,15.908002, 229.890625, 0.999957
5, 681,3,159.730652, 159.744064, 119.124260, 61.827248,15.908002, 229.890625, 0.999916
5, 681,4,226.599792, 226.596863, 119.124260, 61.827248,15.908002, 229.890625, 1.000013
5, 681,5,51.104401, 51.109119, 119.124260, 61.827248,15.908002, 229.890625, 0.999908
5, 681,6,180.083923, 180.069794, 119.124260, 61.827248,15.908002, 229.890625, 1.000078
5, 681,7,78.025246, 78.023880, 119.124260, 61.827248,15.908002, 229.890625, 1.000018
5, 681,8,157.596008, 157.590347, 119.124260, 61.827248,15.908002, 229.890625, 1.000036
5, 681,9,148.363327, 148.376465, 119.124260, 61.827248,15.908002, 229.890625, 0.999911
5, 681,10,66.326454, 66.333221, 119.124260, 61.827248,15.908002, 229.890625, 0.999898
5, 681,11,118.063690, 118.069595, 119.124260, 61.827248,15.908002, 229.890625, 0.999950
5, 681,12,21.301596, 21.300297, 119.124260, 61.827248,15.908002, 229.890625, 1.000061
5, 681,13,56.536633, 56.533798, 119.124260, 61.827248,15.908002, 229.890625, 1.000050
5, 681,14,183.524521, 183.522476, 119.124260, 61.827248,15.908002, 229.890625, 1.000011
5, 681,15,150.643494, 150.644608, 119.124260, 61.827248,15.908002, 229.890625, 0.999993
5, 681,16,146.536469, 146.539078, 119.124260, 61.827248,15.908002, 229.890625, 0.999982
5, 681,17,178.797684, 178.804489, 119.124260, 61.827248,15.908002, 229.890625, 0.999962
5, 681,18,115.073326, 115.067856, 119.124260, 61.827248,15.908002, 229.890625, 1.000048
5, 681,19,38.542259, 38.536781, 119.124260, 61.827248,15.908002, 229.890625, 1.000142
5, 681,20,143.424423, 143.429642, 119.124260, 61.827248,15.908002, 229.890625, 0.999964
5, 681,21,229.890625, 229.888000, 119.124260, 61.827248,15.908002, 229.890625, 1.000011
5, 681,22,119.570366, 119.563744, 119.124260, 61.827248,15.908002, 229.890625, 1.000055
5, 681,23,26.097258, 26.105783, 119.124260, 61.827248,15.908002, 229.890625, 0.999673
5, 681,24,78.058769, 78.057533, 119.124260, 61.827248,15.908002, 229.890625, 1.000016
5, 681,25,150.339264, 150.321548, 119.124260, 61.827248,15.908002, 229.890625, 1.000118
5, 681,26,69.185089, 69.193626, 119.124260, 61.827248,15.908002, 229.890625, 0.999877
5, 681,27,202.260620, 202.253098, 119.124260, 61.827248,15.908002, 229.890625, 1.000037
5, 681,28,15.908002, 15.915998, 119.124260, 61.827248,15.908002, 229.890625, 0.999498
5, 681,29,180.539246, 180.540924, 119.124260, 61.827248,15.908002, 229.890625, 0.999991
5, 681,30,27.200567, 27.202833, 119.124260, 61.827248,15.908002, 229.890625, 0.999917
5, 681,31,118.952911, 118.944550, 119.124260, 61.827248,15.908002, 229.890625, 1.000070
5, 682,0,184.366119, 184.352493, 119.124580, 60.685596,11.264465, 206.294144, 1.000074
5, 682,1,118.247917, 118.242027, 119.124580, 60.685596,11.264465, 206.294144, 1.000050
5, 682,2,142.428986, 142.429245, 119.124580, 60.685596,11.264465, 206.294144, 0.999998
5, 682,3,181.646515, 181.644623, 119.124580, 60.685596,11.264465, 206.294144, 1.000010
5, 682,4,57.158165, 57.142994, 119.124580, 60.685596,11.264465, 206.294144, 1.000265
5, 682,5,168.442154, 168.442108, 119.124580, 60.685596,11.264465, 206.294144, 1.000000
5, 682,6,164.651840, 164.649841, 119.124580, 60.685596,11.264465, 206.294144, 1.000012
5, 682,7,53.327011, 53.332344, 119.124580, 60.685596,11.264465, 206.294144, 0.999900
5, 682,8,59.684387, 59.679344, 119.124580, 60.685596,11.264465, 206.294144, 1.000085
5, 682,9,199.578491, 199.582840, 119.124580, 60.685596,11.264465, 206.294144, 0.999978
5, 682,10,68.285698, 68.293121, 119.124580, 60.685596,11.264465, 206.294144, 0.999891
5, 682,11,11.264465, 11.262048, 119.124580, 60.685596,11.264465, 206.294144, 1.000215
5, 682,12,191.613281, 191.612335, 119.124580, 60.685596,11.264465, 206.294144, 1.000005
5, 682,13,139.885025, 139.874512, 119.124580, 60.685596,11.264465, 206.294144, 1.000075
5, 682,14,186.840332, 186.839828, 119.124580, 60.685596,11.264465, 206.294144, 1.000003
5, 682,15,206.294144, 206.297424, 119.124580, 60.685596,11.264465, 206.294144, 0.999984
5, 682,16,59.679161, 59.679344, 119.124580, 60.685596,11.264465, 206.294144, 0.999997
5, 682,17,87.804924, 87.799728, 119.124580, 60.685596,11.264465, 206.294144, 1.000059
5, 682,18,156.345459, 156.354645, 119.124580, 60.685596,11.264465, 206.294144, 0.999941
5, 682,19,28.611021, 28.618267, 119.124580, 60.685596,11.264465, 206.294144, 0.999747
5, 682,20,73.620613, 73.635391, 119.124580, 60.685596,11.264465, 206.294144, 0.999799
5, 682,21,162.213409, 162.217651, 119.124580, 60.685596,11.264465, 206.294144, 0.999974
5, 682,22,92.795311, 92.798904, 119.124580, 60.685596,11.264465, 206.294144, 0.999961
5, 682,23,21.304083, 21.309418, 119.124580, 60.685596,11.264465, 206.294144, 0.999750
5, 682,24,46.848267, 46.862820, 119.124580, 60.685596,11.264465, 206.294144, 0.999689
5, 682,25,108.287346, 108.286552, 119.124580, 60.685596,11.264465, 206.294144, 1.000007
5, 682,26,93.093323, 93.092979, 119.124580, 60.685596,11.264465, 206.294144, 1.000004
5, 682,27,190.117096, 190.117477, 119.124580, 60.685596,11.264465, 206.294144, 0.999998
5, 682,28,176.681351, 176.676056, 119.124580, 60.685596,11.264465, 206.294144, 1.000030
5, 682,29,196.025925, 196.023376, 119.124580, 60.685596,11.264465, 206.294144, 1.000013
5, 682,30,73.793938, 73.800797, 119.124580, 60.685596,11.264465, 206.294144, 0.999907
5, 682,31,111.050545, 111.049591, 119.124580, 60.685596,11.264465, 206.294144, 1.000009
5, 683,0,48.782497, 48.783722, 119.123184, 76.318825,10.578138, 233.668274, 0.999975
5, 683,1,33.053524, 33.072098, 119.123184, 76.318825,10.578138, 233.668274, 0.999438
5, 683,2,60.151375, 60.162792, 119.123184, 76.318825,10.578138, 233.668274, 0.999810
5, 683,3,128.652664, 128.667465, 119.123184, 76.318825,10.578138, 233.668274, 0.999885
5, 683,4,233.668274, 233.674454, 119.123184, 76.318825,10.578138, 233.668274, 0.999974
5, 683,5,22.415941, 22.425583, 119.123184, 76.318825,10.578138, 233.668274, 0.999570
5, 683,6,96.496323, 96.504654, 119.123184, 76.318825,10.578138, 233.668274, 0.999914
5, 683,7,126.524681, 126.518616, 119.123184, 76.318825,10.578138, 233.668274, 1.000048
5, 683,8,16.344576, 16.348839, 119.123184, 76.318825,10.578138, 233.668274, 0.999739
5, 683,9,140.572128, 140.576752, 119.123184, 76.318825,10.578138, 233.668274, 0.999967
5, 683,10,158.057724, 158.039551, 119.123184, 76.318825,10.578138, 233.668274, 1.000115
5, 683,11,192.894821, 192.902344, 119.123184, 76.318825,10.578138, 233.668274, 0.999961
5, 683,12,54.192501, 54.190704, 119.123184, 76.318825,10.578138, 233.668274, 1.000033
5, 683,13,232.789703, 232.788406, 119.123184, 76.318825,10.578138, 233.668274, 1.000006
5, 683,14,171.948212, 171.937225, 119.123184, 76.318825,10.578138, 233.668274, 1.000064
5, 683,15,214.176239, 214.174438, 119.123184, 76.318825,10.578138, 233.668274, 1.000008
5, 683,16,198.380203, 198.386063, 119.123184, 76.318825,10.578138, 233.668274, 0.999970
5, 683,17,42.845703, 42.832561, 119.123184, 76.318825,10.578138, 233.668274, 1.000307
5, 683,18,157.314468, 157.293045, 119.123184, 76.318825,10.578138, 233.668274, 1.000136
5, 683,19,210.006973, 210.009323, 119.123184, 76.318825,10.578138, 233.668274, 0.999989
5, 683,20,44.918629, 44.911633, 119.123184, 76.318825,10.578138, 233.668274, 1.000156
5, 683,21,103.275475, 103.265129, 119.123184, 76.318825,10.578138, 233.668274, 1.000100
5, 683,22,211.931503, 211.941879, 119.123184, 76.318825,10.578138, 233.668274, 0.999951
5, 683,23,172.734543, 172.732574, 119.123184, 76.318825,10.578138, 233.668274, 1.000011
5, 683,24,16.504910, 16.495350, 119.123184, 76.318825,10.578138, 233.668274, 1.000579
5, 683,25,118.521431, 118.523270, 119.123184, 76.318825,10.578138, 233.668274, 0.999985
5, 683,26,19.356430, 19.355816, 119.123184, 76.318825,10.578138, 233.668274, 1.000032
5, 683,27,203.682037, 203.688385, 119.123184, 76.318825,10.578138, 233.668274, 0.999969
5, 683,28,182.058212, 182.060486, 119.123184, 76.318825,10.578138, 233.668274, 0.999987
5, 683,29,20.372242, 20.381397, 119.123184, 76.318825,10.578138, 233.668274, 0.999551
5, 683,30,168.739761, 168.755829, 119.123184, 76.318825,10.578138, 233.668274, 0.999905
5, 683,31,10.578138, 10.600000, 119.123184, 76.318825,10.578138, 233.668274, 0.997938
5, 684,0,68.613991, 68.613312, 119.125343, 50.727383,17.704636, 204.194336, 1.000010
5, 684,1,64.441826, 64.445389, 119.125343, 50.727383,17.704636, 204.194336, 0.999945
5, 684,2,131.254044, 131.257416, 119.125343, 50.727383,17.704636, 204.194336, 0.999974
5, 684,3,125.359467, 125.366272, 119.125343, 50.727383,17.704636, 204.194336, 0.999946
5, 684,4,147.776001, 147.780045, 119.125343, 50.727383,17.704636, 204.194336, 0.999973
5, 684,5,157.411087, 157.415756, 119.125343, 50.727383,17.704636, 204.194336, 0.999970
5, 684,6,112.990974, 112.993668, 119.125343, 50.727383,17.704636, 204.194336, 0.999976
5, 684,7,135.888855, 135.890411, 119.125343, 50.727383,17.704636, 204.194336, 0.999989
5, 684,8,185.269760, 185.267517, 119.125343, 50.727383,17.704636, 204.194336, 1.000012
5, 684,9,28.942369, 28.955414, 119.125343, 50.727383,17.704636, 204.194336, 0.999550
5, 684,10,168.199921, 168.190369, 119.125343, 50.727383,17.704636, 204.194336, 1.000057
5, 684,11,141.538940, 141.543076, 119.125343, 50.727383,17.704636, 204.194336, 0.999971
5, 684,12,158.724792, 158.721603, 119.125343, 50.727383,17.704636, 204.194336, 1.000020
5, 684,13,188.116302, 188.129623, 119.125343, 50.727383,17.704636, 204.194336, 0.999929
5, 684,14,81.342636, 81.349632, 119.125343, 50.727383,17.704636, 204.194336, 0.999914
5, 684,15,77.561134, 77.563324, 119.125343, 50.727383,17.704636, 204.194336, 0.999972
5, 684,16,149.193253, 149.175323, 119.125343, 50.727383,17.704636, 204.194336, 1.000120
5, 684,17,47.723137, 47.714058, 119.125343, 50.727383,17.704636, 204.194336, 1.000190
5, 684,18,204.194336, 204.187164, 119.125343, 50.727383,17.704636, 204.194336, 1.000035
5, 684,19,90.230614, 90.222130, 119.125343, 50.727383,17.704636, 204.194336, 1.000094
5, 684,20,118.989853, 118.974258, 119.125343, 50.727383,17.704636, 204.194336, 1.000131
5, 684,21,177.921051, 177.927444, 119.125343, 50.727383,17.704636, 204.194336, 0.999964
5, 684,22,91.941071, 91.951309, 119.125343, 50.727383,17.704636, 204.194336, 0.999889
5, 684,23,158.393250, 158.387695, 119.125343, 50.727383,17.704636, 204.194336, 1.000035
5, 684,24,192.303040, 192.297546, 119.125343, 50.727383,17.704636, 204.194336, 1.000029
5, 684,25,121.626846, 121.633629, 119.125343, 50.727383,17.704636, 204.194336, 0.999944
5, 684,26,99.936325, 99.929398, 119.125343, 50.727383,17.704636, 204.194336, 1.000069
5, 684,27,17.704636, 17.703804, 119.125343, 50.727383,17.704636, 204.194336, 1.000047
5, 684,28,27.801613, 27.786726, 119.125343, 50.727383,17.704636, 204.194336, 1.000536
5, 684,29,105.410896, 105.403152, 119.125343, 50.727383,17.704636, 204.194336, 1.000073
5, 684,30,84.616722, 84.629120, 119.125343, 50.727383,17.704636, 204.194336, 0.999853
5, 684,31,150.592026, 150.594437, 119.125343, 50.727383,17.704636, 204.194336, 0.999984
5, 685,0,74.759422, 74.760590, 119.123718, 58.643684,13.892034, 201.239807, 0.999984
5, 685,1,34.307655, 34.311733, 119.123718, 58.643684,13.892034, 201.239807, 0.999881
5, 685,2,201.239807, 201.239777, 119.123718, 58.643684,13.892034, 201.239807, 1.000000
5, 685,3,13.892034, 13.872183, 119.123718, 58.643684,13.892034, 201.239807, 1.001431
5, 685,4,171.607147, 171.613632, 119.123718, 58.643684,13.892034, 201.239807, 0.999962
5, 685,5,197.354294, 197.355469, 119.123718, 58.643684,13.892034, 201.239807, 0.999994
5, 685,6,70.498207, 70.500580, 119.123718, 58.643684,13.892034, 201.239807, 0.999966
5, 685,7,130.195404, 130.195221, 119.123718, 58.643684,13.892034, 201.239807, 1.000001
5, 685,8,39.498741, 39.492821, 119.123718, 58.643684,13.892034, 201.239807, 1.000150
5, 685,9,187.171768, 187.169022, 119.123718, 58.643684,13.892034, 201.239807, 1.000015
5, 685,10,191.784805, 191.786560, 119.123718, 58.643684,13.892034, 201.239807, 0.999991
5, 685,11,101.167450, 101.168991, 119.123718, 58.643684,13.892034, 201.239807, 0.999985
5, 685,12,81.182732, 81.183929, 119.123718, 58.643684,13.892034, 201.239807, 0.999985
5, 685,13,100.892838, 100.890251, 119.123718, 58.643684,13.892034, 201.239807, 1.000026
5, 685,14,30.552870, 30.554686, 119.123718, 58.643684,13.892034, 201.239807, 0.999941
5, 685,15,174.646393, 174.655640, 119.123718, 58.643684,13.892034, 201.239807, 0.999947
5, 685,16,145.424622, 145.435486, 119.123718, 58.643684,13.892034, 201.239807, 0.999925
5, 685,17,104.613060, 104.616997, 119.123718, 58.643684,13.892034, 201.239807, 0.999962
5, 685,18,50.856388, 50.860920, 119.123718, 58.643684,13.892034, 201.239807, 0.999911
5, 685,19,142.222229, 142.229889, 119.123718, 58.643684,13.892034, 201.239807, 0.999946
5, 685,20,185.514359, 185.508652, 119.123718, 58.643684,13.892034, 201.239807, 1.000031
5, 685,21,71.036980, 71.039902, 119.123718, 58.643684,13.892034, 201.239807, 0.999959
5, 685,22,146.429916, 146.429306, 119.123718, 58.643684,13.892034, 201.239807, 1.000004
5, 685,23,99.465446, 99.454079, 119.123718, 58.643684,13.892034, 201.239807, 1.000114
5, 685,24,88.187965, 88.189003, 119.123718, 58.643684,13.892034, 201.239807, 0.999988
5, 685,25,117.338158, 117.330360, 119.123718, 58.643684,13.892034, 201.239807, 1.000066
5, 685,26,136.867172, 136.879120, 119.123718, 58.643684,13.892034, 201.239807, 0.999913
5, 685,27,173.352966, 173.352783, 119.123718, 58.643684,13.892034, 201.239807, 1.000001
5, 685,28,19.688900, 19.707726, 119.123718, 58.643684,13.892034, 201.239807, 0.999045
5, 685,29,187.746078, 187.750748, 119.123718, 58.643684,13.892034, 201.239807, 0.999975
5, 685,30,151.130585, 151.131668, 119.123718, 58.643684,13.892034, 201.239807, 0.999993
5, 685,31,191.332413, 191.332077, 119.123718, 58.643684,13.892034, 201.239807, 1.000002
5, 686,0,159.742188, 159.737091, 119.125824, 59.666241,10.618093, 208.700699, 1.000032
5, 686,1,106.281288, 106.277664, 119.125824, 59.666241,10.618093, 208.700699, 1.000034
5, 686,2,10.618093, 10.621105, 119.125824, 59.666241,10.618093, 208.700699, 0.999716
5, 686,3,173.648926, 173.648575, 119.125824, 59.666241,10.618093, 208.700699, 1.000002
5, 686,4,136.587601, 136.585083, 119.125824, 59.666241,10.618093, 208.700699, 1.000018
5, 686,5,208.700699, 208.703003, 119.125824, 59.666241,10.618093, 208.700699, 0.999989
5, 686,6,208.431763, 208.436813, 119.125824, 59.666241,10.618093, 208.700699, 0.999976
5, 686,7,198.879425, 198.885742, 119.125824, 59.666241,10.618093, 208.700699, 0.999968
5, 686,8,110.029854, 110.035988, 119.125824, 59.666241,10.618093, 208.700699, 0.999944
5, 686,9,32.520977, 32.518238, 119.125824, 59.666241,10.618093, 208.700699, 1.000084
5, 686,10,167.899292, 167.906525, 119.125824, 59.666241,10.618093, 208.700699, 0.999957
5, 686,11,14.635081, 14.620264, 119.125824, 59.666241,10.618093, 208.700699, 1.001014
5, 686,12,143.275742, 143.277817, 119.125824, 59.666241,10.618093, 208.700699, 0.999986
5, 686,13,195.491959, 195.501343, 119.125824, 59.666241,10.618093, 208.700699, 0.999952
5, 686,14,78.923485, 78.917343, 119.125824, 59.666241,10.618093, 208.700699, 1.000078
5, 686,15,86.451248, 86.452995, 119.125824, 59.666241,10.618093, 208.700699, 0.999980
5, 686,16,198.850372, 198.847717, 119.125824, 59.666241,10.618093, 208.700699, 1.000013
5, 686,17,158.691574, 158.685013, 119.125824, 59.666241,10.618093, 208.700699, 1.000041
5, 686,18,85.656326, 85.654434, 119.125824, 59.666241,10.618093, 208.700699, 1.000022
5, 686,19,142.546082, 142.555298, 119.125824, 59.666241,10.618093, 208.700699, 0.999935
5, 686,20,90.826660, 90.832428, 119.125824, 59.666241,10.618093, 208.700699, 0.999937
5, 686,21,57.260323, 57.261047, 119.125824, 59.666241,10.618093, 208.700699, 0.999987
5, 686,22,115.641716, 115.644943, 119.125824, 59.666241,10.618093, 208.700699, 0.999972
5, 686,23,127.839203, 127.838898, 119.125824, 59.666241,10.618093, 208.700699, 1.000002
5, 686,24,75.065544, 75.057617, 119.125824, 59.666241,10.618093, 208.700699, 1.000106
5, 686,25,202.000305, 201.991257, 119.125824, 59.666241,10.618093, 208.700699, 1.000045
5, 686,26,51.605175, 51.601383, 119.125824, 59.666241,10.618093, 208.700699, 1.000073
5, 686,27,129.863068, 129.847977, 119.125824, 59.666241,10.618093, 208.700699, 1.000116
5, 686,28,162.802780, 162.804596, 119.125824, 59.666241,10.618093, 208.700699, 0.999989
5, 686,29,48.870392, 48.869785, 119.125824, 59.666241,10.618093, 208.700699, 1.000012
5, 686,30,44.753799, 44.750214, 119.125824, 59.666241,10.618093, 208.700699, 1.000080
5, 686,31,87.635490, 87.631836, 119.125824, 59.666241,10.618093, 208.700699, 1.000042
5, 687,0,94.930206, 94.934715, 119.123886, 65.900864,10.081184, 237.988510, 0.999952
5, 687,1,223.552094, 223.548111, 119.123886, 65.900864,10.081184, 237.988510, 1.000018
5, 687,2,45.650326, 45.648357, 119.123886, 65.900864,10.081184, 237.988510, 1.000043
5, 687,3,222.196136, 222.194275, 119.123886, 65.900864,10.081184, 237.988510, 1.000008
5, 687,4,80.770157, 80.783676, 119.123886, 65.900864,10.081184, 237.988510, 0.999833
5, 687,5,105.895683, 105.879326, 119.123886, 65.900864,10.081184, 237.988510, 1.000154
5, 687,6,215.506775, 215.503540, 119.123886, 65.900864,10.081184, 237.988510, 1.000015
5, 687,7,151.262695, 151.268097, 119.123886, 65.900864,10.081184, 237.988510, 0.999964
5, 687,8,10.514523, 10.527279, 119.123886, 65.900864,10.081184, 237.988510, 0.998788
5, 687,9,168.420563, 168.418915, 119.123886, 65.900864,10.081184, 237.988510, 1.000010
5, 687,10,195.761551, 195.759064, 119.123886, 65.900864,10.081184, 237.988510, 1.000013
5, 687,11,70.304260, 70.316475, 119.123886, 65.900864,10.081184, 237.988510, 0.999826
5, 687,12,50.561806, 50.564880, 119.123886, 65.900864,10.081184, 237.988510, 0.999939
5, 687,13,192.088196, 192.082352, 119.123886, 65.900864,10.081184, 237.988510, 1.000030
5, 687,14,153.559906, 153.562469, 119.123886, 65.900864,10.081184, 237.988510, 0.999983
5, 687,15,131.025177, 131.024841, 119.123886, 65.900864,10.081184, 237.988510, 1.000003
5, 687,16,237.988510, 237.977036, 119.123886, 65.900864,10.081184, 237.988510, 1.000048
5, 687,17,106.777565, 106.784248, 119.123886, 65.900864,10.081184, 237.988510, 0.999937
5, 687,18,58.985508, 58.979973, 119.123886, 65.900864,10.081184, 237.988510, 1.000094
5, 687,19,93.139862, 93.146248, 119.123886, 65.900864,10.081184, 237.988510, 0.999931
5, 687,20,65.576286, 65.585213, 119.123886, 65.900864,10.081184, 237.988510, 0.999864
5, 687,21,98.039696, 98.034264, 119.123886, 65.900864,10.081184, 237.988510, 1.000055
5, 687,22,211.520477, 211.520447, 119.123886, 65.900864,10.081184, 237.988510, 1.000000
5, 687,23,108.961906, 108.971741, 119.123886, 65.900864,10.081184, 237.988510, 0.999910
5, 687,24,10.081184, 10.085505, 119.123886, 65.900864,10.081184, 237.988510, 0.999572
5, 687,25,20.907930, 20.901855, 119.123886, 65.900864,10.081184, 237.988510, 1.000291
5, 687,26,108.950523, 108.964622, 119.123886, 65.900864,10.081184, 237.988510, 0.999871
5, 687,27,176.706970, 176.720016, 119.123886, 65.900864,10.081184, 237.988510, 0.999926
5, 687,28,49.136971, 49.125546, 119.123886, 65.900864,10.081184, 237.988510, 1.000233
5, 687,29,142.319458, 142.318604, 119.123886, 65.900864,10.081184, 237.988510, 1.000006
5, 687,30,102.110619, 102.109993, 119.123886, 65.900864,10.081184, 237.988510, 1.000006
5, 687,31,108.760544, 108.757988, 119.123886, 65.900864,10.081184, 237.988510, 1.000023
5, 688,0,132.325226, 132.329529, 119.126472, 69.079239,12.710279, 227.722214, 0.999967
5, 688,1,206.999680, 207.008087, 119.126472, 69.079239,12.710279, 227.722214, 0.999959
5, 688,2,118.941811, 118.940224, 119.126472, 69.079239,12.710279, 227.722214, 1.000013
5, 688,3,106.568138, 106.574486, 119.126472, 69.079239,12.710279, 227.722214, 0.999940
5, 688,4,12.778762, 12.787132, 119.126472, 69.079239,12.710279, 227.722214, 0.999345
5, 688,5,55.964191, 55.963482, 119.126472, 69.079239,12.710279, 227.722214, 1.000013
5, 688,6,154.038498, 154.031815, 119.126472, 69.079239,12.710279, 227.722214, 1.000043
5, 688,7,71.481300, 71.469070, 119.126472, 69.079239,12.710279, 227.722214, 1.000171
5, 688,8,60.344074, 60.348202, 119.126472, 69.079239,12.710279, 227.722214, 0.999932
5, 688,9,81.720261, 81.732353, 119.126472, 69.079239,12.710279, 227.722214, 0.999852
5, 688,10,39.217705, 39.213020, 119.126472, 69.079239,12.710279, 227.722214, 1.000119
5, 688,11,31.374138, 31.384155, 119.126472, 69.079239,12.710279, 227.722214, 0.999681
5, 688,12,105.963287, 105.952057, 119.126472, 69.079239,12.710279, 227.722214, 1.000106
5, 688,13,227.722214, 227.714478, 119.126472, 69.079239,12.710279, 227.722214, 1.000034
5, 688,14,162.616455, 162.635269, 119.126472, 69.079239,12.710279, 227.722214, 0.999884
5, 688,15,93.208733, 93.192101, 119.126472, 69.079239,12.710279, 227.722214, 1.000178
5, 688,16,207.566910, 207.568283, 119.126472, 69.079239,12.710279, 227.722214, 0.999993
5, 688,17,204.129059, 204.131058, 119.126472, 69.079239,12.710279, 227.722214, 0.999990
5, 688,18,41.522785, 41.516037, 119.126472, 69.079239,12.710279, 227.722214, 1.000163
5, 688,19,209.293060, 209.276520, 119.126472, 69.079239,12.710279, 227.722214, 1.000079
5, 688,20,123.519447, 123.518585, 119.126472, 69.079239,12.710279, 227.722214, 1.000007
5, 688,21,189.965576, 189.967163, 119.126472, 69.079239,12.710279, 227.722214, 0.999992
5, 688,22,210.632675, 210.625137, 119.126472, 69.079239,12.710279, 227.722214, 1.000036
5, 688,23,206.017532, 206.012192, 119.126472, 69.079239,12.710279, 227.722214, 1.000026
5, 688,24,48.553761, 48.556484, 119.126472, 69.079239,12.710279, 227.722214, 0.999944
5, 688,25,12.710279, 12.690310, 119.126472, 69.079239,12.710279, 227.722214, 1.001574
5, 688,26,65.611351, 65.618164, 119.126472, 69.079239,12.710279, 227.722214, 0.999896
5, 688,27,163.259689, 163.243866, 119.126472, 69.079239,12.710279, 227.722214, 1.000097
5, 688,28,70.375916, 70.376343, 119.126472, 69.079239,12.710279, 227.722214, 0.999994
5, 688,29,127.258301, 127.253220, 119.126472, 69.079239,12.710279, 227.722214, 1.000040
5, 688,30,53.381248, 53.376911, 119.126472, 69.079239,12.710279, 227.722214, 1.000081
5, 688,31,216.985107, 216.994751, 119.126472, 69.079239,12.710279, 227.722214, 0.999956
5, 689,0,196.945587, 196.949478, 119.125137, 58.060230,13.719018, 206.801559, 0.999980
5, 689,1,109.927109, 109.921471, 119.125137, 58.060230,13.719018, 206.801559, 1.000051
5, 689,2,151.491653, 151.488708, 119.125137, 58.060230,13.719018, 206.801559, 1.000019
5, 689,3,92.569962, 92.570457, 119.125137, 58.060230,13.719018, 206.801559, 0.999995
5, 689,4,161.138428, 161.149734, 119.125137, 58.060230,13.719018, 206.801559, 0.999930
5, 689,5,111.811226, 111.801521, 119.125137, 58.060230,13.719018, 206.801559, 1.000087
5, 689,6,195.784790, 195.778992, 119.125137, 58.060230,13.719018, 206.801559, 1.000030
5, 689,7,13.719018, 13.711577, 119.125137, 58.060230,13.719018, 206.801559, 1.000543
5, 689,8,21.851135, 21.850363, 119.125137, 58.060230,13.719018, 206.801559, 1.000035
5, 689,9,112.924370, 112.917427, 119.125137, 58.060230,13.719018, 206.801559, 1.000062
5, 689,10,114.177940, 114.166740, 119.125137, 58.060230,13.719018, 206.801559, 1.000098
5, 689,11,107.089378, 107.101402, 119.125137, 58.060230,13.719018, 206.801559, 0.999888
5, 689,12,162.214447, 162.223175, 119.125137, 58.060230,13.719018, 206.801559, 0.999946
5, 689,13,121.274506, 121.286674, 119.125137, 58.060230,13.719018, 206.801559, 0.999900
5, 689,14,86.498650, 86.505791, 119.125137, 58.060230,13.719018, 206.801559, 0.999917
5, 689,15,115.878319, 115.870926, 119.125137, 58.060230,13.719018, 206.801559, 1.000064
5, 689,16,206.801559, 206.798492, 119.125137, 58.060230,13.719018, 206.801559, 1.000015
5, 689,17,31.471033, 31.462860, 119.125137, 58.060230,13.719018, 206.801559, 1.000260
5, 689,18,50.767086, 50.760635, 119.125137, 58.060230,13.719018, 206.801559, 1.000127
5, 689,19,69.414093, 69.409485, 119.125137, 58.060230,13.719018, 206.801559, 1.000066
5, 689,20,40.714108, 40.729675, 119.125137, 58.060230,13.719018, 206.801559, 0.999618
5, 689,21,168.679886, 168.675980, 119.125137, 58.060230,13.719018, 206.801559, 1.000023
5, 689,22,182.203690, 182.200195, 119.125137, 58.060230,13.719018, 206.801559, 1.000019
5, 689,23,63.013145, 63.011265, 119.125137, 58.060230,13.719018, 206.801559, 1.000030
5, 689,24,197.588943, 197.580185, 119.125137, 58.060230,13.719018, 206.801559, 1.000044
5, 689,25,150.313400, 150.312164, 119.125137, 58.060230,13.719018, 206.801559, 1.000008
5, 689,26,61.077351, 61.070572, 119.125137, 58.060230,13.719018, 206.801559, 1.000111
5, 689,27,196.296158, 196.294479, 119.125137, 58.060230,13.719018, 206.801559, 1.000009
5, 689,28,181.029449, 181.035782, 119.125137, 58.060230,13.719018, 206.801559, 0.999965
5, 689,29,169.805847, 169.810089, 119.125137, 58.060230,13.719018, 206.801559, 0.999975
5, 689,30,111.997017, 112.007721, 119.125137, 58.060230,13.719018, 206.801559, 0.999904
5, 689,31,55.535198, 55.545658, 119.125137, 58.060230,13.719018, 206.801559, 0.999812
5, 690,0,147.768646, 147.773499, 119.124084, 61.054573,10.594415, 215.433716, 0.999967
5, 690,1,169.915024, 169.912170, 119.124084, 61.054573,10.594415, 215.433716, 1.000017
5, 690,2,57.170403, 57.181492, 119.124084, 61.054573,10.594415, 215.433716, 0.999806
5, 690,3,213.896713, 213.898453, 119.124084, 61.054573,10.594415, 215.433716, 0.999992
5, 690,4,109.103745, 109.102005, 119.124084, 61.054573,10.594415, 215.433716, 1.000016
5, 690,5,175.697372, 175.695175, 119.124084, 61.054573,10.594415, 215.433716, 1.000013
5, 690,6,144.217087, 144.217636, 119.124084, 61.054573,10.594415, 215.433716, 0.999996
5, 690,7,111.425278, 111.424072, 119.124084, 61.054573,10.594415, 215.433716, 1.000011
5, 690,8,183.963531, 183.977402, 119.124084, 61.054573,10.594415, 215.433716, 0.999925
5, 690,9,125.929733, 125.932198, 119.124084, 61.054573,10.594415, 215.433716, 0.999980
5, 690,10,93.269234, 93.265175, 119.124084, 61.054573,10.594415, 215.433716, 1.000044
5, 690,11,99.258400, 99.269638, 119.124084, 61.054573,10.594415, 215.433716, 0.999887
5, 690,12,110.145348, 110.145988, 119.124084, 61.054573,10.594415, 215.433716, 0.999994
5, 690,13,213.853561, 213.854156, 119.124084, 61.054573,10.594415, 215.433716, 0.999997
5, 690,14,172.299057, 172.278519, 119.124084, 61.054573,10.594415, 215.433716, 1.000119
5, 690,15,44.196281, 44.198196, 119.124084, 61.054573,10.594415, 215.433716, 0.999957
5, 690,16,37.552608, 37.554699, 119.124084, 61.054573,10.594415, 215.433716, 0.999944
5, 690,17,13.230565, 13.226842, 119.124084, 61.054573,10.594415, 215.433716, 1.000281
5, 690,18,34.275684, 34.277241, 119.124084, 61.054573,10.594415, 215.433716, 0.999955
5, 690,19,162.849121, 162.857391, 119.124084, 61.054573,10.594415, 215.433716, 0.999949
5, 690,20,27.048260, 27.051645, 119.124084, 61.054573,10.594415, 215.433716, 0.999875
5, 690,21,215.433716, 215.429611, 119.124084, 61.054573,10.594415, 215.433716, 1.000019
5, 690,22,62.714638, 62.717739, 119.124084, 61.054573,10.594415, 215.433716, 0.999951
5, 690,23,121.294418, 121.294411, 119.124084, 61.054573,10.594415, 215.433716, 1.000000
5, 690,24,186.076309, 186.084335, 119.124084, 61.054573,10.594415, 215.433716, 0.999957
5, 690,25,175.115005, 175.119415, 119.124084, 61.054573,10.594415, 215.433716, 0.999975
5, 690,26,156.559814, 156.549255, 119.124084, 61.054573,10.594415, 215.433716, 1.000067
5, 690,27,10.594415, 10.588424, 119.124084, 61.054573,10.594415, 215.433716, 1.000566
5, 690,28,151.988953, 152.000031, 119.124084, 61.054573,10.594415, 215.433716, 0.999927
5, 690,29,108.089211, 108.096001, 119.124084, 61.054573,10.594415, 215.433716, 0.999937
5, 690,30,107.833138, 107.823929, 119.124084, 61.054573,10.594415, 215.433716, 1.000085
5, 690,31,69.205521, 69.203064, 119.124084, 61.054573,10.594415, 215.433716, 1.000036
5, 691,0,58.118423, 58.122795, 119.124588, 67.153687,10.137793, 221.172775, 0.999925
5, 691,1,102.194244, 102.193291, 119.124588, 67.153687,10.137793, 221.172775, 1.000009
5, 691,2,24.501213, 24.496872, 119.124588, 67.153687,10.137793, 221.172775, 1.000177
5, 691,3,69.922539, 69.918129, 119.124588, 67.153687,10.137793, 221.172775, 1.000063
5, 691,4,10.137793, 10.150085, 119.124588, 67.153687,10.137793, 221.172775, 0.998789
5, 691,5,189.963135, 189.965881, 119.124588, 67.153687,10.137793, 221.172775, 0.999986
5, 691,6,188.571655, 188.574188, 119.124588, 67.153687,10.137793, 221.172775, 0.999987
5, 691,7,201.358353, 201.345078, 119.124588, 67.153687,10.137793, 221.172775, 1.000066
5, 691,8,75.130341, 75.130188, 119.124588, 67.153687,10.137793, 221.172775, 1.000002
5, 691,9,121.385529, 121.383743, 119.124588, 67.153687,10.137793, 221.172775, 1.000015
5, 691,10,197.241364, 197.238205, 119.124588, 67.153687,10.137793, 221.172775, 1.000016
5, 691,11,220.355103, 220.358154, 119.124588, 67.153687,10.137793, 221.172775, 0.999986
5, 691,12,180.399155, 180.394531, 119.124588, 67.153687,10.137793, 221.172775, 1.000026
5, 691,13,215.051498, 215.050598, 119.124588, 67.153687,10.137793, 221.172775, 1.000004
5, 691,14,22.622692, 22.620808, 119.124588, 67.153687,10.137793, 221.172775, 1.000083
5, 691,15,221.172775, 221.176804, 119.124588, 67.153687,10.137793, 221.172775, 0.999982
5, 691,16,123.314003, 123.314392, 119.124588, 67.153687,10.137793, 221.172775, 0.999997
5, 691,17,56.365223, 56.369526, 119.124588, 67.153687,10.137793, 221.172775, 0.999924
5, 691,18,63.766193, 63.771461, 119.124588, 67.153687,10.137793, 221.172775, 0.999917
5, 691,19,87.777161, 87.771454, 119.124588, 67.153687,10.137793, 221.172775, 1.000065
5, 691,20,26.320503, 26.338827, 119.124588, 67.153687,10.137793, 221.172775, 0.999304
5, 691,21,66.643860, 66.636719, 119.124588, 67.153687,10.137793, 221.172775, 1.000107
5, 691,22,155.828735, 155.835129, 119.124588, 67.153687,10.137793, 221.172775, 0.999959
5, 691,23,35.429256, 35.439453, 119.124588, 67.153687,10.137793, 221.172775, 0.999712
5, 691,24,193.347946, 193.335999, 119.124588, 67.153687,10.137793, 221.172775, 1.000062
5, 691,25,173.526672, 173.524734, 119.124588, 67.153687,10.137793, 221.172775, 1.000011
5, 691,26,121.685806, 121.683922, 119.124588, 67.153687,10.137793, 221.172775, 1.000015
5, 691,27,101.397476, 101.388290, 119.124588, 67.153687,10.137793, 221.172775, 1.000091
5, 691,28,94.958839, 94.961906, 119.124588, 67.153687,10.137793, 221.172775, 0.999968
5, 691,29,200.392776, 200.396805, 119.124588, 67.153687,10.137793, 221.172775, 0.999980
5, 691,30,84.829697, 84.831154, 119.124588, 67.153687,10.137793, 221.172775, 0.999983
5, 691,31,128.277481, 128.280853, 119.124588, 67.153687,10.137793, 221.172775, 0.999974
5, 692,0,111.576210, 111.585037, 119.126030, 56.080719,24.333054, 205.291473, 0.999921
5, 692,1,200.678833, 200.686737, 119.126030, 56.080719,24.333054, 205.291473, 0.999961
5, 692,2,195.131729, 195.137894, 119.126030, 56.080719,24.333054, 205.291473, 0.999968
5, 692,3,98.455215, 98.473518, 119.126030, 56.080719,24.333054, 205.291473, 0.999814
5, 692,4,24.333054, 24.337070, 119.126030, 56.080719,24.333054, 205.291473, 0.999835
5, 692,5,121.505867, 121.506439, 119.126030, 56.080719,24.333054, 205.291473, 0.999995
5, 692,6,125.243317, 125.238510, 119.126030, 56.080719,24.333054, 205.291473, 1.000038
5, 692,7,176.134048, 176.126480, 119.126030, 56.080719,24.333054, 205.291473, 1.000043
5, 692,8,121.650833, 121.654243, 119.126030, 56.080719,24.333054, 205.291473, 0.999972
5, 692,9,45.173061, 45.165237, 119.126030, 56.080719,24.333054, 205.291473, 1.000173
5, 692,10,123.984543, 123.976013, 119.126030, 56.080719,24.333054, 205.291473, 1.000069
5, 692,11,24.516459, 24.509510, 119.126030, 56.080719,24.333054, 205.291473, 1.000283
5, 692,12,150.780243, 150.777954, 119.126030, 56.080719,24.333054, 205.291473, 1.000015
5, 692,13,76.607857, 76.604553, 119.126030, 56.080719,24.333054, 205.291473, 1.000043
5, 692,14,121.414787, 121.407913, 119.126030, 56.080719,24.333054, 205.291473, 1.000057
5, 692,15,26.944202, 26.948288, 119.126030, 56.080719,24.333054, 205.291473, 0.999848
5, 692,16,156.467896, 156.468445, 119.126030, 56.080719,24.333054, 205.291473, 0.999996
5, 692,17,28.777042, 28.777374, 119.126030, 56.080719,24.333054, 205.291473, 0.999988
5, 692,18,130.507797, 130.510223, 119.126030, 56.080719,24.333054, 205.291473, 0.999981
5, 692,19,73.717598, 73.697723, 119.126030, 56.080719,24.333054, 205.291473, 1.000270
5, 692,20,176.008347, 176.015625, 119.126030, 56.080719,24.333054, 205.291473, 0.999959
5, 692,21,161.209732, 161.222839, 119.126030, 56.080719,24.333054, 205.291473, 0.999919
5, 692,22,175.624634, 175.633804, 119.126030, 56.080719,24.333054, 205.291473, 0.999948
5, 692,23,205.291473, 205.293304, 119.126030, 56.080719,24.333054, 205.291473, 0.999991
5, 692,24,49.645496, 49.648647, 119.126030, 56.080719,24.333054, 205.291473, 0.999937
5, 692,25,159.544312, 159.541550, 119.126030, 56.080719,24.333054, 205.291473, 1.000017
5, 692,26,49.561954, 49.556271, 119.126030, 56.080719,24.333054, 205.291473, 1.000115
5, 692,27,155.903473, 155.895706, 119.126030, 56.080719,24.333054, 205.291473, 1.000050
5, 692,28,109.537064, 109.528091, 119.126030, 56.080719,24.333054, 205.291473, 1.000082
5, 692,29,120.701218, 120.693512, 119.126030, 56.080719,24.333054, 205.291473, 1.000064
5, 692,30,116.183426, 116.173141, 119.126030, 56.080719,24.333054, 205.291473, 1.000089
5, 692,31,199.220840, 199.208664, 119.126030, 56.080719,24.333054, 205.291473, 1.000061
5, 693,0,171.437286, 171.427734, 119.124672, 54.650604,12.496338, 195.582977, 1.000056
5, 693,1,137.697235, 137.687958, 119.124672, 54.650604,12.496338, 195.582977, 1.000067
5, 693,2,35.771057, 35.792782, 119.124672, 54.650604,12.496338, 195.582977, 0.999393
5, 693,3,142.675705, 142.692703, 119.124672, 54.650604,12.496338, 195.582977, 0.999881
5, 693,4,74.491135, 74.490692, 119.124672, 54.650604,12.496338, 195.582977, 1.000006
5, 693,5,75.999084, 75.988037, 119.124672, 54.650604,12.496338, 195.582977, 1.000145
5, 693,6,67.684319, 67.691460, 119.124672, 54.650604,12.496338, 195.582977, 0.999894
5, 693,7,129.627670, 129.636093, 119.124672, 54.650604,12.496338, 195.582977, 0.999935
5, 693,8,42.100605, 42.102600, 119.124672, 54.650604,12.496338, 195.582977, 0.999953
5, 693,9,49.614220, 49.624283, 119.124672, 54.650604,12.496338, 195.582977, 0.999797
5, 693,10,195.582977, 195.594986, 119.124672, 54.650604,12.496338, 195.582977, 0.999939
5, 693,11,183.056107, 183.068558, 119.124672, 54.650604,12.496338, 195.582977, 0.999932
5, 693,12,65.250160, 65.244446, 119.124672, 54.650604,12.496338, 195.582977, 1.000088
5, 693,13,99.889633, 99.893112, 119.124672, 54.650604,12.496338, 195.582977, 0.999965
5, 693,14,157.347763, 157.351517, 119.124672, 54.650604,12.496338, 195.582977, 0.999976
5, 693,15,72.304840, 72.311676, 119.124672, 54.650604,12.496338, 195.582977, 0.999905
5, 693,16,164.529846, 164.529449, 119.124672, 54.650604,12.496338, 195.582977, 1.000002
5, 693,17,174.780212, 174.777832, 119.124672, 54.650604,12.496338, 195.582977, 1.000014
5, 693,18,175.128754, 175.133224, 119.124672, 54.650604,12.496338, 195.582977, 0.999974
5, 693,19,173.519180, 173.525177, 119.124672, 54.650604,12.496338, 195.582977, 0.999965
5, 693,20,188.100906, 188.096619, 119.124672, 54.650604,12.496338, 195.582977, 1.000023
5, 693,21,186.273132, 186.284653, 119.124672, 54.650604,12.496338, 195.582977, 0.999938
5, 693,22,139.022232, 139.010513, 119.124672, 54.650604,12.496338, 195.582977, 1.000084
5, 693,23,124.534561, 124.520638, 119.124672, 54.650604,12.496338, 195.582977, 1.000112
5, 693,24,148.364883, 148.355804, 119.124672, 54.650604,12.496338, 195.582977, 1.000061
5, 693,25,169.604019, 169.592468, 119.124672, 54.650604,12.496338, 195.582977, 1.000068
5, 693,26,12.496338, 12.499458, 119.124672, 54.650604,12.496338, 195.582977, 0.999750
5, 693,27,113.909096, 113.893578, 119.124672, 54.650604,12.496338, 195.582977, 1.000136
5, 693,28,101.218925, 101.209839, 119.124672, 54.650604,12.496338, 195.582977, 1.000090
5, 693,29,96.585205, 96.572151, 119.124672, 54.650604,12.496338, 195.582977, 1.000135
5, 693,30,129.567154, 129.577820, 119.124672, 54.650604,12.496338, 195.582977, 0.999918
5, 693,31,13.825035, 13.822016, 119.124672, 54.650604,12.496338, 195.582977, 1.000218
5, 694,0,208.388397, 208.382858, 119.123833, 59.518993,16.799398, 215.595947, 1.000027
5, 694,1,146.860367, 146.864029, 119.123833, 59.518993,16.799398, 215.595947, 0.999975
5, 694,2,158.905823, 158.901688, 119.123833, 59.518993,16.799398, 215.595947, 1.000026
5, 694,3,65.433670, 65.430969, 119.123833, 59.518993,16.799398, 215.595947, 1.000041
5, 694,4,83.189362, 83.192474, 119.123833, 59.518993,16.799398, 215.595947, 0.999963
5, 694,5,168.253693, 168.259430, 119.123833, 59.518993,16.799398, 215.595947, 0.999966
5, 694,6,110.073250, 110.079498, 119.123833, 59.518993,16.799398, 215.595947, 0.999943
5, 694,7,16.799398, 16.797071, 119.123833, 59.518993,16.799398, 215.595947, 1.000139
5, 694,8,27.557543, 27.560671, 119.123833, 59.518993,16.799398, 215.595947, 0.999887
5, 694,9,215.595947, 215.594162, 119.123833, 59.518993,16.799398, 215.595947, 1.000008
5, 694,10,31.541420, 31.546026, 119.123833, 59.518993,16.799398, 215.595947, 0.999854
5, 694,11,125.039825, 125.041847, 119.123833, 59.518993,16.799398, 215.595947, 0.999984
5, 694,12,101.328743, 101.324280, 119.123833, 59.518993,16.799398, 215.595947, 1.000044
5, 694,13,188.954468, 188.964447, 119.123833, 59.518993,16.799398, 215.595947, 0.999947
5, 694,14,86.949631, 86.945610, 119.123833, 59.518993,16.799398, 215.595947, 1.000046
5, 694,15,204.637527, 204.642288, 119.123833, 59.518993,16.799398, 215.595947, 0.999977
5, 694,16,47.777550, 47.788704, 119.123833, 59.518993,16.799398, 215.595947, 0.999767
5, 694,17,110.663300, 110.669456, 119.123833, 59.518993,16.799398, 215.595947, 0.999944
5, 694,18,87.758110, 87.767792, 119.123833, 59.518993,16.799398, 215.595947, 0.999890
5, 694,19,54.812347, 54.811718, 119.123833, 59.518993,16.799398, 215.595947, 1.000011
5, 694,20,197.480530, 197.487457, 119.123833, 59.518993,16.799398, 215.595947, 0.999965
5, 694,21,113.095001, 113.085793, 119.123833, 59.518993,16.799398, 215.595947, 1.000081
5, 694,22,69.604309, 69.604607, 119.123833, 59.518993,16.799398, 215.595947, 0.999996
5, 694,23,18.745977, 18.755230, 119.123833, 59.518993,16.799398, 215.595947, 0.999507
5, 694,24,124.634041, 124.627625, 119.123833, 59.518993,16.799398, 215.595947, 1.000051
5, 694,25,176.276428, 176.280350, 119.123833, 59.518993,16.799398, 215.595947, 0.999978
5, 694,26,179.496017, 179.493729, 119.123833, 59.518993,16.799398, 215.595947, 1.000013
5, 694,27,113.361870, 113.361931, 119.123833, 59.518993,16.799398, 215.595947, 0.999999
5, 694,28,152.571945, 152.575317, 119.123833, 59.518993,16.799398, 215.595947, 0.999978
5, 694,29,161.708282, 161.707123, 119.123833, 59.518993,16.799398, 215.595947, 1.000007
5, 694,30,86.496758, 86.493729, 119.123833, 59.518993,16.799398, 215.595947, 1.000035
5, 694,31,177.971375, 177.962357, 119.123833, 59.518993,16.799398, 215.595947, 1.000051
5, 695,0,204.515518, 204.510773, 119.125145, 53.585560,34.987957, 204.515518, 1.000023
5, 695,1,166.708832, 166.715729, 119.125145, 53.585560,34.987957, 204.515518, 0.999959
5, 695,2,78.096123, 78.105461, 119.125145, 53.585560,34.987957, 204.515518, 0.999880
5, 695,3,93.506523, 93.506554, 119.125145, 53.585560,34.987957, 204.515518, 1.000000
5, 695,4,125.256241, 125.256317, 119.125145, 53.585560,34.987957, 204.515518, 0.999999
5, 695,5,145.740204, 145.731140, 119.125145, 53.585560,34.987957, 204.515518, 1.000062
5, 695,6,162.307144, 162.307693, 119.125145, 53.585560,34.987957, 204.515518, 0.999997
5, 695,7,76.910019, 76.917992, 119.125145, 53.585560,34.987957, 204.515518, 0.999896
5, 695,8,139.852264, 139.841766, 119.125145, 53.585560,34.987957, 204.515518, 1.000075
5, 695,9,154.171127, 154.163361, 119.125145, 53.585560,34.987957, 204.515518, 1.000050
5, 695,10,140.527420, 140.519470, 119.125145, 53.585560,34.987957, 204.515518, 1.000057
5, 695,11,44.622581, 44.628471, 119.125145, 53.585560,34.987957, 204.515518, 0.999868
5, 695,12,201.487335, 201.488129, 119.125145, 53.585560,34.987957, 204.515518, 0.999996
5, 695,13,76.787827, 76.792053, 119.125145, 53.585560,34.987957, 204.515518, 0.999945
5, 695,14,44.131580, 44.136692, 119.125145, 53.585560,34.987957, 204.515518, 0.999884
5, 695,15,157.419189, 157.419891, 119.125145, 53.585560,34.987957, 204.515518, 0.999996
5, 695,16,143.856583, 143.847977, 119.125145, 53.585560,34.987957, 204.515518, 1.000060
5, 695,17,152.565399, 152.568054, 119.125145, 53.585560,34.987957, 204.515518, 0.999983
5, 695,18,34.987957, 34.990791, 119.125145, 53.585560,34.987957, 204.515518, 0.999919
5, 695,19,143.300903, 143.308212, 119.125145, 53.585560,34.987957, 204.515518, 0.999949
5, 695,20,44.075230, 44.076717, 119.125145, 53.585560,34.987957, 204.515518, 0.999966
5, 695,21,106.303925, 106.310814, 119.125145, 53.585560,34.987957, 204.515518, 0.999935
5, 695,22,185.239395, 185.241425, 119.125145, 53.585560,34.987957, 204.515518, 0.999989
5, 695,23,178.943039, 178.938248, 119.125145, 53.585560,34.987957, 204.515518, 1.000027
5, 695,24,59.789742, 59.783672, 119.125145, 53.585560,34.987957, 204.515518, 1.000102
5, 695,25,55.656815, 55.645535, 119.125145, 53.585560,34.987957, 204.515518, 1.000203
5, 695,26,41.204758, 41.198013, 119.125145, 53.585560,34.987957, 204.515518, 1.000164
5, 695,27,61.019913, 61.013126, 119.125145, 53.585560,34.987957, 204.515518, 1.000111
5, 695,28,89.721535, 89.722252, 119.125145, 53.585560,34.987957, 204.515518, 0.999992
5, 695,29,177.726654, 177.738785, 119.125145, 53.585560,34.987957, 204.515518, 0.999932
5, 695,30,138.858887, 138.864212, 119.125145, 53.585560,34.987957, 204.515518, 0.999962
5, 695,31,186.713669, 186.710754, 119.125145, 53.585560,34.987957, 204.515518, 1.000016
5, 696,0,115.863037, 115.848854, 119.126495, 65.138481,11.837616, 235.925110, 1.000122
5, 696,1,174.314911, 174.307785, 119.126495, 65.138481,11.837616, 235.925110, 1.000041
5, 696,2,84.517090, 84.510345, 119.126495, 65.138481,11.837616, 235.925110, 1.000080
5, 696,3,115.608154, 115.601151, 119.126495, 65.138481,11.837616, 235.925110, 1.000061
5, 696,4,102.078171, 102.069260, 119.126495, 65.138481,11.837616, 235.925110, 1.000087
5, 696,5,69.559013, 69.555908, 119.126495, 65.138481,11.837616, 235.925110, 1.000045
5, 696,6,235.925110, 235.930267, 119.126495, 65.138481,11.837616, 235.925110, 0.999978
5, 696,7,97.759872, 97.759148, 119.126495, 65.138481,11.837616, 235.925110, 1.000007
5, 696,8,162.142014, 162.148895, 119.126495, 65.138481,11.837616, 235.925110, 0.999958
5, 696,9,96.581253, 96.584305, 119.126495, 65.138481,11.837616, 235.925110, 0.999968
5, 696,10,11.837616, 11.833034, 119.126495, 65.138481,11.837616, 235.925110, 1.000387
5, 696,11,226.612747, 226.609390, 119.126495, 65.138481,11.837616, 235.925110, 1.000015
5, 696,12,149.004166, 149.006256, 119.126495, 65.138481,11.837616, 235.925110, 0.999986
5, 696,13,235.610901, 235.618866, 119.126495, 65.138481,11.837616, 235.925110, 0.999966
5, 696,14,42.813950, 42.810596, 119.126495, 65.138481,11.837616, 235.925110, 1.000078
5, 696,15,27.305038, 27.304123, 119.126495, 65.138481,11.837616, 235.925110, 1.000033
5, 696,16,135.222672, 135.212494, 119.126495, 65.138481,11.837616, 235.925110, 1.000075
5, 696,17,34.429703, 34.431015, 119.126495, 65.138481,11.837616, 235.925110, 0.999962
5, 696,18,185.970398, 185.971252, 119.126495, 65.138481,11.837616, 235.925110, 0.999995
5, 696,19,137.005310, 137.003052, 119.126495, 65.138481,11.837616, 235.925110, 1.000016
5, 696,20,18.951965, 18.959927, 119.126495, 65.138481,11.837616, 235.925110, 0.999580
5, 696,21,51.326443, 51.331726, 119.126495, 65.138481,11.837616, 235.925110, 0.999897
5, 696,22,210.963470, 210.954300, 119.126495, 65.138481,11.837616, 235.925110, 1.000044
5, 696,23,43.867756, 43.865124, 119.126495, 65.138481,11.837616, 235.925110, 1.000060
5, 696,24,190.348221, 190.345047, 119.126495, 65.138481,11.837616, 235.925110, 1.000017
5, 696,25,117.103058, 117.115700, 119.126495, 65.138481,11.837616, 235.925110, 0.999892
5, 696,26,56.985931, 56.993607, 119.126495, 65.138481,11.837616, 235.925110, 0.999865
5, 696,27,127.759941, 127.752968, 119.126495, 65.138481,11.837616, 235.925110, 1.000055
5, 696,28,192.520309, 192.524872, 119.126495, 65.138481,11.837616, 235.925110, 0.999976
5, 696,29,134.011124, 134.009338, 119.126495, 65.138481,11.837616, 235.925110, 1.000013
5, 696,30,132.178925, 132.169220, 119.126495, 65.138481,11.837616, 235.925110, 1.000073
5, 696,31,95.869507, 95.862411, 119.126495, 65.138481,11.837616, 235.925110, 1.000074
5, 697,0,72.011559, 72.000023, 119.126617, 62.346165,18.309795, 206.653580, 1.000160
5, 697,1,176.817078, 176.804291, 119.126617, 62.346165,18.309795, 206.653580, 1.000072
5, 697,2,136.176270, 136.181671, 119.126617, 62.346165,18.309795, 206.653580, 0.999960
5, 697,3,148.970398, 148.980911, 119.126617, 62.346165,18.309795, 206.653580, 0.999929
5, 697,4,22.392349, 22.385170, 119.126617, 62.346165,18.309795, 206.653580, 1.000321
5, 697,5,191.619614, 191.618286, 119.126617, 62.346165,18.309795, 206.653580, 1.000007
5, 697,6,19.602629, 19.591709, 119.126617, 62.346165,18.309795, 206.653580, 1.000557
5, 697,7,112.745140, 112.746246, 119.126617, 62.346165,18.309795, 206.653580, 0.999990
5, 697,8,58.548424, 58.545670, 119.126617, 62.346165,18.309795, 206.653580, 1.000047
5, 697,9,144.542862, 144.531143, 119.126617, 62.346165,18.309795, 206.653580, 1.000081
5, 697,10,40.376644, 40.369625, 119.126617, 62.346165,18.309795, 206.653580, 1.000174
5, 697,11,18.309795, 18.312403, 119.126617, 62.346165,18.309795, 206.653580, 0.999858
5, 697,12,201.223251, 201.228516, 119.126617, 62.346165,18.309795, 206.653580, 0.999974
5, 697,13,39.059425, 39.053238, 119.126617, 62.346165,18.309795, 206.653580, 1.000158
5, 697,14,91.948692, 91.949783, 119.126617, 62.346165,18.309795, 206.653580, 0.999988
5, 697,15,169.628799, 169.629044, 119.126617, 62.346165,18.309795, 206.653580, 0.999999
5, 697,16,92.023422, 92.030136, 119.126617, 62.346165,18.309795, 206.653580, 0.999927
5, 697,17,201.355072, 201.352142, 119.126617, 62.346165,18.309795, 206.653580, 1.000015
5, 697,18,126.648674, 126.645569, 119.126617, 62.346165,18.309795, 206.653580, 1.000025
5, 697,19,43.806873, 43.787292, 119.126617, 62.346165,18.309795, 206.653580, 1.000447
5, 697,20,158.666107, 158.677689, 119.126617, 62.346165,18.309795, 206.653580, 0.999927
5, 697,21,37.370945, 37.378399, 119.126617, 62.346165,18.309795, 206.653580, 0.999801
5, 697,22,162.982452, 162.979111, 119.126617, 62.346165,18.309795, 206.653580, 1.000021
5, 697,23,116.927193, 116.917892, 119.126617, 62.346165,18.309795, 206.653580, 1.000080
5, 697,24,111.602936, 111.602905, 119.126617, 62.346165,18.309795, 206.653580, 1.000000
5, 697,25,138.272293, 138.264389, 119.126617, 62.346165,18.309795, 206.653580, 1.000057
5, 697,26,171.585251, 171.588181, 119.126617, 62.346165,18.309795, 206.653580, 0.999983
5, 697,27,206.653580, 206.642410, 119.126617, 62.346165,18.309795, 206.653580, 1.000054
5, 697,28,195.462936, 195.462387, 119.126617, 62.346165,18.309795, 206.653580, 1.000003
5, 697,29,171.222763, 171.223541, 119.126617, 62.346165,18.309795, 206.653580, 0.999995
5, 697,30,48.559807, 48.570786, 119.126617, 62.346165,18.309795, 206.653580, 0.999774
5, 697,31,184.938950, 184.949814, 119.126617, 62.346165,18.309795, 206.653580, 0.999941
5, 698,0,206.960693, 206.965302, 119.124229, 60.631630,11.846684, 228.990173, 0.999978
5, 698,1,87.556679, 87.562202, 119.124229, 60.631630,11.846684, 228.990173, 0.999937
5, 698,2,206.079849, 206.084290, 119.124229, 60.631630,11.846684, 228.990173, 0.999978
5, 698,3,115.337646, 115.340927, 119.124229, 60.631630,11.846684, 228.990173, 0.999972
5, 698,4,178.512497, 178.515671, 119.124229, 60.631630,11.846684, 228.990173, 0.999982
5, 698,5,81.298523, 81.279968, 119.124229, 60.631630,11.846684, 228.990173, 1.000228
5, 698,6,35.280476, 35.291580, 119.124229, 60.631630,11.846684, 228.990173, 0.999685
5, 698,7,147.487961, 147.490784, 119.124229, 60.631630,11.846684, 228.990173, 0.999981
5, 698,8,228.990173, 228.976852, 119.124229, 60.631630,11.846684, 228.990173, 1.000058
5, 698,9,39.562984, 39.561066, 119.124229, 60.631630,11.846684, 228.990173, 1.000049
5, 698,10,178.873306, 178.881622, 119.124229, 60.631630,11.846684, 228.990173, 0.999954
5, 698,11,173.613266, 173.622711, 119.124229, 60.631630,11.846684, 228.990173, 0.999946
5, 698,12,130.035172, 130.033356, 119.124229, 60.631630,11.846684, 228.990173, 1.000014
5, 698,13,122.640442, 122.632927, 119.124229, 60.631630,11.846684, 228.990173, 1.000061
5, 698,14,64.794334, 64.784866, 119.124229, 60.631630,11.846684, 228.990173, 1.000146
5, 698,15,74.554710, 74.557236, 119.124229, 60.631630,11.846684, 228.990173, 0.999966
5, 698,16,82.729301, 82.737015, 119.124229, 60.631630,11.846684, 228.990173, 0.999907
5, 698,17,85.705666, 85.712097, 119.124229, 60.631630,11.846684, 228.990173, 0.999925
5, 698,18,129.474380, 129.470871, 119.124229, 60.631630,11.846684, 228.990173, 1.000027
5, 698,19,211.701782, 211.702393, 119.124229, 60.631630,11.846684, 228.990173, 0.999997
5, 698,20,97.286308, 97.287132, 119.124229, 60.631630,11.846684, 228.990173, 0.999992
5, 698,21,57.054245, 57.052372, 119.124229, 60.631630,11.846684, 228.990173, 1.000033
5, 698,22,66.829178, 66.831512, 119.124229, 60.631630,11.846684, 228.990173, 0.999965
5, 698,23,46.174992, 46.168587, 119.124229, 60.631630,11.846684, 228.990173, 1.000139
5, 698,24,55.088905, 55.093834, 119.124229, 60.631630,11.846684, 228.990173, 0.999911
5, 698,25,157.443359, 157.439346, 119.124229, 60.631630,11.846684, 228.990173, 1.000026
5, 698,26,108.334015, 108.333557, 119.124229, 60.631630,11.846684, 228.990173, 1.000004
5, 698,27,99.819046, 99.821709, 119.124229, 60.631630,11.846684, 228.990173, 0.999973
5, 698,28,182.421448, 182.432755, 119.124229, 60.631630,11.846684, 228.990173, 0.999938
5, 698,29,217.366364, 217.374695, 119.124229, 60.631630,11.846684, 228.990173, 0.999962
5, 698,30,11.846684, 11.843330, 119.124229, 60.631630,11.846684, 228.990173, 1.000283
5, 698,31,131.121262, 131.117676, 119.124229, 60.631630,11.846684, 228.990173, 1.000027
5, 699,0,289.622498, 289.610352, 119.127151, 76.968773,10.242493, 289.622498, 1.000042
5, 699,1,90.066093, 90.063927, 119.127151, 76.968773,10.242493, 289.622498, 1.000024
5, 699,2,123.983208, 123.975365, 119.127151, 76.968773,10.242493, 289.622498, 1.000063
5, 699,3,70.902283, 70.900879, 119.127151, 76.968773,10.242493, 289.622498, 1.000020
5, 699,4,179.094482, 179.091507, 119.127151, 76.968773,10.242493, 289.622498, 1.000017
5, 699,5,162.781769, 162.785019, 119.127151, 76.968773,10.242493, 289.622498, 0.999980
5, 699,6,141.850159, 141.848923, 119.127151, 76.968773,10.242493, 289.622498, 1.000009
5, 699,7,50.194389, 50.170757, 119.127151, 76.968773,10.242493, 289.622498, 1.000471
5, 699,8,267.005280, 267.008667, 119.127151, 76.968773,10.242493, 289.622498, 0.999987
5, 699,9,35.717079, 35.699974, 119.127151, 76.968773,10.242493, 289.622498, 1.000479
5, 699,10,58.702908, 58.686676, 119.127151, 76.968773,10.242493, 289.622498, 1.000277
5, 699,11,95.692482, 95.696426, 119.127151, 76.968773,10.242493, 289.622498, 0.999959
5, 699,12,252.333572, 252.340912, 119.127151, 76.968773,10.242493, 289.622498, 0.999971
5, 699,13,10.242493, 10.232822, 119.127151, 76.968773,10.242493, 289.622498, 1.000945
5, 699,14,41.470722, 41.484707, 119.127151, 76.968773,10.242493, 289.622498, 0.999663
5, 699,15,160.492889, 160.510513, 119.127151, 76.968773,10.242493, 289.622498, 0.999890
5, 699,16,234.363739, 234.350906, 119.127151, 76.968773,10.242493, 289.622498, 1.000055
5, 699,17,60.401321, 60.397026, 119.127151, 76.968773,10.242493, 289.622498, 1.000071
5, 699,18,86.369156, 86.374596, 119.127151, 76.968773,10.242493, 289.622498, 0.999937
5, 699,19,61.528458, 61.507408, 119.127151, 76.968773,10.242493, 289.622498, 1.000342
5, 699,20,26.024797, 26.028904, 119.127151, 76.968773,10.242493, 289.622498, 0.999842
5, 699,21,168.535660, 168.542877, 119.127151, 76.968773,10.242493, 289.622498, 0.999957
5, 699,22,75.107132, 75.091675, 119.127151, 76.968773,10.242493, 289.622498, 1.000206
5, 699,23,226.992554, 226.999115, 119.127151, 76.968773,10.242493, 289.622498, 0.999971
5, 699,24,29.257521, 29.243641, 119.127151, 76.968773,10.242493, 289.622498, 1.000475
5, 699,25,83.972275, 83.974731, 119.127151, 76.968773,10.242493, 289.622498, 0.999971
5, 699,26,95.637825, 95.651657, 119.127151, 76.968773,10.242493, 289.622498, 0.999855
5, 699,27,184.439713, 184.446411, 119.127151, 76.968773,10.242493, 289.622498, 0.999964
5, 699,28,86.305771, 86.302956, 119.127151, 76.968773,10.242493, 289.622498, 1.000033
5, 699,29,164.145630, 164.146118, 119.127151, 76.968773,10.242493, 289.622498, 0.999997
5, 699,30,156.158417, 156.158539, 119.127151, 76.968773,10.242493, 289.622498, 0.999999
5, 699,31,42.675907, 42.675682, 119.127151, 76.968773,10.242493, 289.622498, 1.000005
5, 700,0,173.755936, 173.754379, 119.123230, 65.894844,12.167016, 236.014114, 1.000009
5, 700,1,99.516045, 99.514748, 119.123230, 65.894844,12.167016, 236.014114, 1.000013
5, 700,2,30.449379, 30.449554, 119.123230, 65.894844,12.167016, 236.014114, 0.999994
5, 700,3,85.175781, 85.187279, 119.123230, 65.894844,12.167016, 236.014114, 0.999865
5, 700,4,134.665054, 134.667816, 119.123230, 65.894844,12.167016, 236.014114, 0.999979
5, 700,5,199.444000, 199.446060, 119.123230, 65.894844,12.167016, 236.014114, 0.999990
5, 700,6,129.692673, 129.696457, 119.123230, 65.894844,12.167016, 236.014114, 0.999971
5, 700,7,13.686988, 13.685282, 119.123230, 65.894844,12.167016, 236.014114, 1.000125
5, 700,8,82.979469, 82.976105, 119.123230, 65.894844,12.167016, 236.014114, 1.000041
5, 700,9,162.030197, 162.029175, 119.123230, 65.894844,12.167016, 236.014114, 1.000006
5, 700,10,95.969292, 95.979881, 119.123230, 65.894844,12.167016, 236.014114, 0.999890
5, 700,11,12.167016, 12.166043, 119.123230, 65.894844,12.167016, 236.014114, 1.000080
5, 700,12,45.586033, 45.589298, 119.123230, 65.894844,12.167016, 236.014114, 0.999928
5, 700,13,217.576981, 217.579147, 119.123230, 65.894844,12.167016, 236.014114, 0.999990
5, 700,14,153.526443, 153.522934, 119.123230, 65.894844,12.167016, 236.014114, 1.000023
5, 700,15,236.014114, 236.005554, 119.123230, 65.894844,12.167016, 236.014114, 1.000036
5, 700,16,152.879196, 152.883652, 119.123230, 65.894844,12.167016, 236.014114, 0.999971
5, 700,17,33.819927, 33.826477, 119.123230, 65.894844,12.167016, 236.014114, 0.999806
5, 700,18,13.588856, 13.587509, 119.123230, 65.894844,12.167016, 236.014114, 1.000099
5, 700,19,109.412987, 109.419891, 119.123230, 65.894844,12.167016, 236.014114, 0.999937
5, 700,20,173.745270, 173.739334, 119.123230, 65.894844,12.167016, 236.014114, 1.000034
5, 700,21,141.570313, 141.572083, 119.123230, 65.894844,12.167016, 236.014114, 0.999987
5, 700,22,173.429199, 173.423462, 119.123230, 65.894844,12.167016, 236.014114, 1.000033
5, 700,23,127.775162, 127.778603, 119.123230, 65.894844,12.167016, 236.014114, 0.999973
5, 700,24,177.405487, 177.417099, 119.123230, 65.894844,12.167016, 236.014114, 0.999935
5, 700,25,226.274750, 226.280930, 119.123230, 65.894844,12.167016, 236.014114, 0.999973
5, 700,26,48.445454, 48.439747, 119.123230, 65.894844,12.167016, 236.014114, 1.000118
5, 700,27,98.418823, 98.416679, 119.123230, 65.894844,12.167016, 236.014114, 1.000022
5, 700,28,50.309044, 50.312473, 119.123230, 65.894844,12.167016, 236.014114, 0.999932
5, 700,29,115.760696, 115.767593, 119.123230, 65.894844,12.167016, 236.014114, 0.999940
5, 700,30,92.302383, 92.309654, 119.123230, 65.894844,12.167016, 236.014114, 0.999921
5, 700,31,204.570038, 204.575378, 119.123230, 65.894844,12.167016, 236.014114, 0.999974
5, 701,0,147.594055, 147.588791, 119.122711, 65.384308,19.343124, 231.812317, 1.000036
5, 701,1,49.851101, 49.859707, 119.122711, 65.384308,19.343124, 231.812317, 0.999827
5, 701,2,142.506180, 142.506409, 119.122711, 65.384308,19.343124, 231.812317, 0.999998
5, 701,3,60.850849, 60.838257, 119.122711, 65.384308,19.343124, 231.812317, 1.000207
5, 701,4,114.397537, 114.389038, 119.122711, 65.384308,19.343124, 231.812317, 1.000074
5, 701,5,154.773880, 154.769821, 119.122711, 65.384308,19.343124, 231.812317, 1.000026
5, 701,6,199.715042, 199.704803, 119.122711, 65.384308,19.343124, 231.812317, 1.000051
5, 701,7,182.813629, 182.837234, 119.122711, 65.384308,19.343124, 231.812317, 0.999871
5, 701,8,19.343124, 19.343903, 119.122711, 65.384308,19.343124, 231.812317, 0.999960
5, 701,9,148.315338, 148.316910, 119.122711, 65.384308,19.343124, 231.812317, 0.999989
5, 701,10,231.812317, 231.819565, 119.122711, 65.384308,19.343124, 231.812317, 0.999969
5, 701,11,61.518047, 61.516388, 119.122711, 65.384308,19.343124, 231.812317, 1.000027
5, 701,12,184.561829, 184.557526, 119.122711, 65.384308,19.343124, 231.812317, 1.000023
5, 701,13,134.182983, 134.197540, 119.122711, 65.384308,19.343124, 231.812317, 0.999892
5, 701,14,109.211052, 109.206696, 119.122711, 65.384308,19.343124, 231.812317, 1.000040
5, 701,15,126.128876, 126.131363, 119.122711, 65.384308,19.343124, 231.812317, 0.999980
5, 701,16,20.006161, 20.022034, 119.122711, 65.384308,19.343124, 231.812317, 0.999207
5, 701,17,140.150467, 140.157928, 119.122711, 65.384308,19.343124, 231.812317, 0.999947
5, 701,18,180.477921, 180.481628, 119.122711, 65.384308,19.343124, 231.812317, 0.999979
5, 701,19,23.556107, 23.562580, 119.122711, 65.384308,19.343124, 231.812317, 0.999725
5, 701,20,27.353704, 27.360102, 119.122711, 65.384308,19.343124, 231.812317, 0.999766
5, 701,21,217.475357, 217.493179, 119.122711, 65.384308,19.343124, 231.812317, 0.999918
5, 701,22,184.511627, 184.514709, 119.122711, 65.384308,19.343124, 231.812317, 0.999983
5, 701,23,40.222019, 40.216000, 119.122711, 65.384308,19.343124, 231.812317, 1.000150
5, 701,24,19.494574, 19.500944, 119.122711, 65.384308,19.343124, 231.812317, 0.999673
5, 701,25,197.455658, 197.456253, 119.122711, 65.384308,19.343124, 231.812317, 0.999997
5, 701,26,127.434204, 127.437660, 119.122711, 65.384308,19.343124, 231.812317, 0.999973
5, 701,27,137.734222, 137.730957, 119.122711, 65.384308,19.343124, 231.812317, 1.000024
5, 701,28,54.546955, 54.535229, 119.122711, 65.384308,19.343124, 231.812317, 1.000215
5, 701,29,193.685699, 193.680145, 119.122711, 65.384308,19.343124, 231.812317, 1.000029
5, 701,30,90.998405, 90.997154, 119.122711, 65.384308,19.343124, 231.812317, 1.000014
5, 701,31,89.247902, 89.269707, 119.122711, 65.384308,19.343124, 231.812317, 0.999756
5, 702,0,166.270081, 166.261826, 119.125641, 72.963615,13.320357, 231.311096, 1.000050
5, 702,1,15.774827, 15.766701, 119.125641, 72.963615,13.320357, 231.311096, 1.000515
5, 702,2,31.316725, 31.315584, 119.125641, 72.963615,13.320357, 231.311096, 1.000036
5, 702,3,105.504860, 105.495995, 119.125641, 72.963615,13.320357, 231.311096, 1.000084
5, 702,4,55.392792, 55.387966, 119.125641, 72.963615,13.320357, 231.311096, 1.000087
5, 702,5,213.229370, 213.223160, 119.125641, 72.963615,13.320357, 231.311096, 1.000029
5, 702,6,48.056286, 48.047905, 119.125641, 72.963615,13.320357, 231.311096, 1.000174
5, 702,7,82.985352, 82.990135, 119.125641, 72.963615,13.320357, 231.311096, 0.999942
5, 702,8,78.794670, 78.783112, 119.125641, 72.963615,13.320357, 231.311096, 1.000147
5, 702,9,158.494232, 158.511322, 119.125641, 72.963615,13.320357, 231.311096, 0.999892
5, 702,10,68.135948, 68.145844, 119.125641, 72.963615,13.320357, 231.311096, 0.999855
5, 702,11,75.239090, 75.225960, 119.125641, 72.963615,13.320357, 231.311096, 1.000175
5, 702,12,186.633118, 186.633392, 119.125641, 72.963615,13.320357, 231.311096, 0.999999
5, 702,13,199.951981, 199.931702, 119.125641, 72.963615,13.320357, 231.311096, 1.000101
5, 702,14,131.274033, 131.285400, 119.125641, 72.963615,13.320357, 231.311096, 0.999913
5, 702,15,183.937210, 183.917648, 119.125641, 72.963615,13.320357, 231.311096, 1.000106
5, 702,16,196.028549, 196.018829, 119.125641, 72.963615,13.320357, 231.311096, 1.000050
5, 702,17,183.287033, 183.267776, 119.125641, 72.963615,13.320357, 231.311096, 1.000105
5, 702,18,231.311096, 231.316772, 119.125641, 72.963615,13.320357, 231.311096, 0.999975
5, 702,19,152.683655, 152.683075, 119.125641, 72.963615,13.320357, 231.311096, 1.000004
5, 702,20,19.424412, 19.440149, 119.125641, 72.963615,13.320357, 231.311096, 0.999190
5, 702,21,139.064423, 139.076950, 119.125641, 72.963615,13.320357, 231.311096, 0.999910
5, 702,22,187.801147, 187.803146, 119.125641, 72.963615,13.320357, 231.311096, 0.999989
5, 702,23,228.746246, 228.744675, 119.125641, 72.963615,13.320357, 231.311096, 1.000007
5, 702,24,133.733673, 133.748047, 119.125641, 72.963615,13.320357, 231.311096, 0.999893
5, 702,25,24.736149, 24.741680, 119.125641, 72.963615,13.320357, 231.311096, 0.999776
5, 702,26,111.651253, 111.652618, 119.125641, 72.963615,13.320357, 231.311096, 0.999988
5, 702,27,18.198496, 18.208824, 119.125641, 72.963615,13.320357, 231.311096, 0.999433
5, 702,28,222.985550, 222.991653, 119.125641, 72.963615,13.320357, 231.311096, 0.999973
5, 702,29,13.320357, 13.324574, 119.125641, 72.963615,13.320357, 231.311096, 0.999683
5, 702,30,126.906174, 126.900513, 119.125641, 72.963615,13.320357, 231.311096, 1.000045
5, 702,31,21.151634, 21.157162, 119.125641, 72.963615,13.320357, 231.311096, 0.999739
5, 703,0,88.289375, 88.293854, 119.122169, 64.517944,10.525264, 220.972626, 0.999949
5, 703,1,18.829594, 18.826931, 119.122169, 64.517944,10.525264, 220.972626, 1.000141
5, 703,2,132.870773, 132.867279, 119.122169, 64.517944,10.525264, 220.972626, 1.000026
5, 703,3,103.891518, 103.895844, 119.122169, 64.517944,10.525264, 220.972626, 0.999958
5, 703,4,112.668831, 112.684059, 119.122169, 64.517944,10.525264, 220.972626, 0.999865
5, 703,5,168.191238, 168.194366, 119.122169, 64.517944,10.525264, 220.972626, 0.999981
5, 703,6,107.779289, 107.780212, 119.122169, 64.517944,10.525264, 220.972626, 0.999991
5, 703,7,78.328346, 78.331291, 119.122169, 64.517944,10.525264, 220.972626, 0.999962
5, 703,8,158.533157, 158.541519, 119.122169, 64.517944,10.525264, 220.972626, 0.999947
5, 703,9,65.682709, 65.690979, 119.122169, 64.517944,10.525264, 220.972626, 0.999874
5, 703,10,59.368206, 59.374035, 119.122169, 64.517944,10.525264, 220.972626, 0.999902
5, 703,11,140.389709, 140.384369, 119.122169, 64.517944,10.525264, 220.972626, 1.000038
5, 703,12,80.268921, 80.267021, 119.122169, 64.517944,10.525264, 220.972626, 1.000024
5, 703,13,190.383408, 190.384293, 119.122169, 64.517944,10.525264, 220.972626, 0.999995
5, 703,14,220.972626, 220.968842, 119.122169, 64.517944,10.525264, 220.972626, 1.000017
5, 703,15,181.498367, 181.505737, 119.122169, 64.517944,10.525264, 220.972626, 0.999959
5, 703,16,14.882362, 14.878041, 119.122169, 64.517944,10.525264, 220.972626, 1.000290
5, 703,17,168.461792, 168.452469, 119.122169, 64.517944,10.525264, 220.972626, 1.000055
5, 703,18,16.443398, 16.452436, 119.122169, 64.517944,10.525264, 220.972626, 0.999451
5, 703,19,151.164108, 151.166382, 119.122169, 64.517944,10.525264, 220.972626, 0.999985
5, 703,20,59.129189, 59.135296, 119.122169, 64.517944,10.525264, 220.972626, 0.999897
5, 703,21,191.242691, 191.236008, 119.122169, 64.517944,10.525264, 220.972626, 1.000035
5, 703,22,69.879921, 69.891510, 119.122169, 64.517944,10.525264, 220.972626, 0.999834
5, 703,23,185.836090, 185.835327, 119.122169, 64.517944,10.525264, 220.972626, 1.000004
5, 703,24,14.763295, 14.761898, 119.122169, 64.517944,10.525264, 220.972626, 1.000095
5, 703,25,114.467133, 114.477837, 119.122169, 64.517944,10.525264, 220.972626, 0.999906
5, 703,26,176.970810, 176.976135, 119.122169, 64.517944,10.525264, 220.972626, 0.999970
5, 703,27,166.815979, 166.826462, 119.122169, 64.517944,10.525264, 220.972626, 0.999937
5, 703,28,212.724701, 212.729080, 119.122169, 64.517944,10.525264, 220.972626, 0.999979
5, 703,29,183.404816, 183.409210, 119.122169, 64.517944,10.525264, 220.972626, 0.999976
5, 703,30,10.525264, 10.529099, 119.122169, 64.517944,10.525264, 220.972626, 0.999636
5, 703,31,167.252441, 167.252304, 119.122169, 64.517944,10.525264, 220.972626, 1.000001
5, 704,0,95.062599, 95.064445, 119.124931, 62.914909,13.322293, 214.827225, 0.999981
5, 704,1,34.286358, 34.278660, 119.124931, 62.914909,13.322293, 214.827225, 1.000225
5, 704,2,138.320618, 138.332886, 119.124931, 62.914909,13.322293, 214.827225, 0.999911
5, 704,3,186.484528, 186.494034, 119.124931, 62.914909,13.322293, 214.827225, 0.999949
5, 704,4,207.582809, 207.583527, 119.124931, 62.914909,13.322293, 214.827225, 0.999997
5, 704,5,127.131432, 127.134453, 119.124931, 62.914909,13.322293, 214.827225, 0.999976
5, 704,6,171.429443, 171.426346, 119.124931, 62.914909,13.322293, 214.827225, 1.000018
5, 704,7,185.462967, 185.457382, 119.124931, 62.914909,13.322293, 214.827225, 1.000030
5, 704,8,61.712093, 61.713478, 119.124931, 62.914909,13.322293, 214.827225, 0.999978
5, 704,9,141.545883, 141.548477, 119.124931, 62.914909,13.322293, 214.827225, 0.999982
5, 704,10,113.499435, 113.499588, 119.124931, 62.914909,13.322293, 214.827225, 0.999999
5, 704,11,145.084869, 145.087601, 119.124931, 62.914909,13.322293, 214.827225, 0.999981
5, 704,12,85.356865, 85.351662, 119.124931, 62.914909,13.322293, 214.827225, 1.000061
5, 704,13,202.859314, 202.869080, 119.124931, 62.914909,13.322293, 214.827225, 0.999952
5, 704,14,13.322293, 13.321231, 119.124931, 62.914909,13.322293, 214.827225, 1.000080
5, 704,15,51.000614, 50.990456, 119.124931, 62.914909,13.322293, 214.827225, 1.000199
5, 704,16,34.010017, 34.014545, 119.124931, 62.914909,13.322293, 214.827225, 0.999867
5, 704,17,68.463516, 68.461594, 119.124931, 62.914909,13.322293, 214.827225, 1.000028
5, 704,18,173.367401, 173.374191, 119.124931, 62.914909,13.322293, 214.827225, 0.999961
5, 704,19,163.870529, 163.866074, 119.124931, 62.914909,13.322293, 214.827225, 1.000027
5, 704,20,56.663918, 56.649097, 119.124931, 62.914909,13.322293, 214.827225, 1.000262
5, 704,21,68.305702, 68.296516, 119.124931, 62.914909,13.322293, 214.827225, 1.000134
5, 704,22,194.162064, 194.179749, 119.124931, 62.914909,13.322293, 214.827225, 0.999909
5, 704,23,18.971252, 18.979870, 119.124931, 62.914909,13.322293, 214.827225, 0.999546
5, 704,24,154.324936, 154.324982, 119.124931, 62.914909,13.322293, 214.827225, 1.000000
5, 704,25,159.573975, 159.574234, 119.124931, 62.914909,13.322293, 214.827225, 0.999998
5, 704,26,214.827225, 214.813644, 119.124931, 62.914909,13.322293, 214.827225, 1.000063
5, 704,27,140.690201, 140.696701, 119.124931, 62.914909,13.322293, 214.827225, 0.999954
5, 704,28,148.125885, 148.118301, 119.124931, 62.914909,13.322293, 214.827225, 1.000051
5, 704,29,50.016869, 50.019840, 119.124931, 62.914909,13.322293, 214.827225, 0.999941
5, 704,30,29.125759, 29.121838, 119.124931, 62.914909,13.322293, 214.827225, 1.000135
5, 704,31,177.356583, 177.355698, 119.124931, 62.914909,13.322293, 214.827225, 1.000005
5, 705,0,235.149796, 235.143585, 119.126320, 75.787369,12.072152, 242.475296, 1.000026
5, 705,1,224.548294, 224.535904, 119.126320, 75.787369,12.072152, 242.475296, 1.000055
5, 705,2,93.734047, 93.734459, 119.126320, 75.787369,12.072152, 242.475296, 0.999996
5, 705,3,37.372280, 37.366035, 119.126320, 75.787369,12.072152, 242.475296, 1.000167
5, 705,4,12.072152, 12.074163, 119.126320, 75.787369,12.072152, 242.475296, 0.999833
5, 705,5,236.971024, 236.973724, 119.126320, 75.787369,12.072152, 242.475296, 0.999989
5, 705,6,64.983025, 64.976089, 119.126320, 75.787369,12.072152, 242.475296, 1.000107
5, 705,7,103.936943, 103.947380, 119.126320, 75.787369,12.072152, 242.475296, 0.999900
5, 705,8,88.657425, 88.653114, 119.126320, 75.787369,12.072152, 242.475296, 1.000049
5, 705,9,172.669449, 172.674667, 119.126320, 75.787369,12.072152, 242.475296, 0.999970
5, 705,10,70.626953, 70.631584, 119.126320, 75.787369,12.072152, 242.475296, 0.999934
5, 705,11,191.627563, 191.629211, 119.126320, 75.787369,12.072152, 242.475296, 0.999991
5, 705,12,177.224243, 177.217728, 119.126320, 75.787369,12.072152, 242.475296, 1.000037
5, 705,13,147.925156, 147.921066, 119.126320, 75.787369,12.072152, 242.475296, 1.000028
5, 705,14,238.341064, 238.330170, 119.126320, 75.787369,12.072152, 242.475296, 1.000046
5, 705,15,16.874582, 16.868422, 119.126320, 75.787369,12.072152, 242.475296, 1.000365
5, 705,16,242.475296, 242.456970, 119.126320, 75.787369,12.072152, 242.475296, 1.000076
5, 705,17,221.887283, 221.894760, 119.126320, 75.787369,12.072152, 242.475296, 0.999966
5, 705,18,177.933823, 177.942612, 119.126320, 75.787369,12.072152, 242.475296, 0.999951
5, 705,19,94.225914, 94.215324, 119.126320, 75.787369,12.072152, 242.475296, 1.000112
5, 705,20,120.212128, 120.203369, 119.126320, 75.787369,12.072152, 242.475296, 1.000073
5, 705,21,158.679596, 158.679459, 119.126320, 75.787369,12.072152, 242.475296, 1.000001
5, 705,22,77.840309, 77.837326, 119.126320, 75.787369,12.072152, 242.475296, 1.000038
5, 705,23,123.266289, 123.275131, 119.126320, 75.787369,12.072152, 242.475296, 0.999928
5, 705,24,35.159946, 35.162682, 119.126320, 75.787369,12.072152, 242.475296, 0.999922
5, 705,25,20.155958, 20.162682, 119.126320, 75.787369,12.072152, 242.475296, 0.999667
5, 705,26,13.815800, 13.811006, 119.126320, 75.787369,12.072152, 242.475296, 1.000347
5, 705,27,150.517426, 150.519165, 119.126320, 75.787369,12.072152, 242.475296, 0.999988
5, 705,28,84.601593, 84.605270, 119.126320, 75.787369,12.072152, 242.475296, 0.999957
5, 705,29,97.988052, 97.983261, 119.126320, 75.787369,12.072152, 242.475296, 1.000049
5, 705,30,65.113037, 65.126801, 119.126320, 75.787369,12.072152, 242.475296, 0.999789
5, 705,31,15.455833, 15.447369, 119.126320, 75.787369,12.072152, 242.475296, 1.000548
5, 706,0,137.886566, 137.900940, 119.124763, 60.668358,18.955908, 201.375229, 0.999896
5, 706,1,183.844986, 183.828812, 119.124763, 60.668358,18.955908, 201.375229, 1.000088
5, 706,2,155.354401, 155.356476, 119.124763, 60.668358,18.955908, 201.375229, 0.999987
5, 706,3,194.390762, 194.402542, 119.124763, 60.668358,18.955908, 201.375229, 0.999939
5, 706,4,49.175961, 49.181923, 119.124763, 60.668358,18.955908, 201.375229, 0.999879
5, 706,5,199.614822, 199.618530, 119.124763, 60.668358,18.955908, 201.375229, 0.999981
5, 706,6,67.074890, 67.074585, 119.124763, 60.668358,18.955908, 201.375229, 1.000005
5, 706,7,54.649277, 54.646008, 119.124763, 60.668358,18.955908, 201.375229, 1.000060
5, 706,8,167.451920, 167.430634, 119.124763, 60.668358,18.955908, 201.375229, 1.000127
5, 706,9,66.354134, 66.353912, 119.124763, 60.668358,18.955908, 201.375229, 1.000003
5, 706,10,105.261383, 105.252296, 119.124763, 60.668358,18.955908, 201.375229, 1.000086
5, 706,11,116.462967, 116.458107, 119.124763, 60.668358,18.955908, 201.375229, 1.000042
5, 706,12,49.131706, 49.128757, 119.124763, 60.668358,18.955908, 201.375229, 1.000060
5, 706,13,173.335419, 173.320023, 119.124763, 60.668358,18.955908, 201.375229, 1.000089
5, 706,14,87.018997, 87.005203, 119.124763, 60.668358,18.955908, 201.375229, 1.000159
5, 706,15,199.725861, 199.707138, 119.124763, 60.668358,18.955908, 201.375229, 1.000094
5, 706,16,195.110489, 195.117310, 119.124763, 60.668358,18.955908, 201.375229, 0.999965
5, 706,17,201.375229, 201.384750, 119.124763, 60.668358,18.955908, 201.375229, 0.999953
5, 706,18,32.595627, 32.594730, 119.124763, 60.668358,18.955908, 201.375229, 1.000028
5, 706,19,54.677742, 54.675545, 119.124763, 60.668358,18.955908, 201.375229, 1.000040
5, 706,20,82.453522, 82.468536, 119.124763, 60.668358,18.955908, 201.375229, 0.999818
5, 706,21,18.955908, 18.961100, 119.124763, 60.668358,18.955908, 201.375229, 0.999726
5, 706,22,114.967087, 114.975426, 119.124763, 60.668358,18.955908, 201.375229, 0.999927
5, 706,23,118.310928, 118.318848, 119.124763, 60.668358,18.955908, 201.375229, 0.999933
5, 706,24,81.614311, 81.612007, 119.124763, 60.668358,18.955908, 201.375229, 1.000028
5, 706,25,148.794281, 148.811386, 119.124763, 60.668358,18.955908, 201.375229, 0.999885
5, 706,26,154.555222, 154.547211, 119.124763, 60.668358,18.955908, 201.375229, 1.000052
5, 706,27,150.726624, 150.748917, 119.124763, 60.668358,18.955908, 201.375229, 0.999852
5, 706,28,54.519588, 54.527863, 119.124763, 60.668358,18.955908, 201.375229, 0.999848
5, 706,29,190.741058, 190.740128, 119.124763, 60.668358,18.955908, 201.375229, 1.000005
5, 706,30,20.121414, 20.107082, 119.124763, 60.668358,18.955908, 201.375229, 1.000713
5, 706,31,185.739502, 185.742722, 119.124763, 60.668358,18.955908, 201.375229, 0.999983
5, 707,0,98.098083, 98.118034, 119.120453, 47.824661,15.091220, 181.146988, 0.999797
5, 707,1,63.353069, 63.341293, 119.120453, 47.824661,15.091220, 181.146988, 1.000186
5, 707,2,64.718384, 64.718796, 119.120453, 47.824661,15.091220, 181.146988, 0.999994
5, 707,3,177.109360, 177.118042, 119.120453, 47.824661,15.091220, 181.146988, 0.999951
5, 707,4,154.132889, 154.134872, 119.120453, 47.824661,15.091220, 181.146988, 0.999987
5, 707,5,153.463791, 153.456711, 119.120453, 47.824661,15.091220, 181.146988, 1.000046
5, 707,6,88.985191, 88.989403, 119.120453, 47.824661,15.091220, 181.146988, 0.999953
5, 707,7,179.718063, 179.708817, 119.120453, 47.824661,15.091220, 181.146988, 1.000051
5, 707,8,167.333054, 167.348328, 119.120453, 47.824661,15.091220, 181.146988, 0.999909
5, 707,9,177.383011, 177.382935, 119.120453, 47.824661,15.091220, 181.146988, 1.000000
5, 707,10,141.525879, 141.520081, 119.120453, 47.824661,15.091220, 181.146988, 1.000041
5, 707,11,93.001625, 93.015968, 119.120453, 47.824661,15.091220, 181.146988, 0.999846
5, 707,12,98.436287, 98.425323, 119.120453, 47.824661,15.091220, 181.146988, 1.000111
5, 707,13,157.579742, 157.573334, 119.120453, 47.824661,15.091220, 181.146988, 1.000041
5, 707,14,181.146988, 181.160492, 119.120453, 47.824661,15.091220, 181.146988, 0.999925
5, 707,15,48.704727, 48.702637, 119.120453, 47.824661,15.091220, 181.146988, 1.000043
5, 707,16,135.347763, 135.363708, 119.120453, 47.824661,15.091220, 181.146988, 0.999882
5, 707,17,124.850296, 124.857559, 119.120453, 47.824661,15.091220, 181.146988, 0.999942
5, 707,18,153.815720, 153.827576, 119.120453, 47.824661,15.091220, 181.146988, 0.999923
5, 707,19,180.619354, 180.625366, 119.120453, 47.824661,15.091220, 181.146988, 0.999967
5, 707,20,48.589859, 48.596672, 119.120453, 47.824661,15.091220, 181.146988, 0.999860
5, 707,21,165.166061, 165.170807, 119.120453, 47.824661,15.091220, 181.146988, 0.999971
5, 707,22,134.405670, 134.420624, 119.120453, 47.824661,15.091220, 181.146988, 0.999889
5, 707,23,47.148956, 47.160885, 119.120453, 47.824661,15.091220, 181.146988, 0.999747
5, 707,24,164.464111, 164.471466, 119.120453, 47.824661,15.091220, 181.146988, 0.999955
5, 707,25,124.845062, 124.841667, 119.120453, 47.824661,15.091220, 181.146988, 1.000027
5, 707,26,104.237183, 104.237343, 119.120453, 47.824661,15.091220, 181.146988, 0.999998
5, 707,27,15.091220, 15.102072, 119.120453, 47.824661,15.091220, 181.146988, 0.999281
5, 707,28,99.858887, 99.861115, 119.120453, 47.824661,15.091220, 181.146988, 0.999978
5, 707,29,130.001556, 130.002014, 119.120453, 47.824661,15.091220, 181.146988, 0.999996
5, 707,30,63.727524, 63.743946, 119.120453, 47.824661,15.091220, 181.146988, 0.999742
5, 707,31,74.995117, 75.002419, 119.120453, 47.824661,15.091220, 181.146988, 0.999903
5, 708,0,229.177612, 229.184982, 119.126373, 72.828056,16.739994, 234.584839, 0.999968
5, 708,1,48.284073, 48.278931, 119.126373, 72.828056,16.739994, 234.584839, 1.000106
5, 708,2,68.494164, 68.490089, 119.126373, 72.828056,16.739994, 234.584839, 1.000059
5, 708,3,206.796356, 206.800980, 119.126373, 72.828056,16.739994, 234.584839, 0.999978
5, 708,4,42.500671, 42.496952, 119.126373, 72.828056,16.739994, 234.584839, 1.000087
5, 708,5,16.739994, 16.746874, 119.126373, 72.828056,16.739994, 234.584839, 0.999589
5, 708,6,105.590424, 105.590530, 119.126373, 72.828056,16.739994, 234.584839, 0.999999
5, 708,7,213.822098, 213.827744, 119.126373, 72.828056,16.739994, 234.584839, 0.999974
5, 708,8,70.451187, 70.449333, 119.126373, 72.828056,16.739994, 234.584839, 1.000026
5, 708,9,22.021751, 22.027996, 119.126373, 72.828056,16.739994, 234.584839, 0.999717
5, 708,10,79.266685, 79.251205, 119.126373, 72.828056,16.739994, 234.584839, 1.000195
5, 708,11,36.283115, 36.280396, 119.126373, 72.828056,16.739994, 234.584839, 1.000075
5, 708,12,64.693748, 64.689445, 119.126373, 72.828056,16.739994, 234.584839, 1.000067
5, 708,13,27.727880, 27.714226, 119.126373, 72.828056,16.739994, 234.584839, 1.000493
5, 708,14,150.229019, 150.240692, 119.126373, 72.828056,16.739994, 234.584839, 0.999922
5, 708,15,123.426476, 123.429962, 119.126373, 72.828056,16.739994, 234.584839, 0.999972
5, 708,16,106.354332, 106.349182, 119.126373, 72.828056,16.739994, 234.584839, 1.000048
5, 708,17,210.077820, 210.078674, 119.126373, 72.828056,16.739994, 234.584839, 0.999996
5, 708,18,99.546097, 99.550751, 119.126373, 72.828056,16.739994, 234.584839, 0.999953
5, 708,19,82.152626, 82.153244, 119.126373, 72.828056,16.739994, 234.584839, 0.999992
5, 708,20,60.189026, 60.181713, 119.126373, 72.828056,16.739994, 234.584839, 1.000121
5, 708,21,212.265747, 212.266266, 119.126373, 72.828056,16.739994, 234.584839, 0.999998
5, 708,22,27.278240, 27.264925, 119.126373, 72.828056,16.739994, 234.584839, 1.000488
5, 708,23,230.840210, 230.827515, 119.126373, 72.828056,16.739994, 234.584839, 1.000055
5, 708,24,132.255539, 132.246567, 119.126373, 72.828056,16.739994, 234.584839, 1.000068
5, 708,25,156.301941, 156.287827, 119.126373, 72.828056,16.739994, 234.584839, 1.000090
5, 708,26,122.292496, 122.280930, 119.126373, 72.828056,16.739994, 234.584839, 1.000095
5, 708,27,148.004440, 148.016281, 119.126373, 72.828056,16.739994, 234.584839, 0.999920
5, 708,28,64.807999, 64.814659, 119.126373, 72.828056,16.739994, 234.584839, 0.999897
5, 708,29,192.279663, 192.283432, 119.126373, 72.828056,16.739994, 234.584839, 0.999980
5, 708,30,234.584839, 234.591339, 119.126373, 72.828056,16.739994, 234.584839, 0.999972
5, 708,31,227.307175, 227.306778, 119.126373, 72.828056,16.739994, 234.584839, 1.000002
5, 709,0,153.746399, 153.727768, 119.125244, 65.094803,14.884516, 220.681061, 1.000121
5, 709,1,63.386234, 63.370754, 119.125244, 65.094803,14.884516, 220.681061, 1.000244
5, 709,2,90.902672, 90.908623, 119.125244, 65.094803,14.884516, 220.681061, 0.999935
5, 709,3,54.750641, 54.749027, 119.125244, 65.094803,14.884516, 220.681061, 1.000029
5, 709,4,65.949471, 65.947586, 119.125244, 65.094803,14.884516, 220.681061, 1.000029
5, 709,5,92.208176, 92.206726, 119.125244, 65.094803,14.884516, 220.681061, 1.000016
5, 709,6,212.351913, 212.355515, 119.125244, 65.094803,14.884516, 220.681061, 0.999983
5, 709,7,130.022491, 130.019623, 119.125244, 65.094803,14.884516, 220.681061, 1.000022
5, 709,8,198.102112, 198.108673, 119.125244, 65.094803,14.884516, 220.681061, 0.999967
5, 709,9,151.497986, 151.493210, 119.125244, 65.094803,14.884516, 220.681061, 1.000031
5, 709,10,215.082474, 215.080872, 119.125244, 65.094803,14.884516, 220.681061, 1.000007
5, 709,11,15.356719, 15.360325, 119.125244, 65.094803,14.884516, 220.681061, 0.999765
5, 709,12,190.760757, 190.759201, 119.125244, 65.094803,14.884516, 220.681061, 1.000008
5, 709,13,65.677368, 65.669876, 119.125244, 65.094803,14.884516, 220.681061, 1.000114
5, 709,14,49.247208, 49.253082, 119.125244, 65.094803,14.884516, 220.681061, 0.999881
5, 709,15,214.120758, 214.125061, 119.125244, 65.094803,14.884516, 220.681061, 0.999980
5, 709,16,117.385948, 117.374420, 119.125244, 65.094803,14.884516, 220.681061, 1.000098
5, 709,17,48.419155, 48.426430, 119.125244, 65.094803,14.884516, 220.681061, 0.999850
5, 709,18,205.207626, 205.206253, 119.125244, 65.094803,14.884516, 220.681061, 1.000007
5, 709,19,199.462585, 199.464890, 119.125244, 65.094803,14.884516, 220.681061, 0.999988
5, 709,20,101.620354, 101.629272, 119.125244, 65.094803,14.884516, 220.681061, 0.999912
5, 709,21,184.298126, 184.294525, 119.125244, 65.094803,14.884516, 220.681061, 1.000020
5, 709,22,14.884516, 14.888875, 119.125244, 65.094803,14.884516, 220.681061, 0.999707
5, 709,23,150.421371, 150.421158, 119.125244, 65.094803,14.884516, 220.681061, 1.000001
5, 709,24,108.736977, 108.726860, 119.125244, 65.094803,14.884516, 220.681061, 1.000093
5, 709,25,23.101946, 23.103733, 119.125244, 65.094803,14.884516, 220.681061, 0.999923
5, 709,26,58.864304, 58.869377, 119.125244, 65.094803,14.884516, 220.681061, 0.999914
5, 709,27,105.933922, 105.943359, 119.125244, 65.094803,14.884516, 220.681061, 0.999911
5, 709,28,76.001648, 76.003036, 119.125244, 65.094803,14.884516, 220.681061, 0.999982
5, 709,29,119.118584, 119.131050, 119.125244, 65.094803,14.884516, 220.681061, 0.999895
5, 709,30,220.681061, 220.673706, 119.125244, 65.094803,14.884516, 220.681061, 1.000033
5, 709,31,114.705986, 114.707176, 119.125244, 65.094803,14.884516, 220.681061, 0.999990
5, 710,0,19.141827, 19.148567, 119.126373, 64.460388,19.141827, 218.761429, 0.999648
5, 710,1,45.595676, 45.593441, 119.126373, 64.460388,19.141827, 218.761429, 1.000049
5, 710,2,60.693310, 60.702045, 119.126373, 64.460388,19.141827, 218.761429, 0.999856
5, 710,3,195.506271, 195.511887, 119.126373, 64.460388,19.141827, 218.761429, 0.999971
5, 710,4,67.669449, 67.669327, 119.126373, 64.460388,19.141827, 218.761429, 1.000002
5, 710,5,218.761429, 218.761795, 119.126373, 64.460388,19.141827, 218.761429, 0.999998
5, 710,6,37.303387, 37.291725, 119.126373, 64.460388,19.141827, 218.761429, 1.000313
5, 710,7,96.667686, 96.674004, 119.126373, 64.460388,19.141827, 218.761429, 0.999935
5, 710,8,66.997612, 66.995697, 119.126373, 64.460388,19.141827, 218.761429, 1.000029
5, 710,9,161.787598, 161.785355, 119.126373, 64.460388,19.141827, 218.761429, 1.000014
5, 710,10,83.409187, 83.406654, 119.126373, 64.460388,19.141827, 218.761429, 1.000030
5, 710,11,187.015839, 187.011276, 119.126373, 64.460388,19.141827, 218.761429, 1.000024
5, 710,12,177.881119, 177.875534, 119.126373, 64.460388,19.141827, 218.761429, 1.000031
5, 710,13,104.513702, 104.507378, 119.126373, 64.460388,19.141827, 218.761429, 1.000061
5, 710,14,211.310852, 211.313354, 119.126373, 64.460388,19.141827, 218.761429, 0.999988
5, 710,15,111.207748, 111.205208, 119.126373, 64.460388,19.141827, 218.761429, 1.000023
5, 710,16,214.478592, 214.482635, 119.126373, 64.460388,19.141827, 218.761429, 0.999981
5, 710,17,50.229053, 50.225464, 119.126373, 64.460388,19.141827, 218.761429, 1.000072
5, 710,18,76.619179, 76.612587, 119.126373, 64.460388,19.141827, 218.761429, 1.000086
5, 710,19,119.142502, 119.141235, 119.126373, 64.460388,19.141827, 218.761429, 1.000011
5, 710,20,200.380692, 200.374863, 119.126373, 64.460388,19.141827, 218.761429, 1.000029
5, 710,21,26.051626, 26.045277, 119.126373, 64.460388,19.141827, 218.761429, 1.000244
5, 710,22,40.239922, 40.249290, 119.126373, 64.460388,19.141827, 218.761429, 0.999767
5, 710,23,218.606216, 218.601410, 119.126373, 64.460388,19.141827, 218.761429, 1.000022
5, 710,24,98.794815, 98.791130, 119.126373, 64.460388,19.141827, 218.761429, 1.000037
5, 710,25,77.537964, 77.517189, 119.126373, 64.460388,19.141827, 218.761429, 1.000268
5, 710,26,54.833626, 54.838238, 119.126373, 64.460388,19.141827, 218.761429, 0.999916
5, 710,27,179.057648, 179.056000, 119.126373, 64.460388,19.141827, 218.761429, 1.000009
5, 710,28,142.781830, 142.776093, 119.126373, 64.460388,19.141827, 218.761429, 1.000040
5, 710,29,145.317841, 145.316666, 119.126373, 64.460388,19.141827, 218.761429, 1.000008
5, 710,30,165.777313, 165.782242, 119.126373, 64.460388,19.141827, 218.761429, 0.999970
5, 710,31,156.732605, 156.736328, 119.126373, 64.460388,19.141827, 218.761429, 0.999976
5, 711,0,165.051346, 165.053040, 119.125816, 76.896965,21.003250, 251.389343, 0.999990
5, 711,1,77.025848, 77.028252, 119.125816, 76.896965,21.003250, 251.389343, 0.999969
5, 711,2,251.389343, 251.381287, 119.125816, 76.896965,21.003250, 251.389343, 1.000032
5, 711,3,155.452133, 155.451828, 119.125816, 76.896965,21.003250, 251.389343, 1.000002
5, 711,4,40.912975, 40.913017, 119.125816, 76.896965,21.003250, 251.389343, 0.999999
5, 711,5,61.213257, 61.203911, 119.125816, 76.896965,21.003250, 251.389343, 1.000153
5, 711,6,26.620573, 26.612558, 119.125816, 76.896965,21.003250, 251.389343, 1.000301
5, 711,7,53.805618, 53.794697, 119.125816, 76.896965,21.003250, 251.389343, 1.000203
5, 711,8,72.190941, 72.193878, 119.125816, 76.896965,21.003250, 251.389343, 0.999959
5, 711,9,229.650284, 229.649094, 119.125816, 76.896965,21.003250, 251.389343, 1.000005
5, 711,10,164.652740, 164.647659, 119.125816, 76.896965,21.003250, 251.389343, 1.000031
5, 711,11,60.358002, 60.355640, 119.125816, 76.896965,21.003250, 251.389343, 1.000039
5, 711,12,101.633522, 101.628044, 119.125816, 76.896965,21.003250, 251.389343, 1.000054
5, 711,13,242.366302, 242.365631, 119.125816, 76.896965,21.003250, 251.389343, 1.000003
5, 711,14,62.193962, 62.194809, 119.125816, 76.896965,21.003250, 251.389343, 0.999986
5, 711,15,90.304466, 90.285271, 119.125816, 76.896965,21.003250, 251.389343, 1.000213
5, 711,16,41.321587, 41.333397, 119.125816, 76.896965,21.003250, 251.389343, 0.999714
5, 711,17,37.388184, 37.399834, 119.125816, 76.896965,21.003250, 251.389343, 0.999689
5, 711,18,21.003250, 21.019989, 119.125816, 76.896965,21.003250, 251.389343, 0.999204
5, 711,19,243.466980, 243.461609, 119.125816, 76.896965,21.003250, 251.389343, 1.000022
5, 711,20,142.841766, 142.840408, 119.125816, 76.896965,21.003250, 251.389343, 1.000010
5, 711,21,35.414280, 35.410530, 119.125816, 76.896965,21.003250, 251.389343, 1.000106
5, 711,22,50.024418, 50.026276, 119.125816, 76.896965,21.003250, 251.389343, 0.999963
5, 711,23,247.346161, 247.350128, 119.125816, 76.896965,21.003250, 251.389343, 0.999984
5, 711,24,116.514091, 116.499031, 119.125816, 76.896965,21.003250, 251.389343, 1.000129
5, 711,25,122.503059, 122.496964, 119.125816, 76.896965,21.003250, 251.389343, 1.000050
5, 711,26,118.671791, 118.683502, 119.125816, 76.896965,21.003250, 251.389343, 0.999901
5, 711,27,203.223038, 203.232651, 119.125816, 76.896965,21.003250, 251.389343, 0.999953
5, 711,28,244.193115, 244.182236, 119.125816, 76.896965,21.003250, 251.389343, 1.000045
5, 711,29,32.537312, 32.535423, 119.125816, 76.896965,21.003250, 251.389343, 1.000058
5, 711,30,147.710983, 147.719833, 119.125816, 76.896965,21.003250, 251.389343, 0.999940
5, 711,31,153.044403, 153.049652, 119.125816, 76.896965,21.003250, 251.389343, 0.999966
5, 712,0,109.613197, 109.603607, 119.127876, 64.605667,10.241494, 218.603668, 1.000087
5, 712,1,157.929199, 157.924194, 119.127876, 64.605667,10.241494, 218.603668, 1.000032
5, 712,2,98.323341, 98.323265, 119.127876, 64.605667,10.241494, 218.603668, 1.000001
5, 712,3,37.744476, 37.730587, 119.127876, 64.605667,10.241494, 218.603668, 1.000368
5, 712,4,153.808014, 153.797241, 119.127876, 64.605667,10.241494, 218.603668, 1.000070
5, 712,5,152.893204, 152.895065, 119.127876, 64.605667,10.241494, 218.603668, 0.999988
5, 712,6,25.987885, 25.976759, 119.127876, 64.605667,10.241494, 218.603668, 1.000428
5, 712,7,50.615368, 50.623329, 119.127876, 64.605667,10.241494, 218.603668, 0.999843
5, 712,8,30.134008, 30.129309, 119.127876, 64.605667,10.241494, 218.603668, 1.000156
5, 712,9,145.347031, 145.344986, 119.127876, 64.605667,10.241494, 218.603668, 1.000014
5, 712,10,149.463348, 149.471939, 119.127876, 64.605667,10.241494, 218.603668, 0.999943
5, 712,11,175.734192, 175.724503, 119.127876, 64.605667,10.241494, 218.603668, 1.000055
5, 712,12,176.694855, 176.684250, 119.127876, 64.605667,10.241494, 218.603668, 1.000060
5, 712,13,81.562454, 81.565903, 119.127876, 64.605667,10.241494, 218.603668, 0.999958
5, 712,14,98.088203, 98.080124, 119.127876, 64.605667,10.241494, 218.603668, 1.000082
5, 712,15,80.584671, 80.586952, 119.127876, 64.605667,10.241494, 218.603668, 0.999972
5, 712,16,158.870789, 158.864761, 119.127876, 64.605667,10.241494, 218.603668, 1.000038
5, 712,17,214.672058, 214.665054, 119.127876, 64.605667,10.241494, 218.603668, 1.000033
5, 712,18,63.043289, 63.042587, 119.127876, 64.605667,10.241494, 218.603668, 1.000011
5, 712,19,218.603668, 218.600052, 119.127876, 64.605667,10.241494, 218.603668, 1.000017
5, 712,20,42.895378, 42.894081, 119.127876, 64.605667,10.241494, 218.603668, 1.000030
5, 712,21,155.266510, 155.256073, 119.127876, 64.605667,10.241494, 218.603668, 1.000067
5, 712,22,212.223663, 212.227264, 119.127876, 64.605667,10.241494, 218.603668, 0.999983
5, 712,23,46.977348, 46.976250, 119.127876, 64.605667,10.241494, 218.603668, 1.000023
5, 712,24,211.966064, 211.964920, 119.127876, 64.605667,10.241494, 218.603668, 1.000005
5, 712,25,78.166924, 78.174759, 119.127876, 64.605667,10.241494, 218.603668, 0.999900
5, 712,26,136.292953, 136.291260, 119.127876, 64.605667,10.241494, 218.603668, 1.000012
5, 712,27,133.716248, 133.731903, 119.127876, 64.605667,10.241494, 218.603668, 0.999883
5, 712,28,208.223633, 208.215469, 119.127876, 64.605667,10.241494, 218.603668, 1.000039
5, 712,29,29.544430, 29.527863, 119.127876, 64.605667,10.241494, 218.603668, 1.000561
5, 712,30,10.241494, 10.243138, 119.127876, 64.605667,10.241494, 218.603668, 0.999839
5, 712,31,166.863937, 166.862732, 119.127876, 64.605667,10.241494, 218.603668, 1.000007
5, 713,0,14.399913, 14.384003, 119.129463, 63.000042,14.399913, 230.755234, 1.001106
5, 713,1,99.305695, 99.300682, 119.129463, 63.000042,14.399913, 230.755234, 1.000050
5, 713,2,18.157307, 18.151613, 119.129463, 63.000042,14.399913, 230.755234, 1.000314
5, 713,3,85.048744, 85.061333, 119.129463, 63.000042,14.399913, 230.755234, 0.999852
5, 713,4,175.353485, 175.345474, 119.129463, 63.000042,14.399913, 230.755234, 1.000046
5, 713,5,87.652054, 87.637711, 119.129463, 63.000042,14.399913, 230.755234, 1.000164
5, 713,6,150.479935, 150.482010, 119.129463, 63.000042,14.399913, 230.755234, 0.999986
5, 713,7,82.641998, 82.630394, 119.129463, 63.000042,14.399913, 230.755234, 1.000140
5, 713,8,116.397621, 116.407295, 119.129463, 63.000042,14.399913, 230.755234, 0.999917
5, 713,9,61.080650, 61.084370, 119.129463, 63.000042,14.399913, 230.755234, 0.999939
5, 713,10,230.755234, 230.751526, 119.129463, 63.000042,14.399913, 230.755234, 1.000016
5, 713,11,79.769890, 79.763130, 119.129463, 63.000042,14.399913, 230.755234, 1.000085
5, 713,12,53.409710, 53.417557, 119.129463, 63.000042,14.399913, 230.755234, 0.999853
5, 713,13,126.659485, 126.629715, 119.129463, 63.000042,14.399913, 230.755234, 1.000235
5, 713,14,57.332947, 57.337536, 119.129463, 63.000042,14.399913, 230.755234, 0.999920
5, 713,15,209.858521, 209.863449, 119.129463, 63.000042,14.399913, 230.755234, 0.999977
5, 713,16,206.402390, 206.386703, 119.129463, 63.000042,14.399913, 230.755234, 1.000076
5, 713,17,146.470367, 146.478928, 119.129463, 63.000042,14.399913, 230.755234, 0.999942
5, 713,18,178.929855, 178.939941, 119.129463, 63.000042,14.399913, 230.755234, 0.999944
5, 713,19,122.971863, 122.959068, 119.129463, 63.000042,14.399913, 230.755234, 1.000104
5, 713,20,119.605415, 119.600075, 119.129463, 63.000042,14.399913, 230.755234, 1.000045
5, 713,21,217.549210, 217.530243, 119.129463, 63.000042,14.399913, 230.755234, 1.000087
5, 713,22,144.054703, 144.047974, 119.129463, 63.000042,14.399913, 230.755234, 1.000047
5, 713,23,180.871658, 180.865295, 119.129463, 63.000042,14.399913, 230.755234, 1.000035
5, 713,24,210.794907, 210.791489, 119.129463, 63.000042,14.399913, 230.755234, 1.000016
5, 713,25,137.235367, 137.233032, 119.129463, 63.000042,14.399913, 230.755234, 1.000017
5, 713,26,18.372023, 18.366312, 119.129463, 63.000042,14.399913, 230.755234, 1.000311
5, 713,27,110.274162, 110.278000, 119.129463, 63.000042,14.399913, 230.755234, 0.999965
5, 713,28,53.143826, 53.119751, 119.129463, 63.000042,14.399913, 230.755234, 1.000453
5, 713,29,47.041031, 47.032013, 119.129463, 63.000042,14.399913, 230.755234, 1.000192
5, 713,30,184.798553, 184.792206, 119.129463, 63.000042,14.399913, 230.755234, 1.000034
5, 713,31,85.324310, 85.331436, 119.129463, 63.000042,14.399913, 230.755234, 0.999916
5, 714,0,34.535744, 34.546822, 119.123901, 67.072136,19.434889, 230.751923, 0.999679
5, 714,1,19.434889, 19.435375, 119.123901, 67.072136,19.434889, 230.751923, 0.999975
5, 714,2,221.522659, 221.519791, 119.123901, 67.072136,19.434889, 230.751923, 1.000013
5, 714,3,19.595968, 19.604105, 119.123901, 67.072136,19.434889, 230.751923, 0.999585
5, 714,4,216.505615, 216.505127, 119.123901, 67.072136,19.434889, 230.751923, 1.000002
5, 714,5,98.470924, 98.475204, 119.123901, 67.072136,19.434889, 230.751923, 0.999957
5, 714,6,79.737236, 79.732681, 119.123901, 67.072136,19.434889, 230.751923, 1.000057
5, 714,7,219.808914, 219.812241, 119.123901, 67.072136,19.434889, 230.751923, 0.999985
5, 714,8,108.599663, 108.605743, 119.123901, 67.072136,19.434889, 230.751923, 0.999944
5, 714,9,155.581467, 155.586884, 119.123901, 67.072136,19.434889, 230.751923, 0.999965
5, 714,10,169.532303, 169.530716, 119.123901, 67.072136,19.434889, 230.751923, 1.000009
5, 714,11,119.512856, 119.505684, 119.123901, 67.072136,19.434889, 230.751923, 1.000060
5, 714,12,141.114868, 141.123367, 119.123901, 67.072136,19.434889, 230.751923, 0.999940
5, 714,13,146.651260, 146.657700, 119.123901, 67.072136,19.434889, 230.751923, 0.999956
5, 714,14,89.852150, 89.856483, 119.123901, 67.072136,19.434889, 230.751923, 0.999952
5, 714,15,199.743210, 199.760376, 119.123901, 67.072136,19.434889, 230.751923, 0.999914
5, 714,16,41.937092, 41.937195, 119.123901, 67.072136,19.434889, 230.751923, 0.999998
5, 714,17,139.139206, 139.132355, 119.123901, 67.072136,19.434889, 230.751923, 1.000049
5, 714,18,226.377853, 226.358948, 119.123901, 67.072136,19.434889, 230.751923, 1.000084
5, 714,19,82.927063, 82.931808, 119.123901, 67.072136,19.434889, 230.751923, 0.999943
5, 714,20,43.457806, 43.455761, 119.123901, 67.072136,19.434889, 230.751923, 1.000047
5, 714,21,36.343319, 36.342110, 119.123901, 67.072136,19.434889, 230.751923, 1.000033
5, 714,22,62.746822, 62.758461, 119.123901, 67.072136,19.434889, 230.751923, 0.999815
5, 714,23,87.846077, 87.838463, 119.123901, 67.072136,19.434889, 230.751923, 1.000087
5, 714,24,115.055511, 115.037720, 119.123901, 67.072136,19.434889, 230.751923, 1.000155
5, 714,25,138.492798, 138.491180, 119.123901, 67.072136,19.434889, 230.751923, 1.000012
5, 714,26,174.463104, 174.477890, 119.123901, 67.072136,19.434889, 230.751923, 0.999915
5, 714,27,141.775467, 141.771286, 119.123901, 67.072136,19.434889, 230.751923, 1.000029
5, 714,28,47.683193, 47.707752, 119.123901, 67.072136,19.434889, 230.751923, 0.999485
5, 714,29,31.637220, 31.631170, 119.123901, 67.072136,19.434889, 230.751923, 1.000191
5, 714,30,171.131088, 171.130280, 119.123901, 67.072136,19.434889, 230.751923, 1.000005
5, 714,31,230.751923, 230.739166, 119.123901, 67.072136,19.434889, 230.751923, 1.000055
5, 715,0,10.922819, 10.910925, 119.126007, 71.193611,10.612118, 219.257217, 1.001090
5, 715,1,40.195301, 40.191582, 119.126007, 71.193611,10.612118, 219.257217, 1.000093
5, 715,2,218.311813, 218.313400, 119.126007, 71.193611,10.612118, 219.257217, 0.999993
5, 715,3,43.994770, 43.986008, 119.126007, 71.193611,10.612118, 219.257217, 1.000199
5, 715,4,200.591202, 200.592957, 119.126007, 71.193611,10.612118, 219.257217, 0.999991
5, 715,5,84.483437, 84.492661, 119.126007, 71.193611,10.612118, 219.257217, 0.999891
5, 715,6,212.025696, 212.015564, 119.126007, 71.193611,10.612118, 219.257217, 1.000048
5, 715,7,10.612118, 10.616021, 119.126007, 71.193611,10.612118, 219.257217, 0.999632
5, 715,8,119.038048, 119.022606, 119.126007, 71.193611,10.612118, 219.257217, 1.000130
5, 715,9,171.672760, 171.685852, 119.126007, 71.193611,10.612118, 219.257217, 0.999924
5, 715,10,168.373077, 168.376373, 119.126007, 71.193611,10.612118, 219.257217, 0.999980
5, 715,11,36.716888, 36.711720, 119.126007, 71.193611,10.612118, 219.257217, 1.000141
5, 715,12,211.324265, 211.320908, 119.126007, 71.193611,10.612118, 219.257217, 1.000016
5, 715,13,29.338570, 29.339127, 119.126007, 71.193611,10.612118, 219.257217, 0.999981
5, 715,14,185.499649, 185.500443, 119.126007, 71.193611,10.612118, 219.257217, 0.999996
5, 715,15,160.245377, 160.243576, 119.126007, 71.193611,10.612118, 219.257217, 1.000011
5, 715,16,118.346817, 118.334496, 119.126007, 71.193611,10.612118, 219.257217, 1.000104
5, 715,17,74.838669, 74.839485, 119.126007, 71.193611,10.612118, 219.257217, 0.999989
5, 715,18,25.063328, 25.059746, 119.126007, 71.193611,10.612118, 219.257217, 1.000143
5, 715,19,94.743698, 94.755310, 119.126007, 71.193611,10.612118, 219.257217, 0.999877
5, 715,20,160.575287, 160.571259, 119.126007, 71.193611,10.612118, 219.257217, 1.000025
5, 715,21,211.603317, 211.602692, 119.126007, 71.193611,10.612118, 219.257217, 1.000003
5, 715,22,66.248779, 66.254509, 119.126007, 71.193611,10.612118, 219.257217, 0.999914
5, 715,23,44.846142, 44.851055, 119.126007, 71.193611,10.612118, 219.257217, 0.999890
5, 715,24,99.694153, 99.696587, 119.126007, 71.193611,10.612118, 219.257217, 0.999976
5, 715,25,135.564713, 135.563416, 119.126007, 71.193611,10.612118, 219.257217, 1.000010
5, 715,26,91.041939, 91.039528, 119.126007, 71.193611,10.612118, 219.257217, 1.000026
5, 715,27,82.675194, 82.664261, 119.126007, 71.193611,10.612118, 219.257217, 1.000132
5, 715,28,69.635551, 69.642624, 119.126007, 71.193611,10.612118, 219.257217, 0.999898
5, 715,29,219.257217, 219.257080, 119.126007, 71.193611,10.612118, 219.257217, 1.000001
5, 715,30,201.989487, 201.995392, 119.126007, 71.193611,10.612118, 219.257217, 0.999971
5, 715,31,212.562332, 212.552948, 119.126007, 71.193611,10.612118, 219.257217, 1.000044
5, 716,0,78.970741, 78.972870, 119.125427, 56.966423,23.266039, 201.315491, 0.999973
5, 716,1,193.440094, 193.433884, 119.125427, 56.966423,23.266039, 201.315491, 1.000032
5, 716,2,109.863487, 109.858421, 119.125427, 56.966423,23.266039, 201.315491, 1.000046
5, 716,3,124.035088, 124.045288, 119.125427, 56.966423,23.266039, 201.315491, 0.999918
5, 716,4,25.812937, 25.814579, 119.125427, 56.966423,23.266039, 201.315491, 0.999936
5, 716,5,193.285797, 193.281647, 119.125427, 56.966423,23.266039, 201.315491, 1.000021
5, 716,6,91.958107, 91.953590, 119.125427, 56.966423,23.266039, 201.315491, 1.000049
5, 716,7,189.737610, 189.745178, 119.125427, 56.966423,23.266039, 201.315491, 0.999960
5, 716,8,113.866463, 113.863304, 119.125427, 56.966423,23.266039, 201.315491, 1.000028
5, 716,9,28.841352, 28.835800, 119.125427, 56.966423,23.266039, 201.315491, 1.000193
5, 716,10,106.666908, 106.673264, 119.125427, 56.966423,23.266039, 201.315491, 0.999940
5, 716,11,201.315491, 201.314819, 119.125427, 56.966423,23.266039, 201.315491, 1.000003
5, 716,12,23.266039, 23.267616, 119.125427, 56.966423,23.266039, 201.315491, 0.999932
5, 716,13,134.402908, 134.397095, 119.125427, 56.966423,23.266039, 201.315491, 1.000043
5, 716,14,139.125198, 139.145554, 119.125427, 56.966423,23.266039, 201.315491, 0.999854
5, 716,15,80.544373, 80.547897, 119.125427, 56.966423,23.266039, 201.315491, 0.999956
5, 716,16,69.317184, 69.300278, 119.125427, 56.966423,23.266039, 201.315491, 1.000244
5, 716,17,185.522171, 185.535370, 119.125427, 56.966423,23.266039, 201.315491, 0.999929
5, 716,18,161.873474, 161.874969, 119.125427, 56.966423,23.266039, 201.315491, 0.999991
5, 716,19,130.342514, 130.339508, 119.125427, 56.966423,23.266039, 201.315491, 1.000023
5, 716,20,120.924911, 120.930389, 119.125427, 56.966423,23.266039, 201.315491, 0.999955
5, 716,21,65.033607, 65.037773, 119.125427, 56.966423,23.266039, 201.315491, 0.999936
5, 716,22,42.786922, 42.800171, 119.125427, 56.966423,23.266039, 201.315491, 0.999690
5, 716,23,183.426453, 183.415833, 119.125427, 56.966423,23.266039, 201.315491, 1.000058
5, 716,24,164.069321, 164.070633, 119.125427, 56.966423,23.266039, 201.315491, 0.999992
5, 716,25,115.815636, 115.818901, 119.125427, 56.966423,23.266039, 201.315491, 0.999972
5, 716,26,57.725796, 57.713066, 119.125427, 56.966423,23.266039, 201.315491, 1.000221
5, 716,27,199.402771, 199.400192, 119.125427, 56.966423,23.266039, 201.315491, 1.000013
5, 716,28,165.191132, 165.183105, 119.125427, 56.966423,23.266039, 201.315491, 1.000049
5, 716,29,39.124310, 39.123180, 119.125427, 56.966423,23.266039, 201.315491, 1.000029
5, 716,30,94.585762, 94.570808, 119.125427, 56.966423,23.266039, 201.315491, 1.000158
5, 716,31,181.738754, 181.735413, 119.125427, 56.966423,23.266039, 201.315491, 1.000018
5, 717,0,63.095104, 63.095509, 119.122551, 65.903168,24.037964, 226.734772, 0.999994
5, 717,1,127.616524, 127.629021, 119.122551, 65.903168,24.037964, 226.734772, 0.999902
5, 717,2,164.351685, 164.353134, 119.122551, 65.903168,24.037964, 226.734772, 0.999991
5, 717,3,75.965034, 75.964928, 119.122551, 65.903168,24.037964, 226.734772, 1.000001
5, 717,4,210.074005, 210.065216, 119.122551, 65.903168,24.037964, 226.734772, 1.000042
5, 717,5,70.900497, 70.905045, 119.122551, 65.903168,24.037964, 226.734772, 0.999936
5, 717,6,198.228912, 198.221085, 119.122551, 65.903168,24.037964, 226.734772, 1.000039
5, 717,7,170.632446, 170.631393, 119.122551, 65.903168,24.037964, 226.734772, 1.000006
5, 717,8,193.264954, 193.261063, 119.122551, 65.903168,24.037964, 226.734772, 1.000020
5, 717,9,24.037964, 24.041183, 119.122551, 65.903168,24.037964, 226.734772, 0.999866
5, 717,10,44.767113, 44.773396, 119.122551, 65.903168,24.037964, 226.734772, 0.999860
5, 717,11,216.536026, 216.536545, 119.122551, 65.903168,24.037964, 226.734772, 0.999998
5, 717,12,171.015381, 171.017532, 119.122551, 65.903168,24.037964, 226.734772, 0.999987
5, 717,13,73.730904, 73.741241, 119.122551, 65.903168,24.037964, 226.734772, 0.999860
5, 717,14,49.448891, 49.447132, 119.122551, 65.903168,24.037964, 226.734772, 1.000036
5, 717,15,87.582916, 87.582687, 119.122551, 65.903168,24.037964, 226.734772, 1.000003
5, 717,16,81.539558, 81.550774, 119.122551, 65.903168,24.037964, 226.734772, 0.999862
5, 717,17,89.289055, 89.293732, 119.122551, 65.903168,24.037964, 226.734772, 0.999948
5, 717,18,134.507462, 134.513123, 119.122551, 65.903168,24.037964, 226.734772, 0.999958
5, 717,19,226.734772, 226.742859, 119.122551, 65.903168,24.037964, 226.734772, 0.999964
5, 717,20,39.257481, 39.267441, 119.122551, 65.903168,24.037964, 226.734772, 0.999746
5, 717,21,88.083153, 88.082024, 119.122551, 65.903168,24.037964, 226.734772, 1.000013
5, 717,22,147.818634, 147.821945, 119.122551, 65.903168,24.037964, 226.734772, 0.999978
5, 717,23,190.605637, 190.611282, 119.122551, 65.903168,24.037964, 226.734772, 0.999970
5, 717,24,37.786396, 37.789421, 119.122551, 65.903168,24.037964, 226.734772, 0.999920
5, 717,25,62.891567, 62.895779, 119.122551, 65.903168,24.037964, 226.734772, 0.999933
5, 717,26,80.816689, 80.825073, 119.122551, 65.903168,24.037964, 226.734772, 0.999896
5, 717,27,204.401917, 204.399460, 119.122551, 65.903168,24.037964, 226.734772, 1.000012
5, 717,28,221.009216, 221.003876, 119.122551, 65.903168,24.037964, 226.734772, 1.000024
5, 717,29,68.841301, 68.827820, 119.122551, 65.903168,24.037964, 226.734772, 1.000196
5, 717,30,162.518021, 162.515610, 119.122551, 65.903168,24.037964, 226.734772, 1.000015
5, 717,31,34.572067, 34.593704, 119.122551, 65.903168,24.037964, 226.734772, 0.999375
5, 718,0,37.965107, 37.972961, 119.122093, 51.247139,32.434017, 209.406082, 0.999793
5, 718,1,166.630997, 166.648590, 119.122093, 51.247139,32.434017, 209.406082, 0.999894
5, 718,2,72.395866, 72.402237, 119.122093, 51.247139,32.434017, 209.406082, 0.999912
5, 718,3,67.275764, 67.291534, 119.122093, 51.247139,32.434017, 209.406082, 0.999766
5, 718,4,161.245621, 161.252853, 119.122093, 51.247139,32.434017, 209.406082, 0.999955
5, 718,5,152.008530, 152.012497, 119.122093, 51.247139,32.434017, 209.406082, 0.999974
5, 718,6,116.833290, 116.840805, 119.122093, 51.247139,32.434017, 209.406082, 0.999936
5, 718,7,209.406082, 209.396851, 119.122093, 51.247139,32.434017, 209.406082, 1.000044
5, 718,8,32.434017, 32.411514, 119.122093, 51.247139,32.434017, 209.406082, 1.000694
5, 718,9,184.432602, 184.433289, 119.122093, 51.247139,32.434017, 209.406082, 0.999996
5, 718,10,118.424423, 118.425056, 119.122093, 51.247139,32.434017, 209.406082, 0.999995
5, 718,11,191.911514, 191.917053, 119.122093, 51.247139,32.434017, 209.406082, 0.999971
5, 718,12,140.489075, 140.485260, 119.122093, 51.247139,32.434017, 209.406082, 1.000027
5, 718,13,75.571640, 75.577377, 119.122093, 51.247139,32.434017, 209.406082, 0.999924
5, 718,14,172.637604, 172.647522, 119.122093, 51.247139,32.434017, 209.406082, 0.999943
5, 718,15,159.452286, 159.449860, 119.122093, 51.247139,32.434017, 209.406082, 1.000015
5, 718,16,170.118973, 170.128632, 119.122093, 51.247139,32.434017, 209.406082, 0.999943
5, 718,17,90.278816, 90.273117, 119.122093, 51.247139,32.434017, 209.406082, 1.000063
5, 718,18,116.817574, 116.807663, 119.122093, 51.247139,32.434017, 209.406082, 1.000085
5, 718,19,116.595253, 116.602173, 119.122093, 51.247139,32.434017, 209.406082, 0.999941
5, 718,20,146.209595, 146.212418, 119.122093, 51.247139,32.434017, 209.406082, 0.999981
5, 718,21,146.349762, 146.351608, 119.122093, 51.247139,32.434017, 209.406082, 0.999987
5, 718,22,111.396027, 111.411934, 119.122093, 51.247139,32.434017, 209.406082, 0.999857
5, 718,23,165.696136, 165.700684, 119.122093, 51.247139,32.434017, 209.406082, 0.999973
5, 718,24,73.708534, 73.708084, 119.122093, 51.247139,32.434017, 209.406082, 1.000006
5, 718,25,53.370525, 53.377979, 119.122093, 51.247139,32.434017, 209.406082, 0.999860
5, 718,26,59.651699, 59.655319, 119.122093, 51.247139,32.434017, 209.406082, 0.999939
5, 718,27,103.446899, 103.450912, 119.122093, 51.247139,32.434017, 209.406082, 0.999961
5, 718,28,197.304398, 197.319427, 119.122093, 51.247139,32.434017, 209.406082, 0.999924
5, 718,29,64.135590, 64.136299, 119.122093, 51.247139,32.434017, 209.406082, 0.999989
5, 718,30,43.768990, 43.773041, 119.122093, 51.247139,32.434017, 209.406082, 0.999907
5, 718,31,93.943489, 93.925514, 119.122093, 51.247139,32.434017, 209.406082, 1.000191
5, 719,0,207.653000, 207.658981, 119.123161, 63.661156,13.512396, 225.273254, 0.999971
5, 719,1,35.345497, 35.330872, 119.123161, 63.661156,13.512396, 225.273254, 1.000414
5, 719,2,158.440262, 158.453186, 119.123161, 63.661156,13.512396, 225.273254, 0.999918
5, 719,3,118.580048, 118.576286, 119.123161, 63.661156,13.512396, 225.273254, 1.000032
5, 719,4,149.481232, 149.481567, 119.123161, 63.661156,13.512396, 225.273254, 0.999998
5, 719,5,163.655334, 163.643387, 119.123161, 63.661156,13.512396, 225.273254, 1.000073
5, 719,6,167.973785, 167.970810, 119.123161, 63.661156,13.512396, 225.273254, 1.000018
5, 719,7,127.092606, 127.082817, 119.123161, 63.661156,13.512396, 225.273254, 1.000077
5, 719,8,106.431778, 106.423126, 119.123161, 63.661156,13.512396, 225.273254, 1.000081
5, 719,9,64.612770, 64.604950, 119.123161, 63.661156,13.512396, 225.273254, 1.000121
5, 719,10,225.273254, 225.278702, 119.123161, 63.661156,13.512396, 225.273254, 0.999976
5, 719,11,134.871246, 134.868118, 119.123161, 63.661156,13.512396, 225.273254, 1.000023
5, 719,12,58.582218, 58.578922, 119.123161, 63.661156,13.512396, 225.273254, 1.000056
5, 719,13,62.862209, 62.879375, 119.123161, 63.661156,13.512396, 225.273254, 0.999727
5, 719,14,218.010956, 218.019165, 119.123161, 63.661156,13.512396, 225.273254, 0.999962
5, 719,15,213.392258, 213.388428, 119.123161, 63.661156,13.512396, 225.273254, 1.000018
5, 719,16,36.284870, 36.288025, 119.123161, 63.661156,13.512396, 225.273254, 0.999913
5, 719,17,106.378326, 106.382683, 119.123161, 63.661156,13.512396, 225.273254, 0.999959
5, 719,18,75.182739, 75.174080, 119.123161, 63.661156,13.512396, 225.273254, 1.000115
5, 719,19,42.611652, 42.617371, 119.123161, 63.661156,13.512396, 225.273254, 0.999866
5, 719,20,58.874123, 58.888988, 119.123161, 63.661156,13.512396, 225.273254, 0.999748
5, 719,21,198.493973, 198.498627, 119.123161, 63.661156,13.512396, 225.273254, 0.999977
5, 719,22,154.680725, 154.691986, 119.123161, 63.661156,13.512396, 225.273254, 0.999927
5, 719,23,205.334991, 205.340256, 119.123161, 63.661156,13.512396, 225.273254, 0.999974
5, 719,24,144.645798, 144.648621, 119.123161, 63.661156,13.512396, 225.273254, 0.999981
5, 719,25,174.940872, 174.947235, 119.123161, 63.661156,13.512396, 225.273254, 0.999964
5, 719,26,63.018402, 63.020924, 119.123161, 63.661156,13.512396, 225.273254, 0.999960
5, 719,27,13.512396, 13.532032, 119.123161, 63.661156,13.512396, 225.273254, 0.998549
5, 719,28,122.699547, 122.714966, 119.123161, 63.661156,13.512396, 225.273254, 0.999874
5, 719,29,74.691422, 74.688759, 119.123161, 63.661156,13.512396, 225.273254, 1.000036
5, 719,30,110.003899, 110.009087, 119.123161, 63.661156,13.512396, 225.273254, 0.999953
5, 719,31,18.329370, 18.317802, 119.123161, 63.661156,13.512396, 225.273254, 1.000632
5, 720,0,207.759232, 207.757019, 119.127228, 84.468170,15.738669, 246.332779, 1.000011
5, 720,1,37.115814, 37.114792, 119.127228, 84.468170,15.738669, 246.332779, 1.000028
5, 720,2,232.514084, 232.514954, 119.127228, 84.468170,15.738669, 246.332779, 0.999996
5, 720,3,17.171070, 17.172724, 119.127228, 84.468170,15.738669, 246.332779, 0.999904
5, 720,4,210.842697, 210.836258, 119.127228, 84.468170,15.738669, 246.332779, 1.000031
5, 720,5,82.281281, 82.281792, 119.127228, 84.468170,15.738669, 246.332779, 0.999994
5, 720,6,31.421946, 31.416016, 119.127228, 84.468170,15.738669, 246.332779, 1.000189
5, 720,7,46.316605, 46.323315, 119.127228, 84.468170,15.738669, 246.332779, 0.999855
5, 720,8,94.184059, 94.182831, 119.127228, 84.468170,15.738669, 246.332779, 1.000013
5, 720,9,36.522598, 36.516457, 119.127228, 84.468170,15.738669, 246.332779, 1.000168
5, 720,10,175.819168, 175.819061, 119.127228, 84.468170,15.738669, 246.332779, 1.000001
5, 720,11,23.689899, 23.681442, 119.127228, 84.468170,15.738669, 246.332779, 1.000357
5, 720,12,25.457258, 25.454556, 119.127228, 84.468170,15.738669, 246.332779, 1.000106
5, 720,13,236.584259, 236.579269, 119.127228, 84.468170,15.738669, 246.332779, 1.000021
5, 720,14,124.948746, 124.945999, 119.127228, 84.468170,15.738669, 246.332779, 1.000022
5, 720,15,43.769253, 43.769447, 119.127228, 84.468170,15.738669, 246.332779, 0.999996
5, 720,16,120.458420, 120.465782, 119.127228, 84.468170,15.738669, 246.332779, 0.999939
5, 720,17,212.835556, 212.828278, 119.127228, 84.468170,15.738669, 246.332779, 1.000034
5, 720,18,100.260269, 100.253738, 119.127228, 84.468170,15.738669, 246.332779, 1.000065
5, 720,19,15.738669, 15.727964, 119.127228, 84.468170,15.738669, 246.332779, 1.000681
5, 720,20,246.103638, 246.101547, 119.127228, 84.468170,15.738669, 246.332779, 1.000008
5, 720,21,27.538662, 27.534134, 119.127228, 84.468170,15.738669, 246.332779, 1.000165
5, 720,22,89.228355, 89.235611, 119.127228, 84.468170,15.738669, 246.332779, 0.999919
5, 720,23,51.996342, 51.985611, 119.127228, 84.468170,15.738669, 246.332779, 1.000206
5, 720,24,199.229980, 199.227112, 119.127228, 84.468170,15.738669, 246.332779, 1.000014
5, 720,25,246.332779, 246.327744, 119.127228, 84.468170,15.738669, 246.332779, 1.000020
5, 720,26,80.493401, 80.486786, 119.127228, 84.468170,15.738669, 246.332779, 1.000082
5, 720,27,31.767864, 31.758965, 119.127228, 84.468170,15.738669, 246.332779, 1.000280
5, 720,28,209.194489, 209.194504, 119.127228, 84.468170,15.738669, 246.332779, 1.000000
5, 720,29,221.422424, 221.431183, 119.127228, 84.468170,15.738669, 246.332779, 0.999960
5, 720,30,103.289383, 103.281898, 119.127228, 84.468170,15.738669, 246.332779, 1.000072
5, 720,31,229.783051, 229.793274, 119.127228, 84.468170,15.738669, 246.332779, 0.999956
5, 721,0,113.296906, 113.296242, 119.124527, 45.426655,31.606594, 174.873642, 1.000006
5, 721,1,159.396439, 159.398697, 119.124527, 45.426655,31.606594, 174.873642, 0.999986
5, 721,2,141.875595, 141.870148, 119.124527, 45.426655,31.606594, 174.873642, 1.000038
5, 721,3,169.779465, 169.779922, 119.124527, 45.426655,31.606594, 174.873642, 0.999997
5, 721,4,67.826004, 67.827301, 119.124527, 45.426655,31.606594, 174.873642, 0.999981
5, 721,5,119.294807, 119.283836, 119.124527, 45.426655,31.606594, 174.873642, 1.000092
5, 721,6,64.920807, 64.925461, 119.124527, 45.426655,31.606594, 174.873642, 0.999928
5, 721,7,159.675613, 159.669464, 119.124527, 45.426655,31.606594, 174.873642, 1.000039
5, 721,8,138.562973, 138.564713, 119.124527, 45.426655,31.606594, 174.873642, 0.999987
5, 721,9,158.896042, 158.903122, 119.124527, 45.426655,31.606594, 174.873642, 0.999955
5, 721,10,80.253716, 80.257179, 119.124527, 45.426655,31.606594, 174.873642, 0.999957
5, 721,11,55.422840, 55.422966, 119.124527, 45.426655,31.606594, 174.873642, 0.999998
5, 721,12,95.384674, 95.389648, 119.124527, 45.426655,31.606594, 174.873642, 0.999948
5, 721,13,102.234673, 102.225319, 119.124527, 45.426655,31.606594, 174.873642, 1.000092
5, 721,14,50.642704, 50.646172, 119.124527, 45.426655,31.606594, 174.873642, 0.999932
5, 721,15,171.990021, 171.981842, 119.124527, 45.426655,31.606594, 174.873642, 1.000048
5, 721,16,36.917522, 36.928856, 119.124527, 45.426655,31.606594, 174.873642, 0.999693
5, 721,17,122.350212, 122.333847, 119.124527, 45.426655,31.606594, 174.873642, 1.000134
5, 721,18,142.583939, 142.580276, 119.124527, 45.426655,31.606594, 174.873642, 1.000026
5, 721,19,45.283386, 45.276749, 119.124527, 45.426655,31.606594, 174.873642, 1.000147
5, 721,20,161.037064, 161.033539, 119.124527, 45.426655,31.606594, 174.873642, 1.000022
5, 721,21,111.619362, 111.620537, 119.124527, 45.426655,31.606594, 174.873642, 0.999989
5, 721,22,141.751923, 141.752655, 119.124527, 45.426655,31.606594, 174.873642, 0.999995
5, 721,23,171.814240, 171.818359, 119.124527, 45.426655,31.606594, 174.873642, 0.999976
5, 721,24,170.706757, 170.714844, 119.124527, 45.426655,31.606594, 174.873642, 0.999953
5, 721,25,145.691986, 145.696701, 119.124527, 45.426655,31.606594, 174.873642, 0.999968
5, 721,26,174.873642, 174.878571, 119.124527, 45.426655,31.606594, 174.873642, 0.999972
5, 721,27,31.606594, 31.620739, 119.124527, 45.426655,31.606594, 174.873642, 0.999553
5, 721,28,120.324158, 120.336266, 119.124527, 45.426655,31.606594, 174.873642, 0.999899
5, 721,29,141.969162, 141.962128, 119.124527, 45.426655,31.606594, 174.873642, 1.000050
5, 721,30,164.483963, 164.482010, 119.124527, 45.426655,31.606594, 174.873642, 1.000012
5, 721,31,79.517822, 79.521507, 119.124527, 45.426655,31.606594, 174.873642, 0.999954
5, 722,0,100.618317, 100.617401, 119.123344, 68.752594,12.169167, 230.054642, 1.000009
5, 722,1,111.983459, 111.989388, 119.123344, 68.752594,12.169167, 230.054642, 0.999947
5, 722,2,166.060410, 166.057800, 119.123344, 68.752594,12.169167, 230.054642, 1.000016
5, 722,3,102.871109, 102.867393, 119.123344, 68.752594,12.169167, 230.054642, 1.000036
5, 722,4,29.425762, 29.433815, 119.123344, 68.752594,12.169167, 230.054642, 0.999726
5, 722,5,61.828510, 61.826046, 119.123344, 68.752594,12.169167, 230.054642, 1.000040
5, 722,6,85.029427, 85.035263, 119.123344, 68.752594,12.169167, 230.054642, 0.999931
5, 722,7,109.555885, 109.556343, 119.123344, 68.752594,12.169167, 230.054642, 0.999996
5, 722,8,12.169167, 12.173719, 119.123344, 68.752594,12.169167, 230.054642, 0.999626
5, 722,9,224.811600, 224.816864, 119.123344, 68.752594,12.169167, 230.054642, 0.999977
5, 722,10,153.276367, 153.274811, 119.123344, 68.752594,12.169167, 230.054642, 1.000010
5, 722,11,59.290764, 59.301479, 119.123344, 68.752594,12.169167, 230.054642, 0.999819
5, 722,12,219.379974, 219.378754, 119.123344, 68.752594,12.169167, 230.054642, 1.000006
5, 722,13,123.652733, 123.643578, 119.123344, 68.752594,12.169167, 230.054642, 1.000074
5, 722,14,75.344406, 75.341240, 119.123344, 68.752594,12.169167, 230.054642, 1.000042
5, 722,15,147.349274, 147.348557, 119.123344, 68.752594,12.169167, 230.054642, 1.000005
5, 722,16,14.162274, 14.164389, 119.123344, 68.752594,12.169167, 230.054642, 0.999851
5, 722,17,197.808441, 197.809357, 119.123344, 68.752594,12.169167, 230.054642, 0.999995
5, 722,18,71.905365, 71.909058, 119.123344, 68.752594,12.169167, 230.054642, 0.999949
5, 722,19,217.501709, 217.502487, 119.123344, 68.752594,12.169167, 230.054642, 0.999996
5, 722,20,222.099991, 222.109253, 119.123344, 68.752594,12.169167, 230.054642, 0.999958
5, 722,21,23.830065, 23.827904, 119.123344, 68.752594,12.169167, 230.054642, 1.000091
5, 722,22,127.346992, 127.350334, 119.123344, 68.752594,12.169167, 230.054642, 0.999974
5, 722,23,51.228172, 51.224396, 119.123344, 68.752594,12.169167, 230.054642, 1.000074
5, 722,24,170.710876, 170.717941, 119.123344, 68.752594,12.169167, 230.054642, 0.999959
5, 722,25,230.054642, 230.056671, 119.123344, 68.752594,12.169167, 230.054642, 0.999991
5, 722,26,149.618561, 149.613800, 119.123344, 68.752594,12.169167, 230.054642, 1.000032
5, 722,27,168.826447, 168.834045, 119.123344, 68.752594,12.169167, 230.054642, 0.999955
5, 722,28,190.665421, 190.670395, 119.123344, 68.752594,12.169167, 230.054642, 0.999974
5, 722,29,22.748110, 22.760113, 119.123344, 68.752594,12.169167, 230.054642, 0.999473
5, 722,30,50.585941, 50.583725, 119.123344, 68.752594,12.169167, 230.054642, 1.000044
5, 722,31,120.206642, 120.203758, 119.123344, 68.752594,12.169167, 230.054642, 1.000024
5, 723,0,139.268478, 139.266693, 119.124794, 67.081078,9.997718, 233.675201, 1.000013
5, 723,1,100.573166, 100.563087, 119.124794, 67.081078,9.997718, 233.675201, 1.000100
5, 723,2,118.823082, 118.817413, 119.124794, 67.081078,9.997718, 233.675201, 1.000048
5, 723,3,105.452843, 105.467033, 119.124794, 67.081078,9.997718, 233.675201, 0.999865
5, 723,4,208.743378, 208.748398, 119.124794, 67.081078,9.997718, 233.675201, 0.999976
5, 723,5,171.011200, 171.017258, 119.124794, 67.081078,9.997718, 233.675201, 0.999965
5, 723,6,17.175425, 17.182255, 119.124794, 67.081078,9.997718, 233.675201, 0.999602
5, 723,7,200.714462, 200.711792, 119.124794, 67.081078,9.997718, 233.675201, 1.000013
5, 723,8,193.218140, 193.223907, 119.124794, 67.081078,9.997718, 233.675201, 0.999970
5, 723,9,27.972486, 27.969528, 119.124794, 67.081078,9.997718, 233.675201, 1.000106
5, 723,10,62.525272, 62.526318, 119.124794, 67.081078,9.997718, 233.675201, 0.999983
5, 723,11,204.756653, 204.768295, 119.124794, 67.081078,9.997718, 233.675201, 0.999943
5, 723,12,63.595531, 63.589069, 119.124794, 67.081078,9.997718, 233.675201, 1.000102
5, 723,13,88.717308, 88.713066, 119.124794, 67.081078,9.997718, 233.675201, 1.000048
5, 723,14,175.334549, 175.337738, 119.124794, 67.081078,9.997718, 233.675201, 0.999982
5, 723,15,139.285248, 139.308365, 119.124794, 67.081078,9.997718, 233.675201, 0.999834
5, 723,16,63.876438, 63.866913, 119.124794, 67.081078,9.997718, 233.675201, 1.000149
5, 723,17,173.400146, 173.378937, 119.124794, 67.081078,9.997718, 233.675201, 1.000122
5, 723,18,35.076900, 35.089272, 119.124794, 67.081078,9.997718, 233.675201, 0.999647
5, 723,19,18.229998, 18.231113, 119.124794, 67.081078,9.997718, 233.675201, 0.999939
5, 723,20,150.252716, 150.248459, 119.124794, 67.081078,9.997718, 233.675201, 1.000028
5, 723,21,78.351120, 78.356453, 119.124794, 67.081078,9.997718, 233.675201, 0.999932
5, 723,22,233.675201, 233.664017, 119.124794, 67.081078,9.997718, 233.675201, 1.000048
5, 723,23,57.640911, 57.643219, 119.124794, 67.081078,9.997718, 233.675201, 0.999960
5, 723,24,186.249527, 186.250031, 119.124794, 67.081078,9.997718, 233.675201, 0.999997
5, 723,25,157.183350, 157.194550, 119.124794, 67.081078,9.997718, 233.675201, 0.999929
5, 723,26,219.550079, 219.521790, 119.124794, 67.081078,9.997718, 233.675201, 1.000129
5, 723,27,43.333527, 43.348167, 119.124794, 67.081078,9.997718, 233.675201, 0.999662
5, 723,28,161.457413, 161.459457, 119.124794, 67.081078,9.997718, 233.675201, 0.999987
5, 723,29,9.997718, 10.000000, 119.124794, 67.081078,9.997718, 233.675201, 0.999772
5, 723,30,95.743752, 95.735558, 119.124794, 67.081078,9.997718, 233.675201, 1.000086
5, 723,31,110.807465, 110.801628, 119.124794, 67.081078,9.997718, 233.675201, 1.000053
5, 724,0,47.468922, 47.478691, 119.126404, 80.145622,13.463939, 268.572693, 0.999794
5, 724,1,109.422501, 109.432945, 119.126404, 80.145622,13.463939, 268.572693, 0.999905
5, 724,2,21.079473, 21.073792, 119.126404, 80.145622,13.463939, 268.572693, 1.000270
5, 724,3,79.779640, 79.775269, 119.126404, 80.145622,13.463939, 268.572693, 1.000055
5, 724,4,133.860657, 133.868637, 119.126404, 80.145622,13.463939, 268.572693, 0.999940
5, 724,5,55.907379, 55.905617, 119.126404, 80.145622,13.463939, 268.572693, 1.000031
5, 724,6,193.930603, 193.917435, 119.126404, 80.145622,13.463939, 268.572693, 1.000068
5, 724,7,249.561844, 249.573441, 119.126404, 80.145622,13.463939, 268.572693, 0.999954
5, 724,8,86.751350, 86.751198, 119.126404, 80.145622,13.463939, 268.572693, 1.000002
5, 724,9,111.077324, 111.059326, 119.126404, 80.145622,13.463939, 268.572693, 1.000162
5, 724,10,42.609119, 42.599525, 119.126404, 80.145622,13.463939, 268.572693, 1.000225
5, 724,11,88.023430, 88.026794, 119.126404, 80.145622,13.463939, 268.572693, 0.999962
5, 724,12,218.235428, 218.233551, 119.126404, 80.145622,13.463939, 268.572693, 1.000009
5, 724,13,60.227196, 60.218739, 119.126404, 80.145622,13.463939, 268.572693, 1.000140
5, 724,14,266.949463, 266.945496, 119.126404, 80.145622,13.463939, 268.572693, 1.000015
5, 724,15,71.492516, 71.475891, 119.126404, 80.145622,13.463939, 268.572693, 1.000233
5, 724,16,123.478806, 123.480476, 119.126404, 80.145622,13.463939, 268.572693, 0.999986
5, 724,17,265.873291, 265.877136, 119.126404, 80.145622,13.463939, 268.572693, 0.999986
5, 724,18,114.813118, 114.822342, 119.126404, 80.145622,13.463939, 268.572693, 0.999920
5, 724,19,13.463939, 13.460062, 119.126404, 80.145622,13.463939, 268.572693, 1.000288
5, 724,20,245.217239, 245.188568, 119.126404, 80.145622,13.463939, 268.572693, 1.000117
5, 724,21,142.006943, 142.016525, 119.126404, 80.145622,13.463939, 268.572693, 0.999933
5, 724,22,32.588680, 32.578102, 119.126404, 80.145622,13.463939, 268.572693, 1.000325
5, 724,23,28.209419, 28.201202, 119.126404, 80.145622,13.463939, 268.572693, 1.000291
5, 724,24,191.299149, 191.294495, 119.126404, 80.145622,13.463939, 268.572693, 1.000024
5, 724,25,98.528229, 98.534538, 119.126404, 80.145622,13.463939, 268.572693, 0.999936
5, 724,26,174.938141, 174.942902, 119.126404, 80.145622,13.463939, 268.572693, 0.999973
5, 724,27,70.038658, 70.032883, 119.126404, 80.145622,13.463939, 268.572693, 1.000082
5, 724,28,18.797661, 18.817577, 119.126404, 80.145622,13.463939, 268.572693, 0.998942
5, 724,29,73.672966, 73.676300, 119.126404, 80.145622,13.463939, 268.572693, 0.999955
5, 724,30,268.572693, 268.563904, 119.126404, 80.145622,13.463939, 268.572693, 1.000033
5, 724,31,114.169273, 114.176567, 119.126404, 80.145622,13.463939, 268.572693, 0.999936
5, 725,0,91.241768, 91.238014, 119.125809, 53.742329,13.688258, 205.668503, 1.000041
5, 725,1,141.378723, 141.383331, 119.125809, 53.742329,13.688258, 205.668503, 0.999967
5, 725,2,143.548096, 143.533569, 119.125809, 53.742329,13.688258, 205.668503, 1.000101
5, 725,3,33.027615, 33.035454, 119.125809, 53.742329,13.688258, 205.668503, 0.999763
5, 725,4,115.954857, 115.947220, 119.125809, 53.742329,13.688258, 205.668503, 1.000066
5, 725,5,193.370636, 193.379578, 119.125809, 53.742329,13.688258, 205.668503, 0.999954
5, 725,6,141.241455, 141.242844, 119.125809, 53.742329,13.688258, 205.668503, 0.999990
5, 725,7,184.424911, 184.424393, 119.125809, 53.742329,13.688258, 205.668503, 1.000003
5, 725,8,13.688258, 13.671257, 119.125809, 53.742329,13.688258, 205.668503, 1.001244
5, 725,9,90.790092, 90.785973, 119.125809, 53.742329,13.688258, 205.668503, 1.000045
5, 725,10,138.967270, 138.958237, 119.125809, 53.742329,13.688258, 205.668503, 1.000065
5, 725,11,131.986694, 131.988342, 119.125809, 53.742329,13.688258, 205.668503, 0.999988
5, 725,12,114.670639, 114.676628, 119.125809, 53.742329,13.688258, 205.668503, 0.999948
5, 725,13,58.676033, 58.691490, 119.125809, 53.742329,13.688258, 205.668503, 0.999737
5, 725,14,117.132828, 117.120064, 119.125809, 53.742329,13.688258, 205.668503, 1.000109
5, 725,15,68.956169, 68.978348, 119.125809, 53.742329,13.688258, 205.668503, 0.999678
5, 725,16,136.035187, 136.032227, 119.125809, 53.742329,13.688258, 205.668503, 1.000022
5, 725,17,155.555481, 155.549133, 119.125809, 53.742329,13.688258, 205.668503, 1.000041
5, 725,18,169.889542, 169.879883, 119.125809, 53.742329,13.688258, 205.668503, 1.000057
5, 725,19,205.668503, 205.670044, 119.125809, 53.742329,13.688258, 205.668503, 0.999992
5, 725,20,70.595001, 70.597122, 119.125809, 53.742329,13.688258, 205.668503, 0.999970
5, 725,21,33.021385, 33.017128, 119.125809, 53.742329,13.688258, 205.668503, 1.000129
5, 725,22,149.526459, 149.532196, 119.125809, 53.742329,13.688258, 205.668503, 0.999962
5, 725,23,59.477940, 59.485607, 119.125809, 53.742329,13.688258, 205.668503, 0.999871
5, 725,24,39.684479, 39.675484, 119.125809, 53.742329,13.688258, 205.668503, 1.000227
5, 725,25,203.769913, 203.770279, 119.125809, 53.742329,13.688258, 205.668503, 0.999998
5, 725,26,191.798019, 191.803558, 119.125809, 53.742329,13.688258, 205.668503, 0.999971
5, 725,27,106.919525, 106.912628, 119.125809, 53.742329,13.688258, 205.668503, 1.000064
5, 725,28,66.308350, 66.308899, 119.125809, 53.742329,13.688258, 205.668503, 0.999992
5, 725,29,144.548325, 144.547592, 119.125809, 53.742329,13.688258, 205.668503, 1.000005
5, 725,30,126.483864, 126.490623, 119.125809, 53.742329,13.688258, 205.668503, 0.999947
5, 725,31,173.687592, 173.673309, 119.125809, 53.742329,13.688258, 205.668503, 1.000082
5, 726,0,27.041821, 27.042768, 119.123688, 63.719780,14.540474, 213.876129, 0.999965
5, 726,1,76.982056, 76.977081, 119.123688, 63.719780,14.540474, 213.876129, 1.000065
5, 726,2,88.319672, 88.336700, 119.123688, 63.719780,14.540474, 213.876129, 0.999807
5, 726,3,52.608158, 52.630264, 119.123688, 63.719780,14.540474, 213.876129, 0.999580
5, 726,4,139.751892, 139.745163, 119.123688, 63.719780,14.540474, 213.876129, 1.000048
5, 726,5,122.322823, 122.328850, 119.123688, 63.719780,14.540474, 213.876129, 0.999951
5, 726,6,93.259422, 93.266098, 119.123688, 63.719780,14.540474, 213.876129, 0.999928
5, 726,7,112.245605, 112.249939, 119.123688, 63.719780,14.540474, 213.876129, 0.999961
5, 726,8,212.835464, 212.845627, 119.123688, 63.719780,14.540474, 213.876129, 0.999952
5, 726,9,126.002907, 126.010887, 119.123688, 63.719780,14.540474, 213.876129, 0.999937
5, 726,10,192.358688, 192.360947, 119.123688, 63.719780,14.540474, 213.876129, 0.999988
5, 726,11,207.249985, 207.262527, 119.123688, 63.719780,14.540474, 213.876129, 0.999940
5, 726,12,79.851151, 79.845329, 119.123688, 63.719780,14.540474, 213.876129, 1.000073
5, 726,13,16.428947, 16.423557, 119.123688, 63.719780,14.540474, 213.876129, 1.000328
5, 726,14,18.644623, 18.664797, 119.123688, 63.719780,14.540474, 213.876129, 0.998919
5, 726,15,14.540474, 14.535845, 119.123688, 63.719780,14.540474, 213.876129, 1.000318
5, 726,16,64.313515, 64.296722, 119.123688, 63.719780,14.540474, 213.876129, 1.000261
5, 726,17,213.876129, 213.866196, 119.123688, 63.719780,14.540474, 213.876129, 1.000046
5, 726,18,149.215149, 149.217072, 119.123688, 63.719780,14.540474, 213.876129, 0.999987
5, 726,19,48.552902, 48.554676, 119.123688, 63.719780,14.540474, 213.876129, 0.999963
5, 726,20,82.495514, 82.486794, 119.123688, 63.719780,14.540474, 213.876129, 1.000106
5, 726,21,196.903625, 196.890121, 119.123688, 63.719780,14.540474, 213.876129, 1.000069
5, 726,22,203.905838, 203.907333, 119.123688, 63.719780,14.540474, 213.876129, 0.999993
5, 726,23,179.297928, 179.287064, 119.123688, 63.719780,14.540474, 213.876129, 1.000061
5, 726,24,73.339790, 73.348404, 119.123688, 63.719780,14.540474, 213.876129, 0.999883
5, 726,25,81.348984, 81.352837, 119.123688, 63.719780,14.540474, 213.876129, 0.999953
5, 726,26,146.483734, 146.482224, 119.123688, 63.719780,14.540474, 213.876129, 1.000010
5, 726,27,127.989456, 127.991989, 119.123688, 63.719780,14.540474, 213.876129, 0.999980
5, 726,28,177.781631, 177.786224, 119.123688, 63.719780,14.540474, 213.876129, 0.999974
5, 726,29,109.765137, 109.768562, 119.123688, 63.719780,14.540474, 213.876129, 0.999969
5, 726,30,204.504471, 204.507675, 119.123688, 63.719780,14.540474, 213.876129, 0.999984
5, 726,31,171.740753, 171.729538, 119.123688, 63.719780,14.540474, 213.876129, 1.000065
5, 727,0,71.688538, 71.690063, 119.125565, 67.730446,10.932899, 223.400375, 0.999979
5, 727,1,51.267422, 51.265690, 119.125565, 67.730446,10.932899, 223.400375, 1.000034
5, 727,2,176.214233, 176.215912, 119.125565, 67.730446,10.932899, 223.400375, 0.999990
5, 727,3,174.360504, 174.359146, 119.125565, 67.730446,10.932899, 223.400375, 1.000008
5, 727,4,37.373104, 37.369301, 119.125565, 67.730446,10.932899, 223.400375, 1.000102
5, 727,5,188.361649, 188.366287, 119.125565, 67.730446,10.932899, 223.400375, 0.999975
5, 727,6,123.251579, 123.242859, 119.125565, 67.730446,10.932899, 223.400375, 1.000071
5, 727,7,10.932899, 10.931638, 119.125565, 67.730446,10.932899, 223.400375, 1.000115
5, 727,8,90.837128, 90.837494, 119.125565, 67.730446,10.932899, 223.400375, 0.999996
5, 727,9,213.058380, 213.070984, 119.125565, 67.730446,10.932899, 223.400375, 0.999941
5, 727,10,94.630905, 94.635704, 119.125565, 67.730446,10.932899, 223.400375, 0.999949
5, 727,11,79.081284, 79.078003, 119.125565, 67.730446,10.932899, 223.400375, 1.000041
5, 727,12,223.400375, 223.397171, 119.125565, 67.730446,10.932899, 223.400375, 1.000014
5, 727,13,87.363655, 87.365028, 119.125565, 67.730446,10.932899, 223.400375, 0.999984
5, 727,14,76.548012, 76.537178, 119.125565, 67.730446,10.932899, 223.400375, 1.000142
5, 727,15,56.881344, 56.868549, 119.125565, 67.730446,10.932899, 223.400375, 1.000225
5, 727,16,36.271118, 36.261765, 119.125565, 67.730446,10.932899, 223.400375, 1.000258
5, 727,17,84.583611, 84.583145, 119.125565, 67.730446,10.932899, 223.400375, 1.000005
5, 727,18,203.459976, 203.474457, 119.125565, 67.730446,10.932899, 223.400375, 0.999929
5, 727,19,199.624634, 199.643677, 119.125565, 67.730446,10.932899, 223.400375, 0.999905
5, 727,20,95.672127, 95.671585, 119.125565, 67.730446,10.932899, 223.400375, 1.000006
5, 727,21,166.402390, 166.397873, 119.125565, 67.730446,10.932899, 223.400375, 1.000027
5, 727,22,199.009689, 199.011703, 119.125565, 67.730446,10.932899, 223.400375, 0.999990
5, 727,23,55.928417, 55.930397, 119.125565, 67.730446,10.932899, 223.400375, 0.999965
5, 727,24,154.634308, 154.631882, 119.125565, 67.730446,10.932899, 223.400375, 1.000016
5, 727,25,220.826050, 220.823761, 119.125565, 67.730446,10.932899, 223.400375, 1.000010
5, 727,26,76.031784, 76.048553, 119.125565, 67.730446,10.932899, 223.400375, 0.999779
5, 727,27,22.418478, 22.404465, 119.125565, 67.730446,10.932899, 223.400375, 1.000625
5, 727,28,171.966248, 171.961639, 119.125565, 67.730446,10.932899, 223.400375, 1.000027
5, 727,29,20.451918, 20.449978, 119.125565, 67.730446,10.932899, 223.400375, 1.000095
5, 727,30,182.135834, 182.131485, 119.125565, 67.730446,10.932899, 223.400375, 1.000024
5, 727,31,167.350296, 167.342545, 119.125565, 67.730446,10.932899, 223.400375, 1.000046
5, 728,0,164.395615, 164.407181, 119.126411, 72.961044,17.695547, 268.345428, 0.999930
5, 728,1,268.345428, 268.343597, 119.126411, 72.961044,17.695547, 268.345428, 1.000007
5, 728,2,76.220680, 76.224907, 119.126411, 72.961044,17.695547, 268.345428, 0.999945
5, 728,3,46.006252, 45.996613, 119.126411, 72.961044,17.695547, 268.345428, 1.000210
5, 728,4,144.606781, 144.591385, 119.126411, 72.961044,17.695547, 268.345428, 1.000106
5, 728,5,17.695547, 17.704769, 119.126411, 72.961044,17.695547, 268.345428, 0.999479
5, 728,6,254.960709, 254.977203, 119.126411, 72.961044,17.695547, 268.345428, 0.999935
5, 728,7,93.464600, 93.456024, 119.126411, 72.961044,17.695547, 268.345428, 1.000092
5, 728,8,45.546722, 45.537121, 119.126411, 72.961044,17.695547, 268.345428, 1.000211
5, 728,9,179.163162, 179.160294, 119.126411, 72.961044,17.695547, 268.345428, 1.000016
5, 728,10,195.049728, 195.053940, 119.126411, 72.961044,17.695547, 268.345428, 0.999978
5, 728,11,23.366896, 23.358215, 119.126411, 72.961044,17.695547, 268.345428, 1.000372
5, 728,12,85.856186, 85.857925, 119.126411, 72.961044,17.695547, 268.345428, 0.999980
5, 728,13,100.163956, 100.151535, 119.126411, 72.961044,17.695547, 268.345428, 1.000124
5, 728,14,96.641052, 96.639679, 119.126411, 72.961044,17.695547, 268.345428, 1.000014
5, 728,15,71.322449, 71.342758, 119.126411, 72.961044,17.695547, 268.345428, 0.999715
5, 728,16,142.258652, 142.261108, 119.126411, 72.961044,17.695547, 268.345428, 0.999983
5, 728,17,147.548386, 147.545303, 119.126411, 72.961044,17.695547, 268.345428, 1.000021
5, 728,18,78.167007, 78.177773, 119.126411, 72.961044,17.695547, 268.345428, 0.999862
5, 728,19,123.788857, 123.790977, 119.126411, 72.961044,17.695547, 268.345428, 0.999983
5, 728,20,233.792862, 233.774719, 119.126411, 72.961044,17.695547, 268.345428, 1.000078
5, 728,21,19.684978, 19.682243, 119.126411, 72.961044,17.695547, 268.345428, 1.000139
5, 728,22,30.650738, 30.636309, 119.126411, 72.961044,17.695547, 268.345428, 1.000471
5, 728,23,188.593353, 188.588181, 119.126411, 72.961044,17.695547, 268.345428, 1.000027
5, 728,24,84.322365, 84.307129, 119.126411, 72.961044,17.695547, 268.345428, 1.000181
5, 728,25,92.320724, 92.299072, 119.126411, 72.961044,17.695547, 268.345428, 1.000235
5, 728,26,50.062538, 50.066437, 119.126411, 72.961044,17.695547, 268.345428, 0.999922
5, 728,27,206.713791, 206.713669, 119.126411, 72.961044,17.695547, 268.345428, 1.000001
5, 728,28,124.669380, 124.668953, 119.126411, 72.961044,17.695547, 268.345428, 1.000003
5, 728,29,59.280205, 59.289188, 119.126411, 72.961044,17.695547, 268.345428, 0.999848
5, 728,30,112.247696, 112.254341, 119.126411, 72.961044,17.695547, 268.345428, 0.999941
5, 728,31,255.137497, 255.141296, 119.126411, 72.961044,17.695547, 268.345428, 0.999985
5, 729,0,168.693695, 168.696350, 119.123901, 55.174717,10.464641, 191.246582, 0.999984
5, 729,1,16.189957, 16.178808, 119.123901, 55.174717,10.464641, 191.246582, 1.000689
5, 729,2,143.491852, 143.477737, 119.123901, 55.174717,10.464641, 191.246582, 1.000098
5, 729,3,121.011703, 121.008347, 119.123901, 55.174717,10.464641, 191.246582, 1.000028
5, 729,4,188.413559, 188.422073, 119.123901, 55.174717,10.464641, 191.246582, 0.999955
5, 729,5,104.652542, 104.662430, 119.123901, 55.174717,10.464641, 191.246582, 0.999906
5, 729,6,98.102776, 98.101952, 119.123901, 55.174717,10.464641, 191.246582, 1.000008
5, 729,7,145.301163, 145.308701, 119.123901, 55.174717,10.464641, 191.246582, 0.999948
5, 729,8,74.645187, 74.658989, 119.123901, 55.174717,10.464641, 191.246582, 0.999815
5, 729,9,66.163948, 66.156898, 119.123901, 55.174717,10.464641, 191.246582, 1.000107
5, 729,10,141.179825, 141.176590, 119.123901, 55.174717,10.464641, 191.246582, 1.000023
5, 729,11,62.408279, 62.406467, 119.123901, 55.174717,10.464641, 191.246582, 1.000029
5, 729,12,153.617477, 153.622711, 119.123901, 55.174717,10.464641, 191.246582, 0.999966
5, 729,13,68.428871, 68.435921, 119.123901, 55.174717,10.464641, 191.246582, 0.999897
5, 729,14,45.979103, 45.983124, 119.123901, 55.174717,10.464641, 191.246582, 0.999913
5, 729,15,175.856873, 175.848709, 119.123901, 55.174717,10.464641, 191.246582, 1.000046
5, 729,16,191.246582, 191.248718, 119.123901, 55.174717,10.464641, 191.246582, 0.999989
5, 729,17,143.203949, 143.212219, 119.123901, 55.174717,10.464641, 191.246582, 0.999942
5, 729,18,187.929825, 187.946350, 119.123901, 55.174717,10.464641, 191.246582, 0.999912
5, 729,19,32.134224, 32.126438, 119.123901, 55.174717,10.464641, 191.246582, 1.000242
5, 729,20,164.326859, 164.320847, 119.123901, 55.174717,10.464641, 191.246582, 1.000037
5, 729,21,70.699814, 70.698349, 119.123901, 55.174717,10.464641, 191.246582, 1.000021
5, 729,22,10.464641, 10.464655, 119.123901, 55.174717,10.464641, 191.246582, 0.999999
5, 729,23,145.555466, 145.552094, 119.123901, 55.174717,10.464641, 191.246582, 1.000023
5, 729,24,92.973885, 92.974152, 119.123901, 55.174717,10.464641, 191.246582, 0.999997
5, 729,25,85.783020, 85.777519, 119.123901, 55.174717,10.464641, 191.246582, 1.000064
5, 729,26,188.609222, 188.599075, 119.123901, 55.174717,10.464641, 191.246582, 1.000054
5, 729,27,61.513977, 61.532475, 119.123901, 55.174717,10.464641, 191.246582, 0.999699
5, 729,28,163.964996, 163.972351, 119.123901, 55.174717,10.464641, 191.246582, 0.999955
5, 729,29,168.493729, 168.502747, 119.123901, 55.174717,10.464641, 191.246582, 0.999946
5, 729,30,158.141251, 158.130966, 119.123901, 55.174717,10.464641, 191.246582, 1.000065
5, 729,31,172.786819, 172.795273, 119.123901, 55.174717,10.464641, 191.246582, 0.999951
5, 730,0,139.401016, 139.398544, 119.124443, 66.285469,12.930819, 249.201584, 1.000018
5, 730,1,158.250961, 158.245117, 119.124443, 66.285469,12.930819, 249.201584, 1.000037
5, 730,2,220.623016, 220.621445, 119.124443, 66.285469,12.930819, 249.201584, 1.000007
5, 730,3,144.566803, 144.570389, 119.124443, 66.285469,12.930819, 249.201584, 0.999975
5, 730,4,191.792068, 191.796417, 119.124443, 66.285469,12.930819, 249.201584, 0.999977
5, 730,5,16.359089, 16.347937, 119.124443, 66.285469,12.930819, 249.201584, 1.000682
5, 730,6,99.680664, 99.674637, 119.124443, 66.285469,12.930819, 249.201584, 1.000060
5, 730,7,58.957336, 58.957268, 119.124443, 66.285469,12.930819, 249.201584, 1.000001
5, 730,8,160.043182, 160.042114, 119.124443, 66.285469,12.930819, 249.201584, 1.000007
5, 730,9,134.438293, 134.445831, 119.124443, 66.285469,12.930819, 249.201584, 0.999944
5, 730,10,51.385643, 51.389420, 119.124443, 66.285469,12.930819, 249.201584, 0.999927
5, 730,11,77.337502, 77.336327, 119.124443, 66.285469,12.930819, 249.201584, 1.000015
5, 730,12,24.791323, 24.785065, 119.124443, 66.285469,12.930819, 249.201584, 1.000252
5, 730,13,244.364609, 244.369598, 119.124443, 66.285469,12.930819, 249.201584, 0.999980
5, 730,14,63.603920, 63.610474, 119.124443, 66.285469,12.930819, 249.201584, 0.999897
5, 730,15,172.701981, 172.701462, 119.124443, 66.285469,12.930819, 249.201584, 1.000003
5, 730,16,177.090805, 177.106293, 119.124443, 66.285469,12.930819, 249.201584, 0.999913
5, 730,17,37.863434, 37.868095, 119.124443, 66.285469,12.930819, 249.201584, 0.999877
5, 730,18,21.962656, 21.958078, 119.124443, 66.285469,12.930819, 249.201584, 1.000208
5, 730,19,95.511246, 95.510864, 119.124443, 66.285469,12.930819, 249.201584, 1.000004
5, 730,20,151.621231, 151.612305, 119.124443, 66.285469,12.930819, 249.201584, 1.000059
5, 730,21,124.879608, 124.883751, 119.124443, 66.285469,12.930819, 249.201584, 0.999967
5, 730,22,96.257309, 96.248650, 119.124443, 66.285469,12.930819, 249.201584, 1.000090
5, 730,23,159.251907, 159.260498, 119.124443, 66.285469,12.930819, 249.201584, 0.999946
5, 730,24,249.201584, 249.190796, 119.124443, 66.285469,12.930819, 249.201584, 1.000043
5, 730,25,67.593063, 67.613541, 119.124443, 66.285469,12.930819, 249.201584, 0.999697
5, 730,26,85.779671, 85.773460, 119.124443, 66.285469,12.930819, 249.201584, 1.000072
5, 730,27,122.792015, 122.801872, 119.124443, 66.285469,12.930819, 249.201584, 0.999920
5, 730,28,12.930819, 12.929255, 119.124443, 66.285469,12.930819, 249.201584, 1.000121
5, 730,29,110.179184, 110.179054, 119.124443, 66.285469,12.930819, 249.201584, 1.000001
5, 730,30,124.567375, 124.569641, 119.124443, 66.285469,12.930819, 249.201584, 0.999982
5, 730,31,216.202393, 216.201996, 119.124443, 66.285469,12.930819, 249.201584, 1.000002
5, 731,0,83.592651, 83.595192, 119.124687, 69.035385,10.857060, 232.858139, 0.999970
5, 731,1,170.113098, 170.112061, 119.124687, 69.035385,10.857060, 232.858139, 1.000006
5, 731,2,229.273438, 229.279663, 119.124687, 69.035385,10.857060, 232.858139, 0.999973
5, 731,3,94.419174, 94.400253, 119.124687, 69.035385,10.857060, 232.858139, 1.000200
5, 731,4,217.435272, 217.433640, 119.124687, 69.035385,10.857060, 232.858139, 1.000008
5, 731,5,131.201797, 131.194382, 119.124687, 69.035385,10.857060, 232.858139, 1.000057
5, 731,6,203.858002, 203.859650, 119.124687, 69.035385,10.857060, 232.858139, 0.999992
5, 731,7,34.466869, 34.469273, 119.124687, 69.035385,10.857060, 232.858139, 0.999930
5, 731,8,219.931564, 219.938873, 119.124687, 69.035385,10.857060, 232.858139, 0.999967
5, 731,9,138.991196, 138.980682, 119.124687, 69.035385,10.857060, 232.858139, 1.000076
5, 731,10,92.382889, 92.394691, 119.124687, 69.035385,10.857060, 232.858139, 0.999872
5, 731,11,77.555618, 77.557678, 119.124687, 69.035385,10.857060, 232.858139, 0.999973
5, 731,12,130.082687, 130.090973, 119.124687, 69.035385,10.857060, 232.858139, 0.999936
5, 731,13,65.084831, 65.100967, 119.124687, 69.035385,10.857060, 232.858139, 0.999752
5, 731,14,200.624771, 200.625763, 119.124687, 69.035385,10.857060, 232.858139, 0.999995
5, 731,15,113.084557, 113.074905, 119.124687, 69.035385,10.857060, 232.858139, 1.000085
5, 731,16,19.939062, 19.930668, 119.124687, 69.035385,10.857060, 232.858139, 1.000421
5, 731,17,131.445602, 131.471985, 119.124687, 69.035385,10.857060, 232.858139, 0.999799
5, 731,18,26.784016, 26.787060, 119.124687, 69.035385,10.857060, 232.858139, 0.999886
5, 731,19,131.028488, 131.041718, 119.124687, 69.035385,10.857060, 232.858139, 0.999899
5, 731,20,30.995747, 30.999437, 119.124687, 69.035385,10.857060, 232.858139, 0.999881
5, 731,21,147.214813, 147.211136, 119.124687, 69.035385,10.857060, 232.858139, 1.000025
5, 731,22,10.857060, 10.860519, 119.124687, 69.035385,10.857060, 232.858139, 0.999682
5, 731,23,232.858139, 232.867462, 119.124687, 69.035385,10.857060, 232.858139, 0.999960
5, 731,24,29.257601, 29.264521, 119.124687, 69.035385,10.857060, 232.858139, 0.999764
5, 731,25,117.452713, 117.439964, 119.124687, 69.035385,10.857060, 232.858139, 1.000109
5, 731,26,77.615700, 77.606255, 119.124687, 69.035385,10.857060, 232.858139, 1.000122
5, 731,27,27.938387, 27.925165, 119.124687, 69.035385,10.857060, 232.858139, 1.000473
5, 731,28,193.217255, 193.207275, 119.124687, 69.035385,10.857060, 232.858139, 1.000052
5, 731,29,99.338371, 99.334358, 119.124687, 69.035385,10.857060, 232.858139, 1.000040
5, 731,30,210.633560, 210.639709, 119.124687, 69.035385,10.857060, 232.858139, 0.999971
5, 731,31,123.314880, 123.303970, 119.124687, 69.035385,10.857060, 232.858139, 1.000088
5, 732,0,99.862961, 99.851013, 119.124199, 64.689835,16.284676, 230.002609, 1.000120
5, 732,1,23.355640, 23.357674, 119.124199, 64.689835,16.284676, 230.002609, 0.999913
5, 732,2,227.697815, 227.703049, 119.124199, 64.689835,16.284676, 230.002609, 0.999977
5, 732,3,116.966080, 116.968201, 119.124199, 64.689835,16.284676, 230.002609, 0.999982
5, 732,4,111.440254, 111.457092, 119.124199, 64.689835,16.284676, 230.002609, 0.999849
5, 732,5,83.332260, 83.317688, 119.124199, 64.689835,16.284676, 230.002609, 1.000175
5, 732,6,92.037170, 92.025810, 119.124199, 64.689835,16.284676, 230.002609, 1.000124
5, 732,7,105.658371, 105.668289, 119.124199, 64.689835,16.284676, 230.002609, 0.999906
5, 732,8,157.632797, 157.639343, 119.124199, 64.689835,16.284676, 230.002609, 0.999958
5, 732,9,136.200729, 136.200119, 119.124199, 64.689835,16.284676, 230.002609, 1.000005
5, 732,10,74.073753, 74.068420, 119.124199, 64.689835,16.284676, 230.002609, 1.000072
5, 732,11,158.943848, 158.949478, 119.124199, 64.689835,16.284676, 230.002609, 0.999965
5, 732,12,134.898026, 134.918457, 119.124199, 64.689835,16.284676, 230.002609, 0.999849
5, 732,13,87.002441, 86.991760, 119.124199, 64.689835,16.284676, 230.002609, 1.000123
5, 732,14,158.715393, 158.714493, 119.124199, 64.689835,16.284676, 230.002609, 1.000006
5, 732,15,172.804932, 172.805557, 119.124199, 64.689835,16.284676, 230.002609, 0.999996
5, 732,16,220.008560, 220.027359, 119.124199, 64.689835,16.284676, 230.002609, 0.999915
5, 732,17,161.129517, 161.114044, 119.124199, 64.689835,16.284676, 230.002609, 1.000096
5, 732,18,85.821220, 85.831146, 119.124199, 64.689835,16.284676, 230.002609, 0.999884
5, 732,19,29.130915, 29.132236, 119.124199, 64.689835,16.284676, 230.002609, 0.999955
5, 732,20,79.801903, 79.786018, 119.124199, 64.689835,16.284676, 230.002609, 1.000199
5, 732,21,37.627964, 37.648109, 119.124199, 64.689835,16.284676, 230.002609, 0.999465
5, 732,22,230.002609, 230.010025, 119.124199, 64.689835,16.284676, 230.002609, 0.999968
5, 732,23,18.710752, 18.715242, 119.124199, 64.689835,16.284676, 230.002609, 0.999760
5, 732,24,80.984825, 80.982239, 119.124199, 64.689835,16.284676, 230.002609, 1.000032
5, 732,25,148.400101, 148.390076, 119.124199, 64.689835,16.284676, 230.002609, 1.000068
5, 732,26,182.264923, 182.268433, 119.124199, 64.689835,16.284676, 230.002609, 0.999981
5, 732,27,225.740860, 225.737839, 119.124199, 64.689835,16.284676, 230.002609, 1.000013
5, 732,28,16.284676, 16.272980, 119.124199, 64.689835,16.284676, 230.002609, 1.000719
5, 732,29,163.090378, 163.086365, 119.124199, 64.689835,16.284676, 230.002609, 1.000025
5, 732,30,173.879242, 173.880737, 119.124199, 64.689835,16.284676, 230.002609, 0.999991
5, 732,31,18.473265, 18.480272, 119.124199, 64.689835,16.284676, 230.002609, 0.999621
5, 733,0,74.391434, 74.371872, 119.123474, 51.908363,24.082314, 214.029068, 1.000263
5, 733,1,60.481438, 60.500423, 119.123474, 51.908363,24.082314, 214.029068, 0.999686
5, 733,2,95.237984, 95.243034, 119.123474, 51.908363,24.082314, 214.029068, 0.999947
5, 733,3,70.611053, 70.619362, 119.123474, 51.908363,24.082314, 214.029068, 0.999882
5, 733,4,59.912865, 59.927776, 119.123474, 51.908363,24.082314, 214.029068, 0.999751
5, 733,5,214.029068, 214.042969, 119.123474, 51.908363,24.082314, 214.029068, 0.999935
5, 733,6,111.537498, 111.526321, 119.123474, 51.908363,24.082314, 214.029068, 1.000100
5, 733,7,141.886871, 141.889893, 119.123474, 51.908363,24.082314, 214.029068, 0.999979
5, 733,8,131.149963, 131.151154, 119.123474, 51.908363,24.082314, 214.029068, 0.999991
5, 733,9,78.728630, 78.723953, 119.123474, 51.908363,24.082314, 214.029068, 1.000059
5, 733,10,131.126282, 131.117462, 119.123474, 51.908363,24.082314, 214.029068, 1.000067
5, 733,11,150.955139, 150.951141, 119.123474, 51.908363,24.082314, 214.029068, 1.000026
5, 733,12,83.694099, 83.702583, 119.123474, 51.908363,24.082314, 214.029068, 0.999899
5, 733,13,173.668747, 173.661514, 119.123474, 51.908363,24.082314, 214.029068, 1.000042
5, 733,14,92.452576, 92.460670, 119.123474, 51.908363,24.082314, 214.029068, 0.999912
5, 733,15,99.775368, 99.777023, 119.123474, 51.908363,24.082314, 214.029068, 0.999983
5, 733,16,128.632553, 128.638260, 119.123474, 51.908363,24.082314, 214.029068, 0.999956
5, 733,17,208.142807, 208.141388, 119.123474, 51.908363,24.082314, 214.029068, 1.000007
5, 733,18,171.487976, 171.478745, 119.123474, 51.908363,24.082314, 214.029068, 1.000054
5, 733,19,114.284538, 114.295219, 119.123474, 51.908363,24.082314, 214.029068, 0.999907
5, 733,20,24.082314, 24.066820, 119.123474, 51.908363,24.082314, 214.029068, 1.000644
5, 733,21,168.901108, 168.905212, 119.123474, 51.908363,24.082314, 214.029068, 0.999976
5, 733,22,85.950348, 85.959473, 119.123474, 51.908363,24.082314, 214.029068, 0.999894
5, 733,23,130.674820, 130.666107, 119.123474, 51.908363,24.082314, 214.029068, 1.000067
5, 733,24,154.401611, 154.400482, 119.123474, 51.908363,24.082314, 214.029068, 1.000007
5, 733,25,200.679382, 200.670074, 119.123474, 51.908363,24.082314, 214.029068, 1.000046
5, 733,26,33.550190, 33.559227, 119.123474, 51.908363,24.082314, 214.029068, 0.999731
5, 733,27,199.323227, 199.336136, 119.123474, 51.908363,24.082314, 214.029068, 0.999935
5, 733,28,93.717026, 93.713737, 119.123474, 51.908363,24.082314, 214.029068, 1.000035
5, 733,29,86.881958, 86.882446, 119.123474, 51.908363,24.082314, 214.029068, 0.999994
5, 733,30,179.793945, 179.805634, 119.123474, 51.908363,24.082314, 214.029068, 0.999935
5, 733,31,61.808167, 61.814133, 119.123474, 51.908363,24.082314, 214.029068, 0.999904
5, 734,0,13.647196, 13.661458, 119.125160, 63.838818,13.647196, 227.868378, 0.998956
5, 734,1,135.433884, 135.443222, 119.125160, 63.838818,13.647196, 227.868378, 0.999931
5, 734,2,142.196381, 142.195328, 119.125160, 63.838818,13.647196, 227.868378, 1.000007
5, 734,3,78.699745, 78.704536, 119.125160, 63.838818,13.647196, 227.868378, 0.999939
5, 734,4,30.776535, 30.778425, 119.125160, 63.838818,13.647196, 227.868378, 0.999939
5, 734,5,55.241562, 55.246151, 119.125160, 63.838818,13.647196, 227.868378, 0.999917
5, 734,6,220.294388, 220.297150, 119.125160, 63.838818,13.647196, 227.868378, 0.999987
5, 734,7,166.627731, 166.628250, 119.125160, 63.838818,13.647196, 227.868378, 0.999997
5, 734,8,208.585968, 208.602753, 119.125160, 63.838818,13.647196, 227.868378, 0.999920
5, 734,9,130.897369, 130.897705, 119.125160, 63.838818,13.647196, 227.868378, 0.999997
5, 734,10,119.425545, 119.412155, 119.125160, 63.838818,13.647196, 227.868378, 1.000112
5, 734,11,160.984207, 160.975952, 119.125160, 63.838818,13.647196, 227.868378, 1.000051
5, 734,12,28.242725, 28.244642, 119.125160, 63.838818,13.647196, 227.868378, 0.999932
5, 734,13,68.614258, 68.618134, 119.125160, 63.838818,13.647196, 227.868378, 0.999943
5, 734,14,227.868378, 227.856735, 119.125160, 63.838818,13.647196, 227.868378, 1.000051
5, 734,15,33.851391, 33.855164, 119.125160, 63.838818,13.647196, 227.868378, 0.999889
5, 734,16,154.005142, 154.008041, 119.125160, 63.838818,13.647196, 227.868378, 0.999981
5, 734,17,125.353943, 125.356796, 119.125160, 63.838818,13.647196, 227.868378, 0.999977
5, 734,18,210.163452, 210.148071, 119.125160, 63.838818,13.647196, 227.868378, 1.000073
5, 734,19,55.834656, 55.837833, 119.125160, 63.838818,13.647196, 227.868378, 0.999943
5, 734,20,42.902760, 42.897430, 119.125160, 63.838818,13.647196, 227.868378, 1.000124
5, 734,21,97.422646, 97.415558, 119.125160, 63.838818,13.647196, 227.868378, 1.000073
5, 734,22,130.821304, 130.821136, 119.125160, 63.838818,13.647196, 227.868378, 1.000001
5, 734,23,190.262695, 190.260666, 119.125160, 63.838818,13.647196, 227.868378, 1.000011
5, 734,24,132.467606, 132.484802, 119.125160, 63.838818,13.647196, 227.868378, 0.999870
5, 734,25,84.450386, 84.440353, 119.125160, 63.838818,13.647196, 227.868378, 1.000119
5, 734,26,129.910538, 129.909271, 119.125160, 63.838818,13.647196, 227.868378, 1.000010
5, 734,27,182.891586, 182.882065, 119.125160, 63.838818,13.647196, 227.868378, 1.000052
5, 734,28,117.740990, 117.734566, 119.125160, 63.838818,13.647196, 227.868378, 1.000055
5, 734,29,213.084427, 213.085617, 119.125160, 63.838818,13.647196, 227.868378, 0.999994
5, 734,30,25.787821, 25.794388, 119.125160, 63.838818,13.647196, 227.868378, 0.999745
5, 734,31,97.517807, 97.506050, 119.125160, 63.838818,13.647196, 227.868378, 1.000121
5, 735,0,204.427368, 204.432831, 119.125053, 65.069946,10.731917, 214.231964, 0.999973
5, 735,1,37.659958, 37.663105, 119.125053, 65.069946,10.731917, 214.231964, 0.999916
5, 735,2,98.298302, 98.292831, 119.125053, 65.069946,10.731917, 214.231964, 1.000056
5, 735,3,20.624811, 20.632355, 119.125053, 65.069946,10.731917, 214.231964, 0.999634
5, 735,4,163.616791, 163.618515, 119.125053, 65.069946,10.731917, 214.231964, 0.999989
5, 735,5,62.449200, 62.446613, 119.125053, 65.069946,10.731917, 214.231964, 1.000041
5, 735,6,142.380417, 142.379135, 119.125053, 65.069946,10.731917, 214.231964, 1.000009
5, 735,7,56.826672, 56.826653, 119.125053, 65.069946,10.731917, 214.231964, 1.000000
5, 735,8,52.359821, 52.352207, 119.125053, 65.069946,10.731917, 214.231964, 1.000145
5, 735,9,140.648499, 140.645035, 119.125053, 65.069946,10.731917, 214.231964, 1.000025
5, 735,10,13.955486, 13.949160, 119.125053, 65.069946,10.731917, 214.231964, 1.000454
5, 735,11,31.646887, 31.644434, 119.125053, 65.069946,10.731917, 214.231964, 1.000077
5, 735,12,183.478760, 183.484558, 119.125053, 65.069946,10.731917, 214.231964, 0.999968
5, 735,13,204.671280, 204.660675, 119.125053, 65.069946,10.731917, 214.231964, 1.000052
5, 735,14,102.656342, 102.659698, 119.125053, 65.069946,10.731917, 214.231964, 0.999967
5, 735,15,185.741013, 185.743942, 119.125053, 65.069946,10.731917, 214.231964, 0.999984
5, 735,16,64.814072, 64.813583, 119.125053, 65.069946,10.731917, 214.231964, 1.000008
5, 735,17,108.583260, 108.583435, 119.125053, 65.069946,10.731917, 214.231964, 0.999998
5, 735,18,10.731917, 10.721481, 119.125053, 65.069946,10.731917, 214.231964, 1.000973
5, 735,19,175.099838, 175.098938, 119.125053, 65.069946,10.731917, 214.231964, 1.000005
5, 735,20,52.502205, 52.497768, 119.125053, 65.069946,10.731917, 214.231964, 1.000085
5, 735,21,85.845909, 85.863106, 119.125053, 65.069946,10.731917, 214.231964, 0.999800
5, 735,22,212.953262, 212.938705, 119.125053, 65.069946,10.731917, 214.231964, 1.000068
5, 735,23,130.722839, 130.734161, 119.125053, 65.069946,10.731917, 214.231964, 0.999913
5, 735,24,167.944397, 167.947403, 119.125053, 65.069946,10.731917, 214.231964, 0.999982
5, 735,25,176.861191, 176.858322, 119.125053, 65.069946,10.731917, 214.231964, 1.000016
5, 735,26,170.690491, 170.694092, 119.125053, 65.069946,10.731917, 214.231964, 0.999979
5, 735,27,121.322952, 121.329597, 119.125053, 65.069946,10.731917, 214.231964, 0.999945
5, 735,28,180.481888, 180.484726, 119.125053, 65.069946,10.731917, 214.231964, 0.999984
5, 735,29,214.231964, 214.236099, 119.125053, 65.069946,10.731917, 214.231964, 0.999981
5, 735,30,164.569901, 164.574173, 119.125053, 65.069946,10.731917, 214.231964, 0.999974
5, 735,31,73.204086, 73.192886, 119.125053, 65.069946,10.731917, 214.231964, 1.000153
5, 736,0,195.962509, 195.952560, 119.123947, 64.766281,11.371259, 214.340790, 1.000051
5, 736,1,202.873291, 202.870911, 119.123947, 64.766281,11.371259, 214.340790, 1.000012
5, 736,2,118.989960, 118.987610, 119.123947, 64.766281,11.371259, 214.340790, 1.000020
5, 736,3,25.242571, 25.239250, 119.123947, 64.766281,11.371259, 214.340790, 1.000132
5, 736,4,185.126465, 185.136749, 119.123947, 64.766281,11.371259, 214.340790, 0.999944
5, 736,5,117.280136, 117.288368, 119.123947, 64.766281,11.371259, 214.340790, 0.999930
5, 736,6,157.147049, 157.139679, 119.123947, 64.766281,11.371259, 214.340790, 1.000047
5, 736,7,74.991234, 74.996071, 119.123947, 64.766281,11.371259, 214.340790, 0.999936
5, 736,8,134.032791, 134.024567, 119.123947, 64.766281,11.371259, 214.340790, 1.000061
5, 736,9,192.331131, 192.338303, 119.123947, 64.766281,11.371259, 214.340790, 0.999963
5, 736,10,181.121582, 181.111160, 119.123947, 64.766281,11.371259, 214.340790, 1.000058
5, 736,11,96.810921, 96.809784, 119.123947, 64.766281,11.371259, 214.340790, 1.000012
5, 736,12,136.492691, 136.499252, 119.123947, 64.766281,11.371259, 214.340790, 0.999952
5, 736,13,38.581944, 38.583710, 119.123947, 64.766281,11.371259, 214.340790, 0.999954
5, 736,14,25.397217, 25.387596, 119.123947, 64.766281,11.371259, 214.340790, 1.000379
5, 736,15,59.125732, 59.136463, 119.123947, 64.766281,11.371259, 214.340790, 0.999819
5, 736,16,214.340790, 214.340805, 119.123947, 64.766281,11.371259, 214.340790, 1.000000
5, 736,17,140.558838, 140.572067, 119.123947, 64.766281,11.371259, 214.340790, 0.999906
5, 736,18,11.371259, 11.375578, 119.123947, 64.766281,11.371259, 214.340790, 0.999620
5, 736,19,190.685349, 190.679520, 119.123947, 64.766281,11.371259, 214.340790, 1.000031
5, 736,20,190.389389, 190.389572, 119.123947, 64.766281,11.371259, 214.340790, 0.999999
5, 736,21,55.481792, 55.488487, 119.123947, 64.766281,11.371259, 214.340790, 0.999879
5, 736,22,81.950523, 81.954880, 119.123947, 64.766281,11.371259, 214.340790, 0.999947
5, 736,23,69.026733, 69.035240, 119.123947, 64.766281,11.371259, 214.340790, 0.999877
5, 736,24,130.023102, 130.019211, 119.123947, 64.766281,11.371259, 214.340790, 1.000030
5, 736,25,209.554916, 209.566742, 119.123947, 64.766281,11.371259, 214.340790, 0.999944
5, 736,26,74.083282, 74.072281, 119.123947, 64.766281,11.371259, 214.340790, 1.000149
5, 736,27,40.279438, 40.276211, 119.123947, 64.766281,11.371259, 214.340790, 1.000080
5, 736,28,197.930740, 197.935013, 119.123947, 64.766281,11.371259, 214.340790, 0.999978
5, 736,29,145.947723, 145.952988, 119.123947, 64.766281,11.371259, 214.340790, 0.999964
5, 736,30,31.364090, 31.361923, 119.123947, 64.766281,11.371259, 214.340790, 1.000069
5, 736,31,87.470901, 87.477425, 119.123947, 64.766281,11.371259, 214.340790, 0.999925
5, 737,0,229.924698, 229.919144, 119.124466, 68.762383,11.653661, 245.684723, 1.000024
5, 737,1,116.034576, 116.030235, 119.124466, 68.762383,11.653661, 245.684723, 1.000037
5, 737,2,11.653661, 11.663677, 119.124466, 68.762383,11.653661, 245.684723, 0.999141
5, 737,3,232.291351, 232.297928, 119.124466, 68.762383,11.653661, 245.684723, 0.999972
5, 737,4,194.204681, 194.201157, 119.124466, 68.762383,11.653661, 245.684723, 1.000018
5, 737,5,147.568192, 147.574432, 119.124466, 68.762383,11.653661, 245.684723, 0.999958
5, 737,6,62.088726, 62.092068, 119.124466, 68.762383,11.653661, 245.684723, 0.999946
5, 737,7,130.108337, 130.120407, 119.124466, 68.762383,11.653661, 245.684723, 0.999907
5, 737,8,96.118866, 96.117188, 119.124466, 68.762383,11.653661, 245.684723, 1.000017
5, 737,9,36.574436, 36.575054, 119.124466, 68.762383,11.653661, 245.684723, 0.999983
5, 737,10,12.344506, 12.334986, 119.124466, 68.762383,11.653661, 245.684723, 1.000772
5, 737,11,245.684723, 245.687607, 119.124466, 68.762383,11.653661, 245.684723, 0.999988
5, 737,12,48.998077, 49.001556, 119.124466, 68.762383,11.653661, 245.684723, 0.999929
5, 737,13,118.385956, 118.394402, 119.124466, 68.762383,11.653661, 245.684723, 0.999929
5, 737,14,58.002453, 58.005840, 119.124466, 68.762383,11.653661, 245.684723, 0.999942
5, 737,15,93.162903, 93.169266, 119.124466, 68.762383,11.653661, 245.684723, 0.999932
5, 737,16,131.383148, 131.375473, 119.124466, 68.762383,11.653661, 245.684723, 1.000058
5, 737,17,109.967865, 109.966568, 119.124466, 68.762383,11.653661, 245.684723, 1.000012
5, 737,18,114.889076, 114.884636, 119.124466, 68.762383,11.653661, 245.684723, 1.000039
5, 737,19,214.859161, 214.858505, 119.124466, 68.762383,11.653661, 245.684723, 1.000003
5, 737,20,118.903275, 118.897888, 119.124466, 68.762383,11.653661, 245.684723, 1.000045
5, 737,21,182.876968, 182.869186, 119.124466, 68.762383,11.653661, 245.684723, 1.000043
5, 737,22,96.617851, 96.620667, 119.124466, 68.762383,11.653661, 245.684723, 0.999971
5, 737,23,182.520462, 182.533524, 119.124466, 68.762383,11.653661, 245.684723, 0.999928
5, 737,24,130.271240, 130.266357, 119.124466, 68.762383,11.653661, 245.684723, 1.000037
5, 737,25,11.944633, 11.933660, 119.124466, 68.762383,11.653661, 245.684723, 1.000919
5, 737,26,48.989311, 48.994259, 119.124466, 68.762383,11.653661, 245.684723, 0.999899
5, 737,27,137.291046, 137.285904, 119.124466, 68.762383,11.653661, 245.684723, 1.000037
5, 737,28,221.876480, 221.885345, 119.124466, 68.762383,11.653661, 245.684723, 0.999960
5, 737,29,21.163925, 21.164150, 119.124466, 68.762383,11.653661, 245.684723, 0.999989
5, 737,30,148.315216, 148.311401, 119.124466, 68.762383,11.653661, 245.684723, 1.000026
5, 737,31,106.967133, 106.967567, 119.124466, 68.762383,11.653661, 245.684723, 0.999996
5, 738,0,181.928421, 181.928085, 119.125824, 61.416630,14.020145, 231.573380, 1.000002
5, 738,1,77.301552, 77.306129, 119.125824, 61.416630,14.020145, 231.573380, 0.999941
5, 738,2,199.353195, 199.345764, 119.125824, 61.416630,14.020145, 231.573380, 1.000037
5, 738,3,63.629677, 63.636379, 119.125824, 61.416630,14.020145, 231.573380, 0.999895
5, 738,4,33.213848, 33.216766, 119.125824, 61.416630,14.020145, 231.573380, 0.999912
5, 738,5,117.738205, 117.742950, 119.125824, 61.416630,14.020145, 231.573380, 0.999960
5, 738,6,158.154770, 158.159348, 119.125824, 61.416630,14.020145, 231.573380, 0.999971
5, 738,7,231.573380, 231.578018, 119.125824, 61.416630,14.020145, 231.573380, 0.999980
5, 738,8,104.958405, 104.965904, 119.125824, 61.416630,14.020145, 231.573380, 0.999929
5, 738,9,69.030296, 69.026596, 119.125824, 61.416630,14.020145, 231.573380, 1.000054
5, 738,10,154.058411, 154.070679, 119.125824, 61.416630,14.020145, 231.573380, 0.999920
5, 738,11,93.138855, 93.142868, 119.125824, 61.416630,14.020145, 231.573380, 0.999957
5, 738,12,97.063614, 97.061165, 119.125824, 61.416630,14.020145, 231.573380, 1.000025
5, 738,13,192.243149, 192.245132, 119.125824, 61.416630,14.020145, 231.573380, 0.999990
5, 738,14,93.442001, 93.429077, 119.125824, 61.416630,14.020145, 231.573380, 1.000138
5, 738,15,205.050430, 205.042618, 119.125824, 61.416630,14.020145, 231.573380, 1.000038
5, 738,16,80.043022, 80.059158, 119.125824, 61.416630,14.020145, 231.573380, 0.999798
5, 738,17,77.842735, 77.824028, 119.125824, 61.416630,14.020145, 231.573380, 1.000240
5, 738,18,123.900253, 123.889572, 119.125824, 61.416630,14.020145, 231.573380, 1.000086
5, 738,19,129.623001, 129.620514, 119.125824, 61.416630,14.020145, 231.573380, 1.000019
5, 738,20,122.787407, 122.785637, 119.125824, 61.416630,14.020145, 231.573380, 1.000014
5, 738,21,14.020145, 14.020514, 119.125824, 61.416630,14.020145, 231.573380, 0.999974
5, 738,22,18.013165, 18.020584, 119.125824, 61.416630,14.020145, 231.573380, 0.999588
5, 738,23,88.799927, 88.781631, 119.125824, 61.416630,14.020145, 231.573380, 1.000206
5, 738,24,159.290237, 159.290543, 119.125824, 61.416630,14.020145, 231.573380, 0.999998
5, 738,25,73.997650, 73.987495, 119.125824, 61.416630,14.020145, 231.573380, 1.000137
5, 738,26,41.818935, 41.816574, 119.125824, 61.416630,14.020145, 231.573380, 1.000057
5, 738,27,172.567978, 172.558243, 119.125824, 61.416630,14.020145, 231.573380, 1.000056
5, 738,28,46.497169, 46.511719, 119.125824, 61.416630,14.020145, 231.573380, 0.999687
5, 738,29,194.251846, 194.248566, 119.125824, 61.416630,14.020145, 231.573380, 1.000017
5, 738,30,189.166412, 189.158188, 119.125824, 61.416630,14.020145, 231.573380, 1.000044
5, 738,31,207.527985, 207.529892, 119.125824, 61.416630,14.020145, 231.573380, 0.999991
5, 739,0,94.893669, 94.892075, 119.125175, 57.820168,20.821012, 221.465302, 1.000017
5, 739,1,156.569748, 156.561050, 119.125175, 57.820168,20.821012, 221.465302, 1.000056
5, 739,2,128.579285, 128.573074, 119.125175, 57.820168,20.821012, 221.465302, 1.000048
5, 739,3,146.736923, 146.737167, 119.125175, 57.820168,20.821012, 221.465302, 0.999998
5, 739,4,37.749477, 37.746140, 119.125175, 57.820168,20.821012, 221.465302, 1.000088
5, 739,5,106.051537, 106.042816, 119.125175, 57.820168,20.821012, 221.465302, 1.000082
5, 739,6,123.199890, 123.206871, 119.125175, 57.820168,20.821012, 221.465302, 0.999943
5, 739,7,103.598328, 103.598289, 119.125175, 57.820168,20.821012, 221.465302, 1.000000
5, 739,8,221.465302, 221.465454, 119.125175, 57.820168,20.821012, 221.465302, 0.999999
5, 739,9,190.476685, 190.483902, 119.125175, 57.820168,20.821012, 221.465302, 0.999962
5, 739,10,65.094460, 65.087036, 119.125175, 57.820168,20.821012, 221.465302, 1.000114
5, 739,11,25.740854, 25.752226, 119.125175, 57.820168,20.821012, 221.465302, 0.999558
5, 739,12,211.449234, 211.445480, 119.125175, 57.820168,20.821012, 221.465302, 1.000018
5, 739,13,96.654846, 96.650307, 119.125175, 57.820168,20.821012, 221.465302, 1.000047
5, 739,14,69.525566, 69.525108, 119.125175, 57.820168,20.821012, 221.465302, 1.000007
5, 739,15,219.921875, 219.929443, 119.125175, 57.820168,20.821012, 221.465302, 0.999966
5, 739,16,20.821012, 20.823936, 119.125175, 57.820168,20.821012, 221.465302, 0.999860
5, 739,17,90.549072, 90.552040, 119.125175, 57.820168,20.821012, 221.465302, 0.999967
5, 739,18,28.392551, 28.392847, 119.125175, 57.820168,20.821012, 221.465302, 0.999990
5, 739,19,118.784607, 118.801468, 119.125175, 57.820168,20.821012, 221.465302, 0.999858
5, 739,20,64.527870, 64.544533, 119.125175, 57.820168,20.821012, 221.465302, 0.999742
5, 739,21,111.310837, 111.304451, 119.125175, 57.820168,20.821012, 221.465302, 1.000057
5, 739,22,106.442780, 106.448067, 119.125175, 57.820168,20.821012, 221.465302, 0.999950
5, 739,23,31.325041, 31.327597, 119.125175, 57.820168,20.821012, 221.465302, 0.999918
5, 739,24,111.505341, 111.487465, 119.125175, 57.820168,20.821012, 221.465302, 1.000160
5, 739,25,157.158066, 157.155853, 119.125175, 57.820168,20.821012, 221.465302, 1.000014
5, 739,26,145.516220, 145.508347, 119.125175, 57.820168,20.821012, 221.465302, 1.000054
5, 739,27,172.824463, 172.829636, 119.125175, 57.820168,20.821012, 221.465302, 0.999970
5, 739,28,186.377213, 186.372635, 119.125175, 57.820168,20.821012, 221.465302, 1.000025
5, 739,29,176.640167, 176.633698, 119.125175, 57.820168,20.821012, 221.465302, 1.000037
5, 739,30,124.820526, 124.814766, 119.125175, 57.820168,20.821012, 221.465302, 1.000046
5, 739,31,167.302490, 167.306564, 119.125175, 57.820168,20.821012, 221.465302, 0.999976
5, 740,0,50.610916, 50.619934, 119.123123, 54.773785,12.714404, 203.194244, 0.999822
5, 740,1,128.514969, 128.520691, 119.123123, 54.773785,12.714404, 203.194244, 0.999955
5, 740,2,71.591927, 71.601868, 119.123123, 54.773785,12.714404, 203.194244, 0.999861
5, 740,3,163.922867, 163.936584, 119.123123, 54.773785,12.714404, 203.194244, 0.999916
5, 740,4,27.373148, 27.370483, 119.123123, 54.773785,12.714404, 203.194244, 1.000097
5, 740,5,203.194244, 203.188904, 119.123123, 54.773785,12.714404, 203.194244, 1.000026
5, 740,6,105.999565, 105.999458, 119.123123, 54.773785,12.714404, 203.194244, 1.000001
5, 740,7,17.927370, 17.927429, 119.123123, 54.773785,12.714404, 203.194244, 0.999997
5, 740,8,142.561722, 142.563904, 119.123123, 54.773785,12.714404, 203.194244, 0.999985
5, 740,9,45.940807, 45.942810, 119.123123, 54.773785,12.714404, 203.194244, 0.999956
5, 740,10,25.212048, 25.203613, 119.123123, 54.773785,12.714404, 203.194244, 1.000335
5, 740,11,134.411530, 134.411499, 119.123123, 54.773785,12.714404, 203.194244, 1.000000
5, 740,12,89.369499, 89.363098, 119.123123, 54.773785,12.714404, 203.194244, 1.000072
5, 740,13,143.203323, 143.197388, 119.123123, 54.773785,12.714404, 203.194244, 1.000041
5, 740,14,157.362381, 157.364929, 119.123123, 54.773785,12.714404, 203.194244, 0.999984
5, 740,15,83.729698, 83.738708, 119.123123, 54.773785,12.714404, 203.194244, 0.999892
5, 740,16,171.293289, 171.295654, 119.123123, 54.773785,12.714404, 203.194244, 0.999986
5, 740,17,115.621597, 115.637878, 119.123123, 54.773785,12.714404, 203.194244, 0.999859
5, 740,18,143.448593, 143.440125, 119.123123, 54.773785,12.714404, 203.194244, 1.000059
5, 740,19,98.932739, 98.942322, 119.123123, 54.773785,12.714404, 203.194244, 0.999903
5, 740,20,184.562866, 184.551453, 119.123123, 54.773785,12.714404, 203.194244, 1.000062
5, 740,21,155.740585, 155.748672, 119.123123, 54.773785,12.714404, 203.194244, 0.999948
5, 740,22,177.897232, 177.908752, 119.123123, 54.773785,12.714404, 203.194244, 0.999935
5, 740,23,93.782883, 93.785645, 119.123123, 54.773785,12.714404, 203.194244, 0.999971
5, 740,24,157.215759, 157.222839, 119.123123, 54.773785,12.714404, 203.194244, 0.999955
5, 740,25,192.224197, 192.230225, 119.123123, 54.773785,12.714404, 203.194244, 0.999969
5, 740,26,144.747818, 144.742615, 119.123123, 54.773785,12.714404, 203.194244, 1.000036
5, 740,27,145.181656, 145.180725, 119.123123, 54.773785,12.714404, 203.194244, 1.000006
5, 740,28,187.161713, 187.156433, 119.123123, 54.773785,12.714404, 203.194244, 1.000028
5, 740,29,12.714404, 12.711548, 119.123123, 54.773785,12.714404, 203.194244, 1.000225
5, 740,30,146.528778, 146.524658, 119.123123, 54.773785,12.714404, 203.194244, 1.000028
5, 740,31,93.959961, 93.969177, 119.123123, 54.773785,12.714404, 203.194244, 0.999902
5, 741,0,15.213401, 15.221182, 119.123756, 58.353828,15.213401, 213.436371, 0.999489
5, 741,1,189.717911, 189.723160, 119.123756, 58.353828,15.213401, 213.436371, 0.999972
5, 741,2,211.780884, 211.784058, 119.123756, 58.353828,15.213401, 213.436371, 0.999985
5, 741,3,92.777908, 92.773476, 119.123756, 58.353828,15.213401, 213.436371, 1.000048
5, 741,4,37.038994, 37.045601, 119.123756, 58.353828,15.213401, 213.436371, 0.999822
5, 741,5,199.368134, 199.375198, 119.123756, 58.353828,15.213401, 213.436371, 0.999965
5, 741,6,91.671982, 91.671982, 119.123756, 58.353828,15.213401, 213.436371, 1.000000
5, 741,7,120.006729, 119.999535, 119.123756, 58.353828,15.213401, 213.436371, 1.000060
5, 741,8,123.464592, 123.472031, 119.123756, 58.353828,15.213401, 213.436371, 0.999940
5, 741,9,94.120575, 94.117661, 119.123756, 58.353828,15.213401, 213.436371, 1.000031
5, 741,10,213.436371, 213.433197, 119.123756, 58.353828,15.213401, 213.436371, 1.000015
5, 741,11,144.354172, 144.356750, 119.123756, 58.353828,15.213401, 213.436371, 0.999982
5, 741,12,70.304634, 70.308075, 119.123756, 58.353828,15.213401, 213.436371, 0.999951
5, 741,13,93.893715, 93.906075, 119.123756, 58.353828,15.213401, 213.436371, 0.999868
5, 741,14,177.398193, 177.395203, 119.123756, 58.353828,15.213401, 213.436371, 1.000017
5, 741,15,74.561508, 74.570900, 119.123756, 58.353828,15.213401, 213.436371, 0.999874
5, 741,16,45.945515, 45.938408, 119.123756, 58.353828,15.213401, 213.436371, 1.000155
5, 741,17,111.903107, 111.903282, 119.123756, 58.353828,15.213401, 213.436371, 0.999998
5, 741,18,110.713730, 110.714668, 119.123756, 58.353828,15.213401, 213.436371, 0.999992
5, 741,19,31.050922, 31.052753, 119.123756, 58.353828,15.213401, 213.436371, 0.999941
5, 741,20,120.564331, 120.547180, 119.123756, 58.353828,15.213401, 213.436371, 1.000142
5, 741,21,172.621262, 172.615860, 119.123756, 58.353828,15.213401, 213.436371, 1.000031
5, 741,22,152.268600, 152.284988, 119.123756, 58.353828,15.213401, 213.436371, 0.999892
5, 741,23,81.568802, 81.565666, 119.123756, 58.353828,15.213401, 213.436371, 1.000038
5, 741,24,167.010345, 167.008835, 119.123756, 58.353828,15.213401, 213.436371, 1.000009
5, 741,25,123.043175, 123.048859, 119.123756, 58.353828,15.213401, 213.436371, 0.999954
5, 741,26,19.188154, 19.185297, 119.123756, 58.353828,15.213401, 213.436371, 1.000149
5, 741,27,139.809189, 139.801453, 119.123756, 58.353828,15.213401, 213.436371, 1.000055
5, 741,28,88.712578, 88.703560, 119.123756, 58.353828,15.213401, 213.436371, 1.000102
5, 741,29,198.190475, 198.199036, 119.123756, 58.353828,15.213401, 213.436371, 0.999957
5, 741,30,88.644150, 88.653778, 119.123756, 58.353828,15.213401, 213.436371, 0.999891
5, 741,31,211.615860, 211.622269, 119.123756, 58.353828,15.213401, 213.436371, 0.999970
5, 742,0,29.649845, 29.661310, 119.126076, 83.107574,12.025995, 282.541809, 0.999613
5, 742,1,32.206055, 32.211632, 119.126076, 83.107574,12.025995, 282.541809, 0.999827
5, 742,2,31.911381, 31.902767, 119.126076, 83.107574,12.025995, 282.541809, 1.000270
5, 742,3,69.953873, 69.954636, 119.126076, 83.107574,12.025995, 282.541809, 0.999989
5, 742,4,100.733421, 100.734993, 119.126076, 83.107574,12.025995, 282.541809, 0.999984
5, 742,5,106.050072, 106.047432, 119.126076, 83.107574,12.025995, 282.541809, 1.000025
5, 742,6,79.392815, 79.388184, 119.126076, 83.107574,12.025995, 282.541809, 1.000058
5, 742,7,67.715385, 67.713181, 119.126076, 83.107574,12.025995, 282.541809, 1.000033
5, 742,8,26.255075, 26.246172, 119.126076, 83.107574,12.025995, 282.541809, 1.000339
5, 742,9,133.184464, 133.165558, 119.126076, 83.107574,12.025995, 282.541809, 1.000142
5, 742,10,171.974274, 171.985184, 119.126076, 83.107574,12.025995, 282.541809, 0.999937
5, 742,11,224.232071, 224.209412, 119.126076, 83.107574,12.025995, 282.541809, 1.000101
5, 742,12,12.025995, 12.038493, 119.126076, 83.107574,12.025995, 282.541809, 0.998962
5, 742,13,186.323624, 186.316391, 119.126076, 83.107574,12.025995, 282.541809, 1.000039
5, 742,14,189.328659, 189.334427, 119.126076, 83.107574,12.025995, 282.541809, 0.999970
5, 742,15,173.248047, 173.238266, 119.126076, 83.107574,12.025995, 282.541809, 1.000057
5, 742,16,13.165651, 13.176872, 119.126076, 83.107574,12.025995, 282.541809, 0.999148
5, 742,17,216.362061, 216.355484, 119.126076, 83.107574,12.025995, 282.541809, 1.000030
5, 742,18,107.833282, 107.838829, 119.126076, 83.107574,12.025995, 282.541809, 0.999949
5, 742,19,64.803497, 64.809868, 119.126076, 83.107574,12.025995, 282.541809, 0.999902
5, 742,20,64.915993, 64.898117, 119.126076, 83.107574,12.025995, 282.541809, 1.000275
5, 742,21,252.138290, 252.130615, 119.126076, 83.107574,12.025995, 282.541809, 1.000030
5, 742,22,160.238007, 160.239578, 119.126076, 83.107574,12.025995, 282.541809, 0.999990
5, 742,23,122.544220, 122.549515, 119.126076, 83.107574,12.025995, 282.541809, 0.999957
5, 742,24,56.197922, 56.188190, 119.126076, 83.107574,12.025995, 282.541809, 1.000173
5, 742,25,248.400742, 248.397766, 119.126076, 83.107574,12.025995, 282.541809, 1.000012
5, 742,26,26.626110, 26.625631, 119.126076, 83.107574,12.025995, 282.541809, 1.000018
5, 742,27,215.183121, 215.181808, 119.126076, 83.107574,12.025995, 282.541809, 1.000006
5, 742,28,39.325615, 39.341942, 119.126076, 83.107574,12.025995, 282.541809, 0.999585
5, 742,29,60.873642, 60.882900, 119.126076, 83.107574,12.025995, 282.541809, 0.999848
5, 742,30,246.699753, 246.694611, 119.126076, 83.107574,12.025995, 282.541809, 1.000021
5, 742,31,282.541809, 282.540344, 119.126076, 83.107574,12.025995, 282.541809, 1.000005
5, 743,0,185.146286, 185.146027, 119.124260, 49.046829,16.917336, 189.026108, 1.000001
5, 743,1,111.567436, 111.557365, 119.124260, 49.046829,16.917336, 189.026108, 1.000090
5, 743,2,143.956070, 143.948547, 119.124260, 49.046829,16.917336, 189.026108, 1.000052
5, 743,3,184.228241, 184.243820, 119.124260, 49.046829,16.917336, 189.026108, 0.999915
5, 743,4,117.757011, 117.762161, 119.124260, 49.046829,16.917336, 189.026108, 0.999956
5, 743,5,113.879692, 113.876541, 119.124260, 49.046829,16.917336, 189.026108, 1.000028
5, 743,6,39.702274, 39.706688, 119.124260, 49.046829,16.917336, 189.026108, 0.999889
5, 743,7,158.623093, 158.622025, 119.124260, 49.046829,16.917336, 189.026108, 1.000007
5, 743,8,16.917336, 16.929901, 119.124260, 49.046829,16.917336, 189.026108, 0.999258
5, 743,9,174.759781, 174.767776, 119.124260, 49.046829,16.917336, 189.026108, 0.999954
5, 743,10,185.460190, 185.467056, 119.124260, 49.046829,16.917336, 189.026108, 0.999963
5, 743,11,106.618958, 106.625618, 119.124260, 49.046829,16.917336, 189.026108, 0.999938
5, 743,12,165.197769, 165.203201, 119.124260, 49.046829,16.917336, 189.026108, 0.999967
5, 743,13,117.578293, 117.585045, 119.124260, 49.046829,16.917336, 189.026108, 0.999943
5, 743,14,95.651878, 95.649590, 119.124260, 49.046829,16.917336, 189.026108, 1.000024
5, 743,15,87.904167, 87.911560, 119.124260, 49.046829,16.917336, 189.026108, 0.999916
5, 743,16,131.140594, 131.145950, 119.124260, 49.046829,16.917336, 189.026108, 0.999959
5, 743,17,89.711357, 89.699387, 119.124260, 49.046829,16.917336, 189.026108, 1.000133
5, 743,18,139.055313, 139.066620, 119.124260, 49.046829,16.917336, 189.026108, 0.999919
5, 743,19,99.972084, 99.966934, 119.124260, 49.046829,16.917336, 189.026108, 1.000051
5, 743,20,147.337570, 147.336014, 119.124260, 49.046829,16.917336, 189.026108, 1.000011
5, 743,21,78.572395, 78.568375, 119.124260, 49.046829,16.917336, 189.026108, 1.000051
5, 743,22,20.814617, 20.821051, 119.124260, 49.046829,16.917336, 189.026108, 0.999691
5, 743,23,120.730675, 120.717888, 119.124260, 49.046829,16.917336, 189.026108, 1.000106
5, 743,24,189.026108, 189.015045, 119.124260, 49.046829,16.917336, 189.026108, 1.000059
5, 743,25,159.264633, 159.264069, 119.124260, 49.046829,16.917336, 189.026108, 1.000004
5, 743,26,148.109985, 148.105377, 119.124260, 49.046829,16.917336, 189.026108, 1.000031
5, 743,27,24.008032, 24.003712, 119.124260, 49.046829,16.917336, 189.026108, 1.000180
5, 743,28,159.727646, 159.729019, 119.124260, 49.046829,16.917336, 189.026108, 0.999991
5, 743,29,141.584610, 141.590607, 119.124260, 49.046829,16.917336, 189.026108, 0.999958
5, 743,30,81.642586, 81.645874, 119.124260, 49.046829,16.917336, 189.026108, 0.999960
5, 743,31,76.328880, 76.321136, 119.124260, 49.046829,16.917336, 189.026108, 1.000101
5, 744,0,148.187943, 148.193420, 119.125046, 51.103783,21.144499, 184.979874, 0.999963
5, 744,1,96.956360, 96.957428, 119.125046, 51.103783,21.144499, 184.979874, 0.999989
5, 744,2,155.971069, 155.967453, 119.125046, 51.103783,21.144499, 184.979874, 1.000023
5, 744,3,94.330833, 94.339981, 119.125046, 51.103783,21.144499, 184.979874, 0.999903
5, 744,4,164.155334, 164.155365, 119.125046, 51.103783,21.144499, 184.979874, 1.000000
5, 744,5,64.621971, 64.630829, 119.125046, 51.103783,21.144499, 184.979874, 0.999863
5, 744,6,97.774651, 97.773979, 119.125046, 51.103783,21.144499, 184.979874, 1.000007
5, 744,7,143.472992, 143.467468, 119.125046, 51.103783,21.144499, 184.979874, 1.000039
5, 744,8,150.106400, 150.106155, 119.125046, 51.103783,21.144499, 184.979874, 1.000002
5, 744,9,69.412491, 69.412704, 119.125046, 51.103783,21.144499, 184.979874, 0.999997
5, 744,10,24.116825, 24.116322, 119.125046, 51.103783,21.144499, 184.979874, 1.000021
5, 744,11,140.456619, 140.447327, 119.125046, 51.103783,21.144499, 184.979874, 1.000066
5, 744,12,21.144499, 21.135338, 119.125046, 51.103783,21.144499, 184.979874, 1.000433
5, 744,13,184.979874, 184.977509, 119.125046, 51.103783,21.144499, 184.979874, 1.000013
5, 744,14,165.391266, 165.396973, 119.125046, 51.103783,21.144499, 184.979874, 0.999965
5, 744,15,147.258850, 147.264999, 119.125046, 51.103783,21.144499, 184.979874, 0.999958
5, 744,16,172.308090, 172.309723, 119.125046, 51.103783,21.144499, 184.979874, 0.999991
5, 744,17,140.393356, 140.391403, 119.125046, 51.103783,21.144499, 184.979874, 1.000014
5, 744,18,149.365997, 149.367905, 119.125046, 51.103783,21.144499, 184.979874, 0.999987
5, 744,19,162.556137, 162.555817, 119.125046, 51.103783,21.144499, 184.979874, 1.000002
5, 744,20,21.869387, 21.873592, 119.125046, 51.103783,21.144499, 184.979874, 0.999808
5, 744,21,48.097881, 48.092815, 119.125046, 51.103783,21.144499, 184.979874, 1.000105
5, 744,22,47.220463, 47.225925, 119.125046, 51.103783,21.144499, 184.979874, 0.999884
5, 744,23,121.718063, 121.711327, 119.125046, 51.103783,21.144499, 184.979874, 1.000055
5, 744,24,141.374130, 141.381332, 119.125046, 51.103783,21.144499, 184.979874, 0.999949
5, 744,25,84.178925, 84.172203, 119.125046, 51.103783,21.144499, 184.979874, 1.000080
5, 744,26,164.441010, 164.434998, 119.125046, 51.103783,21.144499, 184.979874, 1.000037
5, 744,27,180.837357, 180.838791, 119.125046, 51.103783,21.144499, 184.979874, 0.999992
5, 744,28,52.214600, 52.209141, 119.125046, 51.103783,21.144499, 184.979874, 1.000105
5, 744,29,157.571198, 157.572586, 119.125046, 51.103783,21.144499, 184.979874, 0.999991
5, 744,30,131.731171, 131.733673, 119.125046, 51.103783,21.144499, 184.979874, 0.999981
5, 744,31,167.785538, 167.785126, 119.125046, 51.103783,21.144499, 184.979874, 1.000003
5, 745,0,163.674301, 163.677094, 119.124962, 45.914001,17.001694, 184.101730, 0.999983
5, 745,1,140.978394, 140.967300, 119.124962, 45.914001,17.001694, 184.101730, 1.000079
5, 745,2,137.262527, 137.268127, 119.124962, 45.914001,17.001694, 184.101730, 0.999959
5, 745,3,103.351959, 103.337456, 119.124962, 45.914001,17.001694, 184.101730, 1.000140
5, 745,4,155.549042, 155.549606, 119.124962, 45.914001,17.001694, 184.101730, 0.999996
5, 745,5,86.813759, 86.814423, 119.124962, 45.914001,17.001694, 184.101730, 0.999992
5, 745,6,123.923477, 123.924240, 119.124962, 45.914001,17.001694, 184.101730, 0.999994
5, 745,7,148.192230, 148.204849, 119.124962, 45.914001,17.001694, 184.101730, 0.999915
5, 745,8,168.668091, 168.684402, 119.124962, 45.914001,17.001694, 184.101730, 0.999903
5, 745,9,171.356369, 171.348877, 119.124962, 45.914001,17.001694, 184.101730, 1.000044
5, 745,10,80.775360, 80.777779, 119.124962, 45.914001,17.001694, 184.101730, 0.999970
5, 745,11,183.236664, 183.239899, 119.124962, 45.914001,17.001694, 184.101730, 0.999982
5, 745,12,141.291412, 141.294327, 119.124962, 45.914001,17.001694, 184.101730, 0.999979
5, 745,13,109.918770, 109.926300, 119.124962, 45.914001,17.001694, 184.101730, 0.999932
5, 745,14,75.774727, 75.791924, 119.124962, 45.914001,17.001694, 184.101730, 0.999773
5, 745,15,166.573395, 166.561386, 119.124962, 45.914001,17.001694, 184.101730, 1.000072
5, 745,16,152.102692, 152.097031, 119.124962, 45.914001,17.001694, 184.101730, 1.000037
5, 745,17,70.698555, 70.698837, 119.124962, 45.914001,17.001694, 184.101730, 0.999996
5, 745,18,60.567322, 60.566277, 119.124962, 45.914001,17.001694, 184.101730, 1.000017
5, 745,19,17.001694, 17.007011, 119.124962, 45.914001,17.001694, 184.101730, 0.999687
5, 745,20,157.474121, 157.463547, 119.124962, 45.914001,17.001694, 184.101730, 1.000067
5, 745,21,79.646362, 79.630493, 119.124962, 45.914001,17.001694, 184.101730, 1.000199
5, 745,22,184.101730, 184.119125, 119.124962, 45.914001,17.001694, 184.101730, 0.999906
5, 745,23,100.087395, 100.088608, 119.124962, 45.914001,17.001694, 184.101730, 0.999988
5, 745,24,48.771614, 48.771770, 119.124962, 45.914001,17.001694, 184.101730, 0.999997
5, 745,25,46.136372, 46.134087, 119.124962, 45.914001,17.001694, 184.101730, 1.000049
5, 745,26,122.993912, 122.996758, 119.124962, 45.914001,17.001694, 184.101730, 0.999977
5, 745,27,97.549385, 97.542061, 119.124962, 45.914001,17.001694, 184.101730, 1.000075
5, 745,28,167.092728, 167.086792, 119.124962, 45.914001,17.001694, 184.101730, 1.000036
5, 745,29,173.379166, 173.375397, 119.124962, 45.914001,17.001694, 184.101730, 1.000022
5, 745,30,68.238289, 68.243431, 119.124962, 45.914001,17.001694, 184.101730, 0.999925
5, 745,31,108.816460, 108.811188, 119.124962, 45.914001,17.001694, 184.101730, 1.000048
5, 746,0,48.053295, 48.067165, 119.124634, 71.447388,16.645615, 224.575851, 0.999711
5, 746,1,27.176985, 27.179468, 119.124634, 71.447388,16.645615, 224.575851, 0.999909
5, 746,2,151.554916, 151.553802, 119.124634, 71.447388,16.645615, 224.575851, 1.000007
5, 746,3,16.645615, 16.643082, 119.124634, 71.447388,16.645615, 224.575851, 1.000152
5, 746,4,61.147934, 61.148415, 119.124634, 71.447388,16.645615, 224.575851, 0.999992
5, 746,5,53.393917, 53.394848, 119.124634, 71.447388,16.645615, 224.575851, 0.999983
5, 746,6,73.214500, 73.218330, 119.124634, 71.447388,16.645615, 224.575851, 0.999948
5, 746,7,93.739288, 93.749084, 119.124634, 71.447388,16.645615, 224.575851, 0.999896
5, 746,8,124.577995, 124.584877, 119.124634, 71.447388,16.645615, 224.575851, 0.999945
5, 746,9,165.494308, 165.500961, 119.124634, 71.447388,16.645615, 224.575851, 0.999960
5, 746,10,34.957390, 34.952866, 119.124634, 71.447388,16.645615, 224.575851, 1.000129
5, 746,11,30.633251, 30.649734, 119.124634, 71.447388,16.645615, 224.575851, 0.999462
5, 746,12,215.149109, 215.148895, 119.124634, 71.447388,16.645615, 224.575851, 1.000001
5, 746,13,137.976974, 137.970184, 119.124634, 71.447388,16.645615, 224.575851, 1.000049
5, 746,14,190.949051, 190.949585, 119.124634, 71.447388,16.645615, 224.575851, 0.999997
5, 746,15,173.705338, 173.710617, 119.124634, 71.447388,16.645615, 224.575851, 0.999970
5, 746,16,224.143097, 224.131927, 119.124634, 71.447388,16.645615, 224.575851, 1.000050
5, 746,17,213.267883, 213.271652, 119.124634, 71.447388,16.645615, 224.575851, 0.999982
5, 746,18,173.078796, 173.095886, 119.124634, 71.447388,16.645615, 224.575851, 0.999901
5, 746,19,224.575851, 224.574799, 119.124634, 71.447388,16.645615, 224.575851, 1.000005
5, 746,20,164.672562, 164.668106, 119.124634, 71.447388,16.645615, 224.575851, 1.000027
5, 746,21,73.752808, 73.773575, 119.124634, 71.447388,16.645615, 224.575851, 0.999718
5, 746,22,144.564911, 144.566986, 119.124634, 71.447388,16.645615, 224.575851, 0.999986
5, 746,23,221.777039, 221.765533, 119.124634, 71.447388,16.645615, 224.575851, 1.000052
5, 746,24,178.096619, 178.086441, 119.124634, 71.447388,16.645615, 224.575851, 1.000057
5, 746,25,149.294235, 149.293152, 119.124634, 71.447388,16.645615, 224.575851, 1.000007
5, 746,26,44.964806, 44.953842, 119.124634, 71.447388,16.645615, 224.575851, 1.000244
5, 746,27,16.668137, 16.656300, 119.124634, 71.447388,16.645615, 224.575851, 1.000711
5, 746,28,75.367805, 75.359978, 119.124634, 71.447388,16.645615, 224.575851, 1.000104
5, 746,29,204.064697, 204.057266, 119.124634, 71.447388,16.645615, 224.575851, 1.000036
5, 746,30,66.000587, 65.986954, 119.124634, 71.447388,16.645615, 224.575851, 1.000207
5, 746,31,39.328289, 39.335312, 119.124634, 71.447388,16.645615, 224.575851, 0.999821
5, 747,0,206.576675, 206.568893, 119.125237, 64.661285,18.705656, 217.867340, 1.000038
5, 747,1,217.867340, 217.860672, 119.125237, 64.661285,18.705656, 217.867340, 1.000031
5, 747,2,90.051231, 90.062904, 119.125237, 64.661285,18.705656, 217.867340, 0.999870
5, 747,3,192.585236, 192.577652, 119.125237, 64.661285,18.705656, 217.867340, 1.000039
5, 747,4,150.282410, 150.281265, 119.125237, 64.661285,18.705656, 217.867340, 1.000008
5, 747,5,27.009468, 27.019951, 119.125237, 64.661285,18.705656, 217.867340, 0.999612
5, 747,6,49.848583, 49.847095, 119.125237, 64.661285,18.705656, 217.867340, 1.000030
5, 747,7,107.323448, 107.326462, 119.125237, 64.661285,18.705656, 217.867340, 0.999972
5, 747,8,36.417641, 36.408905, 119.125237, 64.661285,18.705656, 217.867340, 1.000240
5, 747,9,124.442406, 124.432007, 119.125237, 64.661285,18.705656, 217.867340, 1.000084
5, 747,10,18.705656, 18.710791, 119.125237, 64.661285,18.705656, 217.867340, 0.999726
5, 747,11,184.763916, 184.775467, 119.125237, 64.661285,18.705656, 217.867340, 0.999937
5, 747,12,138.957138, 138.956573, 119.125237, 64.661285,18.705656, 217.867340, 1.000004
5, 747,13,108.706871, 108.715714, 119.125237, 64.661285,18.705656, 217.867340, 0.999919
5, 747,14,46.754143, 46.745975, 119.125237, 64.661285,18.705656, 217.867340, 1.000175
5, 747,15,176.929260, 176.940353, 119.125237, 64.661285,18.705656, 217.867340, 0.999937
5, 747,16,92.459839, 92.459518, 119.125237, 64.661285,18.705656, 217.867340, 1.000003
5, 747,17,197.384079, 197.377472, 119.125237, 64.661285,18.705656, 217.867340, 1.000033
5, 747,18,68.552498, 68.545998, 119.125237, 64.661285,18.705656, 217.867340, 1.000095
5, 747,19,136.918304, 136.928650, 119.125237, 64.661285,18.705656, 217.867340, 0.999924
5, 747,20,59.218868, 59.222881, 119.125237, 64.661285,18.705656, 217.867340, 0.999932
5, 747,21,125.226860, 125.228676, 119.125237, 64.661285,18.705656, 217.867340, 0.999986
5, 747,22,106.509308, 106.496864, 119.125237, 64.661285,18.705656, 217.867340, 1.000117
5, 747,23,51.611122, 51.611641, 119.125237, 64.661285,18.705656, 217.867340, 0.999990
5, 747,24,24.399456, 24.392887, 119.125237, 64.661285,18.705656, 217.867340, 1.000269
5, 747,25,207.499649, 207.503845, 119.125237, 64.661285,18.705656, 217.867340, 0.999980
5, 747,26,21.153234, 21.153500, 119.125237, 64.661285,18.705656, 217.867340, 0.999987
5, 747,27,186.026581, 186.019867, 119.125237, 64.661285,18.705656, 217.867340, 1.000036
5, 747,28,192.074341, 192.064087, 119.125237, 64.661285,18.705656, 217.867340, 1.000053
5, 747,29,178.376495, 178.388870, 119.125237, 64.661285,18.705656, 217.867340, 0.999931
5, 747,30,109.863594, 109.861351, 119.125237, 64.661285,18.705656, 217.867340, 1.000020
5, 747,31,177.512222, 177.513199, 119.125237, 64.661285,18.705656, 217.867340, 0.999995
5, 748,0,150.171951, 150.171219, 119.125740, 57.353176,10.472948, 195.139648, 1.000005
5, 748,1,136.075180, 136.067520, 119.125740, 57.353176,10.472948, 195.139648, 1.000056
5, 748,2,70.639320, 70.650452, 119.125740, 57.353176,10.472948, 195.139648, 0.999842
5, 748,3,179.656357, 179.659668, 119.125740, 57.353176,10.472948, 195.139648, 0.999982
5, 748,4,116.495949, 116.493187, 119.125740, 57.353176,10.472948, 195.139648, 1.000024
5, 748,5,169.883179, 169.884048, 119.125740, 57.353176,10.472948, 195.139648, 0.999995
5, 748,6,58.952091, 58.947395, 119.125740, 57.353176,10.472948, 195.139648, 1.000080
5, 748,7,92.163467, 92.163757, 119.125740, 57.353176,10.472948, 195.139648, 0.999997
5, 748,8,117.871681, 117.866623, 119.125740, 57.353176,10.472948, 195.139648, 1.000043
5, 748,9,188.704071, 188.702423, 119.125740, 57.353176,10.472948, 195.139648, 1.000009
5, 748,10,134.994843, 134.999939, 119.125740, 57.353176,10.472948, 195.139648, 0.999962
5, 748,11,186.327148, 186.319107, 119.125740, 57.353176,10.472948, 195.139648, 1.000043
5, 748,12,112.699043, 112.707581, 119.125740, 57.353176,10.472948, 195.139648, 0.999924
5, 748,13,177.736359, 177.738022, 119.125740, 57.353176,10.472948, 195.139648, 0.999991
5, 748,14,99.858658, 99.861923, 119.125740, 57.353176,10.472948, 195.139648, 0.999967
5, 748,15,181.555267, 181.552490, 119.125740, 57.353176,10.472948, 195.139648, 1.000015
5, 748,16,76.772011, 76.773209, 119.125740, 57.353176,10.472948, 195.139648, 0.999984
5, 748,17,65.780449, 65.779945, 119.125740, 57.353176,10.472948, 195.139648, 1.000008
5, 748,18,126.259521, 126.245735, 119.125740, 57.353176,10.472948, 195.139648, 1.000109
5, 748,19,155.169052, 155.168671, 119.125740, 57.353176,10.472948, 195.139648, 1.000003
5, 748,20,166.427063, 166.415833, 119.125740, 57.353176,10.472948, 195.139648, 1.000067
5, 748,21,15.420298, 15.430264, 119.125740, 57.353176,10.472948, 195.139648, 0.999354
5, 748,22,195.139648, 195.148346, 119.125740, 57.353176,10.472948, 195.139648, 0.999955
5, 748,23,176.074753, 176.087601, 119.125740, 57.353176,10.472948, 195.139648, 0.999927
5, 748,24,44.575703, 44.578259, 119.125740, 57.353176,10.472948, 195.139648, 0.999943
5, 748,25,10.472948, 10.461659, 119.125740, 57.353176,10.472948, 195.139648, 1.001079
5, 748,26,128.192612, 128.178925, 119.125740, 57.353176,10.472948, 195.139648, 1.000107
5, 748,27,42.384342, 42.379608, 119.125740, 57.353176,10.472948, 195.139648, 1.000112
5, 748,28,164.609344, 164.615372, 119.125740, 57.353176,10.472948, 195.139648, 0.999963
5, 748,29,188.174057, 188.171524, 119.125740, 57.353176,10.472948, 195.139648, 1.000013
5, 748,30,32.464127, 32.459709, 119.125740, 57.353176,10.472948, 195.139648, 1.000136
5, 748,31,50.323257, 50.320145, 119.125740, 57.353176,10.472948, 195.139648, 1.000062
5, 749,0,176.572769, 176.568100, 119.124207, 61.659512,10.514957, 231.104477, 1.000026
5, 749,1,64.352234, 64.350517, 119.124207, 61.659512,10.514957, 231.104477, 1.000027
5, 749,2,146.890152, 146.895889, 119.124207, 61.659512,10.514957, 231.104477, 0.999961
5, 749,3,40.461899, 40.462925, 119.124207, 61.659512,10.514957, 231.104477, 0.999975
5, 749,4,94.922760, 94.931358, 119.124207, 61.659512,10.514957, 231.104477, 0.999909
5, 749,5,135.972198, 135.971680, 119.124207, 61.659512,10.514957, 231.104477, 1.000004
5, 749,6,146.920120, 146.930557, 119.124207, 61.659512,10.514957, 231.104477, 0.999929
5, 749,7,83.296799, 83.271935, 119.124207, 61.659512,10.514957, 231.104477, 1.000299
5, 749,8,47.790623, 47.794281, 119.124207, 61.659512,10.514957, 231.104477, 0.999923
5, 749,9,85.499382, 85.498383, 119.124207, 61.659512,10.514957, 231.104477, 1.000012
5, 749,10,36.390415, 36.398426, 119.124207, 61.659512,10.514957, 231.104477, 0.999780
5, 749,11,77.178139, 77.189064, 119.124207, 61.659512,10.514957, 231.104477, 0.999858
5, 749,12,131.291397, 131.289886, 119.124207, 61.659512,10.514957, 231.104477, 1.000012
5, 749,13,209.675415, 209.673645, 119.124207, 61.659512,10.514957, 231.104477, 1.000008
5, 749,14,10.514957, 10.513264, 119.124207, 61.659512,10.514957, 231.104477, 1.000161
5, 749,15,157.641678, 157.639755, 119.124207, 61.659512,10.514957, 231.104477, 1.000012
5, 749,16,162.543961, 162.536575, 119.124207, 61.659512,10.514957, 231.104477, 1.000045
5, 749,17,46.058918, 46.060280, 119.124207, 61.659512,10.514957, 231.104477, 0.999970
5, 749,18,57.975357, 57.969395, 119.124207, 61.659512,10.514957, 231.104477, 1.000103
5, 749,19,122.467949, 122.474220, 119.124207, 61.659512,10.514957, 231.104477, 0.999949
5, 749,20,206.108734, 206.122406, 119.124207, 61.659512,10.514957, 231.104477, 0.999934
5, 749,21,231.104477, 231.112823, 119.124207, 61.659512,10.514957, 231.104477, 0.999964
5, 749,22,210.727325, 210.707108, 119.124207, 61.659512,10.514957, 231.104477, 1.000096
5, 749,23,74.862885, 74.844688, 119.124207, 61.659512,10.514957, 231.104477, 1.000243
5, 749,24,151.080231, 151.092178, 119.124207, 61.659512,10.514957, 231.104477, 0.999921
5, 749,25,161.166412, 161.163239, 119.124207, 61.659512,10.514957, 231.104477, 1.000020
5, 749,26,202.784729, 202.786194, 119.124207, 61.659512,10.514957, 231.104477, 0.999993
5, 749,27,111.321587, 111.328064, 119.124207, 61.659512,10.514957, 231.104477, 0.999942
5, 749,28,106.937332, 106.937576, 119.124207, 61.659512,10.514957, 231.104477, 0.999998
5, 749,29,14.785719, 14.792778, 119.124207, 61.659512,10.514957, 231.104477, 0.999523
5, 749,30,136.486160, 136.498810, 119.124207, 61.659512,10.514957, 231.104477, 0.999907
5, 749,31,170.192017, 170.193924, 119.124207, 61.659512,10.514957, 231.104477, 0.999989
5, 750,0,92.031418, 92.030197, 119.125000, 66.235329,14.496751, 234.401901, 1.000013
5, 750,1,127.046883, 127.042496, 119.125000, 66.235329,14.496751, 234.401901, 1.000035
5, 750,2,232.181625, 232.177048, 119.125000, 66.235329,14.496751, 234.401901, 1.000020
5, 750,3,133.056763, 133.062744, 119.125000, 66.235329,14.496751, 234.401901, 0.999955
5, 750,4,98.397995, 98.392265, 119.125000, 66.235329,14.496751, 234.401901, 1.000058
5, 750,5,133.500992, 133.502228, 119.125000, 66.235329,14.496751, 234.401901, 0.999991
5, 750,6,115.142159, 115.134544, 119.125000, 66.235329,14.496751, 234.401901, 1.000066
5, 750,7,154.373245, 154.374252, 119.125000, 66.235329,14.496751, 234.401901, 0.999994
5, 750,8,149.303284, 149.309723, 119.125000, 66.235329,14.496751, 234.401901, 0.999957
5, 750,9,202.801834, 202.801315, 119.125000, 66.235329,14.496751, 234.401901, 1.000003
5, 750,10,55.925102, 55.922680, 119.125000, 66.235329,14.496751, 234.401901, 1.000043
5, 750,11,184.656021, 184.670807, 119.125000, 66.235329,14.496751, 234.401901, 0.999920
5, 750,12,61.600388, 61.601101, 119.125000, 66.235329,14.496751, 234.401901, 0.999988
5, 750,13,172.875290, 172.888443, 119.125000, 66.235329,14.496751, 234.401901, 0.999924
5, 750,14,46.543213, 46.553982, 119.125000, 66.235329,14.496751, 234.401901, 0.999769
5, 750,15,15.840839, 15.831894, 119.125000, 66.235329,14.496751, 234.401901, 1.000565
5, 750,16,127.107880, 127.112244, 119.125000, 66.235329,14.496751, 234.401901, 0.999966
5, 750,17,51.469357, 51.472027, 119.125000, 66.235329,14.496751, 234.401901, 0.999948
5, 750,18,43.050194, 43.045074, 119.125000, 66.235329,14.496751, 234.401901, 1.000119
5, 750,19,185.357452, 185.354462, 119.125000, 66.235329,14.496751, 234.401901, 1.000016
5, 750,20,145.657990, 145.661301, 119.125000, 66.235329,14.496751, 234.401901, 0.999977
5, 750,21,202.532547, 202.550171, 119.125000, 66.235329,14.496751, 234.401901, 0.999913
5, 750,22,234.401901, 234.402374, 119.125000, 66.235329,14.496751, 234.401901, 0.999998
5, 750,23,54.877541, 54.869312, 119.125000, 66.235329,14.496751, 234.401901, 1.000150
5, 750,24,74.712280, 74.708916, 119.125000, 66.235329,14.496751, 234.401901, 1.000045
5, 750,25,111.884918, 111.876770, 119.125000, 66.235329,14.496751, 234.401901, 1.000073
5, 750,26,88.820114, 88.814285, 119.125000, 66.235329,14.496751, 234.401901, 1.000066
5, 750,27,14.496751, 14.499488, 119.125000, 66.235329,14.496751, 234.401901, 0.999811
5, 750,28,188.303909, 188.305267, 119.125000, 66.235329,14.496751, 234.401901, 0.999993
5, 750,29,224.475876, 224.468597, 119.125000, 66.235329,14.496751, 234.401901, 1.000032
5, 750,30,70.074234, 70.069908, 119.125000, 66.235329,14.496751, 234.401901, 1.000062
5, 750,31,19.500313, 19.494268, 119.125000, 66.235329,14.496751, 234.401901, 1.000310
5, 751,0,121.540985, 121.531090, 119.124260, 62.419506,11.248009, 222.830505, 1.000081
5, 751,1,31.903795, 31.919603, 119.124260, 62.419506,11.248009, 222.830505, 0.999505
5, 751,2,198.460541, 198.451202, 119.124260, 62.419506,11.248009, 222.830505, 1.000047
5, 751,3,37.584419, 37.568565, 119.124260, 62.419506,11.248009, 222.830505, 1.000422
5, 751,4,192.061401, 192.057693, 119.124260, 62.419506,11.248009, 222.830505, 1.000019
5, 751,5,104.004486, 104.017265, 119.124260, 62.419506,11.248009, 222.830505, 0.999877
5, 751,6,61.911518, 61.899387, 119.124260, 62.419506,11.248009, 222.830505, 1.000196
5, 751,7,101.820663, 101.824623, 119.124260, 62.419506,11.248009, 222.830505, 0.999961
5, 751,8,11.248009, 11.250011, 119.124260, 62.419506,11.248009, 222.830505, 0.999822
5, 751,9,102.142624, 102.138840, 119.124260, 62.419506,11.248009, 222.830505, 1.000037
5, 751,10,92.064316, 92.056770, 119.124260, 62.419506,11.248009, 222.830505, 1.000082
5, 751,11,62.296265, 62.309231, 119.124260, 62.419506,11.248009, 222.830505, 0.999792
5, 751,12,50.763138, 50.772236, 119.124260, 62.419506,11.248009, 222.830505, 0.999821
5, 751,13,222.830505, 222.836670, 119.124260, 62.419506,11.248009, 222.830505, 0.999972
5, 751,14,124.806625, 124.796150, 119.124260, 62.419506,11.248009, 222.830505, 1.000084
5, 751,15,142.283218, 142.262161, 119.124260, 62.419506,11.248009, 222.830505, 1.000148
5, 751,16,112.711617, 112.719536, 119.124260, 62.419506,11.248009, 222.830505, 0.999930
5, 751,17,203.929916, 203.936234, 119.124260, 62.419506,11.248009, 222.830505, 0.999969
5, 751,18,44.844555, 44.856880, 119.124260, 62.419506,11.248009, 222.830505, 0.999725
5, 751,19,147.217758, 147.214386, 119.124260, 62.419506,11.248009, 222.830505, 1.000023
5, 751,20,50.983368, 50.990818, 119.124260, 62.419506,11.248009, 222.830505, 0.999854
5, 751,21,98.254860, 98.252190, 119.124260, 62.419506,11.248009, 222.830505, 1.000027
5, 751,22,66.789703, 66.783310, 119.124260, 62.419506,11.248009, 222.830505, 1.000096
5, 751,23,217.028473, 217.030624, 119.124260, 62.419506,11.248009, 222.830505, 0.999990
5, 751,24,117.126114, 117.125313, 119.124260, 62.419506,11.248009, 222.830505, 1.000007
5, 751,25,159.422958, 159.427628, 119.124260, 62.419506,11.248009, 222.830505, 0.999971
5, 751,26,98.192360, 98.218033, 119.124260, 62.419506,11.248009, 222.830505, 0.999739
5, 751,27,78.096436, 78.101730, 119.124260, 62.419506,11.248009, 222.830505, 0.999932
5, 751,28,210.116592, 210.117981, 119.124260, 62.419506,11.248009, 222.830505, 0.999993
5, 751,29,210.545914, 210.548309, 119.124260, 62.419506,11.248009, 222.830505, 0.999989
5, 751,30,207.020798, 207.016861, 119.124260, 62.419506,11.248009, 222.830505, 1.000019
5, 751,31,131.971817, 131.968353, 119.124260, 62.419506,11.248009, 222.830505, 1.000026
5, 752,0,95.965904, 95.960838, 119.126251, 51.343834,23.328386, 193.616364, 1.000053
5, 752,1,86.910812, 86.912956, 119.126251, 51.343834,23.328386, 193.616364, 0.999975
5, 752,2,65.310478, 65.314613, 119.126251, 51.343834,23.328386, 193.616364, 0.999937
5, 752,3,193.616364, 193.607025, 119.126251, 51.343834,23.328386, 193.616364, 1.000048
5, 752,4,161.832108, 161.819305, 119.126251, 51.343834,23.328386, 193.616364, 1.000079
5, 752,5,27.966995, 27.957573, 119.126251, 51.343834,23.328386, 193.616364, 1.000337
5, 752,6,103.552261, 103.548805, 119.126251, 51.343834,23.328386, 193.616364, 1.000033
5, 752,7,56.786999, 56.789421, 119.126251, 51.343834,23.328386, 193.616364, 0.999957
5, 752,8,180.641327, 180.629990, 119.126251, 51.343834,23.328386, 193.616364, 1.000063
5, 752,9,157.846115, 157.842087, 119.126251, 51.343834,23.328386, 193.616364, 1.000026
5, 752,10,151.946274, 151.948334, 119.126251, 51.343834,23.328386, 193.616364, 0.999986
5, 752,11,134.289413, 134.297165, 119.126251, 51.343834,23.328386, 193.616364, 0.999942
5, 752,12,181.645721, 181.645309, 119.126251, 51.343834,23.328386, 193.616364, 1.000002
5, 752,13,95.927238, 95.942818, 119.126251, 51.343834,23.328386, 193.616364, 0.999838
5, 752,14,163.974823, 163.970108, 119.126251, 51.343834,23.328386, 193.616364, 1.000029
5, 752,15,95.242294, 95.233887, 119.126251, 51.343834,23.328386, 193.616364, 1.000088
5, 752,16,108.325851, 108.325066, 119.126251, 51.343834,23.328386, 193.616364, 1.000007
5, 752,17,108.070969, 108.072739, 119.126251, 51.343834,23.328386, 193.616364, 0.999984
5, 752,18,136.243439, 136.249725, 119.126251, 51.343834,23.328386, 193.616364, 0.999954
5, 752,19,28.188799, 28.191881, 119.126251, 51.343834,23.328386, 193.616364, 0.999891
5, 752,20,148.293060, 148.295547, 119.126251, 51.343834,23.328386, 193.616364, 0.999983
5, 752,21,141.310852, 141.308365, 119.126251, 51.343834,23.328386, 193.616364, 1.000018
5, 752,22,174.212997, 174.207550, 119.126251, 51.343834,23.328386, 193.616364, 1.000031
5, 752,23,72.266411, 72.271744, 119.126251, 51.343834,23.328386, 193.616364, 0.999926
5, 752,24,191.588684, 191.594376, 119.126251, 51.343834,23.328386, 193.616364, 0.999970
5, 752,25,95.763802, 95.762581, 119.126251, 51.343834,23.328386, 193.616364, 1.000013
5, 752,26,193.504883, 193.498871, 119.126251, 51.343834,23.328386, 193.616364, 1.000031
5, 752,27,156.108582, 156.099777, 119.126251, 51.343834,23.328386, 193.616364, 1.000056
5, 752,28,145.988556, 145.994522, 119.126251, 51.343834,23.328386, 193.616364, 0.999959
5, 752,29,84.437866, 84.431702, 119.126251, 51.343834,23.328386, 193.616364, 1.000073
5, 752,30,50.951897, 50.949757, 119.126251, 51.343834,23.328386, 193.616364, 1.000042
5, 752,31,23.328386, 23.325493, 119.126251, 51.343834,23.328386, 193.616364, 1.000124
5, 753,0,210.371887, 210.377502, 119.125175, 80.188629,13.199271, 241.157349, 0.999973
5, 753,1,140.855103, 140.860367, 119.125175, 80.188629,13.199271, 241.157349, 0.999963
5, 753,2,13.199271, 13.200332, 119.125175, 80.188629,13.199271, 241.157349, 0.999920
5, 753,3,19.775822, 19.770550, 119.125175, 80.188629,13.199271, 241.157349, 1.000267
5, 753,4,75.685303, 75.688049, 119.125175, 80.188629,13.199271, 241.157349, 0.999964
5, 753,5,179.660172, 179.645844, 119.125175, 80.188629,13.199271, 241.157349, 1.000080
5, 753,6,219.051529, 219.045944, 119.125175, 80.188629,13.199271, 241.157349, 1.000026
5, 753,7,61.972149, 61.975365, 119.125175, 80.188629,13.199271, 241.157349, 0.999948
5, 753,8,35.724098, 35.708626, 119.125175, 80.188629,13.199271, 241.157349, 1.000433
5, 753,9,92.571465, 92.586922, 119.125175, 80.188629,13.199271, 241.157349, 0.999833
5, 753,10,16.503647, 16.499569, 119.125175, 80.188629,13.199271, 241.157349, 1.000247
5, 753,11,221.909531, 221.914246, 119.125175, 80.188629,13.199271, 241.157349, 0.999979
5, 753,12,165.137756, 165.141907, 119.125175, 80.188629,13.199271, 241.157349, 0.999975
5, 753,13,77.999634, 78.005280, 119.125175, 80.188629,13.199271, 241.157349, 0.999928
5, 753,14,205.565628, 205.559357, 119.125175, 80.188629,13.199271, 241.157349, 1.000031
5, 753,15,49.357006, 49.357719, 119.125175, 80.188629,13.199271, 241.157349, 0.999986
5, 753,16,16.647223, 16.640865, 119.125175, 80.188629,13.199271, 241.157349, 1.000382
5, 753,17,42.913963, 42.928799, 119.125175, 80.188629,13.199271, 241.157349, 0.999654
5, 753,18,161.452057, 161.447037, 119.125175, 80.188629,13.199271, 241.157349, 1.000031
5, 753,19,78.602005, 78.598717, 119.125175, 80.188629,13.199271, 241.157349, 1.000042
5, 753,20,39.705708, 39.700211, 119.125175, 80.188629,13.199271, 241.157349, 1.000139
5, 753,21,236.865784, 236.877380, 119.125175, 80.188629,13.199271, 241.157349, 0.999951
5, 753,22,13.271832, 13.285109, 119.125175, 80.188629,13.199271, 241.157349, 0.999001
5, 753,23,182.823013, 182.832047, 119.125175, 80.188629,13.199271, 241.157349, 0.999951
5, 753,24,180.352325, 180.359390, 119.125175, 80.188629,13.199271, 241.157349, 0.999961
5, 753,25,157.201813, 157.187012, 119.125175, 80.188629,13.199271, 241.157349, 1.000094
5, 753,26,137.492813, 137.490479, 119.125175, 80.188629,13.199271, 241.157349, 1.000017
5, 753,27,196.852890, 196.855560, 119.125175, 80.188629,13.199271, 241.157349, 0.999986
5, 753,28,241.157349, 241.158630, 119.125175, 80.188629,13.199271, 241.157349, 0.999995
5, 753,29,44.590870, 44.574886, 119.125175, 80.188629,13.199271, 241.157349, 1.000359
5, 753,30,56.638195, 56.627350, 119.125175, 80.188629,13.199271, 241.157349, 1.000192
5, 753,31,240.097900, 240.098907, 119.125175, 80.188629,13.199271, 241.157349, 0.999996
5, 754,0,190.933136, 190.943436, 119.126305, 64.253410,10.918129, 209.208755, 0.999946
5, 754,1,128.463959, 128.469131, 119.126305, 64.253410,10.918129, 209.208755, 0.999960
5, 754,2,96.412933, 96.409538, 119.126305, 64.253410,10.918129, 209.208755, 1.000035
5, 754,3,124.486420, 124.472626, 119.126305, 64.253410,10.918129, 209.208755, 1.000111
5, 754,4,67.605873, 67.595932, 119.126305, 64.253410,10.918129, 209.208755, 1.000147
5, 754,5,174.990402, 174.982422, 119.126305, 64.253410,10.918129, 209.208755, 1.000046
5, 754,6,88.845322, 88.841827, 119.126305, 64.253410,10.918129, 209.208755, 1.000039
5, 754,7,12.561131, 12.570521, 119.126305, 64.253410,10.918129, 209.208755, 0.999253
5, 754,8,22.916836, 22.921402, 119.126305, 64.253410,10.918129, 209.208755, 0.999801
5, 754,9,113.610016, 113.615143, 119.126305, 64.253410,10.918129, 209.208755, 0.999955
5, 754,10,155.069519, 155.068695, 119.126305, 64.253410,10.918129, 209.208755, 1.000005
5, 754,11,25.431995, 25.423126, 119.126305, 64.253410,10.918129, 209.208755, 1.000349
5, 754,12,185.931778, 185.946228, 119.126305, 64.253410,10.918129, 209.208755, 0.999922
5, 754,13,200.205597, 200.206055, 119.126305, 64.253410,10.918129, 209.208755, 0.999998
5, 754,14,160.484665, 160.491180, 119.126305, 64.253410,10.918129, 209.208755, 0.999959
5, 754,15,205.059525, 205.053146, 119.126305, 64.253410,10.918129, 209.208755, 1.000031
5, 754,16,183.730103, 183.725952, 119.126305, 64.253410,10.918129, 209.208755, 1.000023
5, 754,17,142.295380, 142.309921, 119.126305, 64.253410,10.918129, 209.208755, 0.999898
5, 754,18,195.225449, 195.215118, 119.126305, 64.253410,10.918129, 209.208755, 1.000053
5, 754,19,81.138435, 81.130264, 119.126305, 64.253410,10.918129, 209.208755, 1.000101
5, 754,20,80.436050, 80.423523, 119.126305, 64.253410,10.918129, 209.208755, 1.000156
5, 754,21,201.471848, 201.469437, 119.126305, 64.253410,10.918129, 209.208755, 1.000012
5, 754,22,59.486980, 59.477840, 119.126305, 64.253410,10.918129, 209.208755, 1.000154
5, 754,23,35.247787, 35.248650, 119.126305, 64.253410,10.918129, 209.208755, 0.999976
5, 754,24,101.527496, 101.519302, 119.126305, 64.253410,10.918129, 209.208755, 1.000081
5, 754,25,201.675980, 201.675827, 119.126305, 64.253410,10.918129, 209.208755, 1.000001
5, 754,26,112.126732, 112.120361, 119.126305, 64.253410,10.918129, 209.208755, 1.000057
5, 754,27,10.918129, 10.925638, 119.126305, 64.253410,10.918129, 209.208755, 0.999313
5, 754,28,123.118652, 123.109192, 119.126305, 64.253410,10.918129, 209.208755, 1.000077
5, 754,29,62.449963, 62.454895, 119.126305, 64.253410,10.918129, 209.208755, 0.999921
5, 754,30,209.208755, 209.218521, 119.126305, 64.253410,10.918129, 209.208755, 0.999953
5, 754,31,58.974686, 58.964989, 119.126305, 64.253410,10.918129, 209.208755, 1.000165
5, 755,0,213.927292, 213.938309, 119.124931, 65.356354,15.175550, 213.927292, 0.999949
5, 755,1,44.209667, 44.207024, 119.124931, 65.356354,15.175550, 213.927292, 1.000060
5, 755,2,121.270691, 121.277824, 119.124931, 65.356354,15.175550, 213.927292, 0.999941
5, 755,3,137.283752, 137.274963, 119.124931, 65.356354,15.175550, 213.927292, 1.000064
5, 755,4,133.080704, 133.087616, 119.124931, 65.356354,15.175550, 213.927292, 0.999948
5, 755,5,20.127844, 20.123573, 119.124931, 65.356354,15.175550, 213.927292, 1.000212
5, 755,6,204.299637, 204.303665, 119.124931, 65.356354,15.175550, 213.927292, 0.999980
5, 755,7,169.175323, 169.168930, 119.124931, 65.356354,15.175550, 213.927292, 1.000038
5, 755,8,103.132553, 103.130608, 119.124931, 65.356354,15.175550, 213.927292, 1.000019
5, 755,9,62.457794, 62.448261, 119.124931, 65.356354,15.175550, 213.927292, 1.000153
5, 755,10,181.903503, 181.887634, 119.124931, 65.356354,15.175550, 213.927292, 1.000087
5, 755,11,37.075668, 37.054703, 119.124931, 65.356354,15.175550, 213.927292, 1.000566
5, 755,12,138.311188, 138.302979, 119.124931, 65.356354,15.175550, 213.927292, 1.000059
5, 755,13,15.406179, 15.403419, 119.124931, 65.356354,15.175550, 213.927292, 1.000179
5, 755,14,141.554428, 141.562592, 119.124931, 65.356354,15.175550, 213.927292, 0.999942
5, 755,15,104.297668, 104.302818, 119.124931, 65.356354,15.175550, 213.927292, 0.999951
5, 755,16,43.623882, 43.624054, 119.124931, 65.356354,15.175550, 213.927292, 0.999996
5, 755,17,140.720642, 140.722610, 119.124931, 65.356354,15.175550, 213.927292, 0.999986
5, 755,18,165.147186, 165.150833, 119.124931, 65.356354,15.175550, 213.927292, 0.999978
5, 755,19,91.795601, 91.803497, 119.124931, 65.356354,15.175550, 213.927292, 0.999914
5, 755,20,38.308495, 38.302128, 119.124931, 65.356354,15.175550, 213.927292, 1.000166
5, 755,21,94.573677, 94.574165, 119.124931, 65.356354,15.175550, 213.927292, 0.999995
5, 755,22,34.558537, 34.572388, 119.124931, 65.356354,15.175550, 213.927292, 0.999599
5, 755,23,191.748306, 191.760468, 119.124931, 65.356354,15.175550, 213.927292, 0.999937
5, 755,24,212.998123, 213.004303, 119.124931, 65.356354,15.175550, 213.927292, 0.999971
5, 755,25,170.748978, 170.748566, 119.124931, 65.356354,15.175550, 213.927292, 1.000002
5, 755,26,149.543518, 149.542358, 119.124931, 65.356354,15.175550, 213.927292, 1.000008
5, 755,27,188.829437, 188.820557, 119.124931, 65.356354,15.175550, 213.927292, 1.000047
5, 755,28,213.714951, 213.718918, 119.124931, 65.356354,15.175550, 213.927292, 0.999981
5, 755,29,15.175550, 15.184023, 119.124931, 65.356354,15.175550, 213.927292, 0.999442
5, 755,30,171.806931, 171.807938, 119.124931, 65.356354,15.175550, 213.927292, 0.999994
5, 755,31,61.190521, 61.188301, 119.124931, 65.356354,15.175550, 213.927292, 1.000036
5, 756,0,35.730164, 35.723267, 119.125168, 76.411568,10.407570, 248.376892, 1.000193
5, 756,1,216.473251, 216.483353, 119.125168, 76.411568,10.407570, 248.376892, 0.999953
5, 756,2,26.460051, 26.466452, 119.125168, 76.411568,10.407570, 248.376892, 0.999758
5, 756,3,105.918144, 105.913368, 119.125168, 76.411568,10.407570, 248.376892, 1.000045
5, 756,4,248.376892, 248.377838, 119.125168, 76.411568,10.407570, 248.376892, 0.999996
5, 756,5,128.688950, 128.684540, 119.125168, 76.411568,10.407570, 248.376892, 1.000034
5, 756,6,196.802689, 196.805222, 119.125168, 76.411568,10.407570, 248.376892, 0.999987
5, 756,7,62.486851, 62.484955, 119.125168, 76.411568,10.407570, 248.376892, 1.000030
5, 756,8,111.839561, 111.854637, 119.125168, 76.411568,10.407570, 248.376892, 0.999865
5, 756,9,118.203545, 118.196449, 119.125168, 76.411568,10.407570, 248.376892, 1.000060
5, 756,10,45.881329, 45.884995, 119.125168, 76.411568,10.407570, 248.376892, 0.999920
5, 756,11,43.254192, 43.244427, 119.125168, 76.411568,10.407570, 248.376892, 1.000226
5, 756,12,25.212463, 25.212923, 119.125168, 76.411568,10.407570, 248.376892, 0.999982
5, 756,13,145.237946, 145.232574, 119.125168, 76.411568,10.407570, 248.376892, 1.000037
5, 756,14,230.980072, 230.984222, 119.125168, 76.411568,10.407570, 248.376892, 0.999982
5, 756,15,229.768585, 229.775192, 119.125168, 76.411568,10.407570, 248.376892, 0.999971
5, 756,16,153.468079, 153.465805, 119.125168, 76.411568,10.407570, 248.376892, 1.000015
5, 756,17,137.389740, 137.385056, 119.125168, 76.411568,10.407570, 248.376892, 1.000034
5, 756,18,66.092171, 66.082359, 119.125168, 76.411568,10.407570, 248.376892, 1.000148
5, 756,19,164.250107, 164.258011, 119.125168, 76.411568,10.407570, 248.376892, 0.999952
5, 756,20,60.145218, 60.155922, 119.125168, 76.411568,10.407570, 248.376892, 0.999822
5, 756,21,149.950012, 149.950012, 119.125168, 76.411568,10.407570, 248.376892, 1.000000
5, 756,22,109.350403, 109.347595, 119.125168, 76.411568,10.407570, 248.376892, 1.000026
5, 756,23,10.407570, 10.400536, 119.125168, 76.411568,10.407570, 248.376892, 1.000676
5, 756,24,180.431747, 180.427765, 119.125168, 76.411568,10.407570, 248.376892, 1.000022
5, 756,25,109.037483, 109.036057, 119.125168, 76.411568,10.407570, 248.376892, 1.000013
5, 756,26,169.119995, 169.116348, 119.125168, 76.411568,10.407570, 248.376892, 1.000022
5, 756,27,246.480164, 246.471588, 119.125168, 76.411568,10.407570, 248.376892, 1.000035
5, 756,28,220.310471, 220.318115, 119.125168, 76.411568,10.407570, 248.376892, 0.999965
5, 756,29,26.018053, 26.021412, 119.125168, 76.411568,10.407570, 248.376892, 0.999871
5, 756,30,27.621407, 27.623554, 119.125168, 76.411568,10.407570, 248.376892, 0.999922
5, 756,31,10.618114, 10.615638, 119.125168, 76.411568,10.407570, 248.376892, 1.000233
5, 757,0,159.961548, 159.960922, 119.123741, 87.165192,12.208002, 281.483429, 1.000004
5, 757,1,268.201111, 268.213623, 119.123741, 87.165192,12.208002, 281.483429, 0.999953
5, 757,2,107.350380, 107.356033, 119.123741, 87.165192,12.208002, 281.483429, 0.999947
5, 757,3,33.371380, 33.382790, 119.123741, 87.165192,12.208002, 281.483429, 0.999658
5, 757,4,30.698002, 30.705370, 119.123741, 87.165192,12.208002, 281.483429, 0.999760
5, 757,5,128.675446, 128.673386, 119.123741, 87.165192,12.208002, 281.483429, 1.000016
5, 757,6,63.122814, 63.131878, 119.123741, 87.165192,12.208002, 281.483429, 0.999856
5, 757,7,169.108139, 169.106644, 119.123741, 87.165192,12.208002, 281.483429, 1.000009
5, 757,8,150.180527, 150.169235, 119.123741, 87.165192,12.208002, 281.483429, 1.000075
5, 757,9,203.667358, 203.666595, 119.123741, 87.165192,12.208002, 281.483429, 1.000004
5, 757,10,18.144049, 18.142752, 119.123741, 87.165192,12.208002, 281.483429, 1.000072
5, 757,11,58.379589, 58.372028, 119.123741, 87.165192,12.208002, 281.483429, 1.000130
5, 757,12,58.058945, 58.057533, 119.123741, 87.165192,12.208002, 281.483429, 1.000024
5, 757,13,223.791321, 223.802475, 119.123741, 87.165192,12.208002, 281.483429, 0.999950
5, 757,14,21.861931, 21.874138, 119.123741, 87.165192,12.208002, 281.483429, 0.999442
5, 757,15,18.487545, 18.499741, 119.123741, 87.165192,12.208002, 281.483429, 0.999341
5, 757,16,50.979301, 50.977249, 119.123741, 87.165192,12.208002, 281.483429, 1.000040
5, 757,17,149.081589, 149.081253, 119.123741, 87.165192,12.208002, 281.483429, 1.000002
5, 757,18,12.217378, 12.209932, 119.123741, 87.165192,12.208002, 281.483429, 1.000610
5, 757,19,85.848167, 85.860191, 119.123741, 87.165192,12.208002, 281.483429, 0.999860
5, 757,20,52.090691, 52.090717, 119.123741, 87.165192,12.208002, 281.483429, 0.999999
5, 757,21,252.601181, 252.599609, 119.123741, 87.165192,12.208002, 281.483429, 1.000006
5, 757,22,16.989698, 16.986786, 119.123741, 87.165192,12.208002, 281.483429, 1.000171
5, 757,23,281.483429, 281.473236, 119.123741, 87.165192,12.208002, 281.483429, 1.000036
5, 757,24,102.362869, 102.358185, 119.123741, 87.165192,12.208002, 281.483429, 1.000046
5, 757,25,238.623886, 238.634521, 119.123741, 87.165192,12.208002, 281.483429, 0.999955
5, 757,26,188.616959, 188.613541, 119.123741, 87.165192,12.208002, 281.483429, 1.000018
5, 757,27,263.595490, 263.589752, 119.123741, 87.165192,12.208002, 281.483429, 1.000022
5, 757,28,184.315460, 184.312683, 119.123741, 87.165192,12.208002, 281.483429, 1.000015
5, 757,29,84.603539, 84.602219, 119.123741, 87.165192,12.208002, 281.483429, 1.000016
5, 757,30,123.282417, 123.284546, 119.123741, 87.165192,12.208002, 281.483429, 0.999983
5, 757,31,12.208002, 12.209932, 119.123741, 87.165192,12.208002, 281.483429, 0.999842
5, 758,0,13.182790, 13.180523, 119.127747, 60.058983,13.182790, 225.317474, 1.000172
5, 758,1,122.562073, 122.540504, 119.127747, 60.058983,13.182790, 225.317474, 1.000176
5, 758,2,102.073997, 102.085091, 119.127747, 60.058983,13.182790, 225.317474, 0.999891
5, 758,3,225.317474, 225.310715, 119.127747, 60.058983,13.182790, 225.317474, 1.000030
5, 758,4,111.853584, 111.841072, 119.127747, 60.058983,13.182790, 225.317474, 1.000112
5, 758,5,114.875122, 114.864357, 119.127747, 60.058983,13.182790, 225.317474, 1.000094
5, 758,6,175.555649, 175.551605, 119.127747, 60.058983,13.182790, 225.317474, 1.000023
5, 758,7,152.323654, 152.315918, 119.127747, 60.058983,13.182790, 225.317474, 1.000051
5, 758,8,163.503159, 163.515656, 119.127747, 60.058983,13.182790, 225.317474, 0.999924
5, 758,9,105.457886, 105.444290, 119.127747, 60.058983,13.182790, 225.317474, 1.000129
5, 758,10,133.365860, 133.368576, 119.127747, 60.058983,13.182790, 225.317474, 0.999980
5, 758,11,93.599930, 93.587006, 119.127747, 60.058983,13.182790, 225.317474, 1.000138
5, 758,12,211.644974, 211.659485, 119.127747, 60.058983,13.182790, 225.317474, 0.999931
5, 758,13,54.616409, 54.627388, 119.127747, 60.058983,13.182790, 225.317474, 0.999799
5, 758,14,173.782257, 173.771942, 119.127747, 60.058983,13.182790, 225.317474, 1.000059
5, 758,15,36.381569, 36.380474, 119.127747, 60.058983,13.182790, 225.317474, 1.000030
5, 758,16,70.973396, 70.973137, 119.127747, 60.058983,13.182790, 225.317474, 1.000004
5, 758,17,135.084061, 135.091049, 119.127747, 60.058983,13.182790, 225.317474, 0.999948
5, 758,18,108.623543, 108.624817, 119.127747, 60.058983,13.182790, 225.317474, 0.999988
5, 758,19,140.842422, 140.844589, 119.127747, 60.058983,13.182790, 225.317474, 0.999985
5, 758,20,122.465744, 122.454735, 119.127747, 60.058983,13.182790, 225.317474, 1.000090
5, 758,21,15.450930, 15.453347, 119.127747, 60.058983,13.182790, 225.317474, 0.999844
5, 758,22,19.639584, 19.634483, 119.127747, 60.058983,13.182790, 225.317474, 1.000260
5, 758,23,205.900024, 205.905945, 119.127747, 60.058983,13.182790, 225.317474, 0.999971
5, 758,24,17.510057, 17.511753, 119.127747, 60.058983,13.182790, 225.317474, 0.999903
5, 758,25,200.885483, 200.888580, 119.127747, 60.058983,13.182790, 225.317474, 0.999985
5, 758,26,130.048721, 130.037949, 119.127747, 60.058983,13.182790, 225.317474, 1.000083
5, 758,27,83.396774, 83.387894, 119.127747, 60.058983,13.182790, 225.317474, 1.000106
5, 758,28,158.263504, 158.255280, 119.127747, 60.058983,13.182790, 225.317474, 1.000052
5, 758,29,197.879272, 197.872437, 119.127747, 60.058983,13.182790, 225.317474, 1.000035
5, 758,30,133.410568, 133.418610, 119.127747, 60.058983,13.182790, 225.317474, 0.999940
5, 758,31,81.616646, 81.601082, 119.127747, 60.058983,13.182790, 225.317474, 1.000191
5, 759,0,138.955826, 138.960114, 119.123047, 54.625717,17.724792, 198.931168, 0.999969
5, 759,1,82.720650, 82.712502, 119.123047, 54.625717,17.724792, 198.931168, 1.000098
5, 759,2,178.123825, 178.135010, 119.123047, 54.625717,17.724792, 198.931168, 0.999937
5, 759,3,41.967693, 41.964424, 119.123047, 54.625717,17.724792, 198.931168, 1.000078
5, 759,4,112.211426, 112.215836, 119.123047, 54.625717,17.724792, 198.931168, 0.999961
5, 759,5,91.970024, 91.972893, 119.123047, 54.625717,17.724792, 198.931168, 0.999969
5, 759,6,198.931168, 198.932144, 119.123047, 54.625717,17.724792, 198.931168, 0.999995
5, 759,7,131.688950, 131.701981, 119.123047, 54.625717,17.724792, 198.931168, 0.999901
5, 759,8,55.182899, 55.187588, 119.123047, 54.625717,17.724792, 198.931168, 0.999915
5, 759,9,159.296722, 159.298401, 119.123047, 54.625717,17.724792, 198.931168, 0.999989
5, 759,10,76.710236, 76.705772, 119.123047, 54.625717,17.724792, 198.931168, 1.000058
5, 759,11,172.498444, 172.509659, 119.123047, 54.625717,17.724792, 198.931168, 0.999935
5, 759,12,193.714462, 193.712006, 119.123047, 54.625717,17.724792, 198.931168, 1.000013
5, 759,13,134.367691, 134.365692, 119.123047, 54.625717,17.724792, 198.931168, 1.000015
5, 759,14,145.467026, 145.473389, 119.123047, 54.625717,17.724792, 198.931168, 0.999956
5, 759,15,196.767151, 196.774979, 119.123047, 54.625717,17.724792, 198.931168, 0.999960
5, 759,16,158.820114, 158.833603, 119.123047, 54.625717,17.724792, 198.931168, 0.999915
5, 759,17,84.490585, 84.494270, 119.123047, 54.625717,17.724792, 198.931168, 0.999956
5, 759,18,99.975006, 99.981880, 119.123047, 54.625717,17.724792, 198.931168, 0.999931
5, 759,19,160.776276, 160.776245, 119.123047, 54.625717,17.724792, 198.931168, 1.000000
5, 759,20,128.688171, 128.674774, 119.123047, 54.625717,17.724792, 198.931168, 1.000104
5, 759,21,17.724792, 17.728907, 119.123047, 54.625717,17.724792, 198.931168, 0.999768
5, 759,22,143.885315, 143.882309, 119.123047, 54.625717,17.724792, 198.931168, 1.000021
5, 759,23,39.442593, 39.437778, 119.123047, 54.625717,17.724792, 198.931168, 1.000122
5, 759,24,80.579018, 80.579163, 119.123047, 54.625717,17.724792, 198.931168, 0.999998
5, 759,25,198.145142, 198.145554, 119.123047, 54.625717,17.724792, 198.931168, 0.999998
5, 759,26,165.803391, 165.811676, 119.123047, 54.625717,17.724792, 198.931168, 0.999950
5, 759,27,174.582840, 174.595337, 119.123047, 54.625717,17.724792, 198.931168, 0.999928
5, 759,28,39.822010, 39.813202, 119.123047, 54.625717,17.724792, 198.931168, 1.000221
5, 759,29,33.691566, 33.687283, 119.123047, 54.625717,17.724792, 198.931168, 1.000127
5, 759,30,73.667564, 73.660690, 119.123047, 54.625717,17.724792, 198.931168, 1.000093
5, 759,31,101.268539, 101.274994, 119.123047, 54.625717,17.724792, 198.931168, 0.999936
5, 760,0,12.993627, 12.984221, 119.124596, 66.452377,12.581508, 216.578827, 1.000724
5, 760,1,61.054405, 61.054203, 119.124596, 66.452377,12.581508, 216.578827, 1.000003
5, 760,2,24.862759, 24.864201, 119.124596, 66.452377,12.581508, 216.578827, 0.999942
5, 760,3,33.049755, 33.045517, 119.124596, 66.452377,12.581508, 216.578827, 1.000128
5, 760,4,156.597473, 156.606155, 119.124596, 66.452377,12.581508, 216.578827, 0.999945
5, 760,5,111.508125, 111.501442, 119.124596, 66.452377,12.581508, 216.578827, 1.000060
5, 760,6,171.525436, 171.527267, 119.124596, 66.452377,12.581508, 216.578827, 0.999989
5, 760,7,102.689857, 102.694191, 119.124596, 66.452377,12.581508, 216.578827, 0.999958
5, 760,8,215.729706, 215.727875, 119.124596, 66.452377,12.581508, 216.578827, 1.000008
5, 760,9,161.379288, 161.373337, 119.124596, 66.452377,12.581508, 216.578827, 1.000037
5, 760,10,182.262024, 182.269211, 119.124596, 66.452377,12.581508, 216.578827, 0.999961
5, 760,11,170.906815, 170.913986, 119.124596, 66.452377,12.581508, 216.578827, 0.999958
5, 760,12,37.114437, 37.117210, 119.124596, 66.452377,12.581508, 216.578827, 0.999925
5, 760,13,51.365665, 51.374451, 119.124596, 66.452377,12.581508, 216.578827, 0.999829
5, 760,14,216.578827, 216.581436, 119.124596, 66.452377,12.581508, 216.578827, 0.999988
5, 760,15,196.309677, 196.305145, 119.124596, 66.452377,12.581508, 216.578827, 1.000023
5, 760,16,194.641388, 194.636017, 119.124596, 66.452377,12.581508, 216.578827, 1.000028
5, 760,17,129.319443, 129.324570, 119.124596, 66.452377,12.581508, 216.578827, 0.999960
5, 760,18,170.298264, 170.294388, 119.124596, 66.452377,12.581508, 216.578827, 1.000023
5, 760,19,56.125465, 56.122650, 119.124596, 66.452377,12.581508, 216.578827, 1.000050
5, 760,20,187.020432, 187.023727, 119.124596, 66.452377,12.581508, 216.578827, 0.999982
5, 760,21,53.152142, 53.151073, 119.124596, 66.452377,12.581508, 216.578827, 1.000020
5, 760,22,81.195328, 81.197693, 119.124596, 66.452377,12.581508, 216.578827, 0.999971
5, 760,23,12.581508, 12.579580, 119.124596, 66.452377,12.581508, 216.578827, 1.000153
5, 760,24,69.024826, 69.014236, 119.124596, 66.452377,12.581508, 216.578827, 1.000153
5, 760,25,138.655930, 138.656586, 119.124596, 66.452377,12.581508, 216.578827, 0.999995
5, 760,26,151.557983, 151.560806, 119.124596, 66.452377,12.581508, 216.578827, 0.999981
5, 760,27,49.745808, 49.743248, 119.124596, 66.452377,12.581508, 216.578827, 1.000051
5, 760,28,83.946953, 83.947983, 119.124596, 66.452377,12.581508, 216.578827, 0.999988
5, 760,29,208.649933, 208.653015, 119.124596, 66.452377,12.581508, 216.578827, 0.999985
5, 760,30,186.704453, 186.713928, 119.124596, 66.452377,12.581508, 216.578827, 0.999949
5, 760,31,133.439056, 133.440521, 119.124596, 66.452377,12.581508, 216.578827, 0.999989
5, 761,0,16.472477, 16.480980, 119.124451, 94.969246,10.026902, 359.574799, 0.999484
5, 761,1,209.770844, 209.778198, 119.124451, 94.969246,10.026902, 359.574799, 0.999965
5, 761,2,10.026902, 10.034657, 119.124451, 94.969246,10.026902, 359.574799, 0.999227
5, 761,3,43.086201, 43.086494, 119.124451, 94.969246,10.026902, 359.574799, 0.999993
5, 761,4,108.832741, 108.832039, 119.124451, 94.969246,10.026902, 359.574799, 1.000006
5, 761,5,42.997093, 42.982525, 119.124451, 94.969246,10.026902, 359.574799, 1.000339
5, 761,6,50.259529, 50.260628, 119.124451, 94.969246,10.026902, 359.574799, 0.999978
5, 761,7,176.844727, 176.841888, 119.124451, 94.969246,10.026902, 359.574799, 1.000016
5, 761,8,51.072502, 51.080860, 119.124451, 94.969246,10.026902, 359.574799, 0.999836
5, 761,9,29.305054, 29.315861, 119.124451, 94.969246,10.026902, 359.574799, 0.999631
5, 761,10,13.907881, 13.904761, 119.124451, 94.969246,10.026902, 359.574799, 1.000224
5, 761,11,160.846359, 160.853165, 119.124451, 94.969246,10.026902, 359.574799, 0.999958
5, 761,12,31.358366, 31.360659, 119.124451, 94.969246,10.026902, 359.574799, 0.999927
5, 761,13,105.865364, 105.863029, 119.124451, 94.969246,10.026902, 359.574799, 1.000022
5, 761,14,288.810577, 288.809174, 119.124451, 94.969246,10.026902, 359.574799, 1.000005
5, 761,15,316.363953, 316.362000, 119.124451, 94.969246,10.026902, 359.574799, 1.000006
5, 761,16,120.579697, 120.580986, 119.124451, 94.969246,10.026902, 359.574799, 0.999989
5, 761,17,173.988800, 173.988419, 119.124451, 94.969246,10.026902, 359.574799, 1.000002
5, 761,18,260.913940, 260.909790, 119.124451, 94.969246,10.026902, 359.574799, 1.000016
5, 761,19,105.061478, 105.065910, 119.124451, 94.969246,10.026902, 359.574799, 0.999958
5, 761,20,179.229782, 179.244827, 119.124451, 94.969246,10.026902, 359.574799, 0.999916
5, 761,21,47.490456, 47.476463, 119.124451, 94.969246,10.026902, 359.574799, 1.000295
5, 761,22,220.632141, 220.626053, 119.124451, 94.969246,10.026902, 359.574799, 1.000028
5, 761,23,28.101263, 28.102842, 119.124451, 94.969246,10.026902, 359.574799, 0.999944
5, 761,24,75.704033, 75.699341, 119.124451, 94.969246,10.026902, 359.574799, 1.000062
5, 761,25,359.574799, 359.580109, 119.124451, 94.969246,10.026902, 359.574799, 0.999985
5, 761,26,14.011645, 14.008734, 119.124451, 94.969246,10.026902, 359.574799, 1.000208
5, 761,27,41.767307, 41.769508, 119.124451, 94.969246,10.026902, 359.574799, 0.999947
5, 761,28,132.705627, 132.711151, 119.124451, 94.969246,10.026902, 359.574799, 0.999958
5, 761,29,134.844101, 134.836823, 119.124451, 94.969246,10.026902, 359.574799, 1.000054
5, 761,30,128.548996, 128.540695, 119.124451, 94.969246,10.026902, 359.574799, 1.000065
5, 761,31,133.007904, 133.011536, 119.124451, 94.969246,10.026902, 359.574799, 0.999973
5, 762,0,15.049235, 15.052435, 119.126495, 85.583847,14.891871, 297.325806, 0.999787
5, 762,1,139.563797, 139.566895, 119.126495, 85.583847,14.891871, 297.325806, 0.999978
5, 762,2,95.002426, 95.002548, 119.126495, 85.583847,14.891871, 297.325806, 0.999999
5, 762,3,147.619644, 147.613373, 119.126495, 85.583847,14.891871, 297.325806, 1.000042
5, 762,4,121.495865, 121.499756, 119.126495, 85.583847,14.891871, 297.325806, 0.999968
5, 762,5,292.533264, 292.534027, 119.126495, 85.583847,14.891871, 297.325806, 0.999997
5, 762,6,30.550081, 30.555927, 119.126495, 85.583847,14.891871, 297.325806, 0.999809
5, 762,7,161.770172, 161.769547, 119.126495, 85.583847,14.891871, 297.325806, 1.000004
5, 762,8,56.713535, 56.716312, 119.126495, 85.583847,14.891871, 297.325806, 0.999951
5, 762,9,87.381363, 87.377106, 119.126495, 85.583847,14.891871, 297.325806, 1.000049
5, 762,10,178.081680, 178.077682, 119.126495, 85.583847,14.891871, 297.325806, 1.000022
5, 762,11,297.325806, 297.324493, 119.126495, 85.583847,14.891871, 297.325806, 1.000004
5, 762,12,86.342125, 86.347908, 119.126495, 85.583847,14.891871, 297.325806, 0.999933
5, 762,13,148.885941, 148.885834, 119.126495, 85.583847,14.891871, 297.325806, 1.000001
5, 762,14,69.896164, 69.899422, 119.126495, 85.583847,14.891871, 297.325806, 0.999953
5, 762,15,36.467796, 36.459793, 119.126495, 85.583847,14.891871, 297.325806, 1.000219
5, 762,16,14.891871, 14.893377, 119.126495, 85.583847,14.891871, 297.325806, 0.999899
5, 762,17,25.357336, 25.353788, 119.126495, 85.583847,14.891871, 297.325806, 1.000140
5, 762,18,36.777275, 36.777908, 119.126495, 85.583847,14.891871, 297.325806, 0.999983
5, 762,19,80.522034, 80.518898, 119.126495, 85.583847,14.891871, 297.325806, 1.000039
5, 762,20,169.025238, 169.030075, 119.126495, 85.583847,14.891871, 297.325806, 0.999971
5, 762,21,182.463226, 182.456451, 119.126495, 85.583847,14.891871, 297.325806, 1.000037
5, 762,22,16.572464, 16.558809, 119.126495, 85.583847,14.891871, 297.325806, 1.000825
5, 762,23,137.034729, 137.021957, 119.126495, 85.583847,14.891871, 297.325806, 1.000093
5, 762,24,256.881104, 256.876953, 119.126495, 85.583847,14.891871, 297.325806, 1.000016
5, 762,25,251.642227, 251.637405, 119.126495, 85.583847,14.891871, 297.325806, 1.000019
5, 762,26,95.305489, 95.292587, 119.126495, 85.583847,14.891871, 297.325806, 1.000135
5, 762,27,94.113617, 94.104332, 119.126495, 85.583847,14.891871, 297.325806, 1.000099
5, 762,28,21.955790, 21.957430, 119.126495, 85.583847,14.891871, 297.325806, 0.999925
5, 762,29,172.515274, 172.529343, 119.126495, 85.583847,14.891871, 297.325806, 0.999918
5, 762,30,30.880989, 30.883398, 119.126495, 85.583847,14.891871, 297.325806, 0.999922
5, 762,31,261.430481, 261.424133, 119.126495, 85.583847,14.891871, 297.325806, 1.000024
5, 763,0,160.812149, 160.827866, 119.121643, 55.445618,16.575441, 203.722702, 0.999902
5, 763,1,190.720734, 190.722046, 119.121643, 55.445618,16.575441, 203.722702, 0.999993
5, 763,2,47.491127, 47.483315, 119.121643, 55.445618,16.575441, 203.722702, 1.000165
5, 763,3,124.822594, 124.809532, 119.121643, 55.445618,16.575441, 203.722702, 1.000105
5, 763,4,29.986164, 29.993502, 119.121643, 55.445618,16.575441, 203.722702, 0.999755
5, 763,5,203.722702, 203.726837, 119.121643, 55.445618,16.575441, 203.722702, 0.999980
5, 763,6,194.387100, 194.408554, 119.121643, 55.445618,16.575441, 203.722702, 0.999890
5, 763,7,16.575441, 16.574440, 119.121643, 55.445618,16.575441, 203.722702, 1.000060
5, 763,8,30.719465, 30.713989, 119.121643, 55.445618,16.575441, 203.722702, 1.000178
5, 763,9,136.406509, 136.409378, 119.121643, 55.445618,16.575441, 203.722702, 0.999979
5, 763,10,161.778824, 161.806519, 119.121643, 55.445618,16.575441, 203.722702, 0.999829
5, 763,11,140.518234, 140.522156, 119.121643, 55.445618,16.575441, 203.722702, 0.999972
5, 763,12,38.789413, 38.789444, 119.121643, 55.445618,16.575441, 203.722702, 0.999999
5, 763,13,154.756622, 154.763779, 119.121643, 55.445618,16.575441, 203.722702, 0.999954
5, 763,14,170.024002, 170.032074, 119.121643, 55.445618,16.575441, 203.722702, 0.999953
5, 763,15,140.069000, 140.083862, 119.121643, 55.445618,16.575441, 203.722702, 0.999894
5, 763,16,112.318077, 112.309090, 119.121643, 55.445618,16.575441, 203.722702, 1.000080
5, 763,17,69.983940, 69.974503, 119.121643, 55.445618,16.575441, 203.722702, 1.000135
5, 763,18,140.398575, 140.390060, 119.121643, 55.445618,16.575441, 203.722702, 1.000061
5, 763,19,120.719673, 120.732788, 119.121643, 55.445618,16.575441, 203.722702, 0.999891
5, 763,20,31.363089, 31.368431, 119.121643, 55.445618,16.575441, 203.722702, 0.999830
5, 763,21,153.800797, 153.803116, 119.121643, 55.445618,16.575441, 203.722702, 0.999985
5, 763,22,126.555374, 126.550713, 119.121643, 55.445618,16.575441, 203.722702, 1.000037
5, 763,23,167.536316, 167.522385, 119.121643, 55.445618,16.575441, 203.722702, 1.000083
5, 763,24,81.548355, 81.544319, 119.121643, 55.445618,16.575441, 203.722702, 1.000049
5, 763,25,189.725220, 189.731384, 119.121643, 55.445618,16.575441, 203.722702, 0.999968
5, 763,26,136.020950, 136.031113, 119.121643, 55.445618,16.575441, 203.722702, 0.999925
5, 763,27,118.080719, 118.097000, 119.121643, 55.445618,16.575441, 203.722702, 0.999862
5, 763,28,87.174400, 87.182129, 119.121643, 55.445618,16.575441, 203.722702, 0.999911
5, 763,29,37.013084, 37.018246, 119.121643, 55.445618,16.575441, 203.722702, 0.999861
5, 763,30,135.064026, 135.064453, 119.121643, 55.445618,16.575441, 203.722702, 0.999997
5, 763,31,163.009567, 163.013336, 119.121643, 55.445618,16.575441, 203.722702, 0.999977
5, 764,0,105.182526, 105.189163, 119.124237, 65.911400,12.211656, 231.530289, 0.999937
5, 764,1,184.467194, 184.462570, 119.124237, 65.911400,12.211656, 231.530289, 1.000025
5, 764,2,162.025299, 162.017609, 119.124237, 65.911400,12.211656, 231.530289, 1.000047
5, 764,3,212.538010, 212.534027, 119.124237, 65.911400,12.211656, 231.530289, 1.000019
5, 764,4,113.948349, 113.944534, 119.124237, 65.911400,12.211656, 231.530289, 1.000033
5, 764,5,132.136627, 132.140762, 119.124237, 65.911400,12.211656, 231.530289, 0.999969
5, 764,6,43.147373, 43.148224, 119.124237, 65.911400,12.211656, 231.530289, 0.999980
5, 764,7,12.270727, 12.273681, 119.124237, 65.911400,12.211656, 231.530289, 0.999759
5, 764,8,88.785820, 88.784729, 119.124237, 65.911400,12.211656, 231.530289, 1.000012
5, 764,9,79.082695, 79.079163, 119.124237, 65.911400,12.211656, 231.530289, 1.000045
5, 764,10,157.493835, 157.497406, 119.124237, 65.911400,12.211656, 231.530289, 0.999977
5, 764,11,205.543472, 205.556885, 119.124237, 65.911400,12.211656, 231.530289, 0.999935
5, 764,12,30.546381, 30.551357, 119.124237, 65.911400,12.211656, 231.530289, 0.999837
5, 764,13,81.081375, 81.081360, 119.124237, 65.911400,12.211656, 231.530289, 1.000000
5, 764,14,51.495758, 51.489582, 119.124237, 65.911400,12.211656, 231.530289, 1.000120
5, 764,15,231.530289, 231.531143, 119.124237, 65.911400,12.211656, 231.530289, 0.999996
5, 764,16,158.541382, 158.529037, 119.124237, 65.911400,12.211656, 231.530289, 1.000078
5, 764,17,200.581985, 200.568375, 119.124237, 65.911400,12.211656, 231.530289, 1.000068
5, 764,18,156.976669, 156.968002, 119.124237, 65.911400,12.211656, 231.530289, 1.000055
5, 764,19,162.219803, 162.207642, 119.124237, 65.911400,12.211656, 231.530289, 1.000075
5, 764,20,46.093166, 46.107407, 119.124237, 65.911400,12.211656, 231.530289, 0.999691
5, 764,21,13.897764, 13.902586, 119.124237, 65.911400,12.211656, 231.530289, 0.999653
5, 764,22,72.141159, 72.142746, 119.124237, 65.911400,12.211656, 231.530289, 0.999978
5, 764,23,104.936005, 104.931259, 119.124237, 65.911400,12.211656, 231.530289, 1.000045
5, 764,24,107.629204, 107.618950, 119.124237, 65.911400,12.211656, 231.530289, 1.000095
5, 764,25,183.342728, 183.342697, 119.124237, 65.911400,12.211656, 231.530289, 1.000000
5, 764,26,212.067581, 212.072510, 119.124237, 65.911400,12.211656, 231.530289, 0.999977
5, 764,27,171.651672, 171.662079, 119.124237, 65.911400,12.211656, 231.530289, 0.999939
5, 764,28,50.288765, 50.295052, 119.124237, 65.911400,12.211656, 231.530289, 0.999875
5, 764,29,12.211656, 12.239745, 119.124237, 65.911400,12.211656, 231.530289, 0.997705
5, 764,30,163.453552, 163.442886, 119.124237, 65.911400,12.211656, 231.530289, 1.000065
5, 764,31,104.666916, 104.686920, 119.124237, 65.911400,12.211656, 231.530289, 0.999809
5, 765,0,166.650070, 166.646759, 119.125931, 82.508301,12.618795, 263.531433, 1.000020
5, 765,1,167.505844, 167.489532, 119.125931, 82.508301,12.618795, 263.531433, 1.000097
5, 765,2,108.357216, 108.351952, 119.125931, 82.508301,12.618795, 263.531433, 1.000049
5, 765,3,253.205170, 253.208282, 119.125931, 82.508301,12.618795, 263.531433, 0.999988
5, 765,4,109.286346, 109.304283, 119.125931, 82.508301,12.618795, 263.531433, 0.999836
5, 765,5,56.698215, 56.698212, 119.125931, 82.508301,12.618795, 263.531433, 1.000000
5, 765,6,90.220100, 90.206978, 119.125931, 82.508301,12.618795, 263.531433, 1.000145
5, 765,7,261.611938, 261.602295, 119.125931, 82.508301,12.618795, 263.531433, 1.000037
5, 765,8,201.216400, 201.225861, 119.125931, 82.508301,12.618795, 263.531433, 0.999953
5, 765,9,45.075516, 45.067905, 119.125931, 82.508301,12.618795, 263.531433, 1.000169
5, 765,10,248.006287, 248.016769, 119.125931, 82.508301,12.618795, 263.531433, 0.999958
5, 765,11,263.531433, 263.532288, 119.125931, 82.508301,12.618795, 263.531433, 0.999997
5, 765,12,103.194016, 103.194168, 119.125931, 82.508301,12.618795, 263.531433, 0.999999
5, 765,13,204.348160, 204.335693, 119.125931, 82.508301,12.618795, 263.531433, 1.000061
5, 765,14,28.509201, 28.515789, 119.125931, 82.508301,12.618795, 263.531433, 0.999769
5, 765,15,33.306355, 33.319611, 119.125931, 82.508301,12.618795, 263.531433, 0.999602
5, 765,16,211.383087, 211.381302, 119.125931, 82.508301,12.618795, 263.531433, 1.000008
5, 765,17,50.557945, 50.545952, 119.125931, 82.508301,12.618795, 263.531433, 1.000237
5, 765,18,12.618795, 12.621033, 119.125931, 82.508301,12.618795, 263.531433, 0.999823
5, 765,19,26.781012, 26.771242, 119.125931, 82.508301,12.618795, 263.531433, 1.000365
5, 765,20,156.848785, 156.845276, 119.125931, 82.508301,12.618795, 263.531433, 1.000022
5, 765,21,42.325504, 42.312027, 119.125931, 82.508301,12.618795, 263.531433, 1.000319
5, 765,22,78.689117, 78.694664, 119.125931, 82.508301,12.618795, 263.531433, 0.999930
5, 765,23,22.170336, 22.169685, 119.125931, 82.508301,12.618795, 263.531433, 1.000029
5, 765,24,17.567633, 17.568129, 119.125931, 82.508301,12.618795, 263.531433, 0.999972
5, 765,25,188.594681, 188.592651, 119.125931, 82.508301,12.618795, 263.531433, 1.000011
5, 765,26,161.681824, 161.674377, 119.125931, 82.508301,12.618795, 263.531433, 1.000046
5, 765,27,191.030609, 191.036697, 119.125931, 82.508301,12.618795, 263.531433, 0.999968
5, 765,28,40.101601, 40.112385, 119.125931, 82.508301,12.618795, 263.531433, 0.999731
5, 765,29,89.578796, 89.583328, 119.125931, 82.508301,12.618795, 263.531433, 0.999949
5, 765,30,26.908287, 26.914513, 119.125931, 82.508301,12.618795, 263.531433, 0.999769
5, 765,31,154.468872, 154.460220, 119.125931, 82.508301,12.618795, 263.531433, 1.000056
5, 766,0,44.346703, 44.362476, 119.124695, 60.028591,11.113355, 223.137619, 0.999644
5, 766,1,142.749863, 142.747742, 119.124695, 60.028591,11.113355, 223.137619, 1.000015
5, 766,2,111.532509, 111.506699, 119.124695, 60.028591,11.113355, 223.137619, 1.000232
5, 766,3,223.137619, 223.138062, 119.124695, 60.028591,11.113355, 223.137619, 0.999998
5, 766,4,137.468063, 137.458649, 119.124695, 60.028591,11.113355, 223.137619, 1.000069
5, 766,5,158.511642, 158.521667, 119.124695, 60.028591,11.113355, 223.137619, 0.999937
5, 766,6,33.130898, 33.123970, 119.124695, 60.028591,11.113355, 223.137619, 1.000209
5, 766,7,174.527054, 174.522354, 119.124695, 60.028591,11.113355, 223.137619, 1.000027
5, 766,8,79.775574, 79.792107, 119.124695, 60.028591,11.113355, 223.137619, 0.999793
5, 766,9,172.444382, 172.441406, 119.124695, 60.028591,11.113355, 223.137619, 1.000017
5, 766,10,154.852402, 154.859970, 119.124695, 60.028591,11.113355, 223.137619, 0.999951
5, 766,11,41.515968, 41.507828, 119.124695, 60.028591,11.113355, 223.137619, 1.000196
5, 766,12,18.299265, 18.303820, 119.124695, 60.028591,11.113355, 223.137619, 0.999751
5, 766,13,156.136688, 156.133896, 119.124695, 60.028591,11.113355, 223.137619, 1.000018
5, 766,14,89.391747, 89.396523, 119.124695, 60.028591,11.113355, 223.137619, 0.999947
5, 766,15,108.533043, 108.538673, 119.124695, 60.028591,11.113355, 223.137619, 0.999948
5, 766,16,93.059563, 93.071548, 119.124695, 60.028591,11.113355, 223.137619, 0.999871
5, 766,17,96.702042, 96.693214, 119.124695, 60.028591,11.113355, 223.137619, 1.000091
5, 766,18,74.041191, 74.036125, 119.124695, 60.028591,11.113355, 223.137619, 1.000068
5, 766,19,51.364326, 51.359028, 119.124695, 60.028591,11.113355, 223.137619, 1.000103
5, 766,20,223.051270, 223.058014, 119.124695, 60.028591,11.113355, 223.137619, 0.999970
5, 766,21,11.113355, 11.113846, 119.124695, 60.028591,11.113355, 223.137619, 0.999956
5, 766,22,189.830780, 189.836060, 119.124695, 60.028591,11.113355, 223.137619, 0.999972
5, 766,23,214.293655, 214.307327, 119.124695, 60.028591,11.113355, 223.137619, 0.999936
5, 766,24,126.194916, 126.193451, 119.124695, 60.028591,11.113355, 223.137619, 1.000012
5, 766,25,131.869843, 131.876068, 119.124695, 60.028591,11.113355, 223.137619, 0.999953
5, 766,26,159.885635, 159.888947, 119.124695, 60.028591,11.113355, 223.137619, 0.999979
5, 766,27,57.119591, 57.108337, 119.124695, 60.028591,11.113355, 223.137619, 1.000197
5, 766,28,181.665771, 181.665634, 119.124695, 60.028591,11.113355, 223.137619, 1.000001
5, 766,29,95.867439, 95.859505, 119.124695, 60.028591,11.113355, 223.137619, 1.000083
5, 766,30,170.880783, 170.880692, 119.124695, 60.028591,11.113355, 223.137619, 1.000000
5, 766,31,88.696442, 88.696205, 119.124695, 60.028591,11.113355, 223.137619, 1.000003
5, 767,0,135.188965, 135.178146, 119.124443, 69.098549,11.798127, 216.806229, 1.000080
5, 767,1,11.798127, 11.793933, 119.124443, 69.098549,11.798127, 216.806229, 1.000356
5, 767,2,209.723267, 209.728973, 119.124443, 69.098549,11.798127, 216.806229, 0.999973
5, 767,3,163.416687, 163.417694, 119.124443, 69.098549,11.798127, 216.806229, 0.999994
5, 767,4,194.254135, 194.245544, 119.124443, 69.098549,11.798127, 216.806229, 1.000044
5, 767,5,52.733982, 52.736656, 119.124443, 69.098549,11.798127, 216.806229, 0.999949
5, 767,6,117.558907, 117.549934, 119.124443, 69.098549,11.798127, 216.806229, 1.000076
5, 767,7,28.109131, 28.104824, 119.124443, 69.098549,11.798127, 216.806229, 1.000153
5, 767,8,192.342896, 192.352310, 119.124443, 69.098549,11.798127, 216.806229, 0.999951
5, 767,9,138.475449, 138.468124, 119.124443, 69.098549,11.798127, 216.806229, 1.000053
5, 767,10,13.778062, 13.779838, 119.124443, 69.098549,11.798127, 216.806229, 0.999871
5, 767,11,216.806229, 216.805420, 119.124443, 69.098549,11.798127, 216.806229, 1.000004
5, 767,12,65.686188, 65.697983, 119.124443, 69.098549,11.798127, 216.806229, 0.999820
5, 767,13,69.916931, 69.894867, 119.124443, 69.098549,11.798127, 216.806229, 1.000316
5, 767,14,40.354336, 40.357853, 119.124443, 69.098549,11.798127, 216.806229, 0.999913
5, 767,15,42.824646, 42.820374, 119.124443, 69.098549,11.798127, 216.806229, 1.000100
5, 767,16,162.448410, 162.451218, 119.124443, 69.098549,11.798127, 216.806229, 0.999983
5, 767,17,142.213440, 142.221481, 119.124443, 69.098549,11.798127, 216.806229, 0.999943
5, 767,18,173.067749, 173.082428, 119.124443, 69.098549,11.798127, 216.806229, 0.999915
5, 767,19,139.800797, 139.798676, 119.124443, 69.098549,11.798127, 216.806229, 1.000015
5, 767,20,43.833908, 43.839806, 119.124443, 69.098549,11.798127, 216.806229, 0.999865
5, 767,21,213.653870, 213.661072, 119.124443, 69.098549,11.798127, 216.806229, 0.999966
5, 767,22,114.226425, 114.226852, 119.124443, 69.098549,11.798127, 216.806229, 0.999996
5, 767,23,207.993591, 207.994614, 119.124443, 69.098549,11.798127, 216.806229, 0.999995
5, 767,24,174.963776, 174.969040, 119.124443, 69.098549,11.798127, 216.806229, 0.999970
5, 767,25,82.826920, 82.829720, 119.124443, 69.098549,11.798127, 216.806229, 0.999966
5, 767,26,31.226395, 31.229313, 119.124443, 69.098549,11.798127, 216.806229, 0.999907
5, 767,27,79.026947, 79.036636, 119.124443, 69.098549,11.798127, 216.806229, 0.999877
5, 767,28,167.554520, 167.548370, 119.124443, 69.098549,11.798127, 216.806229, 1.000037
5, 767,29,15.728154, 15.732643, 119.124443, 69.098549,11.798127, 216.806229, 0.999715
5, 767,30,195.978989, 195.973282, 119.124443, 69.098549,11.798127, 216.806229, 1.000029
5, 767,31,174.470184, 174.472565, 119.124443, 69.098549,11.798127, 216.806229, 0.999986
5, 768,0,126.162857, 126.160660, 119.124802, 52.134300,23.359896, 196.409851, 1.000017
5, 768,1,136.506424, 136.495453, 119.124802, 52.134300,23.359896, 196.409851, 1.000080
5, 768,2,65.717781, 65.732574, 119.124802, 52.134300,23.359896, 196.409851, 0.999775
5, 768,3,127.827759, 127.822342, 119.124802, 52.134300,23.359896, 196.409851, 1.000042
5, 768,4,157.127213, 157.141861, 119.124802, 52.134300,23.359896, 196.409851, 0.999907
5, 768,5,32.626305, 32.620728, 119.124802, 52.134300,23.359896, 196.409851, 1.000171
5, 768,6,108.147438, 108.154404, 119.124802, 52.134300,23.359896, 196.409851, 0.999936
5, 768,7,196.409851, 196.396683, 119.124802, 52.134300,23.359896, 196.409851, 1.000067
5, 768,8,60.912830, 60.909676, 119.124802, 52.134300,23.359896, 196.409851, 1.000052
5, 768,9,178.502609, 178.500427, 119.124802, 52.134300,23.359896, 196.409851, 1.000012
5, 768,10,111.189384, 111.194046, 119.124802, 52.134300,23.359896, 196.409851, 0.999958
5, 768,11,156.605652, 156.603424, 119.124802, 52.134300,23.359896, 196.409851, 1.000014
5, 768,12,192.658325, 192.656464, 119.124802, 52.134300,23.359896, 196.409851, 1.000010
5, 768,13,174.926117, 174.910751, 119.124802, 52.134300,23.359896, 196.409851, 1.000088
5, 768,14,127.248383, 127.260727, 119.124802, 52.134300,23.359896, 196.409851, 0.999903
5, 768,15,156.609924, 156.632370, 119.124802, 52.134300,23.359896, 196.409851, 0.999857
5, 768,16,45.251892, 45.265648, 119.124802, 52.134300,23.359896, 196.409851, 0.999696
5, 768,17,118.129913, 118.124435, 119.124802, 52.134300,23.359896, 196.409851, 1.000046
5, 768,18,63.638992, 63.636669, 119.124802, 52.134300,23.359896, 196.409851, 1.000036
5, 768,19,170.908554, 170.898422, 119.124802, 52.134300,23.359896, 196.409851, 1.000059
5, 768,20,132.512192, 132.500519, 119.124802, 52.134300,23.359896, 196.409851, 1.000088
5, 768,21,96.642189, 96.655876, 119.124802, 52.134300,23.359896, 196.409851, 0.999858
5, 768,22,172.521896, 172.536926, 119.124802, 52.134300,23.359896, 196.409851, 0.999913
5, 768,23,71.260818, 71.273407, 119.124802, 52.134300,23.359896, 196.409851, 0.999823
5, 768,24,186.269867, 186.270340, 119.124802, 52.134300,23.359896, 196.409851, 0.999997
5, 768,25,121.148712, 121.135132, 119.124802, 52.134300,23.359896, 196.409851, 1.000112
5, 768,26,51.964085, 51.970226, 119.124802, 52.134300,23.359896, 196.409851, 0.999882
5, 768,27,181.956924, 181.945358, 119.124802, 52.134300,23.359896, 196.409851, 1.000064
5, 768,28,77.113029, 77.115311, 119.124802, 52.134300,23.359896, 196.409851, 0.999970
5, 768,29,42.750439, 42.747086, 119.124802, 52.134300,23.359896, 196.409851, 1.000078
5, 768,30,147.385529, 147.380280, 119.124802, 52.134300,23.359896, 196.409851, 1.000036
5, 768,31,23.359896, 23.351269, 119.124802, 52.134300,23.359896, 196.409851, 1.000369
5, 769,0,120.990547, 120.984077, 119.127113, 78.213341,15.050461, 253.289948, 1.000054
5, 769,1,72.989670, 72.986130, 119.127113, 78.213341,15.050461, 253.289948, 1.000049
5, 769,2,207.388779, 207.402756, 119.127113, 78.213341,15.050461, 253.289948, 0.999933
5, 769,3,81.300644, 81.288879, 119.127113, 78.213341,15.050461, 253.289948, 1.000145
5, 769,4,226.263489, 226.259079, 119.127113, 78.213341,15.050461, 253.289948, 1.000019
5, 769,5,40.544987, 40.557701, 119.127113, 78.213341,15.050461, 253.289948, 0.999687
5, 769,6,103.695847, 103.677986, 119.127113, 78.213341,15.050461, 253.289948, 1.000172
5, 769,7,24.758526, 24.749681, 119.127113, 78.213341,15.050461, 253.289948, 1.000357
5, 769,8,15.050461, 15.045748, 119.127113, 78.213341,15.050461, 253.289948, 1.000313
5, 769,9,162.943069, 162.952469, 119.127113, 78.213341,15.050461, 253.289948, 0.999942
5, 769,10,125.905586, 125.910576, 119.127113, 78.213341,15.050461, 253.289948, 0.999960
5, 769,11,24.754936, 24.757133, 119.127113, 78.213341,15.050461, 253.289948, 0.999911
5, 769,12,17.627829, 17.624519, 119.127113, 78.213341,15.050461, 253.289948, 1.000188
5, 769,13,27.640097, 27.634029, 119.127113, 78.213341,15.050461, 253.289948, 1.000220
5, 769,14,52.697182, 52.691341, 119.127113, 78.213341,15.050461, 253.289948, 1.000111
5, 769,15,115.997864, 116.005409, 119.127113, 78.213341,15.050461, 253.289948, 0.999935
5, 769,16,186.858932, 186.839661, 119.127113, 78.213341,15.050461, 253.289948, 1.000103
5, 769,17,215.974442, 215.981262, 119.127113, 78.213341,15.050461, 253.289948, 0.999968
5, 769,18,117.112000, 117.115921, 119.127113, 78.213341,15.050461, 253.289948, 0.999967
5, 769,19,139.270462, 139.273972, 119.127113, 78.213341,15.050461, 253.289948, 0.999975
5, 769,20,234.878952, 234.874863, 119.127113, 78.213341,15.050461, 253.289948, 1.000017
5, 769,21,102.379417, 102.366241, 119.127113, 78.213341,15.050461, 253.289948, 1.000129
5, 769,22,191.424423, 191.400940, 119.127113, 78.213341,15.050461, 253.289948, 1.000123
5, 769,23,20.145742, 20.151119, 119.127113, 78.213341,15.050461, 253.289948, 0.999733
5, 769,24,170.872757, 170.875107, 119.127113, 78.213341,15.050461, 253.289948, 0.999986
5, 769,25,179.400681, 179.408920, 119.127113, 78.213341,15.050461, 253.289948, 0.999954
5, 769,26,46.122444, 46.110260, 119.127113, 78.213341,15.050461, 253.289948, 1.000264
5, 769,27,242.875366, 242.879501, 119.127113, 78.213341,15.050461, 253.289948, 0.999983
5, 769,28,253.289948, 253.276550, 119.127113, 78.213341,15.050461, 253.289948, 1.000053
5, 769,29,33.498463, 33.499619, 119.127113, 78.213341,15.050461, 253.289948, 0.999965
5, 769,30,203.336807, 203.340805, 119.127113, 78.213341,15.050461, 253.289948, 0.999980
5, 769,31,54.076927, 54.077621, 119.127113, 78.213341,15.050461, 253.289948, 0.999987
5, 770,0,152.613464, 152.619507, 119.125130, 48.682384,27.512627, 208.661804, 0.999960
5, 770,1,58.391079, 58.387875, 119.125130, 48.682384,27.512627, 208.661804, 1.000055
5, 770,2,80.221832, 80.223854, 119.125130, 48.682384,27.512627, 208.661804, 0.999975
5, 770,3,76.404343, 76.407669, 119.125130, 48.682384,27.512627, 208.661804, 0.999956
5, 770,4,133.827042, 133.830261, 119.125130, 48.682384,27.512627, 208.661804, 0.999976
5, 770,5,45.574451, 45.561802, 119.125130, 48.682384,27.512627, 208.661804, 1.000278
5, 770,6,104.310509, 104.312302, 119.125130, 48.682384,27.512627, 208.661804, 0.999983
5, 770,7,103.334267, 103.338089, 119.125130, 48.682384,27.512627, 208.661804, 0.999963
5, 770,8,197.473312, 197.470428, 119.125130, 48.682384,27.512627, 208.661804, 1.000015
5, 770,9,128.578781, 128.593109, 119.125130, 48.682384,27.512627, 208.661804, 0.999889
5, 770,10,164.776947, 164.781631, 119.125130, 48.682384,27.512627, 208.661804, 0.999972
5, 770,11,72.215988, 72.225395, 119.125130, 48.682384,27.512627, 208.661804, 0.999870
5, 770,12,59.555714, 59.542034, 119.125130, 48.682384,27.512627, 208.661804, 1.000230
5, 770,13,170.737701, 170.738586, 119.125130, 48.682384,27.512627, 208.661804, 0.999995
5, 770,14,79.855263, 79.857750, 119.125130, 48.682384,27.512627, 208.661804, 0.999969
5, 770,15,169.497177, 169.503769, 119.125130, 48.682384,27.512627, 208.661804, 0.999961
5, 770,16,135.758118, 135.747665, 119.125130, 48.682384,27.512627, 208.661804, 1.000077
5, 770,17,167.987396, 167.983490, 119.125130, 48.682384,27.512627, 208.661804, 1.000023
5, 770,18,97.182419, 97.182564, 119.125130, 48.682384,27.512627, 208.661804, 0.999999
5, 770,19,63.757004, 63.767754, 119.125130, 48.682384,27.512627, 208.661804, 0.999831
5, 770,20,84.070129, 84.071053, 119.125130, 48.682384,27.512627, 208.661804, 0.999989
5, 770,21,173.517120, 173.506088, 119.125130, 48.682384,27.512627, 208.661804, 1.000064
5, 770,22,27.512627, 27.510977, 119.125130, 48.682384,27.512627, 208.661804, 1.000060
5, 770,23,106.797905, 106.800568, 119.125130, 48.682384,27.512627, 208.661804, 0.999975
5, 770,24,208.661804, 208.652145, 119.125130, 48.682384,27.512627, 208.661804, 1.000046
5, 770,25,178.093826, 178.091705, 119.125130, 48.682384,27.512627, 208.661804, 1.000012
5, 770,26,137.314041, 137.298965, 119.125130, 48.682384,27.512627, 208.661804, 1.000110
5, 770,27,104.579010, 104.579117, 119.125130, 48.682384,27.512627, 208.661804, 0.999999
5, 770,28,190.550797, 190.564102, 119.125130, 48.682384,27.512627, 208.661804, 0.999930
5, 770,29,79.838745, 79.839134, 119.125130, 48.682384,27.512627, 208.661804, 0.999995
5, 770,30,146.552841, 146.557053, 119.125130, 48.682384,27.512627, 208.661804, 0.999971
5, 770,31,112.462639, 112.453476, 119.125130, 48.682384,27.512627, 208.661804, 1.000082
5, 771,0,96.493217, 96.485504, 119.124817, 74.428543,11.203807, 249.700424, 1.000080
5, 771,1,214.359406, 214.361877, 119.124817, 74.428543,11.203807, 249.700424, 0.999988
5, 771,2,117.062256, 117.058304, 119.124817, 74.428543,11.203807, 249.700424, 1.000034
5, 771,3,97.828934, 97.844231, 119.124817, 74.428543,11.203807, 249.700424, 0.999844
5, 771,4,78.319542, 78.320000, 119.124817, 74.428543,11.203807, 249.700424, 0.999994
5, 771,5,133.407440, 133.407257, 119.124817, 74.428543,11.203807, 249.700424, 1.000001
5, 771,6,78.674011, 78.659683, 119.124817, 74.428543,11.203807, 249.700424, 1.000182
5, 771,7,216.067947, 216.060272, 119.124817, 74.428543,11.203807, 249.700424, 1.000036
5, 771,8,59.150867, 59.150230, 119.124817, 74.428543,11.203807, 249.700424, 1.000011
5, 771,9,86.684517, 86.686478, 119.124817, 74.428543,11.203807, 249.700424, 0.999977
5, 771,10,244.628769, 244.637695, 119.124817, 74.428543,11.203807, 249.700424, 0.999964
5, 771,11,17.314913, 17.317890, 119.124817, 74.428543,11.203807, 249.700424, 0.999828
5, 771,12,79.632996, 79.627037, 119.124817, 74.428543,11.203807, 249.700424, 1.000075
5, 771,13,61.064560, 61.062778, 119.124817, 74.428543,11.203807, 249.700424, 1.000029
5, 771,14,206.976807, 206.984909, 119.124817, 74.428543,11.203807, 249.700424, 0.999961
5, 771,15,11.203807, 11.203650, 119.124817, 74.428543,11.203807, 249.700424, 1.000014
5, 771,16,149.422333, 149.423904, 119.124817, 74.428543,11.203807, 249.700424, 0.999990
5, 771,17,130.683533, 130.689819, 119.124817, 74.428543,11.203807, 249.700424, 0.999952
5, 771,18,38.703152, 38.710350, 119.124817, 74.428543,11.203807, 249.700424, 0.999814
5, 771,19,181.071548, 181.073242, 119.124817, 74.428543,11.203807, 249.700424, 0.999991
5, 771,20,74.259796, 74.258614, 119.124817, 74.428543,11.203807, 249.700424, 1.000016
5, 771,21,38.218891, 38.215599, 119.124817, 74.428543,11.203807, 249.700424, 1.000086
5, 771,22,249.700424, 249.695984, 119.124817, 74.428543,11.203807, 249.700424, 1.000018
5, 771,23,146.760269, 146.765533, 119.124817, 74.428543,11.203807, 249.700424, 0.999964
5, 771,24,86.874031, 86.878464, 119.124817, 74.428543,11.203807, 249.700424, 0.999949
5, 771,25,235.844162, 235.835556, 119.124817, 74.428543,11.203807, 249.700424, 1.000036
5, 771,26,24.619753, 24.628395, 119.124817, 74.428543,11.203807, 249.700424, 0.999649
5, 771,27,125.537476, 125.535538, 119.124817, 74.428543,11.203807, 249.700424, 1.000015
5, 771,28,51.225304, 51.226826, 119.124817, 74.428543,11.203807, 249.700424, 0.999970
5, 771,29,189.477768, 189.476624, 119.124817, 74.428543,11.203807, 249.700424, 1.000006
5, 771,30,41.868092, 41.870853, 119.124817, 74.428543,11.203807, 249.700424, 0.999934
5, 771,31,248.857025, 248.846802, 119.124817, 74.428543,11.203807, 249.700424, 1.000041
5, 772,0,186.589722, 186.592667, 119.125900, 63.215302,16.373129, 217.577332, 0.999984
5, 772,1,30.456268, 30.453974, 119.125900, 63.215302,16.373129, 217.577332, 1.000075
5, 772,2,72.133850, 72.144882, 119.125900, 63.215302,16.373129, 217.577332, 0.999847
5, 772,3,24.922573, 24.934444, 119.125900, 63.215302,16.373129, 217.577332, 0.999524
5, 772,4,41.360054, 41.363625, 119.125900, 63.215302,16.373129, 217.577332, 0.999914
5, 772,5,148.499756, 148.493011, 119.125900, 63.215302,16.373129, 217.577332, 1.000045
5, 772,6,121.370018, 121.367714, 119.125900, 63.215302,16.373129, 217.577332, 1.000019
5, 772,7,103.775795, 103.780281, 119.125900, 63.215302,16.373129, 217.577332, 0.999957
5, 772,8,116.230927, 116.223495, 119.125900, 63.215302,16.373129, 217.577332, 1.000064
5, 772,9,45.290745, 45.291359, 119.125900, 63.215302,16.373129, 217.577332, 0.999986
5, 772,10,80.535324, 80.537422, 119.125900, 63.215302,16.373129, 217.577332, 0.999974
5, 772,11,176.463608, 176.459518, 119.125900, 63.215302,16.373129, 217.577332, 1.000023
5, 772,12,170.652527, 170.635849, 119.125900, 63.215302,16.373129, 217.577332, 1.000098
5, 772,13,179.985626, 179.986053, 119.125900, 63.215302,16.373129, 217.577332, 0.999998
5, 772,14,101.664116, 101.664352, 119.125900, 63.215302,16.373129, 217.577332, 0.999998
5, 772,15,181.289185, 181.280212, 119.125900, 63.215302,16.373129, 217.577332, 1.000049
5, 772,16,160.738556, 160.735641, 119.125900, 63.215302,16.373129, 217.577332, 1.000018
5, 772,17,204.689529, 204.697769, 119.125900, 63.215302,16.373129, 217.577332, 0.999960
5, 772,18,16.373129, 16.360727, 119.125900, 63.215302,16.373129, 217.577332, 1.000758
5, 772,19,124.904366, 124.887794, 119.125900, 63.215302,16.373129, 217.577332, 1.000133
5, 772,20,183.894852, 183.887909, 119.125900, 63.215302,16.373129, 217.577332, 1.000038
5, 772,21,217.577332, 217.574509, 119.125900, 63.215302,16.373129, 217.577332, 1.000013
5, 772,22,161.844452, 161.848602, 119.125900, 63.215302,16.373129, 217.577332, 0.999974
5, 772,23,175.160400, 175.158890, 119.125900, 63.215302,16.373129, 217.577332, 1.000009
5, 772,24,120.466255, 120.468292, 119.125900, 63.215302,16.373129, 217.577332, 0.999983
5, 772,25,167.592361, 167.594620, 119.125900, 63.215302,16.373129, 217.577332, 0.999987
5, 772,26,118.501305, 118.507660, 119.125900, 63.215302,16.373129, 217.577332, 0.999946
5, 772,27,22.318531, 22.326740, 119.125900, 63.215302,16.373129, 217.577332, 0.999632
5, 772,28,198.755905, 198.764114, 119.125900, 63.215302,16.373129, 217.577332, 0.999959
5, 772,29,94.727829, 94.734192, 119.125900, 63.215302,16.373129, 217.577332, 0.999933
5, 772,30,30.380060, 30.369858, 119.125900, 63.215302,16.373129, 217.577332, 1.000336
5, 772,31,32.884041, 32.874027, 119.125900, 63.215302,16.373129, 217.577332, 1.000305
5, 773,0,220.225311, 220.227493, 119.125847, 65.531830,10.224924, 225.237778, 0.999990
5, 773,1,186.689407, 186.692200, 119.125847, 65.531830,10.224924, 225.237778, 0.999985
5, 773,2,176.321609, 176.331314, 119.125847, 65.531830,10.224924, 225.237778, 0.999945
5, 773,3,43.213696, 43.215988, 119.125847, 65.531830,10.224924, 225.237778, 0.999947
5, 773,4,88.901207, 88.905800, 119.125847, 65.531830,10.224924, 225.237778, 0.999948
5, 773,5,100.900711, 100.904045, 119.125847, 65.531830,10.224924, 225.237778, 0.999967
5, 773,6,15.890170, 15.883625, 119.125847, 65.531830,10.224924, 225.237778, 1.000412
5, 773,7,225.237778, 225.241486, 119.125847, 65.531830,10.224924, 225.237778, 0.999984
5, 773,8,201.187958, 201.183868, 119.125847, 65.531830,10.224924, 225.237778, 1.000020
5, 773,9,66.130264, 66.125443, 119.125847, 65.531830,10.224924, 225.237778, 1.000073
5, 773,10,174.552094, 174.537689, 119.125847, 65.531830,10.224924, 225.237778, 1.000082
5, 773,11,44.230846, 44.235092, 119.125847, 65.531830,10.224924, 225.237778, 0.999904
5, 773,12,44.141476, 44.139973, 119.125847, 65.531830,10.224924, 225.237778, 1.000034
5, 773,13,79.424004, 79.414551, 119.125847, 65.531830,10.224924, 225.237778, 1.000119
5, 773,14,54.627434, 54.623158, 119.125847, 65.531830,10.224924, 225.237778, 1.000078
5, 773,15,107.141327, 107.134171, 119.125847, 65.531830,10.224924, 225.237778, 1.000067
5, 773,16,130.748871, 130.743408, 119.125847, 65.531830,10.224924, 225.237778, 1.000042
5, 773,17,171.650131, 171.643448, 119.125847, 65.531830,10.224924, 225.237778, 1.000039
5, 773,18,85.867363, 85.868874, 119.125847, 65.531830,10.224924, 225.237778, 0.999982
5, 773,19,117.973656, 117.970642, 119.125847, 65.531830,10.224924, 225.237778, 1.000026
5, 773,20,38.893356, 38.894989, 119.125847, 65.531830,10.224924, 225.237778, 0.999958
5, 773,21,84.745888, 84.747864, 119.125847, 65.531830,10.224924, 225.237778, 0.999977
5, 773,22,161.168823, 161.180634, 119.125847, 65.531830,10.224924, 225.237778, 0.999927
5, 773,23,36.368729, 36.367607, 119.125847, 65.531830,10.224924, 225.237778, 1.000031
5, 773,24,195.499466, 195.490463, 119.125847, 65.531830,10.224924, 225.237778, 1.000046
5, 773,25,180.878647, 180.876526, 119.125847, 65.531830,10.224924, 225.237778, 1.000012
5, 773,26,165.187469, 165.182312, 119.125847, 65.531830,10.224924, 225.237778, 1.000031
5, 773,27,78.120384, 78.130478, 119.125847, 65.531830,10.224924, 225.237778, 0.999871
5, 773,28,10.224924, 10.230997, 119.125847, 65.531830,10.224924, 225.237778, 0.999406
5, 773,29,167.422287, 167.410751, 119.125847, 65.531830,10.224924, 225.237778, 1.000069
5, 773,30,153.600662, 153.605301, 119.125847, 65.531830,10.224924, 225.237778, 0.999970
5, 773,31,204.861435, 204.859421, 119.125847, 65.531830,10.224924, 225.237778, 1.000010
5, 774,0,182.843445, 182.860382, 119.126747, 53.900105,12.881590, 198.316528, 0.999907
5, 774,1,107.780342, 107.802742, 119.126747, 53.900105,12.881590, 198.316528, 0.999792
5, 774,2,68.688904, 68.713943, 119.126747, 53.900105,12.881590, 198.316528, 0.999636
5, 774,3,72.558510, 72.560532, 119.126747, 53.900105,12.881590, 198.316528, 0.999972
5, 774,4,190.795746, 190.801575, 119.126747, 53.900105,12.881590, 198.316528, 0.999969
5, 774,5,172.660843, 172.652786, 119.126747, 53.900105,12.881590, 198.316528, 1.000047
5, 774,6,157.728485, 157.721985, 119.126747, 53.900105,12.881590, 198.316528, 1.000041
5, 774,7,140.790161, 140.766968, 119.126747, 53.900105,12.881590, 198.316528, 1.000165
5, 774,8,147.196426, 147.191437, 119.126747, 53.900105,12.881590, 198.316528, 1.000034
5, 774,9,99.854340, 99.867332, 119.126747, 53.900105,12.881590, 198.316528, 0.999870
5, 774,10,148.737946, 148.719696, 119.126747, 53.900105,12.881590, 198.316528, 1.000123
5, 774,11,151.901978, 151.897308, 119.126747, 53.900105,12.881590, 198.316528, 1.000031
5, 774,12,176.600098, 176.591644, 119.126747, 53.900105,12.881590, 198.316528, 1.000048
5, 774,13,155.874771, 155.859238, 119.126747, 53.900105,12.881590, 198.316528, 1.000100
5, 774,14,62.319988, 62.324093, 119.126747, 53.900105,12.881590, 198.316528, 0.999934
5, 774,15,135.691223, 135.703552, 119.126747, 53.900105,12.881590, 198.316528, 0.999909
5, 774,16,198.316528, 198.321747, 119.126747, 53.900105,12.881590, 198.316528, 0.999974
5, 774,17,84.493652, 84.480957, 119.126747, 53.900105,12.881590, 198.316528, 1.000150
5, 774,18,177.294495, 177.283691, 119.126747, 53.900105,12.881590, 198.316528, 1.000061
5, 774,19,63.617481, 63.621670, 119.126747, 53.900105,12.881590, 198.316528, 0.999934
5, 774,20,48.289764, 48.287189, 119.126747, 53.900105,12.881590, 198.316528, 1.000053
5, 774,21,88.023308, 88.010361, 119.126747, 53.900105,12.881590, 198.316528, 1.000147
5, 774,22,95.376785, 95.386368, 119.126747, 53.900105,12.881590, 198.316528, 0.999900
5, 774,23,31.970209, 31.972313, 119.126747, 53.900105,12.881590, 198.316528, 0.999934
5, 774,24,181.366394, 181.372498, 119.126747, 53.900105,12.881590, 198.316528, 0.999966
5, 774,25,66.402786, 66.389839, 119.126747, 53.900105,12.881590, 198.316528, 1.000195
5, 774,26,197.010437, 197.006882, 119.126747, 53.900105,12.881590, 198.316528, 1.000018
5, 774,27,76.402168, 76.378304, 119.126747, 53.900105,12.881590, 198.316528, 1.000312
5, 774,28,78.470314, 78.471725, 119.126747, 53.900105,12.881590, 198.316528, 0.999982
5, 774,29,73.340225, 73.339081, 119.126747, 53.900105,12.881590, 198.316528, 1.000016
5, 774,30,12.881590, 12.871971, 119.126747, 53.900105,12.881590, 198.316528, 1.000747
5, 774,31,166.776642, 166.770432, 119.126747, 53.900105,12.881590, 198.316528, 1.000037
5, 775,0,85.559349, 85.571198, 119.125664, 55.961597,18.574980, 207.695862, 0.999862
5, 775,1,137.676910, 137.675842, 119.125664, 55.961597,18.574980, 207.695862, 1.000008
5, 775,2,39.589363, 39.589603, 119.125664, 55.961597,18.574980, 207.695862, 0.999994
5, 775,3,86.708061, 86.714249, 119.125664, 55.961597,18.574980, 207.695862, 0.999929
5, 775,4,195.466217, 195.483383, 119.125664, 55.961597,18.574980, 207.695862, 0.999912
5, 775,5,86.268036, 86.275566, 119.125664, 55.961597,18.574980, 207.695862, 0.999913
5, 775,6,200.663620, 200.661087, 119.125664, 55.961597,18.574980, 207.695862, 1.000013
5, 775,7,94.210060, 94.196602, 119.125664, 55.961597,18.574980, 207.695862, 1.000143
5, 775,8,204.028275, 204.022293, 119.125664, 55.961597,18.574980, 207.695862, 1.000029
5, 775,9,115.208252, 115.210228, 119.125664, 55.961597,18.574980, 207.695862, 0.999983
5, 775,10,115.094971, 115.086662, 119.125664, 55.961597,18.574980, 207.695862, 1.000072
5, 775,11,54.975891, 54.968292, 119.125664, 55.961597,18.574980, 207.695862, 1.000138
5, 775,12,61.608730, 61.616528, 119.125664, 55.961597,18.574980, 207.695862, 0.999873
5, 775,13,109.936989, 109.939827, 119.125664, 55.961597,18.574980, 207.695862, 0.999974
5, 775,14,207.695862, 207.686249, 119.125664, 55.961597,18.574980, 207.695862, 1.000046
5, 775,15,172.042542, 172.035370, 119.125664, 55.961597,18.574980, 207.695862, 1.000042
5, 775,16,92.157127, 92.151474, 119.125664, 55.961597,18.574980, 207.695862, 1.000061
5, 775,17,45.551567, 45.558189, 119.125664, 55.961597,18.574980, 207.695862, 0.999855
5, 775,18,41.157410, 41.146629, 119.125664, 55.961597,18.574980, 207.695862, 1.000262
5, 775,19,155.117157, 155.118195, 119.125664, 55.961597,18.574980, 207.695862, 0.999993
5, 775,20,202.924591, 202.928665, 119.125664, 55.961597,18.574980, 207.695862, 0.999980
5, 775,21,155.220123, 155.210876, 119.125664, 55.961597,18.574980, 207.695862, 1.000060
5, 775,22,164.535309, 164.534485, 119.125664, 55.961597,18.574980, 207.695862, 1.000005
5, 775,23,179.272919, 179.270584, 119.125664, 55.961597,18.574980, 207.695862, 1.000013
5, 775,24,172.150787, 172.140396, 119.125664, 55.961597,18.574980, 207.695862, 1.000060
5, 775,25,92.884552, 92.868195, 119.125664, 55.961597,18.574980, 207.695862, 1.000176
5, 775,26,94.801903, 94.820648, 119.125664, 55.961597,18.574980, 207.695862, 0.999802
5, 775,27,81.911224, 81.919601, 119.125664, 55.961597,18.574980, 207.695862, 0.999898
5, 775,28,159.824600, 159.832520, 119.125664, 55.961597,18.574980, 207.695862, 0.999950
5, 775,29,57.864449, 57.853725, 119.125664, 55.961597,18.574980, 207.695862, 1.000185
5, 775,30,131.338928, 131.336517, 119.125664, 55.961597,18.574980, 207.695862, 1.000018
5, 775,31,18.574980, 18.575981, 119.125664, 55.961597,18.574980, 207.695862, 0.999946
5, 776,0,85.695343, 85.699760, 119.124786, 66.818901,17.952211, 218.830505, 0.999948
5, 776,1,68.946259, 68.944771, 119.124786, 66.818901,17.952211, 218.830505, 1.000022
5, 776,2,25.361406, 25.357109, 119.124786, 66.818901,17.952211, 218.830505, 1.000170
5, 776,3,28.535631, 28.529959, 119.124786, 66.818901,17.952211, 218.830505, 1.000199
5, 776,4,31.315849, 31.306204, 119.124786, 66.818901,17.952211, 218.830505, 1.000308
5, 776,5,138.699875, 138.708450, 119.124786, 66.818901,17.952211, 218.830505, 0.999938
5, 776,6,183.266663, 183.271378, 119.124786, 66.818901,17.952211, 218.830505, 0.999974
5, 776,7,109.664352, 109.671677, 119.124786, 66.818901,17.952211, 218.830505, 0.999933
5, 776,8,184.227783, 184.220627, 119.124786, 66.818901,17.952211, 218.830505, 1.000039
5, 776,9,190.776108, 190.780884, 119.124786, 66.818901,17.952211, 218.830505, 0.999975
5, 776,10,212.757294, 212.763275, 119.124786, 66.818901,17.952211, 218.830505, 0.999972
5, 776,11,62.068859, 62.078938, 119.124786, 66.818901,17.952211, 218.830505, 0.999838
5, 776,12,114.920151, 114.931580, 119.124786, 66.818901,17.952211, 218.830505, 0.999901
5, 776,13,24.935200, 24.940998, 119.124786, 66.818901,17.952211, 218.830505, 0.999768
5, 776,14,174.027328, 174.025894, 119.124786, 66.818901,17.952211, 218.830505, 1.000008
5, 776,15,154.650360, 154.637726, 119.124786, 66.818901,17.952211, 218.830505, 1.000082
5, 776,16,118.348824, 118.344994, 119.124786, 66.818901,17.952211, 218.830505, 1.000032
5, 776,17,32.366611, 32.372490, 119.124786, 66.818901,17.952211, 218.830505, 0.999818
5, 776,18,72.480385, 72.488220, 119.124786, 66.818901,17.952211, 218.830505, 0.999892
5, 776,19,136.507324, 136.504364, 119.124786, 66.818901,17.952211, 218.830505, 1.000022
5, 776,20,52.883915, 52.872475, 119.124786, 66.818901,17.952211, 218.830505, 1.000216
5, 776,21,17.952211, 17.958130, 119.124786, 66.818901,17.952211, 218.830505, 0.999670
5, 776,22,116.175117, 116.166908, 119.124786, 66.818901,17.952211, 218.830505, 1.000071
5, 776,23,195.956146, 195.962769, 119.124786, 66.818901,17.952211, 218.830505, 0.999966
5, 776,24,218.830505, 218.835892, 119.124786, 66.818901,17.952211, 218.830505, 0.999975
5, 776,25,213.467407, 213.458954, 119.124786, 66.818901,17.952211, 218.830505, 1.000040
5, 776,26,152.927872, 152.927750, 119.124786, 66.818901,17.952211, 218.830505, 1.000001
5, 776,27,118.788147, 118.774109, 119.124786, 66.818901,17.952211, 218.830505, 1.000118
5, 776,28,181.772934, 181.775986, 119.124786, 66.818901,17.952211, 218.830505, 0.999983
5, 776,29,147.259933, 147.258240, 119.124786, 66.818901,17.952211, 218.830505, 1.000011
5, 776,30,211.648148, 211.644974, 119.124786, 66.818901,17.952211, 218.830505, 1.000015
5, 776,31,34.779003, 34.784634, 119.124786, 66.818901,17.952211, 218.830505, 0.999838
5, 777,0,79.011284, 79.019135, 119.125755, 60.546619,19.371466, 237.671127, 0.999901
5, 777,1,96.867851, 96.870956, 119.125755, 60.546619,19.371466, 237.671127, 0.999968
5, 777,2,138.525818, 138.527512, 119.125755, 60.546619,19.371466, 237.671127, 0.999988
5, 777,3,74.047806, 74.040955, 119.125755, 60.546619,19.371466, 237.671127, 1.000093
5, 777,4,74.335060, 74.340347, 119.125755, 60.546619,19.371466, 237.671127, 0.999929
5, 777,5,117.654480, 117.653976, 119.125755, 60.546619,19.371466, 237.671127, 1.000004
5, 777,6,206.125809, 206.126297, 119.125755, 60.546619,19.371466, 237.671127, 0.999998
5, 777,7,171.632706, 171.641098, 119.125755, 60.546619,19.371466, 237.671127, 0.999951
5, 777,8,231.861832, 231.859665, 119.125755, 60.546619,19.371466, 237.671127, 1.000009
5, 777,9,171.413376, 171.418304, 119.125755, 60.546619,19.371466, 237.671127, 0.999971
5, 777,10,134.573212, 134.558899, 119.125755, 60.546619,19.371466, 237.671127, 1.000106
5, 777,11,130.049988, 130.054153, 119.125755, 60.546619,19.371466, 237.671127, 0.999968
5, 777,12,174.144424, 174.147598, 119.125755, 60.546619,19.371466, 237.671127, 0.999982
5, 777,13,95.698784, 95.701256, 119.125755, 60.546619,19.371466, 237.671127, 0.999974
5, 777,14,74.940231, 74.925186, 119.125755, 60.546619,19.371466, 237.671127, 1.000201
5, 777,15,162.701294, 162.701279, 119.125755, 60.546619,19.371466, 237.671127, 1.000000
5, 777,16,112.607590, 112.585289, 119.125755, 60.546619,19.371466, 237.671127, 1.000198
5, 777,17,237.671127, 237.666351, 119.125755, 60.546619,19.371466, 237.671127, 1.000020
5, 777,18,34.338432, 34.326931, 119.125755, 60.546619,19.371466, 237.671127, 1.000335
5, 777,19,182.449677, 182.446884, 119.125755, 60.546619,19.371466, 237.671127, 1.000015
5, 777,20,163.855301, 163.857040, 119.125755, 60.546619,19.371466, 237.671127, 0.999989
5, 777,21,110.999657, 111.004799, 119.125755, 60.546619,19.371466, 237.671127, 0.999954
5, 777,22,169.311417, 169.315628, 119.125755, 60.546619,19.371466, 237.671127, 0.999975
5, 777,23,90.504616, 90.500275, 119.125755, 60.546619,19.371466, 237.671127, 1.000048
5, 777,24,82.169434, 82.180107, 119.125755, 60.546619,19.371466, 237.671127, 0.999870
5, 777,25,140.370178, 140.372574, 119.125755, 60.546619,19.371466, 237.671127, 0.999983
5, 777,26,29.945471, 29.954487, 119.125755, 60.546619,19.371466, 237.671127, 0.999699
5, 777,27,19.371466, 19.378471, 119.125755, 60.546619,19.371466, 237.671127, 0.999638
5, 777,28,41.802174, 41.804642, 119.125755, 60.546619,19.371466, 237.671127, 0.999941
5, 777,29,26.831812, 26.828331, 119.125755, 60.546619,19.371466, 237.671127, 1.000130
5, 777,30,183.862015, 183.853302, 119.125755, 60.546619,19.371466, 237.671127, 1.000047
5, 777,31,52.349693, 52.338886, 119.125755, 60.546619,19.371466, 237.671127, 1.000206
5, 778,0,24.249277, 24.241760, 119.123985, 68.988022,11.227039, 229.474701, 1.000310
5, 778,1,157.281250, 157.284836, 119.123985, 68.988022,11.227039, 229.474701, 0.999977
5, 778,2,180.391479, 180.388763, 119.123985, 68.988022,11.227039, 229.474701, 1.000015
5, 778,3,195.290268, 195.295181, 119.123985, 68.988022,11.227039, 229.474701, 0.999975
5, 778,4,42.237118, 42.236088, 119.123985, 68.988022,11.227039, 229.474701, 1.000024
5, 778,5,53.112507, 53.126842, 119.123985, 68.988022,11.227039, 229.474701, 0.999730
5, 778,6,168.839859, 168.833344, 119.123985, 68.988022,11.227039, 229.474701, 1.000039
5, 778,7,130.166672, 130.165283, 119.123985, 68.988022,11.227039, 229.474701, 1.000011
5, 778,8,122.742043, 122.736298, 119.123985, 68.988022,11.227039, 229.474701, 1.000047
5, 778,9,37.961708, 37.964249, 119.123985, 68.988022,11.227039, 229.474701, 0.999933
5, 778,10,117.064796, 117.072823, 119.123985, 68.988022,11.227039, 229.474701, 0.999931
5, 778,11,193.037811, 193.045029, 119.123985, 68.988022,11.227039, 229.474701, 0.999963
5, 778,12,229.474701, 229.469849, 119.123985, 68.988022,11.227039, 229.474701, 1.000021
5, 778,13,138.335297, 138.335068, 119.123985, 68.988022,11.227039, 229.474701, 1.000002
5, 778,14,78.943665, 78.944794, 119.123985, 68.988022,11.227039, 229.474701, 0.999986
5, 778,15,162.273590, 162.276733, 119.123985, 68.988022,11.227039, 229.474701, 0.999981
5, 778,16,186.977219, 186.979980, 119.123985, 68.988022,11.227039, 229.474701, 0.999985
5, 778,17,112.389809, 112.378647, 119.123985, 68.988022,11.227039, 229.474701, 1.000099
5, 778,18,22.036537, 22.033144, 119.123985, 68.988022,11.227039, 229.474701, 1.000154
5, 778,19,27.087807, 27.094267, 119.123985, 68.988022,11.227039, 229.474701, 0.999762
5, 778,20,11.227039, 11.232393, 119.123985, 68.988022,11.227039, 229.474701, 0.999523
5, 778,21,74.482880, 74.479095, 119.123985, 68.988022,11.227039, 229.474701, 1.000051
5, 778,22,137.192062, 137.199615, 119.123985, 68.988022,11.227039, 229.474701, 0.999945
5, 778,23,221.778015, 221.777786, 119.123985, 68.988022,11.227039, 229.474701, 1.000001
5, 778,24,29.700075, 29.704447, 119.123985, 68.988022,11.227039, 229.474701, 0.999853
5, 778,25,163.355972, 163.342957, 119.123985, 68.988022,11.227039, 229.474701, 1.000080
5, 778,26,161.309570, 161.314346, 119.123985, 68.988022,11.227039, 229.474701, 0.999970
5, 778,27,55.814369, 55.827030, 119.123985, 68.988022,11.227039, 229.474701, 0.999773
5, 778,28,60.819309, 60.825840, 119.123985, 68.988022,11.227039, 229.474701, 0.999893
5, 778,29,82.844955, 82.835831, 119.123985, 68.988022,11.227039, 229.474701, 1.000110
5, 778,30,215.881424, 215.892776, 119.123985, 68.988022,11.227039, 229.474701, 0.999947
5, 778,31,217.667953, 217.665207, 119.123985, 68.988022,11.227039, 229.474701, 1.000013
5, 779,0,203.707153, 203.719589, 119.125839, 60.667393,23.901638, 222.273285, 0.999939
5, 779,1,133.932968, 133.931122, 119.125839, 60.667393,23.901638, 222.273285, 1.000014
5, 779,2,101.935730, 101.948898, 119.125839, 60.667393,23.901638, 222.273285, 0.999871
5, 779,3,136.895981, 136.879654, 119.125839, 60.667393,23.901638, 222.273285, 1.000119
5, 779,4,67.975571, 67.974426, 119.125839, 60.667393,23.901638, 222.273285, 1.000017
5, 779,5,64.464264, 64.474709, 119.125839, 60.667393,23.901638, 222.273285, 0.999838
5, 779,6,34.022522, 34.006592, 119.125839, 60.667393,23.901638, 222.273285, 1.000468
5, 779,7,195.935089, 195.936523, 119.125839, 60.667393,23.901638, 222.273285, 0.999993
5, 779,8,199.729172, 199.728439, 119.125839, 60.667393,23.901638, 222.273285, 1.000004
5, 779,9,206.620682, 206.621628, 119.125839, 60.667393,23.901638, 222.273285, 0.999995
5, 779,10,131.025757, 131.009155, 119.125839, 60.667393,23.901638, 222.273285, 1.000127
5, 779,11,196.496094, 196.514282, 119.125839, 60.667393,23.901638, 222.273285, 0.999907
5, 779,12,47.859016, 47.852715, 119.125839, 60.667393,23.901638, 222.273285, 1.000132
5, 779,13,26.759867, 26.761450, 119.125839, 60.667393,23.901638, 222.273285, 0.999941
5, 779,14,177.031631, 177.016815, 119.125839, 60.667393,23.901638, 222.273285, 1.000084
5, 779,15,35.135933, 35.128891, 119.125839, 60.667393,23.901638, 222.273285, 1.000201
5, 779,16,109.479942, 109.486237, 119.125839, 60.667393,23.901638, 222.273285, 0.999942
5, 779,17,193.490356, 193.492706, 119.125839, 60.667393,23.901638, 222.273285, 0.999988
5, 779,18,63.956409, 63.963364, 119.125839, 60.667393,23.901638, 222.273285, 0.999891
5, 779,19,109.183975, 109.180763, 119.125839, 60.667393,23.901638, 222.273285, 1.000029
5, 779,20,169.672363, 169.652145, 119.125839, 60.667393,23.901638, 222.273285, 1.000119
5, 779,21,52.183510, 52.182537, 119.125839, 60.667393,23.901638, 222.273285, 1.000019
5, 779,22,105.576645, 105.568153, 119.125839, 60.667393,23.901638, 222.273285, 1.000080
5, 779,23,184.839859, 184.846344, 119.125839, 60.667393,23.901638, 222.273285, 0.999965
5, 779,24,222.273285, 222.280685, 119.125839, 60.667393,23.901638, 222.273285, 0.999967
5, 779,25,111.596802, 111.591377, 119.125839, 60.667393,23.901638, 222.273285, 1.000049
5, 779,26,23.901638, 23.912533, 119.125839, 60.667393,23.901638, 222.273285, 0.999544
5, 779,27,70.846458, 70.849899, 119.125839, 60.667393,23.901638, 222.273285, 0.999951
5, 779,28,108.134460, 108.144791, 119.125839, 60.667393,23.901638, 222.273285, 0.999904
5, 779,29,110.857399, 110.847610, 119.125839, 60.667393,23.901638, 222.273285, 1.000088
5, 779,30,97.215294, 97.213989, 119.125839, 60.667393,23.901638, 222.273285, 1.000013
5, 779,31,119.290855, 119.281456, 119.125839, 60.667393,23.901638, 222.273285, 1.000079
5, 780,0,109.235672, 109.233788, 119.127258, 66.323654,14.782210, 229.327957, 1.000017
5, 780,1,101.476822, 101.481148, 119.127258, 66.323654,14.782210, 229.327957, 0.999957
5, 780,2,14.782210, 14.773994, 119.127258, 66.323654,14.782210, 229.327957, 1.000556
5, 780,3,121.154182, 121.161972, 119.127258, 66.323654,14.782210, 229.327957, 0.999936
5, 780,4,42.871944, 42.853508, 119.127258, 66.323654,14.782210, 229.327957, 1.000430
5, 780,5,104.764336, 104.759018, 119.127258, 66.323654,14.782210, 229.327957, 1.000051
5, 780,6,14.934369, 14.937207, 119.127258, 66.323654,14.782210, 229.327957, 0.999810
5, 780,7,40.583977, 40.575325, 119.127258, 66.323654,14.782210, 229.327957, 1.000213
5, 780,8,229.327957, 229.331696, 119.127258, 66.323654,14.782210, 229.327957, 0.999984
5, 780,9,152.099457, 152.084106, 119.127258, 66.323654,14.782210, 229.327957, 1.000101
5, 780,10,72.656441, 72.639969, 119.127258, 66.323654,14.782210, 229.327957, 1.000227
5, 780,11,116.749435, 116.748413, 119.127258, 66.323654,14.782210, 229.327957, 1.000009
5, 780,12,50.816780, 50.816967, 119.127258, 66.323654,14.782210, 229.327957, 0.999996
5, 780,13,149.879822, 149.867126, 119.127258, 66.323654,14.782210, 229.327957, 1.000085
5, 780,14,181.919266, 181.911392, 119.127258, 66.323654,14.782210, 229.327957, 1.000043
5, 780,15,224.878540, 224.890930, 119.127258, 66.323654,14.782210, 229.327957, 0.999945
5, 780,16,198.168518, 198.171509, 119.127258, 66.323654,14.782210, 229.327957, 0.999985
5, 780,17,84.273712, 84.268929, 119.127258, 66.323654,14.782210, 229.327957, 1.000057
5, 780,18,113.233505, 113.232513, 119.127258, 66.323654,14.782210, 229.327957, 1.000009
5, 780,19,195.399017, 195.403702, 119.127258, 66.323654,14.782210, 229.327957, 0.999976
5, 780,20,77.898109, 77.889999, 119.127258, 66.323654,14.782210, 229.327957, 1.000104
5, 780,21,28.948820, 28.946362, 119.127258, 66.323654,14.782210, 229.327957, 1.000085
5, 780,22,198.060593, 198.055923, 119.127258, 66.323654,14.782210, 229.327957, 1.000024
5, 780,23,162.178131, 162.176147, 119.127258, 66.323654,14.782210, 229.327957, 1.000012
5, 780,24,26.146767, 26.144533, 119.127258, 66.323654,14.782210, 229.327957, 1.000085
5, 780,25,215.919205, 215.914185, 119.127258, 66.323654,14.782210, 229.327957, 1.000023
5, 780,26,141.305420, 141.291641, 119.127258, 66.323654,14.782210, 229.327957, 1.000098
5, 780,27,141.838699, 141.842484, 119.127258, 66.323654,14.782210, 229.327957, 0.999973
5, 780,28,36.174877, 36.182159, 119.127258, 66.323654,14.782210, 229.327957, 0.999799
5, 780,29,201.547882, 201.558197, 119.127258, 66.323654,14.782210, 229.327957, 0.999949
5, 780,30,102.679756, 102.678047, 119.127258, 66.323654,14.782210, 229.327957, 1.000017
5, 780,31,160.168350, 160.176788, 119.127258, 66.323654,14.782210, 229.327957, 0.999947
5, 781,0,187.205902, 187.201645, 119.122017, 59.273560,25.643148, 204.893051, 1.000023
5, 781,1,59.553268, 59.562557, 119.122017, 59.273560,25.643148, 204.893051, 0.999844
5, 781,2,154.380722, 154.393570, 119.122017, 59.273560,25.643148, 204.893051, 0.999917
5, 781,3,124.728798, 124.736336, 119.122017, 59.273560,25.643148, 204.893051, 0.999940
5, 781,4,50.988853, 50.994766, 119.122017, 59.273560,25.643148, 204.893051, 0.999884
5, 781,5,181.430298, 181.437592, 119.122017, 59.273560,25.643148, 204.893051, 0.999960
5, 781,6,126.803215, 126.805122, 119.122017, 59.273560,25.643148, 204.893051, 0.999985
5, 781,7,91.046562, 91.064011, 119.122017, 59.273560,25.643148, 204.893051, 0.999808
5, 781,8,38.379543, 38.384655, 119.122017, 59.273560,25.643148, 204.893051, 0.999867
5, 781,9,165.138351, 165.139038, 119.122017, 59.273560,25.643148, 204.893051, 0.999996
5, 781,10,185.241562, 185.234924, 119.122017, 59.273560,25.643148, 204.893051, 1.000036
5, 781,11,122.785194, 122.796852, 119.122017, 59.273560,25.643148, 204.893051, 0.999905
5, 781,12,176.183685, 176.190765, 119.122017, 59.273560,25.643148, 204.893051, 0.999960
5, 781,13,58.355724, 58.358032, 119.122017, 59.273560,25.643148, 204.893051, 0.999960
5, 781,14,136.628235, 136.625092, 119.122017, 59.273560,25.643148, 204.893051, 1.000023
5, 781,15,168.586929, 168.582489, 119.122017, 59.273560,25.643148, 204.893051, 1.000026
5, 781,16,168.687988, 168.677765, 119.122017, 59.273560,25.643148, 204.893051, 1.000061
5, 781,17,202.242706, 202.234406, 119.122017, 59.273560,25.643148, 204.893051, 1.000041
5, 781,18,38.276066, 38.268967, 119.122017, 59.273560,25.643148, 204.893051, 1.000185
5, 781,19,47.909744, 47.925602, 119.122017, 59.273560,25.643148, 204.893051, 0.999669
5, 781,20,25.643148, 25.658857, 119.122017, 59.273560,25.643148, 204.893051, 0.999388
5, 781,21,43.943474, 43.951340, 119.122017, 59.273560,25.643148, 204.893051, 0.999821
5, 781,22,108.340660, 108.349319, 119.122017, 59.273560,25.643148, 204.893051, 0.999920
5, 781,23,193.489929, 193.489670, 119.122017, 59.273560,25.643148, 204.893051, 1.000001
5, 781,24,204.893051, 204.888443, 119.122017, 59.273560,25.643148, 204.893051, 1.000023
5, 781,25,190.273849, 190.277603, 119.122017, 59.273560,25.643148, 204.893051, 0.999980
5, 781,26,56.763138, 56.765606, 119.122017, 59.273560,25.643148, 204.893051, 0.999957
5, 781,27,118.571083, 118.570793, 119.122017, 59.273560,25.643148, 204.893051, 1.000003
5, 781,28,105.178238, 105.184891, 119.122017, 59.273560,25.643148, 204.893051, 0.999937
5, 781,29,43.343227, 43.338867, 119.122017, 59.273560,25.643148, 204.893051, 1.000101
5, 781,30,73.156715, 73.152618, 119.122017, 59.273560,25.643148, 204.893051, 1.000056
5, 781,31,163.754868, 163.757584, 119.122017, 59.273560,25.643148, 204.893051, 0.999983
5, 782,0,117.032356, 117.040482, 119.124863, 70.016434,10.114309, 236.862946, 0.999931
5, 782,1,227.640701, 227.648178, 119.124863, 70.016434,10.114309, 236.862946, 0.999967
5, 782,2,24.848442, 24.840912, 119.124863, 70.016434,10.114309, 236.862946, 1.000303
5, 782,3,169.273087, 169.277618, 119.124863, 70.016434,10.114309, 236.862946, 0.999973
5, 782,4,187.170197, 187.177292, 119.124863, 70.016434,10.114309, 236.862946, 0.999962
5, 782,5,170.429352, 170.421707, 119.124863, 70.016434,10.114309, 236.862946, 1.000045
5, 782,6,233.779022, 233.781586, 119.124863, 70.016434,10.114309, 236.862946, 0.999989
5, 782,7,23.074438, 23.077164, 119.124863, 70.016434,10.114309, 236.862946, 0.999882
5, 782,8,10.114309, 10.111227, 119.124863, 70.016434,10.114309, 236.862946, 1.000305
5, 782,9,69.745682, 69.745003, 119.124863, 70.016434,10.114309, 236.862946, 1.000010
5, 782,10,235.326416, 235.314926, 119.124863, 70.016434,10.114309, 236.862946, 1.000049
5, 782,11,218.801910, 218.797653, 119.124863, 70.016434,10.114309, 236.862946, 1.000019
5, 782,12,144.506241, 144.529541, 119.124863, 70.016434,10.114309, 236.862946, 0.999839
5, 782,13,42.584026, 42.589626, 119.124863, 70.016434,10.114309, 236.862946, 0.999869
5, 782,14,157.129562, 157.130005, 119.124863, 70.016434,10.114309, 236.862946, 0.999997
5, 782,15,109.073174, 109.079781, 119.124863, 70.016434,10.114309, 236.862946, 0.999939
5, 782,16,71.086319, 71.103569, 119.124863, 70.016434,10.114309, 236.862946, 0.999757
5, 782,17,49.438919, 49.430111, 119.124863, 70.016434,10.114309, 236.862946, 1.000178
5, 782,18,94.025017, 94.032303, 119.124863, 70.016434,10.114309, 236.862946, 0.999923
5, 782,19,131.657639, 131.651001, 119.124863, 70.016434,10.114309, 236.862946, 1.000050
5, 782,20,85.074554, 85.078491, 119.124863, 70.016434,10.114309, 236.862946, 0.999954
5, 782,21,236.862946, 236.864166, 119.124863, 70.016434,10.114309, 236.862946, 0.999995
5, 782,22,23.834429, 23.839867, 119.124863, 70.016434,10.114309, 236.862946, 0.999772
5, 782,23,11.524483, 11.525404, 119.124863, 70.016434,10.114309, 236.862946, 0.999920
5, 782,24,83.572868, 83.584862, 119.124863, 70.016434,10.114309, 236.862946, 0.999857
5, 782,25,182.439026, 182.426300, 119.124863, 70.016434,10.114309, 236.862946, 1.000070
5, 782,26,152.888062, 152.879547, 119.124863, 70.016434,10.114309, 236.862946, 1.000056
5, 782,27,99.950752, 99.943245, 119.124863, 70.016434,10.114309, 236.862946, 1.000075
5, 782,28,137.225845, 137.220306, 119.124863, 70.016434,10.114309, 236.862946, 1.000040
5, 782,29,76.193596, 76.172356, 119.124863, 70.016434,10.114309, 236.862946, 1.000279
5, 782,30,137.363831, 137.363312, 119.124863, 70.016434,10.114309, 236.862946, 1.000004
5, 782,31,98.328529, 98.322495, 119.124863, 70.016434,10.114309, 236.862946, 1.000061
5, 783,0,41.419315, 41.423950, 119.126076, 50.574211,20.911133, 190.585800, 0.999888
5, 783,1,166.160248, 166.154968, 119.126076, 50.574211,20.911133, 190.585800, 1.000032
5, 783,2,129.619827, 129.626007, 119.126076, 50.574211,20.911133, 190.585800, 0.999952
5, 783,3,155.169937, 155.167618, 119.126076, 50.574211,20.911133, 190.585800, 1.000015
5, 783,4,163.318710, 163.326828, 119.126076, 50.574211,20.911133, 190.585800, 0.999950
5, 783,5,115.487610, 115.479721, 119.126076, 50.574211,20.911133, 190.585800, 1.000068
5, 783,6,87.726212, 87.716393, 119.126076, 50.574211,20.911133, 190.585800, 1.000112
5, 783,7,54.333038, 54.340847, 119.126076, 50.574211,20.911133, 190.585800, 0.999856
5, 783,8,138.153351, 138.154572, 119.126076, 50.574211,20.911133, 190.585800, 0.999991
5, 783,9,41.025089, 41.032528, 119.126076, 50.574211,20.911133, 190.585800, 0.999819
5, 783,10,185.494003, 185.494476, 119.126076, 50.574211,20.911133, 190.585800, 0.999997
5, 783,11,57.574394, 57.582478, 119.126076, 50.574211,20.911133, 190.585800, 0.999860
5, 783,12,20.911133, 20.910175, 119.126076, 50.574211,20.911133, 190.585800, 1.000046
5, 783,13,175.182770, 175.174194, 119.126076, 50.574211,20.911133, 190.585800, 1.000049
5, 783,14,69.257133, 69.269974, 119.126076, 50.574211,20.911133, 190.585800, 0.999815
5, 783,15,105.483017, 105.484703, 119.126076, 50.574211,20.911133, 190.585800, 0.999984
5, 783,16,189.940399, 189.937943, 119.126076, 50.574211,20.911133, 190.585800, 1.000013
5, 783,17,137.314651, 137.305588, 119.126076, 50.574211,20.911133, 190.585800, 1.000066
5, 783,18,153.042450, 153.034103, 119.126076, 50.574211,20.911133, 190.585800, 1.000055
5, 783,19,145.893265, 145.889282, 119.126076, 50.574211,20.911133, 190.585800, 1.000027
5, 783,20,32.310326, 32.305492, 119.126076, 50.574211,20.911133, 190.585800, 1.000150
5, 783,21,190.585800, 190.577454, 119.126076, 50.574211,20.911133, 190.585800, 1.000044
5, 783,22,129.036606, 129.041626, 119.126076, 50.574211,20.911133, 190.585800, 0.999961
5, 783,23,108.577950, 108.566452, 119.126076, 50.574211,20.911133, 190.585800, 1.000106
5, 783,24,119.735580, 119.724716, 119.126076, 50.574211,20.911133, 190.585800, 1.000091
5, 783,25,156.158508, 156.165466, 119.126076, 50.574211,20.911133, 190.585800, 0.999955
5, 783,26,170.073151, 170.074707, 119.126076, 50.574211,20.911133, 190.585800, 0.999991
5, 783,27,114.576950, 114.570076, 119.126076, 50.574211,20.911133, 190.585800, 1.000060
5, 783,28,67.603958, 67.599548, 119.126076, 50.574211,20.911133, 190.585800, 1.000065
5, 783,29,77.946335, 77.941887, 119.126076, 50.574211,20.911133, 190.585800, 1.000057
5, 783,30,132.254349, 132.261215, 119.126076, 50.574211,20.911133, 190.585800, 0.999948
5, 783,31,180.668503, 180.665131, 119.126076, 50.574211,20.911133, 190.585800, 1.000019
5, 784,0,82.257614, 82.251076, 119.126411, 51.402676,26.589272, 205.858582, 1.000080
5, 784,1,147.495041, 147.482910, 119.126411, 51.402676,26.589272, 205.858582, 1.000082
5, 784,2,114.249680, 114.253624, 119.126411, 51.402676,26.589272, 205.858582, 0.999965
5, 784,3,36.316971, 36.299778, 119.126411, 51.402676,26.589272, 205.858582, 1.000474
5, 784,4,168.024551, 168.020065, 119.126411, 51.402676,26.589272, 205.858582, 1.000027
5, 784,5,121.704163, 121.691772, 119.126411, 51.402676,26.589272, 205.858582, 1.000102
5, 784,6,165.384827, 165.393097, 119.126411, 51.402676,26.589272, 205.858582, 0.999950
5, 784,7,113.641968, 113.637283, 119.126411, 51.402676,26.589272, 205.858582, 1.000041
5, 784,8,160.224045, 160.234848, 119.126411, 51.402676,26.589272, 205.858582, 0.999933
5, 784,9,56.420712, 56.424046, 119.126411, 51.402676,26.589272, 205.858582, 0.999941
5, 784,10,51.452904, 51.463287, 119.126411, 51.402676,26.589272, 205.858582, 0.999798
5, 784,11,170.174179, 170.180298, 119.126411, 51.402676,26.589272, 205.858582, 0.999964
5, 784,12,175.730316, 175.721497, 119.126411, 51.402676,26.589272, 205.858582, 1.000050
5, 784,13,93.821350, 93.806229, 119.126411, 51.402676,26.589272, 205.858582, 1.000161
5, 784,14,123.270699, 123.259583, 119.126411, 51.402676,26.589272, 205.858582, 1.000090
5, 784,15,57.504993, 57.501163, 119.126411, 51.402676,26.589272, 205.858582, 1.000067
5, 784,16,202.976654, 202.978729, 119.126411, 51.402676,26.589272, 205.858582, 0.999990
5, 784,17,168.090881, 168.085892, 119.126411, 51.402676,26.589272, 205.858582, 1.000030
5, 784,18,192.454681, 192.452835, 119.126411, 51.402676,26.589272, 205.858582, 1.000010
5, 784,19,26.589272, 26.605661, 119.126411, 51.402676,26.589272, 205.858582, 0.999384
5, 784,20,136.700638, 136.675751, 119.126411, 51.402676,26.589272, 205.858582, 1.000182
5, 784,21,122.774307, 122.768883, 119.126411, 51.402676,26.589272, 205.858582, 1.000044
5, 784,22,87.161072, 87.157982, 119.126411, 51.402676,26.589272, 205.858582, 1.000035
5, 784,23,66.293266, 66.303665, 119.126411, 51.402676,26.589272, 205.858582, 0.999843
5, 784,24,120.442139, 120.441101, 119.126411, 51.402676,26.589272, 205.858582, 1.000009
5, 784,25,79.321472, 79.330879, 119.126411, 51.402676,26.589272, 205.858582, 0.999881
5, 784,26,40.834530, 40.841652, 119.126411, 51.402676,26.589272, 205.858582, 0.999826
5, 784,27,133.432175, 133.450363, 119.126411, 51.402676,26.589272, 205.858582, 0.999864
5, 784,28,174.610825, 174.614456, 119.126411, 51.402676,26.589272, 205.858582, 0.999979
5, 784,29,205.858582, 205.857040, 119.126411, 51.402676,26.589272, 205.858582, 1.000008
5, 784,30,136.490158, 136.478287, 119.126411, 51.402676,26.589272, 205.858582, 1.000087
5, 784,31,80.340439, 80.336189, 119.126411, 51.402676,26.589272, 205.858582, 1.000053
5, 785,0,141.366852, 141.354950, 119.125916, 54.506962,11.931926, 195.925125, 1.000084
5, 785,1,109.772430, 109.770424, 119.125916, 54.506962,11.931926, 195.925125, 1.000018
5, 785,2,84.687050, 84.697876, 119.125916, 54.506962,11.931926, 195.925125, 0.999872
5, 785,3,139.913925, 139.906555, 119.125916, 54.506962,11.931926, 195.925125, 1.000053
5, 785,4,120.150742, 120.154549, 119.125916, 54.506962,11.931926, 195.925125, 0.999968
5, 785,5,153.977371, 153.970078, 119.125916, 54.506962,11.931926, 195.925125, 1.000047
5, 785,6,136.229111, 136.221298, 119.125916, 54.506962,11.931926, 195.925125, 1.000057
5, 785,7,11.931926, 11.921470, 119.125916, 54.506962,11.931926, 195.925125, 1.000877
5, 785,8,27.020849, 27.018732, 119.125916, 54.506962,11.931926, 195.925125, 1.000078
5, 785,9,186.016006, 186.015991, 119.125916, 54.506962,11.931926, 195.925125, 1.000000
5, 785,10,76.852272, 76.860146, 119.125916, 54.506962,11.931926, 195.925125, 0.999898
5, 785,11,90.538727, 90.532364, 119.125916, 54.506962,11.931926, 195.925125, 1.000070
5, 785,12,57.134396, 57.131493, 119.125916, 54.506962,11.931926, 195.925125, 1.000051
5, 785,13,160.921356, 160.920074, 119.125916, 54.506962,11.931926, 195.925125, 1.000008
5, 785,14,46.526676, 46.525452, 119.125916, 54.506962,11.931926, 195.925125, 1.000026
5, 785,15,36.793602, 36.795452, 119.125916, 54.506962,11.931926, 195.925125, 0.999950
5, 785,16,123.642380, 123.635384, 119.125916, 54.506962,11.931926, 195.925125, 1.000057
5, 785,17,109.818527, 109.828827, 119.125916, 54.506962,11.931926, 195.925125, 0.999906
5, 785,18,161.544373, 161.544983, 119.125916, 54.506962,11.931926, 195.925125, 0.999996
5, 785,19,116.369133, 116.358330, 119.125916, 54.506962,11.931926, 195.925125, 1.000093
5, 785,20,169.403610, 169.394394, 119.125916, 54.506962,11.931926, 195.925125, 1.000054
5, 785,21,185.597031, 185.589645, 119.125916, 54.506962,11.931926, 195.925125, 1.000040
5, 785,22,114.856354, 114.869041, 119.125916, 54.506962,11.931926, 195.925125, 0.999890
5, 785,23,126.086617, 126.088333, 119.125916, 54.506962,11.931926, 195.925125, 0.999986
5, 785,24,61.966640, 61.961452, 119.125916, 54.506962,11.931926, 195.925125, 1.000084
5, 785,25,44.784378, 44.779190, 119.125916, 54.506962,11.931926, 195.925125, 1.000116
5, 785,26,192.641510, 192.656448, 119.125916, 54.506962,11.931926, 195.925125, 0.999922
5, 785,27,195.925125, 195.927032, 119.125916, 54.506962,11.931926, 195.925125, 0.999990
5, 785,28,178.210220, 178.213303, 119.125916, 54.506962,11.931926, 195.925125, 0.999983
5, 785,29,179.823715, 179.819397, 119.125916, 54.506962,11.931926, 195.925125, 1.000024
5, 785,30,76.818024, 76.825104, 119.125916, 54.506962,11.931926, 195.925125, 0.999908
5, 785,31,194.708282, 194.712250, 119.125916, 54.506962,11.931926, 195.925125, 0.999980
5, 786,0,66.071671, 66.078522, 119.124077, 66.750954,10.530212, 248.909683, 0.999896
5, 786,1,79.937279, 79.927414, 119.124077, 66.750954,10.530212, 248.909683, 1.000123
5, 786,2,163.982361, 163.976913, 119.124077, 66.750954,10.530212, 248.909683, 1.000033
5, 786,3,145.338593, 145.354904, 119.124077, 66.750954,10.530212, 248.909683, 0.999888
5, 786,4,31.832552, 31.847101, 119.124077, 66.750954,10.530212, 248.909683, 0.999543
5, 786,5,157.251175, 157.238373, 119.124077, 66.750954,10.530212, 248.909683, 1.000081
5, 786,6,233.994141, 234.002975, 119.124077, 66.750954,10.530212, 248.909683, 0.999962
5, 786,7,92.524429, 92.516624, 119.124077, 66.750954,10.530212, 248.909683, 1.000084
5, 786,8,10.530212, 10.531190, 119.124077, 66.750954,10.530212, 248.909683, 0.999907
5, 786,9,133.668228, 133.668701, 119.124077, 66.750954,10.530212, 248.909683, 0.999996
5, 786,10,210.251434, 210.251175, 119.124077, 66.750954,10.530212, 248.909683, 1.000001
5, 786,11,26.075005, 26.064714, 119.124077, 66.750954,10.530212, 248.909683, 1.000395
5, 786,12,145.571030, 145.582535, 119.124077, 66.750954,10.530212, 248.909683, 0.999921
5, 786,13,110.314018, 110.319092, 119.124077, 66.750954,10.530212, 248.909683, 0.999954
5, 786,14,60.060173, 60.060898, 119.124077, 66.750954,10.530212, 248.909683, 0.999988
5, 786,15,102.370773, 102.381592, 119.124077, 66.750954,10.530212, 248.909683, 0.999894
5, 786,16,165.656143, 165.653961, 119.124077, 66.750954,10.530212, 248.909683, 1.000013
5, 786,17,183.535538, 183.539886, 119.124077, 66.750954,10.530212, 248.909683, 0.999976
5, 786,18,31.181377, 31.171730, 119.124077, 66.750954,10.530212, 248.909683, 1.000309
5, 786,19,81.559486, 81.551338, 119.124077, 66.750954,10.530212, 248.909683, 1.000100
5, 786,20,151.012314, 151.008270, 119.124077, 66.750954,10.530212, 248.909683, 1.000027
5, 786,21,166.064423, 166.071320, 119.124077, 66.750954,10.530212, 248.909683, 0.999958
5, 786,22,151.732010, 151.729187, 119.124077, 66.750954,10.530212, 248.909683, 1.000019
5, 786,23,112.324844, 112.322441, 119.124077, 66.750954,10.530212, 248.909683, 1.000021
5, 786,24,74.623932, 74.615509, 119.124077, 66.750954,10.530212, 248.909683, 1.000113
5, 786,25,248.909683, 248.906662, 119.124077, 66.750954,10.530212, 248.909683, 1.000012
5, 786,26,140.757034, 140.756287, 119.124077, 66.750954,10.530212, 248.909683, 1.000005
5, 786,27,37.291428, 37.318359, 119.124077, 66.750954,10.530212, 248.909683, 0.999278
5, 786,28,52.755672, 52.753235, 119.124077, 66.750954,10.530212, 248.909683, 1.000046
5, 786,29,31.809908, 31.824335, 119.124077, 66.750954,10.530212, 248.909683, 0.999547
5, 786,30,234.015289, 234.018143, 119.124077, 66.750954,10.530212, 248.909683, 0.999988
5, 786,31,178.968292, 178.956467, 119.124077, 66.750954,10.530212, 248.909683, 1.000066
5, 787,0,107.252228, 107.248970, 119.126389, 57.816837,15.449062, 201.136963, 1.000030
5, 787,1,152.560287, 152.566818, 119.126389, 57.816837,15.449062, 201.136963, 0.999957
5, 787,2,60.769196, 60.756233, 119.126389, 57.816837,15.449062, 201.136963, 1.000213
5, 787,3,182.368118, 182.381042, 119.126389, 57.816837,15.449062, 201.136963, 0.999929
5, 787,4,45.500347, 45.488785, 119.126389, 57.816837,15.449062, 201.136963, 1.000254
5, 787,5,174.817734, 174.829071, 119.126389, 57.816837,15.449062, 201.136963, 0.999935
5, 787,6,117.559669, 117.550400, 119.126389, 57.816837,15.449062, 201.136963, 1.000079
5, 787,7,142.379990, 142.368347, 119.126389, 57.816837,15.449062, 201.136963, 1.000082
5, 787,8,56.939369, 56.940887, 119.126389, 57.816837,15.449062, 201.136963, 0.999973
5, 787,9,15.449062, 15.444441, 119.126389, 57.816837,15.449062, 201.136963, 1.000299
5, 787,10,140.136627, 140.139694, 119.126389, 57.816837,15.449062, 201.136963, 0.999978
5, 787,11,162.637650, 162.619965, 119.126389, 57.816837,15.449062, 201.136963, 1.000109
5, 787,12,194.529602, 194.529587, 119.126389, 57.816837,15.449062, 201.136963, 1.000000
5, 787,13,200.241531, 200.258667, 119.126389, 57.816837,15.449062, 201.136963, 0.999914
5, 787,14,168.512589, 168.506500, 119.126389, 57.816837,15.449062, 201.136963, 1.000036
5, 787,15,132.598801, 132.581665, 119.126389, 57.816837,15.449062, 201.136963, 1.000129
5, 787,16,67.145378, 67.151482, 119.126389, 57.816837,15.449062, 201.136963, 0.999909
5, 787,17,201.136963, 201.142853, 119.126389, 57.816837,15.449062, 201.136963, 0.999971
5, 787,18,44.877689, 44.889233, 119.126389, 57.816837,15.449062, 201.136963, 0.999743
5, 787,19,96.172760, 96.166290, 119.126389, 57.816837,15.449062, 201.136963, 1.000067
5, 787,20,136.606308, 136.596863, 119.126389, 57.816837,15.449062, 201.136963, 1.000069
5, 787,21,126.607300, 126.610344, 119.126389, 57.816837,15.449062, 201.136963, 0.999976
5, 787,22,22.551081, 22.542198, 119.126389, 57.816837,15.449062, 201.136963, 1.000394
5, 787,23,37.882053, 37.888374, 119.126389, 57.816837,15.449062, 201.136963, 0.999833
5, 787,24,101.689667, 101.695518, 119.126389, 57.816837,15.449062, 201.136963, 0.999942
5, 787,25,37.619602, 37.621906, 119.126389, 57.816837,15.449062, 201.136963, 0.999939
5, 787,26,163.994949, 164.000748, 119.126389, 57.816837,15.449062, 201.136963, 0.999965
5, 787,27,125.300888, 125.290100, 119.126389, 57.816837,15.449062, 201.136963, 1.000086
5, 787,28,81.278999, 81.280380, 119.126389, 57.816837,15.449062, 201.136963, 0.999983
5, 787,29,194.051849, 194.051163, 119.126389, 57.816837,15.449062, 201.136963, 1.000004
5, 787,30,122.718239, 122.710213, 119.126389, 57.816837,15.449062, 201.136963, 1.000065
5, 787,31,198.158035, 198.151123, 119.126389, 57.816837,15.449062, 201.136963, 1.000035
5, 788,0,84.487343, 84.482307, 119.123749, 56.999294,12.866535, 199.523911, 1.000060
5, 788,1,77.089325, 77.082977, 119.123749, 56.999294,12.866535, 199.523911, 1.000082
5, 788,2,199.523911, 199.524124, 119.123749, 56.999294,12.866535, 199.523911, 0.999999
5, 788,3,166.597183, 166.608444, 119.123749, 56.999294,12.866535, 199.523911, 0.999932
5, 788,4,122.728966, 122.730614, 119.123749, 56.999294,12.866535, 199.523911, 0.999987
5, 788,5,103.546074, 103.548233, 119.123749, 56.999294,12.866535, 199.523911, 0.999979
5, 788,6,155.900726, 155.902435, 119.123749, 56.999294,12.866535, 199.523911, 0.999989
5, 788,7,147.335022, 147.338760, 119.123749, 56.999294,12.866535, 199.523911, 0.999975
5, 788,8,187.231659, 187.234589, 119.123749, 56.999294,12.866535, 199.523911, 0.999984
5, 788,9,76.592690, 76.605606, 119.123749, 56.999294,12.866535, 199.523911, 0.999831
5, 788,10,130.834946, 130.834351, 119.123749, 56.999294,12.866535, 199.523911, 1.000005
5, 788,11,121.826347, 121.822418, 119.123749, 56.999294,12.866535, 199.523911, 1.000032
5, 788,12,104.270218, 104.258484, 119.123749, 56.999294,12.866535, 199.523911, 1.000113
5, 788,13,90.594254, 90.595047, 119.123749, 56.999294,12.866535, 199.523911, 0.999991
5, 788,14,72.760590, 72.757492, 119.123749, 56.999294,12.866535, 199.523911, 1.000043
5, 788,15,27.303890, 27.307793, 119.123749, 56.999294,12.866535, 199.523911, 0.999857
5, 788,16,46.878056, 46.891853, 119.123749, 56.999294,12.866535, 199.523911, 0.999706
5, 788,17,148.664063, 148.677734, 119.123749, 56.999294,12.866535, 199.523911, 0.999908
5, 788,18,26.312088, 26.329754, 119.123749, 56.999294,12.866535, 199.523911, 0.999329
5, 788,19,44.333542, 44.324501, 119.123749, 56.999294,12.866535, 199.523911, 1.000204
5, 788,20,151.372116, 151.355698, 119.123749, 56.999294,12.866535, 199.523911, 1.000108
5, 788,21,193.271408, 193.271652, 119.123749, 56.999294,12.866535, 199.523911, 0.999999
5, 788,22,160.262161, 160.262848, 119.123749, 56.999294,12.866535, 199.523911, 0.999996
5, 788,23,155.688110, 155.692841, 119.123749, 56.999294,12.866535, 199.523911, 0.999970
5, 788,24,51.639111, 51.630684, 119.123749, 56.999294,12.866535, 199.523911, 1.000163
5, 788,25,190.613297, 190.605331, 119.123749, 56.999294,12.866535, 199.523911, 1.000042
5, 788,26,60.710285, 60.712471, 119.123749, 56.999294,12.866535, 199.523911, 0.999964
5, 788,27,191.686310, 191.688171, 119.123749, 56.999294,12.866535, 199.523911, 0.999990
5, 788,28,198.450073, 198.458740, 119.123749, 56.999294,12.866535, 199.523911, 0.999956
5, 788,29,12.866535, 12.875899, 119.123749, 56.999294,12.866535, 199.523911, 0.999273
5, 788,30,157.717926, 157.730423, 119.123749, 56.999294,12.866535, 199.523911, 0.999921
5, 788,31,152.872101, 152.857681, 119.123749, 56.999294,12.866535, 199.523911, 1.000094
5, 789,0,68.301414, 68.311432, 119.124985, 64.121521,20.533449, 243.208282, 0.999853
5, 789,1,125.315681, 125.313416, 119.124985, 64.121521,20.533449, 243.208282, 1.000018
5, 789,2,53.707890, 53.709801, 119.124985, 64.121521,20.533449, 243.208282, 0.999964
5, 789,3,154.226013, 154.224075, 119.124985, 64.121521,20.533449, 243.208282, 1.000013
5, 789,4,243.208282, 243.209183, 119.124985, 64.121521,20.533449, 243.208282, 0.999996
5, 789,5,219.855576, 219.858261, 119.124985, 64.121521,20.533449, 243.208282, 0.999988
5, 789,6,227.549637, 227.546814, 119.124985, 64.121521,20.533449, 243.208282, 1.000012
5, 789,7,184.075516, 184.071091, 119.124985, 64.121521,20.533449, 243.208282, 1.000024
5, 789,8,159.331116, 159.337555, 119.124985, 64.121521,20.533449, 243.208282, 0.999960
5, 789,9,29.848757, 29.846811, 119.124985, 64.121521,20.533449, 243.208282, 1.000065
5, 789,10,40.475384, 40.476158, 119.124985, 64.121521,20.533449, 243.208282, 0.999981
5, 789,11,153.636276, 153.638840, 119.124985, 64.121521,20.533449, 243.208282, 0.999983
5, 789,12,67.093719, 67.089760, 119.124985, 64.121521,20.533449, 243.208282, 1.000059
5, 789,13,20.533449, 20.534245, 119.124985, 64.121521,20.533449, 243.208282, 0.999961
5, 789,14,80.541412, 80.535545, 119.124985, 64.121521,20.533449, 243.208282, 1.000073
5, 789,15,137.987000, 137.998383, 119.124985, 64.121521,20.533449, 243.208282, 0.999918
5, 789,16,96.744446, 96.753906, 119.124985, 64.121521,20.533449, 243.208282, 0.999902
5, 789,17,53.098568, 53.102619, 119.124985, 64.121521,20.533449, 243.208282, 0.999924
5, 789,18,128.056702, 128.056702, 119.124985, 64.121521,20.533449, 243.208282, 1.000000
5, 789,19,187.619217, 187.633713, 119.124985, 64.121521,20.533449, 243.208282, 0.999923
5, 789,20,124.603180, 124.596504, 119.124985, 64.121521,20.533449, 243.208282, 1.000054
5, 789,21,55.916885, 55.919067, 119.124985, 64.121521,20.533449, 243.208282, 0.999961
5, 789,22,168.153091, 168.138046, 119.124985, 64.121521,20.533449, 243.208282, 1.000090
5, 789,23,197.501465, 197.509583, 119.124985, 64.121521,20.533449, 243.208282, 0.999959
5, 789,24,75.845856, 75.853668, 119.124985, 64.121521,20.533449, 243.208282, 0.999897
5, 789,25,104.539078, 104.544853, 119.124985, 64.121521,20.533449, 243.208282, 0.999945
5, 789,26,60.888245, 60.878944, 119.124985, 64.121521,20.533449, 243.208282, 1.000153
5, 789,27,207.331528, 207.319580, 119.124985, 64.121521,20.533449, 243.208282, 1.000058
5, 789,28,132.606583, 132.599609, 119.124985, 64.121521,20.533449, 243.208282, 1.000053
5, 789,29,67.661392, 67.653053, 119.124985, 64.121521,20.533449, 243.208282, 1.000123
5, 789,30,34.125149, 34.126350, 119.124985, 64.121521,20.533449, 243.208282, 0.999965
5, 789,31,151.620605, 151.612442, 119.124985, 64.121521,20.533449, 243.208282, 1.000054
5, 790,0,192.255600, 192.245926, 119.124321, 60.645519,11.414689, 227.972473, 1.000050
5, 790,1,54.374439, 54.380947, 119.124321, 60.645519,11.414689, 227.972473, 0.999880
5, 790,2,205.689957, 205.684219, 119.124321, 60.645519,11.414689, 227.972473, 1.000028
5, 790,3,114.529892, 114.528809, 119.124321, 60.645519,11.414689, 227.972473, 1.000009
5, 790,4,217.781067, 217.788757, 119.124321, 60.645519,11.414689, 227.972473, 0.999965
5, 790,5,144.893951, 144.901917, 119.124321, 60.645519,11.414689, 227.972473, 0.999945
5, 790,6,119.722481, 119.726768, 119.124321, 60.645519,11.414689, 227.972473, 0.999964
5, 790,7,116.914459, 116.915115, 119.124321, 60.645519,11.414689, 227.972473, 0.999994
5, 790,8,73.232735, 73.240685, 119.124321, 60.645519,11.414689, 227.972473, 0.999891
5, 790,9,158.834030, 158.830460, 119.124321, 60.645519,11.414689, 227.972473, 1.000023
5, 790,10,53.009998, 53.018375, 119.124321, 60.645519,11.414689, 227.972473, 0.999842
5, 790,11,227.972473, 227.968399, 119.124321, 60.645519,11.414689, 227.972473, 1.000018
5, 790,12,26.201715, 26.199478, 119.124321, 60.645519,11.414689, 227.972473, 1.000085
5, 790,13,93.534225, 93.542305, 119.124321, 60.645519,11.414689, 227.972473, 0.999914
5, 790,14,93.405182, 93.405327, 119.124321, 60.645519,11.414689, 227.972473, 0.999998
5, 790,15,62.481663, 62.469872, 119.124321, 60.645519,11.414689, 227.972473, 1.000189
5, 790,16,61.865017, 61.871494, 119.124321, 60.645519,11.414689, 227.972473, 0.999895
5, 790,17,79.378021, 79.383080, 119.124321, 60.645519,11.414689, 227.972473, 0.999936
5, 790,18,182.614182, 182.614197, 119.124321, 60.645519,11.414689, 227.972473, 1.000000
5, 790,19,96.185898, 96.180939, 119.124321, 60.645519,11.414689, 227.972473, 1.000052
5, 790,20,94.371826, 94.378586, 119.124321, 60.645519,11.414689, 227.972473, 0.999928
5, 790,21,11.414689, 11.405829, 119.124321, 60.645519,11.414689, 227.972473, 1.000777
5, 790,22,187.584351, 187.588684, 119.124321, 60.645519,11.414689, 227.972473, 0.999977
5, 790,23,64.003006, 63.991051, 119.124321, 60.645519,11.414689, 227.972473, 1.000187
5, 790,24,195.218506, 195.230606, 119.124321, 60.645519,11.414689, 227.972473, 0.999938
5, 790,25,74.823654, 74.819542, 119.124321, 60.645519,11.414689, 227.972473, 1.000055
5, 790,26,125.422371, 125.422180, 119.124321, 60.645519,11.414689, 227.972473, 1.000002
5, 790,27,204.484436, 204.480255, 119.124321, 60.645519,11.414689, 227.972473, 1.000021
5, 790,28,78.367584, 78.373764, 119.124321, 60.645519,11.414689, 227.972473, 0.999921
5, 790,29,193.057571, 193.060593, 119.124321, 60.645519,11.414689, 227.972473, 0.999984
5, 790,30,76.905983, 76.903053, 119.124321, 60.645519,11.414689, 227.972473, 1.000038
5, 790,31,131.447067, 131.449219, 119.124321, 60.645519,11.414689, 227.972473, 0.999984
5, 791,0,35.350044, 35.352043, 119.124886, 64.049675,27.186230, 243.933029, 0.999943
5, 791,1,91.439857, 91.456337, 119.124886, 64.049675,27.186230, 243.933029, 0.999820
5, 791,2,154.556351, 154.550461, 119.124886, 64.049675,27.186230, 243.933029, 1.000038
5, 791,3,157.579254, 157.588531, 119.124886, 64.049675,27.186230, 243.933029, 0.999941
5, 791,4,197.962784, 197.960159, 119.124886, 64.049675,27.186230, 243.933029, 1.000013
5, 791,5,117.963066, 117.959724, 119.124886, 64.049675,27.186230, 243.933029, 1.000028
5, 791,6,30.989130, 30.999184, 119.124886, 64.049675,27.186230, 243.933029, 0.999676
5, 791,7,58.000996, 58.007687, 119.124886, 64.049675,27.186230, 243.933029, 0.999885
5, 791,8,63.295452, 63.289051, 119.124886, 64.049675,27.186230, 243.933029, 1.000101
5, 791,9,52.270237, 52.265781, 119.124886, 64.049675,27.186230, 243.933029, 1.000085
5, 791,10,131.638306, 131.627411, 119.124886, 64.049675,27.186230, 243.933029, 1.000083
5, 791,11,180.954315, 180.935013, 119.124886, 64.049675,27.186230, 243.933029, 1.000107
5, 791,12,204.255341, 204.251740, 119.124886, 64.049675,27.186230, 243.933029, 1.000018
5, 791,13,49.762741, 49.755093, 119.124886, 64.049675,27.186230, 243.933029, 1.000154
5, 791,14,87.904274, 87.898285, 119.124886, 64.049675,27.186230, 243.933029, 1.000068
5, 791,15,243.933029, 243.925110, 119.124886, 64.049675,27.186230, 243.933029, 1.000032
5, 791,16,155.721680, 155.716660, 119.124886, 64.049675,27.186230, 243.933029, 1.000032
5, 791,17,210.017624, 210.030792, 119.124886, 64.049675,27.186230, 243.933029, 0.999937
5, 791,18,202.458023, 202.461578, 119.124886, 64.049675,27.186230, 243.933029, 0.999982
5, 791,19,90.266846, 90.275269, 119.124886, 64.049675,27.186230, 243.933029, 0.999907
5, 791,20,202.944733, 202.944412, 119.124886, 64.049675,27.186230, 243.933029, 1.000002
5, 791,21,110.029396, 110.041389, 119.124886, 64.049675,27.186230, 243.933029, 0.999891
5, 791,22,81.213623, 81.213013, 119.124886, 64.049675,27.186230, 243.933029, 1.000008
5, 791,23,172.197250, 172.207001, 119.124886, 64.049675,27.186230, 243.933029, 0.999943
5, 791,24,84.278160, 84.280815, 119.124886, 64.049675,27.186230, 243.933029, 0.999968
5, 791,25,48.993706, 48.997425, 119.124886, 64.049675,27.186230, 243.933029, 0.999924
5, 791,26,161.979950, 161.978546, 119.124886, 64.049675,27.186230, 243.933029, 1.000009
5, 791,27,159.480804, 159.475266, 119.124886, 64.049675,27.186230, 243.933029, 1.000035
5, 791,28,153.047867, 153.049988, 119.124886, 64.049675,27.186230, 243.933029, 0.999986
5, 791,29,27.186230, 27.196007, 119.124886, 64.049675,27.186230, 243.933029, 0.999641
5, 791,30,62.306759, 62.301117, 119.124886, 64.049675,27.186230, 243.933029, 1.000091
5, 791,31,32.018913, 32.009403, 119.124886, 64.049675,27.186230, 243.933029, 1.000297
5, 792,0,172.828491, 172.815796, 119.128433, 59.581581,13.831000, 208.250229, 1.000073
5, 792,1,128.462662, 128.469040, 119.128433, 59.581581,13.831000, 208.250229, 0.999950
5, 792,2,177.178604, 177.165390, 119.128433, 59.581581,13.831000, 208.250229, 1.000075
5, 792,3,91.200569, 91.209610, 119.128433, 59.581581,13.831000, 208.250229, 0.999901
5, 792,4,13.831000, 13.825090, 119.128433, 59.581581,13.831000, 208.250229, 1.000427
5, 792,5,144.284836, 144.287521, 119.128433, 59.581581,13.831000, 208.250229, 0.999981
5, 792,6,131.556961, 131.539368, 119.128433, 59.581581,13.831000, 208.250229, 1.000134
5, 792,7,175.495895, 175.489517, 119.128433, 59.581581,13.831000, 208.250229, 1.000036
5, 792,8,60.017696, 60.020409, 119.128433, 59.581581,13.831000, 208.250229, 0.999955
5, 792,9,152.065491, 152.078430, 119.128433, 59.581581,13.831000, 208.250229, 0.999915
5, 792,10,101.742020, 101.725403, 119.128433, 59.581581,13.831000, 208.250229, 1.000163
5, 792,11,34.117222, 34.114700, 119.128433, 59.581581,13.831000, 208.250229, 1.000074
5, 792,12,40.532825, 40.530357, 119.128433, 59.581581,13.831000, 208.250229, 1.000061
5, 792,13,128.639542, 128.641754, 119.128433, 59.581581,13.831000, 208.250229, 0.999983
5, 792,14,44.834946, 44.828789, 119.128433, 59.581581,13.831000, 208.250229, 1.000137
5, 792,15,28.424660, 28.428234, 119.128433, 59.581581,13.831000, 208.250229, 0.999874
5, 792,16,164.625748, 164.628311, 119.128433, 59.581581,13.831000, 208.250229, 0.999984
5, 792,17,72.586647, 72.583084, 119.128433, 59.581581,13.831000, 208.250229, 1.000049
5, 792,18,76.919502, 76.913490, 119.128433, 59.581581,13.831000, 208.250229, 1.000078
5, 792,19,208.250229, 208.252243, 119.128433, 59.581581,13.831000, 208.250229, 0.999990
5, 792,20,32.052277, 32.035843, 119.128433, 59.581581,13.831000, 208.250229, 1.000513
5, 792,21,155.673035, 155.673248, 119.128433, 59.581581,13.831000, 208.250229, 0.999999
5, 792,22,149.832596, 149.839661, 119.128433, 59.581581,13.831000, 208.250229, 0.999953
5, 792,23,49.988392, 49.984348, 119.128433, 59.581581,13.831000, 208.250229, 1.000081
5, 792,24,178.329147, 178.323151, 119.128433, 59.581581,13.831000, 208.250229, 1.000034
5, 792,25,95.242523, 95.226585, 119.128433, 59.581581,13.831000, 208.250229, 1.000167
5, 792,26,178.828857, 178.822083, 119.128433, 59.581581,13.831000, 208.250229, 1.000038
5, 792,27,196.200409, 196.194901, 119.128433, 59.581581,13.831000, 208.250229, 1.000028
5, 792,28,131.253281, 131.232330, 119.128433, 59.581581,13.831000, 208.250229, 1.000160
5, 792,29,190.531021, 190.546799, 119.128433, 59.581581,13.831000, 208.250229, 0.999917
5, 792,30,208.033005, 208.021973, 119.128433, 59.581581,13.831000, 208.250229, 1.000053
5, 792,31,98.550385, 98.552757, 119.128433, 59.581581,13.831000, 208.250229, 0.999976
5, 793,0,178.800079, 178.807663, 119.124237, 63.490631,12.285150, 226.174316, 0.999958
5, 793,1,80.329117, 80.333588, 119.124237, 63.490631,12.285150, 226.174316, 0.999944
5, 793,2,105.635406, 105.648041, 119.124237, 63.490631,12.285150, 226.174316, 0.999880
5, 793,3,35.686935, 35.680923, 119.124237, 63.490631,12.285150, 226.174316, 1.000168
5, 793,4,215.830994, 215.827942, 119.124237, 63.490631,12.285150, 226.174316, 1.000014
5, 793,5,146.590805, 146.586700, 119.124237, 63.490631,12.285150, 226.174316, 1.000028
5, 793,6,219.752380, 219.760422, 119.124237, 63.490631,12.285150, 226.174316, 0.999963
5, 793,7,146.230530, 146.255463, 119.124237, 63.490631,12.285150, 226.174316, 0.999830
5, 793,8,124.326324, 124.330841, 119.124237, 63.490631,12.285150, 226.174316, 0.999964
5, 793,9,215.049042, 215.052719, 119.124237, 63.490631,12.285150, 226.174316, 0.999983
5, 793,10,12.285150, 12.269279, 119.124237, 63.490631,12.285150, 226.174316, 1.001294
5, 793,11,95.273277, 95.267143, 119.124237, 63.490631,12.285150, 226.174316, 1.000064
5, 793,12,180.090317, 180.090302, 119.124237, 63.490631,12.285150, 226.174316, 1.000000
5, 793,13,226.174316, 226.159500, 119.124237, 63.490631,12.285150, 226.174316, 1.000066
5, 793,14,14.306360, 14.305994, 119.124237, 63.490631,12.285150, 226.174316, 1.000026
5, 793,15,118.805176, 118.812691, 119.124237, 63.490631,12.285150, 226.174316, 0.999937
5, 793,16,75.022453, 75.012756, 119.124237, 63.490631,12.285150, 226.174316, 1.000129
5, 793,17,19.146692, 19.154642, 119.124237, 63.490631,12.285150, 226.174316, 0.999585
5, 793,18,153.002884, 153.013992, 119.124237, 63.490631,12.285150, 226.174316, 0.999927
5, 793,19,137.948624, 137.946533, 119.124237, 63.490631,12.285150, 226.174316, 1.000015
5, 793,20,130.390427, 130.384613, 119.124237, 63.490631,12.285150, 226.174316, 1.000045
5, 793,21,108.755493, 108.741882, 119.124237, 63.490631,12.285150, 226.174316, 1.000125
5, 793,22,106.262009, 106.261169, 119.124237, 63.490631,12.285150, 226.174316, 1.000008
5, 793,23,108.795982, 108.805305, 119.124237, 63.490631,12.285150, 226.174316, 0.999914
5, 793,24,159.912476, 159.906387, 119.124237, 63.490631,12.285150, 226.174316, 1.000038
5, 793,25,44.537991, 44.539570, 119.124237, 63.490631,12.285150, 226.174316, 0.999965
5, 793,26,211.787567, 211.782700, 119.124237, 63.490631,12.285150, 226.174316, 1.000023
5, 793,27,95.415207, 95.408096, 119.124237, 63.490631,12.285150, 226.174316, 1.000075
5, 793,28,88.473587, 88.487495, 119.124237, 63.490631,12.285150, 226.174316, 0.999843
5, 793,29,47.402077, 47.414932, 119.124237, 63.490631,12.285150, 226.174316, 0.999729
5, 793,30,166.628433, 166.615555, 119.124237, 63.490631,12.285150, 226.174316, 1.000077
5, 793,31,43.327190, 43.334457, 119.124237, 63.490631,12.285150, 226.174316, 0.999832
5, 794,0,87.775139, 87.765930, 119.126480, 65.124214,11.487494, 239.583817, 1.000105
5, 794,1,197.617935, 197.618805, 119.126480, 65.124214,11.487494, 239.583817, 0.999996
5, 794,2,28.530329, 28.525036, 119.126480, 65.124214,11.487494, 239.583817, 1.000186
5, 794,3,43.200390, 43.203262, 119.126480, 65.124214,11.487494, 239.583817, 0.999934
5, 794,4,151.222839, 151.215698, 119.126480, 65.124214,11.487494, 239.583817, 1.000047
5, 794,5,11.487494, 11.485926, 119.126480, 65.124214,11.487494, 239.583817, 1.000137
5, 794,6,57.223061, 57.225262, 119.126480, 65.124214,11.487494, 239.583817, 0.999962
5, 794,7,131.254990, 131.249969, 119.126480, 65.124214,11.487494, 239.583817, 1.000038
5, 794,8,149.068481, 149.073547, 119.126480, 65.124214,11.487494, 239.583817, 0.999966
5, 794,9,91.699593, 91.703262, 119.126480, 65.124214,11.487494, 239.583817, 0.999960
5, 794,10,229.082993, 229.079666, 119.126480, 65.124214,11.487494, 239.583817, 1.000015
5, 794,11,184.079300, 184.087067, 119.126480, 65.124214,11.487494, 239.583817, 0.999958
5, 794,12,35.281765, 35.275814, 119.126480, 65.124214,11.487494, 239.583817, 1.000169
5, 794,13,239.583817, 239.579208, 119.126480, 65.124214,11.487494, 239.583817, 1.000019
5, 794,14,49.763390, 49.773014, 119.126480, 65.124214,11.487494, 239.583817, 0.999807
5, 794,15,136.155945, 136.167862, 119.126480, 65.124214,11.487494, 239.583817, 0.999913
5, 794,16,79.468185, 79.468887, 119.126480, 65.124214,11.487494, 239.583817, 0.999991
5, 794,17,45.084084, 45.088955, 119.126480, 65.124214,11.487494, 239.583817, 0.999892
5, 794,18,170.681259, 170.676041, 119.126480, 65.124214,11.487494, 239.583817, 1.000031
5, 794,19,140.160492, 140.157990, 119.126480, 65.124214,11.487494, 239.583817, 1.000018
5, 794,20,53.078514, 53.076744, 119.126480, 65.124214,11.487494, 239.583817, 1.000033
5, 794,21,123.579514, 123.571457, 119.126480, 65.124214,11.487494, 239.583817, 1.000065
5, 794,22,69.103432, 69.090042, 119.126480, 65.124214,11.487494, 239.583817, 1.000194
5, 794,23,142.275192, 142.269974, 119.126480, 65.124214,11.487494, 239.583817, 1.000037
5, 794,24,163.471741, 163.472687, 119.126480, 65.124214,11.487494, 239.583817, 0.999994
5, 794,25,85.699387, 85.706757, 119.126480, 65.124214,11.487494, 239.583817, 0.999914
5, 794,26,90.999123, 90.994232, 119.126480, 65.124214,11.487494, 239.583817, 1.000054
5, 794,27,211.131165, 211.127899, 119.126480, 65.124214,11.487494, 239.583817, 1.000015
5, 794,28,221.758835, 221.763199, 119.126480, 65.124214,11.487494, 239.583817, 0.999980
5, 794,29,76.409401, 76.406525, 119.126480, 65.124214,11.487494, 239.583817, 1.000038
5, 794,30,201.990494, 201.978516, 119.126480, 65.124214,11.487494, 239.583817, 1.000059
5, 794,31,114.129082, 114.120361, 119.126480, 65.124214,11.487494, 239.583817, 1.000076
5, 795,0,75.286270, 75.283714, 119.125740, 77.508331,11.467487, 238.698059, 1.000034
5, 795,1,222.179489, 222.175613, 119.125740, 77.508331,11.467487, 238.698059, 1.000017
5, 795,2,25.538740, 25.547108, 119.125740, 77.508331,11.467487, 238.698059, 0.999672
5, 795,3,205.621185, 205.625015, 119.125740, 77.508331,11.467487, 238.698059, 0.999981
5, 795,4,43.481968, 43.482811, 119.125740, 77.508331,11.467487, 238.698059, 0.999981
5, 795,5,212.816833, 212.819061, 119.125740, 77.508331,11.467487, 238.698059, 0.999990
5, 795,6,172.963593, 172.961945, 119.125740, 77.508331,11.467487, 238.698059, 1.000010
5, 795,7,221.719833, 221.716263, 119.125740, 77.508331,11.467487, 238.698059, 1.000016
5, 795,8,107.763397, 107.755966, 119.125740, 77.508331,11.467487, 238.698059, 1.000069
5, 795,9,82.625374, 82.604988, 119.125740, 77.508331,11.467487, 238.698059, 1.000247
5, 795,10,101.196632, 101.190849, 119.125740, 77.508331,11.467487, 238.698059, 1.000057
5, 795,11,100.560318, 100.568970, 119.125740, 77.508331,11.467487, 238.698059, 0.999914
5, 795,12,167.595520, 167.598190, 119.125740, 77.508331,11.467487, 238.698059, 0.999984
5, 795,13,121.433617, 121.437431, 119.125740, 77.508331,11.467487, 238.698059, 0.999969
5, 795,14,17.568399, 17.568615, 119.125740, 77.508331,11.467487, 238.698059, 0.999988
5, 795,15,41.657310, 41.652496, 119.125740, 77.508331,11.467487, 238.698059, 1.000116
5, 795,16,54.860043, 54.846336, 119.125740, 77.508331,11.467487, 238.698059, 1.000250
5, 795,17,122.000725, 122.009842, 119.125740, 77.508331,11.467487, 238.698059, 0.999925
5, 795,18,16.286947, 16.275377, 119.125740, 77.508331,11.467487, 238.698059, 1.000711
5, 795,19,71.867554, 71.877487, 119.125740, 77.508331,11.467487, 238.698059, 0.999862
5, 795,20,33.946651, 33.935478, 119.125740, 77.508331,11.467487, 238.698059, 1.000329
5, 795,21,223.696106, 223.716187, 119.125740, 77.508331,11.467487, 238.698059, 0.999910
5, 795,22,238.698059, 238.705032, 119.125740, 77.508331,11.467487, 238.698059, 0.999971
5, 795,23,56.626328, 56.627186, 119.125740, 77.508331,11.467487, 238.698059, 0.999985
5, 795,24,218.960999, 218.953110, 119.125740, 77.508331,11.467487, 238.698059, 1.000036
5, 795,25,143.228485, 143.224579, 119.125740, 77.508331,11.467487, 238.698059, 1.000027
5, 795,26,84.525452, 84.513046, 119.125740, 77.508331,11.467487, 238.698059, 1.000147
5, 795,27,11.467487, 11.484042, 119.125740, 77.508331,11.467487, 238.698059, 0.998558
5, 795,28,14.616693, 14.621731, 119.125740, 77.508331,11.467487, 238.698059, 0.999655
5, 795,29,185.718964, 185.710587, 119.125740, 77.508331,11.467487, 238.698059, 1.000045
5, 795,30,185.563568, 185.569229, 119.125740, 77.508331,11.467487, 238.698059, 0.999969
5, 795,31,229.951813, 229.942093, 119.125740, 77.508331,11.467487, 238.698059, 1.000042
5, 796,0,160.731064, 160.747543, 119.125565, 48.978340,14.169435, 192.016739, 0.999897
5, 796,1,113.569725, 113.558823, 119.125565, 48.978340,14.169435, 192.016739, 1.000096
5, 796,2,73.550751, 73.550491, 119.125565, 48.978340,14.169435, 192.016739, 1.000004
5, 796,3,135.770813, 135.761169, 119.125565, 48.978340,14.169435, 192.016739, 1.000071
5, 796,4,124.679749, 124.677406, 119.125565, 48.978340,14.169435, 192.016739, 1.000019
5, 796,5,100.021767, 100.015846, 119.125565, 48.978340,14.169435, 192.016739, 1.000059
5, 796,6,176.906876, 176.906311, 119.125565, 48.978340,14.169435, 192.016739, 1.000003
5, 796,7,164.995758, 164.981537, 119.125565, 48.978340,14.169435, 192.016739, 1.000086
5, 796,8,97.518013, 97.516052, 119.125565, 48.978340,14.169435, 192.016739, 1.000020
5, 796,9,185.999329, 185.994904, 119.125565, 48.978340,14.169435, 192.016739, 1.000024
5, 796,10,107.814545, 107.822639, 119.125565, 48.978340,14.169435, 192.016739, 0.999925
5, 796,11,149.027847, 149.037369, 119.125565, 48.978340,14.169435, 192.016739, 0.999936
5, 796,12,164.970367, 164.975739, 119.125565, 48.978340,14.169435, 192.016739, 0.999967
5, 796,13,164.174576, 164.169525, 119.125565, 48.978340,14.169435, 192.016739, 1.000031
5, 796,14,53.684631, 53.685524, 119.125565, 48.978340,14.169435, 192.016739, 0.999983
5, 796,15,164.318573, 164.320343, 119.125565, 48.978340,14.169435, 192.016739, 0.999989
5, 796,16,177.765823, 177.782104, 119.125565, 48.978340,14.169435, 192.016739, 0.999908
5, 796,17,147.634018, 147.645370, 119.125565, 48.978340,14.169435, 192.016739, 0.999923
5, 796,18,14.169435, 14.187593, 119.125565, 48.978340,14.169435, 192.016739, 0.998720
5, 796,19,50.023056, 50.025730, 119.125565, 48.978340,14.169435, 192.016739, 0.999947
5, 796,20,58.287941, 58.290718, 119.125565, 48.978340,14.169435, 192.016739, 0.999952
5, 796,21,53.925426, 53.917526, 119.125565, 48.978340,14.169435, 192.016739, 1.000147
5, 796,22,137.818253, 137.820175, 119.125565, 48.978340,14.169435, 192.016739, 0.999986
5, 796,23,132.863998, 132.855377, 119.125565, 48.978340,14.169435, 192.016739, 1.000065
5, 796,24,25.863194, 25.845573, 119.125565, 48.978340,14.169435, 192.016739, 1.000682
5, 796,25,92.932388, 92.934059, 119.125565, 48.978340,14.169435, 192.016739, 0.999982
5, 796,26,136.713455, 136.718170, 119.125565, 48.978340,14.169435, 192.016739, 0.999965
5, 796,27,155.491119, 155.481155, 119.125565, 48.978340,14.169435, 192.016739, 1.000064
5, 796,28,129.082184, 129.073807, 119.125565, 48.978340,14.169435, 192.016739, 1.000065
5, 796,29,103.325127, 103.304443, 119.125565, 48.978340,14.169435, 192.016739, 1.000200
5, 796,30,66.371132, 66.375900, 119.125565, 48.978340,14.169435, 192.016739, 0.999928
5, 796,31,192.016739, 192.021088, 119.125565, 48.978340,14.169435, 192.016739, 0.999977
5, 797,0,110.600815, 110.606735, 119.123489, 64.081390,18.619576, 237.750107, 0.999946
5, 797,1,57.261627, 57.267342, 119.123489, 64.081390,18.619576, 237.750107, 0.999900
5, 797,2,125.477959, 125.487343, 119.123489, 64.081390,18.619576, 237.750107, 0.999925
5, 797,3,18.619576, 18.623646, 119.123489, 64.081390,18.619576, 237.750107, 0.999781
5, 797,4,215.148590, 215.148102, 119.123489, 64.081390,18.619576, 237.750107, 1.000002
5, 797,5,95.645058, 95.637390, 119.123489, 64.081390,18.619576, 237.750107, 1.000080
5, 797,6,83.324959, 83.330574, 119.123489, 64.081390,18.619576, 237.750107, 0.999933
5, 797,7,174.738632, 174.736786, 119.123489, 64.081390,18.619576, 237.750107, 1.000011
5, 797,8,124.116631, 124.104294, 119.123489, 64.081390,18.619576, 237.750107, 1.000099
5, 797,9,19.298660, 19.296675, 119.123489, 64.081390,18.619576, 237.750107, 1.000103
5, 797,10,225.209167, 225.206573, 119.123489, 64.081390,18.619576, 237.750107, 1.000012
5, 797,11,24.305008, 24.288921, 119.123489, 64.081390,18.619576, 237.750107, 1.000662
5, 797,12,193.482742, 193.478058, 119.123489, 64.081390,18.619576, 237.750107, 1.000024
5, 797,13,111.306290, 111.309349, 119.123489, 64.081390,18.619576, 237.750107, 0.999973
5, 797,14,132.310059, 132.313766, 119.123489, 64.081390,18.619576, 237.750107, 0.999972
5, 797,15,138.379791, 138.393219, 119.123489, 64.081390,18.619576, 237.750107, 0.999903
5, 797,16,159.821243, 159.841400, 119.123489, 64.081390,18.619576, 237.750107, 0.999874
5, 797,17,83.746574, 83.752151, 119.123489, 64.081390,18.619576, 237.750107, 0.999933
5, 797,18,146.419968, 146.417786, 119.123489, 64.081390,18.619576, 237.750107, 1.000015
5, 797,19,209.424591, 209.423660, 119.123489, 64.081390,18.619576, 237.750107, 1.000004
5, 797,20,125.908653, 125.916306, 119.123489, 64.081390,18.619576, 237.750107, 0.999939
5, 797,21,29.057570, 29.059292, 119.123489, 64.081390,18.619576, 237.750107, 0.999941
5, 797,22,121.494095, 121.486145, 119.123489, 64.081390,18.619576, 237.750107, 1.000065
5, 797,23,160.643738, 160.654938, 119.123489, 64.081390,18.619576, 237.750107, 0.999930
5, 797,24,48.890186, 48.887764, 119.123489, 64.081390,18.619576, 237.750107, 1.000050
5, 797,25,46.442966, 46.447109, 119.123489, 64.081390,18.619576, 237.750107, 0.999911
5, 797,26,211.063339, 211.065567, 119.123489, 64.081390,18.619576, 237.750107, 0.999989
5, 797,27,237.750107, 237.757446, 119.123489, 64.081390,18.619576, 237.750107, 0.999969
5, 797,28,102.063705, 102.064445, 119.123489, 64.081390,18.619576, 237.750107, 0.999993
5, 797,29,156.633270, 156.631561, 119.123489, 64.081390,18.619576, 237.750107, 1.000011
5, 797,30,63.911613, 63.908882, 119.123489, 64.081390,18.619576, 237.750107, 1.000043
5, 797,31,59.454475, 59.456539, 119.123489, 64.081390,18.619576, 237.750107, 0.999965
5, 798,0,33.970467, 33.963516, 119.126083, 48.699242,25.108057, 204.435867, 1.000205
5, 798,1,49.325150, 49.321014, 119.126083, 48.699242,25.108057, 204.435867, 1.000084
5, 798,2,158.873550, 158.884094, 119.126083, 48.699242,25.108057, 204.435867, 0.999934
5, 798,3,98.997665, 98.987427, 119.126083, 48.699242,25.108057, 204.435867, 1.000103
5, 798,4,144.819992, 144.805389, 119.126083, 48.699242,25.108057, 204.435867, 1.000101
5, 798,5,79.560272, 79.551163, 119.126083, 48.699242,25.108057, 204.435867, 1.000115
5, 798,6,153.245544, 153.247757, 119.126083, 48.699242,25.108057, 204.435867, 0.999986
5, 798,7,114.060143, 114.060074, 119.126083, 48.699242,25.108057, 204.435867, 1.000001
5, 798,8,139.638184, 139.629654, 119.126083, 48.699242,25.108057, 204.435867, 1.000061
5, 798,9,70.000366, 70.005753, 119.126083, 48.699242,25.108057, 204.435867, 0.999923
5, 798,10,170.650818, 170.635559, 119.126083, 48.699242,25.108057, 204.435867, 1.000089
5, 798,11,156.516052, 156.514404, 119.126083, 48.699242,25.108057, 204.435867, 1.000010
5, 798,12,141.474579, 141.472061, 119.126083, 48.699242,25.108057, 204.435867, 1.000018
5, 798,13,26.327961, 26.327190, 119.126083, 48.699242,25.108057, 204.435867, 1.000029
5, 798,14,162.041641, 162.041656, 119.126083, 48.699242,25.108057, 204.435867, 1.000000
5, 798,15,171.799149, 171.799179, 119.126083, 48.699242,25.108057, 204.435867, 1.000000
5, 798,16,25.108057, 25.115074, 119.126083, 48.699242,25.108057, 204.435867, 0.999721
5, 798,17,98.535576, 98.538948, 119.126083, 48.699242,25.108057, 204.435867, 0.999966
5, 798,18,56.474770, 56.454308, 119.126083, 48.699242,25.108057, 204.435867, 1.000362
5, 798,19,129.407654, 129.417587, 119.126083, 48.699242,25.108057, 204.435867, 0.999923
5, 798,20,116.042191, 116.054001, 119.126083, 48.699242,25.108057, 204.435867, 0.999898
5, 798,21,97.666557, 97.660164, 119.126083, 48.699242,25.108057, 204.435867, 1.000065
5, 798,22,143.581940, 143.581131, 119.126083, 48.699242,25.108057, 204.435867, 1.000006
5, 798,23,91.292976, 91.302620, 119.126083, 48.699242,25.108057, 204.435867, 0.999894
5, 798,24,116.469498, 116.466125, 119.126083, 48.699242,25.108057, 204.435867, 1.000029
5, 798,25,160.865067, 160.859848, 119.126083, 48.699242,25.108057, 204.435867, 1.000032
5, 798,26,195.446548, 195.453598, 119.126083, 48.699242,25.108057, 204.435867, 0.999964
5, 798,27,91.322960, 91.326859, 119.126083, 48.699242,25.108057, 204.435867, 0.999957
5, 798,28,186.664581, 186.671829, 119.126083, 48.699242,25.108057, 204.435867, 0.999961
5, 798,29,113.721199, 113.720680, 119.126083, 48.699242,25.108057, 204.435867, 1.000005
5, 798,30,113.697693, 113.690384, 119.126083, 48.699242,25.108057, 204.435867, 1.000064
5, 798,31,204.435867, 204.441437, 119.126083, 48.699242,25.108057, 204.435867, 0.999973
5, 799,0,85.883606, 85.875946, 119.125229, 81.734390,15.047820, 258.176178, 1.000089
5, 799,1,185.004730, 185.002747, 119.125229, 81.734390,15.047820, 258.176178, 1.000011
5, 799,2,27.378056, 27.384062, 119.125229, 81.734390,15.047820, 258.176178, 0.999781
5, 799,3,118.245682, 118.239624, 119.125229, 81.734390,15.047820, 258.176178, 1.000051
5, 799,4,223.118912, 223.129074, 119.125229, 81.734390,15.047820, 258.176178, 0.999954
5, 799,5,162.486664, 162.489243, 119.125229, 81.734390,15.047820, 258.176178, 0.999984
5, 799,6,19.191347, 19.184940, 119.125229, 81.734390,15.047820, 258.176178, 1.000334
5, 799,7,245.380936, 245.378098, 119.125229, 81.734390,15.047820, 258.176178, 1.000012
5, 799,8,170.684082, 170.688354, 119.125229, 81.734390,15.047820, 258.176178, 0.999975
5, 799,9,49.460236, 49.456772, 119.125229, 81.734390,15.047820, 258.176178, 1.000070
5, 799,10,70.078041, 70.070786, 119.125229, 81.734390,15.047820, 258.176178, 1.000104
5, 799,11,52.986588, 52.999306, 119.125229, 81.734390,15.047820, 258.176178, 0.999760
5, 799,12,165.743378, 165.743240, 119.125229, 81.734390,15.047820, 258.176178, 1.000001
5, 799,13,237.309433, 237.323273, 119.125229, 81.734390,15.047820, 258.176178, 0.999942
5, 799,14,30.278135, 30.285412, 119.125229, 81.734390,15.047820, 258.176178, 0.999760
5, 799,15,199.814789, 199.814087, 119.125229, 81.734390,15.047820, 258.176178, 1.000003
5, 799,16,98.926788, 98.924011, 119.125229, 81.734390,15.047820, 258.176178, 1.000028
5, 799,17,49.905476, 49.905598, 119.125229, 81.734390,15.047820, 258.176178, 0.999998
5, 799,18,82.390160, 82.373482, 119.125229, 81.734390,15.047820, 258.176178, 1.000202
5, 799,19,29.572502, 29.572096, 119.125229, 81.734390,15.047820, 258.176178, 1.000014
5, 799,20,32.473743, 32.473450, 119.125229, 81.734390,15.047820, 258.176178, 1.000009
5, 799,21,161.385986, 161.383194, 119.125229, 81.734390,15.047820, 258.176178, 1.000017
5, 799,22,217.244995, 217.238220, 119.125229, 81.734390,15.047820, 258.176178, 1.000031
5, 799,23,226.260040, 226.270874, 119.125229, 81.734390,15.047820, 258.176178, 0.999952
5, 799,24,15.047820, 15.041298, 119.125229, 81.734390,15.047820, 258.176178, 1.000434
5, 799,25,33.021488, 33.018456, 119.125229, 81.734390,15.047820, 258.176178, 1.000092
5, 799,26,209.283081, 209.279556, 119.125229, 81.734390,15.047820, 258.176178, 1.000017
5, 799,27,32.591480, 32.585655, 119.125229, 81.734390,15.047820, 258.176178, 1.000179
5, 799,28,186.367828, 186.381317, 119.125229, 81.734390,15.047820, 258.176178, 0.999928
5, 799,29,258.176178, 258.177734, 119.125229, 81.734390,15.047820, 258.176178, 0.999994
5, 799,30,98.901680, 98.899963, 119.125229, 81.734390,15.047820, 258.176178, 1.000017
5, 799,31,37.413342, 37.410553, 119.125229, 81.734390,15.047820, 258.176178, 1.000075
5, 800,0,133.465286, 133.474899, 119.123779, 48.717922,13.860982, 184.152878, 0.999928
5, 800,1,96.457695, 96.459145, 119.123779, 48.717922,13.860982, 184.152878, 0.999985
5, 800,2,184.152878, 184.147156, 119.123779, 48.717922,13.860982, 184.152878, 1.000031
5, 800,3,92.621475, 92.622925, 119.123779, 48.717922,13.860982, 184.152878, 0.999984
5, 800,4,160.930679, 160.926819, 119.123779, 48.717922,13.860982, 184.152878, 1.000024
5, 800,5,87.439995, 87.445633, 119.123779, 48.717922,13.860982, 184.152878, 0.999936
5, 800,6,62.605186, 62.606400, 119.123779, 48.717922,13.860982, 184.152878, 0.999981
5, 800,7,163.342911, 163.341812, 119.123779, 48.717922,13.860982, 184.152878, 1.000007
5, 800,8,73.050125, 73.057152, 119.123779, 48.717922,13.860982, 184.152878, 0.999904
5, 800,9,149.511078, 149.498322, 119.123779, 48.717922,13.860982, 184.152878, 1.000085
5, 800,10,142.220795, 142.226608, 119.123779, 48.717922,13.860982, 184.152878, 0.999959
5, 800,11,143.733246, 143.738647, 119.123779, 48.717922,13.860982, 184.152878, 0.999962
5, 800,12,100.873055, 100.872398, 119.123779, 48.717922,13.860982, 184.152878, 1.000007
5, 800,13,29.445383, 29.442888, 119.123779, 48.717922,13.860982, 184.152878, 1.000085
5, 800,14,125.654274, 125.663544, 119.123779, 48.717922,13.860982, 184.152878, 0.999926
5, 800,15,157.232773, 157.234879, 119.123779, 48.717922,13.860982, 184.152878, 0.999987
5, 800,16,166.566010, 166.558258, 119.123779, 48.717922,13.860982, 184.152878, 1.000046
5, 800,17,46.260929, 46.257061, 119.123779, 48.717922,13.860982, 184.152878, 1.000084
5, 800,18,112.347893, 112.348984, 119.123779, 48.717922,13.860982, 184.152878, 0.999990
5, 800,19,150.440216, 150.460037, 119.123779, 48.717922,13.860982, 184.152878, 0.999868
5, 800,20,133.165939, 133.170349, 119.123779, 48.717922,13.860982, 184.152878, 0.999967
5, 800,21,13.860982, 13.862932, 119.123779, 48.717922,13.860982, 184.152878, 0.999859
5, 800,22,87.809418, 87.803604, 119.123779, 48.717922,13.860982, 184.152878, 1.000066
5, 800,23,46.567970, 46.556263, 119.123779, 48.717922,13.860982, 184.152878, 1.000251
5, 800,24,154.401093, 154.403107, 119.123779, 48.717922,13.860982, 184.152878, 0.999987
5, 800,25,139.386856, 139.394852, 119.123779, 48.717922,13.860982, 184.152878, 0.999943
5, 800,26,139.614914, 139.613907, 119.123779, 48.717922,13.860982, 184.152878, 1.000007
5, 800,27,169.660263, 169.651825, 119.123779, 48.717922,13.860982, 184.152878, 1.000050
5, 800,28,35.896755, 35.907822, 119.123779, 48.717922,13.860982, 184.152878, 0.999692
5, 800,29,160.014816, 160.013184, 119.123779, 48.717922,13.860982, 184.152878, 1.000010
5, 800,30,179.941528, 179.947617, 119.123779, 48.717922,13.860982, 184.152878, 0.999966
5, 800,31,173.288010, 173.290344, 119.123779, 48.717922,13.860982, 184.152878, 0.999987
5, 801,0,125.795212, 125.791496, 119.125023, 53.307232,25.141907, 215.537277, 1.000030
5, 801,1,83.322548, 83.333572, 119.125023, 53.307232,25.141907, 215.537277, 0.999868
5, 801,2,166.751740, 166.757584, 119.125023, 53.307232,25.141907, 215.537277, 0.999965
5, 801,3,51.857147, 51.853645, 119.125023, 53.307232,25.141907, 215.537277, 1.000068
5, 801,4,83.042114, 83.037720, 119.125023, 53.307232,25.141907, 215.537277, 1.000053
5, 801,5,136.715332, 136.712875, 119.125023, 53.307232,25.141907, 215.537277, 1.000018
5, 801,6,160.781952, 160.771301, 119.125023, 53.307232,25.141907, 215.537277, 1.000066
5, 801,7,25.141907, 25.151409, 119.125023, 53.307232,25.141907, 215.537277, 0.999622
5, 801,8,75.179504, 75.156715, 119.125023, 53.307232,25.141907, 215.537277, 1.000303
5, 801,9,58.905254, 58.910030, 119.125023, 53.307232,25.141907, 215.537277, 0.999919
5, 801,10,144.561249, 144.549789, 119.125023, 53.307232,25.141907, 215.537277, 1.000079
5, 801,11,215.537277, 215.541718, 119.125023, 53.307232,25.141907, 215.537277, 0.999979
5, 801,12,75.066208, 75.043419, 119.125023, 53.307232,25.141907, 215.537277, 1.000304
5, 801,13,101.373657, 101.374268, 119.125023, 53.307232,25.141907, 215.537277, 0.999994
5, 801,14,194.196991, 194.190018, 119.125023, 53.307232,25.141907, 215.537277, 1.000036
5, 801,15,69.352409, 69.371872, 119.125023, 53.307232,25.141907, 215.537277, 0.999719
5, 801,16,141.553940, 141.559799, 119.125023, 53.307232,25.141907, 215.537277, 0.999959
5, 801,17,46.484013, 46.496826, 119.125023, 53.307232,25.141907, 215.537277, 0.999724
5, 801,18,157.264648, 157.265137, 119.125023, 53.307232,25.141907, 215.537277, 0.999997
5, 801,19,87.488037, 87.488098, 119.125023, 53.307232,25.141907, 215.537277, 0.999999
5, 801,20,188.344559, 188.342224, 119.125023, 53.307232,25.141907, 215.537277, 1.000012
5, 801,21,133.327103, 133.326294, 119.125023, 53.307232,25.141907, 215.537277, 1.000006
5, 801,22,98.669609, 98.667526, 119.125023, 53.307232,25.141907, 215.537277, 1.000021
5, 801,23,101.083191, 101.097290, 119.125023, 53.307232,25.141907, 215.537277, 0.999861
5, 801,24,128.451370, 128.447876, 119.125023, 53.307232,25.141907, 215.537277, 1.000027
5, 801,25,30.620270, 30.615231, 119.125023, 53.307232,25.141907, 215.537277, 1.000165
5, 801,26,210.173462, 210.178619, 119.125023, 53.307232,25.141907, 215.537277, 0.999975
5, 801,27,187.606354, 187.612030, 119.125023, 53.307232,25.141907, 215.537277, 0.999970
5, 801,28,143.465515, 143.473404, 119.125023, 53.307232,25.141907, 215.537277, 0.999945
5, 801,29,117.829666, 117.822388, 119.125023, 53.307232,25.141907, 215.537277, 1.000062
5, 801,30,190.276306, 190.274689, 119.125023, 53.307232,25.141907, 215.537277, 1.000008
5, 801,31,81.781853, 81.785065, 119.125023, 53.307232,25.141907, 215.537277, 0.999961
5, 802,0,100.061562, 100.068169, 119.124054, 50.963646,21.222652, 198.384872, 0.999934
5, 802,1,150.052399, 150.051025, 119.124054, 50.963646,21.222652, 198.384872, 1.000009
5, 802,2,58.114311, 58.122913, 119.124054, 50.963646,21.222652, 198.384872, 0.999852
5, 802,3,51.896236, 51.909023, 119.124054, 50.963646,21.222652, 198.384872, 0.999754
5, 802,4,151.993515, 151.995514, 119.124054, 50.963646,21.222652, 198.384872, 0.999987
5, 802,5,21.222652, 21.226063, 119.124054, 50.963646,21.222652, 198.384872, 0.999839
5, 802,6,147.672562, 147.677780, 119.124054, 50.963646,21.222652, 198.384872, 0.999965
5, 802,7,134.841614, 134.839386, 119.124054, 50.963646,21.222652, 198.384872, 1.000017
5, 802,8,70.058647, 70.055511, 119.124054, 50.963646,21.222652, 198.384872, 1.000045
5, 802,9,59.044010, 59.046848, 119.124054, 50.963646,21.222652, 198.384872, 0.999952
5, 802,10,176.241150, 176.247192, 119.124054, 50.963646,21.222652, 198.384872, 0.999966
5, 802,11,79.456490, 79.457870, 119.124054, 50.963646,21.222652, 198.384872, 0.999983
5, 802,12,161.068771, 161.059692, 119.124054, 50.963646,21.222652, 198.384872, 1.000056
5, 802,13,161.750610, 161.748123, 119.124054, 50.963646,21.222652, 198.384872, 1.000015
5, 802,14,70.884293, 70.876785, 119.124054, 50.963646,21.222652, 198.384872, 1.000106
5, 802,15,151.088211, 151.089706, 119.124054, 50.963646,21.222652, 198.384872, 0.999990
5, 802,16,182.216782, 182.225571, 119.124054, 50.963646,21.222652, 198.384872, 0.999952
5, 802,17,90.820435, 90.816780, 119.124054, 50.963646,21.222652, 198.384872, 1.000040
5, 802,18,182.708389, 182.720734, 119.124054, 50.963646,21.222652, 198.384872, 0.999932
5, 802,19,92.517181, 92.513680, 119.124054, 50.963646,21.222652, 198.384872, 1.000038
5, 802,20,198.384872, 198.385300, 119.124054, 50.963646,21.222652, 198.384872, 0.999998
5, 802,21,90.085129, 90.092133, 119.124054, 50.963646,21.222652, 198.384872, 0.999922
5, 802,22,147.142136, 147.128265, 119.124054, 50.963646,21.222652, 198.384872, 1.000094
5, 802,23,193.920364, 193.916611, 119.124054, 50.963646,21.222652, 198.384872, 1.000019
5, 802,24,68.412636, 68.406921, 119.124054, 50.963646,21.222652, 198.384872, 1.000084
5, 802,25,76.774185, 76.788742, 119.124054, 50.963646,21.222652, 198.384872, 0.999810
5, 802,26,49.089127, 49.094963, 119.124054, 50.963646,21.222652, 198.384872, 0.999881
5, 802,27,195.747986, 195.740326, 119.124054, 50.963646,21.222652, 198.384872, 1.000039
5, 802,28,89.847160, 89.856621, 119.124054, 50.963646,21.222652, 198.384872, 0.999895
5, 802,29,106.730148, 106.722893, 119.124054, 50.963646,21.222652, 198.384872, 1.000068
5, 802,30,140.592957, 140.600357, 119.124054, 50.963646,21.222652, 198.384872, 0.999947
5, 802,31,161.532990, 161.518646, 119.124054, 50.963646,21.222652, 198.384872, 1.000089
5, 803,0,104.129448, 104.133804, 119.126602, 65.412918,12.671086, 246.481934, 0.999958
5, 803,1,199.826920, 199.826080, 119.126602, 65.412918,12.671086, 246.481934, 1.000004
5, 803,2,246.481934, 246.470291, 119.126602, 65.412918,12.671086, 246.481934, 1.000047
5, 803,3,42.872307, 42.875156, 119.126602, 65.412918,12.671086, 246.481934, 0.999934
5, 803,4,79.523270, 79.536255, 119.126602, 65.412918,12.671086, 246.481934, 0.999837
5, 803,5,12.671086, 12.661182, 119.126602, 65.412918,12.671086, 246.481934, 1.000782
5, 803,6,183.596573, 183.587006, 119.126602, 65.412918,12.671086, 246.481934, 1.000052
5, 803,7,63.288692, 63.289803, 119.126602, 65.412918,12.671086, 246.481934, 0.999982
5, 803,8,143.373291, 143.375214, 119.126602, 65.412918,12.671086, 246.481934, 0.999987
5, 803,9,103.189728, 103.192833, 119.126602, 65.412918,12.671086, 246.481934, 0.999970
5, 803,10,225.619949, 225.621902, 119.126602, 65.412918,12.671086, 246.481934, 0.999991
5, 803,11,93.887627, 93.886047, 119.126602, 65.412918,12.671086, 246.481934, 1.000017
5, 803,12,142.731277, 142.728302, 119.126602, 65.412918,12.671086, 246.481934, 1.000021
5, 803,13,74.884689, 74.904907, 119.126602, 65.412918,12.671086, 246.481934, 0.999730
5, 803,14,153.188324, 153.181885, 119.126602, 65.412918,12.671086, 246.481934, 1.000042
5, 803,15,81.634087, 81.631386, 119.126602, 65.412918,12.671086, 246.481934, 1.000033
5, 803,16,82.037422, 82.057747, 119.126602, 65.412918,12.671086, 246.481934, 0.999752
5, 803,17,17.161083, 17.152847, 119.126602, 65.412918,12.671086, 246.481934, 1.000480
5, 803,18,233.270569, 233.259949, 119.126602, 65.412918,12.671086, 246.481934, 1.000046
5, 803,19,149.685226, 149.675308, 119.126602, 65.412918,12.671086, 246.481934, 1.000066
5, 803,20,71.415741, 71.413025, 119.126602, 65.412918,12.671086, 246.481934, 1.000038
5, 803,21,208.670349, 208.662384, 119.126602, 65.412918,12.671086, 246.481934, 1.000038
5, 803,22,91.309280, 91.298378, 119.126602, 65.412918,12.671086, 246.481934, 1.000119
5, 803,23,157.160049, 157.158966, 119.126602, 65.412918,12.671086, 246.481934, 1.000007
5, 803,24,111.503220, 111.499832, 119.126602, 65.412918,12.671086, 246.481934, 1.000030
5, 803,25,106.435928, 106.420067, 119.126602, 65.412918,12.671086, 246.481934, 1.000149
5, 803,26,208.997269, 209.000549, 119.126602, 65.412918,12.671086, 246.481934, 0.999984
5, 803,27,53.616199, 53.608101, 119.126602, 65.412918,12.671086, 246.481934, 1.000151
5, 803,28,144.489670, 144.485260, 119.126602, 65.412918,12.671086, 246.481934, 1.000031
5, 803,29,150.290939, 150.292816, 119.126602, 65.412918,12.671086, 246.481934, 0.999987
5, 803,30,33.247147, 33.244911, 119.126602, 65.412918,12.671086, 246.481934, 1.000067
5, 803,31,41.861538, 41.868027, 119.126602, 65.412918,12.671086, 246.481934, 0.999845
5, 804,0,162.097061, 162.096664, 119.126984, 63.093231,13.488510, 205.337189, 1.000003
5, 804,1,130.166382, 130.172653, 119.126984, 63.093231,13.488510, 205.337189, 0.999952
5, 804,2,43.029480, 43.020947, 119.126984, 63.093231,13.488510, 205.337189, 1.000198
5, 804,3,136.221771, 136.229568, 119.126984, 63.093231,13.488510, 205.337189, 0.999943
5, 804,4,70.534805, 70.527481, 119.126984, 63.093231,13.488510, 205.337189, 1.000104
5, 804,5,205.337189, 205.341660, 119.126984, 63.093231,13.488510, 205.337189, 0.999978
5, 804,6,105.198792, 105.193810, 119.126984, 63.093231,13.488510, 205.337189, 1.000047
5, 804,7,19.546808, 19.538458, 119.126984, 63.093231,13.488510, 205.337189, 1.000427
5, 804,8,147.406204, 147.407440, 119.126984, 63.093231,13.488510, 205.337189, 0.999992
5, 804,9,204.023270, 204.036087, 119.126984, 63.093231,13.488510, 205.337189, 0.999937
5, 804,10,19.730900, 19.747112, 119.126984, 63.093231,13.488510, 205.337189, 0.999179
5, 804,11,115.516891, 115.519196, 119.126984, 63.093231,13.488510, 205.337189, 0.999980
5, 804,12,63.167816, 63.159019, 119.126984, 63.093231,13.488510, 205.337189, 1.000139
5, 804,13,91.808456, 91.804207, 119.126984, 63.093231,13.488510, 205.337189, 1.000046
5, 804,14,127.054970, 127.042847, 119.126984, 63.093231,13.488510, 205.337189, 1.000095
5, 804,15,157.115692, 157.112839, 119.126984, 63.093231,13.488510, 205.337189, 1.000018
5, 804,16,17.370661, 17.356537, 119.126984, 63.093231,13.488510, 205.337189, 1.000814
5, 804,17,195.619827, 195.618393, 119.126984, 63.093231,13.488510, 205.337189, 1.000007
5, 804,18,87.660019, 87.660927, 119.126984, 63.093231,13.488510, 205.337189, 0.999990
5, 804,19,117.245193, 117.248039, 119.126984, 63.093231,13.488510, 205.337189, 0.999976
5, 804,20,199.292053, 199.290695, 119.126984, 63.093231,13.488510, 205.337189, 1.000007
5, 804,21,111.808929, 111.793228, 119.126984, 63.093231,13.488510, 205.337189, 1.000140
5, 804,22,131.778015, 131.782257, 119.126984, 63.093231,13.488510, 205.337189, 0.999968
5, 804,23,196.756195, 196.757034, 119.126984, 63.093231,13.488510, 205.337189, 0.999996
5, 804,24,164.900146, 164.892639, 119.126984, 63.093231,13.488510, 205.337189, 1.000046
5, 804,25,13.488510, 13.493461, 119.126984, 63.093231,13.488510, 205.337189, 0.999633
5, 804,26,189.118210, 189.108398, 119.126984, 63.093231,13.488510, 205.337189, 1.000052
5, 804,27,138.120468, 138.107452, 119.126984, 63.093231,13.488510, 205.337189, 1.000094
5, 804,28,40.924625, 40.934410, 119.126984, 63.093231,13.488510, 205.337189, 0.999761
5, 804,29,188.190887, 188.202240, 119.126984, 63.093231,13.488510, 205.337189, 0.999940
5, 804,30,31.026093, 31.008455, 119.126984, 63.093231,13.488510, 205.337189, 1.000569
5, 804,31,190.807510, 190.795502, 119.126984, 63.093231,13.488510, 205.337189, 1.000063
5, 805,0,93.581284, 93.589111, 119.125038, 56.744064,17.791128, 199.957367, 0.999916
5, 805,1,199.957367, 199.969894, 119.125038, 56.744064,17.791128, 199.957367, 0.999937
5, 805,2,135.796066, 135.808548, 119.125038, 56.744064,17.791128, 199.957367, 0.999908
5, 805,3,94.751266, 94.749496, 119.125038, 56.744064,17.791128, 199.957367, 1.000019
5, 805,4,188.557953, 188.541824, 119.125038, 56.744064,17.791128, 199.957367, 1.000086
5, 805,5,168.888611, 168.903107, 119.125038, 56.744064,17.791128, 199.957367, 0.999914
5, 805,6,170.176346, 170.163132, 119.125038, 56.744064,17.791128, 199.957367, 1.000078
5, 805,7,173.097488, 173.093399, 119.125038, 56.744064,17.791128, 199.957367, 1.000024
5, 805,8,162.845276, 162.837433, 119.125038, 56.744064,17.791128, 199.957367, 1.000048
5, 805,9,45.990692, 45.989674, 119.125038, 56.744064,17.791128, 199.957367, 1.000022
5, 805,10,47.138748, 47.144199, 119.125038, 56.744064,17.791128, 199.957367, 0.999884
5, 805,11,107.940971, 107.941605, 119.125038, 56.744064,17.791128, 199.957367, 0.999994
5, 805,12,91.992790, 91.995033, 119.125038, 56.744064,17.791128, 199.957367, 0.999976
5, 805,13,195.132004, 195.140823, 119.125038, 56.744064,17.791128, 199.957367, 0.999955
5, 805,14,72.239594, 72.244965, 119.125038, 56.744064,17.791128, 199.957367, 0.999926
5, 805,15,72.127350, 72.133606, 119.125038, 56.744064,17.791128, 199.957367, 0.999913
5, 805,16,126.326675, 126.326172, 119.125038, 56.744064,17.791128, 199.957367, 1.000004
5, 805,17,175.267426, 175.267670, 119.125038, 56.744064,17.791128, 199.957367, 0.999999
5, 805,18,98.916634, 98.922211, 119.125038, 56.744064,17.791128, 199.957367, 0.999944
5, 805,19,17.791128, 17.788677, 119.125038, 56.744064,17.791128, 199.957367, 1.000138
5, 805,20,47.629417, 47.630627, 119.125038, 56.744064,17.791128, 199.957367, 0.999975
5, 805,21,94.206131, 94.210320, 119.125038, 56.744064,17.791128, 199.957367, 0.999956
5, 805,22,195.717804, 195.703415, 119.125038, 56.744064,17.791128, 199.957367, 1.000074
5, 805,23,195.510376, 195.515884, 119.125038, 56.744064,17.791128, 199.957367, 0.999972
5, 805,24,136.011200, 136.007813, 119.125038, 56.744064,17.791128, 199.957367, 1.000025
5, 805,25,144.702744, 144.699005, 119.125038, 56.744064,17.791128, 199.957367, 1.000026
5, 805,26,45.891594, 45.895905, 119.125038, 56.744064,17.791128, 199.957367, 0.999906
5, 805,27,98.700409, 98.693649, 119.125038, 56.744064,17.791128, 199.957367, 1.000069
5, 805,28,40.178375, 40.176003, 119.125038, 56.744064,17.791128, 199.957367, 1.000059
5, 805,29,176.725952, 176.721100, 119.125038, 56.744064,17.791128, 199.957367, 1.000027
5, 805,30,158.553299, 158.547501, 119.125038, 56.744064,17.791128, 199.957367, 1.000037
5, 805,31,39.658474, 39.648552, 119.125038, 56.744064,17.791128, 199.957367, 1.000250
5, 806,0,112.857574, 112.851677, 119.124702, 52.643181,11.687886, 178.717239, 1.000052
5, 806,1,96.593300, 96.596939, 119.124702, 52.643181,11.687886, 178.717239, 0.999962
5, 806,2,176.700821, 176.693054, 119.124702, 52.643181,11.687886, 178.717239, 1.000044
5, 806,3,54.680344, 54.683056, 119.124702, 52.643181,11.687886, 178.717239, 0.999950
5, 806,4,45.795151, 45.816341, 119.124702, 52.643181,11.687886, 178.717239, 0.999537
5, 806,5,111.955460, 111.964462, 119.124702, 52.643181,11.687886, 178.717239, 0.999920
5, 806,6,143.048523, 143.049042, 119.124702, 52.643181,11.687886, 178.717239, 0.999996
5, 806,7,166.708588, 166.713287, 119.124702, 52.643181,11.687886, 178.717239, 0.999972
5, 806,8,59.428383, 59.436337, 119.124702, 52.643181,11.687886, 178.717239, 0.999866
5, 806,9,163.448441, 163.444077, 119.124702, 52.643181,11.687886, 178.717239, 1.000027
5, 806,10,163.444305, 163.438705, 119.124702, 52.643181,11.687886, 178.717239, 1.000034
5, 806,11,163.695267, 163.691422, 119.124702, 52.643181,11.687886, 178.717239, 1.000023
5, 806,12,84.359688, 84.369591, 119.124702, 52.643181,11.687886, 178.717239, 0.999883
5, 806,13,174.893982, 174.902496, 119.124702, 52.643181,11.687886, 178.717239, 0.999951
5, 806,14,173.454926, 173.461472, 119.124702, 52.643181,11.687886, 178.717239, 0.999962
5, 806,15,148.044846, 148.038910, 119.124702, 52.643181,11.687886, 178.717239, 1.000040
5, 806,16,173.751831, 173.751831, 119.124702, 52.643181,11.687886, 178.717239, 1.000000
5, 806,17,51.025387, 51.021301, 119.124702, 52.643181,11.687886, 178.717239, 1.000080
5, 806,18,178.717239, 178.709442, 119.124702, 52.643181,11.687886, 178.717239, 1.000044
5, 806,19,151.292633, 151.275879, 119.124702, 52.643181,11.687886, 178.717239, 1.000111
5, 806,20,176.308609, 176.305908, 119.124702, 52.643181,11.687886, 178.717239, 1.000015
5, 806,21,151.437393, 151.437195, 119.124702, 52.643181,11.687886, 178.717239, 1.000001
5, 806,22,175.761169, 175.762833, 119.124702, 52.643181,11.687886, 178.717239, 0.999991
5, 806,23,40.551594, 40.546860, 119.124702, 52.643181,11.687886, 178.717239, 1.000117
5, 806,24,126.936958, 126.944847, 119.124702, 52.643181,11.687886, 178.717239, 0.999938
5, 806,25,140.935394, 140.925110, 119.124702, 52.643181,11.687886, 178.717239, 1.000073
5, 806,26,11.687886, 11.683008, 119.124702, 52.643181,11.687886, 178.717239, 1.000418
5, 806,27,138.490433, 138.500061, 119.124702, 52.643181,11.687886, 178.717239, 0.999931
5, 806,28,82.982826, 82.987694, 119.124702, 52.643181,11.687886, 178.717239, 0.999941
5, 806,29,31.376482, 31.379040, 119.124702, 52.643181,11.687886, 178.717239, 0.999918
5, 806,30,68.317436, 68.319183, 119.124702, 52.643181,11.687886, 178.717239, 0.999974
5, 806,31,73.307274, 73.298302, 119.124702, 52.643181,11.687886, 178.717239, 1.000122
5, 807,0,206.262482, 206.260925, 119.125153, 59.071125,13.033802, 232.535339, 1.000008
5, 807,1,121.442825, 121.448067, 119.125153, 59.071125,13.033802, 232.535339, 0.999957
5, 807,2,56.965549, 56.973167, 119.125153, 59.071125,13.033802, 232.535339, 0.999866
5, 807,3,204.629211, 204.611145, 119.125153, 59.071125,13.033802, 232.535339, 1.000088
5, 807,4,31.103386, 31.089134, 119.125153, 59.071125,13.033802, 232.535339, 1.000458
5, 807,5,152.665451, 152.674591, 119.125153, 59.071125,13.033802, 232.535339, 0.999940
5, 807,6,102.317734, 102.303574, 119.125153, 59.071125,13.033802, 232.535339, 1.000138
5, 807,7,232.535339, 232.545120, 119.125153, 59.071125,13.033802, 232.535339, 0.999958
5, 807,8,13.033802, 13.039812, 119.125153, 59.071125,13.033802, 232.535339, 0.999539
5, 807,9,177.129471, 177.140503, 119.125153, 59.071125,13.033802, 232.535339, 0.999938
5, 807,10,75.237968, 75.233101, 119.125153, 59.071125,13.033802, 232.535339, 1.000065
5, 807,11,72.734352, 72.747894, 119.125153, 59.071125,13.033802, 232.535339, 0.999814
5, 807,12,141.173660, 141.168243, 119.125153, 59.071125,13.033802, 232.535339, 1.000038
5, 807,13,158.609573, 158.613815, 119.125153, 59.071125,13.033802, 232.535339, 0.999973
5, 807,14,176.717163, 176.719284, 119.125153, 59.071125,13.033802, 232.535339, 0.999988
5, 807,15,110.898277, 110.910522, 119.125153, 59.071125,13.033802, 232.535339, 0.999890
5, 807,16,88.415169, 88.417320, 119.125153, 59.071125,13.033802, 232.535339, 0.999976
5, 807,17,83.630478, 83.629440, 119.125153, 59.071125,13.033802, 232.535339, 1.000012
5, 807,18,95.443863, 95.444687, 119.125153, 59.071125,13.033802, 232.535339, 0.999991
5, 807,19,150.635025, 150.631668, 119.125153, 59.071125,13.033802, 232.535339, 1.000022
5, 807,20,39.248276, 39.239761, 119.125153, 59.071125,13.033802, 232.535339, 1.000217
5, 807,21,37.821457, 37.807610, 119.125153, 59.071125,13.033802, 232.535339, 1.000366
5, 807,22,72.936455, 72.916382, 119.125153, 59.071125,13.033802, 232.535339, 1.000275
5, 807,23,157.615402, 157.637985, 119.125153, 59.071125,13.033802, 232.535339, 0.999857
5, 807,24,211.165970, 211.161148, 119.125153, 59.071125,13.033802, 232.535339, 1.000023
5, 807,25,59.768448, 59.767265, 119.125153, 59.071125,13.033802, 232.535339, 1.000020
5, 807,26,105.310051, 105.308281, 119.125153, 59.071125,13.033802, 232.535339, 1.000017
5, 807,27,152.522751, 152.527161, 119.125153, 59.071125,13.033802, 232.535339, 0.999971
5, 807,28,170.013153, 170.014847, 119.125153, 59.071125,13.033802, 232.535339, 0.999990
5, 807,29,153.580490, 153.580215, 119.125153, 59.071125,13.033802, 232.535339, 1.000002
5, 807,30,49.729332, 49.735188, 119.125153, 59.071125,13.033802, 232.535339, 0.999882
5, 807,31,150.712021, 150.701874, 119.125153, 59.071125,13.033802, 232.535339, 1.000067
5, 808,0,81.261940, 81.258942, 119.126862, 73.445869,13.227599, 259.407654, 1.000037
5, 808,1,38.623947, 38.629921, 119.126862, 73.445869,13.227599, 259.407654, 0.999845
5, 808,2,73.400230, 73.397614, 119.126862, 73.445869,13.227599, 259.407654, 1.000036
5, 808,3,13.227599, 13.220963, 119.126862, 73.445869,13.227599, 259.407654, 1.000502
5, 808,4,128.155579, 128.153992, 119.126862, 73.445869,13.227599, 259.407654, 1.000012
5, 808,5,163.239182, 163.233627, 119.126862, 73.445869,13.227599, 259.407654, 1.000034
5, 808,6,30.250172, 30.269453, 119.126862, 73.445869,13.227599, 259.407654, 0.999363
5, 808,7,115.407867, 115.418312, 119.126862, 73.445869,13.227599, 259.407654, 0.999910
5, 808,8,75.362762, 75.355141, 119.126862, 73.445869,13.227599, 259.407654, 1.000101
5, 808,9,65.865860, 65.863831, 119.126862, 73.445869,13.227599, 259.407654, 1.000031
5, 808,10,83.926926, 83.926178, 119.126862, 73.445869,13.227599, 259.407654, 1.000009
5, 808,11,109.270988, 109.272743, 119.126862, 73.445869,13.227599, 259.407654, 0.999984
5, 808,12,33.094646, 33.069275, 119.126862, 73.445869,13.227599, 259.407654, 1.000767
5, 808,13,185.686676, 185.678986, 119.126862, 73.445869,13.227599, 259.407654, 1.000041
5, 808,14,57.539658, 57.534554, 119.126862, 73.445869,13.227599, 259.407654, 1.000089
5, 808,15,42.289326, 42.295422, 119.126862, 73.445869,13.227599, 259.407654, 0.999856
5, 808,16,157.903046, 157.891342, 119.126862, 73.445869,13.227599, 259.407654, 1.000074
5, 808,17,50.049042, 50.047573, 119.126862, 73.445869,13.227599, 259.407654, 1.000029
5, 808,18,227.609573, 227.613907, 119.126862, 73.445869,13.227599, 259.407654, 0.999981
5, 808,19,81.288483, 81.282341, 119.126862, 73.445869,13.227599, 259.407654, 1.000076
5, 808,20,154.692688, 154.685989, 119.126862, 73.445869,13.227599, 259.407654, 1.000043
5, 808,21,56.331879, 56.333519, 119.126862, 73.445869,13.227599, 259.407654, 0.999971
5, 808,22,227.265533, 227.270737, 119.126862, 73.445869,13.227599, 259.407654, 0.999977
5, 808,23,256.929169, 256.922302, 119.126862, 73.445869,13.227599, 259.407654, 1.000027
5, 808,24,202.519089, 202.524704, 119.126862, 73.445869,13.227599, 259.407654, 0.999972
5, 808,25,259.407654, 259.410187, 119.126862, 73.445869,13.227599, 259.407654, 0.999990
5, 808,26,32.215515, 32.226990, 119.126862, 73.445869,13.227599, 259.407654, 0.999644
5, 808,27,93.126068, 93.113335, 119.126862, 73.445869,13.227599, 259.407654, 1.000137
5, 808,28,182.052429, 182.052475, 119.126862, 73.445869,13.227599, 259.407654, 1.000000
5, 808,29,165.969360, 165.947647, 119.126862, 73.445869,13.227599, 259.407654, 1.000131
5, 808,30,226.666748, 226.670242, 119.126862, 73.445869,13.227599, 259.407654, 0.999985
5, 808,31,141.429810, 141.427780, 119.126862, 73.445869,13.227599, 259.407654, 1.000014
5, 809,0,82.004501, 82.004265, 119.123482, 71.832077,22.734528, 245.123276, 1.000003
5, 809,1,81.212753, 81.212532, 119.123482, 71.832077,22.734528, 245.123276, 1.000003
5, 809,2,141.538666, 141.536896, 119.123482, 71.832077,22.734528, 245.123276, 1.000013
5, 809,3,147.796524, 147.790878, 119.123482, 71.832077,22.734528, 245.123276, 1.000038
5, 809,4,31.165239, 31.180717, 119.123482, 71.832077,22.734528, 245.123276, 0.999504
5, 809,5,116.125366, 116.128754, 119.123482, 71.832077,22.734528, 245.123276, 0.999971
5, 809,6,70.082695, 70.077400, 119.123482, 71.832077,22.734528, 245.123276, 1.000076
5, 809,7,30.310968, 30.309082, 119.123482, 71.832077,22.734528, 245.123276, 1.000062
5, 809,8,170.996292, 170.990875, 119.123482, 71.832077,22.734528, 245.123276, 1.000032
5, 809,9,150.975204, 150.972336, 119.123482, 71.832077,22.734528, 245.123276, 1.000019
5, 809,10,105.660339, 105.654617, 119.123482, 71.832077,22.734528, 245.123276, 1.000054
5, 809,11,230.770050, 230.777725, 119.123482, 71.832077,22.734528, 245.123276, 0.999967
5, 809,12,35.605885, 35.611526, 119.123482, 71.832077,22.734528, 245.123276, 0.999842
5, 809,13,232.398315, 232.404770, 119.123482, 71.832077,22.734528, 245.123276, 0.999972
5, 809,14,233.450134, 233.443497, 119.123482, 71.832077,22.734528, 245.123276, 1.000028
5, 809,15,61.169292, 61.164940, 119.123482, 71.832077,22.734528, 245.123276, 1.000071
5, 809,16,197.484116, 197.481293, 119.123482, 71.832077,22.734528, 245.123276, 1.000014
5, 809,17,142.907074, 142.924240, 119.123482, 71.832077,22.734528, 245.123276, 0.999880
5, 809,18,57.786140, 57.794621, 119.123482, 71.832077,22.734528, 245.123276, 0.999853
5, 809,19,163.680527, 163.676407, 119.123482, 71.832077,22.734528, 245.123276, 1.000025
5, 809,20,245.123276, 245.123398, 119.123482, 71.832077,22.734528, 245.123276, 1.000000
5, 809,21,22.734528, 22.740391, 119.123482, 71.832077,22.734528, 245.123276, 0.999742
5, 809,22,179.484512, 179.482056, 119.123482, 71.832077,22.734528, 245.123276, 1.000014
5, 809,23,74.957840, 74.958549, 119.123482, 71.832077,22.734528, 245.123276, 0.999991
5, 809,24,50.893589, 50.901443, 119.123482, 71.832077,22.734528, 245.123276, 0.999846
5, 809,25,166.575699, 166.589127, 119.123482, 71.832077,22.734528, 245.123276, 0.999919
5, 809,26,97.970146, 97.969696, 119.123482, 71.832077,22.734528, 245.123276, 1.000005
5, 809,27,26.697523, 26.706327, 119.123482, 71.832077,22.734528, 245.123276, 0.999670
5, 809,28,230.306122, 230.312866, 119.123482, 71.832077,22.734528, 245.123276, 0.999971
5, 809,29,151.507614, 151.502579, 119.123482, 71.832077,22.734528, 245.123276, 1.000033
5, 809,30,24.671724, 24.672512, 119.123482, 71.832077,22.734528, 245.123276, 0.999968
5, 809,31,57.909210, 57.903572, 119.123482, 71.832077,22.734528, 245.123276, 1.000097
5, 810,0,182.837463, 182.830276, 119.126343, 58.432648,15.653208, 219.829605, 1.000039
5, 810,1,178.398972, 178.396622, 119.126343, 58.432648,15.653208, 219.829605, 1.000013
5, 810,2,65.737923, 65.731430, 119.126343, 58.432648,15.653208, 219.829605, 1.000099
5, 810,3,99.902008, 99.909454, 119.126343, 58.432648,15.653208, 219.829605, 0.999925
5, 810,4,155.847076, 155.845825, 119.126343, 58.432648,15.653208, 219.829605, 1.000008
5, 810,5,92.671188, 92.668060, 119.126343, 58.432648,15.653208, 219.829605, 1.000034
5, 810,6,130.869522, 130.869843, 119.126343, 58.432648,15.653208, 219.829605, 0.999998
5, 810,7,94.563896, 94.567215, 119.126343, 58.432648,15.653208, 219.829605, 0.999965
5, 810,8,88.251572, 88.261734, 119.126343, 58.432648,15.653208, 219.829605, 0.999885
5, 810,9,205.716293, 205.715820, 119.126343, 58.432648,15.653208, 219.829605, 1.000002
5, 810,10,187.185379, 187.195602, 119.126343, 58.432648,15.653208, 219.829605, 0.999945
5, 810,11,150.966263, 150.954468, 119.126343, 58.432648,15.653208, 219.829605, 1.000078
5, 810,12,156.328781, 156.324036, 119.126343, 58.432648,15.653208, 219.829605, 1.000030
5, 810,13,131.451187, 131.443695, 119.126343, 58.432648,15.653208, 219.829605, 1.000057
5, 810,14,181.581100, 181.586945, 119.126343, 58.432648,15.653208, 219.829605, 0.999968
5, 810,15,145.229492, 145.243317, 119.126343, 58.432648,15.653208, 219.829605, 0.999905
5, 810,16,126.140572, 126.149277, 119.126343, 58.432648,15.653208, 219.829605, 0.999931
5, 810,17,37.357220, 37.360184, 119.126343, 58.432648,15.653208, 219.829605, 0.999921
5, 810,18,206.631516, 206.651749, 119.126343, 58.432648,15.653208, 219.829605, 0.999902
5, 810,19,140.709229, 140.700378, 119.126343, 58.432648,15.653208, 219.829605, 1.000063
5, 810,20,15.653208, 15.656487, 119.126343, 58.432648,15.653208, 219.829605, 0.999791
5, 810,21,29.798883, 29.790873, 119.126343, 58.432648,15.653208, 219.829605, 1.000269
5, 810,22,22.697140, 22.686108, 119.126343, 58.432648,15.653208, 219.829605, 1.000486
5, 810,23,59.094559, 59.104866, 119.126343, 58.432648,15.653208, 219.829605, 0.999826
5, 810,24,101.239449, 101.214272, 119.126343, 58.432648,15.653208, 219.829605, 1.000249
5, 810,25,162.096481, 162.089828, 119.126343, 58.432648,15.653208, 219.829605, 1.000041
5, 810,26,68.290504, 68.300079, 119.126343, 58.432648,15.653208, 219.829605, 0.999860
5, 810,27,34.538349, 34.531940, 119.126343, 58.432648,15.653208, 219.829605, 1.000186
5, 810,28,219.829605, 219.816055, 119.126343, 58.432648,15.653208, 219.829605, 1.000062
5, 810,29,93.528236, 93.515160, 119.126343, 58.432648,15.653208, 219.829605, 1.000140
5, 810,30,161.282715, 161.263214, 119.126343, 58.432648,15.653208, 219.829605, 1.000121
5, 810,31,85.617256, 85.624779, 119.126343, 58.432648,15.653208, 219.829605, 0.999912
5, 811,0,205.172607, 205.188202, 119.125435, 69.413902,10.015718, 216.688828, 0.999924
5, 811,1,208.745056, 208.736969, 119.125435, 69.413902,10.015718, 216.688828, 1.000039
5, 811,2,35.762104, 35.777546, 119.125435, 69.413902,10.015718, 216.688828, 0.999568
5, 811,3,86.436844, 86.428055, 119.125435, 69.413902,10.015718, 216.688828, 1.000102
5, 811,4,162.597015, 162.584091, 119.125435, 69.413902,10.015718, 216.688828, 1.000080
5, 811,5,188.518845, 188.513458, 119.125435, 69.413902,10.015718, 216.688828, 1.000029
5, 811,6,158.737732, 158.738022, 119.125435, 69.413902,10.015718, 216.688828, 0.999998
5, 811,7,54.127834, 54.122303, 119.125435, 69.413902,10.015718, 216.688828, 1.000102
5, 811,8,166.714142, 166.727478, 119.125435, 69.413902,10.015718, 216.688828, 0.999920
5, 811,9,190.856079, 190.841354, 119.125435, 69.413902,10.015718, 216.688828, 1.000077
5, 811,10,69.022217, 69.019516, 119.125435, 69.413902,10.015718, 216.688828, 1.000039
5, 811,11,65.024292, 65.027946, 119.125435, 69.413902,10.015718, 216.688828, 0.999944
5, 811,12,148.090225, 148.091736, 119.125435, 69.413902,10.015718, 216.688828, 0.999990
5, 811,13,206.593643, 206.592529, 119.125435, 69.413902,10.015718, 216.688828, 1.000005
5, 811,14,136.187286, 136.205597, 119.125435, 69.413902,10.015718, 216.688828, 0.999866
5, 811,15,160.250458, 160.230896, 119.125435, 69.413902,10.015718, 216.688828, 1.000122
5, 811,16,161.194534, 161.198746, 119.125435, 69.413902,10.015718, 216.688828, 0.999974
5, 811,17,56.888962, 56.886665, 119.125435, 69.413902,10.015718, 216.688828, 1.000040
5, 811,18,10.015718, 10.006326, 119.125435, 69.413902,10.015718, 216.688828, 1.000939
5, 811,19,216.688828, 216.682144, 119.125435, 69.413902,10.015718, 216.688828, 1.000031
5, 811,20,55.111355, 55.121773, 119.125435, 69.413902,10.015718, 216.688828, 0.999811
5, 811,21,200.287415, 200.298370, 119.125435, 69.413902,10.015718, 216.688828, 0.999945
5, 811,22,59.280048, 59.284138, 119.125435, 69.413902,10.015718, 216.688828, 0.999931
5, 811,23,216.079697, 216.087509, 119.125435, 69.413902,10.015718, 216.688828, 0.999964
5, 811,24,39.877285, 39.870323, 119.125435, 69.413902,10.015718, 216.688828, 1.000175
5, 811,25,59.524525, 59.537167, 119.125435, 69.413902,10.015718, 216.688828, 0.999788
5, 811,26,95.829941, 95.828156, 119.125435, 69.413902,10.015718, 216.688828, 1.000019
5, 811,27,161.285156, 161.268326, 119.125435, 69.413902,10.015718, 216.688828, 1.000104
5, 811,28,30.558035, 30.552452, 119.125435, 69.413902,10.015718, 216.688828, 1.000183
5, 811,29,14.848647, 14.839220, 119.125435, 69.413902,10.015718, 216.688828, 1.000635
5, 811,30,156.714035, 156.726410, 119.125435, 69.413902,10.015718, 216.688828, 0.999921
5, 811,31,34.993999, 34.986824, 119.125435, 69.413902,10.015718, 216.688828, 1.000205
5, 812,0,114.176109, 114.158318, 119.124336, 61.668968,12.345278, 228.450516, 1.000156
5, 812,1,51.419521, 51.423386, 119.124336, 61.668968,12.345278, 228.450516, 0.999925
5, 812,2,147.483719, 147.473618, 119.124336, 61.668968,12.345278, 228.450516, 1.000069
5, 812,3,98.184639, 98.184769, 119.124336, 61.668968,12.345278, 228.450516, 0.999999
5, 812,4,194.468353, 194.464157, 119.124336, 61.668968,12.345278, 228.450516, 1.000022
5, 812,5,163.371506, 163.359543, 119.124336, 61.668968,12.345278, 228.450516, 1.000073
5, 812,6,168.364197, 168.380768, 119.124336, 61.668968,12.345278, 228.450516, 0.999902
5, 812,7,19.947622, 19.941343, 119.124336, 61.668968,12.345278, 228.450516, 1.000315
5, 812,8,182.895905, 182.898483, 119.124336, 61.668968,12.345278, 228.450516, 0.999986
5, 812,9,48.835518, 48.842007, 119.124336, 61.668968,12.345278, 228.450516, 0.999867
5, 812,10,90.406540, 90.400192, 119.124336, 61.668968,12.345278, 228.450516, 1.000070
5, 812,11,150.672028, 150.668320, 119.124336, 61.668968,12.345278, 228.450516, 1.000025
5, 812,12,228.450516, 228.460175, 119.124336, 61.668968,12.345278, 228.450516, 0.999958
5, 812,13,202.191345, 202.188065, 119.124336, 61.668968,12.345278, 228.450516, 1.000016
5, 812,14,134.087463, 134.081451, 119.124336, 61.668968,12.345278, 228.450516, 1.000045
5, 812,15,129.019180, 129.040009, 119.124336, 61.668968,12.345278, 228.450516, 0.999839
5, 812,16,182.906219, 182.925461, 119.124336, 61.668968,12.345278, 228.450516, 0.999895
5, 812,17,16.561958, 16.571396, 119.124336, 61.668968,12.345278, 228.450516, 0.999430
5, 812,18,84.472366, 84.462349, 119.124336, 61.668968,12.345278, 228.450516, 1.000119
5, 812,19,191.152054, 191.134644, 119.124336, 61.668968,12.345278, 228.450516, 1.000091
5, 812,20,12.345278, 12.352222, 119.124336, 61.668968,12.345278, 228.450516, 0.999438
5, 812,21,110.649315, 110.660316, 119.124336, 61.668968,12.345278, 228.450516, 0.999901
5, 812,22,179.024368, 179.029800, 119.124336, 61.668968,12.345278, 228.450516, 0.999970
5, 812,23,80.133705, 80.121849, 119.124336, 61.668968,12.345278, 228.450516, 1.000148
5, 812,24,114.187248, 114.192017, 119.124336, 61.668968,12.345278, 228.450516, 0.999958
5, 812,25,79.865417, 79.865738, 119.124336, 61.668968,12.345278, 228.450516, 0.999996
5, 812,26,41.202942, 41.198967, 119.124336, 61.668968,12.345278, 228.450516, 1.000096
5, 812,27,64.856659, 64.855995, 119.124336, 61.668968,12.345278, 228.450516, 1.000010
5, 812,28,166.439209, 166.439682, 119.124336, 61.668968,12.345278, 228.450516, 0.999997
5, 812,29,209.640274, 209.649124, 119.124336, 61.668968,12.345278, 228.450516, 0.999958
5, 812,30,83.362877, 83.357002, 119.124336, 61.668968,12.345278, 228.450516, 1.000070
5, 812,31,71.204338, 71.218452, 119.124336, 61.668968,12.345278, 228.450516, 0.999802
5, 813,0,98.618057, 98.616447, 119.127335, 58.240810,12.962046, 210.153137, 1.000016
5, 813,1,110.999756, 111.006470, 119.127335, 58.240810,12.962046, 210.153137, 0.999940
5, 813,2,184.292358, 184.293106, 119.127335, 58.240810,12.962046, 210.153137, 0.999996
5, 813,3,101.753189, 101.751801, 119.127335, 58.240810,12.962046, 210.153137, 1.000014
5, 813,4,81.834679, 81.841965, 119.127335, 58.240810,12.962046, 210.153137, 0.999911
5, 813,5,200.770157, 200.758453, 119.127335, 58.240810,12.962046, 210.153137, 1.000058
5, 813,6,139.573212, 139.571671, 119.127335, 58.240810,12.962046, 210.153137, 1.000011
5, 813,7,187.724442, 187.724960, 119.127335, 58.240810,12.962046, 210.153137, 0.999997
5, 813,8,159.474319, 159.475189, 119.127335, 58.240810,12.962046, 210.153137, 0.999995
5, 813,9,42.028652, 42.028595, 119.127335, 58.240810,12.962046, 210.153137, 1.000001
5, 813,10,44.815079, 44.810673, 119.127335, 58.240810,12.962046, 210.153137, 1.000098
5, 813,11,129.369095, 129.358093, 119.127335, 58.240810,12.962046, 210.153137, 1.000085
5, 813,12,87.081062, 87.084381, 119.127335, 58.240810,12.962046, 210.153137, 0.999962
5, 813,13,73.493858, 73.495735, 119.127335, 58.240810,12.962046, 210.153137, 0.999974
5, 813,14,191.410202, 191.409149, 119.127335, 58.240810,12.962046, 210.153137, 1.000005
5, 813,15,121.688171, 121.686882, 119.127335, 58.240810,12.962046, 210.153137, 1.000011
5, 813,16,102.874855, 102.874725, 119.127335, 58.240810,12.962046, 210.153137, 1.000001
5, 813,17,107.900703, 107.908966, 119.127335, 58.240810,12.962046, 210.153137, 0.999923
5, 813,18,75.720291, 75.710037, 119.127335, 58.240810,12.962046, 210.153137, 1.000135
5, 813,19,13.950627, 13.949163, 119.127335, 58.240810,12.962046, 210.153137, 1.000105
5, 813,20,166.290955, 166.282135, 119.127335, 58.240810,12.962046, 210.153137, 1.000053
5, 813,21,195.259186, 195.244766, 119.127335, 58.240810,12.962046, 210.153137, 1.000074
5, 813,22,73.197502, 73.186607, 119.127335, 58.240810,12.962046, 210.153137, 1.000149
5, 813,23,101.038506, 101.045242, 119.127335, 58.240810,12.962046, 210.153137, 0.999933
5, 813,24,193.330429, 193.333267, 119.127335, 58.240810,12.962046, 210.153137, 0.999985
5, 813,25,149.013245, 149.015579, 119.127335, 58.240810,12.962046, 210.153137, 0.999984
5, 813,26,94.572525, 94.566345, 119.127335, 58.240810,12.962046, 210.153137, 1.000065
5, 813,27,12.962046, 12.952410, 119.127335, 58.240810,12.962046, 210.153137, 1.000744
5, 813,28,210.153137, 210.145599, 119.127335, 58.240810,12.962046, 210.153137, 1.000036
5, 813,29,145.368240, 145.369232, 119.127335, 58.240810,12.962046, 210.153137, 0.999993
5, 813,30,191.713531, 191.699356, 119.127335, 58.240810,12.962046, 210.153137, 1.000074
5, 813,31,23.802780, 23.803146, 119.127335, 58.240810,12.962046, 210.153137, 0.999985
5, 814,0,63.980328, 63.969250, 119.125748, 52.670471,14.982125, 196.680481, 1.000173
5, 814,1,140.956543, 140.943008, 119.125748, 52.670471,14.982125, 196.680481, 1.000096
5, 814,2,112.466255, 112.456841, 119.125748, 52.670471,14.982125, 196.680481, 1.000084
5, 814,3,101.433670, 101.430115, 119.125748, 52.670471,14.982125, 196.680481, 1.000035
5, 814,4,119.175804, 119.160484, 119.125748, 52.670471,14.982125, 196.680481, 1.000129
5, 814,5,176.512039, 176.507492, 119.125748, 52.670471,14.982125, 196.680481, 1.000026
5, 814,6,140.508148, 140.499176, 119.125748, 52.670471,14.982125, 196.680481, 1.000064
5, 814,7,42.842575, 42.861118, 119.125748, 52.670471,14.982125, 196.680481, 0.999567
5, 814,8,62.167732, 62.170849, 119.125748, 52.670471,14.982125, 196.680481, 0.999950
5, 814,9,191.567642, 191.557541, 119.125748, 52.670471,14.982125, 196.680481, 1.000053
5, 814,10,103.103783, 103.113235, 119.125748, 52.670471,14.982125, 196.680481, 0.999908
5, 814,11,189.681717, 189.678452, 119.125748, 52.670471,14.982125, 196.680481, 1.000017
5, 814,12,99.488167, 99.487617, 119.125748, 52.670471,14.982125, 196.680481, 1.000005
5, 814,13,111.936974, 111.943825, 119.125748, 52.670471,14.982125, 196.680481, 0.999939
5, 814,14,192.185349, 192.180069, 119.125748, 52.670471,14.982125, 196.680481, 1.000027
5, 814,15,152.273071, 152.269455, 119.125748, 52.670471,14.982125, 196.680481, 1.000024
5, 814,16,180.800125, 180.813263, 119.125748, 52.670471,14.982125, 196.680481, 0.999927
5, 814,17,62.840893, 62.833717, 119.125748, 52.670471,14.982125, 196.680481, 1.000114
5, 814,18,14.982125, 14.991709, 119.125748, 52.670471,14.982125, 196.680481, 0.999361
5, 814,19,121.676750, 121.679390, 119.125748, 52.670471,14.982125, 196.680481, 0.999978
5, 814,20,144.450256, 144.441818, 119.125748, 52.670471,14.982125, 196.680481, 1.000058
5, 814,21,145.040909, 145.041290, 119.125748, 52.670471,14.982125, 196.680481, 0.999997
5, 814,22,138.663284, 138.671951, 119.125748, 52.670471,14.982125, 196.680481, 0.999937
5, 814,23,37.472466, 37.477455, 119.125748, 52.670471,14.982125, 196.680481, 0.999867
5, 814,24,65.140335, 65.150879, 119.125748, 52.670471,14.982125, 196.680481, 0.999838
5, 814,25,170.501892, 170.484009, 119.125748, 52.670471,14.982125, 196.680481, 1.000105
5, 814,26,168.805679, 168.806656, 119.125748, 52.670471,14.982125, 196.680481, 0.999994
5, 814,27,86.987625, 86.991051, 119.125748, 52.670471,14.982125, 196.680481, 0.999961
5, 814,28,196.680481, 196.676071, 119.125748, 52.670471,14.982125, 196.680481, 1.000022
5, 814,29,47.230648, 47.230309, 119.125748, 52.670471,14.982125, 196.680481, 1.000007
5, 814,30,167.673935, 167.676895, 119.125748, 52.670471,14.982125, 196.680481, 0.999982
5, 814,31,62.796959, 62.804897, 119.125748, 52.670471,14.982125, 196.680481, 0.999874
5, 815,0,188.879211, 188.881531, 119.126076, 56.908146,16.940094, 203.246201, 0.999988
5, 815,1,90.346558, 90.342430, 119.126076, 56.908146,16.940094, 203.246201, 1.000046
5, 815,2,35.771767, 35.770214, 119.126076, 56.908146,16.940094, 203.246201, 1.000043
5, 815,3,113.399284, 113.394699, 119.126076, 56.908146,16.940094, 203.246201, 1.000040
5, 815,4,153.139496, 153.133652, 119.126076, 56.908146,16.940094, 203.246201, 1.000038
5, 815,5,46.320827, 46.328186, 119.126076, 56.908146,16.940094, 203.246201, 0.999841
5, 815,6,70.186806, 70.179855, 119.126076, 56.908146,16.940094, 203.246201, 1.000099
5, 815,7,16.940094, 16.939957, 119.126076, 56.908146,16.940094, 203.246201, 1.000008
5, 815,8,116.321999, 116.331749, 119.126076, 56.908146,16.940094, 203.246201, 0.999916
5, 815,9,112.378510, 112.382126, 119.126076, 56.908146,16.940094, 203.246201, 0.999968
5, 815,10,163.132584, 163.134995, 119.126076, 56.908146,16.940094, 203.246201, 0.999985
5, 815,11,136.980133, 136.979889, 119.126076, 56.908146,16.940094, 203.246201, 1.000002
5, 815,12,175.829041, 175.830627, 119.126076, 56.908146,16.940094, 203.246201, 0.999991
5, 815,13,35.174263, 35.178070, 119.126076, 56.908146,16.940094, 203.246201, 0.999892
5, 815,14,85.173439, 85.178917, 119.126076, 56.908146,16.940094, 203.246201, 0.999936
5, 815,15,152.387909, 152.381622, 119.126076, 56.908146,16.940094, 203.246201, 1.000041
5, 815,16,151.737579, 151.736176, 119.126076, 56.908146,16.940094, 203.246201, 1.000009
5, 815,17,194.565628, 194.566132, 119.126076, 56.908146,16.940094, 203.246201, 0.999997
5, 815,18,49.438419, 49.436954, 119.126076, 56.908146,16.940094, 203.246201, 1.000030
5, 815,19,119.685249, 119.677361, 119.126076, 56.908146,16.940094, 203.246201, 1.000066
5, 815,20,18.213898, 18.207150, 119.126076, 56.908146,16.940094, 203.246201, 1.000371
5, 815,21,139.879639, 139.881424, 119.126076, 56.908146,16.940094, 203.246201, 0.999987
5, 815,22,178.977005, 178.974915, 119.126076, 56.908146,16.940094, 203.246201, 1.000012
5, 815,23,154.816956, 154.815338, 119.126076, 56.908146,16.940094, 203.246201, 1.000010
5, 815,24,203.246201, 203.241089, 119.126076, 56.908146,16.940094, 203.246201, 1.000025
5, 815,25,43.245110, 43.243103, 119.126076, 56.908146,16.940094, 203.246201, 1.000046
5, 815,26,148.929184, 148.923492, 119.126076, 56.908146,16.940094, 203.246201, 1.000038
5, 815,27,172.952713, 172.940948, 119.126076, 56.908146,16.940094, 203.246201, 1.000068
5, 815,28,162.252563, 162.246796, 119.126076, 56.908146,16.940094, 203.246201, 1.000036
5, 815,29,152.247940, 152.251358, 119.126076, 56.908146,16.940094, 203.246201, 0.999978
5, 815,30,173.471924, 173.473877, 119.126076, 56.908146,16.940094, 203.246201, 0.999989
5, 815,31,56.012745, 56.015705, 119.126076, 56.908146,16.940094, 203.246201, 0.999947
5, 816,0,132.026505, 132.023788, 119.125687, 66.142166,10.160582, 202.933060, 1.000021
5, 816,1,18.791771, 18.786478, 119.125687, 66.142166,10.160582, 202.933060, 1.000282
5, 816,2,143.822144, 143.818848, 119.125687, 66.142166,10.160582, 202.933060, 1.000023
5, 816,3,134.348450, 134.344513, 119.125687, 66.142166,10.160582, 202.933060, 1.000029
5, 816,4,195.040466, 195.042389, 119.125687, 66.142166,10.160582, 202.933060, 0.999990
5, 816,5,154.538666, 154.537262, 119.125687, 66.142166,10.160582, 202.933060, 1.000009
5, 816,6,18.113808, 18.110596, 119.125687, 66.142166,10.160582, 202.933060, 1.000177
5, 816,7,14.789634, 14.790993, 119.125687, 66.142166,10.160582, 202.933060, 0.999908
5, 816,8,19.874420, 19.869087, 119.125687, 66.142166,10.160582, 202.933060, 1.000268
5, 816,9,121.377083, 121.371147, 119.125687, 66.142166,10.160582, 202.933060, 1.000049
5, 816,10,42.296570, 42.292847, 119.125687, 66.142166,10.160582, 202.933060, 1.000088
5, 816,11,130.299301, 130.289215, 119.125687, 66.142166,10.160582, 202.933060, 1.000077
5, 816,12,202.933060, 202.937653, 119.125687, 66.142166,10.160582, 202.933060, 0.999977
5, 816,13,190.358475, 190.353073, 119.125687, 66.142166,10.160582, 202.933060, 1.000028
5, 816,14,179.982437, 179.975586, 119.125687, 66.142166,10.160582, 202.933060, 1.000038
5, 816,15,121.550591, 121.544609, 119.125687, 66.142166,10.160582, 202.933060, 1.000049
5, 816,16,189.569016, 189.557571, 119.125687, 66.142166,10.160582, 202.933060, 1.000060
5, 816,17,161.397156, 161.403763, 119.125687, 66.142166,10.160582, 202.933060, 0.999959
5, 816,18,58.021072, 58.029556, 119.125687, 66.142166,10.160582, 202.933060, 0.999854
5, 816,19,10.160582, 10.161494, 119.125687, 66.142166,10.160582, 202.933060, 0.999910
5, 816,20,170.341293, 170.345764, 119.125687, 66.142166,10.160582, 202.933060, 0.999974
5, 816,21,166.343613, 166.338287, 119.125687, 66.142166,10.160582, 202.933060, 1.000032
5, 816,22,11.874750, 11.860173, 119.125687, 66.142166,10.160582, 202.933060, 1.001229
5, 816,23,27.250067, 27.249969, 119.125687, 66.142166,10.160582, 202.933060, 1.000004
5, 816,24,149.876816, 149.895798, 119.125687, 66.142166,10.160582, 202.933060, 0.999873
5, 816,25,155.471054, 155.476334, 119.125687, 66.142166,10.160582, 202.933060, 0.999966
5, 816,26,200.185699, 200.186295, 119.125687, 66.142166,10.160582, 202.933060, 0.999997
5, 816,27,157.645660, 157.647522, 119.125687, 66.142166,10.160582, 202.933060, 0.999988
5, 816,28,64.730179, 64.722595, 119.125687, 66.142166,10.160582, 202.933060, 1.000117
5, 816,29,156.299393, 156.325668, 119.125687, 66.142166,10.160582, 202.933060, 0.999832
5, 816,30,147.432495, 147.425552, 119.125687, 66.142166,10.160582, 202.933060, 1.000047
5, 816,31,165.280350, 165.285599, 119.125687, 66.142166,10.160582, 202.933060, 0.999968
5, 817,0,28.078194, 28.075022, 119.127075, 65.938911,10.518977, 235.038635, 1.000113
5, 817,1,183.065933, 183.056366, 119.127075, 65.938911,10.518977, 235.038635, 1.000052
5, 817,2,218.693893, 218.699509, 119.127075, 65.938911,10.518977, 235.038635, 0.999974
5, 817,3,206.633270, 206.644852, 119.127075, 65.938911,10.518977, 235.038635, 0.999944
5, 817,4,60.288410, 60.280926, 119.127075, 65.938911,10.518977, 235.038635, 1.000124
5, 817,5,171.842972, 171.828049, 119.127075, 65.938911,10.518977, 235.038635, 1.000087
5, 817,6,146.018661, 146.010544, 119.127075, 65.938911,10.518977, 235.038635, 1.000056
5, 817,7,67.032349, 67.030411, 119.127075, 65.938911,10.518977, 235.038635, 1.000029
5, 817,8,169.643616, 169.633759, 119.127075, 65.938911,10.518977, 235.038635, 1.000058
5, 817,9,141.608521, 141.615051, 119.127075, 65.938911,10.518977, 235.038635, 0.999954
5, 817,10,97.272141, 97.264244, 119.127075, 65.938911,10.518977, 235.038635, 1.000081
5, 817,11,189.198914, 189.194778, 119.127075, 65.938911,10.518977, 235.038635, 1.000022
5, 817,12,64.256866, 64.245895, 119.127075, 65.938911,10.518977, 235.038635, 1.000171
5, 817,13,18.058908, 18.048004, 119.127075, 65.938911,10.518977, 235.038635, 1.000604
5, 817,14,73.969193, 73.960449, 119.127075, 65.938911,10.518977, 235.038635, 1.000118
5, 817,15,209.694702, 209.686295, 119.127075, 65.938911,10.518977, 235.038635, 1.000040
5, 817,16,204.808960, 204.811661, 119.127075, 65.938911,10.518977, 235.038635, 0.999987
5, 817,17,194.141312, 194.138870, 119.127075, 65.938911,10.518977, 235.038635, 1.000013
5, 817,18,56.623516, 56.621475, 119.127075, 65.938911,10.518977, 235.038635, 1.000036
5, 817,19,235.038635, 235.038544, 119.127075, 65.938911,10.518977, 235.038635, 1.000000
5, 817,20,13.638472, 13.645558, 119.127075, 65.938911,10.518977, 235.038635, 0.999481
5, 817,21,105.441727, 105.437241, 119.127075, 65.938911,10.518977, 235.038635, 1.000043
5, 817,22,98.377480, 98.382210, 119.127075, 65.938911,10.518977, 235.038635, 0.999952
5, 817,23,134.384186, 134.393372, 119.127075, 65.938911,10.518977, 235.038635, 0.999932
5, 817,24,139.003662, 138.997192, 119.127075, 65.938911,10.518977, 235.038635, 1.000046
5, 817,25,112.020798, 112.020073, 119.127075, 65.938911,10.518977, 235.038635, 1.000006
5, 817,26,54.623531, 54.607742, 119.127075, 65.938911,10.518977, 235.038635, 1.000289
5, 817,27,151.568939, 151.579575, 119.127075, 65.938911,10.518977, 235.038635, 0.999930
5, 817,28,78.359406, 78.362892, 119.127075, 65.938911,10.518977, 235.038635, 0.999956
5, 817,29,10.518977, 10.527738, 119.127075, 65.938911,10.518977, 235.038635, 0.999168
5, 817,30,93.301697, 93.299263, 119.127075, 65.938911,10.518977, 235.038635, 1.000026
5, 817,31,84.858551, 84.862396, 119.127075, 65.938911,10.518977, 235.038635, 0.999955
5, 818,0,81.797379, 81.803833, 119.125465, 51.381310,15.500894, 186.019089, 0.999921
5, 818,1,105.215187, 105.205193, 119.125465, 51.381310,15.500894, 186.019089, 1.000095
5, 818,2,49.951035, 49.954636, 119.125465, 51.381310,15.500894, 186.019089, 0.999928
5, 818,3,70.512421, 70.504501, 119.125465, 51.381310,15.500894, 186.019089, 1.000112
5, 818,4,101.630470, 101.629593, 119.125465, 51.381310,15.500894, 186.019089, 1.000009
5, 818,5,114.603882, 114.601654, 119.125465, 51.381310,15.500894, 186.019089, 1.000019
5, 818,6,166.087097, 166.085770, 119.125465, 51.381310,15.500894, 186.019089, 1.000008
5, 818,7,75.518951, 75.517075, 119.125465, 51.381310,15.500894, 186.019089, 1.000025
5, 818,8,161.938187, 161.932022, 119.125465, 51.381310,15.500894, 186.019089, 1.000038
5, 818,9,163.542938, 163.548615, 119.125465, 51.381310,15.500894, 186.019089, 0.999965
5, 818,10,169.231735, 169.229156, 119.125465, 51.381310,15.500894, 186.019089, 1.000015
5, 818,11,40.398312, 40.401001, 119.125465, 51.381310,15.500894, 186.019089, 0.999933
5, 818,12,175.175995, 175.179138, 119.125465, 51.381310,15.500894, 186.019089, 0.999982
5, 818,13,172.000412, 172.002060, 119.125465, 51.381310,15.500894, 186.019089, 0.999990
5, 818,14,131.859955, 131.850967, 119.125465, 51.381310,15.500894, 186.019089, 1.000068
5, 818,15,158.773331, 158.777405, 119.125465, 51.381310,15.500894, 186.019089, 0.999974
5, 818,16,74.651207, 74.658249, 119.125465, 51.381310,15.500894, 186.019089, 0.999906
5, 818,17,177.091034, 177.093216, 119.125465, 51.381310,15.500894, 186.019089, 0.999988
5, 818,18,155.671494, 155.662094, 119.125465, 51.381310,15.500894, 186.019089, 1.000060
5, 818,19,129.970551, 129.964935, 119.125465, 51.381310,15.500894, 186.019089, 1.000043
5, 818,20,105.468987, 105.474625, 119.125465, 51.381310,15.500894, 186.019089, 0.999947
5, 818,21,34.924309, 34.922531, 119.125465, 51.381310,15.500894, 186.019089, 1.000051
5, 818,22,93.707825, 93.715012, 119.125465, 51.381310,15.500894, 186.019089, 0.999923
5, 818,23,15.500894, 15.495306, 119.125465, 51.381310,15.500894, 186.019089, 1.000361
5, 818,24,25.244923, 25.245403, 119.125465, 51.381310,15.500894, 186.019089, 0.999981
5, 818,25,186.019089, 186.018188, 119.125465, 51.381310,15.500894, 186.019089, 1.000005
5, 818,26,127.946022, 127.955421, 119.125465, 51.381310,15.500894, 186.019089, 0.999927
5, 818,27,185.025055, 185.019043, 119.125465, 51.381310,15.500894, 186.019089, 1.000033
5, 818,28,117.233246, 117.228622, 119.125465, 51.381310,15.500894, 186.019089, 1.000039
5, 818,29,110.521782, 110.526497, 119.125465, 51.381310,15.500894, 186.019089, 0.999957
5, 818,30,184.539047, 184.530685, 119.125465, 51.381310,15.500894, 186.019089, 1.000045
5, 818,31,150.262466, 150.267822, 119.125465, 51.381310,15.500894, 186.019089, 0.999964
5, 819,0,24.700632, 24.713938, 119.125679, 73.201241,20.839640, 251.279785, 0.999462
5, 819,1,23.201757, 23.213131, 119.125679, 73.201241,20.839640, 251.279785, 0.999510
5, 819,2,163.253586, 163.263275, 119.125679, 73.201241,20.839640, 251.279785, 0.999941
5, 819,3,51.151409, 51.147743, 119.125679, 73.201241,20.839640, 251.279785, 1.000072
5, 819,4,161.239197, 161.219452, 119.125679, 73.201241,20.839640, 251.279785, 1.000122
5, 819,5,22.690638, 22.692753, 119.125679, 73.201241,20.839640, 251.279785, 0.999907
5, 819,6,212.547501, 212.556107, 119.125679, 73.201241,20.839640, 251.279785, 0.999960
5, 819,7,137.067978, 137.070801, 119.125679, 73.201241,20.839640, 251.279785, 0.999979
5, 819,8,48.183533, 48.176296, 119.125679, 73.201241,20.839640, 251.279785, 1.000150
5, 819,9,107.668686, 107.680634, 119.125679, 73.201241,20.839640, 251.279785, 0.999889
5, 819,10,179.945770, 179.938049, 119.125679, 73.201241,20.839640, 251.279785, 1.000043
5, 819,11,199.759384, 199.735138, 119.125679, 73.201241,20.839640, 251.279785, 1.000121
5, 819,12,47.345139, 47.346706, 119.125679, 73.201241,20.839640, 251.279785, 0.999967
5, 819,13,45.384003, 45.378307, 119.125679, 73.201241,20.839640, 251.279785, 1.000126
5, 819,14,59.687893, 59.700077, 119.125679, 73.201241,20.839640, 251.279785, 0.999796
5, 819,15,20.839640, 20.845024, 119.125679, 73.201241,20.839640, 251.279785, 0.999742
5, 819,16,160.650192, 160.638748, 119.125679, 73.201241,20.839640, 251.279785, 1.000071
5, 819,17,182.533142, 182.547501, 119.125679, 73.201241,20.839640, 251.279785, 0.999921
5, 819,18,101.863083, 101.850876, 119.125679, 73.201241,20.839640, 251.279785, 1.000120
5, 819,19,45.574795, 45.574394, 119.125679, 73.201241,20.839640, 251.279785, 1.000009
5, 819,20,38.803337, 38.809456, 119.125679, 73.201241,20.839640, 251.279785, 0.999842
5, 819,21,214.588837, 214.607452, 119.125679, 73.201241,20.839640, 251.279785, 0.999913
5, 819,22,211.015640, 211.025116, 119.125679, 73.201241,20.839640, 251.279785, 0.999955
5, 819,23,251.279785, 251.267853, 119.125679, 73.201241,20.839640, 251.279785, 1.000047
5, 819,24,58.334114, 58.327480, 119.125679, 73.201241,20.839640, 251.279785, 1.000114
5, 819,25,187.077148, 187.065018, 119.125679, 73.201241,20.839640, 251.279785, 1.000065
5, 819,26,62.042694, 62.053101, 119.125679, 73.201241,20.839640, 251.279785, 0.999832
5, 819,27,78.611198, 78.614761, 119.125679, 73.201241,20.839640, 251.279785, 0.999955
5, 819,28,199.702927, 199.697418, 119.125679, 73.201241,20.839640, 251.279785, 1.000028
5, 819,29,184.630707, 184.621490, 119.125679, 73.201241,20.839640, 251.279785, 1.000050
5, 819,30,187.276657, 187.268631, 119.125679, 73.201241,20.839640, 251.279785, 1.000043
5, 819,31,143.370911, 143.353073, 119.125679, 73.201241,20.839640, 251.279785, 1.000124
5, 820,0,225.235352, 225.233170, 119.125580, 62.020180,29.688789, 225.235352, 1.000010
5, 820,1,201.421570, 201.424469, 119.125580, 62.020180,29.688789, 225.235352, 0.999986
5, 820,2,186.909546, 186.895584, 119.125580, 62.020180,29.688789, 225.235352, 1.000075
5, 820,3,127.847252, 127.857948, 119.125580, 62.020180,29.688789, 225.235352, 0.999916
5, 820,4,75.733696, 75.735687, 119.125580, 62.020180,29.688789, 225.235352, 0.999974
5, 820,5,49.254124, 49.259636, 119.125580, 62.020180,29.688789, 225.235352, 0.999888
5, 820,6,159.485687, 159.490891, 119.125580, 62.020180,29.688789, 225.235352, 0.999967
5, 820,7,102.592995, 102.580551, 119.125580, 62.020180,29.688789, 225.235352, 1.000121
5, 820,8,187.813965, 187.804459, 119.125580, 62.020180,29.688789, 225.235352, 1.000051
5, 820,9,31.349310, 31.332319, 119.125580, 62.020180,29.688789, 225.235352, 1.000542
5, 820,10,135.600876, 135.622925, 119.125580, 62.020180,29.688789, 225.235352, 0.999837
5, 820,11,149.609283, 149.618347, 119.125580, 62.020180,29.688789, 225.235352, 0.999939
5, 820,12,29.772526, 29.771418, 119.125580, 62.020180,29.688789, 225.235352, 1.000037
5, 820,13,180.604065, 180.605865, 119.125580, 62.020180,29.688789, 225.235352, 0.999990
5, 820,14,62.415585, 62.418625, 119.125580, 62.020180,29.688789, 225.235352, 0.999951
5, 820,15,181.528717, 181.527924, 119.125580, 62.020180,29.688789, 225.235352, 1.000004
5, 820,16,62.610466, 62.609623, 119.125580, 62.020180,29.688789, 225.235352, 1.000013
5, 820,17,136.893311, 136.894043, 119.125580, 62.020180,29.688789, 225.235352, 0.999995
5, 820,18,218.432281, 218.442917, 119.125580, 62.020180,29.688789, 225.235352, 0.999951
5, 820,19,150.065613, 150.066193, 119.125580, 62.020180,29.688789, 225.235352, 0.999996
5, 820,20,118.794151, 118.795486, 119.125580, 62.020180,29.688789, 225.235352, 0.999989
5, 820,21,152.464279, 152.456955, 119.125580, 62.020180,29.688789, 225.235352, 1.000048
5, 820,22,58.180729, 58.190361, 119.125580, 62.020180,29.688789, 225.235352, 0.999834
5, 820,23,86.810204, 86.800301, 119.125580, 62.020180,29.688789, 225.235352, 1.000114
5, 820,24,62.878876, 62.879654, 119.125580, 62.020180,29.688789, 225.235352, 0.999988
5, 820,25,216.484543, 216.473663, 119.125580, 62.020180,29.688789, 225.235352, 1.000050
5, 820,26,110.325584, 110.332375, 119.125580, 62.020180,29.688789, 225.235352, 0.999938
5, 820,27,46.307255, 46.309074, 119.125580, 62.020180,29.688789, 225.235352, 0.999961
5, 820,28,96.655304, 96.653076, 119.125580, 62.020180,29.688789, 225.235352, 1.000023
5, 820,29,29.688789, 29.672626, 119.125580, 62.020180,29.688789, 225.235352, 1.000545
5, 820,30,30.604744, 30.601265, 119.125580, 62.020180,29.688789, 225.235352, 1.000114
5, 820,31,147.647446, 147.642532, 119.125580, 62.020180,29.688789, 225.235352, 1.000033
5, 821,0,119.895905, 119.901634, 119.125008, 56.196705,25.274469, 216.457916, 0.999952
5, 821,1,77.212654, 77.202934, 119.125008, 56.196705,25.274469, 216.457916, 1.000126
5, 821,2,44.944748, 44.958157, 119.125008, 56.196705,25.274469, 216.457916, 0.999702
5, 821,3,151.126556, 151.115204, 119.125008, 56.196705,25.274469, 216.457916, 1.000075
5, 821,4,57.514576, 57.506744, 119.125008, 56.196705,25.274469, 216.457916, 1.000136
5, 821,5,65.815155, 65.820908, 119.125008, 56.196705,25.274469, 216.457916, 0.999913
5, 821,6,180.206650, 180.201889, 119.125008, 56.196705,25.274469, 216.457916, 1.000026
5, 821,7,80.996193, 80.999084, 119.125008, 56.196705,25.274469, 216.457916, 0.999964
5, 821,8,89.709511, 89.712852, 119.125008, 56.196705,25.274469, 216.457916, 0.999963
5, 821,9,129.530411, 129.524170, 119.125008, 56.196705,25.274469, 216.457916, 1.000048
5, 821,10,208.084641, 208.083328, 119.125008, 56.196705,25.274469, 216.457916, 1.000006
5, 821,11,197.131943, 197.139587, 119.125008, 56.196705,25.274469, 216.457916, 0.999961
5, 821,12,162.015274, 162.013840, 119.125008, 56.196705,25.274469, 216.457916, 1.000009
5, 821,13,25.274469, 25.249081, 119.125008, 56.196705,25.274469, 216.457916, 1.001006
5, 821,14,71.256927, 71.247673, 119.125008, 56.196705,25.274469, 216.457916, 1.000130
5, 821,15,180.014877, 180.008530, 119.125008, 56.196705,25.274469, 216.457916, 1.000035
5, 821,16,67.845726, 67.851120, 119.125008, 56.196705,25.274469, 216.457916, 0.999920
5, 821,17,172.301758, 172.287308, 119.125008, 56.196705,25.274469, 216.457916, 1.000084
5, 821,18,63.305450, 63.313770, 119.125008, 56.196705,25.274469, 216.457916, 0.999869
5, 821,19,90.998817, 91.001862, 119.125008, 56.196705,25.274469, 216.457916, 0.999967
5, 821,20,69.867805, 69.868423, 119.125008, 56.196705,25.274469, 216.457916, 0.999991
5, 821,21,26.149862, 26.164282, 119.125008, 56.196705,25.274469, 216.457916, 0.999449
5, 821,22,136.929413, 136.923126, 119.125008, 56.196705,25.274469, 216.457916, 1.000046
5, 821,23,151.466660, 151.469681, 119.125008, 56.196705,25.274469, 216.457916, 0.999980
5, 821,24,216.457916, 216.455505, 119.125008, 56.196705,25.274469, 216.457916, 1.000011
5, 821,25,155.448151, 155.433411, 119.125008, 56.196705,25.274469, 216.457916, 1.000095
5, 821,26,141.166718, 141.170425, 119.125008, 56.196705,25.274469, 216.457916, 0.999974
5, 821,27,56.904697, 56.907349, 119.125008, 56.196705,25.274469, 216.457916, 0.999953
5, 821,28,208.089462, 208.109116, 119.125008, 56.196705,25.274469, 216.457916, 0.999906
5, 821,29,134.609467, 134.622223, 119.125008, 56.196705,25.274469, 216.457916, 0.999905
5, 821,30,150.157059, 150.167770, 119.125008, 56.196705,25.274469, 216.457916, 0.999929
5, 821,31,129.570892, 129.569275, 119.125008, 56.196705,25.274469, 216.457916, 1.000013
5, 822,0,84.003105, 84.003067, 119.125755, 63.917027,10.198160, 212.635818, 1.000000
5, 822,1,100.167122, 100.164146, 119.125755, 63.917027,10.198160, 212.635818, 1.000030
5, 822,2,149.731323, 149.732910, 119.125755, 63.917027,10.198160, 212.635818, 0.999989
5, 822,3,170.903549, 170.897736, 119.125755, 63.917027,10.198160, 212.635818, 1.000034
5, 822,4,205.290192, 205.288208, 119.125755, 63.917027,10.198160, 212.635818, 1.000010
5, 822,5,196.010361, 196.012909, 119.125755, 63.917027,10.198160, 212.635818, 0.999987
5, 822,6,147.580704, 147.587524, 119.125755, 63.917027,10.198160, 212.635818, 0.999954
5, 822,7,10.535916, 10.539558, 119.125755, 63.917027,10.198160, 212.635818, 0.999654
5, 822,8,170.952515, 170.942719, 119.125755, 63.917027,10.198160, 212.635818, 1.000057
5, 822,9,51.724224, 51.713039, 119.125755, 63.917027,10.198160, 212.635818, 1.000216
5, 822,10,178.450256, 178.445145, 119.125755, 63.917027,10.198160, 212.635818, 1.000029
5, 822,11,136.238220, 136.237518, 119.125755, 63.917027,10.198160, 212.635818, 1.000005
5, 822,12,208.295990, 208.294312, 119.125755, 63.917027,10.198160, 212.635818, 1.000008
5, 822,13,119.172897, 119.170753, 119.125755, 63.917027,10.198160, 212.635818, 1.000018
5, 822,14,10.198160, 10.205546, 119.125755, 63.917027,10.198160, 212.635818, 0.999276
5, 822,15,83.496315, 83.489212, 119.125755, 63.917027,10.198160, 212.635818, 1.000085
5, 822,16,36.528854, 36.528313, 119.125755, 63.917027,10.198160, 212.635818, 1.000015
5, 822,17,54.510048, 54.520031, 119.125755, 63.917027,10.198160, 212.635818, 0.999817
5, 822,18,129.063980, 129.062668, 119.125755, 63.917027,10.198160, 212.635818, 1.000010
5, 822,19,135.185059, 135.184082, 119.125755, 63.917027,10.198160, 212.635818, 1.000007
5, 822,20,212.635818, 212.636475, 119.125755, 63.917027,10.198160, 212.635818, 0.999997
5, 822,21,179.023636, 179.036087, 119.125755, 63.917027,10.198160, 212.635818, 0.999930
5, 822,22,14.001880, 14.001728, 119.125755, 63.917027,10.198160, 212.635818, 1.000011
5, 822,23,210.104980, 210.105698, 119.125755, 63.917027,10.198160, 212.635818, 0.999997
5, 822,24,124.889366, 124.887497, 119.125755, 63.917027,10.198160, 212.635818, 1.000015
5, 822,25,158.261505, 158.263077, 119.125755, 63.917027,10.198160, 212.635818, 0.999990
5, 822,26,126.305351, 126.294205, 119.125755, 63.917027,10.198160, 212.635818, 1.000088
5, 822,27,24.619080, 24.619476, 119.125755, 63.917027,10.198160, 212.635818, 0.999984
5, 822,28,165.086914, 165.091049, 119.125755, 63.917027,10.198160, 212.635818, 0.999975
5, 822,29,88.836212, 88.833412, 119.125755, 63.917027,10.198160, 212.635818, 1.000031
5, 822,30,43.376202, 43.375572, 119.125755, 63.917027,10.198160, 212.635818, 1.000015
5, 822,31,86.844269, 86.835754, 119.125755, 63.917027,10.198160, 212.635818, 1.000098
5, 823,0,119.664230, 119.668022, 119.123886, 51.027775,21.274052, 182.793137, 0.999968
5, 823,1,24.162977, 24.165855, 119.123886, 51.027775,21.274052, 182.793137, 0.999881
5, 823,2,182.793137, 182.780273, 119.123886, 51.027775,21.274052, 182.793137, 1.000070
5, 823,3,27.305792, 27.295835, 119.123886, 51.027775,21.274052, 182.793137, 1.000365
5, 823,4,164.645203, 164.642578, 119.123886, 51.027775,21.274052, 182.793137, 1.000016
5, 823,5,170.343445, 170.341309, 119.123886, 51.027775,21.274052, 182.793137, 1.000013
5, 823,6,166.783371, 166.790390, 119.123886, 51.027775,21.274052, 182.793137, 0.999958
5, 823,7,138.439972, 138.437103, 119.123886, 51.027775,21.274052, 182.793137, 1.000021
5, 823,8,70.316315, 70.333054, 119.123886, 51.027775,21.274052, 182.793137, 0.999762
5, 823,9,41.562851, 41.553432, 119.123886, 51.027775,21.274052, 182.793137, 1.000227
5, 823,10,163.947479, 163.962631, 119.123886, 51.027775,21.274052, 182.793137, 0.999908
5, 823,11,175.102753, 175.095642, 119.123886, 51.027775,21.274052, 182.793137, 1.000041
5, 823,12,111.022202, 111.028198, 119.123886, 51.027775,21.274052, 182.793137, 0.999946
5, 823,13,176.518555, 176.525711, 119.123886, 51.027775,21.274052, 182.793137, 0.999959
5, 823,14,43.675858, 43.674267, 119.123886, 51.027775,21.274052, 182.793137, 1.000036
5, 823,15,51.240726, 51.234787, 119.123886, 51.027775,21.274052, 182.793137, 1.000116
5, 823,16,121.820015, 121.826622, 119.123886, 51.027775,21.274052, 182.793137, 0.999946
5, 823,17,128.529114, 128.539886, 119.123886, 51.027775,21.274052, 182.793137, 0.999916
5, 823,18,168.438919, 168.441742, 119.123886, 51.027775,21.274052, 182.793137, 0.999983
5, 823,19,109.256012, 109.258133, 119.123886, 51.027775,21.274052, 182.793137, 0.999981
5, 823,20,179.082169, 179.078278, 119.123886, 51.027775,21.274052, 182.793137, 1.000022
5, 823,21,159.760468, 159.758743, 119.123886, 51.027775,21.274052, 182.793137, 1.000011
5, 823,22,134.863876, 134.864609, 119.123886, 51.027775,21.274052, 182.793137, 0.999995
5, 823,23,144.767792, 144.778000, 119.123886, 51.027775,21.274052, 182.793137, 0.999929
5, 823,24,99.949043, 99.943741, 119.123886, 51.027775,21.274052, 182.793137, 1.000053
5, 823,25,112.139732, 112.139877, 119.123886, 51.027775,21.274052, 182.793137, 0.999999
5, 823,26,149.470871, 149.472977, 119.123886, 51.027775,21.274052, 182.793137, 0.999986
5, 823,27,75.721527, 75.713387, 119.123886, 51.027775,21.274052, 182.793137, 1.000108
5, 823,28,21.274052, 21.273323, 119.123886, 51.027775,21.274052, 182.793137, 1.000034
5, 823,29,168.600754, 168.603622, 119.123886, 51.027775,21.274052, 182.793137, 0.999983
5, 823,30,93.606361, 93.619026, 119.123886, 51.027775,21.274052, 182.793137, 0.999865
5, 823,31,117.158318, 117.158630, 119.123886, 51.027775,21.274052, 182.793137, 0.999997
5, 824,0,182.860352, 182.856308, 119.123535, 55.792587,16.316620, 203.127747, 1.000022
5, 824,1,194.045685, 194.037979, 119.123535, 55.792587,16.316620, 203.127747, 1.000040
5, 824,2,95.014404, 95.025864, 119.123535, 55.792587,16.316620, 203.127747, 0.999879
5, 824,3,203.127747, 203.125366, 119.123535, 55.792587,16.316620, 203.127747, 1.000012
5, 824,4,96.736115, 96.752708, 119.123535, 55.792587,16.316620, 203.127747, 0.999829
5, 824,5,106.485306, 106.495316, 119.123535, 55.792587,16.316620, 203.127747, 0.999906
5, 824,6,72.551506, 72.540085, 119.123535, 55.792587,16.316620, 203.127747, 1.000157
5, 824,7,77.578171, 77.567543, 119.123535, 55.792587,16.316620, 203.127747, 1.000137
5, 824,8,184.384430, 184.381088, 119.123535, 55.792587,16.316620, 203.127747, 1.000018
5, 824,9,104.458588, 104.462296, 119.123535, 55.792587,16.316620, 203.127747, 0.999964
5, 824,10,111.658615, 111.663612, 119.123535, 55.792587,16.316620, 203.127747, 0.999955
5, 824,11,22.981709, 22.981983, 119.123535, 55.792587,16.316620, 203.127747, 0.999988
5, 824,12,75.501434, 75.497772, 119.123535, 55.792587,16.316620, 203.127747, 1.000049
5, 824,13,97.158257, 97.150749, 119.123535, 55.792587,16.316620, 203.127747, 1.000077
5, 824,14,176.397537, 176.414322, 119.123535, 55.792587,16.316620, 203.127747, 0.999905
5, 824,15,169.352005, 169.359955, 119.123535, 55.792587,16.316620, 203.127747, 0.999953
5, 824,16,16.316620, 16.325655, 119.123535, 55.792587,16.316620, 203.127747, 0.999447
5, 824,17,146.334320, 146.323059, 119.123535, 55.792587,16.316620, 203.127747, 1.000077
5, 824,18,188.608551, 188.618607, 119.123535, 55.792587,16.316620, 203.127747, 0.999947
5, 824,19,128.982452, 128.974976, 119.123535, 55.792587,16.316620, 203.127747, 1.000058
5, 824,20,127.243378, 127.248123, 119.123535, 55.792587,16.316620, 203.127747, 0.999963
5, 824,21,109.572029, 109.563232, 119.123535, 55.792587,16.316620, 203.127747, 1.000080
5, 824,22,19.507460, 19.503792, 119.123535, 55.792587,16.316620, 203.127747, 1.000188
5, 824,23,49.954426, 49.968582, 119.123535, 55.792587,16.316620, 203.127747, 0.999717
5, 824,24,176.762360, 176.763367, 119.123535, 55.792587,16.316620, 203.127747, 0.999994
5, 824,25,143.017700, 143.022446, 119.123535, 55.792587,16.316620, 203.127747, 0.999967
5, 824,26,113.427231, 113.433327, 119.123535, 55.792587,16.316620, 203.127747, 0.999946
5, 824,27,174.785782, 174.779327, 119.123535, 55.792587,16.316620, 203.127747, 1.000037
5, 824,28,28.238485, 28.236010, 119.123535, 55.792587,16.316620, 203.127747, 1.000088
5, 824,29,188.737778, 188.753326, 119.123535, 55.792587,16.316620, 203.127747, 0.999918
5, 824,30,141.575333, 141.571167, 119.123535, 55.792587,16.316620, 203.127747, 1.000029
5, 824,31,88.596909, 88.602226, 119.123535, 55.792587,16.316620, 203.127747, 0.999940
5, 825,0,13.529650, 13.525877, 119.124222, 69.909027,13.529650, 211.567978, 1.000279
5, 825,1,85.104401, 85.092987, 119.124222, 69.909027,13.529650, 211.567978, 1.000134
5, 825,2,211.567978, 211.559448, 119.124222, 69.909027,13.529650, 211.567978, 1.000040
5, 825,3,150.829346, 150.833923, 119.124222, 69.909027,13.529650, 211.567978, 0.999970
5, 825,4,190.206833, 190.215637, 119.124222, 69.909027,13.529650, 211.567978, 0.999954
5, 825,5,17.245861, 17.252872, 119.124222, 69.909027,13.529650, 211.567978, 0.999594
5, 825,6,193.696167, 193.691238, 119.124222, 69.909027,13.529650, 211.567978, 1.000025
5, 825,7,50.041355, 50.041634, 119.124222, 69.909027,13.529650, 211.567978, 0.999994
5, 825,8,116.353195, 116.348213, 119.124222, 69.909027,13.529650, 211.567978, 1.000043
5, 825,9,178.976883, 178.990662, 119.124222, 69.909027,13.529650, 211.567978, 0.999923
5, 825,10,158.728912, 158.734146, 119.124222, 69.909027,13.529650, 211.567978, 0.999967
5, 825,11,51.459728, 51.455757, 119.124222, 69.909027,13.529650, 211.567978, 1.000077
5, 825,12,181.476944, 181.485794, 119.124222, 69.909027,13.529650, 211.567978, 0.999951
5, 825,13,86.366508, 86.368843, 119.124222, 69.909027,13.529650, 211.567978, 0.999973
5, 825,14,19.249485, 19.251497, 119.124222, 69.909027,13.529650, 211.567978, 0.999895
5, 825,15,195.496979, 195.488739, 119.124222, 69.909027,13.529650, 211.567978, 1.000042
5, 825,16,209.400070, 209.397415, 119.124222, 69.909027,13.529650, 211.567978, 1.000013
5, 825,17,124.166237, 124.160454, 119.124222, 69.909027,13.529650, 211.567978, 1.000047
5, 825,18,185.306580, 185.294495, 119.124222, 69.909027,13.529650, 211.567978, 1.000065
5, 825,19,16.334593, 16.335264, 119.124222, 69.909027,13.529650, 211.567978, 0.999959
5, 825,20,25.255371, 25.253656, 119.124222, 69.909027,13.529650, 211.567978, 1.000068
5, 825,21,76.006012, 76.023758, 119.124222, 69.909027,13.529650, 211.567978, 0.999767
5, 825,22,130.253464, 130.263184, 119.124222, 69.909027,13.529650, 211.567978, 0.999925
5, 825,23,192.870163, 192.880478, 119.124222, 69.909027,13.529650, 211.567978, 0.999947
5, 825,24,192.155502, 192.157700, 119.124222, 69.909027,13.529650, 211.567978, 0.999989
5, 825,25,29.839773, 29.847982, 119.124222, 69.909027,13.529650, 211.567978, 0.999725
5, 825,26,128.394852, 128.390259, 119.124222, 69.909027,13.529650, 211.567978, 1.000036
5, 825,27,39.265133, 39.269173, 119.124222, 69.909027,13.529650, 211.567978, 0.999897
5, 825,28,194.646133, 194.652832, 119.124222, 69.909027,13.529650, 211.567978, 0.999966
5, 825,29,86.462715, 86.450546, 119.124222, 69.909027,13.529650, 211.567978, 1.000141
5, 825,30,197.900894, 197.902161, 119.124222, 69.909027,13.529650, 211.567978, 0.999994
5, 825,31,83.387436, 83.383476, 119.124222, 69.909027,13.529650, 211.567978, 1.000047
5, 826,0,106.135048, 106.124947, 119.125473, 56.219387,12.972145, 227.853592, 1.000095
5, 826,1,148.937332, 148.921310, 119.125473, 56.219387,12.972145, 227.853592, 1.000108
5, 826,2,70.333794, 70.327576, 119.125473, 56.219387,12.972145, 227.853592, 1.000088
5, 826,3,146.708908, 146.696198, 119.125473, 56.219387,12.972145, 227.853592, 1.000087
5, 826,4,94.513306, 94.527374, 119.125473, 56.219387,12.972145, 227.853592, 0.999851
5, 826,5,71.837311, 71.851440, 119.125473, 56.219387,12.972145, 227.853592, 0.999803
5, 826,6,174.996536, 174.995605, 119.125473, 56.219387,12.972145, 227.853592, 1.000005
5, 826,7,52.253994, 52.250206, 119.125473, 56.219387,12.972145, 227.853592, 1.000072
5, 826,8,199.514679, 199.512314, 119.125473, 56.219387,12.972145, 227.853592, 1.000012
5, 826,9,176.687790, 176.694778, 119.125473, 56.219387,12.972145, 227.853592, 0.999960
5, 826,10,51.413433, 51.420845, 119.125473, 56.219387,12.972145, 227.853592, 0.999856
5, 826,11,138.784225, 138.780182, 119.125473, 56.219387,12.972145, 227.853592, 1.000029
5, 826,12,147.331802, 147.330017, 119.125473, 56.219387,12.972145, 227.853592, 1.000012
5, 826,13,99.836899, 99.847420, 119.125473, 56.219387,12.972145, 227.853592, 0.999895
5, 826,14,36.643276, 36.647430, 119.125473, 56.219387,12.972145, 227.853592, 0.999887
5, 826,15,220.392639, 220.387955, 119.125473, 56.219387,12.972145, 227.853592, 1.000021
5, 826,16,119.016479, 119.023865, 119.125473, 56.219387,12.972145, 227.853592, 0.999938
5, 826,17,96.616753, 96.617638, 119.125473, 56.219387,12.972145, 227.853592, 0.999991
5, 826,18,173.109680, 173.107620, 119.125473, 56.219387,12.972145, 227.853592, 1.000012
5, 826,19,64.590767, 64.589478, 119.125473, 56.219387,12.972145, 227.853592, 1.000020
5, 826,20,133.369904, 133.372482, 119.125473, 56.219387,12.972145, 227.853592, 0.999981
5, 826,21,47.770557, 47.773003, 119.125473, 56.219387,12.972145, 227.853592, 0.999949
5, 826,22,12.972145, 12.966820, 119.125473, 56.219387,12.972145, 227.853592, 1.000411
5, 826,23,227.853592, 227.865677, 119.125473, 56.219387,12.972145, 227.853592, 0.999947
5, 826,24,108.653442, 108.639999, 119.125473, 56.219387,12.972145, 227.853592, 1.000124
5, 826,25,185.693268, 185.689636, 119.125473, 56.219387,12.972145, 227.853592, 1.000020
5, 826,26,112.769302, 112.766571, 119.125473, 56.219387,12.972145, 227.853592, 1.000024
5, 826,27,29.777412, 29.776548, 119.125473, 56.219387,12.972145, 227.853592, 1.000029
5, 826,28,112.872070, 112.867714, 119.125473, 56.219387,12.972145, 227.853592, 1.000039
5, 826,29,150.126450, 150.128265, 119.125473, 56.219387,12.972145, 227.853592, 0.999988
5, 826,30,143.552185, 143.560822, 119.125473, 56.219387,12.972145, 227.853592, 0.999940
5, 826,31,156.950394, 156.938461, 119.125473, 56.219387,12.972145, 227.853592, 1.000076
5, 827,0,255.893677, 255.883911, 119.124062, 77.311981,14.087695, 258.807953, 1.000038
5, 827,1,207.140808, 207.147293, 119.124062, 77.311981,14.087695, 258.807953, 0.999969
5, 827,2,178.009033, 178.027863, 119.124062, 77.311981,14.087695, 258.807953, 0.999894
5, 827,3,53.784729, 53.791328, 119.124062, 77.311981,14.087695, 258.807953, 0.999877
5, 827,4,21.614931, 21.608067, 119.124062, 77.311981,14.087695, 258.807953, 1.000318
5, 827,5,68.384918, 68.385559, 119.124062, 77.311981,14.087695, 258.807953, 0.999991
5, 827,6,52.940472, 52.936905, 119.124062, 77.311981,14.087695, 258.807953, 1.000067
5, 827,7,222.174942, 222.164413, 119.124062, 77.311981,14.087695, 258.807953, 1.000047
5, 827,8,257.110474, 257.109436, 119.124062, 77.311981,14.087695, 258.807953, 1.000004
5, 827,9,174.112396, 174.109589, 119.124062, 77.311981,14.087695, 258.807953, 1.000016
5, 827,10,74.719177, 74.729004, 119.124062, 77.311981,14.087695, 258.807953, 0.999869
5, 827,11,145.800430, 145.784180, 119.124062, 77.311981,14.087695, 258.807953, 1.000111
5, 827,12,46.985355, 46.999096, 119.124062, 77.311981,14.087695, 258.807953, 0.999708
5, 827,13,145.370972, 145.352661, 119.124062, 77.311981,14.087695, 258.807953, 1.000126
5, 827,14,150.293243, 150.297958, 119.124062, 77.311981,14.087695, 258.807953, 0.999969
5, 827,15,258.807953, 258.801025, 119.124062, 77.311981,14.087695, 258.807953, 1.000027
5, 827,16,28.243822, 28.253578, 119.124062, 77.311981,14.087695, 258.807953, 0.999655
5, 827,17,30.001026, 30.005577, 119.124062, 77.311981,14.087695, 258.807953, 0.999848
5, 827,18,57.161682, 57.174500, 119.124062, 77.311981,14.087695, 258.807953, 0.999776
5, 827,19,192.541855, 192.527145, 119.124062, 77.311981,14.087695, 258.807953, 1.000076
5, 827,20,31.673201, 31.671272, 119.124062, 77.311981,14.087695, 258.807953, 1.000061
5, 827,21,60.707874, 60.713017, 119.124062, 77.311981,14.087695, 258.807953, 0.999915
5, 827,22,63.604160, 63.604244, 119.124062, 77.311981,14.087695, 258.807953, 0.999999
5, 827,23,61.506905, 61.498394, 119.124062, 77.311981,14.087695, 258.807953, 1.000138
5, 827,24,208.172058, 208.182953, 119.124062, 77.311981,14.087695, 258.807953, 0.999948
5, 827,25,139.461365, 139.466629, 119.124062, 77.311981,14.087695, 258.807953, 0.999962
5, 827,26,106.375870, 106.385803, 119.124062, 77.311981,14.087695, 258.807953, 0.999907
5, 827,27,137.179367, 137.179550, 119.124062, 77.311981,14.087695, 258.807953, 0.999999
5, 827,28,204.749451, 204.748001, 119.124062, 77.311981,14.087695, 258.807953, 1.000007
5, 827,29,82.723213, 82.729507, 119.124062, 77.311981,14.087695, 258.807953, 0.999924
5, 827,30,80.636887, 80.649551, 119.124062, 77.311981,14.087695, 258.807953, 0.999843
5, 827,31,14.087695, 14.082243, 119.124062, 77.311981,14.087695, 258.807953, 1.000387
5, 828,0,115.003662, 115.003960, 119.127563, 61.252682,12.801614, 217.862625, 0.999997
5, 828,1,83.952316, 83.954163, 119.127563, 61.252682,12.801614, 217.862625, 0.999978
5, 828,2,203.487289, 203.486267, 119.127563, 61.252682,12.801614, 217.862625, 1.000005
5, 828,3,165.469193, 165.469070, 119.127563, 61.252682,12.801614, 217.862625, 1.000001
5, 828,4,194.168060, 194.165329, 119.127563, 61.252682,12.801614, 217.862625, 1.000014
5, 828,5,29.121756, 29.121937, 119.127563, 61.252682,12.801614, 217.862625, 0.999994
5, 828,6,127.757080, 127.751923, 119.127563, 61.252682,12.801614, 217.862625, 1.000040
5, 828,7,190.426285, 190.418274, 119.127563, 61.252682,12.801614, 217.862625, 1.000042
5, 828,8,217.862625, 217.867722, 119.127563, 61.252682,12.801614, 217.862625, 0.999977
5, 828,9,94.588631, 94.581894, 119.127563, 61.252682,12.801614, 217.862625, 1.000071
5, 828,10,191.141190, 191.131668, 119.127563, 61.252682,12.801614, 217.862625, 1.000050
5, 828,11,52.653690, 52.637653, 119.127563, 61.252682,12.801614, 217.862625, 1.000305
5, 828,12,163.896576, 163.902252, 119.127563, 61.252682,12.801614, 217.862625, 0.999965
5, 828,13,185.813126, 185.817795, 119.127563, 61.252682,12.801614, 217.862625, 0.999975
5, 828,14,177.636017, 177.636978, 119.127563, 61.252682,12.801614, 217.862625, 0.999995
5, 828,15,41.781635, 41.776550, 119.127563, 61.252682,12.801614, 217.862625, 1.000122
5, 828,16,129.079773, 129.072052, 119.127563, 61.252682,12.801614, 217.862625, 1.000060
5, 828,17,64.582626, 64.585533, 119.127563, 61.252682,12.801614, 217.862625, 0.999955
5, 828,18,99.273476, 99.275703, 119.127563, 61.252682,12.801614, 217.862625, 0.999978
5, 828,19,154.341492, 154.334625, 119.127563, 61.252682,12.801614, 217.862625, 1.000044
5, 828,20,135.475769, 135.486053, 119.127563, 61.252682,12.801614, 217.862625, 0.999924
5, 828,21,175.838638, 175.836807, 119.127563, 61.252682,12.801614, 217.862625, 1.000010
5, 828,22,36.706947, 36.716042, 119.127563, 61.252682,12.801614, 217.862625, 0.999752
5, 828,23,162.094147, 162.082062, 119.127563, 61.252682,12.801614, 217.862625, 1.000075
5, 828,24,61.925018, 61.911926, 119.127563, 61.252682,12.801614, 217.862625, 1.000211
5, 828,25,133.229462, 133.225830, 119.127563, 61.252682,12.801614, 217.862625, 1.000027
5, 828,26,12.801614, 12.786949, 119.127563, 61.252682,12.801614, 217.862625, 1.001147
5, 828,27,18.820095, 18.820892, 119.127563, 61.252682,12.801614, 217.862625, 0.999958
5, 828,28,89.284180, 89.281364, 119.127563, 61.252682,12.801614, 217.862625, 1.000032
5, 828,29,31.597059, 31.575520, 119.127563, 61.252682,12.801614, 217.862625, 1.000682
5, 828,30,124.135078, 124.144890, 119.127563, 61.252682,12.801614, 217.862625, 0.999921
5, 828,31,148.136887, 148.140656, 119.127563, 61.252682,12.801614, 217.862625, 0.999975
5, 829,0,180.477509, 180.476974, 119.124306, 60.241024,19.257008, 209.587540, 1.000003
5, 829,1,31.018499, 31.020012, 119.124306, 60.241024,19.257008, 209.587540, 0.999951
5, 829,2,162.527496, 162.514984, 119.124306, 60.241024,19.257008, 209.587540, 1.000077
5, 829,3,160.883469, 160.883209, 119.124306, 60.241024,19.257008, 209.587540, 1.000002
5, 829,4,150.195801, 150.195694, 119.124306, 60.241024,19.257008, 209.587540, 1.000001
5, 829,5,107.377045, 107.364693, 119.124306, 60.241024,19.257008, 209.587540, 1.000115
5, 829,6,111.319054, 111.307106, 119.124306, 60.241024,19.257008, 209.587540, 1.000107
5, 829,7,194.400803, 194.396881, 119.124306, 60.241024,19.257008, 209.587540, 1.000020
5, 829,8,190.413391, 190.410858, 119.124306, 60.241024,19.257008, 209.587540, 1.000013
5, 829,9,19.257008, 19.273716, 119.124306, 60.241024,19.257008, 209.587540, 0.999133
5, 829,10,137.969055, 137.963593, 119.124306, 60.241024,19.257008, 209.587540, 1.000040
5, 829,11,22.484737, 22.481216, 119.124306, 60.241024,19.257008, 209.587540, 1.000157
5, 829,12,130.951950, 130.956909, 119.124306, 60.241024,19.257008, 209.587540, 0.999962
5, 829,13,190.469040, 190.466919, 119.124306, 60.241024,19.257008, 209.587540, 1.000011
5, 829,14,150.098587, 150.102264, 119.124306, 60.241024,19.257008, 209.587540, 0.999976
5, 829,15,161.574768, 161.574509, 119.124306, 60.241024,19.257008, 209.587540, 1.000002
5, 829,16,51.753208, 51.759754, 119.124306, 60.241024,19.257008, 209.587540, 0.999874
5, 829,17,85.526939, 85.516335, 119.124306, 60.241024,19.257008, 209.587540, 1.000124
5, 829,18,89.935936, 89.944550, 119.124306, 60.241024,19.257008, 209.587540, 0.999904
5, 829,19,164.849991, 164.862991, 119.124306, 60.241024,19.257008, 209.587540, 0.999921
5, 829,20,194.347412, 194.359512, 119.124306, 60.241024,19.257008, 209.587540, 0.999938
5, 829,21,133.415497, 133.417053, 119.124306, 60.241024,19.257008, 209.587540, 0.999988
5, 829,22,209.587540, 209.587341, 119.124306, 60.241024,19.257008, 209.587540, 1.000001
5, 829,23,66.992218, 66.993820, 119.124306, 60.241024,19.257008, 209.587540, 0.999976
5, 829,24,20.858757, 20.868124, 119.124306, 60.241024,19.257008, 209.587540, 0.999551
5, 829,25,86.504196, 86.487923, 119.124306, 60.241024,19.257008, 209.587540, 1.000188
5, 829,26,203.455109, 203.465057, 119.124306, 60.241024,19.257008, 209.587540, 0.999951
5, 829,27,154.973358, 154.972687, 119.124306, 60.241024,19.257008, 209.587540, 1.000004
5, 829,28,49.128593, 49.131477, 119.124306, 60.241024,19.257008, 209.587540, 0.999941
5, 829,29,70.993614, 70.998520, 119.124306, 60.241024,19.257008, 209.587540, 0.999931
5, 829,30,61.586617, 61.587776, 119.124306, 60.241024,19.257008, 209.587540, 0.999981
5, 829,31,66.650322, 66.657486, 119.124306, 60.241024,19.257008, 209.587540, 0.999893
5, 830,0,206.261383, 206.257736, 119.123085, 61.091339,10.053731, 216.147049, 1.000018
5, 830,1,79.690895, 79.688019, 119.123085, 61.091339,10.053731, 216.147049, 1.000036
5, 830,2,104.262505, 104.263191, 119.123085, 61.091339,10.053731, 216.147049, 0.999993
5, 830,3,165.835693, 165.849792, 119.123085, 61.091339,10.053731, 216.147049, 0.999915
5, 830,4,91.853485, 91.840134, 119.123085, 61.091339,10.053731, 216.147049, 1.000145
5, 830,5,55.518398, 55.535759, 119.123085, 61.091339,10.053731, 216.147049, 0.999687
5, 830,6,176.387497, 176.389557, 119.123085, 61.091339,10.053731, 216.147049, 0.999988
5, 830,7,10.053731, 10.052864, 119.123085, 61.091339,10.053731, 216.147049, 1.000086
5, 830,8,198.572952, 198.572617, 119.123085, 61.091339,10.053731, 216.147049, 1.000002
5, 830,9,54.761826, 54.769230, 119.123085, 61.091339,10.053731, 216.147049, 0.999865
5, 830,10,208.737625, 208.735733, 119.123085, 61.091339,10.053731, 216.147049, 1.000009
5, 830,11,105.851181, 105.849106, 119.123085, 61.091339,10.053731, 216.147049, 1.000020
5, 830,12,216.147049, 216.149918, 119.123085, 61.091339,10.053731, 216.147049, 0.999987
5, 830,13,117.781082, 117.776558, 119.123085, 61.091339,10.053731, 216.147049, 1.000038
5, 830,14,45.090599, 45.088505, 119.123085, 61.091339,10.053731, 216.147049, 1.000046
5, 830,15,52.462643, 52.476254, 119.123085, 61.091339,10.053731, 216.147049, 0.999741
5, 830,16,165.789963, 165.777100, 119.123085, 61.091339,10.053731, 216.147049, 1.000078
5, 830,17,151.421356, 151.431107, 119.123085, 61.091339,10.053731, 216.147049, 0.999936
5, 830,18,161.617554, 161.627274, 119.123085, 61.091339,10.053731, 216.147049, 0.999940
5, 830,19,104.667702, 104.672882, 119.123085, 61.091339,10.053731, 216.147049, 0.999951
5, 830,20,187.911362, 187.920532, 119.123085, 61.091339,10.053731, 216.147049, 0.999951
5, 830,21,159.887497, 159.869537, 119.123085, 61.091339,10.053731, 216.147049, 1.000112
5, 830,22,27.107544, 27.114733, 119.123085, 61.091339,10.053731, 216.147049, 0.999735
5, 830,23,56.366142, 56.355148, 119.123085, 61.091339,10.053731, 216.147049, 1.000195
5, 830,24,129.156143, 129.162140, 119.123085, 61.091339,10.053731, 216.147049, 0.999954
5, 830,25,211.880661, 211.881149, 119.123085, 61.091339,10.053731, 216.147049, 0.999998
5, 830,26,68.389778, 68.408150, 119.123085, 61.091339,10.053731, 216.147049, 0.999731
5, 830,27,83.574303, 83.580132, 119.123085, 61.091339,10.053731, 216.147049, 0.999930
5, 830,28,179.926498, 179.931442, 119.123085, 61.091339,10.053731, 216.147049, 0.999973
5, 830,29,70.341049, 70.337685, 119.123085, 61.091339,10.053731, 216.147049, 1.000048
5, 830,30,102.524788, 102.518677, 119.123085, 61.091339,10.053731, 216.147049, 1.000060
5, 830,31,62.107113, 62.117332, 119.123085, 61.091339,10.053731, 216.147049, 0.999835
5, 831,0,26.506321, 26.511864, 119.121788, 63.510532,23.622545, 234.851135, 0.999791
5, 831,1,34.361542, 34.349991, 119.121788, 63.510532,23.622545, 234.851135, 1.000336
5, 831,2,205.069687, 205.069260, 119.121788, 63.510532,23.622545, 234.851135, 1.000002
5, 831,3,47.526302, 47.519428, 119.121788, 63.510532,23.622545, 234.851135, 1.000145
5, 831,4,151.927628, 151.921906, 119.121788, 63.510532,23.622545, 234.851135, 1.000038
5, 831,5,101.346359, 101.350449, 119.121788, 63.510532,23.622545, 234.851135, 0.999960
5, 831,6,67.863541, 67.870934, 119.121788, 63.510532,23.622545, 234.851135, 0.999891
5, 831,7,160.265991, 160.271072, 119.121788, 63.510532,23.622545, 234.851135, 0.999968
5, 831,8,127.183525, 127.178291, 119.121788, 63.510532,23.622545, 234.851135, 1.000041
5, 831,9,78.777740, 78.782166, 119.121788, 63.510532,23.622545, 234.851135, 0.999944
5, 831,10,157.752426, 157.750427, 119.121788, 63.510532,23.622545, 234.851135, 1.000013
5, 831,11,176.423019, 176.416916, 119.121788, 63.510532,23.622545, 234.851135, 1.000035
5, 831,12,201.258270, 201.271042, 119.121788, 63.510532,23.622545, 234.851135, 0.999937
5, 831,13,169.979431, 169.973770, 119.121788, 63.510532,23.622545, 234.851135, 1.000033
5, 831,14,68.508392, 68.533897, 119.121788, 63.510532,23.622545, 234.851135, 0.999628
5, 831,15,137.120392, 137.122696, 119.121788, 63.510532,23.622545, 234.851135, 0.999983
5, 831,16,48.833214, 48.838444, 119.121788, 63.510532,23.622545, 234.851135, 0.999893
5, 831,17,33.179325, 33.196716, 119.121788, 63.510532,23.622545, 234.851135, 0.999476
5, 831,18,140.052643, 140.057678, 119.121788, 63.510532,23.622545, 234.851135, 0.999964
5, 831,19,60.793667, 60.792450, 119.121788, 63.510532,23.622545, 234.851135, 1.000020
5, 831,20,234.851135, 234.854141, 119.121788, 63.510532,23.622545, 234.851135, 0.999987
5, 831,21,73.018608, 73.001976, 119.121788, 63.510532,23.622545, 234.851135, 1.000228
5, 831,22,214.626953, 214.633850, 119.121788, 63.510532,23.622545, 234.851135, 0.999968
5, 831,23,81.109978, 81.109436, 119.121788, 63.510532,23.622545, 234.851135, 1.000007
5, 831,24,131.643723, 131.653259, 119.121788, 63.510532,23.622545, 234.851135, 0.999928
5, 831,25,23.622545, 23.625221, 119.121788, 63.510532,23.622545, 234.851135, 0.999887
5, 831,26,181.434219, 181.437469, 119.121788, 63.510532,23.622545, 234.851135, 0.999982
5, 831,27,200.116821, 200.103958, 119.121788, 63.510532,23.622545, 234.851135, 1.000064
5, 831,28,158.866364, 158.876083, 119.121788, 63.510532,23.622545, 234.851135, 0.999939
5, 831,29,177.542160, 177.570190, 119.121788, 63.510532,23.622545, 234.851135, 0.999842
5, 831,30,52.708363, 52.719528, 119.121788, 63.510532,23.622545, 234.851135, 0.999788
5, 831,31,87.626968, 87.635445, 119.121788, 63.510532,23.622545, 234.851135, 0.999903
5, 832,0,35.634087, 35.618973, 119.124992, 67.947678,13.221981, 220.471939, 1.000424
5, 832,1,85.304443, 85.299538, 119.124992, 67.947678,13.221981, 220.471939, 1.000057
5, 832,2,136.734970, 136.725677, 119.124992, 67.947678,13.221981, 220.471939, 1.000068
5, 832,3,142.181610, 142.182999, 119.124992, 67.947678,13.221981, 220.471939, 0.999990
5, 832,4,21.068838, 21.063919, 119.124992, 67.947678,13.221981, 220.471939, 1.000234
5, 832,5,106.727043, 106.733040, 119.124992, 67.947678,13.221981, 220.471939, 0.999944
5, 832,6,13.221981, 13.231573, 119.124992, 67.947678,13.221981, 220.471939, 0.999275
5, 832,7,217.171021, 217.177551, 119.124992, 67.947678,13.221981, 220.471939, 0.999970
5, 832,8,187.922699, 187.924683, 119.124992, 67.947678,13.221981, 220.471939, 0.999989
5, 832,9,127.183441, 127.186691, 119.124992, 67.947678,13.221981, 220.471939, 0.999974
5, 832,10,103.546669, 103.559875, 119.124992, 67.947678,13.221981, 220.471939, 0.999872
5, 832,11,87.910095, 87.908157, 119.124992, 67.947678,13.221981, 220.471939, 1.000022
5, 832,12,61.310951, 61.309330, 119.124992, 67.947678,13.221981, 220.471939, 1.000026
5, 832,13,191.772736, 191.772736, 119.124992, 67.947678,13.221981, 220.471939, 1.000000
5, 832,14,51.963589, 51.965019, 119.124992, 67.947678,13.221981, 220.471939, 0.999972
5, 832,15,100.725403, 100.717644, 119.124992, 67.947678,13.221981, 220.471939, 1.000077
5, 832,16,20.606531, 20.603191, 119.124992, 67.947678,13.221981, 220.471939, 1.000162
5, 832,17,116.832581, 116.836571, 119.124992, 67.947678,13.221981, 220.471939, 0.999966
5, 832,18,203.887222, 203.894363, 119.124992, 67.947678,13.221981, 220.471939, 0.999965
5, 832,19,154.653931, 154.655060, 119.124992, 67.947678,13.221981, 220.471939, 0.999993
5, 832,20,220.471939, 220.474030, 119.124992, 67.947678,13.221981, 220.471939, 0.999991
5, 832,21,201.775620, 201.765945, 119.124992, 67.947678,13.221981, 220.471939, 1.000048
5, 832,22,28.861895, 28.870310, 119.124992, 67.947678,13.221981, 220.471939, 0.999709
5, 832,23,206.633575, 206.632751, 119.124992, 67.947678,13.221981, 220.471939, 1.000004
5, 832,24,58.967426, 58.953785, 119.124992, 67.947678,13.221981, 220.471939, 1.000231
5, 832,25,87.182411, 87.200851, 119.124992, 67.947678,13.221981, 220.471939, 0.999789
5, 832,26,190.182037, 190.176407, 119.124992, 67.947678,13.221981, 220.471939, 1.000030
5, 832,27,42.722347, 42.711563, 119.124992, 67.947678,13.221981, 220.471939, 1.000252
5, 832,28,59.586292, 59.589718, 119.124992, 67.947678,13.221981, 220.471939, 0.999943
5, 832,29,152.043777, 152.046432, 119.124992, 67.947678,13.221981, 220.471939, 0.999983
5, 832,30,187.855194, 187.853302, 119.124992, 67.947678,13.221981, 220.471939, 1.000010
5, 832,31,209.357437, 209.358185, 119.124992, 67.947678,13.221981, 220.471939, 0.999996
5, 833,0,64.202881, 64.203560, 119.124802, 63.137508,13.483940, 222.624329, 0.999989
5, 833,1,175.904877, 175.918045, 119.124802, 63.137508,13.483940, 222.624329, 0.999925
5, 833,2,204.238358, 204.233429, 119.124802, 63.137508,13.483940, 222.624329, 1.000024
5, 833,3,159.329910, 159.326233, 119.124802, 63.137508,13.483940, 222.624329, 1.000023
5, 833,4,49.695560, 49.702065, 119.124802, 63.137508,13.483940, 222.624329, 0.999869
5, 833,5,19.686392, 19.681417, 119.124802, 63.137508,13.483940, 222.624329, 1.000253
5, 833,6,68.565849, 68.569824, 119.124802, 63.137508,13.483940, 222.624329, 0.999942
5, 833,7,132.040817, 132.035370, 119.124802, 63.137508,13.483940, 222.624329, 1.000041
5, 833,8,65.409981, 65.406860, 119.124802, 63.137508,13.483940, 222.624329, 1.000048
5, 833,9,222.624329, 222.619888, 119.124802, 63.137508,13.483940, 222.624329, 1.000020
5, 833,10,132.325882, 132.331024, 119.124802, 63.137508,13.483940, 222.624329, 0.999961
5, 833,11,188.860641, 188.872421, 119.124802, 63.137508,13.483940, 222.624329, 0.999938
5, 833,12,13.483940, 13.486135, 119.124802, 63.137508,13.483940, 222.624329, 0.999837
5, 833,13,137.468185, 137.467407, 119.124802, 63.137508,13.483940, 222.624329, 1.000006
5, 833,14,90.057724, 90.050476, 119.124802, 63.137508,13.483940, 222.624329, 1.000080
5, 833,15,214.862625, 214.856873, 119.124802, 63.137508,13.483940, 222.624329, 1.000027
5, 833,16,66.067696, 66.060081, 119.124802, 63.137508,13.483940, 222.624329, 1.000115
5, 833,17,104.327316, 104.325066, 119.124802, 63.137508,13.483940, 222.624329, 1.000022
5, 833,18,69.641060, 69.635605, 119.124802, 63.137508,13.483940, 222.624329, 1.000078
5, 833,19,99.188660, 99.188675, 119.124802, 63.137508,13.483940, 222.624329, 1.000000
5, 833,20,74.664566, 74.668846, 119.124802, 63.137508,13.483940, 222.624329, 0.999943
5, 833,21,96.083519, 96.080727, 119.124802, 63.137508,13.483940, 222.624329, 1.000029
5, 833,22,105.440025, 105.452728, 119.124802, 63.137508,13.483940, 222.624329, 0.999880
5, 833,23,217.690292, 217.689789, 119.124802, 63.137508,13.483940, 222.624329, 1.000002
5, 833,24,66.220161, 66.225105, 119.124802, 63.137508,13.483940, 222.624329, 0.999925
5, 833,25,61.142715, 61.136864, 119.124802, 63.137508,13.483940, 222.624329, 1.000096
5, 833,26,152.180923, 152.182068, 119.124802, 63.137508,13.483940, 222.624329, 0.999992
5, 833,27,67.430771, 67.442162, 119.124802, 63.137508,13.483940, 222.624329, 0.999831
5, 833,28,199.054947, 199.055801, 119.124802, 63.137508,13.483940, 222.624329, 0.999996
5, 833,29,83.492760, 83.490761, 119.124802, 63.137508,13.483940, 222.624329, 1.000024
5, 833,30,195.986481, 195.989105, 119.124802, 63.137508,13.483940, 222.624329, 0.999987
5, 833,31,214.623688, 214.616211, 119.124802, 63.137508,13.483940, 222.624329, 1.000035
5, 834,0,16.026567, 16.025442, 119.125687, 55.353630,16.026567, 202.096420, 1.000070
5, 834,1,147.440002, 147.440277, 119.125687, 55.353630,16.026567, 202.096420, 0.999998
5, 834,2,114.697960, 114.692787, 119.125687, 55.353630,16.026567, 202.096420, 1.000045
5, 834,3,183.244583, 183.232925, 119.125687, 55.353630,16.026567, 202.096420, 1.000064
5, 834,4,93.072586, 93.087364, 119.125687, 55.353630,16.026567, 202.096420, 0.999841
5, 834,5,34.764591, 34.756836, 119.125687, 55.353630,16.026567, 202.096420, 1.000223
5, 834,6,79.498795, 79.496185, 119.125687, 55.353630,16.026567, 202.096420, 1.000033
5, 834,7,108.202255, 108.195229, 119.125687, 55.353630,16.026567, 202.096420, 1.000065
5, 834,8,120.159058, 120.175301, 119.125687, 55.353630,16.026567, 202.096420, 0.999865
5, 834,9,59.921734, 59.926773, 119.125687, 55.353630,16.026567, 202.096420, 0.999916
5, 834,10,180.563461, 180.553650, 119.125687, 55.353630,16.026567, 202.096420, 1.000054
5, 834,11,108.112755, 108.112610, 119.125687, 55.353630,16.026567, 202.096420, 1.000001
5, 834,12,193.541809, 193.554672, 119.125687, 55.353630,16.026567, 202.096420, 0.999934
5, 834,13,154.096268, 154.097183, 119.125687, 55.353630,16.026567, 202.096420, 0.999994
5, 834,14,61.406250, 61.413956, 119.125687, 55.353630,16.026567, 202.096420, 0.999875
5, 834,15,137.459442, 137.466705, 119.125687, 55.353630,16.026567, 202.096420, 0.999947
5, 834,16,23.447567, 23.449543, 119.125687, 55.353630,16.026567, 202.096420, 0.999916
5, 834,17,48.291370, 48.294903, 119.125687, 55.353630,16.026567, 202.096420, 0.999927
5, 834,18,172.890396, 172.893494, 119.125687, 55.353630,16.026567, 202.096420, 0.999982
5, 834,19,202.096420, 202.100067, 119.125687, 55.353630,16.026567, 202.096420, 0.999982
5, 834,20,61.891430, 61.874279, 119.125687, 55.353630,16.026567, 202.096420, 1.000277
5, 834,21,168.531265, 168.538162, 119.125687, 55.353630,16.026567, 202.096420, 0.999959
5, 834,22,175.639740, 175.625885, 119.125687, 55.353630,16.026567, 202.096420, 1.000079
5, 834,23,147.863068, 147.853378, 119.125687, 55.353630,16.026567, 202.096420, 1.000066
5, 834,24,130.495422, 130.491119, 119.125687, 55.353630,16.026567, 202.096420, 1.000033
5, 834,25,168.391983, 168.390625, 119.125687, 55.353630,16.026567, 202.096420, 1.000008
5, 834,26,175.723450, 175.720306, 119.125687, 55.353630,16.026567, 202.096420, 1.000018
5, 834,27,38.711323, 38.716751, 119.125687, 55.353630,16.026567, 202.096420, 0.999860
5, 834,28,147.329056, 147.322250, 119.125687, 55.353630,16.026567, 202.096420, 1.000046
5, 834,29,60.486740, 60.481518, 119.125687, 55.353630,16.026567, 202.096420, 1.000086
5, 834,30,158.437378, 158.428894, 119.125687, 55.353630,16.026567, 202.096420, 1.000054
5, 834,31,139.587296, 139.591263, 119.125687, 55.353630,16.026567, 202.096420, 0.999972
5, 835,0,121.849480, 121.835571, 119.126755, 74.264778,16.219913, 232.431778, 1.000114
5, 835,1,125.962677, 125.967964, 119.126755, 74.264778,16.219913, 232.431778, 0.999958
5, 835,2,48.604576, 48.594105, 119.126755, 74.264778,16.219913, 232.431778, 1.000216
5, 835,3,226.010742, 226.011475, 119.126755, 74.264778,16.219913, 232.431778, 0.999997
5, 835,4,43.463631, 43.464725, 119.126755, 74.264778,16.219913, 232.431778, 0.999975
5, 835,5,224.389282, 224.388763, 119.126755, 74.264778,16.219913, 232.431778, 1.000002
5, 835,6,199.059357, 199.051285, 119.126755, 74.264778,16.219913, 232.431778, 1.000041
5, 835,7,133.010406, 133.008835, 119.126755, 74.264778,16.219913, 232.431778, 1.000012
5, 835,8,18.779438, 18.780451, 119.126755, 74.264778,16.219913, 232.431778, 0.999946
5, 835,9,21.834255, 21.840202, 119.126755, 74.264778,16.219913, 232.431778, 0.999728
5, 835,10,17.535290, 17.529047, 119.126755, 74.264778,16.219913, 232.431778, 1.000356
5, 835,11,16.219913, 16.215761, 119.126755, 74.264778,16.219913, 232.431778, 1.000256
5, 835,12,174.531464, 174.532043, 119.126755, 74.264778,16.219913, 232.431778, 0.999997
5, 835,13,140.640884, 140.641006, 119.126755, 74.264778,16.219913, 232.431778, 0.999999
5, 835,14,149.424927, 149.428345, 119.126755, 74.264778,16.219913, 232.431778, 0.999977
5, 835,15,203.157806, 203.163040, 119.126755, 74.264778,16.219913, 232.431778, 0.999974
5, 835,16,59.424904, 59.416679, 119.126755, 74.264778,16.219913, 232.431778, 1.000138
5, 835,17,228.265900, 228.273621, 119.126755, 74.264778,16.219913, 232.431778, 0.999966
5, 835,18,124.988564, 124.991592, 119.126755, 74.264778,16.219913, 232.431778, 0.999976
5, 835,19,38.509121, 38.507244, 119.126755, 74.264778,16.219913, 232.431778, 1.000049
5, 835,20,60.208191, 60.207401, 119.126755, 74.264778,16.219913, 232.431778, 1.000013
5, 835,21,144.570480, 144.567123, 119.126755, 74.264778,16.219913, 232.431778, 1.000023
5, 835,22,120.638214, 120.639191, 119.126755, 74.264778,16.219913, 232.431778, 0.999992
5, 835,23,63.334324, 63.329037, 119.126755, 74.264778,16.219913, 232.431778, 1.000083
5, 835,24,186.800934, 186.805420, 119.126755, 74.264778,16.219913, 232.431778, 0.999976
5, 835,25,29.805500, 29.809301, 119.126755, 74.264778,16.219913, 232.431778, 0.999873
5, 835,26,219.466309, 219.458786, 119.126755, 74.264778,16.219913, 232.431778, 1.000034
5, 835,27,206.219650, 206.215912, 119.126755, 74.264778,16.219913, 232.431778, 1.000018
5, 835,28,232.431778, 232.426636, 119.126755, 74.264778,16.219913, 232.431778, 1.000022
5, 835,29,77.616341, 77.603279, 119.126755, 74.264778,16.219913, 232.431778, 1.000168
5, 835,30,106.979675, 106.976883, 119.126755, 74.264778,16.219913, 232.431778, 1.000026
5, 835,31,48.321892, 48.319069, 119.126755, 74.264778,16.219913, 232.431778, 1.000058
5, 836,0,18.931427, 18.931335, 119.126213, 52.666328,16.948843, 194.621811, 1.000005
5, 836,1,42.033348, 42.028809, 119.126213, 52.666328,16.948843, 194.621811, 1.000108
5, 836,2,191.187576, 191.188553, 119.126213, 52.666328,16.948843, 194.621811, 0.999995
5, 836,3,109.801392, 109.806366, 119.126213, 52.666328,16.948843, 194.621811, 0.999955
5, 836,4,120.255104, 120.252579, 119.126213, 52.666328,16.948843, 194.621811, 1.000021
5, 836,5,16.948843, 16.942696, 119.126213, 52.666328,16.948843, 194.621811, 1.000363
5, 836,6,83.012894, 83.018204, 119.126213, 52.666328,16.948843, 194.621811, 0.999936
5, 836,7,174.911240, 174.905106, 119.126213, 52.666328,16.948843, 194.621811, 1.000035
5, 836,8,65.692413, 65.687790, 119.126213, 52.666328,16.948843, 194.621811, 1.000070
5, 836,9,137.622040, 137.612228, 119.126213, 52.666328,16.948843, 194.621811, 1.000071
5, 836,10,54.090935, 54.083485, 119.126213, 52.666328,16.948843, 194.621811, 1.000138
5, 836,11,183.738419, 183.748703, 119.126213, 52.666328,16.948843, 194.621811, 0.999944
5, 836,12,192.578812, 192.580597, 119.126213, 52.666328,16.948843, 194.621811, 0.999991
5, 836,13,113.077553, 113.075912, 119.126213, 52.666328,16.948843, 194.621811, 1.000015
5, 836,14,59.851200, 59.856388, 119.126213, 52.666328,16.948843, 194.621811, 0.999913
5, 836,15,51.394478, 51.387119, 119.126213, 52.666328,16.948843, 194.621811, 1.000143
5, 836,16,165.570511, 165.564346, 119.126213, 52.666328,16.948843, 194.621811, 1.000037
5, 836,17,132.726379, 132.722504, 119.126213, 52.666328,16.948843, 194.621811, 1.000029
5, 836,18,161.509857, 161.505157, 119.126213, 52.666328,16.948843, 194.621811, 1.000029
5, 836,19,101.986504, 101.998024, 119.126213, 52.666328,16.948843, 194.621811, 0.999887
5, 836,20,76.394073, 76.385506, 119.126213, 52.666328,16.948843, 194.621811, 1.000112
5, 836,21,82.394562, 82.386520, 119.126213, 52.666328,16.948843, 194.621811, 1.000098
5, 836,22,122.564201, 122.568756, 119.126213, 52.666328,16.948843, 194.621811, 0.999963
5, 836,23,194.621811, 194.610184, 119.126213, 52.666328,16.948843, 194.621811, 1.000060
5, 836,24,120.114929, 120.123886, 119.126213, 52.666328,16.948843, 194.621811, 0.999925
5, 836,25,156.276947, 156.276215, 119.126213, 52.666328,16.948843, 194.621811, 1.000005
5, 836,26,184.390945, 184.386230, 119.126213, 52.666328,16.948843, 194.621811, 1.000026
5, 836,27,103.861626, 103.869690, 119.126213, 52.666328,16.948843, 194.621811, 0.999922
5, 836,28,147.519806, 147.508652, 119.126213, 52.666328,16.948843, 194.621811, 1.000076
5, 836,29,115.754158, 115.760590, 119.126213, 52.666328,16.948843, 194.621811, 0.999944
5, 836,30,151.475342, 151.474228, 119.126213, 52.666328,16.948843, 194.621811, 1.000007
5, 836,31,179.749496, 179.753860, 119.126213, 52.666328,16.948843, 194.621811, 0.999976
5, 837,0,114.728043, 114.747757, 119.126869, 59.466797,31.868984, 215.564560, 0.999828
5, 837,1,108.328415, 108.322845, 119.126869, 59.466797,31.868984, 215.564560, 1.000051
5, 837,2,159.921295, 159.920853, 119.126869, 59.466797,31.868984, 215.564560, 1.000003
5, 837,3,69.303871, 69.305328, 119.126869, 59.466797,31.868984, 215.564560, 0.999979
5, 837,4,190.389771, 190.384659, 119.126869, 59.466797,31.868984, 215.564560, 1.000027
5, 837,5,49.099438, 49.088043, 119.126869, 59.466797,31.868984, 215.564560, 1.000232
5, 837,6,182.963074, 182.965881, 119.126869, 59.466797,31.868984, 215.564560, 0.999985
5, 837,7,49.264187, 49.254761, 119.126869, 59.466797,31.868984, 215.564560, 1.000191
5, 837,8,87.265678, 87.265572, 119.126869, 59.466797,31.868984, 215.564560, 1.000001
5, 837,9,55.899174, 55.891262, 119.126869, 59.466797,31.868984, 215.564560, 1.000142
5, 837,10,85.787323, 85.777969, 119.126869, 59.466797,31.868984, 215.564560, 1.000109
5, 837,11,162.860840, 162.864014, 119.126869, 59.466797,31.868984, 215.564560, 0.999981
5, 837,12,34.517693, 34.500561, 119.126869, 59.466797,31.868984, 215.564560, 1.000497
5, 837,13,87.408669, 87.393814, 119.126869, 59.466797,31.868984, 215.564560, 1.000170
5, 837,14,50.339027, 50.331989, 119.126869, 59.466797,31.868984, 215.564560, 1.000140
5, 837,15,215.564560, 215.564911, 119.126869, 59.466797,31.868984, 215.564560, 0.999998
5, 837,16,86.983009, 86.983444, 119.126869, 59.466797,31.868984, 215.564560, 0.999995
5, 837,17,199.805817, 199.804016, 119.126869, 59.466797,31.868984, 215.564560, 1.000009
5, 837,18,190.844955, 190.839920, 119.126869, 59.466797,31.868984, 215.564560, 1.000026
5, 837,19,171.774139, 171.776794, 119.126869, 59.466797,31.868984, 215.564560, 0.999985
5, 837,20,165.614517, 165.614792, 119.126869, 59.466797,31.868984, 215.564560, 0.999998
5, 837,21,32.195419, 32.205036, 119.126869, 59.466797,31.868984, 215.564560, 0.999701
5, 837,22,128.006531, 128.001526, 119.126869, 59.466797,31.868984, 215.564560, 1.000039
5, 837,23,197.773575, 197.771378, 119.126869, 59.466797,31.868984, 215.564560, 1.000011
5, 837,24,60.208191, 60.200180, 119.126869, 59.466797,31.868984, 215.564560, 1.000133
5, 837,25,84.787743, 84.796921, 119.126869, 59.466797,31.868984, 215.564560, 0.999892
5, 837,26,118.138153, 118.146156, 119.126869, 59.466797,31.868984, 215.564560, 0.999932
5, 837,27,31.868984, 31.845959, 119.126869, 59.466797,31.868984, 215.564560, 1.000723
5, 837,28,189.477661, 189.486954, 119.126869, 59.466797,31.868984, 215.564560, 0.999951
5, 837,29,95.346191, 95.351204, 119.126869, 59.466797,31.868984, 215.564560, 0.999947
5, 837,30,172.031036, 172.026871, 119.126869, 59.466797,31.868984, 215.564560, 1.000024
5, 837,31,183.562408, 183.568619, 119.126869, 59.466797,31.868984, 215.564560, 0.999966
5, 838,0,25.328800, 25.321146, 119.122864, 66.476921,11.465486, 213.964996, 1.000302
5, 838,1,213.964996, 213.961990, 119.122864, 66.476921,11.465486, 213.964996, 1.000014
5, 838,2,210.544907, 210.533752, 119.122864, 66.476921,11.465486, 213.964996, 1.000053
5, 838,3,209.131805, 209.137512, 119.122864, 66.476921,11.465486, 213.964996, 0.999973
5, 838,4,20.876301, 20.883125, 119.122864, 66.476921,11.465486, 213.964996, 0.999673
5, 838,5,109.290230, 109.300728, 119.122864, 66.476921,11.465486, 213.964996, 0.999904
5, 838,6,42.705444, 42.711708, 119.122864, 66.476921,11.465486, 213.964996, 0.999853
5, 838,7,171.741989, 171.763397, 119.122864, 66.476921,11.465486, 213.964996, 0.999875
5, 838,8,157.056519, 157.046875, 119.122864, 66.476921,11.465486, 213.964996, 1.000061
5, 838,9,134.995514, 134.981415, 119.122864, 66.476921,11.465486, 213.964996, 1.000104
5, 838,10,208.216003, 208.221237, 119.122864, 66.476921,11.465486, 213.964996, 0.999975
5, 838,11,31.457975, 31.454592, 119.122864, 66.476921,11.465486, 213.964996, 1.000108
5, 838,12,138.403915, 138.397202, 119.122864, 66.476921,11.465486, 213.964996, 1.000049
5, 838,13,30.823912, 30.818810, 119.122864, 66.476921,11.465486, 213.964996, 1.000166
5, 838,14,126.953346, 126.978012, 119.122864, 66.476921,11.465486, 213.964996, 0.999806
5, 838,15,197.778214, 197.761978, 119.122864, 66.476921,11.465486, 213.964996, 1.000082
5, 838,16,175.339020, 175.334991, 119.122864, 66.476921,11.465486, 213.964996, 1.000023
5, 838,17,56.924290, 56.923351, 119.122864, 66.476921,11.465486, 213.964996, 1.000016
5, 838,18,123.377319, 123.393936, 119.122864, 66.476921,11.465486, 213.964996, 0.999865
5, 838,19,161.891083, 161.896271, 119.122864, 66.476921,11.465486, 213.964996, 0.999968
5, 838,20,94.495399, 94.496933, 119.122864, 66.476921,11.465486, 213.964996, 0.999984
5, 838,21,11.465486, 11.452330, 119.122864, 66.476921,11.465486, 213.964996, 1.001149
5, 838,22,211.448288, 211.462494, 119.122864, 66.476921,11.465486, 213.964996, 0.999933
5, 838,23,124.481056, 124.497208, 119.122864, 66.476921,11.465486, 213.964996, 0.999870
5, 838,24,97.902687, 97.906487, 119.122864, 66.476921,11.465486, 213.964996, 0.999961
5, 838,25,42.358467, 42.362652, 119.122864, 66.476921,11.465486, 213.964996, 0.999901
5, 838,26,33.993073, 33.985260, 119.122864, 66.476921,11.465486, 213.964996, 1.000230
5, 838,27,182.333984, 182.322388, 119.122864, 66.476921,11.465486, 213.964996, 1.000064
5, 838,28,62.517399, 62.526974, 119.122864, 66.476921,11.465486, 213.964996, 0.999847
5, 838,29,119.148254, 119.167854, 119.122864, 66.476921,11.465486, 213.964996, 0.999836
5, 838,30,166.444656, 166.440262, 119.122864, 66.476921,11.465486, 213.964996, 1.000026
5, 838,31,118.542000, 118.556992, 119.122864, 66.476921,11.465486, 213.964996, 0.999874
5, 839,0,110.743134, 110.731499, 119.123711, 68.696098,16.844160, 236.806396, 1.000105
5, 839,1,40.214703, 40.211861, 119.123711, 68.696098,16.844160, 236.806396, 1.000071
5, 839,2,236.806396, 236.827896, 119.123711, 68.696098,16.844160, 236.806396, 0.999909
5, 839,3,99.934746, 99.937752, 119.123711, 68.696098,16.844160, 236.806396, 0.999970
5, 839,4,39.999916, 39.999474, 119.123711, 68.696098,16.844160, 236.806396, 1.000011
5, 839,5,85.354614, 85.343819, 119.123711, 68.696098,16.844160, 236.806396, 1.000126
5, 839,6,144.819962, 144.826996, 119.123711, 68.696098,16.844160, 236.806396, 0.999951
5, 839,7,127.802971, 127.813362, 119.123711, 68.696098,16.844160, 236.806396, 0.999919
5, 839,8,60.420013, 60.426430, 119.123711, 68.696098,16.844160, 236.806396, 0.999894
5, 839,9,141.530701, 141.535004, 119.123711, 68.696098,16.844160, 236.806396, 0.999970
5, 839,10,74.860855, 74.868652, 119.123711, 68.696098,16.844160, 236.806396, 0.999896
5, 839,11,180.220917, 180.204376, 119.123711, 68.696098,16.844160, 236.806396, 1.000092
5, 839,12,209.196732, 209.202591, 119.123711, 68.696098,16.844160, 236.806396, 0.999972
5, 839,13,22.528046, 22.530756, 119.123711, 68.696098,16.844160, 236.806396, 0.999880
5, 839,14,188.251175, 188.259842, 119.123711, 68.696098,16.844160, 236.806396, 0.999954
5, 839,15,95.655823, 95.644524, 119.123711, 68.696098,16.844160, 236.806396, 1.000118
5, 839,16,127.631485, 127.623749, 119.123711, 68.696098,16.844160, 236.806396, 1.000061
5, 839,17,226.892487, 226.906479, 119.123711, 68.696098,16.844160, 236.806396, 0.999938
5, 839,18,100.568520, 100.574905, 119.123711, 68.696098,16.844160, 236.806396, 0.999937
5, 839,19,54.677929, 54.669258, 119.123711, 68.696098,16.844160, 236.806396, 1.000159
5, 839,20,79.529541, 79.548729, 119.123711, 68.696098,16.844160, 236.806396, 0.999759
5, 839,21,156.399826, 156.394424, 119.123711, 68.696098,16.844160, 236.806396, 1.000035
5, 839,22,156.755341, 156.743332, 119.123711, 68.696098,16.844160, 236.806396, 1.000077
5, 839,23,16.844160, 16.849438, 119.123711, 68.696098,16.844160, 236.806396, 0.999687
5, 839,24,61.636353, 61.647648, 119.123711, 68.696098,16.844160, 236.806396, 0.999817
5, 839,25,70.660202, 70.666458, 119.123711, 68.696098,16.844160, 236.806396, 0.999911
5, 839,26,195.802917, 195.814728, 119.123711, 68.696098,16.844160, 236.806396, 0.999940
5, 839,27,226.301147, 226.299652, 119.123711, 68.696098,16.844160, 236.806396, 1.000007
5, 839,28,182.037598, 182.032394, 119.123711, 68.696098,16.844160, 236.806396, 1.000029
5, 839,29,230.946762, 230.941788, 119.123711, 68.696098,16.844160, 236.806396, 1.000022
5, 839,30,38.658108, 38.656895, 119.123711, 68.696098,16.844160, 236.806396, 1.000031
5, 839,31,28.275135, 28.265169, 119.123711, 68.696098,16.844160, 236.806396, 1.000353
5, 840,0,142.027344, 142.028473, 119.122810, 79.109055,19.131599, 256.775940, 0.999992
5, 840,1,256.775940, 256.784424, 119.122810, 79.109055,19.131599, 256.775940, 0.999967
5, 840,2,91.658218, 91.662430, 119.122810, 79.109055,19.131599, 256.775940, 0.999954
5, 840,3,69.644035, 69.651276, 119.122810, 79.109055,19.131599, 256.775940, 0.999896
5, 840,4,243.600906, 243.597702, 119.122810, 79.109055,19.131599, 256.775940, 1.000013
5, 840,5,81.613220, 81.609184, 119.122810, 79.109055,19.131599, 256.775940, 1.000049
5, 840,6,79.690346, 79.696846, 119.122810, 79.109055,19.131599, 256.775940, 0.999918
5, 840,7,151.488586, 151.490356, 119.122810, 79.109055,19.131599, 256.775940, 0.999988
5, 840,8,29.756001, 29.760880, 119.122810, 79.109055,19.131599, 256.775940, 0.999836
5, 840,9,119.304306, 119.310768, 119.122810, 79.109055,19.131599, 256.775940, 0.999946
5, 840,10,32.579525, 32.587151, 119.122810, 79.109055,19.131599, 256.775940, 0.999766
5, 840,11,46.190094, 46.188599, 119.122810, 79.109055,19.131599, 256.775940, 1.000032
5, 840,12,224.941071, 224.935074, 119.122810, 79.109055,19.131599, 256.775940, 1.000027
5, 840,13,213.003448, 213.023254, 119.122810, 79.109055,19.131599, 256.775940, 0.999907
5, 840,14,34.221458, 34.223015, 119.122810, 79.109055,19.131599, 256.775940, 0.999955
5, 840,15,33.013653, 33.009560, 119.122810, 79.109055,19.131599, 256.775940, 1.000124
5, 840,16,34.204105, 34.192291, 119.122810, 79.109055,19.131599, 256.775940, 1.000345
5, 840,17,228.087585, 228.099274, 119.122810, 79.109055,19.131599, 256.775940, 0.999949
5, 840,18,119.515839, 119.510445, 119.122810, 79.109055,19.131599, 256.775940, 1.000045
5, 840,19,233.461563, 233.452316, 119.122810, 79.109055,19.131599, 256.775940, 1.000040
5, 840,20,50.177624, 50.174568, 119.122810, 79.109055,19.131599, 256.775940, 1.000061
5, 840,21,170.972641, 170.982422, 119.122810, 79.109055,19.131599, 256.775940, 0.999943
5, 840,22,75.080055, 75.096466, 119.122810, 79.109055,19.131599, 256.775940, 0.999781
5, 840,23,233.884720, 233.897766, 119.122810, 79.109055,19.131599, 256.775940, 0.999944
5, 840,24,19.131599, 19.123951, 119.122810, 79.109055,19.131599, 256.775940, 1.000400
5, 840,25,127.673889, 127.682068, 119.122810, 79.109055,19.131599, 256.775940, 0.999936
5, 840,26,32.908745, 32.894356, 119.122810, 79.109055,19.131599, 256.775940, 1.000437
5, 840,27,104.683975, 104.687866, 119.122810, 79.109055,19.131599, 256.775940, 0.999963
5, 840,28,219.186600, 219.190384, 119.122810, 79.109055,19.131599, 256.775940, 0.999983
5, 840,29,186.960480, 186.964706, 119.122810, 79.109055,19.131599, 256.775940, 0.999977
5, 840,30,102.708725, 102.698723, 119.122810, 79.109055,19.131599, 256.775940, 1.000097
5, 840,31,23.783632, 23.793446, 119.122810, 79.109055,19.131599, 256.775940, 0.999588
5, 841,0,201.238037, 201.225586, 119.123764, 60.844982,13.285193, 222.199448, 1.000062
5, 841,1,119.495369, 119.485222, 119.123764, 60.844982,13.285193, 222.199448, 1.000085
5, 841,2,161.349808, 161.339386, 119.123764, 60.844982,13.285193, 222.199448, 1.000065
5, 841,3,103.109718, 103.114479, 119.123764, 60.844982,13.285193, 222.199448, 0.999954
5, 841,4,64.540550, 64.535812, 119.123764, 60.844982,13.285193, 222.199448, 1.000073
5, 841,5,88.563240, 88.564926, 119.123764, 60.844982,13.285193, 222.199448, 0.999981
5, 841,6,190.739151, 190.745361, 119.123764, 60.844982,13.285193, 222.199448, 0.999967
5, 841,7,210.509201, 210.511688, 119.123764, 60.844982,13.285193, 222.199448, 0.999988
5, 841,8,13.285193, 13.302168, 119.123764, 60.844982,13.285193, 222.199448, 0.998724
5, 841,9,135.200089, 135.202225, 119.123764, 60.844982,13.285193, 222.199448, 0.999984
5, 841,10,222.199448, 222.199341, 119.123764, 60.844982,13.285193, 222.199448, 1.000000
5, 841,11,51.612785, 51.600655, 119.123764, 60.844982,13.285193, 222.199448, 1.000235
5, 841,12,209.310532, 209.304214, 119.123764, 60.844982,13.285193, 222.199448, 1.000030
5, 841,13,63.594189, 63.595196, 119.123764, 60.844982,13.285193, 222.199448, 0.999984
5, 841,14,83.697441, 83.695061, 119.123764, 60.844982,13.285193, 222.199448, 1.000028
5, 841,15,125.466690, 125.469154, 119.123764, 60.844982,13.285193, 222.199448, 0.999980
5, 841,16,189.899979, 189.904800, 119.123764, 60.844982,13.285193, 222.199448, 0.999975
5, 841,17,15.936427, 15.950575, 119.123764, 60.844982,13.285193, 222.199448, 0.999113
5, 841,18,134.678055, 134.681885, 119.123764, 60.844982,13.285193, 222.199448, 0.999972
5, 841,19,165.048004, 165.048477, 119.123764, 60.844982,13.285193, 222.199448, 0.999997
5, 841,20,180.476547, 180.478622, 119.123764, 60.844982,13.285193, 222.199448, 0.999988
5, 841,21,60.003395, 60.012844, 119.123764, 60.844982,13.285193, 222.199448, 0.999843
5, 841,22,17.104410, 17.104666, 119.123764, 60.844982,13.285193, 222.199448, 0.999985
5, 841,23,69.702698, 69.699203, 119.123764, 60.844982,13.285193, 222.199448, 1.000050
5, 841,24,182.069809, 182.052994, 119.123764, 60.844982,13.285193, 222.199448, 1.000092
5, 841,25,111.667709, 111.660095, 119.123764, 60.844982,13.285193, 222.199448, 1.000068
5, 841,26,117.006638, 117.023613, 119.123764, 60.844982,13.285193, 222.199448, 0.999855
5, 841,27,138.016403, 138.017395, 119.123764, 60.844982,13.285193, 222.199448, 0.999993
5, 841,28,65.246078, 65.276306, 119.123764, 60.844982,13.285193, 222.199448, 0.999537
5, 841,29,117.586639, 117.590652, 119.123764, 60.844982,13.285193, 222.199448, 0.999966
5, 841,30,60.374264, 60.366409, 119.123764, 60.844982,13.285193, 222.199448, 1.000130
5, 841,31,143.231995, 143.240829, 119.123764, 60.844982,13.285193, 222.199448, 0.999938
5, 842,0,73.317291, 73.319069, 119.125938, 63.293186,11.230220, 212.515656, 0.999976
5, 842,1,91.037148, 91.031105, 119.125938, 63.293186,11.230220, 212.515656, 1.000066
5, 842,2,40.709846, 40.708061, 119.125938, 63.293186,11.230220, 212.515656, 1.000044
5, 842,3,173.789658, 173.793304, 119.125938, 63.293186,11.230220, 212.515656, 0.999979
5, 842,4,169.421478, 169.427338, 119.125938, 63.293186,11.230220, 212.515656, 0.999965
5, 842,5,163.897644, 163.896729, 119.125938, 63.293186,11.230220, 212.515656, 1.000006
5, 842,6,179.227280, 179.228470, 119.125938, 63.293186,11.230220, 212.515656, 0.999993
5, 842,7,204.137421, 204.144974, 119.125938, 63.293186,11.230220, 212.515656, 0.999963
5, 842,8,28.144369, 28.157536, 119.125938, 63.293186,11.230220, 212.515656, 0.999532
5, 842,9,212.515656, 212.507736, 119.125938, 63.293186,11.230220, 212.515656, 1.000037
5, 842,10,25.439692, 25.452681, 119.125938, 63.293186,11.230220, 212.515656, 0.999490
5, 842,11,127.587067, 127.588013, 119.125938, 63.293186,11.230220, 212.515656, 0.999993
5, 842,12,11.230220, 11.241051, 119.125938, 63.293186,11.230220, 212.515656, 0.999036
5, 842,13,118.723404, 118.709724, 119.125938, 63.293186,11.230220, 212.515656, 1.000115
5, 842,14,56.557716, 56.561695, 119.125938, 63.293186,11.230220, 212.515656, 0.999930
5, 842,15,125.677162, 125.672340, 119.125938, 63.293186,11.230220, 212.515656, 1.000038
5, 842,16,52.735214, 52.723984, 119.125938, 63.293186,11.230220, 212.515656, 1.000213
5, 842,17,208.422379, 208.415451, 119.125938, 63.293186,11.230220, 212.515656, 1.000033
5, 842,18,57.819073, 57.821842, 119.125938, 63.293186,11.230220, 212.515656, 0.999952
5, 842,19,117.647346, 117.653236, 119.125938, 63.293186,11.230220, 212.515656, 0.999950
5, 842,20,171.348190, 171.343018, 119.125938, 63.293186,11.230220, 212.515656, 1.000030
5, 842,21,157.459351, 157.462341, 119.125938, 63.293186,11.230220, 212.515656, 0.999981
5, 842,22,32.797787, 32.803520, 119.125938, 63.293186,11.230220, 212.515656, 0.999825
5, 842,23,184.206177, 184.199051, 119.125938, 63.293186,11.230220, 212.515656, 1.000039
5, 842,24,163.875565, 163.877625, 119.125938, 63.293186,11.230220, 212.515656, 0.999987
5, 842,25,146.316177, 146.311981, 119.125938, 63.293186,11.230220, 212.515656, 1.000029
5, 842,26,206.420273, 206.410675, 119.125938, 63.293186,11.230220, 212.515656, 1.000046
5, 842,27,167.153168, 167.142548, 119.125938, 63.293186,11.230220, 212.515656, 1.000064
5, 842,28,102.099701, 102.092369, 119.125938, 63.293186,11.230220, 212.515656, 1.000072
5, 842,29,20.852209, 20.857609, 119.125938, 63.293186,11.230220, 212.515656, 0.999741
5, 842,30,127.426941, 127.422546, 119.125938, 63.293186,11.230220, 212.515656, 1.000034
5, 842,31,94.037552, 94.022354, 119.125938, 63.293186,11.230220, 212.515656, 1.000162
5, 843,0,28.112568, 28.123589, 119.124046, 79.940254,11.799223, 262.960785, 0.999608
5, 843,1,46.422249, 46.425026, 119.124046, 79.940254,11.799223, 262.960785, 0.999940
5, 843,2,142.246918, 142.251389, 119.124046, 79.940254,11.799223, 262.960785, 0.999969
5, 843,3,66.398079, 66.386383, 119.124046, 79.940254,11.799223, 262.960785, 1.000176
5, 843,4,26.471811, 26.472139, 119.124046, 79.940254,11.799223, 262.960785, 0.999988
5, 843,5,262.960785, 262.968018, 119.124046, 79.940254,11.799223, 262.960785, 0.999973
5, 843,6,11.799223, 11.795421, 119.124046, 79.940254,11.799223, 262.960785, 1.000322
5, 843,7,156.074905, 156.072739, 119.124046, 79.940254,11.799223, 262.960785, 1.000014
5, 843,8,225.111069, 225.103287, 119.124046, 79.940254,11.799223, 262.960785, 1.000035
5, 843,9,131.298080, 131.284073, 119.124046, 79.940254,11.799223, 262.960785, 1.000107
5, 843,10,72.789185, 72.788918, 119.124046, 79.940254,11.799223, 262.960785, 1.000004
5, 843,11,19.739832, 19.747780, 119.124046, 79.940254,11.799223, 262.960785, 0.999598
5, 843,12,30.654797, 30.664278, 119.124046, 79.940254,11.799223, 262.960785, 0.999691
5, 843,13,29.928583, 29.919008, 119.124046, 79.940254,11.799223, 262.960785, 1.000320
5, 843,14,202.686707, 202.685928, 119.124046, 79.940254,11.799223, 262.960785, 1.000004
5, 843,15,176.957748, 176.957199, 119.124046, 79.940254,11.799223, 262.960785, 1.000003
5, 843,16,65.215263, 65.209190, 119.124046, 79.940254,11.799223, 262.960785, 1.000093
5, 843,17,14.820752, 14.810373, 119.124046, 79.940254,11.799223, 262.960785, 1.000701
5, 843,18,156.358688, 156.369141, 119.124046, 79.940254,11.799223, 262.960785, 0.999933
5, 843,19,68.885338, 68.893188, 119.124046, 79.940254,11.799223, 262.960785, 0.999886
5, 843,20,198.775131, 198.773254, 119.124046, 79.940254,11.799223, 262.960785, 1.000009
5, 843,21,206.113312, 206.124329, 119.124046, 79.940254,11.799223, 262.960785, 0.999947
5, 843,22,243.940125, 243.929794, 119.124046, 79.940254,11.799223, 262.960785, 1.000042
5, 843,23,222.295792, 222.300049, 119.124046, 79.940254,11.799223, 262.960785, 0.999981
5, 843,24,168.844818, 168.852402, 119.124046, 79.940254,11.799223, 262.960785, 0.999955
5, 843,25,74.337387, 74.330269, 119.124046, 79.940254,11.799223, 262.960785, 1.000096
5, 843,26,38.325039, 38.328690, 119.124046, 79.940254,11.799223, 262.960785, 0.999905
5, 843,27,56.134613, 56.130455, 119.124046, 79.940254,11.799223, 262.960785, 1.000074
5, 843,28,228.768265, 228.770355, 119.124046, 79.940254,11.799223, 262.960785, 0.999991
5, 843,29,137.704208, 137.712006, 119.124046, 79.940254,11.799223, 262.960785, 0.999943
5, 843,30,116.575920, 116.581940, 119.124046, 79.940254,11.799223, 262.960785, 0.999948
5, 843,31,185.222458, 185.239853, 119.124046, 79.940254,11.799223, 262.960785, 0.999906
5, 844,0,179.588074, 179.580490, 119.124626, 64.051964,14.756525, 216.291306, 1.000042
5, 844,1,216.291306, 216.289169, 119.124626, 64.051964,14.756525, 216.291306, 1.000010
5, 844,2,35.626698, 35.616577, 119.124626, 64.051964,14.756525, 216.291306, 1.000284
5, 844,3,133.760544, 133.760864, 119.124626, 64.051964,14.756525, 216.291306, 0.999998
5, 844,4,139.529877, 139.534073, 119.124626, 64.051964,14.756525, 216.291306, 0.999970
5, 844,5,145.010986, 145.010712, 119.124626, 64.051964,14.756525, 216.291306, 1.000002
5, 844,6,81.073997, 81.070229, 119.124626, 64.051964,14.756525, 216.291306, 1.000046
5, 844,7,42.641090, 42.639050, 119.124626, 64.051964,14.756525, 216.291306, 1.000048
5, 844,8,209.768845, 209.771454, 119.124626, 64.051964,14.756525, 216.291306, 0.999988
5, 844,9,125.745979, 125.747818, 119.124626, 64.051964,14.756525, 216.291306, 0.999985
5, 844,10,198.106628, 198.111496, 119.124626, 64.051964,14.756525, 216.291306, 0.999975
5, 844,11,93.986076, 93.979469, 119.124626, 64.051964,14.756525, 216.291306, 1.000070
5, 844,12,208.730316, 208.730377, 119.124626, 64.051964,14.756525, 216.291306, 1.000000
5, 844,13,137.096558, 137.098602, 119.124626, 64.051964,14.756525, 216.291306, 0.999985
5, 844,14,184.988434, 184.981400, 119.124626, 64.051964,14.756525, 216.291306, 1.000038
5, 844,15,140.508820, 140.512039, 119.124626, 64.051964,14.756525, 216.291306, 0.999977
5, 844,16,44.902695, 44.904163, 119.124626, 64.051964,14.756525, 216.291306, 0.999967
5, 844,17,89.485695, 89.487106, 119.124626, 64.051964,14.756525, 216.291306, 0.999984
5, 844,18,58.884560, 58.886021, 119.124626, 64.051964,14.756525, 216.291306, 0.999975
5, 844,19,161.359497, 161.364960, 119.124626, 64.051964,14.756525, 216.291306, 0.999966
5, 844,20,205.414078, 205.417892, 119.124626, 64.051964,14.756525, 216.291306, 0.999981
5, 844,21,39.145168, 39.143593, 119.124626, 64.051964,14.756525, 216.291306, 1.000040
5, 844,22,163.690048, 163.699478, 119.124626, 64.051964,14.756525, 216.291306, 0.999942
5, 844,23,171.723892, 171.725159, 119.124626, 64.051964,14.756525, 216.291306, 0.999993
5, 844,24,88.743881, 88.748894, 119.124626, 64.051964,14.756525, 216.291306, 0.999943
5, 844,25,47.081524, 47.080940, 119.124626, 64.051964,14.756525, 216.291306, 1.000012
5, 844,26,68.151039, 68.148376, 119.124626, 64.051964,14.756525, 216.291306, 1.000039
5, 844,27,39.234398, 39.238232, 119.124626, 64.051964,14.756525, 216.291306, 0.999902
5, 844,28,132.028244, 132.025757, 119.124626, 64.051964,14.756525, 216.291306, 1.000019
5, 844,29,25.561506, 25.565540, 119.124626, 64.051964,14.756525, 216.291306, 0.999842
5, 844,30,189.370987, 189.366516, 119.124626, 64.051964,14.756525, 216.291306, 1.000024
5, 844,31,14.756525, 14.763674, 119.124626, 64.051964,14.756525, 216.291306, 0.999516
5, 845,0,148.051254, 148.048737, 119.127563, 74.301666,13.530521, 225.976807, 1.000017
5, 845,1,18.292812, 18.293011, 119.127563, 74.301666,13.530521, 225.976807, 0.999989
5, 845,2,51.099419, 51.113422, 119.127563, 74.301666,13.530521, 225.976807, 0.999726
5, 845,3,210.450333, 210.438721, 119.127563, 74.301666,13.530521, 225.976807, 1.000055
5, 845,4,197.980377, 197.985931, 119.127563, 74.301666,13.530521, 225.976807, 0.999972
5, 845,5,13.530521, 13.529505, 119.127563, 74.301666,13.530521, 225.976807, 1.000075
5, 845,6,208.149307, 208.136581, 119.127563, 74.301666,13.530521, 225.976807, 1.000061
5, 845,7,186.338806, 186.322647, 119.127563, 74.301666,13.530521, 225.976807, 1.000087
5, 845,8,217.304443, 217.311966, 119.127563, 74.301666,13.530521, 225.976807, 0.999965
5, 845,9,164.311386, 164.322937, 119.127563, 74.301666,13.530521, 225.976807, 0.999930
5, 845,10,67.373138, 67.361084, 119.127563, 74.301666,13.530521, 225.976807, 1.000179
5, 845,11,120.931000, 120.933929, 119.127563, 74.301666,13.530521, 225.976807, 0.999976
5, 845,12,100.541489, 100.546394, 119.127563, 74.301666,13.530521, 225.976807, 0.999951
5, 845,13,42.488346, 42.475426, 119.127563, 74.301666,13.530521, 225.976807, 1.000304
5, 845,14,212.503098, 212.488739, 119.127563, 74.301666,13.530521, 225.976807, 1.000068
5, 845,15,39.789497, 39.781857, 119.127563, 74.301666,13.530521, 225.976807, 1.000192
5, 845,16,202.243027, 202.238602, 119.127563, 74.301666,13.530521, 225.976807, 1.000022
5, 845,17,225.976807, 225.969879, 119.127563, 74.301666,13.530521, 225.976807, 1.000031
5, 845,18,180.526627, 180.524170, 119.127563, 74.301666,13.530521, 225.976807, 1.000014
5, 845,19,19.141439, 19.128944, 119.127563, 74.301666,13.530521, 225.976807, 1.000653
5, 845,20,210.082062, 210.073822, 119.127563, 74.301666,13.530521, 225.976807, 1.000039
5, 845,21,54.429127, 54.443897, 119.127563, 74.301666,13.530521, 225.976807, 0.999729
5, 845,22,113.681427, 113.682518, 119.127563, 74.301666,13.530521, 225.976807, 0.999990
5, 845,23,40.013500, 40.027328, 119.127563, 74.301666,13.530521, 225.976807, 0.999655
5, 845,24,153.389435, 153.389450, 119.127563, 74.301666,13.530521, 225.976807, 1.000000
5, 845,25,65.934959, 65.921417, 119.127563, 74.301666,13.530521, 225.976807, 1.000205
5, 845,26,107.038528, 107.028214, 119.127563, 74.301666,13.530521, 225.976807, 1.000096
5, 845,27,16.103432, 16.090385, 119.127563, 74.301666,13.530521, 225.976807, 1.000811
5, 845,28,20.989248, 20.986578, 119.127563, 74.301666,13.530521, 225.976807, 1.000127
5, 845,29,126.758255, 126.772202, 119.127563, 74.301666,13.530521, 225.976807, 0.999890
5, 845,30,84.761551, 84.756500, 119.127563, 74.301666,13.530521, 225.976807, 1.000060
5, 845,31,191.877319, 191.875626, 119.127563, 74.301666,13.530521, 225.976807, 1.000009
5, 846,0,284.476349, 284.485931, 119.126053, 87.204826,10.769318, 284.476349, 0.999966
5, 846,1,33.387585, 33.384632, 119.126053, 87.204826,10.769318, 284.476349, 1.000088
5, 846,2,129.664520, 129.651215, 119.126053, 87.204826,10.769318, 284.476349, 1.000103
5, 846,3,53.351925, 53.342129, 119.126053, 87.204826,10.769318, 284.476349, 1.000184
5, 846,4,32.003757, 32.020599, 119.126053, 87.204826,10.769318, 284.476349, 0.999474
5, 846,5,103.985878, 103.973305, 119.126053, 87.204826,10.769318, 284.476349, 1.000121
5, 846,6,276.456726, 276.463715, 119.126053, 87.204826,10.769318, 284.476349, 0.999975
5, 846,7,10.769318, 10.775793, 119.126053, 87.204826,10.769318, 284.476349, 0.999399
5, 846,8,132.009171, 132.012695, 119.126053, 87.204826,10.769318, 284.476349, 0.999973
5, 846,9,20.816221, 20.809958, 119.126053, 87.204826,10.769318, 284.476349, 1.000301
5, 846,10,33.271812, 33.290855, 119.126053, 87.204826,10.769318, 284.476349, 0.999428
5, 846,11,69.176765, 69.190475, 119.126053, 87.204826,10.769318, 284.476349, 0.999802
5, 846,12,37.062225, 37.050468, 119.126053, 87.204826,10.769318, 284.476349, 1.000317
5, 846,13,277.132141, 277.137238, 119.126053, 87.204826,10.769318, 284.476349, 0.999982
5, 846,14,110.043411, 110.026207, 119.126053, 87.204826,10.769318, 284.476349, 1.000156
5, 846,15,50.068333, 50.076977, 119.126053, 87.204826,10.769318, 284.476349, 0.999827
5, 846,16,155.624069, 155.618988, 119.126053, 87.204826,10.769318, 284.476349, 1.000033
5, 846,17,168.167084, 168.168091, 119.126053, 87.204826,10.769318, 284.476349, 0.999994
5, 846,18,81.350433, 81.355949, 119.126053, 87.204826,10.769318, 284.476349, 0.999932
5, 846,19,48.883400, 48.866402, 119.126053, 87.204826,10.769318, 284.476349, 1.000348
5, 846,20,251.269073, 251.280289, 119.126053, 87.204826,10.769318, 284.476349, 0.999955
5, 846,21,114.195793, 114.186501, 119.126053, 87.204826,10.769318, 284.476349, 1.000081
5, 846,22,251.905197, 251.919662, 119.126053, 87.204826,10.769318, 284.476349, 0.999943
5, 846,23,181.873886, 181.851044, 119.126053, 87.204826,10.769318, 284.476349, 1.000126
5, 846,24,96.893654, 96.897392, 119.126053, 87.204826,10.769318, 284.476349, 0.999961
5, 846,25,12.158733, 12.156877, 119.126053, 87.204826,10.769318, 284.476349, 1.000153
5, 846,26,71.634880, 71.637222, 119.126053, 87.204826,10.769318, 284.476349, 0.999967
5, 846,27,67.568962, 67.570694, 119.126053, 87.204826,10.769318, 284.476349, 0.999974
5, 846,28,87.943993, 87.937401, 119.126053, 87.204826,10.769318, 284.476349, 1.000075
5, 846,29,224.270340, 224.255402, 119.126053, 87.204826,10.769318, 284.476349, 1.000067
5, 846,30,93.672081, 93.674873, 119.126053, 87.204826,10.769318, 284.476349, 0.999970
5, 846,31,250.946396, 250.930771, 119.126053, 87.204826,10.769318, 284.476349, 1.000062
5, 847,0,157.230423, 157.233185, 119.123589, 49.961155,20.324665, 201.876022, 0.999982
5, 847,1,158.184631, 158.195877, 119.123589, 49.961155,20.324665, 201.876022, 0.999929
5, 847,2,60.354118, 60.357296, 119.123589, 49.961155,20.324665, 201.876022, 0.999947
5, 847,3,71.678970, 71.691772, 119.123589, 49.961155,20.324665, 201.876022, 0.999821
5, 847,4,105.250763, 105.247162, 119.123589, 49.961155,20.324665, 201.876022, 1.000034
5, 847,5,55.631401, 55.634598, 119.123589, 49.961155,20.324665, 201.876022, 0.999943
5, 847,6,182.961975, 182.959778, 119.123589, 49.961155,20.324665, 201.876022, 1.000012
5, 847,7,164.964767, 164.977188, 119.123589, 49.961155,20.324665, 201.876022, 0.999925
5, 847,8,113.438972, 113.433174, 119.123589, 49.961155,20.324665, 201.876022, 1.000051
5, 847,9,105.079681, 105.071571, 119.123589, 49.961155,20.324665, 201.876022, 1.000077
5, 847,10,172.657318, 172.660675, 119.123589, 49.961155,20.324665, 201.876022, 0.999981
5, 847,11,90.691025, 90.697617, 119.123589, 49.961155,20.324665, 201.876022, 0.999927
5, 847,12,122.082596, 122.073280, 119.123589, 49.961155,20.324665, 201.876022, 1.000076
5, 847,13,128.487503, 128.467102, 119.123589, 49.961155,20.324665, 201.876022, 1.000159
5, 847,14,147.100052, 147.085434, 119.123589, 49.961155,20.324665, 201.876022, 1.000099
5, 847,15,50.997692, 50.990608, 119.123589, 49.961155,20.324665, 201.876022, 1.000139
5, 847,16,141.359222, 141.369751, 119.123589, 49.961155,20.324665, 201.876022, 0.999926
5, 847,17,130.188095, 130.204803, 119.123589, 49.961155,20.324665, 201.876022, 0.999872
5, 847,18,87.388817, 87.391716, 119.123589, 49.961155,20.324665, 201.876022, 0.999967
5, 847,19,20.324665, 20.335445, 119.123589, 49.961155,20.324665, 201.876022, 0.999470
5, 847,20,196.425674, 196.431580, 119.123589, 49.961155,20.324665, 201.876022, 0.999970
5, 847,21,90.080826, 90.073975, 119.123589, 49.961155,20.324665, 201.876022, 1.000076
5, 847,22,186.471024, 186.459412, 119.123589, 49.961155,20.324665, 201.876022, 1.000062
5, 847,23,114.596863, 114.589630, 119.123589, 49.961155,20.324665, 201.876022, 1.000063
5, 847,24,137.833298, 137.815613, 119.123589, 49.961155,20.324665, 201.876022, 1.000128
5, 847,25,159.635010, 159.642975, 119.123589, 49.961155,20.324665, 201.876022, 0.999950
5, 847,26,185.309998, 185.327179, 119.123589, 49.961155,20.324665, 201.876022, 0.999907
5, 847,27,27.242336, 27.262070, 119.123589, 49.961155,20.324665, 201.876022, 0.999276
5, 847,28,67.817421, 67.822784, 119.123589, 49.961155,20.324665, 201.876022, 0.999921
5, 847,29,201.876022, 201.874786, 119.123589, 49.961155,20.324665, 201.876022, 1.000006
5, 847,30,84.863449, 84.866890, 119.123589, 49.961155,20.324665, 201.876022, 0.999959
5, 847,31,93.749825, 93.755257, 119.123589, 49.961155,20.324665, 201.876022, 0.999942
5, 848,0,57.068516, 57.058861, 119.124123, 56.633564,12.364750, 226.419067, 1.000169
5, 848,1,109.745285, 109.748329, 119.124123, 56.633564,12.364750, 226.419067, 0.999972
5, 848,2,183.693954, 183.689713, 119.124123, 56.633564,12.364750, 226.419067, 1.000023
5, 848,3,112.556290, 112.556404, 119.124123, 56.633564,12.364750, 226.419067, 0.999999
5, 848,4,53.961369, 53.962029, 119.124123, 56.633564,12.364750, 226.419067, 0.999988
5, 848,5,150.679398, 150.685715, 119.124123, 56.633564,12.364750, 226.419067, 0.999958
5, 848,6,62.497402, 62.501781, 119.124123, 56.633564,12.364750, 226.419067, 0.999930
5, 848,7,181.604141, 181.603500, 119.124123, 56.633564,12.364750, 226.419067, 1.000004
5, 848,8,180.153595, 180.152527, 119.124123, 56.633564,12.364750, 226.419067, 1.000006
5, 848,9,186.318390, 186.324554, 119.124123, 56.633564,12.364750, 226.419067, 0.999967
5, 848,10,147.419601, 147.422836, 119.124123, 56.633564,12.364750, 226.419067, 0.999978
5, 848,11,15.189113, 15.175825, 119.124123, 56.633564,12.364750, 226.419067, 1.000876
5, 848,12,78.529984, 78.527351, 119.124123, 56.633564,12.364750, 226.419067, 1.000033
5, 848,13,226.419067, 226.431778, 119.124123, 56.633564,12.364750, 226.419067, 0.999944
5, 848,14,163.981247, 163.997025, 119.124123, 56.633564,12.364750, 226.419067, 0.999904
5, 848,15,107.829430, 107.828148, 119.124123, 56.633564,12.364750, 226.419067, 1.000012
5, 848,16,79.866730, 79.870026, 119.124123, 56.633564,12.364750, 226.419067, 0.999959
5, 848,17,103.890808, 103.893936, 119.124123, 56.633564,12.364750, 226.419067, 0.999970
5, 848,18,148.397537, 148.390152, 119.124123, 56.633564,12.364750, 226.419067, 1.000050
5, 848,19,208.857620, 208.875839, 119.124123, 56.633564,12.364750, 226.419067, 0.999913
5, 848,20,61.721195, 61.729374, 119.124123, 56.633564,12.364750, 226.419067, 0.999867
5, 848,21,89.177292, 89.167747, 119.124123, 56.633564,12.364750, 226.419067, 1.000107
5, 848,22,171.356064, 171.360123, 119.124123, 56.633564,12.364750, 226.419067, 0.999976
5, 848,23,180.074921, 180.073120, 119.124123, 56.633564,12.364750, 226.419067, 1.000010
5, 848,24,98.498566, 98.494331, 119.124123, 56.633564,12.364750, 226.419067, 1.000043
5, 848,25,152.305573, 152.302704, 119.124123, 56.633564,12.364750, 226.419067, 1.000019
5, 848,26,97.818199, 97.830208, 119.124123, 56.633564,12.364750, 226.419067, 0.999877
5, 848,27,36.838947, 36.831997, 119.124123, 56.633564,12.364750, 226.419067, 1.000189
5, 848,28,12.364750, 12.353304, 119.124123, 56.633564,12.364750, 226.419067, 1.000926
5, 848,29,156.947159, 156.951553, 119.124123, 56.633564,12.364750, 226.419067, 0.999972
5, 848,30,99.046318, 99.050179, 119.124123, 56.633564,12.364750, 226.419067, 0.999961
5, 848,31,97.163620, 97.158867, 119.124123, 56.633564,12.364750, 226.419067, 1.000049
5, 849,0,20.866234, 20.868374, 119.125641, 68.963043,11.225052, 240.364395, 0.999897
5, 849,1,78.725685, 78.707085, 119.125641, 68.963043,11.225052, 240.364395, 1.000236
5, 849,2,154.331314, 154.326355, 119.125641, 68.963043,11.225052, 240.364395, 1.000032
5, 849,3,155.286926, 155.296875, 119.125641, 68.963043,11.225052, 240.364395, 0.999936
5, 849,4,63.378990, 63.371342, 119.125641, 68.963043,11.225052, 240.364395, 1.000121
5, 849,5,157.993958, 157.986191, 119.125641, 68.963043,11.225052, 240.364395, 1.000049
5, 849,6,184.200684, 184.197708, 119.125641, 68.963043,11.225052, 240.364395, 1.000016
5, 849,7,239.733871, 239.739792, 119.125641, 68.963043,11.225052, 240.364395, 0.999975
5, 849,8,240.364395, 240.369492, 119.125641, 68.963043,11.225052, 240.364395, 0.999979
5, 849,9,90.791466, 90.797867, 119.125641, 68.963043,11.225052, 240.364395, 0.999929
5, 849,10,41.702019, 41.701271, 119.125641, 68.963043,11.225052, 240.364395, 1.000018
5, 849,11,13.768727, 13.778371, 119.125641, 68.963043,11.225052, 240.364395, 0.999300
5, 849,12,166.970245, 166.957977, 119.125641, 68.963043,11.225052, 240.364395, 1.000073
5, 849,13,18.280523, 18.275372, 119.125641, 68.963043,11.225052, 240.364395, 1.000282
5, 849,14,38.024746, 38.034031, 119.125641, 68.963043,11.225052, 240.364395, 0.999756
5, 849,15,102.927521, 102.918289, 119.125641, 68.963043,11.225052, 240.364395, 1.000090
5, 849,16,208.049759, 208.045914, 119.125641, 68.963043,11.225052, 240.364395, 1.000018
5, 849,17,11.225052, 11.229822, 119.125641, 68.963043,11.225052, 240.364395, 0.999575
5, 849,18,226.875671, 226.863678, 119.125641, 68.963043,11.225052, 240.364395, 1.000053
5, 849,19,154.722443, 154.719009, 119.125641, 68.963043,11.225052, 240.364395, 1.000022
5, 849,20,174.519714, 174.507309, 119.125641, 68.963043,11.225052, 240.364395, 1.000071
5, 849,21,127.933739, 127.937027, 119.125641, 68.963043,11.225052, 240.364395, 0.999974
5, 849,22,140.004120, 139.998184, 119.125641, 68.963043,11.225052, 240.364395, 1.000042
5, 849,23,147.626114, 147.621597, 119.125641, 68.963043,11.225052, 240.364395, 1.000031
5, 849,24,161.014679, 161.016312, 119.125641, 68.963043,11.225052, 240.364395, 0.999990
5, 849,25,115.775352, 115.772163, 119.125641, 68.963043,11.225052, 240.364395, 1.000028
5, 849,26,76.863846, 76.884575, 119.125641, 68.963043,11.225052, 240.364395, 0.999730
5, 849,27,194.305740, 194.310425, 119.125641, 68.963043,11.225052, 240.364395, 0.999976
5, 849,28,73.843872, 73.832245, 119.125641, 68.963043,11.225052, 240.364395, 1.000157
5, 849,29,129.986267, 129.989197, 119.125641, 68.963043,11.225052, 240.364395, 0.999977
5, 849,30,71.191681, 71.209610, 119.125641, 68.963043,11.225052, 240.364395, 0.999748
5, 849,31,30.735113, 30.736589, 119.125641, 68.963043,11.225052, 240.364395, 0.999952
5, 850,0,93.086067, 93.093117, 119.127594, 67.061539,15.318586, 225.353928, 0.999924
5, 850,1,73.192871, 73.209869, 119.127594, 67.061539,15.318586, 225.353928, 0.999768
5, 850,2,57.464207, 57.464508, 119.127594, 67.061539,15.318586, 225.353928, 0.999995
5, 850,3,210.836533, 210.827377, 119.127594, 67.061539,15.318586, 225.353928, 1.000043
5, 850,4,122.699364, 122.703011, 119.127594, 67.061539,15.318586, 225.353928, 0.999970
5, 850,5,171.719528, 171.719208, 119.127594, 67.061539,15.318586, 225.353928, 1.000002
5, 850,6,60.203384, 60.191730, 119.127594, 67.061539,15.318586, 225.353928, 1.000194
5, 850,7,28.868658, 28.855486, 119.127594, 67.061539,15.318586, 225.353928, 1.000456
5, 850,8,127.687523, 127.687256, 119.127594, 67.061539,15.318586, 225.353928, 1.000002
5, 850,9,124.024513, 124.019592, 119.127594, 67.061539,15.318586, 225.353928, 1.000040
5, 850,10,205.671799, 205.668488, 119.127594, 67.061539,15.318586, 225.353928, 1.000016
5, 850,11,93.049568, 93.046089, 119.127594, 67.061539,15.318586, 225.353928, 1.000037
5, 850,12,211.806992, 211.808105, 119.127594, 67.061539,15.318586, 225.353928, 0.999995
5, 850,13,89.250793, 89.244095, 119.127594, 67.061539,15.318586, 225.353928, 1.000075
5, 850,14,35.926395, 35.922096, 119.127594, 67.061539,15.318586, 225.353928, 1.000120
5, 850,15,68.061447, 68.064423, 119.127594, 67.061539,15.318586, 225.353928, 0.999956
5, 850,16,15.376006, 15.360413, 119.127594, 67.061539,15.318586, 225.353928, 1.001015
5, 850,17,71.001640, 71.006599, 119.127594, 67.061539,15.318586, 225.353928, 0.999930
5, 850,18,15.318586, 15.306674, 119.127594, 67.061539,15.318586, 225.353928, 1.000778
5, 850,19,106.976303, 106.964348, 119.127594, 67.061539,15.318586, 225.353928, 1.000112
5, 850,20,53.919567, 53.924484, 119.127594, 67.061539,15.318586, 225.353928, 0.999909
5, 850,21,110.764732, 110.759636, 119.127594, 67.061539,15.318586, 225.353928, 1.000046
5, 850,22,207.426468, 207.435135, 119.127594, 67.061539,15.318586, 225.353928, 0.999958
5, 850,23,225.353928, 225.350204, 119.127594, 67.061539,15.318586, 225.353928, 1.000017
5, 850,24,211.569611, 211.559570, 119.127594, 67.061539,15.318586, 225.353928, 1.000047
5, 850,25,213.365540, 213.353088, 119.127594, 67.061539,15.318586, 225.353928, 1.000058
5, 850,26,195.917816, 195.908234, 119.127594, 67.061539,15.318586, 225.353928, 1.000049
5, 850,27,126.554543, 126.558739, 119.127594, 67.061539,15.318586, 225.353928, 0.999967
5, 850,28,182.808517, 182.796051, 119.127594, 67.061539,15.318586, 225.353928, 1.000068
5, 850,29,149.173935, 149.175919, 119.127594, 67.061539,15.318586, 225.353928, 0.999987
5, 850,30,35.517662, 35.532490, 119.127594, 67.061539,15.318586, 225.353928, 0.999583
5, 850,31,117.489029, 117.483658, 119.127594, 67.061539,15.318586, 225.353928, 1.000046
5, 851,0,166.960037, 166.960007, 119.123787, 63.858829,15.303486, 230.053314, 1.000000
5, 851,1,48.437599, 48.442532, 119.123787, 63.858829,15.303486, 230.053314, 0.999898
5, 851,2,152.119522, 152.123962, 119.123787, 63.858829,15.303486, 230.053314, 0.999971
5, 851,3,124.861542, 124.863121, 119.123787, 63.858829,15.303486, 230.053314, 0.999987
5, 851,4,211.095276, 211.106079, 119.123787, 63.858829,15.303486, 230.053314, 0.999949
5, 851,5,169.266403, 169.268738, 119.123787, 63.858829,15.303486, 230.053314, 0.999986
5, 851,6,184.344055, 184.343842, 119.123787, 63.858829,15.303486, 230.053314, 1.000001
5, 851,7,80.834969, 80.833160, 119.123787, 63.858829,15.303486, 230.053314, 1.000022
5, 851,8,56.388000, 56.372837, 119.123787, 63.858829,15.303486, 230.053314, 1.000269
5, 851,9,90.291351, 90.300354, 119.123787, 63.858829,15.303486, 230.053314, 0.999900
5, 851,10,218.692764, 218.694855, 119.123787, 63.858829,15.303486, 230.053314, 0.999990
5, 851,11,38.591442, 38.592827, 119.123787, 63.858829,15.303486, 230.053314, 0.999964
5, 851,12,74.565277, 74.549026, 119.123787, 63.858829,15.303486, 230.053314, 1.000218
5, 851,13,139.702637, 139.705978, 119.123787, 63.858829,15.303486, 230.053314, 0.999976
5, 851,14,199.730072, 199.719498, 119.123787, 63.858829,15.303486, 230.053314, 1.000053
5, 851,15,175.102753, 175.102066, 119.123787, 63.858829,15.303486, 230.053314, 1.000004
5, 851,16,38.727001, 38.743103, 119.123787, 63.858829,15.303486, 230.053314, 0.999584
5, 851,17,198.326019, 198.332886, 119.123787, 63.858829,15.303486, 230.053314, 0.999965
5, 851,18,86.757408, 86.762108, 119.123787, 63.858829,15.303486, 230.053314, 0.999946
5, 851,19,128.059387, 128.073486, 119.123787, 63.858829,15.303486, 230.053314, 0.999890
5, 851,20,138.399292, 138.421829, 119.123787, 63.858829,15.303486, 230.053314, 0.999837
5, 851,21,39.710194, 39.706215, 119.123787, 63.858829,15.303486, 230.053314, 1.000100
5, 851,22,92.879051, 92.882317, 119.123787, 63.858829,15.303486, 230.053314, 0.999965
5, 851,23,97.756317, 97.759361, 119.123787, 63.858829,15.303486, 230.053314, 0.999969
5, 851,24,52.275108, 52.267658, 119.123787, 63.858829,15.303486, 230.053314, 1.000143
5, 851,25,125.153709, 125.156830, 119.123787, 63.858829,15.303486, 230.053314, 0.999975
5, 851,26,230.053314, 230.047287, 119.123787, 63.858829,15.303486, 230.053314, 1.000026
5, 851,27,225.019440, 225.026810, 119.123787, 63.858829,15.303486, 230.053314, 0.999967
5, 851,28,58.582153, 58.579121, 119.123787, 63.858829,15.303486, 230.053314, 1.000052
5, 851,29,91.201187, 91.181496, 119.123787, 63.858829,15.303486, 230.053314, 1.000216
5, 851,30,62.774353, 62.779930, 119.123787, 63.858829,15.303486, 230.053314, 0.999911
5, 851,31,15.303486, 15.300533, 119.123787, 63.858829,15.303486, 230.053314, 1.000193
5, 852,0,212.269455, 212.278931, 119.124794, 62.748516,13.596889, 226.952927, 0.999955
5, 852,1,109.436401, 109.453697, 119.124794, 62.748516,13.596889, 226.952927, 0.999842
5, 852,2,129.257874, 129.256485, 119.124794, 62.748516,13.596889, 226.952927, 1.000011
5, 852,3,134.473770, 134.473709, 119.124794, 62.748516,13.596889, 226.952927, 1.000000
5, 852,4,36.577442, 36.592506, 119.124794, 62.748516,13.596889, 226.952927, 0.999588
5, 852,5,132.886078, 132.901199, 119.124794, 62.748516,13.596889, 226.952927, 0.999886
5, 852,6,130.570724, 130.569122, 119.124794, 62.748516,13.596889, 226.952927, 1.000012
5, 852,7,84.941437, 84.920097, 119.124794, 62.748516,13.596889, 226.952927, 1.000251
5, 852,8,32.585590, 32.587967, 119.124794, 62.748516,13.596889, 226.952927, 0.999927
5, 852,9,161.580704, 161.579269, 119.124794, 62.748516,13.596889, 226.952927, 1.000009
5, 852,10,226.952927, 226.951126, 119.124794, 62.748516,13.596889, 226.952927, 1.000008
5, 852,11,79.669792, 79.656235, 119.124794, 62.748516,13.596889, 226.952927, 1.000170
5, 852,12,196.707062, 196.713882, 119.124794, 62.748516,13.596889, 226.952927, 0.999965
5, 852,13,154.216522, 154.223190, 119.124794, 62.748516,13.596889, 226.952927, 0.999957
5, 852,14,152.131393, 152.124298, 119.124794, 62.748516,13.596889, 226.952927, 1.000047
5, 852,15,13.596889, 13.591421, 119.124794, 62.748516,13.596889, 226.952927, 1.000402
5, 852,16,171.861343, 171.880463, 119.124794, 62.748516,13.596889, 226.952927, 0.999889
5, 852,17,33.430576, 33.414196, 119.124794, 62.748516,13.596889, 226.952927, 1.000490
5, 852,18,200.281265, 200.285324, 119.124794, 62.748516,13.596889, 226.952927, 0.999980
5, 852,19,19.164747, 19.161787, 119.124794, 62.748516,13.596889, 226.952927, 1.000154
5, 852,20,118.253677, 118.242355, 119.124794, 62.748516,13.596889, 226.952927, 1.000096
5, 852,21,157.126831, 157.141632, 119.124794, 62.748516,13.596889, 226.952927, 0.999906
5, 852,22,166.222137, 166.223450, 119.124794, 62.748516,13.596889, 226.952927, 0.999992
5, 852,23,179.882721, 179.882843, 119.124794, 62.748516,13.596889, 226.952927, 0.999999
5, 852,24,180.646317, 180.642456, 119.124794, 62.748516,13.596889, 226.952927, 1.000021
5, 852,25,105.507210, 105.502472, 119.124794, 62.748516,13.596889, 226.952927, 1.000045
5, 852,26,64.982124, 64.984047, 119.124794, 62.748516,13.596889, 226.952927, 0.999970
5, 852,27,145.450378, 145.447876, 119.124794, 62.748516,13.596889, 226.952927, 1.000017
5, 852,28,33.180058, 33.174324, 119.124794, 62.748516,13.596889, 226.952927, 1.000173
5, 852,29,74.227615, 74.232452, 119.124794, 62.748516,13.596889, 226.952927, 0.999935
5, 852,30,17.777157, 17.782522, 119.124794, 62.748516,13.596889, 226.952927, 0.999698
5, 852,31,156.144745, 156.128845, 119.124794, 62.748516,13.596889, 226.952927, 1.000102
5, 853,0,88.544365, 88.541115, 119.125275, 61.968861,16.347069, 208.422775, 1.000037
5, 853,1,103.158737, 103.152512, 119.125275, 61.968861,16.347069, 208.422775, 1.000060
5, 853,2,73.534203, 73.534286, 119.125275, 61.968861,16.347069, 208.422775, 0.999999
5, 853,3,70.242340, 70.234726, 119.125275, 61.968861,16.347069, 208.422775, 1.000108
5, 853,4,186.428696, 186.412827, 119.125275, 61.968861,16.347069, 208.422775, 1.000085
5, 853,5,135.880524, 135.882294, 119.125275, 61.968861,16.347069, 208.422775, 0.999987
5, 853,6,198.194229, 198.191422, 119.125275, 61.968861,16.347069, 208.422775, 1.000014
5, 853,7,95.232353, 95.230988, 119.125275, 61.968861,16.347069, 208.422775, 1.000014
5, 853,8,172.849289, 172.858078, 119.125275, 61.968861,16.347069, 208.422775, 0.999949
5, 853,9,40.749187, 40.759132, 119.125275, 61.968861,16.347069, 208.422775, 0.999756
5, 853,10,108.054840, 108.053223, 119.125275, 61.968861,16.347069, 208.422775, 1.000015
5, 853,11,17.306559, 17.292732, 119.125275, 61.968861,16.347069, 208.422775, 1.000800
5, 853,12,141.161850, 141.152512, 119.125275, 61.968861,16.347069, 208.422775, 1.000066
5, 853,13,191.053146, 191.073700, 119.125275, 61.968861,16.347069, 208.422775, 0.999892
5, 853,14,16.347069, 16.352781, 119.125275, 61.968861,16.347069, 208.422775, 0.999651
5, 853,15,189.188385, 189.193802, 119.125275, 61.968861,16.347069, 208.422775, 0.999971
5, 853,16,197.594070, 197.607986, 119.125275, 61.968861,16.347069, 208.422775, 0.999930
5, 853,17,66.341362, 66.351761, 119.125275, 61.968861,16.347069, 208.422775, 0.999843
5, 853,18,71.125320, 71.129311, 119.125275, 61.968861,16.347069, 208.422775, 0.999944
5, 853,19,52.453487, 52.453430, 119.125275, 61.968861,16.347069, 208.422775, 1.000001
5, 853,20,130.527664, 130.534302, 119.125275, 61.968861,16.347069, 208.422775, 0.999949
5, 853,21,121.735840, 121.724663, 119.125275, 61.968861,16.347069, 208.422775, 1.000092
5, 853,22,190.324142, 190.315262, 119.125275, 61.968861,16.347069, 208.422775, 1.000047
5, 853,23,145.420074, 145.424423, 119.125275, 61.968861,16.347069, 208.422775, 0.999970
5, 853,24,103.507820, 103.509048, 119.125275, 61.968861,16.347069, 208.422775, 0.999988
5, 853,25,159.461716, 159.445923, 119.125275, 61.968861,16.347069, 208.422775, 1.000099
5, 853,26,194.345291, 194.340836, 119.125275, 61.968861,16.347069, 208.422775, 1.000023
5, 853,27,32.819519, 32.818153, 119.125275, 61.968861,16.347069, 208.422775, 1.000042
5, 853,28,202.377319, 202.379059, 119.125275, 61.968861,16.347069, 208.422775, 0.999991
5, 853,29,77.251625, 77.255203, 119.125275, 61.968861,16.347069, 208.422775, 0.999954
5, 853,30,30.375193, 30.367794, 119.125275, 61.968861,16.347069, 208.422775, 1.000244
5, 853,31,208.422775, 208.427155, 119.125275, 61.968861,16.347069, 208.422775, 0.999979
5, 854,0,181.676773, 181.677231, 119.123680, 68.233383,10.670091, 233.075653, 0.999997
5, 854,1,56.013710, 56.018223, 119.123680, 68.233383,10.670091, 233.075653, 0.999919
5, 854,2,214.889328, 214.875946, 119.123680, 68.233383,10.670091, 233.075653, 1.000062
5, 854,3,211.545090, 211.547729, 119.123680, 68.233383,10.670091, 233.075653, 0.999988
5, 854,4,141.967880, 141.968018, 119.123680, 68.233383,10.670091, 233.075653, 0.999999
5, 854,5,97.867058, 97.874443, 119.123680, 68.233383,10.670091, 233.075653, 0.999925
5, 854,6,72.512413, 72.513351, 119.123680, 68.233383,10.670091, 233.075653, 0.999987
5, 854,7,68.673790, 68.664032, 119.123680, 68.233383,10.670091, 233.075653, 1.000142
5, 854,8,43.334110, 43.330730, 119.123680, 68.233383,10.670091, 233.075653, 1.000078
5, 854,9,35.502766, 35.513954, 119.123680, 68.233383,10.670091, 233.075653, 0.999685
5, 854,10,96.840942, 96.839165, 119.123680, 68.233383,10.670091, 233.075653, 1.000018
5, 854,11,98.377220, 98.374725, 119.123680, 68.233383,10.670091, 233.075653, 1.000025
5, 854,12,119.648911, 119.664146, 119.123680, 68.233383,10.670091, 233.075653, 0.999873
5, 854,13,166.114822, 166.120117, 119.123680, 68.233383,10.670091, 233.075653, 0.999968
5, 854,14,156.399155, 156.406464, 119.123680, 68.233383,10.670091, 233.075653, 0.999953
5, 854,15,122.425598, 122.422607, 119.123680, 68.233383,10.670091, 233.075653, 1.000024
5, 854,16,233.075653, 233.073395, 119.123680, 68.233383,10.670091, 233.075653, 1.000010
5, 854,17,75.450516, 75.459412, 119.123680, 68.233383,10.670091, 233.075653, 0.999882
5, 854,18,220.839233, 220.837524, 119.123680, 68.233383,10.670091, 233.075653, 1.000008
5, 854,19,66.588913, 66.593452, 119.123680, 68.233383,10.670091, 233.075653, 0.999932
5, 854,20,77.553482, 77.571686, 119.123680, 68.233383,10.670091, 233.075653, 0.999765
5, 854,21,104.417526, 104.419693, 119.123680, 68.233383,10.670091, 233.075653, 0.999979
5, 854,22,201.907318, 201.910522, 119.123680, 68.233383,10.670091, 233.075653, 0.999984
5, 854,23,10.670091, 10.667031, 119.123680, 68.233383,10.670091, 233.075653, 1.000287
5, 854,24,82.268684, 82.261749, 119.123680, 68.233383,10.670091, 233.075653, 1.000084
5, 854,25,33.943871, 33.943649, 119.123680, 68.233383,10.670091, 233.075653, 1.000007
5, 854,26,170.365341, 170.365494, 119.123680, 68.233383,10.670091, 233.075653, 0.999999
5, 854,27,21.834768, 21.832861, 119.123680, 68.233383,10.670091, 233.075653, 1.000087
5, 854,28,232.045258, 232.052002, 119.123680, 68.233383,10.670091, 233.075653, 0.999971
5, 854,29,146.873947, 146.866531, 119.123680, 68.233383,10.670091, 233.075653, 1.000051
5, 854,30,44.854210, 44.852398, 119.123680, 68.233383,10.670091, 233.075653, 1.000040
5, 854,31,205.479294, 205.481918, 119.123680, 68.233383,10.670091, 233.075653, 0.999987
5, 855,0,55.240654, 55.248775, 119.123367, 65.405930,12.331710, 221.023773, 0.999853
5, 855,1,142.158005, 142.162216, 119.123367, 65.405930,12.331710, 221.023773, 0.999970
5, 855,2,12.331710, 12.325377, 119.123367, 65.405930,12.331710, 221.023773, 1.000514
5, 855,3,148.519730, 148.522202, 119.123367, 65.405930,12.331710, 221.023773, 0.999983
5, 855,4,190.242798, 190.246475, 119.123367, 65.405930,12.331710, 221.023773, 0.999981
5, 855,5,185.699722, 185.701721, 119.123367, 65.405930,12.331710, 221.023773, 0.999989
5, 855,6,90.037415, 90.030052, 119.123367, 65.405930,12.331710, 221.023773, 1.000082
5, 855,7,55.694969, 55.686028, 119.123367, 65.405930,12.331710, 221.023773, 1.000161
5, 855,8,139.885437, 139.869949, 119.123367, 65.405930,12.331710, 221.023773, 1.000111
5, 855,9,179.071381, 179.089981, 119.123367, 65.405930,12.331710, 221.023773, 0.999896
5, 855,10,108.664673, 108.672806, 119.123367, 65.405930,12.331710, 221.023773, 0.999925
5, 855,11,124.249733, 124.248184, 119.123367, 65.405930,12.331710, 221.023773, 1.000013
5, 855,12,66.573578, 66.570908, 119.123367, 65.405930,12.331710, 221.023773, 1.000040
5, 855,13,221.023773, 221.026245, 119.123367, 65.405930,12.331710, 221.023773, 0.999989
5, 855,14,76.201797, 76.203659, 119.123367, 65.405930,12.331710, 221.023773, 0.999976
5, 855,15,177.764969, 177.778214, 119.123367, 65.405930,12.331710, 221.023773, 0.999925
5, 855,16,197.420731, 197.427994, 119.123367, 65.405930,12.331710, 221.023773, 0.999963
5, 855,17,211.263809, 211.261002, 119.123367, 65.405930,12.331710, 221.023773, 1.000013
5, 855,18,178.602829, 178.606354, 119.123367, 65.405930,12.331710, 221.023773, 0.999980
5, 855,19,111.291924, 111.296310, 119.123367, 65.405930,12.331710, 221.023773, 0.999961
5, 855,20,31.302200, 31.306013, 119.123367, 65.405930,12.331710, 221.023773, 0.999878
5, 855,21,85.362648, 85.372673, 119.123367, 65.405930,12.331710, 221.023773, 0.999883
5, 855,22,211.104355, 211.095352, 119.123367, 65.405930,12.331710, 221.023773, 1.000043
5, 855,23,105.071548, 105.082054, 119.123367, 65.405930,12.331710, 221.023773, 0.999900
5, 855,24,220.994339, 220.986511, 119.123367, 65.405930,12.331710, 221.023773, 1.000035
5, 855,25,56.828953, 56.825527, 119.123367, 65.405930,12.331710, 221.023773, 1.000060
5, 855,26,73.168266, 73.162788, 119.123367, 65.405930,12.331710, 221.023773, 1.000075
5, 855,27,35.056507, 35.055763, 119.123367, 65.405930,12.331710, 221.023773, 1.000021
5, 855,28,136.066391, 136.080444, 119.123367, 65.405930,12.331710, 221.023773, 0.999897
5, 855,29,140.270676, 140.280701, 119.123367, 65.405930,12.331710, 221.023773, 0.999929
5, 855,30,31.713196, 31.710138, 119.123367, 65.405930,12.331710, 221.023773, 1.000096
5, 855,31,13.069040, 13.067377, 119.123367, 65.405930,12.331710, 221.023773, 1.000127
5, 856,0,64.878021, 64.858902, 119.124557, 71.561523,12.145449, 212.449966, 1.000295
5, 856,1,71.793472, 71.808281, 119.124557, 71.561523,12.145449, 212.449966, 0.999794
5, 856,2,204.265320, 204.258163, 119.124557, 71.561523,12.145449, 212.449966, 1.000035
5, 856,3,180.943344, 180.952164, 119.124557, 71.561523,12.145449, 212.449966, 0.999951
5, 856,4,204.188339, 204.183289, 119.124557, 71.561523,12.145449, 212.449966, 1.000025
5, 856,5,12.145449, 12.158424, 119.124557, 71.561523,12.145449, 212.449966, 0.998933
5, 856,6,209.334793, 209.336060, 119.124557, 71.561523,12.145449, 212.449966, 0.999994
5, 856,7,28.185421, 28.190649, 119.124557, 71.561523,12.145449, 212.449966, 0.999815
5, 856,8,190.746628, 190.739929, 119.124557, 71.561523,12.145449, 212.449966, 1.000035
5, 856,9,32.348618, 32.357780, 119.124557, 71.561523,12.145449, 212.449966, 0.999717
5, 856,10,17.880550, 17.885109, 119.124557, 71.561523,12.145449, 212.449966, 0.999745
5, 856,11,137.910767, 137.902206, 119.124557, 71.561523,12.145449, 212.449966, 1.000062
5, 856,12,147.624405, 147.615128, 119.124557, 71.561523,12.145449, 212.449966, 1.000063
5, 856,13,174.479965, 174.470657, 119.124557, 71.561523,12.145449, 212.449966, 1.000053
5, 856,14,211.687439, 211.687881, 119.124557, 71.561523,12.145449, 212.449966, 0.999998
5, 856,15,13.680608, 13.686788, 119.124557, 71.561523,12.145449, 212.449966, 0.999548
5, 856,16,167.921463, 167.926773, 119.124557, 71.561523,12.145449, 212.449966, 0.999968
5, 856,17,156.847260, 156.853928, 119.124557, 71.561523,12.145449, 212.449966, 0.999958
5, 856,18,109.454834, 109.449699, 119.124557, 71.561523,12.145449, 212.449966, 1.000047
5, 856,19,43.498959, 43.493000, 119.124557, 71.561523,12.145449, 212.449966, 1.000137
5, 856,20,69.721214, 69.699753, 119.124557, 71.561523,12.145449, 212.449966, 1.000308
5, 856,21,135.057968, 135.063812, 119.124557, 71.561523,12.145449, 212.449966, 0.999957
5, 856,22,108.955986, 108.969360, 119.124557, 71.561523,12.145449, 212.449966, 0.999877
5, 856,23,17.682039, 17.697964, 119.124557, 71.561523,12.145449, 212.449966, 0.999100
5, 856,24,85.381294, 85.401360, 119.124557, 71.561523,12.145449, 212.449966, 0.999765
5, 856,25,89.694847, 89.711967, 119.124557, 71.561523,12.145449, 212.449966, 0.999809
5, 856,26,176.283371, 176.273499, 119.124557, 71.561523,12.145449, 212.449966, 1.000056
5, 856,27,212.449966, 212.448944, 119.124557, 71.561523,12.145449, 212.449966, 1.000005
5, 856,28,192.828568, 192.823502, 119.124557, 71.561523,12.145449, 212.449966, 1.000026
5, 856,29,19.665115, 19.656765, 119.124557, 71.561523,12.145449, 212.449966, 1.000425
5, 856,30,211.512283, 211.506973, 119.124557, 71.561523,12.145449, 212.449966, 1.000025
5, 856,31,112.937477, 112.930626, 119.124557, 71.561523,12.145449, 212.449966, 1.000061
5, 857,0,192.769241, 192.768845, 119.126030, 69.657272,13.282463, 217.573853, 1.000002
5, 857,1,157.770996, 157.774597, 119.126030, 69.657272,13.282463, 217.573853, 0.999977
5, 857,2,154.789322, 154.786758, 119.126030, 69.657272,13.282463, 217.573853, 1.000017
5, 857,3,178.116959, 178.116241, 119.126030, 69.657272,13.282463, 217.573853, 1.000004
5, 857,4,54.322247, 54.320919, 119.126030, 69.657272,13.282463, 217.573853, 1.000024
5, 857,5,97.359451, 97.354958, 119.126030, 69.657272,13.282463, 217.573853, 1.000046
5, 857,6,21.938679, 21.932308, 119.126030, 69.657272,13.282463, 217.573853, 1.000291
5, 857,7,63.010174, 62.997803, 119.126030, 69.657272,13.282463, 217.573853, 1.000196
5, 857,8,46.004261, 46.007160, 119.126030, 69.657272,13.282463, 217.573853, 0.999937
5, 857,9,187.211700, 187.207230, 119.126030, 69.657272,13.282463, 217.573853, 1.000024
5, 857,10,40.789497, 40.789566, 119.126030, 69.657272,13.282463, 217.573853, 0.999998
5, 857,11,196.760406, 196.763260, 119.126030, 69.657272,13.282463, 217.573853, 0.999986
5, 857,12,81.977203, 81.982468, 119.126030, 69.657272,13.282463, 217.573853, 0.999936
5, 857,13,126.389259, 126.386208, 119.126030, 69.657272,13.282463, 217.573853, 1.000024
5, 857,14,180.209335, 180.205811, 119.126030, 69.657272,13.282463, 217.573853, 1.000020
5, 857,15,30.399630, 30.398960, 119.126030, 69.657272,13.282463, 217.573853, 1.000022
5, 857,16,83.513252, 83.511444, 119.126030, 69.657272,13.282463, 217.573853, 1.000022
5, 857,17,213.987747, 213.995987, 119.126030, 69.657272,13.282463, 217.573853, 0.999961
5, 857,18,84.834625, 84.830170, 119.126030, 69.657272,13.282463, 217.573853, 1.000053
5, 857,19,152.227890, 152.225739, 119.126030, 69.657272,13.282463, 217.573853, 1.000014
5, 857,20,31.983067, 31.985264, 119.126030, 69.657272,13.282463, 217.573853, 0.999931
5, 857,21,172.431854, 172.427200, 119.126030, 69.657272,13.282463, 217.573853, 1.000027
5, 857,22,22.033520, 22.040611, 119.126030, 69.657272,13.282463, 217.573853, 0.999678
5, 857,23,99.382393, 99.387207, 119.126030, 69.657272,13.282463, 217.573853, 0.999952
5, 857,24,193.615723, 193.616135, 119.126030, 69.657272,13.282463, 217.573853, 0.999998
5, 857,25,169.461258, 169.464828, 119.126030, 69.657272,13.282463, 217.573853, 0.999979
5, 857,26,33.782963, 33.762688, 119.126030, 69.657272,13.282463, 217.573853, 1.000601
5, 857,27,93.658661, 93.653580, 119.126030, 69.657272,13.282463, 217.573853, 1.000054
5, 857,28,217.573853, 217.576309, 119.126030, 69.657272,13.282463, 217.573853, 0.999989
5, 857,29,209.869156, 209.861404, 119.126030, 69.657272,13.282463, 217.573853, 1.000037
5, 857,30,13.282463, 13.280908, 119.126030, 69.657272,13.282463, 217.573853, 1.000117
5, 857,31,210.576096, 210.587662, 119.126030, 69.657272,13.282463, 217.573853, 0.999945
5, 858,0,85.741661, 85.730034, 119.125732, 52.252861,16.340410, 190.814285, 1.000136
5, 858,1,16.340410, 16.344486, 119.125732, 52.252861,16.340410, 190.814285, 0.999751
5, 858,2,184.720825, 184.721130, 119.125732, 52.252861,16.340410, 190.814285, 0.999998
5, 858,3,190.814285, 190.796432, 119.125732, 52.252861,16.340410, 190.814285, 1.000094
5, 858,4,169.854584, 169.835754, 119.125732, 52.252861,16.340410, 190.814285, 1.000111
5, 858,5,159.014679, 159.018936, 119.125732, 52.252861,16.340410, 190.814285, 0.999973
5, 858,6,157.164978, 157.165146, 119.125732, 52.252861,16.340410, 190.814285, 0.999999
5, 858,7,129.667786, 129.670334, 119.125732, 52.252861,16.340410, 190.814285, 0.999980
5, 858,8,17.541786, 17.531399, 119.125732, 52.252861,16.340410, 190.814285, 1.000592
5, 858,9,115.070686, 115.060272, 119.125732, 52.252861,16.340410, 190.814285, 1.000090
5, 858,10,100.494576, 100.505280, 119.125732, 52.252861,16.340410, 190.814285, 0.999893
5, 858,11,124.800903, 124.806427, 119.125732, 52.252861,16.340410, 190.814285, 0.999956
5, 858,12,171.771194, 171.756851, 119.125732, 52.252861,16.340410, 190.814285, 1.000084
5, 858,13,187.701767, 187.700653, 119.125732, 52.252861,16.340410, 190.814285, 1.000006
5, 858,14,24.918352, 24.922083, 119.125732, 52.252861,16.340410, 190.814285, 0.999850
5, 858,15,92.497780, 92.502777, 119.125732, 52.252861,16.340410, 190.814285, 0.999946
5, 858,16,140.931473, 140.927658, 119.125732, 52.252861,16.340410, 190.814285, 1.000027
5, 858,17,170.456528, 170.447571, 119.125732, 52.252861,16.340410, 190.814285, 1.000053
5, 858,18,80.511963, 80.517395, 119.125732, 52.252861,16.340410, 190.814285, 0.999933
5, 858,19,88.450989, 88.452591, 119.125732, 52.252861,16.340410, 190.814285, 0.999982
5, 858,20,144.529938, 144.525131, 119.125732, 52.252861,16.340410, 190.814285, 1.000033
5, 858,21,149.707001, 149.707153, 119.125732, 52.252861,16.340410, 190.814285, 0.999999
5, 858,22,79.034554, 79.042931, 119.125732, 52.252861,16.340410, 190.814285, 0.999894
5, 858,23,163.766434, 163.778824, 119.125732, 52.252861,16.340410, 190.814285, 0.999924
5, 858,24,66.454010, 66.476318, 119.125732, 52.252861,16.340410, 190.814285, 0.999664
5, 858,25,61.065273, 61.067909, 119.125732, 52.252861,16.340410, 190.814285, 0.999957
5, 858,26,148.420151, 148.416245, 119.125732, 52.252861,16.340410, 190.814285, 1.000026
5, 858,27,30.365509, 30.361088, 119.125732, 52.252861,16.340410, 190.814285, 1.000146
5, 858,28,183.487457, 183.491394, 119.125732, 52.252861,16.340410, 190.814285, 0.999979
5, 858,29,135.635727, 135.635498, 119.125732, 52.252861,16.340410, 190.814285, 1.000002
5, 858,30,120.547707, 120.542107, 119.125732, 52.252861,16.340410, 190.814285, 1.000046
5, 858,31,120.542282, 120.542107, 119.125732, 52.252861,16.340410, 190.814285, 1.000001
5, 859,0,121.654495, 121.645012, 119.125648, 60.870804,15.995054, 216.000946, 1.000078
5, 859,1,65.105293, 65.101463, 119.125648, 60.870804,15.995054, 216.000946, 1.000059
5, 859,2,172.763412, 172.767883, 119.125648, 60.870804,15.995054, 216.000946, 0.999974
5, 859,3,118.371262, 118.374588, 119.125648, 60.870804,15.995054, 216.000946, 0.999972
5, 859,4,176.866562, 176.868790, 119.125648, 60.870804,15.995054, 216.000946, 0.999987
5, 859,5,216.000946, 216.004410, 119.125648, 60.870804,15.995054, 216.000946, 0.999984
5, 859,6,69.389946, 69.389069, 119.125648, 60.870804,15.995054, 216.000946, 1.000013
5, 859,7,124.166641, 124.181511, 119.125648, 60.870804,15.995054, 216.000946, 0.999880
5, 859,8,107.066406, 107.069740, 119.125648, 60.870804,15.995054, 216.000946, 0.999969
5, 859,9,103.388565, 103.393730, 119.125648, 60.870804,15.995054, 216.000946, 0.999950
5, 859,10,68.403580, 68.404083, 119.125648, 60.870804,15.995054, 216.000946, 0.999993
5, 859,11,206.298584, 206.289719, 119.125648, 60.870804,15.995054, 216.000946, 1.000043
5, 859,12,114.847305, 114.865967, 119.125648, 60.870804,15.995054, 216.000946, 0.999838
5, 859,13,163.561981, 163.561783, 119.125648, 60.870804,15.995054, 216.000946, 1.000001
5, 859,14,52.959209, 52.959702, 119.125648, 60.870804,15.995054, 216.000946, 0.999991
5, 859,15,197.848984, 197.836838, 119.125648, 60.870804,15.995054, 216.000946, 1.000061
5, 859,16,37.993992, 37.991730, 119.125648, 60.870804,15.995054, 216.000946, 1.000059
5, 859,17,23.931505, 23.925045, 119.125648, 60.870804,15.995054, 216.000946, 1.000270
5, 859,18,27.287149, 27.279161, 119.125648, 60.870804,15.995054, 216.000946, 1.000293
5, 859,19,157.144516, 157.130371, 119.125648, 60.870804,15.995054, 216.000946, 1.000090
5, 859,20,15.995054, 16.000067, 119.125648, 60.870804,15.995054, 216.000946, 0.999687
5, 859,21,115.525978, 115.522621, 119.125648, 60.870804,15.995054, 216.000946, 1.000029
5, 859,22,51.790092, 51.781578, 119.125648, 60.870804,15.995054, 216.000946, 1.000164
5, 859,23,166.732956, 166.729187, 119.125648, 60.870804,15.995054, 216.000946, 1.000023
5, 859,24,170.112442, 170.115509, 119.125648, 60.870804,15.995054, 216.000946, 0.999982
5, 859,25,128.358215, 128.346802, 119.125648, 60.870804,15.995054, 216.000946, 1.000089
5, 859,26,157.194153, 157.201187, 119.125648, 60.870804,15.995054, 216.000946, 0.999955
5, 859,27,195.493286, 195.499893, 119.125648, 60.870804,15.995054, 216.000946, 0.999966
5, 859,28,94.016083, 94.026680, 119.125648, 60.870804,15.995054, 216.000946, 0.999887
5, 859,29,143.434433, 143.430664, 119.125648, 60.870804,15.995054, 216.000946, 1.000026
5, 859,30,33.335148, 33.330730, 119.125648, 60.870804,15.995054, 216.000946, 1.000133
5, 859,31,214.983246, 214.974365, 119.125648, 60.870804,15.995054, 216.000946, 1.000041
5, 860,0,120.246918, 120.253105, 119.122955, 64.828857,17.754354, 234.045990, 0.999949
5, 860,1,47.188358, 47.176456, 119.122955, 64.828857,17.754354, 234.045990, 1.000252
5, 860,2,85.826408, 85.835022, 119.122955, 64.828857,17.754354, 234.045990, 0.999900
5, 860,3,23.555355, 23.558634, 119.122955, 64.828857,17.754354, 234.045990, 0.999861
5, 860,4,51.817924, 51.821796, 119.122955, 64.828857,17.754354, 234.045990, 0.999925
5, 860,5,97.867546, 97.884102, 119.122955, 64.828857,17.754354, 234.045990, 0.999831
5, 860,6,39.541801, 39.546295, 119.122955, 64.828857,17.754354, 234.045990, 0.999886
5, 860,7,19.261862, 19.263237, 119.122955, 64.828857,17.754354, 234.045990, 0.999929
5, 860,8,195.988754, 195.992065, 119.122955, 64.828857,17.754354, 234.045990, 0.999983
5, 860,9,166.021652, 166.034073, 119.122955, 64.828857,17.754354, 234.045990, 0.999925
5, 860,10,146.335175, 146.334244, 119.122955, 64.828857,17.754354, 234.045990, 1.000006
5, 860,11,70.722397, 70.725662, 119.122955, 64.828857,17.754354, 234.045990, 0.999954
5, 860,12,180.774445, 180.766052, 119.122955, 64.828857,17.754354, 234.045990, 1.000046
5, 860,13,77.514359, 77.504974, 119.122955, 64.828857,17.754354, 234.045990, 1.000121
5, 860,14,189.632629, 189.624451, 119.122955, 64.828857,17.754354, 234.045990, 1.000043
5, 860,15,234.045990, 234.053680, 119.122955, 64.828857,17.754354, 234.045990, 0.999967
5, 860,16,157.166168, 157.155090, 119.122955, 64.828857,17.754354, 234.045990, 1.000070
5, 860,17,107.496727, 107.497276, 119.122955, 64.828857,17.754354, 234.045990, 0.999995
5, 860,18,194.512619, 194.516800, 119.122955, 64.828857,17.754354, 234.045990, 0.999978
5, 860,19,17.754354, 17.760532, 119.122955, 64.828857,17.754354, 234.045990, 0.999652
5, 860,20,37.679001, 37.686783, 119.122955, 64.828857,17.754354, 234.045990, 0.999794
5, 860,21,145.234299, 145.243256, 119.122955, 64.828857,17.754354, 234.045990, 0.999938
5, 860,22,151.351791, 151.356995, 119.122955, 64.828857,17.754354, 234.045990, 0.999966
5, 860,23,139.470139, 139.472610, 119.122955, 64.828857,17.754354, 234.045990, 0.999982
5, 860,24,212.708588, 212.720779, 119.122955, 64.828857,17.754354, 234.045990, 0.999943
5, 860,25,46.496994, 46.510876, 119.122955, 64.828857,17.754354, 234.045990, 0.999702
5, 860,26,222.850372, 222.855453, 119.122955, 64.828857,17.754354, 234.045990, 0.999977
5, 860,27,134.014465, 134.017578, 119.122955, 64.828857,17.754354, 234.045990, 0.999977
5, 860,28,97.748199, 97.746872, 119.122955, 64.828857,17.754354, 234.045990, 1.000014
5, 860,29,197.426941, 197.419296, 119.122955, 64.828857,17.754354, 234.045990, 1.000039
5, 860,30,92.611778, 92.614349, 119.122955, 64.828857,17.754354, 234.045990, 0.999972
5, 860,31,111.070267, 111.051613, 119.122955, 64.828857,17.754354, 234.045990, 1.000168
5, 861,0,164.172699, 164.164795, 119.123474, 56.347672,13.165009, 194.729538, 1.000048
5, 861,1,64.767471, 64.779541, 119.123474, 56.347672,13.165009, 194.729538, 0.999814
5, 861,2,41.384357, 41.385414, 119.123474, 56.347672,13.165009, 194.729538, 0.999974
5, 861,3,194.729538, 194.737427, 119.123474, 56.347672,13.165009, 194.729538, 0.999959
5, 861,4,174.042679, 174.060120, 119.123474, 56.347672,13.165009, 194.729538, 0.999900
5, 861,5,110.626816, 110.612938, 119.123474, 56.347672,13.165009, 194.729538, 1.000125
5, 861,6,172.362747, 172.372055, 119.123474, 56.347672,13.165009, 194.729538, 0.999946
5, 861,7,118.445839, 118.462128, 119.123474, 56.347672,13.165009, 194.729538, 0.999862
5, 861,8,183.558121, 183.568954, 119.123474, 56.347672,13.165009, 194.729538, 0.999941
5, 861,9,37.585747, 37.605751, 119.123474, 56.347672,13.165009, 194.729538, 0.999468
5, 861,10,24.704659, 24.698059, 119.123474, 56.347672,13.165009, 194.729538, 1.000267
5, 861,11,182.224670, 182.221924, 119.123474, 56.347672,13.165009, 194.729538, 1.000015
5, 861,12,167.260300, 167.251038, 119.123474, 56.347672,13.165009, 194.729538, 1.000055
5, 861,13,29.093847, 29.085878, 119.123474, 56.347672,13.165009, 194.729538, 1.000274
5, 861,14,124.067101, 124.060585, 119.123474, 56.347672,13.165009, 194.729538, 1.000053
5, 861,15,144.704697, 144.692413, 119.123474, 56.347672,13.165009, 194.729538, 1.000085
5, 861,16,100.919579, 100.927895, 119.123474, 56.347672,13.165009, 194.729538, 0.999918
5, 861,17,74.036522, 74.049667, 119.123474, 56.347672,13.165009, 194.729538, 0.999822
5, 861,18,102.366074, 102.360199, 119.123474, 56.347672,13.165009, 194.729538, 1.000057
5, 861,19,171.773117, 171.769592, 119.123474, 56.347672,13.165009, 194.729538, 1.000021
5, 861,20,160.290802, 160.288498, 119.123474, 56.347672,13.165009, 194.729538, 1.000014
5, 861,21,139.499649, 139.491837, 119.123474, 56.347672,13.165009, 194.729538, 1.000056
5, 861,22,159.447037, 159.464371, 119.123474, 56.347672,13.165009, 194.729538, 0.999891
5, 861,23,13.165009, 13.160139, 119.123474, 56.347672,13.165009, 194.729538, 1.000370
5, 861,24,141.456955, 141.458389, 119.123474, 56.347672,13.165009, 194.729538, 0.999990
5, 861,25,69.572563, 69.576591, 119.123474, 56.347672,13.165009, 194.729538, 0.999942
5, 861,26,178.385086, 178.396790, 119.123474, 56.347672,13.165009, 194.729538, 0.999934
5, 861,27,190.161346, 190.145004, 119.123474, 56.347672,13.165009, 194.729538, 1.000086
5, 861,28,111.427025, 111.431389, 119.123474, 56.347672,13.165009, 194.729538, 0.999961
5, 861,29,78.834785, 78.846710, 119.123474, 56.347672,13.165009, 194.729538, 0.999849
5, 861,30,38.361404, 38.356003, 119.123474, 56.347672,13.165009, 194.729538, 1.000141
5, 861,31,148.523193, 148.517548, 119.123474, 56.347672,13.165009, 194.729538, 1.000038
5, 862,0,118.134789, 118.146477, 119.127586, 63.323147,11.346872, 218.068405, 0.999901
5, 862,1,215.824829, 215.814545, 119.127586, 63.323147,11.346872, 218.068405, 1.000048
5, 862,2,119.607437, 119.622307, 119.127586, 63.323147,11.346872, 218.068405, 0.999876
5, 862,3,176.164642, 176.159561, 119.127586, 63.323147,11.346872, 218.068405, 1.000029
5, 862,4,153.114471, 153.104462, 119.127586, 63.323147,11.346872, 218.068405, 1.000065
5, 862,5,64.648827, 64.637909, 119.127586, 63.323147,11.346872, 218.068405, 1.000169
5, 862,6,61.976730, 61.981407, 119.127586, 63.323147,11.346872, 218.068405, 0.999925
5, 862,7,48.182957, 48.185577, 119.127586, 63.323147,11.346872, 218.068405, 0.999946
5, 862,8,214.777023, 214.755798, 119.127586, 63.323147,11.346872, 218.068405, 1.000099
5, 862,9,106.116951, 106.102402, 119.127586, 63.323147,11.346872, 218.068405, 1.000137
5, 862,10,218.068405, 218.086044, 119.127586, 63.323147,11.346872, 218.068405, 0.999919
5, 862,11,64.437561, 64.438988, 119.127586, 63.323147,11.346872, 218.068405, 0.999978
5, 862,12,200.951859, 200.940720, 119.127586, 63.323147,11.346872, 218.068405, 1.000055
5, 862,13,202.443237, 202.442215, 119.127586, 63.323147,11.346872, 218.068405, 1.000005
5, 862,14,126.209732, 126.199402, 119.127586, 63.323147,11.346872, 218.068405, 1.000082
5, 862,15,135.155701, 135.144226, 119.127586, 63.323147,11.346872, 218.068405, 1.000085
5, 862,16,75.185593, 75.174072, 119.127586, 63.323147,11.346872, 218.068405, 1.000153
5, 862,17,13.943385, 13.939833, 119.127586, 63.323147,11.346872, 218.068405, 1.000255
5, 862,18,155.500656, 155.491470, 119.127586, 63.323147,11.346872, 218.068405, 1.000059
5, 862,19,156.542282, 156.543808, 119.127586, 63.323147,11.346872, 218.068405, 0.999990
5, 862,20,186.170410, 186.175964, 119.127586, 63.323147,11.346872, 218.068405, 0.999970
5, 862,21,169.229446, 169.242401, 119.127586, 63.323147,11.346872, 218.068405, 0.999923
5, 862,22,18.866787, 18.854998, 119.127586, 63.323147,11.346872, 218.068405, 1.000625
5, 862,23,83.350868, 83.342484, 119.127586, 63.323147,11.346872, 218.068405, 1.000101
5, 862,24,130.747467, 130.748810, 119.127586, 63.323147,11.346872, 218.068405, 0.999990
5, 862,25,25.921827, 25.926163, 119.127586, 63.323147,11.346872, 218.068405, 0.999833
5, 862,26,155.810898, 155.818710, 119.127586, 63.323147,11.346872, 218.068405, 0.999950
5, 862,27,11.346872, 11.347500, 119.127586, 63.323147,11.346872, 218.068405, 0.999945
5, 862,28,109.024666, 109.028397, 119.127586, 63.323147,11.346872, 218.068405, 0.999966
5, 862,29,149.209473, 149.196716, 119.127586, 63.323147,11.346872, 218.068405, 1.000085
5, 862,30,104.952332, 104.947395, 119.127586, 63.323147,11.346872, 218.068405, 1.000047
5, 862,31,40.464474, 40.459915, 119.127586, 63.323147,11.346872, 218.068405, 1.000113
5, 863,0,233.731598, 233.732468, 119.123260, 66.525764,13.225400, 243.133377, 0.999996
5, 863,1,89.949585, 89.953262, 119.123260, 66.525764,13.225400, 243.133377, 0.999959
5, 863,2,84.218529, 84.207672, 119.123260, 66.525764,13.225400, 243.133377, 1.000129
5, 863,3,243.133377, 243.122314, 119.123260, 66.525764,13.225400, 243.133377, 1.000046
5, 863,4,81.345985, 81.349579, 119.123260, 66.525764,13.225400, 243.133377, 0.999956
5, 863,5,170.403152, 170.391434, 119.123260, 66.525764,13.225400, 243.133377, 1.000069
5, 863,6,48.078865, 48.081024, 119.123260, 66.525764,13.225400, 243.133377, 0.999955
5, 863,7,103.159401, 103.163689, 119.123260, 66.525764,13.225400, 243.133377, 0.999958
5, 863,8,144.479446, 144.477524, 119.123260, 66.525764,13.225400, 243.133377, 1.000013
5, 863,9,22.841257, 22.843071, 119.123260, 66.525764,13.225400, 243.133377, 0.999921
5, 863,10,79.821930, 79.821335, 119.123260, 66.525764,13.225400, 243.133377, 1.000008
5, 863,11,170.910004, 170.927780, 119.123260, 66.525764,13.225400, 243.133377, 0.999896
5, 863,12,13.225400, 13.254851, 119.123260, 66.525764,13.225400, 243.133377, 0.997778
5, 863,13,202.681213, 202.668106, 119.123260, 66.525764,13.225400, 243.133377, 1.000065
5, 863,14,174.734726, 174.741028, 119.123260, 66.525764,13.225400, 243.133377, 0.999964
5, 863,15,170.899857, 170.913086, 119.123260, 66.525764,13.225400, 243.133377, 0.999923
5, 863,16,58.616859, 58.624397, 119.123260, 66.525764,13.225400, 243.133377, 0.999871
5, 863,17,121.063339, 121.061699, 119.123260, 66.525764,13.225400, 243.133377, 1.000014
5, 863,18,166.318985, 166.313675, 119.123260, 66.525764,13.225400, 243.133377, 1.000032
5, 863,19,21.599979, 21.608725, 119.123260, 66.525764,13.225400, 243.133377, 0.999595
5, 863,20,221.932831, 221.932709, 119.123260, 66.525764,13.225400, 243.133377, 1.000001
5, 863,21,20.801371, 20.800524, 119.123260, 66.525764,13.225400, 243.133377, 1.000041
5, 863,22,208.914932, 208.905945, 119.123260, 66.525764,13.225400, 243.133377, 1.000043
5, 863,23,102.690598, 102.708160, 119.123260, 66.525764,13.225400, 243.133377, 0.999829
5, 863,24,86.030273, 86.029800, 119.123260, 66.525764,13.225400, 243.133377, 1.000005
5, 863,25,71.027344, 71.026627, 119.123260, 66.525764,13.225400, 243.133377, 1.000010
5, 863,26,32.706112, 32.703140, 119.123260, 66.525764,13.225400, 243.133377, 1.000091
5, 863,27,149.768799, 149.760239, 119.123260, 66.525764,13.225400, 243.133377, 1.000057
5, 863,28,174.970642, 174.968811, 119.123260, 66.525764,13.225400, 243.133377, 1.000010
5, 863,29,109.422264, 109.423592, 119.123260, 66.525764,13.225400, 243.133377, 0.999988
5, 863,30,108.266022, 108.277412, 119.123260, 66.525764,13.225400, 243.133377, 0.999895
5, 863,31,124.199135, 124.206345, 119.123260, 66.525764,13.225400, 243.133377, 0.999942
5, 864,0,243.377884, 243.389404, 119.124023, 63.560173,29.085052, 243.377884, 0.999953
5, 864,1,77.345879, 77.350372, 119.124023, 63.560173,29.085052, 243.377884, 0.999942
5, 864,2,36.548470, 36.564919, 119.124023, 63.560173,29.085052, 243.377884, 0.999550
5, 864,3,29.085052, 29.101839, 119.124023, 63.560173,29.085052, 243.377884, 0.999423
5, 864,4,103.998016, 103.998314, 119.124023, 63.560173,29.085052, 243.377884, 0.999997
5, 864,5,52.690453, 52.694805, 119.124023, 63.560173,29.085052, 243.377884, 0.999917
5, 864,6,189.965469, 189.969040, 119.124023, 63.560173,29.085052, 243.377884, 0.999981
5, 864,7,85.589714, 85.585503, 119.124023, 63.560173,29.085052, 243.377884, 1.000049
5, 864,8,199.894882, 199.897659, 119.124023, 63.560173,29.085052, 243.377884, 0.999986
5, 864,9,51.131077, 51.125820, 119.124023, 63.560173,29.085052, 243.377884, 1.000103
5, 864,10,169.852646, 169.846100, 119.124023, 63.560173,29.085052, 243.377884, 1.000039
5, 864,11,167.842590, 167.837128, 119.124023, 63.560173,29.085052, 243.377884, 1.000033
5, 864,12,45.255283, 45.256630, 119.124023, 63.560173,29.085052, 243.377884, 0.999970
5, 864,13,37.366802, 37.361870, 119.124023, 63.560173,29.085052, 243.377884, 1.000132
5, 864,14,72.079498, 72.078896, 119.124023, 63.560173,29.085052, 243.377884, 1.000008
5, 864,15,154.140137, 154.139587, 119.124023, 63.560173,29.085052, 243.377884, 1.000004
5, 864,16,187.558609, 187.561584, 119.124023, 63.560173,29.085052, 243.377884, 0.999984
5, 864,17,134.048859, 134.049866, 119.124023, 63.560173,29.085052, 243.377884, 0.999992
5, 864,18,81.970993, 81.966026, 119.124023, 63.560173,29.085052, 243.377884, 1.000061
5, 864,19,141.164352, 141.155991, 119.124023, 63.560173,29.085052, 243.377884, 1.000059
5, 864,20,147.283722, 147.282516, 119.124023, 63.560173,29.085052, 243.377884, 1.000008
5, 864,21,36.143360, 36.141541, 119.124023, 63.560173,29.085052, 243.377884, 1.000050
5, 864,22,224.817230, 224.827179, 119.124023, 63.560173,29.085052, 243.377884, 0.999956
5, 864,23,138.062790, 138.051208, 119.124023, 63.560173,29.085052, 243.377884, 1.000084
5, 864,24,49.568237, 49.565128, 119.124023, 63.560173,29.085052, 243.377884, 1.000063
5, 864,25,134.514328, 134.523071, 119.124023, 63.560173,29.085052, 243.377884, 0.999935
5, 864,26,157.513931, 157.510025, 119.124023, 63.560173,29.085052, 243.377884, 1.000025
5, 864,27,181.953705, 181.949753, 119.124023, 63.560173,29.085052, 243.377884, 1.000022
5, 864,28,175.784302, 175.790009, 119.124023, 63.560173,29.085052, 243.377884, 0.999968
5, 864,29,174.904373, 174.901733, 119.124023, 63.560173,29.085052, 243.377884, 1.000015
5, 864,30,97.395058, 97.398590, 119.124023, 63.560173,29.085052, 243.377884, 0.999964
5, 864,31,33.121487, 33.128082, 119.124023, 63.560173,29.085052, 243.377884, 0.999801
5, 865,0,124.499985, 124.509163, 119.124489, 57.684723,27.358360, 235.889969, 0.999926
5, 865,1,103.196152, 103.195389, 119.124489, 57.684723,27.358360, 235.889969, 1.000007
5, 865,2,36.654312, 36.654648, 119.124489, 57.684723,27.358360, 235.889969, 0.999991
5, 865,3,166.273193, 166.263153, 119.124489, 57.684723,27.358360, 235.889969, 1.000060
5, 865,4,91.882645, 91.888649, 119.124489, 57.684723,27.358360, 235.889969, 0.999935
5, 865,5,105.671196, 105.666962, 119.124489, 57.684723,27.358360, 235.889969, 1.000040
5, 865,6,235.889969, 235.886246, 119.124489, 57.684723,27.358360, 235.889969, 1.000016
5, 865,7,118.189125, 118.181091, 119.124489, 57.684723,27.358360, 235.889969, 1.000068
5, 865,8,198.677078, 198.670593, 119.124489, 57.684723,27.358360, 235.889969, 1.000033
5, 865,9,183.589264, 183.599670, 119.124489, 57.684723,27.358360, 235.889969, 0.999943
5, 865,10,44.077202, 44.083576, 119.124489, 57.684723,27.358360, 235.889969, 0.999855
5, 865,11,115.333786, 115.333092, 119.124489, 57.684723,27.358360, 235.889969, 1.000006
5, 865,12,40.634716, 40.631897, 119.124489, 57.684723,27.358360, 235.889969, 1.000069
5, 865,13,112.501648, 112.506409, 119.124489, 57.684723,27.358360, 235.889969, 0.999958
5, 865,14,140.740433, 140.730652, 119.124489, 57.684723,27.358360, 235.889969, 1.000069
5, 865,15,79.385864, 79.388733, 119.124489, 57.684723,27.358360, 235.889969, 0.999964
5, 865,16,139.640152, 139.644012, 119.124489, 57.684723,27.358360, 235.889969, 0.999972
5, 865,17,142.335220, 142.321533, 119.124489, 57.684723,27.358360, 235.889969, 1.000096
5, 865,18,31.137756, 31.129118, 119.124489, 57.684723,27.358360, 235.889969, 1.000278
5, 865,19,147.271530, 147.271805, 119.124489, 57.684723,27.358360, 235.889969, 0.999998
5, 865,20,53.727745, 53.728397, 119.124489, 57.684723,27.358360, 235.889969, 0.999988
5, 865,21,180.046951, 180.041458, 119.124489, 57.684723,27.358360, 235.889969, 1.000031
5, 865,22,178.496460, 178.500275, 119.124489, 57.684723,27.358360, 235.889969, 0.999979
5, 865,23,122.178589, 122.179642, 119.124489, 57.684723,27.358360, 235.889969, 0.999991
5, 865,24,169.304413, 169.317108, 119.124489, 57.684723,27.358360, 235.889969, 0.999925
5, 865,25,27.358360, 27.372042, 119.124489, 57.684723,27.358360, 235.889969, 0.999500
5, 865,26,40.131252, 40.134735, 119.124489, 57.684723,27.358360, 235.889969, 0.999913
5, 865,27,41.426952, 41.441551, 119.124489, 57.684723,27.358360, 235.889969, 0.999648
5, 865,28,143.146652, 143.138306, 119.124489, 57.684723,27.358360, 235.889969, 1.000058
5, 865,29,127.886017, 127.889816, 119.124489, 57.684723,27.358360, 235.889969, 0.999970
5, 865,30,160.357437, 160.361206, 119.124489, 57.684723,27.358360, 235.889969, 0.999977
5, 865,31,210.341171, 210.339554, 119.124489, 57.684723,27.358360, 235.889969, 1.000008
5, 866,0,101.392105, 101.401237, 119.124870, 61.914173,20.508043, 221.626907, 0.999910
5, 866,1,62.550621, 62.556850, 119.124870, 61.914173,20.508043, 221.626907, 0.999900
5, 866,2,61.083839, 61.075825, 119.124870, 61.914173,20.508043, 221.626907, 1.000131
5, 866,3,90.599716, 90.598862, 119.124870, 61.914173,20.508043, 221.626907, 1.000009
5, 866,4,168.626572, 168.625412, 119.124870, 61.914173,20.508043, 221.626907, 1.000007
5, 866,5,92.741501, 92.748940, 119.124870, 61.914173,20.508043, 221.626907, 0.999920
5, 866,6,106.761993, 106.760208, 119.124870, 61.914173,20.508043, 221.626907, 1.000017
5, 866,7,29.106348, 29.110401, 119.124870, 61.914173,20.508043, 221.626907, 0.999861
5, 866,8,163.411621, 163.415848, 119.124870, 61.914173,20.508043, 221.626907, 0.999974
5, 866,9,140.739670, 140.739288, 119.124870, 61.914173,20.508043, 221.626907, 1.000003
5, 866,10,198.721603, 198.720078, 119.124870, 61.914173,20.508043, 221.626907, 1.000008
5, 866,11,174.944717, 174.965240, 119.124870, 61.914173,20.508043, 221.626907, 0.999883
5, 866,12,180.486984, 180.493088, 119.124870, 61.914173,20.508043, 221.626907, 0.999966
5, 866,13,164.405518, 164.396698, 119.124870, 61.914173,20.508043, 221.626907, 1.000054
5, 866,14,56.447533, 56.450874, 119.124870, 61.914173,20.508043, 221.626907, 0.999941
5, 866,15,142.571701, 142.577591, 119.124870, 61.914173,20.508043, 221.626907, 0.999959
5, 866,16,55.987000, 55.976688, 119.124870, 61.914173,20.508043, 221.626907, 1.000184
5, 866,17,41.056564, 41.049530, 119.124870, 61.914173,20.508043, 221.626907, 1.000171
5, 866,18,81.780525, 81.784172, 119.124870, 61.914173,20.508043, 221.626907, 0.999955
5, 866,19,221.501678, 221.494064, 119.124870, 61.914173,20.508043, 221.626907, 1.000034
5, 866,20,76.613152, 76.620079, 119.124870, 61.914173,20.508043, 221.626907, 0.999910
5, 866,21,20.508043, 20.503574, 119.124870, 61.914173,20.508043, 221.626907, 1.000218
5, 866,22,132.734970, 132.736572, 119.124870, 61.914173,20.508043, 221.626907, 0.999988
5, 866,23,185.889893, 185.897537, 119.124870, 61.914173,20.508043, 221.626907, 0.999959
5, 866,24,214.509125, 214.504669, 119.124870, 61.914173,20.508043, 221.626907, 1.000021
5, 866,25,67.737221, 67.746933, 119.124870, 61.914173,20.508043, 221.626907, 0.999857
5, 866,26,138.626663, 138.615204, 119.124870, 61.914173,20.508043, 221.626907, 1.000083
5, 866,27,30.151602, 30.143221, 119.124870, 61.914173,20.508043, 221.626907, 1.000278
5, 866,28,181.918533, 181.915649, 119.124870, 61.914173,20.508043, 221.626907, 1.000016
5, 866,29,150.537125, 150.534836, 119.124870, 61.914173,20.508043, 221.626907, 1.000015
5, 866,30,221.626907, 221.623978, 119.124870, 61.914173,20.508043, 221.626907, 1.000013
5, 866,31,56.224998, 56.217030, 119.124870, 61.914173,20.508043, 221.626907, 1.000142
5, 867,0,162.498779, 162.499252, 119.124596, 65.778229,12.553349, 235.347046, 0.999997
5, 867,1,15.552649, 15.563499, 119.124596, 65.778229,12.553349, 235.347046, 0.999303
5, 867,2,12.553349, 12.553964, 119.124596, 65.778229,12.553349, 235.347046, 0.999951
5, 867,3,197.698776, 197.702530, 119.124596, 65.778229,12.553349, 235.347046, 0.999981
5, 867,4,204.948761, 204.943375, 119.124596, 65.778229,12.553349, 235.347046, 1.000026
5, 867,5,84.973984, 84.976089, 119.124596, 65.778229,12.553349, 235.347046, 0.999975
5, 867,6,154.594940, 154.581955, 119.124596, 65.778229,12.553349, 235.347046, 1.000084
5, 867,7,196.775757, 196.770676, 119.124596, 65.778229,12.553349, 235.347046, 1.000026
5, 867,8,159.061615, 159.068649, 119.124596, 65.778229,12.553349, 235.347046, 0.999956
5, 867,9,81.000908, 81.000191, 119.124596, 65.778229,12.553349, 235.347046, 1.000009
5, 867,10,96.996513, 96.993530, 119.124596, 65.778229,12.553349, 235.347046, 1.000031
5, 867,11,25.451792, 25.441128, 119.124596, 65.778229,12.553349, 235.347046, 1.000419
5, 867,12,196.726990, 196.722366, 119.124596, 65.778229,12.553349, 235.347046, 1.000023
5, 867,13,42.153831, 42.152332, 119.124596, 65.778229,12.553349, 235.347046, 1.000036
5, 867,14,210.720764, 210.720856, 119.124596, 65.778229,12.553349, 235.347046, 1.000000
5, 867,15,164.902710, 164.908264, 119.124596, 65.778229,12.553349, 235.347046, 0.999966
5, 867,16,86.184738, 86.177147, 119.124596, 65.778229,12.553349, 235.347046, 1.000088
5, 867,17,81.492310, 81.497185, 119.124596, 65.778229,12.553349, 235.347046, 0.999940
5, 867,18,206.633804, 206.634506, 119.124596, 65.778229,12.553349, 235.347046, 0.999997
5, 867,19,88.493774, 88.489517, 119.124596, 65.778229,12.553349, 235.347046, 1.000048
5, 867,20,48.284225, 48.288754, 119.124596, 65.778229,12.553349, 235.347046, 0.999906
5, 867,21,108.216522, 108.224068, 119.124596, 65.778229,12.553349, 235.347046, 0.999930
5, 867,22,112.062477, 112.061920, 119.124596, 65.778229,12.553349, 235.347046, 1.000005
5, 867,23,110.098106, 110.094673, 119.124596, 65.778229,12.553349, 235.347046, 1.000031
5, 867,24,102.257118, 102.260216, 119.124596, 65.778229,12.553349, 235.347046, 0.999970
5, 867,25,235.347046, 235.342422, 119.124596, 65.778229,12.553349, 235.347046, 1.000020
5, 867,26,93.922569, 93.928772, 119.124596, 65.778229,12.553349, 235.347046, 0.999934
5, 867,27,133.735123, 133.742996, 119.124596, 65.778229,12.553349, 235.347046, 0.999941
5, 867,28,113.391373, 113.401024, 119.124596, 65.778229,12.553349, 235.347046, 0.999915
5, 867,29,212.343521, 212.349869, 119.124596, 65.778229,12.553349, 235.347046, 0.999970
5, 867,30,40.199471, 40.191994, 119.124596, 65.778229,12.553349, 235.347046, 1.000186
5, 867,31,32.712860, 32.716473, 119.124596, 65.778229,12.553349, 235.347046, 0.999890
5, 868,0,124.043709, 124.039314, 119.122757, 53.367954,15.907109, 187.037674, 1.000035
5, 868,1,144.696854, 144.695236, 119.122757, 53.367954,15.907109, 187.037674, 1.000011
5, 868,2,121.401978, 121.399948, 119.122757, 53.367954,15.907109, 187.037674, 1.000017
5, 868,3,134.279480, 134.296234, 119.122757, 53.367954,15.907109, 187.037674, 0.999875
5, 868,4,179.060684, 179.067139, 119.122757, 53.367954,15.907109, 187.037674, 0.999964
5, 868,5,146.434906, 146.432953, 119.122757, 53.367954,15.907109, 187.037674, 1.000013
5, 868,6,46.943203, 46.945702, 119.122757, 53.367954,15.907109, 187.037674, 0.999947
5, 868,7,167.037582, 167.056107, 119.122757, 53.367954,15.907109, 187.037674, 0.999889
5, 868,8,56.997879, 57.005901, 119.122757, 53.367954,15.907109, 187.037674, 0.999859
5, 868,9,42.964073, 42.962055, 119.122757, 53.367954,15.907109, 187.037674, 1.000047
5, 868,10,166.317261, 166.323853, 119.122757, 53.367954,15.907109, 187.037674, 0.999960
5, 868,11,168.347031, 168.345734, 119.122757, 53.367954,15.907109, 187.037674, 1.000008
5, 868,12,153.089249, 153.105148, 119.122757, 53.367954,15.907109, 187.037674, 0.999896
5, 868,13,38.435204, 38.431961, 119.122757, 53.367954,15.907109, 187.037674, 1.000084
5, 868,14,84.348999, 84.355881, 119.122757, 53.367954,15.907109, 187.037674, 0.999918
5, 868,15,45.173195, 45.164261, 119.122757, 53.367954,15.907109, 187.037674, 1.000198
5, 868,16,15.907109, 15.907158, 119.122757, 53.367954,15.907109, 187.037674, 0.999997
5, 868,17,187.037674, 187.034424, 119.122757, 53.367954,15.907109, 187.037674, 1.000017
5, 868,18,47.403885, 47.399254, 119.122757, 53.367954,15.907109, 187.037674, 1.000098
5, 868,19,69.949730, 69.956848, 119.122757, 53.367954,15.907109, 187.037674, 0.999898
5, 868,20,180.515976, 180.520721, 119.122757, 53.367954,15.907109, 187.037674, 0.999974
5, 868,21,108.250351, 108.257744, 119.122757, 53.367954,15.907109, 187.037674, 0.999932
5, 868,22,118.845955, 118.848007, 119.122757, 53.367954,15.907109, 187.037674, 0.999983
5, 868,23,153.333359, 153.334671, 119.122757, 53.367954,15.907109, 187.037674, 0.999991
5, 868,24,165.072418, 165.067017, 119.122757, 53.367954,15.907109, 187.037674, 1.000033
5, 868,25,185.349167, 185.351349, 119.122757, 53.367954,15.907109, 187.037674, 0.999988
5, 868,26,97.882324, 97.880600, 119.122757, 53.367954,15.907109, 187.037674, 1.000018
5, 868,27,110.290459, 110.285088, 119.122757, 53.367954,15.907109, 187.037674, 1.000049
5, 868,28,111.633415, 111.629364, 119.122757, 53.367954,15.907109, 187.037674, 1.000036
5, 868,29,67.003464, 67.000526, 119.122757, 53.367954,15.907109, 187.037674, 1.000044
5, 868,30,186.889450, 186.897827, 119.122757, 53.367954,15.907109, 187.037674, 0.999955
5, 868,31,186.992798, 187.001648, 119.122757, 53.367954,15.907109, 187.037674, 0.999953
5, 869,0,36.011776, 36.012146, 119.124329, 53.077583,27.931185, 202.920410, 0.999990
5, 869,1,54.606499, 54.621017, 119.124329, 53.077583,27.931185, 202.920410, 0.999734
5, 869,2,189.007034, 188.993408, 119.124329, 53.077583,27.931185, 202.920410, 1.000072
5, 869,3,140.442429, 140.427933, 119.124329, 53.077583,27.931185, 202.920410, 1.000103
5, 869,4,37.336105, 37.338814, 119.124329, 53.077583,27.931185, 202.920410, 0.999927
5, 869,5,103.946007, 103.944595, 119.124329, 53.077583,27.931185, 202.920410, 1.000014
5, 869,6,202.920410, 202.923416, 119.124329, 53.077583,27.931185, 202.920410, 0.999985
5, 869,7,200.076324, 200.080551, 119.124329, 53.077583,27.931185, 202.920410, 0.999979
5, 869,8,121.474342, 121.463707, 119.124329, 53.077583,27.931185, 202.920410, 1.000088
5, 869,9,76.980263, 76.978905, 119.124329, 53.077583,27.931185, 202.920410, 1.000018
5, 869,10,56.730820, 56.723545, 119.124329, 53.077583,27.931185, 202.920410, 1.000128
5, 869,11,166.513214, 166.505234, 119.124329, 53.077583,27.931185, 202.920410, 1.000048
5, 869,12,53.125816, 53.134438, 119.124329, 53.077583,27.931185, 202.920410, 0.999838
5, 869,13,111.791885, 111.797989, 119.124329, 53.077583,27.931185, 202.920410, 0.999945
5, 869,14,166.023895, 166.019577, 119.124329, 53.077583,27.931185, 202.920410, 1.000026
5, 869,15,87.764420, 87.775841, 119.124329, 53.077583,27.931185, 202.920410, 0.999870
5, 869,16,169.975723, 169.975876, 119.124329, 53.077583,27.931185, 202.920410, 0.999999
5, 869,17,175.789810, 175.791901, 119.124329, 53.077583,27.931185, 202.920410, 0.999988
5, 869,18,113.576805, 113.580696, 119.124329, 53.077583,27.931185, 202.920410, 0.999966
5, 869,19,140.639633, 140.647064, 119.124329, 53.077583,27.931185, 202.920410, 0.999947
5, 869,20,158.263168, 158.243179, 119.124329, 53.077583,27.931185, 202.920410, 1.000126
5, 869,21,75.484756, 75.468636, 119.124329, 53.077583,27.931185, 202.920410, 1.000214
5, 869,22,99.822044, 99.822449, 119.124329, 53.077583,27.931185, 202.920410, 0.999996
5, 869,23,184.947662, 184.942352, 119.124329, 53.077583,27.931185, 202.920410, 1.000029
5, 869,24,122.844765, 122.843681, 119.124329, 53.077583,27.931185, 202.920410, 1.000009
5, 869,25,151.897751, 151.917801, 119.124329, 53.077583,27.931185, 202.920410, 0.999868
5, 869,26,142.047134, 142.044800, 119.124329, 53.077583,27.931185, 202.920410, 1.000016
5, 869,27,55.095383, 55.112595, 119.124329, 53.077583,27.931185, 202.920410, 0.999688
5, 869,28,27.931185, 27.927771, 119.124329, 53.077583,27.931185, 202.920410, 1.000122
5, 869,29,72.330956, 72.347420, 119.124329, 53.077583,27.931185, 202.920410, 0.999772
5, 869,30,133.801743, 133.800522, 119.124329, 53.077583,27.931185, 202.920410, 1.000009
5, 869,31,182.778366, 182.792435, 119.124329, 53.077583,27.931185, 202.920410, 0.999923
5, 870,0,111.938095, 111.931259, 119.124886, 65.664406,16.798323, 271.504517, 1.000061
5, 870,1,20.226093, 20.214741, 119.124886, 65.664406,16.798323, 271.504517, 1.000562
5, 870,2,119.633018, 119.632339, 119.124886, 65.664406,16.798323, 271.504517, 1.000006
5, 870,3,139.905807, 139.901718, 119.124886, 65.664406,16.798323, 271.504517, 1.000029
5, 870,4,142.949982, 142.951736, 119.124886, 65.664406,16.798323, 271.504517, 0.999988
5, 870,5,162.939117, 162.956940, 119.124886, 65.664406,16.798323, 271.504517, 0.999891
5, 870,6,271.504517, 271.492554, 119.124886, 65.664406,16.798323, 271.504517, 1.000044
5, 870,7,114.831146, 114.821167, 119.124886, 65.664406,16.798323, 271.504517, 1.000087
5, 870,8,21.542326, 21.551624, 119.124886, 65.664406,16.798323, 271.504517, 0.999569
5, 870,9,193.258530, 193.264938, 119.124886, 65.664406,16.798323, 271.504517, 0.999967
5, 870,10,18.669413, 18.669722, 119.124886, 65.664406,16.798323, 271.504517, 0.999983
5, 870,11,127.812302, 127.813744, 119.124886, 65.664406,16.798323, 271.504517, 0.999989
5, 870,12,141.464584, 141.470764, 119.124886, 65.664406,16.798323, 271.504517, 0.999956
5, 870,13,80.796371, 80.806725, 119.124886, 65.664406,16.798323, 271.504517, 0.999872
5, 870,14,65.558762, 65.572678, 119.124886, 65.664406,16.798323, 271.504517, 0.999788
5, 870,15,29.056170, 29.068584, 119.124886, 65.664406,16.798323, 271.504517, 0.999573
5, 870,16,177.060532, 177.054230, 119.124886, 65.664406,16.798323, 271.504517, 1.000036
5, 870,17,110.970108, 110.954620, 119.124886, 65.664406,16.798323, 271.504517, 1.000140
5, 870,18,187.922867, 187.909393, 119.124886, 65.664406,16.798323, 271.504517, 1.000072
5, 870,19,38.687401, 38.690933, 119.124886, 65.664406,16.798323, 271.504517, 0.999909
5, 870,20,170.529572, 170.537933, 119.124886, 65.664406,16.798323, 271.504517, 0.999951
5, 870,21,16.798323, 16.804489, 119.124886, 65.664406,16.798323, 271.504517, 0.999633
5, 870,22,164.406418, 164.397873, 119.124886, 65.664406,16.798323, 271.504517, 1.000052
5, 870,23,82.873352, 82.880096, 119.124886, 65.664406,16.798323, 271.504517, 0.999919
5, 870,24,64.251251, 64.251801, 119.124886, 65.664406,16.798323, 271.504517, 0.999991
5, 870,25,152.830078, 152.838257, 119.124886, 65.664406,16.798323, 271.504517, 0.999946
5, 870,26,92.157021, 92.158218, 119.124886, 65.664406,16.798323, 271.504517, 0.999987
5, 870,27,192.155624, 192.144196, 119.124886, 65.664406,16.798323, 271.504517, 1.000059
5, 870,28,243.751099, 243.754257, 119.124886, 65.664406,16.798323, 271.504517, 0.999987
5, 870,29,160.717194, 160.715439, 119.124886, 65.664406,16.798323, 271.504517, 1.000011
5, 870,30,93.951172, 93.943398, 119.124886, 65.664406,16.798323, 271.504517, 1.000083
5, 870,31,100.847908, 100.843948, 119.124886, 65.664406,16.798323, 271.504517, 1.000039
5, 871,0,16.138653, 16.145039, 119.123138, 62.834820,10.673044, 215.809265, 0.999604
5, 871,1,122.241737, 122.248077, 119.123138, 62.834820,10.673044, 215.809265, 0.999948
5, 871,2,66.215767, 66.222046, 119.123138, 62.834820,10.673044, 215.809265, 0.999905
5, 871,3,201.959305, 201.943924, 119.123138, 62.834820,10.673044, 215.809265, 1.000076
5, 871,4,10.673044, 10.676460, 119.123138, 62.834820,10.673044, 215.809265, 0.999680
5, 871,5,98.152054, 98.142097, 119.123138, 62.834820,10.673044, 215.809265, 1.000101
5, 871,6,85.661377, 85.668686, 119.123138, 62.834820,10.673044, 215.809265, 0.999915
5, 871,7,203.822189, 203.840546, 119.123138, 62.834820,10.673044, 215.809265, 0.999910
5, 871,8,119.218109, 119.232475, 119.123138, 62.834820,10.673044, 215.809265, 0.999880
5, 871,9,202.140045, 202.146240, 119.123138, 62.834820,10.673044, 215.809265, 0.999969
5, 871,10,103.489075, 103.490555, 119.123138, 62.834820,10.673044, 215.809265, 0.999986
5, 871,11,104.912102, 104.906693, 119.123138, 62.834820,10.673044, 215.809265, 1.000052
5, 871,12,206.530090, 206.540054, 119.123138, 62.834820,10.673044, 215.809265, 0.999952
5, 871,13,156.404144, 156.406158, 119.123138, 62.834820,10.673044, 215.809265, 0.999987
5, 871,14,207.592697, 207.589508, 119.123138, 62.834820,10.673044, 215.809265, 1.000015
5, 871,15,117.324257, 117.323212, 119.123138, 62.834820,10.673044, 215.809265, 1.000009
5, 871,16,176.314621, 176.320633, 119.123138, 62.834820,10.673044, 215.809265, 0.999966
5, 871,17,182.674835, 182.674301, 119.123138, 62.834820,10.673044, 215.809265, 1.000003
5, 871,18,37.492619, 37.507263, 119.123138, 62.834820,10.673044, 215.809265, 0.999610
5, 871,19,97.427208, 97.408737, 119.123138, 62.834820,10.673044, 215.809265, 1.000190
5, 871,20,95.148605, 95.158081, 119.123138, 62.834820,10.673044, 215.809265, 0.999900
5, 871,21,35.192276, 35.180748, 119.123138, 62.834820,10.673044, 215.809265, 1.000328
5, 871,22,157.895874, 157.898163, 119.123138, 62.834820,10.673044, 215.809265, 0.999986
5, 871,23,215.809265, 215.801865, 119.123138, 62.834820,10.673044, 215.809265, 1.000034
5, 871,24,175.917267, 175.922348, 119.123138, 62.834820,10.673044, 215.809265, 0.999971
5, 871,25,112.030342, 112.031647, 119.123138, 62.834820,10.673044, 215.809265, 0.999988
5, 871,26,96.757881, 96.751244, 119.123138, 62.834820,10.673044, 215.809265, 1.000069
5, 871,27,32.207436, 32.209381, 119.123138, 62.834820,10.673044, 215.809265, 0.999940
5, 871,28,161.166336, 161.166672, 119.123138, 62.834820,10.673044, 215.809265, 0.999998
5, 871,29,16.332973, 16.341022, 119.123138, 62.834820,10.673044, 215.809265, 0.999507
5, 871,30,98.448891, 98.458191, 119.123138, 62.834820,10.673044, 215.809265, 0.999906
5, 871,31,98.648895, 98.647858, 119.123138, 62.834820,10.673044, 215.809265, 1.000010
5, 872,0,29.020382, 29.010376, 119.128723, 52.071793,19.087791, 211.350204, 1.000345
5, 872,1,191.004990, 190.989807, 119.128723, 52.071793,19.087791, 211.350204, 1.000080
5, 872,2,71.803085, 71.794678, 119.128723, 52.071793,19.087791, 211.350204, 1.000117
5, 872,3,165.955978, 165.945175, 119.128723, 52.071793,19.087791, 211.350204, 1.000065
5, 872,4,112.057739, 112.062630, 119.128723, 52.071793,19.087791, 211.350204, 0.999956
5, 872,5,145.180206, 145.157074, 119.128723, 52.071793,19.087791, 211.350204, 1.000159
5, 872,6,93.342888, 93.327667, 119.128723, 52.071793,19.087791, 211.350204, 1.000163
5, 872,7,198.099380, 198.100693, 119.128723, 52.071793,19.087791, 211.350204, 0.999993
5, 872,8,68.675476, 68.677399, 119.128723, 52.071793,19.087791, 211.350204, 0.999972
5, 872,9,111.701233, 111.699570, 119.128723, 52.071793,19.087791, 211.350204, 1.000015
5, 872,10,82.428871, 82.429718, 119.128723, 52.071793,19.087791, 211.350204, 0.999990
5, 872,11,114.699852, 114.704163, 119.128723, 52.071793,19.087791, 211.350204, 0.999962
5, 872,12,170.774170, 170.783844, 119.128723, 52.071793,19.087791, 211.350204, 0.999943
5, 872,13,97.786148, 97.778236, 119.128723, 52.071793,19.087791, 211.350204, 1.000081
5, 872,14,112.674667, 112.688576, 119.128723, 52.071793,19.087791, 211.350204, 0.999877
5, 872,15,127.766815, 127.749153, 119.128723, 52.071793,19.087791, 211.350204, 1.000138
5, 872,16,22.484219, 22.481625, 119.128723, 52.071793,19.087791, 211.350204, 1.000115
5, 872,17,58.146603, 58.148773, 119.128723, 52.071793,19.087791, 211.350204, 0.999963
5, 872,18,19.087791, 19.063889, 119.128723, 52.071793,19.087791, 211.350204, 1.001254
5, 872,19,96.292694, 96.294716, 119.128723, 52.071793,19.087791, 211.350204, 0.999979
5, 872,20,211.350204, 211.339722, 119.128723, 52.071793,19.087791, 211.350204, 1.000050
5, 872,21,94.617104, 94.617142, 119.128723, 52.071793,19.087791, 211.350204, 1.000000
5, 872,22,158.455109, 158.464981, 119.128723, 52.071793,19.087791, 211.350204, 0.999938
5, 872,23,141.934814, 141.927124, 119.128723, 52.071793,19.087791, 211.350204, 1.000054
5, 872,24,180.027603, 180.016739, 119.128723, 52.071793,19.087791, 211.350204, 1.000060
5, 872,25,98.204857, 98.197632, 119.128723, 52.071793,19.087791, 211.350204, 1.000074
5, 872,26,150.063889, 150.064606, 119.128723, 52.071793,19.087791, 211.350204, 0.999995
5, 872,27,146.106369, 146.114807, 119.128723, 52.071793,19.087791, 211.350204, 0.999942
5, 872,28,67.476761, 67.481819, 119.128723, 52.071793,19.087791, 211.350204, 0.999925
5, 872,29,199.340225, 199.333847, 119.128723, 52.071793,19.087791, 211.350204, 1.000032
5, 872,30,114.204872, 114.197144, 119.128723, 52.071793,19.087791, 211.350204, 1.000068
5, 872,31,161.354019, 161.356903, 119.128723, 52.071793,19.087791, 211.350204, 0.999982
5, 873,0,14.158105, 14.160092, 119.124657, 66.937141,14.158105, 223.819672, 0.999860
5, 873,1,222.259964, 222.269852, 119.124657, 66.937141,14.158105, 223.819672, 0.999956
5, 873,2,221.558289, 221.566650, 119.124657, 66.937141,14.158105, 223.819672, 0.999962
5, 873,3,186.989304, 186.991226, 119.124657, 66.937141,14.158105, 223.819672, 0.999990
5, 873,4,174.413620, 174.425507, 119.124657, 66.937141,14.158105, 223.819672, 0.999932
5, 873,5,55.726013, 55.734726, 119.124657, 66.937141,14.158105, 223.819672, 0.999844
5, 873,6,135.527130, 135.525681, 119.124657, 66.937141,14.158105, 223.819672, 1.000011
5, 873,7,54.000446, 53.986565, 119.124657, 66.937141,14.158105, 223.819672, 1.000257
5, 873,8,222.894440, 222.887619, 119.124657, 66.937141,14.158105, 223.819672, 1.000031
5, 873,9,149.744690, 149.754120, 119.124657, 66.937141,14.158105, 223.819672, 0.999937
5, 873,10,64.379463, 64.370377, 119.124657, 66.937141,14.158105, 223.819672, 1.000141
5, 873,11,77.689072, 77.698441, 119.124657, 66.937141,14.158105, 223.819672, 0.999879
5, 873,12,38.407570, 38.404297, 119.124657, 66.937141,14.158105, 223.819672, 1.000085
5, 873,13,76.304070, 76.298592, 119.124657, 66.937141,14.158105, 223.819672, 1.000072
5, 873,14,113.288429, 113.285957, 119.124657, 66.937141,14.158105, 223.819672, 1.000022
5, 873,15,141.157120, 141.164490, 119.124657, 66.937141,14.158105, 223.819672, 0.999948
5, 873,16,129.647125, 129.650284, 119.124657, 66.937141,14.158105, 223.819672, 0.999976
5, 873,17,97.049095, 97.046478, 119.124657, 66.937141,14.158105, 223.819672, 1.000027
5, 873,18,56.383595, 56.378784, 119.124657, 66.937141,14.158105, 223.819672, 1.000085
5, 873,19,213.884430, 213.890533, 119.124657, 66.937141,14.158105, 223.819672, 0.999971
5, 873,20,20.850018, 20.850414, 119.124657, 66.937141,14.158105, 223.819672, 0.999981
5, 873,21,218.565384, 218.569794, 119.124657, 66.937141,14.158105, 223.819672, 0.999980
5, 873,22,152.035995, 152.034622, 119.124657, 66.937141,14.158105, 223.819672, 1.000009
5, 873,23,86.105118, 86.090912, 119.124657, 66.937141,14.158105, 223.819672, 1.000165
5, 873,24,44.904678, 44.897453, 119.124657, 66.937141,14.158105, 223.819672, 1.000161
5, 873,25,223.819672, 223.827408, 119.124657, 66.937141,14.158105, 223.819672, 0.999965
5, 873,26,106.361526, 106.372177, 119.124657, 66.937141,14.158105, 223.819672, 0.999900
5, 873,27,136.502609, 136.498352, 119.124657, 66.937141,14.158105, 223.819672, 1.000031
5, 873,28,36.058399, 36.077797, 119.124657, 66.937141,14.158105, 223.819672, 0.999462
5, 873,29,175.137589, 175.135284, 119.124657, 66.937141,14.158105, 223.819672, 1.000013
5, 873,30,67.794250, 67.781250, 119.124657, 66.937141,14.158105, 223.819672, 1.000192
5, 873,31,98.391457, 98.374023, 119.124657, 66.937141,14.158105, 223.819672, 1.000177
5, 874,0,155.070923, 155.057297, 119.129303, 59.571278,15.356007, 223.571426, 1.000088
5, 874,1,133.126297, 133.119934, 119.129303, 59.571278,15.356007, 223.571426, 1.000048
5, 874,2,108.392685, 108.388214, 119.129303, 59.571278,15.356007, 223.571426, 1.000041
5, 874,3,223.571426, 223.569473, 119.129303, 59.571278,15.356007, 223.571426, 1.000009
5, 874,4,116.125519, 116.118134, 119.129303, 59.571278,15.356007, 223.571426, 1.000064
5, 874,5,75.323608, 75.320557, 119.129303, 59.571278,15.356007, 223.571426, 1.000041
5, 874,6,123.551773, 123.538307, 119.129303, 59.571278,15.356007, 223.571426, 1.000109
5, 874,7,51.745171, 51.740246, 119.129303, 59.571278,15.356007, 223.571426, 1.000095
5, 874,8,166.491806, 166.490570, 119.129303, 59.571278,15.356007, 223.571426, 1.000007
5, 874,9,101.229019, 101.230614, 119.129303, 59.571278,15.356007, 223.571426, 0.999984
5, 874,10,80.493362, 80.498535, 119.129303, 59.571278,15.356007, 223.571426, 0.999936
5, 874,11,144.435440, 144.445480, 119.129303, 59.571278,15.356007, 223.571426, 0.999931
5, 874,12,15.356007, 15.353041, 119.129303, 59.571278,15.356007, 223.571426, 1.000193
5, 874,13,120.757393, 120.757439, 119.129303, 59.571278,15.356007, 223.571426, 1.000000
5, 874,14,158.763489, 158.747192, 119.129303, 59.571278,15.356007, 223.571426, 1.000103
5, 874,15,125.350288, 125.342880, 119.129303, 59.571278,15.356007, 223.571426, 1.000059
5, 874,16,194.928955, 194.925659, 119.129303, 59.571278,15.356007, 223.571426, 1.000017
5, 874,17,217.138351, 217.132370, 119.129303, 59.571278,15.356007, 223.571426, 1.000028
5, 874,18,33.301559, 33.290775, 119.129303, 59.571278,15.356007, 223.571426, 1.000324
5, 874,19,202.482391, 202.487259, 119.129303, 59.571278,15.356007, 223.571426, 0.999976
5, 874,20,65.283546, 65.274353, 119.129303, 59.571278,15.356007, 223.571426, 1.000141
5, 874,21,40.937206, 40.939899, 119.129303, 59.571278,15.356007, 223.571426, 0.999934
5, 874,22,168.543213, 168.557739, 119.129303, 59.571278,15.356007, 223.571426, 0.999914
5, 874,23,182.378357, 182.388092, 119.129303, 59.571278,15.356007, 223.571426, 0.999947
5, 874,24,27.220905, 27.203796, 119.129303, 59.571278,15.356007, 223.571426, 1.000629
5, 874,25,142.067307, 142.061859, 119.129303, 59.571278,15.356007, 223.571426, 1.000038
5, 874,26,166.879852, 166.881119, 119.129303, 59.571278,15.356007, 223.571426, 0.999992
5, 874,27,39.513035, 39.505688, 119.129303, 59.571278,15.356007, 223.571426, 1.000186
5, 874,28,172.608185, 172.591019, 119.129303, 59.571278,15.356007, 223.571426, 1.000099
5, 874,29,88.999268, 88.996063, 119.129303, 59.571278,15.356007, 223.571426, 1.000036
5, 874,30,135.671173, 135.658417, 119.129303, 59.571278,15.356007, 223.571426, 1.000094
5, 874,31,34.400127, 34.388317, 119.129303, 59.571278,15.356007, 223.571426, 1.000343
5, 875,0,78.803253, 78.807404, 119.124527, 75.060226,16.305824, 267.336334, 0.999947
5, 875,1,32.898525, 32.900970, 119.124527, 75.060226,16.305824, 267.336334, 0.999926
5, 875,2,136.200958, 136.208527, 119.124527, 75.060226,16.305824, 267.336334, 0.999944
5, 875,3,32.793381, 32.788433, 119.124527, 75.060226,16.305824, 267.336334, 1.000151
5, 875,4,72.178291, 72.183884, 119.124527, 75.060226,16.305824, 267.336334, 0.999923
5, 875,5,115.730316, 115.719040, 119.124527, 75.060226,16.305824, 267.336334, 1.000097
5, 875,6,267.336334, 267.336487, 119.124527, 75.060226,16.305824, 267.336334, 0.999999
5, 875,7,219.382095, 219.380280, 119.124527, 75.060226,16.305824, 267.336334, 1.000008
5, 875,8,254.668762, 254.668198, 119.124527, 75.060226,16.305824, 267.336334, 1.000002
5, 875,9,167.326035, 167.332626, 119.124527, 75.060226,16.305824, 267.336334, 0.999961
5, 875,10,110.265526, 110.269112, 119.124527, 75.060226,16.305824, 267.336334, 0.999967
5, 875,11,53.753159, 53.760220, 119.124527, 75.060226,16.305824, 267.336334, 0.999869
5, 875,12,115.021835, 115.027740, 119.124527, 75.060226,16.305824, 267.336334, 0.999949
5, 875,13,127.770897, 127.768364, 119.124527, 75.060226,16.305824, 267.336334, 1.000020
5, 875,14,16.305824, 16.310024, 119.124527, 75.060226,16.305824, 267.336334, 0.999743
5, 875,15,206.512024, 206.511047, 119.124527, 75.060226,16.305824, 267.336334, 1.000005
5, 875,16,238.042114, 238.029007, 119.124527, 75.060226,16.305824, 267.336334, 1.000055
5, 875,17,67.079720, 67.079605, 119.124527, 75.060226,16.305824, 267.336334, 1.000002
5, 875,18,228.682297, 228.680542, 119.124527, 75.060226,16.305824, 267.336334, 1.000008
5, 875,19,36.650352, 36.646790, 119.124527, 75.060226,16.305824, 267.336334, 1.000097
5, 875,20,41.939465, 41.944000, 119.124527, 75.060226,16.305824, 267.336334, 0.999892
5, 875,21,157.460388, 157.461670, 119.124527, 75.060226,16.305824, 267.336334, 0.999992
5, 875,22,77.123611, 77.119370, 119.124527, 75.060226,16.305824, 267.336334, 1.000055
5, 875,23,40.526825, 40.521229, 119.124527, 75.060226,16.305824, 267.336334, 1.000138
5, 875,24,78.616936, 78.622528, 119.124527, 75.060226,16.305824, 267.336334, 0.999929
5, 875,25,127.303246, 127.302147, 119.124527, 75.060226,16.305824, 267.336334, 1.000009
5, 875,26,43.702900, 43.704372, 119.124527, 75.060226,16.305824, 267.336334, 0.999966
5, 875,27,165.138947, 165.138199, 119.124527, 75.060226,16.305824, 267.336334, 1.000005
5, 875,28,146.578445, 146.577866, 119.124527, 75.060226,16.305824, 267.336334, 1.000004
5, 875,29,213.876450, 213.882126, 119.124527, 75.060226,16.305824, 267.336334, 0.999973
5, 875,30,123.110046, 123.106186, 119.124527, 75.060226,16.305824, 267.336334, 1.000031
5, 875,31,19.205849, 19.211834, 119.124527, 75.060226,16.305824, 267.336334, 0.999688
5, 876,0,125.040863, 125.039253, 119.125298, 72.194702,10.456013, 225.189590, 1.000013
5, 876,1,207.060715, 207.070236, 119.125298, 72.194702,10.456013, 225.189590, 0.999954
5, 876,2,133.159729, 133.160858, 119.125298, 72.194702,10.456013, 225.189590, 0.999992
5, 876,3,32.634346, 32.656105, 119.125298, 72.194702,10.456013, 225.189590, 0.999334
5, 876,4,132.150436, 132.138504, 119.125298, 72.194702,10.456013, 225.189590, 1.000090
5, 876,5,80.547165, 80.534912, 119.125298, 72.194702,10.456013, 225.189590, 1.000152
5, 876,6,221.309479, 221.304474, 119.125298, 72.194702,10.456013, 225.189590, 1.000023
5, 876,7,121.462967, 121.464615, 119.125298, 72.194702,10.456013, 225.189590, 0.999986
5, 876,8,135.179077, 135.184113, 119.125298, 72.194702,10.456013, 225.189590, 0.999963
5, 876,9,194.950409, 194.959335, 119.125298, 72.194702,10.456013, 225.189590, 0.999954
5, 876,10,225.189590, 225.193680, 119.125298, 72.194702,10.456013, 225.189590, 0.999982
5, 876,11,194.307388, 194.315903, 119.125298, 72.194702,10.456013, 225.189590, 0.999956
5, 876,12,33.255398, 33.256649, 119.125298, 72.194702,10.456013, 225.189590, 0.999962
5, 876,13,211.758301, 211.753021, 119.125298, 72.194702,10.456013, 225.189590, 1.000025
5, 876,14,156.414612, 156.417496, 119.125298, 72.194702,10.456013, 225.189590, 0.999982
5, 876,15,66.476860, 66.479401, 119.125298, 72.194702,10.456013, 225.189590, 0.999962
5, 876,16,10.456013, 10.450405, 119.125298, 72.194702,10.456013, 225.189590, 1.000537
5, 876,17,103.087852, 103.090935, 119.125298, 72.194702,10.456013, 225.189590, 0.999970
5, 876,18,47.763569, 47.755409, 119.125298, 72.194702,10.456013, 225.189590, 1.000171
5, 876,19,143.043671, 143.041183, 119.125298, 72.194702,10.456013, 225.189590, 1.000017
5, 876,20,35.357903, 35.351387, 119.125298, 72.194702,10.456013, 225.189590, 1.000184
5, 876,21,42.956760, 42.943935, 119.125298, 72.194702,10.456013, 225.189590, 1.000299
5, 876,22,192.291412, 192.292633, 119.125298, 72.194702,10.456013, 225.189590, 0.999994
5, 876,23,28.042139, 28.037663, 119.125298, 72.194702,10.456013, 225.189590, 1.000160
5, 876,24,197.364212, 197.361481, 119.125298, 72.194702,10.456013, 225.189590, 1.000014
5, 876,25,130.188095, 130.193909, 119.125298, 72.194702,10.456013, 225.189590, 0.999955
5, 876,26,12.134543, 12.130489, 119.125298, 72.194702,10.456013, 225.189590, 1.000334
5, 876,27,73.447510, 73.442810, 119.125298, 72.194702,10.456013, 225.189590, 1.000064
5, 876,28,188.762451, 188.768051, 119.125298, 72.194702,10.456013, 225.189590, 0.999970
5, 876,29,97.517365, 97.507339, 119.125298, 72.194702,10.456013, 225.189590, 1.000103
5, 876,30,15.172302, 15.176087, 119.125298, 72.194702,10.456013, 225.189590, 0.999751
5, 876,31,223.526199, 223.527908, 119.125298, 72.194702,10.456013, 225.189590, 0.999992
5, 877,0,94.115601, 94.108681, 119.126144, 59.898396,13.364188, 213.168671, 1.000074
5, 877,1,187.116684, 187.117294, 119.126144, 59.898396,13.364188, 213.168671, 0.999997
5, 877,2,149.406769, 149.407410, 119.126144, 59.898396,13.364188, 213.168671, 0.999996
5, 877,3,202.994049, 202.999390, 119.126144, 59.898396,13.364188, 213.168671, 0.999974
5, 877,4,159.568787, 159.567245, 119.126144, 59.898396,13.364188, 213.168671, 1.000010
5, 877,5,20.003397, 19.986044, 119.126144, 59.898396,13.364188, 213.168671, 1.000868
5, 877,6,86.811005, 86.809998, 119.126144, 59.898396,13.364188, 213.168671, 1.000012
5, 877,7,54.219666, 54.220364, 119.126144, 59.898396,13.364188, 213.168671, 0.999987
5, 877,8,176.548538, 176.547852, 119.126144, 59.898396,13.364188, 213.168671, 1.000004
5, 877,9,83.327705, 83.315811, 119.126144, 59.898396,13.364188, 213.168671, 1.000143
5, 877,10,24.671972, 24.678059, 119.126144, 59.898396,13.364188, 213.168671, 0.999753
5, 877,11,71.922310, 71.920929, 119.126144, 59.898396,13.364188, 213.168671, 1.000019
5, 877,12,188.191208, 188.184799, 119.126144, 59.898396,13.364188, 213.168671, 1.000034
5, 877,13,161.219864, 161.218124, 119.126144, 59.898396,13.364188, 213.168671, 1.000011
5, 877,14,158.336685, 158.344574, 119.126144, 59.898396,13.364188, 213.168671, 0.999950
5, 877,15,111.946861, 111.945786, 119.126144, 59.898396,13.364188, 213.168671, 1.000010
5, 877,16,13.364188, 13.357645, 119.126144, 59.898396,13.364188, 213.168671, 1.000490
5, 877,17,95.705788, 95.703720, 119.126144, 59.898396,13.364188, 213.168671, 1.000022
5, 877,18,117.036263, 117.028786, 119.126144, 59.898396,13.364188, 213.168671, 1.000064
5, 877,19,58.535908, 58.539997, 119.126144, 59.898396,13.364188, 213.168671, 0.999930
5, 877,20,124.538292, 124.532295, 119.126144, 59.898396,13.364188, 213.168671, 1.000048
5, 877,21,25.702440, 25.702106, 119.126144, 59.898396,13.364188, 213.168671, 1.000013
5, 877,22,204.173401, 204.178604, 119.126144, 59.898396,13.364188, 213.168671, 0.999974
5, 877,23,196.249420, 196.259277, 119.126144, 59.898396,13.364188, 213.168671, 0.999950
5, 877,24,49.052681, 49.056667, 119.126144, 59.898396,13.364188, 213.168671, 0.999919
5, 877,25,124.440834, 124.439201, 119.126144, 59.898396,13.364188, 213.168671, 1.000013
5, 877,26,75.383438, 75.377869, 119.126144, 59.898396,13.364188, 213.168671, 1.000074
5, 877,27,117.388023, 117.388756, 119.126144, 59.898396,13.364188, 213.168671, 0.999994
5, 877,28,147.053558, 147.055206, 119.126144, 59.898396,13.364188, 213.168671, 0.999989
5, 877,29,171.972122, 171.967560, 119.126144, 59.898396,13.364188, 213.168671, 1.000027
5, 877,30,147.870163, 147.868240, 119.126144, 59.898396,13.364188, 213.168671, 1.000013
5, 877,31,213.168671, 213.171631, 119.126144, 59.898396,13.364188, 213.168671, 0.999986
5, 878,0,123.390747, 123.390099, 119.126015, 65.104340,11.664610, 231.657684, 1.000005
5, 878,1,11.664610, 11.655431, 119.126015, 65.104340,11.664610, 231.657684, 1.000787
5, 878,2,171.512802, 171.501053, 119.126015, 65.104340,11.664610, 231.657684, 1.000069
5, 878,3,151.293304, 151.277206, 119.126015, 65.104340,11.664610, 231.657684, 1.000106
5, 878,4,51.433624, 51.420250, 119.126015, 65.104340,11.664610, 231.657684, 1.000260
5, 878,5,231.657684, 231.655258, 119.126015, 65.104340,11.664610, 231.657684, 1.000010
5, 878,6,156.563812, 156.567688, 119.126015, 65.104340,11.664610, 231.657684, 0.999975
5, 878,7,131.314697, 131.301666, 119.126015, 65.104340,11.664610, 231.657684, 1.000099
5, 878,8,118.947922, 118.954933, 119.126015, 65.104340,11.664610, 231.657684, 0.999941
5, 878,9,114.387489, 114.388695, 119.126015, 65.104340,11.664610, 231.657684, 0.999989
5, 878,10,153.891418, 153.898300, 119.126015, 65.104340,11.664610, 231.657684, 0.999955
5, 878,11,141.936020, 141.944717, 119.126015, 65.104340,11.664610, 231.657684, 0.999939
5, 878,12,97.209457, 97.220497, 119.126015, 65.104340,11.664610, 231.657684, 0.999886
5, 878,13,94.702484, 94.695969, 119.126015, 65.104340,11.664610, 231.657684, 1.000069
5, 878,14,178.543549, 178.550430, 119.126015, 65.104340,11.664610, 231.657684, 0.999961
5, 878,15,134.588104, 134.598755, 119.126015, 65.104340,11.664610, 231.657684, 0.999921
5, 878,16,29.321806, 29.313358, 119.126015, 65.104340,11.664610, 231.657684, 1.000288
5, 878,17,12.450260, 12.448658, 119.126015, 65.104340,11.664610, 231.657684, 1.000129
5, 878,18,12.217561, 12.221036, 119.126015, 65.104340,11.664610, 231.657684, 0.999716
5, 878,19,35.043140, 35.038391, 119.126015, 65.104340,11.664610, 231.657684, 1.000136
5, 878,20,178.195801, 178.198654, 119.126015, 65.104340,11.664610, 231.657684, 0.999984
5, 878,21,201.081146, 201.078094, 119.126015, 65.104340,11.664610, 231.657684, 1.000015
5, 878,22,147.280762, 147.276581, 119.126015, 65.104340,11.664610, 231.657684, 1.000028
5, 878,23,103.782364, 103.793938, 119.126015, 65.104340,11.664610, 231.657684, 0.999888
5, 878,24,86.818336, 86.832680, 119.126015, 65.104340,11.664610, 231.657684, 0.999835
5, 878,25,40.843040, 40.846191, 119.126015, 65.104340,11.664610, 231.657684, 0.999923
5, 878,26,165.596024, 165.589783, 119.126015, 65.104340,11.664610, 231.657684, 1.000038
5, 878,27,177.455765, 177.446808, 119.126015, 65.104340,11.664610, 231.657684, 1.000050
5, 878,28,91.523598, 91.523056, 119.126015, 65.104340,11.664610, 231.657684, 1.000006
5, 878,29,227.838379, 227.833969, 119.126015, 65.104340,11.664610, 231.657684, 1.000019
5, 878,30,209.673767, 209.665619, 119.126015, 65.104340,11.664610, 231.657684, 1.000039
5, 878,31,29.872856, 29.872066, 119.126015, 65.104340,11.664610, 231.657684, 1.000026
5, 879,0,166.684998, 166.685181, 119.123596, 71.439842,16.214102, 243.816971, 0.999999
5, 879,1,223.093689, 223.095749, 119.123596, 71.439842,16.214102, 243.816971, 0.999991
5, 879,2,16.214102, 16.224304, 119.123596, 71.439842,16.214102, 243.816971, 0.999371
5, 879,3,44.032173, 44.037746, 119.123596, 71.439842,16.214102, 243.816971, 0.999873
5, 879,4,28.771959, 28.763338, 119.123596, 71.439842,16.214102, 243.816971, 1.000300
5, 879,5,185.867920, 185.870499, 119.123596, 71.439842,16.214102, 243.816971, 0.999986
5, 879,6,38.390099, 38.393677, 119.123596, 71.439842,16.214102, 243.816971, 0.999907
5, 879,7,128.917542, 128.917358, 119.123596, 71.439842,16.214102, 243.816971, 1.000001
5, 879,8,165.427063, 165.426743, 119.123596, 71.439842,16.214102, 243.816971, 1.000002
5, 879,9,16.531630, 16.525723, 119.123596, 71.439842,16.214102, 243.816971, 1.000357
5, 879,10,25.656414, 25.651188, 119.123596, 71.439842,16.214102, 243.816971, 1.000204
5, 879,11,138.498154, 138.502487, 119.123596, 71.439842,16.214102, 243.816971, 0.999969
5, 879,12,57.204254, 57.202232, 119.123596, 71.439842,16.214102, 243.816971, 1.000035
5, 879,13,88.134598, 88.127823, 119.123596, 71.439842,16.214102, 243.816971, 1.000077
5, 879,14,68.906898, 68.912361, 119.123596, 71.439842,16.214102, 243.816971, 0.999921
5, 879,15,243.816971, 243.833405, 119.123596, 71.439842,16.214102, 243.816971, 0.999933
5, 879,16,205.330475, 205.334625, 119.123596, 71.439842,16.214102, 243.816971, 0.999980
5, 879,17,175.123459, 175.132446, 119.123596, 71.439842,16.214102, 243.816971, 0.999949
5, 879,18,96.995522, 96.989548, 119.123596, 71.439842,16.214102, 243.816971, 1.000062
5, 879,19,62.546494, 62.544880, 119.123596, 71.439842,16.214102, 243.816971, 1.000026
5, 879,20,211.356018, 211.370560, 119.123596, 71.439842,16.214102, 243.816971, 0.999931
5, 879,21,59.936264, 59.945141, 119.123596, 71.439842,16.214102, 243.816971, 0.999852
5, 879,22,186.444748, 186.443192, 119.123596, 71.439842,16.214102, 243.816971, 1.000008
5, 879,23,229.280685, 229.274857, 119.123596, 71.439842,16.214102, 243.816971, 1.000025
5, 879,24,146.385178, 146.377075, 119.123596, 71.439842,16.214102, 243.816971, 1.000055
5, 879,25,147.754974, 147.748535, 119.123596, 71.439842,16.214102, 243.816971, 1.000044
5, 879,26,106.132072, 106.137619, 119.123596, 71.439842,16.214102, 243.816971, 0.999948
5, 879,27,89.157562, 89.160179, 119.123596, 71.439842,16.214102, 243.816971, 0.999971
5, 879,28,217.222595, 217.233154, 119.123596, 71.439842,16.214102, 243.816971, 0.999951
5, 879,29,29.280544, 29.275751, 119.123596, 71.439842,16.214102, 243.816971, 1.000164
5, 879,30,79.475914, 79.469559, 119.123596, 71.439842,16.214102, 243.816971, 1.000080
5, 879,31,133.384262, 133.393433, 119.123596, 71.439842,16.214102, 243.816971, 0.999931
5, 880,0,30.474026, 30.467327, 119.125465, 60.380230,16.654945, 209.384811, 1.000220
5, 880,1,184.505249, 184.494064, 119.125465, 60.380230,16.654945, 209.384811, 1.000061
5, 880,2,153.947311, 153.943497, 119.125465, 60.380230,16.654945, 209.384811, 1.000025
5, 880,3,121.515297, 121.510757, 119.125465, 60.380230,16.654945, 209.384811, 1.000037
5, 880,4,121.398972, 121.414742, 119.125465, 60.380230,16.654945, 209.384811, 0.999870
5, 880,5,39.690178, 39.686268, 119.125465, 60.380230,16.654945, 209.384811, 1.000098
5, 880,6,80.090385, 80.095955, 119.125465, 60.380230,16.654945, 209.384811, 0.999930
5, 880,7,142.469238, 142.483856, 119.125465, 60.380230,16.654945, 209.384811, 0.999897
5, 880,8,172.183060, 172.176529, 119.125465, 60.380230,16.654945, 209.384811, 1.000038
5, 880,9,171.187469, 171.184204, 119.125465, 60.380230,16.654945, 209.384811, 1.000019
5, 880,10,106.499733, 106.504379, 119.125465, 60.380230,16.654945, 209.384811, 0.999956
5, 880,11,18.668800, 18.681170, 119.125465, 60.380230,16.654945, 209.384811, 0.999338
5, 880,12,169.656998, 169.647720, 119.125465, 60.380230,16.654945, 209.384811, 1.000055
5, 880,13,96.349754, 96.363548, 119.125465, 60.380230,16.654945, 209.384811, 0.999857
5, 880,14,204.885788, 204.878159, 119.125465, 60.380230,16.654945, 209.384811, 1.000037
5, 880,15,172.715439, 172.707886, 119.125465, 60.380230,16.654945, 209.384811, 1.000044
5, 880,16,35.572239, 35.569756, 119.125465, 60.380230,16.654945, 209.384811, 1.000070
5, 880,17,152.575302, 152.573471, 119.125465, 60.380230,16.654945, 209.384811, 1.000012
5, 880,18,209.384811, 209.378799, 119.125465, 60.380230,16.654945, 209.384811, 1.000029
5, 880,19,136.810532, 136.818054, 119.125465, 60.380230,16.654945, 209.384811, 0.999945
5, 880,20,187.856873, 187.855118, 119.125465, 60.380230,16.654945, 209.384811, 1.000009
5, 880,21,49.051216, 49.046055, 119.125465, 60.380230,16.654945, 209.384811, 1.000105
5, 880,22,96.308182, 96.312325, 119.125465, 60.380230,16.654945, 209.384811, 0.999957
5, 880,23,47.767414, 47.765644, 119.125465, 60.380230,16.654945, 209.384811, 1.000037
5, 880,24,124.157387, 124.167618, 119.125465, 60.380230,16.654945, 209.384811, 0.999918
5, 880,25,205.444336, 205.441544, 119.125465, 60.380230,16.654945, 209.384811, 1.000014
5, 880,26,85.548874, 85.556900, 119.125465, 60.380230,16.654945, 209.384811, 0.999906
5, 880,27,158.915237, 158.917892, 119.125465, 60.380230,16.654945, 209.384811, 0.999983
5, 880,28,16.654945, 16.651722, 119.125465, 60.380230,16.654945, 209.384811, 1.000194
5, 880,29,140.680252, 140.665680, 119.125465, 60.380230,16.654945, 209.384811, 1.000104
5, 880,30,150.750809, 150.742493, 119.125465, 60.380230,16.654945, 209.384811, 1.000055
5, 880,31,28.298918, 28.297035, 119.125465, 60.380230,16.654945, 209.384811, 1.000067
5, 881,0,151.624054, 151.623230, 119.125694, 70.652946,11.788076, 250.563049, 1.000005
5, 881,1,31.562273, 31.559265, 119.125694, 70.652946,11.788076, 250.563049, 1.000095
5, 881,2,112.679977, 112.668114, 119.125694, 70.652946,11.788076, 250.563049, 1.000105
5, 881,3,224.395538, 224.390381, 119.125694, 70.652946,11.788076, 250.563049, 1.000023
5, 881,4,149.176788, 149.166718, 119.125694, 70.652946,11.788076, 250.563049, 1.000067
5, 881,5,118.806671, 118.805641, 119.125694, 70.652946,11.788076, 250.563049, 1.000009
5, 881,6,14.641318, 14.630975, 119.125694, 70.652946,11.788076, 250.563049, 1.000707
5, 881,7,33.603184, 33.615002, 119.125694, 70.652946,11.788076, 250.563049, 0.999648
5, 881,8,212.121140, 212.115341, 119.125694, 70.652946,11.788076, 250.563049, 1.000027
5, 881,9,54.488216, 54.491497, 119.125694, 70.652946,11.788076, 250.563049, 0.999940
5, 881,10,153.613892, 153.612167, 119.125694, 70.652946,11.788076, 250.563049, 1.000011
5, 881,11,35.527058, 35.522308, 119.125694, 70.652946,11.788076, 250.563049, 1.000134
5, 881,12,124.464447, 124.468201, 119.125694, 70.652946,11.788076, 250.563049, 0.999970
5, 881,13,200.841568, 200.849609, 119.125694, 70.652946,11.788076, 250.563049, 0.999960
5, 881,14,178.765274, 178.770828, 119.125694, 70.652946,11.788076, 250.563049, 0.999969
5, 881,15,169.394379, 169.404984, 119.125694, 70.652946,11.788076, 250.563049, 0.999937
5, 881,16,124.944511, 124.950584, 119.125694, 70.652946,11.788076, 250.563049, 0.999951
5, 881,17,36.525135, 36.531624, 119.125694, 70.652946,11.788076, 250.563049, 0.999822
5, 881,18,218.418152, 218.438400, 119.125694, 70.652946,11.788076, 250.563049, 0.999907
5, 881,19,101.712921, 101.691818, 119.125694, 70.652946,11.788076, 250.563049, 1.000208
5, 881,20,208.868195, 208.872162, 119.125694, 70.652946,11.788076, 250.563049, 0.999981
5, 881,21,38.341370, 38.357300, 119.125694, 70.652946,11.788076, 250.563049, 0.999585
5, 881,22,250.563049, 250.565765, 119.125694, 70.652946,11.788076, 250.563049, 0.999989
5, 881,23,172.235855, 172.239975, 119.125694, 70.652946,11.788076, 250.563049, 0.999976
5, 881,24,116.275040, 116.274940, 119.125694, 70.652946,11.788076, 250.563049, 1.000001
5, 881,25,44.952896, 44.954952, 119.125694, 70.652946,11.788076, 250.563049, 0.999954
5, 881,26,56.915455, 56.910885, 119.125694, 70.652946,11.788076, 250.563049, 1.000080
5, 881,27,103.046043, 103.035095, 119.125694, 70.652946,11.788076, 250.563049, 1.000106
5, 881,28,196.386581, 196.389313, 119.125694, 70.652946,11.788076, 250.563049, 0.999986
5, 881,29,98.321609, 98.307640, 119.125694, 70.652946,11.788076, 250.563049, 1.000142
5, 881,30,11.788076, 11.781144, 119.125694, 70.652946,11.788076, 250.563049, 1.000588
5, 881,31,67.021683, 67.004028, 119.125694, 70.652946,11.788076, 250.563049, 1.000263
5, 882,0,46.918449, 46.909904, 119.125290, 53.064507,17.723059, 186.858917, 1.000182
5, 882,1,126.533066, 126.515717, 119.125290, 53.064507,17.723059, 186.858917, 1.000137
5, 882,2,131.352753, 131.343414, 119.125290, 53.064507,17.723059, 186.858917, 1.000071
5, 882,3,68.184608, 68.191559, 119.125290, 53.064507,17.723059, 186.858917, 0.999898
5, 882,4,35.558506, 35.548836, 119.125290, 53.064507,17.723059, 186.858917, 1.000272
5, 882,5,27.824825, 27.810053, 119.125290, 53.064507,17.723059, 186.858917, 1.000531
5, 882,6,17.723059, 17.720703, 119.125290, 53.064507,17.723059, 186.858917, 1.000133
5, 882,7,112.730652, 112.731758, 119.125290, 53.064507,17.723059, 186.858917, 0.999990
5, 882,8,35.287411, 35.289673, 119.125290, 53.064507,17.723059, 186.858917, 0.999936
5, 882,9,118.001617, 118.005463, 119.125290, 53.064507,17.723059, 186.858917, 0.999967
5, 882,10,182.806534, 182.820801, 119.125290, 53.064507,17.723059, 186.858917, 0.999922
5, 882,11,148.366547, 148.363937, 119.125290, 53.064507,17.723059, 186.858917, 1.000018
5, 882,12,128.814514, 128.824097, 119.125290, 53.064507,17.723059, 186.858917, 0.999926
5, 882,13,176.127945, 176.136749, 119.125290, 53.064507,17.723059, 186.858917, 0.999950
5, 882,14,122.025505, 122.025528, 119.125290, 53.064507,17.723059, 186.858917, 1.000000
5, 882,15,155.408218, 155.415619, 119.125290, 53.064507,17.723059, 186.858917, 0.999952
5, 882,16,137.281219, 137.280106, 119.125290, 53.064507,17.723059, 186.858917, 1.000008
5, 882,17,168.801437, 168.807816, 119.125290, 53.064507,17.723059, 186.858917, 0.999962
5, 882,18,164.381256, 164.383926, 119.125290, 53.064507,17.723059, 186.858917, 0.999984
5, 882,19,138.896072, 138.895355, 119.125290, 53.064507,17.723059, 186.858917, 1.000005
5, 882,20,130.197159, 130.192261, 119.125290, 53.064507,17.723059, 186.858917, 1.000038
5, 882,21,127.413147, 127.413750, 119.125290, 53.064507,17.723059, 186.858917, 0.999995
5, 882,22,186.858917, 186.846893, 119.125290, 53.064507,17.723059, 186.858917, 1.000064
5, 882,23,60.751621, 60.736050, 119.125290, 53.064507,17.723059, 186.858917, 1.000256
5, 882,24,159.752762, 159.761154, 119.125290, 53.064507,17.723059, 186.858917, 0.999947
5, 882,25,180.127151, 180.132721, 119.125290, 53.064507,17.723059, 186.858917, 0.999969
5, 882,26,36.824352, 36.826580, 119.125290, 53.064507,17.723059, 186.858917, 0.999940
5, 882,27,176.662354, 176.655090, 119.125290, 53.064507,17.723059, 186.858917, 1.000041
5, 882,28,163.659134, 163.666702, 119.125290, 53.064507,17.723059, 186.858917, 0.999954
5, 882,29,78.134682, 78.130234, 119.125290, 53.064507,17.723059, 186.858917, 1.000057
5, 882,30,89.445663, 89.443085, 119.125290, 53.064507,17.723059, 186.858917, 1.000029
5, 882,31,179.157852, 179.174423, 119.125290, 53.064507,17.723059, 186.858917, 0.999907
5, 883,0,106.615288, 106.605370, 119.125992, 66.201462,12.203977, 223.566299, 1.000093
5, 883,1,27.041061, 27.032137, 119.125992, 66.201462,12.203977, 223.566299, 1.000330
5, 883,2,79.843979, 79.839569, 119.125992, 66.201462,12.203977, 223.566299, 1.000055
5, 883,3,221.393478, 221.407227, 119.125992, 66.201462,12.203977, 223.566299, 0.999938
5, 883,4,18.987547, 18.988197, 119.125992, 66.201462,12.203977, 223.566299, 0.999966
5, 883,5,198.731110, 198.730835, 119.125992, 66.201462,12.203977, 223.566299, 1.000001
5, 883,6,107.699005, 107.684525, 119.125992, 66.201462,12.203977, 223.566299, 1.000134
5, 883,7,27.164942, 27.167030, 119.125992, 66.201462,12.203977, 223.566299, 0.999923
5, 883,8,101.810455, 101.805984, 119.125992, 66.201462,12.203977, 223.566299, 1.000044
5, 883,9,223.566299, 223.558426, 119.125992, 66.201462,12.203977, 223.566299, 1.000035
5, 883,10,100.740440, 100.741035, 119.125992, 66.201462,12.203977, 223.566299, 0.999994
5, 883,11,207.528107, 207.534454, 119.125992, 66.201462,12.203977, 223.566299, 0.999969
5, 883,12,89.488914, 89.488045, 119.125992, 66.201462,12.203977, 223.566299, 1.000010
5, 883,13,72.290710, 72.299706, 119.125992, 66.201462,12.203977, 223.566299, 0.999876
5, 883,14,181.755981, 181.755508, 119.125992, 66.201462,12.203977, 223.566299, 1.000003
5, 883,15,172.606186, 172.611115, 119.125992, 66.201462,12.203977, 223.566299, 0.999971
5, 883,16,206.490204, 206.469498, 119.125992, 66.201462,12.203977, 223.566299, 1.000100
5, 883,17,101.393234, 101.387108, 119.125992, 66.201462,12.203977, 223.566299, 1.000060
5, 883,18,30.846470, 30.844667, 119.125992, 66.201462,12.203977, 223.566299, 1.000058
5, 883,19,146.079407, 146.079605, 119.125992, 66.201462,12.203977, 223.566299, 0.999999
5, 883,20,12.203977, 12.193802, 119.125992, 66.201462,12.203977, 223.566299, 1.000834
5, 883,21,126.767845, 126.768463, 119.125992, 66.201462,12.203977, 223.566299, 0.999995
5, 883,22,180.721298, 180.718964, 119.125992, 66.201462,12.203977, 223.566299, 1.000013
5, 883,23,100.256783, 100.265350, 119.125992, 66.201462,12.203977, 223.566299, 0.999915
5, 883,24,112.802940, 112.803398, 119.125992, 66.201462,12.203977, 223.566299, 0.999996
5, 883,25,134.044342, 134.045654, 119.125992, 66.201462,12.203977, 223.566299, 0.999990
5, 883,26,31.753157, 31.753426, 119.125992, 66.201462,12.203977, 223.566299, 0.999992
5, 883,27,156.576202, 156.580032, 119.125992, 66.201462,12.203977, 223.566299, 0.999976
5, 883,28,174.583618, 174.591919, 119.125992, 66.201462,12.203977, 223.566299, 0.999952
5, 883,29,218.391495, 218.396973, 119.125992, 66.201462,12.203977, 223.566299, 0.999975
5, 883,30,38.719505, 38.718216, 119.125992, 66.201462,12.203977, 223.566299, 1.000033
5, 883,31,103.137856, 103.133629, 119.125992, 66.201462,12.203977, 223.566299, 1.000041
5, 884,0,52.115757, 52.123756, 119.125320, 70.151413,10.531303, 221.483658, 0.999847
5, 884,1,23.564657, 23.559399, 119.125320, 70.151413,10.531303, 221.483658, 1.000223
5, 884,2,51.006226, 51.003445, 119.125320, 70.151413,10.531303, 221.483658, 1.000054
5, 884,3,221.483658, 221.478897, 119.125320, 70.151413,10.531303, 221.483658, 1.000021
5, 884,4,20.063482, 20.061131, 119.125320, 70.151413,10.531303, 221.483658, 1.000117
5, 884,5,159.990768, 159.999023, 119.125320, 70.151413,10.531303, 221.483658, 0.999948
5, 884,6,91.334793, 91.320244, 119.125320, 70.151413,10.531303, 221.483658, 1.000159
5, 884,7,119.494583, 119.501526, 119.125320, 70.151413,10.531303, 221.483658, 0.999942
5, 884,8,191.850586, 191.837601, 119.125320, 70.151413,10.531303, 221.483658, 1.000068
5, 884,9,42.064472, 42.055401, 119.125320, 70.151413,10.531303, 221.483658, 1.000216
5, 884,10,215.603104, 215.602661, 119.125320, 70.151413,10.531303, 221.483658, 1.000002
5, 884,11,152.682571, 152.684464, 119.125320, 70.151413,10.531303, 221.483658, 0.999988
5, 884,12,195.851120, 195.856262, 119.125320, 70.151413,10.531303, 221.483658, 0.999974
5, 884,13,17.697084, 17.697632, 119.125320, 70.151413,10.531303, 221.483658, 0.999969
5, 884,14,141.008499, 141.004303, 119.125320, 70.151413,10.531303, 221.483658, 1.000030
5, 884,15,188.972702, 188.975372, 119.125320, 70.151413,10.531303, 221.483658, 0.999986
5, 884,16,172.559387, 172.553757, 119.125320, 70.151413,10.531303, 221.483658, 1.000033
5, 884,17,77.405190, 77.421143, 119.125320, 70.151413,10.531303, 221.483658, 0.999794
5, 884,18,200.076782, 200.077316, 119.125320, 70.151413,10.531303, 221.483658, 0.999997
5, 884,19,94.950829, 94.955841, 119.125320, 70.151413,10.531303, 221.483658, 0.999947
5, 884,20,179.576813, 179.564743, 119.125320, 70.151413,10.531303, 221.483658, 1.000067
5, 884,21,10.531303, 10.520403, 119.125320, 70.151413,10.531303, 221.483658, 1.001036
5, 884,22,72.615456, 72.621872, 119.125320, 70.151413,10.531303, 221.483658, 0.999912
5, 884,23,17.194252, 17.198914, 119.125320, 70.151413,10.531303, 221.483658, 0.999729
5, 884,24,206.081970, 206.076401, 119.125320, 70.151413,10.531303, 221.483658, 1.000027
5, 884,25,102.089104, 102.082474, 119.125320, 70.151413,10.531303, 221.483658, 1.000065
5, 884,26,158.416733, 158.423355, 119.125320, 70.151413,10.531303, 221.483658, 0.999958
5, 884,27,83.151672, 83.145576, 119.125320, 70.151413,10.531303, 221.483658, 1.000073
5, 884,28,34.107635, 34.104790, 119.125320, 70.151413,10.531303, 221.483658, 1.000083
5, 884,29,157.818893, 157.837921, 119.125320, 70.151413,10.531303, 221.483658, 0.999879
5, 884,30,150.913010, 150.913651, 119.125320, 70.151413,10.531303, 221.483658, 0.999996
5, 884,31,209.736572, 209.740921, 119.125320, 70.151413,10.531303, 221.483658, 0.999979
5, 885,0,161.164688, 161.162811, 119.126343, 46.315182,18.379181, 191.919724, 1.000012
5, 885,1,170.852081, 170.850952, 119.126343, 46.315182,18.379181, 191.919724, 1.000007
5, 885,2,121.383415, 121.378525, 119.126343, 46.315182,18.379181, 191.919724, 1.000040
5, 885,3,95.529625, 95.526031, 119.126343, 46.315182,18.379181, 191.919724, 1.000038
5, 885,4,160.812866, 160.818893, 119.126343, 46.315182,18.379181, 191.919724, 0.999963
5, 885,5,174.355011, 174.342651, 119.126343, 46.315182,18.379181, 191.919724, 1.000071
5, 885,6,38.195763, 38.195839, 119.126343, 46.315182,18.379181, 191.919724, 0.999998
5, 885,7,185.985611, 185.995209, 119.126343, 46.315182,18.379181, 191.919724, 0.999948
5, 885,8,161.034393, 161.034576, 119.126343, 46.315182,18.379181, 191.919724, 0.999999
5, 885,9,166.508362, 166.508194, 119.126343, 46.315182,18.379181, 191.919724, 1.000001
5, 885,10,143.367081, 143.354599, 119.126343, 46.315182,18.379181, 191.919724, 1.000087
5, 885,11,18.379181, 18.382389, 119.126343, 46.315182,18.379181, 191.919724, 0.999825
5, 885,12,187.855728, 187.848907, 119.126343, 46.315182,18.379181, 191.919724, 1.000036
5, 885,13,83.483513, 83.465408, 119.126343, 46.315182,18.379181, 191.919724, 1.000217
5, 885,14,108.165482, 108.169556, 119.126343, 46.315182,18.379181, 191.919724, 0.999962
5, 885,15,134.107590, 134.115326, 119.126343, 46.315182,18.379181, 191.919724, 0.999942
5, 885,16,46.259861, 46.245968, 119.126343, 46.315182,18.379181, 191.919724, 1.000300
5, 885,17,138.042007, 138.044205, 119.126343, 46.315182,18.379181, 191.919724, 0.999984
5, 885,18,124.327835, 124.328094, 119.126343, 46.315182,18.379181, 191.919724, 0.999998
5, 885,19,46.295162, 46.292603, 119.126343, 46.315182,18.379181, 191.919724, 1.000055
5, 885,20,73.014191, 73.013657, 119.126343, 46.315182,18.379181, 191.919724, 1.000007
5, 885,21,113.136681, 113.118546, 119.126343, 46.315182,18.379181, 191.919724, 1.000160
5, 885,22,87.055580, 87.062027, 119.126343, 46.315182,18.379181, 191.919724, 0.999926
5, 885,23,140.903214, 140.906342, 119.126343, 46.315182,18.379181, 191.919724, 0.999978
5, 885,24,136.562668, 136.569427, 119.126343, 46.315182,18.379181, 191.919724, 0.999951
5, 885,25,93.888893, 93.888016, 119.126343, 46.315182,18.379181, 191.919724, 1.000009
5, 885,26,191.919724, 191.923508, 119.126343, 46.315182,18.379181, 191.919724, 0.999980
5, 885,27,101.513168, 101.506783, 119.126343, 46.315182,18.379181, 191.919724, 1.000063
5, 885,28,89.140259, 89.137222, 119.126343, 46.315182,18.379181, 191.919724, 1.000034
5, 885,29,90.240616, 90.244774, 119.126343, 46.315182,18.379181, 191.919724, 0.999954
5, 885,30,85.878136, 85.872864, 119.126343, 46.315182,18.379181, 191.919724, 1.000061
5, 885,31,142.684448, 142.695923, 119.126343, 46.315182,18.379181, 191.919724, 0.999920
5, 886,0,210.775238, 210.784653, 119.123428, 59.251808,10.976312, 214.062836, 0.999955
5, 886,1,114.447845, 114.436821, 119.123428, 59.251808,10.976312, 214.062836, 1.000096
5, 886,2,119.989822, 119.996437, 119.123428, 59.251808,10.976312, 214.062836, 0.999945
5, 886,3,175.117325, 175.123001, 119.123428, 59.251808,10.976312, 214.062836, 0.999968
5, 886,4,181.295074, 181.283646, 119.123428, 59.251808,10.976312, 214.062836, 1.000063
5, 886,5,25.917288, 25.921280, 119.123428, 59.251808,10.976312, 214.062836, 0.999846
5, 886,6,77.096443, 77.097260, 119.123428, 59.251808,10.976312, 214.062836, 0.999989
5, 886,7,54.675045, 54.683506, 119.123428, 59.251808,10.976312, 214.062836, 0.999845
5, 886,8,94.711937, 94.702698, 119.123428, 59.251808,10.976312, 214.062836, 1.000098
5, 886,9,86.247665, 86.244331, 119.123428, 59.251808,10.976312, 214.062836, 1.000039
5, 886,10,199.828934, 199.853256, 119.123428, 59.251808,10.976312, 214.062836, 0.999878
5, 886,11,69.069214, 69.064621, 119.123428, 59.251808,10.976312, 214.062836, 1.000067
5, 886,12,150.981903, 150.987518, 119.123428, 59.251808,10.976312, 214.062836, 0.999963
5, 886,13,185.318787, 185.334412, 119.123428, 59.251808,10.976312, 214.062836, 0.999916
5, 886,14,67.287010, 67.286552, 119.123428, 59.251808,10.976312, 214.062836, 1.000007
5, 886,15,144.568985, 144.576431, 119.123428, 59.251808,10.976312, 214.062836, 0.999949
5, 886,16,170.189697, 170.176941, 119.123428, 59.251808,10.976312, 214.062836, 1.000075
5, 886,17,117.037224, 117.035057, 119.123428, 59.251808,10.976312, 214.062836, 1.000018
5, 886,18,176.552139, 176.537949, 119.123428, 59.251808,10.976312, 214.062836, 1.000080
5, 886,19,76.899757, 76.915695, 119.123428, 59.251808,10.976312, 214.062836, 0.999793
5, 886,20,83.720261, 83.721214, 119.123428, 59.251808,10.976312, 214.062836, 0.999989
5, 886,21,182.489441, 182.485718, 119.123428, 59.251808,10.976312, 214.062836, 1.000020
5, 886,22,55.843307, 55.841763, 119.123428, 59.251808,10.976312, 214.062836, 1.000028
5, 886,23,89.028656, 89.036659, 119.123428, 59.251808,10.976312, 214.062836, 0.999910
5, 886,24,30.240524, 30.241247, 119.123428, 59.251808,10.976312, 214.062836, 0.999976
5, 886,25,107.763931, 107.775299, 119.123428, 59.251808,10.976312, 214.062836, 0.999894
5, 886,26,203.690140, 203.672348, 119.123428, 59.251808,10.976312, 214.062836, 1.000087
5, 886,27,168.143707, 168.142181, 119.123428, 59.251808,10.976312, 214.062836, 1.000009
5, 886,28,10.976312, 10.970428, 119.123428, 59.251808,10.976312, 214.062836, 1.000536
5, 886,29,103.272423, 103.286293, 119.123428, 59.251808,10.976312, 214.062836, 0.999866
5, 886,30,64.710899, 64.719604, 119.123428, 59.251808,10.976312, 214.062836, 0.999865
5, 886,31,214.062836, 214.065323, 119.123428, 59.251808,10.976312, 214.062836, 0.999988
5, 887,0,195.459015, 195.460327, 119.123863, 66.398399,19.766472, 221.304047, 0.999993
5, 887,1,206.491577, 206.493896, 119.123863, 66.398399,19.766472, 221.304047, 0.999989
5, 887,2,158.277878, 158.269257, 119.123863, 66.398399,19.766472, 221.304047, 1.000054
5, 887,3,58.502342, 58.491680, 119.123863, 66.398399,19.766472, 221.304047, 1.000182
5, 887,4,146.513199, 146.506195, 119.123863, 66.398399,19.766472, 221.304047, 1.000048
5, 887,5,42.322952, 42.325615, 119.123863, 66.398399,19.766472, 221.304047, 0.999937
5, 887,6,123.621384, 123.611877, 119.123863, 66.398399,19.766472, 221.304047, 1.000077
5, 887,7,148.666046, 148.662125, 119.123863, 66.398399,19.766472, 221.304047, 1.000026
5, 887,8,221.304047, 221.305191, 119.123863, 66.398399,19.766472, 221.304047, 0.999995
5, 887,9,218.110123, 218.107147, 119.123863, 66.398399,19.766472, 221.304047, 1.000014
5, 887,10,63.615917, 63.624180, 119.123863, 66.398399,19.766472, 221.304047, 0.999870
5, 887,11,112.504517, 112.506660, 119.123863, 66.398399,19.766472, 221.304047, 0.999981
5, 887,12,194.797791, 194.802475, 119.123863, 66.398399,19.766472, 221.304047, 0.999976
5, 887,13,64.279640, 64.288536, 119.123863, 66.398399,19.766472, 221.304047, 0.999862
5, 887,14,151.626694, 151.638702, 119.123863, 66.398399,19.766472, 221.304047, 0.999921
5, 887,15,133.811493, 133.818253, 119.123863, 66.398399,19.766472, 221.304047, 0.999950
5, 887,16,72.239128, 72.241310, 119.123863, 66.398399,19.766472, 221.304047, 0.999970
5, 887,17,136.343933, 136.351929, 119.123863, 66.398399,19.766472, 221.304047, 0.999941
5, 887,18,102.352615, 102.365417, 119.123863, 66.398399,19.766472, 221.304047, 0.999875
5, 887,19,19.766472, 19.763470, 119.123863, 66.398399,19.766472, 221.304047, 1.000152
5, 887,20,56.666550, 56.661438, 119.123863, 66.398399,19.766472, 221.304047, 1.000090
5, 887,21,204.637177, 204.644119, 119.123863, 66.398399,19.766472, 221.304047, 0.999966
5, 887,22,213.421661, 213.430588, 119.123863, 66.398399,19.766472, 221.304047, 0.999958
5, 887,23,158.093933, 158.099915, 119.123863, 66.398399,19.766472, 221.304047, 0.999962
5, 887,24,158.324219, 158.314850, 119.123863, 66.398399,19.766472, 221.304047, 1.000059
5, 887,25,25.895456, 25.905533, 119.123863, 66.398399,19.766472, 221.304047, 0.999611
5, 887,26,37.968491, 37.968204, 119.123863, 66.398399,19.766472, 221.304047, 1.000008
5, 887,27,190.482117, 190.471115, 119.123863, 66.398399,19.766472, 221.304047, 1.000058
5, 887,28,39.626461, 39.635612, 119.123863, 66.398399,19.766472, 221.304047, 0.999769
5, 887,29,48.478878, 48.487221, 119.123863, 66.398399,19.766472, 221.304047, 0.999828
5, 887,30,30.550747, 30.549530, 119.123863, 66.398399,19.766472, 221.304047, 1.000040
5, 887,31,77.211342, 77.197945, 119.123863, 66.398399,19.766472, 221.304047, 1.000174
5, 888,0,218.585999, 218.583527, 119.124916, 64.451813,11.863797, 218.585999, 1.000011
5, 888,1,160.691193, 160.701080, 119.124916, 64.451813,11.863797, 218.585999, 0.999938
5, 888,2,88.896957, 88.895210, 119.124916, 64.451813,11.863797, 218.585999, 1.000020
5, 888,3,11.863797, 11.876026, 119.124916, 64.451813,11.863797, 218.585999, 0.998970
5, 888,4,129.406189, 129.414825, 119.124916, 64.451813,11.863797, 218.585999, 0.999933
5, 888,5,58.024979, 58.023724, 119.124916, 64.451813,11.863797, 218.585999, 1.000022
5, 888,6,129.233719, 129.236176, 119.124916, 64.451813,11.863797, 218.585999, 0.999981
5, 888,7,19.693127, 19.692804, 119.124916, 64.451813,11.863797, 218.585999, 1.000016
5, 888,8,69.405006, 69.407516, 119.124916, 64.451813,11.863797, 218.585999, 0.999964
5, 888,9,134.127716, 134.136810, 119.124916, 64.451813,11.863797, 218.585999, 0.999932
5, 888,10,16.969673, 16.980862, 119.124916, 64.451813,11.863797, 218.585999, 0.999341
5, 888,11,176.879059, 176.864273, 119.124916, 64.451813,11.863797, 218.585999, 1.000084
5, 888,12,48.904099, 48.898834, 119.124916, 64.451813,11.863797, 218.585999, 1.000108
5, 888,13,151.514786, 151.512390, 119.124916, 64.451813,11.863797, 218.585999, 1.000016
5, 888,14,143.426880, 143.427612, 119.124916, 64.451813,11.863797, 218.585999, 0.999995
5, 888,15,168.802643, 168.798630, 119.124916, 64.451813,11.863797, 218.585999, 1.000024
5, 888,16,210.911835, 210.919891, 119.124916, 64.451813,11.863797, 218.585999, 0.999962
5, 888,17,96.910606, 96.909805, 119.124916, 64.451813,11.863797, 218.585999, 1.000008
5, 888,18,32.628139, 32.627174, 119.124916, 64.451813,11.863797, 218.585999, 1.000030
5, 888,19,147.702362, 147.702896, 119.124916, 64.451813,11.863797, 218.585999, 0.999996
5, 888,20,57.740395, 57.730202, 119.124916, 64.451813,11.863797, 218.585999, 1.000177
5, 888,21,18.767559, 18.761171, 119.124916, 64.451813,11.863797, 218.585999, 1.000340
5, 888,22,214.428345, 214.416702, 119.124916, 64.451813,11.863797, 218.585999, 1.000054
5, 888,23,157.667374, 157.670090, 119.124916, 64.451813,11.863797, 218.585999, 0.999983
5, 888,24,97.064575, 97.062943, 119.124916, 64.451813,11.863797, 218.585999, 1.000017
5, 888,25,132.887177, 132.879730, 119.124916, 64.451813,11.863797, 218.585999, 1.000056
5, 888,26,156.216904, 156.208832, 119.124916, 64.451813,11.863797, 218.585999, 1.000052
5, 888,27,92.775352, 92.781265, 119.124916, 64.451813,11.863797, 218.585999, 0.999936
5, 888,28,216.773224, 216.764923, 119.124916, 64.451813,11.863797, 218.585999, 1.000038
5, 888,29,79.126923, 79.132217, 119.124916, 64.451813,11.863797, 218.585999, 0.999933
5, 888,30,205.500351, 205.502396, 119.124916, 64.451813,11.863797, 218.585999, 0.999990
5, 888,31,168.470367, 168.479584, 119.124916, 64.451813,11.863797, 218.585999, 0.999945
5, 889,0,75.049644, 75.047256, 119.121971, 59.227264,20.294338, 219.916641, 1.000032
5, 889,1,81.039848, 81.024887, 119.121971, 59.227264,20.294338, 219.916641, 1.000185
5, 889,2,128.716095, 128.722748, 119.121971, 59.227264,20.294338, 219.916641, 0.999948
5, 889,3,111.035210, 111.042709, 119.121971, 59.227264,20.294338, 219.916641, 0.999932
5, 889,4,201.848251, 201.854706, 119.121971, 59.227264,20.294338, 219.916641, 0.999968
5, 889,5,167.444519, 167.454147, 119.121971, 59.227264,20.294338, 219.916641, 0.999942
5, 889,6,95.823357, 95.839302, 119.121971, 59.227264,20.294338, 219.916641, 0.999834
5, 889,7,173.240540, 173.243774, 119.121971, 59.227264,20.294338, 219.916641, 0.999981
5, 889,8,108.436150, 108.436401, 119.121971, 59.227264,20.294338, 219.916641, 0.999998
5, 889,9,216.700211, 216.695068, 119.121971, 59.227264,20.294338, 219.916641, 1.000024
5, 889,10,70.682259, 70.690460, 119.121971, 59.227264,20.294338, 219.916641, 0.999884
5, 889,11,105.471230, 105.467041, 119.121971, 59.227264,20.294338, 219.916641, 1.000040
5, 889,12,67.975441, 67.993393, 119.121971, 59.227264,20.294338, 219.916641, 0.999736
5, 889,13,115.414108, 115.412468, 119.121971, 59.227264,20.294338, 219.916641, 1.000014
5, 889,14,80.079056, 80.084801, 119.121971, 59.227264,20.294338, 219.916641, 0.999928
5, 889,15,23.238459, 23.245445, 119.121971, 59.227264,20.294338, 219.916641, 0.999699
5, 889,16,102.062866, 102.063293, 119.121971, 59.227264,20.294338, 219.916641, 0.999996
5, 889,17,75.477371, 75.488121, 119.121971, 59.227264,20.294338, 219.916641, 0.999858
5, 889,18,39.977440, 39.978920, 119.121971, 59.227264,20.294338, 219.916641, 0.999963
5, 889,19,117.425323, 117.428787, 119.121971, 59.227264,20.294338, 219.916641, 0.999970
5, 889,20,140.675919, 140.671524, 119.121971, 59.227264,20.294338, 219.916641, 1.000031
5, 889,21,179.956238, 179.960510, 119.121971, 59.227264,20.294338, 219.916641, 0.999976
5, 889,22,188.056381, 188.045212, 119.121971, 59.227264,20.294338, 219.916641, 1.000059
5, 889,23,20.294338, 20.302011, 119.121971, 59.227264,20.294338, 219.916641, 0.999622
5, 889,24,144.782196, 144.788452, 119.121971, 59.227264,20.294338, 219.916641, 0.999957
5, 889,25,42.324203, 42.312920, 119.121971, 59.227264,20.294338, 219.916641, 1.000267
5, 889,26,114.230850, 114.238983, 119.121971, 59.227264,20.294338, 219.916641, 0.999929
5, 889,27,40.943233, 40.944939, 119.121971, 59.227264,20.294338, 219.916641, 0.999958
5, 889,28,144.491104, 144.503174, 119.121971, 59.227264,20.294338, 219.916641, 0.999916
5, 889,29,205.560883, 205.556686, 119.121971, 59.227264,20.294338, 219.916641, 1.000020
5, 889,30,219.916641, 219.936737, 119.121971, 59.227264,20.294338, 219.916641, 0.999909
5, 889,31,213.533295, 213.524719, 119.121971, 59.227264,20.294338, 219.916641, 1.000040
5, 890,0,41.193550, 41.203537, 119.127518, 72.115685,10.800133, 225.130341, 0.999758
5, 890,1,221.613190, 221.604813, 119.127518, 72.115685,10.800133, 225.130341, 1.000038
5, 890,2,200.328720, 200.330887, 119.127518, 72.115685,10.800133, 225.130341, 0.999989
5, 890,3,225.130341, 225.121567, 119.127518, 72.115685,10.800133, 225.130341, 1.000039
5, 890,4,188.314789, 188.319275, 119.127518, 72.115685,10.800133, 225.130341, 0.999976
5, 890,5,96.627113, 96.623848, 119.127518, 72.115685,10.800133, 225.130341, 1.000034
5, 890,6,43.465179, 43.465725, 119.127518, 72.115685,10.800133, 225.130341, 0.999987
5, 890,7,164.754272, 164.756454, 119.127518, 72.115685,10.800133, 225.130341, 0.999987
5, 890,8,32.353394, 32.341625, 119.127518, 72.115685,10.800133, 225.130341, 1.000364
5, 890,9,149.798126, 149.801987, 119.127518, 72.115685,10.800133, 225.130341, 0.999974
5, 890,10,158.327606, 158.323563, 119.127518, 72.115685,10.800133, 225.130341, 1.000026
5, 890,11,157.347565, 157.342621, 119.127518, 72.115685,10.800133, 225.130341, 1.000031
5, 890,12,153.922363, 153.919296, 119.127518, 72.115685,10.800133, 225.130341, 1.000020
5, 890,13,90.489838, 90.491241, 119.127518, 72.115685,10.800133, 225.130341, 0.999985
5, 890,14,14.905478, 14.898074, 119.127518, 72.115685,10.800133, 225.130341, 1.000497
5, 890,15,204.265854, 204.268036, 119.127518, 72.115685,10.800133, 225.130341, 0.999989
5, 890,16,176.180878, 176.180847, 119.127518, 72.115685,10.800133, 225.130341, 1.000000
5, 890,17,90.226318, 90.210976, 119.127518, 72.115685,10.800133, 225.130341, 1.000170
5, 890,18,117.298256, 117.297188, 119.127518, 72.115685,10.800133, 225.130341, 1.000009
5, 890,19,219.789291, 219.789734, 119.127518, 72.115685,10.800133, 225.130341, 0.999998
5, 890,20,121.989281, 121.988403, 119.127518, 72.115685,10.800133, 225.130341, 1.000007
5, 890,21,18.153349, 18.141212, 119.127518, 72.115685,10.800133, 225.130341, 1.000669
5, 890,22,60.740864, 60.735775, 119.127518, 72.115685,10.800133, 225.130341, 1.000084
5, 890,23,202.003174, 202.012527, 119.127518, 72.115685,10.800133, 225.130341, 0.999954
5, 890,24,37.709476, 37.706818, 119.127518, 72.115685,10.800133, 225.130341, 1.000071
5, 890,25,159.791550, 159.791656, 119.127518, 72.115685,10.800133, 225.130341, 0.999999
5, 890,26,10.800133, 10.794102, 119.127518, 72.115685,10.800133, 225.130341, 1.000559
5, 890,27,195.870697, 195.859909, 119.127518, 72.115685,10.800133, 225.130341, 1.000055
5, 890,28,22.296978, 22.291897, 119.127518, 72.115685,10.800133, 225.130341, 1.000228
5, 890,29,63.819653, 63.812084, 119.127518, 72.115685,10.800133, 225.130341, 1.000119
5, 890,30,145.013535, 145.010681, 119.127518, 72.115685,10.800133, 225.130341, 1.000020
5, 890,31,27.560061, 27.563667, 119.127518, 72.115685,10.800133, 225.130341, 0.999869
5, 891,0,68.128487, 68.130524, 119.123657, 67.947937,12.933803, 223.292282, 0.999970
5, 891,1,145.372665, 145.366318, 119.123657, 67.947937,12.933803, 223.292282, 1.000044
5, 891,2,143.337646, 143.343094, 119.123657, 67.947937,12.933803, 223.292282, 0.999962
5, 891,3,215.009979, 215.004807, 119.123657, 67.947937,12.933803, 223.292282, 1.000024
5, 891,4,97.773247, 97.772881, 119.123657, 67.947937,12.933803, 223.292282, 1.000004
5, 891,5,51.391193, 51.394745, 119.123657, 67.947937,12.933803, 223.292282, 0.999931
5, 891,6,30.653667, 30.666822, 119.123657, 67.947937,12.933803, 223.292282, 0.999571
5, 891,7,73.937630, 73.928635, 119.123657, 67.947937,12.933803, 223.292282, 1.000122
5, 891,8,50.329342, 50.335602, 119.123657, 67.947937,12.933803, 223.292282, 0.999876
5, 891,9,210.421448, 210.415192, 119.123657, 67.947937,12.933803, 223.292282, 1.000030
5, 891,10,129.621918, 129.621780, 119.123657, 67.947937,12.933803, 223.292282, 1.000001
5, 891,11,175.094040, 175.103714, 119.123657, 67.947937,12.933803, 223.292282, 0.999945
5, 891,12,183.391998, 183.386749, 119.123657, 67.947937,12.933803, 223.292282, 1.000029
5, 891,13,60.987442, 61.001694, 119.123657, 67.947937,12.933803, 223.292282, 0.999766
5, 891,14,44.561146, 44.557858, 119.123657, 67.947937,12.933803, 223.292282, 1.000074
5, 891,15,47.503788, 47.518017, 119.123657, 67.947937,12.933803, 223.292282, 0.999701
5, 891,16,98.571869, 98.567238, 119.123657, 67.947937,12.933803, 223.292282, 1.000047
5, 891,17,114.438614, 114.440773, 119.123657, 67.947937,12.933803, 223.292282, 0.999981
5, 891,18,181.843109, 181.838760, 119.123657, 67.947937,12.933803, 223.292282, 1.000024
5, 891,19,104.185791, 104.182037, 119.123657, 67.947937,12.933803, 223.292282, 1.000036
5, 891,20,223.292282, 223.294617, 119.123657, 67.947937,12.933803, 223.292282, 0.999990
5, 891,21,207.008987, 207.013718, 119.123657, 67.947937,12.933803, 223.292282, 0.999977
5, 891,22,12.933803, 12.946584, 119.123657, 67.947937,12.933803, 223.292282, 0.999013
5, 891,23,206.653717, 206.633530, 119.123657, 67.947937,12.933803, 223.292282, 1.000098
5, 891,24,27.136320, 27.129562, 119.123657, 67.947937,12.933803, 223.292282, 1.000249
5, 891,25,206.861145, 206.864365, 119.123657, 67.947937,12.933803, 223.292282, 0.999984
5, 891,26,97.342949, 97.351936, 119.123657, 67.947937,12.933803, 223.292282, 0.999908
5, 891,27,75.693176, 75.687080, 119.123657, 67.947937,12.933803, 223.292282, 1.000081
5, 891,28,43.154892, 43.152458, 119.123657, 67.947937,12.933803, 223.292282, 1.000056
5, 891,29,206.832413, 206.843994, 119.123657, 67.947937,12.933803, 223.292282, 0.999944
5, 891,30,85.747162, 85.755714, 119.123657, 67.947937,12.933803, 223.292282, 0.999900
5, 891,31,192.745422, 192.749283, 119.123657, 67.947937,12.933803, 223.292282, 0.999980
5, 892,0,189.299393, 189.298355, 119.123581, 61.746246,15.526043, 223.766800, 1.000005
5, 892,1,15.526043, 15.529465, 119.123581, 61.746246,15.526043, 223.766800, 0.999780
5, 892,2,160.284393, 160.293640, 119.123581, 61.746246,15.526043, 223.766800, 0.999942
5, 892,3,164.331299, 164.332596, 119.123581, 61.746246,15.526043, 223.766800, 0.999992
5, 892,4,147.915634, 147.923874, 119.123581, 61.746246,15.526043, 223.766800, 0.999944
5, 892,5,93.648468, 93.653938, 119.123581, 61.746246,15.526043, 223.766800, 0.999942
5, 892,6,152.933472, 152.914368, 119.123581, 61.746246,15.526043, 223.766800, 1.000125
5, 892,7,110.675301, 110.668190, 119.123581, 61.746246,15.526043, 223.766800, 1.000064
5, 892,8,29.119066, 29.123562, 119.123581, 61.746246,15.526043, 223.766800, 0.999846
5, 892,9,194.570969, 194.568314, 119.123581, 61.746246,15.526043, 223.766800, 1.000014
5, 892,10,194.566940, 194.574966, 119.123581, 61.746246,15.526043, 223.766800, 0.999959
5, 892,11,218.509308, 218.509369, 119.123581, 61.746246,15.526043, 223.766800, 1.000000
5, 892,12,223.766800, 223.799286, 119.123581, 61.746246,15.526043, 223.766800, 0.999855
5, 892,13,74.895088, 74.903000, 119.123581, 61.746246,15.526043, 223.766800, 0.999894
5, 892,14,80.783813, 80.778465, 119.123581, 61.746246,15.526043, 223.766800, 1.000066
5, 892,15,89.609695, 89.608315, 119.123581, 61.746246,15.526043, 223.766800, 1.000015
5, 892,16,56.053097, 56.052254, 119.123581, 61.746246,15.526043, 223.766800, 1.000015
5, 892,17,70.109154, 70.098816, 119.123581, 61.746246,15.526043, 223.766800, 1.000147
5, 892,18,66.254837, 66.259468, 119.123581, 61.746246,15.526043, 223.766800, 0.999930
5, 892,19,82.441528, 82.441971, 119.123581, 61.746246,15.526043, 223.766800, 0.999995
5, 892,20,206.334305, 206.325928, 119.123581, 61.746246,15.526043, 223.766800, 1.000041
5, 892,21,175.360336, 175.358261, 119.123581, 61.746246,15.526043, 223.766800, 1.000012
5, 892,22,51.803680, 51.800354, 119.123581, 61.746246,15.526043, 223.766800, 1.000064
5, 892,23,72.302475, 72.287979, 119.123581, 61.746246,15.526043, 223.766800, 1.000201
5, 892,24,26.438002, 26.428698, 119.123581, 61.746246,15.526043, 223.766800, 1.000352
5, 892,25,60.453197, 60.463848, 119.123581, 61.746246,15.526043, 223.766800, 0.999824
5, 892,26,112.165375, 112.152031, 119.123581, 61.746246,15.526043, 223.766800, 1.000119
5, 892,27,75.212273, 75.222389, 119.123581, 61.746246,15.526043, 223.766800, 0.999866
5, 892,28,164.507874, 164.512253, 119.123581, 61.746246,15.526043, 223.766800, 0.999973
5, 892,29,161.587326, 161.597809, 119.123581, 61.746246,15.526043, 223.766800, 0.999935
5, 892,30,191.305588, 191.307861, 119.123581, 61.746246,15.526043, 223.766800, 0.999988
5, 892,31,99.190392, 99.210022, 119.123581, 61.746246,15.526043, 223.766800, 0.999802
5, 893,0,89.095116, 89.097618, 119.124115, 52.475479,24.639252, 208.655853, 0.999972
5, 893,1,164.889343, 164.886154, 119.124115, 52.475479,24.639252, 208.655853, 1.000019
5, 893,2,159.169144, 159.159882, 119.124115, 52.475479,24.639252, 208.655853, 1.000058
5, 893,3,169.883209, 169.886658, 119.124115, 52.475479,24.639252, 208.655853, 0.999980
5, 893,4,96.332268, 96.330803, 119.124115, 52.475479,24.639252, 208.655853, 1.000015
5, 893,5,119.398972, 119.408112, 119.124115, 52.475479,24.639252, 208.655853, 0.999923
5, 893,6,96.441978, 96.447662, 119.124115, 52.475479,24.639252, 208.655853, 0.999941
5, 893,7,154.368118, 154.368515, 119.124115, 52.475479,24.639252, 208.655853, 0.999997
5, 893,8,133.862427, 133.874481, 119.124115, 52.475479,24.639252, 208.655853, 0.999910
5, 893,9,79.867867, 79.877754, 119.124115, 52.475479,24.639252, 208.655853, 0.999876
5, 893,10,59.119743, 59.113098, 119.124115, 52.475479,24.639252, 208.655853, 1.000112
5, 893,11,140.925217, 140.923157, 119.124115, 52.475479,24.639252, 208.655853, 1.000015
5, 893,12,113.193901, 113.189789, 119.124115, 52.475479,24.639252, 208.655853, 1.000036
5, 893,13,24.639252, 24.644745, 119.124115, 52.475479,24.639252, 208.655853, 0.999777
5, 893,14,66.939629, 66.936745, 119.124115, 52.475479,24.639252, 208.655853, 1.000043
5, 893,15,104.977821, 104.978645, 119.124115, 52.475479,24.639252, 208.655853, 0.999992
5, 893,16,104.543274, 104.541946, 119.124115, 52.475479,24.639252, 208.655853, 1.000013
5, 893,17,55.549133, 55.551861, 119.124115, 52.475479,24.639252, 208.655853, 0.999951
5, 893,18,186.440933, 186.450409, 119.124115, 52.475479,24.639252, 208.655853, 0.999949
5, 893,19,40.667168, 40.673393, 119.124115, 52.475479,24.639252, 208.655853, 0.999847
5, 893,20,48.102169, 48.097248, 119.124115, 52.475479,24.639252, 208.655853, 1.000102
5, 893,21,80.600479, 80.591240, 119.124115, 52.475479,24.639252, 208.655853, 1.000115
5, 893,22,198.195114, 198.192047, 119.124115, 52.475479,24.639252, 208.655853, 1.000015
5, 893,23,178.241318, 178.245422, 119.124115, 52.475479,24.639252, 208.655853, 0.999977
5, 893,24,33.818321, 33.815392, 119.124115, 52.475479,24.639252, 208.655853, 1.000087
5, 893,25,208.655853, 208.660492, 119.124115, 52.475479,24.639252, 208.655853, 0.999978
5, 893,26,150.733109, 150.733475, 119.124115, 52.475479,24.639252, 208.655853, 0.999998
5, 893,27,153.179764, 153.187607, 119.124115, 52.475479,24.639252, 208.655853, 0.999949
5, 893,28,98.381187, 98.378975, 119.124115, 52.475479,24.639252, 208.655853, 1.000023
5, 893,29,174.745605, 174.739548, 119.124115, 52.475479,24.639252, 208.655853, 1.000035
5, 893,30,195.594421, 195.596451, 119.124115, 52.475479,24.639252, 208.655853, 0.999990
5, 893,31,131.420273, 131.420364, 119.124115, 52.475479,24.639252, 208.655853, 0.999999
5, 894,0,229.516998, 229.513275, 119.124680, 70.841850,11.798693, 233.474625, 1.000016
5, 894,1,49.299377, 49.297073, 119.124680, 70.841850,11.798693, 233.474625, 1.000047
5, 894,2,11.798693, 11.815566, 119.124680, 70.841850,11.798693, 233.474625, 0.998572
5, 894,3,163.268997, 163.280579, 119.124680, 70.841850,11.798693, 233.474625, 0.999929
5, 894,4,146.355911, 146.366013, 119.124680, 70.841850,11.798693, 233.474625, 0.999931
5, 894,5,125.917511, 125.933815, 119.124680, 70.841850,11.798693, 233.474625, 0.999871
5, 894,6,46.624271, 46.630463, 119.124680, 70.841850,11.798693, 233.474625, 0.999867
5, 894,7,25.802958, 25.808189, 119.124680, 70.841850,11.798693, 233.474625, 0.999797
5, 894,8,233.474625, 233.449356, 119.124680, 70.841850,11.798693, 233.474625, 1.000108
5, 894,9,22.326159, 22.333082, 119.124680, 70.841850,11.798693, 233.474625, 0.999690
5, 894,10,15.650060, 15.659460, 119.124680, 70.841850,11.798693, 233.474625, 0.999400
5, 894,11,53.355862, 53.339546, 119.124680, 70.841850,11.798693, 233.474625, 1.000306
5, 894,12,133.206848, 133.210251, 119.124680, 70.841850,11.798693, 233.474625, 0.999974
5, 894,13,87.780334, 87.778564, 119.124680, 70.841850,11.798693, 233.474625, 1.000020
5, 894,14,227.839371, 227.839554, 119.124680, 70.841850,11.798693, 233.474625, 0.999999
5, 894,15,12.747422, 12.737534, 119.124680, 70.841850,11.798693, 233.474625, 1.000776
5, 894,16,207.029663, 207.017273, 119.124680, 70.841850,11.798693, 233.474625, 1.000060
5, 894,17,136.064240, 136.068359, 119.124680, 70.841850,11.798693, 233.474625, 0.999970
5, 894,18,58.583790, 58.580574, 119.124680, 70.841850,11.798693, 233.474625, 1.000055
5, 894,19,98.429512, 98.437920, 119.124680, 70.841850,11.798693, 233.474625, 0.999915
5, 894,20,145.378311, 145.387314, 119.124680, 70.841850,11.798693, 233.474625, 0.999938
5, 894,21,158.028030, 158.039536, 119.124680, 70.841850,11.798693, 233.474625, 0.999927
5, 894,22,140.555634, 140.557632, 119.124680, 70.841850,11.798693, 233.474625, 0.999986
5, 894,23,199.086273, 199.088364, 119.124680, 70.841850,11.798693, 233.474625, 0.999990
5, 894,24,151.286301, 151.302094, 119.124680, 70.841850,11.798693, 233.474625, 0.999896
5, 894,25,54.130405, 54.119671, 119.124680, 70.841850,11.798693, 233.474625, 1.000198
5, 894,26,57.692711, 57.686974, 119.124680, 70.841850,11.798693, 233.474625, 1.000099
5, 894,27,105.139809, 105.132813, 119.124680, 70.841850,11.798693, 233.474625, 1.000067
5, 894,28,230.364136, 230.350128, 119.124680, 70.841850,11.798693, 233.474625, 1.000061
5, 894,29,166.235016, 166.237961, 119.124680, 70.841850,11.798693, 233.474625, 0.999982
5, 894,30,148.294846, 148.273788, 119.124680, 70.841850,11.798693, 233.474625, 1.000142
5, 894,31,170.725723, 170.727219, 119.124680, 70.841850,11.798693, 233.474625, 0.999991
5, 895,0,191.400024, 191.400848, 119.125038, 62.805302,17.616901, 220.769333, 0.999996
5, 895,1,81.855797, 81.841476, 119.125038, 62.805302,17.616901, 220.769333, 1.000175
5, 895,2,95.590576, 95.599312, 119.125038, 62.805302,17.616901, 220.769333, 0.999909
5, 895,3,183.315735, 183.308762, 119.125038, 62.805302,17.616901, 220.769333, 1.000038
5, 895,4,183.180389, 183.186142, 119.125038, 62.805302,17.616901, 220.769333, 0.999969
5, 895,5,87.858604, 87.849228, 119.125038, 62.805302,17.616901, 220.769333, 1.000107
5, 895,6,166.962250, 166.943893, 119.125038, 62.805302,17.616901, 220.769333, 1.000110
5, 895,7,23.725714, 23.738480, 119.125038, 62.805302,17.616901, 220.769333, 0.999462
5, 895,8,165.214447, 165.214493, 119.125038, 62.805302,17.616901, 220.769333, 1.000000
5, 895,9,94.264740, 94.250626, 119.125038, 62.805302,17.616901, 220.769333, 1.000150
5, 895,10,39.584339, 39.593552, 119.125038, 62.805302,17.616901, 220.769333, 0.999767
5, 895,11,213.558975, 213.573425, 119.125038, 62.805302,17.616901, 220.769333, 0.999932
5, 895,12,30.692801, 30.681929, 119.125038, 62.805302,17.616901, 220.769333, 1.000354
5, 895,13,40.780674, 40.780903, 119.125038, 62.805302,17.616901, 220.769333, 0.999994
5, 895,14,84.841667, 84.848572, 119.125038, 62.805302,17.616901, 220.769333, 0.999919
5, 895,15,19.011269, 18.995510, 119.125038, 62.805302,17.616901, 220.769333, 1.000830
5, 895,16,100.828552, 100.826256, 119.125038, 62.805302,17.616901, 220.769333, 1.000023
5, 895,17,58.263531, 58.268593, 119.125038, 62.805302,17.616901, 220.769333, 0.999913
5, 895,18,115.548164, 115.552048, 119.125038, 62.805302,17.616901, 220.769333, 0.999966
5, 895,19,125.417877, 125.412254, 119.125038, 62.805302,17.616901, 220.769333, 1.000045
5, 895,20,167.616592, 167.615021, 119.125038, 62.805302,17.616901, 220.769333, 1.000009
5, 895,21,195.182251, 195.182312, 119.125038, 62.805302,17.616901, 220.769333, 1.000000
5, 895,22,127.286110, 127.283638, 119.125038, 62.805302,17.616901, 220.769333, 1.000019
5, 895,23,17.616901, 17.614563, 119.125038, 62.805302,17.616901, 220.769333, 1.000133
5, 895,24,84.794243, 84.803406, 119.125038, 62.805302,17.616901, 220.769333, 0.999892
5, 895,25,151.133148, 151.134003, 119.125038, 62.805302,17.616901, 220.769333, 0.999994
5, 895,26,172.579590, 172.577393, 119.125038, 62.805302,17.616901, 220.769333, 1.000013
5, 895,27,74.962700, 74.969009, 119.125038, 62.805302,17.616901, 220.769333, 0.999916
5, 895,28,169.333084, 169.337967, 119.125038, 62.805302,17.616901, 220.769333, 0.999971
5, 895,29,213.486923, 213.495987, 119.125038, 62.805302,17.616901, 220.769333, 0.999958
5, 895,30,220.769333, 220.768539, 119.125038, 62.805302,17.616901, 220.769333, 1.000004
5, 895,31,115.344223, 115.352005, 119.125038, 62.805302,17.616901, 220.769333, 0.999933
5, 896,0,207.941757, 207.954742, 119.124954, 58.728897,14.988398, 213.657166, 0.999938
5, 896,1,47.590424, 47.593758, 119.124954, 58.728897,14.988398, 213.657166, 0.999930
5, 896,2,117.785683, 117.791595, 119.124954, 58.728897,14.988398, 213.657166, 0.999950
5, 896,3,186.359390, 186.356918, 119.124954, 58.728897,14.988398, 213.657166, 1.000013
5, 896,4,170.165298, 170.170074, 119.124954, 58.728897,14.988398, 213.657166, 0.999972
5, 896,5,128.295059, 128.297577, 119.124954, 58.728897,14.988398, 213.657166, 0.999980
5, 896,6,61.687721, 61.680721, 119.124954, 58.728897,14.988398, 213.657166, 1.000113
5, 896,7,179.648087, 179.642578, 119.124954, 58.728897,14.988398, 213.657166, 1.000031
5, 896,8,213.657166, 213.668503, 119.124954, 58.728897,14.988398, 213.657166, 0.999947
5, 896,9,138.760910, 138.757477, 119.124954, 58.728897,14.988398, 213.657166, 1.000025
5, 896,10,52.763420, 52.741425, 119.124954, 58.728897,14.988398, 213.657166, 1.000417
5, 896,11,97.426476, 97.444489, 119.124954, 58.728897,14.988398, 213.657166, 0.999815
5, 896,12,49.684364, 49.673889, 119.124954, 58.728897,14.988398, 213.657166, 1.000211
5, 896,13,192.977142, 192.972534, 119.124954, 58.728897,14.988398, 213.657166, 1.000024
5, 896,14,172.482880, 172.467438, 119.124954, 58.728897,14.988398, 213.657166, 1.000090
5, 896,15,42.501644, 42.505337, 119.124954, 58.728897,14.988398, 213.657166, 0.999913
5, 896,16,161.619370, 161.612579, 119.124954, 58.728897,14.988398, 213.657166, 1.000042
5, 896,17,24.612675, 24.620163, 119.124954, 58.728897,14.988398, 213.657166, 0.999696
5, 896,18,148.620697, 148.611755, 119.124954, 58.728897,14.988398, 213.657166, 1.000060
5, 896,19,54.837337, 54.834721, 119.124954, 58.728897,14.988398, 213.657166, 1.000048
5, 896,20,63.493095, 63.504128, 119.124954, 58.728897,14.988398, 213.657166, 0.999826
5, 896,21,140.451843, 140.455811, 119.124954, 58.728897,14.988398, 213.657166, 0.999972
5, 896,22,128.064835, 128.060593, 119.124954, 58.728897,14.988398, 213.657166, 1.000033
5, 896,23,192.663864, 192.663147, 119.124954, 58.728897,14.988398, 213.657166, 1.000004
5, 896,24,133.042984, 133.043686, 119.124954, 58.728897,14.988398, 213.657166, 0.999995
5, 896,25,14.988398, 14.996264, 119.124954, 58.728897,14.988398, 213.657166, 0.999475
5, 896,26,187.967789, 187.969681, 119.124954, 58.728897,14.988398, 213.657166, 0.999990
5, 896,27,84.788712, 84.779388, 119.124954, 58.728897,14.988398, 213.657166, 1.000110
5, 896,28,69.683098, 69.691856, 119.124954, 58.728897,14.988398, 213.657166, 0.999874
5, 896,29,154.799896, 154.799500, 119.124954, 58.728897,14.988398, 213.657166, 1.000003
5, 896,30,101.733368, 101.736412, 119.124954, 58.728897,14.988398, 213.657166, 0.999970
5, 896,31,90.902809, 90.901291, 119.124954, 58.728897,14.988398, 213.657166, 1.000017
5, 897,0,77.026596, 77.036598, 119.122627, 58.801044,12.169931, 216.478790, 0.999870
5, 897,1,83.819275, 83.813477, 119.122627, 58.801044,12.169931, 216.478790, 1.000069
5, 897,2,119.849289, 119.848816, 119.122627, 58.801044,12.169931, 216.478790, 1.000004
5, 897,3,58.601902, 58.604290, 119.122627, 58.801044,12.169931, 216.478790, 0.999959
5, 897,4,197.038391, 197.037766, 119.122627, 58.801044,12.169931, 216.478790, 1.000003
5, 897,5,162.569321, 162.563843, 119.122627, 58.801044,12.169931, 216.478790, 1.000034
5, 897,6,193.177414, 193.189331, 119.122627, 58.801044,12.169931, 216.478790, 0.999938
5, 897,7,189.012283, 189.003998, 119.122627, 58.801044,12.169931, 216.478790, 1.000044
5, 897,8,12.169931, 12.170413, 119.122627, 58.801044,12.169931, 216.478790, 0.999960
5, 897,9,146.688644, 146.697144, 119.122627, 58.801044,12.169931, 216.478790, 0.999942
5, 897,10,108.270813, 108.264633, 119.122627, 58.801044,12.169931, 216.478790, 1.000057
5, 897,11,216.478790, 216.487259, 119.122627, 58.801044,12.169931, 216.478790, 0.999961
5, 897,12,150.908142, 150.914871, 119.122627, 58.801044,12.169931, 216.478790, 0.999955
5, 897,13,24.250460, 24.246979, 119.122627, 58.801044,12.169931, 216.478790, 1.000144
5, 897,14,118.745766, 118.766838, 119.122627, 58.801044,12.169931, 216.478790, 0.999823
5, 897,15,106.534698, 106.528313, 119.122627, 58.801044,12.169931, 216.478790, 1.000060
5, 897,16,129.434601, 129.437500, 119.122627, 58.801044,12.169931, 216.478790, 0.999978
5, 897,17,143.050385, 143.043076, 119.122627, 58.801044,12.169931, 216.478790, 1.000051
5, 897,18,50.823227, 50.823200, 119.122627, 58.801044,12.169931, 216.478790, 1.000000
5, 897,19,213.310913, 213.312607, 119.122627, 58.801044,12.169931, 216.478790, 0.999992
5, 897,20,130.437332, 130.441711, 119.122627, 58.801044,12.169931, 216.478790, 0.999966
5, 897,21,146.649933, 146.658279, 119.122627, 58.801044,12.169931, 216.478790, 0.999943
5, 897,22,80.286186, 80.288986, 119.122627, 58.801044,12.169931, 216.478790, 0.999965
5, 897,23,35.962387, 35.967209, 119.122627, 58.801044,12.169931, 216.478790, 0.999866
5, 897,24,196.694336, 196.694382, 119.122627, 58.801044,12.169931, 216.478790, 1.000000
5, 897,25,146.517395, 146.515732, 119.122627, 58.801044,12.169931, 216.478790, 1.000011
5, 897,26,108.884094, 108.893089, 119.122627, 58.801044,12.169931, 216.478790, 0.999917
5, 897,27,116.495453, 116.492775, 119.122627, 58.801044,12.169931, 216.478790, 1.000023
5, 897,28,189.627960, 189.625977, 119.122627, 58.801044,12.169931, 216.478790, 1.000010
5, 897,29,23.569803, 23.573179, 119.122627, 58.801044,12.169931, 216.478790, 0.999857
5, 897,30,81.298325, 81.299690, 119.122627, 58.801044,12.169931, 216.478790, 0.999983
5, 897,31,53.740433, 53.758118, 119.122627, 58.801044,12.169931, 216.478790, 0.999671
5, 898,0,154.645065, 154.637787, 119.124290, 55.663151,29.205162, 228.415268, 1.000047
5, 898,1,80.392799, 80.393509, 119.124290, 55.663151,29.205162, 228.415268, 0.999991
5, 898,2,85.449112, 85.432777, 119.124290, 55.663151,29.205162, 228.415268, 1.000191
5, 898,3,156.948257, 156.953659, 119.124290, 55.663151,29.205162, 228.415268, 0.999966
5, 898,4,157.855301, 157.850128, 119.124290, 55.663151,29.205162, 228.415268, 1.000033
5, 898,5,196.691193, 196.697311, 119.124290, 55.663151,29.205162, 228.415268, 0.999969
5, 898,6,228.415268, 228.420227, 119.124290, 55.663151,29.205162, 228.415268, 0.999978
5, 898,7,93.856224, 93.860977, 119.124290, 55.663151,29.205162, 228.415268, 0.999949
5, 898,8,178.359665, 178.367142, 119.124290, 55.663151,29.205162, 228.415268, 0.999958
5, 898,9,80.318451, 80.312012, 119.124290, 55.663151,29.205162, 228.415268, 1.000080
5, 898,10,200.099854, 200.099823, 119.124290, 55.663151,29.205162, 228.415268, 1.000000
5, 898,11,44.284351, 44.276508, 119.124290, 55.663151,29.205162, 228.415268, 1.000177
5, 898,12,80.947227, 80.950401, 119.124290, 55.663151,29.205162, 228.415268, 0.999961
5, 898,13,167.469757, 167.466843, 119.124290, 55.663151,29.205162, 228.415268, 1.000017
5, 898,14,46.663841, 46.660316, 119.124290, 55.663151,29.205162, 228.415268, 1.000076
5, 898,15,144.451065, 144.450592, 119.124290, 55.663151,29.205162, 228.415268, 1.000003
5, 898,16,78.927437, 78.926552, 119.124290, 55.663151,29.205162, 228.415268, 1.000011
5, 898,17,66.043610, 66.056732, 119.124290, 55.663151,29.205162, 228.415268, 0.999801
5, 898,18,89.542358, 89.561981, 119.124290, 55.663151,29.205162, 228.415268, 0.999781
5, 898,19,102.947502, 102.947952, 119.124290, 55.663151,29.205162, 228.415268, 0.999996
5, 898,20,29.205162, 29.199465, 119.124290, 55.663151,29.205162, 228.415268, 1.000195
5, 898,21,30.775423, 30.768293, 119.124290, 55.663151,29.205162, 228.415268, 1.000232
5, 898,22,199.921432, 199.916458, 119.124290, 55.663151,29.205162, 228.415268, 1.000025
5, 898,23,70.065758, 70.077278, 119.124290, 55.663151,29.205162, 228.415268, 0.999836
5, 898,24,78.615822, 78.600571, 119.124290, 55.663151,29.205162, 228.415268, 1.000194
5, 898,25,164.481964, 164.498978, 119.124290, 55.663151,29.205162, 228.415268, 0.999897
5, 898,26,107.778824, 107.783478, 119.124290, 55.663151,29.205162, 228.415268, 0.999957
5, 898,27,182.949020, 182.944595, 119.124290, 55.663151,29.205162, 228.415268, 1.000024
5, 898,28,164.948746, 164.947205, 119.124290, 55.663151,29.205162, 228.415268, 1.000009
5, 898,29,162.739502, 162.753571, 119.124290, 55.663151,29.205162, 228.415268, 0.999914
5, 898,30,85.667091, 85.677269, 119.124290, 55.663151,29.205162, 228.415268, 0.999881
5, 898,31,100.520828, 100.509819, 119.124290, 55.663151,29.205162, 228.415268, 1.000110
5, 899,0,252.406982, 252.401382, 119.127884, 81.583344,10.962211, 263.869629, 1.000022
5, 899,1,93.303864, 93.302719, 119.127884, 81.583344,10.962211, 263.869629, 1.000012
5, 899,2,141.553589, 141.560516, 119.127884, 81.583344,10.962211, 263.869629, 0.999951
5, 899,3,206.628250, 206.624512, 119.127884, 81.583344,10.962211, 263.869629, 1.000018
5, 899,4,122.441429, 122.441467, 119.127884, 81.583344,10.962211, 263.869629, 1.000000
5, 899,5,49.575207, 49.566593, 119.127884, 81.583344,10.962211, 263.869629, 1.000174
5, 899,6,41.734978, 41.723701, 119.127884, 81.583344,10.962211, 263.869629, 1.000270
5, 899,7,25.917509, 25.901865, 119.127884, 81.583344,10.962211, 263.869629, 1.000604
5, 899,8,118.531380, 118.544029, 119.127884, 81.583344,10.962211, 263.869629, 0.999893
5, 899,9,54.842739, 54.832531, 119.127884, 81.583344,10.962211, 263.869629, 1.000186
5, 899,10,258.781372, 258.779755, 119.127884, 81.583344,10.962211, 263.869629, 1.000006
5, 899,11,133.325378, 133.317474, 119.127884, 81.583344,10.962211, 263.869629, 1.000059
5, 899,12,229.444321, 229.448914, 119.127884, 81.583344,10.962211, 263.869629, 0.999980
5, 899,13,260.811371, 260.812500, 119.127884, 81.583344,10.962211, 263.869629, 0.999996
5, 899,14,114.930695, 114.934700, 119.127884, 81.583344,10.962211, 263.869629, 0.999965
5, 899,15,214.558746, 214.547424, 119.127884, 81.583344,10.962211, 263.869629, 1.000053
5, 899,16,180.858398, 180.855011, 119.127884, 81.583344,10.962211, 263.869629, 1.000019
5, 899,17,28.777851, 28.774923, 119.127884, 81.583344,10.962211, 263.869629, 1.000102
5, 899,18,10.962211, 10.968357, 119.127884, 81.583344,10.962211, 263.869629, 0.999440
5, 899,19,73.282379, 73.287338, 119.127884, 81.583344,10.962211, 263.869629, 0.999932
5, 899,20,34.715031, 34.705112, 119.127884, 81.583344,10.962211, 263.869629, 1.000286
5, 899,21,98.046440, 98.040474, 119.127884, 81.583344,10.962211, 263.869629, 1.000061
5, 899,22,67.186272, 67.189087, 119.127884, 81.583344,10.962211, 263.869629, 0.999958
5, 899,23,69.923012, 69.918091, 119.127884, 81.583344,10.962211, 263.869629, 1.000070
5, 899,24,86.265221, 86.268127, 119.127884, 81.583344,10.962211, 263.869629, 0.999966
5, 899,25,42.873837, 42.868122, 119.127884, 81.583344,10.962211, 263.869629, 1.000133
5, 899,26,49.440895, 49.438545, 119.127884, 81.583344,10.962211, 263.869629, 1.000048
5, 899,27,64.984810, 64.972275, 119.127884, 81.583344,10.962211, 263.869629, 1.000193
5, 899,28,263.869629, 263.869629, 119.127884, 81.583344,10.962211, 263.869629, 1.000000
5, 899,29,106.030731, 106.019409, 119.127884, 81.583344,10.962211, 263.869629, 1.000107
5, 899,30,63.938194, 63.939892, 119.127884, 81.583344,10.962211, 263.869629, 0.999973
5, 899,31,252.149231, 252.145294, 119.127884, 81.583344,10.962211, 263.869629, 1.000016
5, 900,0,124.721581, 124.739311, 119.124962, 60.985561,17.151833, 217.852936, 0.999858
5, 900,1,87.392838, 87.391510, 119.124962, 60.985561,17.151833, 217.852936, 1.000015
5, 900,2,51.612064, 51.611565, 119.124962, 60.985561,17.151833, 217.852936, 1.000010
5, 900,3,44.763950, 44.753845, 119.124962, 60.985561,17.151833, 217.852936, 1.000226
5, 900,4,97.005295, 97.015266, 119.124962, 60.985561,17.151833, 217.852936, 0.999897
5, 900,5,46.993858, 46.984516, 119.124962, 60.985561,17.151833, 217.852936, 1.000199
5, 900,6,211.169220, 211.174606, 119.124962, 60.985561,17.151833, 217.852936, 0.999974
5, 900,7,30.628555, 30.643261, 119.124962, 60.985561,17.151833, 217.852936, 0.999520
5, 900,8,139.308105, 139.321518, 119.124962, 60.985561,17.151833, 217.852936, 0.999904
5, 900,9,124.462830, 124.452522, 119.124962, 60.985561,17.151833, 217.852936, 1.000083
5, 900,10,214.431595, 214.431381, 119.124962, 60.985561,17.151833, 217.852936, 1.000001
5, 900,11,108.870056, 108.863319, 119.124962, 60.985561,17.151833, 217.852936, 1.000062
5, 900,12,179.527771, 179.530960, 119.124962, 60.985561,17.151833, 217.852936, 0.999982
5, 900,13,68.832108, 68.832336, 119.124962, 60.985561,17.151833, 217.852936, 0.999997
5, 900,14,23.474316, 23.473249, 119.124962, 60.985561,17.151833, 217.852936, 1.000045
5, 900,15,155.013931, 155.012695, 119.124962, 60.985561,17.151833, 217.852936, 1.000008
5, 900,16,156.494629, 156.510437, 119.124962, 60.985561,17.151833, 217.852936, 0.999899
5, 900,17,217.852936, 217.847504, 119.124962, 60.985561,17.151833, 217.852936, 1.000025
5, 900,18,146.281799, 146.287582, 119.124962, 60.985561,17.151833, 217.852936, 0.999960
5, 900,19,33.699619, 33.702469, 119.124962, 60.985561,17.151833, 217.852936, 0.999915
5, 900,20,174.299850, 174.298447, 119.124962, 60.985561,17.151833, 217.852936, 1.000008
5, 900,21,17.151833, 17.150892, 119.124962, 60.985561,17.151833, 217.852936, 1.000055
5, 900,22,153.076019, 153.075211, 119.124962, 60.985561,17.151833, 217.852936, 1.000005
5, 900,23,107.701653, 107.703362, 119.124962, 60.985561,17.151833, 217.852936, 0.999984
5, 900,24,149.341812, 149.340424, 119.124962, 60.985561,17.151833, 217.852936, 1.000009
5, 900,25,149.115417, 149.091858, 119.124962, 60.985561,17.151833, 217.852936, 1.000158
5, 900,26,147.740997, 147.740707, 119.124962, 60.985561,17.151833, 217.852936, 1.000002
5, 900,27,191.008881, 191.002975, 119.124962, 60.985561,17.151833, 217.852936, 1.000031
5, 900,28,158.016571, 158.008179, 119.124962, 60.985561,17.151833, 217.852936, 1.000053
5, 900,29,54.243134, 54.231010, 119.124962, 60.985561,17.151833, 217.852936, 1.000224
5, 900,30,188.938873, 188.938004, 119.124962, 60.985561,17.151833, 217.852936, 1.000005
5, 900,31,58.826752, 58.838936, 119.124962, 60.985561,17.151833, 217.852936, 0.999793
5, 901,0,75.201569, 75.206268, 119.125938, 46.560986,35.456371, 198.709427, 0.999938
5, 901,1,62.494770, 62.479404, 119.125938, 46.560986,35.456371, 198.709427, 1.000246
5, 901,2,63.695450, 63.696198, 119.125938, 46.560986,35.456371, 198.709427, 0.999988
5, 901,3,126.503464, 126.497986, 119.125938, 46.560986,35.456371, 198.709427, 1.000043
5, 901,4,158.167374, 158.175430, 119.125938, 46.560986,35.456371, 198.709427, 0.999949
5, 901,5,147.665207, 147.655090, 119.125938, 46.560986,35.456371, 198.709427, 1.000069
5, 901,6,76.119011, 76.114502, 119.125938, 46.560986,35.456371, 198.709427, 1.000059
5, 901,7,53.337837, 53.333061, 119.125938, 46.560986,35.456371, 198.709427, 1.000090
5, 901,8,89.306511, 89.312950, 119.125938, 46.560986,35.456371, 198.709427, 0.999928
5, 901,9,118.268135, 118.271523, 119.125938, 46.560986,35.456371, 198.709427, 0.999971
5, 901,10,169.068222, 169.062546, 119.125938, 46.560986,35.456371, 198.709427, 1.000034
5, 901,11,152.440948, 152.440765, 119.125938, 46.560986,35.456371, 198.709427, 1.000001
5, 901,12,151.923187, 151.922623, 119.125938, 46.560986,35.456371, 198.709427, 1.000004
5, 901,13,92.538376, 92.544151, 119.125938, 46.560986,35.456371, 198.709427, 0.999938
5, 901,14,40.539906, 40.530510, 119.125938, 46.560986,35.456371, 198.709427, 1.000232
5, 901,15,122.698936, 122.696228, 119.125938, 46.560986,35.456371, 198.709427, 1.000022
5, 901,16,196.872009, 196.868362, 119.125938, 46.560986,35.456371, 198.709427, 1.000018
5, 901,17,146.114380, 146.106445, 119.125938, 46.560986,35.456371, 198.709427, 1.000054
5, 901,18,101.981163, 101.987419, 119.125938, 46.560986,35.456371, 198.709427, 0.999939
5, 901,19,153.139435, 153.133591, 119.125938, 46.560986,35.456371, 198.709427, 1.000038
5, 901,20,60.668724, 60.662945, 119.125938, 46.560986,35.456371, 198.709427, 1.000095
5, 901,21,35.456371, 35.459557, 119.125938, 46.560986,35.456371, 198.709427, 0.999910
5, 901,22,137.955856, 137.955658, 119.125938, 46.560986,35.456371, 198.709427, 1.000001
5, 901,23,198.709427, 198.719757, 119.125938, 46.560986,35.456371, 198.709427, 0.999948
5, 901,24,140.435379, 140.435837, 119.125938, 46.560986,35.456371, 198.709427, 0.999997
5, 901,25,167.814636, 167.816635, 119.125938, 46.560986,35.456371, 198.709427, 0.999988
5, 901,26,140.474945, 140.482407, 119.125938, 46.560986,35.456371, 198.709427, 0.999947
5, 901,27,171.627808, 171.635864, 119.125938, 46.560986,35.456371, 198.709427, 0.999953
5, 901,28,176.256516, 176.258530, 119.125938, 46.560986,35.456371, 198.709427, 0.999989
5, 901,29,126.993713, 126.987038, 119.125938, 46.560986,35.456371, 198.709427, 1.000053
5, 901,30,81.319321, 81.313538, 119.125938, 46.560986,35.456371, 198.709427, 1.000071
5, 901,31,76.241661, 76.236771, 119.125938, 46.560986,35.456371, 198.709427, 1.000064
5, 902,0,114.853622, 114.847992, 119.125977, 58.544880,17.956442, 208.581055, 1.000049
5, 902,1,132.469528, 132.457916, 119.125977, 58.544880,17.956442, 208.581055, 1.000088
5, 902,2,60.874706, 60.877182, 119.125977, 58.544880,17.956442, 208.581055, 0.999959
5, 902,3,172.800095, 172.803314, 119.125977, 58.544880,17.956442, 208.581055, 0.999981
5, 902,4,122.738251, 122.743790, 119.125977, 58.544880,17.956442, 208.581055, 0.999955
5, 902,5,183.833023, 183.847641, 119.125977, 58.544880,17.956442, 208.581055, 0.999920
5, 902,6,63.016621, 63.018929, 119.125977, 58.544880,17.956442, 208.581055, 0.999963
5, 902,7,152.414078, 152.423157, 119.125977, 58.544880,17.956442, 208.581055, 0.999940
5, 902,8,60.570549, 60.572086, 119.125977, 58.544880,17.956442, 208.581055, 0.999975
5, 902,9,36.219231, 36.207420, 119.125977, 58.544880,17.956442, 208.581055, 1.000326
5, 902,10,21.693314, 21.697235, 119.125977, 58.544880,17.956442, 208.581055, 0.999819
5, 902,11,190.849838, 190.852570, 119.125977, 58.544880,17.956442, 208.581055, 0.999986
5, 902,12,17.956442, 17.950705, 119.125977, 58.544880,17.956442, 208.581055, 1.000320
5, 902,13,97.945488, 97.945885, 119.125977, 58.544880,17.956442, 208.581055, 0.999996
5, 902,14,178.962921, 178.978378, 119.125977, 58.544880,17.956442, 208.581055, 0.999914
5, 902,15,58.722965, 58.723228, 119.125977, 58.544880,17.956442, 208.581055, 0.999996
5, 902,16,92.287895, 92.277275, 119.125977, 58.544880,17.956442, 208.581055, 1.000115
5, 902,17,149.592453, 149.591888, 119.125977, 58.544880,17.956442, 208.581055, 1.000004
5, 902,18,75.332962, 75.314140, 119.125977, 58.544880,17.956442, 208.581055, 1.000250
5, 902,19,189.742432, 189.729813, 119.125977, 58.544880,17.956442, 208.581055, 1.000067
5, 902,20,117.736458, 117.740265, 119.125977, 58.544880,17.956442, 208.581055, 0.999968
5, 902,21,181.811859, 181.791336, 119.125977, 58.544880,17.956442, 208.581055, 1.000113
5, 902,22,159.455078, 159.446381, 119.125977, 58.544880,17.956442, 208.581055, 1.000055
5, 902,23,75.020134, 75.015152, 119.125977, 58.544880,17.956442, 208.581055, 1.000066
5, 902,24,208.552139, 208.541809, 119.125977, 58.544880,17.956442, 208.581055, 1.000050
5, 902,25,190.202423, 190.211868, 119.125977, 58.544880,17.956442, 208.581055, 0.999950
5, 902,26,129.327194, 129.339874, 119.125977, 58.544880,17.956442, 208.581055, 0.999902
5, 902,27,66.269630, 66.265106, 119.125977, 58.544880,17.956442, 208.581055, 1.000068
5, 902,28,73.200951, 73.196808, 119.125977, 58.544880,17.956442, 208.581055, 1.000057
5, 902,29,58.302563, 58.302204, 119.125977, 58.544880,17.956442, 208.581055, 1.000006
5, 902,30,208.581055, 208.590637, 119.125977, 58.544880,17.956442, 208.581055, 0.999954
5, 902,31,170.695511, 170.698181, 119.125977, 58.544880,17.956442, 208.581055, 0.999984
5, 903,0,146.344162, 146.353638, 119.127266, 52.416199,12.270438, 195.323532, 0.999935
5, 903,1,149.926788, 149.917175, 119.127266, 52.416199,12.270438, 195.323532, 1.000064
5, 903,2,62.670898, 62.673752, 119.127266, 52.416199,12.270438, 195.323532, 0.999954
5, 903,3,111.396797, 111.388672, 119.127266, 52.416199,12.270438, 195.323532, 1.000073
5, 903,4,148.811279, 148.794266, 119.127266, 52.416199,12.270438, 195.323532, 1.000114
5, 903,5,195.323532, 195.349289, 119.127266, 52.416199,12.270438, 195.323532, 0.999868
5, 903,6,173.281448, 173.280609, 119.127266, 52.416199,12.270438, 195.323532, 1.000005
5, 903,7,76.169266, 76.165886, 119.127266, 52.416199,12.270438, 195.323532, 1.000044
5, 903,8,195.198532, 195.194595, 119.127266, 52.416199,12.270438, 195.323532, 1.000020
5, 903,9,183.003967, 183.002975, 119.127266, 52.416199,12.270438, 195.323532, 1.000005
5, 903,10,170.414017, 170.410309, 119.127266, 52.416199,12.270438, 195.323532, 1.000022
5, 903,11,121.292870, 121.288635, 119.127266, 52.416199,12.270438, 195.323532, 1.000035
5, 903,12,12.270438, 12.257283, 119.127266, 52.416199,12.270438, 195.323532, 1.001073
5, 903,13,125.451958, 125.453728, 119.127266, 52.416199,12.270438, 195.323532, 0.999986
5, 903,14,91.580154, 91.577286, 119.127266, 52.416199,12.270438, 195.323532, 1.000031
5, 903,15,190.067078, 190.061279, 119.127266, 52.416199,12.270438, 195.323532, 1.000031
5, 903,16,71.909607, 71.903412, 119.127266, 52.416199,12.270438, 195.323532, 1.000086
5, 903,17,48.021481, 48.024334, 119.127266, 52.416199,12.270438, 195.323532, 0.999941
5, 903,18,137.018494, 137.015137, 119.127266, 52.416199,12.270438, 195.323532, 1.000025
5, 903,19,73.465889, 73.456009, 119.127266, 52.416199,12.270438, 195.323532, 1.000134
5, 903,20,107.777519, 107.773582, 119.127266, 52.416199,12.270438, 195.323532, 1.000036
5, 903,21,144.897476, 144.898438, 119.127266, 52.416199,12.270438, 195.323532, 0.999993
5, 903,22,130.918716, 130.913605, 119.127266, 52.416199,12.270438, 195.323532, 1.000039
5, 903,23,111.263588, 111.256897, 119.127266, 52.416199,12.270438, 195.323532, 1.000060
5, 903,24,132.751419, 132.741196, 119.127266, 52.416199,12.270438, 195.323532, 1.000077
5, 903,25,190.532410, 190.536804, 119.127266, 52.416199,12.270438, 195.323532, 0.999977
5, 903,26,90.314392, 90.316879, 119.127266, 52.416199,12.270438, 195.323532, 0.999972
5, 903,27,72.042946, 72.052368, 119.127266, 52.416199,12.270438, 195.323532, 0.999869
5, 903,28,161.744766, 161.742111, 119.127266, 52.416199,12.270438, 195.323532, 1.000016
5, 903,29,19.241455, 19.246840, 119.127266, 52.416199,12.270438, 195.323532, 0.999720
5, 903,30,30.249947, 30.246796, 119.127266, 52.416199,12.270438, 195.323532, 1.000104
5, 903,31,136.718658, 136.705780, 119.127266, 52.416199,12.270438, 195.323532, 1.000094
5, 904,0,237.163971, 237.170334, 119.125725, 65.630287,14.677294, 237.163971, 0.999973
5, 904,1,198.891724, 198.890182, 119.125725, 65.630287,14.677294, 237.163971, 1.000008
5, 904,2,51.244183, 51.235096, 119.125725, 65.630287,14.677294, 237.163971, 1.000177
5, 904,3,144.592422, 144.580017, 119.125725, 65.630287,14.677294, 237.163971, 1.000086
5, 904,4,49.402023, 49.394436, 119.125725, 65.630287,14.677294, 237.163971, 1.000154
5, 904,5,177.017868, 177.027893, 119.125725, 65.630287,14.677294, 237.163971, 0.999943
5, 904,6,117.957115, 117.957390, 119.125725, 65.630287,14.677294, 237.163971, 0.999998
5, 904,7,120.224411, 120.214142, 119.125725, 65.630287,14.677294, 237.163971, 1.000085
5, 904,8,212.978897, 212.980774, 119.125725, 65.630287,14.677294, 237.163971, 0.999991
5, 904,9,103.127594, 103.126297, 119.125725, 65.630287,14.677294, 237.163971, 1.000013
5, 904,10,28.340925, 28.343164, 119.125725, 65.630287,14.677294, 237.163971, 0.999921
5, 904,11,122.864853, 122.872879, 119.125725, 65.630287,14.677294, 237.163971, 0.999935
5, 904,12,213.294785, 213.291077, 119.125725, 65.630287,14.677294, 237.163971, 1.000017
5, 904,13,137.344040, 137.358398, 119.125725, 65.630287,14.677294, 237.163971, 0.999895
5, 904,14,102.241730, 102.244759, 119.125725, 65.630287,14.677294, 237.163971, 0.999970
5, 904,15,142.707825, 142.711136, 119.125725, 65.630287,14.677294, 237.163971, 0.999977
5, 904,16,119.267349, 119.262070, 119.125725, 65.630287,14.677294, 237.163971, 1.000044
5, 904,17,70.321854, 70.332855, 119.125725, 65.630287,14.677294, 237.163971, 0.999844
5, 904,18,166.818695, 166.816071, 119.125725, 65.630287,14.677294, 237.163971, 1.000016
5, 904,19,212.751465, 212.748032, 119.125725, 65.630287,14.677294, 237.163971, 1.000016
5, 904,20,17.420301, 17.412022, 119.125725, 65.630287,14.677294, 237.163971, 1.000476
5, 904,21,125.517464, 125.510460, 119.125725, 65.630287,14.677294, 237.163971, 1.000056
5, 904,22,66.743324, 66.750275, 119.125725, 65.630287,14.677294, 237.163971, 0.999896
5, 904,23,62.423523, 62.413078, 119.125725, 65.630287,14.677294, 237.163971, 1.000167
5, 904,24,40.346630, 40.346268, 119.125725, 65.630287,14.677294, 237.163971, 1.000009
5, 904,25,209.446381, 209.447540, 119.125725, 65.630287,14.677294, 237.163971, 0.999994
5, 904,26,209.340454, 209.341766, 119.125725, 65.630287,14.677294, 237.163971, 0.999994
5, 904,27,53.272018, 53.273228, 119.125725, 65.630287,14.677294, 237.163971, 0.999977
5, 904,28,14.677294, 14.682761, 119.125725, 65.630287,14.677294, 237.163971, 0.999628
5, 904,29,72.386650, 72.370995, 119.125725, 65.630287,14.677294, 237.163971, 1.000216
5, 904,30,71.655899, 71.651649, 119.125725, 65.630287,14.677294, 237.163971, 1.000059
5, 904,31,140.239166, 140.242828, 119.125725, 65.630287,14.677294, 237.163971, 0.999974
5, 905,0,176.986832, 176.987564, 119.127510, 59.754898,11.082849, 233.552734, 0.999996
5, 905,1,180.998138, 180.988998, 119.127510, 59.754898,11.082849, 233.552734, 1.000051
5, 905,2,105.931297, 105.930794, 119.127510, 59.754898,11.082849, 233.552734, 1.000005
5, 905,3,183.906433, 183.896622, 119.127510, 59.754898,11.082849, 233.552734, 1.000053
5, 905,4,153.160553, 153.151978, 119.127510, 59.754898,11.082849, 233.552734, 1.000056
5, 905,5,11.082849, 11.086897, 119.127510, 59.754898,11.082849, 233.552734, 0.999635
5, 905,6,128.101089, 128.097961, 119.127510, 59.754898,11.082849, 233.552734, 1.000024
5, 905,7,224.690506, 224.679504, 119.127510, 59.754898,11.082849, 233.552734, 1.000049
5, 905,8,145.374695, 145.384460, 119.127510, 59.754898,11.082849, 233.552734, 0.999933
5, 905,9,196.199341, 196.205551, 119.127510, 59.754898,11.082849, 233.552734, 0.999968
5, 905,10,66.047005, 66.054825, 119.127510, 59.754898,11.082849, 233.552734, 0.999882
5, 905,11,77.983582, 77.989922, 119.127510, 59.754898,11.082849, 233.552734, 0.999919
5, 905,12,184.247620, 184.235855, 119.127510, 59.754898,11.082849, 233.552734, 1.000064
5, 905,13,37.793709, 37.788570, 119.127510, 59.754898,11.082849, 233.552734, 1.000136
5, 905,14,93.067009, 93.081871, 119.127510, 59.754898,11.082849, 233.552734, 0.999840
5, 905,15,113.784401, 113.781372, 119.127510, 59.754898,11.082849, 233.552734, 1.000027
5, 905,16,233.552734, 233.547745, 119.127510, 59.754898,11.082849, 233.552734, 1.000021
5, 905,17,166.399933, 166.381668, 119.127510, 59.754898,11.082849, 233.552734, 1.000110
5, 905,18,40.786251, 40.786194, 119.127510, 59.754898,11.082849, 233.552734, 1.000001
5, 905,19,91.233574, 91.226532, 119.127510, 59.754898,11.082849, 233.552734, 1.000077
5, 905,20,191.359375, 191.352600, 119.127510, 59.754898,11.082849, 233.552734, 1.000035
5, 905,21,71.842690, 71.849289, 119.127510, 59.754898,11.082849, 233.552734, 0.999908
5, 905,22,144.593613, 144.581421, 119.127510, 59.754898,11.082849, 233.552734, 1.000084
5, 905,23,126.527573, 126.519531, 119.127510, 59.754898,11.082849, 233.552734, 1.000064
5, 905,24,77.318588, 77.332245, 119.127510, 59.754898,11.082849, 233.552734, 0.999823
5, 905,25,64.777008, 64.781006, 119.127510, 59.754898,11.082849, 233.552734, 0.999938
5, 905,26,65.211044, 65.196381, 119.127510, 59.754898,11.082849, 233.552734, 1.000225
5, 905,27,27.116053, 27.120361, 119.127510, 59.754898,11.082849, 233.552734, 0.999841
5, 905,28,130.308990, 130.313293, 119.127510, 59.754898,11.082849, 233.552734, 0.999967
5, 905,29,104.931480, 104.920044, 119.127510, 59.754898,11.082849, 233.552734, 1.000109
5, 905,30,49.787659, 49.779053, 119.127510, 59.754898,11.082849, 233.552734, 1.000173
5, 905,31,146.978989, 146.969818, 119.127510, 59.754898,11.082849, 233.552734, 1.000062
5, 906,0,206.033554, 206.055267, 119.124535, 61.908722,20.258896, 233.273941, 0.999895
5, 906,1,71.315353, 71.320206, 119.124535, 61.908722,20.258896, 233.273941, 0.999932
5, 906,2,44.107903, 44.101875, 119.124535, 61.908722,20.258896, 233.273941, 1.000137
5, 906,3,233.273941, 233.287964, 119.124535, 61.908722,20.258896, 233.273941, 0.999940
5, 906,4,198.389618, 198.382156, 119.124535, 61.908722,20.258896, 233.273941, 1.000038
5, 906,5,20.258896, 20.249943, 119.124535, 61.908722,20.258896, 233.273941, 1.000442
5, 906,6,162.729446, 162.737045, 119.124535, 61.908722,20.258896, 233.273941, 0.999953
5, 906,7,45.879669, 45.874798, 119.124535, 61.908722,20.258896, 233.273941, 1.000106
5, 906,8,60.861065, 60.862110, 119.124535, 61.908722,20.258896, 233.273941, 0.999983
5, 906,9,57.424679, 57.423927, 119.124535, 61.908722,20.258896, 233.273941, 1.000013
5, 906,10,134.133926, 134.147751, 119.124535, 61.908722,20.258896, 233.273941, 0.999897
5, 906,11,190.196426, 190.199432, 119.124535, 61.908722,20.258896, 233.273941, 0.999984
5, 906,12,176.653244, 176.662048, 119.124535, 61.908722,20.258896, 233.273941, 0.999950
5, 906,13,123.994209, 123.998299, 119.124535, 61.908722,20.258896, 233.273941, 0.999967
5, 906,14,38.035809, 38.036606, 119.124535, 61.908722,20.258896, 233.273941, 0.999979
5, 906,15,129.597275, 129.589844, 119.124535, 61.908722,20.258896, 233.273941, 1.000057
5, 906,16,108.480797, 108.472656, 119.124535, 61.908722,20.258896, 233.273941, 1.000075
5, 906,17,29.852659, 29.846703, 119.124535, 61.908722,20.258896, 233.273941, 1.000200
5, 906,18,129.292557, 129.288361, 119.124535, 61.908722,20.258896, 233.273941, 1.000032
5, 906,19,163.453278, 163.447662, 119.124535, 61.908722,20.258896, 233.273941, 1.000034
5, 906,20,117.240181, 117.229614, 119.124535, 61.908722,20.258896, 233.273941, 1.000090
5, 906,21,101.202606, 101.215874, 119.124535, 61.908722,20.258896, 233.273941, 0.999869
5, 906,22,218.051971, 218.056610, 119.124535, 61.908722,20.258896, 233.273941, 0.999979
5, 906,23,23.504803, 23.508678, 119.124535, 61.908722,20.258896, 233.273941, 0.999835
5, 906,24,110.644608, 110.640358, 119.124535, 61.908722,20.258896, 233.273941, 1.000038
5, 906,25,130.935394, 130.932083, 119.124535, 61.908722,20.258896, 233.273941, 1.000025
5, 906,26,143.641785, 143.636856, 119.124535, 61.908722,20.258896, 233.273941, 1.000034
5, 906,27,68.878670, 68.872566, 119.124535, 61.908722,20.258896, 233.273941, 1.000089
5, 906,28,203.628204, 203.629166, 119.124535, 61.908722,20.258896, 233.273941, 0.999995
5, 906,29,78.425507, 78.426254, 119.124535, 61.908722,20.258896, 233.273941, 0.999990
5, 906,30,173.496475, 173.496628, 119.124535, 61.908722,20.258896, 233.273941, 0.999999
5, 906,31,118.370468, 118.370888, 119.124535, 61.908722,20.258896, 233.273941, 0.999996
5, 907,0,126.491898, 126.497597, 119.123329, 65.713768,14.076120, 229.635620, 0.999955
5, 907,1,191.728226, 191.716934, 119.123329, 65.713768,14.076120, 229.635620, 1.000059
5, 907,2,39.063381, 39.084106, 119.123329, 65.713768,14.076120, 229.635620, 0.999470
5, 907,3,14.104486, 14.103069, 119.123329, 65.713768,14.076120, 229.635620, 1.000100
5, 907,4,68.601204, 68.604721, 119.123329, 65.713768,14.076120, 229.635620, 0.999949
5, 907,5,82.765839, 82.753922, 119.123329, 65.713768,14.076120, 229.635620, 1.000144
5, 907,6,148.443100, 148.450027, 119.123329, 65.713768,14.076120, 229.635620, 0.999953
5, 907,7,14.076120, 14.089638, 119.123329, 65.713768,14.076120, 229.635620, 0.999041
5, 907,8,57.837749, 57.840031, 119.123329, 65.713768,14.076120, 229.635620, 0.999961
5, 907,9,87.744064, 87.743416, 119.123329, 65.713768,14.076120, 229.635620, 1.000007
5, 907,10,174.583023, 174.586105, 119.123329, 65.713768,14.076120, 229.635620, 0.999982
5, 907,11,154.894547, 154.896744, 119.123329, 65.713768,14.076120, 229.635620, 0.999986
5, 907,12,150.611359, 150.612350, 119.123329, 65.713768,14.076120, 229.635620, 0.999993
5, 907,13,26.352476, 26.365267, 119.123329, 65.713768,14.076120, 229.635620, 0.999515
5, 907,14,141.518265, 141.526520, 119.123329, 65.713768,14.076120, 229.635620, 0.999942
5, 907,15,44.790653, 44.785427, 119.123329, 65.713768,14.076120, 229.635620, 1.000117
5, 907,16,170.590408, 170.590485, 119.123329, 65.713768,14.076120, 229.635620, 1.000000
5, 907,17,191.361954, 191.381149, 119.123329, 65.713768,14.076120, 229.635620, 0.999900
5, 907,18,209.917130, 209.902039, 119.123329, 65.713768,14.076120, 229.635620, 1.000072
5, 907,19,156.114182, 156.098801, 119.123329, 65.713768,14.076120, 229.635620, 1.000099
5, 907,20,129.000793, 129.009140, 119.123329, 65.713768,14.076120, 229.635620, 0.999935
5, 907,21,115.050552, 115.054680, 119.123329, 65.713768,14.076120, 229.635620, 0.999964
5, 907,22,114.143616, 114.148109, 119.123329, 65.713768,14.076120, 229.635620, 0.999961
5, 907,23,20.299368, 20.308037, 119.123329, 65.713768,14.076120, 229.635620, 0.999573
5, 907,24,55.857796, 55.852299, 119.123329, 65.713768,14.076120, 229.635620, 1.000098
5, 907,25,203.545761, 203.549332, 119.123329, 65.713768,14.076120, 229.635620, 0.999982
5, 907,26,118.219109, 118.210884, 119.123329, 65.713768,14.076120, 229.635620, 1.000070
5, 907,27,229.635620, 229.631683, 119.123329, 65.713768,14.076120, 229.635620, 1.000017
5, 907,28,73.747650, 73.755371, 119.123329, 65.713768,14.076120, 229.635620, 0.999895
5, 907,29,222.313354, 222.305267, 119.123329, 65.713768,14.076120, 229.635620, 1.000036
5, 907,30,195.692154, 195.699112, 119.123329, 65.713768,14.076120, 229.635620, 0.999964
5, 907,31,82.851112, 82.847939, 119.123329, 65.713768,14.076120, 229.635620, 1.000038
5, 908,0,104.671402, 104.665771, 119.126579, 51.203358,23.380524, 205.305634, 1.000054
5, 908,1,150.368668, 150.354752, 119.126579, 51.203358,23.380524, 205.305634, 1.000093
5, 908,2,171.897079, 171.889496, 119.126579, 51.203358,23.380524, 205.305634, 1.000044
5, 908,3,184.734131, 184.730408, 119.126579, 51.203358,23.380524, 205.305634, 1.000020
5, 908,4,111.621346, 111.611305, 119.126579, 51.203358,23.380524, 205.305634, 1.000090
5, 908,5,134.869797, 134.864532, 119.126579, 51.203358,23.380524, 205.305634, 1.000039
5, 908,6,86.621223, 86.621689, 119.126579, 51.203358,23.380524, 205.305634, 0.999995
5, 908,7,205.305634, 205.298492, 119.126579, 51.203358,23.380524, 205.305634, 1.000035
5, 908,8,105.274368, 105.274391, 119.126579, 51.203358,23.380524, 205.305634, 1.000000
5, 908,9,179.111908, 179.109512, 119.126579, 51.203358,23.380524, 205.305634, 1.000013
5, 908,10,86.297211, 86.293510, 119.126579, 51.203358,23.380524, 205.305634, 1.000043
5, 908,11,162.256058, 162.252869, 119.126579, 51.203358,23.380524, 205.305634, 1.000020
5, 908,12,88.861221, 88.865265, 119.126579, 51.203358,23.380524, 205.305634, 0.999955
5, 908,13,129.181305, 129.195923, 119.126579, 51.203358,23.380524, 205.305634, 0.999887
5, 908,14,185.533432, 185.541901, 119.126579, 51.203358,23.380524, 205.305634, 0.999954
5, 908,15,82.060028, 82.050995, 119.126579, 51.203358,23.380524, 205.305634, 1.000110
5, 908,16,65.199478, 65.200317, 119.126579, 51.203358,23.380524, 205.305634, 0.999987
5, 908,17,23.380524, 23.383884, 119.126579, 51.203358,23.380524, 205.305634, 0.999856
5, 908,18,31.753513, 31.749557, 119.126579, 51.203358,23.380524, 205.305634, 1.000125
5, 908,19,74.048630, 74.037376, 119.126579, 51.203358,23.380524, 205.305634, 1.000152
5, 908,20,107.715637, 107.720856, 119.126579, 51.203358,23.380524, 205.305634, 0.999952
5, 908,21,98.901848, 98.913620, 119.126579, 51.203358,23.380524, 205.305634, 0.999881
5, 908,22,180.000656, 180.004562, 119.126579, 51.203358,23.380524, 205.305634, 0.999978
5, 908,23,49.479141, 49.471416, 119.126579, 51.203358,23.380524, 205.305634, 1.000156
5, 908,24,152.423874, 152.419327, 119.126579, 51.203358,23.380524, 205.305634, 1.000030
5, 908,25,72.086052, 72.074249, 119.126579, 51.203358,23.380524, 205.305634, 1.000164
5, 908,26,73.514435, 73.518257, 119.126579, 51.203358,23.380524, 205.305634, 0.999948
5, 908,27,134.453339, 134.458786, 119.126579, 51.203358,23.380524, 205.305634, 0.999959
5, 908,28,54.387264, 54.382225, 119.126579, 51.203358,23.380524, 205.305634, 1.000093
5, 908,29,166.181152, 166.179138, 119.126579, 51.203358,23.380524, 205.305634, 1.000012
5, 908,30,165.592697, 165.594360, 119.126579, 51.203358,23.380524, 205.305634, 0.999990
5, 908,31,194.267624, 194.271561, 119.126579, 51.203358,23.380524, 205.305634, 0.999980
5, 909,0,165.048203, 165.047318, 119.125404, 59.863201,14.356933, 210.168121, 1.000005
5, 909,1,210.168121, 210.166290, 119.125404, 59.863201,14.356933, 210.168121, 1.000009
5, 909,2,77.407890, 77.396805, 119.125404, 59.863201,14.356933, 210.168121, 1.000143
5, 909,3,116.454315, 116.449570, 119.125404, 59.863201,14.356933, 210.168121, 1.000041
5, 909,4,204.652267, 204.650986, 119.125404, 59.863201,14.356933, 210.168121, 1.000006
5, 909,5,14.356933, 14.351576, 119.125404, 59.863201,14.356933, 210.168121, 1.000373
5, 909,6,15.166466, 15.187227, 119.125404, 59.863201,14.356933, 210.168121, 0.998633
5, 909,7,26.007942, 26.007360, 119.125404, 59.863201,14.356933, 210.168121, 1.000022
5, 909,8,74.716202, 74.710342, 119.125404, 59.863201,14.356933, 210.168121, 1.000078
5, 909,9,31.668417, 31.671219, 119.125404, 59.863201,14.356933, 210.168121, 0.999912
5, 909,10,130.365173, 130.364716, 119.125404, 59.863201,14.356933, 210.168121, 1.000003
5, 909,11,204.712387, 204.725281, 119.125404, 59.863201,14.356933, 210.168121, 0.999937
5, 909,12,162.500931, 162.497040, 119.125404, 59.863201,14.356933, 210.168121, 1.000024
5, 909,13,28.197151, 28.198626, 119.125404, 59.863201,14.356933, 210.168121, 0.999948
5, 909,14,65.087410, 65.084877, 119.125404, 59.863201,14.356933, 210.168121, 1.000039
5, 909,15,138.431015, 138.424088, 119.125404, 59.863201,14.356933, 210.168121, 1.000050
5, 909,16,181.597580, 181.599396, 119.125404, 59.863201,14.356933, 210.168121, 0.999990
5, 909,17,163.673325, 163.673141, 119.125404, 59.863201,14.356933, 210.168121, 1.000001
5, 909,18,120.245399, 120.250229, 119.125404, 59.863201,14.356933, 210.168121, 0.999960
5, 909,19,133.567856, 133.564941, 119.125404, 59.863201,14.356933, 210.168121, 1.000022
5, 909,20,148.840469, 148.841873, 119.125404, 59.863201,14.356933, 210.168121, 0.999991
5, 909,21,114.349197, 114.344963, 119.125404, 59.863201,14.356933, 210.168121, 1.000037
5, 909,22,159.984253, 159.965317, 119.125404, 59.863201,14.356933, 210.168121, 1.000118
5, 909,23,166.944962, 166.935272, 119.125404, 59.863201,14.356933, 210.168121, 1.000058
5, 909,24,108.221817, 108.223045, 119.125404, 59.863201,14.356933, 210.168121, 0.999989
5, 909,25,129.433685, 129.442413, 119.125404, 59.863201,14.356933, 210.168121, 0.999933
5, 909,26,16.990475, 17.000900, 119.125404, 59.863201,14.356933, 210.168121, 0.999387
5, 909,27,114.349335, 114.344963, 119.125404, 59.863201,14.356933, 210.168121, 1.000038
5, 909,28,180.053253, 180.039505, 119.125404, 59.863201,14.356933, 210.168121, 1.000076
5, 909,29,97.734192, 97.749557, 119.125404, 59.863201,14.356933, 210.168121, 0.999843
5, 909,30,188.720596, 188.717911, 119.125404, 59.863201,14.356933, 210.168121, 1.000014
5, 909,31,122.365677, 122.373405, 119.125404, 59.863201,14.356933, 210.168121, 0.999937
5, 910,0,190.198044, 190.200745, 119.125916, 63.050232,12.553550, 218.758224, 0.999986
5, 910,1,109.215309, 109.216408, 119.125916, 63.050232,12.553550, 218.758224, 0.999990
5, 910,2,95.749954, 95.746201, 119.125916, 63.050232,12.553550, 218.758224, 1.000039
5, 910,3,201.058228, 201.048676, 119.125916, 63.050232,12.553550, 218.758224, 1.000048
5, 910,4,200.489792, 200.487671, 119.125916, 63.050232,12.553550, 218.758224, 1.000011
5, 910,5,184.075226, 184.082077, 119.125916, 63.050232,12.553550, 218.758224, 0.999963
5, 910,6,175.599319, 175.588989, 119.125916, 63.050232,12.553550, 218.758224, 1.000059
5, 910,7,175.794983, 175.791199, 119.125916, 63.050232,12.553550, 218.758224, 1.000022
5, 910,8,98.090279, 98.094513, 119.125916, 63.050232,12.553550, 218.758224, 0.999957
5, 910,9,59.302460, 59.314667, 119.125916, 63.050232,12.553550, 218.758224, 0.999794
5, 910,10,42.647522, 42.661182, 119.125916, 63.050232,12.553550, 218.758224, 0.999680
5, 910,11,24.328951, 24.324738, 119.125916, 63.050232,12.553550, 218.758224, 1.000173
5, 910,12,82.905136, 82.882637, 119.125916, 63.050232,12.553550, 218.758224, 1.000271
5, 910,13,179.971710, 179.959473, 119.125916, 63.050232,12.553550, 218.758224, 1.000068
5, 910,14,37.267464, 37.260048, 119.125916, 63.050232,12.553550, 218.758224, 1.000199
5, 910,15,218.758224, 218.758896, 119.125916, 63.050232,12.553550, 218.758224, 0.999997
5, 910,16,137.575363, 137.585388, 119.125916, 63.050232,12.553550, 218.758224, 0.999927
5, 910,17,141.183655, 141.179626, 119.125916, 63.050232,12.553550, 218.758224, 1.000028
5, 910,18,71.901260, 71.904259, 119.125916, 63.050232,12.553550, 218.758224, 0.999958
5, 910,19,118.200638, 118.211769, 119.125916, 63.050232,12.553550, 218.758224, 0.999906
5, 910,20,85.474197, 85.478844, 119.125916, 63.050232,12.553550, 218.758224, 0.999946
5, 910,21,38.278774, 38.277657, 119.125916, 63.050232,12.553550, 218.758224, 1.000029
5, 910,22,203.520905, 203.527451, 119.125916, 63.050232,12.553550, 218.758224, 0.999968
5, 910,23,126.468811, 126.456970, 119.125916, 63.050232,12.553550, 218.758224, 1.000094
5, 910,24,90.910255, 90.919106, 119.125916, 63.050232,12.553550, 218.758224, 0.999903
5, 910,25,60.433052, 60.430115, 119.125916, 63.050232,12.553550, 218.758224, 1.000049
5, 910,26,62.161167, 62.152218, 119.125916, 63.050232,12.553550, 218.758224, 1.000144
5, 910,27,12.553550, 12.557056, 119.125916, 63.050232,12.553550, 218.758224, 0.999721
5, 910,28,59.895298, 59.888699, 119.125916, 63.050232,12.553550, 218.758224, 1.000110
5, 910,29,178.327087, 178.335220, 119.125916, 63.050232,12.553550, 218.758224, 0.999954
5, 910,30,135.351105, 135.341431, 119.125916, 63.050232,12.553550, 218.758224, 1.000072
5, 910,31,214.341522, 214.336212, 119.125916, 63.050232,12.553550, 218.758224, 1.000025
5, 911,0,163.630981, 163.635086, 119.124550, 77.714455,13.479963, 265.193756, 0.999975
5, 911,1,205.441025, 205.429581, 119.124550, 77.714455,13.479963, 265.193756, 1.000056
5, 911,2,124.600098, 124.602371, 119.124550, 77.714455,13.479963, 265.193756, 0.999982
5, 911,3,13.479963, 13.481571, 119.124550, 77.714455,13.479963, 265.193756, 0.999881
5, 911,4,144.714508, 144.709427, 119.124550, 77.714455,13.479963, 265.193756, 1.000035
5, 911,5,172.527313, 172.522888, 119.124550, 77.714455,13.479963, 265.193756, 1.000026
5, 911,6,20.222662, 20.225647, 119.124550, 77.714455,13.479963, 265.193756, 0.999852
5, 911,7,45.157276, 45.152134, 119.124550, 77.714455,13.479963, 265.193756, 1.000114
5, 911,8,233.638062, 233.642059, 119.124550, 77.714455,13.479963, 265.193756, 0.999983
5, 911,9,53.424122, 53.421844, 119.124550, 77.714455,13.479963, 265.193756, 1.000043
5, 911,10,143.247330, 143.254196, 119.124550, 77.714455,13.479963, 265.193756, 0.999952
5, 911,11,265.193756, 265.195251, 119.124550, 77.714455,13.479963, 265.193756, 0.999994
5, 911,12,198.032227, 198.036148, 119.124550, 77.714455,13.479963, 265.193756, 0.999980
5, 911,13,83.751480, 83.754547, 119.124550, 77.714455,13.479963, 265.193756, 0.999963
5, 911,14,17.784616, 17.784637, 119.124550, 77.714455,13.479963, 265.193756, 0.999999
5, 911,15,254.816071, 254.820953, 119.124550, 77.714455,13.479963, 265.193756, 0.999981
5, 911,16,40.063129, 40.066692, 119.124550, 77.714455,13.479963, 265.193756, 0.999911
5, 911,17,45.850693, 45.856270, 119.124550, 77.714455,13.479963, 265.193756, 0.999878
5, 911,18,33.037201, 33.048782, 119.124550, 77.714455,13.479963, 265.193756, 0.999650
5, 911,19,22.120832, 22.126822, 119.124550, 77.714455,13.479963, 265.193756, 0.999729
5, 911,20,181.739075, 181.739258, 119.124550, 77.714455,13.479963, 265.193756, 0.999999
5, 911,21,26.764851, 26.758486, 119.124550, 77.714455,13.479963, 265.193756, 1.000238
5, 911,22,98.823036, 98.807449, 119.124550, 77.714455,13.479963, 265.193756, 1.000158
5, 911,23,222.536957, 222.532303, 119.124550, 77.714455,13.479963, 265.193756, 1.000021
5, 911,24,194.612610, 194.617157, 119.124550, 77.714455,13.479963, 265.193756, 0.999977
5, 911,25,159.246735, 159.253784, 119.124550, 77.714455,13.479963, 265.193756, 0.999956
5, 911,26,69.711197, 69.703079, 119.124550, 77.714455,13.479963, 265.193756, 1.000116
5, 911,27,148.556671, 148.558716, 119.124550, 77.714455,13.479963, 265.193756, 0.999986
5, 911,28,119.746399, 119.743813, 119.124550, 77.714455,13.479963, 265.193756, 1.000022
5, 911,29,26.911249, 26.907135, 119.124550, 77.714455,13.479963, 265.193756, 1.000153
5, 911,30,152.145767, 152.149811, 119.124550, 77.714455,13.479963, 265.193756, 0.999973
5, 911,31,130.458176, 130.462357, 119.124550, 77.714455,13.479963, 265.193756, 0.999968
5, 912,0,73.663368, 73.666306, 119.122551, 46.747231,49.455944, 205.905411, 0.999960
5, 912,1,64.986481, 64.990356, 119.122551, 46.747231,49.455944, 205.905411, 0.999940
5, 912,2,117.644203, 117.643951, 119.122551, 46.747231,49.455944, 205.905411, 1.000002
5, 912,3,195.582291, 195.599319, 119.122551, 46.747231,49.455944, 205.905411, 0.999913
5, 912,4,205.905411, 205.904297, 119.122551, 46.747231,49.455944, 205.905411, 1.000005
5, 912,5,85.506477, 85.514885, 119.122551, 46.747231,49.455944, 205.905411, 0.999902
5, 912,6,85.560616, 85.569794, 119.122551, 46.747231,49.455944, 205.905411, 0.999893
5, 912,7,158.480499, 158.485550, 119.122551, 46.747231,49.455944, 205.905411, 0.999968
5, 912,8,52.301331, 52.293701, 119.122551, 46.747231,49.455944, 205.905411, 1.000146
5, 912,9,137.339615, 137.338715, 119.122551, 46.747231,49.455944, 205.905411, 1.000007
5, 912,10,170.337875, 170.340240, 119.122551, 46.747231,49.455944, 205.905411, 0.999986
5, 912,11,144.369781, 144.391724, 119.122551, 46.747231,49.455944, 205.905411, 0.999848
5, 912,12,89.639542, 89.639313, 119.122551, 46.747231,49.455944, 205.905411, 1.000003
5, 912,13,92.041412, 92.037094, 119.122551, 46.747231,49.455944, 205.905411, 1.000047
5, 912,14,150.164429, 150.151276, 119.122551, 46.747231,49.455944, 205.905411, 1.000088
5, 912,15,140.982651, 140.993332, 119.122551, 46.747231,49.455944, 205.905411, 0.999924
5, 912,16,89.083931, 89.102402, 119.122551, 46.747231,49.455944, 205.905411, 0.999793
5, 912,17,134.058823, 134.056244, 119.122551, 46.747231,49.455944, 205.905411, 1.000019
5, 912,18,78.226372, 78.205612, 119.122551, 46.747231,49.455944, 205.905411, 1.000265
5, 912,19,68.400108, 68.400940, 119.122551, 46.747231,49.455944, 205.905411, 0.999988
5, 912,20,151.025360, 151.029861, 119.122551, 46.747231,49.455944, 205.905411, 0.999970
5, 912,21,80.375931, 80.383759, 119.122551, 46.747231,49.455944, 205.905411, 0.999903
5, 912,22,49.455944, 49.462734, 119.122551, 46.747231,49.455944, 205.905411, 0.999863
5, 912,23,104.210266, 104.190735, 119.122551, 46.747231,49.455944, 205.905411, 1.000188
5, 912,24,54.787369, 54.795208, 119.122551, 46.747231,49.455944, 205.905411, 0.999857
5, 912,25,156.435577, 156.423340, 119.122551, 46.747231,49.455944, 205.905411, 1.000078
5, 912,26,197.309204, 197.313766, 119.122551, 46.747231,49.455944, 205.905411, 0.999977
5, 912,27,118.467155, 118.479813, 119.122551, 46.747231,49.455944, 205.905411, 0.999893
5, 912,28,78.871666, 78.870651, 119.122551, 46.747231,49.455944, 205.905411, 1.000013
5, 912,29,160.225311, 160.236603, 119.122551, 46.747231,49.455944, 205.905411, 0.999930
5, 912,30,126.856529, 126.850693, 119.122551, 46.747231,49.455944, 205.905411, 1.000046
5, 912,31,199.626221, 199.638336, 119.122551, 46.747231,49.455944, 205.905411, 0.999939
5, 913,0,168.277878, 168.281311, 119.125107, 64.227531,12.678259, 226.801331, 0.999980
5, 913,1,50.587330, 50.590858, 119.125107, 64.227531,12.678259, 226.801331, 0.999930
5, 913,2,101.519936, 101.516083, 119.125107, 64.227531,12.678259, 226.801331, 1.000038
5, 913,3,173.153427, 173.144958, 119.125107, 64.227531,12.678259, 226.801331, 1.000049
5, 913,4,73.602997, 73.604202, 119.125107, 64.227531,12.678259, 226.801331, 0.999984
5, 913,5,61.384853, 61.371819, 119.125107, 64.227531,12.678259, 226.801331, 1.000212
5, 913,6,124.801208, 124.815529, 119.125107, 64.227531,12.678259, 226.801331, 0.999885
5, 913,7,170.733627, 170.737564, 119.125107, 64.227531,12.678259, 226.801331, 0.999977
5, 913,8,89.583244, 89.583755, 119.125107, 64.227531,12.678259, 226.801331, 0.999994
5, 913,9,39.448799, 39.440060, 119.125107, 64.227531,12.678259, 226.801331, 1.000222
5, 913,10,184.548248, 184.553940, 119.125107, 64.227531,12.678259, 226.801331, 0.999969
5, 913,11,22.733643, 22.727819, 119.125107, 64.227531,12.678259, 226.801331, 1.000256
5, 913,12,172.545822, 172.537888, 119.125107, 64.227531,12.678259, 226.801331, 1.000046
5, 913,13,75.725967, 75.718529, 119.125107, 64.227531,12.678259, 226.801331, 1.000098
5, 913,14,13.809216, 13.809972, 119.125107, 64.227531,12.678259, 226.801331, 0.999945
5, 913,15,169.083344, 169.097733, 119.125107, 64.227531,12.678259, 226.801331, 0.999915
5, 913,16,199.055206, 199.061142, 119.125107, 64.227531,12.678259, 226.801331, 0.999970
5, 913,17,37.743553, 37.744411, 119.125107, 64.227531,12.678259, 226.801331, 0.999977
5, 913,18,32.019333, 32.029457, 119.125107, 64.227531,12.678259, 226.801331, 0.999684
5, 913,19,85.862617, 85.864502, 119.125107, 64.227531,12.678259, 226.801331, 0.999978
5, 913,20,109.799606, 109.798943, 119.125107, 64.227531,12.678259, 226.801331, 1.000006
5, 913,21,81.323875, 81.314865, 119.125107, 64.227531,12.678259, 226.801331, 1.000111
5, 913,22,181.401245, 181.399902, 119.125107, 64.227531,12.678259, 226.801331, 1.000007
5, 913,23,203.783493, 203.785233, 119.125107, 64.227531,12.678259, 226.801331, 0.999991
5, 913,24,12.678259, 12.679541, 119.125107, 64.227531,12.678259, 226.801331, 0.999899
5, 913,25,140.894928, 140.899750, 119.125107, 64.227531,12.678259, 226.801331, 0.999966
5, 913,26,226.801331, 226.805557, 119.125107, 64.227531,12.678259, 226.801331, 0.999981
5, 913,27,122.559776, 122.554672, 119.125107, 64.227531,12.678259, 226.801331, 1.000042
5, 913,28,195.428085, 195.432587, 119.125107, 64.227531,12.678259, 226.801331, 0.999977
5, 913,29,149.257004, 149.238434, 119.125107, 64.227531,12.678259, 226.801331, 1.000124
5, 913,30,154.429810, 154.430038, 119.125107, 64.227531,12.678259, 226.801331, 0.999999
5, 913,31,187.425735, 187.428864, 119.125107, 64.227531,12.678259, 226.801331, 0.999983
5, 914,0,173.943619, 173.936646, 119.126671, 52.933823,12.169140, 200.752411, 1.000040
5, 914,1,95.300079, 95.305489, 119.126671, 52.933823,12.169140, 200.752411, 0.999943
5, 914,2,92.839951, 92.830116, 119.126671, 52.933823,12.169140, 200.752411, 1.000106
5, 914,3,105.292786, 105.286415, 119.126671, 52.933823,12.169140, 200.752411, 1.000061
5, 914,4,80.139282, 80.141563, 119.126671, 52.933823,12.169140, 200.752411, 0.999972
5, 914,5,137.196747, 137.191162, 119.126671, 52.933823,12.169140, 200.752411, 1.000041
5, 914,6,66.427284, 66.432297, 119.126671, 52.933823,12.169140, 200.752411, 0.999925
5, 914,7,142.137222, 142.135803, 119.126671, 52.933823,12.169140, 200.752411, 1.000010
5, 914,8,131.426086, 131.415314, 119.126671, 52.933823,12.169140, 200.752411, 1.000082
5, 914,9,194.555679, 194.546387, 119.126671, 52.933823,12.169140, 200.752411, 1.000048
5, 914,10,175.040482, 175.049026, 119.126671, 52.933823,12.169140, 200.752411, 0.999951
5, 914,11,37.102779, 37.088478, 119.126671, 52.933823,12.169140, 200.752411, 1.000386
5, 914,12,200.752411, 200.762314, 119.126671, 52.933823,12.169140, 200.752411, 0.999951
5, 914,13,74.971825, 74.970787, 119.126671, 52.933823,12.169140, 200.752411, 1.000014
5, 914,14,12.169140, 12.163655, 119.126671, 52.933823,12.169140, 200.752411, 1.000451
5, 914,15,55.360653, 55.338978, 119.126671, 52.933823,12.169140, 200.752411, 1.000392
5, 914,16,52.414257, 52.423542, 119.126671, 52.933823,12.169140, 200.752411, 0.999823
5, 914,17,107.979591, 107.987930, 119.126671, 52.933823,12.169140, 200.752411, 0.999923
5, 914,18,22.961807, 22.951374, 119.126671, 52.933823,12.169140, 200.752411, 1.000455
5, 914,19,67.796196, 67.807503, 119.126671, 52.933823,12.169140, 200.752411, 0.999833
5, 914,20,159.411682, 159.426697, 119.126671, 52.933823,12.169140, 200.752411, 0.999906
5, 914,21,119.298714, 119.295166, 119.126671, 52.933823,12.169140, 200.752411, 1.000030
5, 914,22,100.246422, 100.231773, 119.126671, 52.933823,12.169140, 200.752411, 1.000146
5, 914,23,183.348206, 183.349152, 119.126671, 52.933823,12.169140, 200.752411, 0.999995
5, 914,24,132.289230, 132.295441, 119.126671, 52.933823,12.169140, 200.752411, 0.999953
5, 914,25,164.154709, 164.163528, 119.126671, 52.933823,12.169140, 200.752411, 0.999946
5, 914,26,113.143471, 113.134254, 119.126671, 52.933823,12.169140, 200.752411, 1.000081
5, 914,27,189.137970, 189.149460, 119.126671, 52.933823,12.169140, 200.752411, 0.999939
5, 914,28,122.594917, 122.589546, 119.126671, 52.933823,12.169140, 200.752411, 1.000044
5, 914,29,147.125244, 147.110977, 119.126671, 52.933823,12.169140, 200.752411, 1.000097
5, 914,30,171.748474, 171.754654, 119.126671, 52.933823,12.169140, 200.752411, 0.999964
5, 914,31,183.746185, 183.734207, 119.126671, 52.933823,12.169140, 200.752411, 1.000065
5, 915,0,50.546394, 50.542530, 119.121735, 59.962875,16.469780, 203.945602, 1.000076
5, 915,1,162.485107, 162.487320, 119.121735, 59.962875,16.469780, 203.945602, 0.999986
5, 915,2,133.903275, 133.893250, 119.121735, 59.962875,16.469780, 203.945602, 1.000075
5, 915,3,81.031372, 81.033859, 119.121735, 59.962875,16.469780, 203.945602, 0.999969
5, 915,4,16.469780, 16.489998, 119.121735, 59.962875,16.469780, 203.945602, 0.998774
5, 915,5,80.479111, 80.487396, 119.121735, 59.962875,16.469780, 203.945602, 0.999897
5, 915,6,159.371475, 159.380463, 119.121735, 59.962875,16.469780, 203.945602, 0.999944
5, 915,7,168.172150, 168.185257, 119.121735, 59.962875,16.469780, 203.945602, 0.999922
5, 915,8,154.220291, 154.229004, 119.121735, 59.962875,16.469780, 203.945602, 0.999943
5, 915,9,24.650076, 24.662361, 119.121735, 59.962875,16.469780, 203.945602, 0.999502
5, 915,10,22.168859, 22.181793, 119.121735, 59.962875,16.469780, 203.945602, 0.999417
5, 915,11,197.454407, 197.466995, 119.121735, 59.962875,16.469780, 203.945602, 0.999936
5, 915,12,72.572701, 72.566772, 119.121735, 59.962875,16.469780, 203.945602, 1.000082
5, 915,13,51.875973, 51.862637, 119.121735, 59.962875,16.469780, 203.945602, 1.000257
5, 915,14,185.648468, 185.659744, 119.121735, 59.962875,16.469780, 203.945602, 0.999939
5, 915,15,196.682785, 196.687210, 119.121735, 59.962875,16.469780, 203.945602, 0.999978
5, 915,16,162.475586, 162.481186, 119.121735, 59.962875,16.469780, 203.945602, 0.999966
5, 915,17,80.912292, 80.911057, 119.121735, 59.962875,16.469780, 203.945602, 1.000015
5, 915,18,133.056351, 133.058228, 119.121735, 59.962875,16.469780, 203.945602, 0.999986
5, 915,19,73.600098, 73.616714, 119.121735, 59.962875,16.469780, 203.945602, 0.999774
5, 915,20,95.231377, 95.229576, 119.121735, 59.962875,16.469780, 203.945602, 1.000019
5, 915,21,198.243561, 198.240646, 119.121735, 59.962875,16.469780, 203.945602, 1.000015
5, 915,22,191.889801, 191.873428, 119.121735, 59.962875,16.469780, 203.945602, 1.000085
5, 915,23,203.945602, 203.944717, 119.121735, 59.962875,16.469780, 203.945602, 1.000004
5, 915,24,202.064911, 202.078140, 119.121735, 59.962875,16.469780, 203.945602, 0.999935
5, 915,25,165.442688, 165.446808, 119.121735, 59.962875,16.469780, 203.945602, 0.999975
5, 915,26,119.012581, 118.997574, 119.121735, 59.962875,16.469780, 203.945602, 1.000126
5, 915,27,67.500336, 67.495117, 119.121735, 59.962875,16.469780, 203.945602, 1.000077
5, 915,28,58.060200, 58.076328, 119.121735, 59.962875,16.469780, 203.945602, 0.999722
5, 915,29,71.517799, 71.522964, 119.121735, 59.962875,16.469780, 203.945602, 0.999928
5, 915,30,86.506760, 86.498466, 119.121735, 59.962875,16.469780, 203.945602, 1.000096
5, 915,31,144.703125, 144.711975, 119.121735, 59.962875,16.469780, 203.945602, 0.999939
5, 916,0,180.051849, 180.058838, 119.125404, 69.555634,12.817620, 224.848999, 0.999961
5, 916,1,166.630768, 166.634232, 119.125404, 69.555634,12.817620, 224.848999, 0.999979
5, 916,2,168.508133, 168.498764, 119.125404, 69.555634,12.817620, 224.848999, 1.000056
5, 916,3,126.435341, 126.443275, 119.125404, 69.555634,12.817620, 224.848999, 0.999937
5, 916,4,25.088390, 25.088871, 119.125404, 69.555634,12.817620, 224.848999, 0.999981
5, 916,5,98.974495, 98.979462, 119.125404, 69.555634,12.817620, 224.848999, 0.999950
5, 916,6,24.975914, 24.971474, 119.125404, 69.555634,12.817620, 224.848999, 1.000178
5, 916,7,187.998718, 188.007263, 119.125404, 69.555634,12.817620, 224.848999, 0.999955
5, 916,8,194.847931, 194.843857, 119.125404, 69.555634,12.817620, 224.848999, 1.000021
5, 916,9,105.527214, 105.526024, 119.125404, 69.555634,12.817620, 224.848999, 1.000011
5, 916,10,56.484066, 56.482014, 119.125404, 69.555634,12.817620, 224.848999, 1.000036
5, 916,11,122.494980, 122.500137, 119.125404, 69.555634,12.817620, 224.848999, 0.999958
5, 916,12,209.194397, 209.200729, 119.125404, 69.555634,12.817620, 224.848999, 0.999970
5, 916,13,215.118271, 215.105072, 119.125404, 69.555634,12.817620, 224.848999, 1.000061
5, 916,14,224.848999, 224.848969, 119.125404, 69.555634,12.817620, 224.848999, 1.000000
5, 916,15,12.817620, 12.824415, 119.125404, 69.555634,12.817620, 224.848999, 0.999470
5, 916,16,27.774410, 27.768269, 119.125404, 69.555634,12.817620, 224.848999, 1.000221
5, 916,17,37.240494, 37.229027, 119.125404, 69.555634,12.817620, 224.848999, 1.000308
5, 916,18,181.732544, 181.743820, 119.125404, 69.555634,12.817620, 224.848999, 0.999938
5, 916,19,145.620590, 145.606491, 119.125404, 69.555634,12.817620, 224.848999, 1.000097
5, 916,20,47.259453, 47.249142, 119.125404, 69.555634,12.817620, 224.848999, 1.000218
5, 916,21,155.930557, 155.930450, 119.125404, 69.555634,12.817620, 224.848999, 1.000001
5, 916,22,206.842697, 206.845886, 119.125404, 69.555634,12.817620, 224.848999, 0.999985
5, 916,23,35.517033, 35.516418, 119.125404, 69.555634,12.817620, 224.848999, 1.000017
5, 916,24,96.881104, 96.887039, 119.125404, 69.555634,12.817620, 224.848999, 0.999939
5, 916,25,193.486969, 193.490341, 119.125404, 69.555634,12.817620, 224.848999, 0.999983
5, 916,26,143.382553, 143.375961, 119.125404, 69.555634,12.817620, 224.848999, 1.000046
5, 916,27,62.873920, 62.869751, 119.125404, 69.555634,12.817620, 224.848999, 1.000066
5, 916,28,97.895081, 97.895264, 119.125404, 69.555634,12.817620, 224.848999, 0.999998
5, 916,29,28.364788, 28.362156, 119.125404, 69.555634,12.817620, 224.848999, 1.000093
5, 916,30,185.011841, 185.017105, 119.125404, 69.555634,12.817620, 224.848999, 0.999972
5, 916,31,46.201393, 46.199482, 119.125404, 69.555634,12.817620, 224.848999, 1.000041
5, 917,0,170.736954, 170.726044, 119.124352, 60.225403,13.570613, 211.308487, 1.000064
5, 917,1,118.221466, 118.239609, 119.124352, 60.225403,13.570613, 211.308487, 0.999847
5, 917,2,13.570613, 13.572800, 119.124352, 60.225403,13.570613, 211.308487, 0.999839
5, 917,3,42.905384, 42.904743, 119.124352, 60.225403,13.570613, 211.308487, 1.000015
5, 917,4,30.934299, 30.918371, 119.124352, 60.225403,13.570613, 211.308487, 1.000515
5, 917,5,23.822823, 23.835232, 119.124352, 60.225403,13.570613, 211.308487, 0.999479
5, 917,6,130.961761, 130.950531, 119.124352, 60.225403,13.570613, 211.308487, 1.000086
5, 917,7,193.516312, 193.518250, 119.124352, 60.225403,13.570613, 211.308487, 0.999990
5, 917,8,101.989998, 101.993355, 119.124352, 60.225403,13.570613, 211.308487, 0.999967
5, 917,9,130.671463, 130.681946, 119.124352, 60.225403,13.570613, 211.308487, 0.999920
5, 917,10,142.561356, 142.549652, 119.124352, 60.225403,13.570613, 211.308487, 1.000082
5, 917,11,197.230972, 197.222229, 119.124352, 60.225403,13.570613, 211.308487, 1.000044
5, 917,12,145.241013, 145.241730, 119.124352, 60.225403,13.570613, 211.308487, 0.999995
5, 917,13,146.863220, 146.871979, 119.124352, 60.225403,13.570613, 211.308487, 0.999940
5, 917,14,161.896240, 161.893982, 119.124352, 60.225403,13.570613, 211.308487, 1.000014
5, 917,15,55.755859, 55.753082, 119.124352, 60.225403,13.570613, 211.308487, 1.000050
5, 917,16,49.614296, 49.619354, 119.124352, 60.225403,13.570613, 211.308487, 0.999898
5, 917,17,211.308487, 211.313553, 119.124352, 60.225403,13.570613, 211.308487, 0.999976
5, 917,18,47.802750, 47.795479, 119.124352, 60.225403,13.570613, 211.308487, 1.000152
5, 917,19,82.461983, 82.449142, 119.124352, 60.225403,13.570613, 211.308487, 1.000156
5, 917,20,126.827888, 126.840561, 119.124352, 60.225403,13.570613, 211.308487, 0.999900
5, 917,21,34.198750, 34.191353, 119.124352, 60.225403,13.570613, 211.308487, 1.000216
5, 917,22,64.148712, 64.160400, 119.124352, 60.225403,13.570613, 211.308487, 0.999818
5, 917,23,176.447266, 176.435013, 119.124352, 60.225403,13.570613, 211.308487, 1.000069
5, 917,24,141.969620, 141.968750, 119.124352, 60.225403,13.570613, 211.308487, 1.000006
5, 917,25,193.287155, 193.287155, 119.124352, 60.225403,13.570613, 211.308487, 1.000000
5, 917,26,189.070587, 189.077240, 119.124352, 60.225403,13.570613, 211.308487, 0.999965
5, 917,27,78.989990, 78.982529, 119.124352, 60.225403,13.570613, 211.308487, 1.000094
5, 917,28,104.943657, 104.960281, 119.124352, 60.225403,13.570613, 211.308487, 0.999842
5, 917,29,194.310364, 194.324020, 119.124352, 60.225403,13.570613, 211.308487, 0.999930
5, 917,30,126.194733, 126.190971, 119.124352, 60.225403,13.570613, 211.308487, 1.000030
5, 917,31,183.523361, 183.530655, 119.124352, 60.225403,13.570613, 211.308487, 0.999960
5, 918,0,15.061062, 15.073843, 119.123360, 62.875103,15.039241, 203.354645, 0.999152
5, 918,1,79.105507, 79.112991, 119.123360, 62.875103,15.039241, 203.354645, 0.999905
5, 918,2,123.379311, 123.388306, 119.123360, 62.875103,15.039241, 203.354645, 0.999927
5, 918,3,113.574554, 113.578888, 119.123360, 62.875103,15.039241, 203.354645, 0.999962
5, 918,4,147.296875, 147.307861, 119.123360, 62.875103,15.039241, 203.354645, 0.999925
5, 918,5,199.765869, 199.755707, 119.123360, 62.875103,15.039241, 203.354645, 1.000051
5, 918,6,170.576874, 170.562973, 119.123360, 62.875103,15.039241, 203.354645, 1.000082
5, 918,7,184.784210, 184.781815, 119.123360, 62.875103,15.039241, 203.354645, 1.000013
5, 918,8,121.654518, 121.660789, 119.123360, 62.875103,15.039241, 203.354645, 0.999948
5, 918,9,203.354645, 203.361740, 119.123360, 62.875103,15.039241, 203.354645, 0.999965
5, 918,10,95.558456, 95.566750, 119.123360, 62.875103,15.039241, 203.354645, 0.999913
5, 918,11,69.162010, 69.176712, 119.123360, 62.875103,15.039241, 203.354645, 0.999787
5, 918,12,120.615639, 120.597702, 119.123360, 62.875103,15.039241, 203.354645, 1.000149
5, 918,13,15.039241, 15.055722, 119.123360, 62.875103,15.039241, 203.354645, 0.998905
5, 918,14,190.020035, 190.030823, 119.123360, 62.875103,15.039241, 203.354645, 0.999943
5, 918,15,175.421173, 175.419373, 119.123360, 62.875103,15.039241, 203.354645, 1.000010
5, 918,16,114.709145, 114.708420, 119.123360, 62.875103,15.039241, 203.354645, 1.000006
5, 918,17,190.922699, 190.930832, 119.123360, 62.875103,15.039241, 203.354645, 0.999957
5, 918,18,54.120434, 54.118275, 119.123360, 62.875103,15.039241, 203.354645, 1.000040
5, 918,19,173.796417, 173.806625, 119.123360, 62.875103,15.039241, 203.354645, 0.999941
5, 918,20,39.776539, 39.778625, 119.123360, 62.875103,15.039241, 203.354645, 0.999948
5, 918,21,26.089823, 26.085291, 119.123360, 62.875103,15.039241, 203.354645, 1.000174
5, 918,22,41.785660, 41.790047, 119.123360, 62.875103,15.039241, 203.354645, 0.999895
5, 918,23,29.336447, 29.322886, 119.123360, 62.875103,15.039241, 203.354645, 1.000463
5, 918,24,186.111282, 186.104645, 119.123360, 62.875103,15.039241, 203.354645, 1.000036
5, 918,25,172.056351, 172.048889, 119.123360, 62.875103,15.039241, 203.354645, 1.000043
5, 918,26,63.765495, 63.764618, 119.123360, 62.875103,15.039241, 203.354645, 1.000014
5, 918,27,54.737995, 54.740425, 119.123360, 62.875103,15.039241, 203.354645, 0.999956
5, 918,28,173.327393, 173.323380, 119.123360, 62.875103,15.039241, 203.354645, 1.000023
5, 918,29,195.118652, 195.104675, 119.123360, 62.875103,15.039241, 203.354645, 1.000072
5, 918,30,108.855553, 108.867462, 119.123360, 62.875103,15.039241, 203.354645, 0.999891
5, 918,31,163.068130, 163.073013, 119.123360, 62.875103,15.039241, 203.354645, 0.999970
5, 919,0,136.768845, 136.777008, 119.123909, 56.010391,13.320149, 206.582642, 0.999940
5, 919,1,13.320149, 13.317625, 119.123909, 56.010391,13.320149, 206.582642, 1.000190
5, 919,2,16.117626, 16.127319, 119.123909, 56.010391,13.320149, 206.582642, 0.999399
5, 919,3,192.264557, 192.270081, 119.123909, 56.010391,13.320149, 206.582642, 0.999971
5, 919,4,73.733635, 73.716415, 119.123909, 56.010391,13.320149, 206.582642, 1.000234
5, 919,5,206.582642, 206.569321, 119.123909, 56.010391,13.320149, 206.582642, 1.000064
5, 919,6,89.551483, 89.552292, 119.123909, 56.010391,13.320149, 206.582642, 0.999991
5, 919,7,19.262289, 19.264919, 119.123909, 56.010391,13.320149, 206.582642, 0.999863
5, 919,8,118.847496, 118.838699, 119.123909, 56.010391,13.320149, 206.582642, 1.000074
5, 919,9,171.578568, 171.579926, 119.123909, 56.010391,13.320149, 206.582642, 0.999992
5, 919,10,64.971931, 64.965851, 119.123909, 56.010391,13.320149, 206.582642, 1.000094
5, 919,11,177.644058, 177.623657, 119.123909, 56.010391,13.320149, 206.582642, 1.000115
5, 919,12,91.555099, 91.571144, 119.123909, 56.010391,13.320149, 206.582642, 0.999825
5, 919,13,176.144073, 176.144882, 119.123909, 56.010391,13.320149, 206.582642, 0.999995
5, 919,14,66.135338, 66.136017, 119.123909, 56.010391,13.320149, 206.582642, 0.999990
5, 919,15,147.997757, 147.996506, 119.123909, 56.010391,13.320149, 206.582642, 1.000008
5, 919,16,203.225677, 203.232391, 119.123909, 56.010391,13.320149, 206.582642, 0.999967
5, 919,17,150.133240, 150.137527, 119.123909, 56.010391,13.320149, 206.582642, 0.999971
5, 919,18,192.079559, 192.077194, 119.123909, 56.010391,13.320149, 206.582642, 1.000012
5, 919,19,72.925140, 72.932014, 119.123909, 56.010391,13.320149, 206.582642, 0.999906
5, 919,20,76.918434, 76.918304, 119.123909, 56.010391,13.320149, 206.582642, 1.000002
5, 919,21,124.022072, 124.027298, 119.123909, 56.010391,13.320149, 206.582642, 0.999958
5, 919,22,175.734207, 175.733398, 119.123909, 56.010391,13.320149, 206.582642, 1.000005
5, 919,23,121.622917, 121.635529, 119.123909, 56.010391,13.320149, 206.582642, 0.999896
5, 919,24,152.772507, 152.773621, 119.123909, 56.010391,13.320149, 206.582642, 0.999993
5, 919,25,42.454678, 42.449718, 119.123909, 56.010391,13.320149, 206.582642, 1.000117
5, 919,26,75.111595, 75.111610, 119.123909, 56.010391,13.320149, 206.582642, 1.000000
5, 919,27,128.394257, 128.418671, 119.123909, 56.010391,13.320149, 206.582642, 0.999810
5, 919,28,165.480652, 165.471893, 119.123909, 56.010391,13.320149, 206.582642, 1.000053
5, 919,29,144.299255, 144.299530, 119.123909, 56.010391,13.320149, 206.582642, 0.999998
5, 919,30,107.268593, 107.272003, 119.123909, 56.010391,13.320149, 206.582642, 0.999968
5, 919,31,117.047165, 117.057716, 119.123909, 56.010391,13.320149, 206.582642, 0.999910
5, 920,0,22.917265, 22.919310, 119.124687, 80.049767,14.856866, 266.507782, 0.999911
5, 920,1,55.411510, 55.398468, 119.124687, 80.049767,14.856866, 266.507782, 1.000235
5, 920,2,195.638824, 195.637695, 119.124687, 80.049767,14.856866, 266.507782, 1.000006
5, 920,3,136.579193, 136.572250, 119.124687, 80.049767,14.856866, 266.507782, 1.000051
5, 920,4,87.916161, 87.909782, 119.124687, 80.049767,14.856866, 266.507782, 1.000073
5, 920,5,46.409332, 46.410423, 119.124687, 80.049767,14.856866, 266.507782, 0.999977
5, 920,6,35.563206, 35.557240, 119.124687, 80.049767,14.856866, 266.507782, 1.000168
5, 920,7,64.985687, 64.997513, 119.124687, 80.049767,14.856866, 266.507782, 0.999818
5, 920,8,28.130049, 28.128838, 119.124687, 80.049767,14.856866, 266.507782, 1.000043
5, 920,9,253.347702, 253.336441, 119.124687, 80.049767,14.856866, 266.507782, 1.000044
5, 920,10,139.383759, 139.369949, 119.124687, 80.049767,14.856866, 266.507782, 1.000099
5, 920,11,163.234924, 163.238922, 119.124687, 80.049767,14.856866, 266.507782, 0.999976
5, 920,12,237.824585, 237.836487, 119.124687, 80.049767,14.856866, 266.507782, 0.999950
5, 920,13,23.401686, 23.417751, 119.124687, 80.049767,14.856866, 266.507782, 0.999314
5, 920,14,216.451263, 216.459717, 119.124687, 80.049767,14.856866, 266.507782, 0.999961
5, 920,15,14.856866, 14.863834, 119.124687, 80.049767,14.856866, 266.507782, 0.999531
5, 920,16,167.133057, 167.138031, 119.124687, 80.049767,14.856866, 266.507782, 0.999970
5, 920,17,213.112167, 213.123383, 119.124687, 80.049767,14.856866, 266.507782, 0.999947
5, 920,18,208.986664, 208.975052, 119.124687, 80.049767,14.856866, 266.507782, 1.000056
5, 920,19,30.309168, 30.315554, 119.124687, 80.049767,14.856866, 266.507782, 0.999789
5, 920,20,113.540337, 113.531334, 119.124687, 80.049767,14.856866, 266.507782, 1.000079
5, 920,21,217.159439, 217.167206, 119.124687, 80.049767,14.856866, 266.507782, 0.999964
5, 920,22,149.016006, 149.017227, 119.124687, 80.049767,14.856866, 266.507782, 0.999992
5, 920,23,63.964329, 63.968468, 119.124687, 80.049767,14.856866, 266.507782, 0.999935
5, 920,24,266.507782, 266.504974, 119.124687, 80.049767,14.856866, 266.507782, 1.000010
5, 920,25,77.465416, 77.474648, 119.124687, 80.049767,14.856866, 266.507782, 0.999881
5, 920,26,55.571163, 55.567295, 119.124687, 80.049767,14.856866, 266.507782, 1.000070
5, 920,27,19.946327, 19.936693, 119.124687, 80.049767,14.856866, 266.507782, 1.000483
5, 920,28,108.621536, 108.627304, 119.124687, 80.049767,14.856866, 266.507782, 0.999947
5, 920,29,205.194977, 205.188492, 119.124687, 80.049767,14.856866, 266.507782, 1.000032
5, 920,30,142.598328, 142.601807, 119.124687, 80.049767,14.856866, 266.507782, 0.999976
5, 920,31,50.811386, 50.807976, 119.124687, 80.049767,14.856866, 266.507782, 1.000067
5, 921,0,77.112289, 77.111038, 119.125786, 60.174564,10.718488, 215.690063, 1.000016
5, 921,1,62.975208, 62.971939, 119.125786, 60.174564,10.718488, 215.690063, 1.000052
5, 921,2,134.737503, 134.734161, 119.125786, 60.174564,10.718488, 215.690063, 1.000025
5, 921,3,160.831573, 160.832535, 119.125786, 60.174564,10.718488, 215.690063, 0.999994
5, 921,4,215.690063, 215.686142, 119.125786, 60.174564,10.718488, 215.690063, 1.000018
5, 921,5,10.718488, 10.715569, 119.125786, 60.174564,10.718488, 215.690063, 1.000272
5, 921,6,212.474487, 212.466080, 119.125786, 60.174564,10.718488, 215.690063, 1.000040
5, 921,7,170.230743, 170.234314, 119.125786, 60.174564,10.718488, 215.690063, 0.999979
5, 921,8,94.448761, 94.443687, 119.125786, 60.174564,10.718488, 215.690063, 1.000054
5, 921,9,51.823608, 51.827621, 119.125786, 60.174564,10.718488, 215.690063, 0.999923
5, 921,10,39.689056, 39.689461, 119.125786, 60.174564,10.718488, 215.690063, 0.999990
5, 921,11,197.888062, 197.889709, 119.125786, 60.174564,10.718488, 215.690063, 0.999992
5, 921,12,143.986084, 143.990173, 119.125786, 60.174564,10.718488, 215.690063, 0.999972
5, 921,13,50.556366, 50.562126, 119.125786, 60.174564,10.718488, 215.690063, 0.999886
5, 921,14,137.795212, 137.788574, 119.125786, 60.174564,10.718488, 215.690063, 1.000048
5, 921,15,182.510590, 182.504990, 119.125786, 60.174564,10.718488, 215.690063, 1.000031
5, 921,16,55.997303, 55.988518, 119.125786, 60.174564,10.718488, 215.690063, 1.000157
5, 921,17,128.880920, 128.877106, 119.125786, 60.174564,10.718488, 215.690063, 1.000030
5, 921,18,53.231670, 53.238884, 119.125786, 60.174564,10.718488, 215.690063, 0.999865
5, 921,19,119.394981, 119.395828, 119.125786, 60.174564,10.718488, 215.690063, 0.999993
5, 921,20,140.988312, 141.002014, 119.125786, 60.174564,10.718488, 215.690063, 0.999903
5, 921,21,93.899910, 93.893768, 119.125786, 60.174564,10.718488, 215.690063, 1.000065
5, 921,22,210.841675, 210.842819, 119.125786, 60.174564,10.718488, 215.690063, 0.999995
5, 921,23,172.579178, 172.579788, 119.125786, 60.174564,10.718488, 215.690063, 0.999996
5, 921,24,42.378418, 42.372841, 119.125786, 60.174564,10.718488, 215.690063, 1.000132
5, 921,25,66.674713, 66.675659, 119.125786, 60.174564,10.718488, 215.690063, 0.999986
5, 921,26,163.150070, 163.151505, 119.125786, 60.174564,10.718488, 215.690063, 0.999991
5, 921,27,91.821754, 91.826569, 119.125786, 60.174564,10.718488, 215.690063, 0.999948
5, 921,28,186.495819, 186.486984, 119.125786, 60.174564,10.718488, 215.690063, 1.000047
5, 921,29,66.566597, 66.569656, 119.125786, 60.174564,10.718488, 215.690063, 0.999954
5, 921,30,190.158325, 190.157593, 119.125786, 60.174564,10.718488, 215.690063, 1.000004
5, 921,31,85.496788, 85.492462, 119.125786, 60.174564,10.718488, 215.690063, 1.000051
5, 922,0,186.300293, 186.298935, 119.124489, 79.041237,10.866141, 247.048843, 1.000007
5, 922,1,115.540001, 115.547920, 119.124489, 79.041237,10.866141, 247.048843, 0.999931
5, 922,2,75.144859, 75.134567, 119.124489, 79.041237,10.866141, 247.048843, 1.000137
5, 922,3,218.812546, 218.818314, 119.124489, 79.041237,10.866141, 247.048843, 0.999974
5, 922,4,115.606995, 115.606888, 119.124489, 79.041237,10.866141, 247.048843, 1.000001
5, 922,5,67.576904, 67.579636, 119.124489, 79.041237,10.866141, 247.048843, 0.999960
5, 922,6,10.866141, 10.877110, 119.124489, 79.041237,10.866141, 247.048843, 0.998992
5, 922,7,136.460754, 136.458496, 119.124489, 79.041237,10.866141, 247.048843, 1.000017
5, 922,8,22.438461, 22.441683, 119.124489, 79.041237,10.866141, 247.048843, 0.999856
5, 922,9,34.229179, 34.234745, 119.124489, 79.041237,10.866141, 247.048843, 0.999837
5, 922,10,219.651108, 219.658554, 119.124489, 79.041237,10.866141, 247.048843, 0.999966
5, 922,11,224.068420, 224.066223, 119.124489, 79.041237,10.866141, 247.048843, 1.000010
5, 922,12,52.379242, 52.388691, 119.124489, 79.041237,10.866141, 247.048843, 0.999820
5, 922,13,215.710709, 215.715256, 119.124489, 79.041237,10.866141, 247.048843, 0.999979
5, 922,14,242.961273, 242.949875, 119.124489, 79.041237,10.866141, 247.048843, 1.000047
5, 922,15,102.475990, 102.479736, 119.124489, 79.041237,10.866141, 247.048843, 0.999963
5, 922,16,206.656921, 206.641968, 119.124489, 79.041237,10.866141, 247.048843, 1.000072
5, 922,17,32.088680, 32.097252, 119.124489, 79.041237,10.866141, 247.048843, 0.999733
5, 922,18,47.438076, 47.435604, 119.124489, 79.041237,10.866141, 247.048843, 1.000052
5, 922,19,239.764862, 239.765732, 119.124489, 79.041237,10.866141, 247.048843, 0.999996
5, 922,20,29.749889, 29.760754, 119.124489, 79.041237,10.866141, 247.048843, 0.999635
5, 922,21,56.376945, 56.376225, 119.124489, 79.041237,10.866141, 247.048843, 1.000013
5, 922,22,173.344711, 173.333939, 119.124489, 79.041237,10.866141, 247.048843, 1.000062
5, 922,23,87.113457, 87.111893, 119.124489, 79.041237,10.866141, 247.048843, 1.000018
5, 922,24,247.048843, 247.055344, 119.124489, 79.041237,10.866141, 247.048843, 0.999974
5, 922,25,30.782936, 30.770533, 119.124489, 79.041237,10.866141, 247.048843, 1.000403
5, 922,26,107.754501, 107.749756, 119.124489, 79.041237,10.866141, 247.048843, 1.000044
5, 922,27,90.845032, 90.841454, 119.124489, 79.041237,10.866141, 247.048843, 1.000039
5, 922,28,19.186840, 19.191219, 119.124489, 79.041237,10.866141, 247.048843, 0.999772
5, 922,29,128.941330, 128.940414, 119.124489, 79.041237,10.866141, 247.048843, 1.000007
5, 922,30,203.855286, 203.848495, 119.124489, 79.041237,10.866141, 247.048843, 1.000033
5, 922,31,70.812386, 70.822723, 119.124489, 79.041237,10.866141, 247.048843, 0.999854
5, 923,0,22.212770, 22.202328, 119.124428, 60.536106,12.121634, 193.847855, 1.000470
5, 923,1,147.426025, 147.426590, 119.124428, 60.536106,12.121634, 193.847855, 0.999996
5, 923,2,24.428242, 24.421452, 119.124428, 60.536106,12.121634, 193.847855, 1.000278
5, 923,3,80.299049, 80.302429, 119.124428, 60.536106,12.121634, 193.847855, 0.999958
5, 923,4,168.362045, 168.363510, 119.124428, 60.536106,12.121634, 193.847855, 0.999991
5, 923,5,165.298248, 165.298752, 119.124428, 60.536106,12.121634, 193.847855, 0.999997
5, 923,6,118.956299, 118.958275, 119.124428, 60.536106,12.121634, 193.847855, 0.999983
5, 923,7,193.847855, 193.846512, 119.124428, 60.536106,12.121634, 193.847855, 1.000007
5, 923,8,16.908215, 16.918436, 119.124428, 60.536106,12.121634, 193.847855, 0.999396
5, 923,9,187.543137, 187.546707, 119.124428, 60.536106,12.121634, 193.847855, 0.999981
5, 923,10,12.121634, 12.128313, 119.124428, 60.536106,12.121634, 193.847855, 0.999449
5, 923,11,180.196198, 180.191269, 119.124428, 60.536106,12.121634, 193.847855, 1.000027
5, 923,12,191.815704, 191.820374, 119.124428, 60.536106,12.121634, 193.847855, 0.999976
5, 923,13,192.726578, 192.717087, 119.124428, 60.536106,12.121634, 193.847855, 1.000049
5, 923,14,75.318008, 75.307999, 119.124428, 60.536106,12.121634, 193.847855, 1.000133
5, 923,15,142.851349, 142.863495, 119.124428, 60.536106,12.121634, 193.847855, 0.999915
5, 923,16,170.081192, 170.083206, 119.124428, 60.536106,12.121634, 193.847855, 0.999988
5, 923,17,62.282261, 62.282719, 119.124428, 60.536106,12.121634, 193.847855, 0.999993
5, 923,18,54.308815, 54.319992, 119.124428, 60.536106,12.121634, 193.847855, 0.999794
5, 923,19,163.056366, 163.062592, 119.124428, 60.536106,12.121634, 193.847855, 0.999962
5, 923,20,171.339417, 171.348831, 119.124428, 60.536106,12.121634, 193.847855, 0.999945
5, 923,21,72.374115, 72.368080, 119.124428, 60.536106,12.121634, 193.847855, 1.000083
5, 923,22,128.109009, 128.101501, 119.124428, 60.536106,12.121634, 193.847855, 1.000059
5, 923,23,122.492249, 122.488441, 119.124428, 60.536106,12.121634, 193.847855, 1.000031
5, 923,24,131.760574, 131.762207, 119.124428, 60.536106,12.121634, 193.847855, 0.999988
5, 923,25,89.875793, 89.871330, 119.124428, 60.536106,12.121634, 193.847855, 1.000050
5, 923,26,89.115250, 89.110817, 119.124428, 60.536106,12.121634, 193.847855, 1.000050
5, 923,27,139.717163, 139.724930, 119.124428, 60.536106,12.121634, 193.847855, 0.999944
5, 923,28,184.954208, 184.953003, 119.124428, 60.536106,12.121634, 193.847855, 1.000007
5, 923,29,12.617174, 12.616406, 119.124428, 60.536106,12.121634, 193.847855, 1.000061
5, 923,30,184.740936, 184.737335, 119.124428, 60.536106,12.121634, 193.847855, 1.000020
5, 923,31,114.846260, 114.854889, 119.124428, 60.536106,12.121634, 193.847855, 0.999925
5, 924,0,105.434456, 105.433319, 119.123489, 56.313900,23.170362, 198.577988, 1.000011
5, 924,1,193.944687, 193.954819, 119.123489, 56.313900,23.170362, 198.577988, 0.999948
5, 924,2,198.577988, 198.581039, 119.123489, 56.313900,23.170362, 198.577988, 0.999985
5, 924,3,141.009262, 141.000824, 119.123489, 56.313900,23.170362, 198.577988, 1.000060
5, 924,4,46.569695, 46.581959, 119.123489, 56.313900,23.170362, 198.577988, 0.999737
5, 924,5,23.170362, 23.194195, 119.123489, 56.313900,23.170362, 198.577988, 0.998972
5, 924,6,32.271328, 32.263290, 119.123489, 56.313900,23.170362, 198.577988, 1.000249
5, 924,7,27.475441, 27.472073, 119.123489, 56.313900,23.170362, 198.577988, 1.000123
5, 924,8,156.772186, 156.786179, 119.123489, 56.313900,23.170362, 198.577988, 0.999911
5, 924,9,179.178741, 179.159485, 119.123489, 56.313900,23.170362, 198.577988, 1.000108
5, 924,10,120.054924, 120.057541, 119.123489, 56.313900,23.170362, 198.577988, 0.999978
5, 924,11,60.849422, 60.839512, 119.123489, 56.313900,23.170362, 198.577988, 1.000163
5, 924,12,83.627548, 83.622261, 119.123489, 56.313900,23.170362, 198.577988, 1.000063
5, 924,13,169.600998, 169.619812, 119.123489, 56.313900,23.170362, 198.577988, 0.999889
5, 924,14,78.979591, 78.983826, 119.123489, 56.313900,23.170362, 198.577988, 0.999946
5, 924,15,60.328388, 60.326164, 119.123489, 56.313900,23.170362, 198.577988, 1.000037
5, 924,16,53.104000, 53.096554, 119.123489, 56.313900,23.170362, 198.577988, 1.000140
5, 924,17,165.365189, 165.366379, 119.123489, 56.313900,23.170362, 198.577988, 0.999993
5, 924,18,154.322815, 154.341690, 119.123489, 56.313900,23.170362, 198.577988, 0.999878
5, 924,19,120.893166, 120.894798, 119.123489, 56.313900,23.170362, 198.577988, 0.999986
5, 924,20,191.478241, 191.479767, 119.123489, 56.313900,23.170362, 198.577988, 0.999992
5, 924,21,56.004696, 56.005512, 119.123489, 56.313900,23.170362, 198.577988, 0.999985
5, 924,22,172.490540, 172.485992, 119.123489, 56.313900,23.170362, 198.577988, 1.000026
5, 924,23,175.336517, 175.321609, 119.123489, 56.313900,23.170362, 198.577988, 1.000085
5, 924,24,161.969711, 161.968521, 119.123489, 56.313900,23.170362, 198.577988, 1.000007
5, 924,25,164.425079, 164.437469, 119.123489, 56.313900,23.170362, 198.577988, 0.999925
5, 924,26,125.775620, 125.789909, 119.123489, 56.313900,23.170362, 198.577988, 0.999886
5, 924,27,66.676407, 66.675758, 119.123489, 56.313900,23.170362, 198.577988, 1.000010
5, 924,28,73.689354, 73.691475, 119.123489, 56.313900,23.170362, 198.577988, 0.999971
5, 924,29,146.965408, 146.965393, 119.123489, 56.313900,23.170362, 198.577988, 1.000000
5, 924,30,193.196991, 193.190903, 119.123489, 56.313900,23.170362, 198.577988, 1.000031
5, 924,31,112.413162, 112.412376, 119.123489, 56.313900,23.170362, 198.577988, 1.000007
5, 925,0,126.704010, 126.711708, 119.123993, 60.297550,13.577484, 227.566071, 0.999939
5, 925,1,125.968384, 125.964943, 119.123993, 60.297550,13.577484, 227.566071, 1.000027
5, 925,2,111.850136, 111.857002, 119.123993, 60.297550,13.577484, 227.566071, 0.999939
5, 925,3,41.657219, 41.640259, 119.123993, 60.297550,13.577484, 227.566071, 1.000407
5, 925,4,82.598846, 82.605072, 119.123993, 60.297550,13.577484, 227.566071, 0.999925
5, 925,5,116.916039, 116.902763, 119.123993, 60.297550,13.577484, 227.566071, 1.000114
5, 925,6,46.946449, 46.955120, 119.123993, 60.297550,13.577484, 227.566071, 0.999815
5, 925,7,77.304070, 77.303673, 119.123993, 60.297550,13.577484, 227.566071, 1.000005
5, 925,8,215.490524, 215.483398, 119.123993, 60.297550,13.577484, 227.566071, 1.000033
5, 925,9,151.285202, 151.287918, 119.123993, 60.297550,13.577484, 227.566071, 0.999982
5, 925,10,36.754559, 36.755966, 119.123993, 60.297550,13.577484, 227.566071, 0.999962
5, 925,11,61.992336, 61.978020, 119.123993, 60.297550,13.577484, 227.566071, 1.000231
5, 925,12,141.311768, 141.317505, 119.123993, 60.297550,13.577484, 227.566071, 0.999959
5, 925,13,185.195755, 185.208847, 119.123993, 60.297550,13.577484, 227.566071, 0.999929
5, 925,14,163.585968, 163.592834, 119.123993, 60.297550,13.577484, 227.566071, 0.999958
5, 925,15,227.566071, 227.566299, 119.123993, 60.297550,13.577484, 227.566071, 0.999999
5, 925,16,42.453396, 42.454308, 119.123993, 60.297550,13.577484, 227.566071, 0.999979
5, 925,17,13.577484, 13.592579, 119.123993, 60.297550,13.577484, 227.566071, 0.998890
5, 925,18,126.939301, 126.940468, 119.123993, 60.297550,13.577484, 227.566071, 0.999991
5, 925,19,144.411148, 144.398773, 119.123993, 60.297550,13.577484, 227.566071, 1.000086
5, 925,20,20.938547, 20.939201, 119.123993, 60.297550,13.577484, 227.566071, 0.999969
5, 925,21,135.580048, 135.592255, 119.123993, 60.297550,13.577484, 227.566071, 0.999910
5, 925,22,91.916985, 91.916183, 119.123993, 60.297550,13.577484, 227.566071, 1.000009
5, 925,23,171.503922, 171.511292, 119.123993, 60.297550,13.577484, 227.566071, 0.999957
5, 925,24,73.979462, 73.993652, 119.123993, 60.297550,13.577484, 227.566071, 0.999808
5, 925,25,92.054161, 92.050728, 119.123993, 60.297550,13.577484, 227.566071, 1.000037
5, 925,26,82.801750, 82.800179, 119.123993, 60.297550,13.577484, 227.566071, 1.000019
5, 925,27,217.234268, 217.225861, 119.123993, 60.297550,13.577484, 227.566071, 1.000039
5, 925,28,202.535080, 202.546066, 119.123993, 60.297550,13.577484, 227.566071, 0.999946
5, 925,29,151.559235, 151.550293, 119.123993, 60.297550,13.577484, 227.566071, 1.000059
5, 925,30,133.149170, 133.150101, 119.123993, 60.297550,13.577484, 227.566071, 0.999993
5, 925,31,198.206299, 198.206726, 119.123993, 60.297550,13.577484, 227.566071, 0.999998
5, 926,0,52.000687, 52.009903, 119.125023, 62.235886,14.677691, 222.046875, 0.999823
5, 926,1,200.257797, 200.254517, 119.125023, 62.235886,14.677691, 222.046875, 1.000016
5, 926,2,200.695770, 200.696854, 119.125023, 62.235886,14.677691, 222.046875, 0.999995
5, 926,3,79.864319, 79.858215, 119.125023, 62.235886,14.677691, 222.046875, 1.000076
5, 926,4,30.560341, 30.562605, 119.125023, 62.235886,14.677691, 222.046875, 0.999926
5, 926,5,207.671112, 207.670319, 119.125023, 62.235886,14.677691, 222.046875, 1.000004
5, 926,6,116.523323, 116.514427, 119.125023, 62.235886,14.677691, 222.046875, 1.000076
5, 926,7,150.584732, 150.581619, 119.125023, 62.235886,14.677691, 222.046875, 1.000021
5, 926,8,187.758194, 187.764740, 119.125023, 62.235886,14.677691, 222.046875, 0.999965
5, 926,9,222.046875, 222.046570, 119.125023, 62.235886,14.677691, 222.046875, 1.000001
5, 926,10,14.677691, 14.683668, 119.125023, 62.235886,14.677691, 222.046875, 0.999593
5, 926,11,58.038887, 58.040131, 119.125023, 62.235886,14.677691, 222.046875, 0.999979
5, 926,12,184.413559, 184.414597, 119.125023, 62.235886,14.677691, 222.046875, 0.999994
5, 926,13,171.168518, 171.163727, 119.125023, 62.235886,14.677691, 222.046875, 1.000028
5, 926,14,77.423553, 77.412300, 119.125023, 62.235886,14.677691, 222.046875, 1.000145
5, 926,15,105.054062, 105.058960, 119.125023, 62.235886,14.677691, 222.046875, 0.999953
5, 926,16,80.938858, 80.951073, 119.125023, 62.235886,14.677691, 222.046875, 0.999849
5, 926,17,57.830620, 57.844975, 119.125023, 62.235886,14.677691, 222.046875, 0.999752
5, 926,18,63.613071, 63.621502, 119.125023, 62.235886,14.677691, 222.046875, 0.999867
5, 926,19,114.019165, 114.009964, 119.125023, 62.235886,14.677691, 222.046875, 1.000081
5, 926,20,21.894089, 21.891314, 119.125023, 62.235886,14.677691, 222.046875, 1.000127
5, 926,21,80.591293, 80.586784, 119.125023, 62.235886,14.677691, 222.046875, 1.000056
5, 926,22,146.034653, 146.028046, 119.125023, 62.235886,14.677691, 222.046875, 1.000045
5, 926,23,139.721405, 139.718109, 119.125023, 62.235886,14.677691, 222.046875, 1.000024
5, 926,24,148.890747, 148.883789, 119.125023, 62.235886,14.677691, 222.046875, 1.000047
5, 926,25,68.554245, 68.545853, 119.125023, 62.235886,14.677691, 222.046875, 1.000122
5, 926,26,181.540192, 181.545853, 119.125023, 62.235886,14.677691, 222.046875, 0.999969
5, 926,27,126.949417, 126.948593, 119.125023, 62.235886,14.677691, 222.046875, 1.000006
5, 926,28,56.125889, 56.127628, 119.125023, 62.235886,14.677691, 222.046875, 0.999969
5, 926,29,75.973808, 75.981178, 119.125023, 62.235886,14.677691, 222.046875, 0.999903
5, 926,30,192.808929, 192.799667, 119.125023, 62.235886,14.677691, 222.046875, 1.000048
5, 926,31,197.774704, 197.782578, 119.125023, 62.235886,14.677691, 222.046875, 0.999960
5, 927,0,217.341095, 217.349289, 119.124878, 71.725739,11.926466, 240.451126, 0.999962
5, 927,1,41.554184, 41.545624, 119.124878, 71.725739,11.926466, 240.451126, 1.000206
5, 927,2,46.660522, 46.652168, 119.124878, 71.725739,11.926466, 240.451126, 1.000179
5, 927,3,183.795059, 183.791992, 119.124878, 71.725739,11.926466, 240.451126, 1.000017
5, 927,4,57.139950, 57.145271, 119.124878, 71.725739,11.926466, 240.451126, 0.999907
5, 927,5,133.051254, 133.043396, 119.124878, 71.725739,11.926466, 240.451126, 1.000059
5, 927,6,11.926466, 11.915875, 119.124878, 71.725739,11.926466, 240.451126, 1.000889
5, 927,7,178.536880, 178.545441, 119.124878, 71.725739,11.926466, 240.451126, 0.999952
5, 927,8,20.697111, 20.699427, 119.124878, 71.725739,11.926466, 240.451126, 0.999888
5, 927,9,91.923538, 91.911034, 119.124878, 71.725739,11.926466, 240.451126, 1.000136
5, 927,10,58.976105, 58.972717, 119.124878, 71.725739,11.926466, 240.451126, 1.000057
5, 927,11,159.330063, 159.320374, 119.124878, 71.725739,11.926466, 240.451126, 1.000061
5, 927,12,33.683548, 33.690536, 119.124878, 71.725739,11.926466, 240.451126, 0.999793
5, 927,13,189.358032, 189.355392, 119.124878, 71.725739,11.926466, 240.451126, 1.000014
5, 927,14,74.649696, 74.668159, 119.124878, 71.725739,11.926466, 240.451126, 0.999753
5, 927,15,175.240402, 175.229507, 119.124878, 71.725739,11.926466, 240.451126, 1.000062
5, 927,16,216.297409, 216.295547, 119.124878, 71.725739,11.926466, 240.451126, 1.000009
5, 927,17,107.421989, 107.422256, 119.124878, 71.725739,11.926466, 240.451126, 0.999997
5, 927,18,40.063213, 40.057137, 119.124878, 71.725739,11.926466, 240.451126, 1.000152
5, 927,19,183.180801, 183.180389, 119.124878, 71.725739,11.926466, 240.451126, 1.000002
5, 927,20,152.226746, 152.231628, 119.124878, 71.725739,11.926466, 240.451126, 0.999968
5, 927,21,196.189377, 196.193604, 119.124878, 71.725739,11.926466, 240.451126, 0.999978
5, 927,22,31.689091, 31.686235, 119.124878, 71.725739,11.926466, 240.451126, 1.000090
5, 927,23,74.462433, 74.469200, 119.124878, 71.725739,11.926466, 240.451126, 0.999909
5, 927,24,167.299576, 167.300735, 119.124878, 71.725739,11.926466, 240.451126, 0.999993
5, 927,25,82.952980, 82.950630, 119.124878, 71.725739,11.926466, 240.451126, 1.000028
5, 927,26,198.657196, 198.662140, 119.124878, 71.725739,11.926466, 240.451126, 0.999975
5, 927,27,14.903858, 14.900219, 119.124878, 71.725739,11.926466, 240.451126, 1.000244
5, 927,28,218.356339, 218.351440, 119.124878, 71.725739,11.926466, 240.451126, 1.000022
5, 927,29,103.855377, 103.870522, 119.124878, 71.725739,11.926466, 240.451126, 0.999854
5, 927,30,240.451126, 240.465057, 119.124878, 71.725739,11.926466, 240.451126, 0.999942
5, 927,31,110.124390, 110.126595, 119.124878, 71.725739,11.926466, 240.451126, 0.999980
5, 928,0,82.301353, 82.293953, 119.122704, 68.924210,21.115383, 224.261642, 1.000090
5, 928,1,42.344265, 42.356369, 119.122704, 68.924210,21.115383, 224.261642, 0.999714
5, 928,2,203.477890, 203.483124, 119.122704, 68.924210,21.115383, 224.261642, 0.999974
5, 928,3,218.321396, 218.336441, 119.122704, 68.924210,21.115383, 224.261642, 0.999931
5, 928,4,68.620720, 68.625671, 119.122704, 68.924210,21.115383, 224.261642, 0.999928
5, 928,5,161.792755, 161.786407, 119.122704, 68.924210,21.115383, 224.261642, 1.000039
5, 928,6,190.700195, 190.712830, 119.122704, 68.924210,21.115383, 224.261642, 0.999934
5, 928,7,130.631897, 130.637146, 119.122704, 68.924210,21.115383, 224.261642, 0.999960
5, 928,8,148.703323, 148.706940, 119.122704, 68.924210,21.115383, 224.261642, 0.999976
5, 928,9,224.261642, 224.261566, 119.122704, 68.924210,21.115383, 224.261642, 1.000000
5, 928,10,75.487648, 75.500298, 119.122704, 68.924210,21.115383, 224.261642, 0.999832
5, 928,11,213.041977, 213.044296, 119.122704, 68.924210,21.115383, 224.261642, 0.999989
5, 928,12,107.511719, 107.503365, 119.122704, 68.924210,21.115383, 224.261642, 1.000078
5, 928,13,33.612160, 33.619560, 119.122704, 68.924210,21.115383, 224.261642, 0.999780
5, 928,14,196.266724, 196.277267, 119.122704, 68.924210,21.115383, 224.261642, 0.999946
5, 928,15,79.729767, 79.725174, 119.122704, 68.924210,21.115383, 224.261642, 1.000058
5, 928,16,58.309692, 58.306377, 119.122704, 68.924210,21.115383, 224.261642, 1.000057
5, 928,17,91.466736, 91.465034, 119.122704, 68.924210,21.115383, 224.261642, 1.000019
5, 928,18,21.115383, 21.106861, 119.122704, 68.924210,21.115383, 224.261642, 1.000404
5, 928,19,216.786377, 216.783386, 119.122704, 68.924210,21.115383, 224.261642, 1.000014
5, 928,20,63.034920, 63.039120, 119.122704, 68.924210,21.115383, 224.261642, 0.999933
5, 928,21,113.209274, 113.215042, 119.122704, 68.924210,21.115383, 224.261642, 0.999949
5, 928,22,97.215767, 97.213509, 119.122704, 68.924210,21.115383, 224.261642, 1.000023
5, 928,23,22.781242, 22.777674, 119.122704, 68.924210,21.115383, 224.261642, 1.000157
5, 928,24,131.847778, 131.836884, 119.122704, 68.924210,21.115383, 224.261642, 1.000083
5, 928,25,24.286772, 24.293919, 119.122704, 68.924210,21.115383, 224.261642, 0.999706
5, 928,26,177.809937, 177.802658, 119.122704, 68.924210,21.115383, 224.261642, 1.000041
5, 928,27,81.777626, 81.778732, 119.122704, 68.924210,21.115383, 224.261642, 0.999986
5, 928,28,66.683708, 66.682526, 119.122704, 68.924210,21.115383, 224.261642, 1.000018
5, 928,29,218.209961, 218.226028, 119.122704, 68.924210,21.115383, 224.261642, 0.999926
5, 928,30,45.791016, 45.801041, 119.122704, 68.924210,21.115383, 224.261642, 0.999781
5, 928,31,204.794846, 204.800644, 119.122704, 68.924210,21.115383, 224.261642, 0.999972
5, 929,0,142.005310, 141.996445, 119.124954, 48.971920,23.105038, 195.129700, 1.000062
5, 929,1,117.210197, 117.219162, 119.124954, 48.971920,23.105038, 195.129700, 0.999924
5, 929,2,23.105038, 23.107395, 119.124954, 48.971920,23.105038, 195.129700, 0.999898
5, 929,3,72.191643, 72.175232, 119.124954, 48.971920,23.105038, 195.129700, 1.000227
5, 929,4,151.623062, 151.628906, 119.124954, 48.971920,23.105038, 195.129700, 0.999961
5, 929,5,189.069046, 189.072144, 119.124954, 48.971920,23.105038, 195.129700, 0.999984
5, 929,6,183.721451, 183.735229, 119.124954, 48.971920,23.105038, 195.129700, 0.999925
5, 929,7,135.448441, 135.465378, 119.124954, 48.971920,23.105038, 195.129700, 0.999875
5, 929,8,166.621399, 166.620911, 119.124954, 48.971920,23.105038, 195.129700, 1.000003
5, 929,9,128.223495, 128.232544, 119.124954, 48.971920,23.105038, 195.129700, 0.999929
5, 929,10,101.286896, 101.270706, 119.124954, 48.971920,23.105038, 195.129700, 1.000160
5, 929,11,75.653313, 75.650162, 119.124954, 48.971920,23.105038, 195.129700, 1.000042
5, 929,12,123.485573, 123.484230, 119.124954, 48.971920,23.105038, 195.129700, 1.000011
5, 929,13,92.644234, 92.656952, 119.124954, 48.971920,23.105038, 195.129700, 0.999863
5, 929,14,48.407593, 48.399689, 119.124954, 48.971920,23.105038, 195.129700, 1.000163
5, 929,15,80.247391, 80.245674, 119.124954, 48.971920,23.105038, 195.129700, 1.000021
5, 929,16,59.215588, 59.220646, 119.124954, 48.971920,23.105038, 195.129700, 0.999915
5, 929,17,119.976044, 119.975342, 119.124954, 48.971920,23.105038, 195.129700, 1.000006
5, 929,18,115.558647, 115.560928, 119.124954, 48.971920,23.105038, 195.129700, 0.999980
5, 929,19,102.604118, 102.606346, 119.124954, 48.971920,23.105038, 195.129700, 0.999978
5, 929,20,88.858185, 88.859428, 119.124954, 48.971920,23.105038, 195.129700, 0.999986
5, 929,21,32.476398, 32.479523, 119.124954, 48.971920,23.105038, 195.129700, 0.999904
5, 929,22,55.392773, 55.389164, 119.124954, 48.971920,23.105038, 195.129700, 1.000065
5, 929,23,166.275223, 166.281342, 119.124954, 48.971920,23.105038, 195.129700, 0.999963
5, 929,24,164.668091, 164.662735, 119.124954, 48.971920,23.105038, 195.129700, 1.000033
5, 929,25,182.869171, 182.863663, 119.124954, 48.971920,23.105038, 195.129700, 1.000030
5, 929,26,128.696213, 128.690979, 119.124954, 48.971920,23.105038, 195.129700, 1.000041
5, 929,27,75.737083, 75.735054, 119.124954, 48.971920,23.105038, 195.129700, 1.000027
5, 929,28,132.603317, 132.601685, 119.124954, 48.971920,23.105038, 195.129700, 1.000012
5, 929,29,195.129700, 195.122147, 119.124954, 48.971920,23.105038, 195.129700, 1.000039
5, 929,30,175.935028, 175.930786, 119.124954, 48.971920,23.105038, 195.129700, 1.000024
5, 929,31,185.058884, 185.059555, 119.124954, 48.971920,23.105038, 195.129700, 0.999996
5, 930,0,153.018295, 153.012421, 119.125923, 55.360550,19.016354, 206.495331, 1.000038
5, 930,1,199.695877, 199.704544, 119.125923, 55.360550,19.016354, 206.495331, 0.999957
5, 930,2,183.084244, 183.071533, 119.125923, 55.360550,19.016354, 206.495331, 1.000069
5, 930,3,162.959335, 162.954407, 119.125923, 55.360550,19.016354, 206.495331, 1.000030
5, 930,4,48.605686, 48.602451, 119.125923, 55.360550,19.016354, 206.495331, 1.000067
5, 930,5,108.816742, 108.802620, 119.125923, 55.360550,19.016354, 206.495331, 1.000130
5, 930,6,204.060562, 204.058105, 119.125923, 55.360550,19.016354, 206.495331, 1.000012
5, 930,7,86.160797, 86.177940, 119.125923, 55.360550,19.016354, 206.495331, 0.999801
5, 930,8,149.773926, 149.786621, 119.125923, 55.360550,19.016354, 206.495331, 0.999915
5, 930,9,85.023148, 85.018669, 119.125923, 55.360550,19.016354, 206.495331, 1.000053
5, 930,10,171.995071, 172.001770, 119.125923, 55.360550,19.016354, 206.495331, 0.999961
5, 930,11,143.012589, 143.020004, 119.125923, 55.360550,19.016354, 206.495331, 0.999948
5, 930,12,113.775368, 113.773613, 119.125923, 55.360550,19.016354, 206.495331, 1.000015
5, 930,13,152.793716, 152.804489, 119.125923, 55.360550,19.016354, 206.495331, 0.999929
5, 930,14,31.756275, 31.755224, 119.125923, 55.360550,19.016354, 206.495331, 1.000033
5, 930,15,134.496918, 134.495590, 119.125923, 55.360550,19.016354, 206.495331, 1.000010
5, 930,16,82.399544, 82.404007, 119.125923, 55.360550,19.016354, 206.495331, 0.999946
5, 930,17,116.555168, 116.558388, 119.125923, 55.360550,19.016354, 206.495331, 0.999972
5, 930,18,196.455658, 196.459854, 119.125923, 55.360550,19.016354, 206.495331, 0.999979
5, 930,19,64.826073, 64.819641, 119.125923, 55.360550,19.016354, 206.495331, 1.000099
5, 930,20,131.410263, 131.402100, 119.125923, 55.360550,19.016354, 206.495331, 1.000062
5, 930,21,206.495331, 206.490067, 119.125923, 55.360550,19.016354, 206.495331, 1.000026
5, 930,22,151.802124, 151.796432, 119.125923, 55.360550,19.016354, 206.495331, 1.000038
5, 930,23,19.016354, 19.009548, 119.125923, 55.360550,19.016354, 206.495331, 1.000358
5, 930,24,147.392380, 147.386169, 119.125923, 55.360550,19.016354, 206.495331, 1.000042
5, 930,25,28.151289, 28.145105, 119.125923, 55.360550,19.016354, 206.495331, 1.000220
5, 930,26,84.837669, 84.829651, 119.125923, 55.360550,19.016354, 206.495331, 1.000095
5, 930,27,50.461315, 50.454762, 119.125923, 55.360550,19.016354, 206.495331, 1.000130
5, 930,28,87.607475, 87.595528, 119.125923, 55.360550,19.016354, 206.495331, 1.000136
5, 930,29,80.088669, 80.098068, 119.125923, 55.360550,19.016354, 206.495331, 0.999883
5, 930,30,176.195892, 176.197815, 119.125923, 55.360550,19.016354, 206.495331, 0.999989
5, 930,31,59.305988, 59.313103, 119.125923, 55.360550,19.016354, 206.495331, 0.999880
5, 931,0,63.420048, 63.413074, 119.124519, 57.752682,14.905577, 225.978317, 1.000110
5, 931,1,95.272186, 95.282547, 119.124519, 57.752682,14.905577, 225.978317, 0.999891
5, 931,2,149.077682, 149.085403, 119.124519, 57.752682,14.905577, 225.978317, 0.999948
5, 931,3,165.562531, 165.548660, 119.124519, 57.752682,14.905577, 225.978317, 1.000084
5, 931,4,193.829041, 193.824219, 119.124519, 57.752682,14.905577, 225.978317, 1.000025
5, 931,5,98.695732, 98.691475, 119.124519, 57.752682,14.905577, 225.978317, 1.000043
5, 931,6,71.566322, 71.565422, 119.124519, 57.752682,14.905577, 225.978317, 1.000013
5, 931,7,64.239433, 64.245491, 119.124519, 57.752682,14.905577, 225.978317, 0.999906
5, 931,8,75.701355, 75.701065, 119.124519, 57.752682,14.905577, 225.978317, 1.000004
5, 931,9,145.020096, 145.022430, 119.124519, 57.752682,14.905577, 225.978317, 0.999984
5, 931,10,167.102676, 167.087952, 119.124519, 57.752682,14.905577, 225.978317, 1.000088
5, 931,11,60.568748, 60.565701, 119.124519, 57.752682,14.905577, 225.978317, 1.000050
5, 931,12,175.424759, 175.418671, 119.124519, 57.752682,14.905577, 225.978317, 1.000035
5, 931,13,14.905577, 14.908587, 119.124519, 57.752682,14.905577, 225.978317, 0.999798
5, 931,14,43.976456, 43.990139, 119.124519, 57.752682,14.905577, 225.978317, 0.999689
5, 931,15,40.886803, 40.891716, 119.124519, 57.752682,14.905577, 225.978317, 0.999880
5, 931,16,45.399883, 45.397312, 119.124519, 57.752682,14.905577, 225.978317, 1.000057
5, 931,17,60.943954, 60.942268, 119.124519, 57.752682,14.905577, 225.978317, 1.000028
5, 931,18,207.737808, 207.737396, 119.124519, 57.752682,14.905577, 225.978317, 1.000002
5, 931,19,185.228577, 185.235840, 119.124519, 57.752682,14.905577, 225.978317, 0.999961
5, 931,20,225.978317, 225.977783, 119.124519, 57.752682,14.905577, 225.978317, 1.000002
5, 931,21,75.304276, 75.298065, 119.124519, 57.752682,14.905577, 225.978317, 1.000082
5, 931,22,181.358871, 181.351257, 119.124519, 57.752682,14.905577, 225.978317, 1.000042
5, 931,23,138.696564, 138.693481, 119.124519, 57.752682,14.905577, 225.978317, 1.000022
5, 931,24,103.823135, 103.844498, 119.124519, 57.752682,14.905577, 225.978317, 0.999794
5, 931,25,112.855049, 112.849075, 119.124519, 57.752682,14.905577, 225.978317, 1.000053
5, 931,26,67.938927, 67.931885, 119.124519, 57.752682,14.905577, 225.978317, 1.000104
5, 931,27,195.831757, 195.839188, 119.124519, 57.752682,14.905577, 225.978317, 0.999962
5, 931,28,122.565727, 122.580360, 119.124519, 57.752682,14.905577, 225.978317, 0.999881
5, 931,29,164.710419, 164.709641, 119.124519, 57.752682,14.905577, 225.978317, 1.000005
5, 931,30,150.063538, 150.069763, 119.124519, 57.752682,14.905577, 225.978317, 0.999959
5, 931,31,148.298431, 148.299240, 119.124519, 57.752682,14.905577, 225.978317, 0.999995
5, 932,0,147.782410, 147.767731, 119.125359, 50.278221,13.853224, 184.369675, 1.000099
5, 932,1,13.853224, 13.881536, 119.125359, 50.278221,13.853224, 184.369675, 0.997960
5, 932,2,128.885040, 128.890808, 119.125359, 50.278221,13.853224, 184.369675, 0.999955
5, 932,3,174.692963, 174.691864, 119.125359, 50.278221,13.853224, 184.369675, 1.000006
5, 932,4,184.369675, 184.379623, 119.125359, 50.278221,13.853224, 184.369675, 0.999946
5, 932,5,59.474380, 59.484222, 119.125359, 50.278221,13.853224, 184.369675, 0.999835
5, 932,6,124.520119, 124.526764, 119.125359, 50.278221,13.853224, 184.369675, 0.999947
5, 932,7,102.339645, 102.352684, 119.125359, 50.278221,13.853224, 184.369675, 0.999873
5, 932,8,73.364807, 73.364471, 119.125359, 50.278221,13.853224, 184.369675, 1.000005
5, 932,9,143.116058, 143.108810, 119.125359, 50.278221,13.853224, 184.369675, 1.000051
5, 932,10,106.194328, 106.212769, 119.125359, 50.278221,13.853224, 184.369675, 0.999826
5, 932,11,128.377289, 128.370773, 119.125359, 50.278221,13.853224, 184.369675, 1.000051
5, 932,12,184.004929, 183.982880, 119.125359, 50.278221,13.853224, 184.369675, 1.000120
5, 932,13,169.288925, 169.271652, 119.125359, 50.278221,13.853224, 184.369675, 1.000102
5, 932,14,46.541679, 46.526115, 119.125359, 50.278221,13.853224, 184.369675, 1.000335
5, 932,15,134.739105, 134.723846, 119.125359, 50.278221,13.853224, 184.369675, 1.000113
5, 932,16,153.590225, 153.590027, 119.125359, 50.278221,13.853224, 184.369675, 1.000001
5, 932,17,125.936310, 125.942123, 119.125359, 50.278221,13.853224, 184.369675, 0.999954
5, 932,18,31.392574, 31.380615, 119.125359, 50.278221,13.853224, 184.369675, 1.000381
5, 932,19,153.351318, 153.354141, 119.125359, 50.278221,13.853224, 184.369675, 0.999982
5, 932,20,159.269821, 159.262222, 119.125359, 50.278221,13.853224, 184.369675, 1.000048
5, 932,21,156.563171, 156.549423, 119.125359, 50.278221,13.853224, 184.369675, 1.000088
5, 932,22,153.853180, 153.863449, 119.125359, 50.278221,13.853224, 184.369675, 0.999933
5, 932,23,179.569550, 179.570587, 119.125359, 50.278221,13.853224, 184.369675, 0.999994
5, 932,24,181.837051, 181.838394, 119.125359, 50.278221,13.853224, 184.369675, 0.999993
5, 932,25,154.657135, 154.662277, 119.125359, 50.278221,13.853224, 184.369675, 0.999967
5, 932,26,83.122200, 83.121918, 119.125359, 50.278221,13.853224, 184.369675, 1.000003
5, 932,27,81.965042, 81.969261, 119.125359, 50.278221,13.853224, 184.369675, 0.999949
5, 932,28,34.743332, 34.747475, 119.125359, 50.278221,13.853224, 184.369675, 0.999881
5, 932,29,50.806637, 50.799019, 119.125359, 50.278221,13.853224, 184.369675, 1.000150
5, 932,30,70.579979, 70.581985, 119.125359, 50.278221,13.853224, 184.369675, 0.999972
5, 932,31,119.228851, 119.229851, 119.125359, 50.278221,13.853224, 184.369675, 0.999992
5, 933,0,35.706005, 35.700706, 119.122284, 65.783844,10.239741, 216.507553, 1.000148
5, 933,1,137.311417, 137.299622, 119.122284, 65.783844,10.239741, 216.507553, 1.000086
5, 933,2,176.875931, 176.874329, 119.122284, 65.783844,10.239741, 216.507553, 1.000009
5, 933,3,30.684361, 30.691902, 119.122284, 65.783844,10.239741, 216.507553, 0.999754
5, 933,4,171.598892, 171.614441, 119.122284, 65.783844,10.239741, 216.507553, 0.999909
5, 933,5,199.556061, 199.549164, 119.122284, 65.783844,10.239741, 216.507553, 1.000035
5, 933,6,195.787994, 195.795776, 119.122284, 65.783844,10.239741, 216.507553, 0.999960
5, 933,7,206.173203, 206.173920, 119.122284, 65.783844,10.239741, 216.507553, 0.999997
5, 933,8,198.136993, 198.158539, 119.122284, 65.783844,10.239741, 216.507553, 0.999891
5, 933,9,196.829758, 196.838730, 119.122284, 65.783844,10.239741, 216.507553, 0.999954
5, 933,10,39.460613, 39.466965, 119.122284, 65.783844,10.239741, 216.507553, 0.999839
5, 933,11,125.634041, 125.646751, 119.122284, 65.783844,10.239741, 216.507553, 0.999899
5, 933,12,153.807236, 153.793915, 119.122284, 65.783844,10.239741, 216.507553, 1.000087
5, 933,13,29.572845, 29.578119, 119.122284, 65.783844,10.239741, 216.507553, 0.999822
5, 933,14,64.922424, 64.910156, 119.122284, 65.783844,10.239741, 216.507553, 1.000189
5, 933,15,125.655663, 125.666069, 119.122284, 65.783844,10.239741, 216.507553, 0.999917
5, 933,16,185.512405, 185.514206, 119.122284, 65.783844,10.239741, 216.507553, 0.999990
5, 933,17,111.424576, 111.425087, 119.122284, 65.783844,10.239741, 216.507553, 0.999995
5, 933,18,158.938797, 158.937912, 119.122284, 65.783844,10.239741, 216.507553, 1.000006
5, 933,19,10.239741, 10.244646, 119.122284, 65.783844,10.239741, 216.507553, 0.999521
5, 933,20,61.857327, 61.858517, 119.122284, 65.783844,10.239741, 216.507553, 0.999981
5, 933,21,114.211807, 114.219200, 119.122284, 65.783844,10.239741, 216.507553, 0.999935
5, 933,22,49.070618, 49.072544, 119.122284, 65.783844,10.239741, 216.507553, 0.999961
5, 933,23,43.147179, 43.149536, 119.122284, 65.783844,10.239741, 216.507553, 0.999945
5, 933,24,125.121483, 125.138138, 119.122284, 65.783844,10.239741, 216.507553, 0.999867
5, 933,25,145.843353, 145.842926, 119.122284, 65.783844,10.239741, 216.507553, 1.000003
5, 933,26,120.829063, 120.837517, 119.122284, 65.783844,10.239741, 216.507553, 0.999930
5, 933,27,210.076736, 210.068939, 119.122284, 65.783844,10.239741, 216.507553, 1.000037
5, 933,28,50.422752, 50.430973, 119.122284, 65.783844,10.239741, 216.507553, 0.999837
5, 933,29,69.507408, 69.519806, 119.122284, 65.783844,10.239741, 216.507553, 0.999822
5, 933,30,216.507553, 216.500549, 119.122284, 65.783844,10.239741, 216.507553, 1.000032
5, 933,31,51.488834, 51.480373, 119.122284, 65.783844,10.239741, 216.507553, 1.000164
5, 934,0,111.764664, 111.764748, 119.125786, 56.688599,19.888712, 214.276688, 0.999999
5, 934,1,161.702957, 161.704071, 119.125786, 56.688599,19.888712, 214.276688, 0.999993
5, 934,2,113.641647, 113.650826, 119.125786, 56.688599,19.888712, 214.276688, 0.999919
5, 934,3,206.616486, 206.609558, 119.125786, 56.688599,19.888712, 214.276688, 1.000033
5, 934,4,57.345539, 57.338730, 119.125786, 56.688599,19.888712, 214.276688, 1.000119
5, 934,5,82.843796, 82.836243, 119.125786, 56.688599,19.888712, 214.276688, 1.000091
5, 934,6,213.589127, 213.580978, 119.125786, 56.688599,19.888712, 214.276688, 1.000038
5, 934,7,163.997208, 163.995697, 119.125786, 56.688599,19.888712, 214.276688, 1.000009
5, 934,8,83.098564, 83.100166, 119.125786, 56.688599,19.888712, 214.276688, 0.999981
5, 934,9,201.780716, 201.781723, 119.125786, 56.688599,19.888712, 214.276688, 0.999995
5, 934,10,19.888712, 19.881010, 119.125786, 56.688599,19.888712, 214.276688, 1.000387
5, 934,11,109.400108, 109.402321, 119.125786, 56.688599,19.888712, 214.276688, 0.999980
5, 934,12,61.547729, 61.535740, 119.125786, 56.688599,19.888712, 214.276688, 1.000195
5, 934,13,139.034256, 139.032471, 119.125786, 56.688599,19.888712, 214.276688, 1.000013
5, 934,14,109.665993, 109.672676, 119.125786, 56.688599,19.888712, 214.276688, 0.999939
5, 934,15,101.178062, 101.169212, 119.125786, 56.688599,19.888712, 214.276688, 1.000087
5, 934,16,38.148998, 38.136742, 119.125786, 56.688599,19.888712, 214.276688, 1.000321
5, 934,17,45.797302, 45.790501, 119.125786, 56.688599,19.888712, 214.276688, 1.000149
5, 934,18,115.583595, 115.575523, 119.125786, 56.688599,19.888712, 214.276688, 1.000070
5, 934,19,33.684643, 33.682236, 119.125786, 56.688599,19.888712, 214.276688, 1.000071
5, 934,20,50.945213, 50.959522, 119.125786, 56.688599,19.888712, 214.276688, 0.999719
5, 934,21,116.929787, 116.927338, 119.125786, 56.688599,19.888712, 214.276688, 1.000021
5, 934,22,107.643562, 107.651413, 119.125786, 56.688599,19.888712, 214.276688, 0.999927
5, 934,23,158.194153, 158.202286, 119.125786, 56.688599,19.888712, 214.276688, 0.999949
5, 934,24,176.413010, 176.412949, 119.125786, 56.688599,19.888712, 214.276688, 1.000000
5, 934,25,58.258404, 58.259239, 119.125786, 56.688599,19.888712, 214.276688, 0.999986
5, 934,26,214.276688, 214.269775, 119.125786, 56.688599,19.888712, 214.276688, 1.000032
5, 934,27,137.573288, 137.564819, 119.125786, 56.688599,19.888712, 214.276688, 1.000062
5, 934,28,122.217056, 122.225090, 119.125786, 56.688599,19.888712, 214.276688, 0.999934
5, 934,29,122.952965, 122.965370, 119.125786, 56.688599,19.888712, 214.276688, 0.999899
5, 934,30,175.695099, 175.704849, 119.125786, 56.688599,19.888712, 214.276688, 0.999945
5, 934,31,200.616302, 200.616592, 119.125786, 56.688599,19.888712, 214.276688, 0.999999
5, 935,0,99.696266, 99.683693, 119.126923, 54.876442,19.762739, 190.324432, 1.000126
5, 935,1,142.564072, 142.558121, 119.126923, 54.876442,19.762739, 190.324432, 1.000042
5, 935,2,180.265686, 180.259750, 119.126923, 54.876442,19.762739, 190.324432, 1.000033
5, 935,3,46.637543, 46.657135, 119.126923, 54.876442,19.762739, 190.324432, 0.999580
5, 935,4,69.557510, 69.558861, 119.126923, 54.876442,19.762739, 190.324432, 0.999981
5, 935,5,189.027603, 189.024750, 119.126923, 54.876442,19.762739, 190.324432, 1.000015
5, 935,6,20.120447, 20.118982, 119.126923, 54.876442,19.762739, 190.324432, 1.000073
5, 935,7,141.179138, 141.165436, 119.126923, 54.876442,19.762739, 190.324432, 1.000097
5, 935,8,115.109512, 115.108101, 119.126923, 54.876442,19.762739, 190.324432, 1.000012
5, 935,9,102.598465, 102.585098, 119.126923, 54.876442,19.762739, 190.324432, 1.000130
5, 935,10,95.217506, 95.212776, 119.126923, 54.876442,19.762739, 190.324432, 1.000050
5, 935,11,26.080709, 26.076527, 119.126923, 54.876442,19.762739, 190.324432, 1.000160
5, 935,12,189.511963, 189.522141, 119.126923, 54.876442,19.762739, 190.324432, 0.999946
5, 935,13,150.382523, 150.389145, 119.126923, 54.876442,19.762739, 190.324432, 0.999956
5, 935,14,38.878685, 38.870327, 119.126923, 54.876442,19.762739, 190.324432, 1.000215
5, 935,15,130.933548, 130.930405, 119.126923, 54.876442,19.762739, 190.324432, 1.000024
5, 935,16,19.762739, 19.759762, 119.126923, 54.876442,19.762739, 190.324432, 1.000151
5, 935,17,187.426788, 187.433136, 119.126923, 54.876442,19.762739, 190.324432, 0.999966
5, 935,18,190.324432, 190.317947, 119.126923, 54.876442,19.762739, 190.324432, 1.000034
5, 935,19,178.032257, 178.032578, 119.126923, 54.876442,19.762739, 190.324432, 0.999998
5, 935,20,120.291603, 120.302994, 119.126923, 54.876442,19.762739, 190.324432, 0.999905
5, 935,21,78.824432, 78.815712, 119.126923, 54.876442,19.762739, 190.324432, 1.000111
5, 935,22,78.973732, 78.975983, 119.126923, 54.876442,19.762739, 190.324432, 0.999972
5, 935,23,130.506866, 130.499329, 119.126923, 54.876442,19.762739, 190.324432, 1.000058
5, 935,24,148.800247, 148.803024, 119.126923, 54.876442,19.762739, 190.324432, 0.999981
5, 935,25,127.983322, 127.984795, 119.126923, 54.876442,19.762739, 190.324432, 0.999988
5, 935,26,150.303558, 150.300720, 119.126923, 54.876442,19.762739, 190.324432, 1.000019
5, 935,27,107.837944, 107.824203, 119.126923, 54.876442,19.762739, 190.324432, 1.000127
5, 935,28,178.026993, 178.032578, 119.126923, 54.876442,19.762739, 190.324432, 0.999969
5, 935,29,181.114975, 181.110825, 119.126923, 54.876442,19.762739, 190.324432, 1.000023
5, 935,30,38.586578, 38.582947, 119.126923, 54.876442,19.762739, 190.324432, 1.000094
5, 935,31,157.503799, 157.501724, 119.126923, 54.876442,19.762739, 190.324432, 1.000013
5, 936,0,49.846577, 49.865856, 119.124191, 63.547249,20.445686, 204.828613, 0.999613
5, 936,1,170.090469, 170.097778, 119.124191, 63.547249,20.445686, 204.828613, 0.999957
5, 936,2,204.828613, 204.832687, 119.124191, 63.547249,20.445686, 204.828613, 0.999980
5, 936,3,153.315552, 153.324265, 119.124191, 63.547249,20.445686, 204.828613, 0.999943
5, 936,4,202.982773, 202.973129, 119.124191, 63.547249,20.445686, 204.828613, 1.000048
5, 936,5,107.018181, 107.015198, 119.124191, 63.547249,20.445686, 204.828613, 1.000028
5, 936,6,103.709808, 103.694092, 119.124191, 63.547249,20.445686, 204.828613, 1.000152
5, 936,7,59.297142, 59.300564, 119.124191, 63.547249,20.445686, 204.828613, 0.999942
5, 936,8,184.333527, 184.333817, 119.124191, 63.547249,20.445686, 204.828613, 0.999998
5, 936,9,41.762539, 41.762077, 119.124191, 63.547249,20.445686, 204.828613, 1.000011
5, 936,10,64.717850, 64.717598, 119.124191, 63.547249,20.445686, 204.828613, 1.000004
5, 936,11,25.832504, 25.846832, 119.124191, 63.547249,20.445686, 204.828613, 0.999446
5, 936,12,38.862812, 38.845215, 119.124191, 63.547249,20.445686, 204.828613, 1.000453
5, 936,13,45.918346, 45.922806, 119.124191, 63.547249,20.445686, 204.828613, 0.999903
5, 936,14,171.361877, 171.372742, 119.124191, 63.547249,20.445686, 204.828613, 0.999937
5, 936,15,28.753057, 28.763695, 119.124191, 63.547249,20.445686, 204.828613, 0.999630
5, 936,16,77.679596, 77.666222, 119.124191, 63.547249,20.445686, 204.828613, 1.000172
5, 936,17,202.707047, 202.705688, 119.124191, 63.547249,20.445686, 204.828613, 1.000007
5, 936,18,78.968750, 78.959846, 119.124191, 63.547249,20.445686, 204.828613, 1.000113
5, 936,19,62.536472, 62.547050, 119.124191, 63.547249,20.445686, 204.828613, 0.999831
5, 936,20,73.406586, 73.399773, 119.124191, 63.547249,20.445686, 204.828613, 1.000093
5, 936,21,193.738312, 193.743652, 119.124191, 63.547249,20.445686, 204.828613, 0.999972
5, 936,22,177.927414, 177.927917, 119.124191, 63.547249,20.445686, 204.828613, 0.999997
5, 936,23,140.535049, 140.524902, 119.124191, 63.547249,20.445686, 204.828613, 1.000072
5, 936,24,202.281448, 202.282776, 119.124191, 63.547249,20.445686, 204.828613, 0.999993
5, 936,25,166.281036, 166.279129, 119.124191, 63.547249,20.445686, 204.828613, 1.000011
5, 936,26,138.452209, 138.447662, 119.124191, 63.547249,20.445686, 204.828613, 1.000033
5, 936,27,203.048203, 203.047745, 119.124191, 63.547249,20.445686, 204.828613, 1.000002
5, 936,28,20.445686, 20.454681, 119.124191, 63.547249,20.445686, 204.828613, 0.999560
5, 936,29,161.562515, 161.564880, 119.124191, 63.547249,20.445686, 204.828613, 0.999985
5, 936,30,141.373840, 141.389404, 119.124191, 63.547249,20.445686, 204.828613, 0.999890
5, 936,31,118.398346, 118.390343, 119.124191, 63.547249,20.445686, 204.828613, 1.000068
5, 937,0,15.678555, 15.675692, 119.125641, 80.801430,13.084290, 234.494415, 1.000183
5, 937,1,191.255142, 191.257935, 119.125641, 80.801430,13.084290, 234.494415, 0.999985
5, 937,2,13.084290, 13.092084, 119.125641, 80.801430,13.084290, 234.494415, 0.999405
5, 937,3,68.561058, 68.564064, 119.125641, 80.801430,13.084290, 234.494415, 0.999956
5, 937,4,201.855347, 201.853485, 119.125641, 80.801430,13.084290, 234.494415, 1.000009
5, 937,5,175.874252, 175.866241, 119.125641, 80.801430,13.084290, 234.494415, 1.000046
5, 937,6,154.100204, 154.084244, 119.125641, 80.801430,13.084290, 234.494415, 1.000104
5, 937,7,42.297646, 42.308838, 119.125641, 80.801430,13.084290, 234.494415, 0.999735
5, 937,8,199.097275, 199.091232, 119.125641, 80.801430,13.084290, 234.494415, 1.000030
5, 937,9,29.906567, 29.906147, 119.125641, 80.801430,13.084290, 234.494415, 1.000014
5, 937,10,224.943069, 224.934189, 119.125641, 80.801430,13.084290, 234.494415, 1.000039
5, 937,11,42.961838, 42.968483, 119.125641, 80.801430,13.084290, 234.494415, 0.999845
5, 937,12,194.689590, 194.686722, 119.125641, 80.801430,13.084290, 234.494415, 1.000015
5, 937,13,165.169342, 165.160751, 119.125641, 80.801430,13.084290, 234.494415, 1.000052
5, 937,14,234.494415, 234.485260, 119.125641, 80.801430,13.084290, 234.494415, 1.000039
5, 937,15,26.537886, 26.546083, 119.125641, 80.801430,13.084290, 234.494415, 0.999691
5, 937,16,35.332420, 35.341343, 119.125641, 80.801430,13.084290, 234.494415, 0.999748
5, 937,17,208.751022, 208.759140, 119.125641, 80.801430,13.084290, 234.494415, 0.999961
5, 937,18,84.637192, 84.629158, 119.125641, 80.801430,13.084290, 234.494415, 1.000095
5, 937,19,222.353653, 222.364319, 119.125641, 80.801430,13.084290, 234.494415, 0.999952
5, 937,20,16.083759, 16.074226, 119.125641, 80.801430,13.084290, 234.494415, 1.000593
5, 937,21,41.804920, 41.807232, 119.125641, 80.801430,13.084290, 234.494415, 0.999945
5, 937,22,197.684525, 197.689484, 119.125641, 80.801430,13.084290, 234.494415, 0.999975
5, 937,23,179.791733, 179.782883, 119.125641, 80.801430,13.084290, 234.494415, 1.000049
5, 937,24,53.070797, 53.076164, 119.125641, 80.801430,13.084290, 234.494415, 0.999899
5, 937,25,57.445587, 57.453178, 119.125641, 80.801430,13.084290, 234.494415, 0.999868
5, 937,26,207.474472, 207.467331, 119.125641, 80.801430,13.084290, 234.494415, 1.000034
5, 937,27,21.245440, 21.234570, 119.125641, 80.801430,13.084290, 234.494415, 1.000512
5, 937,28,118.225227, 118.222931, 119.125641, 80.801430,13.084290, 234.494415, 1.000019
5, 937,29,110.640312, 110.637024, 119.125641, 80.801430,13.084290, 234.494415, 1.000030
5, 937,30,224.245712, 224.247040, 119.125641, 80.801430,13.084290, 234.494415, 0.999994
5, 937,31,52.727245, 52.732597, 119.125641, 80.801430,13.084290, 234.494415, 0.999898
5, 938,0,173.157913, 173.165573, 119.123322, 50.937920,16.730806, 202.321533, 0.999956
5, 938,1,107.397087, 107.402550, 119.123322, 50.937920,16.730806, 202.321533, 0.999949
5, 938,2,57.938519, 57.950089, 119.123322, 50.937920,16.730806, 202.321533, 0.999800
5, 938,3,153.081696, 153.090118, 119.123322, 50.937920,16.730806, 202.321533, 0.999945
5, 938,4,152.086792, 152.084534, 119.123322, 50.937920,16.730806, 202.321533, 1.000015
5, 938,5,202.321533, 202.327087, 119.123322, 50.937920,16.730806, 202.321533, 0.999973
5, 938,6,52.319931, 52.323692, 119.123322, 50.937920,16.730806, 202.321533, 0.999928
5, 938,7,171.004089, 171.010773, 119.123322, 50.937920,16.730806, 202.321533, 0.999961
5, 938,8,129.252014, 129.249725, 119.123322, 50.937920,16.730806, 202.321533, 1.000018
5, 938,9,75.809280, 75.798943, 119.123322, 50.937920,16.730806, 202.321533, 1.000136
5, 938,10,147.095444, 147.098587, 119.123322, 50.937920,16.730806, 202.321533, 0.999979
5, 938,11,16.730806, 16.727737, 119.123322, 50.937920,16.730806, 202.321533, 1.000183
5, 938,12,21.568466, 21.558060, 119.123322, 50.937920,16.730806, 202.321533, 1.000483
5, 938,13,102.046738, 102.045494, 119.123322, 50.937920,16.730806, 202.321533, 1.000012
5, 938,14,119.517281, 119.517265, 119.123322, 50.937920,16.730806, 202.321533, 1.000000
5, 938,15,110.357796, 110.365379, 119.123322, 50.937920,16.730806, 202.321533, 0.999931
5, 938,16,195.639359, 195.635269, 119.123322, 50.937920,16.730806, 202.321533, 1.000021
5, 938,17,86.118057, 86.135956, 119.123322, 50.937920,16.730806, 202.321533, 0.999792
5, 938,18,95.142059, 95.156151, 119.123322, 50.937920,16.730806, 202.321533, 0.999852
5, 938,19,177.950745, 177.936035, 119.123322, 50.937920,16.730806, 202.321533, 1.000083
5, 938,20,86.459579, 86.459167, 119.123322, 50.937920,16.730806, 202.321533, 1.000005
5, 938,21,98.237953, 98.232712, 119.123322, 50.937920,16.730806, 202.321533, 1.000053
5, 938,22,129.090302, 129.082153, 119.123322, 50.937920,16.730806, 202.321533, 1.000063
5, 938,23,140.145630, 140.155380, 119.123322, 50.937920,16.730806, 202.321533, 0.999930
5, 938,24,164.475754, 164.468597, 119.123322, 50.937920,16.730806, 202.321533, 1.000044
5, 938,25,88.552094, 88.548126, 119.123322, 50.937920,16.730806, 202.321533, 1.000045
5, 938,26,110.655396, 110.658676, 119.123322, 50.937920,16.730806, 202.321533, 0.999970
5, 938,27,30.241522, 30.243067, 119.123322, 50.937920,16.730806, 202.321533, 0.999949
5, 938,28,147.405823, 147.409836, 119.123322, 50.937920,16.730806, 202.321533, 0.999973
5, 938,29,176.863449, 176.864639, 119.123322, 50.937920,16.730806, 202.321533, 0.999993
5, 938,30,194.345917, 194.342392, 119.123322, 50.937920,16.730806, 202.321533, 1.000018
5, 938,31,98.937218, 98.956963, 119.123322, 50.937920,16.730806, 202.321533, 0.999800
5, 939,0,174.918594, 174.921310, 119.129120, 52.080006,16.166935, 199.527023, 0.999984
5, 939,1,75.974754, 75.959274, 119.129120, 52.080006,16.166935, 199.527023, 1.000204
5, 939,2,92.576607, 92.576378, 119.129120, 52.080006,16.166935, 199.527023, 1.000003
5, 939,3,199.527023, 199.517181, 119.129120, 52.080006,16.166935, 199.527023, 1.000049
5, 939,4,38.448414, 38.460846, 119.129120, 52.080006,16.166935, 199.527023, 0.999677
5, 939,5,142.585602, 142.589706, 119.129120, 52.080006,16.166935, 199.527023, 0.999971
5, 939,6,192.575546, 192.574112, 119.129120, 52.080006,16.166935, 199.527023, 1.000007
5, 939,7,47.414227, 47.405849, 119.129120, 52.080006,16.166935, 199.527023, 1.000177
5, 939,8,131.471359, 131.474991, 119.129120, 52.080006,16.166935, 199.527023, 0.999972
5, 939,9,143.672699, 143.660095, 119.129120, 52.080006,16.166935, 199.527023, 1.000088
5, 939,10,72.208481, 72.215790, 119.129120, 52.080006,16.166935, 199.527023, 0.999899
5, 939,11,107.102737, 107.093201, 119.129120, 52.080006,16.166935, 199.527023, 1.000089
5, 939,12,160.805008, 160.786362, 119.129120, 52.080006,16.166935, 199.527023, 1.000116
5, 939,13,190.788177, 190.792053, 119.129120, 52.080006,16.166935, 199.527023, 0.999980
5, 939,14,88.796249, 88.798187, 119.129120, 52.080006,16.166935, 199.527023, 0.999978
5, 939,15,168.826233, 168.817200, 119.129120, 52.080006,16.166935, 199.527023, 1.000054
5, 939,16,159.992126, 159.987900, 119.129120, 52.080006,16.166935, 199.527023, 1.000026
5, 939,17,169.274902, 169.262711, 119.129120, 52.080006,16.166935, 199.527023, 1.000072
5, 939,18,154.472580, 154.473938, 119.129120, 52.080006,16.166935, 199.527023, 0.999991
5, 939,19,180.748871, 180.736160, 119.129120, 52.080006,16.166935, 199.527023, 1.000070
5, 939,20,188.030594, 188.014816, 119.129120, 52.080006,16.166935, 199.527023, 1.000084
5, 939,21,97.106636, 97.100952, 119.129120, 52.080006,16.166935, 199.527023, 1.000059
5, 939,22,104.501938, 104.501122, 119.129120, 52.080006,16.166935, 199.527023, 1.000008
5, 939,23,115.779678, 115.766273, 119.129120, 52.080006,16.166935, 199.527023, 1.000116
5, 939,24,88.877670, 88.873398, 119.129120, 52.080006,16.166935, 199.527023, 1.000048
5, 939,25,111.357285, 111.340057, 119.129120, 52.080006,16.166935, 199.527023, 1.000155
5, 939,26,46.675594, 46.676826, 119.129120, 52.080006,16.166935, 199.527023, 0.999974
5, 939,27,84.621056, 84.614975, 119.129120, 52.080006,16.166935, 199.527023, 1.000072
5, 939,28,29.327763, 29.330694, 119.129120, 52.080006,16.166935, 199.527023, 0.999900
5, 939,29,16.166935, 16.167770, 119.129120, 52.080006,16.166935, 199.527023, 0.999948
5, 939,30,128.977905, 128.975494, 119.129120, 52.080006,16.166935, 199.527023, 1.000019
5, 939,31,108.528336, 108.533890, 119.129120, 52.080006,16.166935, 199.527023, 0.999949
5, 940,0,213.046555, 213.043457, 119.125954, 84.774010,12.516836, 261.274719, 1.000015
5, 940,1,169.412643, 169.402939, 119.125954, 84.774010,12.516836, 261.274719, 1.000057
5, 940,2,17.770437, 17.765545, 119.125954, 84.774010,12.516836, 261.274719, 1.000275
5, 940,3,261.274719, 261.264221, 119.125954, 84.774010,12.516836, 261.274719, 1.000040
5, 940,4,167.822968, 167.837433, 119.125954, 84.774010,12.516836, 261.274719, 0.999914
5, 940,5,179.020462, 179.020767, 119.125954, 84.774010,12.516836, 261.274719, 0.999998
5, 940,6,216.546738, 216.561966, 119.125954, 84.774010,12.516836, 261.274719, 0.999930
5, 940,7,194.595993, 194.606094, 119.125954, 84.774010,12.516836, 261.274719, 0.999948
5, 940,8,219.494202, 219.491486, 119.125954, 84.774010,12.516836, 261.274719, 1.000012
5, 940,9,209.612000, 209.602432, 119.125954, 84.774010,12.516836, 261.274719, 1.000046
5, 940,10,92.473892, 92.460495, 119.125954, 84.774010,12.516836, 261.274719, 1.000145
5, 940,11,106.987663, 106.984077, 119.125954, 84.774010,12.516836, 261.274719, 1.000033
5, 940,12,231.826859, 231.814072, 119.125954, 84.774010,12.516836, 261.274719, 1.000055
5, 940,13,228.401932, 228.404053, 119.125954, 84.774010,12.516836, 261.274719, 0.999991
5, 940,14,178.821396, 178.811508, 119.125954, 84.774010,12.516836, 261.274719, 1.000055
5, 940,15,13.420344, 13.425520, 119.125954, 84.774010,12.516836, 261.274719, 0.999614
5, 940,16,12.516836, 12.526515, 119.125954, 84.774010,12.516836, 261.274719, 0.999227
5, 940,17,110.994522, 111.014099, 119.125954, 84.774010,12.516836, 261.274719, 0.999824
5, 940,18,32.023708, 32.017883, 119.125954, 84.774010,12.516836, 261.274719, 1.000182
5, 940,19,12.773189, 12.782267, 119.125954, 84.774010,12.516836, 261.274719, 0.999290
5, 940,20,40.446430, 40.434433, 119.125954, 84.774010,12.516836, 261.274719, 1.000297
5, 940,21,31.161520, 31.157625, 119.125954, 84.774010,12.516836, 261.274719, 1.000125
5, 940,22,14.436970, 14.440777, 119.125954, 84.774010,12.516836, 261.274719, 0.999736
5, 940,23,49.840714, 49.819733, 119.125954, 84.774010,12.516836, 261.274719, 1.000421
5, 940,24,52.346642, 52.361755, 119.125954, 84.774010,12.516836, 261.274719, 0.999711
5, 940,25,160.494797, 160.490387, 119.125954, 84.774010,12.516836, 261.274719, 1.000027
5, 940,26,68.029037, 68.032349, 119.125954, 84.774010,12.516836, 261.274719, 0.999951
5, 940,27,70.582214, 70.589859, 119.125954, 84.774010,12.516836, 261.274719, 0.999892
5, 940,28,259.356171, 259.349976, 119.125954, 84.774010,12.516836, 261.274719, 1.000024
5, 940,29,99.109848, 99.117775, 119.125954, 84.774010,12.516836, 261.274719, 0.999920
5, 940,30,57.907993, 57.903034, 119.125954, 84.774010,12.516836, 261.274719, 1.000086
5, 940,31,39.480785, 39.465675, 119.125954, 84.774010,12.516836, 261.274719, 1.000383
5, 941,0,149.586365, 149.587799, 119.124420, 55.207790,10.425331, 210.423111, 0.999990
5, 941,1,88.376831, 88.375626, 119.124420, 55.207790,10.425331, 210.423111, 1.000014
5, 941,2,36.270237, 36.278049, 119.124420, 55.207790,10.425331, 210.423111, 0.999785
5, 941,3,141.851913, 141.861160, 119.124420, 55.207790,10.425331, 210.423111, 0.999935
5, 941,4,119.108604, 119.108734, 119.124420, 55.207790,10.425331, 210.423111, 0.999999
5, 941,5,199.480499, 199.485733, 119.124420, 55.207790,10.425331, 210.423111, 0.999974
5, 941,6,183.628540, 183.623489, 119.124420, 55.207790,10.425331, 210.423111, 1.000028
5, 941,7,90.281685, 90.290253, 119.124420, 55.207790,10.425331, 210.423111, 0.999905
5, 941,8,102.148933, 102.149757, 119.124420, 55.207790,10.425331, 210.423111, 0.999992
5, 941,9,202.646774, 202.658188, 119.124420, 55.207790,10.425331, 210.423111, 0.999944
5, 941,10,178.022217, 178.022141, 119.124420, 55.207790,10.425331, 210.423111, 1.000000
5, 941,11,106.844994, 106.827881, 119.124420, 55.207790,10.425331, 210.423111, 1.000160
5, 941,12,18.832621, 18.835770, 119.124420, 55.207790,10.425331, 210.423111, 0.999833
5, 941,13,48.131016, 48.131363, 119.124420, 55.207790,10.425331, 210.423111, 0.999993
5, 941,14,123.279701, 123.266388, 119.124420, 55.207790,10.425331, 210.423111, 1.000108
5, 941,15,118.129425, 118.135941, 119.124420, 55.207790,10.425331, 210.423111, 0.999945
5, 941,16,85.689667, 85.686478, 119.124420, 55.207790,10.425331, 210.423111, 1.000037
5, 941,17,10.425331, 10.415145, 119.124420, 55.207790,10.425331, 210.423111, 1.000978
5, 941,18,179.787979, 179.788040, 119.124420, 55.207790,10.425331, 210.423111, 1.000000
5, 941,19,41.174690, 41.173038, 119.124420, 55.207790,10.425331, 210.423111, 1.000040
5, 941,20,67.750656, 67.742310, 119.124420, 55.207790,10.425331, 210.423111, 1.000123
5, 941,21,114.787231, 114.789986, 119.124420, 55.207790,10.425331, 210.423111, 0.999976
5, 941,22,178.627502, 178.623154, 119.124420, 55.207790,10.425331, 210.423111, 1.000024
5, 941,23,154.469498, 154.482788, 119.124420, 55.207790,10.425331, 210.423111, 0.999914
5, 941,24,118.887436, 118.879486, 119.124420, 55.207790,10.425331, 210.423111, 1.000067
5, 941,25,78.175537, 78.164307, 119.124420, 55.207790,10.425331, 210.423111, 1.000144
5, 941,26,128.872589, 128.867737, 119.124420, 55.207790,10.425331, 210.423111, 1.000038
5, 941,27,210.423111, 210.428207, 119.124420, 55.207790,10.425331, 210.423111, 0.999976
5, 941,28,120.393730, 120.397537, 119.124420, 55.207790,10.425331, 210.423111, 0.999968
5, 941,29,100.487061, 100.507767, 119.124420, 55.207790,10.425331, 210.423111, 0.999794
5, 941,30,203.579590, 203.581421, 119.124420, 55.207790,10.425331, 210.423111, 0.999991
5, 941,31,111.829529, 111.834412, 119.124420, 55.207790,10.425331, 210.423111, 0.999956
5, 942,0,11.635568, 11.647986, 119.124115, 70.873993,11.174606, 247.229294, 0.998934
5, 942,1,122.006035, 121.995331, 119.124115, 70.873993,11.174606, 247.229294, 1.000088
5, 942,2,130.372910, 130.378235, 119.124115, 70.873993,11.174606, 247.229294, 0.999959
5, 942,3,247.057343, 247.061691, 119.124115, 70.873993,11.174606, 247.229294, 0.999982
5, 942,4,59.973724, 59.966339, 119.124115, 70.873993,11.174606, 247.229294, 1.000123
5, 942,5,216.529144, 216.540085, 119.124115, 70.873993,11.174606, 247.229294, 0.999949
5, 942,6,92.017334, 92.008011, 119.124115, 70.873993,11.174606, 247.229294, 1.000101
5, 942,7,187.459000, 187.463272, 119.124115, 70.873993,11.174606, 247.229294, 0.999977
5, 942,8,65.968178, 65.971329, 119.124115, 70.873993,11.174606, 247.229294, 0.999952
5, 942,9,95.148048, 95.138435, 119.124115, 70.873993,11.174606, 247.229294, 1.000101
5, 942,10,165.806976, 165.806198, 119.124115, 70.873993,11.174606, 247.229294, 1.000005
5, 942,11,173.134735, 173.135590, 119.124115, 70.873993,11.174606, 247.229294, 0.999995
5, 942,12,247.229294, 247.219727, 119.124115, 70.873993,11.174606, 247.229294, 1.000039
5, 942,13,63.632397, 63.638565, 119.124115, 70.873993,11.174606, 247.229294, 0.999903
5, 942,14,134.160767, 134.148285, 119.124115, 70.873993,11.174606, 247.229294, 1.000093
5, 942,15,113.482452, 113.469452, 119.124115, 70.873993,11.174606, 247.229294, 1.000115
5, 942,16,23.701609, 23.718168, 119.124115, 70.873993,11.174606, 247.229294, 0.999302
5, 942,17,102.413612, 102.407631, 119.124115, 70.873993,11.174606, 247.229294, 1.000058
5, 942,18,33.376167, 33.380333, 119.124115, 70.873993,11.174606, 247.229294, 0.999875
5, 942,19,90.269440, 90.277245, 119.124115, 70.873993,11.174606, 247.229294, 0.999914
5, 942,20,180.285538, 180.291916, 119.124115, 70.873993,11.174606, 247.229294, 0.999965
5, 942,21,67.596596, 67.604263, 119.124115, 70.873993,11.174606, 247.229294, 0.999887
5, 942,22,197.409042, 197.411407, 119.124115, 70.873993,11.174606, 247.229294, 0.999988
5, 942,23,11.174606, 11.181433, 119.124115, 70.873993,11.174606, 247.229294, 0.999389
5, 942,24,115.270699, 115.275467, 119.124115, 70.873993,11.174606, 247.229294, 0.999959
5, 942,25,85.487282, 85.476257, 119.124115, 70.873993,11.174606, 247.229294, 1.000129
5, 942,26,228.839935, 228.843536, 119.124115, 70.873993,11.174606, 247.229294, 0.999984
5, 942,27,14.790853, 14.785933, 119.124115, 70.873993,11.174606, 247.229294, 1.000333
5, 942,28,231.215515, 231.213928, 119.124115, 70.873993,11.174606, 247.229294, 1.000007
5, 942,29,68.740173, 68.755600, 119.124115, 70.873993,11.174606, 247.229294, 0.999776
5, 942,30,110.734047, 110.737862, 119.124115, 70.873993,11.174606, 247.229294, 0.999966
5, 942,31,125.052193, 125.050507, 119.124115, 70.873993,11.174606, 247.229294, 1.000013
5, 943,0,140.400833, 140.408722, 119.124641, 61.812706,13.928292, 213.962967, 0.999944
5, 943,1,101.167885, 101.165382, 119.124641, 61.812706,13.928292, 213.962967, 1.000025
5, 943,2,116.413086, 116.414879, 119.124641, 61.812706,13.928292, 213.962967, 0.999985
5, 943,3,202.278259, 202.282349, 119.124641, 61.812706,13.928292, 213.962967, 0.999980
5, 943,4,179.789597, 179.789673, 119.124641, 61.812706,13.928292, 213.962967, 1.000000
5, 943,5,213.962967, 213.954010, 119.124641, 61.812706,13.928292, 213.962967, 1.000042
5, 943,6,142.483688, 142.485352, 119.124641, 61.812706,13.928292, 213.962967, 0.999988
5, 943,7,163.262451, 163.257935, 119.124641, 61.812706,13.928292, 213.962967, 1.000028
5, 943,8,61.246685, 61.234009, 119.124641, 61.812706,13.928292, 213.962967, 1.000207
5, 943,9,196.125366, 196.108749, 119.124641, 61.812706,13.928292, 213.962967, 1.000085
5, 943,10,48.740520, 48.755451, 119.124641, 61.812706,13.928292, 213.962967, 0.999694
5, 943,11,180.463547, 180.471451, 119.124641, 61.812706,13.928292, 213.962967, 0.999956
5, 943,12,49.306244, 49.305885, 119.124641, 61.812706,13.928292, 213.962967, 1.000007
5, 943,13,114.707695, 114.713539, 119.124641, 61.812706,13.928292, 213.962967, 0.999949
5, 943,14,23.590464, 23.585676, 119.124641, 61.812706,13.928292, 213.962967, 1.000203
5, 943,15,57.234612, 57.243370, 119.124641, 61.812706,13.928292, 213.962967, 0.999847
5, 943,16,141.340378, 141.328201, 119.124641, 61.812706,13.928292, 213.962967, 1.000086
5, 943,17,13.928292, 13.921832, 119.124641, 61.812706,13.928292, 213.962967, 1.000464
5, 943,18,133.578186, 133.578354, 119.124641, 61.812706,13.928292, 213.962967, 0.999999
5, 943,19,123.872292, 123.883240, 119.124641, 61.812706,13.928292, 213.962967, 0.999912
5, 943,20,113.050827, 113.055977, 119.124641, 61.812706,13.928292, 213.962967, 0.999954
5, 943,21,213.509445, 213.516159, 119.124641, 61.812706,13.928292, 213.962967, 0.999969
5, 943,22,170.867477, 170.863907, 119.124641, 61.812706,13.928292, 213.962967, 1.000021
5, 943,23,81.732056, 81.743874, 119.124641, 61.812706,13.928292, 213.962967, 0.999855
5, 943,24,40.285664, 40.280045, 119.124641, 61.812706,13.928292, 213.962967, 1.000139
5, 943,25,179.552048, 179.545731, 119.124641, 61.812706,13.928292, 213.962967, 1.000035
5, 943,26,94.914238, 94.916725, 119.124641, 61.812706,13.928292, 213.962967, 0.999974
5, 943,27,163.042770, 163.045258, 119.124641, 61.812706,13.928292, 213.962967, 0.999985
5, 943,28,21.874327, 21.871830, 119.124641, 61.812706,13.928292, 213.962967, 1.000114
5, 943,29,200.786987, 200.774918, 119.124641, 61.812706,13.928292, 213.962967, 1.000060
5, 943,30,50.312420, 50.325439, 119.124641, 61.812706,13.928292, 213.962967, 0.999741
5, 943,31,78.167122, 78.172318, 119.124641, 61.812706,13.928292, 213.962967, 0.999934
5, 944,0,207.607605, 207.619980, 119.126022, 79.010155,10.892529, 231.849319, 0.999940
5, 944,1,182.373795, 182.379395, 119.126022, 79.010155,10.892529, 231.849319, 0.999969
5, 944,2,76.771408, 76.762276, 119.126022, 79.010155,10.892529, 231.849319, 1.000119
5, 944,3,153.112137, 153.114014, 119.126022, 79.010155,10.892529, 231.849319, 0.999988
5, 944,4,132.072357, 132.059189, 119.126022, 79.010155,10.892529, 231.849319, 1.000100
5, 944,5,79.576050, 79.576126, 119.126022, 79.010155,10.892529, 231.849319, 0.999999
5, 944,6,91.083176, 91.069481, 119.126022, 79.010155,10.892529, 231.849319, 1.000150
5, 944,7,23.521900, 23.516247, 119.126022, 79.010155,10.892529, 231.849319, 1.000240
5, 944,8,17.995678, 17.986553, 119.126022, 79.010155,10.892529, 231.849319, 1.000507
5, 944,9,90.557724, 90.558510, 119.126022, 79.010155,10.892529, 231.849319, 0.999991
5, 944,10,149.190536, 149.194244, 119.126022, 79.010155,10.892529, 231.849319, 0.999975
5, 944,11,219.726868, 219.722305, 119.126022, 79.010155,10.892529, 231.849319, 1.000021
5, 944,12,56.257828, 56.260422, 119.126022, 79.010155,10.892529, 231.849319, 0.999954
5, 944,13,218.958099, 218.945343, 119.126022, 79.010155,10.892529, 231.849319, 1.000058
5, 944,14,231.849319, 231.845642, 119.126022, 79.010155,10.892529, 231.849319, 1.000016
5, 944,15,22.025455, 22.018330, 119.126022, 79.010155,10.892529, 231.849319, 1.000324
5, 944,16,36.756840, 36.773506, 119.126022, 79.010155,10.892529, 231.849319, 0.999547
5, 944,17,60.358566, 60.362190, 119.126022, 79.010155,10.892529, 231.849319, 0.999940
5, 944,18,183.707535, 183.695313, 119.126022, 79.010155,10.892529, 231.849319, 1.000067
5, 944,19,217.231873, 217.237442, 119.126022, 79.010155,10.892529, 231.849319, 0.999974
5, 944,20,191.556351, 191.548874, 119.126022, 79.010155,10.892529, 231.849319, 1.000039
5, 944,21,200.923920, 200.928345, 119.126022, 79.010155,10.892529, 231.849319, 0.999978
5, 944,22,19.151020, 19.162489, 119.126022, 79.010155,10.892529, 231.849319, 0.999402
5, 944,23,145.877197, 145.862427, 119.126022, 79.010155,10.892529, 231.849319, 1.000101
5, 944,24,104.890770, 104.886711, 119.126022, 79.010155,10.892529, 231.849319, 1.000039
5, 944,25,10.892529, 10.881950, 119.126022, 79.010155,10.892529, 231.849319, 1.000972
5, 944,26,33.282963, 33.294701, 119.126022, 79.010155,10.892529, 231.849319, 0.999647
5, 944,27,150.299362, 150.300171, 119.126022, 79.010155,10.892529, 231.849319, 0.999995
5, 944,28,227.502655, 227.498871, 119.126022, 79.010155,10.892529, 231.849319, 1.000017
5, 944,29,11.600417, 11.602911, 119.126022, 79.010155,10.892529, 231.849319, 0.999785
5, 944,30,36.875931, 36.878502, 119.126022, 79.010155,10.892529, 231.849319, 0.999930
5, 944,31,228.444519, 228.457825, 119.126022, 79.010155,10.892529, 231.849319, 0.999942
5, 945,0,102.585159, 102.577675, 119.122887, 66.640480,20.315577, 242.774155, 1.000073
5, 945,1,145.900452, 145.893280, 119.122887, 66.640480,20.315577, 242.774155, 1.000049
5, 945,2,140.739914, 140.731644, 119.122887, 66.640480,20.315577, 242.774155, 1.000059
5, 945,3,33.286190, 33.302891, 119.122887, 66.640480,20.315577, 242.774155, 0.999499
5, 945,4,93.473946, 93.476875, 119.122887, 66.640480,20.315577, 242.774155, 0.999969
5, 945,5,242.774155, 242.787445, 119.122887, 66.640480,20.315577, 242.774155, 0.999945
5, 945,6,51.261742, 51.270569, 119.122887, 66.640480,20.315577, 242.774155, 0.999828
5, 945,7,198.891052, 198.890762, 119.122887, 66.640480,20.315577, 242.774155, 1.000001
5, 945,8,133.568466, 133.570221, 119.122887, 66.640480,20.315577, 242.774155, 0.999987
5, 945,9,52.082211, 52.100658, 119.122887, 66.640480,20.315577, 242.774155, 0.999646
5, 945,10,170.502777, 170.509232, 119.122887, 66.640480,20.315577, 242.774155, 0.999962
5, 945,11,224.563995, 224.555649, 119.122887, 66.640480,20.315577, 242.774155, 1.000037
5, 945,12,100.750038, 100.759033, 119.122887, 66.640480,20.315577, 242.774155, 0.999911
5, 945,13,144.002258, 144.021820, 119.122887, 66.640480,20.315577, 242.774155, 0.999864
5, 945,14,30.642708, 30.639057, 119.122887, 66.640480,20.315577, 242.774155, 1.000119
5, 945,15,134.539932, 134.551239, 119.122887, 66.640480,20.315577, 242.774155, 0.999916
5, 945,16,227.185318, 227.174210, 119.122887, 66.640480,20.315577, 242.774155, 1.000049
5, 945,17,20.315577, 20.323303, 119.122887, 66.640480,20.315577, 242.774155, 0.999620
5, 945,18,161.073975, 161.068848, 119.122887, 66.640480,20.315577, 242.774155, 1.000032
5, 945,19,123.836281, 123.835533, 119.122887, 66.640480,20.315577, 242.774155, 1.000006
5, 945,20,141.952637, 141.954132, 119.122887, 66.640480,20.315577, 242.774155, 0.999989
5, 945,21,27.726437, 27.711102, 119.122887, 66.640480,20.315577, 242.774155, 1.000553
5, 945,22,211.922226, 211.923187, 119.122887, 66.640480,20.315577, 242.774155, 0.999995
5, 945,23,36.686554, 36.683624, 119.122887, 66.640480,20.315577, 242.774155, 1.000080
5, 945,24,95.587021, 95.597374, 119.122887, 66.640480,20.315577, 242.774155, 0.999892
5, 945,25,188.512405, 188.514648, 119.122887, 66.640480,20.315577, 242.774155, 0.999988
5, 945,26,143.865540, 143.863327, 119.122887, 66.640480,20.315577, 242.774155, 1.000015
5, 945,27,31.826696, 31.823824, 119.122887, 66.640480,20.315577, 242.774155, 1.000090
5, 945,28,108.048332, 108.048729, 119.122887, 66.640480,20.315577, 242.774155, 0.999996
5, 945,29,67.304459, 67.306396, 119.122887, 66.640480,20.315577, 242.774155, 0.999971
5, 945,30,40.937420, 40.939720, 119.122887, 66.640480,20.315577, 242.774155, 0.999944
5, 945,31,185.586929, 185.594238, 119.122887, 66.640480,20.315577, 242.774155, 0.999961
5, 946,0,59.747429, 59.741501, 119.126411, 43.231426,35.051277, 189.279343, 1.000099
5, 946,1,155.172989, 155.162949, 119.126411, 43.231426,35.051277, 189.279343, 1.000065
5, 946,2,121.929489, 121.935089, 119.126411, 43.231426,35.051277, 189.279343, 0.999954
5, 946,3,93.189651, 93.192215, 119.126411, 43.231426,35.051277, 189.279343, 0.999973
5, 946,4,41.868141, 41.879578, 119.126411, 43.231426,35.051277, 189.279343, 0.999727
5, 946,5,77.441673, 77.447426, 119.126411, 43.231426,35.051277, 189.279343, 0.999926
5, 946,6,184.554153, 184.552109, 119.126411, 43.231426,35.051277, 189.279343, 1.000011
5, 946,7,102.095451, 102.095314, 119.126411, 43.231426,35.051277, 189.279343, 1.000001
5, 946,8,186.920776, 186.936661, 119.126411, 43.231426,35.051277, 189.279343, 0.999915
5, 946,9,127.157227, 127.155502, 119.126411, 43.231426,35.051277, 189.279343, 1.000014
5, 946,10,144.368530, 144.371140, 119.126411, 43.231426,35.051277, 189.279343, 0.999982
5, 946,11,134.386505, 134.370468, 119.126411, 43.231426,35.051277, 189.279343, 1.000119
5, 946,12,186.958298, 186.964523, 119.126411, 43.231426,35.051277, 189.279343, 0.999967
5, 946,13,157.797775, 157.787064, 119.126411, 43.231426,35.051277, 189.279343, 1.000068
5, 946,14,91.877686, 91.882935, 119.126411, 43.231426,35.051277, 189.279343, 0.999943
5, 946,15,144.005585, 144.008987, 119.126411, 43.231426,35.051277, 189.279343, 0.999976
5, 946,16,142.622131, 142.621719, 119.126411, 43.231426,35.051277, 189.279343, 1.000003
5, 946,17,70.730667, 70.717171, 119.126411, 43.231426,35.051277, 189.279343, 1.000191
5, 946,18,169.386536, 169.381180, 119.126411, 43.231426,35.051277, 189.279343, 1.000032
5, 946,19,73.621666, 73.608727, 119.126411, 43.231426,35.051277, 189.279343, 1.000176
5, 946,20,121.746834, 121.751228, 119.126411, 43.231426,35.051277, 189.279343, 0.999964
5, 946,21,66.854454, 66.845047, 119.126411, 43.231426,35.051277, 189.279343, 1.000141
5, 946,22,112.646591, 112.653130, 119.126411, 43.231426,35.051277, 189.279343, 0.999942
5, 946,23,156.825684, 156.823227, 119.126411, 43.231426,35.051277, 189.279343, 1.000016
5, 946,24,96.321640, 96.306633, 119.126411, 43.231426,35.051277, 189.279343, 1.000156
5, 946,25,128.445236, 128.436920, 119.126411, 43.231426,35.051277, 189.279343, 1.000065
5, 946,26,189.279343, 189.271088, 119.126411, 43.231426,35.051277, 189.279343, 1.000044
5, 946,27,134.420624, 134.415039, 119.126411, 43.231426,35.051277, 189.279343, 1.000042
5, 946,28,35.051277, 35.060181, 119.126411, 43.231426,35.051277, 189.279343, 0.999746
5, 946,29,128.874893, 128.882629, 119.126411, 43.231426,35.051277, 189.279343, 0.999940
5, 946,30,70.653923, 70.644737, 119.126411, 43.231426,35.051277, 189.279343, 1.000130
5, 946,31,105.092751, 105.098312, 119.126411, 43.231426,35.051277, 189.279343, 0.999947
5, 947,0,21.899591, 21.883224, 119.125542, 58.743603,11.210532, 196.862045, 1.000748
5, 947,1,54.698841, 54.699528, 119.125542, 58.743603,11.210532, 196.862045, 0.999987
5, 947,2,125.173515, 125.165176, 119.125542, 58.743603,11.210532, 196.862045, 1.000067
5, 947,3,177.518387, 177.519028, 119.125542, 58.743603,11.210532, 196.862045, 0.999996
5, 947,4,184.089783, 184.091949, 119.125542, 58.743603,11.210532, 196.862045, 0.999988
5, 947,5,75.104828, 75.113060, 119.125542, 58.743603,11.210532, 196.862045, 0.999890
5, 947,6,157.819260, 157.818359, 119.125542, 58.743603,11.210532, 196.862045, 1.000006
5, 947,7,99.819168, 99.815910, 119.125542, 58.743603,11.210532, 196.862045, 1.000033
5, 947,8,44.409035, 44.411205, 119.125542, 58.743603,11.210532, 196.862045, 0.999951
5, 947,9,173.016434, 173.018265, 119.125542, 58.743603,11.210532, 196.862045, 0.999989
5, 947,10,196.862045, 196.869293, 119.125542, 58.743603,11.210532, 196.862045, 0.999963
5, 947,11,84.387329, 84.386444, 119.125542, 58.743603,11.210532, 196.862045, 1.000010
5, 947,12,48.856266, 48.857601, 119.125542, 58.743603,11.210532, 196.862045, 0.999973
5, 947,13,89.239960, 89.237602, 119.125542, 58.743603,11.210532, 196.862045, 1.000026
5, 947,14,59.889122, 59.889000, 119.125542, 58.743603,11.210532, 196.862045, 1.000002
5, 947,15,94.016502, 94.010231, 119.125542, 58.743603,11.210532, 196.862045, 1.000067
5, 947,16,181.916962, 181.929169, 119.125542, 58.743603,11.210532, 196.862045, 0.999933
5, 947,17,152.584488, 152.580566, 119.125542, 58.743603,11.210532, 196.862045, 1.000026
5, 947,18,189.950104, 189.958038, 119.125542, 58.743603,11.210532, 196.862045, 0.999958
5, 947,19,152.765579, 152.779922, 119.125542, 58.743603,11.210532, 196.862045, 0.999906
5, 947,20,171.607986, 171.604599, 119.125542, 58.743603,11.210532, 196.862045, 1.000020
5, 947,21,95.866272, 95.864899, 119.125542, 58.743603,11.210532, 196.862045, 1.000014
5, 947,22,184.362061, 184.357773, 119.125542, 58.743603,11.210532, 196.862045, 1.000023
5, 947,23,33.762100, 33.760406, 119.125542, 58.743603,11.210532, 196.862045, 1.000050
5, 947,24,153.969177, 153.970062, 119.125542, 58.743603,11.210532, 196.862045, 0.999994
5, 947,25,56.075176, 56.076946, 119.125542, 58.743603,11.210532, 196.862045, 0.999968
5, 947,26,74.918854, 74.913696, 119.125542, 58.743603,11.210532, 196.862045, 1.000069
5, 947,27,193.666290, 193.661362, 119.125542, 58.743603,11.210532, 196.862045, 1.000025
5, 947,28,170.645447, 170.631943, 119.125542, 58.743603,11.210532, 196.862045, 1.000079
5, 947,29,127.340790, 127.340027, 119.125542, 58.743603,11.210532, 196.862045, 1.000006
5, 947,30,11.210532, 11.214300, 119.125542, 58.743603,11.210532, 196.862045, 0.999664
5, 947,31,174.574921, 174.570877, 119.125542, 58.743603,11.210532, 196.862045, 1.000023
5, 948,0,150.804672, 150.804016, 119.125328, 62.049755,10.700872, 220.107864, 1.000004
5, 948,1,88.377594, 88.359390, 119.125328, 62.049755,10.700872, 220.107864, 1.000206
5, 948,2,37.869087, 37.874096, 119.125328, 62.049755,10.700872, 220.107864, 0.999868
5, 948,3,104.608215, 104.612648, 119.125328, 62.049755,10.700872, 220.107864, 0.999958
5, 948,4,52.280037, 52.282349, 119.125328, 62.049755,10.700872, 220.107864, 0.999956
5, 948,5,193.231628, 193.225723, 119.125328, 62.049755,10.700872, 220.107864, 1.000031
5, 948,6,166.706085, 166.705521, 119.125328, 62.049755,10.700872, 220.107864, 1.000003
5, 948,7,78.734169, 78.722923, 119.125328, 62.049755,10.700872, 220.107864, 1.000143
5, 948,8,64.539497, 64.527039, 119.125328, 62.049755,10.700872, 220.107864, 1.000193
5, 948,9,130.622086, 130.621826, 119.125328, 62.049755,10.700872, 220.107864, 1.000002
5, 948,10,11.236090, 11.227788, 119.125328, 62.049755,10.700872, 220.107864, 1.000739
5, 948,11,10.700872, 10.703489, 119.125328, 62.049755,10.700872, 220.107864, 0.999756
5, 948,12,40.873543, 40.860607, 119.125328, 62.049755,10.700872, 220.107864, 1.000317
5, 948,13,71.386528, 71.389374, 119.125328, 62.049755,10.700872, 220.107864, 0.999960
5, 948,14,192.648819, 192.661606, 119.125328, 62.049755,10.700872, 220.107864, 0.999934
5, 948,15,181.109192, 181.120407, 119.125328, 62.049755,10.700872, 220.107864, 0.999938
5, 948,16,209.615692, 209.631622, 119.125328, 62.049755,10.700872, 220.107864, 0.999924
5, 948,17,143.571060, 143.563370, 119.125328, 62.049755,10.700872, 220.107864, 1.000054
5, 948,18,171.109253, 171.098999, 119.125328, 62.049755,10.700872, 220.107864, 1.000060
5, 948,19,176.084839, 176.076523, 119.125328, 62.049755,10.700872, 220.107864, 1.000047
5, 948,20,193.067032, 193.073090, 119.125328, 62.049755,10.700872, 220.107864, 0.999969
5, 948,21,140.930161, 140.935242, 119.125328, 62.049755,10.700872, 220.107864, 0.999964
5, 948,22,125.695236, 125.710678, 119.125328, 62.049755,10.700872, 220.107864, 0.999877
5, 948,23,15.495371, 15.488543, 119.125328, 62.049755,10.700872, 220.107864, 1.000441
5, 948,24,107.823715, 107.818169, 119.125328, 62.049755,10.700872, 220.107864, 1.000051
5, 948,25,163.023041, 163.028778, 119.125328, 62.049755,10.700872, 220.107864, 0.999965
5, 948,26,40.447483, 40.455772, 119.125328, 62.049755,10.700872, 220.107864, 0.999795
5, 948,27,95.856689, 95.845573, 119.125328, 62.049755,10.700872, 220.107864, 1.000116
5, 948,28,220.107864, 220.097687, 119.125328, 62.049755,10.700872, 220.107864, 1.000046
5, 948,29,154.614273, 154.626740, 119.125328, 62.049755,10.700872, 220.107864, 0.999919
5, 948,30,134.187668, 134.192368, 119.125328, 62.049755,10.700872, 220.107864, 0.999965
5, 948,31,144.652908, 144.658432, 119.125328, 62.049755,10.700872, 220.107864, 0.999962
5, 949,0,93.060020, 93.041908, 119.124870, 58.742714,14.971239, 221.406464, 1.000195
5, 949,1,127.851990, 127.863838, 119.124870, 58.742714,14.971239, 221.406464, 0.999907
5, 949,2,152.284882, 152.294708, 119.124870, 58.742714,14.971239, 221.406464, 0.999935
5, 949,3,109.860603, 109.857971, 119.124870, 58.742714,14.971239, 221.406464, 1.000024
5, 949,4,191.545425, 191.544189, 119.124870, 58.742714,14.971239, 221.406464, 1.000006
5, 949,5,60.615536, 60.621239, 119.124870, 58.742714,14.971239, 221.406464, 0.999906
5, 949,6,61.016510, 61.010632, 119.124870, 58.742714,14.971239, 221.406464, 1.000096
5, 949,7,87.265663, 87.251472, 119.124870, 58.742714,14.971239, 221.406464, 1.000163
5, 949,8,185.560715, 185.566284, 119.124870, 58.742714,14.971239, 221.406464, 0.999970
5, 949,9,117.653519, 117.653061, 119.124870, 58.742714,14.971239, 221.406464, 1.000004
5, 949,10,83.235802, 83.242157, 119.124870, 58.742714,14.971239, 221.406464, 0.999924
5, 949,11,162.872101, 162.866043, 119.124870, 58.742714,14.971239, 221.406464, 1.000037
5, 949,12,200.550674, 200.557968, 119.124870, 58.742714,14.971239, 221.406464, 0.999964
5, 949,13,176.541992, 176.545319, 119.124870, 58.742714,14.971239, 221.406464, 0.999981
5, 949,14,178.817993, 178.816788, 119.124870, 58.742714,14.971239, 221.406464, 1.000007
5, 949,15,143.475845, 143.475662, 119.124870, 58.742714,14.971239, 221.406464, 1.000001
5, 949,16,221.406464, 221.397751, 119.124870, 58.742714,14.971239, 221.406464, 1.000039
5, 949,17,58.450993, 58.450726, 119.124870, 58.742714,14.971239, 221.406464, 1.000005
5, 949,18,20.912748, 20.910248, 119.124870, 58.742714,14.971239, 221.406464, 1.000120
5, 949,19,173.459305, 173.459000, 119.124870, 58.742714,14.971239, 221.406464, 1.000002
5, 949,20,78.601006, 78.612694, 119.124870, 58.742714,14.971239, 221.406464, 0.999851
5, 949,21,71.659370, 71.661285, 119.124870, 58.742714,14.971239, 221.406464, 0.999973
5, 949,22,112.182671, 112.187119, 119.124870, 58.742714,14.971239, 221.406464, 0.999960
5, 949,23,14.971239, 14.982803, 119.124870, 58.742714,14.971239, 221.406464, 0.999228
5, 949,24,101.376785, 101.377831, 119.124870, 58.742714,14.971239, 221.406464, 0.999990
5, 949,25,27.155476, 27.140553, 119.124870, 58.742714,14.971239, 221.406464, 1.000550
5, 949,26,160.119858, 160.125870, 119.124870, 58.742714,14.971239, 221.406464, 0.999962
5, 949,27,170.982330, 170.985641, 119.124870, 58.742714,14.971239, 221.406464, 0.999981
5, 949,28,22.920671, 22.907696, 119.124870, 58.742714,14.971239, 221.406464, 1.000566
5, 949,29,189.103378, 189.099670, 119.124870, 58.742714,14.971239, 221.406464, 1.000020
5, 949,30,153.508392, 153.498947, 119.124870, 58.742714,14.971239, 221.406464, 1.000062
5, 949,31,102.975800, 102.993088, 119.124870, 58.742714,14.971239, 221.406464, 0.999832
5, 950,0,246.704529, 246.692459, 119.128822, 81.093941,12.642528, 255.438553, 1.000049
5, 950,1,201.107513, 201.116913, 119.128822, 81.093941,12.642528, 255.438553, 0.999953
5, 950,2,12.642528, 12.639603, 119.128822, 81.093941,12.642528, 255.438553, 1.000231
5, 950,3,20.739452, 20.736000, 119.128822, 81.093941,12.642528, 255.438553, 1.000167
5, 950,4,51.275970, 51.273056, 119.128822, 81.093941,12.642528, 255.438553, 1.000057
5, 950,5,17.738708, 17.741220, 119.128822, 81.093941,12.642528, 255.438553, 0.999858
5, 950,6,202.300613, 202.295456, 119.128822, 81.093941,12.642528, 255.438553, 1.000026
5, 950,7,77.016762, 77.015228, 119.128822, 81.093941,12.642528, 255.438553, 1.000020
5, 950,8,168.755203, 168.755539, 119.128822, 81.093941,12.642528, 255.438553, 0.999998
5, 950,9,255.438553, 255.442688, 119.128822, 81.093941,12.642528, 255.438553, 0.999984
5, 950,10,248.624374, 248.613632, 119.128822, 81.093941,12.642528, 255.438553, 1.000043
5, 950,11,121.455635, 121.452583, 119.128822, 81.093941,12.642528, 255.438553, 1.000025
5, 950,12,35.489166, 35.491943, 119.128822, 81.093941,12.642528, 255.438553, 0.999922
5, 950,13,62.484638, 62.485310, 119.128822, 81.093941,12.642528, 255.438553, 0.999989
5, 950,14,151.275650, 151.263138, 119.128822, 81.093941,12.642528, 255.438553, 1.000083
5, 950,15,18.762096, 18.758314, 119.128822, 81.093941,12.642528, 255.438553, 1.000202
5, 950,16,69.395813, 69.395096, 119.128822, 81.093941,12.642528, 255.438553, 1.000010
5, 950,17,132.925766, 132.931229, 119.128822, 81.093941,12.642528, 255.438553, 0.999959
5, 950,18,52.179493, 52.177139, 119.128822, 81.093941,12.642528, 255.438553, 1.000045
5, 950,19,209.151733, 209.140656, 119.128822, 81.093941,12.642528, 255.438553, 1.000053
5, 950,20,187.239594, 187.232773, 119.128822, 81.093941,12.642528, 255.438553, 1.000036
5, 950,21,46.037018, 46.034210, 119.128822, 81.093941,12.642528, 255.438553, 1.000061
5, 950,22,183.127579, 183.107895, 119.128822, 81.093941,12.642528, 255.438553, 1.000108
5, 950,23,47.057892, 47.059376, 119.128822, 81.093941,12.642528, 255.438553, 0.999968
5, 950,24,192.668152, 192.665359, 119.128822, 81.093941,12.642528, 255.438553, 1.000015
5, 950,25,44.811848, 44.799164, 119.128822, 81.093941,12.642528, 255.438553, 1.000283
5, 950,26,191.761597, 191.753189, 119.128822, 81.093941,12.642528, 255.438553, 1.000044
5, 950,27,120.444229, 120.451630, 119.128822, 81.093941,12.642528, 255.438553, 0.999939
5, 950,28,125.507973, 125.496742, 119.128822, 81.093941,12.642528, 255.438553, 1.000090
5, 950,29,21.294676, 21.284908, 119.128822, 81.093941,12.642528, 255.438553, 1.000459
5, 950,30,235.224960, 235.213806, 119.128822, 81.093941,12.642528, 255.438553, 1.000047
5, 950,31,61.482414, 61.484364, 119.128822, 81.093941,12.642528, 255.438553, 0.999968
5, 951,0,100.332581, 100.333252, 119.122726, 68.315254,13.080880, 231.491928, 0.999993
5, 951,1,208.517090, 208.529846, 119.122726, 68.315254,13.080880, 231.491928, 0.999939
5, 951,2,13.080880, 13.076616, 119.122726, 68.315254,13.080880, 231.491928, 1.000326
5, 951,3,132.559021, 132.563187, 119.122726, 68.315254,13.080880, 231.491928, 0.999969
5, 951,4,191.802689, 191.811752, 119.122726, 68.315254,13.080880, 231.491928, 0.999953
5, 951,5,44.191368, 44.201942, 119.122726, 68.315254,13.080880, 231.491928, 0.999761
5, 951,6,210.855286, 210.861023, 119.122726, 68.315254,13.080880, 231.491928, 0.999973
5, 951,7,97.344978, 97.351501, 119.122726, 68.315254,13.080880, 231.491928, 0.999933
5, 951,8,49.501328, 49.514866, 119.122726, 68.315254,13.080880, 231.491928, 0.999727
5, 951,9,44.316853, 44.310368, 119.122726, 68.315254,13.080880, 231.491928, 1.000146
5, 951,10,117.354958, 117.349510, 119.122726, 68.315254,13.080880, 231.491928, 1.000046
5, 951,11,114.887184, 114.876022, 119.122726, 68.315254,13.080880, 231.491928, 1.000097
5, 951,12,193.094772, 193.085770, 119.122726, 68.315254,13.080880, 231.491928, 1.000047
5, 951,13,137.645020, 137.645691, 119.122726, 68.315254,13.080880, 231.491928, 0.999995
5, 951,14,35.173798, 35.182175, 119.122726, 68.315254,13.080880, 231.491928, 0.999762
5, 951,15,231.491928, 231.489273, 119.122726, 68.315254,13.080880, 231.491928, 1.000011
5, 951,16,174.310837, 174.314346, 119.122726, 68.315254,13.080880, 231.491928, 0.999980
5, 951,17,42.518040, 42.528099, 119.122726, 68.315254,13.080880, 231.491928, 0.999763
5, 951,18,25.783926, 25.782906, 119.122726, 68.315254,13.080880, 231.491928, 1.000040
5, 951,19,60.074963, 60.072945, 119.122726, 68.315254,13.080880, 231.491928, 1.000034
5, 951,20,97.741669, 97.751335, 119.122726, 68.315254,13.080880, 231.491928, 0.999901
5, 951,21,62.159115, 62.166943, 119.122726, 68.315254,13.080880, 231.491928, 0.999874
5, 951,22,104.770805, 104.765198, 119.122726, 68.315254,13.080880, 231.491928, 1.000054
5, 951,23,220.048981, 220.050201, 119.122726, 68.315254,13.080880, 231.491928, 0.999994
5, 951,24,214.329941, 214.344238, 119.122726, 68.315254,13.080880, 231.491928, 0.999933
5, 951,25,110.871689, 110.864220, 119.122726, 68.315254,13.080880, 231.491928, 1.000067
5, 951,26,193.169266, 193.187424, 119.122726, 68.315254,13.080880, 231.491928, 0.999906
5, 951,27,68.824966, 68.814873, 119.122726, 68.315254,13.080880, 231.491928, 1.000147
5, 951,28,93.951271, 93.949608, 119.122726, 68.315254,13.080880, 231.491928, 1.000018
5, 951,29,225.730804, 225.735840, 119.122726, 68.315254,13.080880, 231.491928, 0.999978
5, 951,30,53.576317, 53.580879, 119.122726, 68.315254,13.080880, 231.491928, 0.999915
5, 951,31,141.914963, 141.908234, 119.122726, 68.315254,13.080880, 231.491928, 1.000047
5, 952,0,98.131744, 98.145485, 119.123558, 59.246853,18.491678, 213.628067, 0.999860
5, 952,1,146.997269, 147.006317, 119.123558, 59.246853,18.491678, 213.628067, 0.999938
5, 952,2,204.417648, 204.412552, 119.123558, 59.246853,18.491678, 213.628067, 1.000025
5, 952,3,62.295334, 62.296810, 119.123558, 59.246853,18.491678, 213.628067, 0.999976
5, 952,4,35.824821, 35.833443, 119.123558, 59.246853,18.491678, 213.628067, 0.999759
5, 952,5,163.507278, 163.505356, 119.123558, 59.246853,18.491678, 213.628067, 1.000012
5, 952,6,125.791344, 125.798714, 119.123558, 59.246853,18.491678, 213.628067, 0.999941
5, 952,7,130.155472, 130.157318, 119.123558, 59.246853,18.491678, 213.628067, 0.999986
5, 952,8,59.666965, 59.675289, 119.123558, 59.246853,18.491678, 213.628067, 0.999861
5, 952,9,30.733210, 30.730383, 119.123558, 59.246853,18.491678, 213.628067, 1.000092
5, 952,10,95.833221, 95.829384, 119.123558, 59.246853,18.491678, 213.628067, 1.000040
5, 952,11,213.628067, 213.632416, 119.123558, 59.246853,18.491678, 213.628067, 0.999980
5, 952,12,157.979797, 157.975983, 119.123558, 59.246853,18.491678, 213.628067, 1.000024
5, 952,13,203.288406, 203.292679, 119.123558, 59.246853,18.491678, 213.628067, 0.999979
5, 952,14,98.296562, 98.291832, 119.123558, 59.246853,18.491678, 213.628067, 1.000048
5, 952,15,175.765579, 175.766693, 119.123558, 59.246853,18.491678, 213.628067, 0.999994
5, 952,16,151.654449, 151.644882, 119.123558, 59.246853,18.491678, 213.628067, 1.000063
5, 952,17,173.624725, 173.609665, 119.123558, 59.246853,18.491678, 213.628067, 1.000087
5, 952,18,99.190224, 99.195366, 119.123558, 59.246853,18.491678, 213.628067, 0.999948
5, 952,19,97.459465, 97.464653, 119.123558, 59.246853,18.491678, 213.628067, 0.999947
5, 952,20,173.938919, 173.940552, 119.123558, 59.246853,18.491678, 213.628067, 0.999991
5, 952,21,186.251801, 186.265503, 119.123558, 59.246853,18.491678, 213.628067, 0.999926
5, 952,22,38.030239, 38.035007, 119.123558, 59.246853,18.491678, 213.628067, 0.999875
5, 952,23,121.252953, 121.255592, 119.123558, 59.246853,18.491678, 213.628067, 0.999978
5, 952,24,18.491678, 18.494495, 119.123558, 59.246853,18.491678, 213.628067, 0.999848
5, 952,25,92.412506, 92.412498, 119.123558, 59.246853,18.491678, 213.628067, 1.000000
5, 952,26,58.907032, 58.905376, 119.123558, 59.246853,18.491678, 213.628067, 1.000028
5, 952,27,200.976303, 200.963852, 119.123558, 59.246853,18.491678, 213.628067, 1.000062
5, 952,28,20.615263, 20.619707, 119.123558, 59.246853,18.491678, 213.628067, 0.999784
5, 952,29,68.001648, 68.004349, 119.123558, 59.246853,18.491678, 213.628067, 0.999960
5, 952,30,154.040726, 154.043701, 119.123558, 59.246853,18.491678, 213.628067, 0.999981
5, 952,31,154.792969, 154.794525, 119.123558, 59.246853,18.491678, 213.628067, 0.999990
5, 953,0,207.084793, 207.090103, 119.124771, 56.641235,25.655060, 227.882706, 0.999974
5, 953,1,107.346840, 107.354813, 119.124771, 56.641235,25.655060, 227.882706, 0.999926
5, 953,2,175.043381, 175.048843, 119.124771, 56.641235,25.655060, 227.882706, 0.999969
5, 953,3,113.127579, 113.115570, 119.124771, 56.641235,25.655060, 227.882706, 1.000106
5, 953,4,86.930016, 86.930290, 119.124771, 56.641235,25.655060, 227.882706, 0.999997
5, 953,5,55.659225, 55.664398, 119.124771, 56.641235,25.655060, 227.882706, 0.999907
5, 953,6,153.251053, 153.243652, 119.124771, 56.641235,25.655060, 227.882706, 1.000048
5, 953,7,46.265053, 46.264904, 119.124771, 56.641235,25.655060, 227.882706, 1.000003
5, 953,8,221.577866, 221.577026, 119.124771, 56.641235,25.655060, 227.882706, 1.000004
5, 953,9,123.233948, 123.236015, 119.124771, 56.641235,25.655060, 227.882706, 0.999983
5, 953,10,166.149033, 166.159454, 119.124771, 56.641235,25.655060, 227.882706, 0.999937
5, 953,11,41.830162, 41.823608, 119.124771, 56.641235,25.655060, 227.882706, 1.000157
5, 953,12,94.089836, 94.098938, 119.124771, 56.641235,25.655060, 227.882706, 0.999903
5, 953,13,150.267883, 150.271454, 119.124771, 56.641235,25.655060, 227.882706, 0.999976
5, 953,14,141.810837, 141.810562, 119.124771, 56.641235,25.655060, 227.882706, 1.000002
5, 953,15,75.587952, 75.599213, 119.124771, 56.641235,25.655060, 227.882706, 0.999851
5, 953,16,163.234863, 163.234863, 119.124771, 56.641235,25.655060, 227.882706, 1.000000
5, 953,17,164.892548, 164.894409, 119.124771, 56.641235,25.655060, 227.882706, 0.999989
5, 953,18,128.699982, 128.697510, 119.124771, 56.641235,25.655060, 227.882706, 1.000019
5, 953,19,160.647202, 160.643539, 119.124771, 56.641235,25.655060, 227.882706, 1.000023
5, 953,20,25.655060, 25.643152, 119.124771, 56.641235,25.655060, 227.882706, 1.000464
5, 953,21,129.747818, 129.738129, 119.124771, 56.641235,25.655060, 227.882706, 1.000075
5, 953,22,81.045403, 81.040306, 119.124771, 56.641235,25.655060, 227.882706, 1.000063
5, 953,23,127.961899, 127.962967, 119.124771, 56.641235,25.655060, 227.882706, 0.999992
5, 953,24,104.387825, 104.382614, 119.124771, 56.641235,25.655060, 227.882706, 1.000050
5, 953,25,30.196989, 30.206871, 119.124771, 56.641235,25.655060, 227.882706, 0.999673
5, 953,26,178.942230, 178.946045, 119.124771, 56.641235,25.655060, 227.882706, 0.999979
5, 953,27,31.059277, 31.057043, 119.124771, 56.641235,25.655060, 227.882706, 1.000072
5, 953,28,128.948334, 128.942368, 119.124771, 56.641235,25.655060, 227.882706, 1.000046
5, 953,29,227.882706, 227.875107, 119.124771, 56.641235,25.655060, 227.882706, 1.000033
5, 953,30,130.476700, 130.472672, 119.124771, 56.641235,25.655060, 227.882706, 1.000031
5, 953,31,38.958290, 38.973839, 119.124771, 56.641235,25.655060, 227.882706, 0.999601
5, 954,0,42.712158, 42.712463, 119.123466, 73.440475,14.852230, 238.595200, 0.999993
5, 954,1,113.101608, 113.106186, 119.123466, 73.440475,14.852230, 238.595200, 0.999960
5, 954,2,26.269312, 26.266735, 119.123466, 73.440475,14.852230, 238.595200, 1.000098
5, 954,3,137.667023, 137.678131, 119.123466, 73.440475,14.852230, 238.595200, 0.999919
5, 954,4,165.446396, 165.428940, 119.123466, 73.440475,14.852230, 238.595200, 1.000106
5, 954,5,73.380127, 73.377258, 119.123466, 73.440475,14.852230, 238.595200, 1.000039
5, 954,6,77.081566, 77.071648, 119.123466, 73.440475,14.852230, 238.595200, 1.000129
5, 954,7,20.448408, 20.453094, 119.123466, 73.440475,14.852230, 238.595200, 0.999771
5, 954,8,217.776855, 217.780334, 119.123466, 73.440475,14.852230, 238.595200, 0.999984
5, 954,9,222.792511, 222.799240, 119.123466, 73.440475,14.852230, 238.595200, 0.999970
5, 954,10,14.852230, 14.854246, 119.123466, 73.440475,14.852230, 238.595200, 0.999864
5, 954,11,59.281231, 59.294220, 119.123466, 73.440475,14.852230, 238.595200, 0.999781
5, 954,12,94.203888, 94.190376, 119.123466, 73.440475,14.852230, 238.595200, 1.000143
5, 954,13,89.142746, 89.142822, 119.123466, 73.440475,14.852230, 238.595200, 0.999999
5, 954,14,221.318436, 221.324371, 119.123466, 73.440475,14.852230, 238.595200, 0.999973
5, 954,15,219.956940, 219.964035, 119.123466, 73.440475,14.852230, 238.595200, 0.999968
5, 954,16,201.357849, 201.348923, 119.123466, 73.440475,14.852230, 238.595200, 1.000044
5, 954,17,238.595200, 238.600616, 119.123466, 73.440475,14.852230, 238.595200, 0.999977
5, 954,18,90.865395, 90.868301, 119.123466, 73.440475,14.852230, 238.595200, 0.999968
5, 954,19,96.119690, 96.123489, 119.123466, 73.440475,14.852230, 238.595200, 0.999960
5, 954,20,99.145981, 99.144859, 119.123466, 73.440475,14.852230, 238.595200, 1.000011
5, 954,21,47.830845, 47.838776, 119.123466, 73.440475,14.852230, 238.595200, 0.999834
5, 954,22,168.882568, 168.872742, 119.123466, 73.440475,14.852230, 238.595200, 1.000058
5, 954,23,31.222960, 31.228376, 119.123466, 73.440475,14.852230, 238.595200, 0.999827
5, 954,24,208.485992, 208.487106, 119.123466, 73.440475,14.852230, 238.595200, 0.999995
5, 954,25,117.371674, 117.373344, 119.123466, 73.440475,14.852230, 238.595200, 0.999986
5, 954,26,219.643570, 219.663345, 119.123466, 73.440475,14.852230, 238.595200, 0.999910
5, 954,27,140.395187, 140.391632, 119.123466, 73.440475,14.852230, 238.595200, 1.000025
5, 954,28,200.239197, 200.239182, 119.123466, 73.440475,14.852230, 238.595200, 1.000000
5, 954,29,95.816963, 95.822784, 119.123466, 73.440475,14.852230, 238.595200, 0.999939
5, 954,30,35.064796, 35.087429, 119.123466, 73.440475,14.852230, 238.595200, 0.999355
5, 954,31,25.481760, 25.464855, 119.123466, 73.440475,14.852230, 238.595200, 1.000664
5, 955,0,194.901810, 194.896439, 119.122688, 62.194836,13.963153, 203.813782, 1.000028
5, 955,1,138.069824, 138.069260, 119.122688, 62.194836,13.963153, 203.813782, 1.000004
5, 955,2,50.458591, 50.447968, 119.122688, 62.194836,13.963153, 203.813782, 1.000211
5, 955,3,183.365982, 183.356140, 119.122688, 62.194836,13.963153, 203.813782, 1.000054
5, 955,4,41.787029, 41.800224, 119.122688, 62.194836,13.963153, 203.813782, 0.999684
5, 955,5,191.215820, 191.225342, 119.122688, 62.194836,13.963153, 203.813782, 0.999950
5, 955,6,159.251663, 159.245453, 119.122688, 62.194836,13.963153, 203.813782, 1.000039
5, 955,7,136.520050, 136.536133, 119.122688, 62.194836,13.963153, 203.813782, 0.999882
5, 955,8,15.470183, 15.473711, 119.122688, 62.194836,13.963153, 203.813782, 0.999772
5, 955,9,128.561600, 128.571106, 119.122688, 62.194836,13.963153, 203.813782, 0.999926
5, 955,10,147.002075, 146.992493, 119.122688, 62.194836,13.963153, 203.813782, 1.000065
5, 955,11,98.197044, 98.202202, 119.122688, 62.194836,13.963153, 203.813782, 0.999947
5, 955,12,28.050718, 28.050070, 119.122688, 62.194836,13.963153, 203.813782, 1.000023
5, 955,13,203.813782, 203.819672, 119.122688, 62.194836,13.963153, 203.813782, 0.999971
5, 955,14,165.254593, 165.252167, 119.122688, 62.194836,13.963153, 203.813782, 1.000015
5, 955,15,113.579964, 113.575302, 119.122688, 62.194836,13.963153, 203.813782, 1.000041
5, 955,16,112.176758, 112.185921, 119.122688, 62.194836,13.963153, 203.813782, 0.999918
5, 955,17,108.309669, 108.311211, 119.122688, 62.194836,13.963153, 203.813782, 0.999986
5, 955,18,104.105370, 104.113091, 119.122688, 62.194836,13.963153, 203.813782, 0.999926
5, 955,19,185.920288, 185.937286, 119.122688, 62.194836,13.963153, 203.813782, 0.999909
5, 955,20,158.136505, 158.143524, 119.122688, 62.194836,13.963153, 203.813782, 0.999956
5, 955,21,176.705139, 176.726593, 119.122688, 62.194836,13.963153, 203.813782, 0.999879
5, 955,22,22.477125, 22.462574, 119.122688, 62.194836,13.963153, 203.813782, 1.000648
5, 955,23,187.776169, 187.775833, 119.122688, 62.194836,13.963153, 203.813782, 1.000002
5, 955,24,106.592232, 106.598412, 119.122688, 62.194836,13.963153, 203.813782, 0.999942
5, 955,25,48.219875, 48.220158, 119.122688, 62.194836,13.963153, 203.813782, 0.999994
5, 955,26,166.205353, 166.204376, 119.122688, 62.194836,13.963153, 203.813782, 1.000006
5, 955,27,26.914640, 26.906219, 119.122688, 62.194836,13.963153, 203.813782, 1.000313
5, 955,28,161.786255, 161.778702, 119.122688, 62.194836,13.963153, 203.813782, 1.000047
5, 955,29,13.963153, 13.976525, 119.122688, 62.194836,13.963153, 203.813782, 0.999043
5, 955,30,188.135208, 188.141144, 119.122688, 62.194836,13.963153, 203.813782, 0.999968
5, 955,31,49.001511, 49.004681, 119.122688, 62.194836,13.963153, 203.813782, 0.999935
5, 956,0,94.158150, 94.164528, 119.121834, 53.339542,12.875573, 186.868744, 0.999932
5, 956,1,166.989792, 166.985046, 119.121834, 53.339542,12.875573, 186.868744, 1.000028
5, 956,2,27.553364, 27.563095, 119.121834, 53.339542,12.875573, 186.868744, 0.999647
5, 956,3,177.054352, 177.070496, 119.121834, 53.339542,12.875573, 186.868744, 0.999909
5, 956,4,165.342010, 165.352325, 119.121834, 53.339542,12.875573, 186.868744, 0.999938
5, 956,5,91.291801, 91.290260, 119.121834, 53.339542,12.875573, 186.868744, 1.000017
5, 956,6,102.602600, 102.605927, 119.121834, 53.339542,12.875573, 186.868744, 0.999968
5, 956,7,180.522156, 180.517365, 119.121834, 53.339542,12.875573, 186.868744, 1.000027
5, 956,8,151.753860, 151.751984, 119.121834, 53.339542,12.875573, 186.868744, 1.000012
5, 956,9,137.940491, 137.936218, 119.121834, 53.339542,12.875573, 186.868744, 1.000031
5, 956,10,142.929886, 142.925079, 119.121834, 53.339542,12.875573, 186.868744, 1.000034
5, 956,11,40.229557, 40.239365, 119.121834, 53.339542,12.875573, 186.868744, 0.999756
5, 956,12,181.036819, 181.044586, 119.121834, 53.339542,12.875573, 186.868744, 0.999957
5, 956,13,158.328171, 158.322556, 119.121834, 53.339542,12.875573, 186.868744, 1.000036
5, 956,14,169.483551, 169.479477, 119.121834, 53.339542,12.875573, 186.868744, 1.000024
5, 956,15,131.677765, 131.694458, 119.121834, 53.339542,12.875573, 186.868744, 0.999873
5, 956,16,133.816055, 133.809052, 119.121834, 53.339542,12.875573, 186.868744, 1.000052
5, 956,17,183.540131, 183.550369, 119.121834, 53.339542,12.875573, 186.868744, 0.999944
5, 956,18,48.805481, 48.816822, 119.121834, 53.339542,12.875573, 186.868744, 0.999768
5, 956,19,139.891968, 139.875076, 119.121834, 53.339542,12.875573, 186.868744, 1.000121
5, 956,20,36.118855, 36.112206, 119.121834, 53.339542,12.875573, 186.868744, 1.000184
5, 956,21,12.875573, 12.879939, 119.121834, 53.339542,12.875573, 186.868744, 0.999661
5, 956,22,100.593170, 100.599037, 119.121834, 53.339542,12.875573, 186.868744, 0.999942
5, 956,23,46.338818, 46.328056, 119.121834, 53.339542,12.875573, 186.868744, 1.000232
5, 956,24,186.868744, 186.883835, 119.121834, 53.339542,12.875573, 186.868744, 0.999919
5, 956,25,155.217529, 155.210175, 119.121834, 53.339542,12.875573, 186.868744, 1.000047
5, 956,26,61.227413, 61.232304, 119.121834, 53.339542,12.875573, 186.868744, 0.999920
5, 956,27,103.478973, 103.478981, 119.121834, 53.339542,12.875573, 186.868744, 1.000000
5, 956,28,50.573730, 50.585602, 119.121834, 53.339542,12.875573, 186.868744, 0.999765
5, 956,29,158.530563, 158.543640, 119.121834, 53.339542,12.875573, 186.868744, 0.999918
5, 956,30,124.644974, 124.659012, 119.121834, 53.339542,12.875573, 186.868744, 0.999887
5, 956,31,150.482590, 150.493423, 119.121834, 53.339542,12.875573, 186.868744, 0.999928
5, 957,0,68.296364, 68.309982, 119.124672, 65.677238,17.538624, 226.085236, 0.999801
5, 957,1,148.484650, 148.489929, 119.124672, 65.677238,17.538624, 226.085236, 0.999964
5, 957,2,91.695656, 91.701080, 119.124672, 65.677238,17.538624, 226.085236, 0.999941
5, 957,3,20.410208, 20.401844, 119.124672, 65.677238,17.538624, 226.085236, 1.000410
5, 957,4,152.646622, 152.650665, 119.124672, 65.677238,17.538624, 226.085236, 0.999974
5, 957,5,99.545563, 99.537888, 119.124672, 65.677238,17.538624, 226.085236, 1.000077
5, 957,6,31.495831, 31.504602, 119.124672, 65.677238,17.538624, 226.085236, 0.999722
5, 957,7,95.366325, 95.362236, 119.124672, 65.677238,17.538624, 226.085236, 1.000043
5, 957,8,226.085236, 226.075027, 119.124672, 65.677238,17.538624, 226.085236, 1.000045
5, 957,9,17.538624, 17.523628, 119.124672, 65.677238,17.538624, 226.085236, 1.000856
5, 957,10,183.951828, 183.953140, 119.124672, 65.677238,17.538624, 226.085236, 0.999993
5, 957,11,176.958725, 176.958939, 119.124672, 65.677238,17.538624, 226.085236, 0.999999
5, 957,12,33.297356, 33.301624, 119.124672, 65.677238,17.538624, 226.085236, 0.999872
5, 957,13,75.684303, 75.684479, 119.124672, 65.677238,17.538624, 226.085236, 0.999998
5, 957,14,218.925354, 218.924225, 119.124672, 65.677238,17.538624, 226.085236, 1.000005
5, 957,15,75.999718, 76.005112, 119.124672, 65.677238,17.538624, 226.085236, 0.999929
5, 957,16,137.697067, 137.700348, 119.124672, 65.677238,17.538624, 226.085236, 0.999976
5, 957,17,184.650375, 184.654053, 119.124672, 65.677238,17.538624, 226.085236, 0.999980
5, 957,18,122.608681, 122.600899, 119.124672, 65.677238,17.538624, 226.085236, 1.000063
5, 957,19,68.868439, 68.861763, 119.124672, 65.677238,17.538624, 226.085236, 1.000097
5, 957,20,104.988075, 104.988602, 119.124672, 65.677238,17.538624, 226.085236, 0.999995
5, 957,21,96.413155, 96.398689, 119.124672, 65.677238,17.538624, 226.085236, 1.000150
5, 957,22,38.357952, 38.364601, 119.124672, 65.677238,17.538624, 226.085236, 0.999827
5, 957,23,183.632706, 183.625046, 119.124672, 65.677238,17.538624, 226.085236, 1.000042
5, 957,24,64.282486, 64.283463, 119.124672, 65.677238,17.538624, 226.085236, 0.999985
5, 957,25,127.124931, 127.134468, 119.124672, 65.677238,17.538624, 226.085236, 0.999925
5, 957,26,205.491196, 205.495026, 119.124672, 65.677238,17.538624, 226.085236, 0.999981
5, 957,27,170.258286, 170.255508, 119.124672, 65.677238,17.538624, 226.085236, 1.000016
5, 957,28,217.521347, 217.522385, 119.124672, 65.677238,17.538624, 226.085236, 0.999995
5, 957,29,216.146408, 216.150391, 119.124672, 65.677238,17.538624, 226.085236, 0.999982
5, 957,30,25.997332, 26.009146, 119.124672, 65.677238,17.538624, 226.085236, 0.999546
5, 957,31,131.568619, 131.571106, 119.124672, 65.677238,17.538624, 226.085236, 0.999981
5, 958,0,70.558151, 70.565903, 119.124481, 63.267262,14.262864, 228.856033, 0.999890
5, 958,1,43.220325, 43.230011, 119.124481, 63.267262,14.262864, 228.856033, 0.999776
5, 958,2,50.514652, 50.504173, 119.124481, 63.267262,14.262864, 228.856033, 1.000208
5, 958,3,187.038727, 187.040909, 119.124481, 63.267262,14.262864, 228.856033, 0.999988
5, 958,4,56.694408, 56.704205, 119.124481, 63.267262,14.262864, 228.856033, 0.999827
5, 958,5,131.462936, 131.464920, 119.124481, 63.267262,14.262864, 228.856033, 0.999985
5, 958,6,70.889450, 70.899025, 119.124481, 63.267262,14.262864, 228.856033, 0.999865
5, 958,7,223.000275, 222.990219, 119.124481, 63.267262,14.262864, 228.856033, 1.000045
5, 958,8,141.695892, 141.696350, 119.124481, 63.267262,14.262864, 228.856033, 0.999997
5, 958,9,72.867104, 72.863724, 119.124481, 63.267262,14.262864, 228.856033, 1.000046
5, 958,10,228.856033, 228.863937, 119.124481, 63.267262,14.262864, 228.856033, 0.999965
5, 958,11,93.685318, 93.673279, 119.124481, 63.267262,14.262864, 228.856033, 1.000129
5, 958,12,182.053345, 182.050964, 119.124481, 63.267262,14.262864, 228.856033, 1.000013
5, 958,13,49.974133, 49.973907, 119.124481, 63.267262,14.262864, 228.856033, 1.000005
5, 958,14,163.544434, 163.546036, 119.124481, 63.267262,14.262864, 228.856033, 0.999990
5, 958,15,209.974716, 209.978317, 119.124481, 63.267262,14.262864, 228.856033, 0.999983
5, 958,16,180.454727, 180.460159, 119.124481, 63.267262,14.262864, 228.856033, 0.999970
5, 958,17,24.403133, 24.398766, 119.124481, 63.267262,14.262864, 228.856033, 1.000179
5, 958,18,192.538895, 192.540710, 119.124481, 63.267262,14.262864, 228.856033, 0.999991
5, 958,19,14.262864, 14.269321, 119.124481, 63.267262,14.262864, 228.856033, 0.999547
5, 958,20,67.383095, 67.370712, 119.124481, 63.267262,14.262864, 228.856033, 1.000184
5, 958,21,197.069550, 197.061569, 119.124481, 63.267262,14.262864, 228.856033, 1.000041
5, 958,22,70.399689, 70.395950, 119.124481, 63.267262,14.262864, 228.856033, 1.000053
5, 958,23,173.400818, 173.410355, 119.124481, 63.267262,14.262864, 228.856033, 0.999945
5, 958,24,167.000366, 167.006348, 119.124481, 63.267262,14.262864, 228.856033, 0.999964
5, 958,25,83.561836, 83.557426, 119.124481, 63.267262,14.262864, 228.856033, 1.000053
5, 958,26,119.654770, 119.656319, 119.124481, 63.267262,14.262864, 228.856033, 0.999987
5, 958,27,104.501511, 104.509735, 119.124481, 63.267262,14.262864, 228.856033, 0.999921
5, 958,28,71.405136, 71.402100, 119.124481, 63.267262,14.262864, 228.856033, 1.000043
5, 958,29,137.799881, 137.807739, 119.124481, 63.267262,14.262864, 228.856033, 0.999943
5, 958,30,63.308155, 63.305340, 119.124481, 63.267262,14.262864, 228.856033, 1.000044
5, 958,31,168.809631, 168.801102, 119.124481, 63.267262,14.262864, 228.856033, 1.000051
5, 959,0,222.014297, 222.027115, 119.126068, 62.789474,13.030540, 234.554230, 0.999942
5, 959,1,170.336594, 170.344849, 119.126068, 62.789474,13.030540, 234.554230, 0.999952
5, 959,2,134.967529, 134.959534, 119.126068, 62.789474,13.030540, 234.554230, 1.000059
5, 959,3,162.183105, 162.165115, 119.126068, 62.789474,13.030540, 234.554230, 1.000111
5, 959,4,106.711494, 106.691582, 119.126068, 62.789474,13.030540, 234.554230, 1.000187
5, 959,5,30.569605, 30.574303, 119.126068, 62.789474,13.030540, 234.554230, 0.999846
5, 959,6,227.354156, 227.352951, 119.126068, 62.789474,13.030540, 234.554230, 1.000005
5, 959,7,75.095810, 75.118393, 119.126068, 62.789474,13.030540, 234.554230, 0.999699
5, 959,8,121.318756, 121.335938, 119.126068, 62.789474,13.030540, 234.554230, 0.999858
5, 959,9,209.245880, 209.257568, 119.126068, 62.789474,13.030540, 234.554230, 0.999944
5, 959,10,118.884651, 118.891731, 119.126068, 62.789474,13.030540, 234.554230, 0.999940
5, 959,11,154.575500, 154.575607, 119.126068, 62.789474,13.030540, 234.554230, 0.999999
5, 959,12,13.304360, 13.284389, 119.126068, 62.789474,13.030540, 234.554230, 1.001503
5, 959,13,144.690659, 144.694672, 119.126068, 62.789474,13.030540, 234.554230, 0.999972
5, 959,14,106.880356, 106.886002, 119.126068, 62.789474,13.030540, 234.554230, 0.999947
5, 959,15,145.068756, 145.069626, 119.126068, 62.789474,13.030540, 234.554230, 0.999994
5, 959,16,118.407074, 118.412621, 119.126068, 62.789474,13.030540, 234.554230, 0.999953
5, 959,17,234.554230, 234.539719, 119.126068, 62.789474,13.030540, 234.554230, 1.000062
5, 959,18,129.507614, 129.501770, 119.126068, 62.789474,13.030540, 234.554230, 1.000045
5, 959,19,137.976181, 137.987030, 119.126068, 62.789474,13.030540, 234.554230, 0.999921
5, 959,20,103.565651, 103.559959, 119.126068, 62.789474,13.030540, 234.554230, 1.000055
5, 959,21,176.312775, 176.309525, 119.126068, 62.789474,13.030540, 234.554230, 1.000018
5, 959,22,108.200485, 108.198380, 119.126068, 62.789474,13.030540, 234.554230, 1.000019
5, 959,23,27.780313, 27.769032, 119.126068, 62.789474,13.030540, 234.554230, 1.000406
5, 959,24,57.533409, 57.543789, 119.126068, 62.789474,13.030540, 234.554230, 0.999820
5, 959,25,45.851978, 45.836647, 119.126068, 62.789474,13.030540, 234.554230, 1.000335
5, 959,26,39.972050, 39.969185, 119.126068, 62.789474,13.030540, 234.554230, 1.000072
5, 959,27,173.771149, 173.754227, 119.126068, 62.789474,13.030540, 234.554230, 1.000097
5, 959,28,13.030540, 13.013583, 119.126068, 62.789474,13.030540, 234.554230, 1.001303
5, 959,29,167.472778, 167.470139, 119.126068, 62.789474,13.030540, 234.554230, 1.000016
5, 959,30,74.016212, 74.007401, 119.126068, 62.789474,13.030540, 234.554230, 1.000119
5, 959,31,60.880257, 60.897617, 119.126068, 62.789474,13.030540, 234.554230, 0.999715
5, 960,0,11.034384, 11.026380, 119.124702, 73.677368,11.034384, 251.970947, 1.000726
5, 960,1,42.422867, 42.424267, 119.124702, 73.677368,11.034384, 251.970947, 0.999967
5, 960,2,11.287743, 11.290751, 119.124702, 73.677368,11.034384, 251.970947, 0.999734
5, 960,3,63.214893, 63.208454, 119.124702, 73.677368,11.034384, 251.970947, 1.000102
5, 960,4,225.841293, 225.842972, 119.124702, 73.677368,11.034384, 251.970947, 0.999993
5, 960,5,111.847130, 111.844849, 119.124702, 73.677368,11.034384, 251.970947, 1.000020
5, 960,6,58.549801, 58.550869, 119.124702, 73.677368,11.034384, 251.970947, 0.999982
5, 960,7,116.740425, 116.743484, 119.124702, 73.677368,11.034384, 251.970947, 0.999974
5, 960,8,160.508087, 160.512360, 119.124702, 73.677368,11.034384, 251.970947, 0.999973
5, 960,9,16.499430, 16.500404, 119.124702, 73.677368,11.034384, 251.970947, 0.999941
5, 960,10,215.843155, 215.843552, 119.124702, 73.677368,11.034384, 251.970947, 0.999998
5, 960,11,236.697235, 236.682175, 119.124702, 73.677368,11.034384, 251.970947, 1.000064
5, 960,12,211.442444, 211.442566, 119.124702, 73.677368,11.034384, 251.970947, 0.999999
5, 960,13,226.438507, 226.449478, 119.124702, 73.677368,11.034384, 251.970947, 0.999952
5, 960,14,82.769783, 82.771873, 119.124702, 73.677368,11.034384, 251.970947, 0.999975
5, 960,15,250.800430, 250.794876, 119.124702, 73.677368,11.034384, 251.970947, 1.000022
5, 960,16,46.950760, 46.934116, 119.124702, 73.677368,11.034384, 251.970947, 1.000355
5, 960,17,77.760117, 77.756607, 119.124702, 73.677368,11.034384, 251.970947, 1.000045
5, 960,18,130.984619, 130.996170, 119.124702, 73.677368,11.034384, 251.970947, 0.999912
5, 960,19,119.737740, 119.737083, 119.124702, 73.677368,11.034384, 251.970947, 1.000005
5, 960,20,117.088974, 117.085602, 119.124702, 73.677368,11.034384, 251.970947, 1.000029
5, 960,21,154.092819, 154.089722, 119.124702, 73.677368,11.034384, 251.970947, 1.000020
5, 960,22,69.230606, 69.234543, 119.124702, 73.677368,11.034384, 251.970947, 0.999943
5, 960,23,32.729820, 32.735863, 119.124702, 73.677368,11.034384, 251.970947, 0.999815
5, 960,24,251.970947, 251.968994, 119.124702, 73.677368,11.034384, 251.970947, 1.000008
5, 960,25,154.226334, 154.229660, 119.124702, 73.677368,11.034384, 251.970947, 0.999978
5, 960,26,49.314342, 49.321224, 119.124702, 73.677368,11.034384, 251.970947, 0.999860
5, 960,27,133.534470, 133.538788, 119.124702, 73.677368,11.034384, 251.970947, 0.999968
5, 960,28,133.394958, 133.391052, 119.124702, 73.677368,11.034384, 251.970947, 1.000029
5, 960,29,56.464085, 56.467007, 119.124702, 73.677368,11.034384, 251.970947, 0.999948
5, 960,30,135.027390, 135.031708, 119.124702, 73.677368,11.034384, 251.970947, 0.999968
5, 960,31,107.544876, 107.552719, 119.124702, 73.677368,11.034384, 251.970947, 0.999927
5, 961,0,157.054382, 157.056870, 119.124825, 66.499199,13.706601, 226.229950, 0.999984
5, 961,1,29.854319, 29.850433, 119.124825, 66.499199,13.706601, 226.229950, 1.000130
5, 961,2,177.448486, 177.441833, 119.124825, 66.499199,13.706601, 226.229950, 1.000038
5, 961,3,224.166718, 224.170868, 119.124825, 66.499199,13.706601, 226.229950, 0.999981
5, 961,4,226.229950, 226.216629, 119.124825, 66.499199,13.706601, 226.229950, 1.000059
5, 961,5,42.876202, 42.883877, 119.124825, 66.499199,13.706601, 226.229950, 0.999821
5, 961,6,51.597271, 51.601440, 119.124825, 66.499199,13.706601, 226.229950, 0.999919
5, 961,7,218.676727, 218.680328, 119.124825, 66.499199,13.706601, 226.229950, 0.999984
5, 961,8,77.820145, 77.820114, 119.124825, 66.499199,13.706601, 226.229950, 1.000000
5, 961,9,167.187988, 167.186661, 119.124825, 66.499199,13.706601, 226.229950, 1.000008
5, 961,10,60.677677, 60.668762, 119.124825, 66.499199,13.706601, 226.229950, 1.000147
5, 961,11,139.041779, 139.034424, 119.124825, 66.499199,13.706601, 226.229950, 1.000053
5, 961,12,221.083786, 221.082443, 119.124825, 66.499199,13.706601, 226.229950, 1.000006
5, 961,13,134.605347, 134.619553, 119.124825, 66.499199,13.706601, 226.229950, 0.999894
5, 961,14,149.675812, 149.678955, 119.124825, 66.499199,13.706601, 226.229950, 0.999979
5, 961,15,25.248421, 25.237583, 119.124825, 66.499199,13.706601, 226.229950, 1.000429
5, 961,16,153.899414, 153.902451, 119.124825, 66.499199,13.706601, 226.229950, 0.999980
5, 961,17,111.096062, 111.099953, 119.124825, 66.499199,13.706601, 226.229950, 0.999965
5, 961,18,57.902409, 57.897091, 119.124825, 66.499199,13.706601, 226.229950, 1.000092
5, 961,19,56.462818, 56.458462, 119.124825, 66.499199,13.706601, 226.229950, 1.000077
5, 961,20,174.702118, 174.703171, 119.124825, 66.499199,13.706601, 226.229950, 0.999994
5, 961,21,45.275280, 45.279396, 119.124825, 66.499199,13.706601, 226.229950, 0.999909
5, 961,22,110.572662, 110.572014, 119.124825, 66.499199,13.706601, 226.229950, 1.000006
5, 961,23,149.075531, 149.078415, 119.124825, 66.499199,13.706601, 226.229950, 0.999981
5, 961,24,128.566910, 128.568054, 119.124825, 66.499199,13.706601, 226.229950, 0.999991
5, 961,25,213.686340, 213.684723, 119.124825, 66.499199,13.706601, 226.229950, 1.000008
5, 961,26,151.018127, 151.018600, 119.124825, 66.499199,13.706601, 226.229950, 0.999997
5, 961,27,159.987381, 159.986923, 119.124825, 66.499199,13.706601, 226.229950, 1.000003
5, 961,28,13.706601, 13.708757, 119.124825, 66.499199,13.706601, 226.229950, 0.999843
5, 961,29,76.918236, 76.922623, 119.124825, 66.499199,13.706601, 226.229950, 0.999943
5, 961,30,79.794296, 79.799889, 119.124825, 66.499199,13.706601, 226.229950, 0.999930
5, 961,31,26.085096, 26.088882, 119.124825, 66.499199,13.706601, 226.229950, 0.999855
5, 962,0,139.185577, 139.203217, 119.124847, 62.993732,17.526112, 235.681076, 0.999873
5, 962,1,22.660725, 22.667953, 119.124847, 62.993732,17.526112, 235.681076, 0.999681
5, 962,2,180.968033, 180.967880, 119.124847, 62.993732,17.526112, 235.681076, 1.000001
5, 962,3,153.667557, 153.666748, 119.124847, 62.993732,17.526112, 235.681076, 1.000005
5, 962,4,82.526070, 82.536758, 119.124847, 62.993732,17.526112, 235.681076, 0.999870
5, 962,5,81.262497, 81.271370, 119.124847, 62.993732,17.526112, 235.681076, 0.999891
5, 962,6,86.470825, 86.474281, 119.124847, 62.993732,17.526112, 235.681076, 0.999960
5, 962,7,25.332161, 25.333031, 119.124847, 62.993732,17.526112, 235.681076, 0.999966
5, 962,8,121.754601, 121.749443, 119.124847, 62.993732,17.526112, 235.681076, 1.000042
5, 962,9,185.242142, 185.237656, 119.124847, 62.993732,17.526112, 235.681076, 1.000024
5, 962,10,167.076019, 167.069885, 119.124847, 62.993732,17.526112, 235.681076, 1.000037
5, 962,11,66.979774, 66.977509, 119.124847, 62.993732,17.526112, 235.681076, 1.000034
5, 962,12,91.666229, 91.655983, 119.124847, 62.993732,17.526112, 235.681076, 1.000112
5, 962,13,167.002823, 167.006256, 119.124847, 62.993732,17.526112, 235.681076, 0.999979
5, 962,14,19.303864, 19.303028, 119.124847, 62.993732,17.526112, 235.681076, 1.000043
5, 962,15,153.496948, 153.497086, 119.124847, 62.993732,17.526112, 235.681076, 0.999999
5, 962,16,88.514229, 88.517273, 119.124847, 62.993732,17.526112, 235.681076, 0.999966
5, 962,17,227.406631, 227.412323, 119.124847, 62.993732,17.526112, 235.681076, 0.999975
5, 962,18,235.681076, 235.669098, 119.124847, 62.993732,17.526112, 235.681076, 1.000051
5, 962,19,134.449768, 134.445663, 119.124847, 62.993732,17.526112, 235.681076, 1.000031
5, 962,20,199.553116, 199.566864, 119.124847, 62.993732,17.526112, 235.681076, 0.999931
5, 962,21,154.679352, 154.684708, 119.124847, 62.993732,17.526112, 235.681076, 0.999965
5, 962,22,27.807032, 27.807240, 119.124847, 62.993732,17.526112, 235.681076, 0.999993
5, 962,23,44.137154, 44.137020, 119.124847, 62.993732,17.526112, 235.681076, 1.000003
5, 962,24,17.526112, 17.521597, 119.124847, 62.993732,17.526112, 235.681076, 1.000258
5, 962,25,114.751640, 114.758026, 119.124847, 62.993732,17.526112, 235.681076, 0.999944
5, 962,26,96.508759, 96.498360, 119.124847, 62.993732,17.526112, 235.681076, 1.000108
5, 962,27,91.332977, 91.323730, 119.124847, 62.993732,17.526112, 235.681076, 1.000101
5, 962,28,206.075699, 206.077560, 119.124847, 62.993732,17.526112, 235.681076, 0.999991
5, 962,29,153.542801, 153.525360, 119.124847, 62.993732,17.526112, 235.681076, 1.000114
5, 962,30,100.132385, 100.138985, 119.124847, 62.993732,17.526112, 235.681076, 0.999934
5, 962,31,175.300079, 175.298401, 119.124847, 62.993732,17.526112, 235.681076, 1.000010
5, 963,0,160.505859, 160.487411, 119.125221, 65.344757,20.679483, 230.570007, 1.000115
5, 963,1,69.470055, 69.458893, 119.125221, 65.344757,20.679483, 230.570007, 1.000161
5, 963,2,111.754997, 111.747452, 119.125221, 65.344757,20.679483, 230.570007, 1.000067
5, 963,3,182.721756, 182.712906, 119.125221, 65.344757,20.679483, 230.570007, 1.000048
5, 963,4,38.870453, 38.870213, 119.125221, 65.344757,20.679483, 230.570007, 1.000006
5, 963,5,35.330021, 35.340199, 119.125221, 65.344757,20.679483, 230.570007, 0.999712
5, 963,6,40.390778, 40.366707, 119.125221, 65.344757,20.679483, 230.570007, 1.000596
5, 963,7,102.823570, 102.818596, 119.125221, 65.344757,20.679483, 230.570007, 1.000048
5, 963,8,86.927933, 86.929955, 119.125221, 65.344757,20.679483, 230.570007, 0.999977
5, 963,9,167.717606, 167.712128, 119.125221, 65.344757,20.679483, 230.570007, 1.000033
5, 963,10,177.876419, 177.879715, 119.125221, 65.344757,20.679483, 230.570007, 0.999981
5, 963,11,94.043678, 94.054428, 119.125221, 65.344757,20.679483, 230.570007, 0.999886
5, 963,12,152.526871, 152.525192, 119.125221, 65.344757,20.679483, 230.570007, 1.000011
5, 963,13,89.973747, 89.973068, 119.125221, 65.344757,20.679483, 230.570007, 1.000008
5, 963,14,47.066422, 47.075886, 119.125221, 65.344757,20.679483, 230.570007, 0.999799
5, 963,15,191.363892, 191.362518, 119.125221, 65.344757,20.679483, 230.570007, 1.000007
5, 963,16,214.783173, 214.783752, 119.125221, 65.344757,20.679483, 230.570007, 0.999997
5, 963,17,199.404282, 199.403488, 119.125221, 65.344757,20.679483, 230.570007, 1.000004
5, 963,18,150.436615, 150.434402, 119.125221, 65.344757,20.679483, 230.570007, 1.000015
5, 963,19,22.074854, 22.072218, 119.125221, 65.344757,20.679483, 230.570007, 1.000119
5, 963,20,216.375656, 216.387650, 119.125221, 65.344757,20.679483, 230.570007, 0.999945
5, 963,21,87.886993, 87.889435, 119.125221, 65.344757,20.679483, 230.570007, 0.999972
5, 963,22,50.274445, 50.276527, 119.125221, 65.344757,20.679483, 230.570007, 0.999959
5, 963,23,136.823700, 136.829895, 119.125221, 65.344757,20.679483, 230.570007, 0.999955
5, 963,24,206.133865, 206.141312, 119.125221, 65.344757,20.679483, 230.570007, 0.999964
5, 963,25,20.679483, 20.690285, 119.125221, 65.344757,20.679483, 230.570007, 0.999478
5, 963,26,179.571182, 179.569550, 119.125221, 65.344757,20.679483, 230.570007, 1.000009
5, 963,27,125.828667, 125.824554, 119.125221, 65.344757,20.679483, 230.570007, 1.000033
5, 963,28,36.523781, 36.521645, 119.125221, 65.344757,20.679483, 230.570007, 1.000059
5, 963,29,230.570007, 230.572159, 119.125221, 65.344757,20.679483, 230.570007, 0.999991
5, 963,30,117.342278, 117.346786, 119.125221, 65.344757,20.679483, 230.570007, 0.999962
5, 963,31,67.934021, 67.940918, 119.125221, 65.344757,20.679483, 230.570007, 0.999898
5, 964,0,95.312340, 95.305252, 119.123245, 73.744522,11.845374, 255.669662, 1.000074
5, 964,1,186.675690, 186.666687, 119.123245, 73.744522,11.845374, 255.669662, 1.000048
5, 964,2,23.667595, 23.660738, 119.123245, 73.744522,11.845374, 255.669662, 1.000290
5, 964,3,11.845374, 11.838212, 119.123245, 73.744522,11.845374, 255.669662, 1.000605
5, 964,4,177.972351, 177.979019, 119.123245, 73.744522,11.845374, 255.669662, 0.999963
5, 964,5,28.928970, 28.931297, 119.123245, 73.744522,11.845374, 255.669662, 0.999920
5, 964,6,78.021446, 78.021477, 119.123245, 73.744522,11.845374, 255.669662, 1.000000
5, 964,7,49.392494, 49.388084, 119.123245, 73.744522,11.845374, 255.669662, 1.000089
5, 964,8,131.696564, 131.703369, 119.123245, 73.744522,11.845374, 255.669662, 0.999948
5, 964,9,213.207138, 213.210159, 119.123245, 73.744522,11.845374, 255.669662, 0.999986
5, 964,10,154.791946, 154.799255, 119.123245, 73.744522,11.845374, 255.669662, 0.999953
5, 964,11,131.339249, 131.344879, 119.123245, 73.744522,11.845374, 255.669662, 0.999957
5, 964,12,93.711731, 93.718742, 119.123245, 73.744522,11.845374, 255.669662, 0.999925
5, 964,13,18.357204, 18.359671, 119.123245, 73.744522,11.845374, 255.669662, 0.999866
5, 964,14,221.312881, 221.310501, 119.123245, 73.744522,11.845374, 255.669662, 1.000011
5, 964,15,70.769058, 70.767792, 119.123245, 73.744522,11.845374, 255.669662, 1.000018
5, 964,16,105.084808, 105.083626, 119.123245, 73.744522,11.845374, 255.669662, 1.000011
5, 964,17,255.669662, 255.672089, 119.123245, 73.744522,11.845374, 255.669662, 0.999991
5, 964,18,164.012589, 164.013199, 119.123245, 73.744522,11.845374, 255.669662, 0.999996
5, 964,19,120.555496, 120.552055, 119.123245, 73.744522,11.845374, 255.669662, 1.000028
5, 964,20,45.255577, 45.269264, 119.123245, 73.744522,11.845374, 255.669662, 0.999698
5, 964,21,247.087723, 247.091217, 119.123245, 73.744522,11.845374, 255.669662, 0.999986
5, 964,22,12.344372, 12.349251, 119.123245, 73.744522,11.845374, 255.669662, 0.999605
5, 964,23,83.168510, 83.169998, 119.123245, 73.744522,11.845374, 255.669662, 0.999982
5, 964,24,209.671616, 209.671021, 119.123245, 73.744522,11.845374, 255.669662, 1.000003
5, 964,25,122.858528, 122.870796, 119.123245, 73.744522,11.845374, 255.669662, 0.999900
5, 964,26,200.144424, 200.151993, 119.123245, 73.744522,11.845374, 255.669662, 0.999962
5, 964,27,57.209934, 57.221458, 119.123245, 73.744522,11.845374, 255.669662, 0.999799
5, 964,28,225.941956, 225.955597, 119.123245, 73.744522,11.845374, 255.669662, 0.999940
5, 964,29,104.888130, 104.877678, 119.123245, 73.744522,11.845374, 255.669662, 1.000100
5, 964,30,122.989410, 122.985222, 119.123245, 73.744522,11.845374, 255.669662, 1.000034
5, 964,31,48.058697, 48.060909, 119.123245, 73.744522,11.845374, 255.669662, 0.999954
5, 965,0,199.457550, 199.459473, 119.126205, 75.633820,11.123039, 291.554108, 0.999990
5, 965,1,95.919205, 95.912849, 119.126205, 75.633820,11.123039, 291.554108, 1.000066
5, 965,2,190.206573, 190.215775, 119.126205, 75.633820,11.123039, 291.554108, 0.999952
5, 965,3,63.693825, 63.681808, 119.126205, 75.633820,11.123039, 291.554108, 1.000189
5, 965,4,53.527584, 53.535679, 119.126205, 75.633820,11.123039, 291.554108, 0.999849
5, 965,5,15.944197, 15.938901, 119.126205, 75.633820,11.123039, 291.554108, 1.000332
5, 965,6,248.341248, 248.360901, 119.126205, 75.633820,11.123039, 291.554108, 0.999921
5, 965,7,45.077599, 45.072445, 119.126205, 75.633820,11.123039, 291.554108, 1.000114
5, 965,8,11.123039, 11.121928, 119.126205, 75.633820,11.123039, 291.554108, 1.000100
5, 965,9,129.673615, 129.668243, 119.126205, 75.633820,11.123039, 291.554108, 1.000041
5, 965,10,73.318680, 73.327957, 119.126205, 75.633820,11.123039, 291.554108, 0.999873
5, 965,11,94.340149, 94.327515, 119.126205, 75.633820,11.123039, 291.554108, 1.000134
5, 965,12,24.084843, 24.097267, 119.126205, 75.633820,11.123039, 291.554108, 0.999484
5, 965,13,211.744202, 211.739700, 119.126205, 75.633820,11.123039, 291.554108, 1.000021
5, 965,14,51.843346, 51.828400, 119.126205, 75.633820,11.123039, 291.554108, 1.000288
5, 965,15,119.241425, 119.253822, 119.126205, 75.633820,11.123039, 291.554108, 0.999896
5, 965,16,162.522430, 162.521225, 119.126205, 75.633820,11.123039, 291.554108, 1.000007
5, 965,17,72.459465, 72.474304, 119.126205, 75.633820,11.123039, 291.554108, 0.999795
5, 965,18,92.006310, 91.998291, 119.126205, 75.633820,11.123039, 291.554108, 1.000087
5, 965,19,180.172119, 180.179398, 119.126205, 75.633820,11.123039, 291.554108, 0.999960
5, 965,20,291.554108, 291.542938, 119.126205, 75.633820,11.123039, 291.554108, 1.000038
5, 965,21,177.446823, 177.447739, 119.126205, 75.633820,11.123039, 291.554108, 0.999995
5, 965,22,12.557152, 12.548727, 119.126205, 75.633820,11.123039, 291.554108, 1.000671
5, 965,23,171.877029, 171.874680, 119.126205, 75.633820,11.123039, 291.554108, 1.000014
5, 965,24,76.975082, 76.974220, 119.126205, 75.633820,11.123039, 291.554108, 1.000011
5, 965,25,82.465096, 82.461906, 119.126205, 75.633820,11.123039, 291.554108, 1.000039
5, 965,26,91.819778, 91.815369, 119.126205, 75.633820,11.123039, 291.554108, 1.000048
5, 965,27,224.112030, 224.117493, 119.126205, 75.633820,11.123039, 291.554108, 0.999976
5, 965,28,31.115479, 31.109318, 119.126205, 75.633820,11.123039, 291.554108, 1.000198
5, 965,29,141.082016, 141.082642, 119.126205, 75.633820,11.123039, 291.554108, 0.999996
5, 965,30,191.043274, 191.032822, 119.126205, 75.633820,11.123039, 291.554108, 1.000055
5, 965,31,185.292908, 185.276840, 119.126205, 75.633820,11.123039, 291.554108, 1.000087
5, 966,0,68.895142, 68.888901, 119.126999, 63.595867,12.375543, 233.663239, 1.000091
5, 966,1,90.477364, 90.478996, 119.126999, 63.595867,12.375543, 233.663239, 0.999982
5, 966,2,38.817303, 38.839218, 119.126999, 63.595867,12.375543, 233.663239, 0.999436
5, 966,3,200.208069, 200.207535, 119.126999, 63.595867,12.375543, 233.663239, 1.000003
5, 966,4,119.473549, 119.475494, 119.126999, 63.595867,12.375543, 233.663239, 0.999984
5, 966,5,12.375543, 12.373063, 119.126999, 63.595867,12.375543, 233.663239, 1.000200
5, 966,6,31.693310, 31.678993, 119.126999, 63.595867,12.375543, 233.663239, 1.000452
5, 966,7,111.515297, 111.494621, 119.126999, 63.595867,12.375543, 233.663239, 1.000185
5, 966,8,82.837364, 82.826378, 119.126999, 63.595867,12.375543, 233.663239, 1.000133
5, 966,9,17.421307, 17.413258, 119.126999, 63.595867,12.375543, 233.663239, 1.000462
5, 966,10,233.663239, 233.656082, 119.126999, 63.595867,12.375543, 233.663239, 1.000031
5, 966,11,43.483768, 43.462246, 119.126999, 63.595867,12.375543, 233.663239, 1.000495
5, 966,12,35.760197, 35.754921, 119.126999, 63.595867,12.375543, 233.663239, 1.000148
5, 966,13,186.036346, 186.044373, 119.126999, 63.595867,12.375543, 233.663239, 0.999957
5, 966,14,31.081030, 31.084017, 119.126999, 63.595867,12.375543, 233.663239, 0.999904
5, 966,15,153.054733, 153.054001, 119.126999, 63.595867,12.375543, 233.663239, 1.000005
5, 966,16,189.855896, 189.846741, 119.126999, 63.595867,12.375543, 233.663239, 1.000048
5, 966,17,189.136459, 189.135498, 119.126999, 63.595867,12.375543, 233.663239, 1.000005
5, 966,18,54.761616, 54.759941, 119.126999, 63.595867,12.375543, 233.663239, 1.000031
5, 966,19,177.956711, 177.947235, 119.126999, 63.595867,12.375543, 233.663239, 1.000053
5, 966,20,139.531906, 139.533691, 119.126999, 63.595867,12.375543, 233.663239, 0.999987
5, 966,21,227.166626, 227.172897, 119.126999, 63.595867,12.375543, 233.663239, 0.999972
5, 966,22,174.743484, 174.726151, 119.126999, 63.595867,12.375543, 233.663239, 1.000099
5, 966,23,101.898941, 101.899788, 119.126999, 63.595867,12.375543, 233.663239, 0.999992
5, 966,24,143.254028, 143.260834, 119.126999, 63.595867,12.375543, 233.663239, 0.999952
5, 966,25,128.086609, 128.092377, 119.126999, 63.595867,12.375543, 233.663239, 0.999955
5, 966,26,105.864708, 105.873131, 119.126999, 63.595867,12.375543, 233.663239, 0.999920
5, 966,27,158.891373, 158.894348, 119.126999, 63.595867,12.375543, 233.663239, 0.999981
5, 966,28,130.808548, 130.793701, 119.126999, 63.595867,12.375543, 233.663239, 1.000113
5, 966,29,112.288116, 112.301598, 119.126999, 63.595867,12.375543, 233.663239, 0.999880
5, 966,30,166.198166, 166.211853, 119.126999, 63.595867,12.375543, 233.663239, 0.999918
5, 966,31,154.826569, 154.818420, 119.126999, 63.595867,12.375543, 233.663239, 1.000053
5, 967,0,83.873772, 83.874985, 119.126671, 67.833237,21.240274, 224.173523, 0.999986
5, 967,1,120.207878, 120.202652, 119.126671, 67.833237,21.240274, 224.173523, 1.000044
5, 967,2,64.922050, 64.930435, 119.126671, 67.833237,21.240274, 224.173523, 0.999871
5, 967,3,210.621979, 210.623108, 119.126671, 67.833237,21.240274, 224.173523, 0.999995
5, 967,4,179.533478, 179.522430, 119.126671, 67.833237,21.240274, 224.173523, 1.000062
5, 967,5,104.272987, 104.273689, 119.126671, 67.833237,21.240274, 224.173523, 0.999993
5, 967,6,212.818405, 212.814423, 119.126671, 67.833237,21.240274, 224.173523, 1.000019
5, 967,7,21.240274, 21.244759, 119.126671, 67.833237,21.240274, 224.173523, 0.999789
5, 967,8,77.892647, 77.884026, 119.126671, 67.833237,21.240274, 224.173523, 1.000111
5, 967,9,162.999924, 162.983673, 119.126671, 67.833237,21.240274, 224.173523, 1.000100
5, 967,10,75.781006, 75.773125, 119.126671, 67.833237,21.240274, 224.173523, 1.000104
5, 967,11,217.746613, 217.753265, 119.126671, 67.833237,21.240274, 224.173523, 0.999969
5, 967,12,204.694885, 204.692474, 119.126671, 67.833237,21.240274, 224.173523, 1.000012
5, 967,13,51.146713, 51.152599, 119.126671, 67.833237,21.240274, 224.173523, 0.999885
5, 967,14,38.205944, 38.205715, 119.126671, 67.833237,21.240274, 224.173523, 1.000006
5, 967,15,151.416885, 151.417252, 119.126671, 67.833237,21.240274, 224.173523, 0.999998
5, 967,16,224.173523, 224.166397, 119.126671, 67.833237,21.240274, 224.173523, 1.000032
5, 967,17,46.288006, 46.287460, 119.126671, 67.833237,21.240274, 224.173523, 1.000012
5, 967,18,29.829203, 29.822405, 119.126671, 67.833237,21.240274, 224.173523, 1.000228
5, 967,19,52.088615, 52.070671, 119.126671, 67.833237,21.240274, 224.173523, 1.000345
5, 967,20,158.407654, 158.413391, 119.126671, 67.833237,21.240274, 224.173523, 0.999964
5, 967,21,33.258537, 33.260162, 119.126671, 67.833237,21.240274, 224.173523, 0.999951
5, 967,22,212.964157, 212.968552, 119.126671, 67.833237,21.240274, 224.173523, 0.999979
5, 967,23,91.584541, 91.574753, 119.126671, 67.833237,21.240274, 224.173523, 1.000107
5, 967,24,40.507000, 40.504257, 119.126671, 67.833237,21.240274, 224.173523, 1.000068
5, 967,25,133.425293, 133.424286, 119.126671, 67.833237,21.240274, 224.173523, 1.000008
5, 967,26,110.914124, 110.921371, 119.126671, 67.833237,21.240274, 224.173523, 0.999935
5, 967,27,171.647156, 171.648422, 119.126671, 67.833237,21.240274, 224.173523, 0.999993
5, 967,28,29.435030, 29.433731, 119.126671, 67.833237,21.240274, 224.173523, 1.000044
5, 967,29,167.535690, 167.540527, 119.126671, 67.833237,21.240274, 224.173523, 0.999971
5, 967,30,136.693192, 136.694504, 119.126671, 67.833237,21.240274, 224.173523, 0.999990
5, 967,31,195.926239, 195.920486, 119.126671, 67.833237,21.240274, 224.173523, 1.000029
5, 968,0,159.200500, 159.202911, 119.124962, 57.747158,14.805485, 211.337280, 0.999985
5, 968,1,170.728195, 170.740967, 119.124962, 57.747158,14.805485, 211.337280, 0.999925
5, 968,2,139.504272, 139.492874, 119.124962, 57.747158,14.805485, 211.337280, 1.000082
5, 968,3,35.143578, 35.133110, 119.124962, 57.747158,14.805485, 211.337280, 1.000298
5, 968,4,178.872070, 178.881790, 119.124962, 57.747158,14.805485, 211.337280, 0.999946
5, 968,5,197.667664, 197.669281, 119.124962, 57.747158,14.805485, 211.337280, 0.999992
5, 968,6,88.430344, 88.428764, 119.124962, 57.747158,14.805485, 211.337280, 1.000018
5, 968,7,53.296341, 53.291035, 119.124962, 57.747158,14.805485, 211.337280, 1.000100
5, 968,8,54.368652, 54.375648, 119.124962, 57.747158,14.805485, 211.337280, 0.999871
5, 968,9,164.098465, 164.096130, 119.124962, 57.747158,14.805485, 211.337280, 1.000014
5, 968,10,198.016525, 198.024597, 119.124962, 57.747158,14.805485, 211.337280, 0.999959
5, 968,11,66.882782, 66.867401, 119.124962, 57.747158,14.805485, 211.337280, 1.000230
5, 968,12,126.317810, 126.302971, 119.124962, 57.747158,14.805485, 211.337280, 1.000118
5, 968,13,71.968353, 71.960098, 119.124962, 57.747158,14.805485, 211.337280, 1.000115
5, 968,14,148.609329, 148.618576, 119.124962, 57.747158,14.805485, 211.337280, 0.999938
5, 968,15,36.042633, 36.030724, 119.124962, 57.747158,14.805485, 211.337280, 1.000331
5, 968,16,140.424759, 140.421646, 119.124962, 57.747158,14.805485, 211.337280, 1.000022
5, 968,17,68.903107, 68.893265, 119.124962, 57.747158,14.805485, 211.337280, 1.000143
5, 968,18,14.805485, 14.812193, 119.124962, 57.747158,14.805485, 211.337280, 0.999547
5, 968,19,124.797089, 124.819420, 119.124962, 57.747158,14.805485, 211.337280, 0.999821
5, 968,20,177.212662, 177.205002, 119.124962, 57.747158,14.805485, 211.337280, 1.000043
5, 968,21,136.195038, 136.195404, 119.124962, 57.747158,14.805485, 211.337280, 0.999997
5, 968,22,103.764153, 103.762955, 119.124962, 57.747158,14.805485, 211.337280, 1.000012
5, 968,23,190.607224, 190.606842, 119.124962, 57.747158,14.805485, 211.337280, 1.000002
5, 968,24,64.220764, 64.218201, 119.124962, 57.747158,14.805485, 211.337280, 1.000040
5, 968,25,38.870995, 38.866924, 119.124962, 57.747158,14.805485, 211.337280, 1.000105
5, 968,26,211.337280, 211.364090, 119.124962, 57.747158,14.805485, 211.337280, 0.999873
5, 968,27,202.737442, 202.737045, 119.124962, 57.747158,14.805485, 211.337280, 1.000002
5, 968,28,86.255516, 86.259544, 119.124962, 57.747158,14.805485, 211.337280, 0.999953
5, 968,29,80.346710, 80.356506, 119.124962, 57.747158,14.805485, 211.337280, 0.999878
5, 968,30,141.101425, 141.088623, 119.124962, 57.747158,14.805485, 211.337280, 1.000091
5, 968,31,141.271530, 141.275620, 119.124962, 57.747158,14.805485, 211.337280, 0.999971
5, 969,0,176.775360, 176.778610, 119.125923, 53.983772,11.452179, 195.187714, 0.999982
5, 969,1,36.250053, 36.236774, 119.125923, 53.983772,11.452179, 195.187714, 1.000366
5, 969,2,152.040375, 152.028778, 119.125923, 53.983772,11.452179, 195.187714, 1.000076
5, 969,3,66.899384, 66.899925, 119.125923, 53.983772,11.452179, 195.187714, 0.999992
5, 969,4,90.286682, 90.266151, 119.125923, 53.983772,11.452179, 195.187714, 1.000227
5, 969,5,86.751915, 86.752609, 119.125923, 53.983772,11.452179, 195.187714, 0.999992
5, 969,6,187.005951, 187.009232, 119.125923, 53.983772,11.452179, 195.187714, 0.999982
5, 969,7,159.701843, 159.698868, 119.125923, 53.983772,11.452179, 195.187714, 1.000019
5, 969,8,144.976624, 144.990204, 119.125923, 53.983772,11.452179, 195.187714, 0.999906
5, 969,9,94.966461, 94.973846, 119.125923, 53.983772,11.452179, 195.187714, 0.999922
5, 969,10,80.552269, 80.546486, 119.125923, 53.983772,11.452179, 195.187714, 1.000072
5, 969,11,170.735992, 170.744720, 119.125923, 53.983772,11.452179, 195.187714, 0.999949
5, 969,12,64.281906, 64.264763, 119.125923, 53.983772,11.452179, 195.187714, 1.000267
5, 969,13,11.452179, 11.441013, 119.125923, 53.983772,11.452179, 195.187714, 1.000976
5, 969,14,79.962219, 79.966644, 119.125923, 53.983772,11.452179, 195.187714, 0.999945
5, 969,15,95.976341, 95.984276, 119.125923, 53.983772,11.452179, 195.187714, 0.999917
5, 969,16,186.267075, 186.257156, 119.125923, 53.983772,11.452179, 195.187714, 1.000053
5, 969,17,195.187714, 195.178787, 119.125923, 53.983772,11.452179, 195.187714, 1.000046
5, 969,18,160.978363, 160.990616, 119.125923, 53.983772,11.452179, 195.187714, 0.999924
5, 969,19,142.078812, 142.085205, 119.125923, 53.983772,11.452179, 195.187714, 0.999955
5, 969,20,147.910217, 147.900940, 119.125923, 53.983772,11.452179, 195.187714, 1.000063
5, 969,21,118.036339, 118.047279, 119.125923, 53.983772,11.452179, 195.187714, 0.999907
5, 969,22,81.586266, 81.597115, 119.125923, 53.983772,11.452179, 195.187714, 0.999867
5, 969,23,24.023726, 24.019737, 119.125923, 53.983772,11.452179, 195.187714, 1.000166
5, 969,24,169.075195, 169.079819, 119.125923, 53.983772,11.452179, 195.187714, 0.999973
5, 969,25,179.460434, 179.448212, 119.125923, 53.983772,11.452179, 195.187714, 1.000068
5, 969,26,75.567192, 75.574707, 119.125923, 53.983772,11.452179, 195.187714, 0.999901
5, 969,27,106.070724, 106.065620, 119.125923, 53.983772,11.452179, 195.187714, 1.000048
5, 969,28,192.862503, 192.847916, 119.125923, 53.983772,11.452179, 195.187714, 1.000076
5, 969,29,170.362396, 170.365814, 119.125923, 53.983772,11.452179, 195.187714, 0.999980
5, 969,30,122.280869, 122.284203, 119.125923, 53.983772,11.452179, 195.187714, 0.999973
5, 969,31,41.666729, 41.673584, 119.125923, 53.983772,11.452179, 195.187714, 0.999835
5, 970,0,165.021332, 165.018265, 119.124733, 69.146339,18.930769, 245.596146, 1.000019
5, 970,1,73.108940, 73.117996, 119.124733, 69.146339,18.930769, 245.596146, 0.999876
5, 970,2,186.829254, 186.826096, 119.124733, 69.146339,18.930769, 245.596146, 1.000017
5, 970,3,83.296837, 83.311417, 119.124733, 69.146339,18.930769, 245.596146, 0.999825
5, 970,4,69.727791, 69.739532, 119.124733, 69.146339,18.930769, 245.596146, 0.999832
5, 970,5,35.433823, 35.432800, 119.124733, 69.146339,18.930769, 245.596146, 1.000029
5, 970,6,60.803177, 60.807598, 119.124733, 69.146339,18.930769, 245.596146, 0.999927
5, 970,7,56.193581, 56.189384, 119.124733, 69.146339,18.930769, 245.596146, 1.000075
5, 970,8,220.124802, 220.125076, 119.124733, 69.146339,18.930769, 245.596146, 0.999999
5, 970,9,203.620728, 203.624207, 119.124733, 69.146339,18.930769, 245.596146, 0.999983
5, 970,10,207.916275, 207.916183, 119.124733, 69.146339,18.930769, 245.596146, 1.000000
5, 970,11,108.286217, 108.301971, 119.124733, 69.146339,18.930769, 245.596146, 0.999855
5, 970,12,27.879601, 27.885607, 119.124733, 69.146339,18.930769, 245.596146, 0.999785
5, 970,13,118.295509, 118.299644, 119.124733, 69.146339,18.930769, 245.596146, 0.999965
5, 970,14,245.596146, 245.594131, 119.124733, 69.146339,18.930769, 245.596146, 1.000008
5, 970,15,136.525635, 136.518753, 119.124733, 69.146339,18.930769, 245.596146, 1.000050
5, 970,16,110.143036, 110.143456, 119.124733, 69.146339,18.930769, 245.596146, 0.999996
5, 970,17,211.987885, 211.968887, 119.124733, 69.146339,18.930769, 245.596146, 1.000090
5, 970,18,220.609802, 220.618088, 119.124733, 69.146339,18.930769, 245.596146, 0.999962
5, 970,19,124.959824, 124.955086, 119.124733, 69.146339,18.930769, 245.596146, 1.000038
5, 970,20,22.406784, 22.411901, 119.124733, 69.146339,18.930769, 245.596146, 0.999772
5, 970,21,87.537796, 87.530884, 119.124733, 69.146339,18.930769, 245.596146, 1.000079
5, 970,22,220.570068, 220.574585, 119.124733, 69.146339,18.930769, 245.596146, 0.999979
5, 970,23,152.521606, 152.512131, 119.124733, 69.146339,18.930769, 245.596146, 1.000062
5, 970,24,47.289024, 47.293705, 119.124733, 69.146339,18.930769, 245.596146, 0.999901
5, 970,25,71.180672, 71.175018, 119.124733, 69.146339,18.930769, 245.596146, 1.000079
5, 970,26,139.750076, 139.744980, 119.124733, 69.146339,18.930769, 245.596146, 1.000036
5, 970,27,174.485489, 174.493942, 119.124733, 69.146339,18.930769, 245.596146, 0.999952
5, 970,28,97.657730, 97.651810, 119.124733, 69.146339,18.930769, 245.596146, 1.000061
5, 970,29,18.930769, 18.924679, 119.124733, 69.146339,18.930769, 245.596146, 1.000322
5, 970,30,82.175697, 82.165932, 119.124733, 69.146339,18.930769, 245.596146, 1.000119
5, 970,31,31.125587, 31.126331, 119.124733, 69.146339,18.930769, 245.596146, 0.999976
5, 971,0,68.373405, 68.373138, 119.125587, 60.541729,16.069090, 212.117188, 1.000004
5, 971,1,144.918457, 144.920120, 119.125587, 60.541729,16.069090, 212.117188, 0.999988
5, 971,2,90.435822, 90.417511, 119.125587, 60.541729,16.069090, 212.117188, 1.000203
5, 971,3,16.069090, 16.070555, 119.125587, 60.541729,16.069090, 212.117188, 0.999909
5, 971,4,193.322769, 193.301743, 119.125587, 60.541729,16.069090, 212.117188, 1.000109
5, 971,5,114.840691, 114.832115, 119.125587, 60.541729,16.069090, 212.117188, 1.000075
5, 971,6,212.117188, 212.112274, 119.125587, 60.541729,16.069090, 212.117188, 1.000023
5, 971,7,78.395027, 78.396172, 119.125587, 60.541729,16.069090, 212.117188, 0.999985
5, 971,8,51.069790, 51.056618, 119.125587, 60.541729,16.069090, 212.117188, 1.000258
5, 971,9,144.753571, 144.756226, 119.125587, 60.541729,16.069090, 212.117188, 0.999982
5, 971,10,35.018135, 35.044975, 119.125587, 60.541729,16.069090, 212.117188, 0.999234
5, 971,11,160.193390, 160.194214, 119.125587, 60.541729,16.069090, 212.117188, 0.999995
5, 971,12,189.223541, 189.223190, 119.125587, 60.541729,16.069090, 212.117188, 1.000002
5, 971,13,27.501196, 27.511942, 119.125587, 60.541729,16.069090, 212.117188, 0.999609
5, 971,14,108.652328, 108.666992, 119.125587, 60.541729,16.069090, 212.117188, 0.999865
5, 971,15,172.120926, 172.121002, 119.125587, 60.541729,16.069090, 212.117188, 1.000000
5, 971,16,20.256321, 20.262577, 119.125587, 60.541729,16.069090, 212.117188, 0.999691
5, 971,17,64.526756, 64.534126, 119.125587, 60.541729,16.069090, 212.117188, 0.999886
5, 971,18,90.760796, 90.764214, 119.125587, 60.541729,16.069090, 212.117188, 0.999962
5, 971,19,177.538910, 177.523346, 119.125587, 60.541729,16.069090, 212.117188, 1.000088
5, 971,20,75.183723, 75.174934, 119.125587, 60.541729,16.069090, 212.117188, 1.000117
5, 971,21,114.503151, 114.498009, 119.125587, 60.541729,16.069090, 212.117188, 1.000045
5, 971,22,78.194908, 78.207062, 119.125587, 60.541729,16.069090, 212.117188, 0.999845
5, 971,23,144.060379, 144.056503, 119.125587, 60.541729,16.069090, 212.117188, 1.000027
5, 971,24,192.479767, 192.482254, 119.125587, 60.541729,16.069090, 212.117188, 0.999987
5, 971,25,94.715942, 94.723000, 119.125587, 60.541729,16.069090, 212.117188, 0.999925
5, 971,26,58.137825, 58.135777, 119.125587, 60.541729,16.069090, 212.117188, 1.000035
5, 971,27,170.155914, 170.154221, 119.125587, 60.541729,16.069090, 212.117188, 1.000010
5, 971,28,207.311279, 207.308777, 119.125587, 60.541729,16.069090, 212.117188, 1.000012
5, 971,29,211.854431, 211.860107, 119.125587, 60.541729,16.069090, 212.117188, 0.999973
5, 971,30,171.184021, 171.181732, 119.125587, 60.541729,16.069090, 212.117188, 1.000013
5, 971,31,134.148911, 134.134338, 119.125587, 60.541729,16.069090, 212.117188, 1.000109
5, 972,0,122.418167, 122.421120, 119.123535, 73.704285,16.772341, 259.029999, 0.999976
5, 972,1,156.772034, 156.763504, 119.123535, 73.704285,16.772341, 259.029999, 1.000054
5, 972,2,44.342152, 44.350243, 119.123535, 73.704285,16.772341, 259.029999, 0.999818
5, 972,3,108.745705, 108.750076, 119.123535, 73.704285,16.772341, 259.029999, 0.999960
5, 972,4,222.651733, 222.646591, 119.123535, 73.704285,16.772341, 259.029999, 1.000023
5, 972,5,108.229462, 108.232117, 119.123535, 73.704285,16.772341, 259.029999, 0.999975
5, 972,6,52.820774, 52.833817, 119.123535, 73.704285,16.772341, 259.029999, 0.999753
5, 972,7,179.759613, 179.757843, 119.123535, 73.704285,16.772341, 259.029999, 1.000010
5, 972,8,150.758438, 150.759857, 119.123535, 73.704285,16.772341, 259.029999, 0.999991
5, 972,9,152.158585, 152.156784, 119.123535, 73.704285,16.772341, 259.029999, 1.000012
5, 972,10,195.687500, 195.689072, 119.123535, 73.704285,16.772341, 259.029999, 0.999992
5, 972,11,163.389725, 163.387115, 119.123535, 73.704285,16.772341, 259.029999, 1.000016
5, 972,12,141.044800, 141.036316, 119.123535, 73.704285,16.772341, 259.029999, 1.000060
5, 972,13,167.468201, 167.468048, 119.123535, 73.704285,16.772341, 259.029999, 1.000001
5, 972,14,248.083344, 248.081635, 119.123535, 73.704285,16.772341, 259.029999, 1.000007
5, 972,15,55.265591, 55.274517, 119.123535, 73.704285,16.772341, 259.029999, 0.999839
5, 972,16,57.540531, 57.534710, 119.123535, 73.704285,16.772341, 259.029999, 1.000101
5, 972,17,109.071190, 109.071846, 119.123535, 73.704285,16.772341, 259.029999, 0.999994
5, 972,18,32.519150, 32.523460, 119.123535, 73.704285,16.772341, 259.029999, 0.999867
5, 972,19,168.992142, 168.990540, 119.123535, 73.704285,16.772341, 259.029999, 1.000010
5, 972,20,259.029999, 259.037292, 119.123535, 73.704285,16.772341, 259.029999, 0.999972
5, 972,21,16.772341, 16.772736, 119.123535, 73.704285,16.772341, 259.029999, 0.999976
5, 972,22,67.112793, 67.116989, 119.123535, 73.704285,16.772341, 259.029999, 0.999937
5, 972,23,252.190445, 252.193924, 119.123535, 73.704285,16.772341, 259.029999, 0.999986
5, 972,24,39.554920, 39.563026, 119.123535, 73.704285,16.772341, 259.029999, 0.999795
5, 972,25,97.037453, 97.033173, 119.123535, 73.704285,16.772341, 259.029999, 1.000044
5, 972,26,195.173950, 195.171112, 119.123535, 73.704285,16.772341, 259.029999, 1.000015
5, 972,27,29.774157, 29.784546, 119.123535, 73.704285,16.772341, 259.029999, 0.999651
5, 972,28,17.152790, 17.149433, 119.123535, 73.704285,16.772341, 259.029999, 1.000196
5, 972,29,17.716719, 17.722330, 119.123535, 73.704285,16.772341, 259.029999, 0.999683
5, 972,30,61.584324, 61.584225, 119.123535, 73.704285,16.772341, 259.029999, 1.000002
5, 972,31,121.134201, 121.141907, 119.123535, 73.704285,16.772341, 259.029999, 0.999936
5, 973,0,47.329403, 47.300396, 119.125198, 65.448380,17.732922, 208.695572, 1.000613
5, 973,1,23.947554, 23.950298, 119.125198, 65.448380,17.732922, 208.695572, 0.999885
5, 973,2,25.708666, 25.699532, 119.125198, 65.448380,17.732922, 208.695572, 1.000355
5, 973,3,75.877373, 75.867073, 119.125198, 65.448380,17.732922, 208.695572, 1.000136
5, 973,4,105.587029, 105.597824, 119.125198, 65.448380,17.732922, 208.695572, 0.999898
5, 973,5,170.023636, 170.026917, 119.125198, 65.448380,17.732922, 208.695572, 0.999981
5, 973,6,186.720276, 186.710007, 119.125198, 65.448380,17.732922, 208.695572, 1.000055
5, 973,7,44.078510, 44.082054, 119.125198, 65.448380,17.732922, 208.695572, 0.999920
5, 973,8,55.582539, 55.585911, 119.125198, 65.448380,17.732922, 208.695572, 0.999939
5, 973,9,190.847214, 190.855865, 119.125198, 65.448380,17.732922, 208.695572, 0.999955
5, 973,10,167.997818, 167.997559, 119.125198, 65.448380,17.732922, 208.695572, 1.000002
5, 973,11,184.412430, 184.419174, 119.125198, 65.448380,17.732922, 208.695572, 0.999963
5, 973,12,163.225113, 163.235397, 119.125198, 65.448380,17.732922, 208.695572, 0.999937
5, 973,13,17.732922, 17.719040, 119.125198, 65.448380,17.732922, 208.695572, 1.000783
5, 973,14,130.002655, 129.999939, 119.125198, 65.448380,17.732922, 208.695572, 1.000021
5, 973,15,50.725094, 50.717937, 119.125198, 65.448380,17.732922, 208.695572, 1.000141
5, 973,16,131.734100, 131.736740, 119.125198, 65.448380,17.732922, 208.695572, 0.999980
5, 973,17,41.549767, 41.542244, 119.125198, 65.448380,17.732922, 208.695572, 1.000181
5, 973,18,92.473015, 92.469231, 119.125198, 65.448380,17.732922, 208.695572, 1.000041
5, 973,19,187.824829, 187.811813, 119.125198, 65.448380,17.732922, 208.695572, 1.000069
5, 973,20,84.001122, 83.996956, 119.125198, 65.448380,17.732922, 208.695572, 1.000050
5, 973,21,26.766554, 26.770237, 119.125198, 65.448380,17.732922, 208.695572, 0.999862
5, 973,22,56.574669, 56.575691, 119.125198, 65.448380,17.732922, 208.695572, 0.999982
5, 973,23,158.830017, 158.828079, 119.125198, 65.448380,17.732922, 208.695572, 1.000012
5, 973,24,80.990974, 80.990265, 119.125198, 65.448380,17.732922, 208.695572, 1.000009
5, 973,25,173.861435, 173.855301, 119.125198, 65.448380,17.732922, 208.695572, 1.000035
5, 973,26,208.695572, 208.727936, 119.125198, 65.448380,17.732922, 208.695572, 0.999845
5, 973,27,203.000763, 203.007126, 119.125198, 65.448380,17.732922, 208.695572, 0.999969
5, 973,28,171.189468, 171.178543, 119.125198, 65.448380,17.732922, 208.695572, 1.000064
5, 973,29,180.492462, 180.509857, 119.125198, 65.448380,17.732922, 208.695572, 0.999904
5, 973,30,192.544632, 192.542847, 119.125198, 65.448380,17.732922, 208.695572, 1.000009
5, 973,31,181.678604, 181.692627, 119.125198, 65.448380,17.732922, 208.695572, 0.999923
5, 974,0,214.808960, 214.812836, 119.123428, 60.376400,20.372910, 214.808960, 0.999982
5, 974,1,211.678085, 211.683273, 119.123428, 60.376400,20.372910, 214.808960, 0.999976
5, 974,2,211.307587, 211.299179, 119.123428, 60.376400,20.372910, 214.808960, 1.000040
5, 974,3,180.787720, 180.803299, 119.123428, 60.376400,20.372910, 214.808960, 0.999914
5, 974,4,34.253872, 34.261940, 119.123428, 60.376400,20.372910, 214.808960, 0.999765
5, 974,5,20.372910, 20.370987, 119.123428, 60.376400,20.372910, 214.808960, 1.000094
5, 974,6,76.461487, 76.457443, 119.123428, 60.376400,20.372910, 214.808960, 1.000053
5, 974,7,86.078545, 86.097992, 119.123428, 60.376400,20.372910, 214.808960, 0.999774
5, 974,8,201.196533, 201.186340, 119.123428, 60.376400,20.372910, 214.808960, 1.000051
5, 974,9,176.217575, 176.212860, 119.123428, 60.376400,20.372910, 214.808960, 1.000027
5, 974,10,25.226316, 25.232191, 119.123428, 60.376400,20.372910, 214.808960, 0.999767
5, 974,11,85.829559, 85.827217, 119.123428, 60.376400,20.372910, 214.808960, 1.000027
5, 974,12,61.414776, 61.407856, 119.123428, 60.376400,20.372910, 214.808960, 1.000113
5, 974,13,142.429916, 142.436310, 119.123428, 60.376400,20.372910, 214.808960, 0.999955
5, 974,14,190.238876, 190.248642, 119.123428, 60.376400,20.372910, 214.808960, 0.999949
5, 974,15,191.614807, 191.608780, 119.123428, 60.376400,20.372910, 214.808960, 1.000031
5, 974,16,105.235184, 105.246849, 119.123428, 60.376400,20.372910, 214.808960, 0.999889
5, 974,17,70.667542, 70.670593, 119.123428, 60.376400,20.372910, 214.808960, 0.999957
5, 974,18,97.777367, 97.772430, 119.123428, 60.376400,20.372910, 214.808960, 1.000051
5, 974,19,127.354858, 127.348953, 119.123428, 60.376400,20.372910, 214.808960, 1.000046
5, 974,20,166.125366, 166.112640, 119.123428, 60.376400,20.372910, 214.808960, 1.000077
5, 974,21,40.832840, 40.829601, 119.123428, 60.376400,20.372910, 214.808960, 1.000079
5, 974,22,45.350643, 45.357071, 119.123428, 60.376400,20.372910, 214.808960, 0.999858
5, 974,23,173.985672, 173.996353, 119.123428, 60.376400,20.372910, 214.808960, 0.999939
5, 974,24,110.097923, 110.095459, 119.123428, 60.376400,20.372910, 214.808960, 1.000022
5, 974,25,81.596413, 81.589409, 119.123428, 60.376400,20.372910, 214.808960, 1.000086
5, 974,26,137.693192, 137.707352, 119.123428, 60.376400,20.372910, 214.808960, 0.999897
5, 974,27,167.471542, 167.466492, 119.123428, 60.376400,20.372910, 214.808960, 1.000030
5, 974,28,82.601143, 82.603203, 119.123428, 60.376400,20.372910, 214.808960, 0.999975
5, 974,29,75.183449, 75.191765, 119.123428, 60.376400,20.372910, 214.808960, 0.999889
5, 974,30,82.176903, 82.181320, 119.123428, 60.376400,20.372910, 214.808960, 0.999946
5, 974,31,137.882813, 137.883667, 119.123428, 60.376400,20.372910, 214.808960, 0.999994
5, 975,0,151.557739, 151.551819, 119.123611, 62.366211,15.573936, 197.223984, 1.000039
5, 975,1,182.862518, 182.870636, 119.123611, 62.366211,15.573936, 197.223984, 0.999956
5, 975,2,55.893383, 55.903374, 119.123611, 62.366211,15.573936, 197.223984, 0.999821
5, 975,3,183.071106, 183.079239, 119.123611, 62.366211,15.573936, 197.223984, 0.999956
5, 975,4,196.999313, 197.003220, 119.123611, 62.366211,15.573936, 197.223984, 0.999980
5, 975,5,161.076874, 161.072037, 119.123611, 62.366211,15.573936, 197.223984, 1.000030
5, 975,6,187.448090, 187.448227, 119.123611, 62.366211,15.573936, 197.223984, 0.999999
5, 975,7,69.502266, 69.508667, 119.123611, 62.366211,15.573936, 197.223984, 0.999908
5, 975,8,154.762085, 154.756134, 119.123611, 62.366211,15.573936, 197.223984, 1.000039
5, 975,9,56.017986, 56.019260, 119.123611, 62.366211,15.573936, 197.223984, 0.999977
5, 975,10,23.530741, 23.535759, 119.123611, 62.366211,15.573936, 197.223984, 0.999787
5, 975,11,15.573936, 15.580024, 119.123611, 62.366211,15.573936, 197.223984, 0.999609
5, 975,12,117.492599, 117.486443, 119.123611, 62.366211,15.573936, 197.223984, 1.000052
5, 975,13,197.223984, 197.223404, 119.123611, 62.366211,15.573936, 197.223984, 1.000003
5, 975,14,75.761208, 75.760841, 119.123611, 62.366211,15.573936, 197.223984, 1.000005
5, 975,15,156.886414, 156.888474, 119.123611, 62.366211,15.573936, 197.223984, 0.999987
5, 975,16,78.636200, 78.640663, 119.123611, 62.366211,15.573936, 197.223984, 0.999943
5, 975,17,68.213608, 68.222305, 119.123611, 62.366211,15.573936, 197.223984, 0.999873
5, 975,18,179.222702, 179.237534, 119.123611, 62.366211,15.573936, 197.223984, 0.999917
5, 975,19,150.083832, 150.085831, 119.123611, 62.366211,15.573936, 197.223984, 0.999987
5, 975,20,69.666771, 69.659317, 119.123611, 62.366211,15.573936, 197.223984, 1.000107
5, 975,21,197.009491, 197.020599, 119.123611, 62.366211,15.573936, 197.223984, 0.999944
5, 975,22,15.684542, 15.690118, 119.123611, 62.366211,15.573936, 197.223984, 0.999645
5, 975,23,95.658630, 95.664665, 119.123611, 62.366211,15.573936, 197.223984, 0.999937
5, 975,24,168.572052, 168.564224, 119.123611, 62.366211,15.573936, 197.223984, 1.000046
5, 975,25,65.630478, 65.620605, 119.123611, 62.366211,15.573936, 197.223984, 1.000150
5, 975,26,187.281235, 187.262802, 119.123611, 62.366211,15.573936, 197.223984, 1.000098
5, 975,27,188.336349, 188.340576, 119.123611, 62.366211,15.573936, 197.223984, 0.999978
5, 975,28,148.383606, 148.376465, 119.123611, 62.366211,15.573936, 197.223984, 1.000048
5, 975,29,137.709213, 137.708954, 119.123611, 62.366211,15.573936, 197.223984, 1.000002
5, 975,30,49.515476, 49.523720, 119.123611, 62.366211,15.573936, 197.223984, 0.999834
5, 975,31,26.691141, 26.693716, 119.123611, 62.366211,15.573936, 197.223984, 0.999904
5, 976,0,151.663376, 151.666901, 119.125244, 59.581753,29.270466, 198.466812, 0.999977
5, 976,1,60.923008, 60.909225, 119.125244, 59.581753,29.270466, 198.466812, 1.000226
5, 976,2,193.967911, 193.977264, 119.125244, 59.581753,29.270466, 198.466812, 0.999952
5, 976,3,130.494659, 130.502808, 119.125244, 59.581753,29.270466, 198.466812, 0.999938
5, 976,4,46.640972, 46.625381, 119.125244, 59.581753,29.270466, 198.466812, 1.000334
5, 976,5,188.960236, 188.970200, 119.125244, 59.581753,29.270466, 198.466812, 0.999947
5, 976,6,60.769657, 60.778397, 119.125244, 59.581753,29.270466, 198.466812, 0.999856
5, 976,7,123.066170, 123.069489, 119.125244, 59.581753,29.270466, 198.466812, 0.999973
5, 976,8,57.323788, 57.323391, 119.125244, 59.581753,29.270466, 198.466812, 1.000007
5, 976,9,187.568665, 187.560852, 119.125244, 59.581753,29.270466, 198.466812, 1.000042
5, 976,10,180.424698, 180.430832, 119.125244, 59.581753,29.270466, 198.466812, 0.999966
5, 976,11,159.614349, 159.617569, 119.125244, 59.581753,29.270466, 198.466812, 0.999980
5, 976,12,43.320606, 43.330940, 119.125244, 59.581753,29.270466, 198.466812, 0.999762
5, 976,13,188.019745, 188.012802, 119.125244, 59.581753,29.270466, 198.466812, 1.000037
5, 976,14,151.770493, 151.773941, 119.125244, 59.581753,29.270466, 198.466812, 0.999977
5, 976,15,198.466812, 198.455109, 119.125244, 59.581753,29.270466, 198.466812, 1.000059
5, 976,16,65.533173, 65.541656, 119.125244, 59.581753,29.270466, 198.466812, 0.999871
5, 976,17,102.927773, 102.922256, 119.125244, 59.581753,29.270466, 198.466812, 1.000054
5, 976,18,48.748829, 48.748333, 119.125244, 59.581753,29.270466, 198.466812, 1.000010
5, 976,19,95.512497, 95.506798, 119.125244, 59.581753,29.270466, 198.466812, 1.000060
5, 976,20,30.690489, 30.694323, 119.125244, 59.581753,29.270466, 198.466812, 0.999875
5, 976,21,132.238235, 132.227325, 119.125244, 59.581753,29.270466, 198.466812, 1.000082
5, 976,22,193.007996, 193.007980, 119.125244, 59.581753,29.270466, 198.466812, 1.000000
5, 976,23,115.929443, 115.927567, 119.125244, 59.581753,29.270466, 198.466812, 1.000016
5, 976,24,32.047817, 32.038261, 119.125244, 59.581753,29.270466, 198.466812, 1.000298
5, 976,25,155.360580, 155.365723, 119.125244, 59.581753,29.270466, 198.466812, 0.999967
5, 976,26,176.441086, 176.428726, 119.125244, 59.581753,29.270466, 198.466812, 1.000070
5, 976,27,188.711288, 188.708557, 119.125244, 59.581753,29.270466, 198.466812, 1.000014
5, 976,28,174.289444, 174.281998, 119.125244, 59.581753,29.270466, 198.466812, 1.000043
5, 976,29,85.875816, 85.891075, 119.125244, 59.581753,29.270466, 198.466812, 0.999822
5, 976,30,62.427742, 62.425617, 119.125244, 59.581753,29.270466, 198.466812, 1.000034
5, 976,31,29.270466, 29.279020, 119.125244, 59.581753,29.270466, 198.466812, 0.999708
5, 977,0,167.866241, 167.857346, 119.124924, 67.757767,13.331803, 254.125443, 1.000053
5, 977,1,61.421913, 61.423923, 119.124924, 67.757767,13.331803, 254.125443, 0.999967
5, 977,2,212.734497, 212.738342, 119.124924, 67.757767,13.331803, 254.125443, 0.999982
5, 977,3,15.987581, 15.975963, 119.124924, 67.757767,13.331803, 254.125443, 1.000727
5, 977,4,198.419296, 198.426697, 119.124924, 67.757767,13.331803, 254.125443, 0.999963
5, 977,5,160.035858, 160.027313, 119.124924, 67.757767,13.331803, 254.125443, 1.000053
5, 977,6,13.331803, 13.332748, 119.124924, 67.757767,13.331803, 254.125443, 0.999929
5, 977,7,80.257813, 80.271194, 119.124924, 67.757767,13.331803, 254.125443, 0.999833
5, 977,8,81.853973, 81.849457, 119.124924, 67.757767,13.331803, 254.125443, 1.000055
5, 977,9,87.188576, 87.189522, 119.124924, 67.757767,13.331803, 254.125443, 0.999989
5, 977,10,72.194450, 72.195969, 119.124924, 67.757767,13.331803, 254.125443, 0.999979
5, 977,11,145.840424, 145.830566, 119.124924, 67.757767,13.331803, 254.125443, 1.000068
5, 977,12,120.265709, 120.271835, 119.124924, 67.757767,13.331803, 254.125443, 0.999949
5, 977,13,147.717102, 147.715286, 119.124924, 67.757767,13.331803, 254.125443, 1.000012
5, 977,14,234.540482, 234.542969, 119.124924, 67.757767,13.331803, 254.125443, 0.999989
5, 977,15,29.863733, 29.866243, 119.124924, 67.757767,13.331803, 254.125443, 0.999916
5, 977,16,167.392014, 167.397659, 119.124924, 67.757767,13.331803, 254.125443, 0.999966
5, 977,17,228.530533, 228.513382, 119.124924, 67.757767,13.331803, 254.125443, 1.000075
5, 977,18,110.645966, 110.649002, 119.124924, 67.757767,13.331803, 254.125443, 0.999973
5, 977,19,201.483032, 201.491302, 119.124924, 67.757767,13.331803, 254.125443, 0.999959
5, 977,20,37.464775, 37.451118, 119.124924, 67.757767,13.331803, 254.125443, 1.000365
5, 977,21,109.364365, 109.369522, 119.124924, 67.757767,13.331803, 254.125443, 0.999953
5, 977,22,57.751312, 57.761734, 119.124924, 67.757767,13.331803, 254.125443, 0.999820
5, 977,23,122.594765, 122.577942, 119.124924, 67.757767,13.331803, 254.125443, 1.000137
5, 977,24,120.562416, 120.562973, 119.124924, 67.757767,13.331803, 254.125443, 0.999995
5, 977,25,158.628464, 158.640564, 119.124924, 67.757767,13.331803, 254.125443, 0.999924
5, 977,26,254.125443, 254.125732, 119.124924, 67.757767,13.331803, 254.125443, 0.999999
5, 977,27,52.849277, 52.820068, 119.124924, 67.757767,13.331803, 254.125443, 1.000553
5, 977,28,141.296570, 141.317947, 119.124924, 67.757767,13.331803, 254.125443, 0.999849
5, 977,29,68.119499, 68.112404, 119.124924, 67.757767,13.331803, 254.125443, 1.000104
5, 977,30,132.424423, 132.445938, 119.124924, 67.757767,13.331803, 254.125443, 0.999838
5, 977,31,19.245050, 19.247419, 119.124924, 67.757767,13.331803, 254.125443, 0.999877
5, 978,0,149.264771, 149.266647, 119.125504, 68.070313,23.754013, 257.705933, 0.999987
5, 978,1,187.064865, 187.061829, 119.125504, 68.070313,23.754013, 257.705933, 1.000016
5, 978,2,64.096222, 64.093826, 119.125504, 68.070313,23.754013, 257.705933, 1.000037
5, 978,3,69.514145, 69.508636, 119.125504, 68.070313,23.754013, 257.705933, 1.000079
5, 978,4,162.936447, 162.939209, 119.125504, 68.070313,23.754013, 257.705933, 0.999983
5, 978,5,84.445084, 84.443893, 119.125504, 68.070313,23.754013, 257.705933, 1.000014
5, 978,6,25.759283, 25.756390, 119.125504, 68.070313,23.754013, 257.705933, 1.000112
5, 978,7,23.754013, 23.757790, 119.125504, 68.070313,23.754013, 257.705933, 0.999841
5, 978,8,65.066505, 65.046646, 119.125504, 68.070313,23.754013, 257.705933, 1.000305
5, 978,9,189.622940, 189.641418, 119.125504, 68.070313,23.754013, 257.705933, 0.999903
5, 978,10,165.054886, 165.054016, 119.125504, 68.070313,23.754013, 257.705933, 1.000005
5, 978,11,95.924339, 95.931969, 119.125504, 68.070313,23.754013, 257.705933, 0.999920
5, 978,12,175.570160, 175.550537, 119.125504, 68.070313,23.754013, 257.705933, 1.000112
5, 978,13,85.273209, 85.280525, 119.125504, 68.070313,23.754013, 257.705933, 0.999914
5, 978,14,233.468781, 233.471130, 119.125504, 68.070313,23.754013, 257.705933, 0.999990
5, 978,15,75.828697, 75.814293, 119.125504, 68.070313,23.754013, 257.705933, 1.000190
5, 978,16,57.809303, 57.803673, 119.125504, 68.070313,23.754013, 257.705933, 1.000097
5, 978,17,94.806602, 94.816460, 119.125504, 68.070313,23.754013, 257.705933, 0.999896
5, 978,18,62.487331, 62.482559, 119.125504, 68.070313,23.754013, 257.705933, 1.000076
5, 978,19,221.206863, 221.200668, 119.125504, 68.070313,23.754013, 257.705933, 1.000028
5, 978,20,62.469929, 62.467068, 119.125504, 68.070313,23.754013, 257.705933, 1.000046
5, 978,21,236.293015, 236.290848, 119.125504, 68.070313,23.754013, 257.705933, 1.000009
5, 978,22,68.536484, 68.548065, 119.125504, 68.070313,23.754013, 257.705933, 0.999831
5, 978,23,28.531057, 28.537382, 119.125504, 68.070313,23.754013, 257.705933, 0.999778
5, 978,24,97.480385, 97.481262, 119.125504, 68.070313,23.754013, 257.705933, 0.999991
5, 978,25,136.516296, 136.523636, 119.125504, 68.070313,23.754013, 257.705933, 0.999946
5, 978,26,146.273422, 146.268753, 119.125504, 68.070313,23.754013, 257.705933, 1.000032
5, 978,27,61.976627, 61.979038, 119.125504, 68.070313,23.754013, 257.705933, 0.999961
5, 978,28,137.779266, 137.778595, 119.125504, 68.070313,23.754013, 257.705933, 1.000005
5, 978,29,72.130936, 72.126953, 119.125504, 68.070313,23.754013, 257.705933, 1.000055
5, 978,30,257.705933, 257.709961, 119.125504, 68.070313,23.754013, 257.705933, 0.999984
5, 978,31,217.368210, 217.366150, 119.125504, 68.070313,23.754013, 257.705933, 1.000009
5, 979,0,203.699646, 203.714615, 119.126305, 63.038548,10.240404, 205.048141, 0.999927
5, 979,1,103.233429, 103.232651, 119.126305, 63.038548,10.240404, 205.048141, 1.000008
5, 979,2,48.731377, 48.734570, 119.126305, 63.038548,10.240404, 205.048141, 0.999934
5, 979,3,85.894966, 85.899948, 119.126305, 63.038548,10.240404, 205.048141, 0.999942
5, 979,4,123.407104, 123.411385, 119.126305, 63.038548,10.240404, 205.048141, 0.999965
5, 979,5,156.041183, 156.036255, 119.126305, 63.038548,10.240404, 205.048141, 1.000032
5, 979,6,94.575668, 94.569283, 119.126305, 63.038548,10.240404, 205.048141, 1.000067
5, 979,7,24.916664, 24.916271, 119.126305, 63.038548,10.240404, 205.048141, 1.000016
5, 979,8,159.686691, 159.681778, 119.126305, 63.038548,10.240404, 205.048141, 1.000031
5, 979,9,43.205223, 43.197651, 119.126305, 63.038548,10.240404, 205.048141, 1.000175
5, 979,10,17.868698, 17.875790, 119.126305, 63.038548,10.240404, 205.048141, 0.999603
5, 979,11,45.397308, 45.399292, 119.126305, 63.038548,10.240404, 205.048141, 0.999956
5, 979,12,205.048141, 205.045151, 119.126305, 63.038548,10.240404, 205.048141, 1.000015
5, 979,13,175.095734, 175.093277, 119.126305, 63.038548,10.240404, 205.048141, 1.000014
5, 979,14,181.086884, 181.089615, 119.126305, 63.038548,10.240404, 205.048141, 0.999985
5, 979,15,46.848209, 46.843189, 119.126305, 63.038548,10.240404, 205.048141, 1.000107
5, 979,16,44.489849, 44.486416, 119.126305, 63.038548,10.240404, 205.048141, 1.000077
5, 979,17,107.025536, 107.027351, 119.126305, 63.038548,10.240404, 205.048141, 0.999983
5, 979,18,201.980362, 201.972397, 119.126305, 63.038548,10.240404, 205.048141, 1.000039
5, 979,19,166.442780, 166.435883, 119.126305, 63.038548,10.240404, 205.048141, 1.000041
5, 979,20,46.672985, 46.670158, 119.126305, 63.038548,10.240404, 205.048141, 1.000061
5, 979,21,204.798309, 204.794556, 119.126305, 63.038548,10.240404, 205.048141, 1.000018
5, 979,22,139.852417, 139.855087, 119.126305, 63.038548,10.240404, 205.048141, 0.999981
5, 979,23,177.391312, 177.384415, 119.126305, 63.038548,10.240404, 205.048141, 1.000039
5, 979,24,158.516388, 158.512360, 119.126305, 63.038548,10.240404, 205.048141, 1.000025
5, 979,25,188.620193, 188.613388, 119.126305, 63.038548,10.240404, 205.048141, 1.000036
5, 979,26,98.364449, 98.363983, 119.126305, 63.038548,10.240404, 205.048141, 1.000005
5, 979,27,118.741905, 118.727684, 119.126305, 63.038548,10.240404, 205.048141, 1.000120
5, 979,28,93.064522, 93.077660, 119.126305, 63.038548,10.240404, 205.048141, 0.999859
5, 979,29,157.943253, 157.939560, 119.126305, 63.038548,10.240404, 205.048141, 1.000023
5, 979,30,10.240404, 10.232694, 119.126305, 63.038548,10.240404, 205.048141, 1.000754
5, 979,31,183.159561, 183.165955, 119.126305, 63.038548,10.240404, 205.048141, 0.999965
5, 980,0,216.770828, 216.767059, 119.126396, 76.677162,16.072577, 245.939117, 1.000017
5, 980,1,24.732475, 24.731068, 119.126396, 76.677162,16.072577, 245.939117, 1.000057
5, 980,2,118.962936, 118.977844, 119.126396, 76.677162,16.072577, 245.939117, 0.999875
5, 980,3,166.288956, 166.290741, 119.126396, 76.677162,16.072577, 245.939117, 0.999989
5, 980,4,111.677338, 111.666985, 119.126396, 76.677162,16.072577, 245.939117, 1.000093
5, 980,5,244.399567, 244.385101, 119.126396, 76.677162,16.072577, 245.939117, 1.000059
5, 980,6,83.253746, 83.247162, 119.126396, 76.677162,16.072577, 245.939117, 1.000079
5, 980,7,22.044786, 22.048717, 119.126396, 76.677162,16.072577, 245.939117, 0.999822
5, 980,8,26.560251, 26.560610, 119.126396, 76.677162,16.072577, 245.939117, 0.999986
5, 980,9,137.280579, 137.273239, 119.126396, 76.677162,16.072577, 245.939117, 1.000054
5, 980,10,74.188408, 74.194221, 119.126396, 76.677162,16.072577, 245.939117, 0.999922
5, 980,11,38.817284, 38.813419, 119.126396, 76.677162,16.072577, 245.939117, 1.000100
5, 980,12,146.026077, 146.027328, 119.126396, 76.677162,16.072577, 245.939117, 0.999991
5, 980,13,48.233070, 48.238094, 119.126396, 76.677162,16.072577, 245.939117, 0.999896
5, 980,14,63.627510, 63.632465, 119.126396, 76.677162,16.072577, 245.939117, 0.999922
5, 980,15,28.820631, 28.827488, 119.126396, 76.677162,16.072577, 245.939117, 0.999762
5, 980,16,58.906429, 58.894611, 119.126396, 76.677162,16.072577, 245.939117, 1.000201
5, 980,17,193.039047, 193.012222, 119.126396, 76.677162,16.072577, 245.939117, 1.000139
5, 980,18,188.655869, 188.660690, 119.126396, 76.677162,16.072577, 245.939117, 0.999974
5, 980,19,213.467468, 213.472443, 119.126396, 76.677162,16.072577, 245.939117, 0.999977
5, 980,20,188.549225, 188.544067, 119.126396, 76.677162,16.072577, 245.939117, 1.000027
5, 980,21,218.687515, 218.684082, 119.126396, 76.677162,16.072577, 245.939117, 1.000016
5, 980,22,69.912247, 69.922867, 119.126396, 76.677162,16.072577, 245.939117, 0.999848
5, 980,23,193.376633, 193.376663, 119.126396, 76.677162,16.072577, 245.939117, 1.000000
5, 980,24,16.072577, 16.071737, 119.126396, 76.677162,16.072577, 245.939117, 1.000052
5, 980,25,26.032131, 26.043089, 119.126396, 76.677162,16.072577, 245.939117, 0.999579
5, 980,26,76.541023, 76.526703, 119.126396, 76.677162,16.072577, 245.939117, 1.000187
5, 980,27,199.212723, 199.215164, 119.126396, 76.677162,16.072577, 245.939117, 0.999988
5, 980,28,209.379196, 209.383301, 119.126396, 76.677162,16.072577, 245.939117, 0.999980
5, 980,29,99.801163, 99.785912, 119.126396, 76.677162,16.072577, 245.939117, 1.000153
5, 980,30,245.939117, 245.937668, 119.126396, 76.677162,16.072577, 245.939117, 1.000006
5, 980,31,62.787590, 62.786945, 119.126396, 76.677162,16.072577, 245.939117, 1.000010
5, 981,0,120.834892, 120.840469, 119.124565, 61.190289,15.093724, 234.523682, 0.999954
5, 981,1,180.148727, 180.148285, 119.124565, 61.190289,15.093724, 234.523682, 1.000003
5, 981,2,86.312241, 86.328842, 119.124565, 61.190289,15.093724, 234.523682, 0.999808
5, 981,3,62.798386, 62.782494, 119.124565, 61.190289,15.093724, 234.523682, 1.000253
5, 981,4,188.284836, 188.289368, 119.124565, 61.190289,15.093724, 234.523682, 0.999976
5, 981,5,77.961792, 77.959885, 119.124565, 61.190289,15.093724, 234.523682, 1.000024
5, 981,6,15.093724, 15.089050, 119.124565, 61.190289,15.093724, 234.523682, 1.000310
5, 981,7,58.050903, 58.045601, 119.124565, 61.190289,15.093724, 234.523682, 1.000091
5, 981,8,161.898193, 161.898132, 119.124565, 61.190289,15.093724, 234.523682, 1.000000
5, 981,9,104.410713, 104.413269, 119.124565, 61.190289,15.093724, 234.523682, 0.999976
5, 981,10,165.035431, 165.039948, 119.124565, 61.190289,15.093724, 234.523682, 0.999973
5, 981,11,64.408066, 64.412094, 119.124565, 61.190289,15.093724, 234.523682, 0.999937
5, 981,12,93.304489, 93.296082, 119.124565, 61.190289,15.093724, 234.523682, 1.000090
5, 981,13,121.523338, 121.517174, 119.124565, 61.190289,15.093724, 234.523682, 1.000051
5, 981,14,107.492294, 107.499840, 119.124565, 61.190289,15.093724, 234.523682, 0.999930
5, 981,15,162.446487, 162.457443, 119.124565, 61.190289,15.093724, 234.523682, 0.999933
5, 981,16,76.303757, 76.295746, 119.124565, 61.190289,15.093724, 234.523682, 1.000105
5, 981,17,85.737762, 85.728104, 119.124565, 61.190289,15.093724, 234.523682, 1.000113
5, 981,18,51.420162, 51.423626, 119.124565, 61.190289,15.093724, 234.523682, 0.999933
5, 981,19,56.030884, 56.029320, 119.124565, 61.190289,15.093724, 234.523682, 1.000028
5, 981,20,120.505981, 120.502129, 119.124565, 61.190289,15.093724, 234.523682, 1.000032
5, 981,21,229.060562, 229.070831, 119.124565, 61.190289,15.093724, 234.523682, 0.999955
5, 981,22,215.205338, 215.205414, 119.124565, 61.190289,15.093724, 234.523682, 1.000000
5, 981,23,79.951309, 79.941643, 119.124565, 61.190289,15.093724, 234.523682, 1.000121
5, 981,24,211.008347, 211.014023, 119.124565, 61.190289,15.093724, 234.523682, 0.999973
5, 981,25,229.549164, 229.540390, 119.124565, 61.190289,15.093724, 234.523682, 1.000038
5, 981,26,62.858135, 62.865356, 119.124565, 61.190289,15.093724, 234.523682, 0.999885
5, 981,27,125.829887, 125.832855, 119.124565, 61.190289,15.093724, 234.523682, 0.999976
5, 981,28,52.152298, 52.155567, 119.124565, 61.190289,15.093724, 234.523682, 0.999937
5, 981,29,234.523682, 234.525848, 119.124565, 61.190289,15.093724, 234.523682, 0.999991
5, 981,30,126.761757, 126.765045, 119.124565, 61.190289,15.093724, 234.523682, 0.999974
5, 981,31,85.082718, 85.085930, 119.124565, 61.190289,15.093724, 234.523682, 0.999962
5, 982,0,159.454132, 159.462448, 119.126312, 64.496422,11.432049, 244.063950, 0.999948
5, 982,1,170.354843, 170.361725, 119.126312, 64.496422,11.432049, 244.063950, 0.999960
5, 982,2,226.052719, 226.048386, 119.126312, 64.496422,11.432049, 244.063950, 1.000019
5, 982,3,100.931076, 100.928429, 119.126312, 64.496422,11.432049, 244.063950, 1.000026
5, 982,4,66.574806, 66.557983, 119.126312, 64.496422,11.432049, 244.063950, 1.000253
5, 982,5,83.751823, 83.743202, 119.126312, 64.496422,11.432049, 244.063950, 1.000103
5, 982,6,28.967436, 28.974543, 119.126312, 64.496422,11.432049, 244.063950, 0.999755
5, 982,7,93.816879, 93.810066, 119.126312, 64.496422,11.432049, 244.063950, 1.000073
5, 982,8,142.800735, 142.806244, 119.126312, 64.496422,11.432049, 244.063950, 0.999961
5, 982,9,67.256165, 67.265930, 119.126312, 64.496422,11.432049, 244.063950, 0.999855
5, 982,10,95.351631, 95.334869, 119.126312, 64.496422,11.432049, 244.063950, 1.000176
5, 982,11,177.006271, 176.997742, 119.126312, 64.496422,11.432049, 244.063950, 1.000048
5, 982,12,86.483528, 86.473854, 119.126312, 64.496422,11.432049, 244.063950, 1.000112
5, 982,13,105.144516, 105.144997, 119.126312, 64.496422,11.432049, 244.063950, 0.999995
5, 982,14,48.924015, 48.921543, 119.126312, 64.496422,11.432049, 244.063950, 1.000051
5, 982,15,73.232101, 73.232910, 119.126312, 64.496422,11.432049, 244.063950, 0.999989
5, 982,16,231.111145, 231.105148, 119.126312, 64.496422,11.432049, 244.063950, 1.000026
5, 982,17,54.264099, 54.250595, 119.126312, 64.496422,11.432049, 244.063950, 1.000249
5, 982,18,168.399124, 168.401260, 119.126312, 64.496422,11.432049, 244.063950, 0.999987
5, 982,19,35.999023, 35.991776, 119.126312, 64.496422,11.432049, 244.063950, 1.000201
5, 982,20,244.063950, 244.066025, 119.126312, 64.496422,11.432049, 244.063950, 0.999991
5, 982,21,11.432049, 11.431454, 119.126312, 64.496422,11.432049, 244.063950, 1.000052
5, 982,22,189.674026, 189.694122, 119.126312, 64.496422,11.432049, 244.063950, 0.999894
5, 982,23,140.681763, 140.682388, 119.126312, 64.496422,11.432049, 244.063950, 0.999996
5, 982,24,137.747391, 137.757248, 119.126312, 64.496422,11.432049, 244.063950, 0.999928
5, 982,25,115.830368, 115.818657, 119.126312, 64.496422,11.432049, 244.063950, 1.000101
5, 982,26,58.563431, 58.568295, 119.126312, 64.496422,11.432049, 244.063950, 0.999917
5, 982,27,98.055794, 98.049965, 119.126312, 64.496422,11.432049, 244.063950, 1.000059
5, 982,28,223.924469, 223.916779, 119.126312, 64.496422,11.432049, 244.063950, 1.000034
5, 982,29,208.086273, 208.092972, 119.126312, 64.496422,11.432049, 244.063950, 0.999968
5, 982,30,92.215759, 92.215233, 119.126312, 64.496422,11.432049, 244.063950, 1.000006
5, 982,31,75.890495, 75.893555, 119.126312, 64.496422,11.432049, 244.063950, 0.999960
5, 983,0,69.017914, 69.007362, 119.124992, 66.801117,17.482059, 216.245605, 1.000153
5, 983,1,125.365211, 125.371742, 119.124992, 66.801117,17.482059, 216.245605, 0.999948
5, 983,2,144.796295, 144.797913, 119.124992, 66.801117,17.482059, 216.245605, 0.999989
5, 983,3,69.722420, 69.717224, 119.124992, 66.801117,17.482059, 216.245605, 1.000075
5, 983,4,49.165123, 49.169228, 119.124992, 66.801117,17.482059, 216.245605, 0.999916
5, 983,5,179.154999, 179.156555, 119.124992, 66.801117,17.482059, 216.245605, 0.999991
5, 983,6,33.503994, 33.488861, 119.124992, 66.801117,17.482059, 216.245605, 1.000452
5, 983,7,154.917450, 154.926132, 119.124992, 66.801117,17.482059, 216.245605, 0.999944
5, 983,8,212.283905, 212.291946, 119.124992, 66.801117,17.482059, 216.245605, 0.999962
5, 983,9,38.612450, 38.616356, 119.124992, 66.801117,17.482059, 216.245605, 0.999899
5, 983,10,200.843170, 200.832718, 119.124992, 66.801117,17.482059, 216.245605, 1.000052
5, 983,11,115.980652, 115.972404, 119.124992, 66.801117,17.482059, 216.245605, 1.000071
5, 983,12,46.933281, 46.925552, 119.124992, 66.801117,17.482059, 216.245605, 1.000165
5, 983,13,137.303101, 137.306335, 119.124992, 66.801117,17.482059, 216.245605, 0.999976
5, 983,14,52.467529, 52.471359, 119.124992, 66.801117,17.482059, 216.245605, 0.999927
5, 983,15,136.158066, 136.159149, 119.124992, 66.801117,17.482059, 216.245605, 0.999992
5, 983,16,167.839050, 167.843109, 119.124992, 66.801117,17.482059, 216.245605, 0.999976
5, 983,17,17.482059, 17.485252, 119.124992, 66.801117,17.482059, 216.245605, 0.999817
5, 983,18,21.081337, 21.072596, 119.124992, 66.801117,17.482059, 216.245605, 1.000415
5, 983,19,181.574890, 181.577698, 119.124992, 66.801117,17.482059, 216.245605, 0.999985
5, 983,20,103.714943, 103.708260, 119.124992, 66.801117,17.482059, 216.245605, 1.000064
5, 983,21,216.245605, 216.246902, 119.124992, 66.801117,17.482059, 216.245605, 0.999994
5, 983,22,191.417358, 191.420700, 119.124992, 66.801117,17.482059, 216.245605, 0.999983
5, 983,23,205.652237, 205.655991, 119.124992, 66.801117,17.482059, 216.245605, 0.999982
5, 983,24,97.762680, 97.756813, 119.124992, 66.801117,17.482059, 216.245605, 1.000060
5, 983,25,212.523346, 212.520111, 119.124992, 66.801117,17.482059, 216.245605, 1.000015
5, 983,26,150.954636, 150.964859, 119.124992, 66.801117,17.482059, 216.245605, 0.999932
5, 983,27,208.129684, 208.134171, 119.124992, 66.801117,17.482059, 216.245605, 0.999978
5, 983,28,22.285904, 22.289503, 119.124992, 66.801117,17.482059, 216.245605, 0.999839
5, 983,29,47.926445, 47.920628, 119.124992, 66.801117,17.482059, 216.245605, 1.000121
5, 983,30,72.288055, 72.296814, 119.124992, 66.801117,17.482059, 216.245605, 0.999879
5, 983,31,128.895935, 128.895721, 119.124992, 66.801117,17.482059, 216.245605, 1.000002
5, 984,0,41.466454, 41.464630, 119.124763, 86.789444,11.353119, 270.458008, 1.000044
5, 984,1,56.402836, 56.400425, 119.124763, 86.789444,11.353119, 270.458008, 1.000043
5, 984,2,26.057011, 26.051733, 119.124763, 86.789444,11.353119, 270.458008, 1.000203
5, 984,3,94.780380, 94.787117, 119.124763, 86.789444,11.353119, 270.458008, 0.999929
5, 984,4,24.732542, 24.733631, 119.124763, 86.789444,11.353119, 270.458008, 0.999956
5, 984,5,16.274681, 16.283222, 119.124763, 86.789444,11.353119, 270.458008, 0.999475
5, 984,6,260.522644, 260.520264, 119.124763, 86.789444,11.353119, 270.458008, 1.000009
5, 984,7,49.438625, 49.446022, 119.124763, 86.789444,11.353119, 270.458008, 0.999850
5, 984,8,219.981491, 219.990631, 119.124763, 86.789444,11.353119, 270.458008, 0.999958
5, 984,9,42.029442, 42.022602, 119.124763, 86.789444,11.353119, 270.458008, 1.000163
5, 984,10,220.690887, 220.694168, 119.124763, 86.789444,11.353119, 270.458008, 0.999985
5, 984,11,270.458008, 270.466644, 119.124763, 86.789444,11.353119, 270.458008, 0.999968
5, 984,12,200.941818, 200.938797, 119.124763, 86.789444,11.353119, 270.458008, 1.000015
5, 984,13,90.857384, 90.848984, 119.124763, 86.789444,11.353119, 270.458008, 1.000093
5, 984,14,157.698425, 157.692108, 119.124763, 86.789444,11.353119, 270.458008, 1.000040
5, 984,15,33.636169, 33.636883, 119.124763, 86.789444,11.353119, 270.458008, 0.999979
5, 984,16,65.515152, 65.513924, 119.124763, 86.789444,11.353119, 270.458008, 1.000019
5, 984,17,130.966156, 130.966187, 119.124763, 86.789444,11.353119, 270.458008, 1.000000
5, 984,18,43.323841, 43.308357, 119.124763, 86.789444,11.353119, 270.458008, 1.000358
5, 984,19,191.694046, 191.695923, 119.124763, 86.789444,11.353119, 270.458008, 0.999990
5, 984,20,118.129852, 118.124802, 119.124763, 86.789444,11.353119, 270.458008, 1.000043
5, 984,21,67.986732, 67.988403, 119.124763, 86.789444,11.353119, 270.458008, 0.999975
5, 984,22,221.410263, 221.405762, 119.124763, 86.789444,11.353119, 270.458008, 1.000020
5, 984,23,193.453781, 193.466873, 119.124763, 86.789444,11.353119, 270.458008, 0.999932
5, 984,24,173.642029, 173.646805, 119.124763, 86.789444,11.353119, 270.458008, 0.999973
5, 984,25,11.353119, 11.350449, 119.124763, 86.789444,11.353119, 270.458008, 1.000235
5, 984,26,244.256256, 244.258270, 119.124763, 86.789444,11.353119, 270.458008, 0.999992
5, 984,27,18.047522, 18.054169, 119.124763, 86.789444,11.353119, 270.458008, 0.999632
5, 984,28,14.901418, 14.900429, 119.124763, 86.789444,11.353119, 270.458008, 1.000066
5, 984,29,259.731049, 259.727783, 119.124763, 86.789444,11.353119, 270.458008, 1.000013
5, 984,30,141.817703, 141.826370, 119.124763, 86.789444,11.353119, 270.458008, 0.999939
5, 984,31,109.794754, 109.787605, 119.124763, 86.789444,11.353119, 270.458008, 1.000065
5, 985,0,18.428341, 18.418430, 119.126541, 84.481918,14.115214, 268.792877, 1.000538
5, 985,1,251.677216, 251.678360, 119.126541, 84.481918,14.115214, 268.792877, 0.999995
5, 985,2,25.102446, 25.091770, 119.126541, 84.481918,14.115214, 268.792877, 1.000425
5, 985,3,216.360672, 216.348434, 119.126541, 84.481918,14.115214, 268.792877, 1.000057
5, 985,4,35.554615, 35.554211, 119.126541, 84.481918,14.115214, 268.792877, 1.000011
5, 985,5,101.588173, 101.584740, 119.126541, 84.481918,14.115214, 268.792877, 1.000034
5, 985,6,151.509689, 151.505539, 119.126541, 84.481918,14.115214, 268.792877, 1.000027
5, 985,7,21.254915, 21.254192, 119.126541, 84.481918,14.115214, 268.792877, 1.000034
5, 985,8,48.258709, 48.246487, 119.126541, 84.481918,14.115214, 268.792877, 1.000253
5, 985,9,253.353241, 253.350754, 119.126541, 84.481918,14.115214, 268.792877, 1.000010
5, 985,10,268.792877, 268.789917, 119.126541, 84.481918,14.115214, 268.792877, 1.000011
5, 985,11,84.503944, 84.513588, 119.126541, 84.481918,14.115214, 268.792877, 0.999886
5, 985,12,156.554153, 156.546890, 119.126541, 84.481918,14.115214, 268.792877, 1.000046
5, 985,13,228.132904, 228.119690, 119.126541, 84.481918,14.115214, 268.792877, 1.000058
5, 985,14,99.596191, 99.597290, 119.126541, 84.481918,14.115214, 268.792877, 0.999989
5, 985,15,158.699295, 158.704025, 119.126541, 84.481918,14.115214, 268.792877, 0.999970
5, 985,16,237.827621, 237.830780, 119.126541, 84.481918,14.115214, 268.792877, 0.999987
5, 985,17,208.740936, 208.737915, 119.126541, 84.481918,14.115214, 268.792877, 1.000014
5, 985,18,47.443172, 47.446655, 119.126541, 84.481918,14.115214, 268.792877, 0.999927
5, 985,19,15.769714, 15.768482, 119.126541, 84.481918,14.115214, 268.792877, 1.000078
5, 985,20,14.115214, 14.112265, 119.126541, 84.481918,14.115214, 268.792877, 1.000209
5, 985,21,76.865669, 76.862679, 119.126541, 84.481918,14.115214, 268.792877, 1.000039
5, 985,22,15.036599, 15.041362, 119.126541, 84.481918,14.115214, 268.792877, 0.999683
5, 985,23,113.190575, 113.194420, 119.126541, 84.481918,14.115214, 268.792877, 0.999966
5, 985,24,131.157318, 131.162354, 119.126541, 84.481918,14.115214, 268.792877, 0.999962
5, 985,25,179.682510, 179.693527, 119.126541, 84.481918,14.115214, 268.792877, 0.999939
5, 985,26,181.708527, 181.705231, 119.126541, 84.481918,14.115214, 268.792877, 1.000018
5, 985,27,88.989059, 88.997498, 119.126541, 84.481918,14.115214, 268.792877, 0.999905
5, 985,28,220.595856, 220.598038, 119.126541, 84.481918,14.115214, 268.792877, 0.999990
5, 985,29,28.955719, 28.945501, 119.126541, 84.481918,14.115214, 268.792877, 1.000353
5, 985,30,41.898846, 41.888229, 119.126541, 84.481918,14.115214, 268.792877, 1.000253
5, 985,31,90.704193, 90.710258, 119.126541, 84.481918,14.115214, 268.792877, 0.999933
5, 986,0,95.010445, 95.005730, 119.125214, 67.836815,13.555772, 238.947510, 1.000050
5, 986,1,233.330505, 233.329590, 119.125214, 67.836815,13.555772, 238.947510, 1.000004
5, 986,2,71.681129, 71.690826, 119.125214, 67.836815,13.555772, 238.947510, 0.999865
5, 986,3,15.207205, 15.199726, 119.125214, 67.836815,13.555772, 238.947510, 1.000492
5, 986,4,122.518509, 122.513954, 119.125214, 67.836815,13.555772, 238.947510, 1.000037
5, 986,5,122.529205, 122.520935, 119.125214, 67.836815,13.555772, 238.947510, 1.000067
5, 986,6,238.947510, 238.955658, 119.125214, 67.836815,13.555772, 238.947510, 0.999966
5, 986,7,71.977348, 71.963394, 119.125214, 67.836815,13.555772, 238.947510, 1.000194
5, 986,8,148.437225, 148.442703, 119.125214, 67.836815,13.555772, 238.947510, 0.999963
5, 986,9,23.605028, 23.614334, 119.125214, 67.836815,13.555772, 238.947510, 0.999606
5, 986,10,41.197876, 41.198353, 119.125214, 67.836815,13.555772, 238.947510, 0.999988
5, 986,11,157.766830, 157.772827, 119.125214, 67.836815,13.555772, 238.947510, 0.999962
5, 986,12,57.688690, 57.685116, 119.125214, 67.836815,13.555772, 238.947510, 1.000062
5, 986,13,198.914902, 198.916367, 119.125214, 67.836815,13.555772, 238.947510, 0.999993
5, 986,14,200.347382, 200.342102, 119.125214, 67.836815,13.555772, 238.947510, 1.000026
5, 986,15,107.234779, 107.236267, 119.125214, 67.836815,13.555772, 238.947510, 0.999986
5, 986,16,185.035217, 185.036438, 119.125214, 67.836815,13.555772, 238.947510, 0.999993
5, 986,17,13.555772, 13.543362, 119.125214, 67.836815,13.555772, 238.947510, 1.000916
5, 986,18,23.694084, 23.698200, 119.125214, 67.836815,13.555772, 238.947510, 0.999826
5, 986,19,57.320232, 57.328682, 119.125214, 67.836815,13.555772, 238.947510, 0.999853
5, 986,20,103.133865, 103.126801, 119.125214, 67.836815,13.555772, 238.947510, 1.000069
5, 986,21,226.421280, 226.417603, 119.125214, 67.836815,13.555772, 238.947510, 1.000016
5, 986,22,63.744026, 63.751461, 119.125214, 67.836815,13.555772, 238.947510, 0.999883
5, 986,23,53.930309, 53.925098, 119.125214, 67.836815,13.555772, 238.947510, 1.000097
5, 986,24,174.974640, 174.972473, 119.125214, 67.836815,13.555772, 238.947510, 1.000012
5, 986,25,193.216171, 193.220428, 119.125214, 67.836815,13.555772, 238.947510, 0.999978
5, 986,26,117.762131, 117.761513, 119.125214, 67.836815,13.555772, 238.947510, 1.000005
5, 986,27,127.524971, 127.517990, 119.125214, 67.836815,13.555772, 238.947510, 1.000055
5, 986,28,95.814491, 95.823425, 119.125214, 67.836815,13.555772, 238.947510, 0.999907
5, 986,29,208.350876, 208.344345, 119.125214, 67.836815,13.555772, 238.947510, 1.000031
5, 986,30,131.471436, 131.466705, 119.125214, 67.836815,13.555772, 238.947510, 1.000036
5, 986,31,129.662750, 129.677551, 119.125214, 67.836815,13.555772, 238.947510, 0.999886
5, 987,0,207.564102, 207.557068, 119.124908, 52.563557,37.126797, 228.406967, 1.000034
5, 987,1,87.491875, 87.492332, 119.124908, 52.563557,37.126797, 228.406967, 0.999995
5, 987,2,228.406967, 228.410248, 119.124908, 52.563557,37.126797, 228.406967, 0.999986
5, 987,3,107.028564, 107.019348, 119.124908, 52.563557,37.126797, 228.406967, 1.000086
5, 987,4,82.316833, 82.302727, 119.124908, 52.563557,37.126797, 228.406967, 1.000171
5, 987,5,110.072479, 110.077629, 119.124908, 52.563557,37.126797, 228.406967, 0.999953
5, 987,6,146.760269, 146.749985, 119.124908, 52.563557,37.126797, 228.406967, 1.000070
5, 987,7,66.800034, 66.794785, 119.124908, 52.563557,37.126797, 228.406967, 1.000079
5, 987,8,44.013393, 43.999737, 119.124908, 52.563557,37.126797, 228.406967, 1.000310
5, 987,9,198.325989, 198.334869, 119.124908, 52.563557,37.126797, 228.406967, 0.999955
5, 987,10,142.513596, 142.500870, 119.124908, 52.563557,37.126797, 228.406967, 1.000089
5, 987,11,86.528435, 86.511246, 119.124908, 52.563557,37.126797, 228.406967, 1.000199
5, 987,12,37.126797, 37.118595, 119.124908, 52.563557,37.126797, 228.406967, 1.000221
5, 987,13,64.286560, 64.284554, 119.124908, 52.563557,37.126797, 228.406967, 1.000031
5, 987,14,115.361565, 115.368736, 119.124908, 52.563557,37.126797, 228.406967, 0.999938
5, 987,15,144.970459, 144.970505, 119.124908, 52.563557,37.126797, 228.406967, 1.000000
5, 987,16,93.765862, 93.791588, 119.124908, 52.563557,37.126797, 228.406967, 0.999726
5, 987,17,38.597878, 38.613907, 119.124908, 52.563557,37.126797, 228.406967, 0.999585
5, 987,18,120.035957, 120.023827, 119.124908, 52.563557,37.126797, 228.406967, 1.000101
5, 987,19,152.764023, 152.758301, 119.124908, 52.563557,37.126797, 228.406967, 1.000037
5, 987,20,147.607956, 147.629578, 119.124908, 52.563557,37.126797, 228.406967, 0.999854
5, 987,21,104.968971, 104.962456, 119.124908, 52.563557,37.126797, 228.406967, 1.000062
5, 987,22,76.196838, 76.199684, 119.124908, 52.563557,37.126797, 228.406967, 0.999963
5, 987,23,184.515793, 184.504913, 119.124908, 52.563557,37.126797, 228.406967, 1.000059
5, 987,24,140.705505, 140.707855, 119.124908, 52.563557,37.126797, 228.406967, 0.999983
5, 987,25,50.068020, 50.075706, 119.124908, 52.563557,37.126797, 228.406967, 0.999847
5, 987,26,121.864738, 121.857445, 119.124908, 52.563557,37.126797, 228.406967, 1.000060
5, 987,27,112.224785, 112.222488, 119.124908, 52.563557,37.126797, 228.406967, 1.000021
5, 987,28,153.480362, 153.489029, 119.124908, 52.563557,37.126797, 228.406967, 0.999944
5, 987,29,210.272064, 210.297363, 119.124908, 52.563557,37.126797, 228.406967, 0.999880
5, 987,30,64.334137, 64.345451, 119.124908, 52.563557,37.126797, 228.406967, 0.999824
5, 987,31,171.026108, 171.026810, 119.124908, 52.563557,37.126797, 228.406967, 0.999996
5, 988,0,163.578369, 163.576996, 119.124527, 54.485462,18.621111, 206.038284, 1.000008
5, 988,1,174.370087, 174.374008, 119.124527, 54.485462,18.621111, 206.038284, 0.999978
5, 988,2,40.167538, 40.178043, 119.124527, 54.485462,18.621111, 206.038284, 0.999739
5, 988,3,100.579636, 100.571526, 119.124527, 54.485462,18.621111, 206.038284, 1.000081
5, 988,4,131.216339, 131.217102, 119.124527, 54.485462,18.621111, 206.038284, 0.999994
5, 988,5,111.880676, 111.879723, 119.124527, 54.485462,18.621111, 206.038284, 1.000009
5, 988,6,176.995499, 176.992233, 119.124527, 54.485462,18.621111, 206.038284, 1.000018
5, 988,7,204.797134, 204.795166, 119.124527, 54.485462,18.621111, 206.038284, 1.000010
5, 988,8,46.320190, 46.330845, 119.124527, 54.485462,18.621111, 206.038284, 0.999770
5, 988,9,87.261597, 87.280968, 119.124527, 54.485462,18.621111, 206.038284, 0.999778
5, 988,10,80.359978, 80.342697, 119.124527, 54.485462,18.621111, 206.038284, 1.000215
5, 988,11,149.511642, 149.513443, 119.124527, 54.485462,18.621111, 206.038284, 0.999988
5, 988,12,140.706345, 140.705032, 119.124527, 54.485462,18.621111, 206.038284, 1.000009
5, 988,13,71.622963, 71.634026, 119.124527, 54.485462,18.621111, 206.038284, 0.999846
5, 988,14,187.025497, 187.028717, 119.124527, 54.485462,18.621111, 206.038284, 0.999983
5, 988,15,127.751297, 127.751091, 119.124527, 54.485462,18.621111, 206.038284, 1.000002
5, 988,16,125.428604, 125.413399, 119.124527, 54.485462,18.621111, 206.038284, 1.000121
5, 988,17,163.370956, 163.377502, 119.124527, 54.485462,18.621111, 206.038284, 0.999960
5, 988,18,157.603836, 157.592514, 119.124527, 54.485462,18.621111, 206.038284, 1.000072
5, 988,19,166.956223, 166.943268, 119.124527, 54.485462,18.621111, 206.038284, 1.000078
5, 988,20,133.281601, 133.261810, 119.124527, 54.485462,18.621111, 206.038284, 1.000149
5, 988,21,33.638424, 33.644974, 119.124527, 54.485462,18.621111, 206.038284, 0.999805
5, 988,22,55.070553, 55.076931, 119.124527, 54.485462,18.621111, 206.038284, 0.999884
5, 988,23,90.810379, 90.809326, 119.124527, 54.485462,18.621111, 206.038284, 1.000012
5, 988,24,143.840378, 143.840637, 119.124527, 54.485462,18.621111, 206.038284, 0.999998
5, 988,25,63.685432, 63.692104, 119.124527, 54.485462,18.621111, 206.038284, 0.999895
5, 988,26,124.650688, 124.652855, 119.124527, 54.485462,18.621111, 206.038284, 0.999983
5, 988,27,206.038284, 206.048172, 119.124527, 54.485462,18.621111, 206.038284, 0.999952
5, 988,28,93.720306, 93.733002, 119.124527, 54.485462,18.621111, 206.038284, 0.999865
5, 988,29,18.621111, 18.621407, 119.124527, 54.485462,18.621111, 206.038284, 0.999984
5, 988,30,201.764023, 201.759293, 119.124527, 54.485462,18.621111, 206.038284, 1.000023
5, 988,31,39.359707, 39.361404, 119.124527, 54.485462,18.621111, 206.038284, 0.999957
5, 989,0,133.722382, 133.721893, 119.124687, 66.852371,12.628165, 246.007629, 1.000004
5, 989,1,221.872894, 221.874817, 119.124687, 66.852371,12.628165, 246.007629, 0.999991
5, 989,2,94.967567, 94.951729, 119.124687, 66.852371,12.628165, 246.007629, 1.000167
5, 989,3,126.660820, 126.658905, 119.124687, 66.852371,12.628165, 246.007629, 1.000015
5, 989,4,55.628529, 55.629887, 119.124687, 66.852371,12.628165, 246.007629, 0.999976
5, 989,5,54.578388, 54.584595, 119.124687, 66.852371,12.628165, 246.007629, 0.999886
5, 989,6,55.179768, 55.194347, 119.124687, 66.852371,12.628165, 246.007629, 0.999736
5, 989,7,211.831879, 211.835663, 119.124687, 66.852371,12.628165, 246.007629, 0.999982
5, 989,8,122.109146, 122.107536, 119.124687, 66.852371,12.628165, 246.007629, 1.000013
5, 989,9,132.835678, 132.829041, 119.124687, 66.852371,12.628165, 246.007629, 1.000050
5, 989,10,13.654315, 13.665780, 119.124687, 66.852371,12.628165, 246.007629, 0.999161
5, 989,11,246.007629, 246.003647, 119.124687, 66.852371,12.628165, 246.007629, 1.000016
5, 989,12,12.628165, 12.635006, 119.124687, 66.852371,12.628165, 246.007629, 0.999459
5, 989,13,127.707954, 127.711464, 119.124687, 66.852371,12.628165, 246.007629, 0.999973
5, 989,14,190.192551, 190.196671, 119.124687, 66.852371,12.628165, 246.007629, 0.999978
5, 989,15,86.343750, 86.342590, 119.124687, 66.852371,12.628165, 246.007629, 1.000013
5, 989,16,151.595367, 151.600739, 119.124687, 66.852371,12.628165, 246.007629, 0.999965
5, 989,17,86.468277, 86.473251, 119.124687, 66.852371,12.628165, 246.007629, 0.999942
5, 989,18,168.565262, 168.557678, 119.124687, 66.852371,12.628165, 246.007629, 1.000045
5, 989,19,20.944290, 20.939268, 119.124687, 66.852371,12.628165, 246.007629, 1.000240
5, 989,20,59.092590, 59.092419, 119.124687, 66.852371,12.628165, 246.007629, 1.000003
5, 989,21,176.963470, 176.970825, 119.124687, 66.852371,12.628165, 246.007629, 0.999958
5, 989,22,49.777836, 49.771896, 119.124687, 66.852371,12.628165, 246.007629, 1.000119
5, 989,23,192.839478, 192.824417, 119.124687, 66.852371,12.628165, 246.007629, 1.000078
5, 989,24,227.356506, 227.355331, 119.124687, 66.852371,12.628165, 246.007629, 1.000005
5, 989,25,83.085854, 83.097832, 119.124687, 66.852371,12.628165, 246.007629, 0.999856
5, 989,26,35.655876, 35.660461, 119.124687, 66.852371,12.628165, 246.007629, 0.999871
5, 989,27,214.101395, 214.100464, 119.124687, 66.852371,12.628165, 246.007629, 1.000004
5, 989,28,97.116844, 97.114899, 119.124687, 66.852371,12.628165, 246.007629, 1.000020
5, 989,29,110.446289, 110.449623, 119.124687, 66.852371,12.628165, 246.007629, 0.999970
5, 989,30,115.041252, 115.030037, 119.124687, 66.852371,12.628165, 246.007629, 1.000098
5, 989,31,137.018448, 137.017456, 119.124687, 66.852371,12.628165, 246.007629, 1.000007
5, 990,0,49.573971, 49.570190, 119.125931, 77.035820,18.485785, 238.229416, 1.000076
5, 990,1,229.989227, 229.977371, 119.125931, 77.035820,18.485785, 238.229416, 1.000051
5, 990,2,213.645966, 213.670319, 119.125931, 77.035820,18.485785, 238.229416, 0.999886
5, 990,3,24.197184, 24.183788, 119.125931, 77.035820,18.485785, 238.229416, 1.000554
5, 990,4,227.014160, 227.017654, 119.125931, 77.035820,18.485785, 238.229416, 0.999985
5, 990,5,92.597420, 92.600548, 119.125931, 77.035820,18.485785, 238.229416, 0.999966
5, 990,6,122.153488, 122.147720, 119.125931, 77.035820,18.485785, 238.229416, 1.000047
5, 990,7,234.344559, 234.366913, 119.125931, 77.035820,18.485785, 238.229416, 0.999905
5, 990,8,64.642685, 64.626175, 119.125931, 77.035820,18.485785, 238.229416, 1.000255
5, 990,9,224.421967, 224.422546, 119.125931, 77.035820,18.485785, 238.229416, 0.999997
5, 990,10,222.216125, 222.213470, 119.125931, 77.035820,18.485785, 238.229416, 1.000012
5, 990,11,159.272430, 159.265762, 119.125931, 77.035820,18.485785, 238.229416, 1.000042
5, 990,12,101.925346, 101.937248, 119.125931, 77.035820,18.485785, 238.229416, 0.999883
5, 990,13,151.662262, 151.666290, 119.125931, 77.035820,18.485785, 238.229416, 0.999973
5, 990,14,23.226938, 23.218660, 119.125931, 77.035820,18.485785, 238.229416, 1.000357
5, 990,15,95.980072, 95.982063, 119.125931, 77.035820,18.485785, 238.229416, 0.999979
5, 990,16,43.917667, 43.922417, 119.125931, 77.035820,18.485785, 238.229416, 0.999892
5, 990,17,24.750452, 24.755714, 119.125931, 77.035820,18.485785, 238.229416, 0.999787
5, 990,18,223.813385, 223.807724, 119.125931, 77.035820,18.485785, 238.229416, 1.000025
5, 990,19,238.229416, 238.220291, 119.125931, 77.035820,18.485785, 238.229416, 1.000038
5, 990,20,53.981174, 53.988327, 119.125931, 77.035820,18.485785, 238.229416, 0.999867
5, 990,21,48.135128, 48.126076, 119.125931, 77.035820,18.485785, 238.229416, 1.000188
5, 990,22,117.931351, 117.936905, 119.125931, 77.035820,18.485785, 238.229416, 0.999953
5, 990,23,54.185215, 54.181351, 119.125931, 77.035820,18.485785, 238.229416, 1.000071
5, 990,24,189.880096, 189.878159, 119.125931, 77.035820,18.485785, 238.229416, 1.000010
5, 990,25,93.479164, 93.494179, 119.125931, 77.035820,18.485785, 238.229416, 0.999839
5, 990,26,72.687881, 72.683189, 119.125931, 77.035820,18.485785, 238.229416, 1.000065
5, 990,27,18.485785, 18.471668, 119.125931, 77.035820,18.485785, 238.229416, 1.000764
5, 990,28,39.481731, 39.482834, 119.125931, 77.035820,18.485785, 238.229416, 0.999972
5, 990,29,118.914474, 118.909180, 119.125931, 77.035820,18.485785, 238.229416, 1.000045
5, 990,30,183.389923, 183.386780, 119.125931, 77.035820,18.485785, 238.229416, 1.000017
5, 990,31,53.902241, 53.888241, 119.125931, 77.035820,18.485785, 238.229416, 1.000260
5, 991,0,26.692495, 26.680510, 119.123039, 73.367455,11.703875, 221.309464, 1.000449
5, 991,1,23.388657, 23.391859, 119.123039, 73.367455,11.703875, 221.309464, 0.999863
5, 991,2,138.912552, 138.916428, 119.123039, 73.367455,11.703875, 221.309464, 0.999972
5, 991,3,153.952896, 153.949295, 119.123039, 73.367455,11.703875, 221.309464, 1.000023
5, 991,4,119.752960, 119.744713, 119.123039, 73.367455,11.703875, 221.309464, 1.000069
5, 991,5,33.901318, 33.916862, 119.123039, 73.367455,11.703875, 221.309464, 0.999542
5, 991,6,136.165649, 136.174774, 119.123039, 73.367455,11.703875, 221.309464, 0.999933
5, 991,7,189.122009, 189.116119, 119.123039, 73.367455,11.703875, 221.309464, 1.000031
5, 991,8,24.914612, 24.927443, 119.123039, 73.367455,11.703875, 221.309464, 0.999485
5, 991,9,11.703875, 11.713526, 119.123039, 73.367455,11.703875, 221.309464, 0.999176
5, 991,10,218.869019, 218.878723, 119.123039, 73.367455,11.703875, 221.309464, 0.999956
5, 991,11,12.947636, 12.959126, 119.123039, 73.367455,11.703875, 221.309464, 0.999113
5, 991,12,192.872620, 192.866119, 119.123039, 73.367455,11.703875, 221.309464, 1.000034
5, 991,13,159.682480, 159.689621, 119.123039, 73.367455,11.703875, 221.309464, 0.999955
5, 991,14,188.796021, 188.799774, 119.123039, 73.367455,11.703875, 221.309464, 0.999980
5, 991,15,176.406921, 176.403076, 119.123039, 73.367455,11.703875, 221.309464, 1.000022
5, 991,16,73.890198, 73.888138, 119.123039, 73.367455,11.703875, 221.309464, 1.000028
5, 991,17,221.309464, 221.304031, 119.123039, 73.367455,11.703875, 221.309464, 1.000025
5, 991,18,161.449203, 161.449280, 119.123039, 73.367455,11.703875, 221.309464, 1.000000
5, 991,19,27.615751, 27.616358, 119.123039, 73.367455,11.703875, 221.309464, 0.999978
5, 991,20,55.754715, 55.751125, 119.123039, 73.367455,11.703875, 221.309464, 1.000064
5, 991,21,173.082077, 173.081482, 119.123039, 73.367455,11.703875, 221.309464, 1.000003
5, 991,22,135.254303, 135.258698, 119.123039, 73.367455,11.703875, 221.309464, 0.999968
5, 991,23,111.339790, 111.335258, 119.123039, 73.367455,11.703875, 221.309464, 1.000041
5, 991,24,15.657325, 15.654634, 119.123039, 73.367455,11.703875, 221.309464, 1.000172
5, 991,25,60.443253, 60.443546, 119.123039, 73.367455,11.703875, 221.309464, 0.999995
5, 991,26,187.065933, 187.079666, 119.123039, 73.367455,11.703875, 221.309464, 0.999927
5, 991,27,97.570595, 97.554558, 119.123039, 73.367455,11.703875, 221.309464, 1.000164
5, 991,28,54.179886, 54.189182, 119.123039, 73.367455,11.703875, 221.309464, 0.999828
5, 991,29,198.381393, 198.388947, 119.123039, 73.367455,11.703875, 221.309464, 0.999962
5, 991,30,221.046783, 221.053589, 119.123039, 73.367455,11.703875, 221.309464, 0.999969
5, 991,31,209.814606, 209.823410, 119.123039, 73.367455,11.703875, 221.309464, 0.999958
5, 992,0,16.726013, 16.728493, 119.122681, 76.039589,11.834527, 228.092422, 0.999852
5, 992,1,43.785881, 43.783474, 119.122681, 76.039589,11.834527, 228.092422, 1.000055
5, 992,2,33.823257, 33.831757, 119.122681, 76.039589,11.834527, 228.092422, 0.999749
5, 992,3,197.630753, 197.625549, 119.122681, 76.039589,11.834527, 228.092422, 1.000026
5, 992,4,132.050827, 132.052948, 119.122681, 76.039589,11.834527, 228.092422, 0.999984
5, 992,5,199.134521, 199.136414, 119.122681, 76.039589,11.834527, 228.092422, 0.999991
5, 992,6,133.977966, 133.993622, 119.122681, 76.039589,11.834527, 228.092422, 0.999883
5, 992,7,129.427338, 129.440796, 119.122681, 76.039589,11.834527, 228.092422, 0.999896
5, 992,8,228.092422, 228.091766, 119.122681, 76.039589,11.834527, 228.092422, 1.000003
5, 992,9,11.834527, 11.839927, 119.122681, 76.039589,11.834527, 228.092422, 0.999544
5, 992,10,187.600433, 187.593231, 119.122681, 76.039589,11.834527, 228.092422, 1.000038
5, 992,11,130.766739, 130.763672, 119.122681, 76.039589,11.834527, 228.092422, 1.000023
5, 992,12,85.469215, 85.470581, 119.122681, 76.039589,11.834527, 228.092422, 0.999984
5, 992,13,32.680168, 32.676765, 119.122681, 76.039589,11.834527, 228.092422, 1.000104
5, 992,14,74.483650, 74.478020, 119.122681, 76.039589,11.834527, 228.092422, 1.000076
5, 992,15,36.089561, 36.101448, 119.122681, 76.039589,11.834527, 228.092422, 0.999671
5, 992,16,128.120712, 128.138092, 119.122681, 76.039589,11.834527, 228.092422, 0.999864
5, 992,17,197.540970, 197.544952, 119.122681, 76.039589,11.834527, 228.092422, 0.999980
5, 992,18,214.445984, 214.446762, 119.122681, 76.039589,11.834527, 228.092422, 0.999996
5, 992,19,214.165863, 214.164734, 119.122681, 76.039589,11.834527, 228.092422, 1.000005
5, 992,20,196.861435, 196.860031, 119.122681, 76.039589,11.834527, 228.092422, 1.000007
5, 992,21,13.864764, 13.867876, 119.122681, 76.039589,11.834527, 228.092422, 0.999776
5, 992,22,45.220863, 45.213783, 119.122681, 76.039589,11.834527, 228.092422, 1.000157
5, 992,23,220.246460, 220.255295, 119.122681, 76.039589,11.834527, 228.092422, 0.999960
5, 992,24,208.898560, 208.906845, 119.122681, 76.039589,11.834527, 228.092422, 0.999960
5, 992,25,129.602585, 129.608673, 119.122681, 76.039589,11.834527, 228.092422, 0.999953
5, 992,26,54.182682, 54.185104, 119.122681, 76.039589,11.834527, 228.092422, 0.999955
5, 992,27,209.889923, 209.893951, 119.122681, 76.039589,11.834527, 228.092422, 0.999981
5, 992,28,15.417294, 15.412340, 119.122681, 76.039589,11.834527, 228.092422, 1.000321
5, 992,29,148.245026, 148.256409, 119.122681, 76.039589,11.834527, 228.092422, 0.999923
5, 992,30,109.494675, 109.490356, 119.122681, 76.039589,11.834527, 228.092422, 1.000039
5, 992,31,32.155354, 32.146271, 119.122681, 76.039589,11.834527, 228.092422, 1.000283
5, 993,0,51.852154, 51.851631, 119.124664, 49.836784,14.245912, 199.291153, 1.000010
5, 993,1,178.609894, 178.610886, 119.124664, 49.836784,14.245912, 199.291153, 0.999994
5, 993,2,129.221359, 129.220413, 119.124664, 49.836784,14.245912, 199.291153, 1.000007
5, 993,3,46.892159, 46.883633, 119.124664, 49.836784,14.245912, 199.291153, 1.000182
5, 993,4,121.876945, 121.861046, 119.124664, 49.836784,14.245912, 199.291153, 1.000130
5, 993,5,62.747738, 62.743015, 119.124664, 49.836784,14.245912, 199.291153, 1.000075
5, 993,6,129.460144, 129.457794, 119.124664, 49.836784,14.245912, 199.291153, 1.000018
5, 993,7,144.445068, 144.437088, 119.124664, 49.836784,14.245912, 199.291153, 1.000055
5, 993,8,89.201073, 89.204269, 119.124664, 49.836784,14.245912, 199.291153, 0.999964
5, 993,9,183.036484, 183.028824, 119.124664, 49.836784,14.245912, 199.291153, 1.000042
5, 993,10,140.801575, 140.800827, 119.124664, 49.836784,14.245912, 199.291153, 1.000005
5, 993,11,142.939362, 142.948990, 119.124664, 49.836784,14.245912, 199.291153, 0.999933
5, 993,12,153.504913, 153.504532, 119.124664, 49.836784,14.245912, 199.291153, 1.000003
5, 993,13,97.046127, 97.050003, 119.124664, 49.836784,14.245912, 199.291153, 0.999960
5, 993,14,167.269730, 167.279449, 119.124664, 49.836784,14.245912, 199.291153, 0.999942
5, 993,15,110.504753, 110.506447, 119.124664, 49.836784,14.245912, 199.291153, 0.999985
5, 993,16,154.722046, 154.726288, 119.124664, 49.836784,14.245912, 199.291153, 0.999973
5, 993,17,57.487801, 57.485504, 119.124664, 49.836784,14.245912, 199.291153, 1.000040
5, 993,18,38.305202, 38.302544, 119.124664, 49.836784,14.245912, 199.291153, 1.000069
5, 993,19,29.756926, 29.761984, 119.124664, 49.836784,14.245912, 199.291153, 0.999830
5, 993,20,119.406044, 119.405998, 119.124664, 49.836784,14.245912, 199.291153, 1.000000
5, 993,21,156.011093, 156.011703, 119.124664, 49.836784,14.245912, 199.291153, 0.999996
5, 993,22,198.215286, 198.222321, 119.124664, 49.836784,14.245912, 199.291153, 0.999965
5, 993,23,109.357887, 109.359985, 119.124664, 49.836784,14.245912, 199.291153, 0.999981
5, 993,24,14.245912, 14.255804, 119.124664, 49.836784,14.245912, 199.291153, 0.999306
5, 993,25,137.577591, 137.581467, 119.124664, 49.836784,14.245912, 199.291153, 0.999972
5, 993,26,105.255272, 105.272102, 119.124664, 49.836784,14.245912, 199.291153, 0.999840
5, 993,27,108.487892, 108.491455, 119.124664, 49.836784,14.245912, 199.291153, 0.999967
5, 993,28,183.466537, 183.457291, 119.124664, 49.836784,14.245912, 199.291153, 1.000050
5, 993,29,199.291153, 199.299301, 119.124664, 49.836784,14.245912, 199.291153, 0.999959
5, 993,30,127.637558, 127.628090, 119.124664, 49.836784,14.245912, 199.291153, 1.000074
5, 993,31,123.355850, 123.349136, 119.124664, 49.836784,14.245912, 199.291153, 1.000054
5, 994,0,70.381226, 70.385010, 119.126122, 70.363579,15.812740, 248.770920, 0.999946
5, 994,1,188.284988, 188.297836, 119.126122, 70.363579,15.812740, 248.770920, 0.999932
5, 994,2,19.402069, 19.413776, 119.126122, 70.363579,15.812740, 248.770920, 0.999397
5, 994,3,83.517570, 83.513168, 119.126122, 70.363579,15.812740, 248.770920, 1.000053
5, 994,4,20.543293, 20.541626, 119.126122, 70.363579,15.812740, 248.770920, 1.000081
5, 994,5,90.379616, 90.378006, 119.126122, 70.363579,15.812740, 248.770920, 1.000018
5, 994,6,47.434223, 47.429531, 119.126122, 70.363579,15.812740, 248.770920, 1.000099
5, 994,7,125.448280, 125.431549, 119.126122, 70.363579,15.812740, 248.770920, 1.000133
5, 994,8,52.506042, 52.504852, 119.126122, 70.363579,15.812740, 248.770920, 1.000023
5, 994,9,132.043579, 132.040726, 119.126122, 70.363579,15.812740, 248.770920, 1.000022
5, 994,10,141.644867, 141.642502, 119.126122, 70.363579,15.812740, 248.770920, 1.000017
5, 994,11,246.287033, 246.269226, 119.126122, 70.363579,15.812740, 248.770920, 1.000072
5, 994,12,223.954391, 223.952881, 119.126122, 70.363579,15.812740, 248.770920, 1.000007
5, 994,13,174.052078, 174.056854, 119.126122, 70.363579,15.812740, 248.770920, 0.999973
5, 994,14,248.770920, 248.765549, 119.126122, 70.363579,15.812740, 248.770920, 1.000022
5, 994,15,171.023224, 171.011673, 119.126122, 70.363579,15.812740, 248.770920, 1.000068
5, 994,16,77.628098, 77.633316, 119.126122, 70.363579,15.812740, 248.770920, 0.999933
5, 994,17,137.922165, 137.928101, 119.126122, 70.363579,15.812740, 248.770920, 0.999957
5, 994,18,150.614594, 150.605118, 119.126122, 70.363579,15.812740, 248.770920, 1.000063
5, 994,19,67.359520, 67.354858, 119.126122, 70.363579,15.812740, 248.770920, 1.000069
5, 994,20,201.474396, 201.478607, 119.126122, 70.363579,15.812740, 248.770920, 0.999979
5, 994,21,37.574177, 37.579659, 119.126122, 70.363579,15.812740, 248.770920, 0.999854
5, 994,22,15.812740, 15.812180, 119.126122, 70.363579,15.812740, 248.770920, 1.000035
5, 994,23,153.184708, 153.191666, 119.126122, 70.363579,15.812740, 248.770920, 0.999955
5, 994,24,110.826790, 110.822144, 119.126122, 70.363579,15.812740, 248.770920, 1.000042
5, 994,25,203.981018, 203.982437, 119.126122, 70.363579,15.812740, 248.770920, 0.999993
5, 994,26,126.355858, 126.356384, 119.126122, 70.363579,15.812740, 248.770920, 0.999996
5, 994,27,69.766846, 69.760941, 119.126122, 70.363579,15.812740, 248.770920, 1.000085
5, 994,28,36.642376, 36.632263, 119.126122, 70.363579,15.812740, 248.770920, 1.000276
5, 994,29,139.748016, 139.747696, 119.126122, 70.363579,15.812740, 248.770920, 1.000002
5, 994,30,32.754459, 32.759983, 119.126122, 70.363579,15.812740, 248.770920, 0.999831
5, 994,31,214.716507, 214.719543, 119.126122, 70.363579,15.812740, 248.770920, 0.999986
5, 995,0,31.531553, 31.522053, 119.127594, 57.827381,18.448332, 202.206467, 1.000301
5, 995,1,188.087646, 188.070877, 119.127594, 57.827381,18.448332, 202.206467, 1.000089
5, 995,2,183.918335, 183.916870, 119.127594, 57.827381,18.448332, 202.206467, 1.000008
5, 995,3,169.449692, 169.471802, 119.127594, 57.827381,18.448332, 202.206467, 0.999870
5, 995,4,59.781609, 59.775436, 119.127594, 57.827381,18.448332, 202.206467, 1.000103
5, 995,5,58.841766, 58.835472, 119.127594, 57.827381,18.448332, 202.206467, 1.000107
5, 995,6,140.375946, 140.381546, 119.127594, 57.827381,18.448332, 202.206467, 0.999960
5, 995,7,108.503342, 108.507813, 119.127594, 57.827381,18.448332, 202.206467, 0.999959
5, 995,8,106.770493, 106.773438, 119.127594, 57.827381,18.448332, 202.206467, 0.999972
5, 995,9,72.878845, 72.862106, 119.127594, 57.827381,18.448332, 202.206467, 1.000230
5, 995,10,192.483932, 192.473526, 119.127594, 57.827381,18.448332, 202.206467, 1.000054
5, 995,11,177.748810, 177.761627, 119.127594, 57.827381,18.448332, 202.206467, 0.999928
5, 995,12,82.887917, 82.886322, 119.127594, 57.827381,18.448332, 202.206467, 1.000019
5, 995,13,191.035461, 191.024170, 119.127594, 57.827381,18.448332, 202.206467, 1.000059
5, 995,14,90.106064, 90.114922, 119.127594, 57.827381,18.448332, 202.206467, 0.999902
5, 995,15,143.321762, 143.304520, 119.127594, 57.827381,18.448332, 202.206467, 1.000120
5, 995,16,164.868454, 164.862961, 119.127594, 57.827381,18.448332, 202.206467, 1.000033
5, 995,17,166.454636, 166.457870, 119.127594, 57.827381,18.448332, 202.206467, 0.999981
5, 995,18,21.756708, 21.740404, 119.127594, 57.827381,18.448332, 202.206467, 1.000750
5, 995,19,202.206467, 202.212738, 119.127594, 57.827381,18.448332, 202.206467, 0.999969
5, 995,20,157.074982, 157.070389, 119.127594, 57.827381,18.448332, 202.206467, 1.000029
5, 995,21,94.820351, 94.808647, 119.127594, 57.827381,18.448332, 202.206467, 1.000124
5, 995,22,81.232628, 81.218651, 119.127594, 57.827381,18.448332, 202.206467, 1.000172
5, 995,23,23.258358, 23.262531, 119.127594, 57.827381,18.448332, 202.206467, 0.999821
5, 995,24,109.003822, 108.992958, 119.127594, 57.827381,18.448332, 202.206467, 1.000100
5, 995,25,176.274033, 176.269836, 119.127594, 57.827381,18.448332, 202.206467, 1.000024
5, 995,26,112.473991, 112.473839, 119.127594, 57.827381,18.448332, 202.206467, 1.000001
5, 995,27,32.889992, 32.886513, 119.127594, 57.827381,18.448332, 202.206467, 1.000106
5, 995,28,158.432175, 158.446976, 119.127594, 57.827381,18.448332, 202.206467, 0.999907
5, 995,29,18.448332, 18.441448, 119.127594, 57.827381,18.448332, 202.206467, 1.000373
5, 995,30,136.608322, 136.609589, 119.127594, 57.827381,18.448332, 202.206467, 0.999991
5, 995,31,158.557007, 158.562210, 119.127594, 57.827381,18.448332, 202.206467, 0.999967
5, 996,0,52.786175, 52.796730, 119.123550, 57.878685,24.344593, 203.568298, 0.999800
5, 996,1,92.411034, 92.397026, 119.123550, 57.878685,24.344593, 203.568298, 1.000152
5, 996,2,74.593307, 74.585770, 119.123550, 57.878685,24.344593, 203.568298, 1.000101
5, 996,3,82.942101, 82.943855, 119.123550, 57.878685,24.344593, 203.568298, 0.999979
5, 996,4,98.271858, 98.274910, 119.123550, 57.878685,24.344593, 203.568298, 0.999969
5, 996,5,118.470345, 118.477570, 119.123550, 57.878685,24.344593, 203.568298, 0.999939
5, 996,6,169.841812, 169.839569, 119.123550, 57.878685,24.344593, 203.568298, 1.000013
5, 996,7,202.907913, 202.916763, 119.123550, 57.878685,24.344593, 203.568298, 0.999956
5, 996,8,203.568298, 203.567886, 119.123550, 57.878685,24.344593, 203.568298, 1.000002
5, 996,9,148.515518, 148.512238, 119.123550, 57.878685,24.344593, 203.568298, 1.000022
5, 996,10,24.344593, 24.336609, 119.123550, 57.878685,24.344593, 203.568298, 1.000328
5, 996,11,186.234360, 186.230179, 119.123550, 57.878685,24.344593, 203.568298, 1.000022
5, 996,12,174.015854, 174.012695, 119.123550, 57.878685,24.344593, 203.568298, 1.000018
5, 996,13,138.440277, 138.449387, 119.123550, 57.878685,24.344593, 203.568298, 0.999934
5, 996,14,199.540039, 199.530914, 119.123550, 57.878685,24.344593, 203.568298, 1.000046
5, 996,15,67.012604, 67.003113, 119.123550, 57.878685,24.344593, 203.568298, 1.000142
5, 996,16,85.799126, 85.796974, 119.123550, 57.878685,24.344593, 203.568298, 1.000025
5, 996,17,196.987259, 196.997437, 119.123550, 57.878685,24.344593, 203.568298, 0.999948
5, 996,18,36.397842, 36.406113, 119.123550, 57.878685,24.344593, 203.568298, 0.999773
5, 996,19,202.488785, 202.502411, 119.123550, 57.878685,24.344593, 203.568298, 0.999933
5, 996,20,138.224442, 138.224442, 119.123550, 57.878685,24.344593, 203.568298, 1.000000
5, 996,21,83.211327, 83.210228, 119.123550, 57.878685,24.344593, 203.568298, 1.000013
5, 996,22,59.747032, 59.751938, 119.123550, 57.878685,24.344593, 203.568298, 0.999918
5, 996,23,97.340462, 97.345581, 119.123550, 57.878685,24.344593, 203.568298, 0.999947
5, 996,24,35.094437, 35.097946, 119.123550, 57.878685,24.344593, 203.568298, 0.999900
5, 996,25,116.770760, 116.766891, 119.123550, 57.878685,24.344593, 203.568298, 1.000033
5, 996,26,144.465576, 144.469330, 119.123550, 57.878685,24.344593, 203.568298, 0.999974
5, 996,27,49.683624, 49.677242, 119.123550, 57.878685,24.344593, 203.568298, 1.000129
5, 996,28,180.341721, 180.346375, 119.123550, 57.878685,24.344593, 203.568298, 0.999974
5, 996,29,136.834656, 136.839325, 119.123550, 57.878685,24.344593, 203.568298, 0.999966
5, 996,30,44.592796, 44.598461, 119.123550, 57.878685,24.344593, 203.568298, 0.999873
5, 996,31,170.077362, 170.094101, 119.123550, 57.878685,24.344593, 203.568298, 0.999902
5, 997,0,83.822510, 83.809097, 119.127403, 49.677464,14.521217, 191.387573, 1.000160
5, 997,1,30.317331, 30.316713, 119.127403, 49.677464,14.521217, 191.387573, 1.000020
5, 997,2,58.394180, 58.379314, 119.127403, 49.677464,14.521217, 191.387573, 1.000255
5, 997,3,143.182388, 143.188583, 119.127403, 49.677464,14.521217, 191.387573, 0.999957
5, 997,4,159.093155, 159.092804, 119.127403, 49.677464,14.521217, 191.387573, 1.000002
5, 997,5,23.094759, 23.090607, 119.127403, 49.677464,14.521217, 191.387573, 1.000180
5, 997,6,101.438065, 101.436508, 119.127403, 49.677464,14.521217, 191.387573, 1.000015
5, 997,7,139.718460, 139.719620, 119.127403, 49.677464,14.521217, 191.387573, 0.999992
5, 997,8,148.583054, 148.572861, 119.127403, 49.677464,14.521217, 191.387573, 1.000069
5, 997,9,159.768845, 159.770782, 119.127403, 49.677464,14.521217, 191.387573, 0.999988
5, 997,10,174.807205, 174.799271, 119.127403, 49.677464,14.521217, 191.387573, 1.000045
5, 997,11,146.131363, 146.115189, 119.127403, 49.677464,14.521217, 191.387573, 1.000111
5, 997,12,159.026855, 159.030655, 119.127403, 49.677464,14.521217, 191.387573, 0.999976
5, 997,13,133.835724, 133.826843, 119.127403, 49.677464,14.521217, 191.387573, 1.000066
5, 997,14,138.328384, 138.335403, 119.127403, 49.677464,14.521217, 191.387573, 0.999949
5, 997,15,151.838272, 151.832794, 119.127403, 49.677464,14.521217, 191.387573, 1.000036
5, 997,16,126.378540, 126.386063, 119.127403, 49.677464,14.521217, 191.387573, 0.999940
5, 997,17,147.007965, 147.019165, 119.127403, 49.677464,14.521217, 191.387573, 0.999924
5, 997,18,191.387573, 191.398407, 119.127403, 49.677464,14.521217, 191.387573, 0.999943
5, 997,19,14.521217, 14.519847, 119.127403, 49.677464,14.521217, 191.387573, 1.000094
5, 997,20,128.833359, 128.821136, 119.127403, 49.677464,14.521217, 191.387573, 1.000095
5, 997,21,178.202667, 178.194809, 119.127403, 49.677464,14.521217, 191.387573, 1.000044
5, 997,22,34.839817, 34.836559, 119.127403, 49.677464,14.521217, 191.387573, 1.000093
5, 997,23,145.729523, 145.731003, 119.127403, 49.677464,14.521217, 191.387573, 0.999990
5, 997,24,111.671417, 111.668304, 119.127403, 49.677464,14.521217, 191.387573, 1.000028
5, 997,25,91.352325, 91.351601, 119.127403, 49.677464,14.521217, 191.387573, 1.000008
5, 997,26,143.669861, 143.663177, 119.127403, 49.677464,14.521217, 191.387573, 1.000046
5, 997,27,122.866806, 122.860580, 119.127403, 49.677464,14.521217, 191.387573, 1.000051
5, 997,28,94.236542, 94.238647, 119.127403, 49.677464,14.521217, 191.387573, 0.999978
5, 997,29,149.021393, 149.007889, 119.127403, 49.677464,14.521217, 191.387573, 1.000091
5, 997,30,157.433777, 157.431763, 119.127403, 49.677464,14.521217, 191.387573, 1.000013
5, 997,31,23.543358, 23.553892, 119.127403, 49.677464,14.521217, 191.387573, 0.999553
5, 998,0,172.922501, 172.924332, 119.125633, 51.647079,10.832842, 193.589020, 0.999989
5, 998,1,110.230713, 110.212524, 119.125633, 51.647079,10.832842, 193.589020, 1.000165
5, 998,2,41.316982, 41.324310, 119.125633, 51.647079,10.832842, 193.589020, 0.999823
5, 998,3,116.246590, 116.239517, 119.125633, 51.647079,10.832842, 193.589020, 1.000061
5, 998,4,77.028000, 77.043915, 119.125633, 51.647079,10.832842, 193.589020, 0.999793
5, 998,5,172.913040, 172.907089, 119.125633, 51.647079,10.832842, 193.589020, 1.000034
5, 998,6,134.242493, 134.257309, 119.125633, 51.647079,10.832842, 193.589020, 0.999890
5, 998,7,175.824905, 175.837296, 119.125633, 51.647079,10.832842, 193.589020, 0.999930
5, 998,8,45.429436, 45.426575, 119.125633, 51.647079,10.832842, 193.589020, 1.000063
5, 998,9,104.622452, 104.627914, 119.125633, 51.647079,10.832842, 193.589020, 0.999948
5, 998,10,181.734833, 181.732147, 119.125633, 51.647079,10.832842, 193.589020, 1.000015
5, 998,11,186.742935, 186.730713, 119.125633, 51.647079,10.832842, 193.589020, 1.000065
5, 998,12,132.662033, 132.665833, 119.125633, 51.647079,10.832842, 193.589020, 0.999971
5, 998,13,190.997208, 190.993835, 119.125633, 51.647079,10.832842, 193.589020, 1.000018
5, 998,14,143.614548, 143.628174, 119.125633, 51.647079,10.832842, 193.589020, 0.999905
5, 998,15,172.296844, 172.303818, 119.125633, 51.647079,10.832842, 193.589020, 0.999960
5, 998,16,88.878815, 88.879578, 119.125633, 51.647079,10.832842, 193.589020, 0.999991
5, 998,17,120.566193, 120.571609, 119.125633, 51.647079,10.832842, 193.589020, 0.999955
5, 998,18,89.890839, 89.890785, 119.125633, 51.647079,10.832842, 193.589020, 1.000001
5, 998,19,162.588776, 162.582489, 119.125633, 51.647079,10.832842, 193.589020, 1.000039
5, 998,20,139.984360, 139.985550, 119.125633, 51.647079,10.832842, 193.589020, 0.999991
5, 998,21,56.282513, 56.268280, 119.125633, 51.647079,10.832842, 193.589020, 1.000253
5, 998,22,116.163368, 116.159081, 119.125633, 51.647079,10.832842, 193.589020, 1.000037
5, 998,23,94.287086, 94.286064, 119.125633, 51.647079,10.832842, 193.589020, 1.000011
5, 998,24,87.215111, 87.213387, 119.125633, 51.647079,10.832842, 193.589020, 1.000020
5, 998,25,159.835617, 159.836151, 119.125633, 51.647079,10.832842, 193.589020, 0.999997
5, 998,26,193.589020, 193.590790, 119.125633, 51.647079,10.832842, 193.589020, 0.999991
5, 998,27,96.700142, 96.687675, 119.125633, 51.647079,10.832842, 193.589020, 1.000129
5, 998,28,73.461685, 73.452988, 119.125633, 51.647079,10.832842, 193.589020, 1.000118
5, 998,29,10.832842, 10.827348, 119.125633, 51.647079,10.832842, 193.589020, 1.000507
5, 998,30,147.005249, 147.006531, 119.125633, 51.647079,10.832842, 193.589020, 0.999991
5, 998,31,15.913330, 15.906345, 119.125633, 51.647079,10.832842, 193.589020, 1.000439
5, 999,0,66.439262, 66.442322, 119.124367, 64.181023,22.408329, 226.912994, 0.999954
5, 999,1,22.408329, 22.414829, 119.124367, 64.181023,22.408329, 226.912994, 0.999710
5, 999,2,57.544373, 57.549965, 119.124367, 64.181023,22.408329, 226.912994, 0.999903
5, 999,3,162.163879, 162.162659, 119.124367, 64.181023,22.408329, 226.912994, 1.000008
5, 999,4,25.497379, 25.496132, 119.124367, 64.181023,22.408329, 226.912994, 1.000049
5, 999,5,79.923546, 79.911827, 119.124367, 64.181023,22.408329, 226.912994, 1.000147
5, 999,6,116.853600, 116.846107, 119.124367, 64.181023,22.408329, 226.912994, 1.000064
5, 999,7,85.249634, 85.261024, 119.124367, 64.181023,22.408329, 226.912994, 0.999866
5, 999,8,49.005970, 48.995384, 119.124367, 64.181023,22.408329, 226.912994, 1.000216
5, 999,9,117.923531, 117.928352, 119.124367, 64.181023,22.408329, 226.912994, 0.999959
5, 999,10,87.118820, 87.115326, 119.124367, 64.181023,22.408329, 226.912994, 1.000040
5, 999,11,47.202217, 47.216911, 119.124367, 64.181023,22.408329, 226.912994, 0.999689
5, 999,12,167.655548, 167.656601, 119.124367, 64.181023,22.408329, 226.912994, 0.999994
5, 999,13,202.337509, 202.343674, 119.124367, 64.181023,22.408329, 226.912994, 0.999970
5, 999,14,87.149948, 87.163574, 119.124367, 64.181023,22.408329, 226.912994, 0.999844
5, 999,15,210.539825, 210.539825, 119.124367, 64.181023,22.408329, 226.912994, 1.000000
5, 999,16,31.223221, 31.231356, 119.124367, 64.181023,22.408329, 226.912994, 0.999740
5, 999,17,181.404007, 181.415634, 119.124367, 64.181023,22.408329, 226.912994, 0.999936
5, 999,18,226.912994, 226.897614, 119.124367, 64.181023,22.408329, 226.912994, 1.000068
5, 999,19,39.158829, 39.165539, 119.124367, 64.181023,22.408329, 226.912994, 0.999829
5, 999,20,172.892212, 172.895508, 119.124367, 64.181023,22.408329, 226.912994, 0.999981
5, 999,21,212.456131, 212.456146, 119.124367, 64.181023,22.408329, 226.912994, 1.000000
5, 999,22,71.988342, 71.984528, 119.124367, 64.181023,22.408329, 226.912994, 1.000053
5, 999,23,158.549377, 158.557449, 119.124367, 64.181023,22.408329, 226.912994, 0.999949
5, 999,24,184.181900, 184.172958, 119.124367, 64.181023,22.408329, 226.912994, 1.000049
5, 999,25,166.610535, 166.608826, 119.124367, 64.181023,22.408329, 226.912994, 1.000010
5, 999,26,118.932716, 118.948570, 119.124367, 64.181023,22.408329, 226.912994, 0.999867
5, 999,27,217.460953, 217.460678, 119.124367, 64.181023,22.408329, 226.912994, 1.000001
5, 999,28,75.540825, 75.527687, 119.124367, 64.181023,22.408329, 226.912994, 1.000174
5, 999,29,92.886909, 92.885010, 119.124367, 64.181023,22.408329, 226.912994, 1.000021
5, 999,30,92.513535, 92.498985, 119.124367, 64.181023,22.408329, 226.912994, 1.000157
5, 999,31,184.254364, 184.248764, 119.124367, 64.181023,22.408329, 226.912994, 1.000030
