5, 0,0,475.257690, 464.985016, 487.904144, 336.955566,64.780304, 1091.063477, 1.022092
5, 0,1,538.944641, 528.488220, 487.904144, 336.955566,64.780304, 1091.063477, 1.019786
5, 0,2,205.424271, 210.002182, 487.904144, 336.955566,64.780304, 1091.063477, 0.978201
5, 0,3,64.780304, 78.942375, 487.904144, 336.955566,64.780304, 1091.063477, 0.820602
5, 0,4,803.458801, 764.451294, 487.904144, 336.955566,64.780304, 1091.063477, 1.051027
5, 0,5,500.312347, 488.785736, 487.904144, 336.955566,64.780304, 1091.063477, 1.023582
5, 0,6,1091.063477, 1054.667480, 487.904144, 336.955566,64.780304, 1091.063477, 1.034509
5, 0,7,223.991791, 221.677338, 487.904144, 336.955566,64.780304, 1091.063477, 1.010441
5, 1,0,374.300354, 382.387512, 466.353729, 217.066925,156.512238, 871.222595, 0.978851
5, 1,1,415.829926, 424.741608, 466.353729, 217.066925,156.512238, 871.222595, 0.979019
5, 1,2,871.222595, 894.478943, 466.353729, 217.066925,156.512238, 871.222595, 0.974000
5, 1,3,387.948151, 399.282227, 466.353729, 217.066925,156.512238, 871.222595, 0.971614
5, 1,4,156.512238, 159.764542, 466.353729, 217.066925,156.512238, 871.222595, 0.979643
5, 1,5,589.394531, 600.141541, 466.353729, 217.066925,156.512238, 871.222595, 0.982093
5, 1,6,604.903259, 616.127014, 466.353729, 217.066925,156.512238, 871.222595, 0.981783
5, 1,7,330.718689, 335.076447, 466.353729, 217.066925,156.512238, 871.222595, 0.986995
5, 2,0,500.646027, 513.364441, 468.786530, 130.842438,280.042847, 672.466125, 0.975225
5, 2,1,595.332825, 624.398315, 468.786530, 130.842438,280.042847, 672.466125, 0.953450
5, 2,2,389.810822, 388.664154, 468.786530, 130.842438,280.042847, 672.466125, 1.002950
5, 2,3,343.646606, 356.886169, 468.786530, 130.842438,280.042847, 672.466125, 0.962903
5, 2,4,524.971741, 523.153259, 468.786530, 130.842438,280.042847, 672.466125, 1.003476
5, 2,5,443.375519, 439.263092, 468.786530, 130.842438,280.042847, 672.466125, 1.009362
5, 2,6,280.042847, 274.958527, 468.786530, 130.842438,280.042847, 672.466125, 1.018491
5, 2,7,672.466125, 691.311768, 468.786530, 130.842438,280.042847, 672.466125, 0.972739
5, 3,0,279.682526, 274.647186, 492.605560, 289.596710,113.300385, 882.004700, 1.018334
5, 3,1,139.283676, 139.024429, 492.605560, 289.596710,113.300385, 882.004700, 1.001865
5, 3,2,749.905762, 732.915039, 492.605560, 289.596710,113.300385, 882.004700, 1.023182
5, 3,3,500.498291, 500.839172, 492.605560, 289.596710,113.300385, 882.004700, 0.999319
5, 3,4,558.106506, 544.715881, 492.605560, 289.596710,113.300385, 882.004700, 1.024583
5, 3,5,718.062805, 709.968018, 492.605560, 289.596710,113.300385, 882.004700, 1.011402
5, 3,6,882.004700, 861.561218, 492.605560, 289.596710,113.300385, 882.004700, 1.023728
5, 3,7,113.300385, 48.329079, 492.605560, 289.596710,113.300385, 882.004700, 2.344352
5, 4,0,629.445618, 645.043091, 463.131866, 194.676590,180.370667, 671.476746, 0.975819
5, 4,1,671.476746, 693.055542, 463.131866, 194.676590,180.370667, 671.476746, 0.968864
5, 4,2,419.123779, 433.874359, 463.131866, 194.676590,180.370667, 671.476746, 0.966003
5, 4,3,670.908997, 692.686646, 463.131866, 194.676590,180.370667, 671.476746, 0.968561
5, 4,4,520.025391, 539.520203, 463.131866, 194.676590,180.370667, 671.476746, 0.963866
5, 4,5,399.262238, 417.245209, 463.131866, 194.676590,180.370667, 671.476746, 0.956901
5, 4,6,180.370667, 176.168579, 463.131866, 194.676590,180.370667, 671.476746, 1.023853
5, 4,7,214.441650, 214.406418, 463.131866, 194.676590,180.370667, 671.476746, 1.000164
5, 5,0,89.573822, 88.620735, 478.157959, 235.434891,89.573822, 772.682861, 1.010755
5, 5,1,751.977478, 748.803040, 478.157959, 235.434891,89.573822, 772.682861, 1.004239
5, 5,2,402.998901, 404.358002, 478.157959, 235.434891,89.573822, 772.682861, 0.996639
5, 5,3,601.024902, 601.951233, 478.157959, 235.434891,89.573822, 772.682861, 0.998461
5, 5,4,772.682861, 767.949341, 478.157959, 235.434891,89.573822, 772.682861, 1.006164
5, 5,5,535.027222, 524.300842, 478.157959, 235.434891,89.573822, 772.682861, 1.020458
5, 5,6,262.218353, 267.777527, 478.157959, 235.434891,89.573822, 772.682861, 0.979240
5, 5,7,409.760376, 408.239349, 478.157959, 235.434891,89.573822, 772.682861, 1.003726
5, 6,0,746.346680, 710.557251, 492.679047, 262.731110,146.522720, 793.122375, 1.050368
5, 6,1,724.370239, 694.506348, 492.679047, 262.731110,146.522720, 793.122375, 1.043000
5, 6,2,793.122375, 779.637573, 492.679047, 262.731110,146.522720, 793.122375, 1.017296
5, 6,3,300.118652, 290.983887, 492.679047, 262.731110,146.522720, 793.122375, 1.031393
5, 6,4,657.010620, 628.185974, 492.679047, 262.731110,146.522720, 793.122375, 1.045886
5, 6,5,146.522720, 147.035263, 492.679047, 262.731110,146.522720, 793.122375, 0.996514
5, 6,6,230.585129, 225.119095, 492.679047, 262.731110,146.522720, 793.122375, 1.024281
5, 6,7,343.355774, 335.974548, 492.679047, 262.731110,146.522720, 793.122375, 1.021970
5, 7,0,170.346115, 137.245026, 498.126587, 346.058655,93.347008, 1046.847290, 1.241182
5, 7,1,1046.847290, 991.201172, 498.126587, 346.058655,93.347008, 1046.847290, 1.056140
5, 7,2,809.803284, 808.337097, 498.126587, 346.058655,93.347008, 1046.847290, 1.001814
5, 7,3,93.347008, 94.960152, 498.126587, 346.058655,93.347008, 1046.847290, 0.983012
5, 7,4,748.600037, 696.438354, 498.126587, 346.058655,93.347008, 1046.847290, 1.074898
5, 7,5,288.705261, 292.059296, 498.126587, 346.058655,93.347008, 1046.847290, 0.988516
5, 7,6,568.466797, 556.429810, 498.126587, 346.058655,93.347008, 1046.847290, 1.021633
5, 7,7,258.896912, 235.329102, 498.126587, 346.058655,93.347008, 1046.847290, 1.100148
5, 8,0,484.100647, 470.256561, 471.808044, 243.915268,67.928894, 765.595459, 1.029439
5, 8,1,67.928894, 67.653336, 471.808044, 243.915268,67.928894, 765.595459, 1.004073
5, 8,2,765.595459, 794.196289, 471.808044, 243.915268,67.928894, 765.595459, 0.963988
5, 8,3,576.724548, 584.759399, 471.808044, 243.915268,67.928894, 765.595459, 0.986260
5, 8,4,526.333313, 535.116577, 471.808044, 243.915268,67.928894, 765.595459, 0.983586
5, 8,5,189.629364, 189.723206, 471.808044, 243.915268,67.928894, 765.595459, 0.999505
5, 8,6,738.534851, 757.054199, 471.808044, 243.915268,67.928894, 765.595459, 0.975538
5, 8,7,425.617188, 413.240784, 471.808044, 243.915268,67.928894, 765.595459, 1.029950
5, 9,0,680.018982, 693.412964, 466.905273, 244.324966,113.191910, 744.355896, 0.980684
5, 9,1,744.355896, 760.554810, 466.905273, 244.324966,113.191910, 744.355896, 0.978701
5, 9,2,503.975372, 499.548859, 466.905273, 244.324966,113.191910, 744.355896, 1.008861
5, 9,3,255.785583, 271.393738, 466.905273, 244.324966,113.191910, 744.355896, 0.942489
5, 9,4,735.181641, 751.885132, 466.905273, 244.324966,113.191910, 744.355896, 0.977785
5, 9,5,113.191910, 104.536064, 466.905273, 244.324966,113.191910, 744.355896, 1.082803
5, 9,6,464.805908, 479.051758, 466.905273, 244.324966,113.191910, 744.355896, 0.970262
5, 9,7,237.927078, 251.616776, 466.905273, 244.324966,113.191910, 744.355896, 0.945593
5, 10,0,123.873230, 129.494598, 481.238281, 240.983780,123.873230, 840.433228, 0.956590
5, 10,1,395.897034, 374.605621, 481.238281, 240.983780,123.873230, 840.433228, 1.056837
5, 10,2,548.450867, 546.334351, 481.238281, 240.983780,123.873230, 840.433228, 1.003874
5, 10,3,178.028549, 174.202377, 481.238281, 240.983780,123.873230, 840.433228, 1.021964
5, 10,4,512.198486, 518.534424, 481.238281, 240.983780,123.873230, 840.433228, 0.987781
5, 10,5,667.082275, 659.892700, 481.238281, 240.983780,123.873230, 840.433228, 1.010895
5, 10,6,583.942505, 572.570740, 481.238281, 240.983780,123.873230, 840.433228, 1.019861
5, 10,7,840.433228, 836.365173, 481.238281, 240.983780,123.873230, 840.433228, 1.004864
5, 11,0,67.406982, 76.703148, 496.068237, 606.883850,31.126453, 1821.201294, 0.878803
5, 11,1,521.408386, 507.033752, 496.068237, 606.883850,31.126453, 1821.201294, 1.028350
5, 11,2,186.297012, 170.795425, 496.068237, 606.883850,31.126453, 1821.201294, 1.090761
5, 11,3,842.128235, 826.827759, 496.068237, 606.883850,31.126453, 1821.201294, 1.018505
5, 11,4,454.789063, 410.817871, 496.068237, 606.883850,31.126453, 1821.201294, 1.107033
5, 11,5,1821.201294, 1765.409180, 496.068237, 606.883850,31.126453, 1821.201294, 1.031603
5, 11,6,44.188591, 43.814411, 496.068237, 606.883850,31.126453, 1821.201294, 1.008540
5, 11,7,31.126453, 10.598967, 496.068237, 606.883850,31.126453, 1821.201294, 2.936744
5, 12,0,265.738129, 268.624481, 465.648621, 229.266434,125.943466, 845.059448, 0.989255
5, 12,1,318.137329, 346.340271, 465.648621, 229.266434,125.943466, 845.059448, 0.918569
5, 12,2,845.059448, 862.090515, 465.648621, 229.266434,125.943466, 845.059448, 0.980244
5, 12,3,583.864441, 596.008545, 465.648621, 229.266434,125.943466, 845.059448, 0.979624
5, 12,4,413.013306, 413.993683, 465.648621, 229.266434,125.943466, 845.059448, 0.997632
5, 12,5,566.648987, 572.815063, 465.648621, 229.266434,125.943466, 845.059448, 0.989235
5, 12,6,125.943466, 133.888535, 465.648621, 229.266434,125.943466, 845.059448, 0.940659
5, 12,7,606.784119, 618.238464, 465.648621, 229.266434,125.943466, 845.059448, 0.981473
5, 13,0,727.576172, 735.346375, 471.256348, 217.511139,62.970943, 727.576172, 0.989433
5, 13,1,62.970943, 57.393799, 471.256348, 217.511139,62.970943, 727.576172, 1.097173
5, 13,2,278.361969, 273.984619, 471.256348, 217.511139,62.970943, 727.576172, 1.015977
5, 13,3,412.212280, 427.112030, 471.256348, 217.511139,62.970943, 727.576172, 0.965115
5, 13,4,536.362305, 535.727661, 471.256348, 217.511139,62.970943, 727.576172, 1.001185
5, 13,5,537.665527, 545.421814, 471.256348, 217.511139,62.970943, 727.576172, 0.985779
5, 13,6,528.902710, 545.218079, 471.256348, 217.511139,62.970943, 727.576172, 0.970075
5, 13,7,685.998901, 691.795349, 471.256348, 217.511139,62.970943, 727.576172, 0.991621
5, 14,0,584.993103, 606.510315, 466.467743, 224.645493,170.646179, 819.375793, 0.964523
5, 14,1,297.558868, 305.800903, 466.467743, 224.645493,170.646179, 819.375793, 0.973048
5, 14,2,276.921417, 290.364990, 466.467743, 224.645493,170.646179, 819.375793, 0.953701
5, 14,3,687.122437, 693.506775, 466.467743, 224.645493,170.646179, 819.375793, 0.990794
5, 14,4,819.375793, 839.372742, 466.467743, 224.645493,170.646179, 819.375793, 0.976176
5, 14,5,170.646179, 169.332062, 466.467743, 224.645493,170.646179, 819.375793, 1.007761
5, 14,6,366.029663, 371.613373, 466.467743, 224.645493,170.646179, 819.375793, 0.984974
5, 14,7,529.094421, 535.498718, 466.467743, 224.645493,170.646179, 819.375793, 0.988041
5, 15,0,560.117676, 565.385803, 472.602234, 195.127274,279.823639, 895.316772, 0.990682
5, 15,1,344.425629, 344.851532, 472.602234, 195.127274,279.823639, 895.316772, 0.998765
5, 15,2,438.572327, 478.395020, 472.602234, 195.127274,279.823639, 895.316772, 0.916758
5, 15,3,461.854095, 469.349243, 472.602234, 195.127274,279.823639, 895.316772, 0.984031
5, 15,4,314.127380, 317.682678, 472.602234, 195.127274,279.823639, 895.316772, 0.988809
5, 15,5,895.316772, 903.105591, 472.602234, 195.127274,279.823639, 895.316772, 0.991376
5, 15,6,486.579987, 489.899292, 472.602234, 195.127274,279.823639, 895.316772, 0.993225
5, 15,7,279.823639, 243.330780, 472.602234, 195.127274,279.823639, 895.316772, 1.149972
5, 16,0,310.748840, 325.524017, 471.234283, 236.916122,194.508148, 762.691284, 0.954611
5, 16,1,680.928162, 694.973572, 471.234283, 236.916122,194.508148, 762.691284, 0.979790
5, 16,2,759.082458, 772.106323, 471.234283, 236.916122,194.508148, 762.691284, 0.983132
5, 16,3,762.691284, 765.035339, 471.234283, 236.916122,194.508148, 762.691284, 0.996936
5, 16,4,226.631378, 228.784393, 471.234283, 236.916122,194.508148, 762.691284, 0.990589
5, 16,5,194.508148, 192.419617, 471.234283, 236.916122,194.508148, 762.691284, 1.010854
5, 16,6,336.334839, 336.505981, 471.234283, 236.916122,194.508148, 762.691284, 0.999491
5, 16,7,498.949371, 496.650909, 471.234283, 236.916122,194.508148, 762.691284, 1.004628
5, 17,0,574.314453, 590.582336, 458.882111, 135.515686,257.899200, 581.135742, 0.972454
5, 17,1,257.899200, 253.423004, 458.882111, 135.515686,257.899200, 581.135742, 1.017663
5, 17,2,386.842529, 402.362122, 458.882111, 135.515686,257.899200, 581.135742, 0.961429
5, 17,3,406.603241, 439.064331, 458.882111, 135.515686,257.899200, 581.135742, 0.926068
5, 17,4,579.718323, 597.907837, 458.882111, 135.515686,257.899200, 581.135742, 0.969578
5, 17,5,577.938232, 585.630127, 458.882111, 135.515686,257.899200, 581.135742, 0.986866
5, 17,6,581.135742, 621.510071, 458.882111, 135.515686,257.899200, 581.135742, 0.935038
5, 17,7,306.605164, 321.520111, 458.882111, 135.515686,257.899200, 581.135742, 0.953611
5, 18,0,427.516296, 442.319580, 471.029999, 237.330536,75.732193, 802.466431, 0.966533
5, 18,1,802.466431, 818.509705, 471.029999, 237.330536,75.732193, 802.466431, 0.980399
5, 18,2,75.732193, 41.894150, 471.029999, 237.330536,75.732193, 802.466431, 1.807703
5, 18,3,368.824707, 368.634308, 471.029999, 237.330536,75.732193, 802.466431, 1.000517
5, 18,4,764.403259, 791.126892, 471.029999, 237.330536,75.732193, 802.466431, 0.966221
5, 18,5,527.042603, 541.114563, 471.029999, 237.330536,75.732193, 802.466431, 0.973994
5, 18,6,309.332336, 324.220337, 471.029999, 237.330536,75.732193, 802.466431, 0.954081
5, 18,7,492.922363, 484.180664, 471.029999, 237.330536,75.732193, 802.466431, 1.018055
5, 19,0,811.947449, 798.652649, 485.681366, 259.531036,129.941711, 811.947449, 1.016647
5, 19,1,366.268402, 371.005524, 485.681366, 259.531036,129.941711, 811.947449, 0.987232
5, 19,2,796.641907, 788.740540, 485.681366, 259.531036,129.941711, 811.947449, 1.010018
5, 19,3,129.941711, 72.691345, 485.681366, 259.531036,129.941711, 811.947449, 1.787582
5, 19,4,180.770172, 192.148682, 485.681366, 259.531036,129.941711, 811.947449, 0.940783
5, 19,5,587.414246, 579.891357, 485.681366, 259.531036,129.941711, 811.947449, 1.012973
5, 19,6,614.337830, 614.089905, 485.681366, 259.531036,129.941711, 811.947449, 1.000404
5, 19,7,398.129089, 394.779968, 485.681366, 259.531036,129.941711, 811.947449, 1.008484
5, 20,0,737.599243, 740.371704, 476.479309, 221.123795,145.798706, 737.599243, 0.996255
5, 20,1,656.563660, 661.920837, 476.479309, 221.123795,145.798706, 737.599243, 0.991907
5, 20,2,696.941528, 699.201172, 476.479309, 221.123795,145.798706, 737.599243, 0.996768
5, 20,3,341.722076, 340.892517, 476.479309, 221.123795,145.798706, 737.599243, 1.002434
5, 20,4,505.104218, 504.023224, 476.479309, 221.123795,145.798706, 737.599243, 1.002145
5, 20,5,504.488251, 495.733551, 476.479309, 221.123795,145.798706, 737.599243, 1.017660
5, 20,6,145.798706, 149.882568, 476.479309, 221.123795,145.798706, 737.599243, 0.972753
5, 20,7,223.616776, 219.974335, 476.479309, 221.123795,145.798706, 737.599243, 1.016559
5, 21,0,477.133759, 485.806366, 469.437958, 161.720001,199.459824, 709.739502, 0.982148
5, 21,1,359.941803, 382.653015, 469.437958, 161.720001,199.459824, 709.739502, 0.940648
5, 21,2,199.459824, 190.843582, 469.437958, 161.720001,199.459824, 709.739502, 1.045148
5, 21,3,533.608154, 531.103577, 469.437958, 161.720001,199.459824, 709.739502, 1.004716
5, 21,4,638.592468, 646.868958, 469.437958, 161.720001,199.459824, 709.739502, 0.987205
5, 21,5,383.340912, 381.644043, 469.437958, 161.720001,199.459824, 709.739502, 1.004446
5, 21,6,453.687317, 461.723969, 469.437958, 161.720001,199.459824, 709.739502, 0.982594
5, 21,7,709.739502, 731.356445, 469.437958, 161.720001,199.459824, 709.739502, 0.970443
5, 22,0,240.716003, 243.867233, 475.230469, 212.559860,95.694954, 697.302490, 0.987078
5, 22,1,676.802551, 686.724792, 475.230469, 212.559860,95.694954, 697.302490, 0.985551
5, 22,2,630.419006, 642.196533, 475.230469, 212.559860,95.694954, 697.302490, 0.981661
5, 22,3,697.302490, 701.175903, 475.230469, 212.559860,95.694954, 697.302490, 0.994476
5, 22,4,471.910797, 475.734283, 475.230469, 212.559860,95.694954, 697.302490, 0.991963
5, 22,5,95.694954, 66.654167, 475.230469, 212.559860,95.694954, 697.302490, 1.435694
5, 22,6,459.547180, 459.808136, 475.230469, 212.559860,95.694954, 697.302490, 0.999432
5, 22,7,529.450806, 535.838745, 475.230469, 212.559860,95.694954, 697.302490, 0.988079
5, 23,0,779.429688, 767.581909, 487.006042, 327.261566,83.944267, 881.814453, 1.015435
5, 23,1,143.088593, 153.941391, 487.006042, 327.261566,83.944267, 881.814453, 0.929500
5, 23,2,83.944267, 85.944374, 487.006042, 327.261566,83.944267, 881.814453, 0.976728
5, 23,3,309.293396, 298.494110, 487.006042, 327.261566,83.944267, 881.814453, 1.036179
5, 23,4,881.814453, 854.724792, 487.006042, 327.261566,83.944267, 881.814453, 1.031694
5, 23,5,604.562317, 595.963745, 487.006042, 327.261566,83.944267, 881.814453, 1.014428
5, 23,6,842.751648, 833.883850, 487.006042, 327.261566,83.944267, 881.814453, 1.010634
5, 23,7,251.164017, 221.466019, 487.006042, 327.261566,83.944267, 881.814453, 1.134097
5, 24,0,328.879547, 330.896729, 471.875214, 227.007050,161.345078, 753.608704, 0.993904
5, 24,1,366.237152, 377.625488, 471.875214, 227.007050,161.345078, 753.608704, 0.969842
5, 24,2,753.608704, 767.306580, 471.875214, 227.007050,161.345078, 753.608704, 0.982148
5, 24,3,651.693115, 653.102295, 471.875214, 227.007050,161.345078, 753.608704, 0.997842
5, 24,4,613.508484, 619.849182, 471.875214, 227.007050,161.345078, 753.608704, 0.989771
5, 24,5,226.311630, 232.107056, 471.875214, 227.007050,161.345078, 753.608704, 0.975031
5, 24,6,161.345078, 158.378387, 471.875214, 227.007050,161.345078, 753.608704, 1.018732
5, 24,7,673.418152, 672.734131, 471.875214, 227.007050,161.345078, 753.608704, 1.001017
5, 25,0,196.019989, 196.319534, 486.101898, 248.169022,196.019989, 962.127808, 0.998474
5, 25,1,492.009521, 473.067444, 486.101898, 248.169022,196.019989, 962.127808, 1.040041
5, 25,2,214.826538, 212.795761, 486.101898, 248.169022,196.019989, 962.127808, 1.009543
5, 25,3,682.302551, 668.373962, 486.101898, 248.169022,196.019989, 962.127808, 1.020840
5, 25,4,455.637787, 453.507416, 486.101898, 248.169022,196.019989, 962.127808, 1.004698
5, 25,5,485.336121, 482.260101, 486.101898, 248.169022,196.019989, 962.127808, 1.006378
5, 25,6,962.127808, 942.273071, 486.101898, 248.169022,196.019989, 962.127808, 1.021071
5, 25,7,400.554993, 383.402618, 486.101898, 248.169022,196.019989, 962.127808, 1.044737
5, 26,0,370.860321, 363.637024, 483.036255, 225.366089,46.631863, 821.679749, 1.019864
5, 26,1,503.986053, 494.361084, 483.036255, 225.366089,46.631863, 821.679749, 1.019469
5, 26,2,46.631863, 26.031689, 483.036255, 225.366089,46.631863, 821.679749, 1.791350
5, 26,3,821.679749, 822.057434, 483.036255, 225.366089,46.631863, 821.679749, 0.999541
5, 26,4,582.182434, 573.069397, 483.036255, 225.366089,46.631863, 821.679749, 1.015902
5, 26,5,564.119263, 565.201233, 483.036255, 225.366089,46.631863, 821.679749, 0.998086
5, 26,6,385.102509, 385.039459, 483.036255, 225.366089,46.631863, 821.679749, 1.000164
5, 26,7,589.727966, 582.602478, 483.036255, 225.366089,46.631863, 821.679749, 1.012230
5, 27,0,676.623230, 706.168457, 456.153015, 143.037262,251.527023, 676.623230, 0.958161
5, 27,1,476.887848, 493.214203, 456.153015, 143.037262,251.527023, 676.623230, 0.966898
5, 27,2,623.411194, 640.740295, 456.153015, 143.037262,251.527023, 676.623230, 0.972955
5, 27,3,251.527023, 246.707657, 456.153015, 143.037262,251.527023, 676.623230, 1.019535
5, 27,4,487.882568, 530.119324, 456.153015, 143.037262,251.527023, 676.623230, 0.920326
5, 27,5,354.024445, 379.405640, 456.153015, 143.037262,251.527023, 676.623230, 0.933103
5, 27,6,434.119476, 467.335724, 456.153015, 143.037262,251.527023, 676.623230, 0.928924
5, 27,7,344.748383, 348.308960, 456.153015, 143.037262,251.527023, 676.623230, 0.989778
5, 28,0,361.887787, 362.328644, 477.542847, 181.670868,176.575348, 677.651550, 0.998783
5, 28,1,299.213501, 297.292999, 477.542847, 181.670868,176.575348, 677.651550, 1.006460
5, 28,2,606.337097, 616.915161, 477.542847, 181.670868,176.575348, 677.651550, 0.982853
5, 28,3,503.345612, 498.479919, 477.542847, 181.670868,176.575348, 677.651550, 1.009761
5, 28,4,530.156738, 529.949402, 477.542847, 181.670868,176.575348, 677.651550, 1.000391
5, 28,5,665.174927, 654.003479, 477.542847, 181.670868,176.575348, 677.651550, 1.017082
5, 28,6,176.575348, 168.186234, 477.542847, 181.670868,176.575348, 677.651550, 1.049880
5, 28,7,677.651550, 684.844055, 477.542847, 181.670868,176.575348, 677.651550, 0.989498
5, 29,0,652.015564, 706.565186, 456.862762, 140.247513,262.825531, 652.015564, 0.922796
5, 29,1,508.281464, 515.833496, 456.862762, 140.247513,262.825531, 652.015564, 0.985360
5, 29,2,392.105499, 412.503510, 456.862762, 140.247513,262.825531, 652.015564, 0.950551
5, 29,3,398.360962, 413.347839, 456.862762, 140.247513,262.825531, 652.015564, 0.963743
5, 29,4,467.591980, 493.743561, 456.862762, 140.247513,262.825531, 652.015564, 0.947034
5, 29,5,644.619629, 668.021790, 456.862762, 140.247513,262.825531, 652.015564, 0.964968
5, 29,6,262.825531, 271.269012, 456.862762, 140.247513,262.825531, 652.015564, 0.968874
5, 29,7,329.101654, 330.715729, 456.862762, 140.247513,262.825531, 652.015564, 0.995119
5, 30,0,238.011551, 246.726059, 482.365875, 320.348083,124.819893, 981.119934, 0.964679
5, 30,1,558.100891, 557.344727, 482.365875, 320.348083,124.819893, 981.119934, 1.001357
5, 30,2,932.021179, 918.799316, 482.365875, 320.348083,124.819893, 981.119934, 1.014390
5, 30,3,264.373596, 266.321259, 482.365875, 320.348083,124.819893, 981.119934, 0.992687
5, 30,4,981.119934, 968.960632, 482.365875, 320.348083,124.819893, 981.119934, 1.012549
5, 30,5,124.819893, 99.820976, 482.365875, 320.348083,124.819893, 981.119934, 1.250437
5, 30,6,326.617065, 319.503967, 482.365875, 320.348083,124.819893, 981.119934, 1.022263
5, 30,7,433.863037, 434.522888, 482.365875, 320.348083,124.819893, 981.119934, 0.998481
5, 31,0,153.723557, 131.997375, 467.679169, 309.221100,143.521194, 1043.212402, 1.164596
5, 31,1,266.025818, 249.638947, 467.679169, 309.221100,143.521194, 1043.212402, 1.065642
5, 31,2,630.834595, 646.951538, 467.679169, 309.221100,143.521194, 1043.212402, 0.975088
5, 31,3,143.521194, 144.269730, 467.679169, 309.221100,143.521194, 1043.212402, 0.994812
5, 31,4,389.848663, 393.933960, 467.679169, 309.221100,143.521194, 1043.212402, 0.989630
5, 31,5,406.978271, 425.911163, 467.679169, 309.221100,143.521194, 1043.212402, 0.955547
5, 31,6,707.288879, 738.665588, 467.679169, 309.221100,143.521194, 1043.212402, 0.957522
5, 31,7,1043.212402, 1080.631714, 467.679169, 309.221100,143.521194, 1043.212402, 0.965373
5, 32,0,415.310394, 428.769806, 457.906006, 215.815521,183.352554, 765.465027, 0.968609
5, 32,1,260.819977, 260.632690, 457.906006, 215.815521,183.352554, 765.465027, 1.000719
5, 32,2,183.352554, 176.963608, 457.906006, 215.815521,183.352554, 765.465027, 1.036103
5, 32,3,699.919312, 723.147034, 457.906006, 215.815521,183.352554, 765.465027, 0.967880
5, 32,4,540.515076, 560.552979, 457.906006, 215.815521,183.352554, 765.465027, 0.964253
5, 32,5,545.654663, 581.576355, 457.906006, 215.815521,183.352554, 765.465027, 0.938234
5, 32,6,252.211182, 262.829895, 457.906006, 215.815521,183.352554, 765.465027, 0.959599
5, 32,7,765.465027, 817.527588, 457.906006, 215.815521,183.352554, 765.465027, 0.936317
5, 33,0,149.222519, 152.340179, 465.627777, 138.550888,149.222519, 609.591125, 0.979535
5, 33,1,609.591125, 630.384033, 465.627777, 138.550888,149.222519, 609.591125, 0.967016
5, 33,2,495.777893, 508.366333, 465.627777, 138.550888,149.222519, 609.591125, 0.975237
5, 33,3,519.009399, 537.930115, 465.627777, 138.550888,149.222519, 609.591125, 0.964827
5, 33,4,476.663910, 481.945038, 465.627777, 138.550888,149.222519, 609.591125, 0.989042
5, 33,5,427.514832, 433.691986, 465.627777, 138.550888,149.222519, 609.591125, 0.985757
5, 33,6,550.798279, 565.261108, 465.627777, 138.550888,149.222519, 609.591125, 0.974414
5, 33,7,496.444153, 502.081451, 465.627777, 138.550888,149.222519, 609.591125, 0.988772
5, 34,0,568.652466, 589.239319, 457.323944, 120.287148,275.804840, 611.898865, 0.965062
5, 34,1,275.804840, 286.076935, 457.323944, 120.287148,275.804840, 611.898865, 0.964093
5, 34,2,296.718719, 311.500702, 457.323944, 120.287148,275.804840, 611.898865, 0.952546
5, 34,3,470.612305, 494.072327, 457.323944, 120.287148,275.804840, 611.898865, 0.952517
5, 34,4,498.563965, 515.484253, 457.323944, 120.287148,275.804840, 611.898865, 0.967176
5, 34,5,513.665894, 540.860535, 457.323944, 120.287148,275.804840, 611.898865, 0.949720
5, 34,6,611.898865, 639.184814, 457.323944, 120.287148,275.804840, 611.898865, 0.957311
5, 34,7,422.674652, 435.581024, 457.323944, 120.287148,275.804840, 611.898865, 0.970370
5, 35,0,104.752831, 104.769180, 489.557892, 308.832367,104.752831, 904.137878, 0.999844
5, 35,1,203.557281, 194.867950, 489.557892, 308.832367,104.752831, 904.137878, 1.044591
5, 35,2,638.253784, 620.275085, 489.557892, 308.832367,104.752831, 904.137878, 1.028985
5, 35,3,809.914185, 783.685852, 489.557892, 308.832367,104.752831, 904.137878, 1.033468
5, 35,4,708.508972, 698.604431, 489.557892, 308.832367,104.752831, 904.137878, 1.014178
5, 35,5,904.137878, 870.341858, 489.557892, 308.832367,104.752831, 904.137878, 1.038831
5, 35,6,273.458984, 270.448425, 489.557892, 308.832367,104.752831, 904.137878, 1.011132
5, 35,7,273.879242, 269.007263, 489.557892, 308.832367,104.752831, 904.137878, 1.018111
5, 36,0,67.212112, 44.342064, 501.817047, 375.326843,67.212112, 1084.067139, 1.515764
5, 36,1,591.319214, 567.494263, 501.817047, 375.326843,67.212112, 1084.067139, 1.041983
5, 36,2,101.204765, 98.581001, 501.817047, 375.326843,67.212112, 1084.067139, 1.026615
5, 36,3,102.982147, 72.017120, 501.817047, 375.326843,67.212112, 1084.067139, 1.429968
5, 36,4,602.038635, 553.049133, 501.817047, 375.326843,67.212112, 1084.067139, 1.088581
5, 36,5,1084.067139, 1067.867554, 501.817047, 375.326843,67.212112, 1084.067139, 1.015170
5, 36,6,649.722412, 662.846436, 501.817047, 375.326843,67.212112, 1084.067139, 0.980201
5, 36,7,815.989929, 745.802124, 501.817047, 375.326843,67.212112, 1084.067139, 1.094110
5, 37,0,890.769836, 822.920349, 506.402649, 396.626709,9.526979, 895.705383, 1.082450
5, 37,1,841.275269, 820.117371, 506.402649, 396.626709,9.526979, 895.705383, 1.025799
5, 37,2,9.526979, 13.924172, 506.402649, 396.626709,9.526979, 895.705383, 0.684204
5, 37,3,68.644165, 55.576458, 506.402649, 396.626709,9.526979, 895.705383, 1.235130
5, 37,4,895.705383, 857.593140, 506.402649, 396.626709,9.526979, 895.705383, 1.044441
5, 37,5,48.506310, 45.681938, 506.402649, 396.626709,9.526979, 895.705383, 1.061827
5, 37,6,673.328491, 647.621887, 506.402649, 396.626709,9.526979, 895.705383, 1.039694
5, 37,7,623.464844, 548.564636, 506.402649, 396.626709,9.526979, 895.705383, 1.136539
5, 38,0,227.540405, 221.023270, 479.273956, 298.557648,67.677696, 838.490601, 1.029486
5, 38,1,152.267487, 157.328720, 479.273956, 298.557648,67.677696, 838.490601, 0.967830
5, 38,2,774.373169, 778.575256, 479.273956, 298.557648,67.677696, 838.490601, 0.994603
5, 38,3,725.343567, 717.183472, 479.273956, 298.557648,67.677696, 838.490601, 1.011378
5, 38,4,482.259430, 479.985931, 479.273956, 298.557648,67.677696, 838.490601, 1.004737
5, 38,5,838.490601, 842.943726, 479.273956, 298.557648,67.677696, 838.490601, 0.994717
5, 38,6,566.239014, 576.566833, 479.273956, 298.557648,67.677696, 838.490601, 0.982087
5, 38,7,67.677696, 38.392937, 479.273956, 298.557648,67.677696, 838.490601, 1.762764
5, 39,0,675.355164, 693.072998, 462.847076, 188.075012,190.535477, 675.355164, 0.974436
5, 39,1,485.562805, 506.012939, 462.847076, 188.075012,190.535477, 675.355164, 0.959586
5, 39,2,190.535477, 188.813797, 462.847076, 188.075012,190.535477, 675.355164, 1.009118
5, 39,3,531.770996, 554.600830, 462.847076, 188.075012,190.535477, 675.355164, 0.958836
5, 39,4,554.204773, 567.165527, 462.847076, 188.075012,190.535477, 675.355164, 0.977148
5, 39,5,203.952118, 208.930328, 462.847076, 188.075012,190.535477, 675.355164, 0.976173
5, 39,6,669.343689, 683.828491, 462.847076, 188.075012,190.535477, 675.355164, 0.978818
5, 39,7,392.051605, 409.575043, 462.847076, 188.075012,190.535477, 675.355164, 0.957216
5, 40,0,277.944550, 261.790253, 475.563690, 291.644165,133.002335, 793.498169, 1.061707
5, 40,1,281.538330, 284.998077, 475.563690, 291.644165,133.002335, 793.498169, 0.987860
5, 40,2,793.498169, 798.174072, 475.563690, 291.644165,133.002335, 793.498169, 0.994142
5, 40,3,133.002335, 141.213577, 475.563690, 291.644165,133.002335, 793.498169, 0.941852
5, 40,4,146.868698, 100.971779, 475.563690, 291.644165,133.002335, 793.498169, 1.454552
5, 40,5,677.330078, 688.755066, 475.563690, 291.644165,133.002335, 793.498169, 0.983412
5, 40,6,791.780640, 817.588318, 475.563690, 291.644165,133.002335, 793.498169, 0.968434
5, 40,7,702.546570, 718.508728, 475.563690, 291.644165,133.002335, 793.498169, 0.977784
5, 41,0,257.808624, 278.549988, 488.088745, 399.675079,41.842216, 1093.641602, 0.925538
5, 41,1,45.376530, 58.267685, 488.088745, 399.675079,41.842216, 1093.641602, 0.778760
5, 41,2,254.271561, 258.244507, 488.088745, 399.675079,41.842216, 1093.641602, 0.984616
5, 41,3,41.842216, 43.554668, 488.088745, 399.675079,41.842216, 1093.641602, 0.960683
5, 41,4,700.425476, 679.554626, 488.088745, 399.675079,41.842216, 1093.641602, 1.030712
5, 41,5,929.408875, 887.225708, 488.088745, 399.675079,41.842216, 1093.641602, 1.047545
5, 41,6,581.935120, 556.070435, 488.088745, 399.675079,41.842216, 1093.641602, 1.046513
5, 41,7,1093.641602, 1050.532593, 488.088745, 399.675079,41.842216, 1093.641602, 1.041035
5, 42,0,480.141693, 481.426422, 468.432434, 202.619751,4.212857, 670.826599, 0.997331
5, 42,1,4.212857, 30.853193, 468.432434, 202.619751,4.212857, 670.826599, 0.136545
5, 42,2,466.796204, 477.196747, 468.432434, 202.619751,4.212857, 670.826599, 0.978205
5, 42,3,561.047485, 563.134277, 468.432434, 202.619751,4.212857, 670.826599, 0.996294
5, 42,4,436.763336, 440.703705, 468.432434, 202.619751,4.212857, 670.826599, 0.991059
5, 42,5,602.541809, 600.578125, 468.432434, 202.619751,4.212857, 670.826599, 1.003270
5, 42,6,670.826599, 683.990906, 468.432434, 202.619751,4.212857, 670.826599, 0.980754
5, 42,7,525.129272, 534.116821, 468.432434, 202.619751,4.212857, 670.826599, 0.983173
5, 43,0,107.196869, 117.587555, 468.551605, 284.246948,107.196869, 810.211304, 0.911634
5, 43,1,449.314087, 445.876648, 468.551605, 284.246948,107.196869, 810.211304, 1.007709
5, 43,2,736.004700, 765.014099, 468.551605, 284.246948,107.196869, 810.211304, 0.962080
5, 43,3,792.064697, 802.989258, 468.551605, 284.246948,107.196869, 810.211304, 0.986395
5, 43,4,810.211304, 840.203735, 468.551605, 284.246948,107.196869, 810.211304, 0.964303
5, 43,5,413.206146, 415.937683, 468.551605, 284.246948,107.196869, 810.211304, 0.993433
5, 43,6,132.768478, 127.702393, 468.551605, 284.246948,107.196869, 810.211304, 1.039671
5, 43,7,307.646790, 296.688873, 468.551605, 284.246948,107.196869, 810.211304, 1.036934
5, 44,0,229.680511, 224.349609, 478.278381, 388.368835,25.731289, 990.957214, 1.023762
5, 44,1,143.755554, 134.021423, 478.278381, 388.368835,25.731289, 990.957214, 1.072631
5, 44,2,536.935608, 525.393005, 478.278381, 388.368835,25.731289, 990.957214, 1.021969
5, 44,3,879.031616, 872.244202, 478.278381, 388.368835,25.731289, 990.957214, 1.007782
5, 44,4,157.645691, 167.298248, 478.278381, 388.368835,25.731289, 990.957214, 0.942303
5, 44,5,862.489624, 845.819580, 478.278381, 388.368835,25.731289, 990.957214, 1.019709
5, 44,6,25.731289, 65.726349, 478.278381, 388.368835,25.731289, 990.957214, 0.391491
5, 44,7,990.957214, 977.147583, 478.278381, 388.368835,25.731289, 990.957214, 1.014133
5, 45,0,598.844971, 600.161194, 466.604980, 112.939880,292.424408, 598.844971, 0.997807
5, 45,1,423.726929, 435.296692, 466.604980, 112.939880,292.424408, 598.844971, 0.973421
5, 45,2,564.671936, 575.982117, 466.604980, 112.939880,292.424408, 598.844971, 0.980364
5, 45,3,292.424408, 292.642456, 466.604980, 112.939880,292.424408, 598.844971, 0.999255
5, 45,4,463.834137, 471.452423, 466.604980, 112.939880,292.424408, 598.844971, 0.983841
5, 45,5,338.479675, 361.406067, 466.604980, 112.939880,292.424408, 598.844971, 0.936563
5, 45,6,467.715424, 477.871429, 466.604980, 112.939880,292.424408, 598.844971, 0.978747
5, 45,7,583.142395, 597.187500, 466.604980, 112.939880,292.424408, 598.844971, 0.976481
5, 46,0,452.812439, 428.224152, 487.538696, 284.480652,41.797928, 818.916687, 1.057419
5, 46,1,618.660339, 614.512329, 487.538696, 284.480652,41.797928, 818.916687, 1.006750
5, 46,2,818.916687, 809.279419, 487.538696, 284.480652,41.797928, 818.916687, 1.011908
5, 46,3,595.128296, 577.442078, 487.538696, 284.480652,41.797928, 818.916687, 1.030629
5, 46,4,80.232315, 48.080879, 487.538696, 284.480652,41.797928, 818.916687, 1.668695
5, 46,5,569.980835, 563.861084, 487.538696, 284.480652,41.797928, 818.916687, 1.010853
5, 46,6,722.780884, 724.909912, 487.538696, 284.480652,41.797928, 818.916687, 0.997063
5, 46,7,41.797928, 45.690041, 487.538696, 284.480652,41.797928, 818.916687, 0.914815
5, 47,0,632.919006, 613.767151, 504.975006, 397.666534,16.436163, 1036.707031, 1.031204
5, 47,1,447.716034, 418.269196, 504.975006, 397.666534,16.436163, 1036.707031, 1.070402
5, 47,2,43.217754, 25.227705, 504.975006, 397.666534,16.436163, 1036.707031, 1.713107
5, 47,3,911.572083, 847.675354, 504.975006, 397.666534,16.436163, 1036.707031, 1.075379
5, 47,4,16.436163, 26.667139, 504.975006, 397.666534,16.436163, 1036.707031, 0.616345
5, 47,5,170.945236, 165.762009, 504.975006, 397.666534,16.436163, 1036.707031, 1.031269
5, 47,6,780.286621, 736.649414, 504.975006, 397.666534,16.436163, 1036.707031, 1.059237
5, 47,7,1036.707031, 977.982056, 504.975006, 397.666534,16.436163, 1036.707031, 1.060047
5, 48,0,100.438599, 112.481453, 481.201843, 281.549438,100.438599, 1014.776001, 0.892935
5, 48,1,199.892807, 196.553070, 481.201843, 281.549438,100.438599, 1014.776001, 1.016991
5, 48,2,590.894958, 583.953918, 481.201843, 281.549438,100.438599, 1014.776001, 1.011886
5, 48,3,1014.776001, 997.525635, 481.201843, 281.549438,100.438599, 1014.776001, 1.017293
5, 48,4,518.291260, 513.418945, 481.201843, 281.549438,100.438599, 1014.776001, 1.009490
5, 48,5,397.702332, 395.415497, 481.201843, 281.549438,100.438599, 1014.776001, 1.005783
5, 48,6,405.257721, 404.909180, 481.201843, 281.549438,100.438599, 1014.776001, 1.000861
5, 48,7,622.360901, 607.742310, 481.201843, 281.549438,100.438599, 1014.776001, 1.024054
5, 49,0,814.180725, 788.569031, 486.533386, 267.825867,89.205505, 834.181641, 1.032479
5, 49,1,593.887878, 581.623657, 486.533386, 267.825867,89.205505, 834.181641, 1.021086
5, 49,2,89.205505, 89.271286, 486.533386, 267.825867,89.205505, 834.181641, 0.999263
5, 49,3,834.181641, 813.440918, 486.533386, 267.825867,89.205505, 834.181641, 1.025498
5, 49,4,323.159668, 325.971832, 486.533386, 267.825867,89.205505, 834.181641, 0.991373
5, 49,5,533.646667, 526.844727, 486.533386, 267.825867,89.205505, 834.181641, 1.012911
5, 49,6,211.644775, 204.294342, 486.533386, 267.825867,89.205505, 834.181641, 1.035980
5, 49,7,492.360229, 481.984192, 486.533386, 267.825867,89.205505, 834.181641, 1.021528
5, 50,0,25.674772, 27.074900, 500.065979, 380.985596,25.674772, 1021.399658, 0.948287
5, 50,1,1021.399658, 933.656494, 500.065979, 380.985596,25.674772, 1021.399658, 1.093978
5, 50,2,958.429382, 947.806030, 500.065979, 380.985596,25.674772, 1021.399658, 1.011208
5, 50,3,223.315552, 209.495728, 500.065979, 380.985596,25.674772, 1021.399658, 1.065967
5, 50,4,103.669884, 90.717705, 500.065979, 380.985596,25.674772, 1021.399658, 1.142775
5, 50,5,721.813721, 659.711853, 500.065979, 380.985596,25.674772, 1021.399658, 1.094135
5, 50,6,584.404053, 583.830017, 500.065979, 380.985596,25.674772, 1021.399658, 1.000983
5, 50,7,361.820740, 359.707092, 500.065979, 380.985596,25.674772, 1021.399658, 1.005876
5, 51,0,324.200134, 335.105438, 473.754395, 285.520355,156.046921, 1042.845459, 0.967457
5, 51,1,564.203003, 565.043213, 473.754395, 285.520355,156.046921, 1042.845459, 0.998513
5, 51,2,596.609619, 599.153320, 473.754395, 285.520355,156.046921, 1042.845459, 0.995754
5, 51,3,204.821472, 201.266846, 473.754395, 285.520355,156.046921, 1042.845459, 1.017661
5, 51,4,334.858215, 336.486572, 473.754395, 285.520355,156.046921, 1042.845459, 0.995161
5, 51,5,1042.845459, 1048.012085, 473.754395, 285.520355,156.046921, 1042.845459, 0.995070
5, 51,6,156.046921, 157.713882, 473.754395, 285.520355,156.046921, 1042.845459, 0.989430
5, 51,7,566.450378, 569.218689, 473.754395, 285.520355,156.046921, 1042.845459, 0.995137
5, 52,0,95.275917, 98.633797, 470.171234, 247.697632,95.275917, 860.005798, 0.965956
5, 52,1,678.911011, 703.236084, 470.171234, 247.697632,95.275917, 860.005798, 0.965410
5, 52,2,308.078644, 296.822388, 470.171234, 247.697632,95.275917, 860.005798, 1.037923
5, 52,3,338.167236, 333.687012, 470.171234, 247.697632,95.275917, 860.005798, 1.013426
5, 52,4,470.313843, 475.894897, 470.171234, 247.697632,95.275917, 860.005798, 0.988272
5, 52,5,658.965149, 660.737793, 470.171234, 247.697632,95.275917, 860.005798, 0.997317
5, 52,6,860.005798, 882.664185, 470.171234, 247.697632,95.275917, 860.005798, 0.974330
5, 52,7,351.652008, 360.323639, 470.171234, 247.697632,95.275917, 860.005798, 0.975934
5, 53,0,739.792847, 739.768066, 490.788147, 263.604065,38.704247, 864.427429, 1.000033
5, 53,1,38.704247, 23.994652, 490.788147, 263.604065,38.704247, 864.427429, 1.613036
5, 53,2,662.436035, 662.595398, 490.788147, 263.604065,38.704247, 864.427429, 0.999759
5, 53,3,405.020721, 377.043854, 490.788147, 263.604065,38.704247, 864.427429, 1.074201
5, 53,4,515.575745, 478.037750, 490.788147, 263.604065,38.704247, 864.427429, 1.078525
5, 53,5,391.659088, 383.611725, 490.788147, 263.604065,38.704247, 864.427429, 1.020978
5, 53,6,864.427429, 836.113892, 490.788147, 263.604065,38.704247, 864.427429, 1.033863
5, 53,7,308.688934, 310.834503, 490.788147, 263.604065,38.704247, 864.427429, 0.993097
5, 54,0,829.004578, 819.613159, 495.718475, 371.136353,75.830475, 956.604309, 1.011458
5, 54,1,956.604309, 900.996826, 495.718475, 371.136353,75.830475, 956.604309, 1.061718
5, 54,2,434.151123, 424.013336, 495.718475, 371.136353,75.830475, 956.604309, 1.023909
5, 54,3,861.112488, 844.514099, 495.718475, 371.136353,75.830475, 956.604309, 1.019654
5, 54,4,88.038864, 51.934135, 495.718475, 371.136353,75.830475, 956.604309, 1.695202
5, 54,5,111.182297, 115.925797, 495.718475, 371.136353,75.830475, 956.604309, 0.959082
5, 54,6,75.830475, 87.353157, 495.718475, 371.136353,75.830475, 956.604309, 0.868091
5, 54,7,609.823425, 567.649475, 495.718475, 371.136353,75.830475, 956.604309, 1.074296
5, 55,0,319.075317, 299.763519, 489.051086, 304.831085,157.919769, 890.348572, 1.064423
5, 55,1,356.582123, 338.751343, 489.051086, 304.831085,157.919769, 890.348572, 1.052637
5, 55,2,227.590591, 222.606598, 489.051086, 304.831085,157.919769, 890.348572, 1.022389
5, 55,3,809.509521, 795.898071, 489.051086, 304.831085,157.919769, 890.348572, 1.017102
5, 55,4,304.344513, 299.574524, 489.051086, 304.831085,157.919769, 890.348572, 1.015923
5, 55,5,157.919769, 163.180054, 489.051086, 304.831085,157.919769, 890.348572, 0.967764
5, 55,6,890.348572, 860.615356, 489.051086, 304.831085,157.919769, 890.348572, 1.034549
5, 55,7,847.038208, 831.610657, 489.051086, 304.831085,157.919769, 890.348572, 1.018551
5, 56,0,692.977478, 661.992554, 489.776733, 254.341858,147.180756, 719.632629, 1.046806
5, 56,1,147.180756, 172.163422, 489.776733, 254.341858,147.180756, 719.632629, 0.854890
5, 56,2,284.684845, 282.414429, 489.776733, 254.341858,147.180756, 719.632629, 1.008039
5, 56,3,157.909103, 154.805923, 489.776733, 254.341858,147.180756, 719.632629, 1.020046
5, 56,4,719.632629, 686.050659, 489.776733, 254.341858,147.180756, 719.632629, 1.048950
5, 56,5,517.600830, 495.163879, 489.776733, 254.341858,147.180756, 719.632629, 1.045312
5, 56,6,718.019409, 681.934265, 489.776733, 254.341858,147.180756, 719.632629, 1.052916
5, 56,7,680.209106, 677.474792, 489.776733, 254.341858,147.180756, 719.632629, 1.004036
5, 57,0,729.898743, 758.457275, 465.502411, 319.235413,105.580147, 916.094604, 0.962347
5, 57,1,268.094849, 267.884125, 465.502411, 319.235413,105.580147, 916.094604, 1.000787
5, 57,2,487.925323, 519.103455, 465.502411, 319.235413,105.580147, 916.094604, 0.939938
5, 57,3,810.365173, 825.066406, 465.502411, 319.235413,105.580147, 916.094604, 0.982182
5, 57,4,117.269981, 115.634644, 465.502411, 319.235413,105.580147, 916.094604, 1.014142
5, 57,5,916.094604, 925.076416, 465.502411, 319.235413,105.580147, 916.094604, 0.990291
5, 57,6,105.580147, 115.095299, 465.502411, 319.235413,105.580147, 916.094604, 0.917328
5, 57,7,288.790253, 285.682526, 465.502411, 319.235413,105.580147, 916.094604, 1.010878
5, 58,0,438.365082, 448.902405, 474.048218, 272.631348,40.331760, 821.399292, 0.976526
5, 58,1,40.331760, 35.541824, 474.048218, 272.631348,40.331760, 821.399292, 1.134769
5, 58,2,230.602829, 230.441605, 474.048218, 272.631348,40.331760, 821.399292, 1.000700
5, 58,3,686.297180, 687.353638, 474.048218, 272.631348,40.331760, 821.399292, 0.998463
5, 58,4,333.231293, 338.134308, 474.048218, 272.631348,40.331760, 821.399292, 0.985500
5, 58,5,821.399292, 827.911865, 474.048218, 272.631348,40.331760, 821.399292, 0.992134
5, 58,6,767.499817, 771.667786, 474.048218, 272.631348,40.331760, 821.399292, 0.994599
5, 58,7,474.658569, 472.046478, 474.048218, 272.631348,40.331760, 821.399292, 1.005534
5, 59,0,414.863220, 420.574036, 480.971069, 229.019516,224.625946, 812.007141, 0.986421
5, 59,1,580.702026, 579.086304, 480.971069, 229.019516,224.625946, 812.007141, 1.002790
5, 59,2,229.535004, 228.358475, 480.971069, 229.019516,224.625946, 812.007141, 1.005152
5, 59,3,630.385681, 620.604492, 480.971069, 229.019516,224.625946, 812.007141, 1.015761
5, 59,4,224.625946, 194.986145, 480.971069, 229.019516,224.625946, 812.007141, 1.152010
5, 59,5,812.007141, 819.667603, 480.971069, 229.019516,224.625946, 812.007141, 0.990654
5, 59,6,692.266907, 686.738159, 480.971069, 229.019516,224.625946, 812.007141, 1.008051
5, 59,7,263.382843, 261.985352, 480.971069, 229.019516,224.625946, 812.007141, 1.005334
5, 60,0,409.375580, 415.504059, 475.977325, 295.085144,136.904449, 886.420593, 0.985250
5, 60,1,478.790009, 475.880280, 475.977325, 295.085144,136.904449, 886.420593, 1.006114
5, 60,2,636.087952, 631.659729, 475.977325, 295.085144,136.904449, 886.420593, 1.007010
5, 60,3,242.219727, 254.527466, 475.977325, 295.085144,136.904449, 886.420593, 0.951645
5, 60,4,854.834167, 853.701965, 475.977325, 295.085144,136.904449, 886.420593, 1.001326
5, 60,5,136.904449, 134.729706, 475.977325, 295.085144,136.904449, 886.420593, 1.016142
5, 60,6,163.186096, 175.537292, 475.977325, 295.085144,136.904449, 886.420593, 0.929638
5, 60,7,886.420593, 870.459839, 475.977325, 295.085144,136.904449, 886.420593, 1.018336
5, 61,0,340.082458, 353.650879, 477.577087, 192.742355,126.761604, 705.830627, 0.961633
5, 61,1,584.506042, 593.934326, 477.577087, 192.742355,126.761604, 705.830627, 0.984126
5, 61,2,126.761604, 84.316826, 477.577087, 192.742355,126.761604, 705.830627, 1.503396
5, 61,3,379.886414, 393.989410, 477.577087, 192.742355,126.761604, 705.830627, 0.964205
5, 61,4,638.793091, 654.069641, 477.577087, 192.742355,126.761604, 705.830627, 0.976644
5, 61,5,435.806915, 426.134155, 477.577087, 192.742355,126.761604, 705.830627, 1.022699
5, 61,6,705.830627, 706.756104, 477.577087, 192.742355,126.761604, 705.830627, 0.998691
5, 61,7,608.949585, 599.148499, 477.577087, 192.742355,126.761604, 705.830627, 1.016358
5, 62,0,612.036377, 593.847778, 488.813324, 247.164276,40.562248, 779.485229, 1.030628
5, 62,1,40.562248, 28.010941, 488.813324, 247.164276,40.562248, 779.485229, 1.448086
5, 62,2,779.485229, 724.461731, 488.813324, 247.164276,40.562248, 779.485229, 1.075951
5, 62,3,724.862793, 718.789978, 488.813324, 247.164276,40.562248, 779.485229, 1.008449
5, 62,4,429.653717, 416.007019, 488.813324, 247.164276,40.562248, 779.485229, 1.032804
5, 62,5,303.652161, 355.112885, 488.813324, 247.164276,40.562248, 779.485229, 0.855086
5, 62,6,637.829224, 619.107361, 488.813324, 247.164276,40.562248, 779.485229, 1.030240
5, 62,7,382.424591, 356.662201, 488.813324, 247.164276,40.562248, 779.485229, 1.072232
5, 63,0,522.685486, 534.889954, 467.755707, 195.643875,121.763039, 821.266602, 0.977183
5, 63,1,464.143555, 463.160004, 467.755707, 195.643875,121.763039, 821.266602, 1.002124
5, 63,2,821.266602, 838.976929, 467.755707, 195.643875,121.763039, 821.266602, 0.978891
5, 63,3,531.098816, 537.842224, 467.755707, 195.643875,121.763039, 821.266602, 0.987462
5, 63,4,401.363525, 412.497040, 467.755707, 195.643875,121.763039, 821.266602, 0.973009
5, 63,5,121.763039, 120.838860, 467.755707, 195.643875,121.763039, 821.266602, 1.007648
5, 63,6,511.444855, 525.705017, 467.755707, 195.643875,121.763039, 821.266602, 0.972874
5, 63,7,368.279877, 378.089996, 467.755707, 195.643875,121.763039, 821.266602, 0.974054
5, 64,0,569.897095, 538.783997, 496.621063, 362.585907,44.232708, 950.532227, 1.057747
5, 64,1,878.263367, 834.847717, 496.621063, 362.585907,44.232708, 950.532227, 1.052004
5, 64,2,198.927887, 202.974487, 496.621063, 362.585907,44.232708, 950.532227, 0.980063
5, 64,3,950.532227, 897.923523, 496.621063, 362.585907,44.232708, 950.532227, 1.058589
5, 64,4,44.232708, 55.990913, 496.621063, 362.585907,44.232708, 950.532227, 0.789998
5, 64,5,850.357300, 813.658936, 496.621063, 362.585907,44.232708, 950.532227, 1.045103
5, 64,6,158.225296, 155.868378, 496.621063, 362.585907,44.232708, 950.532227, 1.015121
5, 64,7,322.532684, 311.951996, 496.621063, 362.585907,44.232708, 950.532227, 1.033918
5, 65,0,773.640503, 765.866882, 482.992004, 235.767517,58.250343, 777.242615, 1.010150
5, 65,1,371.469238, 363.907593, 482.992004, 235.767517,58.250343, 777.242615, 1.020779
5, 65,2,507.735870, 522.995605, 482.992004, 235.767517,58.250343, 777.242615, 0.970822
5, 65,3,500.713287, 511.956055, 482.992004, 235.767517,58.250343, 777.242615, 0.978040
5, 65,4,58.250343, 34.435684, 482.992004, 235.767517,58.250343, 777.242615, 1.691569
5, 65,5,777.242615, 754.443054, 482.992004, 235.767517,58.250343, 777.242615, 1.030220
5, 65,6,337.128662, 331.710876, 482.992004, 235.767517,58.250343, 777.242615, 1.016333
5, 65,7,537.755615, 526.684021, 482.992004, 235.767517,58.250343, 777.242615, 1.021021
5, 66,0,365.778931, 377.541931, 458.842285, 223.488754,118.924408, 704.931885, 0.968843
5, 66,1,517.801147, 549.179810, 458.842285, 223.488754,118.924408, 704.931885, 0.942863
5, 66,2,118.924408, 115.015457, 458.842285, 223.488754,118.924408, 704.931885, 1.033986
5, 66,3,686.852905, 715.857544, 458.842285, 223.488754,118.924408, 704.931885, 0.959483
5, 66,4,380.788757, 404.677216, 458.842285, 223.488754,118.924408, 704.931885, 0.940969
5, 66,5,674.838501, 696.648865, 458.842285, 223.488754,118.924408, 704.931885, 0.968692
5, 66,6,220.821594, 207.654709, 458.842285, 223.488754,118.924408, 704.931885, 1.063408
5, 66,7,704.931885, 745.424316, 458.842285, 223.488754,118.924408, 704.931885, 0.945679
5, 67,0,75.453110, 38.300499, 498.587097, 377.099762,75.453110, 1123.034058, 1.970029
5, 67,1,1123.034058, 1079.114868, 498.587097, 377.099762,75.453110, 1123.034058, 1.040699
5, 67,2,158.210129, 151.708084, 498.587097, 377.099762,75.453110, 1123.034058, 1.042859
5, 67,3,307.720825, 314.829956, 498.587097, 377.099762,75.453110, 1123.034058, 0.977419
5, 67,4,879.325500, 836.299194, 498.587097, 377.099762,75.453110, 1123.034058, 1.051448
5, 67,5,514.999146, 499.502716, 498.587097, 377.099762,75.453110, 1123.034058, 1.031024
5, 67,6,213.306168, 203.375336, 498.587097, 377.099762,75.453110, 1123.034058, 1.048830
5, 67,7,716.647888, 688.869385, 498.587097, 377.099762,75.453110, 1123.034058, 1.040325
5, 68,0,563.533691, 560.023682, 491.932831, 391.438904,44.771698, 1187.791504, 1.006268
5, 68,1,1187.791504, 1166.309570, 491.932831, 391.438904,44.771698, 1187.791504, 1.018419
5, 68,2,44.771698, 42.342972, 491.932831, 391.438904,44.771698, 1187.791504, 1.057358
5, 68,3,194.687363, 243.317627, 491.932831, 391.438904,44.771698, 1187.791504, 0.800137
5, 68,4,404.847107, 383.084076, 491.932831, 391.438904,44.771698, 1187.791504, 1.056810
5, 68,5,641.668274, 621.077332, 491.932831, 391.438904,44.771698, 1187.791504, 1.033154
5, 68,6,87.667664, 41.840630, 491.932831, 391.438904,44.771698, 1187.791504, 2.095276
5, 68,7,810.495361, 754.004211, 491.932831, 391.438904,44.771698, 1187.791504, 1.074921
5, 69,0,286.382111, 291.893463, 470.781586, 192.350891,107.426628, 670.538757, 0.981119
5, 69,1,489.418793, 510.103302, 470.781586, 192.350891,107.426628, 670.538757, 0.959450
5, 69,2,428.920715, 430.562775, 470.781586, 192.350891,107.426628, 670.538757, 0.996186
5, 69,3,107.426628, 111.204941, 470.781586, 192.350891,107.426628, 670.538757, 0.966024
5, 69,4,650.663818, 640.146729, 470.781586, 192.350891,107.426628, 670.538757, 1.016429
5, 69,5,578.629700, 586.313049, 470.781586, 192.350891,107.426628, 670.538757, 0.986896
5, 69,6,554.272034, 542.927307, 470.781586, 192.350891,107.426628, 670.538757, 1.020895
5, 69,7,670.538757, 698.848389, 470.781586, 192.350891,107.426628, 670.538757, 0.959491
5, 70,0,699.690613, 661.282288, 500.219696, 306.031555,55.172165, 875.319397, 1.058082
5, 70,1,635.606689, 608.483459, 500.219696, 306.031555,55.172165, 875.319397, 1.044575
5, 70,2,55.172165, 45.356361, 500.219696, 306.031555,55.172165, 875.319397, 1.216415
5, 70,3,184.936279, 169.230530, 500.219696, 306.031555,55.172165, 875.319397, 1.092807
5, 70,4,875.319397, 831.137878, 500.219696, 306.031555,55.172165, 875.319397, 1.053158
5, 70,5,201.981247, 197.950790, 500.219696, 306.031555,55.172165, 875.319397, 1.020361
5, 70,6,743.760254, 722.058960, 500.219696, 306.031555,55.172165, 875.319397, 1.030055
5, 70,7,605.290955, 576.499573, 500.219696, 306.031555,55.172165, 875.319397, 1.049942
5, 71,0,440.045227, 465.003662, 459.532654, 153.345352,173.817657, 680.846863, 0.946326
5, 71,1,572.509338, 600.434998, 459.532654, 153.345352,173.817657, 680.846863, 0.953491
5, 71,2,680.846863, 692.928345, 459.532654, 153.345352,173.817657, 680.846863, 0.982565
5, 71,3,513.235291, 525.231323, 459.532654, 153.345352,173.817657, 680.846863, 0.977160
5, 71,4,352.628754, 364.251038, 459.532654, 153.345352,173.817657, 680.846863, 0.968093
5, 71,5,173.817657, 175.234238, 459.532654, 153.345352,173.817657, 680.846863, 0.991916
5, 71,6,527.463623, 560.631531, 459.532654, 153.345352,173.817657, 680.846863, 0.940838
5, 71,7,415.714600, 428.284912, 459.532654, 153.345352,173.817657, 680.846863, 0.970650
5, 72,0,651.681702, 677.743042, 466.940582, 211.056503,55.352978, 683.685974, 0.961547
5, 72,1,683.685974, 682.406982, 466.940582, 211.056503,55.352978, 683.685974, 1.001874
5, 72,2,335.445709, 329.837677, 466.940582, 211.056503,55.352978, 683.685974, 1.017002
5, 72,3,55.352978, 48.593128, 466.940582, 211.056503,55.352978, 683.685974, 1.139111
5, 72,4,603.415649, 614.422607, 466.940582, 211.056503,55.352978, 683.685974, 0.982086
5, 72,5,579.780273, 588.035583, 466.940582, 211.056503,55.352978, 683.685974, 0.985961
5, 72,6,354.553650, 370.321594, 466.940582, 211.056503,55.352978, 683.685974, 0.957421
5, 72,7,471.608582, 500.639069, 466.940582, 211.056503,55.352978, 683.685974, 0.942013
5, 73,0,62.244038, 112.360802, 488.687927, 445.429871,58.138329, 1121.813599, 0.553966
5, 73,1,839.161255, 850.015076, 488.687927, 445.429871,58.138329, 1121.813599, 0.987231
5, 73,2,931.278809, 882.500366, 488.687927, 445.429871,58.138329, 1121.813599, 1.055273
5, 73,3,1121.813599, 1082.279419, 488.687927, 445.429871,58.138329, 1121.813599, 1.036529
5, 73,4,134.861649, 126.584908, 488.687927, 445.429871,58.138329, 1121.813599, 1.065385
5, 73,5,658.199219, 601.866516, 488.687927, 445.429871,58.138329, 1121.813599, 1.093597
5, 73,6,58.138329, 43.504017, 488.687927, 445.429871,58.138329, 1121.813599, 1.336390
5, 73,7,103.806679, 112.889023, 488.687927, 445.429871,58.138329, 1121.813599, 0.919546
5, 74,0,620.190613, 638.147339, 466.284790, 208.484131,85.136284, 620.601624, 0.971861
5, 74,1,554.106567, 562.317932, 466.284790, 208.484131,85.136284, 620.601624, 0.985397
5, 74,2,610.819031, 628.142639, 466.284790, 208.484131,85.136284, 620.601624, 0.972421
5, 74,3,406.876160, 422.145203, 466.284790, 208.484131,85.136284, 620.601624, 0.963830
5, 74,4,85.136284, 84.197731, 466.284790, 208.484131,85.136284, 620.601624, 1.011147
5, 74,5,223.465607, 226.775040, 466.284790, 208.484131,85.136284, 620.601624, 0.985407
5, 74,6,609.082642, 615.282593, 466.284790, 208.484131,85.136284, 620.601624, 0.989923
5, 74,7,620.601624, 634.991333, 466.284790, 208.484131,85.136284, 620.601624, 0.977339
5, 75,0,471.849487, 467.785919, 477.710144, 111.993340,228.570099, 602.780029, 1.008687
5, 75,1,497.691254, 496.208710, 477.710144, 111.993340,228.570099, 602.780029, 1.002988
5, 75,2,470.414093, 474.441986, 477.710144, 111.993340,228.570099, 602.780029, 0.991510
5, 75,3,602.780029, 597.013916, 477.710144, 111.993340,228.570099, 602.780029, 1.009658
5, 75,4,228.570099, 225.608612, 477.710144, 111.993340,228.570099, 602.780029, 1.013127
5, 75,5,542.080811, 542.504517, 477.710144, 111.993340,228.570099, 602.780029, 0.999219
5, 75,6,459.114197, 459.961792, 477.710144, 111.993340,228.570099, 602.780029, 0.998157
5, 75,7,549.181152, 548.474609, 477.710144, 111.993340,228.570099, 602.780029, 1.001288
5, 76,0,565.093262, 537.813293, 488.469635, 237.301712,138.179810, 788.687012, 1.050724
5, 76,1,788.687012, 753.554932, 488.469635, 237.301712,138.179810, 788.687012, 1.046622
5, 76,2,138.179810, 149.175613, 488.469635, 237.301712,138.179810, 788.687012, 0.926290
5, 76,3,248.831863, 248.457794, 488.469635, 237.301712,138.179810, 788.687012, 1.001506
5, 76,4,660.695557, 653.760376, 488.469635, 237.301712,138.179810, 788.687012, 1.010608
5, 76,5,674.385986, 649.539246, 488.469635, 237.301712,138.179810, 788.687012, 1.038253
5, 76,6,268.791168, 256.021667, 488.469635, 237.301712,138.179810, 788.687012, 1.049877
5, 76,7,563.092224, 563.676880, 488.469635, 237.301712,138.179810, 788.687012, 0.998963
5, 77,0,169.214874, 175.159958, 488.876373, 279.263855,161.440369, 905.141235, 0.966059
5, 77,1,374.606049, 366.665192, 488.876373, 279.263855,161.440369, 905.141235, 1.021657
5, 77,2,161.440369, 153.644608, 488.876373, 279.263855,161.440369, 905.141235, 1.050739
5, 77,3,905.141235, 865.877319, 488.876373, 279.263855,161.440369, 905.141235, 1.045346
5, 77,4,732.592041, 689.018799, 488.876373, 279.263855,161.440369, 905.141235, 1.063240
5, 77,5,634.771667, 620.552368, 488.876373, 279.263855,161.440369, 905.141235, 1.022914
5, 77,6,651.707397, 655.303040, 488.876373, 279.263855,161.440369, 905.141235, 0.994513
5, 77,7,281.537415, 285.778870, 488.876373, 279.263855,161.440369, 905.141235, 0.985158
5, 78,0,691.334412, 710.372559, 457.875488, 145.869476,261.447784, 691.334412, 0.973200
5, 78,1,431.887909, 471.450439, 457.875488, 145.869476,261.447784, 691.334412, 0.916083
5, 78,2,564.317993, 585.342896, 457.875488, 145.869476,261.447784, 691.334412, 0.964081
5, 78,3,261.447784, 271.556610, 457.875488, 145.869476,261.447784, 691.334412, 0.962775
5, 78,4,547.196106, 572.693481, 457.875488, 145.869476,261.447784, 691.334412, 0.955478
5, 78,5,490.476654, 506.494263, 457.875488, 145.869476,261.447784, 691.334412, 0.968376
5, 78,6,282.700897, 263.851746, 457.875488, 145.869476,261.447784, 691.334412, 1.071438
5, 78,7,393.642365, 430.237946, 457.875488, 145.869476,261.447784, 691.334412, 0.914941
5, 79,0,950.370728, 914.148621, 491.501434, 340.926758,101.500824, 980.935791, 1.039624
5, 79,1,101.500824, 91.657745, 491.501434, 340.926758,101.500824, 980.935791, 1.107389
5, 79,2,660.556519, 625.107300, 491.501434, 340.926758,101.500824, 980.935791, 1.056709
5, 79,3,980.935791, 933.056458, 491.501434, 340.926758,101.500824, 980.935791, 1.051314
5, 79,4,403.563232, 411.471344, 491.501434, 340.926758,101.500824, 980.935791, 0.980781
5, 79,5,298.721191, 284.314301, 491.501434, 340.926758,101.500824, 980.935791, 1.050672
5, 79,6,406.364899, 408.608826, 491.501434, 340.926758,101.500824, 980.935791, 0.994508
5, 79,7,129.998260, 143.635468, 491.501434, 340.926758,101.500824, 980.935791, 0.905057
5, 80,0,736.124573, 728.664673, 494.033600, 394.973663,39.658798, 1013.516418, 1.010238
5, 80,1,943.343201, 879.236816, 494.033600, 394.973663,39.658798, 1013.516418, 1.072911
5, 80,2,676.789856, 647.830811, 494.033600, 394.973663,39.658798, 1013.516418, 1.044702
5, 80,3,39.658798, 30.917852, 494.033600, 394.973663,39.658798, 1013.516418, 1.282715
5, 80,4,64.213593, 17.312155, 494.033600, 394.973663,39.658798, 1013.516418, 3.709162
5, 80,5,1013.516418, 991.756714, 494.033600, 394.973663,39.658798, 1013.516418, 1.021941
5, 80,6,299.773895, 305.032684, 494.033600, 394.973663,39.658798, 1013.516418, 0.982760
5, 80,7,178.848663, 211.247940, 494.033600, 394.973663,39.658798, 1013.516418, 0.846629
5, 81,0,656.993591, 690.269775, 453.341888, 212.553833,151.445068, 761.981262, 0.951792
5, 81,1,621.014465, 654.868774, 453.341888, 212.553833,151.445068, 761.981262, 0.948304
5, 81,2,151.445068, 146.898560, 453.341888, 212.553833,151.445068, 761.981262, 1.030950
5, 81,3,761.981262, 796.328125, 453.341888, 212.553833,151.445068, 761.981262, 0.956868
5, 81,4,490.609039, 528.925903, 453.341888, 212.553833,151.445068, 761.981262, 0.927557
5, 81,5,289.032959, 302.064728, 453.341888, 212.553833,151.445068, 761.981262, 0.956858
5, 81,6,314.177368, 331.987946, 453.341888, 212.553833,151.445068, 761.981262, 0.946352
5, 81,7,341.481110, 360.656250, 453.341888, 212.553833,151.445068, 761.981262, 0.946833
5, 82,0,353.966400, 347.587830, 480.207764, 176.473434,305.344482, 757.935181, 1.018351
5, 82,1,757.935181, 755.966064, 480.207764, 176.473434,305.344482, 757.935181, 1.002605
5, 82,2,305.344482, 303.769531, 480.207764, 176.473434,305.344482, 757.935181, 1.005185
5, 82,3,503.621704, 500.228668, 480.207764, 176.473434,305.344482, 757.935181, 1.006783
5, 82,4,411.656281, 408.915405, 480.207764, 176.473434,305.344482, 757.935181, 1.006703
5, 82,5,734.677368, 729.265198, 480.207764, 176.473434,305.344482, 757.935181, 1.007421
5, 82,6,446.650757, 438.418915, 480.207764, 176.473434,305.344482, 757.935181, 1.018776
5, 82,7,327.809662, 327.848511, 480.207764, 176.473434,305.344482, 757.935181, 0.999882
5, 83,0,111.247276, 53.204445, 500.359589, 355.210114,111.247276, 1042.101929, 2.090940
5, 83,1,392.274384, 367.156769, 500.359589, 355.210114,111.247276, 1042.101929, 1.068411
5, 83,2,569.586060, 553.281494, 500.359589, 355.210114,111.247276, 1042.101929, 1.029469
5, 83,3,955.236206, 920.173706, 500.359589, 355.210114,111.247276, 1042.101929, 1.038104
5, 83,4,161.763199, 161.734009, 500.359589, 355.210114,111.247276, 1042.101929, 1.000180
5, 83,5,577.466064, 550.228394, 500.359589, 355.210114,111.247276, 1042.101929, 1.049502
5, 83,6,1042.101929, 1018.218811, 500.359589, 355.210114,111.247276, 1042.101929, 1.023456
5, 83,7,193.201370, 188.002319, 500.359589, 355.210114,111.247276, 1042.101929, 1.027654
5, 84,0,385.197449, 385.573914, 479.659973, 214.264679,146.404739, 819.030823, 0.999024
5, 84,1,146.404739, 149.095825, 479.659973, 214.264679,146.404739, 819.030823, 0.981951
5, 84,2,752.343079, 736.840149, 479.659973, 214.264679,146.404739, 819.030823, 1.021040
5, 84,3,448.841736, 447.234131, 479.659973, 214.264679,146.404739, 819.030823, 1.003595
5, 84,4,404.605591, 404.003723, 479.659973, 214.264679,146.404739, 819.030823, 1.001490
5, 84,5,819.030823, 820.343140, 479.659973, 214.264679,146.404739, 819.030823, 0.998400
5, 84,6,473.544647, 467.711731, 479.659973, 214.264679,146.404739, 819.030823, 1.012471
5, 84,7,407.311646, 401.197510, 479.659973, 214.264679,146.404739, 819.030823, 1.015240
5, 85,0,889.179932, 879.832031, 482.527618, 270.112335,155.464310, 889.179932, 1.010625
5, 85,1,155.464310, 146.083099, 482.527618, 270.112335,155.464310, 889.179932, 1.064218
5, 85,2,859.047974, 851.143188, 482.527618, 270.112335,155.464310, 889.179932, 1.009287
5, 85,3,373.983246, 365.585144, 482.527618, 270.112335,155.464310, 889.179932, 1.022972
5, 85,4,272.423645, 266.134186, 482.527618, 270.112335,155.464310, 889.179932, 1.023633
5, 85,5,478.747742, 478.420349, 482.527618, 270.112335,155.464310, 889.179932, 1.000684
5, 85,6,541.674194, 538.795044, 482.527618, 270.112335,155.464310, 889.179932, 1.005344
5, 85,7,289.700012, 286.006897, 482.527618, 270.112335,155.464310, 889.179932, 1.012913
5, 86,0,312.446045, 319.625580, 474.118134, 185.435287,167.829819, 660.795715, 0.977538
5, 86,1,644.354004, 636.572205, 474.118134, 185.435287,167.829819, 660.795715, 1.012225
5, 86,2,651.186646, 652.066956, 474.118134, 185.435287,167.829819, 660.795715, 0.998650
5, 86,3,167.829819, 167.443802, 474.118134, 185.435287,167.829819, 660.795715, 1.002305
5, 86,4,660.795715, 664.525269, 474.118134, 185.435287,167.829819, 660.795715, 0.994388
5, 86,5,334.456696, 338.177734, 474.118134, 185.435287,167.829819, 660.795715, 0.988997
5, 86,6,551.892822, 553.461853, 474.118134, 185.435287,167.829819, 660.795715, 0.997165
5, 86,7,469.983215, 480.126740, 474.118134, 185.435287,167.829819, 660.795715, 0.978873
5, 87,0,633.402466, 603.925720, 472.733521, 237.638214,76.446114, 748.342102, 1.048809
5, 87,1,646.378662, 667.226746, 472.733521, 237.638214,76.446114, 748.342102, 0.968754
5, 87,2,76.446114, 49.636169, 472.733521, 237.638214,76.446114, 748.342102, 1.540129
5, 87,3,748.342102, 760.425293, 472.733521, 237.638214,76.446114, 748.342102, 0.984110
5, 87,4,267.145325, 287.712860, 472.733521, 237.638214,76.446114, 748.342102, 0.928514
5, 87,5,425.393555, 430.870544, 472.733521, 237.638214,76.446114, 748.342102, 0.987289
5, 87,6,667.098267, 692.741943, 472.733521, 237.638214,76.446114, 748.342102, 0.962982
5, 87,7,317.661621, 319.460754, 472.733521, 237.638214,76.446114, 748.342102, 0.994368
5, 88,0,592.661438, 600.082397, 470.828491, 240.869278,19.090342, 750.384460, 0.987633
5, 88,1,527.332275, 536.848694, 470.828491, 240.869278,19.090342, 750.384460, 0.982274
5, 88,2,19.090342, 25.215944, 470.828491, 240.869278,19.090342, 750.384460, 0.757074
5, 88,3,423.028748, 425.139435, 470.828491, 240.869278,19.090342, 750.384460, 0.995035
5, 88,4,437.230743, 433.945831, 470.828491, 240.869278,19.090342, 750.384460, 1.007570
5, 88,5,285.260834, 282.055695, 470.828491, 240.869278,19.090342, 750.384460, 1.011364
5, 88,6,750.384460, 762.044678, 470.828491, 240.869278,19.090342, 750.384460, 0.984699
5, 88,7,731.639221, 746.667114, 470.828491, 240.869278,19.090342, 750.384460, 0.979873
5, 89,0,477.970306, 480.862457, 490.846710, 399.100830,19.198135, 1080.678711, 0.993985
5, 89,1,191.874481, 184.119064, 490.846710, 399.100830,19.198135, 1080.678711, 1.042122
5, 89,2,1080.678711, 1047.493652, 490.846710, 399.100830,19.198135, 1080.678711, 1.031680
5, 89,3,19.198135, 31.155241, 490.846710, 399.100830,19.198135, 1080.678711, 0.616209
5, 89,4,625.897278, 624.230408, 490.846710, 399.100830,19.198135, 1080.678711, 1.002670
5, 89,5,1000.785461, 972.943604, 490.846710, 399.100830,19.198135, 1080.678711, 1.028616
5, 89,6,458.760376, 441.877289, 490.846710, 399.100830,19.198135, 1080.678711, 1.038208
5, 89,7,71.609100, 29.318409, 490.846710, 399.100830,19.198135, 1080.678711, 2.442462
5, 90,0,894.727661, 869.396484, 485.087891, 334.122040,52.881435, 894.727661, 1.029137
5, 90,1,529.312317, 508.493591, 485.087891, 334.122040,52.881435, 894.727661, 1.040942
5, 90,2,719.055603, 711.824890, 485.087891, 334.122040,52.881435, 894.727661, 1.010158
5, 90,3,765.773682, 746.581055, 485.087891, 334.122040,52.881435, 894.727661, 1.025707
5, 90,4,52.881435, 92.012047, 485.087891, 334.122040,52.881435, 894.727661, 0.574723
5, 90,5,58.512779, 65.266953, 485.087891, 334.122040,52.881435, 894.727661, 0.896515
5, 90,6,202.857544, 187.240768, 485.087891, 334.122040,52.881435, 894.727661, 1.083405
5, 90,7,657.581909, 631.184387, 485.087891, 334.122040,52.881435, 894.727661, 1.041822
5, 91,0,665.996704, 664.193665, 467.370300, 291.350922,74.171089, 934.487671, 1.002715
5, 91,1,572.543579, 570.611450, 467.370300, 291.350922,74.171089, 934.487671, 1.003386
5, 91,2,303.434753, 306.329071, 467.370300, 291.350922,74.171089, 934.487671, 0.990552
5, 91,3,934.487671, 959.317444, 467.370300, 291.350922,74.171089, 934.487671, 0.974117
5, 91,4,384.733215, 409.290100, 467.370300, 291.350922,74.171089, 934.487671, 0.940001
5, 91,5,148.246735, 163.471359, 467.370300, 291.350922,74.171089, 934.487671, 0.906867
5, 91,6,74.171089, 77.650879, 467.370300, 291.350922,74.171089, 934.487671, 0.955187
5, 91,7,655.348267, 661.136047, 467.370300, 291.350922,74.171089, 934.487671, 0.991246
5, 92,0,39.068813, 38.096786, 497.767090, 523.820435,39.068813, 1505.269775, 1.025515
5, 92,1,773.776794, 732.866089, 497.767090, 523.820435,39.068813, 1505.269775, 1.055823
5, 92,2,258.153748, 281.450470, 497.767090, 523.820435,39.068813, 1505.269775, 0.917226
5, 92,3,939.869385, 865.972961, 497.767090, 523.820435,39.068813, 1505.269775, 1.085333
5, 92,4,244.801437, 226.122131, 497.767090, 523.820435,39.068813, 1505.269775, 1.082607
5, 92,5,145.296341, 153.170654, 497.767090, 523.820435,39.068813, 1505.269775, 0.948591
5, 92,6,75.900291, 65.419434, 497.767090, 523.820435,39.068813, 1505.269775, 1.160210
5, 92,7,1505.269775, 1448.901611, 497.767090, 523.820435,39.068813, 1505.269775, 1.038904
5, 93,0,48.545933, 36.570290, 495.115479, 322.823212,48.545933, 911.800171, 1.327469
5, 93,1,527.620972, 499.489594, 495.115479, 322.823212,48.545933, 911.800171, 1.056320
5, 93,2,897.225342, 886.030212, 495.115479, 322.823212,48.545933, 911.800171, 1.012635
5, 93,3,88.445816, 29.145807, 495.115479, 322.823212,48.545933, 911.800171, 3.034598
5, 93,4,613.643188, 609.833740, 495.115479, 322.823212,48.545933, 911.800171, 1.006247
5, 93,5,911.800171, 899.359192, 495.115479, 322.823212,48.545933, 911.800171, 1.013833
5, 93,6,497.971436, 483.149872, 495.115479, 322.823212,48.545933, 911.800171, 1.030677
5, 93,7,375.670654, 368.421173, 495.115479, 322.823212,48.545933, 911.800171, 1.019677
5, 94,0,516.154480, 512.776855, 480.803558, 223.458725,191.642944, 869.606995, 1.006587
5, 94,1,639.709290, 637.062439, 480.803558, 223.458725,191.642944, 869.606995, 1.004155
5, 94,2,222.503357, 212.378540, 480.803558, 223.458725,191.642944, 869.606995, 1.047673
5, 94,3,191.642944, 185.848648, 480.803558, 223.458725,191.642944, 869.606995, 1.031178
5, 94,4,365.014221, 361.433136, 480.803558, 223.458725,191.642944, 869.606995, 1.009908
5, 94,5,869.606995, 866.528381, 480.803558, 223.458725,191.642944, 869.606995, 1.003553
5, 94,6,471.337799, 470.047272, 480.803558, 223.458725,191.642944, 869.606995, 1.002746
5, 94,7,570.459290, 565.924683, 480.803558, 223.458725,191.642944, 869.606995, 1.008013
5, 95,0,152.199860, 130.091675, 498.965393, 322.949188,94.949142, 957.945801, 1.169943
5, 95,1,94.949142, 94.463448, 498.965393, 322.949188,94.949142, 957.945801, 1.005142
5, 95,2,318.547607, 298.906860, 498.965393, 322.949188,94.949142, 957.945801, 1.065709
5, 95,3,879.309387, 852.484497, 498.965393, 322.949188,94.949142, 957.945801, 1.031467
5, 95,4,957.945801, 919.357178, 498.965393, 322.949188,94.949142, 957.945801, 1.041973
5, 95,5,460.757324, 437.287323, 498.965393, 322.949188,94.949142, 957.945801, 1.053672
5, 95,6,407.798981, 375.635986, 498.965393, 322.949188,94.949142, 957.945801, 1.085623
5, 95,7,720.214966, 703.772949, 498.965393, 322.949188,94.949142, 957.945801, 1.023363
5, 96,0,57.974819, 76.179588, 467.369781, 280.174957,57.974819, 765.619263, 0.761028
5, 96,1,732.501831, 759.028992, 467.369781, 280.174957,57.974819, 765.619263, 0.965051
5, 96,2,113.753487, 84.408623, 467.369781, 280.174957,57.974819, 765.619263, 1.347652
5, 96,3,765.619263, 791.998535, 467.369781, 280.174957,57.974819, 765.619263, 0.966693
5, 96,4,748.724976, 767.525208, 467.369781, 280.174957,57.974819, 765.619263, 0.975505
5, 96,5,543.364746, 535.589417, 467.369781, 280.174957,57.974819, 765.619263, 1.014517
5, 96,6,378.121765, 375.577484, 467.369781, 280.174957,57.974819, 765.619263, 1.006774
5, 96,7,398.897430, 421.692108, 467.369781, 280.174957,57.974819, 765.619263, 0.945945
5, 97,0,573.552673, 599.594055, 466.142578, 206.148834,53.872551, 673.785828, 0.956568
5, 97,1,574.694824, 589.793701, 466.142578, 206.148834,53.872551, 673.785828, 0.974400
5, 97,2,673.785828, 688.598694, 466.142578, 206.148834,53.872551, 673.785828, 0.978488
5, 97,3,497.803070, 501.066437, 466.142578, 206.148834,53.872551, 673.785828, 0.993487
5, 97,4,279.110474, 290.913177, 466.142578, 206.148834,53.872551, 673.785828, 0.959429
5, 97,5,53.872551, 33.853737, 466.142578, 206.148834,53.872551, 673.785828, 1.591332
5, 97,6,452.364197, 461.002014, 466.142578, 206.148834,53.872551, 673.785828, 0.981263
5, 97,7,623.956909, 647.178223, 466.142578, 206.148834,53.872551, 673.785828, 0.964119
5, 98,0,619.792786, 640.240234, 465.273102, 148.766754,222.433990, 619.792786, 0.968063
5, 98,1,262.411926, 271.310547, 465.273102, 148.766754,222.433990, 619.792786, 0.967201
5, 98,2,560.312134, 586.846680, 465.273102, 148.766754,222.433990, 619.792786, 0.954785
5, 98,3,591.071289, 598.557068, 465.273102, 148.766754,222.433990, 619.792786, 0.987494
5, 98,4,222.433990, 230.792099, 465.273102, 148.766754,222.433990, 619.792786, 0.963785
5, 98,5,488.420837, 498.717041, 465.273102, 148.766754,222.433990, 619.792786, 0.979355
5, 98,6,535.848755, 544.726685, 465.273102, 148.766754,222.433990, 619.792786, 0.983702
5, 98,7,441.892853, 440.809814, 465.273102, 148.766754,222.433990, 619.792786, 1.002457
5, 99,0,74.552490, 75.050865, 497.417542, 325.121582,74.552490, 956.627808, 0.993360
5, 99,1,956.627808, 915.457581, 497.417542, 325.121582,74.552490, 956.627808, 1.044972
5, 99,2,940.306335, 909.498535, 497.417542, 325.121582,74.552490, 956.627808, 1.033873
5, 99,3,158.250626, 146.442444, 497.417542, 325.121582,74.552490, 956.627808, 1.080634
5, 99,4,368.797363, 355.333221, 497.417542, 325.121582,74.552490, 956.627808, 1.037892
5, 99,5,514.967590, 481.266541, 497.417542, 325.121582,74.552490, 956.627808, 1.070026
5, 99,6,378.556488, 362.642639, 497.417542, 325.121582,74.552490, 956.627808, 1.043883
5, 99,7,587.281860, 566.308228, 497.417542, 325.121582,74.552490, 956.627808, 1.037036
5, 100,0,744.666016, 777.486938, 460.334076, 191.180710,91.886826, 744.666016, 0.957786
5, 100,1,450.375153, 464.182495, 460.334076, 191.180710,91.886826, 744.666016, 0.970254
5, 100,2,309.197662, 318.272186, 460.334076, 191.180710,91.886826, 744.666016, 0.971488
5, 100,3,536.442017, 558.657654, 460.334076, 191.180710,91.886826, 744.666016, 0.960234
5, 100,4,91.886826, 91.555916, 460.334076, 191.180710,91.886826, 744.666016, 1.003614
5, 100,5,542.284058, 555.367371, 460.334076, 191.180710,91.886826, 744.666016, 0.976442
5, 100,6,505.488129, 520.625732, 460.334076, 191.180710,91.886826, 744.666016, 0.970924
5, 100,7,502.333008, 525.851440, 460.334076, 191.180710,91.886826, 744.666016, 0.955276
5, 101,0,508.455780, 501.853943, 492.928986, 310.072784,63.390919, 1034.076050, 1.013155
5, 101,1,572.135803, 565.924011, 492.928986, 310.072784,63.390919, 1034.076050, 1.010976
5, 101,2,1034.076050, 1012.058472, 492.928986, 310.072784,63.390919, 1034.076050, 1.021755
5, 101,3,609.324524, 591.690430, 492.928986, 310.072784,63.390919, 1034.076050, 1.029803
5, 101,4,396.917572, 381.160706, 492.928986, 310.072784,63.390919, 1034.076050, 1.041339
5, 101,5,63.390919, 35.703476, 492.928986, 310.072784,63.390919, 1034.076050, 1.775483
5, 101,6,114.339989, 101.250481, 492.928986, 310.072784,63.390919, 1034.076050, 1.129278
5, 101,7,644.791565, 622.358643, 492.928986, 310.072784,63.390919, 1034.076050, 1.036045
5, 102,0,923.964966, 945.825806, 475.072601, 259.753906,41.434238, 923.964966, 0.976887
5, 102,1,473.381287, 473.219360, 475.072601, 259.753906,41.434238, 923.964966, 1.000342
5, 102,2,619.188721, 632.996155, 475.072601, 259.753906,41.434238, 923.964966, 0.978187
5, 102,3,41.434238, 54.337311, 475.072601, 259.753906,41.434238, 923.964966, 0.762538
5, 102,4,382.781036, 403.838776, 475.072601, 259.753906,41.434238, 923.964966, 0.947856
5, 102,5,639.154785, 585.053406, 475.072601, 259.753906,41.434238, 923.964966, 1.092473
5, 102,6,349.922760, 351.381073, 475.072601, 259.753906,41.434238, 923.964966, 0.995850
5, 102,7,370.752930, 365.348145, 475.072601, 259.753906,41.434238, 923.964966, 1.014794
5, 103,0,34.139523, 46.652447, 466.437378, 212.641541,34.139523, 671.193604, 0.731784
5, 103,1,547.740723, 558.143372, 466.437378, 212.641541,34.139523, 671.193604, 0.981362
5, 103,2,546.132080, 552.522888, 466.437378, 212.641541,34.139523, 671.193604, 0.988433
5, 103,3,251.666931, 251.848984, 466.437378, 212.641541,34.139523, 671.193604, 0.999277
5, 103,4,597.464478, 615.348816, 466.437378, 212.641541,34.139523, 671.193604, 0.970936
5, 103,5,532.654358, 541.019836, 466.437378, 212.641541,34.139523, 671.193604, 0.984538
5, 103,6,671.193604, 684.223999, 466.437378, 212.641541,34.139523, 671.193604, 0.980956
5, 103,7,550.507446, 562.239685, 466.437378, 212.641541,34.139523, 671.193604, 0.979133
5, 104,0,322.303772, 321.324463, 473.604919, 154.792542,311.321625, 702.010681, 1.003048
5, 104,1,386.419983, 386.409119, 473.604919, 154.792542,311.321625, 702.010681, 1.000028
5, 104,2,560.516235, 563.465698, 473.604919, 154.792542,311.321625, 702.010681, 0.994766
5, 104,3,375.190216, 365.137756, 473.604919, 154.792542,311.321625, 702.010681, 1.027531
5, 104,4,311.321625, 312.307678, 473.604919, 154.792542,311.321625, 702.010681, 0.996843
5, 104,5,676.408264, 690.110291, 473.604919, 154.792542,311.321625, 702.010681, 0.980145
5, 104,6,702.010681, 713.307983, 473.604919, 154.792542,311.321625, 702.010681, 0.984162
5, 104,7,454.668518, 459.936798, 473.604919, 154.792542,311.321625, 702.010681, 0.988546
5, 105,0,599.194519, 584.010925, 484.279053, 234.429489,68.567177, 740.766602, 1.025999
5, 105,1,452.433777, 463.626190, 484.279053, 234.429489,68.567177, 740.766602, 0.975859
5, 105,2,232.575928, 224.417831, 484.279053, 234.429489,68.567177, 740.766602, 1.036352
5, 105,3,552.481934, 537.403137, 484.279053, 234.429489,68.567177, 740.766602, 1.028059
5, 105,4,740.766602, 731.081665, 484.279053, 234.429489,68.567177, 740.766602, 1.013247
5, 105,5,68.567177, 41.146149, 484.279053, 234.429489,68.567177, 740.766602, 1.666430
5, 105,6,491.301422, 486.261047, 484.279053, 234.429489,68.567177, 740.766602, 1.010366
5, 105,7,736.911133, 744.053040, 484.279053, 234.429489,68.567177, 740.766602, 0.990401
5, 106,0,629.763367, 625.176086, 480.152527, 289.959229,38.719044, 807.727966, 1.007338
5, 106,1,342.428497, 346.530975, 480.152527, 289.959229,38.719044, 807.727966, 0.988161
5, 106,2,122.609589, 82.905525, 480.152527, 289.959229,38.719044, 807.727966, 1.478907
5, 106,3,38.719044, 36.674950, 480.152527, 289.959229,38.719044, 807.727966, 1.055735
5, 106,4,807.727966, 821.393188, 480.152527, 289.959229,38.719044, 807.727966, 0.983363
5, 106,5,655.812988, 648.576721, 480.152527, 289.959229,38.719044, 807.727966, 1.011157
5, 106,6,470.365662, 474.558685, 480.152527, 289.959229,38.719044, 807.727966, 0.991164
5, 106,7,773.792847, 776.183960, 480.152527, 289.959229,38.719044, 807.727966, 0.996919
5, 107,0,100.800102, 41.755585, 487.427673, 308.090057,100.800102, 892.266479, 2.414051
5, 107,1,685.475769, 684.277893, 487.427673, 308.090057,100.800102, 892.266479, 1.001751
5, 107,2,732.832703, 731.812622, 487.427673, 308.090057,100.800102, 892.266479, 1.001394
5, 107,3,126.832268, 118.566345, 487.427673, 308.090057,100.800102, 892.266479, 1.069716
5, 107,4,389.440613, 394.138336, 487.427673, 308.090057,100.800102, 892.266479, 0.988081
5, 107,5,722.507874, 722.993164, 487.427673, 308.090057,100.800102, 892.266479, 0.999329
5, 107,6,892.266479, 878.615295, 487.427673, 308.090057,100.800102, 892.266479, 1.015537
5, 107,7,249.265610, 239.840561, 487.427673, 308.090057,100.800102, 892.266479, 1.039297
5, 108,0,749.507446, 733.397461, 485.827271, 303.667389,55.660526, 860.015747, 1.021966
5, 108,1,369.003998, 370.415039, 485.827271, 303.667389,55.660526, 860.015747, 0.996191
5, 108,2,125.611008, 125.995956, 485.827271, 303.667389,55.660526, 860.015747, 0.996945
5, 108,3,860.015747, 847.454224, 485.827271, 303.667389,55.660526, 860.015747, 1.014823
5, 108,4,465.573883, 462.539948, 485.827271, 303.667389,55.660526, 860.015747, 1.006559
5, 108,5,450.117004, 443.858185, 485.827271, 303.667389,55.660526, 860.015747, 1.014101
5, 108,6,55.660526, 27.343405, 485.827271, 303.667389,55.660526, 860.015747, 2.035611
5, 108,7,811.128296, 800.995789, 485.827271, 303.667389,55.660526, 860.015747, 1.012650
5, 109,0,639.692017, 669.724304, 454.498932, 158.711899,269.309326, 701.774536, 0.955157
5, 109,1,701.774536, 745.658264, 454.498932, 158.711899,269.309326, 701.774536, 0.941148
5, 109,2,272.553375, 274.999634, 454.498932, 158.711899,269.309326, 701.774536, 0.991104
5, 109,3,269.309326, 278.983124, 454.498932, 158.711899,269.309326, 701.774536, 0.965325
5, 109,4,515.945923, 548.570618, 454.498932, 158.711899,269.309326, 701.774536, 0.940528
5, 109,5,372.574310, 369.862122, 454.498932, 158.711899,269.309326, 701.774536, 1.007333
5, 109,6,400.513275, 443.076324, 454.498932, 158.711899,269.309326, 701.774536, 0.903937
5, 109,7,463.628967, 481.125671, 454.498932, 158.711899,269.309326, 701.774536, 0.963634
5, 110,0,618.402222, 624.495239, 473.837128, 178.847794,131.570358, 692.815002, 0.990243
5, 110,1,330.316223, 329.289276, 473.837128, 178.847794,131.570358, 692.815002, 1.003119
5, 110,2,480.738464, 478.903076, 473.837128, 178.847794,131.570358, 692.815002, 1.003832
5, 110,3,131.570358, 132.555008, 473.837128, 178.847794,131.570358, 692.815002, 0.992572
5, 110,4,692.815002, 705.927429, 473.837128, 178.847794,131.570358, 692.815002, 0.981425
5, 110,5,482.778473, 476.206482, 473.837128, 178.847794,131.570358, 692.815002, 1.013801
5, 110,6,602.940247, 603.759460, 473.837128, 178.847794,131.570358, 692.815002, 0.998643
5, 110,7,451.135925, 460.863861, 473.837128, 178.847794,131.570358, 692.815002, 0.978892
5, 111,0,414.489136, 418.541473, 476.315216, 304.737610,80.411530, 850.683777, 0.990318
5, 111,1,179.364380, 173.919998, 476.315216, 304.737610,80.411530, 850.683777, 1.031304
5, 111,2,80.411530, 47.538456, 476.315216, 304.737610,80.411530, 850.683777, 1.691505
5, 111,3,302.289093, 304.061615, 476.315216, 304.737610,80.411530, 850.683777, 0.994171
5, 111,4,368.553162, 375.005554, 476.315216, 304.737610,80.411530, 850.683777, 0.982794
5, 111,5,801.237549, 804.367188, 476.315216, 304.737610,80.411530, 850.683777, 0.996109
5, 111,6,813.493225, 827.020813, 476.315216, 304.737610,80.411530, 850.683777, 0.983643
5, 111,7,850.683777, 861.544983, 476.315216, 304.737610,80.411530, 850.683777, 0.987393
5, 112,0,136.000427, 138.324875, 463.068878, 255.167542,136.000427, 913.862915, 0.983196
5, 112,1,420.379364, 422.927399, 463.068878, 255.167542,136.000427, 913.862915, 0.993975
5, 112,2,484.108612, 495.948700, 463.068878, 255.167542,136.000427, 913.862915, 0.976126
5, 112,3,180.381241, 186.489716, 463.068878, 255.167542,136.000427, 913.862915, 0.967245
5, 112,4,364.681244, 360.657166, 463.068878, 255.167542,136.000427, 913.862915, 1.011158
5, 112,5,913.862915, 948.956177, 463.068878, 255.167542,136.000427, 913.862915, 0.963019
5, 112,6,688.610657, 716.302856, 463.068878, 255.167542,136.000427, 913.862915, 0.961340
5, 112,7,516.526611, 542.393433, 463.068878, 255.167542,136.000427, 913.862915, 0.952310
5, 113,0,550.514404, 553.188965, 470.270599, 142.762909,265.427368, 652.601868, 0.995165
5, 113,1,265.427368, 270.075409, 470.270599, 142.762909,265.427368, 652.601868, 0.982790
5, 113,2,652.601868, 658.039246, 470.270599, 142.762909,265.427368, 652.601868, 0.991737
5, 113,3,268.325836, 270.768738, 470.270599, 142.762909,265.427368, 652.601868, 0.990978
5, 113,4,588.479553, 601.028259, 470.270599, 142.762909,265.427368, 652.601868, 0.979121
5, 113,5,523.615906, 531.200806, 470.270599, 142.762909,265.427368, 652.601868, 0.985721
5, 113,6,417.550537, 426.825897, 470.270599, 142.762909,265.427368, 652.601868, 0.978269
5, 113,7,495.649078, 500.872803, 470.270599, 142.762909,265.427368, 652.601868, 0.989571
5, 114,0,338.973541, 354.662445, 461.870728, 197.910568,158.399048, 659.811401, 0.955764
5, 114,1,549.953125, 563.738525, 461.870728, 197.910568,158.399048, 659.811401, 0.975546
5, 114,2,158.399048, 132.556488, 461.870728, 197.910568,158.399048, 659.811401, 1.194955
5, 114,3,582.837830, 601.058472, 461.870728, 197.910568,158.399048, 659.811401, 0.969686
5, 114,4,532.847473, 568.848755, 461.870728, 197.910568,158.399048, 659.811401, 0.936712
5, 114,5,213.540222, 213.634033, 461.870728, 197.910568,158.399048, 659.811401, 0.999561
5, 114,6,658.602966, 692.002563, 461.870728, 197.910568,158.399048, 659.811401, 0.951735
5, 114,7,659.811401, 685.498596, 461.870728, 197.910568,158.399048, 659.811401, 0.962528
5, 115,0,626.115845, 648.428894, 464.099640, 206.750839,16.671827, 649.355286, 0.965589
5, 115,1,618.507324, 639.245544, 464.099640, 206.750839,16.671827, 649.355286, 0.967558
5, 115,2,649.355286, 671.766235, 464.099640, 206.750839,16.671827, 649.355286, 0.966639
5, 115,3,398.353912, 409.368195, 464.099640, 206.750839,16.671827, 649.355286, 0.973094
5, 115,4,414.242462, 415.497437, 464.099640, 206.750839,16.671827, 649.355286, 0.996980
5, 115,5,16.671827, 10.210627, 464.099640, 206.750839,16.671827, 649.355286, 1.632792
5, 115,6,549.221863, 569.275574, 464.099640, 206.750839,16.671827, 649.355286, 0.964773
5, 115,7,440.328430, 448.207642, 464.099640, 206.750839,16.671827, 649.355286, 0.982421
5, 116,0,785.059692, 767.925232, 481.549530, 336.361694,51.855457, 909.969421, 1.022313
5, 116,1,546.991882, 552.407776, 481.549530, 336.361694,51.855457, 909.969421, 0.990196
5, 116,2,909.969421, 909.536804, 481.549530, 336.361694,51.855457, 909.969421, 1.000476
5, 116,3,51.855457, 45.941685, 481.549530, 336.361694,51.855457, 909.969421, 1.128724
5, 116,4,193.645370, 192.095703, 481.549530, 336.361694,51.855457, 909.969421, 1.008067
5, 116,5,67.388557, 56.817028, 481.549530, 336.361694,51.855457, 909.969421, 1.186063
5, 116,6,556.365295, 545.643799, 481.549530, 336.361694,51.855457, 909.969421, 1.019649
5, 116,7,741.120544, 741.632141, 481.549530, 336.361694,51.855457, 909.969421, 0.999310
5, 117,0,844.091187, 823.056824, 504.198914, 356.374084,47.415276, 1123.841553, 1.025556
5, 117,1,486.479065, 468.497559, 504.198914, 356.374084,47.415276, 1123.841553, 1.038381
5, 117,2,668.605408, 663.901428, 504.198914, 356.374084,47.415276, 1123.841553, 1.007085
5, 117,3,47.415276, 23.382050, 504.198914, 356.374084,47.415276, 1123.841553, 2.027849
5, 117,4,1123.841553, 1038.761230, 504.198914, 356.374084,47.415276, 1123.841553, 1.081906
5, 117,5,213.478943, 193.028732, 504.198914, 356.374084,47.415276, 1123.841553, 1.105944
5, 117,6,373.220490, 344.161469, 504.198914, 356.374084,47.415276, 1123.841553, 1.084434
5, 117,7,276.459106, 257.210632, 504.198914, 356.374084,47.415276, 1123.841553, 1.074835
5, 118,0,101.133842, 101.541939, 480.747650, 256.040710,101.133842, 848.256897, 0.995981
5, 118,1,278.276062, 273.131744, 480.747650, 256.040710,101.133842, 848.256897, 1.018835
5, 118,2,379.841339, 372.189056, 480.747650, 256.040710,101.133842, 848.256897, 1.020560
5, 118,3,421.236084, 417.786377, 480.747650, 256.040710,101.133842, 848.256897, 1.008257
5, 118,4,463.727356, 460.731171, 480.747650, 256.040710,101.133842, 848.256897, 1.006503
5, 118,5,831.484375, 824.877991, 480.747650, 256.040710,101.133842, 848.256897, 1.008009
5, 118,6,848.256897, 847.866150, 480.747650, 256.040710,101.133842, 848.256897, 1.000461
5, 118,7,522.025391, 513.875366, 480.747650, 256.040710,101.133842, 848.256897, 1.015860
5, 119,0,626.529724, 627.233093, 477.239349, 242.842972,14.632671, 789.282837, 0.998879
5, 119,1,550.112183, 542.287537, 477.239349, 242.842972,14.632671, 789.282837, 1.014429
5, 119,2,565.854065, 558.842529, 477.239349, 242.842972,14.632671, 789.282837, 1.012547
5, 119,3,608.488647, 614.614136, 477.239349, 242.842972,14.632671, 789.282837, 0.990034
5, 119,4,789.282837, 787.057739, 477.239349, 242.842972,14.632671, 789.282837, 1.002827
5, 119,5,14.632671, 17.967377, 477.239349, 242.842972,14.632671, 789.282837, 0.814402
5, 119,6,387.544830, 387.114532, 477.239349, 242.842972,14.632671, 789.282837, 1.001112
5, 119,7,275.470306, 276.883240, 477.239349, 242.842972,14.632671, 789.282837, 0.994897
5, 120,0,1050.008911, 1011.835144, 488.735291, 380.983429,72.325882, 1050.008911, 1.037727
5, 120,1,251.689117, 258.764771, 488.735291, 380.983429,72.325882, 1050.008911, 0.972656
5, 120,2,72.325882, 53.069427, 488.735291, 380.983429,72.325882, 1050.008911, 1.362854
5, 120,3,292.385376, 298.396576, 488.735291, 380.983429,72.325882, 1050.008911, 0.979855
5, 120,4,714.151489, 689.822571, 488.735291, 380.983429,72.325882, 1050.008911, 1.035268
5, 120,5,1008.469177, 970.947266, 488.735291, 380.983429,72.325882, 1050.008911, 1.038645
5, 120,6,198.443771, 203.300079, 488.735291, 380.983429,72.325882, 1050.008911, 0.976113
5, 120,7,322.408478, 325.864471, 488.735291, 380.983429,72.325882, 1050.008911, 0.989394
5, 121,0,901.404663, 895.526794, 479.124390, 363.771576,91.441872, 1008.511719, 1.006564
5, 121,1,1008.511719, 989.363586, 479.124390, 363.771576,91.441872, 1008.511719, 1.019354
5, 121,2,135.752029, 133.016479, 479.124390, 363.771576,91.441872, 1008.511719, 1.020566
5, 121,3,444.674316, 435.849396, 479.124390, 363.771576,91.441872, 1008.511719, 1.020248
5, 121,4,111.460617, 118.561607, 479.124390, 363.771576,91.441872, 1008.511719, 0.940107
5, 121,5,722.681458, 722.308044, 479.124390, 363.771576,91.441872, 1008.511719, 1.000517
5, 121,6,91.441872, 100.837875, 479.124390, 363.771576,91.441872, 1008.511719, 0.906821
5, 121,7,417.068237, 416.536224, 479.124390, 363.771576,91.441872, 1008.511719, 1.001277
5, 122,0,470.587280, 474.385193, 469.072388, 137.838486,304.198792, 775.168396, 0.991994
5, 122,1,483.885315, 511.310059, 469.072388, 137.838486,304.198792, 775.168396, 0.946364
5, 122,2,393.708130, 402.232819, 469.072388, 137.838486,304.198792, 775.168396, 0.978807
5, 122,3,304.198792, 312.605835, 469.072388, 137.838486,304.198792, 775.168396, 0.973107
5, 122,4,775.168396, 787.926575, 469.072388, 137.838486,304.198792, 775.168396, 0.983808
5, 122,5,487.300598, 507.108368, 469.072388, 137.838486,304.198792, 775.168396, 0.960940
5, 122,6,398.337006, 371.318329, 469.072388, 137.838486,304.198792, 775.168396, 1.072764
5, 122,7,439.393890, 445.112396, 469.072388, 137.838486,304.198792, 775.168396, 0.987153
5, 123,0,542.018738, 552.951721, 465.466217, 252.275696,101.166153, 862.428040, 0.980228
5, 123,1,862.428040, 890.003113, 465.466217, 252.275696,101.166153, 862.428040, 0.969017
5, 123,2,101.166153, 82.031143, 465.466217, 252.275696,101.166153, 862.428040, 1.233265
5, 123,3,623.338501, 651.116760, 465.466217, 252.275696,101.166153, 862.428040, 0.957337
5, 123,4,348.881653, 358.235443, 465.466217, 252.275696,101.166153, 862.428040, 0.973889
5, 123,5,621.856262, 630.107666, 465.466217, 252.275696,101.166153, 862.428040, 0.986905
5, 123,6,452.168121, 467.244873, 465.466217, 252.275696,101.166153, 862.428040, 0.967733
5, 123,7,171.872345, 180.309479, 465.466217, 252.275696,101.166153, 862.428040, 0.953207
5, 124,0,278.940277, 281.149689, 467.447357, 225.315811,196.044006, 804.155273, 0.992141
5, 124,1,798.674500, 828.258423, 467.447357, 225.315811,196.044006, 804.155273, 0.964282
5, 124,2,387.813507, 385.773376, 467.447357, 225.315811,196.044006, 804.155273, 1.005288
5, 124,3,196.044006, 205.972519, 467.447357, 225.315811,196.044006, 804.155273, 0.951797
5, 124,4,381.836517, 381.610931, 467.447357, 225.315811,196.044006, 804.155273, 1.000591
5, 124,5,380.841125, 396.629486, 467.447357, 225.315811,196.044006, 804.155273, 0.960194
5, 124,6,804.155273, 834.895813, 467.447357, 225.315811,196.044006, 804.155273, 0.963180
5, 124,7,511.273621, 497.709473, 467.447357, 225.315811,196.044006, 804.155273, 1.027253
5, 125,0,42.675465, 42.677578, 475.614410, 298.842285,42.675465, 787.444031, 0.999950
5, 125,1,771.173157, 770.352600, 475.614410, 298.842285,42.675465, 787.444031, 1.001065
5, 125,2,147.135193, 143.153931, 475.614410, 298.842285,42.675465, 787.444031, 1.027811
5, 125,3,787.444031, 792.896301, 475.614410, 298.842285,42.675465, 787.444031, 0.993124
5, 125,4,470.312561, 475.056519, 475.614410, 298.842285,42.675465, 787.444031, 0.990014
5, 125,5,761.634644, 764.267456, 475.614410, 298.842285,42.675465, 787.444031, 0.996555
5, 125,6,578.641602, 582.935730, 475.614410, 298.842285,42.675465, 787.444031, 0.992634
5, 125,7,245.898773, 240.659622, 475.614410, 298.842285,42.675465, 787.444031, 1.021770
5, 126,0,86.529839, 19.074444, 504.573242, 424.299469,86.529839, 1082.232666, 4.536428
5, 126,1,126.810005, 116.992363, 504.573242, 424.299469,86.529839, 1082.232666, 1.083917
5, 126,2,414.120117, 406.657257, 504.573242, 424.299469,86.529839, 1082.232666, 1.018352
5, 126,3,125.604515, 121.404045, 504.573242, 424.299469,86.529839, 1082.232666, 1.034599
5, 126,4,1065.049805, 1038.927246, 504.573242, 424.299469,86.529839, 1082.232666, 1.025144
5, 126,5,308.268524, 301.996277, 504.573242, 424.299469,86.529839, 1082.232666, 1.020769
5, 126,6,1082.232666, 1028.525635, 504.573242, 424.299469,86.529839, 1082.232666, 1.052217
5, 126,7,827.970581, 778.422546, 504.573242, 424.299469,86.529839, 1082.232666, 1.063652
5, 127,0,283.174927, 286.510406, 494.798279, 295.034119,135.161728, 926.603577, 0.988358
5, 127,1,926.603577, 885.502075, 494.798279, 295.034119,135.161728, 926.603577, 1.046416
5, 127,2,513.558289, 505.817413, 494.798279, 295.034119,135.161728, 926.603577, 1.015304
5, 127,3,185.127853, 171.610519, 494.798279, 295.034119,135.161728, 926.603577, 1.078768
5, 127,4,411.553894, 400.150055, 494.798279, 295.034119,135.161728, 926.603577, 1.028499
5, 127,5,135.161728, 113.037315, 494.798279, 295.034119,135.161728, 926.603577, 1.195727
5, 127,6,668.951355, 613.101135, 494.798279, 295.034119,135.161728, 926.603577, 1.091095
5, 127,7,834.254639, 836.271057, 494.798279, 295.034119,135.161728, 926.603577, 0.997589
5, 128,0,785.283691, 797.134766, 469.911835, 218.916016,200.167648, 812.402100, 0.985133
5, 128,1,812.402100, 824.326355, 469.911835, 218.916016,200.167648, 812.402100, 0.985535
5, 128,2,200.167648, 200.124710, 469.911835, 218.916016,200.167648, 812.402100, 1.000215
5, 128,3,356.322815, 367.903564, 469.911835, 218.916016,200.167648, 812.402100, 0.968522
5, 128,4,316.284882, 312.656311, 469.911835, 218.916016,200.167648, 812.402100, 1.011606
5, 128,5,481.111389, 490.620453, 469.911835, 218.916016,200.167648, 812.402100, 0.980618
5, 128,6,386.626343, 401.700104, 469.911835, 218.916016,200.167648, 812.402100, 0.962475
5, 128,7,421.095978, 417.533539, 469.911835, 218.916016,200.167648, 812.402100, 1.008532
5, 129,0,500.814606, 451.141052, 498.037720, 405.019806,51.924171, 1231.406128, 1.110106
5, 129,1,1231.406128, 1154.126587, 498.037720, 405.019806,51.924171, 1231.406128, 1.066959
5, 129,2,51.924171, 59.143925, 498.037720, 405.019806,51.924171, 1231.406128, 0.877929
5, 129,3,96.999474, 88.980057, 498.037720, 405.019806,51.924171, 1231.406128, 1.090126
5, 129,4,684.608459, 662.022705, 498.037720, 405.019806,51.924171, 1231.406128, 1.034116
5, 129,5,798.951904, 766.921387, 498.037720, 405.019806,51.924171, 1231.406128, 1.041765
5, 129,6,144.911713, 164.182526, 498.037720, 405.019806,51.924171, 1231.406128, 0.882626
5, 129,7,474.685303, 465.481995, 498.037720, 405.019806,51.924171, 1231.406128, 1.019772
5, 130,0,307.085266, 315.587952, 477.071259, 313.008575,136.940933, 1041.982544, 0.973058
5, 130,1,136.940933, 127.611153, 477.071259, 313.008575,136.940933, 1041.982544, 1.073111
5, 130,2,783.994019, 782.011658, 477.071259, 313.008575,136.940933, 1041.982544, 1.002535
5, 130,3,225.256607, 221.886765, 477.071259, 313.008575,136.940933, 1041.982544, 1.015187
5, 130,4,318.191315, 316.485474, 477.071259, 313.008575,136.940933, 1041.982544, 1.005390
5, 130,5,1041.982544, 1037.194824, 477.071259, 313.008575,136.940933, 1041.982544, 1.004616
5, 130,6,639.504517, 649.178528, 477.071259, 313.008575,136.940933, 1041.982544, 0.985098
5, 130,7,363.615082, 362.043610, 477.071259, 313.008575,136.940933, 1041.982544, 1.004341
5, 131,0,355.919647, 352.125305, 481.922516, 327.613220,23.288273, 818.766663, 1.010776
5, 131,1,784.793823, 772.147156, 481.922516, 327.613220,23.288273, 818.766663, 1.016379
5, 131,2,245.129044, 246.671173, 481.922516, 327.613220,23.288273, 818.766663, 0.993748
5, 131,3,131.978882, 124.485626, 481.922516, 327.613220,23.288273, 818.766663, 1.060194
5, 131,4,751.849121, 751.276306, 481.922516, 327.613220,23.288273, 818.766663, 1.000762
5, 131,5,743.654846, 740.855408, 481.922516, 327.613220,23.288273, 818.766663, 1.003779
5, 131,6,23.288273, 15.615730, 481.922516, 327.613220,23.288273, 818.766663, 1.491334
5, 131,7,818.766663, 808.823120, 481.922516, 327.613220,23.288273, 818.766663, 1.012294
5, 132,0,1144.664917, 1112.377441, 493.142059, 364.300385,99.121048, 1144.664917, 1.029026
5, 132,1,157.009491, 147.085510, 493.142059, 364.300385,99.121048, 1144.664917, 1.067471
5, 132,2,442.877686, 436.779877, 493.142059, 364.300385,99.121048, 1144.664917, 1.013961
5, 132,3,301.703339, 305.788055, 493.142059, 364.300385,99.121048, 1144.664917, 0.986642
5, 132,4,99.121048, 49.275314, 493.142059, 364.300385,99.121048, 1144.664917, 2.011576
5, 132,5,279.317871, 258.862274, 493.142059, 364.300385,99.121048, 1144.664917, 1.079021
5, 132,6,826.270996, 819.925476, 493.142059, 364.300385,99.121048, 1144.664917, 1.007739
5, 132,7,694.171143, 681.905884, 493.142059, 364.300385,99.121048, 1144.664917, 1.017987
5, 133,0,539.612000, 518.959106, 498.014435, 287.439331,108.026726, 884.508240, 1.039797
5, 133,1,502.536896, 501.709137, 498.014435, 287.439331,108.026726, 884.508240, 1.001650
5, 133,2,674.866577, 670.445740, 498.014435, 287.439331,108.026726, 884.508240, 1.006594
5, 133,3,110.881836, 51.706566, 498.014435, 287.439331,108.026726, 884.508240, 2.144444
5, 133,4,108.026726, 107.363571, 498.014435, 287.439331,108.026726, 884.508240, 1.006177
5, 133,5,884.508240, 849.717346, 498.014435, 287.439331,108.026726, 884.508240, 1.040944
5, 133,6,381.930878, 362.089111, 498.014435, 287.439331,108.026726, 884.508240, 1.054798
5, 133,7,781.752258, 750.009460, 498.014435, 287.439331,108.026726, 884.508240, 1.042323
5, 134,0,319.045929, 322.499451, 473.409576, 239.361984,110.682190, 822.874817, 0.989291
5, 134,1,529.161072, 531.097595, 473.409576, 239.361984,110.682190, 822.874817, 0.996354
5, 134,2,561.744934, 573.393188, 473.409576, 239.361984,110.682190, 822.874817, 0.979685
5, 134,3,110.682190, 114.641922, 473.409576, 239.361984,110.682190, 822.874817, 0.965460
5, 134,4,613.230957, 614.619080, 473.409576, 239.361984,110.682190, 822.874817, 0.997742
5, 134,5,623.008301, 617.965454, 473.409576, 239.361984,110.682190, 822.874817, 1.008160
5, 134,6,822.874817, 823.546326, 473.409576, 239.361984,110.682190, 822.874817, 0.999185
5, 134,7,207.528595, 214.236877, 473.409576, 239.361984,110.682190, 822.874817, 0.968688
5, 135,0,434.504303, 433.871002, 481.414490, 205.968826,203.390579, 749.058899, 1.001460
5, 135,1,203.390579, 207.148758, 481.414490, 205.968826,203.390579, 749.058899, 0.981858
5, 135,2,749.058899, 738.510681, 481.414490, 205.968826,203.390579, 749.058899, 1.014283
5, 135,3,343.516754, 335.870758, 481.414490, 205.968826,203.390579, 749.058899, 1.022765
5, 135,4,737.290710, 725.575195, 481.414490, 205.968826,203.390579, 749.058899, 1.016147
5, 135,5,269.466248, 269.553009, 481.414490, 205.968826,203.390579, 749.058899, 0.999678
5, 135,6,507.141510, 499.884094, 481.414490, 205.968826,203.390579, 749.058899, 1.014518
5, 135,7,606.946838, 601.586853, 481.414490, 205.968826,203.390579, 749.058899, 1.008910
5, 136,0,22.529186, 24.250908, 457.805573, 308.518219,22.529186, 915.615479, 0.929004
5, 136,1,648.493530, 681.309326, 457.805573, 308.518219,22.529186, 915.615479, 0.951834
5, 136,2,286.791840, 311.196564, 457.805573, 308.518219,22.529186, 915.615479, 0.921578
5, 136,3,307.832214, 324.783905, 457.805573, 308.518219,22.529186, 915.615479, 0.947806
5, 136,4,205.335815, 220.888153, 457.805573, 308.518219,22.529186, 915.615479, 0.929592
5, 136,5,915.615479, 945.788574, 457.805573, 308.518219,22.529186, 915.615479, 0.968097
5, 136,6,479.014893, 483.376587, 457.805573, 308.518219,22.529186, 915.615479, 0.990977
5, 136,7,796.831543, 820.405823, 457.805573, 308.518219,22.529186, 915.615479, 0.971265
5, 137,0,481.360138, 465.234528, 495.298553, 307.298035,17.321760, 934.592224, 1.034661
5, 137,1,686.768311, 675.050842, 495.298553, 307.298035,17.321760, 934.592224, 1.017358
5, 137,2,723.286011, 670.054565, 495.298553, 307.298035,17.321760, 934.592224, 1.079443
5, 137,3,347.151703, 322.635834, 495.298553, 307.298035,17.321760, 934.592224, 1.075986
5, 137,4,156.944641, 155.574554, 495.298553, 307.298035,17.321760, 934.592224, 1.008807
5, 137,5,934.592224, 885.686157, 495.298553, 307.298035,17.321760, 934.592224, 1.055218
5, 137,6,614.963684, 601.280579, 495.298553, 307.298035,17.321760, 934.592224, 1.022757
5, 137,7,17.321760, 36.482994, 495.298553, 307.298035,17.321760, 934.592224, 0.474790
5, 138,0,742.122864, 731.104614, 488.492615, 243.005386,152.952881, 777.875366, 1.015071
5, 138,1,322.148682, 308.732574, 488.492615, 243.005386,152.952881, 777.875366, 1.043455
5, 138,2,152.952881, 148.580414, 488.492615, 243.005386,152.952881, 777.875366, 1.029428
5, 138,3,478.380249, 449.861084, 488.492615, 243.005386,152.952881, 777.875366, 1.063396
5, 138,4,663.731018, 657.528992, 488.492615, 243.005386,152.952881, 777.875366, 1.009432
5, 138,5,194.378006, 196.472610, 488.492615, 243.005386,152.952881, 777.875366, 0.989339
5, 138,6,576.351685, 567.043518, 488.492615, 243.005386,152.952881, 777.875366, 1.016415
5, 138,7,777.875366, 752.676392, 488.492615, 243.005386,152.952881, 777.875366, 1.033479
5, 139,0,141.248886, 123.601547, 499.560364, 500.299652,45.073013, 1176.246826, 1.142776
5, 139,1,1176.246826, 1109.278809, 499.560364, 500.299652,45.073013, 1176.246826, 1.060371
5, 139,2,123.766594, 110.356361, 499.560364, 500.299652,45.073013, 1176.246826, 1.121518
5, 139,3,53.760910, 49.449940, 499.560364, 500.299652,45.073013, 1176.246826, 1.087178
5, 139,4,363.717316, 370.226166, 499.560364, 500.299652,45.073013, 1176.246826, 0.982419
5, 139,5,1008.177795, 946.909363, 499.560364, 500.299652,45.073013, 1176.246826, 1.064704
5, 139,6,1084.491699, 1024.381104, 499.560364, 500.299652,45.073013, 1176.246826, 1.058680
5, 139,7,45.073013, 77.796776, 499.560364, 500.299652,45.073013, 1176.246826, 0.579369
5, 140,0,814.788574, 798.037720, 484.737885, 301.007080,156.969543, 1058.474609, 1.020990
5, 140,1,156.969543, 161.969452, 484.737885, 301.007080,156.969543, 1058.474609, 0.969131
5, 140,2,453.995117, 442.157043, 484.737885, 301.007080,156.969543, 1058.474609, 1.026773
5, 140,3,255.929260, 256.877441, 484.737885, 301.007080,156.969543, 1058.474609, 0.996309
5, 140,4,393.886353, 385.030823, 484.737885, 301.007080,156.969543, 1058.474609, 1.023000
5, 140,5,401.030090, 385.160400, 484.737885, 301.007080,156.969543, 1058.474609, 1.041203
5, 140,6,342.829590, 333.737030, 484.737885, 301.007080,156.969543, 1058.474609, 1.027245
5, 140,7,1058.474609, 1049.030273, 484.737885, 301.007080,156.969543, 1058.474609, 1.009003
5, 141,0,623.519775, 665.659180, 455.788177, 127.744324,247.260513, 623.519775, 0.936695
5, 141,1,585.911072, 618.868103, 455.788177, 127.744324,247.260513, 623.519775, 0.946746
5, 141,2,377.685272, 402.678223, 455.788177, 127.744324,247.260513, 623.519775, 0.937933
5, 141,3,411.787048, 414.160522, 455.788177, 127.744324,247.260513, 623.519775, 0.994269
5, 141,4,544.214905, 578.749573, 455.788177, 127.744324,247.260513, 623.519775, 0.940329
5, 141,5,492.293610, 524.618652, 455.788177, 127.744324,247.260513, 623.519775, 0.938384
5, 141,6,363.633118, 356.915833, 455.788177, 127.744324,247.260513, 623.519775, 1.018820
5, 141,7,247.260513, 250.349991, 455.788177, 127.744324,247.260513, 623.519775, 0.987659
5, 142,0,304.964142, 297.411255, 464.083038, 177.090897,190.075974, 624.585388, 1.025395
5, 142,1,624.585388, 649.271545, 464.083038, 177.090897,190.075974, 624.585388, 0.961979
5, 142,2,550.205505, 572.927246, 464.083038, 177.090897,190.075974, 624.585388, 0.960341
5, 142,3,605.599731, 606.507080, 464.083038, 177.090897,190.075974, 624.585388, 0.998504
5, 142,4,557.255676, 572.792908, 464.083038, 177.090897,190.075974, 624.585388, 0.972875
5, 142,5,190.075974, 195.775620, 464.083038, 177.090897,190.075974, 624.585388, 0.970887
5, 142,6,272.533966, 289.234711, 464.083038, 177.090897,190.075974, 624.585388, 0.942259
5, 142,7,607.443848, 628.079773, 464.083038, 177.090897,190.075974, 624.585388, 0.967144
5, 143,0,595.169617, 596.197632, 469.151489, 265.538849,126.779648, 892.401367, 0.998276
5, 143,1,227.741241, 236.289841, 469.151489, 265.538849,126.779648, 892.401367, 0.963822
5, 143,2,703.048828, 724.744385, 469.151489, 265.538849,126.779648, 892.401367, 0.970065
5, 143,3,892.401367, 886.065369, 469.151489, 265.538849,126.779648, 892.401367, 1.007151
5, 143,4,233.077179, 235.913132, 469.151489, 265.538849,126.779648, 892.401367, 0.987979
5, 143,5,410.212860, 412.650452, 469.151489, 265.538849,126.779648, 892.401367, 0.994093
5, 143,6,126.779648, 151.065308, 469.151489, 265.538849,126.779648, 892.401367, 0.839237
5, 143,7,564.781189, 569.074158, 469.151489, 265.538849,126.779648, 892.401367, 0.992456
5, 144,0,550.919067, 549.062317, 481.869507, 268.261475,29.250975, 926.970642, 1.003382
5, 144,1,29.250975, 44.606091, 481.869507, 268.261475,29.250975, 926.970642, 0.655762
5, 144,2,540.976624, 531.835449, 481.869507, 268.261475,29.250975, 926.970642, 1.017188
5, 144,3,613.427612, 604.614990, 481.869507, 268.261475,29.250975, 926.970642, 1.014576
5, 144,4,926.970642, 914.575806, 481.869507, 268.261475,29.250975, 926.970642, 1.013553
5, 144,5,501.344818, 489.149536, 481.869507, 268.261475,29.250975, 926.970642, 1.024932
5, 144,6,483.727692, 477.776764, 481.869507, 268.261475,29.250975, 926.970642, 1.012455
5, 144,7,208.338531, 200.379242, 481.869507, 268.261475,29.250975, 926.970642, 1.039721
5, 145,0,1046.645508, 1042.737183, 483.669556, 382.619904,71.212433, 1046.645508, 1.003748
5, 145,1,92.889885, 82.697601, 483.669556, 382.619904,71.212433, 1046.645508, 1.123248
5, 145,2,747.075989, 733.613770, 483.669556, 382.619904,71.212433, 1046.645508, 1.018351
5, 145,3,874.838623, 858.075195, 483.669556, 382.619904,71.212433, 1046.645508, 1.019536
5, 145,4,288.607330, 289.498779, 483.669556, 382.619904,71.212433, 1046.645508, 0.996921
5, 145,5,598.245483, 580.764954, 483.669556, 382.619904,71.212433, 1046.645508, 1.030099
5, 145,6,71.212433, 76.798050, 483.669556, 382.619904,71.212433, 1046.645508, 0.927269
5, 145,7,149.841415, 147.814590, 483.669556, 382.619904,71.212433, 1046.645508, 1.013712
5, 146,0,415.479065, 421.838959, 456.431854, 173.034454,191.323227, 687.389282, 0.984923
5, 146,1,423.630768, 460.915222, 456.431854, 173.034454,191.323227, 687.389282, 0.919108
5, 146,2,528.071411, 539.530396, 456.431854, 173.034454,191.323227, 687.389282, 0.978761
5, 146,3,574.326965, 605.744751, 456.431854, 173.034454,191.323227, 687.389282, 0.948134
5, 146,4,241.194702, 243.809586, 456.431854, 173.034454,191.323227, 687.389282, 0.989275
5, 146,5,687.389282, 727.855164, 456.431854, 173.034454,191.323227, 687.389282, 0.944404
5, 146,6,191.323227, 186.363586, 456.431854, 173.034454,191.323227, 687.389282, 1.026613
5, 146,7,590.039307, 625.942322, 456.431854, 173.034454,191.323227, 687.389282, 0.942642
5, 147,0,152.238861, 146.411316, 496.475098, 362.784729,80.897499, 957.129822, 1.039803
5, 147,1,346.375397, 321.148438, 496.475098, 362.784729,80.897499, 957.129822, 1.078552
5, 147,2,723.807007, 688.820679, 496.475098, 362.784729,80.897499, 957.129822, 1.050792
5, 147,3,80.897499, 103.513741, 496.475098, 362.784729,80.897499, 957.129822, 0.781515
5, 147,4,957.129822, 940.535950, 496.475098, 362.784729,80.897499, 957.129822, 1.017643
5, 147,5,778.575684, 743.118042, 496.475098, 362.784729,80.897499, 957.129822, 1.047715
5, 147,6,104.254204, 101.435661, 496.475098, 362.784729,80.897499, 957.129822, 1.027786
5, 147,7,828.522339, 767.015930, 496.475098, 362.784729,80.897499, 957.129822, 1.080189
5, 148,0,653.070313, 632.123474, 493.253571, 322.402557,100.520065, 891.879639, 1.033137
5, 148,1,891.879639, 860.522583, 493.253571, 322.402557,100.520065, 891.879639, 1.036440
5, 148,2,263.113251, 274.242737, 493.253571, 322.402557,100.520065, 891.879639, 0.959417
5, 148,3,100.520065, 55.290813, 493.253571, 322.402557,100.520065, 891.879639, 1.818025
5, 148,4,309.883118, 308.141357, 493.253571, 322.402557,100.520065, 891.879639, 1.005652
5, 148,5,825.097473, 805.136230, 493.253571, 322.402557,100.520065, 891.879639, 1.024792
5, 148,6,758.379700, 727.428650, 493.253571, 322.402557,100.520065, 891.879639, 1.042549
5, 148,7,144.085098, 149.114120, 493.253571, 322.402557,100.520065, 891.879639, 0.966274
5, 149,0,490.744263, 498.978119, 472.732574, 266.016937,99.065994, 858.909912, 0.983499
5, 149,1,439.788422, 450.739471, 472.732574, 266.016937,99.065994, 858.909912, 0.975704
5, 149,2,161.570435, 105.653465, 472.732574, 266.016937,99.065994, 858.909912, 1.529249
5, 149,3,858.909912, 869.818054, 472.732574, 266.016937,99.065994, 858.909912, 0.987459
5, 149,4,679.558411, 693.049194, 472.732574, 266.016937,99.065994, 858.909912, 0.980534
5, 149,5,99.065994, 113.121826, 472.732574, 266.016937,99.065994, 858.909912, 0.875746
5, 149,6,353.067902, 359.285339, 472.732574, 266.016937,99.065994, 858.909912, 0.982695
5, 149,7,699.155334, 721.354553, 472.732574, 266.016937,99.065994, 858.909912, 0.969226
5, 150,0,748.524475, 772.014832, 473.619080, 239.196915,27.496296, 748.524475, 0.969573
5, 150,1,525.256409, 517.825012, 473.619080, 239.196915,27.496296, 748.524475, 1.014351
5, 150,2,685.301758, 676.142212, 473.619080, 239.196915,27.496296, 748.524475, 1.013547
5, 150,3,27.496296, 40.402950, 473.619080, 239.196915,27.496296, 748.524475, 0.680552
5, 150,4,504.449768, 503.127777, 473.619080, 239.196915,27.496296, 748.524475, 1.002627
5, 150,5,548.690552, 555.261475, 473.619080, 239.196915,27.496296, 748.524475, 0.988166
5, 150,6,212.996017, 214.450989, 473.619080, 239.196915,27.496296, 748.524475, 0.993215
5, 150,7,536.237366, 532.774414, 473.619080, 239.196915,27.496296, 748.524475, 1.006500
5, 151,0,122.513344, 118.941589, 456.595642, 220.818436,122.513344, 653.593506, 1.030030
5, 151,1,148.779175, 155.199860, 456.595642, 220.818436,122.513344, 653.593506, 0.958630
5, 151,2,360.396423, 365.911407, 456.595642, 220.818436,122.513344, 653.593506, 0.984928
5, 151,3,632.789429, 655.610657, 456.595642, 220.818436,122.513344, 653.593506, 0.965191
5, 151,4,641.241455, 670.921265, 456.595642, 220.818436,122.513344, 653.593506, 0.955763
5, 151,5,653.593506, 684.430542, 456.595642, 220.818436,122.513344, 653.593506, 0.954945
5, 151,6,494.210175, 524.987488, 456.595642, 220.818436,122.513344, 653.593506, 0.941375
5, 151,7,599.241577, 635.997192, 456.595642, 220.818436,122.513344, 653.593506, 0.942208
5, 152,0,827.368469, 795.317627, 498.990631, 364.289948,30.240408, 962.555664, 1.040299
5, 152,1,810.284180, 770.186218, 498.990631, 364.289948,30.240408, 962.555664, 1.052063
5, 152,2,594.872192, 581.684875, 498.990631, 364.289948,30.240408, 962.555664, 1.022671
5, 152,3,223.709473, 221.593384, 498.990631, 364.289948,30.240408, 962.555664, 1.009549
5, 152,4,496.247223, 492.015015, 498.990631, 364.289948,30.240408, 962.555664, 1.008602
5, 152,5,46.647285, 19.506641, 498.990631, 364.289948,30.240408, 962.555664, 2.391354
5, 152,6,30.240408, 10.470626, 498.990631, 364.289948,30.240408, 962.555664, 2.888119
5, 152,7,962.555664, 921.225769, 498.990631, 364.289948,30.240408, 962.555664, 1.044864
5, 153,0,73.832680, 72.947929, 492.528900, 345.988953,73.832680, 973.526672, 1.012128
5, 153,1,358.008972, 341.020386, 492.528900, 345.988953,73.832680, 973.526672, 1.049817
5, 153,2,973.526672, 958.025269, 492.528900, 345.988953,73.832680, 973.526672, 1.016181
5, 153,3,529.497498, 544.033875, 492.528900, 345.988953,73.832680, 973.526672, 0.973280
5, 153,4,837.293091, 811.210754, 492.528900, 345.988953,73.832680, 973.526672, 1.032152
5, 153,5,796.018982, 786.261841, 492.528900, 345.988953,73.832680, 973.526672, 1.012410
5, 153,6,266.571716, 258.529175, 492.528900, 345.988953,73.832680, 973.526672, 1.031109
5, 153,7,105.481697, 39.970634, 492.528900, 345.988953,73.832680, 973.526672, 2.638980
5, 154,0,509.764526, 521.695496, 462.979736, 215.286682,52.234001, 671.863220, 0.977130
5, 154,1,671.863220, 678.921631, 462.979736, 215.286682,52.234001, 671.863220, 0.989604
5, 154,2,477.715393, 497.520020, 462.979736, 215.286682,52.234001, 671.863220, 0.960193
5, 154,3,224.513992, 209.332855, 462.979736, 215.286682,52.234001, 671.863220, 1.072522
5, 154,4,630.496521, 669.081360, 462.979736, 215.286682,52.234001, 671.863220, 0.942332
5, 154,5,52.234001, 54.512165, 462.979736, 215.286682,52.234001, 671.863220, 0.958208
5, 154,6,533.708008, 555.395508, 462.979736, 215.286682,52.234001, 671.863220, 0.960951
5, 154,7,603.542542, 625.541077, 462.979736, 215.286682,52.234001, 671.863220, 0.964833
5, 155,0,406.816711, 439.067291, 461.755829, 233.024597,154.342026, 888.872559, 0.926548
5, 155,1,549.269653, 530.138245, 461.755829, 233.024597,154.342026, 888.872559, 1.036088
5, 155,2,888.872559, 900.662659, 461.755829, 233.024597,154.342026, 888.872559, 0.986910
5, 155,3,580.662659, 615.670898, 461.755829, 233.024597,154.342026, 888.872559, 0.943138
5, 155,4,287.709869, 303.182312, 461.755829, 233.024597,154.342026, 888.872559, 0.948967
5, 155,5,154.342026, 167.063339, 461.755829, 233.024597,154.342026, 888.872559, 0.923853
5, 155,6,265.969849, 270.888184, 461.755829, 233.024597,154.342026, 888.872559, 0.981844
5, 155,7,560.403076, 585.326904, 461.755829, 233.024597,154.342026, 888.872559, 0.957419
5, 156,0,328.150299, 325.637085, 476.742035, 177.887299,251.129669, 678.686584, 1.007718
5, 156,1,293.536407, 290.622650, 476.742035, 177.887299,251.129669, 678.686584, 1.010026
5, 156,2,400.802612, 401.244324, 476.742035, 177.887299,251.129669, 678.686584, 0.998899
5, 156,3,637.855469, 631.984680, 476.742035, 177.887299,251.129669, 678.686584, 1.009290
5, 156,4,666.329529, 668.059448, 476.742035, 177.887299,251.129669, 678.686584, 0.997411
5, 156,5,557.445862, 568.456177, 476.742035, 177.887299,251.129669, 678.686584, 0.980631
5, 156,6,678.686584, 681.797791, 476.742035, 177.887299,251.129669, 678.686584, 0.995437
5, 156,7,251.129669, 244.197983, 476.742035, 177.887299,251.129669, 678.686584, 1.028386
5, 157,0,449.724243, 447.095245, 487.319641, 284.251740,24.884584, 822.158691, 1.005880
5, 157,1,536.222229, 518.387695, 487.319641, 284.251740,24.884584, 822.158691, 1.034404
5, 157,2,822.158691, 805.260437, 487.319641, 284.251740,24.884584, 822.158691, 1.020985
5, 157,3,821.321533, 802.606079, 487.319641, 284.251740,24.884584, 822.158691, 1.023318
5, 157,4,600.524231, 592.259399, 487.319641, 284.251740,24.884584, 822.158691, 1.013955
5, 157,5,153.487244, 145.473236, 487.319641, 284.251740,24.884584, 822.158691, 1.055089
5, 157,6,490.234344, 481.526978, 487.319641, 284.251740,24.884584, 822.158691, 1.018083
5, 157,7,24.884584, 19.390472, 487.319641, 284.251740,24.884584, 822.158691, 1.283341
5, 158,0,268.897125, 288.287659, 502.393829, 491.856110,105.771187, 1308.897583, 0.932739
5, 158,1,1308.897583, 1206.321777, 502.393829, 491.856110,105.771187, 1308.897583, 1.085032
5, 158,2,387.040955, 376.052094, 502.393829, 491.856110,105.771187, 1308.897583, 1.029222
5, 158,3,192.054596, 187.313004, 502.393829, 491.856110,105.771187, 1308.897583, 1.025314
5, 158,4,166.578720, 138.002457, 502.393829, 491.856110,105.771187, 1308.897583, 1.207071
5, 158,5,105.771187, 108.279465, 502.393829, 491.856110,105.771187, 1308.897583, 0.976835
5, 158,6,1262.718750, 1205.980103, 502.393829, 491.856110,105.771187, 1308.897583, 1.047048
5, 158,7,327.191742, 301.763580, 502.393829, 491.856110,105.771187, 1308.897583, 1.084265
5, 159,0,129.920181, 91.120781, 471.447388, 195.671204,129.920181, 689.563416, 1.425802
5, 159,1,569.081177, 569.223877, 471.447388, 195.671204,129.920181, 689.563416, 0.999749
5, 159,2,432.159424, 462.630432, 471.447388, 195.671204,129.920181, 689.563416, 0.934135
5, 159,3,689.563416, 733.085266, 471.447388, 195.671204,129.920181, 689.563416, 0.940632
5, 159,4,682.462341, 681.251587, 471.447388, 195.671204,129.920181, 689.563416, 1.001777
5, 159,5,584.917542, 575.938293, 471.447388, 195.671204,129.920181, 689.563416, 1.015591
5, 159,6,312.866119, 329.571472, 471.447388, 195.671204,129.920181, 689.563416, 0.949312
5, 159,7,370.608978, 369.178284, 471.447388, 195.671204,129.920181, 689.563416, 1.003875
5, 160,0,608.805481, 588.905334, 491.766937, 258.421753,74.762505, 807.023865, 1.033792
5, 160,1,74.762505, 47.061344, 491.766937, 258.421753,74.762505, 807.023865, 1.588618
5, 160,2,570.927979, 560.782654, 491.766937, 258.421753,74.762505, 807.023865, 1.018091
5, 160,3,615.150635, 607.970581, 491.766937, 258.421753,74.762505, 807.023865, 1.011810
5, 160,4,468.832611, 456.131866, 491.766937, 258.421753,74.762505, 807.023865, 1.027844
5, 160,5,807.023865, 787.931885, 491.766937, 258.421753,74.762505, 807.023865, 1.024230
5, 160,6,130.227463, 140.397720, 491.766937, 258.421753,74.762505, 807.023865, 0.927561
5, 160,7,658.404785, 622.818787, 491.766937, 258.421753,74.762505, 807.023865, 1.057137
5, 161,0,390.356964, 397.595856, 476.879883, 255.863144,59.996902, 870.434631, 0.981793
5, 161,1,308.404816, 298.303589, 476.879883, 255.863144,59.996902, 870.434631, 1.033862
5, 161,2,767.651855, 777.522095, 476.879883, 255.863144,59.996902, 870.434631, 0.987306
5, 161,3,870.434631, 887.849854, 476.879883, 255.863144,59.996902, 870.434631, 0.980385
5, 161,4,59.996902, 33.698830, 476.879883, 255.863144,59.996902, 870.434631, 1.780385
5, 161,5,396.063965, 391.774597, 476.879883, 255.863144,59.996902, 870.434631, 1.010949
5, 161,6,523.271545, 527.153198, 476.879883, 255.863144,59.996902, 870.434631, 0.992637
5, 161,7,498.858704, 498.102081, 476.879883, 255.863144,59.996902, 870.434631, 1.001519
5, 162,0,475.195465, 472.391144, 468.812866, 134.036026,337.262390, 737.379028, 1.005936
5, 162,1,344.907471, 362.876160, 468.812866, 134.036026,337.262390, 737.379028, 0.950483
5, 162,2,541.704407, 546.577881, 468.812866, 134.036026,337.262390, 737.379028, 0.991084
5, 162,3,360.479553, 370.104034, 468.812866, 134.036026,337.262390, 737.379028, 0.973995
5, 162,4,337.262390, 346.249786, 468.812866, 134.036026,337.262390, 737.379028, 0.974044
5, 162,5,737.379028, 756.638611, 468.812866, 134.036026,337.262390, 737.379028, 0.974546
5, 162,6,520.126221, 517.594971, 468.812866, 134.036026,337.262390, 737.379028, 1.004890
5, 162,7,433.448425, 439.567657, 468.812866, 134.036026,337.262390, 737.379028, 0.986079
5, 163,0,26.088917, 53.988274, 501.602692, 558.251343,26.088917, 1441.537598, 0.483233
5, 163,1,275.193604, 255.803345, 501.602692, 558.251343,26.088917, 1441.537598, 1.075801
5, 163,2,302.509796, 301.576782, 501.602692, 558.251343,26.088917, 1441.537598, 1.003094
5, 163,3,1324.685547, 1259.523315, 501.602692, 558.251343,26.088917, 1441.537598, 1.051736
5, 163,4,220.136887, 202.568848, 501.602692, 558.251343,26.088917, 1441.537598, 1.086726
5, 163,5,1441.537598, 1364.069824, 501.602692, 558.251343,26.088917, 1441.537598, 1.056792
5, 163,6,378.401703, 332.748505, 501.602692, 558.251343,26.088917, 1441.537598, 1.137200
5, 163,7,44.267639, 41.720993, 501.602692, 558.251343,26.088917, 1441.537598, 1.061040
5, 164,0,806.826904, 775.314941, 492.575867, 280.509705,91.383591, 806.826904, 1.040644
5, 164,1,91.383591, 94.186913, 492.575867, 280.509705,91.383591, 806.826904, 0.970237
5, 164,2,754.165222, 724.261963, 492.575867, 280.509705,91.383591, 806.826904, 1.041288
5, 164,3,291.241852, 293.116730, 492.575867, 280.509705,91.383591, 806.826904, 0.993604
5, 164,4,180.199966, 168.870895, 492.575867, 280.509705,91.383591, 806.826904, 1.067087
5, 164,5,482.675720, 470.462769, 492.575867, 280.509705,91.383591, 806.826904, 1.025959
5, 164,6,775.598572, 742.838135, 492.575867, 280.509705,91.383591, 806.826904, 1.044102
5, 164,7,558.514771, 542.947937, 492.575867, 280.509705,91.383591, 806.826904, 1.028671
5, 165,0,608.864929, 583.275940, 491.888519, 349.460297,45.274204, 926.941162, 1.043871
5, 165,1,72.102196, 101.819160, 491.888519, 349.460297,45.274204, 926.941162, 0.708140
5, 165,2,736.540466, 717.442017, 491.888519, 349.460297,45.274204, 926.941162, 1.026620
5, 165,3,175.775894, 171.914536, 491.888519, 349.460297,45.274204, 926.941162, 1.022461
5, 165,4,45.274204, 35.749916, 491.888519, 349.460297,45.274204, 926.941162, 1.266414
5, 165,5,829.724121, 792.171753, 491.888519, 349.460297,45.274204, 926.941162, 1.047404
5, 165,6,539.885315, 526.417603, 491.888519, 349.460297,45.274204, 926.941162, 1.025584
5, 165,7,926.941162, 883.208923, 491.888519, 349.460297,45.274204, 926.941162, 1.049515
5, 166,0,83.447296, 81.796623, 468.829865, 277.907776,83.447296, 892.527893, 1.020180
5, 166,1,527.584839, 524.584412, 468.829865, 277.907776,83.447296, 892.527893, 1.005720
5, 166,2,271.372559, 265.602722, 468.829865, 277.907776,83.447296, 892.527893, 1.021724
5, 166,3,892.527893, 909.817566, 468.829865, 277.907776,83.447296, 892.527893, 0.980997
5, 166,4,659.469238, 672.506104, 468.829865, 277.907776,83.447296, 892.527893, 0.980614
5, 166,5,186.239395, 185.288773, 468.829865, 277.907776,83.447296, 892.527893, 1.005131
5, 166,6,431.863251, 446.923370, 468.829865, 277.907776,83.447296, 892.527893, 0.966303
5, 166,7,698.134277, 725.480896, 468.829865, 277.907776,83.447296, 892.527893, 0.962306
5, 167,0,248.156738, 273.123230, 494.707458, 430.794403,50.757000, 1110.940430, 0.908589
5, 167,1,50.757000, 26.442669, 494.707458, 430.794403,50.757000, 1110.940430, 1.919511
5, 167,2,1008.771667, 969.992615, 494.707458, 430.794403,50.757000, 1110.940430, 1.039979
5, 167,3,825.399475, 806.942993, 494.707458, 430.794403,50.757000, 1110.940430, 1.022872
5, 167,4,63.449863, 47.340248, 494.707458, 430.794403,50.757000, 1110.940430, 1.340294
5, 167,5,1110.940430, 1072.172241, 494.707458, 430.794403,50.757000, 1110.940430, 1.036159
5, 167,6,176.224228, 172.685226, 494.707458, 430.794403,50.757000, 1110.940430, 1.020494
5, 167,7,473.960083, 443.300751, 494.707458, 430.794403,50.757000, 1110.940430, 1.069161
5, 168,0,338.040497, 345.953705, 459.819824, 170.096191,169.877487, 693.925720, 0.977126
5, 168,1,537.063477, 547.986328, 459.819824, 170.096191,169.877487, 693.925720, 0.980067
5, 168,2,169.877487, 182.174240, 459.819824, 170.096191,169.877487, 693.925720, 0.932500
5, 168,3,605.207153, 619.400024, 459.819824, 170.096191,169.877487, 693.925720, 0.977086
5, 168,4,693.925720, 725.323059, 459.819824, 170.096191,169.877487, 693.925720, 0.956713
5, 168,5,492.175842, 510.430786, 459.819824, 170.096191,169.877487, 693.925720, 0.964236
5, 168,6,327.106171, 352.069550, 459.819824, 170.096191,169.877487, 693.925720, 0.929095
5, 168,7,515.162476, 528.662109, 459.819824, 170.096191,169.877487, 693.925720, 0.974465
5, 169,0,236.151047, 233.932816, 472.227051, 224.670868,173.035233, 703.284302, 1.009482
5, 169,1,298.814972, 301.496552, 472.227051, 224.670868,173.035233, 703.284302, 0.991106
5, 169,2,367.948669, 370.574463, 472.227051, 224.670868,173.035233, 703.284302, 0.992914
5, 169,3,173.035233, 178.845337, 472.227051, 224.670868,173.035233, 703.284302, 0.967513
5, 169,4,641.880188, 660.791382, 472.227051, 224.670868,173.035233, 703.284302, 0.971381
5, 169,5,679.281555, 683.269958, 472.227051, 224.670868,173.035233, 703.284302, 0.994163
5, 169,6,677.420654, 682.054321, 472.227051, 224.670868,173.035233, 703.284302, 0.993206
5, 169,7,703.284302, 701.035278, 472.227051, 224.670868,173.035233, 703.284302, 1.003208
5, 170,0,433.248383, 433.177765, 457.783417, 177.542175,215.966125, 778.675232, 1.000163
5, 170,1,322.219604, 339.053467, 457.783417, 177.542175,215.966125, 778.675232, 0.950350
5, 170,2,215.966125, 229.725159, 457.783417, 177.542175,215.966125, 778.675232, 0.940107
5, 170,3,517.093567, 530.538208, 457.783417, 177.542175,215.966125, 778.675232, 0.974658
5, 170,4,778.675232, 815.231445, 457.783417, 177.542175,215.966125, 778.675232, 0.955158
5, 170,5,570.166077, 586.683105, 457.783417, 177.542175,215.966125, 778.675232, 0.971847
5, 170,6,312.539368, 340.885284, 457.783417, 177.542175,215.966125, 778.675232, 0.916846
5, 170,7,512.359070, 536.705383, 457.783417, 177.542175,215.966125, 778.675232, 0.954637
5, 171,0,124.292831, 79.400948, 482.517517, 350.018738,70.174469, 995.699646, 1.565382
5, 171,1,70.174469, 65.654099, 482.517517, 350.018738,70.174469, 995.699646, 1.068851
5, 171,2,835.599243, 843.890869, 482.517517, 350.018738,70.174469, 995.699646, 0.990175
5, 171,3,363.638672, 363.322601, 482.517517, 350.018738,70.174469, 995.699646, 1.000870
5, 171,4,169.786591, 171.723907, 482.517517, 350.018738,70.174469, 995.699646, 0.988718
5, 171,5,612.621948, 621.179199, 482.517517, 350.018738,70.174469, 995.699646, 0.986224
5, 171,6,688.326538, 680.611328, 482.517517, 350.018738,70.174469, 995.699646, 1.011336
5, 171,7,995.699646, 986.216736, 482.517517, 350.018738,70.174469, 995.699646, 1.009615
5, 172,0,609.239990, 601.552368, 485.041595, 296.905792,50.338017, 844.186951, 1.012780
5, 172,1,818.546753, 792.420349, 485.041595, 296.905792,50.338017, 844.186951, 1.032970
5, 172,2,143.319305, 142.361816, 485.041595, 296.905792,50.338017, 844.186951, 1.006726
5, 172,3,844.186951, 830.071106, 485.041595, 296.905792,50.338017, 844.186951, 1.017006
5, 172,4,495.078857, 486.600922, 485.041595, 296.905792,50.338017, 844.186951, 1.017423
5, 172,5,50.338017, 40.883396, 485.041595, 296.905792,50.338017, 844.186951, 1.231258
5, 172,6,295.008728, 301.546631, 485.041595, 296.905792,50.338017, 844.186951, 0.978319
5, 172,7,624.613953, 616.563416, 485.041595, 296.905792,50.338017, 844.186951, 1.013057
5, 173,0,203.095520, 214.930176, 457.091827, 216.326675,120.509178, 710.135742, 0.944937
5, 173,1,425.331848, 447.343567, 457.091827, 216.326675,120.509178, 710.135742, 0.950795
5, 173,2,551.715881, 571.576721, 457.091827, 216.326675,120.509178, 710.135742, 0.965253
5, 173,3,710.135742, 752.681396, 457.091827, 216.326675,120.509178, 710.135742, 0.943475
5, 173,4,693.345398, 729.008240, 457.091827, 216.326675,120.509178, 710.135742, 0.951080
5, 173,5,574.359863, 604.724243, 457.091827, 216.326675,120.509178, 710.135742, 0.949788
5, 173,6,378.240936, 386.204865, 457.091827, 216.326675,120.509178, 710.135742, 0.979379
5, 173,7,120.509178, 105.530785, 457.091827, 216.326675,120.509178, 710.135742, 1.141934
5, 174,0,683.500549, 678.379517, 476.659485, 259.111023,164.024658, 805.887024, 1.007549
5, 174,1,506.073120, 502.098358, 476.659485, 259.111023,164.024658, 805.887024, 1.007916
5, 174,2,274.260651, 279.428864, 476.659485, 259.111023,164.024658, 805.887024, 0.981504
5, 174,3,796.575073, 802.311523, 476.659485, 259.111023,164.024658, 805.887024, 0.992850
5, 174,4,355.873657, 356.972412, 476.659485, 259.111023,164.024658, 805.887024, 0.996922
5, 174,5,164.024658, 165.722977, 476.659485, 259.111023,164.024658, 805.887024, 0.989752
5, 174,6,227.081055, 227.450546, 476.659485, 259.111023,164.024658, 805.887024, 0.998376
5, 174,7,805.887024, 799.635803, 476.659485, 259.111023,164.024658, 805.887024, 1.007818
5, 175,0,408.781738, 401.757568, 487.951294, 258.763672,80.351051, 793.577393, 1.017484
5, 175,1,750.569092, 724.866577, 487.951294, 258.763672,80.351051, 793.577393, 1.035458
5, 175,2,636.522217, 606.994324, 487.951294, 258.763672,80.351051, 793.577393, 1.048646
5, 175,3,198.450836, 222.396973, 487.951294, 258.763672,80.351051, 793.577393, 0.892327
5, 175,4,80.351051, 78.695816, 487.951294, 258.763672,80.351051, 793.577393, 1.021033
5, 175,5,632.304260, 613.232910, 487.951294, 258.763672,80.351051, 793.577393, 1.031100
5, 175,6,403.053864, 386.799042, 487.951294, 258.763672,80.351051, 793.577393, 1.042024
5, 175,7,793.577393, 777.256897, 487.951294, 258.763672,80.351051, 793.577393, 1.020998
5, 176,0,277.673950, 242.938995, 497.910156, 396.662628,22.864359, 1014.352173, 1.142978
5, 176,1,57.896008, 30.650021, 497.910156, 396.662628,22.864359, 1014.352173, 1.888939
5, 176,2,852.164856, 797.273499, 497.910156, 396.662628,22.864359, 1014.352173, 1.068849
5, 176,3,273.797821, 276.317535, 497.910156, 396.662628,22.864359, 1014.352173, 0.990881
5, 176,4,552.860291, 535.898438, 497.910156, 396.662628,22.864359, 1014.352173, 1.031651
5, 176,5,1014.352173, 994.870483, 497.910156, 396.662628,22.864359, 1014.352173, 1.019582
5, 176,6,22.864359, 38.029861, 497.910156, 396.662628,22.864359, 1014.352173, 0.601221
5, 176,7,931.671875, 896.021301, 497.910156, 396.662628,22.864359, 1014.352173, 1.039788
5, 177,0,401.152527, 410.856873, 462.334229, 225.829742,182.327942, 749.440491, 0.976380
5, 177,1,397.238342, 404.254639, 462.334229, 225.829742,182.327942, 749.440491, 0.982644
5, 177,2,331.631683, 354.550110, 462.334229, 225.829742,182.327942, 749.440491, 0.935359
5, 177,3,749.440491, 768.262451, 462.334229, 225.829742,182.327942, 749.440491, 0.975501
5, 177,4,724.527283, 763.190063, 462.334229, 225.829742,182.327942, 749.440491, 0.949341
5, 177,5,230.041611, 214.910416, 462.334229, 225.829742,182.327942, 749.440491, 1.070407
5, 177,6,682.313965, 712.250916, 462.334229, 225.829742,182.327942, 749.440491, 0.957969
5, 177,7,182.327942, 183.724335, 462.334229, 225.829742,182.327942, 749.440491, 0.992400
5, 178,0,837.013550, 816.267090, 496.094757, 365.612854,63.070961, 1069.021729, 1.025416
5, 178,1,1069.021729, 1060.243408, 496.094757, 365.612854,63.070961, 1069.021729, 1.008280
5, 178,2,63.070961, 22.922005, 496.094757, 365.612854,63.070961, 1069.021729, 2.751546
5, 178,3,112.351868, 49.426804, 496.094757, 365.612854,63.070961, 1069.021729, 2.273096
5, 178,4,182.873947, 180.151978, 496.094757, 365.612854,63.070961, 1069.021729, 1.015109
5, 178,5,433.638977, 432.534912, 496.094757, 365.612854,63.070961, 1069.021729, 1.002553
5, 178,6,546.923706, 532.313354, 496.094757, 365.612854,63.070961, 1069.021729, 1.027447
5, 178,7,723.863464, 718.140564, 496.094757, 365.612854,63.070961, 1069.021729, 1.007969
5, 179,0,963.170410, 917.184082, 496.941406, 330.270294,72.785843, 963.170410, 1.050139
5, 179,1,72.785843, 54.235867, 496.941406, 330.270294,72.785843, 963.170410, 1.342024
5, 179,2,737.288940, 729.984070, 496.941406, 330.270294,72.785843, 963.170410, 1.010007
5, 179,3,821.146362, 764.067993, 496.941406, 330.270294,72.785843, 963.170410, 1.074703
5, 179,4,376.816132, 367.305786, 496.941406, 330.270294,72.785843, 963.170410, 1.025892
5, 179,5,195.909454, 205.607651, 496.941406, 330.270294,72.785843, 963.170410, 0.952832
5, 179,6,605.634949, 593.125000, 496.941406, 330.270294,72.785843, 963.170410, 1.021092
5, 179,7,202.779114, 180.489487, 496.941406, 330.270294,72.785843, 963.170410, 1.123495
5, 180,0,400.908386, 424.893494, 458.626038, 173.354568,173.877289, 693.787354, 0.943550
5, 180,1,647.851379, 686.846497, 458.626038, 173.354568,173.877289, 693.787354, 0.943226
5, 180,2,532.935425, 560.222412, 458.626038, 173.354568,173.877289, 693.787354, 0.951293
5, 180,3,693.787354, 721.015259, 458.626038, 173.354568,173.877289, 693.787354, 0.962237
5, 180,4,384.138153, 398.666809, 458.626038, 173.354568,173.877289, 693.787354, 0.963557
5, 180,5,518.827515, 539.223145, 458.626038, 173.354568,173.877289, 693.787354, 0.962176
5, 180,6,316.682953, 328.040894, 458.626038, 173.354568,173.877289, 693.787354, 0.965376
5, 180,7,173.877289, 153.091492, 458.626038, 173.354568,173.877289, 693.787354, 1.135774
5, 181,0,250.605255, 266.703217, 455.811218, 120.518799,250.605255, 565.525940, 0.939641
5, 181,1,565.525940, 603.252686, 455.811218, 120.518799,250.605255, 565.525940, 0.937461
5, 181,2,311.215851, 304.713104, 455.811218, 120.518799,250.605255, 565.525940, 1.021341
5, 181,3,530.722229, 560.541687, 455.811218, 120.518799,250.605255, 565.525940, 0.946802
5, 181,4,485.566803, 515.571289, 455.811218, 120.518799,250.605255, 565.525940, 0.941803
5, 181,5,555.235474, 580.548828, 455.811218, 120.518799,250.605255, 565.525940, 0.956398
5, 181,6,543.050537, 571.802551, 455.811218, 120.518799,250.605255, 565.525940, 0.949717
5, 181,7,404.567535, 408.866699, 455.811218, 120.518799,250.605255, 565.525940, 0.989485
5, 182,0,68.941917, 82.084564, 472.773773, 229.028870,68.941917, 695.575012, 0.839889
5, 182,1,572.340576, 564.785950, 472.773773, 229.028870,68.941917, 695.575012, 1.013376
5, 182,2,383.327759, 396.805145, 472.773773, 229.028870,68.941917, 695.575012, 0.966035
5, 182,3,695.575012, 705.247986, 472.773773, 229.028870,68.941917, 695.575012, 0.986284
5, 182,4,516.423584, 514.916626, 472.773773, 229.028870,68.941917, 695.575012, 1.002927
5, 182,5,636.147400, 652.023499, 472.773773, 229.028870,68.941917, 695.575012, 0.975651
5, 182,6,223.095947, 218.947830, 472.773773, 229.028870,68.941917, 695.575012, 1.018946
5, 182,7,686.337952, 677.188049, 472.773773, 229.028870,68.941917, 695.575012, 1.013512
5, 183,0,504.437317, 526.965942, 457.516022, 235.244095,12.790344, 684.719238, 0.957248
5, 183,1,505.341644, 514.389587, 457.516022, 235.244095,12.790344, 684.719238, 0.982410
5, 183,2,12.790344, 37.570145, 457.516022, 235.244095,12.790344, 684.719238, 0.340439
5, 183,3,641.976563, 669.034485, 457.516022, 235.244095,12.790344, 684.719238, 0.959557
5, 183,4,189.219940, 193.578064, 457.516022, 235.244095,12.790344, 684.719238, 0.977486
5, 183,5,684.719238, 718.876770, 457.516022, 235.244095,12.790344, 684.719238, 0.952485
5, 183,6,616.205750, 627.653503, 457.516022, 235.244095,12.790344, 684.719238, 0.981761
5, 183,7,505.437286, 523.931152, 457.516022, 235.244095,12.790344, 684.719238, 0.964702
5, 184,0,302.733307, 316.307434, 473.903992, 290.388519,137.250320, 916.251831, 0.957086
5, 184,1,798.702881, 751.286865, 473.903992, 290.388519,137.250320, 916.251831, 1.063113
5, 184,2,689.597229, 691.964600, 473.903992, 290.388519,137.250320, 916.251831, 0.996579
5, 184,3,916.251831, 911.878479, 473.903992, 290.388519,137.250320, 916.251831, 1.004796
5, 184,4,137.250320, 137.286804, 473.903992, 290.388519,137.250320, 916.251831, 0.999734
5, 184,5,269.481537, 305.406586, 473.903992, 290.388519,137.250320, 916.251831, 0.882370
5, 184,6,442.422089, 447.298126, 473.903992, 290.388519,137.250320, 916.251831, 0.989099
5, 184,7,234.792999, 250.571182, 473.903992, 290.388519,137.250320, 916.251831, 0.937031
5, 185,0,59.610527, 52.430820, 470.470978, 213.597519,59.610527, 742.605286, 1.136937
5, 185,1,572.897034, 583.235657, 470.470978, 213.597519,59.610527, 742.605286, 0.982274
5, 185,2,342.723083, 363.551300, 470.470978, 213.597519,59.610527, 742.605286, 0.942709
5, 185,3,667.881104, 677.585938, 470.470978, 213.597519,59.610527, 742.605286, 0.985677
5, 185,4,529.249023, 528.541870, 470.470978, 213.597519,59.610527, 742.605286, 1.001338
5, 185,5,463.277435, 468.579193, 470.470978, 213.597519,59.610527, 742.605286, 0.988685
5, 185,6,742.605286, 754.987183, 470.470978, 213.597519,59.610527, 742.605286, 0.983600
5, 185,7,385.524475, 383.088104, 470.470978, 213.597519,59.610527, 742.605286, 1.006360
5, 186,0,619.072998, 571.267273, 495.309967, 484.922180,156.894592, 1617.507080, 1.083684
5, 186,1,1617.507080, 1517.071167, 495.309967, 484.922180,156.894592, 1617.507080, 1.066204
5, 186,2,549.077515, 559.070923, 495.309967, 484.922180,156.894592, 1617.507080, 0.982125
5, 186,3,186.609390, 165.515579, 495.309967, 484.922180,156.894592, 1617.507080, 1.127443
5, 186,4,205.972061, 207.945908, 495.309967, 484.922180,156.894592, 1617.507080, 0.990508
5, 186,5,380.720032, 333.507935, 495.309967, 484.922180,156.894592, 1617.507080, 1.141562
5, 186,6,246.625977, 262.432434, 495.309967, 484.922180,156.894592, 1617.507080, 0.939769
5, 186,7,156.894592, 195.188766, 495.309967, 484.922180,156.894592, 1617.507080, 0.803810
5, 187,0,68.851021, 90.887367, 485.397583, 480.812805,68.851021, 1461.267456, 0.757542
5, 187,1,928.245361, 856.721680, 485.397583, 480.812805,68.851021, 1461.267456, 1.083485
5, 187,2,388.921936, 432.273743, 485.397583, 480.812805,68.851021, 1461.267456, 0.899712
5, 187,3,1461.267456, 1404.430664, 485.397583, 480.812805,68.851021, 1461.267456, 1.040470
5, 187,4,158.210388, 157.798035, 485.397583, 480.812805,68.851021, 1461.267456, 1.002613
5, 187,5,210.221893, 224.930573, 485.397583, 480.812805,68.851021, 1461.267456, 0.934608
5, 187,6,504.367371, 488.579895, 485.397583, 480.812805,68.851021, 1461.267456, 1.032313
5, 187,7,163.095200, 156.378174, 485.397583, 480.812805,68.851021, 1461.267456, 1.042954
5, 188,0,481.035217, 470.184692, 481.618347, 266.140503,31.829584, 843.887573, 1.023077
5, 188,1,523.031860, 510.913574, 481.618347, 266.140503,31.829584, 843.887573, 1.023719
5, 188,2,586.995789, 579.986267, 481.618347, 266.140503,31.829584, 843.887573, 1.012086
5, 188,3,31.829584, 37.770943, 481.618347, 266.140503,31.829584, 843.887573, 0.842700
5, 188,4,615.195068, 612.285645, 481.618347, 266.140503,31.829584, 843.887573, 1.004752
5, 188,5,623.310303, 618.178101, 481.618347, 266.140503,31.829584, 843.887573, 1.008302
5, 188,6,147.661316, 139.688660, 481.618347, 266.140503,31.829584, 843.887573, 1.057074
5, 188,7,843.887573, 842.991760, 481.618347, 266.140503,31.829584, 843.887573, 1.001063
5, 189,0,1062.607178, 1035.051758, 507.101501, 363.867584,181.168045, 1062.607178, 1.026622
5, 189,1,187.580017, 155.843353, 507.101501, 363.867584,181.168045, 1062.607178, 1.203645
5, 189,2,782.061646, 727.821167, 507.101501, 363.867584,181.168045, 1062.607178, 1.074524
5, 189,3,954.345825, 912.249512, 507.101501, 363.867584,181.168045, 1062.607178, 1.046146
5, 189,4,181.168045, 178.284622, 507.101501, 363.867584,181.168045, 1062.607178, 1.016173
5, 189,5,287.901611, 282.444183, 507.101501, 363.867584,181.168045, 1062.607178, 1.019322
5, 189,6,321.757751, 261.352356, 507.101501, 363.867584,181.168045, 1062.607178, 1.231126
5, 189,7,279.389862, 258.953278, 507.101501, 363.867584,181.168045, 1062.607178, 1.078920
5, 190,0,275.090851, 263.440643, 489.370789, 362.752106,25.594576, 848.830750, 1.044223
5, 190,1,801.157532, 771.995483, 489.370789, 362.752106,25.594576, 848.830750, 1.037775
5, 190,2,180.291092, 186.325867, 489.370789, 362.752106,25.594576, 848.830750, 0.967612
5, 190,3,848.830750, 825.026672, 489.370789, 362.752106,25.594576, 848.830750, 1.028852
5, 190,4,144.281311, 158.005997, 489.370789, 362.752106,25.594576, 848.830750, 0.913138
5, 190,5,25.594576, 16.302021, 489.370789, 362.752106,25.594576, 848.830750, 1.570025
5, 190,6,802.063110, 770.923401, 489.370789, 362.752106,25.594576, 848.830750, 1.040393
5, 190,7,837.657227, 819.979797, 489.370789, 362.752106,25.594576, 848.830750, 1.021558
5, 191,0,472.689850, 501.009827, 455.956543, 165.041702,152.862198, 678.434021, 0.943474
5, 191,1,566.832336, 608.370422, 455.956543, 165.041702,152.862198, 678.434021, 0.931722
5, 191,2,308.668427, 304.712830, 455.956543, 165.041702,152.862198, 678.434021, 1.012981
5, 191,3,409.476685, 439.831085, 455.956543, 165.041702,152.862198, 678.434021, 0.930986
5, 191,4,152.862198, 143.343887, 455.956543, 165.041702,152.862198, 678.434021, 1.066402
5, 191,5,561.823425, 592.182373, 455.956543, 165.041702,152.862198, 678.434021, 0.948734
5, 191,6,496.865173, 511.072601, 455.956543, 165.041702,152.862198, 678.434021, 0.972201
5, 191,7,678.434021, 711.477356, 455.956543, 165.041702,152.862198, 678.434021, 0.953557
5, 192,0,667.729126, 666.359985, 477.693146, 249.789337,193.463394, 799.564697, 1.002055
5, 192,1,193.463394, 190.967102, 477.693146, 249.789337,193.463394, 799.564697, 1.013072
5, 192,2,360.318512, 357.212921, 477.693146, 249.789337,193.463394, 799.564697, 1.008694
5, 192,3,311.565796, 312.802673, 477.693146, 249.789337,193.463394, 799.564697, 0.996046
5, 192,4,487.940063, 482.220673, 477.693146, 249.789337,193.463394, 799.564697, 1.011860
5, 192,5,205.742355, 209.815292, 477.693146, 249.789337,193.463394, 799.564697, 0.980588
5, 192,6,799.564697, 799.867859, 477.693146, 249.789337,193.463394, 799.564697, 0.999621
5, 192,7,795.221252, 792.753540, 477.693146, 249.789337,193.463394, 799.564697, 1.003113
5, 193,0,586.012268, 600.460449, 468.467529, 209.950867,116.716911, 653.777710, 0.975938
5, 193,1,116.716911, 123.272179, 468.467529, 209.950867,116.716911, 653.777710, 0.946823
5, 193,2,161.982620, 161.243988, 468.467529, 209.950867,116.716911, 653.777710, 1.004581
5, 193,3,570.440979, 584.444153, 468.467529, 209.950867,116.716911, 653.777710, 0.976040
5, 193,4,546.475342, 554.619873, 468.467529, 209.950867,116.716911, 653.777710, 0.985315
5, 193,5,653.777710, 666.455444, 468.467529, 209.950867,116.716911, 653.777710, 0.980977
5, 193,6,629.893738, 631.249573, 468.467529, 209.950867,116.716911, 653.777710, 0.997852
5, 193,7,482.440613, 490.254303, 468.467529, 209.950867,116.716911, 653.777710, 0.984062
5, 194,0,106.059189, 83.672668, 506.771912, 574.150513,11.836692, 1666.073730, 1.267549
5, 194,1,120.392982, 112.672546, 506.771912, 574.150513,11.836692, 1666.073730, 1.068521
5, 194,2,123.211510, 111.424713, 506.771912, 574.150513,11.836692, 1666.073730, 1.105783
5, 194,3,597.527771, 550.116516, 506.771912, 574.150513,11.836692, 1666.073730, 1.086184
5, 194,4,1666.073730, 1576.642334, 506.771912, 574.150513,11.836692, 1666.073730, 1.056723
5, 194,5,1003.546082, 971.937500, 506.771912, 574.150513,11.836692, 1666.073730, 1.032521
5, 194,6,425.527283, 382.456299, 506.771912, 574.150513,11.836692, 1666.073730, 1.112617
5, 194,7,11.836692, 23.077398, 506.771912, 574.150513,11.836692, 1666.073730, 0.512913
5, 195,0,174.507751, 173.205231, 470.185303, 232.111649,118.484833, 736.037231, 1.007520
5, 195,1,530.621033, 542.103760, 470.185303, 232.111649,118.484833, 736.037231, 0.978818
5, 195,2,733.502502, 745.364075, 470.185303, 232.111649,118.484833, 736.037231, 0.984086
5, 195,3,736.037231, 752.938721, 470.185303, 232.111649,118.484833, 736.037231, 0.977553
5, 195,4,439.208496, 441.251099, 470.185303, 232.111649,118.484833, 736.037231, 0.995371
5, 195,5,421.155823, 430.591461, 470.185303, 232.111649,118.484833, 736.037231, 0.978087
5, 195,6,118.484833, 108.118774, 470.185303, 232.111649,118.484833, 736.037231, 1.095877
5, 195,7,607.964722, 618.426758, 470.185303, 232.111649,118.484833, 736.037231, 0.983083
5, 196,0,515.680359, 499.714539, 465.736145, 186.578308,189.717682, 658.730591, 1.031950
5, 196,1,197.997681, 191.230988, 465.736145, 186.578308,189.717682, 658.730591, 1.035385
5, 196,2,189.717682, 192.884918, 465.736145, 186.578308,189.717682, 658.730591, 0.983580
5, 196,3,592.406250, 612.583008, 465.736145, 186.578308,189.717682, 658.730591, 0.967063
5, 196,4,582.048706, 603.361084, 465.736145, 186.578308,189.717682, 658.730591, 0.964677
5, 196,5,383.248291, 394.915344, 465.736145, 186.578308,189.717682, 658.730591, 0.970457
5, 196,6,606.059753, 631.327515, 465.736145, 186.578308,189.717682, 658.730591, 0.959977
5, 196,7,658.730591, 685.982544, 465.736145, 186.578308,189.717682, 658.730591, 0.960273
5, 197,0,629.640320, 660.751465, 455.253662, 186.213852,191.728058, 701.162354, 0.952915
5, 197,1,701.162354, 737.518066, 455.253662, 186.213852,191.728058, 701.162354, 0.950705
5, 197,2,191.728058, 208.221100, 455.253662, 186.213852,191.728058, 701.162354, 0.920791
5, 197,3,445.551788, 470.722809, 455.253662, 186.213852,191.728058, 701.162354, 0.946527
5, 197,4,215.236618, 219.275879, 455.253662, 186.213852,191.728058, 701.162354, 0.981579
5, 197,5,377.290192, 386.800201, 455.253662, 186.213852,191.728058, 701.162354, 0.975414
5, 197,6,585.517883, 602.047668, 455.253662, 186.213852,191.728058, 701.162354, 0.972544
5, 197,7,495.901978, 526.662903, 455.253662, 186.213852,191.728058, 701.162354, 0.941593
5, 198,0,239.435165, 233.325027, 499.313049, 335.135529,32.061039, 881.898560, 1.026187
5, 198,1,32.061039, 19.014828, 499.313049, 335.135529,32.061039, 881.898560, 1.686107
5, 198,2,827.570251, 768.701721, 499.313049, 335.135529,32.061039, 881.898560, 1.076582
5, 198,3,312.930817, 313.730347, 499.313049, 335.135529,32.061039, 881.898560, 0.997452
5, 198,4,777.234985, 747.308899, 499.313049, 335.135529,32.061039, 881.898560, 1.040045
5, 198,5,881.898560, 817.520508, 499.313049, 335.135529,32.061039, 881.898560, 1.078748
5, 198,6,205.352066, 194.838638, 499.313049, 335.135529,32.061039, 881.898560, 1.053960
5, 198,7,718.021484, 717.559937, 499.313049, 335.135529,32.061039, 881.898560, 1.000643
5, 199,0,170.877853, 166.710587, 507.710083, 366.734924,60.441410, 1047.750732, 1.024997
5, 199,1,884.570923, 850.754395, 507.710083, 366.734924,60.441410, 1047.750732, 1.039749
5, 199,2,222.818466, 213.982773, 507.710083, 366.734924,60.441410, 1047.750732, 1.041292
5, 199,3,716.882751, 665.378296, 507.710083, 366.734924,60.441410, 1047.750732, 1.077406
5, 199,4,295.127411, 277.962128, 507.710083, 366.734924,60.441410, 1047.750732, 1.061754
5, 199,5,1047.750732, 989.678650, 507.710083, 366.734924,60.441410, 1047.750732, 1.058678
5, 199,6,663.211121, 636.324280, 507.710083, 366.734924,60.441410, 1047.750732, 1.042253
5, 199,7,60.441410, 11.208787, 507.710083, 366.734924,60.441410, 1047.750732, 5.392324
5, 200,0,671.238159, 660.913940, 482.945892, 209.319611,85.508530, 694.656555, 1.015621
5, 200,1,85.508530, 89.815559, 482.945892, 209.319611,85.508530, 694.656555, 0.952046
5, 200,2,361.132019, 359.115204, 482.945892, 209.319611,85.508530, 694.656555, 1.005616
5, 200,3,395.281219, 394.229126, 482.945892, 209.319611,85.508530, 694.656555, 1.002669
5, 200,4,580.333130, 576.397827, 482.945892, 209.319611,85.508530, 694.656555, 1.006827
5, 200,5,414.288605, 408.112793, 482.945892, 209.319611,85.508530, 694.656555, 1.015133
5, 200,6,661.129028, 646.376526, 482.945892, 209.319611,85.508530, 694.656555, 1.022823
5, 200,7,694.656555, 677.038940, 482.945892, 209.319611,85.508530, 694.656555, 1.026022
5, 201,0,78.216072, 55.103172, 497.572449, 453.764801,51.955109, 1101.374634, 1.419448
5, 201,1,51.955109, 37.203682, 497.572449, 453.764801,51.955109, 1101.374634, 1.396505
5, 201,2,965.033691, 932.754211, 497.572449, 453.764801,51.955109, 1101.374634, 1.034607
5, 201,3,1101.374634, 1076.304565, 497.572449, 453.764801,51.955109, 1101.374634, 1.023293
5, 201,4,75.662834, 42.874809, 497.572449, 453.764801,51.955109, 1101.374634, 1.764739
5, 201,5,917.619568, 887.429443, 497.572449, 453.764801,51.955109, 1101.374634, 1.034020
5, 201,6,628.213867, 617.297852, 497.572449, 453.764801,51.955109, 1101.374634, 1.017684
5, 201,7,162.503540, 163.031784, 497.572449, 453.764801,51.955109, 1101.374634, 0.996760
5, 202,0,663.116821, 669.307373, 472.773071, 255.451553,15.676484, 752.592041, 0.990751
5, 202,1,15.676484, 18.168507, 472.773071, 255.451553,15.676484, 752.592041, 0.862838
5, 202,2,378.344940, 384.553253, 472.773071, 255.451553,15.676484, 752.592041, 0.983856
5, 202,3,752.592041, 743.640747, 472.773071, 255.451553,15.676484, 752.592041, 1.012037
5, 202,4,293.452637, 292.466949, 472.773071, 255.451553,15.676484, 752.592041, 1.003370
5, 202,5,370.172394, 378.944183, 472.773071, 255.451553,15.676484, 752.592041, 0.976852
5, 202,6,743.113831, 748.705261, 472.773071, 255.451553,15.676484, 752.592041, 0.992532
5, 202,7,565.715210, 576.213623, 472.773071, 255.451553,15.676484, 752.592041, 0.981780
5, 203,0,66.264168, 88.649620, 473.232727, 347.131287,66.264168, 858.983215, 0.747484
5, 203,1,850.786194, 814.142151, 473.232727, 347.131287,66.264168, 858.983215, 1.045009
5, 203,2,83.884880, 72.447723, 473.232727, 347.131287,66.264168, 858.983215, 1.157868
5, 203,3,763.862671, 772.087646, 473.232727, 347.131287,66.264168, 858.983215, 0.989347
5, 203,4,105.747665, 106.577362, 473.232727, 347.131287,66.264168, 858.983215, 0.992215
5, 203,5,858.983215, 883.704651, 473.232727, 347.131287,66.264168, 858.983215, 0.972025
5, 203,6,459.648895, 469.746277, 473.232727, 347.131287,66.264168, 858.983215, 0.978505
5, 203,7,596.683960, 604.644653, 473.232727, 347.131287,66.264168, 858.983215, 0.986834
5, 204,0,460.699921, 477.194092, 469.587280, 326.535400,109.728325, 988.024719, 0.965435
5, 204,1,926.762390, 936.791321, 469.587280, 326.535400,109.728325, 988.024719, 0.989294
5, 204,2,427.021667, 437.409515, 469.587280, 326.535400,109.728325, 988.024719, 0.976251
5, 204,3,323.950439, 313.906494, 469.587280, 326.535400,109.728325, 988.024719, 1.031997
5, 204,4,988.024719, 999.336060, 469.587280, 326.535400,109.728325, 988.024719, 0.988681
5, 204,5,141.192261, 151.595230, 469.587280, 326.535400,109.728325, 988.024719, 0.931377
5, 204,6,109.728325, 107.447784, 469.587280, 326.535400,109.728325, 988.024719, 1.021225
5, 204,7,379.318726, 388.319550, 469.587280, 326.535400,109.728325, 988.024719, 0.976821
5, 205,0,513.911133, 503.481903, 481.069214, 298.175140,44.419109, 926.593567, 1.020714
5, 205,1,44.419109, 25.287884, 481.069214, 298.175140,44.419109, 926.593567, 1.756537
5, 205,2,175.104874, 179.785034, 481.069214, 298.175140,44.419109, 926.593567, 0.973968
5, 205,3,317.077515, 314.414825, 481.069214, 298.175140,44.419109, 926.593567, 1.008469
5, 205,4,509.642334, 508.577881, 481.069214, 298.175140,44.419109, 926.593567, 1.002093
5, 205,5,556.535522, 544.421692, 481.069214, 298.175140,44.419109, 926.593567, 1.022251
5, 205,6,926.593567, 934.848206, 481.069214, 298.175140,44.419109, 926.593567, 0.991170
5, 205,7,805.269653, 801.182434, 481.069214, 298.175140,44.419109, 926.593567, 1.005101
5, 206,0,125.904297, 108.123352, 507.638794, 467.282043,69.072014, 1437.588745, 1.164451
5, 206,1,217.013260, 203.784668, 507.638794, 467.282043,69.072014, 1437.588745, 1.064915
5, 206,2,597.367004, 554.333923, 507.638794, 467.282043,69.072014, 1437.588745, 1.077630
5, 206,3,151.457367, 136.324860, 507.638794, 467.282043,69.072014, 1437.588745, 1.111003
5, 206,4,1437.588745, 1385.293701, 507.638794, 467.282043,69.072014, 1437.588745, 1.037750
5, 206,5,69.072014, 33.456497, 507.638794, 467.282043,69.072014, 1437.588745, 2.064532
5, 206,6,786.681641, 765.039551, 507.638794, 467.282043,69.072014, 1437.588745, 1.028289
5, 206,7,676.026123, 625.643433, 507.638794, 467.282043,69.072014, 1437.588745, 1.080529
5, 207,0,178.729034, 175.389999, 500.533081, 328.128082,66.946518, 885.745972, 1.019038
5, 207,1,777.419434, 734.041260, 500.533081, 328.128082,66.946518, 885.745972, 1.059095
5, 207,2,195.636108, 196.523758, 500.533081, 328.128082,66.946518, 885.745972, 0.995483
5, 207,3,885.745972, 844.546631, 500.533081, 328.128082,66.946518, 885.745972, 1.048783
5, 207,4,66.946518, 40.859482, 500.533081, 328.128082,66.946518, 885.745972, 1.638457
5, 207,5,431.203003, 414.879547, 500.533081, 328.128082,66.946518, 885.745972, 1.039345
5, 207,6,856.788208, 820.889404, 500.533081, 328.128082,66.946518, 885.745972, 1.043732
5, 207,7,611.796387, 584.869568, 500.533081, 328.128082,66.946518, 885.745972, 1.046039
5, 208,0,176.714294, 171.109680, 483.528351, 308.414490,52.309895, 867.865723, 1.032755
5, 208,1,665.609314, 651.085083, 483.528351, 308.414490,52.309895, 867.865723, 1.022308
5, 208,2,778.656494, 771.815918, 483.528351, 308.414490,52.309895, 867.865723, 1.008863
5, 208,3,578.665100, 561.645874, 483.528351, 308.414490,52.309895, 867.865723, 1.030302
5, 208,4,867.865723, 856.819763, 483.528351, 308.414490,52.309895, 867.865723, 1.012892
5, 208,5,168.256500, 172.137421, 483.528351, 308.414490,52.309895, 867.865723, 0.977455
5, 208,6,52.309895, 51.514751, 483.528351, 308.414490,52.309895, 867.865723, 1.015435
5, 208,7,580.149414, 575.871765, 483.528351, 308.414490,52.309895, 867.865723, 1.007428
5, 209,0,365.828583, 360.483521, 475.489624, 304.697571,162.255066, 982.381104, 1.014827
5, 209,1,162.255066, 171.834869, 475.489624, 304.697571,162.255066, 982.381104, 0.944250
5, 209,2,222.498901, 221.408112, 475.489624, 304.697571,162.255066, 982.381104, 1.004927
5, 209,3,178.465561, 176.472763, 475.489624, 304.697571,162.255066, 982.381104, 1.011292
5, 209,4,818.069031, 813.246460, 475.489624, 304.697571,162.255066, 982.381104, 1.005930
5, 209,5,484.308929, 492.556000, 475.489624, 304.697571,162.255066, 982.381104, 0.983257
5, 209,6,982.381104, 986.169250, 475.489624, 304.697571,162.255066, 982.381104, 0.996159
5, 209,7,590.109863, 589.828918, 475.489624, 304.697571,162.255066, 982.381104, 1.000476
5, 210,0,1037.668701, 1003.344727, 495.732483, 352.302612,156.777802, 1037.668701, 1.034210
5, 210,1,243.068726, 236.429855, 495.732483, 352.302612,156.777802, 1037.668701, 1.028080
5, 210,2,240.548172, 243.626434, 495.732483, 352.302612,156.777802, 1037.668701, 0.987365
5, 210,3,225.698837, 193.404785, 495.732483, 352.302612,156.777802, 1037.668701, 1.166976
5, 210,4,411.500305, 409.765594, 495.732483, 352.302612,156.777802, 1037.668701, 1.004233
5, 210,5,156.777802, 130.457855, 495.732483, 352.302612,156.777802, 1037.668701, 1.201751
5, 210,6,694.845459, 688.702698, 495.732483, 352.302612,156.777802, 1037.668701, 1.008919
5, 210,7,955.751648, 906.268066, 495.732483, 352.302612,156.777802, 1037.668701, 1.054601
5, 211,0,51.683636, 17.961962, 489.662537, 267.630035,51.683636, 708.117493, 2.877394
5, 211,1,557.597107, 561.390137, 489.662537, 267.630035,51.683636, 708.117493, 0.993244
5, 211,2,708.117493, 709.827271, 489.662537, 267.630035,51.683636, 708.117493, 0.997591
5, 211,3,701.178101, 721.236267, 489.662537, 267.630035,51.683636, 708.117493, 0.972189
5, 211,4,683.296448, 630.814575, 489.662537, 267.630035,51.683636, 708.117493, 1.083197
5, 211,5,700.038757, 708.200928, 489.662537, 267.630035,51.683636, 708.117493, 0.988475
5, 211,6,150.204529, 156.082581, 489.662537, 267.630035,51.683636, 708.117493, 0.962340
5, 211,7,365.184143, 306.485992, 489.662537, 267.630035,51.683636, 708.117493, 1.191520
5, 212,0,331.277649, 334.515717, 466.873932, 186.258133,244.214432, 750.882385, 0.990320
5, 212,1,244.214432, 242.608871, 466.873932, 186.258133,244.214432, 750.882385, 1.006618
5, 212,2,750.882385, 777.553833, 466.873932, 186.258133,244.214432, 750.882385, 0.965698
5, 212,3,520.549011, 543.766602, 466.873932, 186.258133,244.214432, 750.882385, 0.957302
5, 212,4,358.224945, 338.466431, 466.873932, 186.258133,244.214432, 750.882385, 1.058377
5, 212,5,298.077454, 300.379883, 466.873932, 186.258133,244.214432, 750.882385, 0.992335
5, 212,6,558.284851, 575.060730, 466.873932, 186.258133,244.214432, 750.882385, 0.970828
5, 212,7,673.480774, 699.647827, 466.873932, 186.258133,244.214432, 750.882385, 0.962600
5, 213,0,550.633728, 552.200256, 472.905792, 280.126068,74.401245, 1045.404053, 0.997163
5, 213,1,510.246552, 578.578857, 472.905792, 280.126068,74.401245, 1045.404053, 0.881896
5, 213,2,1045.404053, 986.978149, 472.905792, 280.126068,74.401245, 1045.404053, 1.059197
5, 213,3,525.558411, 494.790070, 472.905792, 280.126068,74.401245, 1045.404053, 1.062185
5, 213,4,305.059479, 315.998199, 472.905792, 280.126068,74.401245, 1045.404053, 0.965384
5, 213,5,318.006805, 348.402344, 472.905792, 280.126068,74.401245, 1045.404053, 0.912757
5, 213,6,74.401245, 74.239204, 472.905792, 280.126068,74.401245, 1045.404053, 1.002183
5, 213,7,453.936371, 460.812561, 472.905792, 280.126068,74.401245, 1045.404053, 0.985078
5, 214,0,550.382629, 560.109558, 465.343475, 183.123718,212.897858, 717.816895, 0.982634
5, 214,1,717.816895, 737.298950, 465.343475, 183.123718,212.897858, 717.816895, 0.973576
5, 214,2,293.550385, 300.651917, 465.343475, 183.123718,212.897858, 717.816895, 0.976380
5, 214,3,212.897858, 218.164673, 465.343475, 183.123718,212.897858, 717.816895, 0.975859
5, 214,4,369.096527, 391.217560, 465.343475, 183.123718,212.897858, 717.816895, 0.943456
5, 214,5,490.244354, 492.124512, 465.343475, 183.123718,212.897858, 717.816895, 0.996180
5, 214,6,699.536011, 726.981934, 465.343475, 183.123718,212.897858, 717.816895, 0.962247
5, 214,7,389.223297, 385.450714, 465.343475, 183.123718,212.897858, 717.816895, 1.009787
5, 215,0,396.271759, 363.275635, 500.192047, 288.745117,45.714855, 806.959839, 1.090829
5, 215,1,583.726013, 554.716064, 500.192047, 288.745117,45.714855, 806.959839, 1.052297
5, 215,2,802.686829, 744.879578, 500.192047, 288.745117,45.714855, 806.959839, 1.077606
5, 215,3,806.959839, 763.512817, 500.192047, 288.745117,45.714855, 806.959839, 1.056904
5, 215,4,785.811890, 752.730103, 500.192047, 288.745117,45.714855, 806.959839, 1.043949
5, 215,5,246.063278, 248.354660, 500.192047, 288.745117,45.714855, 806.959839, 0.990774
5, 215,6,334.301727, 314.327820, 500.192047, 288.745117,45.714855, 806.959839, 1.063545
5, 215,7,45.714855, 70.203461, 500.192047, 288.745117,45.714855, 806.959839, 0.651177
5, 216,0,523.606384, 534.997986, 460.554443, 230.715546,20.994165, 735.961182, 0.978707
5, 216,1,695.791138, 687.662598, 460.554443, 230.715546,20.994165, 735.961182, 1.011821
5, 216,2,416.289368, 443.924316, 460.554443, 230.715546,20.994165, 735.961182, 0.937748
5, 216,3,20.994165, 22.104439, 460.554443, 230.715546,20.994165, 735.961182, 0.949771
5, 216,4,552.352356, 568.151611, 460.554443, 230.715546,20.994165, 735.961182, 0.972192
5, 216,5,276.591980, 301.273193, 460.554443, 230.715546,20.994165, 735.961182, 0.918077
5, 216,6,462.849060, 490.855133, 460.554443, 230.715546,20.994165, 735.961182, 0.942944
5, 216,7,735.961182, 763.030701, 460.554443, 230.715546,20.994165, 735.961182, 0.964524
5, 217,0,11.815080, 19.858429, 471.475342, 305.225433,11.815080, 762.784607, 0.594965
5, 217,1,734.039001, 733.747009, 471.475342, 305.225433,11.815080, 762.784607, 1.000398
5, 217,2,732.644714, 733.508362, 471.475342, 305.225433,11.815080, 762.784607, 0.998823
5, 217,3,124.917519, 128.468216, 471.475342, 305.225433,11.815080, 762.784607, 0.972361
5, 217,4,762.784607, 775.352966, 471.475342, 305.225433,11.815080, 762.784607, 0.983790
5, 217,5,725.061951, 736.492188, 471.475342, 305.225433,11.815080, 762.784607, 0.984480
5, 217,6,341.282288, 347.621307, 471.475342, 305.225433,11.815080, 762.784607, 0.981765
5, 217,7,339.257660, 336.951294, 471.475342, 305.225433,11.815080, 762.784607, 1.006845
5, 218,0,557.201111, 572.928650, 468.259735, 181.672943,98.877647, 675.547668, 0.972549
5, 218,1,429.419678, 433.949951, 468.259735, 181.672943,98.877647, 675.547668, 0.989560
5, 218,2,564.153625, 564.614197, 468.259735, 181.672943,98.877647, 675.547668, 0.999184
5, 218,3,357.391449, 366.645782, 468.259735, 181.672943,98.877647, 675.547668, 0.974759
5, 218,4,611.295654, 626.503296, 468.259735, 181.672943,98.877647, 675.547668, 0.975726
5, 218,5,452.191254, 454.501495, 468.259735, 181.672943,98.877647, 675.547668, 0.994917
5, 218,6,675.547668, 681.122620, 468.259735, 181.672943,98.877647, 675.547668, 0.991815
5, 218,7,98.877647, 111.734337, 468.259735, 181.672943,98.877647, 675.547668, 0.884935
5, 219,0,685.371033, 664.172302, 491.515228, 295.709198,66.264374, 799.033752, 1.031918
5, 219,1,66.264374, 84.978279, 491.515228, 295.709198,66.264374, 799.033752, 0.779780
5, 219,2,786.104858, 749.409302, 491.515228, 295.709198,66.264374, 799.033752, 1.048966
5, 219,3,601.468323, 590.180908, 491.515228, 295.709198,66.264374, 799.033752, 1.019125
5, 219,4,99.603889, 98.082840, 491.515228, 295.709198,66.264374, 799.033752, 1.015508
5, 219,5,300.994995, 286.894104, 491.515228, 295.709198,66.264374, 799.033752, 1.049150
5, 219,6,799.033752, 756.661621, 491.515228, 295.709198,66.264374, 799.033752, 1.055999
5, 219,7,593.280457, 581.620422, 491.515228, 295.709198,66.264374, 799.033752, 1.020048
5, 220,0,582.954163, 567.624878, 485.126038, 286.224091,56.751907, 751.789795, 1.027006
5, 220,1,68.072105, 72.365784, 485.126038, 286.224091,56.751907, 751.789795, 0.940667
5, 220,2,722.581482, 710.308777, 485.126038, 286.224091,56.751907, 751.789795, 1.017278
5, 220,3,368.988434, 371.659210, 485.126038, 286.224091,56.751907, 751.789795, 0.992814
5, 220,4,751.789795, 745.086914, 485.126038, 286.224091,56.751907, 751.789795, 1.008996
5, 220,5,685.129333, 691.397705, 485.126038, 286.224091,56.751907, 751.789795, 0.990934
5, 220,6,644.741211, 628.169067, 485.126038, 286.224091,56.751907, 751.789795, 1.026382
5, 220,7,56.751907, 25.387714, 485.126038, 286.224091,56.751907, 751.789795, 2.235408
5, 221,0,424.853333, 432.097351, 459.087494, 238.683762,9.824988, 822.901672, 0.983235
5, 221,1,9.824988, 11.904980, 459.087494, 238.683762,9.824988, 822.901672, 0.825284
5, 221,2,625.833313, 673.914307, 459.087494, 238.683762,9.824988, 822.901672, 0.928654
5, 221,3,378.289215, 366.750763, 459.087494, 238.683762,9.824988, 822.901672, 1.031461
5, 221,4,822.901672, 858.322144, 459.087494, 238.683762,9.824988, 822.901672, 0.958733
5, 221,5,546.735413, 567.668396, 459.087494, 238.683762,9.824988, 822.901672, 0.963125
5, 221,6,532.011292, 569.255920, 459.087494, 238.683762,9.824988, 822.901672, 0.934573
5, 221,7,332.250977, 332.085907, 459.087494, 238.683762,9.824988, 822.901672, 1.000497
5, 222,0,423.763977, 411.800079, 482.886719, 268.030060,177.994583, 920.021301, 1.029053
5, 222,1,592.621887, 584.110596, 482.886719, 268.030060,177.994583, 920.021301, 1.014571
5, 222,2,235.863632, 236.818649, 482.886719, 268.030060,177.994583, 920.021301, 0.995967
5, 222,3,177.994583, 177.741776, 482.886719, 268.030060,177.994583, 920.021301, 1.001422
5, 222,4,252.308960, 251.789948, 482.886719, 268.030060,177.994583, 920.021301, 1.002061
5, 222,5,781.378174, 768.264526, 482.886719, 268.030060,177.994583, 920.021301, 1.017069
5, 222,6,920.021301, 898.156433, 482.886719, 268.030060,177.994583, 920.021301, 1.024344
5, 222,7,479.141479, 483.317932, 482.886719, 268.030060,177.994583, 920.021301, 0.991359
5, 223,0,576.748535, 617.120117, 453.857635, 154.332489,123.955658, 576.748535, 0.934581
5, 223,1,551.619080, 553.956116, 453.857635, 154.332489,123.955658, 576.748535, 0.995781
5, 223,2,123.955658, 132.355804, 453.857635, 154.332489,123.955658, 576.748535, 0.936534
5, 223,3,527.660400, 551.357605, 453.857635, 154.332489,123.955658, 576.748535, 0.957020
5, 223,4,428.307983, 441.567719, 453.857635, 154.332489,123.955658, 576.748535, 0.969971
5, 223,5,546.760315, 587.440674, 453.857635, 154.332489,123.955658, 576.748535, 0.930750
5, 223,6,343.048584, 353.179047, 453.857635, 154.332489,123.955658, 576.748535, 0.971316
5, 223,7,532.760559, 575.023193, 453.857635, 154.332489,123.955658, 576.748535, 0.926503
5, 224,0,95.049812, 89.444168, 480.009125, 315.672211,59.250381, 1004.298340, 1.062672
5, 224,1,1004.298340, 981.983826, 480.009125, 315.672211,59.250381, 1004.298340, 1.022724
5, 224,2,744.658203, 746.569275, 480.009125, 315.672211,59.250381, 1004.298340, 0.997440
5, 224,3,59.250381, 50.399460, 480.009125, 315.672211,59.250381, 1004.298340, 1.175615
5, 224,4,532.495300, 525.153931, 480.009125, 315.672211,59.250381, 1004.298340, 1.013979
5, 224,5,341.083099, 346.812683, 480.009125, 315.672211,59.250381, 1004.298340, 0.983479
5, 224,6,529.341370, 531.719238, 480.009125, 315.672211,59.250381, 1004.298340, 0.995528
5, 224,7,533.896667, 539.917297, 480.009125, 315.672211,59.250381, 1004.298340, 0.988849
5, 225,0,737.495911, 740.191467, 472.101196, 310.741943,131.322235, 935.921326, 0.996358
5, 225,1,131.322235, 157.157150, 472.101196, 310.741943,131.322235, 935.921326, 0.835611
5, 225,2,282.065002, 271.496368, 472.101196, 310.741943,131.322235, 935.921326, 1.038927
5, 225,3,232.642075, 239.037460, 472.101196, 310.741943,131.322235, 935.921326, 0.973245
5, 225,4,935.921326, 932.222778, 472.101196, 310.741943,131.322235, 935.921326, 1.003967
5, 225,5,802.843384, 815.310791, 472.101196, 310.741943,131.322235, 935.921326, 0.984708
5, 225,6,205.959961, 202.210770, 472.101196, 310.741943,131.322235, 935.921326, 1.018541
5, 225,7,448.559479, 454.373322, 472.101196, 310.741943,131.322235, 935.921326, 0.987205
5, 226,0,589.987671, 602.433777, 461.390472, 187.716202,246.599228, 724.958130, 0.979340
5, 226,1,431.847961, 454.416260, 461.390472, 187.716202,246.599228, 724.958130, 0.950336
5, 226,2,708.962280, 731.770142, 461.390472, 187.716202,246.599228, 724.958130, 0.968832
5, 226,3,341.029266, 338.957336, 461.390472, 187.716202,246.599228, 724.958130, 1.006113
5, 226,4,724.958130, 779.977051, 461.390472, 187.716202,246.599228, 724.958130, 0.929461
5, 226,5,319.079987, 325.613708, 461.390472, 187.716202,246.599228, 724.958130, 0.979934
5, 226,6,328.659485, 330.684265, 461.390472, 187.716202,246.599228, 724.958130, 0.993877
5, 226,7,246.599228, 248.147736, 461.390472, 187.716202,246.599228, 724.958130, 0.993760
5, 227,0,741.531738, 738.039124, 482.984680, 250.358490,99.600060, 741.531738, 1.004732
5, 227,1,659.751770, 654.263367, 482.984680, 250.358490,99.600060, 741.531738, 1.008389
5, 227,2,357.281708, 358.543640, 482.984680, 250.358490,99.600060, 741.531738, 0.996480
5, 227,3,721.369568, 712.320435, 482.984680, 250.358490,99.600060, 741.531738, 1.012704
5, 227,4,99.600060, 79.977097, 482.984680, 250.358490,99.600060, 741.531738, 1.245357
5, 227,5,168.761627, 172.966782, 482.984680, 250.358490,99.600060, 741.531738, 0.975688
5, 227,6,632.363098, 628.164551, 482.984680, 250.358490,99.600060, 741.531738, 1.006684
5, 227,7,483.217896, 467.724915, 482.984680, 250.358490,99.600060, 741.531738, 1.033124
5, 228,0,926.042358, 921.808899, 480.215027, 323.520294,16.670139, 926.042358, 1.004593
5, 228,1,69.868813, 87.360153, 480.215027, 323.520294,16.670139, 926.042358, 0.799779
5, 228,2,538.300659, 516.202515, 480.215027, 323.520294,16.670139, 926.042358, 1.042809
5, 228,3,16.670139, 13.934618, 480.215027, 323.520294,16.670139, 926.042358, 1.196311
5, 228,4,758.838501, 765.508484, 480.215027, 323.520294,16.670139, 926.042358, 0.991287
5, 228,5,556.693237, 552.047729, 480.215027, 323.520294,16.670139, 926.042358, 1.008415
5, 228,6,309.224945, 310.549011, 480.215027, 323.520294,16.670139, 926.042358, 0.995736
5, 228,7,666.081299, 644.588684, 480.215027, 323.520294,16.670139, 926.042358, 1.033343
5, 229,0,271.614990, 257.237854, 488.421753, 280.022858,65.759537, 890.180908, 1.055890
5, 229,1,535.502014, 527.336365, 488.421753, 280.022858,65.759537, 890.180908, 1.015485
5, 229,2,328.768097, 310.331696, 488.421753, 280.022858,65.759537, 890.180908, 1.059409
5, 229,3,842.442078, 821.467163, 488.421753, 280.022858,65.759537, 890.180908, 1.025533
5, 229,4,890.180908, 874.075134, 488.421753, 280.022858,65.759537, 890.180908, 1.018426
5, 229,5,420.268372, 418.433960, 488.421753, 280.022858,65.759537, 890.180908, 1.004384
5, 229,6,65.759537, 66.722969, 488.421753, 280.022858,65.759537, 890.180908, 0.985561
5, 229,7,552.838135, 536.394897, 488.421753, 280.022858,65.759537, 890.180908, 1.030655
5, 230,0,634.561340, 656.855774, 470.453461, 198.483948,121.909149, 714.589355, 0.966059
5, 230,1,421.039734, 433.559265, 470.453461, 198.483948,121.909149, 714.589355, 0.971124
5, 230,2,714.589355, 727.365417, 470.453461, 198.483948,121.909149, 714.589355, 0.982435
5, 230,3,453.255646, 474.160797, 470.453461, 198.483948,121.909149, 714.589355, 0.955911
5, 230,4,445.128296, 457.834229, 470.453461, 198.483948,121.909149, 714.589355, 0.972248
5, 230,5,665.255981, 681.846863, 470.453461, 198.483948,121.909149, 714.589355, 0.975668
5, 230,6,121.909149, 77.144112, 470.453461, 198.483948,121.909149, 714.589355, 1.580278
5, 230,7,307.888367, 303.233337, 470.453461, 198.483948,121.909149, 714.589355, 1.015351
5, 231,0,337.838013, 366.592438, 449.482880, 110.411621,282.282379, 590.223755, 0.921563
5, 231,1,517.856445, 549.889771, 449.482880, 110.411621,282.282379, 590.223755, 0.941746
5, 231,2,282.282379, 299.122620, 449.482880, 110.411621,282.282379, 590.223755, 0.943701
5, 231,3,529.329407, 558.579529, 449.482880, 110.411621,282.282379, 590.223755, 0.947635
5, 231,4,451.765991, 475.226715, 449.482880, 110.411621,282.282379, 590.223755, 0.950633
5, 231,5,526.871765, 560.154663, 449.482880, 110.411621,282.282379, 590.223755, 0.940583
5, 231,6,590.223755, 632.402466, 449.482880, 110.411621,282.282379, 590.223755, 0.933304
5, 231,7,359.695099, 370.031555, 449.482880, 110.411621,282.282379, 590.223755, 0.972066
5, 232,0,722.191772, 711.306396, 481.824158, 256.562531,116.818695, 745.745789, 1.015303
5, 232,1,388.382507, 384.442169, 481.824158, 256.562531,116.818695, 745.745789, 1.010249
5, 232,2,745.745789, 744.265259, 481.824158, 256.562531,116.818695, 745.745789, 1.001989
5, 232,3,648.696289, 643.396484, 481.824158, 256.562531,116.818695, 745.745789, 1.008237
5, 232,4,184.469162, 181.122513, 481.824158, 256.562531,116.818695, 745.745789, 1.018477
5, 232,5,713.261597, 710.251648, 481.824158, 256.562531,116.818695, 745.745789, 1.004238
5, 232,6,116.818695, 112.773117, 481.824158, 256.562531,116.818695, 745.745789, 1.035874
5, 232,7,335.027588, 324.442352, 481.824158, 256.562531,116.818695, 745.745789, 1.032626
5, 233,0,1023.661194, 1008.425598, 482.436890, 342.026764,14.052414, 1023.661194, 1.015108
5, 233,1,236.933655, 235.811630, 482.436890, 342.026764,14.052414, 1023.661194, 1.004758
5, 233,2,298.509705, 298.959320, 482.436890, 342.026764,14.052414, 1023.661194, 0.998496
5, 233,3,618.545837, 600.651611, 482.436890, 342.026764,14.052414, 1023.661194, 1.029791
5, 233,4,756.554749, 742.664307, 482.436890, 342.026764,14.052414, 1023.661194, 1.018704
5, 233,5,697.861084, 696.745972, 482.436890, 342.026764,14.052414, 1023.661194, 1.001601
5, 233,6,213.376373, 213.130997, 482.436890, 342.026764,14.052414, 1023.661194, 1.001151
5, 233,7,14.052414, 15.610474, 482.436890, 342.026764,14.052414, 1023.661194, 0.900191
5, 234,0,598.992126, 597.484314, 484.474365, 225.565063,170.234146, 722.809814, 1.002524
5, 234,1,705.512207, 701.677246, 484.474365, 225.565063,170.234146, 722.809814, 1.005465
5, 234,2,642.602661, 624.802673, 484.474365, 225.565063,170.234146, 722.809814, 1.028489
5, 234,3,722.809814, 711.515259, 484.474365, 225.565063,170.234146, 722.809814, 1.015874
5, 234,4,261.050781, 251.667252, 484.474365, 225.565063,170.234146, 722.809814, 1.037285
5, 234,5,237.588928, 244.713882, 484.474365, 225.565063,170.234146, 722.809814, 0.970885
5, 234,6,170.234146, 153.695770, 484.474365, 225.565063,170.234146, 722.809814, 1.107605
5, 234,7,537.004150, 526.443726, 484.474365, 225.565063,170.234146, 722.809814, 1.020060
5, 235,0,211.757843, 214.679077, 472.837646, 271.255524,204.367126, 880.029114, 0.986393
5, 235,1,453.812042, 456.901031, 472.837646, 271.255524,204.367126, 880.029114, 0.993239
5, 235,2,880.029114, 885.292664, 472.837646, 271.255524,204.367126, 880.029114, 0.994054
5, 235,3,568.403564, 571.102051, 472.837646, 271.255524,204.367126, 880.029114, 0.995275
5, 235,4,204.367126, 206.679489, 472.837646, 271.255524,204.367126, 880.029114, 0.988812
5, 235,5,843.619751, 854.673584, 472.837646, 271.255524,204.367126, 880.029114, 0.987067
5, 235,6,242.392273, 238.926086, 472.837646, 271.255524,204.367126, 880.029114, 1.014507
5, 235,7,378.319611, 383.746185, 472.837646, 271.255524,204.367126, 880.029114, 0.985859
5, 236,0,552.190918, 536.244507, 499.363037, 321.436462,97.470467, 1019.501343, 1.029737
5, 236,1,234.602646, 238.240372, 499.363037, 321.436462,97.470467, 1019.501343, 0.984731
5, 236,2,470.787476, 445.321045, 499.363037, 321.436462,97.470467, 1019.501343, 1.057187
5, 236,3,362.691772, 350.134033, 499.363037, 321.436462,97.470467, 1019.501343, 1.035866
5, 236,4,97.470467, 39.434067, 499.363037, 321.436462,97.470467, 1019.501343, 2.471733
5, 236,5,341.357635, 332.227264, 499.363037, 321.436462,97.470467, 1019.501343, 1.027482
5, 236,6,916.302063, 894.348572, 499.363037, 321.436462,97.470467, 1019.501343, 1.024547
5, 236,7,1019.501343, 976.050171, 499.363037, 321.436462,97.470467, 1019.501343, 1.044517
5, 237,0,352.342773, 351.686554, 468.567596, 176.201248,183.887314, 770.517456, 1.001866
5, 237,1,607.175598, 628.950073, 468.567596, 176.201248,183.887314, 770.517456, 0.965380
5, 237,2,770.517456, 813.318665, 468.567596, 176.201248,183.887314, 770.517456, 0.947375
5, 237,3,183.887314, 174.348633, 468.567596, 176.201248,183.887314, 770.517456, 1.054710
5, 237,4,418.623383, 404.965240, 468.567596, 176.201248,183.887314, 770.517456, 1.033727
5, 237,5,393.100189, 391.776459, 468.567596, 176.201248,183.887314, 770.517456, 1.003379
5, 237,6,495.258057, 507.458771, 468.567596, 176.201248,183.887314, 770.517456, 0.975957
5, 237,7,527.635925, 539.495728, 468.567596, 176.201248,183.887314, 770.517456, 0.978017
5, 238,0,428.052582, 408.075623, 496.658508, 353.922760,82.110123, 1040.547729, 1.048954
5, 238,1,188.023026, 197.215698, 496.658508, 353.922760,82.110123, 1040.547729, 0.953388
5, 238,2,82.110123, 82.304199, 496.658508, 353.922760,82.110123, 1040.547729, 0.997642
5, 238,3,1006.335388, 945.929382, 496.658508, 353.922760,82.110123, 1040.547729, 1.063859
5, 238,4,527.873108, 503.785553, 496.658508, 353.922760,82.110123, 1040.547729, 1.047813
5, 238,5,402.764587, 388.963470, 496.658508, 353.922760,82.110123, 1040.547729, 1.035482
5, 238,6,297.561218, 301.303925, 496.658508, 353.922760,82.110123, 1040.547729, 0.987578
5, 238,7,1040.547729, 984.422180, 496.658508, 353.922760,82.110123, 1040.547729, 1.057014
5, 239,0,838.122559, 871.001038, 464.886169, 269.662109,144.085754, 838.122559, 0.962252
5, 239,1,651.884216, 672.045959, 464.886169, 269.662109,144.085754, 838.122559, 0.969999
5, 239,2,248.623383, 240.692078, 464.886169, 269.662109,144.085754, 838.122559, 1.032952
5, 239,3,670.104187, 689.013916, 464.886169, 269.662109,144.085754, 838.122559, 0.972555
5, 239,4,232.137451, 229.664551, 464.886169, 269.662109,144.085754, 838.122559, 1.010767
5, 239,5,144.085754, 141.378632, 464.886169, 269.662109,144.085754, 838.122559, 1.019148
5, 239,6,677.745239, 696.267151, 464.886169, 269.662109,144.085754, 838.122559, 0.973398
5, 239,7,256.386688, 271.936768, 464.886169, 269.662109,144.085754, 838.122559, 0.942817
5, 240,0,498.405914, 516.269653, 467.225708, 225.488724,136.672867, 844.706177, 0.965398
5, 240,1,652.678406, 685.576599, 467.225708, 225.488724,136.672867, 844.706177, 0.952014
5, 240,2,136.672867, 94.733437, 467.225708, 225.488724,136.672867, 844.706177, 1.442710
5, 240,3,322.994171, 330.553955, 467.225708, 225.488724,136.672867, 844.706177, 0.977130
5, 240,4,417.013672, 424.317474, 467.225708, 225.488724,136.672867, 844.706177, 0.982787
5, 240,5,844.706177, 874.035950, 467.225708, 225.488724,136.672867, 844.706177, 0.966443
5, 240,6,579.435852, 584.221497, 467.225708, 225.488724,136.672867, 844.706177, 0.991809
5, 240,7,285.898682, 302.291718, 467.225708, 225.488724,136.672867, 844.706177, 0.945771
5, 241,0,581.923157, 606.021301, 467.425110, 203.160187,182.238403, 670.377075, 0.960235
5, 241,1,617.819031, 633.283508, 467.425110, 203.160187,182.238403, 670.377075, 0.975580
5, 241,2,227.281174, 216.649048, 467.425110, 203.160187,182.238403, 670.377075, 1.049075
5, 241,3,281.776367, 272.476044, 467.425110, 203.160187,182.238403, 670.377075, 1.034133
5, 241,4,182.238403, 173.893280, 467.425110, 203.160187,182.238403, 670.377075, 1.047990
5, 241,5,670.377075, 694.069397, 467.425110, 203.160187,182.238403, 670.377075, 0.965865
5, 241,6,521.995544, 536.711670, 467.425110, 203.160187,182.238403, 670.377075, 0.972581
5, 241,7,655.990295, 678.895691, 467.425110, 203.160187,182.238403, 670.377075, 0.966261
5, 242,0,611.259644, 620.789429, 468.498322, 301.473022,71.785088, 883.779114, 0.984649
5, 242,1,274.978668, 285.804413, 468.498322, 301.473022,71.785088, 883.779114, 0.962122
5, 242,2,489.493774, 500.910797, 468.498322, 301.473022,71.785088, 883.779114, 0.977207
5, 242,3,871.626465, 878.787048, 468.498322, 301.473022,71.785088, 883.779114, 0.991852
5, 242,4,206.301758, 206.958923, 468.498322, 301.473022,71.785088, 883.779114, 0.996825
5, 242,5,883.779114, 898.111328, 468.498322, 301.473022,71.785088, 883.779114, 0.984042
5, 242,6,71.785088, 77.727852, 468.498322, 301.473022,71.785088, 883.779114, 0.923544
5, 242,7,338.762146, 342.910126, 468.498322, 301.473022,71.785088, 883.779114, 0.987904
5, 243,0,808.408936, 838.804810, 465.537750, 252.739746,109.586319, 817.682434, 0.963763
5, 243,1,817.682434, 833.218262, 465.537750, 252.739746,109.586319, 817.682434, 0.981354
5, 243,2,513.679260, 529.081604, 465.537750, 252.739746,109.586319, 817.682434, 0.970889
5, 243,3,360.329712, 394.893097, 465.537750, 252.739746,109.586319, 817.682434, 0.912474
5, 243,4,438.895081, 449.846252, 465.537750, 252.739746,109.586319, 817.682434, 0.975656
5, 243,5,464.695557, 461.904419, 465.537750, 252.739746,109.586319, 817.682434, 1.006043
5, 243,6,211.024826, 227.185150, 465.537750, 252.739746,109.586319, 817.682434, 0.928867
5, 243,7,109.586319, 77.066597, 465.537750, 252.739746,109.586319, 817.682434, 1.421969
5, 244,0,671.745667, 648.140808, 498.854797, 336.508881,88.504128, 936.973633, 1.036419
5, 244,1,88.504128, 44.593468, 498.854797, 336.508881,88.504128, 936.973633, 1.984688
5, 244,2,109.120178, 84.395447, 498.854797, 336.508881,88.504128, 936.973633, 1.292963
5, 244,3,138.890076, 159.180847, 498.854797, 336.508881,88.504128, 936.973633, 0.872530
5, 244,4,569.146667, 560.459473, 498.854797, 336.508881,88.504128, 936.973633, 1.015500
5, 244,5,711.471558, 700.476624, 498.854797, 336.508881,88.504128, 936.973633, 1.015696
5, 244,6,764.986450, 733.454651, 498.854797, 336.508881,88.504128, 936.973633, 1.042991
5, 244,7,936.973633, 881.298584, 498.854797, 336.508881,88.504128, 936.973633, 1.063174
5, 245,0,686.768860, 702.477844, 466.332916, 225.629684,119.212753, 706.923950, 0.977638
5, 245,1,551.642944, 565.270020, 466.332916, 225.629684,119.212753, 706.923950, 0.975893
5, 245,2,342.046875, 345.391541, 466.332916, 225.629684,119.212753, 706.923950, 0.990316
5, 245,3,119.212753, 145.333847, 466.332916, 225.629684,119.212753, 706.923950, 0.820268
5, 245,4,183.591492, 172.097900, 466.332916, 225.629684,119.212753, 706.923950, 1.066785
5, 245,5,620.897217, 641.501953, 466.332916, 225.629684,119.212753, 706.923950, 0.967880
5, 245,6,706.923950, 701.949280, 466.332916, 225.629684,119.212753, 706.923950, 1.007087
5, 245,7,519.579407, 537.977356, 466.332916, 225.629684,119.212753, 706.923950, 0.965802
5, 246,0,848.074219, 838.889282, 478.694214, 308.575165,95.165924, 894.322632, 1.010949
5, 246,1,101.798347, 104.097183, 478.694214, 308.575165,95.165924, 894.322632, 0.977916
5, 246,2,690.873474, 689.793518, 478.694214, 308.575165,95.165924, 894.322632, 1.001566
5, 246,3,95.165924, 97.899330, 478.694214, 308.575165,95.165924, 894.322632, 0.972079
5, 246,4,439.449585, 435.102631, 478.694214, 308.575165,95.165924, 894.322632, 1.009991
5, 246,5,894.322632, 889.543640, 478.694214, 308.575165,95.165924, 894.322632, 1.005372
5, 246,6,347.297943, 354.704407, 478.694214, 308.575165,95.165924, 894.322632, 0.979119
5, 246,7,412.571716, 401.970215, 478.694214, 308.575165,95.165924, 894.322632, 1.026374
5, 247,0,583.178467, 623.098755, 454.423431, 226.686844,73.370987, 745.957031, 0.935933
5, 247,1,73.370987, 68.083565, 454.423431, 226.686844,73.370987, 745.957031, 1.077661
5, 247,2,166.166000, 171.191223, 454.423431, 226.686844,73.370987, 745.957031, 0.970646
5, 247,3,614.858826, 651.580872, 454.423431, 226.686844,73.370987, 745.957031, 0.943642
5, 247,4,745.957031, 785.832214, 454.423431, 226.686844,73.370987, 745.957031, 0.949257
5, 247,5,515.468018, 532.801819, 454.423431, 226.686844,73.370987, 745.957031, 0.967467
5, 247,6,468.535522, 479.220673, 454.423431, 226.686844,73.370987, 745.957031, 0.977703
5, 247,7,467.852753, 500.190460, 454.423431, 226.686844,73.370987, 745.957031, 0.935349
5, 248,0,30.870647, 34.748688, 492.106476, 302.859680,30.870647, 848.655396, 0.888398
5, 248,1,752.809753, 740.643005, 492.106476, 302.859680,30.870647, 848.655396, 1.016427
5, 248,2,324.724304, 307.069916, 492.106476, 302.859680,30.870647, 848.655396, 1.057493
5, 248,3,165.186127, 137.625580, 492.106476, 302.859680,30.870647, 848.655396, 1.200257
5, 248,4,405.832336, 389.993744, 492.106476, 302.859680,30.870647, 848.655396, 1.040612
5, 248,5,848.655396, 836.783264, 492.106476, 302.859680,30.870647, 848.655396, 1.014188
5, 248,6,674.607849, 656.149231, 492.106476, 302.859680,30.870647, 848.655396, 1.028132
5, 248,7,734.165222, 708.986389, 492.106476, 302.859680,30.870647, 848.655396, 1.035514
5, 249,0,56.173847, 59.699528, 485.764954, 262.649445,56.173847, 886.554810, 0.940943
5, 249,1,427.087189, 421.850098, 485.764954, 262.649445,56.173847, 886.554810, 1.012415
5, 249,2,384.568756, 378.116638, 485.764954, 262.649445,56.173847, 886.554810, 1.017064
5, 249,3,886.554810, 865.636353, 485.764954, 262.649445,56.173847, 886.554810, 1.024165
5, 249,4,727.803772, 707.575134, 485.764954, 262.649445,56.173847, 886.554810, 1.028589
5, 249,5,325.982178, 320.669312, 485.764954, 262.649445,56.173847, 886.554810, 1.016568
5, 249,6,669.841858, 657.038757, 485.764954, 262.649445,56.173847, 886.554810, 1.019486
5, 249,7,408.107117, 401.414154, 485.764954, 262.649445,56.173847, 886.554810, 1.016673
5, 250,0,165.062897, 142.921722, 489.044159, 504.058655,40.641876, 1589.594238, 1.154918
5, 250,1,543.857056, 527.560364, 489.044159, 504.058655,40.641876, 1589.594238, 1.030891
5, 250,2,40.641876, 77.314133, 489.044159, 504.058655,40.641876, 1589.594238, 0.525672
5, 250,3,146.329803, 168.804474, 489.044159, 504.058655,40.641876, 1589.594238, 0.866860
5, 250,4,334.670105, 340.076263, 489.044159, 504.058655,40.641876, 1589.594238, 0.984103
5, 250,5,1589.594238, 1494.940308, 489.044159, 504.058655,40.641876, 1589.594238, 1.063316
5, 250,6,311.058441, 316.895569, 489.044159, 504.058655,40.641876, 1589.594238, 0.981580
5, 250,7,781.138855, 743.487061, 489.044159, 504.058655,40.641876, 1589.594238, 1.050642
5, 251,0,811.862549, 830.940735, 469.856628, 256.337067,55.280819, 816.217285, 0.977040
5, 251,1,533.561279, 540.591797, 469.856628, 256.337067,55.280819, 816.217285, 0.986995
5, 251,2,816.217285, 827.946045, 469.856628, 256.337067,55.280819, 816.217285, 0.985834
5, 251,3,491.073242, 497.196136, 469.856628, 256.337067,55.280819, 816.217285, 0.987685
5, 251,4,380.611664, 374.135406, 469.856628, 256.337067,55.280819, 816.217285, 1.017310
5, 251,5,369.581360, 381.649963, 469.856628, 256.337067,55.280819, 816.217285, 0.968378
5, 251,6,300.665009, 300.986694, 469.856628, 256.337067,55.280819, 816.217285, 0.998931
5, 251,7,55.280819, 58.553238, 469.856628, 256.337067,55.280819, 816.217285, 0.944112
5, 252,0,104.981323, 112.618294, 451.947601, 239.863876,104.981323, 721.906006, 0.932187
5, 252,1,426.690582, 452.314331, 451.947601, 239.863876,104.981323, 721.906006, 0.943350
5, 252,2,312.750885, 333.629181, 451.947601, 239.863876,104.981323, 721.906006, 0.937421
5, 252,3,571.419556, 598.549683, 451.947601, 239.863876,104.981323, 721.906006, 0.954674
5, 252,4,609.640625, 635.315796, 451.947601, 239.863876,104.981323, 721.906006, 0.959587
5, 252,5,707.672180, 749.831848, 451.947601, 239.863876,104.981323, 721.906006, 0.943775
5, 252,6,721.906006, 761.339539, 451.947601, 239.863876,104.981323, 721.906006, 0.948205
5, 252,7,160.519699, 168.401306, 451.947601, 239.863876,104.981323, 721.906006, 0.953197
5, 253,0,189.462631, 183.993820, 507.073547, 590.929077,33.385296, 1527.278931, 1.029723
5, 253,1,1527.278931, 1449.569946, 507.073547, 590.929077,33.385296, 1527.278931, 1.053608
5, 253,2,1358.099854, 1305.729004, 507.073547, 590.929077,33.385296, 1527.278931, 1.040109
5, 253,3,132.478912, 112.207405, 507.073547, 590.929077,33.385296, 1527.278931, 1.180661
5, 253,4,364.656891, 327.789978, 507.073547, 590.929077,33.385296, 1527.278931, 1.112471
5, 253,5,93.298462, 97.644638, 507.073547, 590.929077,33.385296, 1527.278931, 0.955490
5, 253,6,33.385296, 29.297901, 507.073547, 590.929077,33.385296, 1527.278931, 1.139511
5, 253,7,357.927368, 305.767151, 507.073547, 590.929077,33.385296, 1527.278931, 1.170588
5, 254,0,509.715332, 528.645752, 459.121521, 157.761490,268.570740, 732.360413, 0.964191
5, 254,1,411.003387, 433.114746, 459.121521, 157.761490,268.570740, 732.360413, 0.948948
5, 254,2,407.045319, 410.999634, 459.121521, 157.761490,268.570740, 732.360413, 0.990379
5, 254,3,361.322174, 368.295685, 459.121521, 157.761490,268.570740, 732.360413, 0.981065
5, 254,4,343.142975, 356.615173, 459.121521, 157.761490,268.570740, 732.360413, 0.962222
5, 254,5,639.811768, 680.928406, 459.121521, 157.761490,268.570740, 732.360413, 0.939617
5, 254,6,732.360413, 761.321411, 459.121521, 157.761490,268.570740, 732.360413, 0.961960
5, 254,7,268.570740, 272.079437, 459.121521, 157.761490,268.570740, 732.360413, 0.987104
5, 255,0,387.467285, 377.030151, 493.243622, 285.131012,156.762665, 1009.084839, 1.027683
5, 255,1,734.512634, 721.590881, 493.243622, 285.131012,156.762665, 1009.084839, 1.017907
5, 255,2,156.762665, 158.046021, 493.243622, 285.131012,156.762665, 1009.084839, 0.991880
5, 255,3,552.398926, 533.947327, 493.243622, 285.131012,156.762665, 1009.084839, 1.034557
5, 255,4,570.153564, 548.650574, 493.243622, 285.131012,156.762665, 1009.084839, 1.039193
5, 255,5,1009.084839, 956.905212, 493.243622, 285.131012,156.762665, 1009.084839, 1.054530
5, 255,6,336.007568, 315.484955, 493.243622, 285.131012,156.762665, 1009.084839, 1.065051
5, 255,7,199.561417, 200.344894, 493.243622, 285.131012,156.762665, 1009.084839, 0.996089
5, 256,0,837.520996, 807.499695, 459.421783, 194.065887,219.560715, 837.520996, 1.037178
5, 256,1,538.316956, 569.991577, 459.421783, 194.065887,219.560715, 837.520996, 0.944430
5, 256,2,431.578552, 499.373688, 459.421783, 194.065887,219.560715, 837.520996, 0.864240
5, 256,3,344.212067, 373.565308, 459.421783, 194.065887,219.560715, 837.520996, 0.921424
5, 256,4,432.911682, 448.214264, 459.421783, 194.065887,219.560715, 837.520996, 0.965859
5, 256,5,578.869629, 595.546448, 459.421783, 194.065887,219.560715, 837.520996, 0.971997
5, 256,6,219.560715, 243.178467, 459.421783, 194.065887,219.560715, 837.520996, 0.902879
5, 256,7,292.403564, 274.630554, 459.421783, 194.065887,219.560715, 837.520996, 1.064716
5, 257,0,226.437088, 226.070557, 497.470642, 238.859406,99.597076, 793.252747, 1.001621
5, 257,1,793.252747, 746.609741, 497.470642, 238.859406,99.597076, 793.252747, 1.062473
5, 257,2,99.597076, 113.851112, 497.470642, 238.859406,99.597076, 793.252747, 0.874801
5, 257,3,731.860596, 692.820496, 497.470642, 238.859406,99.597076, 793.252747, 1.056350
5, 257,4,573.554626, 534.143250, 497.470642, 238.859406,99.597076, 793.252747, 1.073784
5, 257,5,597.939880, 583.316406, 497.470642, 238.859406,99.597076, 793.252747, 1.025070
5, 257,6,544.099609, 521.652527, 497.470642, 238.859406,99.597076, 793.252747, 1.043031
5, 257,7,413.023529, 393.535736, 497.470642, 238.859406,99.597076, 793.252747, 1.049520
5, 258,0,1079.689697, 1022.332397, 488.992401, 357.338257,26.301167, 1079.689697, 1.056104
5, 258,1,729.591858, 710.182373, 488.992401, 357.338257,26.301167, 1079.689697, 1.027330
5, 258,2,441.615967, 442.533478, 488.992401, 357.338257,26.301167, 1079.689697, 0.997927
5, 258,3,438.774261, 426.691498, 488.992401, 357.338257,26.301167, 1079.689697, 1.028317
5, 258,4,755.273315, 737.593872, 488.992401, 357.338257,26.301167, 1079.689697, 1.023969
5, 258,5,26.301167, 18.355759, 488.992401, 357.338257,26.301167, 1079.689697, 1.432856
5, 258,6,383.022491, 383.286957, 488.992401, 357.338257,26.301167, 1079.689697, 0.999310
5, 258,7,57.670715, 71.023514, 488.992401, 357.338257,26.301167, 1079.689697, 0.811995
5, 259,0,508.649902, 495.428589, 483.351776, 242.890594,69.218903, 894.089722, 1.026687
5, 259,1,451.167847, 445.978638, 483.351776, 242.890594,69.218903, 894.089722, 1.011636
5, 259,2,69.218903, 65.827034, 483.351776, 242.890594,69.218903, 894.089722, 1.051527
5, 259,3,568.765259, 569.617249, 483.351776, 242.890594,69.218903, 894.089722, 0.998504
5, 259,4,894.089722, 879.840637, 483.351776, 242.890594,69.218903, 894.089722, 1.016195
5, 259,5,624.255676, 604.196472, 483.351776, 242.890594,69.218903, 894.089722, 1.033200
5, 259,6,476.817810, 471.734344, 483.351776, 242.890594,69.218903, 894.089722, 1.010776
5, 259,7,273.849091, 279.377106, 483.351776, 242.890594,69.218903, 894.089722, 0.980213
5, 260,0,726.363403, 736.927551, 467.916260, 182.112457,230.706421, 726.363403, 0.985665
5, 260,1,230.706421, 233.242706, 467.916260, 182.112457,230.706421, 726.363403, 0.989126
5, 260,2,620.298157, 630.872742, 467.916260, 182.112457,230.706421, 726.363403, 0.983238
5, 260,3,595.900696, 601.726807, 467.916260, 182.112457,230.706421, 726.363403, 0.990318
5, 260,4,285.948517, 300.668732, 467.916260, 182.112457,230.706421, 726.363403, 0.951042
5, 260,5,284.633606, 296.810516, 467.916260, 182.112457,230.706421, 726.363403, 0.958974
5, 260,6,480.237030, 488.304199, 467.916260, 182.112457,230.706421, 726.363403, 0.983479
5, 260,7,519.242310, 523.446594, 467.916260, 182.112457,230.706421, 726.363403, 0.991968
5, 261,0,133.899323, 140.845566, 497.055542, 344.538574,112.780945, 913.690918, 0.950682
5, 261,1,868.069275, 844.154419, 497.055542, 344.538574,112.780945, 913.690918, 1.028330
5, 261,2,112.780945, 129.164917, 497.055542, 344.538574,112.780945, 913.690918, 0.873155
5, 261,3,913.690918, 851.529724, 497.055542, 344.538574,112.780945, 913.690918, 1.072999
5, 261,4,190.262421, 186.632156, 497.055542, 344.538574,112.780945, 913.690918, 1.019451
5, 261,5,485.075409, 451.131104, 497.055542, 344.538574,112.780945, 913.690918, 1.075243
5, 261,6,867.742065, 812.594299, 497.055542, 344.538574,112.780945, 913.690918, 1.067866
5, 261,7,404.923889, 395.947571, 497.055542, 344.538574,112.780945, 913.690918, 1.022671
5, 262,0,99.272011, 109.970604, 486.027222, 285.187500,99.272011, 864.392761, 0.902714
5, 262,1,864.392761, 841.243103, 486.027222, 285.187500,99.272011, 864.392761, 1.027518
5, 262,2,158.941879, 170.899246, 486.027222, 285.187500,99.272011, 864.392761, 0.930033
5, 262,3,656.475586, 628.781372, 486.027222, 285.187500,99.272011, 864.392761, 1.044044
5, 262,4,673.843628, 663.735657, 486.027222, 285.187500,99.272011, 864.392761, 1.015229
5, 262,5,290.043121, 285.514618, 486.027222, 285.187500,99.272011, 864.392761, 1.015861
5, 262,6,411.591736, 402.254303, 486.027222, 285.187500,99.272011, 864.392761, 1.023213
5, 262,7,733.656860, 709.601196, 486.027222, 285.187500,99.272011, 864.392761, 1.033900
5, 263,0,311.386292, 310.496582, 494.092865, 344.392670,121.168259, 1015.353699, 1.002865
5, 263,1,1015.353699, 954.585449, 494.092865, 344.392670,121.168259, 1015.353699, 1.063659
5, 263,2,573.937073, 553.467102, 494.092865, 344.392670,121.168259, 1015.353699, 1.036985
5, 263,3,1013.173157, 969.524170, 494.092865, 344.392670,121.168259, 1015.353699, 1.045021
5, 263,4,287.119537, 275.574219, 494.092865, 344.392670,121.168259, 1015.353699, 1.041896
5, 263,5,357.060547, 351.284973, 494.092865, 344.392670,121.168259, 1015.353699, 1.016441
5, 263,6,121.168259, 125.091286, 494.092865, 344.392670,121.168259, 1015.353699, 0.968639
5, 263,7,273.544464, 271.976410, 494.092865, 344.392670,121.168259, 1015.353699, 1.005765
5, 264,0,912.139832, 887.835449, 493.255737, 341.754913,57.616508, 1035.228149, 1.027375
5, 264,1,268.334351, 287.443634, 493.255737, 341.754913,57.616508, 1035.228149, 0.933520
5, 264,2,666.660828, 654.275574, 493.255737, 341.754913,57.616508, 1035.228149, 1.018930
5, 264,3,308.788910, 295.356110, 493.255737, 341.754913,57.616508, 1035.228149, 1.045480
5, 264,4,1035.228149, 981.227539, 493.255737, 341.754913,57.616508, 1035.228149, 1.055034
5, 264,5,316.386658, 321.508392, 493.255737, 341.754913,57.616508, 1035.228149, 0.984070
5, 264,6,57.616508, 34.436394, 493.255737, 341.754913,57.616508, 1035.228149, 1.673128
5, 264,7,380.890778, 349.916901, 493.255737, 341.754913,57.616508, 1035.228149, 1.088518
5, 265,0,753.080200, 763.766968, 474.543427, 241.163727,46.639122, 794.845581, 0.986008
5, 265,1,596.422241, 596.700012, 474.543427, 241.163727,46.639122, 794.845581, 0.999534
5, 265,2,464.512329, 473.197266, 474.543427, 241.163727,46.639122, 794.845581, 0.981646
5, 265,3,46.639122, 35.855179, 474.543427, 241.163727,46.639122, 794.845581, 1.300764
5, 265,4,794.845581, 792.313843, 474.543427, 241.163727,46.639122, 794.845581, 1.003195
5, 265,5,418.442474, 422.478607, 474.543427, 241.163727,46.639122, 794.845581, 0.990447
5, 265,6,356.368958, 357.238525, 474.543427, 241.163727,46.639122, 794.845581, 0.997566
5, 265,7,366.036652, 370.449493, 474.543427, 241.163727,46.639122, 794.845581, 0.988088
5, 266,0,596.438599, 622.725891, 459.283234, 206.889282,37.593018, 687.655823, 0.957787
5, 266,1,635.411926, 651.032959, 459.283234, 206.889282,37.593018, 687.655823, 0.976006
5, 266,2,497.423889, 526.874084, 459.283234, 206.889282,37.593018, 687.655823, 0.944104
5, 266,3,471.605957, 498.837494, 459.283234, 206.889282,37.593018, 687.655823, 0.945410
5, 266,4,37.593018, 15.792128, 459.283234, 206.889282,37.593018, 687.655823, 2.380491
5, 266,5,687.655823, 718.307251, 459.283234, 206.889282,37.593018, 687.655823, 0.957328
5, 266,6,416.980713, 440.533081, 459.283234, 206.889282,37.593018, 687.655823, 0.946537
5, 266,7,331.156097, 337.897522, 459.283234, 206.889282,37.593018, 687.655823, 0.980049
5, 267,0,602.001892, 592.215515, 482.882996, 234.657684,100.091438, 747.249512, 1.016525
5, 267,1,100.091438, 72.422119, 482.882996, 234.657684,100.091438, 747.249512, 1.382056
5, 267,2,599.534119, 594.614380, 482.882996, 234.657684,100.091438, 747.249512, 1.008274
5, 267,3,747.249512, 748.857178, 482.882996, 234.657684,100.091438, 747.249512, 0.997853
5, 267,4,602.728149, 605.808716, 482.882996, 234.657684,100.091438, 747.249512, 0.994915
5, 267,5,670.802917, 660.581360, 482.882996, 234.657684,100.091438, 747.249512, 1.015474
5, 267,6,294.799774, 302.040649, 482.882996, 234.657684,100.091438, 747.249512, 0.976027
5, 267,7,245.856140, 235.460587, 482.882996, 234.657684,100.091438, 747.249512, 1.044150
5, 268,0,683.615417, 731.383301, 459.390930, 227.963074,148.810745, 736.536560, 0.934688
5, 268,1,241.751907, 253.289337, 459.390930, 227.963074,148.810745, 736.536560, 0.954450
5, 268,2,221.491760, 213.474518, 459.390930, 227.963074,148.810745, 736.536560, 1.037556
5, 268,3,457.755005, 452.653229, 459.390930, 227.963074,148.810745, 736.536560, 1.011271
5, 268,4,612.307617, 626.826599, 459.390930, 227.963074,148.810745, 736.536560, 0.976837
5, 268,5,148.810745, 152.289871, 459.390930, 227.963074,148.810745, 736.536560, 0.977155
5, 268,6,572.858215, 601.846802, 459.390930, 227.963074,148.810745, 736.536560, 0.951834
5, 268,7,736.536560, 780.236145, 459.390930, 227.963074,148.810745, 736.536560, 0.943992
5, 269,0,380.309296, 368.647614, 483.840607, 297.948273,139.531876, 1123.826050, 1.031634
5, 269,1,449.737976, 447.409149, 483.840607, 297.948273,139.531876, 1123.826050, 1.005205
5, 269,2,346.086212, 350.823334, 483.840607, 297.948273,139.531876, 1123.826050, 0.986497
5, 269,3,371.212616, 365.857117, 483.840607, 297.948273,139.531876, 1123.826050, 1.014638
5, 269,4,139.531876, 139.722855, 483.840607, 297.948273,139.531876, 1123.826050, 0.998633
5, 269,5,379.219208, 376.286560, 483.840607, 297.948273,139.531876, 1123.826050, 1.007794
5, 269,6,1123.826050, 1089.744873, 483.840607, 297.948273,139.531876, 1123.826050, 1.031274
5, 269,7,680.801453, 673.508484, 483.840607, 297.948273,139.531876, 1123.826050, 1.010828
5, 270,0,851.378540, 839.152344, 475.786743, 284.238922,147.643982, 851.378540, 1.014570
5, 270,1,344.306091, 345.056488, 475.786743, 284.238922,147.643982, 851.378540, 0.997825
5, 270,2,498.163971, 502.246277, 475.786743, 284.238922,147.643982, 851.378540, 0.991872
5, 270,3,147.643982, 148.500336, 475.786743, 284.238922,147.643982, 851.378540, 0.994233
5, 270,4,210.071243, 216.356369, 475.786743, 284.238922,147.643982, 851.378540, 0.970950
5, 270,5,847.564941, 842.244263, 475.786743, 284.238922,147.643982, 851.378540, 1.006317
5, 270,6,664.767151, 666.503174, 475.786743, 284.238922,147.643982, 851.378540, 0.997395
5, 270,7,242.398285, 251.940765, 475.786743, 284.238922,147.643982, 851.378540, 0.962124
5, 271,0,323.012238, 335.776855, 460.487061, 156.560349,257.707275, 617.907288, 0.961985
5, 271,1,612.514099, 632.859924, 460.487061, 156.560349,257.707275, 617.907288, 0.967851
5, 271,2,617.907288, 644.790283, 460.487061, 156.560349,257.707275, 617.907288, 0.958307
5, 271,3,605.026550, 642.591431, 460.487061, 156.560349,257.707275, 617.907288, 0.941542
5, 271,4,513.698242, 522.896118, 460.487061, 156.560349,257.707275, 617.907288, 0.982410
5, 271,5,262.981323, 267.024994, 460.487061, 156.560349,257.707275, 617.907288, 0.984857
5, 271,6,491.049469, 510.508545, 460.487061, 156.560349,257.707275, 617.907288, 0.961883
5, 271,7,257.707275, 255.551788, 460.487061, 156.560349,257.707275, 617.907288, 1.008435
5, 272,0,430.629578, 443.632111, 458.593903, 252.273285,83.079033, 766.613953, 0.970691
5, 272,1,643.224121, 661.297729, 458.593903, 252.273285,83.079033, 766.613953, 0.972669
5, 272,2,466.377136, 457.924927, 458.593903, 252.273285,83.079033, 766.613953, 1.018458
5, 272,3,83.079033, 91.459076, 458.593903, 252.273285,83.079033, 766.613953, 0.908374
5, 272,4,139.932846, 138.185593, 458.593903, 252.273285,83.079033, 766.613953, 1.012644
5, 272,5,725.255127, 774.490845, 458.593903, 252.273285,83.079033, 766.613953, 0.936428
5, 272,6,766.613953, 815.170410, 458.593903, 252.273285,83.079033, 766.613953, 0.940434
5, 272,7,413.639160, 429.839081, 458.593903, 252.273285,83.079033, 766.613953, 0.962312
5, 273,0,1215.941772, 1132.707397, 489.028137, 462.553772,56.664433, 1215.941772, 1.073483
5, 273,1,103.575157, 117.016342, 489.028137, 462.553772,56.664433, 1215.941772, 0.885134
5, 273,2,895.235229, 878.293335, 489.028137, 462.553772,56.664433, 1215.941772, 1.019290
5, 273,3,56.664433, 61.802433, 489.028137, 462.553772,56.664433, 1215.941772, 0.916864
5, 273,4,276.397186, 306.204620, 489.028137, 462.553772,56.664433, 1215.941772, 0.902655
5, 273,5,227.343109, 204.713364, 489.028137, 462.553772,56.664433, 1215.941772, 1.110544
5, 273,6,154.747452, 160.735062, 489.028137, 462.553772,56.664433, 1215.941772, 0.962749
5, 273,7,982.320557, 950.527527, 489.028137, 462.553772,56.664433, 1215.941772, 1.033448
5, 274,0,464.032257, 492.944672, 458.660797, 130.235489,187.327133, 649.706848, 0.941348
5, 274,1,466.258331, 482.438049, 458.660797, 130.235489,187.327133, 649.706848, 0.966463
5, 274,2,649.706848, 668.054749, 458.660797, 130.235489,187.327133, 649.706848, 0.972535
5, 274,3,466.238434, 512.094482, 458.660797, 130.235489,187.327133, 649.706848, 0.910454
5, 274,4,506.371063, 498.265320, 458.660797, 130.235489,187.327133, 649.706848, 1.016268
5, 274,5,187.327133, 190.049088, 458.660797, 130.235489,187.327133, 649.706848, 0.985678
5, 274,6,519.974304, 560.025330, 458.660797, 130.235489,187.327133, 649.706848, 0.928484
5, 274,7,409.377869, 408.128510, 458.660797, 130.235489,187.327133, 649.706848, 1.003061
5, 275,0,422.913269, 435.642609, 463.989136, 132.902710,202.268906, 585.056213, 0.970780
5, 275,1,202.268906, 218.167740, 463.989136, 132.902710,202.268906, 585.056213, 0.927126
5, 275,2,585.056213, 571.325562, 463.989136, 132.902710,202.268906, 585.056213, 1.024033
5, 275,3,576.361755, 599.924988, 463.989136, 132.902710,202.268906, 585.056213, 0.960723
5, 275,4,369.416351, 381.751587, 463.989136, 132.902710,202.268906, 585.056213, 0.967688
5, 275,5,451.336792, 453.455597, 463.989136, 132.902710,202.268906, 585.056213, 0.995327
5, 275,6,525.097534, 550.677246, 463.989136, 132.902710,202.268906, 585.056213, 0.953549
5, 275,7,579.462280, 601.054993, 463.989136, 132.902710,202.268906, 585.056213, 0.964075
5, 276,0,762.448059, 783.640625, 466.166504, 277.887238,60.375927, 762.448059, 0.972956
5, 276,1,60.375927, 47.409649, 466.166504, 277.887238,60.375927, 762.448059, 1.273494
5, 276,2,72.076904, 85.149452, 466.166504, 277.887238,60.375927, 762.448059, 0.846475
5, 276,3,549.915405, 569.595459, 466.166504, 277.887238,60.375927, 762.448059, 0.965449
5, 276,4,506.670624, 505.468292, 466.166504, 277.887238,60.375927, 762.448059, 1.002379
5, 276,5,692.995972, 715.119812, 466.166504, 277.887238,60.375927, 762.448059, 0.969063
5, 276,6,367.700317, 378.509155, 466.166504, 277.887238,60.375927, 762.448059, 0.971444
5, 276,7,717.148865, 727.107117, 466.166504, 277.887238,60.375927, 762.448059, 0.986304
5, 277,0,849.826172, 822.425049, 496.608978, 357.654175,106.077194, 907.018555, 1.033317
5, 277,1,214.860199, 215.190262, 496.608978, 357.654175,106.077194, 907.018555, 0.998466
5, 277,2,264.955261, 266.810425, 496.608978, 357.654175,106.077194, 907.018555, 0.993047
5, 277,3,877.925476, 852.246216, 496.608978, 357.654175,106.077194, 907.018555, 1.030131
5, 277,4,907.018555, 870.173706, 496.608978, 357.654175,106.077194, 907.018555, 1.042342
5, 277,5,106.077194, 80.384827, 496.608978, 357.654175,106.077194, 907.018555, 1.319617
5, 277,6,642.760864, 612.386719, 496.608978, 357.654175,106.077194, 907.018555, 1.049600
5, 277,7,109.447937, 92.383026, 496.608978, 357.654175,106.077194, 907.018555, 1.184719
5, 278,0,553.936340, 578.865112, 453.110718, 175.290192,157.844116, 657.500000, 0.956935
5, 278,1,572.303589, 620.158691, 453.110718, 175.290192,157.844116, 657.500000, 0.922834
5, 278,2,459.838013, 473.451721, 453.110718, 175.290192,157.844116, 657.500000, 0.971246
5, 278,3,657.500000, 689.394287, 453.110718, 175.290192,157.844116, 657.500000, 0.953736
5, 278,4,440.617828, 463.977112, 453.110718, 175.290192,157.844116, 657.500000, 0.949654
5, 278,5,227.190720, 247.094040, 453.110718, 175.290192,157.844116, 657.500000, 0.919450
5, 278,6,555.654846, 575.768066, 453.110718, 175.290192,157.844116, 657.500000, 0.965067
5, 278,7,157.844116, 163.290985, 453.110718, 175.290192,157.844116, 657.500000, 0.966643
5, 279,0,489.659607, 506.427582, 460.715332, 175.988449,260.637848, 685.772217, 0.966890
5, 279,1,260.637848, 269.881653, 460.715332, 175.988449,260.637848, 685.772217, 0.965749
5, 279,2,685.772217, 726.957336, 460.715332, 175.988449,260.637848, 685.772217, 0.943346
5, 279,3,643.239868, 683.522949, 460.715332, 175.988449,260.637848, 685.772217, 0.941065
5, 279,4,271.262024, 265.412567, 460.715332, 175.988449,260.637848, 685.772217, 1.022039
5, 279,5,369.067596, 380.037842, 460.715332, 175.988449,260.637848, 685.772217, 0.971134
5, 279,6,330.267029, 331.892822, 460.715332, 175.988449,260.637848, 685.772217, 0.995101
5, 279,7,635.816284, 647.867126, 460.715332, 175.988449,260.637848, 685.772217, 0.981399
5, 280,0,573.705200, 556.510315, 493.957489, 421.642609,58.015209, 1190.686035, 1.030898
5, 280,1,58.015209, 70.249649, 493.957489, 421.642609,58.015209, 1190.686035, 0.825843
5, 280,2,77.912621, 82.254700, 493.957489, 421.642609,58.015209, 1190.686035, 0.947212
5, 280,3,1190.686035, 1113.791504, 493.957489, 421.642609,58.015209, 1190.686035, 1.069039
5, 280,4,345.261719, 344.944672, 493.957489, 421.642609,58.015209, 1190.686035, 1.000919
5, 280,5,562.371338, 534.893738, 493.957489, 421.642609,58.015209, 1190.686035, 1.051370
5, 280,6,990.555054, 923.842407, 493.957489, 421.642609,58.015209, 1190.686035, 1.072212
5, 280,7,153.152542, 185.513092, 493.957489, 421.642609,58.015209, 1190.686035, 0.825562
5, 281,0,281.644073, 284.799225, 481.418976, 346.561676,88.010361, 884.205322, 0.988921
5, 281,1,880.151245, 889.352112, 481.418976, 346.561676,88.010361, 884.205322, 0.989654
5, 281,2,88.010361, 64.011612, 481.418976, 346.561676,88.010361, 884.205322, 1.374912
5, 281,3,884.205322, 845.253784, 481.418976, 346.561676,88.010361, 884.205322, 1.046083
5, 281,4,226.999725, 216.591034, 481.418976, 346.561676,88.010361, 884.205322, 1.048057
5, 281,5,452.514801, 444.705933, 481.418976, 346.561676,88.010361, 884.205322, 1.017560
5, 281,6,877.001282, 892.423096, 481.418976, 346.561676,88.010361, 884.205322, 0.982719
5, 281,7,160.825027, 174.863373, 481.418976, 346.561676,88.010361, 884.205322, 0.919718
5, 282,0,346.151337, 351.181396, 484.582672, 318.122620,7.437135, 847.993469, 0.985677
5, 282,1,844.140381, 822.930237, 484.582672, 318.122620,7.437135, 847.993469, 1.025774
5, 282,2,247.147934, 249.132294, 484.582672, 318.122620,7.437135, 847.993469, 0.992035
5, 282,3,541.678772, 527.453735, 484.582672, 318.122620,7.437135, 847.993469, 1.026969
5, 282,4,258.436859, 261.974976, 484.582672, 318.122620,7.437135, 847.993469, 0.986494
5, 282,5,847.993469, 830.327332, 484.582672, 318.122620,7.437135, 847.993469, 1.021276
5, 282,6,7.437135, 10.535112, 484.582672, 318.122620,7.437135, 847.993469, 0.705938
5, 282,7,783.675598, 758.464966, 484.582672, 318.122620,7.437135, 847.993469, 1.033239
5, 283,0,273.998627, 272.533447, 472.662781, 289.148163,88.235741, 835.013855, 1.005376
5, 283,1,624.586548, 625.728210, 472.662781, 289.148163,88.235741, 835.013855, 0.998175
5, 283,2,152.554047, 165.277039, 472.662781, 289.148163,88.235741, 835.013855, 0.923020
5, 283,3,829.168457, 829.111206, 472.662781, 289.148163,88.235741, 835.013855, 1.000069
5, 283,4,88.235741, 82.358238, 472.662781, 289.148163,88.235741, 835.013855, 1.071365
5, 283,5,835.013855, 845.051636, 472.662781, 289.148163,88.235741, 835.013855, 0.988122
5, 283,6,406.639404, 416.993744, 472.662781, 289.148163,88.235741, 835.013855, 0.975169
5, 283,7,571.105347, 574.946472, 472.662781, 289.148163,88.235741, 835.013855, 0.993319
5, 284,0,852.132446, 859.242432, 473.909729, 239.630890,93.097000, 852.132446, 0.991725
5, 284,1,588.735229, 586.893127, 473.909729, 239.630890,93.097000, 852.132446, 1.003139
5, 284,2,295.676758, 297.404297, 473.909729, 239.630890,93.097000, 852.132446, 0.994191
5, 284,3,465.553528, 469.841064, 473.909729, 239.630890,93.097000, 852.132446, 0.990874
5, 284,4,338.653503, 331.683197, 473.909729, 239.630890,93.097000, 852.132446, 1.021015
5, 284,5,459.119904, 466.048401, 473.909729, 239.630890,93.097000, 852.132446, 0.985134
5, 284,6,698.309509, 702.729187, 473.909729, 239.630890,93.097000, 852.132446, 0.993711
5, 284,7,93.097000, 98.158165, 473.909729, 239.630890,93.097000, 852.132446, 0.948439
5, 285,0,979.448486, 938.346313, 488.796143, 312.347656,143.885391, 979.448486, 1.043803
5, 285,1,843.984009, 805.240906, 488.796143, 312.347656,143.885391, 979.448486, 1.048114
5, 285,2,143.885391, 146.459717, 488.796143, 312.347656,143.885391, 979.448486, 0.982423
5, 285,3,306.773163, 316.536743, 488.796143, 312.347656,143.885391, 979.448486, 0.969155
5, 285,4,225.085876, 237.395996, 488.796143, 312.347656,143.885391, 979.448486, 0.948145
5, 285,5,265.178711, 254.167770, 488.796143, 312.347656,143.885391, 979.448486, 1.043321
5, 285,6,695.894470, 667.122437, 488.796143, 312.347656,143.885391, 979.448486, 1.043129
5, 285,7,450.118805, 446.730042, 488.796143, 312.347656,143.885391, 979.448486, 1.007586
5, 286,0,750.789673, 738.533081, 476.825409, 287.997620,83.569878, 758.621399, 1.016596
5, 286,1,190.128265, 222.719788, 476.825409, 287.997620,83.569878, 758.621399, 0.853666
5, 286,2,758.621399, 754.791443, 476.825409, 287.997620,83.569878, 758.621399, 1.005074
5, 286,3,159.817032, 165.902130, 476.825409, 287.997620,83.569878, 758.621399, 0.963321
5, 286,4,558.854858, 566.793274, 476.825409, 287.997620,83.569878, 758.621399, 0.985994
5, 286,5,562.702515, 520.072144, 476.825409, 287.997620,83.569878, 758.621399, 1.081970
5, 286,6,750.119812, 746.006531, 476.825409, 287.997620,83.569878, 758.621399, 1.005514
5, 286,7,83.569878, 97.181458, 476.825409, 287.997620,83.569878, 758.621399, 0.859936
5, 287,0,715.643372, 722.413391, 476.424072, 274.424164,86.913216, 836.791687, 0.990629
5, 287,1,687.823242, 700.454895, 476.424072, 274.424164,86.913216, 836.791687, 0.981966
5, 287,2,297.759308, 291.947998, 476.424072, 274.424164,86.913216, 836.791687, 1.019905
5, 287,3,86.913216, 58.334682, 476.424072, 274.424164,86.913216, 836.791687, 1.489906
5, 287,4,641.985168, 662.040283, 476.424072, 274.424164,86.913216, 836.791687, 0.969707
5, 287,5,293.987000, 291.017975, 476.424072, 274.424164,86.913216, 836.791687, 1.010202
5, 287,6,836.791687, 833.213745, 476.424072, 274.424164,86.913216, 836.791687, 1.004294
5, 287,7,250.489532, 252.577576, 476.424072, 274.424164,86.913216, 836.791687, 0.991733
5, 288,0,553.581604, 529.563232, 492.638641, 336.699524,113.393463, 1052.134277, 1.045355
5, 288,1,318.265930, 324.711060, 492.638641, 336.699524,113.393463, 1052.134277, 0.980151
5, 288,2,375.245483, 350.987183, 492.638641, 336.699524,113.393463, 1052.134277, 1.069114
5, 288,3,180.744019, 172.220901, 492.638641, 336.699524,113.393463, 1052.134277, 1.049489
5, 288,4,924.704102, 890.297180, 492.638641, 336.699524,113.393463, 1052.134277, 1.038647
5, 288,5,113.393463, 103.186684, 492.638641, 336.699524,113.393463, 1052.134277, 1.098916
5, 288,6,423.040375, 415.679016, 492.638641, 336.699524,113.393463, 1052.134277, 1.017709
5, 288,7,1052.134277, 1025.354492, 492.638641, 336.699524,113.393463, 1052.134277, 1.026118
5, 289,0,762.928284, 736.981018, 501.679077, 398.182129,107.036903, 1331.914917, 1.035208
5, 289,1,107.036903, 102.592323, 501.679077, 398.182129,107.036903, 1331.914917, 1.043323
5, 289,2,1331.914917, 1273.899780, 501.679077, 398.182129,107.036903, 1331.914917, 1.045541
5, 289,3,409.462311, 384.454834, 501.679077, 398.182129,107.036903, 1331.914917, 1.065047
5, 289,4,114.906242, 39.807976, 501.679077, 398.182129,107.036903, 1331.914917, 2.886513
5, 289,5,314.391602, 312.123596, 501.679077, 398.182129,107.036903, 1331.914917, 1.007266
5, 289,6,448.205475, 445.238098, 501.679077, 398.182129,107.036903, 1331.914917, 1.006665
5, 289,7,524.586609, 516.902344, 501.679077, 398.182129,107.036903, 1331.914917, 1.014866
5, 290,0,349.607025, 349.869232, 481.865814, 309.782959,48.434048, 844.994324, 0.999251
5, 290,1,637.906555, 632.219604, 481.865814, 309.782959,48.434048, 844.994324, 1.008995
5, 290,2,462.348938, 459.985840, 481.865814, 309.782959,48.434048, 844.994324, 1.005137
5, 290,3,650.193848, 646.955627, 481.865814, 309.782959,48.434048, 844.994324, 1.005005
5, 290,4,844.994324, 837.421143, 481.865814, 309.782959,48.434048, 844.994324, 1.009043
5, 290,5,48.434048, 47.350922, 481.865814, 309.782959,48.434048, 844.994324, 1.022874
5, 290,6,59.072430, 50.981144, 481.865814, 309.782959,48.434048, 844.994324, 1.158711
5, 290,7,802.369141, 787.216553, 481.865814, 309.782959,48.434048, 844.994324, 1.019248
5, 291,0,956.179382, 980.152893, 466.273895, 282.992157,92.371498, 956.179382, 0.975541
5, 291,1,92.371498, 97.982651, 466.273895, 282.992157,92.371498, 956.179382, 0.942733
5, 291,2,772.258240, 797.002197, 466.273895, 282.992157,92.371498, 956.179382, 0.968954
5, 291,3,524.590637, 533.177612, 466.273895, 282.992157,92.371498, 956.179382, 0.983895
5, 291,4,266.512360, 273.115326, 466.273895, 282.992157,92.371498, 956.179382, 0.975824
5, 291,5,455.508392, 463.451447, 466.273895, 282.992157,92.371498, 956.179382, 0.982861
5, 291,6,270.788879, 264.326294, 466.273895, 282.992157,92.371498, 956.179382, 1.024449
5, 291,7,391.981903, 402.791809, 466.273895, 282.992157,92.371498, 956.179382, 0.973163
5, 292,0,601.599670, 646.866760, 455.723602, 128.299408,234.964020, 613.378052, 0.930021
5, 292,1,345.790070, 365.185333, 455.723602, 128.299408,234.964020, 613.378052, 0.946889
5, 292,2,234.964020, 222.761932, 455.723602, 128.299408,234.964020, 613.378052, 1.054776
5, 292,3,472.278564, 495.056091, 455.723602, 128.299408,234.964020, 613.378052, 0.953990
5, 292,4,531.153381, 553.627869, 455.723602, 128.299408,234.964020, 613.378052, 0.959405
5, 292,5,433.450409, 454.756653, 455.723602, 128.299408,234.964020, 613.378052, 0.953148
5, 292,6,613.378052, 637.807007, 455.723602, 128.299408,234.964020, 613.378052, 0.961699
5, 292,7,413.174500, 435.938629, 455.723602, 128.299408,234.964020, 613.378052, 0.947781
5, 293,0,367.735535, 366.986969, 467.480469, 200.091370,54.428497, 689.445129, 1.002040
5, 293,1,689.445129, 717.500061, 467.480469, 200.091370,54.428497, 689.445129, 0.960899
5, 293,2,546.772949, 555.417236, 467.480469, 200.091370,54.428497, 689.445129, 0.984436
5, 293,3,504.697083, 519.216370, 467.480469, 200.091370,54.428497, 689.445129, 0.972036
5, 293,4,54.428497, 46.986317, 467.480469, 200.091370,54.428497, 689.445129, 1.158390
5, 293,5,663.096741, 681.703857, 467.480469, 200.091370,54.428497, 689.445129, 0.972705
5, 293,6,502.995667, 507.672974, 467.480469, 200.091370,54.428497, 689.445129, 0.990787
5, 293,7,410.672424, 416.516235, 467.480469, 200.091370,54.428497, 689.445129, 0.985970
5, 294,0,130.581680, 139.972198, 471.393188, 349.091156,52.437790, 970.388550, 0.932912
5, 294,1,430.687866, 398.010864, 471.393188, 349.091156,52.437790, 970.388550, 1.082101
5, 294,2,509.417664, 529.221802, 471.393188, 349.091156,52.437790, 970.388550, 0.962579
5, 294,3,924.416809, 917.613770, 471.393188, 349.091156,52.437790, 970.388550, 1.007414
5, 294,4,970.388550, 963.129456, 471.393188, 349.091156,52.437790, 970.388550, 1.007537
5, 294,5,584.066040, 574.610413, 471.393188, 349.091156,52.437790, 970.388550, 1.016456
5, 294,6,169.149109, 161.856567, 471.393188, 349.091156,52.437790, 970.388550, 1.045056
5, 294,7,52.437790, 127.584824, 471.393188, 349.091156,52.437790, 970.388550, 0.411003
5, 295,0,615.705750, 605.441101, 484.807983, 215.296387,173.473648, 871.862976, 1.016954
5, 295,1,496.242798, 478.971649, 484.807983, 215.296387,173.473648, 871.862976, 1.036059
5, 295,2,467.273956, 466.382111, 484.807983, 215.296387,173.473648, 871.862976, 1.001912
5, 295,3,373.501892, 370.733337, 484.807983, 215.296387,173.473648, 871.862976, 1.007468
5, 295,4,292.238373, 278.532257, 484.807983, 215.296387,173.473648, 871.862976, 1.049208
5, 295,5,173.473648, 179.409607, 484.807983, 215.296387,173.473648, 871.862976, 0.966914
5, 295,6,588.164551, 580.627808, 484.807983, 215.296387,173.473648, 871.862976, 1.012980
5, 295,7,871.862976, 851.902649, 484.807983, 215.296387,173.473648, 871.862976, 1.023430
5, 296,0,104.670265, 110.294159, 481.957458, 340.053925,71.685181, 963.177795, 0.949010
5, 296,1,335.792206, 340.931213, 481.957458, 340.053925,71.685181, 963.177795, 0.984927
5, 296,2,71.685181, 38.772667, 481.957458, 340.053925,71.685181, 963.177795, 1.848859
5, 296,3,860.921326, 850.787659, 481.957458, 340.053925,71.685181, 963.177795, 1.011911
5, 296,4,963.177795, 949.501953, 481.957458, 340.053925,71.685181, 963.177795, 1.014403
5, 296,5,726.348389, 731.291504, 481.957458, 340.053925,71.685181, 963.177795, 0.993241
5, 296,6,514.674072, 505.941101, 481.957458, 340.053925,71.685181, 963.177795, 1.017261
5, 296,7,278.390320, 284.479675, 481.957458, 340.053925,71.685181, 963.177795, 0.978595
5, 297,0,639.030029, 660.617615, 463.963318, 224.375473,65.925217, 763.745483, 0.967322
5, 297,1,538.326965, 526.371765, 463.963318, 224.375473,65.925217, 763.745483, 1.022712
5, 297,2,244.074753, 246.147736, 463.963318, 224.375473,65.925217, 763.745483, 0.991578
5, 297,3,65.925217, 64.209946, 463.963318, 224.375473,65.925217, 763.745483, 1.026713
5, 297,4,381.676239, 400.168915, 463.963318, 224.375473,65.925217, 763.745483, 0.953788
5, 297,5,565.975464, 586.656982, 463.963318, 224.375473,65.925217, 763.745483, 0.964747
5, 297,6,763.745483, 794.592896, 463.963318, 224.375473,65.925217, 763.745483, 0.961178
5, 297,7,512.952515, 533.234131, 463.963318, 224.375473,65.925217, 763.745483, 0.961965
5, 298,0,964.680298, 928.565430, 490.485016, 358.987213,40.048180, 1033.754028, 1.038893
5, 298,1,340.249298, 328.906219, 490.485016, 358.987213,40.048180, 1033.754028, 1.034487
5, 298,2,40.048180, 42.051373, 490.485016, 358.987213,40.048180, 1033.754028, 0.952363
5, 298,3,490.817505, 493.329376, 490.485016, 358.987213,40.048180, 1033.754028, 0.994908
5, 298,4,509.167480, 480.207031, 490.485016, 358.987213,40.048180, 1033.754028, 1.060308
5, 298,5,1033.754028, 996.473572, 490.485016, 358.987213,40.048180, 1033.754028, 1.037412
5, 298,6,97.476974, 107.597565, 490.485016, 358.987213,40.048180, 1033.754028, 0.905940
5, 298,7,447.686340, 434.869293, 490.485016, 358.987213,40.048180, 1033.754028, 1.029473
5, 299,0,444.520569, 420.791443, 477.082947, 238.109695,42.483982, 778.658752, 1.056392
5, 299,1,42.483982, 52.370266, 477.082947, 238.109695,42.483982, 778.658752, 0.811223
5, 299,2,235.593704, 235.641190, 477.082947, 238.109695,42.483982, 778.658752, 0.999798
5, 299,3,778.658752, 778.546814, 477.082947, 238.109695,42.483982, 778.658752, 1.000144
5, 299,4,499.540192, 491.864136, 477.082947, 238.109695,42.483982, 778.658752, 1.015606
5, 299,5,669.998901, 660.393311, 477.082947, 238.109695,42.483982, 778.658752, 1.014545
5, 299,6,601.008972, 623.172913, 477.082947, 238.109695,42.483982, 778.658752, 0.964434
5, 299,7,544.858276, 549.220154, 477.082947, 238.109695,42.483982, 778.658752, 0.992058
5, 300,0,445.864899, 448.269592, 463.782990, 205.543854,126.602562, 747.310181, 0.994636
5, 300,1,551.924072, 572.496216, 463.782990, 205.543854,126.602562, 747.310181, 0.964066
5, 300,2,747.310181, 772.719360, 463.782990, 205.543854,126.602562, 747.310181, 0.967117
5, 300,3,379.455933, 377.733032, 463.782990, 205.543854,126.602562, 747.310181, 1.004561
5, 300,4,126.602562, 141.833206, 463.782990, 205.543854,126.602562, 747.310181, 0.892616
5, 300,5,257.502411, 259.993103, 463.782990, 205.543854,126.602562, 747.310181, 0.990420
5, 300,6,544.416199, 556.862854, 463.782990, 205.543854,126.602562, 747.310181, 0.977649
5, 300,7,657.187439, 682.092773, 463.782990, 205.543854,126.602562, 747.310181, 0.963487
5, 301,0,283.773041, 283.388672, 493.463348, 325.287445,143.022919, 1109.944580, 1.001356
5, 301,1,605.596069, 574.136414, 493.463348, 325.287445,143.022919, 1109.944580, 1.054795
5, 301,2,262.135132, 251.720108, 493.463348, 325.287445,143.022919, 1109.944580, 1.041375
5, 301,3,255.787033, 257.450623, 493.463348, 325.287445,143.022919, 1109.944580, 0.993538
5, 301,4,529.437683, 511.905151, 493.463348, 325.287445,143.022919, 1109.944580, 1.034250
5, 301,5,758.010315, 732.646912, 493.463348, 325.287445,143.022919, 1109.944580, 1.034619
5, 301,6,1109.944580, 1055.297729, 493.463348, 325.287445,143.022919, 1109.944580, 1.051783
5, 301,7,143.022919, 145.454407, 493.463348, 325.287445,143.022919, 1109.944580, 0.983284
5, 302,0,583.058594, 611.663696, 463.009216, 260.363892,190.989273, 766.345764, 0.953234
5, 302,1,258.566986, 255.464508, 463.009216, 260.363892,190.989273, 766.345764, 1.012144
5, 302,2,766.345764, 768.269897, 463.009216, 260.363892,190.989273, 766.345764, 0.997495
5, 302,3,252.140823, 258.119263, 463.009216, 260.363892,190.989273, 766.345764, 0.976838
5, 302,4,190.989273, 203.007202, 463.009216, 260.363892,190.989273, 766.345764, 0.940800
5, 302,5,201.585083, 208.623047, 463.009216, 260.363892,190.989273, 766.345764, 0.966265
5, 302,6,753.033386, 781.620300, 463.009216, 260.363892,190.989273, 766.345764, 0.963426
5, 302,7,698.353638, 725.231934, 463.009216, 260.363892,190.989273, 766.345764, 0.962938
5, 303,0,300.018036, 304.300110, 475.749451, 233.435089,252.824051, 872.870483, 0.985928
5, 303,1,275.795776, 255.743423, 475.749451, 233.435089,252.824051, 872.870483, 1.078408
5, 303,2,379.010254, 389.227051, 475.749451, 233.435089,252.824051, 872.870483, 0.973751
5, 303,3,376.969727, 381.512177, 475.749451, 233.435089,252.824051, 872.870483, 0.988094
5, 303,4,725.517639, 737.468506, 475.749451, 233.435089,252.824051, 872.870483, 0.983795
5, 303,5,872.870483, 845.288269, 475.749451, 233.435089,252.824051, 872.870483, 1.032631
5, 303,6,252.824051, 275.109436, 475.749451, 233.435089,252.824051, 872.870483, 0.918994
5, 303,7,622.989441, 623.350891, 475.749451, 233.435089,252.824051, 872.870483, 0.999420
5, 304,0,222.412628, 199.905396, 497.269623, 306.799103,167.962051, 1012.899475, 1.112589
5, 304,1,547.149231, 513.645874, 497.269623, 306.799103,167.962051, 1012.899475, 1.065227
5, 304,2,430.106995, 418.302185, 497.269623, 306.799103,167.962051, 1012.899475, 1.028221
5, 304,3,583.856079, 552.006836, 497.269623, 306.799103,167.962051, 1012.899475, 1.057697
5, 304,4,167.962051, 163.928009, 497.269623, 306.799103,167.962051, 1012.899475, 1.024609
5, 304,5,818.602234, 790.217224, 497.269623, 306.799103,167.962051, 1012.899475, 1.035921
5, 304,6,195.168289, 191.041397, 497.269623, 306.799103,167.962051, 1012.899475, 1.021602
5, 304,7,1012.899475, 982.953125, 497.269623, 306.799103,167.962051, 1012.899475, 1.030466
5, 305,0,529.557495, 545.889771, 459.422485, 118.529732,235.744644, 613.167542, 0.970081
5, 305,1,364.889801, 355.585205, 459.422485, 118.529732,235.744644, 613.167542, 1.026167
5, 305,2,405.212219, 416.858093, 459.422485, 118.529732,235.744644, 613.167542, 0.972063
5, 305,3,504.966949, 551.765259, 459.422485, 118.529732,235.744644, 613.167542, 0.915184
5, 305,4,613.167542, 633.716858, 459.422485, 118.529732,235.744644, 613.167542, 0.967573
5, 305,5,495.058258, 537.934998, 459.422485, 118.529732,235.744644, 613.167542, 0.920294
5, 305,6,235.744644, 233.058502, 459.422485, 118.529732,235.744644, 613.167542, 1.011526
5, 305,7,526.783020, 537.191040, 459.422485, 118.529732,235.744644, 613.167542, 0.980625
5, 306,0,210.245346, 216.988007, 478.111053, 260.850128,111.703545, 746.067627, 0.968926
5, 306,1,746.067627, 745.113525, 478.111053, 260.850128,111.703545, 746.067627, 1.001280
5, 306,2,459.048309, 460.335571, 478.111053, 260.850128,111.703545, 746.067627, 0.997204
5, 306,3,229.923508, 228.554825, 478.111053, 260.850128,111.703545, 746.067627, 1.005988
5, 306,4,731.957214, 721.232117, 478.111053, 260.850128,111.703545, 746.067627, 1.014871
5, 306,5,667.809204, 662.953918, 478.111053, 260.850128,111.703545, 746.067627, 1.007324
5, 306,6,668.133484, 651.994629, 478.111053, 260.850128,111.703545, 746.067627, 1.024753
5, 306,7,111.703545, 124.827164, 478.111053, 260.850128,111.703545, 746.067627, 0.894866
5, 307,0,216.487274, 226.358780, 479.307281, 249.085129,126.336151, 770.357483, 0.956390
5, 307,1,385.650757, 401.197449, 479.307281, 249.085129,126.336151, 770.357483, 0.961249
5, 307,2,608.500244, 601.805542, 479.307281, 249.085129,126.336151, 770.357483, 1.011124
5, 307,3,662.538635, 666.481628, 479.307281, 249.085129,126.336151, 770.357483, 0.994084
5, 307,4,126.336151, 89.578400, 479.307281, 249.085129,126.336151, 770.357483, 1.410342
5, 307,5,745.928345, 748.421509, 479.307281, 249.085129,126.336151, 770.357483, 0.996669
5, 307,6,770.357483, 760.503845, 479.307281, 249.085129,126.336151, 770.357483, 1.012957
5, 307,7,318.659485, 317.652679, 479.307281, 249.085129,126.336151, 770.357483, 1.003170
5, 308,0,94.347794, 95.175247, 470.060944, 265.993805,94.347794, 791.081116, 0.991306
5, 308,1,716.210449, 720.022949, 470.060944, 265.993805,94.347794, 791.081116, 0.994705
5, 308,2,695.569763, 700.212402, 470.060944, 265.993805,94.347794, 791.081116, 0.993370
5, 308,3,526.352295, 528.945129, 470.060944, 265.993805,94.347794, 791.081116, 0.995098
5, 308,4,321.702240, 336.212311, 470.060944, 265.993805,94.347794, 791.081116, 0.956843
5, 308,5,132.037903, 137.699203, 470.060944, 265.993805,94.347794, 791.081116, 0.958886
5, 308,6,483.186340, 488.178162, 470.060944, 265.993805,94.347794, 791.081116, 0.989775
5, 308,7,791.081116, 805.554626, 470.060944, 265.993805,94.347794, 791.081116, 0.982033
5, 309,0,154.207031, 151.643051, 499.671600, 372.946442,65.174614, 1017.704346, 1.016908
5, 309,1,748.611816, 719.592712, 499.671600, 372.946442,65.174614, 1017.704346, 1.040327
5, 309,2,557.089783, 526.143921, 499.671600, 372.946442,65.174614, 1017.704346, 1.058816
5, 309,3,1017.704346, 965.421082, 499.671600, 372.946442,65.174614, 1017.704346, 1.054156
5, 309,4,65.174614, 65.249207, 499.671600, 372.946442,65.174614, 1017.704346, 0.998857
5, 309,5,946.432007, 902.366577, 499.671600, 372.946442,65.174614, 1017.704346, 1.048833
5, 309,6,177.803223, 170.429321, 499.671600, 372.946442,65.174614, 1017.704346, 1.043267
5, 309,7,330.349884, 311.154114, 499.671600, 372.946442,65.174614, 1017.704346, 1.061692
5, 310,0,642.282104, 634.747803, 487.051361, 270.739319,109.323540, 951.260620, 1.011870
5, 310,1,951.260620, 916.710754, 487.051361, 270.739319,109.323540, 951.260620, 1.037689
5, 310,2,266.638763, 265.632751, 487.051361, 270.739319,109.323540, 951.260620, 1.003787
5, 310,3,452.505554, 439.485931, 487.051361, 270.739319,109.323540, 951.260620, 1.029625
5, 310,4,109.323540, 105.477776, 487.051361, 270.739319,109.323540, 951.260620, 1.036460
5, 310,5,556.060608, 541.607788, 487.051361, 270.739319,109.323540, 951.260620, 1.026685
5, 310,6,265.855103, 268.585632, 487.051361, 270.739319,109.323540, 951.260620, 0.989834
5, 310,7,652.484619, 639.751404, 487.051361, 270.739319,109.323540, 951.260620, 1.019903
5, 311,0,353.194427, 355.294891, 504.000305, 432.306885,28.409901, 1434.764526, 0.994088
5, 311,1,174.773361, 176.325150, 504.000305, 432.306885,28.409901, 1434.764526, 0.991199
5, 311,2,385.916382, 340.960938, 504.000305, 432.306885,28.409901, 1434.764526, 1.131849
5, 311,3,1434.764526, 1333.178223, 504.000305, 432.306885,28.409901, 1434.764526, 1.076199
5, 311,4,363.487244, 338.913208, 504.000305, 432.306885,28.409901, 1434.764526, 1.072508
5, 311,5,718.948242, 699.207581, 504.000305, 432.306885,28.409901, 1434.764526, 1.028233
5, 311,6,28.409901, 27.917452, 504.000305, 432.306885,28.409901, 1434.764526, 1.017640
5, 311,7,572.508240, 540.203003, 504.000305, 432.306885,28.409901, 1434.764526, 1.059802
5, 312,0,105.665100, 63.793213, 485.351898, 232.141327,105.665100, 709.095520, 1.656369
5, 312,1,238.038544, 245.081299, 485.351898, 232.141327,105.665100, 709.095520, 0.971264
5, 312,2,695.908691, 686.751892, 485.351898, 232.141327,105.665100, 709.095520, 1.013333
5, 312,3,709.095520, 697.402649, 485.351898, 232.141327,105.665100, 709.095520, 1.016766
5, 312,4,343.289795, 348.241119, 485.351898, 232.141327,105.665100, 709.095520, 0.985782
5, 312,5,493.219269, 481.825378, 485.351898, 232.141327,105.665100, 709.095520, 1.023647
5, 312,6,692.572388, 688.392212, 485.351898, 232.141327,105.665100, 709.095520, 1.006072
5, 312,7,605.026062, 600.512024, 485.351898, 232.141327,105.665100, 709.095520, 1.007517
5, 313,0,718.318481, 712.295593, 477.743042, 261.967438,129.554871, 779.372559, 1.008456
5, 313,1,129.554871, 120.581467, 477.743042, 261.967438,129.554871, 779.372559, 1.074418
5, 313,2,779.372559, 776.213989, 477.743042, 261.967438,129.554871, 779.372559, 1.004069
5, 313,3,565.942444, 564.877319, 477.743042, 261.967438,129.554871, 779.372559, 1.001886
5, 313,4,344.910522, 352.116608, 477.743042, 261.967438,129.554871, 779.372559, 0.979535
5, 313,5,769.894653, 770.327759, 477.743042, 261.967438,129.554871, 779.372559, 0.999438
5, 313,6,288.943787, 290.975189, 477.743042, 261.967438,129.554871, 779.372559, 0.993019
5, 313,7,225.007278, 224.612076, 477.743042, 261.967438,129.554871, 779.372559, 1.001760
5, 314,0,614.074341, 633.498901, 465.020660, 191.939270,94.856346, 724.022644, 0.969338
5, 314,1,560.278503, 568.259705, 465.020660, 191.939270,94.856346, 724.022644, 0.985955
5, 314,2,457.247620, 463.248688, 465.020660, 191.939270,94.856346, 724.022644, 0.987046
5, 314,3,318.707153, 322.349030, 465.020660, 191.939270,94.856346, 724.022644, 0.988702
5, 314,4,94.856346, 106.217201, 465.020660, 191.939270,94.856346, 724.022644, 0.893041
5, 314,5,724.022644, 739.080872, 465.020660, 191.939270,94.856346, 724.022644, 0.979626
5, 314,6,455.453796, 472.613464, 465.020660, 191.939270,94.856346, 724.022644, 0.963692
5, 314,7,495.524902, 506.732056, 465.020660, 191.939270,94.856346, 724.022644, 0.977883
5, 315,0,141.923920, 141.898193, 498.355469, 359.336121,49.470737, 1052.236084, 1.000181
5, 315,1,1052.236084, 986.265381, 498.355469, 359.336121,49.470737, 1052.236084, 1.066889
5, 315,2,972.682068, 938.913330, 498.355469, 359.336121,49.470737, 1052.236084, 1.035966
5, 315,3,493.058441, 442.638580, 498.355469, 359.336121,49.470737, 1052.236084, 1.113907
5, 315,4,290.203644, 289.174072, 498.355469, 359.336121,49.470737, 1052.236084, 1.003560
5, 315,5,485.065521, 472.862640, 498.355469, 359.336121,49.470737, 1052.236084, 1.025806
5, 315,6,502.203583, 487.396454, 498.355469, 359.336121,49.470737, 1052.236084, 1.030380
5, 315,7,49.470737, 52.851284, 498.355469, 359.336121,49.470737, 1052.236084, 0.936037
5, 316,0,156.629791, 152.533386, 466.428925, 288.953033,156.629791, 892.685974, 1.026856
5, 316,1,892.685974, 925.058533, 466.428925, 288.953033,156.629791, 892.685974, 0.965005
5, 316,2,742.035461, 758.903748, 466.428925, 288.953033,156.629791, 892.685974, 0.977773
5, 316,3,341.371185, 357.499542, 466.428925, 288.953033,156.629791, 892.685974, 0.954886
5, 316,4,768.145264, 779.854126, 466.428925, 288.953033,156.629791, 892.685974, 0.984986
5, 316,5,175.232040, 175.157227, 466.428925, 288.953033,156.629791, 892.685974, 1.000427
5, 316,6,307.060425, 306.587891, 466.428925, 288.953033,156.629791, 892.685974, 1.001541
5, 316,7,348.271301, 356.405365, 466.428925, 288.953033,156.629791, 892.685974, 0.977178
5, 317,0,423.913147, 435.391266, 461.640564, 149.583878,250.437607, 768.703857, 0.973637
5, 317,1,515.418396, 542.686829, 461.640564, 149.583878,250.437607, 768.703857, 0.949753
5, 317,2,406.510834, 427.060974, 461.640564, 149.583878,250.437607, 768.703857, 0.951880
5, 317,3,448.208801, 462.826202, 461.640564, 149.583878,250.437607, 768.703857, 0.968417
5, 317,4,768.703857, 774.512085, 461.640564, 149.583878,250.437607, 768.703857, 0.992501
5, 317,5,508.003235, 534.182007, 461.640564, 149.583878,250.437607, 768.703857, 0.950993
5, 317,6,250.437607, 262.451324, 461.640564, 149.583878,250.437607, 768.703857, 0.954225
5, 317,7,371.928802, 372.889465, 461.640564, 149.583878,250.437607, 768.703857, 0.997424
5, 318,0,596.939514, 600.017090, 471.396179, 203.144272,190.986130, 809.248657, 0.994871
5, 318,1,617.538696, 620.206482, 471.396179, 203.144272,190.986130, 809.248657, 0.995699
5, 318,2,809.248657, 832.460815, 471.396179, 203.144272,190.986130, 809.248657, 0.972116
5, 318,3,289.987244, 279.331940, 471.396179, 203.144272,190.986130, 809.248657, 1.038146
5, 318,4,355.705872, 354.141754, 471.396179, 203.144272,190.986130, 809.248657, 1.004417
5, 318,5,190.986130, 191.593124, 471.396179, 203.144272,190.986130, 809.248657, 0.996832
5, 318,6,377.362854, 385.947784, 471.396179, 203.144272,190.986130, 809.248657, 0.977756
5, 318,7,533.400635, 548.300903, 471.396179, 203.144272,190.986130, 809.248657, 0.972825
5, 319,0,404.267303, 404.708801, 467.403839, 174.417603,94.530762, 632.782227, 0.998909
5, 319,1,590.175537, 612.023987, 467.403839, 174.417603,94.530762, 632.782227, 0.964301
5, 319,2,632.782227, 640.545654, 467.403839, 174.417603,94.530762, 632.782227, 0.987880
5, 319,3,94.530762, 98.264633, 467.403839, 174.417603,94.530762, 632.782227, 0.962002
5, 319,4,394.440063, 394.432312, 467.403839, 174.417603,94.530762, 632.782227, 1.000020
5, 319,5,526.670410, 542.287598, 467.403839, 174.417603,94.530762, 632.782227, 0.971201
5, 319,6,495.170685, 506.254517, 467.403839, 174.417603,94.530762, 632.782227, 0.978106
5, 319,7,601.193909, 613.482727, 467.403839, 174.417603,94.530762, 632.782227, 0.979969
5, 320,0,665.250305, 666.597290, 476.973267, 317.749939,42.265659, 842.428833, 0.997979
5, 320,1,293.261658, 292.515503, 476.973267, 317.749939,42.265659, 842.428833, 1.002551
5, 320,2,842.428833, 834.885315, 476.973267, 317.749939,42.265659, 842.428833, 1.009035
5, 320,3,693.146301, 692.574707, 476.973267, 317.749939,42.265659, 842.428833, 1.000825
5, 320,4,447.515228, 448.012238, 476.973267, 317.749939,42.265659, 842.428833, 0.998891
5, 320,5,42.265659, 40.741394, 476.973267, 317.749939,42.265659, 842.428833, 1.037413
5, 320,6,776.503479, 783.772461, 476.973267, 317.749939,42.265659, 842.428833, 0.990726
5, 320,7,55.414799, 52.901093, 476.973267, 317.749939,42.265659, 842.428833, 1.047517
5, 321,0,611.868896, 606.352600, 478.607666, 292.728729,129.319077, 908.429260, 1.009097
5, 321,1,229.669525, 231.042648, 478.607666, 292.728729,129.319077, 908.429260, 0.994057
5, 321,2,708.323120, 711.469055, 478.607666, 292.728729,129.319077, 908.429260, 0.995578
5, 321,3,129.319077, 143.194824, 478.607666, 292.728729,129.319077, 908.429260, 0.903099
5, 321,4,177.650070, 177.950821, 478.607666, 292.728729,129.319077, 908.429260, 0.998310
5, 321,5,908.429260, 892.118103, 478.607666, 292.728729,129.319077, 908.429260, 1.018284
5, 321,6,352.427704, 350.170868, 478.607666, 292.728729,129.319077, 908.429260, 1.006445
5, 321,7,711.173462, 699.701233, 478.607666, 292.728729,129.319077, 908.429260, 1.016396
5, 322,0,630.240845, 649.058472, 462.289276, 257.368958,151.830704, 833.859314, 0.971008
5, 322,1,659.757813, 683.491394, 462.289276, 257.368958,151.830704, 833.859314, 0.965276
5, 322,2,571.399353, 584.221497, 462.289276, 257.368958,151.830704, 833.859314, 0.978053
5, 322,3,228.230026, 230.106949, 462.289276, 257.368958,151.830704, 833.859314, 0.991843
5, 322,4,153.611435, 175.122543, 462.289276, 257.368958,151.830704, 833.859314, 0.877165
5, 322,5,151.830704, 153.047516, 462.289276, 257.368958,151.830704, 833.859314, 0.992049
5, 322,6,833.859314, 857.653870, 462.289276, 257.368958,151.830704, 833.859314, 0.972256
5, 322,7,469.384827, 479.297394, 462.289276, 257.368958,151.830704, 833.859314, 0.979319
5, 323,0,543.373779, 529.584045, 484.812592, 291.497009,150.848419, 1054.083984, 1.026039
5, 323,1,439.603485, 436.416962, 484.812592, 291.497009,150.848419, 1054.083984, 1.007302
5, 323,2,1054.083984, 1032.387207, 484.812592, 291.497009,150.848419, 1054.083984, 1.021016
5, 323,3,385.438995, 381.172974, 484.812592, 291.497009,150.848419, 1054.083984, 1.011192
5, 323,4,150.848419, 152.180527, 484.812592, 291.497009,150.848419, 1054.083984, 0.991247
5, 323,5,304.323700, 301.837677, 484.812592, 291.497009,150.848419, 1054.083984, 1.008236
5, 323,6,265.063263, 262.710022, 484.812592, 291.497009,150.848419, 1054.083984, 1.008958
5, 323,7,735.765076, 715.710510, 484.812592, 291.497009,150.848419, 1054.083984, 1.028021
5, 324,0,1241.376099, 1190.174072, 503.178131, 511.708527,21.452320, 1317.687256, 1.043021
5, 324,1,491.244873, 452.402679, 503.178131, 511.708527,21.452320, 1317.687256, 1.085858
5, 324,2,135.262924, 109.858208, 503.178131, 511.708527,21.452320, 1317.687256, 1.231250
5, 324,3,492.430542, 482.060944, 503.178131, 511.708527,21.452320, 1317.687256, 1.021511
5, 324,4,21.452320, 15.810247, 503.178131, 511.708527,21.452320, 1317.687256, 1.356862
5, 324,5,1317.687256, 1280.666504, 503.178131, 511.708527,21.452320, 1317.687256, 1.028907
5, 324,6,275.716095, 251.298706, 503.178131, 511.708527,21.452320, 1317.687256, 1.097165
5, 324,7,50.254860, 29.728827, 503.178131, 511.708527,21.452320, 1317.687256, 1.690442
5, 325,0,394.304657, 401.572083, 470.430237, 227.261917,144.638733, 749.759583, 0.981903
5, 325,1,749.759583, 770.689087, 470.430237, 227.261917,144.638733, 749.759583, 0.972843
5, 325,2,233.835190, 233.442780, 470.430237, 227.261917,144.638733, 749.759583, 1.001681
5, 325,3,351.568695, 357.499634, 470.430237, 227.261917,144.638733, 749.759583, 0.983410
5, 325,4,674.249939, 681.301147, 470.430237, 227.261917,144.638733, 749.759583, 0.989650
5, 325,5,501.881744, 511.307404, 470.430237, 227.261917,144.638733, 749.759583, 0.981566
5, 325,6,144.638733, 131.543793, 470.430237, 227.261917,144.638733, 749.759583, 1.099548
5, 325,7,713.203430, 724.643982, 470.430237, 227.261917,144.638733, 749.759583, 0.984212
5, 326,0,53.309135, 64.222931, 484.946838, 410.833252,53.309135, 1233.460327, 0.830064
5, 326,1,1233.460327, 1189.104492, 484.946838, 410.833252,53.309135, 1233.460327, 1.037302
5, 326,2,106.753487, 113.989189, 484.946838, 410.833252,53.309135, 1233.460327, 0.936523
5, 326,3,98.165405, 105.427666, 484.946838, 410.833252,53.309135, 1233.460327, 0.931116
5, 326,4,776.400574, 759.855896, 484.946838, 410.833252,53.309135, 1233.460327, 1.021773
5, 326,5,428.870026, 429.905243, 484.946838, 410.833252,53.309135, 1233.460327, 0.997592
5, 326,6,716.923828, 692.536560, 484.946838, 410.833252,53.309135, 1233.460327, 1.035214
5, 326,7,465.691986, 456.958038, 484.946838, 410.833252,53.309135, 1233.460327, 1.019113
5, 327,0,751.581177, 745.761292, 478.552063, 259.651031,60.899830, 799.961426, 1.007804
5, 327,1,554.358215, 555.995667, 478.552063, 259.651031,60.899830, 799.961426, 0.997055
5, 327,2,643.057983, 638.425232, 478.552063, 259.651031,60.899830, 799.961426, 1.007257
5, 327,3,243.458893, 233.841675, 478.552063, 259.651031,60.899830, 799.961426, 1.041127
5, 327,4,799.961426, 795.282227, 478.552063, 259.651031,60.899830, 799.961426, 1.005884
5, 327,5,60.899830, 57.307625, 478.552063, 259.651031,60.899830, 799.961426, 1.062683
5, 327,6,474.174591, 471.595947, 478.552063, 259.651031,60.899830, 799.961426, 1.005468
5, 327,7,300.924255, 313.790344, 478.552063, 259.651031,60.899830, 799.961426, 0.958998
5, 328,0,517.238770, 545.467896, 464.408203, 246.413788,115.913528, 836.108154, 0.948248
5, 328,1,184.466339, 191.418457, 464.408203, 246.413788,115.913528, 836.108154, 0.963681
5, 328,2,115.913528, 112.512611, 464.408203, 246.413788,115.913528, 836.108154, 1.030227
5, 328,3,836.108154, 858.621399, 464.408203, 246.413788,115.913528, 836.108154, 0.973780
5, 328,4,292.992065, 296.296936, 464.408203, 246.413788,115.913528, 836.108154, 0.988846
5, 328,5,556.040161, 547.053772, 464.408203, 246.413788,115.913528, 836.108154, 1.016427
5, 328,6,550.349548, 568.866577, 464.408203, 246.413788,115.913528, 836.108154, 0.967449
5, 328,7,662.156860, 691.762146, 464.408203, 246.413788,115.913528, 836.108154, 0.957203
5, 329,0,682.786133, 654.965637, 493.601196, 332.544708,103.189590, 1184.262329, 1.042476
5, 329,1,382.524506, 370.890991, 493.601196, 332.544708,103.189590, 1184.262329, 1.031366
5, 329,2,103.189590, 60.219852, 493.601196, 332.544708,103.189590, 1184.262329, 1.713548
5, 329,3,388.832947, 387.162445, 493.601196, 332.544708,103.189590, 1184.262329, 1.004315
5, 329,4,216.965698, 217.258240, 493.601196, 332.544708,103.189590, 1184.262329, 0.998653
5, 329,5,427.927826, 420.840546, 493.601196, 332.544708,103.189590, 1184.262329, 1.016841
5, 329,6,562.320496, 547.876770, 493.601196, 332.544708,103.189590, 1184.262329, 1.026363
5, 329,7,1184.262329, 1152.785400, 493.601196, 332.544708,103.189590, 1184.262329, 1.027305
5, 330,0,21.148888, 31.709255, 473.559052, 247.199478,21.148888, 673.743347, 0.666963
5, 330,1,605.196472, 609.951782, 473.559052, 247.199478,21.148888, 673.743347, 0.992204
5, 330,2,673.743347, 673.826721, 473.559052, 247.199478,21.148888, 673.743347, 0.999876
5, 330,3,673.254944, 671.259338, 473.559052, 247.199478,21.148888, 673.743347, 1.002973
5, 330,4,521.994080, 518.966003, 473.559052, 247.199478,21.148888, 673.743347, 1.005835
5, 330,5,563.491150, 570.846375, 473.559052, 247.199478,21.148888, 673.743347, 0.987115
5, 330,6,578.966797, 583.518677, 473.559052, 247.199478,21.148888, 673.743347, 0.992199
5, 330,7,150.676727, 151.921432, 473.559052, 247.199478,21.148888, 673.743347, 0.991807
5, 331,0,763.366394, 783.081299, 475.623535, 284.734741,99.272797, 808.096558, 0.974824
5, 331,1,106.160324, 65.350372, 475.623535, 284.734741,99.272797, 808.096558, 1.624479
5, 331,2,808.096558, 816.941711, 475.623535, 284.734741,99.272797, 808.096558, 0.989173
5, 331,3,510.728485, 521.660461, 475.623535, 284.734741,99.272797, 808.096558, 0.979044
5, 331,4,99.272797, 99.633759, 475.623535, 284.734741,99.272797, 808.096558, 0.996377
5, 331,5,663.856201, 672.169067, 475.623535, 284.734741,99.272797, 808.096558, 0.987633
5, 331,6,591.980103, 594.826599, 475.623535, 284.734741,99.272797, 808.096558, 0.995215
5, 331,7,261.527405, 258.336548, 475.623535, 284.734741,99.272797, 808.096558, 1.012352
5, 332,0,757.528625, 747.847351, 484.610596, 250.366272,132.429169, 757.528625, 1.012946
5, 332,1,182.118713, 190.652267, 484.610596, 250.366272,132.429169, 757.528625, 0.955240
5, 332,2,735.012268, 734.497253, 484.610596, 250.366272,132.429169, 757.528625, 1.000701
5, 332,3,756.573669, 758.165771, 484.610596, 250.366272,132.429169, 757.528625, 0.997900
5, 332,4,473.178162, 469.728485, 484.610596, 250.366272,132.429169, 757.528625, 1.007344
5, 332,5,377.439362, 378.458252, 484.610596, 250.366272,132.429169, 757.528625, 0.997308
5, 332,6,132.429169, 69.995804, 484.610596, 250.366272,132.429169, 757.528625, 1.891959
5, 332,7,462.604401, 462.654510, 484.610596, 250.366272,132.429169, 757.528625, 0.999892
5, 333,0,279.508484, 272.027832, 461.426575, 200.579971,88.423599, 670.534607, 1.027500
5, 333,1,585.556702, 592.691650, 461.426575, 200.579971,88.423599, 670.534607, 0.987962
5, 333,2,646.667358, 666.571045, 461.426575, 200.579971,88.423599, 670.534607, 0.970140
5, 333,3,400.329102, 436.772339, 461.426575, 200.579971,88.423599, 670.534607, 0.916562
5, 333,4,449.112915, 490.044373, 461.426575, 200.579971,88.423599, 670.534607, 0.916474
5, 333,5,88.423599, 89.037003, 461.426575, 200.579971,88.423599, 670.534607, 0.993111
5, 333,6,571.279785, 577.585632, 461.426575, 200.579971,88.423599, 670.534607, 0.989082
5, 333,7,670.534607, 687.270142, 461.426575, 200.579971,88.423599, 670.534607, 0.975649
5, 334,0,949.755554, 926.986023, 507.129517, 352.912903,67.478233, 970.530334, 1.024563
5, 334,1,610.525635, 581.059692, 507.129517, 352.912903,67.478233, 970.530334, 1.050711
5, 334,2,301.868195, 288.895142, 507.129517, 352.912903,67.478233, 970.530334, 1.044906
5, 334,3,67.478233, 23.180132, 507.129517, 352.912903,67.478233, 970.530334, 2.911037
5, 334,4,675.080994, 632.292603, 507.129517, 352.912903,67.478233, 970.530334, 1.067672
5, 334,5,970.530334, 950.966187, 507.129517, 352.912903,67.478233, 970.530334, 1.020573
5, 334,6,90.744110, 23.061123, 507.129517, 352.912903,67.478233, 970.530334, 3.934939
5, 334,7,391.053101, 385.559326, 507.129517, 352.912903,67.478233, 970.530334, 1.014249
5, 335,0,423.630341, 433.255035, 469.368011, 226.577820,109.539063, 798.379944, 0.977785
5, 335,1,356.444183, 355.551483, 469.368011, 226.577820,109.539063, 798.379944, 1.002511
5, 335,2,798.379944, 805.157898, 469.368011, 226.577820,109.539063, 798.379944, 0.991582
5, 335,3,699.503540, 705.939819, 469.368011, 226.577820,109.539063, 798.379944, 0.990883
5, 335,4,304.094299, 305.769714, 469.368011, 226.577820,109.539063, 798.379944, 0.994521
5, 335,5,109.539063, 107.553436, 469.368011, 226.577820,109.539063, 798.379944, 1.018462
5, 335,6,434.850067, 451.565918, 469.368011, 226.577820,109.539063, 798.379944, 0.962982
5, 335,7,628.502686, 647.206726, 469.368011, 226.577820,109.539063, 798.379944, 0.971100
5, 336,0,569.684753, 586.207336, 470.040344, 249.978317,51.644978, 788.534180, 0.971814
5, 336,1,263.784637, 257.881073, 470.040344, 249.978317,51.644978, 788.534180, 1.022893
5, 336,2,573.445740, 587.805969, 470.040344, 249.978317,51.644978, 788.534180, 0.975570
5, 336,3,51.644978, 35.910175, 470.040344, 249.978317,51.644978, 788.534180, 1.438171
5, 336,4,505.443420, 512.518616, 470.040344, 249.978317,51.644978, 788.534180, 0.986195
5, 336,5,720.944092, 733.283020, 470.040344, 249.978317,51.644978, 788.534180, 0.983173
5, 336,6,286.841187, 284.575439, 470.040344, 249.978317,51.644978, 788.534180, 1.007962
5, 336,7,788.534180, 813.818665, 470.040344, 249.978317,51.644978, 788.534180, 0.968931
5, 337,0,603.076477, 584.780823, 457.699188, 149.715088,182.900223, 655.985352, 1.031286
5, 337,1,655.985352, 689.113892, 457.699188, 149.715088,182.900223, 655.985352, 0.951926
5, 337,2,182.900223, 177.327087, 457.699188, 149.715088,182.900223, 655.985352, 1.031429
5, 337,3,345.666016, 366.941742, 457.699188, 149.715088,182.900223, 655.985352, 0.942019
5, 337,4,442.009888, 493.124390, 457.699188, 149.715088,182.900223, 655.985352, 0.896346
5, 337,5,452.341339, 481.615662, 457.699188, 149.715088,182.900223, 655.985352, 0.939216
5, 337,6,434.817719, 429.984436, 457.699188, 149.715088,182.900223, 655.985352, 1.011241
5, 337,7,544.796631, 589.111816, 457.699188, 149.715088,182.900223, 655.985352, 0.924776
5, 338,0,520.833496, 529.875610, 463.242645, 226.292404,113.023132, 758.560608, 0.982935
5, 338,1,758.560608, 787.747742, 463.242645, 226.292404,113.023132, 758.560608, 0.962949
5, 338,2,618.698792, 640.751160, 463.242645, 226.292404,113.023132, 758.560608, 0.965584
5, 338,3,270.301636, 275.101959, 463.242645, 226.292404,113.023132, 758.560608, 0.982551
5, 338,4,113.023132, 114.790215, 463.242645, 226.292404,113.023132, 758.560608, 0.984606
5, 338,5,299.281586, 306.477600, 463.242645, 226.292404,113.023132, 758.560608, 0.976520
5, 338,6,426.153992, 434.380859, 463.242645, 226.292404,113.023132, 758.560608, 0.981061
5, 338,7,699.087952, 722.874939, 463.242645, 226.292404,113.023132, 758.560608, 0.967094
5, 339,0,28.667915, 20.765202, 500.249054, 530.588806,28.667915, 1592.183838, 1.380575
5, 339,1,273.309753, 272.080261, 500.249054, 530.588806,28.667915, 1592.183838, 1.004519
5, 339,2,939.247375, 883.600891, 500.249054, 530.588806,28.667915, 1592.183838, 1.062977
5, 339,3,75.012711, 76.258385, 500.249054, 530.588806,28.667915, 1592.183838, 0.983665
5, 339,4,416.797791, 433.939362, 500.249054, 530.588806,28.667915, 1592.183838, 0.960498
5, 339,5,149.242142, 160.379395, 500.249054, 530.588806,28.667915, 1592.183838, 0.930557
5, 339,6,1592.183838, 1496.455200, 500.249054, 530.588806,28.667915, 1592.183838, 1.063970
5, 339,7,527.530701, 468.521393, 500.249054, 530.588806,28.667915, 1592.183838, 1.125948
5, 340,0,425.191437, 427.418243, 481.965149, 326.868011,98.887291, 1084.715820, 0.994790
5, 340,1,98.887291, 108.872032, 481.965149, 326.868011,98.887291, 1084.715820, 0.908289
5, 340,2,531.607788, 519.949951, 481.965149, 326.868011,98.887291, 1084.715820, 1.022421
5, 340,3,799.361328, 788.519348, 481.965149, 326.868011,98.887291, 1084.715820, 1.013750
5, 340,4,147.184662, 150.419922, 481.965149, 326.868011,98.887291, 1084.715820, 0.978492
5, 340,5,372.289215, 375.091797, 481.965149, 326.868011,98.887291, 1084.715820, 0.992528
5, 340,6,396.483734, 386.951935, 481.965149, 326.868011,98.887291, 1084.715820, 1.024633
5, 340,7,1084.715820, 1054.776489, 481.965149, 326.868011,98.887291, 1084.715820, 1.028385
5, 341,0,212.937302, 213.293198, 482.615540, 303.199921,114.979065, 869.059570, 0.998331
5, 341,1,494.150879, 481.636688, 482.615540, 303.199921,114.979065, 869.059570, 1.025983
5, 341,2,114.979065, 117.848869, 482.615540, 303.199921,114.979065, 869.059570, 0.975648
5, 341,3,869.059570, 850.157104, 482.615540, 303.199921,114.979065, 869.059570, 1.022234
5, 341,4,201.504272, 207.737625, 482.615540, 303.199921,114.979065, 869.059570, 0.969994
5, 341,5,377.027710, 373.758453, 482.615540, 303.199921,114.979065, 869.059570, 1.008747
5, 341,6,799.132568, 786.958679, 482.615540, 303.199921,114.979065, 869.059570, 1.015470
5, 341,7,792.132996, 780.609436, 482.615540, 303.199921,114.979065, 869.059570, 1.014762
5, 342,0,131.883057, 95.371574, 468.515045, 198.534225,131.883057, 668.860352, 1.382834
5, 342,1,226.386368, 227.681625, 468.515045, 198.534225,131.883057, 668.860352, 0.994311
5, 342,2,400.545990, 400.863953, 468.515045, 198.534225,131.883057, 668.860352, 0.999207
5, 342,3,661.716125, 680.670593, 468.515045, 198.534225,131.883057, 668.860352, 0.972153
5, 342,4,668.860352, 687.182190, 468.515045, 198.534225,131.883057, 668.860352, 0.973338
5, 342,5,534.443420, 560.641357, 468.515045, 198.534225,131.883057, 668.860352, 0.953272
5, 342,6,562.230835, 571.331360, 468.515045, 198.534225,131.883057, 668.860352, 0.984071
5, 342,7,562.054382, 588.257202, 468.515045, 198.534225,131.883057, 668.860352, 0.955457
5, 343,0,802.195007, 746.193787, 505.565826, 357.593170,74.642113, 967.888367, 1.075049
5, 343,1,74.642113, 20.587181, 505.565826, 357.593170,74.642113, 967.888367, 3.625660
5, 343,2,244.591934, 247.057617, 505.565826, 357.593170,74.642113, 967.888367, 0.990020
5, 343,3,304.891510, 281.090485, 505.565826, 357.593170,74.642113, 967.888367, 1.084674
5, 343,4,872.488464, 846.753723, 505.565826, 357.593170,74.642113, 967.888367, 1.030392
5, 343,5,126.751282, 125.909500, 505.565826, 357.593170,74.642113, 967.888367, 1.006686
5, 343,6,651.077759, 625.595215, 505.565826, 357.593170,74.642113, 967.888367, 1.040733
5, 343,7,967.888367, 918.812561, 505.565826, 357.593170,74.642113, 967.888367, 1.053412
5, 344,0,86.060211, 69.498779, 497.871735, 518.234680,16.525808, 1624.227173, 1.238298
5, 344,1,393.136658, 402.271637, 497.871735, 518.234680,16.525808, 1624.227173, 0.977292
5, 344,2,16.525808, 51.803974, 497.871735, 518.234680,16.525808, 1624.227173, 0.319007
5, 344,3,1624.227173, 1568.635620, 497.871735, 518.234680,16.525808, 1624.227173, 1.035439
5, 344,4,196.991150, 171.962738, 497.871735, 518.234680,16.525808, 1624.227173, 1.145546
5, 344,5,299.186249, 275.256165, 497.871735, 518.234680,16.525808, 1624.227173, 1.086938
5, 344,6,692.843445, 630.976990, 497.871735, 518.234680,16.525808, 1624.227173, 1.098049
5, 344,7,674.002991, 641.593872, 497.871735, 518.234680,16.525808, 1624.227173, 1.050514
5, 345,0,687.374207, 733.758484, 460.384766, 184.418777,262.723724, 703.880798, 0.936785
5, 345,1,400.818298, 410.027130, 460.384766, 184.418777,262.723724, 703.880798, 0.977541
5, 345,2,262.723724, 246.994934, 460.384766, 184.418777,262.723724, 703.880798, 1.063681
5, 345,3,630.198669, 686.567383, 460.384766, 184.418777,262.723724, 703.880798, 0.917898
5, 345,4,393.822296, 411.990540, 460.384766, 184.418777,262.723724, 703.880798, 0.955901
5, 345,5,327.457733, 336.688019, 460.384766, 184.418777,262.723724, 703.880798, 0.972585
5, 345,6,703.880798, 722.440002, 460.384766, 184.418777,262.723724, 703.880798, 0.974310
5, 345,7,276.802368, 263.533752, 460.384766, 184.418777,262.723724, 703.880798, 1.050349
5, 346,0,187.292557, 189.822296, 470.750610, 249.415817,181.070099, 827.205078, 0.986673
5, 346,1,336.141113, 327.343842, 470.750610, 249.415817,181.070099, 827.205078, 1.026875
5, 346,2,827.205078, 775.499634, 470.750610, 249.415817,181.070099, 827.205078, 1.066674
5, 346,3,181.070099, 194.942780, 470.750610, 249.415817,181.070099, 827.205078, 0.928837
5, 346,4,745.954285, 764.804688, 470.750610, 249.415817,181.070099, 827.205078, 0.975353
5, 346,5,450.909668, 450.487701, 470.750610, 249.415817,181.070099, 827.205078, 1.000937
5, 346,6,669.186768, 674.956543, 470.750610, 249.415817,181.070099, 827.205078, 0.991452
5, 346,7,368.245239, 434.142517, 470.750610, 249.415817,181.070099, 827.205078, 0.848213
5, 347,0,535.151062, 537.559204, 477.254944, 318.723724,79.788612, 937.562622, 0.995520
5, 347,1,83.183609, 91.558044, 477.254944, 318.723724,79.788612, 937.562622, 0.908534
5, 347,2,233.912079, 238.136749, 477.254944, 318.723724,79.788612, 937.562622, 0.982259
5, 347,3,772.671143, 744.191772, 477.254944, 318.723724,79.788612, 937.562622, 1.038269
5, 347,4,79.788612, 112.469635, 477.254944, 318.723724,79.788612, 937.562622, 0.709424
5, 347,5,664.115662, 661.081543, 477.254944, 318.723724,79.788612, 937.562622, 1.004590
5, 347,6,511.654785, 504.371582, 477.254944, 318.723724,79.788612, 937.562622, 1.014440
5, 347,7,937.562622, 922.631653, 477.254944, 318.723724,79.788612, 937.562622, 1.016183
5, 348,0,680.049744, 672.081482, 479.568420, 204.581985,58.495796, 680.049744, 1.011856
5, 348,1,666.582581, 661.308716, 479.568420, 204.581985,58.495796, 680.049744, 1.007975
5, 348,2,523.971558, 521.345215, 479.568420, 204.581985,58.495796, 680.049744, 1.005038
5, 348,3,621.294250, 619.525146, 479.568420, 204.581985,58.495796, 680.049744, 1.002856
5, 348,4,58.495796, 64.818863, 479.568420, 204.581985,58.495796, 680.049744, 0.902450
5, 348,5,407.075714, 403.612305, 479.568420, 204.581985,58.495796, 680.049744, 1.008581
5, 348,6,510.212524, 498.824036, 479.568420, 204.581985,58.495796, 680.049744, 1.022831
5, 348,7,368.865143, 370.484344, 479.568420, 204.581985,58.495796, 680.049744, 0.995629
5, 349,0,635.361328, 635.733032, 476.264587, 311.870117,22.152935, 757.373840, 0.999415
5, 349,1,746.847107, 747.303162, 476.264587, 311.870117,22.152935, 757.373840, 0.999390
5, 349,2,260.025909, 263.259247, 476.264587, 311.870117,22.152935, 757.373840, 0.987718
5, 349,3,753.619690, 756.132446, 476.264587, 311.870117,22.152935, 757.373840, 0.996677
5, 349,4,757.373840, 740.958374, 476.264587, 311.870117,22.152935, 757.373840, 1.022154
5, 349,5,22.152935, 13.325317, 476.264587, 311.870117,22.152935, 757.373840, 1.662470
5, 349,6,565.252075, 552.026733, 476.264587, 311.870117,22.152935, 757.373840, 1.023958
5, 349,7,69.483955, 103.261780, 476.264587, 311.870117,22.152935, 757.373840, 0.672891
5, 350,0,811.527466, 806.880432, 486.380707, 258.655457,242.260986, 943.734497, 1.005759
5, 350,1,242.260986, 241.296600, 486.380707, 258.655457,242.260986, 943.734497, 1.003997
5, 350,2,446.572418, 429.211151, 486.380707, 258.655457,242.260986, 943.734497, 1.040449
5, 350,3,275.261414, 267.922485, 486.380707, 258.655457,242.260986, 943.734497, 1.027392
5, 350,4,503.956451, 496.904999, 486.380707, 258.655457,242.260986, 943.734497, 1.014191
5, 350,5,943.734497, 915.084595, 486.380707, 258.655457,242.260986, 943.734497, 1.031309
5, 350,6,354.417816, 348.664398, 486.380707, 258.655457,242.260986, 943.734497, 1.016501
5, 350,7,313.314453, 306.035126, 486.380707, 258.655457,242.260986, 943.734497, 1.023786
5, 351,0,434.546844, 460.427795, 459.298767, 157.869690,249.632370, 668.847900, 0.943789
5, 351,1,301.569611, 310.644501, 459.298767, 157.869690,249.632370, 668.847900, 0.970787
5, 351,2,651.252441, 676.380615, 459.298767, 157.869690,249.632370, 668.847900, 0.962849
5, 351,3,249.632370, 259.191528, 459.298767, 157.869690,249.632370, 668.847900, 0.963119
5, 351,4,668.847900, 706.495667, 459.298767, 157.869690,249.632370, 668.847900, 0.946712
5, 351,5,578.875183, 592.964783, 459.298767, 157.869690,249.632370, 668.847900, 0.976239
5, 351,6,423.481079, 441.047668, 459.298767, 157.869690,249.632370, 668.847900, 0.960171
5, 351,7,366.184662, 364.847168, 459.298767, 157.869690,249.632370, 668.847900, 1.003666
5, 352,0,689.463013, 702.101440, 467.738342, 247.582489,142.632431, 761.881287, 0.981999
5, 352,1,309.450928, 310.996582, 467.738342, 247.582489,142.632431, 761.881287, 0.995030
5, 352,2,471.025909, 486.065491, 467.738342, 247.582489,142.632431, 761.881287, 0.969059
5, 352,3,761.881287, 772.643799, 467.738342, 247.582489,142.632431, 761.881287, 0.986071
5, 352,4,501.292389, 512.447388, 467.738342, 247.582489,142.632431, 761.881287, 0.978232
5, 352,5,151.025528, 151.275360, 467.738342, 247.582489,142.632431, 761.881287, 0.998348
5, 352,6,715.135315, 736.872131, 467.738342, 247.582489,142.632431, 761.881287, 0.970501
5, 352,7,142.632431, 139.597733, 467.738342, 247.582489,142.632431, 761.881287, 1.021739
5, 353,0,792.169067, 766.029785, 504.260590, 351.916168,88.212761, 991.403381, 1.034123
5, 353,1,88.212761, 78.692841, 504.260590, 351.916168,88.212761, 991.403381, 1.120976
5, 353,2,839.022888, 798.304321, 504.260590, 351.916168,88.212761, 991.403381, 1.051006
5, 353,3,104.443863, 98.331879, 504.260590, 351.916168,88.212761, 991.403381, 1.062157
5, 353,4,282.057983, 267.583557, 504.260590, 351.916168,88.212761, 991.403381, 1.054093
5, 353,5,626.109985, 604.102661, 504.260590, 351.916168,88.212761, 991.403381, 1.036430
5, 353,6,991.403381, 908.551392, 504.260590, 351.916168,88.212761, 991.403381, 1.091191
5, 353,7,310.664856, 290.403381, 504.260590, 351.916168,88.212761, 991.403381, 1.069770
5, 354,0,479.788605, 445.362915, 473.316833, 185.006760,269.213867, 757.327698, 1.077298
5, 354,1,729.280273, 767.728271, 473.316833, 185.006760,269.213867, 757.327698, 0.949920
5, 354,2,422.275024, 429.927063, 473.316833, 185.006760,269.213867, 757.327698, 0.982202
5, 354,3,337.034760, 339.176819, 473.316833, 185.006760,269.213867, 757.327698, 0.993685
5, 354,4,299.579346, 299.965668, 473.316833, 185.006760,269.213867, 757.327698, 0.998712
5, 354,5,757.327698, 766.485107, 473.316833, 185.006760,269.213867, 757.327698, 0.988053
5, 354,6,492.035156, 501.227112, 473.316833, 185.006760,269.213867, 757.327698, 0.981661
5, 354,7,269.213867, 262.127167, 473.316833, 185.006760,269.213867, 757.327698, 1.027035
5, 355,0,802.322815, 818.250000, 467.356445, 225.079727,86.013542, 802.322815, 0.980535
5, 355,1,688.950439, 695.272095, 467.356445, 225.079727,86.013542, 802.322815, 0.990908
5, 355,2,86.013542, 100.481087, 467.356445, 225.079727,86.013542, 802.322815, 0.856017
5, 355,3,436.573364, 454.732635, 467.356445, 225.079727,86.013542, 802.322815, 0.960066
5, 355,4,530.681580, 551.983826, 467.356445, 225.079727,86.013542, 802.322815, 0.961408
5, 355,5,519.174622, 516.141907, 467.356445, 225.079727,86.013542, 802.322815, 1.005876
5, 355,6,394.858032, 392.447205, 467.356445, 225.079727,86.013542, 802.322815, 1.006143
5, 355,7,280.277374, 282.691101, 467.356445, 225.079727,86.013542, 802.322815, 0.991462
5, 356,0,828.026001, 823.895996, 480.912689, 230.359650,229.065323, 828.026001, 1.005013
5, 356,1,340.547852, 337.798126, 480.912689, 230.359650,229.065323, 828.026001, 1.008140
5, 356,2,243.029358, 243.932678, 480.912689, 230.359650,229.065323, 828.026001, 0.996297
5, 356,3,343.969330, 339.425537, 480.912689, 230.359650,229.065323, 828.026001, 1.013387
5, 356,4,229.065323, 226.058823, 480.912689, 230.359650,229.065323, 828.026001, 1.013300
5, 356,5,766.245239, 750.607605, 480.912689, 230.359650,229.065323, 828.026001, 1.020833
5, 356,6,580.050232, 579.067932, 480.912689, 230.359650,229.065323, 828.026001, 1.001696
5, 356,7,516.367859, 511.213409, 480.912689, 230.359650,229.065323, 828.026001, 1.010083
5, 357,0,203.704956, 217.411224, 481.358795, 345.000214,108.801987, 1014.816711, 0.936957
5, 357,1,196.959381, 190.125671, 481.358795, 345.000214,108.801987, 1014.816711, 1.035943
5, 357,2,1014.816711, 997.271912, 481.358795, 345.000214,108.801987, 1014.816711, 1.017593
5, 357,3,611.525269, 603.341064, 481.358795, 345.000214,108.801987, 1014.816711, 1.013565
5, 357,4,472.948120, 459.390991, 481.358795, 345.000214,108.801987, 1014.816711, 1.029511
5, 357,5,108.801987, 121.296326, 481.358795, 345.000214,108.801987, 1014.816711, 0.896993
5, 357,6,308.182953, 319.988464, 481.358795, 345.000214,108.801987, 1014.816711, 0.963106
5, 357,7,933.930908, 903.174377, 481.358795, 345.000214,108.801987, 1014.816711, 1.034054
5, 358,0,821.342407, 812.415161, 484.783020, 321.428162,50.797981, 829.286072, 1.010988
5, 358,1,87.236107, 56.301418, 484.783020, 321.428162,50.797981, 829.286072, 1.549448
5, 358,2,50.797981, 30.152956, 484.783020, 321.428162,50.797981, 829.286072, 1.684677
5, 358,3,691.730591, 686.131653, 484.783020, 321.428162,50.797981, 829.286072, 1.008160
5, 358,4,631.407227, 632.071411, 484.783020, 321.428162,50.797981, 829.286072, 0.998949
5, 358,5,210.142151, 209.866959, 484.783020, 321.428162,50.797981, 829.286072, 1.001311
5, 358,6,556.321655, 552.845093, 484.783020, 321.428162,50.797981, 829.286072, 1.006289
5, 358,7,829.286072, 832.215454, 484.783020, 321.428162,50.797981, 829.286072, 0.996480
5, 359,0,37.541592, 50.256592, 499.882233, 386.494232,26.822525, 989.936890, 0.746998
5, 359,1,791.717163, 754.233032, 499.882233, 386.494232,26.822525, 989.936890, 1.049698
5, 359,2,317.246124, 312.966797, 499.882233, 386.494232,26.822525, 989.936890, 1.013673
5, 359,3,981.189575, 925.830017, 499.882233, 386.494232,26.822525, 989.936890, 1.059795
5, 359,4,367.174744, 343.797882, 499.882233, 386.494232,26.822525, 989.936890, 1.067996
5, 359,5,487.429199, 467.592041, 499.882233, 386.494232,26.822525, 989.936890, 1.042424
5, 359,6,989.936890, 926.182434, 499.882233, 386.494232,26.822525, 989.936890, 1.068836
5, 359,7,26.822525, 31.141315, 499.882233, 386.494232,26.822525, 989.936890, 0.861316
5, 360,0,606.462463, 601.350464, 484.024811, 233.332138,35.950466, 709.593384, 1.008501
5, 360,1,584.240540, 581.553711, 484.024811, 233.332138,35.950466, 709.593384, 1.004620
5, 360,2,35.950466, 29.305929, 484.024811, 233.332138,35.950466, 709.593384, 1.226730
5, 360,3,394.496185, 389.508759, 484.024811, 233.332138,35.950466, 709.593384, 1.012804
5, 360,4,271.816711, 261.926025, 484.024811, 233.332138,35.950466, 709.593384, 1.037761
5, 360,5,709.593384, 698.272827, 484.024811, 233.332138,35.950466, 709.593384, 1.016212
5, 360,6,689.112793, 677.036255, 484.024811, 233.332138,35.950466, 709.593384, 1.017837
5, 360,7,580.526123, 573.045959, 484.024811, 233.332138,35.950466, 709.593384, 1.013053
5, 361,0,353.333801, 367.536224, 458.917694, 207.141159,83.755455, 734.040955, 0.961358
5, 361,1,642.005066, 668.552246, 458.917694, 207.141159,83.755455, 734.040955, 0.960292
5, 361,2,567.599121, 596.632996, 458.917694, 207.141159,83.755455, 734.040955, 0.951337
5, 361,3,83.755455, 77.750671, 458.917694, 207.141159,83.755455, 734.040955, 1.077231
5, 361,4,545.531311, 570.665588, 458.917694, 207.141159,83.755455, 734.040955, 0.955956
5, 361,5,422.574066, 435.654663, 458.917694, 207.141159,83.755455, 734.040955, 0.969975
5, 361,6,322.501740, 343.211670, 458.917694, 207.141159,83.755455, 734.040955, 0.939658
5, 361,7,734.040955, 751.996094, 458.917694, 207.141159,83.755455, 734.040955, 0.976123
5, 362,0,443.692871, 436.098633, 469.062317, 265.119110,80.687607, 860.932373, 1.017414
5, 362,1,249.197113, 252.175369, 469.062317, 265.119110,80.687607, 860.932373, 0.988190
5, 362,2,598.252319, 616.397766, 469.062317, 265.119110,80.687607, 860.932373, 0.970562
5, 362,3,774.248840, 783.372986, 469.062317, 265.119110,80.687607, 860.932373, 0.988353
5, 362,4,80.687607, 88.024811, 469.062317, 265.119110,80.687607, 860.932373, 0.916646
5, 362,5,301.146851, 299.182129, 469.062317, 265.119110,80.687607, 860.932373, 1.006567
5, 362,6,860.932373, 876.267273, 469.062317, 265.119110,80.687607, 860.932373, 0.982500
5, 362,7,444.340576, 460.481354, 469.062317, 265.119110,80.687607, 860.932373, 0.964948
5, 363,0,858.228455, 834.837952, 494.176453, 262.671143,183.158173, 858.228455, 1.028018
5, 363,1,682.054993, 657.982361, 494.176453, 262.671143,183.158173, 858.228455, 1.036586
5, 363,2,704.452393, 670.076477, 494.176453, 262.671143,183.158173, 858.228455, 1.051301
5, 363,3,335.284668, 330.113464, 494.176453, 262.671143,183.158173, 858.228455, 1.015665
5, 363,4,297.260986, 285.587769, 494.176453, 262.671143,183.158173, 858.228455, 1.040874
5, 363,5,216.680283, 208.793045, 494.176453, 262.671143,183.158173, 858.228455, 1.037775
5, 363,6,183.158173, 174.300522, 494.176453, 262.671143,183.158173, 858.228455, 1.050818
5, 363,7,676.291748, 650.308289, 494.176453, 262.671143,183.158173, 858.228455, 1.039956
5, 364,0,659.614319, 653.829102, 480.448730, 272.988403,72.882813, 766.797424, 1.008848
5, 364,1,275.657013, 275.144562, 480.448730, 272.988403,72.882813, 766.797424, 1.001863
5, 364,2,728.623535, 720.700195, 480.448730, 272.988403,72.882813, 766.797424, 1.010994
5, 364,3,241.989502, 232.953918, 480.448730, 272.988403,72.882813, 766.797424, 1.038787
5, 364,4,766.797424, 755.896790, 480.448730, 272.988403,72.882813, 766.797424, 1.014421
5, 364,5,72.882813, 73.826904, 480.448730, 272.988403,72.882813, 766.797424, 0.987212
5, 364,6,738.297485, 728.323181, 480.448730, 272.988403,72.882813, 766.797424, 1.013695
5, 364,7,359.727417, 371.325226, 480.448730, 272.988403,72.882813, 766.797424, 0.968766
5, 365,0,559.471069, 563.883423, 473.685791, 174.770218,220.906219, 732.416931, 0.992175
5, 365,1,598.520081, 605.433289, 473.685791, 174.770218,220.906219, 732.416931, 0.988581
5, 365,2,296.422333, 298.925934, 473.685791, 174.770218,220.906219, 732.416931, 0.991625
5, 365,3,732.416931, 733.768494, 473.685791, 174.770218,220.906219, 732.416931, 0.998158
5, 365,4,594.613892, 598.611389, 473.685791, 174.770218,220.906219, 732.416931, 0.993322
5, 365,5,220.906219, 225.166382, 473.685791, 174.770218,220.906219, 732.416931, 0.981080
5, 365,6,369.623169, 370.762512, 473.685791, 174.770218,220.906219, 732.416931, 0.996927
5, 365,7,417.512726, 415.448639, 473.685791, 174.770218,220.906219, 732.416931, 1.004968
5, 366,0,496.677795, 513.923096, 466.661987, 174.400330,103.344360, 659.280823, 0.966444
5, 366,1,585.339050, 633.097168, 466.661987, 174.400330,103.344360, 659.280823, 0.924564
5, 366,2,581.249695, 587.058105, 466.661987, 174.400330,103.344360, 659.280823, 0.990106
5, 366,3,659.280823, 673.446777, 466.661987, 174.400330,103.344360, 659.280823, 0.978965
5, 366,4,398.270508, 421.256348, 466.661987, 174.400330,103.344360, 659.280823, 0.945435
5, 366,5,527.782471, 530.141357, 466.661987, 174.400330,103.344360, 659.280823, 0.995550
5, 366,6,103.344360, 98.176186, 466.661987, 174.400330,103.344360, 659.280823, 1.052642
5, 366,7,381.350983, 354.900757, 466.661987, 174.400330,103.344360, 659.280823, 1.074528
5, 367,0,864.785522, 850.883728, 488.290070, 278.696655,86.255852, 864.785522, 1.016338
5, 367,1,719.151428, 702.947021, 488.290070, 278.696655,86.255852, 864.785522, 1.023052
5, 367,2,214.014450, 211.544724, 488.290070, 278.696655,86.255852, 864.785522, 1.011675
5, 367,3,414.269196, 413.276611, 488.290070, 278.696655,86.255852, 864.785522, 1.002402
5, 367,4,535.708862, 527.845398, 488.290070, 278.696655,86.255852, 864.785522, 1.014897
5, 367,5,759.120544, 746.929688, 488.290070, 278.696655,86.255852, 864.785522, 1.016321
5, 367,6,313.014313, 310.525696, 488.290070, 278.696655,86.255852, 864.785522, 1.008014
5, 367,7,86.255852, 48.046982, 488.290070, 278.696655,86.255852, 864.785522, 1.795240
5, 368,0,733.196838, 752.019775, 461.408508, 213.169632,157.462601, 734.193420, 0.974970
5, 368,1,734.193420, 750.376038, 461.408508, 213.169632,157.462601, 734.193420, 0.978434
5, 368,2,333.767212, 344.363373, 461.408508, 213.169632,157.462601, 734.193420, 0.969230
5, 368,3,380.570862, 382.871246, 461.408508, 213.169632,157.462601, 734.193420, 0.993992
5, 368,4,325.197052, 349.391388, 461.408508, 213.169632,157.462601, 734.193420, 0.930753
5, 368,5,637.194458, 672.272461, 461.408508, 213.169632,157.462601, 734.193420, 0.947822
5, 368,6,389.685822, 403.466797, 461.408508, 213.169632,157.462601, 734.193420, 0.965844
5, 368,7,157.462601, 157.238815, 461.408508, 213.169632,157.462601, 734.193420, 1.001423
5, 369,0,767.088379, 755.539490, 487.365295, 327.458801,60.894314, 904.544861, 1.015286
5, 369,1,738.399170, 720.513367, 487.365295, 327.458801,60.894314, 904.544861, 1.024824
5, 369,2,624.433289, 611.843689, 487.365295, 327.458801,60.894314, 904.544861, 1.020576
5, 369,3,492.798706, 488.523560, 487.365295, 327.458801,60.894314, 904.544861, 1.008751
5, 369,4,239.589996, 235.162445, 487.365295, 327.458801,60.894314, 904.544861, 1.018828
5, 369,5,71.173233, 40.438889, 487.365295, 327.458801,60.894314, 904.544861, 1.760020
5, 369,6,904.544861, 894.150208, 487.365295, 327.458801,60.894314, 904.544861, 1.011625
5, 369,7,60.894314, 65.828339, 487.365295, 327.458801,60.894314, 904.544861, 0.925047
5, 370,0,671.299255, 693.033264, 463.351227, 282.988495,66.338341, 914.387207, 0.968639
5, 370,1,914.387207, 958.187622, 463.351227, 282.988495,66.338341, 914.387207, 0.954288
5, 370,2,338.382538, 337.447479, 463.351227, 282.988495,66.338341, 914.387207, 1.002771
5, 370,3,333.112213, 334.238678, 463.351227, 282.988495,66.338341, 914.387207, 0.996630
5, 370,4,349.813843, 359.569366, 463.351227, 282.988495,66.338341, 914.387207, 0.972869
5, 370,5,287.487274, 297.029480, 463.351227, 282.988495,66.338341, 914.387207, 0.967875
5, 370,6,745.989014, 767.513428, 463.351227, 282.988495,66.338341, 914.387207, 0.971956
5, 370,7,66.338341, 64.980820, 463.351227, 282.988495,66.338341, 914.387207, 1.020891
5, 371,0,908.959167, 904.389771, 479.972656, 358.637268,7.843791, 908.959167, 1.005052
5, 371,1,872.034668, 867.086182, 479.972656, 358.637268,7.843791, 908.959167, 1.005707
5, 371,2,280.204742, 278.800751, 479.972656, 358.637268,7.843791, 908.959167, 1.005036
5, 371,3,7.843791, 16.929087, 479.972656, 358.637268,7.843791, 908.959167, 0.463332
5, 371,4,186.312958, 180.509293, 479.972656, 358.637268,7.843791, 908.959167, 1.032152
5, 371,5,629.192810, 620.625732, 479.972656, 358.637268,7.843791, 908.959167, 1.013804
5, 371,6,786.870422, 781.308899, 479.972656, 358.637268,7.843791, 908.959167, 1.007118
5, 371,7,168.362427, 162.350296, 479.972656, 358.637268,7.843791, 908.959167, 1.037032
5, 372,0,551.368958, 561.882690, 463.867981, 206.707352,173.128738, 686.607178, 0.981288
5, 372,1,245.042130, 266.866943, 463.867981, 206.707352,173.128738, 686.607178, 0.918218
5, 372,2,686.607178, 713.562744, 463.867981, 206.707352,173.128738, 686.607178, 0.962224
5, 372,3,245.312729, 254.622757, 463.867981, 206.707352,173.128738, 686.607178, 0.963436
5, 372,4,641.006165, 646.938538, 463.867981, 206.707352,173.128738, 686.607178, 0.990830
5, 372,5,609.631653, 659.248169, 463.867981, 206.707352,173.128738, 686.607178, 0.924738
5, 372,6,558.846375, 562.514526, 463.867981, 206.707352,173.128738, 686.607178, 0.993479
5, 372,7,173.128738, 146.363892, 463.867981, 206.707352,173.128738, 686.607178, 1.182865
5, 373,0,125.922676, 132.609665, 490.468933, 199.211105,125.922676, 695.268066, 0.949574
5, 373,1,554.628845, 552.566528, 490.468933, 199.211105,125.922676, 695.268066, 1.003732
5, 373,2,445.296356, 434.732300, 490.468933, 199.211105,125.922676, 695.268066, 1.024300
5, 373,3,695.268066, 662.834656, 490.468933, 199.211105,125.922676, 695.268066, 1.048931
5, 373,4,360.095673, 350.528076, 490.468933, 199.211105,125.922676, 695.268066, 1.027295
5, 373,5,682.134399, 655.096008, 490.468933, 199.211105,125.922676, 695.268066, 1.041274
5, 373,6,671.467285, 658.605713, 490.468933, 199.211105,125.922676, 695.268066, 1.019529
5, 373,7,388.938110, 365.027191, 490.468933, 199.211105,125.922676, 695.268066, 1.065504
5, 374,0,661.110168, 683.303650, 465.148468, 214.229309,119.403519, 695.174622, 0.967520
5, 374,1,280.374390, 287.179138, 465.148468, 214.229309,119.403519, 695.174622, 0.976305
5, 374,2,683.662964, 685.152771, 465.148468, 214.229309,119.403519, 695.174622, 0.997826
5, 374,3,380.425201, 375.889862, 465.148468, 214.229309,119.403519, 695.174622, 1.012066
5, 374,4,348.267181, 355.285126, 465.148468, 214.229309,119.403519, 695.174622, 0.980247
5, 374,5,119.403519, 112.687393, 465.148468, 214.229309,119.403519, 695.174622, 1.059600
5, 374,6,552.769714, 579.175354, 465.148468, 214.229309,119.403519, 695.174622, 0.954408
5, 374,7,695.174622, 733.326538, 465.148468, 214.229309,119.403519, 695.174622, 0.947974
5, 375,0,834.216492, 842.761353, 479.773132, 338.932953,35.835052, 834.216492, 0.989861
5, 375,1,599.156006, 593.045105, 479.773132, 338.932953,35.835052, 834.216492, 1.010304
5, 375,2,35.835052, 36.732025, 479.773132, 338.932953,35.835052, 834.216492, 0.975581
5, 375,3,689.945923, 682.577820, 479.773132, 338.932953,35.835052, 834.216492, 1.010795
5, 375,4,813.809692, 822.340698, 479.773132, 338.932953,35.835052, 834.216492, 0.989626
5, 375,5,141.821732, 137.792130, 479.773132, 338.932953,35.835052, 834.216492, 1.029244
5, 375,6,70.737129, 42.469635, 479.773132, 338.932953,35.835052, 834.216492, 1.665593
5, 375,7,652.662903, 654.281006, 479.773132, 338.932953,35.835052, 834.216492, 0.997527
5, 376,0,543.082520, 566.649414, 453.829224, 154.685394,185.722580, 675.630310, 0.958410
5, 376,1,439.861542, 462.209290, 453.829224, 154.685394,185.722580, 675.630310, 0.951650
5, 376,2,586.991272, 622.982239, 453.829224, 154.685394,185.722580, 675.630310, 0.942228
5, 376,3,359.467133, 387.690063, 453.829224, 154.685394,185.722580, 675.630310, 0.927202
5, 376,4,351.669556, 366.560516, 453.829224, 154.685394,185.722580, 675.630310, 0.959377
5, 376,5,675.630310, 714.820190, 453.829224, 154.685394,185.722580, 675.630310, 0.945175
5, 376,6,185.722580, 176.659027, 453.829224, 154.685394,185.722580, 675.630310, 1.051305
5, 376,7,488.208618, 514.429443, 453.829224, 154.685394,185.722580, 675.630310, 0.949029
5, 377,0,472.538910, 490.988251, 469.613983, 247.013733,104.715950, 785.126648, 0.962424
5, 377,1,624.334595, 639.676147, 469.613983, 247.013733,104.715950, 785.126648, 0.976017
5, 377,2,144.827713, 147.161331, 469.613983, 247.013733,104.715950, 785.126648, 0.984142
5, 377,3,104.715950, 100.759476, 469.613983, 247.013733,104.715950, 785.126648, 1.039266
5, 377,4,518.566101, 520.617493, 469.613983, 247.013733,104.715950, 785.126648, 0.996060
5, 377,5,397.609894, 396.977692, 469.613983, 247.013733,104.715950, 785.126648, 1.001593
5, 377,6,709.192017, 707.776611, 469.613983, 247.013733,104.715950, 785.126648, 1.002000
5, 377,7,785.126648, 808.043030, 469.613983, 247.013733,104.715950, 785.126648, 0.971640
5, 378,0,115.465569, 107.022133, 488.937073, 289.725098,57.829830, 744.406921, 1.078894
5, 378,1,713.440918, 699.033508, 488.937073, 289.725098,57.829830, 744.406921, 1.020610
5, 378,2,629.017761, 616.422241, 488.937073, 289.725098,57.829830, 744.406921, 1.020433
5, 378,3,733.726807, 718.247986, 488.937073, 289.725098,57.829830, 744.406921, 1.021551
5, 378,4,744.406921, 721.748962, 488.937073, 289.725098,57.829830, 744.406921, 1.031393
5, 378,5,639.390198, 615.798035, 488.937073, 289.725098,57.829830, 744.406921, 1.038311
5, 378,6,57.829830, 59.393082, 488.937073, 289.725098,57.829830, 744.406921, 0.973680
5, 378,7,278.218414, 274.334412, 488.937073, 289.725098,57.829830, 744.406921, 1.014158
5, 379,0,667.772156, 663.668640, 477.403198, 224.289978,120.004257, 675.654968, 1.006183
5, 379,1,621.846558, 626.664368, 477.403198, 224.289978,120.004257, 675.654968, 0.992312
5, 379,2,278.434143, 287.627136, 477.403198, 224.289978,120.004257, 675.654968, 0.968038
5, 379,3,558.512695, 561.981934, 477.403198, 224.289978,120.004257, 675.654968, 0.993827
5, 379,4,648.702759, 650.852112, 477.403198, 224.289978,120.004257, 675.654968, 0.996698
5, 379,5,248.298370, 257.167480, 477.403198, 224.289978,120.004257, 675.654968, 0.965512
5, 379,6,675.654968, 695.164490, 477.403198, 224.289978,120.004257, 675.654968, 0.971935
5, 379,7,120.004257, 68.874077, 477.403198, 224.289978,120.004257, 675.654968, 1.742372
5, 380,0,535.209839, 538.482666, 475.041504, 183.873795,175.781860, 795.488525, 0.993922
5, 380,1,513.016113, 506.524658, 475.041504, 183.873795,175.781860, 795.488525, 1.012816
5, 380,2,553.574585, 556.180115, 475.041504, 183.873795,175.781860, 795.488525, 0.995315
5, 380,3,795.488525, 809.794006, 475.041504, 183.873795,175.781860, 795.488525, 0.982334
5, 380,4,521.523743, 519.488770, 475.041504, 183.873795,175.781860, 795.488525, 1.003917
5, 380,5,377.176025, 377.547058, 475.041504, 183.873795,175.781860, 795.488525, 0.999017
5, 380,6,175.781860, 175.427826, 475.041504, 183.873795,175.781860, 795.488525, 1.002018
5, 380,7,328.561523, 328.554840, 475.041504, 183.873795,175.781860, 795.488525, 1.000020
5, 381,0,977.668823, 941.272583, 480.927185, 456.189026,28.482563, 1067.579590, 1.038667
5, 381,1,127.334892, 115.424507, 480.927185, 456.189026,28.482563, 1067.579590, 1.103188
5, 381,2,348.073944, 361.574677, 480.927185, 456.189026,28.482563, 1067.579590, 0.962661
5, 381,3,43.507561, 14.138989, 480.927185, 456.189026,28.482563, 1067.579590, 3.077134
5, 381,4,250.406082, 298.976715, 480.927185, 456.189026,28.482563, 1067.579590, 0.837544
5, 381,5,1067.579590, 1031.030518, 480.927185, 456.189026,28.482563, 1067.579590, 1.035449
5, 381,6,28.482563, 55.597298, 480.927185, 456.189026,28.482563, 1067.579590, 0.512301
5, 381,7,1004.363953, 993.984863, 480.927185, 456.189026,28.482563, 1067.579590, 1.010442
5, 382,0,462.205261, 478.551208, 456.148438, 126.327820,199.165237, 607.310181, 0.965843
5, 382,1,406.505463, 439.005554, 456.148438, 126.327820,199.165237, 607.310181, 0.925969
5, 382,2,468.446747, 490.382538, 456.148438, 126.327820,199.165237, 607.310181, 0.955268
5, 382,3,519.915466, 528.550598, 456.148438, 126.327820,199.165237, 607.310181, 0.983663
5, 382,4,199.165237, 197.355667, 456.148438, 126.327820,199.165237, 607.310181, 1.009169
5, 382,5,410.927307, 428.693726, 456.148438, 126.327820,199.165237, 607.310181, 0.958557
5, 382,6,574.711609, 615.583374, 456.148438, 126.327820,199.165237, 607.310181, 0.933605
5, 382,7,607.310181, 633.877319, 456.148438, 126.327820,199.165237, 607.310181, 0.958088
5, 383,0,209.781464, 218.582138, 481.646301, 351.001740,189.219070, 1003.755859, 0.959737
5, 383,1,189.599838, 194.280289, 481.646301, 351.001740,189.219070, 1003.755859, 0.975909
5, 383,2,692.583252, 676.424866, 481.646301, 351.001740,189.219070, 1003.755859, 1.023888
5, 383,3,397.367767, 409.981140, 481.646301, 351.001740,189.219070, 1003.755859, 0.969234
5, 383,4,216.675659, 213.883087, 481.646301, 351.001740,189.219070, 1003.755859, 1.013057
5, 383,5,189.219070, 176.606216, 481.646301, 351.001740,189.219070, 1003.755859, 1.071418
5, 383,6,954.187378, 934.732849, 481.646301, 351.001740,189.219070, 1003.755859, 1.020813
5, 383,7,1003.755859, 987.509583, 481.646301, 351.001740,189.219070, 1003.755859, 1.016452
5, 384,0,34.924862, 10.154510, 497.194580, 385.145905,34.924862, 1217.714233, 3.439345
5, 384,1,144.840012, 138.668335, 497.194580, 385.145905,34.924862, 1217.714233, 1.044507
5, 384,2,534.546570, 532.476135, 497.194580, 385.145905,34.924862, 1217.714233, 1.003888
5, 384,3,446.708008, 436.177673, 497.194580, 385.145905,34.924862, 1217.714233, 1.024142
5, 384,4,504.872833, 489.947174, 497.194580, 385.145905,34.924862, 1217.714233, 1.030464
5, 384,5,253.370804, 200.472397, 497.194580, 385.145905,34.924862, 1217.714233, 1.263869
5, 384,6,840.579102, 790.121826, 497.194580, 385.145905,34.924862, 1217.714233, 1.063860
5, 384,7,1217.714233, 1213.981812, 497.194580, 385.145905,34.924862, 1217.714233, 1.003075
5, 385,0,51.275959, 53.079472, 479.666840, 365.850922,51.275959, 983.621094, 0.966022
5, 385,1,215.306030, 223.085388, 479.666840, 365.850922,51.275959, 983.621094, 0.965128
5, 385,2,244.187347, 233.219467, 479.666840, 365.850922,51.275959, 983.621094, 1.047028
5, 385,3,935.771667, 932.625000, 479.666840, 365.850922,51.275959, 983.621094, 1.003374
5, 385,4,507.413635, 506.338715, 479.666840, 365.850922,51.275959, 983.621094, 1.002123
5, 385,5,983.621094, 968.421875, 479.666840, 365.850922,51.275959, 983.621094, 1.015695
5, 385,6,163.936844, 167.444275, 479.666840, 365.850922,51.275959, 983.621094, 0.979053
5, 385,7,735.822327, 727.785645, 479.666840, 365.850922,51.275959, 983.621094, 1.011043
5, 386,0,288.533051, 286.868561, 483.855499, 272.843628,126.815392, 846.377747, 1.005802
5, 386,1,166.943039, 172.228912, 483.855499, 272.843628,126.815392, 846.377747, 0.969309
5, 386,2,507.864868, 498.288818, 483.855499, 272.843628,126.815392, 846.377747, 1.019218
5, 386,3,817.980591, 798.636780, 483.855499, 272.843628,126.815392, 846.377747, 1.024221
5, 386,4,571.606628, 562.949219, 483.855499, 272.843628,126.815392, 846.377747, 1.015379
5, 386,5,846.377747, 831.676147, 483.855499, 272.843628,126.815392, 846.377747, 1.017677
5, 386,6,544.722595, 540.073792, 483.855499, 272.843628,126.815392, 846.377747, 1.008608
5, 386,7,126.815392, 121.277946, 483.855499, 272.843628,126.815392, 846.377747, 1.045659
5, 387,0,627.368591, 635.628601, 474.029297, 317.958710,117.948792, 841.716858, 0.987005
5, 387,1,117.948792, 126.396011, 474.029297, 317.958710,117.948792, 841.716858, 0.933169
5, 387,2,841.716858, 838.139832, 474.029297, 317.958710,117.948792, 841.716858, 1.004268
5, 387,3,753.027527, 748.557922, 474.029297, 317.958710,117.948792, 841.716858, 1.005971
5, 387,4,807.818542, 819.755920, 474.029297, 317.958710,117.948792, 841.716858, 0.985438
5, 387,5,143.717972, 161.351578, 474.029297, 317.958710,117.948792, 841.716858, 0.890713
5, 387,6,141.392563, 129.179855, 474.029297, 317.958710,117.948792, 841.716858, 1.094540
5, 387,7,359.243286, 352.990051, 474.029297, 317.958710,117.948792, 841.716858, 1.017715
5, 388,0,233.313675, 235.325531, 492.738098, 349.276459,36.728737, 1041.263916, 0.991451
5, 388,1,250.745163, 285.999298, 492.738098, 349.276459,36.728737, 1041.263916, 0.876733
5, 388,2,1041.263916, 1000.049988, 492.738098, 349.276459,36.728737, 1041.263916, 1.041212
5, 388,3,407.618988, 410.588898, 492.738098, 349.276459,36.728737, 1041.263916, 0.992767
5, 388,4,666.843384, 601.112549, 492.738098, 349.276459,36.728737, 1041.263916, 1.109349
5, 388,5,36.728737, 31.957619, 492.738098, 349.276459,36.728737, 1041.263916, 1.149295
5, 388,6,397.214508, 392.820984, 492.738098, 349.276459,36.728737, 1041.263916, 1.011185
5, 388,7,908.176270, 854.145020, 492.738098, 349.276459,36.728737, 1041.263916, 1.063258
5, 389,0,1017.557007, 976.409973, 511.473999, 383.610352,126.827393, 1017.557007, 1.042141
5, 389,1,590.111877, 530.640198, 511.473999, 383.610352,126.827393, 1017.557007, 1.112075
5, 389,2,905.445740, 856.508362, 511.473999, 383.610352,126.827393, 1017.557007, 1.057136
5, 389,3,891.536377, 830.885193, 511.473999, 383.610352,126.827393, 1017.557007, 1.072996
5, 389,4,157.718170, 130.664948, 511.473999, 383.610352,126.827393, 1017.557007, 1.207043
5, 389,5,126.827393, 112.129074, 511.473999, 383.610352,126.827393, 1017.557007, 1.131084
5, 389,6,237.478668, 225.997528, 511.473999, 383.610352,126.827393, 1017.557007, 1.050802
5, 389,7,165.116470, 148.764694, 511.473999, 383.610352,126.827393, 1017.557007, 1.109917
5, 390,0,39.457798, 43.141075, 466.425659, 216.861084,39.457798, 772.696594, 0.914622
5, 390,1,354.836334, 352.595520, 466.425659, 216.861084,39.457798, 772.696594, 1.006355
5, 390,2,394.943420, 393.976685, 466.425659, 216.861084,39.457798, 772.696594, 1.002454
5, 390,3,608.624939, 628.547302, 466.425659, 216.861084,39.457798, 772.696594, 0.968304
5, 390,4,455.584351, 471.727722, 466.425659, 216.861084,39.457798, 772.696594, 0.965778
5, 390,5,772.696594, 780.639709, 466.425659, 216.861084,39.457798, 772.696594, 0.989825
5, 390,6,539.689758, 556.246521, 466.425659, 216.861084,39.457798, 772.696594, 0.970235
5, 390,7,565.572021, 585.125488, 466.425659, 216.861084,39.457798, 772.696594, 0.966582
5, 391,0,230.314438, 233.662018, 487.359314, 388.872498,46.163574, 1190.816772, 0.985673
5, 391,1,594.245239, 564.578308, 487.359314, 388.872498,46.163574, 1190.816772, 1.052547
5, 391,2,318.275024, 310.404602, 487.359314, 388.872498,46.163574, 1190.816772, 1.025355
5, 391,3,46.163574, 85.313583, 487.359314, 388.872498,46.163574, 1190.816772, 0.541105
5, 391,4,712.358704, 672.682251, 487.359314, 388.872498,46.163574, 1190.816772, 1.058982
5, 391,5,88.532471, 100.608025, 487.359314, 388.872498,46.163574, 1190.816772, 0.879974
5, 391,6,1190.816772, 1162.683838, 487.359314, 388.872498,46.163574, 1190.816772, 1.024197
5, 391,7,718.168579, 682.067444, 487.359314, 388.872498,46.163574, 1190.816772, 1.052929
5, 392,0,719.604553, 745.273010, 467.551270, 216.811035,77.266609, 719.604553, 0.965558
5, 392,1,661.790344, 688.442871, 467.551270, 216.811035,77.266609, 719.604553, 0.961286
5, 392,2,621.129028, 636.147339, 467.551270, 216.811035,77.266609, 719.604553, 0.976392
5, 392,3,394.285461, 411.353363, 467.551270, 216.811035,77.266609, 719.604553, 0.958508
5, 392,4,580.382141, 575.752563, 467.551270, 216.811035,77.266609, 719.604553, 1.008041
5, 392,5,305.931427, 293.880249, 467.551270, 216.811035,77.266609, 719.604553, 1.041007
5, 392,6,380.020660, 395.470673, 467.551270, 216.811035,77.266609, 719.604553, 0.960933
5, 392,7,77.266609, 65.679604, 467.551270, 216.811035,77.266609, 719.604553, 1.176417
5, 393,0,294.195465, 300.851990, 468.659546, 242.566483,192.046875, 860.854065, 0.977874
5, 393,1,201.321686, 198.538681, 468.659546, 242.566483,192.046875, 860.854065, 1.014017
5, 393,2,860.854065, 880.272217, 468.659546, 242.566483,192.046875, 860.854065, 0.977941
5, 393,3,510.955261, 519.587341, 468.659546, 242.566483,192.046875, 860.854065, 0.983387
5, 393,4,579.702942, 594.444519, 468.659546, 242.566483,192.046875, 860.854065, 0.975201
5, 393,5,396.091248, 399.054504, 468.659546, 242.566483,192.046875, 860.854065, 0.992574
5, 393,6,714.109009, 727.766479, 468.659546, 242.566483,192.046875, 860.854065, 0.981234
5, 393,7,192.046875, 191.484329, 468.659546, 242.566483,192.046875, 860.854065, 1.002938
5, 394,0,364.048157, 363.628693, 484.255554, 327.703125,82.465935, 967.442017, 1.001154
5, 394,1,82.465935, 91.012665, 484.255554, 327.703125,82.465935, 967.442017, 0.906093
5, 394,2,294.266296, 294.789734, 484.255554, 327.703125,82.465935, 967.442017, 0.998224
5, 394,3,807.002625, 809.945557, 484.255554, 327.703125,82.465935, 967.442017, 0.996367
5, 394,4,602.480835, 583.128845, 484.255554, 327.703125,82.465935, 967.442017, 1.033186
5, 394,5,90.398521, 46.894699, 484.255554, 327.703125,82.465935, 967.442017, 1.927692
5, 394,6,665.940308, 658.381470, 484.255554, 327.703125,82.465935, 967.442017, 1.011481
5, 394,7,967.442017, 964.218323, 484.255554, 327.703125,82.465935, 967.442017, 1.003343
5, 395,0,521.084717, 531.260925, 456.683136, 127.379539,242.027130, 581.146301, 0.980845
5, 395,1,466.844513, 480.994537, 456.683136, 127.379539,242.027130, 581.146301, 0.970582
5, 395,2,576.340027, 597.607544, 456.683136, 127.379539,242.027130, 581.146301, 0.964412
5, 395,3,581.146301, 635.142090, 456.683136, 127.379539,242.027130, 581.146301, 0.914986
5, 395,4,242.027130, 252.844223, 456.683136, 127.379539,242.027130, 581.146301, 0.957218
5, 395,5,545.169250, 580.141174, 456.683136, 127.379539,242.027130, 581.146301, 0.939718
5, 395,6,300.922211, 304.070343, 456.683136, 127.379539,242.027130, 581.146301, 0.989647
5, 395,7,419.931213, 429.939056, 456.683136, 127.379539,242.027130, 581.146301, 0.976723
5, 396,0,595.225769, 527.359131, 496.441467, 260.787170,235.250168, 956.015381, 1.128692
5, 396,1,782.568665, 736.609436, 496.441467, 260.787170,235.250168, 956.015381, 1.062393
5, 396,2,235.250168, 231.698303, 496.441467, 260.787170,235.250168, 956.015381, 1.015330
5, 396,3,363.669678, 362.794952, 496.441467, 260.787170,235.250168, 956.015381, 1.002411
5, 396,4,457.380127, 453.081451, 496.441467, 260.787170,235.250168, 956.015381, 1.009488
5, 396,5,956.015381, 955.597595, 496.441467, 260.787170,235.250168, 956.015381, 1.000437
5, 396,6,315.301178, 265.764526, 496.441467, 260.787170,235.250168, 956.015381, 1.186393
5, 396,7,266.120972, 279.094788, 496.441467, 260.787170,235.250168, 956.015381, 0.953515
5, 397,0,600.891724, 602.433838, 504.333679, 399.127930,62.115513, 1038.640259, 0.997440
5, 397,1,222.468231, 220.450638, 504.333679, 399.127930,62.115513, 1038.640259, 1.009152
5, 397,2,1038.640259, 968.923218, 504.333679, 399.127930,62.115513, 1038.640259, 1.071953
5, 397,3,63.715313, 54.049358, 504.333679, 399.127930,62.115513, 1038.640259, 1.178836
5, 397,4,62.115513, 30.425306, 504.333679, 399.127930,62.115513, 1038.640259, 2.041574
5, 397,5,999.470154, 914.011414, 504.333679, 399.127930,62.115513, 1038.640259, 1.093499
5, 397,6,294.276215, 285.891602, 504.333679, 399.127930,62.115513, 1038.640259, 1.029328
5, 397,7,753.092041, 735.814758, 504.333679, 399.127930,62.115513, 1038.640259, 1.023481
5, 398,0,144.851486, 151.978943, 465.795135, 285.747925,139.835526, 800.936279, 0.953102
5, 398,1,800.936279, 805.294128, 465.795135, 285.747925,139.835526, 800.936279, 0.994588
5, 398,2,612.275146, 619.991699, 465.795135, 285.747925,139.835526, 800.936279, 0.987554
5, 398,3,673.158569, 692.135193, 465.795135, 285.747925,139.835526, 800.936279, 0.972583
5, 398,4,175.607895, 181.796997, 465.795135, 285.747925,139.835526, 800.936279, 0.965956
5, 398,5,139.835526, 164.767029, 465.795135, 285.747925,139.835526, 800.936279, 0.848686
5, 398,6,402.036621, 396.013031, 465.795135, 285.747925,139.835526, 800.936279, 1.015211
5, 398,7,777.659424, 800.022949, 465.795135, 285.747925,139.835526, 800.936279, 0.972046
5, 399,0,35.036133, 69.195946, 473.622192, 326.520142,35.036133, 930.716553, 0.506332
5, 399,1,249.954773, 252.580322, 473.622192, 326.520142,35.036133, 930.716553, 0.989605
5, 399,2,930.716553, 927.699097, 473.622192, 326.520142,35.036133, 930.716553, 1.003253
5, 399,3,376.137299, 367.863464, 473.622192, 326.520142,35.036133, 930.716553, 1.022492
5, 399,4,798.379944, 796.321655, 473.622192, 326.520142,35.036133, 930.716553, 1.002585
5, 399,5,725.398376, 724.690674, 473.622192, 326.520142,35.036133, 930.716553, 1.000977
5, 399,6,137.783096, 141.345062, 473.622192, 326.520142,35.036133, 930.716553, 0.974800
5, 399,7,535.571045, 532.303833, 473.622192, 326.520142,35.036133, 930.716553, 1.006138
5, 400,0,337.187012, 340.166901, 491.227356, 356.559601,25.526484, 1002.387146, 0.991240
5, 400,1,84.805588, 96.343178, 491.227356, 356.559601,25.526484, 1002.387146, 0.880245
5, 400,2,1002.387146, 948.783203, 491.227356, 356.559601,25.526484, 1002.387146, 1.056498
5, 400,3,404.158295, 398.809509, 491.227356, 356.559601,25.526484, 1002.387146, 1.013412
5, 400,4,25.526484, 20.814999, 491.227356, 356.559601,25.526484, 1002.387146, 1.226350
5, 400,5,552.854553, 567.399780, 491.227356, 356.559601,25.526484, 1002.387146, 0.974365
5, 400,6,942.357666, 908.175354, 491.227356, 356.559601,25.526484, 1002.387146, 1.037638
5, 400,7,580.541931, 531.506958, 491.227356, 356.559601,25.526484, 1002.387146, 1.092257
5, 401,0,594.601013, 618.015991, 454.105682, 185.378006,152.548431, 692.578125, 0.962113
5, 401,1,359.827911, 381.768982, 454.105682, 185.378006,152.548431, 692.578125, 0.942528
5, 401,2,555.554199, 582.440857, 454.105682, 185.378006,152.548431, 692.578125, 0.953838
5, 401,3,323.103180, 323.121460, 454.105682, 185.378006,152.548431, 692.578125, 0.999943
5, 401,4,692.578125, 737.771423, 454.105682, 185.378006,152.548431, 692.578125, 0.938743
5, 401,5,610.716003, 646.184875, 454.105682, 185.378006,152.548431, 692.578125, 0.945110
5, 401,6,152.548431, 156.417923, 454.105682, 185.378006,152.548431, 692.578125, 0.975262
5, 401,7,343.916412, 366.278595, 454.105682, 185.378006,152.548431, 692.578125, 0.938948
5, 402,0,572.674194, 578.392639, 477.125549, 221.072586,19.985884, 674.910156, 0.990113
5, 402,1,674.910156, 682.099670, 477.125549, 221.072586,19.985884, 674.910156, 0.989460
5, 402,2,492.564728, 498.296112, 477.125549, 221.072586,19.985884, 674.910156, 0.988498
5, 402,3,19.985884, 12.443295, 477.125549, 221.072586,19.985884, 674.910156, 1.606157
5, 402,4,608.088806, 602.559570, 477.125549, 221.072586,19.985884, 674.910156, 1.009176
5, 402,5,297.509003, 293.059357, 477.125549, 221.072586,19.985884, 674.910156, 1.015183
5, 402,6,664.591553, 659.529419, 477.125549, 221.072586,19.985884, 674.910156, 1.007675
5, 402,7,486.680145, 485.619995, 477.125549, 221.072586,19.985884, 674.910156, 1.002183
5, 403,0,170.301605, 164.568420, 487.770996, 359.464081,93.109444, 1131.153198, 1.034838
5, 403,1,316.083649, 320.686066, 487.770996, 359.464081,93.109444, 1131.153198, 0.985648
5, 403,2,93.109444, 76.474983, 487.770996, 359.464081,93.109444, 1131.153198, 1.217515
5, 403,3,459.965149, 463.107269, 487.770996, 359.464081,93.109444, 1131.153198, 0.993215
5, 403,4,1131.153198, 1093.140991, 487.770996, 359.464081,93.109444, 1131.153198, 1.034773
5, 403,5,231.237015, 230.022354, 487.770996, 359.464081,93.109444, 1131.153198, 1.005281
5, 403,6,761.591370, 738.408081, 487.770996, 359.464081,93.109444, 1131.153198, 1.031396
5, 403,7,738.726563, 725.591980, 487.770996, 359.464081,93.109444, 1131.153198, 1.018102
5, 404,0,505.009705, 497.323151, 479.951508, 216.231079,99.091942, 795.049255, 1.015456
5, 404,1,320.536713, 302.137268, 479.951508, 216.231079,99.091942, 795.049255, 1.060898
5, 404,2,626.294861, 623.759094, 479.951508, 216.231079,99.091942, 795.049255, 1.004065
5, 404,3,346.454834, 349.957123, 479.951508, 216.231079,99.091942, 795.049255, 0.989992
5, 404,4,795.049255, 802.178162, 479.951508, 216.231079,99.091942, 795.049255, 0.991113
5, 404,5,581.851685, 580.016968, 479.951508, 216.231079,99.091942, 795.049255, 1.003163
5, 404,6,99.091942, 98.311279, 479.951508, 216.231079,99.091942, 795.049255, 1.007941
5, 404,7,565.322815, 558.316956, 479.951508, 216.231079,99.091942, 795.049255, 1.012548
5, 405,0,697.599609, 719.997437, 457.067108, 169.532410,202.604904, 697.599609, 0.968892
5, 405,1,299.319153, 330.188080, 457.067108, 169.532410,202.604904, 697.599609, 0.906511
5, 405,2,395.384430, 404.230103, 457.067108, 169.532410,202.604904, 697.599609, 0.978117
5, 405,3,593.967712, 615.075562, 457.067108, 169.532410,202.604904, 697.599609, 0.965683
5, 405,4,431.596985, 464.530762, 457.067108, 169.532410,202.604904, 697.599609, 0.929103
5, 405,5,202.604904, 193.188614, 457.067108, 169.532410,202.604904, 697.599609, 1.048741
5, 405,6,625.429993, 650.245544, 457.067108, 169.532410,202.604904, 697.599609, 0.961837
5, 405,7,410.634064, 434.543793, 457.067108, 169.532410,202.604904, 697.599609, 0.944977
5, 406,0,1123.650635, 1025.898071, 501.099579, 360.057800,76.104584, 1123.650635, 1.095285
5, 406,1,593.101624, 547.132019, 501.099579, 360.057800,76.104584, 1123.650635, 1.084019
5, 406,2,256.763062, 270.404999, 501.099579, 360.057800,76.104584, 1123.650635, 0.949550
5, 406,3,582.791565, 583.001099, 501.099579, 360.057800,76.104584, 1123.650635, 0.999641
5, 406,4,808.696533, 769.583435, 501.099579, 360.057800,76.104584, 1123.650635, 1.050824
5, 406,5,76.104584, 55.387005, 501.099579, 360.057800,76.104584, 1123.650635, 1.374051
5, 406,6,89.619171, 92.947311, 501.099579, 360.057800,76.104584, 1123.650635, 0.964193
5, 406,7,478.069550, 467.645752, 501.099579, 360.057800,76.104584, 1123.650635, 1.022290
5, 407,0,401.659119, 396.656219, 497.586456, 342.232574,98.595154, 938.674072, 1.012613
5, 407,1,748.245605, 704.739563, 497.586456, 342.232574,98.595154, 938.674072, 1.061733
5, 407,2,808.655273, 778.670410, 497.586456, 342.232574,98.595154, 938.674072, 1.038508
5, 407,3,108.328796, 100.875755, 497.586456, 342.232574,98.595154, 938.674072, 1.073883
5, 407,4,98.595154, 86.209183, 497.586456, 342.232574,98.595154, 938.674072, 1.143673
5, 407,5,174.871201, 191.836945, 497.586456, 342.232574,98.595154, 938.674072, 0.911562
5, 407,6,701.662354, 673.754639, 497.586456, 342.232574,98.595154, 938.674072, 1.041421
5, 407,7,938.674072, 879.257446, 497.586456, 342.232574,98.595154, 938.674072, 1.067576
5, 408,0,449.321320, 435.964111, 487.737366, 199.892487,183.108246, 882.042847, 1.030638
5, 408,1,390.777863, 380.939514, 487.737366, 199.892487,183.108246, 882.042847, 1.025827
5, 408,2,455.723663, 447.309662, 487.737366, 199.892487,183.108246, 882.042847, 1.018810
5, 408,3,882.042847, 856.096619, 487.737366, 199.892487,183.108246, 882.042847, 1.030308
5, 408,4,183.108246, 181.540390, 487.737366, 199.892487,183.108246, 882.042847, 1.008636
5, 408,5,532.495850, 517.836975, 487.737366, 199.892487,183.108246, 882.042847, 1.028308
5, 408,6,412.086365, 409.779785, 487.737366, 199.892487,183.108246, 882.042847, 1.005629
5, 408,7,596.342896, 582.532715, 487.737366, 199.892487,183.108246, 882.042847, 1.023707
5, 409,0,557.770081, 611.324341, 457.101074, 146.549103,178.044922, 624.301025, 0.912396
5, 409,1,316.611420, 341.501312, 457.101074, 146.549103,178.044922, 624.301025, 0.927116
5, 409,2,432.151367, 442.115936, 457.101074, 146.549103,178.044922, 624.301025, 0.977462
5, 409,3,624.301025, 641.136841, 457.101074, 146.549103,178.044922, 624.301025, 0.973741
5, 409,4,552.376709, 562.024353, 457.101074, 146.549103,178.044922, 624.301025, 0.982834
5, 409,5,469.247711, 483.686737, 457.101074, 146.549103,178.044922, 624.301025, 0.970148
5, 409,6,178.044922, 172.719055, 457.101074, 146.549103,178.044922, 624.301025, 1.030835
5, 409,7,526.305481, 557.491516, 457.101074, 146.549103,178.044922, 624.301025, 0.944060
5, 410,0,343.752380, 355.618835, 464.198029, 151.573578,293.063782, 641.482727, 0.966632
5, 410,1,304.718719, 302.352692, 464.198029, 151.573578,293.063782, 641.482727, 1.007825
5, 410,2,637.435852, 660.100098, 464.198029, 151.573578,293.063782, 641.482727, 0.965665
5, 410,3,494.176392, 511.841980, 464.198029, 151.573578,293.063782, 641.482727, 0.965486
5, 410,4,641.482727, 669.354919, 464.198029, 151.573578,293.063782, 641.482727, 0.958360
5, 410,5,615.159790, 639.621887, 464.198029, 151.573578,293.063782, 641.482727, 0.961755
5, 410,6,293.063782, 286.286896, 464.198029, 151.573578,293.063782, 641.482727, 1.023672
5, 410,7,383.794373, 386.822723, 464.198029, 151.573578,293.063782, 641.482727, 0.992171
5, 411,0,692.993958, 686.353210, 481.686951, 258.972656,201.929932, 863.658569, 1.009675
5, 411,1,373.828735, 362.390442, 481.686951, 258.972656,201.929932, 863.658569, 1.031563
5, 411,2,212.293503, 215.519073, 481.686951, 258.972656,201.929932, 863.658569, 0.985033
5, 411,3,492.207092, 486.127625, 481.686951, 258.972656,201.929932, 863.658569, 1.012506
5, 411,4,201.929932, 208.937317, 481.686951, 258.972656,201.929932, 863.658569, 0.966462
5, 411,5,747.998291, 739.231384, 481.686951, 258.972656,201.929932, 863.658569, 1.011860
5, 411,6,268.585327, 273.998749, 481.686951, 258.972656,201.929932, 863.658569, 0.980243
5, 411,7,863.658569, 839.442261, 481.686951, 258.972656,201.929932, 863.658569, 1.028848
5, 412,0,1095.529541, 1043.607910, 491.737427, 367.563843,144.607162, 1095.529541, 1.049752
5, 412,1,144.607162, 149.864441, 491.737427, 367.563843,144.607162, 1095.529541, 0.964920
5, 412,2,275.088593, 270.697418, 491.737427, 367.563843,144.607162, 1095.529541, 1.016222
5, 412,3,772.202271, 770.156067, 491.737427, 367.563843,144.607162, 1095.529541, 1.002657
5, 412,4,172.233124, 185.556763, 491.737427, 367.563843,144.607162, 1095.529541, 0.928196
5, 412,5,218.880569, 186.758743, 491.737427, 367.563843,144.607162, 1095.529541, 1.171996
5, 412,6,874.221741, 833.393860, 491.737427, 367.563843,144.607162, 1095.529541, 1.048990
5, 412,7,381.136139, 371.964783, 491.737427, 367.563843,144.607162, 1095.529541, 1.024657
5, 413,0,529.857727, 526.875427, 467.195801, 274.921967,28.330303, 811.885864, 1.005660
5, 413,1,639.081665, 651.085510, 467.195801, 274.921967,28.330303, 811.885864, 0.981563
5, 413,2,782.783203, 793.998474, 467.195801, 274.921967,28.330303, 811.885864, 0.985875
5, 413,3,333.589630, 335.823029, 467.195801, 274.921967,28.330303, 811.885864, 0.993349
5, 413,4,28.330303, 77.089195, 467.195801, 274.921967,28.330303, 811.885864, 0.367500
5, 413,5,811.885864, 811.369141, 467.195801, 274.921967,28.330303, 811.885864, 1.000637
5, 413,6,220.032791, 218.250397, 467.195801, 274.921967,28.330303, 811.885864, 1.008167
5, 413,7,392.005371, 397.508545, 467.195801, 274.921967,28.330303, 811.885864, 0.986156
5, 414,0,292.565704, 283.579956, 496.490295, 307.540680,66.101112, 883.976624, 1.031687
5, 414,1,508.065338, 486.611389, 496.490295, 307.540680,66.101112, 883.976624, 1.044088
5, 414,2,883.976624, 837.686646, 496.490295, 307.540680,66.101112, 883.976624, 1.055259
5, 414,3,431.286530, 430.666595, 496.490295, 307.540680,66.101112, 883.976624, 1.001439
5, 414,4,807.207031, 767.662964, 496.490295, 307.540680,66.101112, 883.976624, 1.051512
5, 414,5,794.773926, 762.198242, 496.490295, 307.540680,66.101112, 883.976624, 1.042739
5, 414,6,187.946014, 172.307846, 496.490295, 307.540680,66.101112, 883.976624, 1.090757
5, 414,7,66.101112, 71.286102, 496.490295, 307.540680,66.101112, 883.976624, 0.927265
5, 415,0,304.512665, 302.480682, 486.033203, 211.466156,252.348511, 861.999573, 1.006718
5, 415,1,609.322510, 597.012451, 486.033203, 211.466156,252.348511, 861.999573, 1.020619
5, 415,2,861.999573, 829.371521, 486.033203, 211.466156,252.348511, 861.999573, 1.039341
5, 415,3,670.464905, 645.032776, 486.033203, 211.466156,252.348511, 861.999573, 1.039428
5, 415,4,252.348511, 259.895630, 486.033203, 211.466156,252.348511, 861.999573, 0.970961
5, 415,5,336.914307, 329.067474, 486.033203, 211.466156,252.348511, 861.999573, 1.023846
5, 415,6,373.715698, 380.318268, 486.033203, 211.466156,252.348511, 861.999573, 0.982639
5, 415,7,478.987732, 468.821381, 486.033203, 211.466156,252.348511, 861.999573, 1.021685
5, 416,0,306.357666, 309.861298, 496.909088, 385.551239,98.733986, 1151.768311, 0.988693
5, 416,1,150.737106, 143.142273, 496.909088, 385.551239,98.733986, 1151.768311, 1.053058
5, 416,2,676.737244, 656.191833, 496.909088, 385.551239,98.733986, 1151.768311, 1.031310
5, 416,3,695.337280, 663.702454, 496.909088, 385.551239,98.733986, 1151.768311, 1.047664
5, 416,4,1151.768311, 1115.703369, 496.909088, 385.551239,98.733986, 1151.768311, 1.032325
5, 416,5,779.827881, 759.412292, 496.909088, 385.551239,98.733986, 1151.768311, 1.026883
5, 416,6,115.773544, 113.782692, 496.909088, 385.551239,98.733986, 1151.768311, 1.017497
5, 416,7,98.733986, 50.203747, 496.909088, 385.551239,98.733986, 1151.768311, 1.966666
5, 417,0,612.439819, 594.933472, 495.358276, 403.204041,57.520374, 1151.095581, 1.029426
5, 417,1,203.627518, 192.467957, 495.358276, 403.204041,57.520374, 1151.095581, 1.057981
5, 417,2,1151.095581, 1094.001831, 495.358276, 403.204041,57.520374, 1151.095581, 1.052188
5, 417,3,807.393555, 783.953796, 495.358276, 403.204041,57.520374, 1151.095581, 1.029899
5, 417,4,795.758850, 778.259155, 495.358276, 403.204041,57.520374, 1151.095581, 1.022486
5, 417,5,81.092979, 34.665253, 495.358276, 403.204041,57.520374, 1151.095581, 2.339316
5, 417,6,57.520374, 76.654495, 495.358276, 403.204041,57.520374, 1151.095581, 0.750385
5, 417,7,253.937714, 257.064148, 495.358276, 403.204041,57.520374, 1151.095581, 0.987838
5, 418,0,157.022705, 159.168274, 507.029480, 436.549438,49.511307, 1200.869019, 0.986520
5, 418,1,162.285828, 149.715485, 507.029480, 436.549438,49.511307, 1200.869019, 1.083961
5, 418,2,1033.289917, 1019.374451, 507.029480, 436.549438,49.511307, 1200.869019, 1.013651
5, 418,3,524.373840, 489.730377, 507.029480, 436.549438,49.511307, 1200.869019, 1.070740
5, 418,4,218.412582, 216.995163, 507.029480, 436.549438,49.511307, 1200.869019, 1.006532
5, 418,5,1200.869019, 1117.626465, 507.029480, 436.549438,49.511307, 1200.869019, 1.074482
5, 418,6,49.511307, 10.358061, 507.029480, 436.549438,49.511307, 1200.869019, 4.779978
5, 418,7,710.470703, 649.031799, 507.029480, 436.549438,49.511307, 1200.869019, 1.094662
5, 419,0,680.866150, 698.317139, 456.429932, 214.331833,164.603287, 710.536682, 0.975010
5, 419,1,710.536682, 759.805664, 456.429932, 214.331833,164.603287, 710.536682, 0.935156
5, 419,2,337.331146, 354.835052, 456.429932, 214.331833,164.603287, 710.536682, 0.950670
5, 419,3,700.457520, 727.545227, 456.429932, 214.331833,164.603287, 710.536682, 0.962768
5, 419,4,164.603287, 150.168701, 456.429932, 214.331833,164.603287, 710.536682, 1.096123
5, 419,5,452.984528, 485.136627, 456.429932, 214.331833,164.603287, 710.536682, 0.933726
5, 419,6,312.887634, 321.338226, 456.429932, 214.331833,164.603287, 710.536682, 0.973702
5, 419,7,291.772552, 314.853485, 456.429932, 214.331833,164.603287, 710.536682, 0.926693
5, 420,0,1051.820923, 1025.803467, 490.876160, 328.455505,108.151588, 1051.820923, 1.025363
5, 420,1,771.141785, 747.861816, 490.876160, 328.455505,108.151588, 1051.820923, 1.031129
5, 420,2,427.424774, 428.664673, 490.876160, 328.455505,108.151588, 1051.820923, 0.997108
5, 420,3,108.151588, 78.993050, 490.876160, 328.455505,108.151588, 1051.820923, 1.369128
5, 420,4,211.387924, 208.567825, 490.876160, 328.455505,108.151588, 1051.820923, 1.013521
5, 420,5,160.387039, 148.820572, 490.876160, 328.455505,108.151588, 1051.820923, 1.077721
5, 420,6,621.064087, 613.781006, 490.876160, 328.455505,108.151588, 1051.820923, 1.011866
5, 420,7,575.631409, 559.507813, 490.876160, 328.455505,108.151588, 1051.820923, 1.028817
5, 421,0,365.411102, 370.240967, 457.366455, 240.131775,141.889694, 760.221985, 0.986955
5, 421,1,258.941193, 262.922577, 457.366455, 240.131775,141.889694, 760.221985, 0.984857
5, 421,2,678.791321, 709.294189, 457.366455, 240.131775,141.889694, 760.221985, 0.956995
5, 421,3,393.162231, 410.891907, 457.366455, 240.131775,141.889694, 760.221985, 0.956851
5, 421,4,760.221985, 804.195618, 457.366455, 240.131775,141.889694, 760.221985, 0.945320
5, 421,5,141.889694, 131.410706, 457.366455, 240.131775,141.889694, 760.221985, 1.079742
5, 421,6,754.745605, 798.159607, 457.366455, 240.131775,141.889694, 760.221985, 0.945607
5, 421,7,305.768524, 324.884430, 457.366455, 240.131775,141.889694, 760.221985, 0.941161
5, 422,0,404.111908, 394.479401, 500.309998, 333.662598,44.599743, 1080.145752, 1.024418
5, 422,1,665.661804, 626.975342, 500.309998, 333.662598,44.599743, 1080.145752, 1.061703
5, 422,2,566.294250, 525.164856, 500.309998, 333.662598,44.599743, 1080.145752, 1.078317
5, 422,3,468.435791, 463.339966, 500.309998, 333.662598,44.599743, 1080.145752, 1.010998
5, 422,4,97.119499, 99.776596, 500.309998, 333.662598,44.599743, 1080.145752, 0.973370
5, 422,5,1080.145752, 1009.226196, 500.309998, 333.662598,44.599743, 1080.145752, 1.070271
5, 422,6,676.111267, 657.824036, 500.309998, 333.662598,44.599743, 1080.145752, 1.027800
5, 422,7,44.599743, 35.213852, 500.309998, 333.662598,44.599743, 1080.145752, 1.266540
5, 423,0,439.356628, 444.147430, 460.703247, 146.371017,204.606995, 622.852966, 0.989213
5, 423,1,295.052551, 301.615997, 460.703247, 146.371017,204.606995, 622.852966, 0.978239
5, 423,2,622.852966, 662.800903, 460.703247, 146.371017,204.606995, 622.852966, 0.939729
5, 423,3,204.606995, 229.326355, 460.703247, 146.371017,204.606995, 622.852966, 0.892209
5, 423,4,599.843018, 623.862244, 460.703247, 146.371017,204.606995, 622.852966, 0.961499
5, 423,5,460.554871, 462.899994, 460.703247, 146.371017,204.606995, 622.852966, 0.994934
5, 423,6,551.205688, 565.995361, 460.703247, 146.371017,204.606995, 622.852966, 0.973870
5, 423,7,512.153198, 521.351868, 460.703247, 146.371017,204.606995, 622.852966, 0.982356
5, 424,0,109.491440, 110.271942, 493.165833, 446.601532,69.993980, 1266.650146, 0.992922
5, 424,1,1266.650146, 1210.530396, 493.165833, 446.601532,69.993980, 1266.650146, 1.046360
5, 424,2,975.514465, 896.160217, 493.165833, 446.601532,69.993980, 1266.650146, 1.088549
5, 424,3,234.279419, 237.615463, 493.165833, 446.601532,69.993980, 1266.650146, 0.985960
5, 424,4,69.993980, 73.080841, 493.165833, 446.601532,69.993980, 1266.650146, 0.957761
5, 424,5,599.530090, 592.943787, 493.165833, 446.601532,69.993980, 1266.650146, 1.011108
5, 424,6,586.460754, 589.656738, 493.165833, 446.601532,69.993980, 1266.650146, 0.994580
5, 424,7,103.406395, 101.740524, 493.165833, 446.601532,69.993980, 1266.650146, 1.016374
5, 425,0,507.279602, 526.514465, 464.039307, 169.539413,169.477798, 710.059631, 0.963468
5, 425,1,551.520020, 550.175049, 464.039307, 169.539413,169.477798, 710.059631, 1.002445
5, 425,2,395.860535, 415.479553, 464.039307, 169.539413,169.477798, 710.059631, 0.952780
5, 425,3,392.399719, 393.630127, 464.039307, 169.539413,169.477798, 710.059631, 0.996874
5, 425,4,169.477798, 164.431915, 464.039307, 169.539413,169.477798, 710.059631, 1.030687
5, 425,5,710.059631, 747.655579, 464.039307, 169.539413,169.477798, 710.059631, 0.949715
5, 425,6,364.506561, 374.776031, 464.039307, 169.539413,169.477798, 710.059631, 0.972598
5, 425,7,621.210754, 639.337341, 464.039307, 169.539413,169.477798, 710.059631, 0.971648
5, 426,0,606.613037, 592.555908, 487.695251, 261.041351,108.731377, 778.307922, 1.023723
5, 426,1,778.307922, 743.001648, 487.695251, 261.041351,108.731377, 778.307922, 1.047518
5, 426,2,711.280762, 697.564880, 487.695251, 261.041351,108.731377, 778.307922, 1.019662
5, 426,3,236.223785, 250.519211, 487.695251, 261.041351,108.731377, 778.307922, 0.942937
5, 426,4,256.447021, 247.100540, 487.695251, 261.041351,108.731377, 778.307922, 1.037825
5, 426,5,457.131287, 465.507507, 487.695251, 261.041351,108.731377, 778.307922, 0.982006
5, 426,6,746.826660, 731.000000, 487.695251, 261.041351,108.731377, 778.307922, 1.021651
5, 426,7,108.731377, 84.750076, 487.695251, 261.041351,108.731377, 778.307922, 1.282965
5, 427,0,449.106689, 480.645203, 454.923798, 176.833466,175.600327, 774.267029, 0.934383
5, 427,1,521.125916, 533.471741, 454.923798, 176.833466,175.600327, 774.267029, 0.976858
5, 427,2,346.962769, 360.792969, 454.923798, 176.833466,175.600327, 774.267029, 0.961667
5, 427,3,774.267029, 829.117493, 454.923798, 176.833466,175.600327, 774.267029, 0.933845
5, 427,4,338.863770, 350.777283, 454.923798, 176.833466,175.600327, 774.267029, 0.966037
5, 427,5,175.600327, 176.022064, 454.923798, 176.833466,175.600327, 774.267029, 0.997604
5, 427,6,487.523468, 518.203979, 454.923798, 176.833466,175.600327, 774.267029, 0.940795
5, 427,7,545.940369, 562.969177, 454.923798, 176.833466,175.600327, 774.267029, 0.969752
5, 428,0,154.209534, 148.800705, 506.986481, 347.858368,96.221336, 1085.886475, 1.036350
5, 428,1,1085.886475, 1040.287476, 506.986481, 347.858368,96.221336, 1085.886475, 1.043833
5, 428,2,96.221336, 24.975948, 506.986481, 347.858368,96.221336, 1085.886475, 3.852560
5, 428,3,787.800354, 744.142883, 506.986481, 347.858368,96.221336, 1085.886475, 1.058668
5, 428,4,245.367142, 247.461990, 506.986481, 347.858368,96.221336, 1085.886475, 0.991535
5, 428,5,634.357788, 602.578369, 506.986481, 347.858368,96.221336, 1085.886475, 1.052739
5, 428,6,360.973236, 349.979767, 506.986481, 347.858368,96.221336, 1085.886475, 1.031412
5, 428,7,691.075867, 653.773010, 506.986481, 347.858368,96.221336, 1085.886475, 1.057058
5, 429,0,729.660950, 779.821411, 455.632141, 201.734039,172.704025, 753.489563, 0.935677
5, 429,1,527.527344, 529.044434, 455.632141, 201.734039,172.704025, 753.489563, 0.997132
5, 429,2,399.328278, 425.452881, 455.632141, 201.734039,172.704025, 753.489563, 0.938596
5, 429,3,362.022614, 374.465363, 455.632141, 201.734039,172.704025, 753.489563, 0.966772
5, 429,4,379.038422, 414.905518, 455.632141, 201.734039,172.704025, 753.489563, 0.913554
5, 429,5,321.286102, 317.038147, 455.632141, 201.734039,172.704025, 753.489563, 1.013399
5, 429,6,172.704025, 180.161560, 455.632141, 201.734039,172.704025, 753.489563, 0.958606
5, 429,7,753.489563, 791.110779, 455.632141, 201.734039,172.704025, 753.489563, 0.952445
5, 430,0,232.562576, 233.563171, 458.317474, 113.961296,232.562576, 552.959595, 0.995716
5, 430,1,537.419189, 577.083435, 458.317474, 113.961296,232.562576, 552.959595, 0.931268
5, 430,2,461.682465, 485.335052, 458.317474, 113.961296,232.562576, 552.959595, 0.951265
5, 430,3,493.201904, 531.982971, 458.317474, 113.961296,232.562576, 552.959595, 0.927101
5, 430,4,337.916931, 340.115051, 458.317474, 113.961296,232.562576, 552.959595, 0.993537
5, 430,5,527.199219, 535.394836, 458.317474, 113.961296,232.562576, 552.959595, 0.984692
5, 430,6,552.959595, 560.508667, 458.317474, 113.961296,232.562576, 552.959595, 0.986532
5, 430,7,523.597839, 548.017029, 458.317474, 113.961296,232.562576, 552.959595, 0.955441
5, 431,0,552.300598, 579.824158, 453.339600, 182.229385,162.508408, 622.622925, 0.952531
5, 431,1,192.040695, 199.301437, 453.339600, 182.229385,162.508408, 622.622925, 0.963569
5, 431,2,531.548035, 564.423523, 453.339600, 182.229385,162.508408, 622.622925, 0.941754
5, 431,3,622.622925, 654.380188, 453.339600, 182.229385,162.508408, 622.622925, 0.951470
5, 431,4,577.957581, 606.131897, 453.339600, 182.229385,162.508408, 622.622925, 0.953518
5, 431,5,162.508408, 159.998138, 453.339600, 182.229385,162.508408, 622.622925, 1.015689
5, 431,6,583.900574, 629.675842, 453.339600, 182.229385,162.508408, 622.622925, 0.927303
5, 431,7,403.837769, 418.264954, 453.339600, 182.229385,162.508408, 622.622925, 0.965507
5, 432,0,830.171509, 823.610718, 478.543335, 177.486542,309.552399, 830.171509, 1.007966
5, 432,1,309.552399, 309.541901, 478.543335, 177.486542,309.552399, 830.171509, 1.000034
5, 432,2,336.005646, 326.991180, 478.543335, 177.486542,309.552399, 830.171509, 1.027568
5, 432,3,408.988342, 403.832672, 478.543335, 177.486542,309.552399, 830.171509, 1.012767
5, 432,4,347.510498, 346.241913, 478.543335, 177.486542,309.552399, 830.171509, 1.003664
5, 432,5,517.694397, 521.192017, 478.543335, 177.486542,309.552399, 830.171509, 0.993289
5, 432,6,631.654785, 629.383057, 478.543335, 177.486542,309.552399, 830.171509, 1.003609
5, 432,7,446.769409, 451.206543, 478.543335, 177.486542,309.552399, 830.171509, 0.990166
5, 433,0,110.724426, 124.464355, 502.318085, 302.239777,52.460648, 837.296631, 0.889607
5, 433,1,52.460648, 12.481480, 502.318085, 302.239777,52.460648, 837.296631, 4.203079
5, 433,2,736.509216, 705.836243, 502.318085, 302.239777,52.460648, 837.296631, 1.043456
5, 433,3,837.296631, 793.223267, 502.318085, 302.239777,52.460648, 837.296631, 1.055562
5, 433,4,691.323242, 651.876221, 502.318085, 302.239777,52.460648, 837.296631, 1.060513
5, 433,5,397.938049, 375.215485, 502.318085, 302.239777,52.460648, 837.296631, 1.060559
5, 433,6,758.077148, 734.884155, 502.318085, 302.239777,52.460648, 837.296631, 1.031560
5, 433,7,434.215363, 414.019012, 502.318085, 302.239777,52.460648, 837.296631, 1.048781
5, 434,0,783.345093, 748.887817, 502.171143, 332.150726,79.793304, 937.694397, 1.046011
5, 434,1,195.299973, 195.487228, 502.171143, 332.150726,79.793304, 937.694397, 0.999042
5, 434,2,663.096619, 634.385376, 502.171143, 332.150726,79.793304, 937.694397, 1.045258
5, 434,3,937.694397, 879.247314, 502.171143, 332.150726,79.793304, 937.694397, 1.066474
5, 434,4,424.515869, 411.971741, 502.171143, 332.150726,79.793304, 937.694397, 1.030449
5, 434,5,153.340607, 162.421616, 502.171143, 332.150726,79.793304, 937.694397, 0.944090
5, 434,6,780.283386, 732.286011, 502.171143, 332.150726,79.793304, 937.694397, 1.065545
5, 434,7,79.793304, 47.312550, 502.171143, 332.150726,79.793304, 937.694397, 1.686515
5, 435,0,639.017822, 645.113770, 469.022430, 238.781342,45.460472, 772.908936, 0.990551
5, 435,1,772.908936, 790.417542, 469.022430, 238.781342,45.460472, 772.908936, 0.977849
5, 435,2,45.460472, 36.888172, 469.022430, 238.781342,45.460472, 772.908936, 1.232386
5, 435,3,656.747925, 670.925476, 469.022430, 238.781342,45.460472, 772.908936, 0.978869
5, 435,4,546.902710, 563.421692, 469.022430, 238.781342,45.460472, 772.908936, 0.970681
5, 435,5,337.279144, 348.071686, 469.022430, 238.781342,45.460472, 772.908936, 0.968993
5, 435,6,483.799042, 496.653931, 469.022430, 238.781342,45.460472, 772.908936, 0.974117
5, 435,7,270.063232, 260.507721, 469.022430, 238.781342,45.460472, 772.908936, 1.036680
5, 436,0,793.722473, 802.467957, 479.453430, 267.062531,101.312622, 793.722473, 0.989102
5, 436,1,638.068298, 638.186951, 479.453430, 267.062531,101.312622, 793.722473, 0.999814
5, 436,2,636.149719, 629.186646, 479.453430, 267.062531,101.312622, 793.722473, 1.011067
5, 436,3,353.192078, 372.321503, 479.453430, 267.062531,101.312622, 793.722473, 0.948621
5, 436,4,125.617760, 128.837921, 479.453430, 267.062531,101.312622, 793.722473, 0.975006
5, 436,5,101.312622, 38.529251, 479.453430, 267.062531,101.312622, 793.722473, 2.629499
5, 436,6,451.470642, 449.792023, 479.453430, 267.062531,101.312622, 793.722473, 1.003732
5, 436,7,736.093689, 752.677551, 479.453430, 267.062531,101.312622, 793.722473, 0.977967
5, 437,0,749.758057, 751.107971, 475.912598, 260.859253,71.719864, 775.220520, 0.998203
5, 437,1,592.036865, 594.459900, 475.912598, 260.859253,71.719864, 775.220520, 0.995924
5, 437,2,443.143585, 442.063904, 475.912598, 260.859253,71.719864, 775.220520, 1.002442
5, 437,3,775.220520, 777.033691, 475.912598, 260.859253,71.719864, 775.220520, 0.997667
5, 437,4,128.930634, 135.328171, 475.912598, 260.859253,71.719864, 775.220520, 0.952726
5, 437,5,590.135681, 583.161377, 475.912598, 260.859253,71.719864, 775.220520, 1.011959
5, 437,6,456.355438, 455.184723, 475.912598, 260.859253,71.719864, 775.220520, 1.002572
5, 437,7,71.719864, 73.660301, 475.912598, 260.859253,71.719864, 775.220520, 0.973657
5, 438,0,53.205448, 54.554626, 486.525879, 335.139313,53.205448, 970.320251, 0.975269
5, 438,1,147.157074, 138.488632, 486.525879, 335.139313,53.205448, 970.320251, 1.062593
5, 438,2,728.999573, 711.304077, 486.525879, 335.139313,53.205448, 970.320251, 1.024878
5, 438,3,530.047729, 525.411926, 486.525879, 335.139313,53.205448, 970.320251, 1.008823
5, 438,4,556.708069, 547.153870, 486.525879, 335.139313,53.205448, 970.320251, 1.017462
5, 438,5,151.755707, 138.161453, 486.525879, 335.139313,53.205448, 970.320251, 1.098394
5, 438,6,970.320251, 941.572327, 486.525879, 335.139313,53.205448, 970.320251, 1.030532
5, 438,7,754.013123, 755.353088, 486.525879, 335.139313,53.205448, 970.320251, 0.998226
5, 439,0,69.783287, 53.232105, 467.637390, 227.119476,69.783287, 683.781677, 1.310925
5, 439,1,607.515869, 621.757080, 467.637390, 227.119476,69.783287, 683.781677, 0.977095
5, 439,2,508.965118, 531.743286, 467.637390, 227.119476,69.783287, 683.781677, 0.957163
5, 439,3,571.552734, 592.950745, 467.637390, 227.119476,69.783287, 683.781677, 0.963913
5, 439,4,162.109100, 170.550385, 467.637390, 227.119476,69.783287, 683.781677, 0.950506
5, 439,5,640.218689, 649.334595, 467.637390, 227.119476,69.783287, 683.781677, 0.985961
5, 439,6,497.172638, 500.297607, 467.637390, 227.119476,69.783287, 683.781677, 0.993754
5, 439,7,683.781677, 692.134338, 467.637390, 227.119476,69.783287, 683.781677, 0.987932
5, 440,0,163.634781, 163.540970, 477.074432, 329.987427,44.678734, 915.276184, 1.000574
5, 440,1,915.276184, 904.785400, 477.074432, 329.987427,44.678734, 915.276184, 1.011595
5, 440,2,44.678734, 56.186874, 477.074432, 329.987427,44.678734, 915.276184, 0.795181
5, 440,3,248.984436, 254.995132, 477.074432, 329.987427,44.678734, 915.276184, 0.976428
5, 440,4,884.564453, 878.265747, 477.074432, 329.987427,44.678734, 915.276184, 1.007172
5, 440,5,672.354187, 662.905029, 477.074432, 329.987427,44.678734, 915.276184, 1.014254
5, 440,6,328.321655, 331.884247, 477.074432, 329.987427,44.678734, 915.276184, 0.989266
5, 440,7,558.780945, 559.436890, 477.074432, 329.987427,44.678734, 915.276184, 0.998828
5, 441,0,136.745163, 146.505768, 476.070557, 317.494019,136.745163, 991.386963, 0.933377
5, 441,1,400.323029, 393.356262, 476.070557, 317.494019,136.745163, 991.386963, 1.017711
5, 441,2,991.386963, 989.883423, 476.070557, 317.494019,136.745163, 991.386963, 1.001519
5, 441,3,177.259445, 175.933090, 476.070557, 317.494019,136.745163, 991.386963, 1.007539
5, 441,4,376.622467, 380.568481, 476.070557, 317.494019,136.745163, 991.386963, 0.989631
5, 441,5,869.969910, 875.193909, 476.070557, 317.494019,136.745163, 991.386963, 0.994031
5, 441,6,254.555679, 253.830734, 476.070557, 317.494019,136.745163, 991.386963, 1.002856
5, 441,7,601.701904, 596.728333, 476.070557, 317.494019,136.745163, 991.386963, 1.008335
5, 442,0,315.384979, 317.162292, 454.874481, 145.999084,226.985306, 634.368774, 0.994396
5, 442,1,611.452942, 654.195435, 454.874481, 145.999084,226.985306, 634.368774, 0.934664
5, 442,2,461.351929, 482.109283, 454.874481, 145.999084,226.985306, 634.368774, 0.956945
5, 442,3,349.853363, 373.867096, 454.874481, 145.999084,226.985306, 634.368774, 0.935769
5, 442,4,226.985306, 236.479202, 454.874481, 145.999084,226.985306, 634.368774, 0.959853
5, 442,5,491.670593, 501.464172, 454.874481, 145.999084,226.985306, 634.368774, 0.980470
5, 442,6,634.368774, 664.099487, 454.874481, 145.999084,226.985306, 634.368774, 0.955232
5, 442,7,547.928040, 582.623230, 454.874481, 145.999084,226.985306, 634.368774, 0.940450
5, 443,0,756.050537, 726.849426, 488.032715, 356.509186,127.081146, 916.756165, 1.040175
5, 443,1,827.203979, 810.454285, 488.032715, 356.509186,127.081146, 916.756165, 1.020667
5, 443,2,127.081146, 122.190231, 488.032715, 356.509186,127.081146, 916.756165, 1.040027
5, 443,3,134.985168, 133.009674, 488.032715, 356.509186,127.081146, 916.756165, 1.014852
5, 443,4,768.770874, 749.810059, 488.032715, 356.509186,127.081146, 916.756165, 1.025288
5, 443,5,916.756165, 899.376526, 488.032715, 356.509186,127.081146, 916.756165, 1.019324
5, 443,6,229.601730, 233.827194, 488.032715, 356.509186,127.081146, 916.756165, 0.981929
5, 443,7,143.811920, 136.482941, 488.032715, 356.509186,127.081146, 916.756165, 1.053699
5, 444,0,381.879700, 371.133118, 486.175659, 313.836426,165.351364, 1072.071167, 1.028956
5, 444,1,522.851807, 514.900391, 486.175659, 313.836426,165.351364, 1072.071167, 1.015443
5, 444,2,1072.071167, 1038.024048, 486.175659, 313.836426,165.351364, 1072.071167, 1.032800
5, 444,3,204.180954, 204.839050, 486.175659, 313.836426,165.351364, 1072.071167, 0.996787
5, 444,4,165.351364, 164.022049, 486.175659, 313.836426,165.351364, 1072.071167, 1.008104
5, 444,5,654.164795, 640.545593, 486.175659, 313.836426,165.351364, 1072.071167, 1.021262
5, 444,6,689.203247, 670.032043, 486.175659, 313.836426,165.351364, 1072.071167, 1.028612
5, 444,7,199.702271, 208.503845, 486.175659, 313.836426,165.351364, 1072.071167, 0.957787
5, 445,0,101.803436, 75.599678, 479.110077, 324.275269,101.803436, 1155.530884, 1.346612
5, 445,1,417.705780, 417.881561, 479.110077, 324.275269,101.803436, 1155.530884, 0.999579
5, 445,2,390.462341, 398.101318, 479.110077, 324.275269,101.803436, 1155.530884, 0.980811
5, 445,3,559.527649, 560.355225, 479.110077, 324.275269,101.803436, 1155.530884, 0.998523
5, 445,4,259.215179, 252.137054, 479.110077, 324.275269,101.803436, 1155.530884, 1.028072
5, 445,5,1155.530884, 1151.715210, 479.110077, 324.275269,101.803436, 1155.530884, 1.003313
5, 445,6,287.662506, 284.074249, 479.110077, 324.275269,101.803436, 1155.530884, 1.012631
5, 445,7,660.972656, 672.135437, 479.110077, 324.275269,101.803436, 1155.530884, 0.983392
5, 446,0,610.775269, 611.756348, 484.591675, 273.480103,128.912186, 831.865723, 0.998396
5, 446,1,316.935028, 317.096069, 484.591675, 273.480103,128.912186, 831.865723, 0.999492
5, 446,2,745.848572, 765.158264, 484.591675, 273.480103,128.912186, 831.865723, 0.974764
5, 446,3,728.660400, 716.477783, 484.591675, 273.480103,128.912186, 831.865723, 1.017004
5, 446,4,128.912186, 60.487373, 484.591675, 273.480103,128.912186, 831.865723, 2.131225
5, 446,5,831.865723, 840.703247, 484.591675, 273.480103,128.912186, 831.865723, 0.989488
5, 446,6,236.124527, 219.230301, 484.591675, 273.480103,128.912186, 831.865723, 1.077062
5, 446,7,277.611847, 281.090637, 484.591675, 273.480103,128.912186, 831.865723, 0.987624
5, 447,0,335.164825, 347.626312, 463.954620, 268.495270,189.375717, 865.151733, 0.964153
5, 447,1,865.151733, 898.290466, 463.954620, 268.495270,189.375717, 865.151733, 0.963109
5, 447,2,329.455414, 328.401733, 463.954620, 268.495270,189.375717, 865.151733, 1.003209
5, 447,3,257.725037, 272.336945, 463.954620, 268.495270,189.375717, 865.151733, 0.946346
5, 447,4,606.576111, 620.070618, 463.954620, 268.495270,189.375717, 865.151733, 0.978237
5, 447,5,189.375717, 196.758835, 463.954620, 268.495270,189.375717, 865.151733, 0.962476
5, 447,6,838.567261, 863.265503, 463.954620, 268.495270,189.375717, 865.151733, 0.971390
5, 447,7,289.620789, 285.249603, 463.954620, 268.495270,189.375717, 865.151733, 1.015324
5, 448,0,1130.008545, 1071.892822, 500.852081, 574.163635,46.229973, 1541.149048, 1.054218
5, 448,1,46.229973, 23.765362, 500.852081, 574.163635,46.229973, 1541.149048, 1.945267
5, 448,2,1541.149048, 1491.992920, 500.852081, 574.163635,46.229973, 1541.149048, 1.032947
5, 448,3,135.421341, 134.868179, 500.852081, 574.163635,46.229973, 1541.149048, 1.004102
5, 448,4,242.507004, 241.398087, 500.852081, 574.163635,46.229973, 1541.149048, 1.004594
5, 448,5,110.747681, 105.890915, 500.852081, 574.163635,46.229973, 1541.149048, 1.045866
5, 448,6,754.111084, 687.909119, 500.852081, 574.163635,46.229973, 1541.149048, 1.096236
5, 448,7,46.641659, 54.282471, 500.852081, 574.163635,46.229973, 1541.149048, 0.859240
5, 449,0,353.670715, 359.673676, 471.752380, 281.289795,32.233887, 815.734497, 0.983310
5, 449,1,638.416077, 642.736145, 471.752380, 281.289795,32.233887, 815.734497, 0.993279
5, 449,2,296.990906, 301.470764, 471.752380, 281.289795,32.233887, 815.734497, 0.985140
5, 449,3,567.628967, 561.730774, 471.752380, 281.289795,32.233887, 815.734497, 1.010500
5, 449,4,258.089508, 257.889832, 471.752380, 281.289795,32.233887, 815.734497, 1.000774
5, 449,5,32.233887, 42.635830, 471.752380, 281.289795,32.233887, 815.734497, 0.756028
5, 449,6,811.254517, 821.221375, 471.752380, 281.289795,32.233887, 815.734497, 0.987863
5, 449,7,815.734497, 824.641724, 471.752380, 281.289795,32.233887, 815.734497, 0.989199
5, 450,0,87.888947, 79.106071, 494.242065, 360.559631,87.888947, 1147.795044, 1.111027
5, 450,1,418.978882, 404.192200, 494.242065, 360.559631,87.888947, 1147.795044, 1.036583
5, 450,2,651.797302, 644.936279, 494.242065, 360.559631,87.888947, 1147.795044, 1.010638
5, 450,3,675.055481, 634.519897, 494.242065, 360.559631,87.888947, 1147.795044, 1.063884
5, 450,4,90.559731, 97.023895, 494.242065, 360.559631,87.888947, 1147.795044, 0.933376
5, 450,5,648.226196, 626.668640, 494.242065, 360.559631,87.888947, 1147.795044, 1.034400
5, 450,6,1147.795044, 1101.432739, 494.242065, 360.559631,87.888947, 1147.795044, 1.042093
5, 450,7,233.634750, 224.119980, 494.242065, 360.559631,87.888947, 1147.795044, 1.042454
5, 451,0,422.500519, 445.255951, 451.243378, 162.439224,280.099609, 699.689087, 0.948894
5, 451,1,699.689087, 729.416992, 451.243378, 162.439224,280.099609, 699.689087, 0.959244
5, 451,2,499.579956, 536.740356, 451.243378, 162.439224,280.099609, 699.689087, 0.930767
5, 451,3,280.099609, 296.148834, 451.243378, 162.439224,280.099609, 699.689087, 0.945807
5, 451,4,348.186188, 369.928070, 451.243378, 162.439224,280.099609, 699.689087, 0.941227
5, 451,5,400.629456, 422.049683, 451.243378, 162.439224,280.099609, 699.689087, 0.949247
5, 451,6,285.037628, 291.063782, 451.243378, 162.439224,280.099609, 699.689087, 0.979296
5, 451,7,674.224548, 721.396484, 451.243378, 162.439224,280.099609, 699.689087, 0.934610
5, 452,0,158.552628, 170.303650, 479.577576, 392.464203,158.552628, 1176.159058, 0.931000
5, 452,1,218.062134, 226.556168, 479.577576, 392.464203,158.552628, 1176.159058, 0.962508
5, 452,2,673.318481, 674.222107, 479.577576, 392.464203,158.552628, 1176.159058, 0.998660
5, 452,3,1176.159058, 1154.847778, 479.577576, 392.464203,158.552628, 1176.159058, 1.018454
5, 452,4,173.569687, 172.550903, 479.577576, 392.464203,158.552628, 1176.159058, 1.005904
5, 452,5,912.149719, 897.591370, 479.577576, 392.464203,158.552628, 1176.159058, 1.016219
5, 452,6,329.115143, 319.299713, 479.577576, 392.464203,158.552628, 1176.159058, 1.030740
5, 452,7,195.693893, 196.628540, 479.577576, 392.464203,158.552628, 1176.159058, 0.995247
5, 453,0,212.183304, 220.633179, 463.470612, 252.847214,177.777130, 857.130005, 0.961702
5, 453,1,419.857941, 416.904297, 463.470612, 252.847214,177.777130, 857.130005, 1.007085
5, 453,2,471.620697, 474.172577, 463.470612, 252.847214,177.777130, 857.130005, 0.994618
5, 453,3,566.633667, 576.355835, 463.470612, 252.847214,177.777130, 857.130005, 0.983132
5, 453,4,177.777130, 180.455444, 463.470612, 252.847214,177.777130, 857.130005, 0.985158
5, 453,5,857.130005, 912.229553, 463.470612, 252.847214,177.777130, 857.130005, 0.939599
5, 453,6,758.494934, 782.701477, 463.470612, 252.847214,177.777130, 857.130005, 0.969073
5, 453,7,244.067474, 248.547684, 463.470612, 252.847214,177.777130, 857.130005, 0.981974
5, 454,0,107.853264, 115.231728, 490.915070, 331.398621,50.877384, 905.128540, 0.935968
5, 454,1,304.573608, 307.366180, 490.915070, 331.398621,50.877384, 905.128540, 0.990915
5, 454,2,346.839020, 342.932678, 490.915070, 331.398621,50.877384, 905.128540, 1.011391
5, 454,3,731.966248, 695.059998, 490.915070, 331.398621,50.877384, 905.128540, 1.053098
5, 454,4,642.269104, 627.013123, 490.915070, 331.398621,50.877384, 905.128540, 1.024331
5, 454,5,50.877384, 21.441504, 490.915070, 331.398621,50.877384, 905.128540, 2.372846
5, 454,6,905.128540, 885.049133, 490.915070, 331.398621,50.877384, 905.128540, 1.022687
5, 454,7,837.813171, 817.905579, 490.915070, 331.398621,50.877384, 905.128540, 1.024340
5, 455,0,799.399170, 798.400635, 470.051422, 300.544586,60.700912, 799.399170, 1.001251
5, 455,1,786.687134, 799.391785, 470.051422, 300.544586,60.700912, 799.399170, 0.984107
5, 455,2,607.484924, 620.501038, 470.051422, 300.544586,60.700912, 799.399170, 0.979023
5, 455,3,60.700912, 77.108215, 470.051422, 300.544586,60.700912, 799.399170, 0.787217
5, 455,4,662.026367, 661.283264, 470.051422, 300.544586,60.700912, 799.399170, 1.001124
5, 455,5,251.400192, 250.100403, 470.051422, 300.544586,60.700912, 799.399170, 1.005197
5, 455,6,81.760597, 77.108215, 470.051422, 300.544586,60.700912, 799.399170, 1.060336
5, 455,7,510.952148, 528.106323, 470.051422, 300.544586,60.700912, 799.399170, 0.967518
5, 456,0,835.405457, 775.786743, 491.772430, 269.147125,119.360123, 835.405457, 1.076849
5, 456,1,331.580170, 319.845398, 491.772430, 269.147125,119.360123, 835.405457, 1.036689
5, 456,2,695.527527, 659.883301, 491.772430, 269.147125,119.360123, 835.405457, 1.054016
5, 456,3,790.575012, 753.961731, 491.772430, 269.147125,119.360123, 835.405457, 1.048561
5, 456,4,186.006149, 189.317551, 491.772430, 269.147125,119.360123, 835.405457, 0.982509
5, 456,5,475.167542, 465.593719, 491.772430, 269.147125,119.360123, 835.405457, 1.020563
5, 456,6,500.557648, 514.234375, 491.772430, 269.147125,119.360123, 835.405457, 0.973404
5, 456,7,119.360123, 133.377029, 491.772430, 269.147125,119.360123, 835.405457, 0.894908
5, 457,0,81.138741, 94.238052, 471.392242, 278.393158,81.138741, 909.340515, 0.860998
5, 457,1,254.621643, 251.191467, 471.392242, 278.393158,81.138741, 909.340515, 1.013656
5, 457,2,909.340515, 919.444458, 471.392242, 278.393158,81.138741, 909.340515, 0.989011
5, 457,3,326.007660, 321.457886, 471.392242, 278.393158,81.138741, 909.340515, 1.014154
5, 457,4,392.079498, 398.254822, 471.392242, 278.393158,81.138741, 909.340515, 0.984494
5, 457,5,383.225464, 381.865631, 471.392242, 278.393158,81.138741, 909.340515, 1.003561
5, 457,6,705.298767, 712.821045, 471.392242, 278.393158,81.138741, 909.340515, 0.989447
5, 457,7,719.425476, 732.726746, 471.392242, 278.393158,81.138741, 909.340515, 0.981847
5, 458,0,656.011414, 666.701233, 465.739410, 217.302689,51.124813, 780.653564, 0.983966
5, 458,1,362.766663, 377.015198, 465.739410, 217.302689,51.124813, 780.653564, 0.962207
5, 458,2,482.845886, 501.384918, 465.739410, 217.302689,51.124813, 780.653564, 0.963024
5, 458,3,51.124813, 66.609497, 465.739410, 217.302689,51.124813, 780.653564, 0.767530
5, 458,4,374.268372, 370.635925, 465.739410, 217.302689,51.124813, 780.653564, 1.009801
5, 458,5,498.249573, 492.334656, 465.739410, 217.302689,51.124813, 780.653564, 1.012014
5, 458,6,780.653564, 802.818176, 465.739410, 217.302689,51.124813, 780.653564, 0.972391
5, 458,7,519.995117, 534.500000, 465.739410, 217.302689,51.124813, 780.653564, 0.972863
5, 459,0,198.740845, 203.671021, 478.329224, 244.268005,181.471390, 783.685791, 0.975793
5, 459,1,783.685791, 780.434265, 478.329224, 244.268005,181.471390, 783.685791, 1.004166
5, 459,2,347.707397, 349.211121, 478.329224, 244.268005,181.471390, 783.685791, 0.995694
5, 459,3,670.506042, 657.134521, 478.329224, 244.268005,181.471390, 783.685791, 1.020348
5, 459,4,367.413208, 363.968475, 478.329224, 244.268005,181.471390, 783.685791, 1.009464
5, 459,5,780.840271, 778.035522, 478.329224, 244.268005,181.471390, 783.685791, 1.003605
5, 459,6,496.268799, 498.010345, 478.329224, 244.268005,181.471390, 783.685791, 0.996503
5, 459,7,181.471390, 181.534973, 478.329224, 244.268005,181.471390, 783.685791, 0.999650
5, 460,0,683.310913, 700.243408, 470.660889, 255.422729,109.371078, 836.568604, 0.975819
5, 460,1,670.620850, 676.391907, 470.660889, 255.422729,109.371078, 836.568604, 0.991468
5, 460,2,343.525848, 343.393799, 470.660889, 255.422729,109.371078, 836.568604, 1.000385
5, 460,3,836.568604, 841.690430, 470.660889, 255.422729,109.371078, 836.568604, 0.993915
5, 460,4,369.064117, 372.258362, 470.660889, 255.422729,109.371078, 836.568604, 0.991419
5, 460,5,553.630188, 566.315918, 470.660889, 255.422729,109.371078, 836.568604, 0.977600
5, 460,6,199.195419, 201.841263, 470.660889, 255.422729,109.371078, 836.568604, 0.986891
5, 460,7,109.371078, 109.865112, 470.660889, 255.422729,109.371078, 836.568604, 0.995503
5, 461,0,738.297607, 734.000427, 476.076355, 196.802811,213.640930, 738.297607, 1.005854
5, 461,1,528.290466, 522.569275, 476.076355, 196.802811,213.640930, 738.297607, 1.010948
5, 461,2,266.757385, 261.273499, 476.076355, 196.802811,213.640930, 738.297607, 1.020989
5, 461,3,584.934509, 598.773376, 476.076355, 196.802811,213.640930, 738.297607, 0.976888
5, 461,4,213.640930, 214.099533, 476.076355, 196.802811,213.640930, 738.297607, 0.997858
5, 461,5,406.987671, 405.313232, 476.076355, 196.802811,213.640930, 738.297607, 1.004131
5, 461,6,356.786407, 362.459290, 476.076355, 196.802811,213.640930, 738.297607, 0.984349
5, 461,7,712.915710, 713.511475, 476.076355, 196.802811,213.640930, 738.297607, 0.999165
5, 462,0,439.600616, 425.363220, 482.999756, 223.330414,99.962090, 797.396484, 1.033471
5, 462,1,797.396484, 779.420593, 482.999756, 223.330414,99.962090, 797.396484, 1.023063
5, 462,2,398.609863, 396.866150, 482.999756, 223.330414,99.962090, 797.396484, 1.004394
5, 462,3,99.962090, 103.197777, 482.999756, 223.330414,99.962090, 797.396484, 0.968646
5, 462,4,682.298157, 673.808044, 482.999756, 223.330414,99.962090, 797.396484, 1.012600
5, 462,5,412.125183, 398.799011, 482.999756, 223.330414,99.962090, 797.396484, 1.033416
5, 462,6,671.131897, 674.749634, 482.999756, 223.330414,99.962090, 797.396484, 0.994638
5, 462,7,362.873657, 359.795197, 482.999756, 223.330414,99.962090, 797.396484, 1.008556
5, 463,0,400.997589, 383.071655, 488.963562, 356.145142,76.572662, 970.229126, 1.046795
5, 463,1,539.022400, 537.312317, 488.963562, 356.145142,76.572662, 970.229126, 1.003183
5, 463,2,180.163742, 169.200195, 488.963562, 356.145142,76.572662, 970.229126, 1.064796
5, 463,3,863.624390, 841.563538, 488.963562, 356.145142,76.572662, 970.229126, 1.026214
5, 463,4,76.572662, 86.434761, 488.963562, 356.145142,76.572662, 970.229126, 0.885901
5, 463,5,97.378044, 102.217659, 488.963562, 356.145142,76.572662, 970.229126, 0.952654
5, 463,6,783.720398, 761.190308, 488.963562, 356.145142,76.572662, 970.229126, 1.029598
5, 463,7,970.229126, 931.009705, 488.963562, 356.145142,76.572662, 970.229126, 1.042126
5, 464,0,601.988464, 633.750732, 456.950714, 174.083282,196.568726, 695.425598, 0.949882
5, 464,1,234.306946, 250.837418, 456.950714, 174.083282,196.568726, 695.425598, 0.934099
5, 464,2,528.274719, 559.113037, 456.950714, 174.083282,196.568726, 695.425598, 0.944844
5, 464,3,196.568726, 186.963455, 456.950714, 174.083282,196.568726, 695.425598, 1.051375
5, 464,4,506.711426, 524.249084, 456.950714, 174.083282,196.568726, 695.425598, 0.966547
5, 464,5,378.845825, 373.581177, 456.950714, 174.083282,196.568726, 695.425598, 1.014092
5, 464,6,695.425598, 737.398438, 456.950714, 174.083282,196.568726, 695.425598, 0.943080
5, 464,7,513.484436, 546.106934, 456.950714, 174.083282,196.568726, 695.425598, 0.940264
5, 465,0,796.596252, 797.260986, 475.982086, 320.096130,68.032120, 796.596252, 0.999166
5, 465,1,719.381409, 724.894775, 475.982086, 320.096130,68.032120, 796.596252, 0.992394
5, 465,2,153.437012, 148.838837, 475.982086, 320.096130,68.032120, 796.596252, 1.030894
5, 465,3,692.127625, 686.980591, 475.982086, 320.096130,68.032120, 796.596252, 1.007492
5, 465,4,71.391304, 74.238136, 475.982086, 320.096130,68.032120, 796.596252, 0.961653
5, 465,5,578.157654, 577.731506, 475.982086, 320.096130,68.032120, 796.596252, 1.000738
5, 465,6,68.032120, 72.568336, 475.982086, 320.096130,68.032120, 796.596252, 0.937490
5, 465,7,728.733215, 729.486755, 475.982086, 320.096130,68.032120, 796.596252, 0.998967
5, 466,0,99.724747, 106.679016, 468.175323, 287.942352,17.233549, 774.039917, 0.934811
5, 466,1,612.199524, 608.897583, 468.175323, 287.942352,17.233549, 774.039917, 1.005423
5, 466,2,639.920288, 645.422058, 468.175323, 287.942352,17.233549, 774.039917, 0.991476
5, 466,3,774.039917, 785.504517, 468.175323, 287.942352,17.233549, 774.039917, 0.985405
5, 466,4,526.451538, 540.626465, 468.175323, 287.942352,17.233549, 774.039917, 0.973781
5, 466,5,332.544983, 334.143829, 468.175323, 287.942352,17.233549, 774.039917, 0.995215
5, 466,6,743.288208, 777.704529, 468.175323, 287.942352,17.233549, 774.039917, 0.955746
5, 466,7,17.233549, 13.022119, 468.175323, 287.942352,17.233549, 774.039917, 1.323406
5, 467,0,24.832554, 19.942663, 468.127747, 233.120834,24.832554, 687.821960, 1.245198
5, 467,1,461.772400, 461.055756, 468.127747, 233.120834,24.832554, 687.821960, 1.001554
5, 467,2,251.248093, 250.845871, 468.127747, 233.120834,24.832554, 687.821960, 1.001603
5, 467,3,668.351074, 691.824280, 468.127747, 233.120834,24.832554, 687.821960, 0.966071
5, 467,4,413.338867, 417.245239, 468.127747, 233.120834,24.832554, 687.821960, 0.990638
5, 467,5,687.821960, 702.664673, 468.127747, 233.120834,24.832554, 687.821960, 0.978877
5, 467,6,613.765137, 627.881531, 468.127747, 233.120834,24.832554, 687.821960, 0.977517
5, 467,7,623.891785, 640.539917, 468.127747, 233.120834,24.832554, 687.821960, 0.974009
5, 468,0,336.449280, 340.330872, 458.431427, 192.324722,22.248697, 572.428711, 0.988595
5, 468,1,520.970642, 530.676819, 458.431427, 192.324722,22.248697, 572.428711, 0.981710
5, 468,2,571.631409, 579.105896, 458.431427, 192.324722,22.248697, 572.428711, 0.987093
5, 468,3,572.428711, 609.910706, 458.431427, 192.324722,22.248697, 572.428711, 0.938545
5, 468,4,553.536194, 568.565735, 458.431427, 192.324722,22.248697, 572.428711, 0.973566
5, 468,5,545.498840, 559.528137, 458.431427, 192.324722,22.248697, 572.428711, 0.974927
5, 468,6,544.687683, 573.417175, 458.431427, 192.324722,22.248697, 572.428711, 0.949898
5, 468,7,22.248697, 50.464886, 458.431427, 192.324722,22.248697, 572.428711, 0.440875
5, 469,0,85.767517, 80.119652, 491.737335, 358.210968,74.988319, 920.171631, 1.070493
5, 469,1,83.414894, 73.487183, 491.737335, 358.210968,74.988319, 920.171631, 1.135094
5, 469,2,625.435181, 621.863281, 491.737335, 358.210968,74.988319, 920.171631, 1.005744
5, 469,3,789.250610, 753.760681, 491.737335, 358.210968,74.988319, 920.171631, 1.047084
5, 469,4,74.988319, 63.367523, 491.737335, 358.210968,74.988319, 920.171631, 1.183387
5, 469,5,807.962097, 792.837646, 491.737335, 358.210968,74.988319, 920.171631, 1.019076
5, 469,6,920.171631, 904.940186, 491.737335, 358.210968,74.988319, 920.171631, 1.016831
5, 469,7,546.908447, 521.623901, 491.737335, 358.210968,74.988319, 920.171631, 1.048473
5, 470,0,825.472900, 803.152039, 482.698669, 286.640686,68.266266, 828.909180, 1.027792
5, 470,1,112.989044, 138.934616, 482.698669, 286.640686,68.266266, 828.909180, 0.813253
5, 470,2,589.276306, 574.149231, 482.698669, 286.640686,68.266266, 828.909180, 1.026347
5, 470,3,382.157196, 370.959076, 482.698669, 286.640686,68.266266, 828.909180, 1.030187
5, 470,4,483.064758, 483.049591, 482.698669, 286.640686,68.266266, 828.909180, 1.000031
5, 470,5,68.266266, 56.674911, 482.698669, 286.640686,68.266266, 828.909180, 1.204524
5, 470,6,571.453674, 560.616150, 482.698669, 286.640686,68.266266, 828.909180, 1.019331
5, 470,7,828.909180, 824.464355, 482.698669, 286.640686,68.266266, 828.909180, 1.005391
5, 471,0,79.477562, 43.471004, 492.863342, 325.456696,12.280505, 904.276489, 1.828289
5, 471,1,618.725403, 600.098816, 492.863342, 325.456696,12.280505, 904.276489, 1.031039
5, 471,2,904.276489, 874.661987, 492.863342, 325.456696,12.280505, 904.276489, 1.033858
5, 471,3,528.257446, 523.132324, 492.863342, 325.456696,12.280505, 904.276489, 1.009797
5, 471,4,545.144104, 535.309692, 492.863342, 325.456696,12.280505, 904.276489, 1.018371
5, 471,5,866.467957, 850.408020, 492.863342, 325.456696,12.280505, 904.276489, 1.018885
5, 471,6,12.280505, 12.220187, 492.863342, 325.456696,12.280505, 904.276489, 1.004936
5, 471,7,388.277344, 372.697815, 492.863342, 325.456696,12.280505, 904.276489, 1.041802
5, 472,0,563.275452, 564.301086, 475.740173, 243.745148,13.404715, 793.470947, 0.998182
5, 472,1,465.699829, 467.234192, 475.740173, 243.745148,13.404715, 793.470947, 0.996716
5, 472,2,308.847351, 308.903992, 475.740173, 243.745148,13.404715, 793.470947, 0.999817
5, 472,3,13.404715, 12.640451, 475.740173, 243.745148,13.404715, 793.470947, 1.060462
5, 472,4,443.689087, 445.916779, 475.740173, 243.745148,13.404715, 793.470947, 0.995004
5, 472,5,488.062836, 485.983826, 475.740173, 243.745148,13.404715, 793.470947, 1.004278
5, 472,6,793.470947, 792.203552, 475.740173, 243.745148,13.404715, 793.470947, 1.001600
5, 472,7,729.471130, 734.816162, 475.740173, 243.745148,13.404715, 793.470947, 0.992726
5, 473,0,221.748672, 270.695190, 474.924316, 317.646729,157.867523, 955.332031, 0.819182
5, 473,1,955.332031, 905.297546, 474.924316, 317.646729,157.867523, 955.332031, 1.055269
5, 473,2,157.867523, 160.334396, 474.924316, 317.646729,157.867523, 955.332031, 0.984614
5, 473,3,246.124695, 236.759506, 474.924316, 317.646729,157.867523, 955.332031, 1.039556
5, 473,4,248.641098, 238.744217, 474.924316, 317.646729,157.867523, 955.332031, 1.041454
5, 473,5,404.819824, 409.708374, 474.924316, 317.646729,157.867523, 955.332031, 0.988068
5, 473,6,863.958801, 875.610901, 474.924316, 317.646729,157.867523, 955.332031, 0.986693
5, 473,7,700.901794, 714.849792, 474.924316, 317.646729,157.867523, 955.332031, 0.980488
5, 474,0,79.056007, 78.458038, 483.509827, 316.910339,79.056007, 793.783813, 1.007622
5, 474,1,757.121948, 742.730164, 483.509827, 316.910339,79.056007, 793.783813, 1.019377
5, 474,2,79.689896, 84.899857, 483.509827, 316.910339,79.056007, 793.783813, 0.938634
5, 474,3,793.783813, 779.961792, 483.509827, 316.910339,79.056007, 793.783813, 1.017721
5, 474,4,160.445831, 164.221649, 483.509827, 316.910339,79.056007, 793.783813, 0.977008
5, 474,5,691.359802, 675.473267, 483.509827, 316.910339,79.056007, 793.783813, 1.023519
5, 474,6,654.192383, 640.507263, 483.509827, 316.910339,79.056007, 793.783813, 1.021366
5, 474,7,652.429077, 645.748047, 483.509827, 316.910339,79.056007, 793.783813, 1.010346
5, 475,0,998.748962, 952.131226, 500.865112, 339.571533,80.663132, 998.748962, 1.048962
5, 475,1,678.010559, 670.427063, 500.865112, 339.571533,80.663132, 998.748962, 1.011311
5, 475,2,162.268219, 128.373917, 500.865112, 339.571533,80.663132, 998.748962, 1.264028
5, 475,3,80.663132, 73.623672, 500.865112, 339.571533,80.663132, 998.748962, 1.095614
5, 475,4,485.017609, 487.140747, 500.865112, 339.571533,80.663132, 998.748962, 0.995642
5, 475,5,244.154678, 211.327713, 500.865112, 339.571533,80.663132, 998.748962, 1.155337
5, 475,6,910.372131, 849.110901, 500.865112, 339.571533,80.663132, 998.748962, 1.072147
5, 475,7,447.685486, 439.864838, 500.865112, 339.571533,80.663132, 998.748962, 1.017780
5, 476,0,630.836792, 651.589111, 458.353394, 215.897797,105.068192, 661.075195, 0.968151
5, 476,1,105.068192, 104.303658, 458.353394, 215.897797,105.068192, 661.075195, 1.007330
5, 476,2,615.171570, 614.516235, 458.353394, 215.897797,105.068192, 661.075195, 1.001066
5, 476,3,661.075195, 708.335876, 458.353394, 215.897797,105.068192, 661.075195, 0.933279
5, 476,4,438.392120, 468.910583, 458.353394, 215.897797,105.068192, 661.075195, 0.934916
5, 476,5,199.074112, 191.807388, 458.353394, 215.897797,105.068192, 661.075195, 1.037886
5, 476,6,637.754395, 669.665833, 458.353394, 215.897797,105.068192, 661.075195, 0.952347
5, 476,7,379.454529, 402.871399, 458.353394, 215.897797,105.068192, 661.075195, 0.941875
5, 477,0,237.810181, 243.603806, 487.047638, 304.000824,76.478752, 866.471069, 0.976217
5, 477,1,392.027283, 347.431946, 487.047638, 304.000824,76.478752, 866.471069, 1.128357
5, 477,2,536.294250, 527.013184, 487.047638, 304.000824,76.478752, 866.471069, 1.017611
5, 477,3,849.428833, 850.996521, 487.047638, 304.000824,76.478752, 866.471069, 0.998158
5, 477,4,866.471069, 864.407104, 487.047638, 304.000824,76.478752, 866.471069, 1.002388
5, 477,5,215.127380, 218.682007, 487.047638, 304.000824,76.478752, 866.471069, 0.983745
5, 477,6,76.478752, 32.870300, 487.047638, 304.000824,76.478752, 866.471069, 2.326683
5, 477,7,722.743164, 726.995422, 487.047638, 304.000824,76.478752, 866.471069, 0.994151
5, 478,0,98.213165, 88.547783, 487.850037, 297.529205,98.213165, 888.697205, 1.109154
5, 478,1,779.368652, 784.562683, 487.850037, 297.529205,98.213165, 888.697205, 0.993380
5, 478,2,888.697205, 852.324341, 487.850037, 297.529205,98.213165, 888.697205, 1.042675
5, 478,3,548.184448, 511.219543, 487.850037, 297.529205,98.213165, 888.697205, 1.072307
5, 478,4,281.743866, 292.813324, 487.850037, 297.529205,98.213165, 888.697205, 0.962196
5, 478,5,769.860596, 760.332581, 487.850037, 297.529205,98.213165, 888.697205, 1.012531
5, 478,6,258.600281, 244.069290, 487.850037, 297.529205,98.213165, 888.697205, 1.059536
5, 478,7,278.132172, 278.130737, 487.850037, 297.529205,98.213165, 888.697205, 1.000005
5, 479,0,66.904083, 23.226604, 496.606934, 326.538605,30.584908, 939.780762, 2.880493
5, 479,1,810.660156, 779.560791, 496.606934, 326.538605,30.584908, 939.780762, 1.039893
5, 479,2,598.400879, 575.792847, 496.606934, 326.538605,30.584908, 939.780762, 1.039264
5, 479,3,351.489868, 345.145081, 496.606934, 326.538605,30.584908, 939.780762, 1.018383
5, 479,4,939.780762, 900.057983, 496.606934, 326.538605,30.584908, 939.780762, 1.044134
5, 479,5,30.584908, 62.515305, 496.606934, 326.538605,30.584908, 939.780762, 0.489239
5, 479,6,615.698608, 593.570496, 496.606934, 326.538605,30.584908, 939.780762, 1.037280
5, 479,7,559.335999, 532.130859, 496.606934, 326.538605,30.584908, 939.780762, 1.051125
5, 480,0,401.485382, 421.303497, 454.160400, 173.319199,204.824081, 736.650757, 0.952960
5, 480,1,344.998383, 362.702972, 454.160400, 173.319199,204.824081, 736.650757, 0.951187
5, 480,2,736.650757, 771.902466, 454.160400, 173.319199,204.824081, 736.650757, 0.954331
5, 480,3,548.369141, 571.355225, 454.160400, 173.319199,204.824081, 736.650757, 0.959769
5, 480,4,334.861786, 352.972076, 454.160400, 173.319199,204.824081, 736.650757, 0.948692
5, 480,5,204.824081, 210.045105, 454.160400, 173.319199,204.824081, 736.650757, 0.975143
5, 480,6,627.705872, 664.049744, 454.160400, 173.319199,204.824081, 736.650757, 0.945269
5, 480,7,434.387939, 457.668823, 454.160400, 173.319199,204.824081, 736.650757, 0.949132
5, 481,0,922.897644, 912.266541, 480.655579, 293.289246,83.794151, 922.897644, 1.011654
5, 481,1,424.534698, 434.389404, 480.655579, 293.289246,83.794151, 922.897644, 0.977314
5, 481,2,445.910583, 441.566925, 480.655579, 293.289246,83.794151, 922.897644, 1.009837
5, 481,3,83.794151, 88.112701, 480.655579, 293.289246,83.794151, 922.897644, 0.950988
5, 481,4,344.091461, 340.280029, 480.655579, 293.289246,83.794151, 922.897644, 1.011201
5, 481,5,548.754333, 539.265076, 480.655579, 293.289246,83.794151, 922.897644, 1.017597
5, 481,6,865.439087, 857.518982, 480.655579, 293.289246,83.794151, 922.897644, 1.009236
5, 481,7,209.822235, 198.600555, 480.655579, 293.289246,83.794151, 922.897644, 1.056504
5, 482,0,248.130890, 247.433426, 468.291809, 207.233185,220.483795, 784.345886, 1.002819
5, 482,1,421.956696, 410.625244, 468.291809, 207.233185,220.483795, 784.345886, 1.027596
5, 482,2,635.038879, 641.991028, 468.291809, 207.233185,220.483795, 784.345886, 0.989171
5, 482,3,784.345886, 828.023926, 468.291809, 207.233185,220.483795, 784.345886, 0.947250
5, 482,4,466.657745, 471.460815, 468.291809, 207.233185,220.483795, 784.345886, 0.989812
5, 482,5,220.483795, 218.461090, 468.291809, 207.233185,220.483795, 784.345886, 1.009259
5, 482,6,311.156311, 333.683319, 468.291809, 207.233185,220.483795, 784.345886, 0.932490
5, 482,7,658.564087, 660.321106, 468.291809, 207.233185,220.483795, 784.345886, 0.997339
5, 483,0,584.825806, 606.441467, 457.549744, 156.756561,124.995850, 624.076843, 0.964357
5, 483,1,436.290710, 464.913300, 457.549744, 156.756561,124.995850, 624.076843, 0.938435
5, 483,2,540.413452, 569.493042, 457.549744, 156.756561,124.995850, 624.076843, 0.948938
5, 483,3,526.161499, 555.941772, 457.549744, 156.756561,124.995850, 624.076843, 0.946433
5, 483,4,624.076843, 652.195068, 457.549744, 156.756561,124.995850, 624.076843, 0.956887
5, 483,5,386.549622, 397.552673, 457.549744, 156.756561,124.995850, 624.076843, 0.972323
5, 483,6,124.995850, 115.599678, 457.549744, 156.756561,124.995850, 624.076843, 1.081282
5, 483,7,437.084320, 449.863342, 457.549744, 156.756561,124.995850, 624.076843, 0.971594
5, 484,0,715.240356, 728.255188, 467.089417, 132.051361,317.362762, 715.240356, 0.982129
5, 484,1,317.362762, 328.495209, 467.089417, 132.051361,317.362762, 715.240356, 0.966111
5, 484,2,502.579742, 503.074066, 467.089417, 132.051361,317.362762, 715.240356, 0.999017
5, 484,3,565.644775, 580.067688, 467.089417, 132.051361,317.362762, 715.240356, 0.975136
5, 484,4,427.399689, 442.715546, 467.089417, 132.051361,317.362762, 715.240356, 0.965405
5, 484,5,404.221527, 410.951477, 467.089417, 132.051361,317.362762, 715.240356, 0.983624
5, 484,6,483.148743, 485.000214, 467.089417, 132.051361,317.362762, 715.240356, 0.996183
5, 484,7,321.117828, 333.440765, 467.089417, 132.051361,317.362762, 715.240356, 0.963043
5, 485,0,269.638123, 255.692932, 472.478516, 269.908020,22.338509, 809.967712, 1.054539
5, 485,1,383.278259, 381.852875, 472.478516, 269.908020,22.338509, 809.967712, 1.003733
5, 485,2,659.917969, 677.231934, 472.478516, 269.908020,22.338509, 809.967712, 0.974434
5, 485,3,574.729797, 574.686218, 472.478516, 269.908020,22.338509, 809.967712, 1.000076
5, 485,4,809.967712, 820.939148, 472.478516, 269.908020,22.338509, 809.967712, 0.986636
5, 485,5,22.338509, 24.716064, 472.478516, 269.908020,22.338509, 809.967712, 0.903805
5, 485,6,744.600586, 761.265930, 472.478516, 269.908020,22.338509, 809.967712, 0.978108
5, 485,7,315.357025, 315.615021, 472.478516, 269.908020,22.338509, 809.967712, 0.999183
5, 486,0,264.369446, 256.752869, 471.177124, 284.896637,27.588987, 759.323547, 1.029665
5, 486,1,759.323547, 778.234558, 471.177124, 284.896637,27.588987, 759.323547, 0.975700
5, 486,2,714.403625, 721.923523, 471.177124, 284.896637,27.588987, 759.323547, 0.989584
5, 486,3,585.912842, 573.948425, 471.177124, 284.896637,27.588987, 759.323547, 1.020846
5, 486,4,720.236145, 726.713928, 471.177124, 284.896637,27.588987, 759.323547, 0.991086
5, 486,5,550.389832, 551.337769, 471.177124, 284.896637,27.588987, 759.323547, 0.998281
5, 486,6,27.588987, 38.263290, 471.177124, 284.896637,27.588987, 759.323547, 0.721030
5, 486,7,147.192520, 164.825348, 471.177124, 284.896637,27.588987, 759.323547, 0.893021
5, 487,0,1061.991455, 1028.539185, 489.379883, 317.457703,158.360397, 1061.991455, 1.032524
5, 487,1,158.360397, 163.627487, 489.379883, 317.457703,158.360397, 1061.991455, 0.967811
5, 487,2,728.142090, 702.478088, 489.379883, 317.457703,158.360397, 1061.991455, 1.036533
5, 487,3,289.975433, 286.669983, 489.379883, 317.457703,158.360397, 1061.991455, 1.011531
5, 487,4,224.779602, 222.789612, 489.379883, 317.457703,158.360397, 1061.991455, 1.008932
5, 487,5,224.978958, 216.766327, 489.379883, 317.457703,158.360397, 1061.991455, 1.037887
5, 487,6,629.875061, 613.132629, 489.379883, 317.457703,158.360397, 1061.991455, 1.027306
5, 487,7,596.936279, 577.996643, 489.379883, 317.457703,158.360397, 1061.991455, 1.032768
5, 488,0,759.897095, 738.730713, 491.129974, 323.463776,90.966042, 1012.157043, 1.028652
5, 488,1,770.797974, 753.935242, 491.129974, 323.463776,90.966042, 1012.157043, 1.022366
5, 488,2,194.038864, 189.957993, 491.129974, 323.463776,90.966042, 1012.157043, 1.021483
5, 488,3,384.238708, 373.885193, 491.129974, 323.463776,90.966042, 1012.157043, 1.027692
5, 488,4,446.410065, 424.460388, 491.129974, 323.463776,90.966042, 1012.157043, 1.051712
5, 488,5,270.533905, 265.756744, 491.129974, 323.463776,90.966042, 1012.157043, 1.017976
5, 488,6,90.966042, 82.117645, 491.129974, 323.463776,90.966042, 1012.157043, 1.107753
5, 488,7,1012.157043, 983.156006, 491.129974, 323.463776,90.966042, 1012.157043, 1.029498
5, 489,0,571.241821, 566.760376, 497.291290, 336.317963,119.695389, 1139.432495, 1.007907
5, 489,1,356.022797, 351.026978, 497.291290, 336.317963,119.695389, 1139.432495, 1.014232
5, 489,2,801.952209, 777.385742, 497.291290, 336.317963,119.695389, 1139.432495, 1.031601
5, 489,3,395.687897, 367.686066, 497.291290, 336.317963,119.695389, 1139.432495, 1.076157
5, 489,4,1139.432495, 1103.589844, 497.291290, 336.317963,119.695389, 1139.432495, 1.032478
5, 489,5,119.695389, 48.025425, 497.291290, 336.317963,119.695389, 1139.432495, 2.492334
5, 489,6,178.482574, 193.483536, 497.291290, 336.317963,119.695389, 1139.432495, 0.922469
5, 489,7,415.814880, 404.042236, 497.291290, 336.317963,119.695389, 1139.432495, 1.029137
5, 490,0,622.941956, 598.808105, 484.592102, 295.037903,73.325157, 868.718567, 1.040303
5, 490,1,238.347382, 241.779495, 484.592102, 295.037903,73.325157, 868.718567, 0.985805
5, 490,2,547.246765, 551.295654, 484.592102, 295.037903,73.325157, 868.718567, 0.992656
5, 490,3,724.352417, 708.899658, 484.592102, 295.037903,73.325157, 868.718567, 1.021798
5, 490,4,73.325157, 74.496483, 484.592102, 295.037903,73.325157, 868.718567, 0.984277
5, 490,5,663.049194, 652.377747, 484.592102, 295.037903,73.325157, 868.718567, 1.016358
5, 490,6,868.718567, 844.893188, 484.592102, 295.037903,73.325157, 868.718567, 1.028199
5, 490,7,138.755035, 139.449524, 484.592102, 295.037903,73.325157, 868.718567, 0.995020
5, 491,0,188.453995, 170.362656, 491.711426, 307.755341,127.840660, 899.999451, 1.106193
5, 491,1,523.323120, 508.404602, 491.711426, 307.755341,127.840660, 899.999451, 1.029344
5, 491,2,127.840660, 130.656799, 491.711426, 307.755341,127.840660, 899.999451, 0.978446
5, 491,3,405.463593, 395.234161, 491.711426, 307.755341,127.840660, 899.999451, 1.025882
5, 491,4,828.572021, 805.236450, 491.711426, 307.755341,127.840660, 899.999451, 1.028980
5, 491,5,753.643799, 743.526184, 491.711426, 307.755341,127.840660, 899.999451, 1.013608
5, 491,6,899.999451, 853.338196, 491.711426, 307.755341,127.840660, 899.999451, 1.054681
5, 491,7,206.394653, 205.240829, 491.711426, 307.755341,127.840660, 899.999451, 1.005622
5, 492,0,622.533936, 603.870117, 488.115112, 271.689545,87.664474, 790.300842, 1.030907
5, 492,1,680.681152, 679.990173, 488.115112, 271.689545,87.664474, 790.300842, 1.001016
5, 492,2,452.562103, 440.825958, 488.115112, 271.689545,87.664474, 790.300842, 1.026623
5, 492,3,752.362366, 732.359070, 488.115112, 271.689545,87.664474, 790.300842, 1.027313
5, 492,4,128.689133, 137.764771, 488.115112, 271.689545,87.664474, 790.300842, 0.934122
5, 492,5,790.300842, 753.069092, 488.115112, 271.689545,87.664474, 790.300842, 1.049440
5, 492,6,87.664474, 76.243034, 488.115112, 271.689545,87.664474, 790.300842, 1.149803
5, 492,7,390.126587, 387.877869, 488.115112, 271.689545,87.664474, 790.300842, 1.005798
5, 493,0,581.562500, 602.568909, 472.139496, 232.771652,134.329300, 785.166199, 0.965139
5, 493,1,785.166199, 801.117859, 472.139496, 232.771652,134.329300, 785.166199, 0.980088
5, 493,2,424.124084, 437.276703, 472.139496, 232.771652,134.329300, 785.166199, 0.969922
5, 493,3,510.008972, 514.171387, 472.139496, 232.771652,134.329300, 785.166199, 0.991905
5, 493,4,430.432800, 438.972137, 472.139496, 232.771652,134.329300, 785.166199, 0.980547
5, 493,5,728.864319, 743.629456, 472.139496, 232.771652,134.329300, 785.166199, 0.980145
5, 493,6,134.329300, 92.946091, 472.139496, 232.771652,134.329300, 785.166199, 1.445239
5, 493,7,182.627792, 181.317596, 472.139496, 232.771652,134.329300, 785.166199, 1.007226
5, 494,0,871.495850, 849.859070, 486.728149, 374.522552,57.122021, 1013.499207, 1.025459
5, 494,1,577.474304, 562.737122, 486.728149, 374.522552,57.122021, 1013.499207, 1.026188
5, 494,2,1013.499207, 989.286926, 486.728149, 374.522552,57.122021, 1013.499207, 1.024475
5, 494,3,95.883034, 98.075104, 486.728149, 374.522552,57.122021, 1013.499207, 0.977649
5, 494,4,176.515076, 159.303391, 486.728149, 374.522552,57.122021, 1013.499207, 1.108043
5, 494,5,781.468140, 768.550537, 486.728149, 374.522552,57.122021, 1013.499207, 1.016808
5, 494,6,320.367065, 316.104919, 486.728149, 374.522552,57.122021, 1013.499207, 1.013483
5, 494,7,57.122021, 68.082756, 486.728149, 374.522552,57.122021, 1013.499207, 0.839009
5, 495,0,638.022827, 661.516663, 467.823669, 236.658234,65.258286, 690.441345, 0.964485
5, 495,1,519.018982, 519.329712, 467.823669, 236.658234,65.258286, 690.441345, 0.999402
5, 495,2,65.258286, 71.884354, 467.823669, 236.658234,65.258286, 690.441345, 0.907823
5, 495,3,577.779907, 584.992737, 467.823669, 236.658234,65.258286, 690.441345, 0.987670
5, 495,4,393.994141, 394.701233, 467.823669, 236.658234,65.258286, 690.441345, 0.998209
5, 495,5,690.441345, 704.756592, 467.823669, 236.658234,65.258286, 690.441345, 0.979688
5, 495,6,682.309143, 689.936035, 467.823669, 236.658234,65.258286, 690.441345, 0.988945
5, 495,7,175.764709, 184.882706, 467.823669, 236.658234,65.258286, 690.441345, 0.950682
5, 496,0,103.053581, 103.292625, 473.465973, 266.061737,103.053581, 807.782288, 0.997686
5, 496,1,508.603821, 516.494873, 473.465973, 266.061737,103.053581, 807.782288, 0.984722
5, 496,2,127.142509, 128.914902, 473.465973, 266.061737,103.053581, 807.782288, 0.986251
5, 496,3,301.792877, 310.557648, 473.465973, 266.061737,103.053581, 807.782288, 0.971777
5, 496,4,807.782288, 804.265991, 473.465973, 266.061737,103.053581, 807.782288, 1.004372
5, 496,5,710.299133, 712.399536, 473.465973, 266.061737,103.053581, 807.782288, 0.997052
5, 496,6,617.412781, 628.229614, 473.465973, 266.061737,103.053581, 807.782288, 0.982782
5, 496,7,611.640930, 607.844910, 473.465973, 266.061737,103.053581, 807.782288, 1.006245
5, 497,0,303.114105, 322.117920, 460.805145, 225.614365,123.821205, 700.846069, 0.941004
5, 497,1,604.520264, 630.746338, 460.805145, 225.614365,123.821205, 700.846069, 0.958421
5, 497,2,599.294434, 619.786682, 460.805145, 225.614365,123.821205, 700.846069, 0.966937
5, 497,3,488.929565, 503.081726, 460.805145, 225.614365,123.821205, 700.846069, 0.971869
5, 497,4,675.952942, 716.071533, 460.805145, 225.614365,123.821205, 700.846069, 0.943974
5, 497,5,123.821205, 129.108856, 460.805145, 225.614365,123.821205, 700.846069, 0.959045
5, 497,6,700.846069, 694.643311, 460.805145, 225.614365,123.821205, 700.846069, 1.008929
5, 497,7,189.962555, 196.443619, 460.805145, 225.614365,123.821205, 700.846069, 0.967008
5, 498,0,629.892761, 630.500305, 461.089874, 286.278687,73.714310, 872.318909, 0.999036
5, 498,1,672.352966, 688.948242, 461.089874, 286.278687,73.714310, 872.318909, 0.975912
5, 498,2,617.515198, 624.084595, 461.089874, 286.278687,73.714310, 872.318909, 0.989474
5, 498,3,182.450073, 196.272430, 461.089874, 286.278687,73.714310, 872.318909, 0.929576
5, 498,4,179.516113, 211.305801, 461.089874, 286.278687,73.714310, 872.318909, 0.849556
5, 498,5,460.958710, 461.707916, 461.089874, 286.278687,73.714310, 872.318909, 0.998377
5, 498,6,872.318909, 890.525940, 461.089874, 286.278687,73.714310, 872.318909, 0.979555
5, 498,7,73.714310, 108.654793, 461.089874, 286.278687,73.714310, 872.318909, 0.678427
5, 499,0,778.438599, 776.653809, 474.089966, 250.422256,74.359894, 778.438599, 1.002298
5, 499,1,678.932922, 686.005920, 474.089966, 250.422256,74.359894, 778.438599, 0.989690
5, 499,2,74.359894, 63.511642, 474.089966, 250.422256,74.359894, 778.438599, 1.170807
5, 499,3,270.082062, 280.625427, 474.089966, 250.422256,74.359894, 778.438599, 0.962429
5, 499,4,546.061890, 553.329529, 474.089966, 250.422256,74.359894, 778.438599, 0.986866
5, 499,5,331.389709, 322.451202, 474.089966, 250.422256,74.359894, 778.438599, 1.027720
5, 499,6,378.141418, 388.535950, 474.089966, 250.422256,74.359894, 778.438599, 0.973247
5, 499,7,735.313171, 740.886475, 474.089966, 250.422256,74.359894, 778.438599, 0.992478
5, 500,0,901.866150, 900.908264, 479.257080, 230.007523,68.287277, 901.866150, 1.001063
5, 500,1,466.762482, 460.615753, 479.257080, 230.007523,68.287277, 901.866150, 1.013345
5, 500,2,528.411926, 533.263306, 479.257080, 230.007523,68.287277, 901.866150, 0.990902
5, 500,3,568.878723, 563.138672, 479.257080, 230.007523,68.287277, 901.866150, 1.010193
5, 500,4,68.287277, 43.661598, 479.257080, 230.007523,68.287277, 901.866150, 1.564012
5, 500,5,489.831665, 496.318359, 479.257080, 230.007523,68.287277, 901.866150, 0.986930
5, 500,6,428.333130, 433.432098, 479.257080, 230.007523,68.287277, 901.866150, 0.988236
5, 500,7,381.685425, 380.662109, 479.257080, 230.007523,68.287277, 901.866150, 1.002688
5, 501,0,487.982880, 472.053009, 497.066467, 241.248581,43.002560, 801.611206, 1.033746
5, 501,1,43.002560, 47.218201, 497.066467, 241.248581,43.002560, 801.611206, 0.910720
5, 501,2,678.428162, 626.946350, 497.066467, 241.248581,43.002560, 801.611206, 1.082115
5, 501,3,533.618774, 525.198364, 497.066467, 241.248581,43.002560, 801.611206, 1.016033
5, 501,4,404.544373, 397.917633, 497.066467, 241.248581,43.002560, 801.611206, 1.016654
5, 501,5,801.611206, 743.910034, 497.066467, 241.248581,43.002560, 801.611206, 1.077565
5, 501,6,694.035522, 674.755371, 497.066467, 241.248581,43.002560, 801.611206, 1.028574
5, 501,7,333.308197, 324.001190, 497.066467, 241.248581,43.002560, 801.611206, 1.028725
5, 502,0,27.212851, 53.163368, 501.435791, 433.028412,27.212851, 1149.635864, 0.511872
5, 502,1,68.607079, 26.612833, 501.435791, 433.028412,27.212851, 1149.635864, 2.577970
5, 502,2,962.261597, 962.369141, 501.435791, 433.028412,27.212851, 1149.635864, 0.999888
5, 502,3,709.663635, 638.100098, 501.435791, 433.028412,27.212851, 1149.635864, 1.112151
5, 502,4,565.442871, 511.572540, 501.435791, 433.028412,27.212851, 1149.635864, 1.105303
5, 502,5,496.656921, 499.834808, 501.435791, 433.028412,27.212851, 1149.635864, 0.993642
5, 502,6,1149.635864, 1103.709473, 501.435791, 433.028412,27.212851, 1149.635864, 1.041611
5, 502,7,32.005489, 16.637634, 501.435791, 433.028412,27.212851, 1149.635864, 1.923680
5, 503,0,324.029114, 341.444763, 459.380157, 179.999084,157.488785, 694.972717, 0.948994
5, 503,1,366.719635, 383.168976, 459.380157, 179.999084,157.488785, 694.972717, 0.957070
5, 503,2,157.488785, 157.175842, 459.380157, 179.999084,157.488785, 694.972717, 1.001991
5, 503,3,539.960327, 571.470764, 459.380157, 179.999084,157.488785, 694.972717, 0.944861
5, 503,4,694.972717, 729.061035, 459.380157, 179.999084,157.488785, 694.972717, 0.953244
5, 503,5,386.853241, 398.214508, 459.380157, 179.999084,157.488785, 694.972717, 0.971469
5, 503,6,618.706238, 641.313904, 459.380157, 179.999084,157.488785, 694.972717, 0.964748
5, 503,7,586.310974, 590.150269, 459.380157, 179.999084,157.488785, 694.972717, 0.993494
5, 504,0,169.541977, 171.634720, 478.280762, 256.745850,169.541977, 825.307007, 0.987807
5, 504,1,825.307007, 820.083740, 478.280762, 256.745850,169.541977, 825.307007, 1.006369
5, 504,2,478.237885, 483.041046, 478.280762, 256.745850,169.541977, 825.307007, 0.990056
5, 504,3,654.765198, 646.887512, 478.280762, 256.745850,169.541977, 825.307007, 1.012178
5, 504,4,243.278564, 235.675354, 478.280762, 256.745850,169.541977, 825.307007, 1.032261
5, 504,5,790.346863, 788.842529, 478.280762, 256.745850,169.541977, 825.307007, 1.001907
5, 504,6,430.752533, 430.360840, 478.280762, 256.745850,169.541977, 825.307007, 1.000910
5, 504,7,234.016190, 235.474258, 478.280762, 256.745850,169.541977, 825.307007, 0.993808
5, 505,0,498.745850, 493.992157, 479.070953, 289.945496,93.520683, 862.957153, 1.009623
5, 505,1,862.957153, 884.465820, 479.070953, 289.945496,93.520683, 862.957153, 0.975682
5, 505,2,360.638092, 369.518402, 479.070953, 289.945496,93.520683, 862.957153, 0.975968
5, 505,3,840.016052, 817.958740, 479.070953, 289.945496,93.520683, 862.957153, 1.026966
5, 505,4,605.886047, 607.655701, 479.070953, 289.945496,93.520683, 862.957153, 0.997088
5, 505,5,117.073502, 112.030479, 479.070953, 289.945496,93.520683, 862.957153, 1.045015
5, 505,6,453.730133, 467.321259, 479.070953, 289.945496,93.520683, 862.957153, 0.970917
5, 505,7,93.520683, 59.057476, 479.070953, 289.945496,93.520683, 862.957153, 1.583554
5, 506,0,401.900635, 405.306641, 454.098755, 149.665329,241.925140, 642.396973, 0.991596
5, 506,1,571.852478, 606.173950, 454.098755, 149.665329,241.925140, 642.396973, 0.943380
5, 506,2,241.925140, 245.752777, 454.098755, 149.665329,241.925140, 642.396973, 0.984425
5, 506,3,275.400482, 292.495605, 454.098755, 149.665329,241.925140, 642.396973, 0.941554
5, 506,4,409.515381, 430.373444, 454.098755, 149.665329,241.925140, 642.396973, 0.951535
5, 506,5,476.623444, 501.413391, 454.098755, 149.665329,241.925140, 642.396973, 0.950560
5, 506,6,642.396973, 671.285217, 454.098755, 149.665329,241.925140, 642.396973, 0.956966
5, 506,7,613.175476, 659.199097, 454.098755, 149.665329,241.925140, 642.396973, 0.930183
5, 507,0,84.796097, 90.141685, 494.021637, 385.672119,84.796097, 1191.575684, 0.940698
5, 507,1,322.993958, 318.473175, 494.021637, 385.672119,84.796097, 1191.575684, 1.014195
5, 507,2,379.659027, 367.094147, 494.021637, 385.672119,84.796097, 1191.575684, 1.034228
5, 507,3,1191.575684, 1090.943115, 494.021637, 385.672119,84.796097, 1191.575684, 1.092244
5, 507,4,381.967194, 385.075775, 494.021637, 385.672119,84.796097, 1191.575684, 0.991927
5, 507,5,314.185333, 323.268311, 494.021637, 385.672119,84.796097, 1191.575684, 0.971903
5, 507,6,997.789185, 971.770752, 494.021637, 385.672119,84.796097, 1191.575684, 1.026774
5, 507,7,279.206879, 265.233459, 494.021637, 385.672119,84.796097, 1191.575684, 1.052683
5, 508,0,364.558533, 367.122772, 468.770386, 111.367302,310.817810, 630.607666, 0.993015
5, 508,1,504.761658, 520.808838, 468.770386, 111.367302,310.817810, 630.607666, 0.969188
5, 508,2,592.530457, 601.597961, 468.770386, 111.367302,310.817810, 630.607666, 0.984928
5, 508,3,310.817810, 309.840576, 468.770386, 111.367302,310.817810, 630.607666, 1.003154
5, 508,4,421.441986, 428.690521, 468.770386, 111.367302,310.817810, 630.607666, 0.983091
5, 508,5,517.005371, 536.593262, 468.770386, 111.367302,310.817810, 630.607666, 0.963496
5, 508,6,408.439728, 410.508728, 468.770386, 111.367302,310.817810, 630.607666, 0.994960
5, 508,7,630.607666, 636.837158, 468.770386, 111.367302,310.817810, 630.607666, 0.990218
5, 509,0,179.518951, 171.913712, 477.532806, 221.332748,179.518951, 753.134521, 1.044239
5, 509,1,288.981903, 283.806641, 477.532806, 221.332748,179.518951, 753.134521, 1.018235
5, 509,2,414.165100, 424.771729, 477.532806, 221.332748,179.518951, 753.134521, 0.975030
5, 509,3,742.834290, 738.277832, 477.532806, 221.332748,179.518951, 753.134521, 1.006172
5, 509,4,666.127258, 661.382690, 477.532806, 221.332748,179.518951, 753.134521, 1.007174
5, 509,5,478.599945, 478.464752, 477.532806, 221.332748,179.518951, 753.134521, 1.000283
5, 509,6,753.134521, 750.518738, 477.532806, 221.332748,179.518951, 753.134521, 1.003485
5, 509,7,296.900696, 302.863495, 477.532806, 221.332748,179.518951, 753.134521, 0.980312
5, 510,0,553.670349, 560.637634, 472.686646, 201.618088,162.013611, 723.710144, 0.987573
5, 510,1,723.710144, 730.598206, 472.686646, 201.618088,162.013611, 723.710144, 0.990572
5, 510,2,306.678436, 312.270264, 472.686646, 201.618088,162.013611, 723.710144, 0.982093
5, 510,3,355.352356, 362.928314, 472.686646, 201.618088,162.013611, 723.710144, 0.979125
5, 510,4,655.524109, 654.736938, 472.686646, 201.618088,162.013611, 723.710144, 1.001202
5, 510,5,162.013611, 164.463837, 472.686646, 201.618088,162.013611, 723.710144, 0.985102
5, 510,6,369.845795, 372.075348, 472.686646, 201.618088,162.013611, 723.710144, 0.994008
5, 510,7,654.698364, 654.289368, 472.686646, 201.618088,162.013611, 723.710144, 1.000625
5, 511,0,562.792664, 603.035889, 455.547363, 199.471680,147.926468, 698.591919, 0.933266
5, 511,1,255.710785, 271.321655, 455.547363, 199.471680,147.926468, 698.591919, 0.942464
5, 511,2,638.825134, 675.553650, 455.547363, 199.471680,147.926468, 698.591919, 0.945632
5, 511,3,504.343323, 527.676697, 455.547363, 199.471680,147.926468, 698.591919, 0.955781
5, 511,4,286.549866, 291.976196, 455.547363, 199.471680,147.926468, 698.591919, 0.981415
5, 511,5,549.638855, 577.701233, 455.547363, 199.471680,147.926468, 698.591919, 0.951424
5, 511,6,147.926468, 146.869141, 455.547363, 199.471680,147.926468, 698.591919, 1.007199
5, 511,7,698.591919, 717.865540, 455.547363, 199.471680,147.926468, 698.591919, 0.973152
5, 512,0,870.703796, 838.395264, 490.850006, 349.927551,29.824585, 870.703796, 1.038536
5, 512,1,53.751892, 58.739704, 490.850006, 349.927551,29.824585, 870.703796, 0.915086
5, 512,2,649.092346, 623.916687, 490.850006, 349.927551,29.824585, 870.703796, 1.040351
5, 512,3,29.824585, 35.836834, 490.850006, 349.927551,29.824585, 870.703796, 0.832233
5, 512,4,860.143982, 818.755737, 490.850006, 349.927551,29.824585, 870.703796, 1.050550
5, 512,5,794.191223, 767.650879, 490.850006, 349.927551,29.824585, 870.703796, 1.034573
5, 512,6,393.540314, 381.116302, 490.850006, 349.927551,29.824585, 870.703796, 1.032599
5, 512,7,275.552063, 287.588776, 490.850006, 349.927551,29.824585, 870.703796, 0.958146
5, 513,0,478.560333, 494.585144, 456.484558, 128.589951,153.686081, 543.937927, 0.967600
5, 513,1,529.441040, 555.864502, 456.484558, 128.589951,153.686081, 543.937927, 0.952464
5, 513,2,153.686081, 142.886826, 456.484558, 128.589951,153.686081, 543.937927, 1.075579
5, 513,3,502.991760, 524.793518, 456.484558, 128.589951,153.686081, 543.937927, 0.958457
5, 513,4,543.085083, 578.224304, 456.484558, 128.589951,153.686081, 543.937927, 0.939229
5, 513,5,543.937927, 583.226685, 456.484558, 128.589951,153.686081, 543.937927, 0.932636
5, 513,6,429.372101, 441.693481, 456.484558, 128.589951,153.686081, 543.937927, 0.972104
5, 513,7,470.802185, 490.725555, 456.484558, 128.589951,153.686081, 543.937927, 0.959400
5, 514,0,563.598450, 571.125916, 470.806183, 164.231110,263.728271, 702.928101, 0.986820
5, 514,1,702.928101, 713.659729, 470.806183, 164.231110,263.728271, 702.928101, 0.984963
5, 514,2,263.728271, 235.610291, 470.806183, 164.231110,263.728271, 702.928101, 1.119341
5, 514,3,653.541382, 677.511597, 470.806183, 164.231110,263.728271, 702.928101, 0.964620
5, 514,4,299.484924, 319.195892, 470.806183, 164.231110,263.728271, 702.928101, 0.938248
5, 514,5,523.865540, 530.240662, 470.806183, 164.231110,263.728271, 702.928101, 0.987977
5, 514,6,354.611877, 363.379395, 470.806183, 164.231110,263.728271, 702.928101, 0.975872
5, 514,7,404.690826, 401.276245, 470.806183, 164.231110,263.728271, 702.928101, 1.008509
5, 515,0,629.412354, 635.875977, 474.269684, 200.152420,104.843857, 653.299561, 0.989835
5, 515,1,524.534180, 522.444702, 474.269684, 200.152420,104.843857, 653.299561, 1.003999
5, 515,2,653.299561, 653.328613, 474.269684, 200.152420,104.843857, 653.299561, 0.999956
5, 515,3,569.357300, 572.737000, 474.269684, 200.152420,104.843857, 653.299561, 0.994099
5, 515,4,490.063751, 488.634186, 474.269684, 200.152420,104.843857, 653.299561, 1.002926
5, 515,5,226.812546, 225.874878, 474.269684, 200.152420,104.843857, 653.299561, 1.004151
5, 515,6,595.833984, 607.931213, 474.269684, 200.152420,104.843857, 653.299561, 0.980101
5, 515,7,104.843857, 105.173309, 474.269684, 200.152420,104.843857, 653.299561, 0.996868
5, 516,0,567.381287, 535.226929, 489.903839, 373.478333,30.375929, 952.795105, 1.060076
5, 516,1,47.820583, 47.873272, 489.903839, 373.478333,30.375929, 952.795105, 0.998899
5, 516,2,775.896484, 760.658997, 489.903839, 373.478333,30.375929, 952.795105, 1.020032
5, 516,3,30.375929, 76.059349, 489.903839, 373.478333,30.375929, 952.795105, 0.399371
5, 516,4,629.404541, 613.063354, 489.903839, 373.478333,30.375929, 952.795105, 1.026655
5, 516,5,106.914063, 108.735992, 489.903839, 373.478333,30.375929, 952.795105, 0.983244
5, 516,6,808.642700, 766.674683, 489.903839, 373.478333,30.375929, 952.795105, 1.054740
5, 516,7,952.795105, 903.707520, 489.903839, 373.478333,30.375929, 952.795105, 1.054318
5, 517,0,615.810547, 587.190369, 496.274017, 347.827789,60.161907, 905.303101, 1.048741
5, 517,1,746.408997, 710.458496, 496.274017, 347.827789,60.161907, 905.303101, 1.050602
5, 517,2,491.813080, 486.351776, 496.274017, 347.827789,60.161907, 905.303101, 1.011229
5, 517,3,60.161907, 57.808342, 496.274017, 347.827789,60.161907, 905.303101, 1.040713
5, 517,4,905.303101, 874.121521, 496.274017, 347.827789,60.161907, 905.303101, 1.035672
5, 517,5,64.841949, 66.601616, 496.274017, 347.827789,60.161907, 905.303101, 0.973579
5, 517,6,876.113708, 854.586975, 496.274017, 347.827789,60.161907, 905.303101, 1.025190
5, 517,7,209.738724, 174.880600, 496.274017, 347.827789,60.161907, 905.303101, 1.199325
5, 518,0,180.225998, 189.241516, 471.279816, 172.335693,180.225998, 718.420471, 0.952360
5, 518,1,434.995575, 435.895294, 471.279816, 172.335693,180.225998, 718.420471, 0.997936
5, 518,2,515.318970, 535.591553, 471.279816, 172.335693,180.225998, 718.420471, 0.962149
5, 518,3,544.846436, 553.987793, 471.279816, 172.335693,180.225998, 718.420471, 0.983499
5, 518,4,457.740906, 455.864838, 471.279816, 172.335693,180.225998, 718.420471, 1.004115
5, 518,5,622.087463, 628.843201, 471.279816, 172.335693,180.225998, 718.420471, 0.989257
5, 518,6,718.420471, 729.205139, 471.279816, 172.335693,180.225998, 718.420471, 0.985210
5, 518,7,296.602875, 283.370575, 471.279816, 172.335693,180.225998, 718.420471, 1.046696
5, 519,0,364.698181, 366.066589, 462.560852, 238.809387,121.723671, 820.858459, 0.996262
5, 519,1,322.948883, 348.422485, 462.560852, 238.809387,121.723671, 820.858459, 0.926889
5, 519,2,371.014709, 375.247284, 462.560852, 238.809387,121.723671, 820.858459, 0.988721
5, 519,3,328.983032, 345.180573, 462.560852, 238.809387,121.723671, 820.858459, 0.953075
5, 519,4,820.858459, 838.239990, 462.560852, 238.809387,121.723671, 820.858459, 0.979264
5, 519,5,672.963257, 718.690430, 462.560852, 238.809387,121.723671, 820.858459, 0.936374
5, 519,6,121.723671, 104.876503, 462.560852, 238.809387,121.723671, 820.858459, 1.160638
5, 519,7,697.296448, 715.276367, 462.560852, 238.809387,121.723671, 820.858459, 0.974863
5, 520,0,451.769867, 447.406097, 485.897400, 348.352356,76.772644, 928.176086, 1.009753
5, 520,1,579.284180, 572.330383, 485.897400, 348.352356,76.772644, 928.176086, 1.012150
5, 520,2,928.176086, 920.972961, 485.897400, 348.352356,76.772644, 928.176086, 1.007821
5, 520,3,109.211037, 113.296219, 485.897400, 348.352356,76.772644, 928.176086, 0.963942
5, 520,4,686.826294, 664.912292, 485.897400, 348.352356,76.772644, 928.176086, 1.032958
5, 520,5,146.237534, 157.806198, 485.897400, 348.352356,76.772644, 928.176086, 0.926691
5, 520,6,908.901367, 897.977051, 485.897400, 348.352356,76.772644, 928.176086, 1.012165
5, 520,7,76.772644, 37.298698, 485.897400, 348.352356,76.772644, 928.176086, 2.058320
5, 521,0,141.727036, 150.687378, 465.189453, 357.602509,123.197540, 1005.885742, 0.940537
5, 521,1,921.117920, 947.427979, 465.189453, 357.602509,123.197540, 1005.885742, 0.972230
5, 521,2,174.613739, 192.520157, 465.189453, 357.602509,123.197540, 1005.885742, 0.906989
5, 521,3,335.908722, 343.804504, 465.189453, 357.602509,123.197540, 1005.885742, 0.977034
5, 521,4,324.779877, 332.147858, 465.189453, 357.602509,123.197540, 1005.885742, 0.977817
5, 521,5,1005.885742, 1026.047363, 465.189453, 357.602509,123.197540, 1005.885742, 0.980350
5, 521,6,123.197540, 106.180107, 465.189453, 357.602509,123.197540, 1005.885742, 1.160269
5, 521,7,694.284851, 713.184570, 465.189453, 357.602509,123.197540, 1005.885742, 0.973500
5, 522,0,246.263092, 254.366165, 464.571350, 214.047699,213.799332, 739.148499, 0.968144
5, 522,1,739.148499, 756.102539, 464.571350, 214.047699,213.799332, 739.148499, 0.977577
5, 522,2,678.566589, 704.806030, 464.571350, 214.047699,213.799332, 739.148499, 0.962771
5, 522,3,628.976929, 662.602844, 464.571350, 214.047699,213.799332, 739.148499, 0.949252
5, 522,4,272.070068, 280.590240, 464.571350, 214.047699,213.799332, 739.148499, 0.969635
5, 522,5,357.382446, 346.234406, 464.571350, 214.047699,213.799332, 739.148499, 1.032198
5, 522,6,580.363708, 595.471069, 464.571350, 214.047699,213.799332, 739.148499, 0.974630
5, 522,7,213.799332, 211.827011, 464.571350, 214.047699,213.799332, 739.148499, 1.009311
5, 523,0,565.118347, 532.545715, 496.181152, 420.652039,30.693136, 1229.791016, 1.061164
5, 523,1,1229.791016, 1175.788818, 496.181152, 420.652039,30.693136, 1229.791016, 1.045928
5, 523,2,986.191223, 946.440002, 496.181152, 420.652039,30.693136, 1229.791016, 1.042001
5, 523,3,290.511688, 289.960724, 496.181152, 420.652039,30.693136, 1229.791016, 1.001900
5, 523,4,499.113800, 484.028687, 496.181152, 420.652039,30.693136, 1229.791016, 1.031166
5, 523,5,30.693136, 31.473177, 496.181152, 420.652039,30.693136, 1229.791016, 0.975216
5, 523,6,213.241730, 207.162811, 496.181152, 420.652039,30.693136, 1229.791016, 1.029344
5, 523,7,154.788361, 144.600159, 496.181152, 420.652039,30.693136, 1229.791016, 1.070458
5, 524,0,652.288147, 638.031494, 475.415802, 239.920990,70.291000, 853.145264, 1.022345
5, 524,1,364.138184, 357.416168, 475.415802, 239.920990,70.291000, 853.145264, 1.018807
5, 524,2,300.007294, 302.548676, 475.415802, 239.920990,70.291000, 853.145264, 0.991600
5, 524,3,606.852600, 621.610168, 475.415802, 239.920990,70.291000, 853.145264, 0.976259
5, 524,4,431.387573, 432.751953, 475.415802, 239.920990,70.291000, 853.145264, 0.996847
5, 524,5,525.216309, 525.209473, 475.415802, 239.920990,70.291000, 853.145264, 1.000013
5, 524,6,853.145264, 852.857788, 475.415802, 239.920990,70.291000, 853.145264, 1.000337
5, 524,7,70.291000, 81.574173, 475.415802, 239.920990,70.291000, 853.145264, 0.861682
5, 525,0,595.998840, 603.239136, 460.190063, 275.360168,136.209625, 898.787109, 0.987998
5, 525,1,154.909958, 153.864166, 460.190063, 275.360168,136.209625, 898.787109, 1.006797
5, 525,2,250.368622, 260.068726, 460.190063, 275.360168,136.209625, 898.787109, 0.962702
5, 525,3,898.787109, 931.078247, 460.190063, 275.360168,136.209625, 898.787109, 0.965319
5, 525,4,465.652344, 506.438324, 460.190063, 275.360168,136.209625, 898.787109, 0.919465
5, 525,5,136.209625, 137.686127, 460.190063, 275.360168,136.209625, 898.787109, 0.989276
5, 525,6,441.235382, 455.185577, 460.190063, 275.360168,136.209625, 898.787109, 0.969353
5, 525,7,738.358582, 764.440125, 460.190063, 275.360168,136.209625, 898.787109, 0.965882
5, 526,0,133.596405, 69.623169, 481.381073, 339.639069,93.146599, 987.103821, 1.918850
5, 526,1,93.146599, 105.888489, 481.381073, 339.639069,93.146599, 987.103821, 0.879667
5, 526,2,955.926941, 952.649536, 481.381073, 339.639069,93.146599, 987.103821, 1.003440
5, 526,3,371.127136, 372.373291, 481.381073, 339.639069,93.146599, 987.103821, 0.996653
5, 526,4,592.435669, 607.786804, 481.381073, 339.639069,93.146599, 987.103821, 0.974743
5, 526,5,987.103821, 975.447510, 481.381073, 339.639069,93.146599, 987.103821, 1.011950
5, 526,6,345.824982, 352.747711, 481.381073, 339.639069,93.146599, 987.103821, 0.980375
5, 526,7,371.886902, 375.483521, 481.381073, 339.639069,93.146599, 987.103821, 0.990421
5, 527,0,564.985840, 565.245483, 478.524048, 235.476761,67.438675, 912.451965, 0.999541
5, 527,1,424.092621, 418.168976, 478.524048, 235.476761,67.438675, 912.451965, 1.014166
5, 527,2,912.451965, 917.550720, 478.524048, 235.476761,67.438675, 912.451965, 0.994443
5, 527,3,375.750793, 377.016998, 478.524048, 235.476761,67.438675, 912.451965, 0.996642
5, 527,4,430.303864, 417.229034, 478.524048, 235.476761,67.438675, 912.451965, 1.031337
5, 527,5,488.407166, 496.999390, 478.524048, 235.476761,67.438675, 912.451965, 0.982712
5, 527,6,564.761230, 565.858459, 478.524048, 235.476761,67.438675, 912.451965, 0.998061
5, 527,7,67.438675, 53.930885, 478.524048, 235.476761,67.438675, 912.451965, 1.250465
5, 528,0,751.384399, 792.704041, 457.951813, 214.577515,219.086227, 751.384399, 0.947875
5, 528,1,724.198669, 744.688477, 457.951813, 214.577515,219.086227, 751.384399, 0.972485
5, 528,2,632.163574, 649.415771, 457.951813, 214.577515,219.086227, 751.384399, 0.973434
5, 528,3,408.520416, 414.474915, 457.951813, 214.577515,219.086227, 751.384399, 0.985634
5, 528,4,368.886444, 386.198853, 457.951813, 214.577515,219.086227, 751.384399, 0.955172
5, 528,5,324.271851, 338.819336, 457.951813, 214.577515,219.086227, 751.384399, 0.957064
5, 528,6,235.103012, 257.342194, 457.951813, 214.577515,219.086227, 751.384399, 0.913581
5, 528,7,219.086227, 228.356781, 457.951813, 214.577515,219.086227, 751.384399, 0.959403
5, 529,0,573.262268, 558.602417, 497.411560, 332.544373,160.167206, 1109.375732, 1.026244
5, 529,1,245.796173, 211.787460, 497.411560, 332.544373,160.167206, 1109.375732, 1.160579
5, 529,2,826.108521, 809.940430, 497.411560, 332.544373,160.167206, 1109.375732, 1.019962
5, 529,3,1109.375732, 1047.317139, 497.411560, 332.544373,160.167206, 1109.375732, 1.059255
5, 529,4,244.594467, 249.398483, 497.411560, 332.544373,160.167206, 1109.375732, 0.980738
5, 529,5,531.569153, 495.357971, 497.411560, 332.544373,160.167206, 1109.375732, 1.073101
5, 529,6,288.419006, 292.540558, 497.411560, 332.544373,160.167206, 1109.375732, 0.985911
5, 529,7,160.167206, 147.055252, 497.411560, 332.544373,160.167206, 1109.375732, 1.089163
5, 530,0,562.328247, 570.376892, 468.478149, 213.031036,164.643829, 769.209961, 0.985889
5, 530,1,164.643829, 173.693939, 468.478149, 213.031036,164.643829, 769.209961, 0.947896
5, 530,2,665.385315, 677.068115, 468.478149, 213.031036,164.643829, 769.209961, 0.982745
5, 530,3,576.177246, 587.859924, 468.478149, 213.031036,164.643829, 769.209961, 0.980127
5, 530,4,433.603088, 442.828674, 468.478149, 213.031036,164.643829, 769.209961, 0.979167
5, 530,5,219.128189, 229.469742, 468.478149, 213.031036,164.643829, 769.209961, 0.954933
5, 530,6,357.349457, 356.144928, 468.478149, 213.031036,164.643829, 769.209961, 1.003382
5, 530,7,769.209961, 774.557739, 468.478149, 213.031036,164.643829, 769.209961, 0.993096
5, 531,0,877.682373, 837.724487, 496.644714, 319.560303,56.088398, 877.682373, 1.047698
5, 531,1,275.036194, 266.511627, 496.644714, 319.560303,56.088398, 877.682373, 1.031986
5, 531,2,496.130157, 483.617126, 496.644714, 319.560303,56.088398, 877.682373, 1.025874
5, 531,3,864.222656, 837.763672, 496.644714, 319.560303,56.088398, 877.682373, 1.031583
5, 531,4,156.339951, 159.289383, 496.644714, 319.560303,56.088398, 877.682373, 0.981484
5, 531,5,476.912903, 458.415985, 496.644714, 319.560303,56.088398, 877.682373, 1.040350
5, 531,6,770.745300, 752.103149, 496.644714, 319.560303,56.088398, 877.682373, 1.024787
5, 531,7,56.088398, 16.574211, 496.644714, 319.560303,56.088398, 877.682373, 3.384077
5, 532,0,208.337585, 183.834427, 480.144135, 306.451447,118.464439, 909.030945, 1.133289
5, 532,1,363.608246, 350.215118, 480.144135, 306.451447,118.464439, 909.030945, 1.038243
5, 532,2,825.826050, 827.710083, 480.144135, 306.451447,118.464439, 909.030945, 0.997724
5, 532,3,118.464439, 107.412392, 480.144135, 306.451447,118.464439, 909.030945, 1.102894
5, 532,4,909.030945, 902.504272, 480.144135, 306.451447,118.464439, 909.030945, 1.007232
5, 532,5,762.179871, 770.107971, 480.144135, 306.451447,118.464439, 909.030945, 0.989705
5, 532,6,394.437500, 410.358917, 480.144135, 306.451447,118.464439, 909.030945, 0.961201
5, 532,7,259.268280, 259.856628, 480.144135, 306.451447,118.464439, 909.030945, 0.997736
5, 533,0,480.201874, 495.910217, 467.660614, 194.551788,143.844833, 823.177124, 0.968324
5, 533,1,371.669739, 378.140991, 467.660614, 194.551788,143.844833, 823.177124, 0.982887
5, 533,2,143.844833, 119.277855, 467.660614, 194.551788,143.844833, 823.177124, 1.205964
5, 533,3,376.555847, 385.951630, 467.660614, 194.551788,143.844833, 823.177124, 0.975656
5, 533,4,495.969971, 523.426758, 467.660614, 194.551788,143.844833, 823.177124, 0.947544
5, 533,5,823.177124, 836.319702, 467.660614, 194.551788,143.844833, 823.177124, 0.984285
5, 533,6,590.776978, 610.526611, 467.660614, 194.551788,143.844833, 823.177124, 0.967651
5, 533,7,459.088531, 462.446136, 467.660614, 194.551788,143.844833, 823.177124, 0.992739
5, 534,0,71.272598, 29.226301, 491.018250, 324.849579,71.272598, 955.242126, 2.438646
5, 534,1,499.090088, 494.750397, 491.018250, 324.849579,71.272598, 955.242126, 1.008771
5, 534,2,655.710083, 644.467896, 491.018250, 324.849579,71.272598, 955.242126, 1.017444
5, 534,3,766.357239, 752.981323, 491.018250, 324.849579,71.272598, 955.242126, 1.017764
5, 534,4,649.983032, 633.702515, 491.018250, 324.849579,71.272598, 955.242126, 1.025691
5, 534,5,955.242126, 933.584717, 491.018250, 324.849579,71.272598, 955.242126, 1.023198
5, 534,6,222.143143, 215.986237, 491.018250, 324.849579,71.272598, 955.242126, 1.028506
5, 534,7,108.347717, 107.300903, 491.018250, 324.849579,71.272598, 955.242126, 1.009756
5, 535,0,439.042664, 413.379425, 495.589630, 295.528717,55.169559, 896.271057, 1.062082
5, 535,1,355.766083, 343.441101, 495.589630, 295.528717,55.169559, 896.271057, 1.035887
5, 535,2,55.169559, 79.591415, 495.589630, 295.528717,55.169559, 896.271057, 0.693160
5, 535,3,306.157410, 298.745697, 495.589630, 295.528717,55.169559, 896.271057, 1.024809
5, 535,4,843.523132, 780.922424, 495.589630, 295.528717,55.169559, 896.271057, 1.080163
5, 535,5,726.933350, 708.822754, 495.589630, 295.528717,55.169559, 896.271057, 1.025550
5, 535,6,341.853760, 346.669830, 495.589630, 295.528717,55.169559, 896.271057, 0.986108
5, 535,7,896.271057, 840.427368, 495.589630, 295.528717,55.169559, 896.271057, 1.066447
5, 536,0,878.096497, 880.907166, 473.232971, 344.642365,43.256130, 878.096497, 0.996809
5, 536,1,872.571533, 871.225464, 473.232971, 344.642365,43.256130, 878.096497, 1.001545
5, 536,2,868.010376, 868.659668, 473.232971, 344.642365,43.256130, 878.096497, 0.999253
5, 536,3,216.396378, 219.576035, 473.232971, 344.642365,43.256130, 878.096497, 0.985519
5, 536,4,215.257904, 226.178741, 473.232971, 344.642365,43.256130, 878.096497, 0.951716
5, 536,5,381.568756, 385.327911, 473.232971, 344.642365,43.256130, 878.096497, 0.990244
5, 536,6,43.256130, 44.895126, 473.232971, 344.642365,43.256130, 878.096497, 0.963493
5, 536,7,310.706299, 315.229736, 473.232971, 344.642365,43.256130, 878.096497, 0.985650
5, 537,0,810.717407, 810.141296, 472.375153, 293.934540,24.756601, 810.717407, 1.000711
5, 537,1,746.137390, 748.923767, 472.375153, 293.934540,24.756601, 810.717407, 0.996279
5, 537,2,640.262573, 640.790405, 472.375153, 293.934540,24.756601, 810.717407, 0.999176
5, 537,3,538.859070, 550.288330, 472.375153, 293.934540,24.756601, 810.717407, 0.979230
5, 537,4,540.457703, 564.842346, 472.375153, 293.934540,24.756601, 810.717407, 0.956829
5, 537,5,424.298065, 424.927307, 472.375153, 293.934540,24.756601, 810.717407, 0.998519
5, 537,6,24.756601, 15.927533, 472.375153, 293.934540,24.756601, 810.717407, 1.554327
5, 537,7,53.512333, 56.159088, 472.375153, 293.934540,24.756601, 810.717407, 0.952870
5, 538,0,49.817142, 56.249264, 489.691315, 308.778107,49.817142, 789.907837, 0.885650
5, 538,1,664.118713, 635.045593, 489.691315, 308.778107,49.817142, 789.907837, 1.045781
5, 538,2,547.187439, 529.138611, 489.691315, 308.778107,49.817142, 789.907837, 1.034110
5, 538,3,774.890381, 746.194458, 489.691315, 308.778107,49.817142, 789.907837, 1.038456
5, 538,4,743.537842, 733.828552, 489.691315, 308.778107,49.817142, 789.907837, 1.013231
5, 538,5,224.055038, 216.369614, 489.691315, 308.778107,49.817142, 789.907837, 1.035520
5, 538,6,789.907837, 770.492004, 489.691315, 308.778107,49.817142, 789.907837, 1.025199
5, 538,7,124.016365, 124.681961, 489.691315, 308.778107,49.817142, 789.907837, 0.994662
5, 539,0,512.881714, 522.223938, 467.567871, 131.285294,260.526855, 625.942749, 0.982111
5, 539,1,441.544678, 432.000397, 467.567871, 131.285294,260.526855, 625.942749, 1.022093
5, 539,2,625.942749, 644.102478, 467.567871, 131.285294,260.526855, 625.942749, 0.971806
5, 539,3,298.438477, 298.679688, 467.567871, 131.285294,260.526855, 625.942749, 0.999192
5, 539,4,465.898102, 481.931641, 467.567871, 131.285294,260.526855, 625.942749, 0.966731
5, 539,5,593.435181, 608.796692, 467.567871, 131.285294,260.526855, 625.942749, 0.974767
5, 539,6,541.875061, 563.005981, 467.567871, 131.285294,260.526855, 625.942749, 0.962468
5, 539,7,260.526855, 261.259094, 467.567871, 131.285294,260.526855, 625.942749, 0.997197
5, 540,0,494.494080, 493.526917, 478.233215, 277.100128,39.364830, 824.743225, 1.001960
5, 540,1,807.706848, 804.401062, 478.233215, 277.100128,39.364830, 824.743225, 1.004110
5, 540,2,278.053741, 286.520630, 478.233215, 277.100128,39.364830, 824.743225, 0.970449
5, 540,3,410.418701, 397.238251, 478.233215, 277.100128,39.364830, 824.743225, 1.033180
5, 540,4,296.833557, 296.235413, 478.233215, 277.100128,39.364830, 824.743225, 1.002019
5, 540,5,674.250977, 677.274963, 478.233215, 277.100128,39.364830, 824.743225, 0.995535
5, 540,6,824.743225, 826.461182, 478.233215, 277.100128,39.364830, 824.743225, 0.997921
5, 540,7,39.364830, 30.341208, 478.233215, 277.100128,39.364830, 824.743225, 1.297405
5, 541,0,180.399033, 182.792603, 491.361359, 260.708221,100.562332, 905.354980, 0.986906
5, 541,1,100.562332, 37.614758, 491.361359, 260.708221,100.562332, 905.354980, 2.673481
5, 541,2,655.701599, 653.700684, 491.361359, 260.708221,100.562332, 905.354980, 1.003061
5, 541,3,510.991211, 503.641113, 491.361359, 260.708221,100.562332, 905.354980, 1.014594
5, 541,4,485.474457, 479.997314, 491.361359, 260.708221,100.562332, 905.354980, 1.011411
5, 541,5,649.949097, 645.212280, 491.361359, 260.708221,100.562332, 905.354980, 1.007342
5, 541,6,905.354980, 863.835205, 491.361359, 260.708221,100.562332, 905.354980, 1.048064
5, 541,7,442.458344, 445.205658, 491.361359, 260.708221,100.562332, 905.354980, 0.993829
5, 542,0,317.218903, 307.586731, 488.663879, 266.058411,104.335190, 895.568420, 1.031315
5, 542,1,535.549805, 525.202087, 488.663879, 266.058411,104.335190, 895.568420, 1.019702
5, 542,2,895.568420, 880.086975, 488.663879, 266.058411,104.335190, 895.568420, 1.017591
5, 542,3,744.891785, 722.443542, 488.663879, 266.058411,104.335190, 895.568420, 1.031073
5, 542,4,265.560883, 263.817719, 488.663879, 266.058411,104.335190, 895.568420, 1.006607
5, 542,5,394.953186, 380.071716, 488.663879, 266.058411,104.335190, 895.568420, 1.039154
5, 542,6,651.232849, 640.707458, 488.663879, 266.058411,104.335190, 895.568420, 1.016428
5, 542,7,104.335190, 92.083679, 488.663879, 266.058411,104.335190, 895.568420, 1.133048
5, 543,0,499.511902, 524.166931, 459.011780, 214.429382,160.175308, 753.933044, 0.952963
5, 543,1,253.629669, 263.125549, 459.011780, 214.429382,160.175308, 753.933044, 0.963911
5, 543,2,374.095459, 391.079987, 459.011780, 214.429382,160.175308, 753.933044, 0.956570
5, 543,3,753.933044, 797.362732, 459.011780, 214.429382,160.175308, 753.933044, 0.945533
5, 543,4,322.992737, 315.956848, 459.011780, 214.429382,160.175308, 753.933044, 1.022269
5, 543,5,660.879944, 683.197083, 459.011780, 214.429382,160.175308, 753.933044, 0.967334
5, 543,6,646.876343, 661.186157, 459.011780, 214.429382,160.175308, 753.933044, 0.978357
5, 543,7,160.175308, 175.924530, 459.011780, 214.429382,160.175308, 753.933044, 0.910477
5, 544,0,815.694641, 824.705627, 470.170654, 278.840088,81.539413, 820.935913, 0.989074
5, 544,1,448.212067, 463.100861, 470.170654, 278.840088,81.539413, 820.935913, 0.967850
5, 544,2,81.539413, 66.649597, 470.170654, 278.840088,81.539413, 820.935913, 1.223404
5, 544,3,669.446106, 676.336121, 470.170654, 278.840088,81.539413, 820.935913, 0.989813
5, 544,4,452.931793, 467.001129, 470.170654, 278.840088,81.539413, 820.935913, 0.969873
5, 544,5,257.824097, 259.967957, 470.170654, 278.840088,81.539413, 820.935913, 0.991753
5, 544,6,214.780670, 218.184067, 470.170654, 278.840088,81.539413, 820.935913, 0.984401
5, 544,7,820.935913, 836.054749, 470.170654, 278.840088,81.539413, 820.935913, 0.981916
5, 545,0,399.235291, 387.077026, 496.382080, 364.686432,27.376041, 981.077759, 1.031410
5, 545,1,615.942749, 587.743896, 496.382080, 364.686432,27.376041, 981.077759, 1.047978
5, 545,2,981.077759, 936.526245, 496.382080, 364.686432,27.376041, 981.077759, 1.047571
5, 545,3,214.989594, 215.377792, 496.382080, 364.686432,27.376041, 981.077759, 0.998198
5, 545,4,27.376041, 20.621475, 496.382080, 364.686432,27.376041, 981.077759, 1.327550
5, 545,5,835.520874, 800.700073, 496.382080, 364.686432,27.376041, 981.077759, 1.043488
5, 545,6,804.514893, 771.410583, 496.382080, 364.686432,27.376041, 981.077759, 1.042914
5, 545,7,92.399605, 92.543205, 496.382080, 364.686432,27.376041, 981.077759, 0.998448
5, 546,0,640.082581, 670.379944, 459.408173, 157.074707,127.108200, 640.082581, 0.954806
5, 546,1,550.595764, 568.678467, 459.408173, 157.074707,127.108200, 640.082581, 0.968202
5, 546,2,582.544250, 605.189209, 459.408173, 157.074707,127.108200, 640.082581, 0.962582
5, 546,3,417.458954, 429.873474, 459.408173, 157.074707,127.108200, 640.082581, 0.971121
5, 546,4,127.108200, 125.189148, 459.408173, 157.074707,127.108200, 640.082581, 1.015329
5, 546,5,505.105865, 544.346252, 459.408173, 157.074707,127.108200, 640.082581, 0.927913
5, 546,6,418.855072, 423.426056, 459.408173, 157.074707,127.108200, 640.082581, 0.989205
5, 546,7,433.514709, 444.917450, 459.408173, 157.074707,127.108200, 640.082581, 0.974371
5, 547,0,758.219971, 792.755371, 458.980530, 318.568146,60.792477, 833.701477, 0.956436
5, 547,1,745.756897, 787.953979, 458.980530, 318.568146,60.792477, 833.701477, 0.946447
5, 547,2,204.880264, 204.467438, 458.980530, 318.568146,60.792477, 833.701477, 1.002019
5, 547,3,77.492294, 98.417267, 458.980530, 318.568146,60.792477, 833.701477, 0.787385
5, 547,4,833.701477, 835.658264, 458.980530, 318.568146,60.792477, 833.701477, 0.997658
5, 547,5,379.574677, 397.755615, 458.980530, 318.568146,60.792477, 833.701477, 0.954291
5, 547,6,611.426147, 637.568787, 458.980530, 318.568146,60.792477, 833.701477, 0.958996
5, 547,7,60.792477, 57.423550, 458.980530, 318.568146,60.792477, 833.701477, 1.058668
5, 548,0,93.513939, 57.669048, 477.308868, 371.530060,51.776978, 1111.994385, 1.621562
5, 548,1,796.623779, 777.604248, 477.308868, 371.530060,51.776978, 1111.994385, 1.024459
5, 548,2,148.944122, 153.080811, 477.308868, 371.530060,51.776978, 1111.994385, 0.972977
5, 548,3,612.998108, 609.841614, 477.308868, 371.530060,51.776978, 1111.994385, 1.005176
5, 548,4,554.654358, 561.288452, 477.308868, 371.530060,51.776978, 1111.994385, 0.988181
5, 548,5,51.776978, 96.386330, 477.308868, 371.530060,51.776978, 1111.994385, 0.537182
5, 548,6,1111.994385, 1106.130127, 477.308868, 371.530060,51.776978, 1111.994385, 1.005302
5, 548,7,447.965302, 449.999268, 477.308868, 371.530060,51.776978, 1111.994385, 0.995480
5, 549,0,462.171478, 488.146149, 453.064880, 157.463440,208.257675, 672.867493, 0.946789
5, 549,1,260.889587, 274.594727, 453.064880, 157.463440,208.257675, 672.867493, 0.950090
5, 549,2,208.257675, 216.504807, 453.064880, 157.463440,208.257675, 672.867493, 0.961908
5, 549,3,586.965088, 599.047302, 453.064880, 157.463440,208.257675, 672.867493, 0.979831
5, 549,4,672.867493, 712.049744, 453.064880, 157.463440,208.257675, 672.867493, 0.944973
5, 549,5,551.377930, 590.617004, 453.064880, 157.463440,208.257675, 672.867493, 0.933563
5, 549,6,455.469543, 479.023956, 453.064880, 157.463440,208.257675, 672.867493, 0.950828
5, 549,7,426.520203, 452.016144, 453.064880, 157.463440,208.257675, 672.867493, 0.943595
5, 550,0,783.964539, 755.309814, 483.280273, 249.139633,219.770218, 841.457520, 1.037938
5, 550,1,219.770218, 210.972626, 483.280273, 249.139633,219.770218, 841.457520, 1.041700
5, 550,2,239.168045, 253.201340, 483.280273, 249.139633,219.770218, 841.457520, 0.944577
5, 550,3,631.029480, 627.696533, 483.280273, 249.139633,219.770218, 841.457520, 1.005310
5, 550,4,238.391373, 226.257004, 483.280273, 249.139633,219.770218, 841.457520, 1.053631
5, 550,5,414.398590, 412.956757, 483.280273, 249.139633,219.770218, 841.457520, 1.003492
5, 550,6,841.457520, 841.087708, 483.280273, 249.139633,219.770218, 841.457520, 1.000440
5, 550,7,498.062164, 484.517944, 483.280273, 249.139633,219.770218, 841.457520, 1.027954
5, 551,0,532.109253, 524.201172, 503.842560, 409.659637,56.317833, 1123.467041, 1.015086
5, 551,1,312.312744, 317.699127, 503.842560, 409.659637,56.317833, 1123.467041, 0.983046
5, 551,2,187.438141, 192.321655, 503.842560, 409.659637,56.317833, 1123.467041, 0.974608
5, 551,3,101.492569, 34.547798, 503.842560, 409.659637,56.317833, 1123.467041, 2.937743
5, 551,4,56.317833, 18.750370, 503.842560, 409.659637,56.317833, 1123.467041, 3.003558
5, 551,5,719.046448, 692.829468, 503.842560, 409.659637,56.317833, 1123.467041, 1.037840
5, 551,6,998.556274, 953.804382, 503.842560, 409.659637,56.317833, 1123.467041, 1.046919
5, 551,7,1123.467041, 1077.845825, 503.842560, 409.659637,56.317833, 1123.467041, 1.042326
5, 552,0,377.657104, 380.235535, 491.220428, 296.653015,93.554268, 947.258301, 0.993219
5, 552,1,668.710022, 664.717896, 491.220428, 296.653015,93.554268, 947.258301, 1.006006
5, 552,2,352.945313, 331.217041, 491.220428, 296.653015,93.554268, 947.258301, 1.065601
5, 552,3,841.434143, 804.012085, 491.220428, 296.653015,93.554268, 947.258301, 1.046544
5, 552,4,261.307526, 262.474426, 491.220428, 296.653015,93.554268, 947.258301, 0.995554
5, 552,5,947.258301, 897.584900, 491.220428, 296.653015,93.554268, 947.258301, 1.055341
5, 552,6,386.896637, 384.291229, 491.220428, 296.653015,93.554268, 947.258301, 1.006780
5, 552,7,93.554268, 87.466736, 491.220428, 296.653015,93.554268, 947.258301, 1.069598
5, 553,0,861.933411, 848.207397, 479.024933, 243.132797,89.552322, 861.933411, 1.016182
5, 553,1,581.636414, 570.099548, 479.024933, 243.132797,89.552322, 861.933411, 1.020237
5, 553,2,211.488235, 221.288651, 479.024933, 243.132797,89.552322, 861.933411, 0.955712
5, 553,3,498.086090, 505.194946, 479.024933, 243.132797,89.552322, 861.933411, 0.985928
5, 553,4,89.552322, 88.744339, 479.024933, 243.132797,89.552322, 861.933411, 1.009105
5, 553,5,656.514404, 660.249329, 479.024933, 243.132797,89.552322, 861.933411, 0.994343
5, 553,6,441.976807, 439.770691, 479.024933, 243.132797,89.552322, 861.933411, 1.005017
5, 553,7,491.011627, 478.445374, 479.024933, 243.132797,89.552322, 861.933411, 1.026265
5, 554,0,75.180908, 74.913071, 465.619293, 302.916473,75.180908, 840.820374, 1.003575
5, 554,1,239.803986, 236.426926, 465.619293, 302.916473,75.180908, 840.820374, 1.014284
5, 554,2,797.903198, 805.602905, 465.619293, 302.916473,75.180908, 840.820374, 0.990442
5, 554,3,102.203430, 97.274979, 465.619293, 302.916473,75.180908, 840.820374, 1.050665
5, 554,4,424.434814, 434.976685, 465.619293, 302.916473,75.180908, 840.820374, 0.975765
5, 554,5,573.220825, 605.214722, 465.619293, 302.916473,75.180908, 840.820374, 0.947136
5, 554,6,840.820374, 865.234741, 465.619293, 302.916473,75.180908, 840.820374, 0.971783
5, 554,7,671.386902, 692.356018, 465.619293, 302.916473,75.180908, 840.820374, 0.969713
5, 555,0,769.980164, 741.834351, 496.870575, 263.612030,21.989729, 769.980164, 1.037941
5, 555,1,372.061249, 372.496246, 496.870575, 263.612030,21.989729, 769.980164, 0.998832
5, 555,2,21.989729, 15.387621, 496.870575, 263.612030,21.989729, 769.980164, 1.429053
5, 555,3,748.063171, 722.882263, 496.870575, 263.612030,21.989729, 769.980164, 1.034834
5, 555,4,292.736694, 298.738312, 496.870575, 263.612030,21.989729, 769.980164, 0.979910
5, 555,5,563.524170, 514.314697, 496.870575, 263.612030,21.989729, 769.980164, 1.095680
5, 555,6,742.756409, 688.244202, 496.870575, 263.612030,21.989729, 769.980164, 1.079205
5, 555,7,463.853027, 458.102234, 496.870575, 263.612030,21.989729, 769.980164, 1.012554
5, 556,0,284.109344, 275.566467, 476.100067, 255.326935,126.227425, 811.214600, 1.031001
5, 556,1,521.085144, 519.781433, 476.100067, 255.326935,126.227425, 811.214600, 1.002508
5, 556,2,193.126160, 193.246094, 476.100067, 255.326935,126.227425, 811.214600, 0.999379
5, 556,3,480.506531, 477.294525, 476.100067, 255.326935,126.227425, 811.214600, 1.006730
5, 556,4,642.848022, 649.093567, 476.100067, 255.326935,126.227425, 811.214600, 0.990378
5, 556,5,749.683044, 756.097656, 476.100067, 255.326935,126.227425, 811.214600, 0.991516
5, 556,6,126.227425, 123.360191, 476.100067, 255.326935,126.227425, 811.214600, 1.023243
5, 556,7,811.214600, 817.560242, 476.100067, 255.326935,126.227425, 811.214600, 0.992238
5, 557,0,159.389053, 151.727051, 455.997986, 233.914642,159.389053, 773.886780, 1.050499
5, 557,1,654.786865, 703.898682, 455.997986, 233.914642,159.389053, 773.886780, 0.930229
5, 557,2,398.634430, 411.319336, 455.997986, 233.914642,159.389053, 773.886780, 0.969160
5, 557,3,395.409363, 434.309479, 455.997986, 233.914642,159.389053, 773.886780, 0.910432
5, 557,4,773.886780, 805.747131, 455.997986, 233.914642,159.389053, 773.886780, 0.960459
5, 557,5,703.449951, 725.009277, 455.997986, 233.914642,159.389053, 773.886780, 0.970263
5, 557,6,169.026108, 174.363052, 455.997986, 233.914642,159.389053, 773.886780, 0.969392
5, 557,7,393.401428, 405.626312, 455.997986, 233.914642,159.389053, 773.886780, 0.969862
5, 558,0,634.135071, 634.780029, 486.538696, 294.656372,81.586655, 894.232544, 0.998984
5, 558,1,425.799438, 424.756165, 486.538696, 294.656372,81.586655, 894.232544, 1.002456
5, 558,2,842.567688, 824.121216, 486.538696, 294.656372,81.586655, 894.232544, 1.022383
5, 558,3,520.753357, 525.806152, 486.538696, 294.656372,81.586655, 894.232544, 0.990390
5, 558,4,313.812622, 299.074921, 486.538696, 294.656372,81.586655, 894.232544, 1.049278
5, 558,5,81.586655, 51.338631, 486.538696, 294.656372,81.586655, 894.232544, 1.589186
5, 558,6,179.421906, 174.038345, 486.538696, 294.656372,81.586655, 894.232544, 1.030933
5, 558,7,894.232544, 878.084351, 486.538696, 294.656372,81.586655, 894.232544, 1.018390
5, 559,0,139.108902, 155.148331, 499.494812, 509.922028,36.994831, 1249.130249, 0.896619
5, 559,1,36.994831, 45.630260, 499.494812, 509.922028,36.994831, 1249.130249, 0.810752
5, 559,2,97.206345, 97.708031, 499.494812, 509.922028,36.994831, 1249.130249, 0.994865
5, 559,3,1249.130249, 1178.132813, 499.494812, 509.922028,36.994831, 1249.130249, 1.060263
5, 559,4,715.095398, 671.211243, 499.494812, 509.922028,36.994831, 1249.130249, 1.065381
5, 559,5,41.933907, 11.619557, 499.494812, 509.922028,36.994831, 1249.130249, 3.608907
5, 559,6,512.324341, 487.625458, 499.494812, 509.922028,36.994831, 1249.130249, 1.050651
5, 559,7,1204.164673, 1164.924316, 499.494812, 509.922028,36.994831, 1249.130249, 1.033685
5, 560,0,397.127930, 401.330841, 466.628845, 183.113083,196.738770, 682.546021, 0.989528
5, 560,1,600.261230, 619.863220, 466.628845, 183.113083,196.738770, 682.546021, 0.968377
5, 560,2,595.111816, 608.400635, 466.628845, 183.113083,196.738770, 682.546021, 0.978158
5, 560,3,196.738770, 199.492386, 466.628845, 183.113083,196.738770, 682.546021, 0.986197
5, 560,4,206.662827, 193.400726, 466.628845, 183.113083,196.738770, 682.546021, 1.068573
5, 560,5,550.891235, 551.390259, 466.628845, 183.113083,196.738770, 682.546021, 0.999095
5, 560,6,503.690643, 535.231018, 466.628845, 183.113083,196.738770, 682.546021, 0.941071
5, 560,7,682.546021, 702.891174, 466.628845, 183.113083,196.738770, 682.546021, 0.971055
5, 561,0,531.979736, 503.961609, 495.573181, 396.344635,101.586105, 1321.211670, 1.055596
5, 561,1,1321.211670, 1264.621338, 495.573181, 396.344635,101.586105, 1321.211670, 1.044749
5, 561,2,101.586105, 100.656265, 495.573181, 396.344635,101.586105, 1321.211670, 1.009238
5, 561,3,343.485901, 339.132050, 495.573181, 396.344635,101.586105, 1321.211670, 1.012838
5, 561,4,461.740601, 447.373322, 495.573181, 396.344635,101.586105, 1321.211670, 1.032115
5, 561,5,132.555359, 125.572365, 495.573181, 396.344635,101.586105, 1321.211670, 1.055609
5, 561,6,761.917358, 725.810730, 495.573181, 396.344635,101.586105, 1321.211670, 1.049747
5, 561,7,310.108978, 304.872437, 495.573181, 396.344635,101.586105, 1321.211670, 1.017176
5, 562,0,422.405853, 416.055878, 483.498352, 261.946686,96.120506, 923.647705, 1.015262
5, 562,1,806.831421, 801.398254, 483.498352, 261.946686,96.120506, 923.647705, 1.006780
5, 562,2,431.647797, 424.944427, 483.498352, 261.946686,96.120506, 923.647705, 1.015775
5, 562,3,96.120506, 90.949280, 483.498352, 261.946686,96.120506, 923.647705, 1.056858
5, 562,4,923.647705, 906.235474, 483.498352, 261.946686,96.120506, 923.647705, 1.019214
5, 562,5,406.404053, 398.873962, 483.498352, 261.946686,96.120506, 923.647705, 1.018878
5, 562,6,424.378326, 421.928619, 483.498352, 261.946686,96.120506, 923.647705, 1.005806
5, 562,7,356.551025, 351.613892, 483.498352, 261.946686,96.120506, 923.647705, 1.014041
5, 563,0,347.223663, 353.464783, 471.585449, 247.989227,76.745537, 949.977356, 0.982343
5, 563,1,461.186127, 455.206757, 471.585449, 247.989227,76.745537, 949.977356, 1.013136
5, 563,2,412.131042, 421.966034, 471.585449, 247.989227,76.745537, 949.977356, 0.976692
5, 563,3,581.137756, 583.548218, 471.585449, 247.989227,76.745537, 949.977356, 0.995869
5, 563,4,76.745537, 83.704735, 471.585449, 247.989227,76.745537, 949.977356, 0.916860
5, 563,5,557.645935, 556.743286, 471.585449, 247.989227,76.745537, 949.977356, 1.001621
5, 563,6,386.636475, 384.891113, 471.585449, 247.989227,76.745537, 949.977356, 1.004535
5, 563,7,949.977356, 972.475037, 471.585449, 247.989227,76.745537, 949.977356, 0.976866
5, 564,0,419.722931, 405.785706, 485.665985, 355.816101,54.513393, 983.598633, 1.034346
5, 564,1,54.513393, 71.349541, 485.665985, 355.816101,54.513393, 983.598633, 0.764033
5, 564,2,983.598633, 949.355591, 485.665985, 355.816101,54.513393, 983.598633, 1.036070
5, 564,3,78.084122, 88.317917, 485.665985, 355.816101,54.513393, 983.598633, 0.884125
5, 564,4,712.802551, 688.551025, 485.665985, 355.816101,54.513393, 983.598633, 1.035221
5, 564,5,351.571136, 348.938629, 485.665985, 355.816101,54.513393, 983.598633, 1.007544
5, 564,6,928.137573, 912.202759, 485.665985, 355.816101,54.513393, 983.598633, 1.017468
5, 564,7,356.897797, 347.499054, 485.665985, 355.816101,54.513393, 983.598633, 1.027047
5, 565,0,791.095703, 762.335938, 493.606232, 297.747223,168.558441, 880.611511, 1.037726
5, 565,1,449.758850, 433.988159, 493.606232, 297.747223,168.558441, 880.611511, 1.036339
5, 565,2,798.818909, 764.960876, 493.606232, 297.747223,168.558441, 880.611511, 1.044261
5, 565,3,473.537323, 457.950226, 493.606232, 297.747223,168.558441, 880.611511, 1.034037
5, 565,4,174.281769, 169.054047, 493.606232, 297.747223,168.558441, 880.611511, 1.030923
5, 565,5,880.611511, 844.539856, 493.606232, 297.747223,168.558441, 880.611511, 1.042712
5, 565,6,212.187592, 209.675186, 493.606232, 297.747223,168.558441, 880.611511, 1.011982
5, 565,7,168.558441, 169.495865, 493.606232, 297.747223,168.558441, 880.611511, 0.994469
5, 566,0,700.908630, 714.197693, 473.323425, 331.108093,20.270933, 859.292603, 0.981393
5, 566,1,859.292603, 862.419678, 473.323425, 331.108093,20.270933, 859.292603, 0.996374
5, 566,2,20.270933, 30.816809, 473.323425, 331.108093,20.270933, 859.292603, 0.657788
5, 566,3,360.777283, 362.111908, 473.323425, 331.108093,20.270933, 859.292603, 0.996314
5, 566,4,30.499210, 18.373680, 473.323425, 331.108093,20.270933, 859.292603, 1.659940
5, 566,5,851.171448, 806.569031, 473.323425, 331.108093,20.270933, 859.292603, 1.055299
5, 566,6,412.083282, 459.543976, 473.323425, 331.108093,20.270933, 859.292603, 0.896722
5, 566,7,551.584167, 557.967285, 473.323425, 331.108093,20.270933, 859.292603, 0.988560
5, 567,0,168.856247, 178.189209, 482.736420, 249.685867,168.856247, 770.096436, 0.947623
5, 567,1,770.096436, 764.767151, 482.736420, 249.685867,168.856247, 770.096436, 1.006968
5, 567,2,560.751038, 544.592834, 482.736420, 249.685867,168.856247, 770.096436, 1.029670
5, 567,3,765.745056, 763.528748, 482.736420, 249.685867,168.856247, 770.096436, 1.002903
5, 567,4,290.117950, 282.793945, 482.736420, 249.685867,168.856247, 770.096436, 1.025899
5, 567,5,183.765701, 189.214554, 482.736420, 249.685867,168.856247, 770.096436, 0.971203
5, 567,6,684.367065, 676.776001, 482.736420, 249.685867,168.856247, 770.096436, 1.011217
5, 567,7,438.192047, 412.137726, 482.736420, 249.685867,168.856247, 770.096436, 1.063218
5, 568,0,514.948425, 525.075073, 474.923187, 214.215271,58.273422, 801.857727, 0.980714
5, 568,1,507.696655, 515.840576, 474.923187, 214.215271,58.273422, 801.857727, 0.984212
5, 568,2,58.273422, 79.564903, 474.923187, 214.215271,58.273422, 801.857727, 0.732401
5, 568,3,801.857727, 802.305603, 474.923187, 214.215271,58.273422, 801.857727, 0.999442
5, 568,4,408.966431, 402.522949, 474.923187, 214.215271,58.273422, 801.857727, 1.016008
5, 568,5,374.797974, 367.309387, 474.923187, 214.215271,58.273422, 801.857727, 1.020388
5, 568,6,625.322144, 623.038940, 474.923187, 214.215271,58.273422, 801.857727, 1.003665
5, 568,7,507.522766, 496.342377, 474.923187, 214.215271,58.273422, 801.857727, 1.022526
5, 569,0,742.429016, 794.488037, 459.046600, 170.473480,247.326263, 742.429016, 0.934475
5, 569,1,483.966705, 492.769196, 459.046600, 170.473480,247.326263, 742.429016, 0.982137
5, 569,2,415.686157, 446.647186, 459.046600, 170.473480,247.326263, 742.429016, 0.930681
5, 569,3,247.326263, 246.275864, 459.046600, 170.473480,247.326263, 742.429016, 1.004265
5, 569,4,495.292084, 489.936310, 459.046600, 170.473480,247.326263, 742.429016, 1.010932
5, 569,5,248.202698, 258.371338, 459.046600, 170.473480,247.326263, 742.429016, 0.960643
5, 569,6,626.180176, 652.334167, 459.046600, 170.473480,247.326263, 742.429016, 0.959907
5, 569,7,413.289795, 431.177704, 459.046600, 170.473480,247.326263, 742.429016, 0.958514
5, 570,0,383.142792, 419.174194, 452.171631, 126.643700,205.638901, 574.210449, 0.914042
5, 570,1,531.075562, 545.906555, 452.171631, 126.643700,205.638901, 574.210449, 0.972832
5, 570,2,511.914093, 556.667786, 452.171631, 126.643700,205.638901, 574.210449, 0.919604
5, 570,3,362.061279, 393.503296, 452.171631, 126.643700,205.638901, 574.210449, 0.920097
5, 570,4,483.384979, 504.997314, 452.171631, 126.643700,205.638901, 574.210449, 0.957203
5, 570,5,574.210449, 587.842529, 452.171631, 126.643700,205.638901, 574.210449, 0.976810
5, 570,6,205.638901, 227.812759, 452.171631, 126.643700,205.638901, 574.210449, 0.902666
5, 570,7,565.945068, 576.095520, 452.171631, 126.643700,205.638901, 574.210449, 0.982381
5, 571,0,843.912659, 810.328064, 486.713104, 311.514679,64.045258, 930.901001, 1.041446
5, 571,1,107.549263, 116.416916, 486.713104, 311.514679,64.045258, 930.901001, 0.923828
5, 571,2,930.901001, 909.093933, 486.713104, 311.514679,64.045258, 930.901001, 1.023988
5, 571,3,64.045258, 67.868942, 486.713104, 311.514679,64.045258, 930.901001, 0.943661
5, 571,4,507.253571, 494.993927, 486.713104, 311.514679,64.045258, 930.901001, 1.024767
5, 571,5,453.470673, 448.783813, 486.713104, 311.514679,64.045258, 930.901001, 1.010443
5, 571,6,616.510803, 604.416687, 486.713104, 311.514679,64.045258, 930.901001, 1.020010
5, 571,7,370.061523, 360.097961, 486.713104, 311.514679,64.045258, 930.901001, 1.027669
5, 572,0,100.114433, 102.973969, 470.706818, 333.589783,66.336769, 944.758301, 0.972230
5, 572,1,335.776520, 343.108246, 470.706818, 333.589783,66.336769, 944.758301, 0.978631
5, 572,2,322.665161, 317.423309, 470.706818, 333.589783,66.336769, 944.758301, 1.016514
5, 572,3,583.458008, 584.773132, 470.706818, 333.589783,66.336769, 944.758301, 0.997751
5, 572,4,917.907349, 915.952759, 470.706818, 333.589783,66.336769, 944.758301, 1.002134
5, 572,5,944.758301, 940.413147, 470.706818, 333.589783,66.336769, 944.758301, 1.004620
5, 572,6,66.336769, 108.851807, 470.706818, 333.589783,66.336769, 944.758301, 0.609423
5, 572,7,494.638153, 498.503662, 470.706818, 333.589783,66.336769, 944.758301, 0.992246
5, 573,0,200.403900, 205.042191, 483.803162, 330.841278,74.401596, 804.261780, 0.977379
5, 573,1,74.401596, 68.682312, 483.803162, 330.841278,74.401596, 804.261780, 1.083272
5, 573,2,746.494995, 732.682373, 483.803162, 330.841278,74.401596, 804.261780, 1.018852
5, 573,3,141.531326, 141.659729, 483.803162, 330.841278,74.401596, 804.261780, 0.999094
5, 573,4,804.261780, 783.633057, 483.803162, 330.841278,74.401596, 804.261780, 1.026325
5, 573,5,795.967163, 782.214661, 483.803162, 330.841278,74.401596, 804.261780, 1.017581
5, 573,6,800.870178, 786.608887, 483.803162, 330.841278,74.401596, 804.261780, 1.018130
5, 573,7,306.494598, 311.476868, 483.803162, 330.841278,74.401596, 804.261780, 0.984004
5, 574,0,560.044250, 554.708923, 487.962921, 359.609222,135.823456, 1243.750854, 1.009618
5, 574,1,1243.750854, 1196.366333, 487.962921, 359.609222,135.823456, 1243.750854, 1.039607
5, 574,2,144.318069, 149.246323, 487.962921, 359.609222,135.823456, 1243.750854, 0.966979
5, 574,3,665.639282, 639.342834, 487.962921, 359.609222,135.823456, 1243.750854, 1.041130
5, 574,4,292.849945, 283.712128, 487.962921, 359.609222,135.823456, 1243.750854, 1.032208
5, 574,5,358.125183, 353.469147, 487.962921, 359.609222,135.823456, 1243.750854, 1.013172
5, 574,6,503.152313, 481.701202, 487.962921, 359.609222,135.823456, 1243.750854, 1.044532
5, 574,7,135.823456, 153.453140, 487.962921, 359.609222,135.823456, 1243.750854, 0.885114
5, 575,0,502.450409, 509.543243, 465.496704, 188.482315,149.663361, 654.629333, 0.986080
5, 575,1,149.663361, 145.184998, 465.496704, 188.482315,149.663361, 654.629333, 1.030846
5, 575,2,311.388367, 310.792572, 465.496704, 188.482315,149.663361, 654.629333, 1.001917
5, 575,3,506.479279, 541.174927, 465.496704, 188.482315,149.663361, 654.629333, 0.935888
5, 575,4,643.450684, 650.126160, 465.496704, 188.482315,149.663361, 654.629333, 0.989732
5, 575,5,642.856873, 651.831848, 465.496704, 188.482315,149.663361, 654.629333, 0.986231
5, 575,6,313.055115, 318.435974, 465.496704, 188.482315,149.663361, 654.629333, 0.983102
5, 575,7,654.629333, 684.910156, 465.496704, 188.482315,149.663361, 654.629333, 0.955789
5, 576,0,603.838928, 562.568237, 467.945251, 217.504761,166.169495, 880.389587, 1.073361
5, 576,1,280.797729, 284.691223, 467.945251, 217.504761,166.169495, 880.389587, 0.986324
5, 576,2,478.831085, 479.662384, 467.945251, 217.504761,166.169495, 880.389587, 0.998267
5, 576,3,166.169495, 219.663345, 467.945251, 217.504761,166.169495, 880.389587, 0.756473
5, 576,4,481.474976, 499.226929, 467.945251, 217.504761,166.169495, 880.389587, 0.964441
5, 576,5,346.428802, 352.979828, 467.945251, 217.504761,166.169495, 880.389587, 0.981441
5, 576,6,505.631226, 527.262024, 467.945251, 217.504761,166.169495, 880.389587, 0.958975
5, 576,7,880.389587, 885.945984, 467.945251, 217.504761,166.169495, 880.389587, 0.993728
5, 577,0,983.682190, 957.630859, 499.450409, 388.207062,63.861092, 1018.036316, 1.027204
5, 577,1,436.788177, 454.329773, 499.450409, 388.207062,63.861092, 1018.036316, 0.961390
5, 577,2,819.386230, 797.408142, 499.450409, 388.207062,63.861092, 1018.036316, 1.027562
5, 577,3,169.305695, 151.172729, 499.450409, 388.207062,63.861092, 1018.036316, 1.119949
5, 577,4,63.861092, 19.345825, 499.450409, 388.207062,63.861092, 1018.036316, 3.301027
5, 577,5,142.027130, 96.292122, 499.450409, 388.207062,63.861092, 1018.036316, 1.474961
5, 577,6,362.516510, 354.332428, 499.450409, 388.207062,63.861092, 1018.036316, 1.023097
5, 577,7,1018.036316, 981.488037, 499.450409, 388.207062,63.861092, 1018.036316, 1.037238
5, 578,0,611.701660, 610.611877, 474.840332, 312.888275,21.176779, 902.501282, 1.001785
5, 578,1,223.182526, 223.066116, 474.840332, 312.888275,21.176779, 902.501282, 1.000522
5, 578,2,21.176779, 16.112709, 474.840332, 312.888275,21.176779, 902.501282, 1.314290
5, 578,3,262.526825, 268.070923, 474.840332, 312.888275,21.176779, 902.501282, 0.979319
5, 578,4,902.501282, 906.810852, 474.840332, 312.888275,21.176779, 902.501282, 0.995248
5, 578,5,818.842224, 828.606323, 474.840332, 312.888275,21.176779, 902.501282, 0.988216
5, 578,6,639.193176, 644.155334, 474.840332, 312.888275,21.176779, 902.501282, 0.992297
5, 578,7,319.598022, 314.565704, 474.840332, 312.888275,21.176779, 902.501282, 1.015998
5, 579,0,725.686401, 718.040405, 485.689209, 249.250381,26.362928, 725.686401, 1.010648
5, 579,1,524.792664, 517.458618, 485.689209, 249.250381,26.362928, 725.686401, 1.014173
5, 579,2,692.800659, 672.787231, 485.689209, 249.250381,26.362928, 725.686401, 1.029747
5, 579,3,197.492569, 209.692307, 485.689209, 249.250381,26.362928, 725.686401, 0.941821
5, 579,4,598.317932, 590.202881, 485.689209, 249.250381,26.362928, 725.686401, 1.013750
5, 579,5,473.194427, 466.006714, 485.689209, 249.250381,26.362928, 725.686401, 1.015424
5, 579,6,646.866211, 625.421448, 485.689209, 249.250381,26.362928, 725.686401, 1.034289
5, 579,7,26.362928, 12.390526, 485.689209, 249.250381,26.362928, 725.686401, 2.127668
5, 580,0,604.997864, 603.680237, 478.290619, 367.489624,70.472794, 981.560486, 1.002183
5, 580,1,981.560486, 979.229431, 478.290619, 367.489624,70.472794, 981.560486, 1.002380
5, 580,2,830.335449, 834.557861, 478.290619, 367.489624,70.472794, 981.560486, 0.994941
5, 580,3,790.562439, 787.258667, 478.290619, 367.489624,70.472794, 981.560486, 1.004197
5, 580,4,152.954834, 156.778458, 478.290619, 367.489624,70.472794, 981.560486, 0.975611
5, 580,5,70.472794, 83.494576, 478.290619, 367.489624,70.472794, 981.560486, 0.844040
5, 580,6,86.011414, 57.264069, 478.290619, 367.489624,70.472794, 981.560486, 1.502014
5, 580,7,309.429352, 309.737061, 478.290619, 367.489624,70.472794, 981.560486, 0.999007
5, 581,0,112.153481, 113.705780, 463.646240, 256.063202,112.153481, 792.572449, 0.986348
5, 581,1,485.240936, 492.821381, 463.646240, 256.063202,112.153481, 792.572449, 0.984618
5, 581,2,770.205078, 783.828796, 463.646240, 256.063202,112.153481, 792.572449, 0.982619
5, 581,3,120.983109, 114.070946, 463.646240, 256.063202,112.153481, 792.572449, 1.060595
5, 581,4,418.975586, 441.490112, 463.646240, 256.063202,112.153481, 792.572449, 0.949003
5, 581,5,433.669647, 456.461731, 463.646240, 256.063202,112.153481, 792.572449, 0.950068
5, 581,6,575.369690, 591.023682, 463.646240, 256.063202,112.153481, 792.572449, 0.973514
5, 581,7,792.572449, 818.597351, 463.646240, 256.063202,112.153481, 792.572449, 0.968208
5, 582,0,251.412323, 272.821747, 458.045654, 191.925522,200.035095, 767.210632, 0.921526
5, 582,1,767.210632, 793.021118, 458.045654, 191.925522,200.035095, 767.210632, 0.967453
5, 582,2,200.035095, 198.993210, 458.045654, 191.925522,200.035095, 767.210632, 1.005236
5, 582,3,556.979553, 583.384460, 458.045654, 191.925522,200.035095, 767.210632, 0.954738
5, 582,4,328.255890, 327.829803, 458.045654, 191.925522,200.035095, 767.210632, 1.001300
5, 582,5,598.284058, 619.621399, 458.045654, 191.925522,200.035095, 767.210632, 0.965564
5, 582,6,534.176453, 569.343079, 458.045654, 191.925522,200.035095, 767.210632, 0.938233
5, 582,7,428.011383, 446.985199, 458.045654, 191.925522,200.035095, 767.210632, 0.957552
5, 583,0,276.735321, 268.454163, 488.428223, 243.990967,77.615822, 786.860352, 1.030848
5, 583,1,437.774628, 427.610474, 488.428223, 243.990967,77.615822, 786.860352, 1.023770
5, 583,2,77.615822, 81.719162, 488.428223, 243.990967,77.615822, 786.860352, 0.949787
5, 583,3,715.951965, 701.155823, 488.428223, 243.990967,77.615822, 786.860352, 1.021103
5, 583,4,572.729370, 563.020996, 488.428223, 243.990967,77.615822, 786.860352, 1.017243
5, 583,5,360.723877, 344.777832, 488.428223, 243.990967,77.615822, 786.860352, 1.046250
5, 583,6,786.860352, 767.884705, 488.428223, 243.990967,77.615822, 786.860352, 1.024712
5, 583,7,679.034546, 657.377014, 488.428223, 243.990967,77.615822, 786.860352, 1.032945
5, 584,0,647.872742, 666.051697, 466.178894, 238.197296,155.851334, 789.823608, 0.972706
5, 584,1,653.154968, 672.584106, 466.178894, 238.197296,155.851334, 789.823608, 0.971113
5, 584,2,443.269409, 439.920441, 466.178894, 238.197296,155.851334, 789.823608, 1.007613
5, 584,3,155.851334, 159.758102, 466.178894, 238.197296,155.851334, 789.823608, 0.975546
5, 584,4,258.126953, 247.076462, 466.178894, 238.197296,155.851334, 789.823608, 1.044725
5, 584,5,199.709152, 213.789169, 466.178894, 238.197296,155.851334, 789.823608, 0.934141
5, 584,6,581.622742, 596.558350, 466.178894, 238.197296,155.851334, 789.823608, 0.974964
5, 584,7,789.823608, 816.261536, 466.178894, 238.197296,155.851334, 789.823608, 0.967611
5, 585,0,228.207794, 229.743286, 501.983704, 439.516357,51.676086, 1250.149902, 0.993316
5, 585,1,139.360641, 142.049576, 501.983704, 439.516357,51.676086, 1250.149902, 0.981070
5, 585,2,250.248993, 251.266785, 501.983704, 439.516357,51.676086, 1250.149902, 0.995949
5, 585,3,51.676086, 14.617373, 501.983704, 439.516357,51.676086, 1250.149902, 3.535251
5, 585,4,1010.472229, 967.577576, 501.983704, 439.516357,51.676086, 1250.149902, 1.044332
5, 585,5,1250.149902, 1192.956299, 501.983704, 439.516357,51.676086, 1250.149902, 1.047943
5, 585,6,713.124939, 673.301880, 501.983704, 439.516357,51.676086, 1250.149902, 1.059146
5, 585,7,372.628967, 340.487518, 501.983704, 439.516357,51.676086, 1250.149902, 1.094398
5, 586,0,965.863159, 972.979309, 476.780396, 344.899567,83.347389, 965.863159, 0.992686
5, 586,1,648.641357, 642.135864, 476.780396, 344.899567,83.347389, 965.863159, 1.010131
5, 586,2,204.413284, 206.058792, 476.780396, 344.899567,83.347389, 965.863159, 0.992014
5, 586,3,102.736404, 84.703621, 476.780396, 344.899567,83.347389, 965.863159, 1.212893
5, 586,4,327.325684, 331.849670, 476.780396, 344.899567,83.347389, 965.863159, 0.986367
5, 586,5,612.207336, 627.849792, 476.780396, 344.899567,83.347389, 965.863159, 0.975086
5, 586,6,83.347389, 80.696190, 476.780396, 344.899567,83.347389, 965.863159, 1.032854
5, 586,7,869.708374, 865.726685, 476.780396, 344.899567,83.347389, 965.863159, 1.004599
5, 587,0,172.446304, 196.640335, 492.152100, 378.374847,47.364601, 1252.612305, 0.876963
5, 587,1,587.717957, 565.888184, 492.152100, 378.374847,47.364601, 1252.612305, 1.038576
5, 587,2,1252.612305, 1200.255493, 492.152100, 378.374847,47.364601, 1252.612305, 1.043621
5, 587,3,474.414337, 434.255920, 492.152100, 378.374847,47.364601, 1252.612305, 1.092476
5, 587,4,47.364601, 52.667564, 492.152100, 378.374847,47.364601, 1252.612305, 0.899313
5, 587,5,444.214691, 433.771942, 492.152100, 378.374847,47.364601, 1252.612305, 1.024074
5, 587,6,242.849472, 238.178711, 492.152100, 378.374847,47.364601, 1252.612305, 1.019610
5, 587,7,715.597534, 690.341980, 492.152100, 378.374847,47.364601, 1252.612305, 1.036584
5, 588,0,318.913818, 323.645630, 467.610016, 245.538040,89.727478, 787.412903, 0.985380
5, 588,1,600.807983, 610.859619, 467.610016, 245.538040,89.727478, 787.412903, 0.983545
5, 588,2,89.727478, 97.818405, 467.610016, 245.538040,89.727478, 787.412903, 0.917286
5, 588,3,592.256470, 607.711548, 467.610016, 245.538040,89.727478, 787.412903, 0.974568
5, 588,4,637.194031, 656.149841, 467.610016, 245.538040,89.727478, 787.412903, 0.971111
5, 588,5,787.412903, 791.990662, 467.610016, 245.538040,89.727478, 787.412903, 0.994220
5, 588,6,542.299805, 551.611206, 467.610016, 245.538040,89.727478, 787.412903, 0.983120
5, 588,7,172.267685, 172.213089, 467.610016, 245.538040,89.727478, 787.412903, 1.000317
5, 589,0,46.195358, 76.886818, 475.285950, 234.435364,46.195358, 786.451111, 0.600823
5, 589,1,526.162781, 526.520813, 475.285950, 234.435364,46.195358, 786.451111, 0.999320
5, 589,2,413.486053, 414.622284, 475.285950, 234.435364,46.195358, 786.451111, 0.997260
5, 589,3,672.880127, 668.641846, 475.285950, 234.435364,46.195358, 786.451111, 1.006339
5, 589,4,258.455414, 257.631531, 475.285950, 234.435364,46.195358, 786.451111, 1.003198
5, 589,5,562.480347, 558.944275, 475.285950, 234.435364,46.195358, 786.451111, 1.006326
5, 589,6,786.451111, 766.341736, 475.285950, 234.435364,46.195358, 786.451111, 1.026241
5, 589,7,536.176208, 542.410461, 475.285950, 234.435364,46.195358, 786.451111, 0.988506
5, 590,0,618.785828, 610.201843, 475.460022, 196.035080,180.585434, 727.184021, 1.014067
5, 590,1,180.585434, 177.503113, 475.460022, 196.035080,180.585434, 727.184021, 1.017365
5, 590,2,727.184021, 735.236023, 475.460022, 196.035080,180.585434, 727.184021, 0.989048
5, 590,3,320.647308, 310.053925, 475.460022, 196.035080,180.585434, 727.184021, 1.034166
5, 590,4,360.783173, 375.777374, 475.460022, 196.035080,180.585434, 727.184021, 0.960098
5, 590,5,440.370728, 438.635040, 475.460022, 196.035080,180.585434, 727.184021, 1.003957
5, 590,6,717.143982, 726.286560, 475.460022, 196.035080,180.585434, 727.184021, 0.987412
5, 590,7,438.179718, 438.306213, 475.460022, 196.035080,180.585434, 727.184021, 0.999711
5, 591,0,164.702560, 162.054169, 469.990112, 257.521912,27.559046, 819.407776, 1.016343
5, 591,1,573.490845, 585.446106, 469.990112, 257.521912,27.559046, 819.407776, 0.979579
5, 591,2,471.866974, 479.580139, 469.990112, 257.521912,27.559046, 819.407776, 0.983917
5, 591,3,654.092102, 658.145752, 469.990112, 257.521912,27.559046, 819.407776, 0.993841
5, 591,4,487.974152, 497.458282, 469.990112, 257.521912,27.559046, 819.407776, 0.980935
5, 591,5,560.827515, 570.050049, 469.990112, 257.521912,27.559046, 819.407776, 0.983822
5, 591,6,27.559046, 23.777325, 469.990112, 257.521912,27.559046, 819.407776, 1.159047
5, 591,7,819.407776, 835.488403, 469.990112, 257.521912,27.559046, 819.407776, 0.980753
5, 592,0,987.060669, 956.954712, 493.446747, 350.927307,66.741844, 1050.345093, 1.031460
5, 592,1,1050.345093, 1015.859680, 493.446747, 350.927307,66.741844, 1050.345093, 1.033947
5, 592,2,267.161499, 271.867371, 493.446747, 350.927307,66.741844, 1050.345093, 0.982691
5, 592,3,274.341980, 265.797150, 493.446747, 350.927307,66.741844, 1050.345093, 1.032148
5, 592,4,507.497894, 482.019196, 493.446747, 350.927307,66.741844, 1050.345093, 1.052858
5, 592,5,461.442200, 452.041077, 493.446747, 350.927307,66.741844, 1050.345093, 1.020797
5, 592,6,66.741844, 48.523872, 493.446747, 350.927307,66.741844, 1050.345093, 1.375443
5, 592,7,332.982635, 318.937073, 493.446747, 350.927307,66.741844, 1050.345093, 1.044039
5, 593,0,203.009277, 184.524979, 477.677612, 391.675415,102.161186, 1215.020142, 1.100172
5, 593,1,409.371643, 401.831299, 477.677612, 391.675415,102.161186, 1215.020142, 1.018765
5, 593,2,147.460526, 151.986420, 477.677612, 391.675415,102.161186, 1215.020142, 0.970222
5, 593,3,512.921326, 511.014282, 477.677612, 391.675415,102.161186, 1215.020142, 1.003732
5, 593,4,332.308228, 327.880066, 477.677612, 391.675415,102.161186, 1215.020142, 1.013505
5, 593,5,1215.020142, 1198.518311, 477.677612, 391.675415,102.161186, 1215.020142, 1.013769
5, 593,6,899.168640, 911.145752, 477.677612, 391.675415,102.161186, 1215.020142, 0.986855
5, 593,7,102.161186, 125.099075, 477.677612, 391.675415,102.161186, 1215.020142, 0.816642
5, 594,0,497.241882, 514.636597, 457.949677, 195.455872,158.864410, 641.579773, 0.966200
5, 594,1,497.973938, 509.493652, 457.949677, 195.455872,158.864410, 641.579773, 0.977390
5, 594,2,162.255356, 168.374756, 457.949677, 195.455872,158.864410, 641.579773, 0.963656
5, 594,3,641.579773, 682.822388, 457.949677, 195.455872,158.864410, 641.579773, 0.939600
5, 594,4,634.055420, 648.826477, 457.949677, 195.455872,158.864410, 641.579773, 0.977234
5, 594,5,158.864410, 163.548340, 457.949677, 195.455872,158.864410, 641.579773, 0.971361
5, 594,6,608.371216, 632.791260, 457.949677, 195.455872,158.864410, 641.579773, 0.961409
5, 594,7,463.255127, 491.506714, 457.949677, 195.455872,158.864410, 641.579773, 0.942520
5, 595,0,52.463398, 50.740818, 487.196442, 442.116364,42.941368, 1204.091431, 1.033949
5, 595,1,42.941368, 50.034809, 487.196442, 442.116364,42.941368, 1204.091431, 0.858230
5, 595,2,253.022888, 259.262360, 487.196442, 442.116364,42.941368, 1204.091431, 0.975934
5, 595,3,781.102234, 755.835205, 487.196442, 442.116364,42.941368, 1204.091431, 1.033429
5, 595,4,878.542419, 863.106873, 487.196442, 442.116364,42.941368, 1204.091431, 1.017884
5, 595,5,599.461121, 573.768127, 487.196442, 442.116364,42.941368, 1204.091431, 1.044779
5, 595,6,1204.091431, 1162.786499, 487.196442, 442.116364,42.941368, 1204.091431, 1.035522
5, 595,7,85.946594, 96.465218, 487.196442, 442.116364,42.941368, 1204.091431, 0.890959
5, 596,0,636.093750, 628.618469, 483.448975, 313.563110,122.751755, 926.167419, 1.011892
5, 596,1,170.315262, 178.680832, 483.448975, 313.563110,122.751755, 926.167419, 0.953182
5, 596,2,800.316956, 795.974915, 483.448975, 313.563110,122.751755, 926.167419, 1.005455
5, 596,3,122.751755, 118.518181, 483.448975, 313.563110,122.751755, 926.167419, 1.035721
5, 596,4,313.911499, 311.743134, 483.448975, 313.563110,122.751755, 926.167419, 1.006956
5, 596,5,682.767517, 659.277466, 483.448975, 313.563110,122.751755, 926.167419, 1.035630
5, 596,6,926.167419, 910.410645, 483.448975, 313.563110,122.751755, 926.167419, 1.017307
5, 596,7,215.267532, 208.776245, 483.448975, 313.563110,122.751755, 926.167419, 1.031092
5, 597,0,83.866951, 75.771339, 480.902466, 417.264191,53.522511, 1119.698120, 1.106843
5, 597,1,308.648132, 305.334229, 480.902466, 417.264191,53.522511, 1119.698120, 1.010853
5, 597,2,275.118256, 270.127502, 480.902466, 417.264191,53.522511, 1119.698120, 1.018476
5, 597,3,1119.698120, 1109.667114, 480.902466, 417.264191,53.522511, 1119.698120, 1.009040
5, 597,4,1101.702148, 1094.960083, 480.902466, 417.264191,53.522511, 1119.698120, 1.006157
5, 597,5,376.926910, 375.953186, 480.902466, 417.264191,53.522511, 1119.698120, 1.002590
5, 597,6,53.522511, 57.407948, 480.902466, 417.264191,53.522511, 1119.698120, 0.932319
5, 597,7,527.736511, 522.778137, 480.902466, 417.264191,53.522511, 1119.698120, 1.009485
5, 598,0,693.377808, 686.750122, 480.989868, 297.195892,61.196583, 1076.616699, 1.009651
5, 598,1,415.400330, 406.250580, 480.989868, 297.195892,61.196583, 1076.616699, 1.022522
5, 598,2,345.576447, 341.347443, 480.989868, 297.195892,61.196583, 1076.616699, 1.012389
5, 598,3,473.300079, 469.659180, 480.989868, 297.195892,61.196583, 1076.616699, 1.007752
5, 598,4,1076.616699, 1062.113647, 480.989868, 297.195892,61.196583, 1076.616699, 1.013655
5, 598,5,432.202728, 430.695953, 480.989868, 297.195892,61.196583, 1076.616699, 1.003498
5, 598,6,61.196583, 61.808620, 480.989868, 297.195892,61.196583, 1076.616699, 0.990098
5, 598,7,350.248566, 353.374481, 480.989868, 297.195892,61.196583, 1076.616699, 0.991154
5, 599,0,552.770874, 578.013245, 457.404053, 191.758743,224.263870, 674.565613, 0.956329
5, 599,1,224.263870, 236.935669, 457.404053, 191.758743,224.263870, 674.565613, 0.946518
5, 599,2,574.223083, 579.630859, 457.404053, 191.758743,224.263870, 674.565613, 0.990670
5, 599,3,537.556152, 565.366211, 457.404053, 191.758743,224.263870, 674.565613, 0.950811
5, 599,4,230.736374, 248.577789, 457.404053, 191.758743,224.263870, 674.565613, 0.928226
5, 599,5,240.064499, 255.146439, 457.404053, 191.758743,224.263870, 674.565613, 0.940889
5, 599,6,674.565613, 700.978638, 457.404053, 191.758743,224.263870, 674.565613, 0.962320
5, 599,7,625.052002, 647.351318, 457.404053, 191.758743,224.263870, 674.565613, 0.965553
5, 600,0,531.466492, 540.318726, 485.838623, 186.242310,140.287506, 782.520447, 0.983617
5, 600,1,782.520447, 758.886414, 485.838623, 186.242310,140.287506, 782.520447, 1.031143
5, 600,2,496.740692, 497.360077, 485.838623, 186.242310,140.287506, 782.520447, 0.998755
5, 600,3,352.794006, 354.211761, 485.838623, 186.242310,140.287506, 782.520447, 0.995997
5, 600,4,140.287506, 96.908104, 485.838623, 186.242310,140.287506, 782.520447, 1.447634
5, 600,5,590.358398, 583.843567, 485.838623, 186.242310,140.287506, 782.520447, 1.011158
5, 600,6,449.719482, 442.724060, 485.838623, 186.242310,140.287506, 782.520447, 1.015801
5, 600,7,542.821838, 537.747314, 485.838623, 186.242310,140.287506, 782.520447, 1.009437
5, 601,0,906.254333, 896.080688, 478.998169, 298.356934,122.037544, 906.254333, 1.011353
5, 601,1,249.305054, 251.582001, 478.998169, 298.356934,122.037544, 906.254333, 0.990950
5, 601,2,433.430542, 434.489410, 478.998169, 298.356934,122.037544, 906.254333, 0.997563
5, 601,3,200.547058, 198.815536, 478.998169, 298.356934,122.037544, 906.254333, 1.008709
5, 601,4,122.037544, 129.327515, 478.998169, 298.356934,122.037544, 906.254333, 0.943632
5, 601,5,857.985352, 847.542053, 478.998169, 298.356934,122.037544, 906.254333, 1.012322
5, 601,6,405.326111, 403.322815, 478.998169, 298.356934,122.037544, 906.254333, 1.004967
5, 601,7,657.099426, 650.839966, 478.998169, 298.356934,122.037544, 906.254333, 1.009618
5, 602,0,335.638641, 341.132019, 480.795776, 206.644562,244.883484, 807.970093, 0.983897
5, 602,1,807.970093, 799.510742, 480.795776, 206.644562,244.883484, 807.970093, 1.010581
5, 602,2,244.883484, 240.733780, 480.795776, 206.644562,244.883484, 807.970093, 1.017238
5, 602,3,385.852417, 374.818115, 480.795776, 206.644562,244.883484, 807.970093, 1.029439
5, 602,4,585.561218, 581.105713, 480.795776, 206.644562,244.883484, 807.970093, 1.007667
5, 602,5,246.502655, 243.188950, 480.795776, 206.644562,244.883484, 807.970093, 1.013626
5, 602,6,592.424805, 582.689697, 480.795776, 206.644562,244.883484, 807.970093, 1.016707
5, 602,7,647.532898, 648.821045, 480.795776, 206.644562,244.883484, 807.970093, 0.998015
5, 603,0,348.319855, 374.108917, 453.053772, 134.460281,325.724731, 682.667175, 0.931065
5, 603,1,346.723083, 356.876007, 453.053772, 134.460281,325.724731, 682.667175, 0.971551
5, 603,2,396.854279, 400.568176, 453.053772, 134.460281,325.724731, 682.667175, 0.990728
5, 603,3,392.675568, 408.153320, 453.053772, 134.460281,325.724731, 682.667175, 0.962079
5, 603,4,682.667175, 715.817261, 453.053772, 134.460281,325.724731, 682.667175, 0.953689
5, 603,5,526.048950, 559.878296, 453.053772, 134.460281,325.724731, 682.667175, 0.939577
5, 603,6,325.724731, 355.589630, 453.053772, 134.460281,325.724731, 682.667175, 0.916013
5, 603,7,605.416382, 641.008301, 453.053772, 134.460281,325.724731, 682.667175, 0.944475
5, 604,0,191.677734, 193.683243, 492.548676, 273.686737,117.285995, 809.383240, 0.989645
5, 604,1,529.808594, 486.832703, 492.548676, 273.686737,117.285995, 809.383240, 1.088277
5, 604,2,809.383240, 791.267090, 492.548676, 273.686737,117.285995, 809.383240, 1.022895
5, 604,3,359.685028, 360.322906, 492.548676, 273.686737,117.285995, 809.383240, 0.998230
5, 604,4,381.183960, 374.190155, 492.548676, 273.686737,117.285995, 809.383240, 1.018690
5, 604,5,755.323792, 703.286011, 492.548676, 273.686737,117.285995, 809.383240, 1.073992
5, 604,6,117.285995, 117.297035, 492.548676, 273.686737,117.285995, 809.383240, 0.999906
5, 604,7,796.041016, 785.121033, 492.548676, 273.686737,117.285995, 809.383240, 1.013909
5, 605,0,669.118408, 644.943298, 490.024353, 354.133209,55.503895, 1093.607300, 1.037484
5, 605,1,55.503895, 71.110641, 490.024353, 354.133209,55.503895, 1093.607300, 0.780529
5, 605,2,451.729065, 434.548126, 490.024353, 354.133209,55.503895, 1093.607300, 1.039537
5, 605,3,810.050293, 777.109314, 490.024353, 354.133209,55.503895, 1093.607300, 1.042389
5, 605,4,280.094055, 265.070496, 490.024353, 354.133209,55.503895, 1093.607300, 1.056678
5, 605,5,111.906708, 115.216576, 490.024353, 354.133209,55.503895, 1093.607300, 0.971273
5, 605,6,448.185364, 442.974548, 490.024353, 354.133209,55.503895, 1093.607300, 1.011763
5, 605,7,1093.607300, 1061.027100, 490.024353, 354.133209,55.503895, 1093.607300, 1.030706
5, 606,0,11.685052, 22.459530, 468.299957, 303.751770,11.685052, 922.744934, 0.520271
5, 606,1,573.720520, 573.361389, 468.299957, 303.751770,11.685052, 922.744934, 1.000626
5, 606,2,922.744934, 945.523621, 468.299957, 303.751770,11.685052, 922.744934, 0.975909
5, 606,3,98.238602, 99.122704, 468.299957, 303.751770,11.685052, 922.744934, 0.991081
5, 606,4,726.050171, 720.757935, 468.299957, 303.751770,11.685052, 922.744934, 1.007343
5, 606,5,396.450531, 413.116974, 468.299957, 303.751770,11.685052, 922.744934, 0.959657
5, 606,6,571.639526, 576.255615, 468.299957, 303.751770,11.685052, 922.744934, 0.991989
5, 606,7,445.870270, 461.402039, 468.299957, 303.751770,11.685052, 922.744934, 0.966338
5, 607,0,148.640823, 149.588791, 464.293152, 261.511139,106.042648, 774.402649, 0.993663
5, 607,1,546.980957, 563.300354, 464.293152, 261.511139,106.042648, 774.402649, 0.971029
5, 607,2,774.402649, 793.632690, 464.293152, 261.511139,106.042648, 774.402649, 0.975770
5, 607,3,626.964417, 644.123474, 464.293152, 261.511139,106.042648, 774.402649, 0.973361
5, 607,4,106.042648, 100.905716, 464.293152, 261.511139,106.042648, 774.402649, 1.050908
5, 607,5,578.312073, 593.115662, 464.293152, 261.511139,106.042648, 774.402649, 0.975041
5, 607,6,233.842682, 251.739456, 464.293152, 261.511139,106.042648, 774.402649, 0.928908
5, 607,7,699.158936, 715.593811, 464.293152, 261.511139,106.042648, 774.402649, 0.977033
5, 608,0,929.668579, 879.369324, 491.782776, 303.839905,97.625473, 929.668579, 1.057199
5, 608,1,97.625473, 52.433853, 491.782776, 303.839905,97.625473, 929.668579, 1.861879
5, 608,2,669.482361, 658.750916, 491.782776, 303.839905,97.625473, 929.668579, 1.016291
5, 608,3,226.089752, 235.111984, 491.782776, 303.839905,97.625473, 929.668579, 0.961626
5, 608,4,763.623108, 746.793823, 491.782776, 303.839905,97.625473, 929.668579, 1.022535
5, 608,5,455.109680, 467.838959, 491.782776, 303.839905,97.625473, 929.668579, 0.972791
5, 608,6,168.853134, 160.388596, 491.782776, 303.839905,97.625473, 929.668579, 1.052775
5, 608,7,623.810242, 611.312195, 491.782776, 303.839905,97.625473, 929.668579, 1.020445
5, 609,0,506.076599, 504.696350, 483.072388, 334.439636,72.992500, 888.385498, 1.002735
5, 609,1,888.385498, 888.028259, 483.072388, 334.439636,72.992500, 888.385498, 1.000402
5, 609,2,798.537903, 773.794006, 483.072388, 334.439636,72.992500, 888.385498, 1.031977
5, 609,3,140.672333, 142.607437, 483.072388, 334.439636,72.992500, 888.385498, 0.986431
5, 609,4,868.256775, 862.508423, 483.072388, 334.439636,72.992500, 888.385498, 1.006665
5, 609,5,211.219269, 219.110626, 483.072388, 334.439636,72.992500, 888.385498, 0.963985
5, 609,6,378.438293, 387.423279, 483.072388, 334.439636,72.992500, 888.385498, 0.976808
5, 609,7,72.992500, 33.831635, 483.072388, 334.439636,72.992500, 888.385498, 2.157522
5, 610,0,1057.687134, 1030.262695, 487.273865, 312.917908,85.862305, 1057.687134, 1.026619
5, 610,1,85.862305, 50.213261, 487.273865, 312.917908,85.862305, 1057.687134, 1.709953
5, 610,2,305.459900, 290.548645, 487.273865, 312.917908,85.862305, 1057.687134, 1.051321
5, 610,3,710.253235, 706.178894, 487.273865, 312.917908,85.862305, 1057.687134, 1.005770
5, 610,4,325.869385, 323.313721, 487.273865, 312.917908,85.862305, 1057.687134, 1.007905
5, 610,5,380.862762, 380.766205, 487.273865, 312.917908,85.862305, 1057.687134, 1.000254
5, 610,6,712.450073, 697.122131, 487.273865, 312.917908,85.862305, 1057.687134, 1.021987
5, 610,7,319.746155, 333.594330, 487.273865, 312.917908,85.862305, 1057.687134, 0.958488
5, 611,0,651.984680, 677.611816, 457.497589, 250.277161,41.134296, 763.729980, 0.962180
5, 611,1,420.489441, 425.971069, 457.497589, 250.277161,41.134296, 763.729980, 0.987131
5, 611,2,487.130768, 512.520142, 457.497589, 250.277161,41.134296, 763.729980, 0.950462
5, 611,3,651.833191, 674.664673, 457.497589, 250.277161,41.134296, 763.729980, 0.966159
5, 611,4,41.134296, 51.064159, 457.497589, 250.277161,41.134296, 763.729980, 0.805541
5, 611,5,153.482025, 156.057739, 457.497589, 250.277161,41.134296, 763.729980, 0.983495
5, 611,6,763.729980, 806.060059, 457.497589, 250.277161,41.134296, 763.729980, 0.947485
5, 611,7,490.196503, 508.050262, 457.497589, 250.277161,41.134296, 763.729980, 0.964858
5, 612,0,149.756058, 140.479919, 470.329712, 267.315033,149.756058, 826.914246, 1.066032
5, 612,1,309.373840, 315.204132, 470.329712, 267.315033,149.756058, 826.914246, 0.981503
5, 612,2,761.074036, 791.410095, 470.329712, 267.315033,149.756058, 826.914246, 0.961668
5, 612,3,260.256714, 258.388580, 470.329712, 267.315033,149.756058, 826.914246, 1.007230
5, 612,4,826.914246, 854.527649, 470.329712, 267.315033,149.756058, 826.914246, 0.967686
5, 612,5,760.237854, 768.226746, 470.329712, 267.315033,149.756058, 826.914246, 0.989601
5, 612,6,374.868774, 375.578857, 470.329712, 267.315033,149.756058, 826.914246, 0.998109
5, 612,7,320.156372, 308.183807, 470.329712, 267.315033,149.756058, 826.914246, 1.038849
5, 613,0,586.181213, 551.505432, 505.429413, 394.950897,120.876900, 1256.071411, 1.062875
5, 613,1,219.265320, 216.280487, 505.429413, 394.950897,120.876900, 1256.071411, 1.013801
5, 613,2,846.556091, 813.720520, 505.429413, 394.950897,120.876900, 1256.071411, 1.040352
5, 613,3,1256.071411, 1188.685425, 505.429413, 394.950897,120.876900, 1256.071411, 1.056690
5, 613,4,193.949280, 142.734665, 505.429413, 394.950897,120.876900, 1256.071411, 1.358810
5, 613,5,236.126831, 237.720184, 505.429413, 394.950897,120.876900, 1256.071411, 0.993297
5, 613,6,584.407898, 563.603577, 505.429413, 394.950897,120.876900, 1256.071411, 1.036913
5, 613,7,120.876900, 97.749611, 505.429413, 394.950897,120.876900, 1256.071411, 1.236597
5, 614,0,977.249573, 927.580200, 489.671234, 382.194550,50.108391, 1118.773438, 1.053547
5, 614,1,349.923279, 342.857697, 489.671234, 382.194550,50.108391, 1118.773438, 1.020608
5, 614,2,629.433167, 617.184082, 489.671234, 382.194550,50.108391, 1118.773438, 1.019847
5, 614,3,314.297241, 323.544037, 489.671234, 382.194550,50.108391, 1118.773438, 0.971420
5, 614,4,50.108391, 65.055466, 489.671234, 382.194550,50.108391, 1118.773438, 0.770241
5, 614,5,232.018631, 226.778854, 489.671234, 382.194550,50.108391, 1118.773438, 1.023105
5, 614,6,245.566223, 247.535339, 489.671234, 382.194550,50.108391, 1118.773438, 0.992045
5, 614,7,1118.773438, 1061.464355, 489.671234, 382.194550,50.108391, 1118.773438, 1.053991
5, 615,0,104.977524, 82.245590, 466.319214, 288.830627,84.405731, 844.521545, 1.276391
5, 615,1,706.472717, 703.813782, 466.319214, 288.830627,84.405731, 844.521545, 1.003778
5, 615,2,268.133057, 282.885742, 466.319214, 288.830627,84.405731, 844.521545, 0.947849
5, 615,3,510.151123, 524.218628, 466.319214, 288.830627,84.405731, 844.521545, 0.973165
5, 615,4,84.405731, 88.416443, 466.319214, 288.830627,84.405731, 844.521545, 0.954638
5, 615,5,721.347778, 752.540344, 466.319214, 288.830627,84.405731, 844.521545, 0.958550
5, 615,6,490.544464, 503.144562, 466.319214, 288.830627,84.405731, 844.521545, 0.974957
5, 615,7,844.521545, 874.734863, 466.319214, 288.830627,84.405731, 844.521545, 0.965460
5, 616,0,153.795242, 155.189682, 459.794037, 208.878723,153.795242, 817.168884, 0.991015
5, 616,1,817.168884, 842.159180, 459.794037, 208.878723,153.795242, 817.168884, 0.970326
5, 616,2,223.819748, 214.266312, 459.794037, 208.878723,153.795242, 817.168884, 1.044587
5, 616,3,543.699646, 588.602478, 459.794037, 208.878723,153.795242, 817.168884, 0.923713
5, 616,4,590.455994, 606.847961, 459.794037, 208.878723,153.795242, 817.168884, 0.972988
5, 616,5,468.229004, 494.831818, 459.794037, 208.878723,153.795242, 817.168884, 0.946239
5, 616,6,399.028625, 414.994110, 459.794037, 208.878723,153.795242, 817.168884, 0.961528
5, 616,7,482.155243, 495.108276, 459.794037, 208.878723,153.795242, 817.168884, 0.973838
5, 617,0,1162.169189, 1140.119141, 494.933319, 352.721344,88.717026, 1162.169189, 1.019340
5, 617,1,770.927734, 776.508972, 494.933319, 352.721344,88.717026, 1162.169189, 0.992812
5, 617,2,178.349930, 170.180023, 494.933319, 352.721344,88.717026, 1162.169189, 1.048007
5, 617,3,239.018829, 223.477356, 494.933319, 352.721344,88.717026, 1162.169189, 1.069544
5, 617,4,585.517151, 561.735229, 494.933319, 352.721344,88.717026, 1162.169189, 1.042337
5, 617,5,88.717026, 59.264004, 494.933319, 352.721344,88.717026, 1162.169189, 1.496980
5, 617,6,534.679077, 499.579010, 494.933319, 352.721344,88.717026, 1162.169189, 1.070259
5, 617,7,400.087616, 381.136566, 494.933319, 352.721344,88.717026, 1162.169189, 1.049722
5, 618,0,155.270126, 151.454956, 481.109283, 251.954010,155.270126, 886.186707, 1.025190
5, 618,1,886.186707, 864.341064, 481.109283, 251.954010,155.270126, 886.186707, 1.025274
5, 618,2,427.289764, 430.665039, 481.109283, 251.954010,155.270126, 886.186707, 0.992163
5, 618,3,459.592255, 454.127838, 481.109283, 251.954010,155.270126, 886.186707, 1.012033
5, 618,4,284.590790, 281.224762, 481.109283, 251.954010,155.270126, 886.186707, 1.011969
5, 618,5,282.166962, 284.215424, 481.109283, 251.954010,155.270126, 886.186707, 0.992793
5, 618,6,766.025146, 756.338257, 481.109283, 251.954010,155.270126, 886.186707, 1.012808
5, 618,7,587.752502, 589.632324, 481.109283, 251.954010,155.270126, 886.186707, 0.996812
5, 619,0,745.565125, 758.245361, 471.520935, 261.642944,65.720154, 775.886169, 0.983277
5, 619,1,531.249390, 540.858887, 471.520935, 261.642944,65.720154, 775.886169, 0.982233
5, 619,2,65.720154, 58.255077, 471.520935, 261.642944,65.720154, 775.886169, 1.128145
5, 619,3,475.271790, 486.293579, 471.520935, 261.642944,65.720154, 775.886169, 0.977335
5, 619,4,331.118866, 329.994812, 471.520935, 261.642944,65.720154, 775.886169, 1.003406
5, 619,5,179.839645, 169.003128, 471.520935, 261.642944,65.720154, 775.886169, 1.064120
5, 619,6,775.886169, 796.796387, 471.520935, 261.642944,65.720154, 775.886169, 0.973757
5, 619,7,667.516418, 672.552795, 471.520935, 261.642944,65.720154, 775.886169, 0.992512
5, 620,0,50.871864, 51.694492, 472.186523, 275.379547,50.871864, 802.669678, 0.984087
5, 620,1,372.909088, 374.610718, 472.186523, 275.379547,50.871864, 802.669678, 0.995458
5, 620,2,191.786667, 201.574127, 472.186523, 275.379547,50.871864, 802.669678, 0.951445
5, 620,3,777.984436, 791.764282, 472.186523, 275.379547,50.871864, 802.669678, 0.982596
5, 620,4,714.464294, 711.147034, 472.186523, 275.379547,50.871864, 802.669678, 1.004665
5, 620,5,419.035736, 427.839020, 472.186523, 275.379547,50.871864, 802.669678, 0.979424
5, 620,6,447.770416, 449.327026, 472.186523, 275.379547,50.871864, 802.669678, 0.996536
5, 620,7,802.669678, 804.043152, 472.186523, 275.379547,50.871864, 802.669678, 0.998292
5, 621,0,401.591766, 395.158081, 486.300171, 303.931641,113.605804, 908.531738, 1.016281
5, 621,1,209.494904, 218.424820, 486.300171, 303.931641,113.605804, 908.531738, 0.959117
5, 621,2,466.970978, 455.799805, 486.300171, 303.931641,113.605804, 908.531738, 1.024509
5, 621,3,113.605804, 113.755516, 486.300171, 303.931641,113.605804, 908.531738, 0.998684
5, 621,4,908.531738, 874.393921, 486.300171, 303.931641,113.605804, 908.531738, 1.039042
5, 621,5,254.186340, 257.385040, 486.300171, 303.931641,113.605804, 908.531738, 0.987572
5, 621,6,640.196045, 632.408508, 486.300171, 303.931641,113.605804, 908.531738, 1.012314
5, 621,7,895.823608, 864.674683, 486.300171, 303.931641,113.605804, 908.531738, 1.036024
5, 622,0,463.151398, 430.868103, 498.100067, 355.779541,128.258316, 1074.598511, 1.074926
5, 622,1,1074.598511, 1035.504761, 498.100067, 355.779541,128.258316, 1074.598511, 1.037753
5, 622,2,128.258316, 118.817612, 498.100067, 355.779541,128.258316, 1074.598511, 1.079455
5, 622,3,437.190186, 429.496429, 498.100067, 355.779541,128.258316, 1074.598511, 1.017913
5, 622,4,169.821243, 172.573242, 498.100067, 355.779541,128.258316, 1074.598511, 0.984053
5, 622,5,132.082581, 119.274818, 498.100067, 355.779541,128.258316, 1074.598511, 1.107380
5, 622,6,786.850464, 752.650757, 498.100067, 355.779541,128.258316, 1074.598511, 1.045439
5, 622,7,792.847839, 752.814026, 498.100067, 355.779541,128.258316, 1074.598511, 1.053179
5, 623,0,440.049408, 444.133148, 466.407776, 184.652298,260.567352, 776.241272, 0.990805
5, 623,1,260.567352, 246.521164, 466.407776, 184.652298,260.567352, 776.241272, 1.056978
5, 623,2,593.186096, 613.413025, 466.407776, 184.652298,260.567352, 776.241272, 0.967026
5, 623,3,443.930939, 459.463898, 466.407776, 184.652298,260.567352, 776.241272, 0.966193
5, 623,4,776.241272, 779.270203, 466.407776, 184.652298,260.567352, 776.241272, 0.996113
5, 623,5,316.642242, 329.283386, 466.407776, 184.652298,260.567352, 776.241272, 0.961610
5, 623,6,276.989868, 290.564331, 466.407776, 184.652298,260.567352, 776.241272, 0.953282
5, 623,7,623.654846, 649.351074, 466.407776, 184.652298,260.567352, 776.241272, 0.960428
5, 624,0,210.014160, 224.554764, 500.265320, 543.555725,54.170269, 1651.092407, 0.935247
5, 624,1,1651.092407, 1578.274414, 500.265320, 543.555725,54.170269, 1651.092407, 1.046138
5, 624,2,570.883545, 511.093842, 500.265320, 543.555725,54.170269, 1651.092407, 1.116984
5, 624,3,135.977676, 145.858582, 500.265320, 543.555725,54.170269, 1651.092407, 0.932257
5, 624,4,285.943756, 278.584961, 500.265320, 543.555725,54.170269, 1651.092407, 1.026415
5, 624,5,177.884872, 187.471909, 500.265320, 543.555725,54.170269, 1651.092407, 0.948861
5, 624,6,916.155823, 870.344421, 500.265320, 543.555725,54.170269, 1651.092407, 1.052636
5, 624,7,54.170269, 15.816917, 500.265320, 543.555725,54.170269, 1651.092407, 3.424831
5, 625,0,806.483948, 807.720276, 481.932709, 296.429382,105.854958, 806.483948, 0.998469
5, 625,1,174.466797, 173.852982, 481.932709, 296.429382,105.854958, 806.483948, 1.003531
5, 625,2,751.092346, 729.996094, 481.932709, 296.429382,105.854958, 806.483948, 1.028899
5, 625,3,736.747925, 712.666199, 481.932709, 296.429382,105.854958, 806.483948, 1.033791
5, 625,4,105.854958, 123.747536, 481.932709, 296.429382,105.854958, 806.483948, 0.855411
5, 625,5,223.291321, 218.851166, 481.932709, 296.429382,105.854958, 806.483948, 1.020288
5, 625,6,709.220337, 702.154236, 481.932709, 296.429382,105.854958, 806.483948, 1.010063
5, 625,7,348.303925, 343.011536, 481.932709, 296.429382,105.854958, 806.483948, 1.015429
5, 626,0,481.756134, 489.709991, 460.849945, 90.363281,362.367828, 588.182007, 0.983758
5, 626,1,531.651489, 547.361511, 460.849945, 90.363281,362.367828, 588.182007, 0.971299
5, 626,2,406.518036, 428.689209, 460.849945, 90.363281,362.367828, 588.182007, 0.948281
5, 626,3,377.813293, 386.188263, 460.849945, 90.363281,362.367828, 588.182007, 0.978314
5, 626,4,588.182007, 612.302002, 460.849945, 90.363281,362.367828, 588.182007, 0.960608
5, 626,5,380.350250, 403.056519, 460.849945, 90.363281,362.367828, 588.182007, 0.943665
5, 626,6,558.160339, 575.923035, 460.849945, 90.363281,362.367828, 588.182007, 0.969158
5, 626,7,362.367828, 368.769501, 460.849945, 90.363281,362.367828, 588.182007, 0.982640
5, 627,0,709.474731, 691.567078, 483.934418, 228.943146,187.028885, 709.474731, 1.025894
5, 627,1,539.153076, 532.952148, 483.934418, 228.943146,187.028885, 709.474731, 1.011635
5, 627,2,702.217163, 691.765808, 483.934418, 228.943146,187.028885, 709.474731, 1.015108
5, 627,3,283.078949, 285.621552, 483.934418, 228.943146,187.028885, 709.474731, 0.991098
5, 627,4,692.290771, 679.420227, 483.934418, 228.943146,187.028885, 709.474731, 1.018943
5, 627,5,568.136902, 556.649414, 483.934418, 228.943146,187.028885, 709.474731, 1.020637
5, 627,6,190.094986, 185.465805, 483.934418, 228.943146,187.028885, 709.474731, 1.024960
5, 627,7,187.028885, 188.557709, 483.934418, 228.943146,187.028885, 709.474731, 0.991892
5, 628,0,163.322144, 139.730621, 492.751221, 281.115753,67.185211, 826.534912, 1.168836
5, 628,1,343.672760, 343.046265, 492.751221, 281.115753,67.185211, 826.534912, 1.001826
5, 628,2,723.030640, 712.151184, 492.751221, 281.115753,67.185211, 826.534912, 1.015277
5, 628,3,826.534912, 809.247742, 492.751221, 281.115753,67.185211, 826.534912, 1.021362
5, 628,4,67.185211, 39.065643, 492.751221, 281.115753,67.185211, 826.534912, 1.719803
5, 628,5,525.918518, 513.123413, 492.751221, 281.115753,67.185211, 826.534912, 1.024936
5, 628,6,765.988281, 746.857300, 492.751221, 281.115753,67.185211, 826.534912, 1.025615
5, 628,7,526.357178, 508.777985, 492.751221, 281.115753,67.185211, 826.534912, 1.034552
5, 629,0,54.906979, 66.002548, 492.186127, 479.766113,54.906979, 1363.400146, 0.831892
5, 629,1,167.043030, 173.886246, 492.186127, 479.766113,54.906979, 1363.400146, 0.960645
5, 629,2,227.630142, 229.694824, 492.186127, 479.766113,54.906979, 1363.400146, 0.991011
5, 629,3,1363.400146, 1309.404541, 492.186127, 479.766113,54.906979, 1363.400146, 1.041237
5, 629,4,691.481995, 677.230347, 492.186127, 479.766113,54.906979, 1363.400146, 1.021044
5, 629,5,355.554230, 334.863251, 492.186127, 479.766113,54.906979, 1363.400146, 1.061789
5, 629,6,79.077126, 71.481583, 492.186127, 479.766113,54.906979, 1363.400146, 1.106259
5, 629,7,998.395447, 949.436646, 492.186127, 479.766113,54.906979, 1363.400146, 1.051566
5, 630,0,417.501678, 412.810913, 470.947754, 252.564804,89.803932, 834.753357, 1.011363
5, 630,1,89.803932, 91.153145, 470.947754, 252.564804,89.803932, 834.753357, 0.985198
5, 630,2,455.707977, 467.221436, 470.947754, 252.564804,89.803932, 834.753357, 0.975358
5, 630,3,229.763855, 236.088669, 470.947754, 252.564804,89.803932, 834.753357, 0.973210
5, 630,4,362.857758, 358.221313, 470.947754, 252.564804,89.803932, 834.753357, 1.012943
5, 630,5,713.230591, 725.156494, 470.947754, 252.564804,89.803932, 834.753357, 0.983554
5, 630,6,834.753357, 854.422546, 470.947754, 252.564804,89.803932, 834.753357, 0.976980
5, 630,7,663.962891, 666.925659, 470.947754, 252.564804,89.803932, 834.753357, 0.995558
5, 631,0,210.360245, 199.899429, 488.109802, 314.880096,73.726402, 781.187134, 1.052330
5, 631,1,564.413330, 552.344360, 488.109802, 314.880096,73.726402, 781.187134, 1.021850
5, 631,2,712.360901, 691.831909, 488.109802, 314.880096,73.726402, 781.187134, 1.029673
5, 631,3,749.279480, 724.270874, 488.109802, 314.880096,73.726402, 781.187134, 1.034529
5, 631,4,73.801971, 78.092590, 488.109802, 314.880096,73.726402, 781.187134, 0.945057
5, 631,5,781.187134, 772.958496, 488.109802, 314.880096,73.726402, 781.187134, 1.010646
5, 631,6,73.726402, 77.128189, 488.109802, 314.880096,73.726402, 781.187134, 0.955894
5, 631,7,739.748901, 715.474304, 488.109802, 314.880096,73.726402, 781.187134, 1.033928
5, 632,0,289.896606, 289.792694, 485.398987, 271.766022,24.496948, 903.381775, 1.000359
5, 632,1,698.247009, 681.192566, 485.398987, 271.766022,24.496948, 903.381775, 1.025036
5, 632,2,602.083496, 595.211731, 485.398987, 271.766022,24.496948, 903.381775, 1.011545
5, 632,3,594.817505, 581.075256, 485.398987, 271.766022,24.496948, 903.381775, 1.023650
5, 632,4,402.992645, 394.073486, 485.398987, 271.766022,24.496948, 903.381775, 1.022633
5, 632,5,24.496948, 21.360828, 485.398987, 271.766022,24.496948, 903.381775, 1.146816
5, 632,6,903.381775, 874.778564, 485.398987, 271.766022,24.496948, 903.381775, 1.032698
5, 632,7,367.275818, 374.514771, 485.398987, 271.766022,24.496948, 903.381775, 0.980671
5, 633,0,711.778076, 715.813477, 474.567810, 264.905457,91.752441, 790.368164, 0.994362
5, 633,1,790.368164, 815.034851, 474.567810, 264.905457,91.752441, 790.368164, 0.969735
5, 633,2,91.752441, 66.397598, 474.567810, 264.905457,91.752441, 790.368164, 1.381864
5, 633,3,221.255447, 211.479309, 474.567810, 264.905457,91.752441, 790.368164, 1.046227
5, 633,4,706.951599, 706.496033, 474.567810, 264.905457,91.752441, 790.368164, 1.000645
5, 633,5,219.839783, 215.787643, 474.567810, 264.905457,91.752441, 790.368164, 1.018778
5, 633,6,521.763062, 531.593384, 474.567810, 264.905457,91.752441, 790.368164, 0.981508
5, 633,7,532.833923, 549.397766, 474.567810, 264.905457,91.752441, 790.368164, 0.969851
5, 634,0,461.604980, 448.559204, 497.263885, 296.828583,64.121796, 863.629761, 1.029084
5, 634,1,592.206299, 567.135254, 497.263885, 296.828583,64.121796, 863.629761, 1.044207
5, 634,2,64.121796, 40.987789, 497.263885, 296.828583,64.121796, 863.629761, 1.564412
5, 634,3,853.546387, 852.179871, 497.263885, 296.828583,64.121796, 863.629761, 1.001604
5, 634,4,610.423462, 592.613464, 497.263885, 296.828583,64.121796, 863.629761, 1.030053
5, 634,5,128.108276, 76.114456, 497.263885, 296.828583,64.121796, 863.629761, 1.683100
5, 634,6,863.629761, 839.037598, 497.263885, 296.828583,64.121796, 863.629761, 1.029310
5, 634,7,404.470001, 395.372009, 497.263885, 296.828583,64.121796, 863.629761, 1.023011
5, 635,0,811.081970, 811.751709, 477.369995, 218.821609,208.825851, 811.081970, 0.999175
5, 635,1,286.409912, 285.050995, 477.369995, 218.821609,208.825851, 811.081970, 1.004767
5, 635,2,792.714600, 792.859985, 477.369995, 218.821609,208.825851, 811.081970, 0.999817
5, 635,3,439.613007, 438.266266, 477.369995, 218.821609,208.825851, 811.081970, 1.003073
5, 635,4,208.825851, 205.081268, 477.369995, 218.821609,208.825851, 811.081970, 1.018259
5, 635,5,360.626831, 353.333435, 477.369995, 218.821609,208.825851, 811.081970, 1.020642
5, 635,6,467.709778, 462.281189, 477.369995, 218.821609,208.825851, 811.081970, 1.011743
5, 635,7,451.977692, 463.375153, 477.369995, 218.821609,208.825851, 811.081970, 0.975403
5, 636,0,142.153427, 108.915871, 511.795410, 494.504150,74.787422, 1496.882080, 1.305167
5, 636,1,438.909302, 392.098663, 511.795410, 494.504150,74.787422, 1496.882080, 1.119385
5, 636,2,534.312134, 467.474274, 511.795410, 494.504150,74.787422, 1496.882080, 1.142977
5, 636,3,980.378113, 929.283691, 511.795410, 494.504150,74.787422, 1496.882080, 1.054983
5, 636,4,74.787422, 74.607635, 511.795410, 494.504150,74.787422, 1496.882080, 1.002410
5, 636,5,141.536896, 135.765808, 511.795410, 494.504150,74.787422, 1496.882080, 1.042508
5, 636,6,285.404022, 264.142029, 511.795410, 494.504150,74.787422, 1496.882080, 1.080495
5, 636,7,1496.882080, 1439.711914, 511.795410, 494.504150,74.787422, 1496.882080, 1.039709
5, 637,0,165.391693, 164.571304, 481.282562, 215.024124,165.391693, 859.102661, 1.004985
5, 637,1,606.199646, 595.029358, 481.282562, 215.024124,165.391693, 859.102661, 1.018773
5, 637,2,307.816711, 310.339600, 481.282562, 215.024124,165.391693, 859.102661, 0.991871
5, 637,3,452.147552, 452.284332, 481.282562, 215.024124,165.391693, 859.102661, 0.999698
5, 637,4,588.915344, 580.387390, 481.282562, 215.024124,165.391693, 859.102661, 1.014693
5, 637,5,859.102661, 853.814026, 481.282562, 215.024124,165.391693, 859.102661, 1.006194
5, 637,6,338.484253, 328.656952, 481.282562, 215.024124,165.391693, 859.102661, 1.029901
5, 637,7,532.202393, 526.917297, 481.282562, 215.024124,165.391693, 859.102661, 1.010030
5, 638,0,251.914993, 249.556717, 481.208313, 320.823059,200.428009, 1061.726318, 1.009450
5, 638,1,1061.726318, 1045.906616, 481.208313, 320.823059,200.428009, 1061.726318, 1.015125
5, 638,2,271.736603, 272.368042, 481.208313, 320.823059,200.428009, 1061.726318, 0.997682
5, 638,3,200.428009, 212.118866, 481.208313, 320.823059,200.428009, 1061.726318, 0.944885
5, 638,4,775.575745, 758.794739, 481.208313, 320.823059,200.428009, 1061.726318, 1.022115
5, 638,5,351.786743, 346.220612, 481.208313, 320.823059,200.428009, 1061.726318, 1.016077
5, 638,6,239.708542, 238.984695, 481.208313, 320.823059,200.428009, 1061.726318, 1.003029
5, 638,7,696.789429, 688.049377, 481.208313, 320.823059,200.428009, 1061.726318, 1.012703
5, 639,0,115.627899, 117.217606, 481.771484, 350.612274,82.071503, 1118.945557, 0.986438
5, 639,1,279.484100, 270.082642, 481.771484, 350.612274,82.071503, 1118.945557, 1.034810
5, 639,2,1118.945557, 1102.652954, 481.771484, 350.612274,82.071503, 1118.945557, 1.014776
5, 639,3,539.267029, 535.727783, 481.771484, 350.612274,82.071503, 1118.945557, 1.006606
5, 639,4,82.071503, 106.092560, 481.771484, 350.612274,82.071503, 1118.945557, 0.773584
5, 639,5,815.532898, 788.127197, 481.771484, 350.612274,82.071503, 1118.945557, 1.034773
5, 639,6,491.933472, 481.910400, 481.771484, 350.612274,82.071503, 1118.945557, 1.020799
5, 639,7,411.308990, 410.188660, 481.771484, 350.612274,82.071503, 1118.945557, 1.002731
5, 640,0,483.064270, 470.145020, 472.819153, 164.987366,230.539459, 780.154114, 1.027479
5, 640,1,493.909821, 488.117676, 472.819153, 164.987366,230.539459, 780.154114, 1.011866
5, 640,2,230.539459, 225.370056, 472.819153, 164.987366,230.539459, 780.154114, 1.022937
5, 640,3,465.175140, 473.580170, 472.819153, 164.987366,230.539459, 780.154114, 0.982252
5, 640,4,780.154114, 796.291687, 472.819153, 164.987366,230.539459, 780.154114, 0.979734
5, 640,5,523.978210, 535.522766, 472.819153, 164.987366,230.539459, 780.154114, 0.978442
5, 640,6,513.272644, 525.024963, 472.819153, 164.987366,230.539459, 780.154114, 0.977616
5, 640,7,292.459412, 297.947845, 472.819153, 164.987366,230.539459, 780.154114, 0.981579
5, 641,0,190.315872, 190.704239, 484.011902, 287.792999,83.113434, 734.005249, 0.997963
5, 641,1,603.835815, 596.774231, 484.011902, 287.792999,83.113434, 734.005249, 1.011833
5, 641,2,151.362427, 141.827042, 484.011902, 287.792999,83.113434, 734.005249, 1.067232
5, 641,3,705.564331, 690.784058, 484.011902, 287.792999,83.113434, 734.005249, 1.021396
5, 641,4,734.005249, 726.195801, 484.011902, 287.792999,83.113434, 734.005249, 1.010754
5, 641,5,726.524048, 713.325562, 484.011902, 287.792999,83.113434, 734.005249, 1.018503
5, 641,6,83.113434, 84.295303, 484.011902, 287.792999,83.113434, 734.005249, 0.985979
5, 641,7,677.374268, 668.093750, 484.011902, 287.792999,83.113434, 734.005249, 1.013891
5, 642,0,142.013809, 155.270615, 471.812347, 273.738708,142.013809, 788.215210, 0.914621
5, 642,1,770.904114, 775.076477, 471.812347, 273.738708,142.013809, 788.215210, 0.994617
5, 642,2,508.323425, 497.802338, 471.812347, 273.738708,142.013809, 788.215210, 1.021135
5, 642,3,295.789490, 302.619812, 471.812347, 273.738708,142.013809, 788.215210, 0.977429
5, 642,4,788.215210, 799.224060, 471.812347, 273.738708,142.013809, 788.215210, 0.986226
5, 642,5,257.673126, 257.352661, 471.812347, 273.738708,142.013809, 788.215210, 1.001245
5, 642,6,775.710999, 779.490295, 471.812347, 273.738708,142.013809, 788.215210, 0.995152
5, 642,7,235.868744, 245.163361, 471.812347, 273.738708,142.013809, 788.215210, 0.962088
5, 643,0,195.448151, 194.561600, 484.914490, 351.200073,86.809235, 1050.583984, 1.004557
5, 643,1,503.290131, 497.766907, 484.914490, 351.200073,86.809235, 1050.583984, 1.011096
5, 643,2,86.809235, 47.235741, 484.914490, 351.200073,86.809235, 1050.583984, 1.837787
5, 643,3,767.377869, 764.502441, 484.914490, 351.200073,86.809235, 1050.583984, 1.003761
5, 643,4,374.702057, 378.825317, 484.914490, 351.200073,86.809235, 1050.583984, 0.989116
5, 643,5,129.228195, 134.133331, 484.914490, 351.200073,86.809235, 1050.583984, 0.963431
5, 643,6,1050.583984, 1052.515503, 484.914490, 351.200073,86.809235, 1050.583984, 0.998165
5, 643,7,771.876587, 742.458923, 484.914490, 351.200073,86.809235, 1050.583984, 1.039622
5, 644,0,761.558411, 769.844116, 481.163513, 231.472244,93.104897, 761.558411, 0.989237
5, 644,1,456.915100, 466.005615, 481.163513, 231.472244,93.104897, 761.558411, 0.980493
5, 644,2,230.891052, 230.166687, 481.163513, 231.472244,93.104897, 761.558411, 1.003147
5, 644,3,604.119385, 622.421143, 481.163513, 231.472244,93.104897, 761.558411, 0.970596
5, 644,4,441.270538, 448.445129, 481.163513, 231.472244,93.104897, 761.558411, 0.984001
5, 644,5,527.830872, 497.963776, 481.163513, 231.472244,93.104897, 761.558411, 1.059978
5, 644,6,733.617981, 733.071045, 481.163513, 231.472244,93.104897, 761.558411, 1.000746
5, 644,7,93.104897, 44.082405, 481.163513, 231.472244,93.104897, 761.558411, 2.112065
5, 645,0,421.345581, 452.866425, 454.512543, 138.301697,210.378662, 668.992065, 0.930397
5, 645,1,507.444000, 533.136108, 454.512543, 138.301697,210.378662, 668.992065, 0.951809
5, 645,2,390.914551, 418.437347, 454.512543, 138.301697,210.378662, 668.992065, 0.934225
5, 645,3,537.670044, 562.334900, 454.512543, 138.301697,210.378662, 668.992065, 0.956138
5, 645,4,531.470947, 551.096252, 454.512543, 138.301697,210.378662, 668.992065, 0.964389
5, 645,5,210.378662, 218.130585, 454.512543, 138.301697,210.378662, 668.992065, 0.964462
5, 645,6,668.992065, 695.577454, 454.512543, 138.301697,210.378662, 668.992065, 0.961779
5, 645,7,367.884460, 380.420593, 454.512543, 138.301697,210.378662, 668.992065, 0.967047
5, 646,0,546.947510, 548.213257, 476.179382, 239.600388,60.658325, 892.680420, 0.997691
5, 646,1,892.680420, 903.303223, 476.179382, 239.600388,60.658325, 892.680420, 0.988240
5, 646,2,405.749664, 405.608398, 476.179382, 239.600388,60.658325, 892.680420, 1.000348
5, 646,3,60.658325, 51.845932, 476.179382, 239.600388,60.658325, 892.680420, 1.169973
5, 646,4,354.674713, 354.249146, 476.179382, 239.600388,60.658325, 892.680420, 1.001201
5, 646,5,421.459259, 426.689423, 476.179382, 239.600388,60.658325, 892.680420, 0.987742
5, 646,6,643.336121, 643.946899, 476.179382, 239.600388,60.658325, 892.680420, 0.999052
5, 646,7,483.928986, 478.143463, 476.179382, 239.600388,60.658325, 892.680420, 1.012100
5, 647,0,632.788940, 640.527405, 468.284882, 173.558701,210.348053, 639.083557, 0.987919
5, 647,1,386.507233, 386.924622, 468.284882, 173.558701,210.348053, 639.083557, 0.998921
5, 647,2,639.083557, 668.273132, 468.284882, 173.558701,210.348053, 639.083557, 0.956321
5, 647,3,496.874298, 490.032349, 468.284882, 173.558701,210.348053, 639.083557, 1.013962
5, 647,4,210.348053, 219.603500, 468.284882, 173.558701,210.348053, 639.083557, 0.957854
5, 647,5,242.270966, 244.808136, 468.284882, 173.558701,210.348053, 639.083557, 0.989636
5, 647,6,501.612396, 505.232941, 468.284882, 173.558701,210.348053, 639.083557, 0.992834
5, 647,7,636.793701, 656.597961, 468.284882, 173.558701,210.348053, 639.083557, 0.969838
5, 648,0,304.930267, 297.835571, 491.471008, 362.754578,8.883711, 1111.861206, 1.023821
5, 648,1,364.272552, 358.138947, 491.471008, 362.754578,8.883711, 1111.861206, 1.017126
5, 648,2,8.883711, 15.080624, 491.471008, 362.754578,8.883711, 1111.861206, 0.589081
5, 648,3,1111.861206, 1073.244995, 491.471008, 362.754578,8.883711, 1111.861206, 1.035981
5, 648,4,846.569946, 816.258362, 491.471008, 362.754578,8.883711, 1111.861206, 1.037135
5, 648,5,690.722229, 686.851929, 491.471008, 362.754578,8.883711, 1111.861206, 1.005635
5, 648,6,388.838470, 349.737640, 491.471008, 362.754578,8.883711, 1111.861206, 1.111800
5, 648,7,215.690048, 214.852081, 491.471008, 362.754578,8.883711, 1111.861206, 1.003900
5, 649,0,457.057922, 445.797791, 482.472717, 309.050934,204.641800, 1021.258240, 1.025258
5, 649,1,1021.258240, 1003.354309, 482.472717, 309.050934,204.641800, 1021.258240, 1.017844
5, 649,2,205.040619, 193.915619, 482.472717, 309.050934,204.641800, 1021.258240, 1.057370
5, 649,3,834.302124, 822.728638, 482.472717, 309.050934,204.641800, 1021.258240, 1.014067
5, 649,4,245.130005, 244.208069, 482.472717, 309.050934,204.641800, 1021.258240, 1.003775
5, 649,5,588.903442, 579.875977, 482.472717, 309.050934,204.641800, 1021.258240, 1.015568
5, 649,6,204.641800, 215.124542, 482.472717, 309.050934,204.641800, 1021.258240, 0.951271
5, 649,7,303.447510, 306.994873, 482.472717, 309.050934,204.641800, 1021.258240, 0.988445
5, 650,0,622.412964, 633.968384, 459.774933, 215.511459,116.274559, 757.987732, 0.981773
5, 650,1,408.147888, 421.857574, 459.774933, 215.511459,116.274559, 757.987732, 0.967502
5, 650,2,441.149506, 453.808655, 459.774933, 215.511459,116.274559, 757.987732, 0.972105
5, 650,3,685.385864, 701.007568, 459.774933, 215.511459,116.274559, 757.987732, 0.977715
5, 650,4,305.473541, 316.777618, 459.774933, 215.511459,116.274559, 757.987732, 0.964315
5, 650,5,116.274559, 125.440346, 459.774933, 215.511459,116.274559, 757.987732, 0.926931
5, 650,6,757.987732, 796.544434, 459.774933, 215.511459,116.274559, 757.987732, 0.951595
5, 650,7,341.367218, 362.595245, 459.774933, 215.511459,116.274559, 757.987732, 0.941455
5, 651,0,360.385468, 375.558594, 459.404205, 174.792542,251.718735, 768.661072, 0.959599
5, 651,1,251.718735, 255.368942, 459.404205, 174.792542,251.718735, 768.661072, 0.985706
5, 651,2,768.661072, 808.503662, 459.404205, 174.792542,251.718735, 768.661072, 0.950721
5, 651,3,573.216125, 600.531616, 459.404205, 174.792542,251.718735, 768.661072, 0.954515
5, 651,4,453.420776, 474.529236, 459.404205, 174.792542,251.718735, 768.661072, 0.955517
5, 651,5,286.746002, 295.415009, 459.404205, 174.792542,251.718735, 768.661072, 0.970655
5, 651,6,389.176300, 390.167572, 459.404205, 174.792542,251.718735, 768.661072, 0.997459
5, 651,7,591.908875, 611.925537, 459.404205, 174.792542,251.718735, 768.661072, 0.967289
5, 652,0,453.144562, 450.428711, 467.248596, 193.239944,190.144943, 742.225220, 1.006029
5, 652,1,329.062622, 328.548645, 467.248596, 193.239944,190.144943, 742.225220, 1.001564
5, 652,2,497.748932, 510.695343, 467.248596, 193.239944,190.144943, 742.225220, 0.974649
5, 652,3,521.278931, 528.474121, 467.248596, 193.239944,190.144943, 742.225220, 0.986385
5, 652,4,742.225220, 747.476318, 467.248596, 193.239944,190.144943, 742.225220, 0.992975
5, 652,5,190.144943, 199.297424, 467.248596, 193.239944,190.144943, 742.225220, 0.954076
5, 652,6,706.406372, 745.860107, 467.248596, 193.239944,190.144943, 742.225220, 0.947103
5, 652,7,297.976959, 301.219269, 467.248596, 193.239944,190.144943, 742.225220, 0.989236
5, 653,0,2110.320557, 2022.740479, 495.380341, 657.732300,189.127319, 2110.320557, 1.043298
5, 653,1,240.549194, 232.453293, 495.380341, 657.732300,189.127319, 2110.320557, 1.034828
5, 653,2,416.800751, 404.046539, 495.380341, 657.732300,189.127319, 2110.320557, 1.031566
5, 653,3,202.666550, 193.340622, 495.380341, 657.732300,189.127319, 2110.320557, 1.048236
5, 653,4,189.127319, 181.729050, 495.380341, 657.732300,189.127319, 2110.320557, 1.040710
5, 653,5,256.143433, 230.008743, 495.380341, 657.732300,189.127319, 2110.320557, 1.113625
5, 653,6,189.571625, 235.033615, 495.380341, 657.732300,189.127319, 2110.320557, 0.806572
5, 653,7,357.863312, 312.647827, 495.380341, 657.732300,189.127319, 2110.320557, 1.144621
5, 654,0,856.854431, 808.495239, 497.474579, 271.953491,44.230614, 856.854431, 1.059814
5, 654,1,393.675018, 386.227295, 497.474579, 271.953491,44.230614, 856.854431, 1.019283
5, 654,2,680.992065, 634.724243, 497.474579, 271.953491,44.230614, 856.854431, 1.072894
5, 654,3,278.406830, 267.192688, 497.474579, 271.953491,44.230614, 856.854431, 1.041970
5, 654,4,594.212952, 581.719727, 497.474579, 271.953491,44.230614, 856.854431, 1.021476
5, 654,5,375.959747, 373.706818, 497.474579, 271.953491,44.230614, 856.854431, 1.006029
5, 654,6,755.465027, 721.212769, 497.474579, 271.953491,44.230614, 856.854431, 1.047493
5, 654,7,44.230614, 38.721291, 497.474579, 271.953491,44.230614, 856.854431, 1.142282
5, 655,0,470.519897, 502.483978, 454.063538, 226.872650,105.198280, 869.360352, 0.936388
5, 655,1,105.198280, 103.931274, 454.063538, 226.872650,105.198280, 869.360352, 1.012191
5, 655,2,299.169312, 313.353210, 454.063538, 226.872650,105.198280, 869.360352, 0.954735
5, 655,3,606.283447, 653.878784, 454.063538, 226.872650,105.198280, 869.360352, 0.927211
5, 655,4,379.811127, 386.965118, 454.063538, 226.872650,105.198280, 869.360352, 0.981513
5, 655,5,369.981537, 407.819946, 454.063538, 226.872650,105.198280, 869.360352, 0.907218
5, 655,6,532.184204, 541.516296, 454.063538, 226.872650,105.198280, 869.360352, 0.982767
5, 655,7,869.360352, 902.051270, 454.063538, 226.872650,105.198280, 869.360352, 0.963759
5, 656,0,582.277588, 561.644409, 498.061676, 289.248688,71.464027, 964.643311, 1.036737
5, 656,1,374.646515, 362.639130, 498.061676, 289.248688,71.464027, 964.643311, 1.033111
5, 656,2,71.464027, 40.144077, 498.061676, 289.248688,71.464027, 964.643311, 1.780189
5, 656,3,547.138916, 526.139648, 498.061676, 289.248688,71.464027, 964.643311, 1.039912
5, 656,4,702.035645, 685.988770, 498.061676, 289.248688,71.464027, 964.643311, 1.023392
5, 656,5,580.207886, 560.789795, 498.061676, 289.248688,71.464027, 964.643311, 1.034626
5, 656,6,162.079514, 161.031158, 498.061676, 289.248688,71.464027, 964.643311, 1.006510
5, 656,7,964.643311, 913.623108, 498.061676, 289.248688,71.464027, 964.643311, 1.055844
5, 657,0,28.508463, 46.292419, 486.447235, 425.383514,28.508463, 1282.456543, 0.615834
5, 657,1,349.762756, 344.210358, 486.447235, 425.383514,28.508463, 1282.456543, 1.016131
5, 657,2,862.973999, 853.763428, 486.447235, 425.383514,28.508463, 1282.456543, 1.010788
5, 657,3,624.000671, 612.378845, 486.447235, 425.383514,28.508463, 1282.456543, 1.018978
5, 657,4,256.657593, 263.623291, 486.447235, 425.383514,28.508463, 1282.456543, 0.973577
5, 657,5,52.298832, 18.096363, 486.447235, 425.383514,28.508463, 1282.456543, 2.890019
5, 657,6,434.919128, 423.761841, 486.447235, 425.383514,28.508463, 1282.456543, 1.026329
5, 657,7,1282.456543, 1249.873413, 486.447235, 425.383514,28.508463, 1282.456543, 1.026069
5, 658,0,586.172363, 582.655090, 473.758972, 252.507736,33.984283, 755.874268, 1.006037
5, 658,1,619.027588, 628.050049, 473.758972, 252.507736,33.984283, 755.874268, 0.985634
5, 658,2,512.943420, 544.894470, 473.758972, 252.507736,33.984283, 755.874268, 0.941363
5, 658,3,755.874268, 781.225891, 473.758972, 252.507736,33.984283, 755.874268, 0.967549
5, 658,4,133.352600, 94.826363, 473.758972, 252.507736,33.984283, 755.874268, 1.406282
5, 658,5,33.984283, 31.155182, 473.758972, 252.507736,33.984283, 755.874268, 1.090807
5, 658,6,543.229370, 542.940918, 473.758972, 252.507736,33.984283, 755.874268, 1.000531
5, 658,7,605.487793, 606.252258, 473.758972, 252.507736,33.984283, 755.874268, 0.998739
5, 659,0,223.143082, 252.183456, 494.353119, 469.037140,52.823009, 1151.078247, 0.884844
5, 659,1,178.695068, 157.365936, 494.353119, 469.037140,52.823009, 1151.078247, 1.135538
5, 659,2,1151.078247, 1126.409912, 494.353119, 469.037140,52.823009, 1151.078247, 1.021900
5, 659,3,1043.236206, 931.457947, 494.353119, 469.037140,52.823009, 1151.078247, 1.120004
5, 659,4,145.334763, 133.528625, 494.353119, 469.037140,52.823009, 1151.078247, 1.088417
5, 659,5,191.223999, 206.901443, 494.353119, 469.037140,52.823009, 1151.078247, 0.924227
5, 659,6,969.290405, 946.832520, 494.353119, 469.037140,52.823009, 1151.078247, 1.023719
5, 659,7,52.823009, 57.320145, 494.353119, 469.037140,52.823009, 1151.078247, 0.921544
5, 660,0,634.148743, 639.608154, 472.766052, 185.327103,152.001785, 634.148743, 0.991464
5, 660,1,152.001785, 144.926453, 472.766052, 185.327103,152.001785, 634.148743, 1.048820
5, 660,2,512.112488, 516.015869, 472.766052, 185.327103,152.001785, 634.148743, 0.992436
5, 660,3,607.134460, 619.773438, 472.766052, 185.327103,152.001785, 634.148743, 0.979607
5, 660,4,617.920349, 633.461914, 472.766052, 185.327103,152.001785, 634.148743, 0.975466
5, 660,5,315.070984, 319.897491, 472.766052, 185.327103,152.001785, 634.148743, 0.984912
5, 660,6,320.299988, 312.313599, 472.766052, 185.327103,152.001785, 634.148743, 1.025572
5, 660,7,623.439331, 626.003052, 472.766052, 185.327103,152.001785, 634.148743, 0.995905
5, 661,0,858.242554, 888.138855, 464.614441, 270.997772,147.904770, 858.242554, 0.966338
5, 661,1,693.903625, 712.594116, 464.614441, 270.997772,147.904770, 858.242554, 0.973771
5, 661,2,754.035339, 778.374939, 464.614441, 270.997772,147.904770, 858.242554, 0.968730
5, 661,3,160.658737, 149.649139, 464.614441, 270.997772,147.904770, 858.242554, 1.073569
5, 661,4,147.904770, 149.455261, 464.614441, 270.997772,147.904770, 858.242554, 0.989626
5, 661,5,371.309753, 375.630371, 464.614441, 270.997772,147.904770, 858.242554, 0.988498
5, 661,6,336.081421, 345.745117, 464.614441, 270.997772,147.904770, 858.242554, 0.972050
5, 661,7,394.779266, 412.412201, 464.614441, 270.997772,147.904770, 858.242554, 0.957244
5, 662,0,393.733063, 402.685516, 466.229187, 196.583084,107.186615, 758.157227, 0.977768
5, 662,1,758.157227, 764.702576, 466.229187, 196.583084,107.186615, 758.157227, 0.991441
5, 662,2,607.941833, 629.669617, 466.229187, 196.583084,107.186615, 758.157227, 0.965493
5, 662,3,488.011108, 495.366852, 466.229187, 196.583084,107.186615, 758.157227, 0.985151
5, 662,4,426.934784, 449.472443, 466.229187, 196.583084,107.186615, 758.157227, 0.949858
5, 662,5,594.153809, 602.165405, 466.229187, 196.583084,107.186615, 758.157227, 0.986695
5, 662,6,107.186615, 105.521027, 466.229187, 196.583084,107.186615, 758.157227, 1.015784
5, 662,7,353.715057, 362.416321, 466.229187, 196.583084,107.186615, 758.157227, 0.975991
5, 663,0,635.938843, 643.977234, 473.354309, 186.701752,203.494461, 710.057434, 0.987518
5, 663,1,203.494461, 207.203217, 473.354309, 186.701752,203.494461, 710.057434, 0.982101
5, 663,2,565.004761, 565.791199, 473.354309, 186.701752,203.494461, 710.057434, 0.998610
5, 663,3,464.041199, 463.449005, 473.354309, 186.701752,203.494461, 710.057434, 1.001278
5, 663,4,598.740906, 606.521484, 473.354309, 186.701752,203.494461, 710.057434, 0.987172
5, 663,5,242.841339, 241.535568, 473.354309, 186.701752,203.494461, 710.057434, 1.005406
5, 663,6,366.715668, 363.222748, 473.354309, 186.701752,203.494461, 710.057434, 1.009616
5, 663,7,710.057434, 720.299377, 473.354309, 186.701752,203.494461, 710.057434, 0.985781
5, 664,0,388.876282, 388.523376, 471.507721, 268.373901,143.332260, 853.848022, 1.000908
5, 664,1,169.416306, 167.910278, 471.507721, 268.373901,143.332260, 853.848022, 1.008969
5, 664,2,853.848022, 872.428833, 471.507721, 268.373901,143.332260, 853.848022, 0.978702
5, 664,3,695.995483, 702.010620, 471.507721, 268.373901,143.332260, 853.848022, 0.991432
5, 664,4,280.649841, 283.738281, 471.507721, 268.373901,143.332260, 853.848022, 0.989115
5, 664,5,723.162842, 741.026855, 471.507721, 268.373901,143.332260, 853.848022, 0.975893
5, 664,6,516.780457, 517.944702, 471.507721, 268.373901,143.332260, 853.848022, 0.997752
5, 664,7,143.332260, 138.417404, 471.507721, 268.373901,143.332260, 853.848022, 1.035507
5, 665,0,347.921967, 347.167175, 482.139709, 265.359863,119.831306, 847.476196, 1.002174
5, 665,1,119.831306, 110.602119, 482.139709, 265.359863,119.831306, 847.476196, 1.083445
5, 665,2,292.084656, 288.425262, 482.139709, 265.359863,119.831306, 847.476196, 1.012687
5, 665,3,847.476196, 844.174133, 482.139709, 265.359863,119.831306, 847.476196, 1.003912
5, 665,4,588.745483, 586.596375, 482.139709, 265.359863,119.831306, 847.476196, 1.003664
5, 665,5,708.815796, 695.570557, 482.139709, 265.359863,119.831306, 847.476196, 1.019042
5, 665,6,240.305222, 237.532074, 482.139709, 265.359863,119.831306, 847.476196, 1.011675
5, 665,7,711.936951, 701.932190, 482.139709, 265.359863,119.831306, 847.476196, 1.014253
5, 666,0,94.424522, 77.968231, 465.359680, 253.385895,94.424522, 772.765991, 1.211064
5, 666,1,508.228119, 512.505859, 465.359680, 253.385895,94.424522, 772.765991, 0.991653
5, 666,2,224.743088, 219.867752, 465.359680, 253.385895,94.424522, 772.765991, 1.022174
5, 666,3,676.062500, 700.447510, 465.359680, 253.385895,94.424522, 772.765991, 0.965187
5, 666,4,726.002136, 757.650574, 465.359680, 253.385895,94.424522, 772.765991, 0.958228
5, 666,5,772.765991, 788.336609, 465.359680, 253.385895,94.424522, 772.765991, 0.980249
5, 666,6,252.597092, 257.941589, 465.359680, 253.385895,94.424522, 772.765991, 0.979280
5, 666,7,468.053680, 497.281616, 465.359680, 253.385895,94.424522, 772.765991, 0.941225
5, 667,0,170.228912, 169.383057, 491.740631, 330.313629,97.607666, 909.109619, 1.004994
5, 667,1,238.817978, 229.206573, 491.740631, 330.313629,97.607666, 909.109619, 1.041933
5, 667,2,97.607666, 102.177628, 491.740631, 330.313629,97.607666, 909.109619, 0.955274
5, 667,3,490.491150, 467.704895, 491.740631, 330.313629,97.607666, 909.109619, 1.048719
5, 667,4,347.086578, 341.087555, 491.740631, 330.313629,97.607666, 909.109619, 1.017588
5, 667,5,909.109619, 885.948181, 491.740631, 330.313629,97.607666, 909.109619, 1.026143
5, 667,6,801.752869, 772.283508, 491.740631, 330.313629,97.607666, 909.109619, 1.038159
5, 667,7,878.830322, 844.208923, 491.740631, 330.313629,97.607666, 909.109619, 1.041010
5, 668,0,765.793396, 753.358093, 487.269653, 305.280304,51.451405, 874.218628, 1.016507
5, 668,1,51.451405, 26.581366, 487.269653, 305.280304,51.451405, 874.218628, 1.935619
5, 668,2,581.364319, 557.393860, 487.269653, 305.280304,51.451405, 874.218628, 1.043005
5, 668,3,771.480225, 754.133545, 487.269653, 305.280304,51.451405, 874.218628, 1.023002
5, 668,4,874.218628, 854.128662, 487.269653, 305.280304,51.451405, 874.218628, 1.023521
5, 668,5,328.812958, 343.834198, 487.269653, 305.280304,51.451405, 874.218628, 0.956313
5, 668,6,360.918671, 344.549927, 487.269653, 305.280304,51.451405, 874.218628, 1.047508
5, 668,7,164.117508, 178.020538, 487.269653, 305.280304,51.451405, 874.218628, 0.921902
5, 669,0,291.932831, 303.679688, 492.342682, 376.917694,51.002964, 999.562683, 0.961318
5, 669,1,370.679718, 369.763092, 492.342682, 376.917694,51.002964, 999.562683, 1.002479
5, 669,2,885.049683, 856.880737, 492.342682, 376.917694,51.002964, 999.562683, 1.032874
5, 669,3,312.099335, 304.088593, 492.342682, 376.917694,51.002964, 999.562683, 1.026343
5, 669,4,127.046089, 134.146271, 492.342682, 376.917694,51.002964, 999.562683, 0.947071
5, 669,5,901.368042, 860.340637, 492.342682, 376.917694,51.002964, 999.562683, 1.047687
5, 669,6,999.562683, 955.172363, 492.342682, 376.917694,51.002964, 999.562683, 1.046474
5, 669,7,51.002964, 27.928394, 492.342682, 376.917694,51.002964, 999.562683, 1.826205
5, 670,0,129.693573, 129.530365, 460.418518, 217.921371,129.693573, 728.520996, 1.001260
5, 670,1,666.033447, 700.383240, 460.418518, 217.921371,129.693573, 728.520996, 0.950956
5, 670,2,484.232391, 509.285828, 460.418518, 217.921371,129.693573, 728.520996, 0.950807
5, 670,3,434.452789, 442.769379, 460.418518, 217.921371,129.693573, 728.520996, 0.981217
5, 670,4,335.408936, 357.871521, 460.418518, 217.921371,129.693573, 728.520996, 0.937233
5, 670,5,728.520996, 759.547241, 460.418518, 217.921371,129.693573, 728.520996, 0.959152
5, 670,6,666.860840, 669.667480, 460.418518, 217.921371,129.693573, 728.520996, 0.995809
5, 670,7,238.145050, 242.945084, 460.418518, 217.921371,129.693573, 728.520996, 0.980242
5, 671,0,434.067963, 447.665588, 464.150574, 154.141586,166.254715, 656.897522, 0.969625
5, 671,1,450.908264, 438.366852, 464.150574, 154.141586,166.254715, 656.897522, 1.028609
5, 671,2,542.292542, 538.421997, 464.150574, 154.141586,166.254715, 656.897522, 1.007189
5, 671,3,425.527771, 428.400970, 464.150574, 154.141586,166.254715, 656.897522, 0.993293
5, 671,4,632.228699, 676.026489, 464.150574, 154.141586,166.254715, 656.897522, 0.935213
5, 671,5,405.027130, 424.231110, 464.150574, 154.141586,166.254715, 656.897522, 0.954732
5, 671,6,656.897522, 682.844116, 464.150574, 154.141586,166.254715, 656.897522, 0.962002
5, 671,7,166.254715, 176.042725, 464.150574, 154.141586,166.254715, 656.897522, 0.944400
5, 672,0,199.652985, 211.603226, 498.746002, 387.681549,85.980377, 1084.846802, 0.943525
5, 672,1,418.291016, 409.675293, 498.746002, 387.681549,85.980377, 1084.846802, 1.021031
5, 672,2,85.980377, 33.650398, 498.746002, 387.681549,85.980377, 1084.846802, 2.555107
5, 672,3,806.443787, 782.620728, 498.746002, 387.681549,85.980377, 1084.846802, 1.030440
5, 672,4,926.511169, 865.561401, 498.746002, 387.681549,85.980377, 1084.846802, 1.070416
5, 672,5,123.337898, 140.857315, 498.746002, 387.681549,85.980377, 1084.846802, 0.875623
5, 672,6,1084.846802, 1019.453186, 498.746002, 387.681549,85.980377, 1084.846802, 1.064146
5, 672,7,344.904144, 348.578461, 498.746002, 387.681549,85.980377, 1084.846802, 0.989459
5, 673,0,128.351074, 136.659454, 484.945435, 301.576782,37.497540, 839.028503, 0.939204
5, 673,1,337.173706, 335.889557, 484.945435, 301.576782,37.497540, 839.028503, 1.003823
5, 673,2,803.007019, 791.126404, 484.945435, 301.576782,37.497540, 839.028503, 1.015017
5, 673,3,720.749512, 724.033691, 484.945435, 301.576782,37.497540, 839.028503, 0.995464
5, 673,4,37.497540, 13.967707, 484.945435, 301.576782,37.497540, 839.028503, 2.684588
5, 673,5,553.411255, 537.935425, 484.945435, 301.576782,37.497540, 839.028503, 1.028769
5, 673,6,460.345062, 448.777252, 484.945435, 301.576782,37.497540, 839.028503, 1.025776
5, 673,7,839.028503, 823.610413, 484.945435, 301.576782,37.497540, 839.028503, 1.018720
5, 674,0,501.843018, 488.371246, 476.119324, 336.501740,43.113136, 928.638672, 1.027585
5, 674,1,451.451630, 454.215729, 476.119324, 336.501740,43.113136, 928.638672, 0.993915
5, 674,2,131.135269, 153.698792, 476.119324, 336.501740,43.113136, 928.638672, 0.853197
5, 674,3,43.113136, 65.450218, 476.119324, 336.501740,43.113136, 928.638672, 0.658716
5, 674,4,908.825012, 895.943237, 476.119324, 336.501740,43.113136, 928.638672, 1.014378
5, 674,5,213.426590, 211.863342, 476.119324, 336.501740,43.113136, 928.638672, 1.007379
5, 674,6,630.521301, 621.794250, 476.119324, 336.501740,43.113136, 928.638672, 1.014035
5, 674,7,928.638672, 920.663147, 476.119324, 336.501740,43.113136, 928.638672, 1.008663
5, 675,0,746.160095, 727.954285, 485.277618, 320.739868,79.511223, 905.888672, 1.025010
5, 675,1,617.699463, 612.938904, 485.277618, 320.739868,79.511223, 905.888672, 1.007767
5, 675,2,89.305466, 62.670341, 485.277618, 320.739868,79.511223, 905.888672, 1.425004
5, 675,3,905.888672, 886.478760, 485.277618, 320.739868,79.511223, 905.888672, 1.021896
5, 675,4,360.791748, 366.342255, 485.277618, 320.739868,79.511223, 905.888672, 0.984849
5, 675,5,780.561646, 761.167114, 485.277618, 320.739868,79.511223, 905.888672, 1.025480
5, 675,6,79.511223, 77.317497, 485.277618, 320.739868,79.511223, 905.888672, 1.028373
5, 675,7,302.302490, 317.131042, 485.277618, 320.739868,79.511223, 905.888672, 0.953242
5, 676,0,206.501480, 205.105408, 472.640442, 259.974060,171.130173, 866.004028, 1.006807
5, 676,1,329.498962, 343.606171, 472.640442, 259.974060,171.130173, 866.004028, 0.958944
5, 676,2,447.331390, 452.613586, 472.640442, 259.974060,171.130173, 866.004028, 0.988330
5, 676,3,866.004028, 869.079346, 472.640442, 259.974060,171.130173, 866.004028, 0.996461
5, 676,4,517.925415, 523.322632, 472.640442, 259.974060,171.130173, 866.004028, 0.989687
5, 676,5,410.163757, 409.578033, 472.640442, 259.974060,171.130173, 866.004028, 1.001430
5, 676,6,832.568420, 839.398682, 472.640442, 259.974060,171.130173, 866.004028, 0.991863
5, 676,7,171.130173, 169.295944, 472.640442, 259.974060,171.130173, 866.004028, 1.010834
5, 677,0,540.437134, 598.106812, 461.573792, 170.820084,203.863083, 653.845215, 0.903580
5, 677,1,646.840393, 658.641785, 461.573792, 170.820084,203.863083, 653.845215, 0.982082
5, 677,2,592.206116, 606.001709, 461.573792, 170.820084,203.863083, 653.845215, 0.977235
5, 677,3,203.863083, 200.367432, 461.573792, 170.820084,203.863083, 653.845215, 1.017446
5, 677,4,414.406036, 439.622711, 461.573792, 170.820084,203.863083, 653.845215, 0.942640
5, 677,5,345.345001, 354.361816, 461.573792, 170.820084,203.863083, 653.845215, 0.974555
5, 677,6,295.647461, 283.654541, 461.573792, 170.820084,203.863083, 653.845215, 1.042280
5, 677,7,653.845215, 671.243225, 461.573792, 170.820084,203.863083, 653.845215, 0.974081
5, 678,0,339.713379, 343.261780, 464.864014, 199.151382,199.590012, 727.665283, 0.989663
5, 678,1,199.590012, 198.550018, 464.864014, 199.151382,199.590012, 727.665283, 1.005238
5, 678,2,598.851074, 612.787720, 464.864014, 199.151382,199.590012, 727.665283, 0.977257
5, 678,3,445.086823, 442.545258, 464.864014, 199.151382,199.590012, 727.665283, 1.005743
5, 678,4,267.387787, 279.594055, 464.864014, 199.151382,199.590012, 727.665283, 0.956343
5, 678,5,727.665283, 740.872742, 464.864014, 199.151382,199.590012, 727.665283, 0.982173
5, 678,6,716.858643, 747.664185, 464.864014, 199.151382,199.590012, 727.665283, 0.958798
5, 678,7,423.759094, 446.724640, 464.864014, 199.151382,199.590012, 727.665283, 0.948591
5, 679,0,553.385254, 577.296936, 470.357880, 162.695251,254.065125, 743.044861, 0.958580
5, 679,1,375.009674, 373.836243, 470.357880, 162.695251,254.065125, 743.044861, 1.003139
5, 679,2,743.044861, 762.322449, 470.357880, 162.695251,254.065125, 743.044861, 0.974712
5, 679,3,617.216614, 619.686584, 470.357880, 162.695251,254.065125, 743.044861, 0.996014
5, 679,4,329.826111, 326.600128, 470.357880, 162.695251,254.065125, 743.044861, 1.009877
5, 679,5,497.958649, 505.689178, 470.357880, 162.695251,254.065125, 743.044861, 0.984713
5, 679,6,392.356720, 400.526825, 470.357880, 162.695251,254.065125, 743.044861, 0.979602
5, 679,7,254.065125, 246.041367, 470.357880, 162.695251,254.065125, 743.044861, 1.032611
5, 680,0,84.735779, 26.156767, 505.175751, 364.467010,84.735779, 1039.937012, 3.239536
5, 680,1,497.052246, 487.991760, 505.175751, 364.467010,84.735779, 1039.937012, 1.018567
5, 680,2,1039.937012, 987.537598, 505.175751, 364.467010,84.735779, 1039.937012, 1.053061
5, 680,3,946.805481, 907.925659, 505.175751, 364.467010,84.735779, 1039.937012, 1.042823
5, 680,4,719.267578, 684.323059, 505.175751, 364.467010,84.735779, 1039.937012, 1.051064
5, 680,5,108.155212, 84.995804, 505.175751, 364.467010,84.735779, 1039.937012, 1.272477
5, 680,6,291.301941, 284.132416, 505.175751, 364.467010,84.735779, 1039.937012, 1.025233
5, 680,7,354.150543, 348.937012, 505.175751, 364.467010,84.735779, 1039.937012, 1.014941
5, 681,0,500.436615, 498.038696, 469.980865, 280.674316,99.589752, 839.317932, 1.004815
5, 681,1,333.019745, 336.556488, 469.980865, 280.674316,99.589752, 839.317932, 0.989491
5, 681,2,350.495392, 349.916412, 469.980865, 280.674316,99.589752, 839.317932, 1.001655
5, 681,3,176.808365, 189.648697, 469.980865, 280.674316,99.589752, 839.317932, 0.932294
5, 681,4,99.589752, 127.500374, 469.980865, 280.674316,99.589752, 839.317932, 0.781094
5, 681,5,839.317932, 842.761658, 469.980865, 280.674316,99.589752, 839.317932, 0.995914
5, 681,6,836.440796, 834.544128, 469.980865, 280.674316,99.589752, 839.317932, 1.002273
5, 681,7,623.738464, 633.033691, 469.980865, 280.674316,99.589752, 839.317932, 0.985316
5, 682,0,539.956421, 564.668213, 458.471100, 155.303894,111.339783, 639.867188, 0.956237
5, 682,1,111.339783, 109.320198, 458.471100, 155.303894,111.339783, 639.867188, 1.018474
5, 682,2,416.441650, 418.219269, 458.471100, 155.303894,111.339783, 639.867188, 0.995750
5, 682,3,508.993225, 529.962097, 458.471100, 155.303894,111.339783, 639.867188, 0.960433
5, 682,4,467.515381, 480.393494, 458.471100, 155.303894,111.339783, 639.867188, 0.973193
5, 682,5,524.725098, 561.638855, 458.471100, 155.303894,111.339783, 639.867188, 0.934275
5, 682,6,458.930267, 483.565216, 458.471100, 155.303894,111.339783, 639.867188, 0.949056
5, 682,7,639.867188, 664.232483, 458.471100, 155.303894,111.339783, 639.867188, 0.963318
5, 683,0,689.276550, 718.498230, 457.432861, 219.406662,187.558319, 689.276550, 0.959329
5, 683,1,665.636536, 689.443176, 457.432861, 219.406662,187.558319, 689.276550, 0.965470
5, 683,2,212.686401, 204.860687, 457.432861, 219.406662,187.558319, 689.276550, 1.038200
5, 683,3,204.299561, 198.490845, 457.432861, 219.406662,187.558319, 689.276550, 1.029264
5, 683,4,502.471008, 545.186157, 457.432861, 219.406662,187.558319, 689.276550, 0.921650
5, 683,5,187.558319, 205.689484, 457.432861, 219.406662,187.558319, 689.276550, 0.911852
5, 683,6,622.068848, 667.799927, 457.432861, 219.406662,187.558319, 689.276550, 0.931520
5, 683,7,575.465698, 582.031799, 457.432861, 219.406662,187.558319, 689.276550, 0.988719
5, 684,0,829.914063, 843.791748, 480.233154, 243.309753,141.296906, 829.914063, 0.983553
5, 684,1,285.684570, 280.474487, 480.233154, 243.309753,141.296906, 829.914063, 1.018576
5, 684,2,443.130737, 440.503906, 480.233154, 243.309753,141.296906, 829.914063, 1.005963
5, 684,3,679.764465, 679.968384, 480.233154, 243.309753,141.296906, 829.914063, 0.999700
5, 684,4,339.643951, 348.606873, 480.233154, 243.309753,141.296906, 829.914063, 0.974289
5, 684,5,741.940002, 746.098450, 480.233154, 243.309753,141.296906, 829.914063, 0.994426
5, 684,6,141.296906, 81.662827, 480.233154, 243.309753,141.296906, 829.914063, 1.730247
5, 684,7,380.490387, 390.893188, 480.233154, 243.309753,141.296906, 829.914063, 0.973387
5, 685,0,103.086441, 90.610725, 502.219879, 482.783386,18.037193, 1170.648682, 1.137685
5, 685,1,73.181999, 74.623055, 502.219879, 482.783386,18.037193, 1170.648682, 0.980689
5, 685,2,156.528351, 173.649475, 502.219879, 482.783386,18.037193, 1170.648682, 0.901404
5, 685,3,504.639984, 490.302460, 502.219879, 482.783386,18.037193, 1170.648682, 1.029242
5, 685,4,986.852783, 906.878357, 502.219879, 482.783386,18.037193, 1170.648682, 1.088187
5, 685,5,18.037193, 10.560315, 502.219879, 482.783386,18.037193, 1170.648682, 1.708017
5, 685,6,1170.648682, 1131.789063, 502.219879, 482.783386,18.037193, 1170.648682, 1.034335
5, 685,7,1004.783386, 933.586731, 502.219879, 482.783386,18.037193, 1170.648682, 1.076261
5, 686,0,571.365906, 587.193970, 489.497894, 206.033600,146.237534, 753.958618, 0.973045
5, 686,1,753.958618, 718.914917, 489.497894, 206.033600,146.237534, 753.958618, 1.048745
5, 686,2,265.249542, 276.889771, 489.497894, 206.033600,146.237534, 753.958618, 0.957961
5, 686,3,405.692688, 387.712677, 489.497894, 206.033600,146.237534, 753.958618, 1.046375
5, 686,4,495.266357, 467.341034, 489.497894, 206.033600,146.237534, 753.958618, 1.059754
5, 686,5,655.988831, 623.618958, 489.497894, 206.033600,146.237534, 753.958618, 1.051906
5, 686,6,622.223999, 608.138916, 489.497894, 206.033600,146.237534, 753.958618, 1.023161
5, 686,7,146.237534, 142.190048, 489.497894, 206.033600,146.237534, 753.958618, 1.028465
5, 687,0,190.390976, 183.181549, 487.065186, 274.355865,170.788910, 790.344177, 1.039357
5, 687,1,494.088226, 493.587646, 487.065186, 274.355865,170.788910, 790.344177, 1.001014
5, 687,2,187.630264, 186.003433, 487.065186, 274.355865,170.788910, 790.344177, 1.008746
5, 687,3,533.414185, 520.235352, 487.065186, 274.355865,170.788910, 790.344177, 1.025332
5, 687,4,790.344177, 772.633057, 487.065186, 274.355865,170.788910, 790.344177, 1.022923
5, 687,5,170.788910, 165.115753, 487.065186, 274.355865,170.788910, 790.344177, 1.034359
5, 687,6,782.173035, 756.167297, 487.065186, 274.355865,170.788910, 790.344177, 1.034392
5, 687,7,747.691650, 735.075928, 487.065186, 274.355865,170.788910, 790.344177, 1.017162
5, 688,0,905.008789, 864.356750, 501.073944, 369.898071,24.884151, 905.008789, 1.047032
5, 688,1,775.629700, 742.700012, 501.073944, 369.898071,24.884151, 905.008789, 1.044338
5, 688,2,607.526001, 574.137329, 501.073944, 369.898071,24.884151, 905.008789, 1.058154
5, 688,3,818.022583, 793.491211, 501.073944, 369.898071,24.884151, 905.008789, 1.030916
5, 688,4,700.438843, 658.826904, 501.073944, 369.898071,24.884151, 905.008789, 1.063161
5, 688,5,71.673378, 38.070316, 501.073944, 369.898071,24.884151, 905.008789, 1.882658
5, 688,6,105.408104, 109.048508, 501.073944, 369.898071,24.884151, 905.008789, 0.966617
5, 688,7,24.884151, 31.369478, 501.073944, 369.898071,24.884151, 905.008789, 0.793260
5, 689,0,277.163910, 283.379700, 463.090210, 206.425354,152.201035, 714.669312, 0.978065
5, 689,1,669.914612, 704.305176, 463.090210, 206.425354,152.201035, 714.669312, 0.951171
5, 689,2,152.201035, 161.644867, 463.090210, 206.425354,152.201035, 714.669312, 0.941577
5, 689,3,417.201691, 414.506470, 463.090210, 206.425354,152.201035, 714.669312, 1.006502
5, 689,4,313.135284, 318.447418, 463.090210, 206.425354,152.201035, 714.669312, 0.983319
5, 689,5,513.281372, 520.002441, 463.090210, 206.425354,152.201035, 714.669312, 0.987075
5, 689,6,714.669312, 745.544067, 463.090210, 206.425354,152.201035, 714.669312, 0.958588
5, 689,7,647.154175, 664.169861, 463.090210, 206.425354,152.201035, 714.669312, 0.974380
5, 690,0,661.579102, 697.334595, 455.991669, 203.040237,166.804611, 730.183044, 0.948725
5, 690,1,166.804611, 165.173187, 455.991669, 203.040237,166.804611, 730.183044, 1.009877
5, 690,2,398.421783, 440.807953, 455.991669, 203.040237,166.804611, 730.183044, 0.903844
5, 690,3,521.653748, 544.442139, 455.991669, 203.040237,166.804611, 730.183044, 0.958144
5, 690,4,586.921326, 613.559448, 455.991669, 203.040237,166.804611, 730.183044, 0.956584
5, 690,5,226.338211, 232.315704, 455.991669, 203.040237,166.804611, 730.183044, 0.974270
5, 690,6,356.031525, 366.294769, 455.991669, 203.040237,166.804611, 730.183044, 0.971981
5, 690,7,730.183044, 752.072205, 455.991669, 203.040237,166.804611, 730.183044, 0.970895
5, 691,0,813.095947, 787.584595, 489.575653, 354.304321,62.592152, 900.954590, 1.032392
5, 691,1,771.548889, 751.155884, 489.575653, 354.304321,62.592152, 900.954590, 1.027149
5, 691,2,779.294861, 749.125671, 489.575653, 354.304321,62.592152, 900.954590, 1.040273
5, 691,3,900.954590, 885.604675, 489.575653, 354.304321,62.592152, 900.954590, 1.017333
5, 691,4,223.826263, 227.485779, 489.575653, 354.304321,62.592152, 900.954590, 0.983913
5, 691,5,186.387741, 178.704468, 489.575653, 354.304321,62.592152, 900.954590, 1.042994
5, 691,6,178.905090, 179.133362, 489.575653, 354.304321,62.592152, 900.954590, 0.998726
5, 691,7,62.592152, 53.205498, 489.575653, 354.304321,62.592152, 900.954590, 1.176423
5, 692,0,155.469238, 165.714142, 504.127441, 444.388580,119.500786, 1080.405273, 0.938177
5, 692,1,367.783508, 366.725189, 504.127441, 444.388580,119.500786, 1080.405273, 1.002886
5, 692,2,1080.405273, 1020.322388, 504.127441, 444.388580,119.500786, 1080.405273, 1.058886
5, 692,3,968.661499, 929.760437, 504.127441, 444.388580,119.500786, 1080.405273, 1.041840
5, 692,4,175.572357, 113.458282, 504.127441, 444.388580,119.500786, 1080.405273, 1.547462
5, 692,5,119.500786, 103.339104, 504.127441, 444.388580,119.500786, 1080.405273, 1.156395
5, 692,6,121.262413, 98.167786, 504.127441, 444.388580,119.500786, 1080.405273, 1.235257
5, 692,7,1044.364868, 1014.512573, 504.127441, 444.388580,119.500786, 1080.405273, 1.029425
5, 693,0,912.413757, 901.976379, 473.678284, 276.122925,126.198784, 912.413757, 1.011572
5, 693,1,791.762329, 797.776917, 473.678284, 276.122925,126.198784, 912.413757, 0.992461
5, 693,2,416.819946, 417.291931, 473.678284, 276.122925,126.198784, 912.413757, 0.998869
5, 693,3,414.407104, 423.460907, 473.678284, 276.122925,126.198784, 912.413757, 0.978620
5, 693,4,126.198784, 131.416473, 473.678284, 276.122925,126.198784, 912.413757, 0.960297
5, 693,5,469.719788, 462.073029, 473.678284, 276.122925,126.198784, 912.413757, 1.016549
5, 693,6,141.031204, 151.437561, 473.678284, 276.122925,126.198784, 912.413757, 0.931283
5, 693,7,517.073120, 526.566772, 473.678284, 276.122925,126.198784, 912.413757, 0.981971
5, 694,0,742.605774, 689.881348, 498.627319, 324.522797,94.301697, 851.344666, 1.076425
5, 694,1,247.942474, 240.356918, 498.627319, 324.522797,94.301697, 851.344666, 1.031560
5, 694,2,94.301697, 98.892380, 498.627319, 324.522797,94.301697, 851.344666, 0.953579
5, 694,3,851.344666, 834.201660, 498.627319, 324.522797,94.301697, 851.344666, 1.020550
5, 694,4,406.811798, 390.207062, 498.627319, 324.522797,94.301697, 851.344666, 1.042554
5, 694,5,742.105042, 687.778503, 498.627319, 324.522797,94.301697, 851.344666, 1.078988
5, 694,6,808.940796, 777.839111, 498.627319, 324.522797,94.301697, 851.344666, 1.039985
5, 694,7,94.966278, 92.843346, 498.627319, 324.522797,94.301697, 851.344666, 1.022866
5, 695,0,463.305878, 457.204956, 484.463013, 221.983383,105.823227, 777.427490, 1.013344
5, 695,1,777.427490, 774.013000, 484.463013, 221.983383,105.823227, 777.427490, 1.004411
5, 695,2,611.598022, 603.123657, 484.463013, 221.983383,105.823227, 777.427490, 1.014051
5, 695,3,608.736694, 610.304871, 484.463013, 221.983383,105.823227, 777.427490, 0.997431
5, 695,4,317.016571, 321.188934, 484.463013, 221.983383,105.823227, 777.427490, 0.987010
5, 695,5,329.486908, 325.094574, 484.463013, 221.983383,105.823227, 777.427490, 1.013511
5, 695,6,105.823227, 58.580753, 484.463013, 221.983383,105.823227, 777.427490, 1.806450
5, 695,7,662.309326, 662.488953, 484.463013, 221.983383,105.823227, 777.427490, 0.999729
5, 696,0,306.497009, 296.711334, 488.865021, 369.885468,40.739399, 949.420532, 1.032980
5, 696,1,236.699326, 226.696976, 488.865021, 369.885468,40.739399, 949.420532, 1.044122
5, 696,2,40.739399, 15.346875, 488.865021, 369.885468,40.739399, 949.420532, 2.654573
5, 696,3,795.515381, 774.454651, 488.865021, 369.885468,40.739399, 949.420532, 1.027194
5, 696,4,47.451347, 79.657898, 488.865021, 369.885468,40.739399, 949.420532, 0.595689
5, 696,5,812.032593, 790.465637, 488.865021, 369.885468,40.739399, 949.420532, 1.027284
5, 696,6,949.420532, 930.494263, 488.865021, 369.885468,40.739399, 949.420532, 1.020340
5, 696,7,722.564697, 698.172546, 488.865021, 369.885468,40.739399, 949.420532, 1.034937
5, 697,0,630.875977, 643.023132, 473.806274, 223.077881,112.626289, 766.657288, 0.981109
5, 697,1,327.690552, 338.952667, 473.806274, 223.077881,112.626289, 766.657288, 0.966774
5, 697,2,287.832458, 286.856323, 473.806274, 223.077881,112.626289, 766.657288, 1.003403
5, 697,3,766.657288, 765.794250, 473.806274, 223.077881,112.626289, 766.657288, 1.001127
5, 697,4,618.058838, 613.989563, 473.806274, 223.077881,112.626289, 766.657288, 1.006628
5, 697,5,112.626289, 111.860786, 473.806274, 223.077881,112.626289, 766.657288, 1.006843
5, 697,6,409.759521, 416.700012, 473.806274, 223.077881,112.626289, 766.657288, 0.983344
5, 697,7,636.949585, 634.822998, 473.806274, 223.077881,112.626289, 766.657288, 1.003350
5, 698,0,263.689362, 272.477142, 469.054810, 269.364136,34.122395, 862.366943, 0.967749
5, 698,1,407.959747, 413.033783, 469.054810, 269.364136,34.122395, 862.366943, 0.987715
5, 698,2,34.122395, 25.107754, 469.054810, 269.364136,34.122395, 862.366943, 1.359038
5, 698,3,595.756775, 612.930847, 469.054810, 269.364136,34.122395, 862.366943, 0.971980
5, 698,4,416.809753, 424.869781, 469.054810, 269.364136,34.122395, 862.366943, 0.981029
5, 698,5,396.053497, 398.952484, 469.054810, 269.364136,34.122395, 862.366943, 0.992733
5, 698,6,862.366943, 875.279785, 469.054810, 269.364136,34.122395, 862.366943, 0.985247
5, 698,7,775.679871, 789.348389, 469.054810, 269.364136,34.122395, 862.366943, 0.982684
5, 699,0,419.388092, 411.581482, 478.420288, 255.943970,135.395813, 891.345398, 1.018967
5, 699,1,891.345398, 888.280640, 478.420288, 255.943970,135.395813, 891.345398, 1.003450
5, 699,2,295.430817, 290.230560, 478.420288, 255.943970,135.395813, 891.345398, 1.017918
5, 699,3,238.911911, 237.491547, 478.420288, 255.943970,135.395813, 891.345398, 1.005981
5, 699,4,534.977356, 534.528687, 478.420288, 255.943970,135.395813, 891.345398, 1.000839
5, 699,5,135.395813, 134.362854, 478.420288, 255.943970,135.395813, 891.345398, 1.007688
5, 699,6,585.931213, 594.134949, 478.420288, 255.943970,135.395813, 891.345398, 0.986192
5, 699,7,725.981995, 721.389221, 478.420288, 255.943970,135.395813, 891.345398, 1.006367
5, 700,0,453.775330, 463.516815, 469.421600, 292.206696,15.464786, 872.150208, 0.978984
5, 700,1,523.572754, 525.913269, 469.421600, 292.206696,15.464786, 872.150208, 0.995550
5, 700,2,872.150208, 885.835510, 469.421600, 292.206696,15.464786, 872.150208, 0.984551
5, 700,3,551.164490, 556.403137, 469.421600, 292.206696,15.464786, 872.150208, 0.990585
5, 700,4,15.464786, 30.991976, 469.421600, 292.206696,15.464786, 872.150208, 0.498993
5, 700,5,241.803757, 244.292343, 469.421600, 292.206696,15.464786, 872.150208, 0.989813
5, 700,6,827.270935, 832.550598, 469.421600, 292.206696,15.464786, 872.150208, 0.993658
5, 700,7,270.170410, 272.496307, 469.421600, 292.206696,15.464786, 872.150208, 0.991464
5, 701,0,27.961794, 21.136848, 488.343658, 353.148315,20.681957, 828.576782, 1.322893
5, 701,1,817.776611, 796.907593, 488.343658, 353.148315,20.681957, 828.576782, 1.026188
5, 701,2,20.681957, 13.178205, 488.343658, 353.148315,20.681957, 828.576782, 1.569406
5, 701,3,657.727600, 639.730957, 488.343658, 353.148315,20.681957, 828.576782, 1.028132
5, 701,4,828.576782, 810.145752, 488.343658, 353.148315,20.681957, 828.576782, 1.022750
5, 701,5,519.992920, 507.691010, 488.343658, 353.148315,20.681957, 828.576782, 1.024231
5, 701,6,211.470627, 216.583282, 488.343658, 353.148315,20.681957, 828.576782, 0.976394
5, 701,7,822.560974, 806.626099, 488.343658, 353.148315,20.681957, 828.576782, 1.019755
5, 702,0,606.007629, 643.913452, 471.710632, 207.633118,129.011444, 730.304443, 0.941132
5, 702,1,334.706207, 335.032837, 471.710632, 207.633118,129.011444, 730.304443, 0.999025
5, 702,2,465.229401, 466.415924, 471.710632, 207.633118,129.011444, 730.304443, 0.997456
5, 702,3,275.381348, 275.616577, 471.710632, 207.633118,129.011444, 730.304443, 0.999147
5, 702,4,624.683472, 630.744202, 471.710632, 207.633118,129.011444, 730.304443, 0.990391
5, 702,5,129.011444, 124.811058, 471.710632, 207.633118,129.011444, 730.304443, 1.033654
5, 702,6,608.361023, 603.079956, 471.710632, 207.633118,129.011444, 730.304443, 1.008757
5, 702,7,730.304443, 732.385986, 471.710632, 207.633118,129.011444, 730.304443, 0.997158
5, 703,0,917.756653, 921.999756, 484.274902, 355.407623,105.189392, 917.756653, 0.995398
5, 703,1,441.949219, 450.862762, 484.274902, 355.407623,105.189392, 917.756653, 0.980230
5, 703,2,463.810303, 457.684296, 484.274902, 355.407623,105.189392, 917.756653, 1.013385
5, 703,3,814.857788, 795.107605, 484.274902, 355.407623,105.189392, 917.756653, 1.024840
5, 703,4,897.294006, 899.392212, 484.274902, 355.407623,105.189392, 917.756653, 0.997667
5, 703,5,105.615845, 62.579964, 484.274902, 355.407623,105.189392, 917.756653, 1.687694
5, 703,6,127.726166, 118.631050, 484.274902, 355.407623,105.189392, 917.756653, 1.076667
5, 703,7,105.189392, 105.742622, 484.274902, 355.407623,105.189392, 917.756653, 0.994768
5, 704,0,57.013607, 43.024937, 505.284088, 468.200104,57.013607, 1240.855713, 1.325129
5, 704,1,1240.855713, 1171.711304, 505.284088, 468.200104,57.013607, 1240.855713, 1.059011
5, 704,2,253.646591, 244.385803, 505.284088, 468.200104,57.013607, 1240.855713, 1.037894
5, 704,3,104.724274, 80.063950, 505.284088, 468.200104,57.013607, 1240.855713, 1.308008
5, 704,4,358.203278, 307.552856, 505.284088, 468.200104,57.013607, 1240.855713, 1.164688
5, 704,5,865.989197, 829.419800, 505.284088, 468.200104,57.013607, 1240.855713, 1.044090
5, 704,6,1031.205933, 1003.192932, 505.284088, 468.200104,57.013607, 1240.855713, 1.027924
5, 704,7,130.633957, 132.648407, 505.284088, 468.200104,57.013607, 1240.855713, 0.984814
5, 705,0,467.201019, 471.615723, 474.972351, 282.925903,146.830978, 864.340149, 0.990639
5, 705,1,599.592896, 604.801331, 474.972351, 282.925903,146.830978, 864.340149, 0.991388
5, 705,2,273.070770, 278.669769, 474.972351, 282.925903,146.830978, 864.340149, 0.979908
5, 705,3,852.580444, 844.850342, 474.972351, 282.925903,146.830978, 864.340149, 1.009150
5, 705,4,438.654480, 443.026489, 474.972351, 282.925903,146.830978, 864.340149, 0.990131
5, 705,5,157.507919, 157.921066, 474.972351, 282.925903,146.830978, 864.340149, 0.997384
5, 705,6,864.340149, 865.757080, 474.972351, 282.925903,146.830978, 864.340149, 0.998363
5, 705,7,146.830978, 145.358170, 474.972351, 282.925903,146.830978, 864.340149, 1.010132
5, 706,0,895.872681, 914.829407, 467.299377, 324.493561,51.325550, 895.872681, 0.979278
5, 706,1,201.770767, 210.684509, 467.299377, 324.493561,51.325550, 895.872681, 0.957691
5, 706,2,51.325550, 48.899632, 467.299377, 324.493561,51.325550, 895.872681, 1.049610
5, 706,3,383.378571, 376.971527, 467.299377, 324.493561,51.325550, 895.872681, 1.016996
5, 706,4,104.448288, 108.593239, 467.299377, 324.493561,51.325550, 895.872681, 0.961830
5, 706,5,679.350281, 687.196899, 467.299377, 324.493561,51.325550, 895.872681, 0.988582
5, 706,6,771.487000, 766.486023, 467.299377, 324.493561,51.325550, 895.872681, 1.006525
5, 706,7,650.761902, 698.338806, 467.299377, 324.493561,51.325550, 895.872681, 0.931871
5, 707,0,889.056335, 878.867615, 480.580139, 333.876038,77.541222, 889.056335, 1.011593
5, 707,1,127.269073, 128.593979, 480.580139, 333.876038,77.541222, 889.056335, 0.989697
5, 707,2,767.736633, 754.139038, 480.580139, 333.876038,77.541222, 889.056335, 1.018031
5, 707,3,720.873108, 709.589294, 480.580139, 333.876038,77.541222, 889.056335, 1.015902
5, 707,4,542.182678, 527.720215, 480.580139, 333.876038,77.541222, 889.056335, 1.027406
5, 707,5,77.541222, 83.883484, 480.580139, 333.876038,77.541222, 889.056335, 0.924392
5, 707,6,83.302956, 97.224304, 480.580139, 333.876038,77.541222, 889.056335, 0.856812
5, 707,7,636.679260, 631.982178, 480.580139, 333.876038,77.541222, 889.056335, 1.007432
5, 708,0,785.374023, 765.252197, 482.506561, 226.482895,227.536514, 785.374023, 1.026294
5, 708,1,227.536514, 230.757584, 482.506561, 226.482895,227.536514, 785.374023, 0.986041
5, 708,2,416.892548, 412.497711, 482.506561, 226.482895,227.536514, 785.374023, 1.010654
5, 708,3,342.197235, 338.323883, 482.506561, 226.482895,227.536514, 785.374023, 1.011449
5, 708,4,783.096680, 767.278137, 482.506561, 226.482895,227.536514, 785.374023, 1.020616
5, 708,5,647.237427, 640.930115, 482.506561, 226.482895,227.536514, 785.374023, 1.009841
5, 708,6,411.397888, 399.841400, 482.506561, 226.482895,227.536514, 785.374023, 1.028903
5, 708,7,246.320023, 257.118866, 482.506561, 226.482895,227.536514, 785.374023, 0.958001
5, 709,0,164.647247, 165.278412, 488.713562, 309.867645,54.455635, 899.264526, 0.996181
5, 709,1,309.306000, 306.519867, 488.713562, 309.867645,54.455635, 899.264526, 1.009090
5, 709,2,552.225769, 534.976440, 488.713562, 309.867645,54.455635, 899.264526, 1.032243
5, 709,3,54.455635, 37.027687, 488.713562, 309.867645,54.455635, 899.264526, 1.470673
5, 709,4,734.880493, 726.349854, 488.713562, 309.867645,54.455635, 899.264526, 1.011744
5, 709,5,385.919830, 370.340057, 488.713562, 309.867645,54.455635, 899.264526, 1.042069
5, 709,6,809.008911, 788.310120, 488.713562, 309.867645,54.455635, 899.264526, 1.026257
5, 709,7,899.264526, 883.197632, 488.713562, 309.867645,54.455635, 899.264526, 1.018192
5, 710,0,789.643005, 778.705505, 486.674347, 331.841522,41.924793, 1014.552551, 1.014046
5, 710,1,111.532516, 117.931107, 486.674347, 331.841522,41.924793, 1014.552551, 0.945743
5, 710,2,1014.552551, 990.848145, 486.674347, 331.841522,41.924793, 1014.552551, 1.023923
5, 710,3,570.445923, 552.914063, 486.674347, 331.841522,41.924793, 1014.552551, 1.031708
5, 710,4,273.837372, 277.629761, 486.674347, 331.841522,41.924793, 1014.552551, 0.986340
5, 710,5,581.508545, 579.720032, 486.674347, 331.841522,41.924793, 1014.552551, 1.003085
5, 710,6,509.950287, 496.473846, 486.674347, 331.841522,41.924793, 1014.552551, 1.027144
5, 710,7,41.924793, 17.777433, 486.674347, 331.841522,41.924793, 1014.552551, 2.358315
5, 711,0,728.785828, 736.226135, 470.768616, 199.507721,182.128998, 728.785828, 0.989894
5, 711,1,244.624527, 232.481979, 470.768616, 199.507721,182.128998, 728.785828, 1.052230
5, 711,2,595.955933, 601.805908, 470.768616, 199.507721,182.128998, 728.785828, 0.990279
5, 711,3,517.511475, 524.911682, 470.768616, 199.507721,182.128998, 728.785828, 0.985902
5, 711,4,476.789917, 499.223999, 470.768616, 199.507721,182.128998, 728.785828, 0.955062
5, 711,5,341.953888, 343.119965, 470.768616, 199.507721,182.128998, 728.785828, 0.996602
5, 711,6,182.128998, 170.638550, 470.768616, 199.507721,182.128998, 728.785828, 1.067338
5, 711,7,678.398621, 703.591919, 470.768616, 199.507721,182.128998, 728.785828, 0.964193
5, 712,0,428.456757, 457.067566, 464.992615, 183.393906,215.807648, 730.837524, 0.937404
5, 712,1,730.837524, 694.093384, 464.992615, 183.393906,215.807648, 730.837524, 1.052938
5, 712,2,704.027771, 728.111389, 464.992615, 183.393906,215.807648, 730.837524, 0.966923
5, 712,3,538.232178, 552.650391, 464.992615, 183.393906,215.807648, 730.837524, 0.973911
5, 712,4,215.807648, 261.093445, 464.992615, 183.393906,215.807648, 730.837524, 0.826553
5, 712,5,418.548187, 418.547974, 464.992615, 183.393906,215.807648, 730.837524, 1.000000
5, 712,6,285.331970, 296.799500, 464.992615, 183.393906,215.807648, 730.837524, 0.961363
5, 712,7,398.698853, 403.636353, 464.992615, 183.393906,215.807648, 730.837524, 0.987767
5, 713,0,532.995056, 552.429077, 457.053406, 244.881470,108.685036, 780.307251, 0.964821
5, 713,1,637.907654, 682.559814, 457.053406, 244.881470,108.685036, 780.307251, 0.934581
5, 713,2,780.307251, 804.485046, 457.053406, 244.881470,108.685036, 780.307251, 0.969946
5, 713,3,252.409744, 265.407166, 457.053406, 244.881470,108.685036, 780.307251, 0.951028
5, 713,4,323.941772, 329.893463, 457.053406, 244.881470,108.685036, 780.307251, 0.981959
5, 713,5,108.685036, 112.039658, 457.053406, 244.881470,108.685036, 780.307251, 0.970059
5, 713,6,722.476868, 756.508423, 457.053406, 244.881470,108.685036, 780.307251, 0.955015
5, 713,7,297.703979, 308.677307, 457.053406, 244.881470,108.685036, 780.307251, 0.964450
5, 714,0,510.373230, 499.900879, 479.961426, 282.653473,13.198692, 823.925598, 1.020949
5, 714,1,412.964203, 410.864502, 479.961426, 282.653473,13.198692, 823.925598, 1.005111
5, 714,2,703.242493, 699.329285, 479.961426, 282.653473,13.198692, 823.925598, 1.005596
5, 714,3,13.198692, 15.144436, 479.961426, 282.653473,13.198692, 823.925598, 0.871521
5, 714,4,375.060211, 376.986481, 479.961426, 282.653473,13.198692, 823.925598, 0.994890
5, 714,5,823.925598, 815.468140, 479.961426, 282.653473,13.198692, 823.925598, 1.010371
5, 714,6,221.215179, 227.622192, 479.961426, 282.653473,13.198692, 823.925598, 0.971852
5, 714,7,779.711914, 766.683777, 479.961426, 282.653473,13.198692, 823.925598, 1.016993
5, 715,0,374.261169, 366.630432, 482.757263, 281.445221,70.079681, 856.761108, 1.020813
5, 715,1,856.761108, 841.735840, 482.757263, 281.445221,70.079681, 856.761108, 1.017850
5, 715,2,70.079681, 86.948456, 482.757263, 281.445221,70.079681, 856.761108, 0.805991
5, 715,3,693.755859, 682.324341, 482.757263, 281.445221,70.079681, 856.761108, 1.016754
5, 715,4,795.615784, 773.995544, 482.757263, 281.445221,70.079681, 856.761108, 1.027933
5, 715,5,482.501465, 471.152100, 482.757263, 281.445221,70.079681, 856.761108, 1.024089
5, 715,6,196.369568, 195.420135, 482.757263, 281.445221,70.079681, 856.761108, 1.004858
5, 715,7,392.713287, 393.793274, 482.757263, 281.445221,70.079681, 856.761108, 0.997257
5, 716,0,354.825439, 332.837952, 493.644470, 242.268692,100.971664, 761.605225, 1.066061
5, 716,1,604.422119, 586.508118, 493.644470, 242.268692,100.971664, 761.605225, 1.030543
5, 716,2,761.605225, 739.228088, 493.644470, 242.268692,100.971664, 761.605225, 1.030271
5, 716,3,660.189270, 638.913574, 493.644470, 242.268692,100.971664, 761.605225, 1.033300
5, 716,4,220.231003, 212.488815, 493.644470, 242.268692,100.971664, 761.605225, 1.036436
5, 716,5,715.996338, 706.692383, 493.644470, 242.268692,100.971664, 761.605225, 1.013165
5, 716,6,100.971664, 66.219429, 493.644470, 242.268692,100.971664, 761.605225, 1.524804
5, 716,7,530.914856, 529.111511, 493.644470, 242.268692,100.971664, 761.605225, 1.003408
5, 717,0,875.810852, 872.859314, 499.462860, 295.039795,61.057102, 875.810852, 1.003381
5, 717,1,660.954102, 625.927368, 499.462860, 295.039795,61.057102, 875.810852, 1.055960
5, 717,2,307.390533, 321.890717, 499.462860, 295.039795,61.057102, 875.810852, 0.954953
5, 717,3,683.397217, 620.730591, 499.462860, 295.039795,61.057102, 875.810852, 1.100956
5, 717,4,708.023499, 713.208313, 499.462860, 295.039795,61.057102, 875.810852, 0.992730
5, 717,5,561.954590, 504.956390, 499.462860, 295.039795,61.057102, 875.810852, 1.112877
5, 717,6,61.057102, 37.400795, 499.462860, 295.039795,61.057102, 875.810852, 1.632508
5, 717,7,137.114883, 115.026543, 499.462860, 295.039795,61.057102, 875.810852, 1.192028
5, 718,0,601.124146, 616.559326, 460.527771, 171.417511,191.772125, 668.341003, 0.974966
5, 718,1,335.482941, 332.168640, 460.527771, 171.417511,191.772125, 668.341003, 1.009978
5, 718,2,518.555542, 566.188660, 460.527771, 171.417511,191.772125, 668.341003, 0.915871
5, 718,3,668.341003, 692.612061, 460.527771, 171.417511,191.772125, 668.341003, 0.964957
5, 718,4,486.780121, 507.671204, 460.527771, 171.417511,191.772125, 668.341003, 0.958849
5, 718,5,191.772125, 172.313782, 460.527771, 171.417511,191.772125, 668.341003, 1.112924
5, 718,6,282.881256, 294.167145, 460.527771, 171.417511,191.772125, 668.341003, 0.961634
5, 718,7,599.285034, 630.319336, 460.527771, 171.417511,191.772125, 668.341003, 0.950764
5, 719,0,733.707520, 696.266846, 495.822632, 309.239471,141.952423, 953.778076, 1.053773
5, 719,1,183.585388, 169.059875, 495.822632, 309.239471,141.952423, 953.778076, 1.085919
5, 719,2,524.571228, 521.921753, 495.822632, 309.239471,141.952423, 953.778076, 1.005076
5, 719,3,819.815002, 793.184692, 495.822632, 309.239471,141.952423, 953.778076, 1.033574
5, 719,4,331.363068, 325.116089, 495.822632, 309.239471,141.952423, 953.778076, 1.019215
5, 719,5,277.808319, 262.306458, 495.822632, 309.239471,141.952423, 953.778076, 1.059098
5, 719,6,141.952423, 126.708427, 495.822632, 309.239471,141.952423, 953.778076, 1.120308
5, 719,7,953.778076, 917.435547, 495.822632, 309.239471,141.952423, 953.778076, 1.039613
5, 720,0,784.301147, 806.013367, 467.124451, 322.651062,49.752281, 860.089294, 0.973062
5, 720,1,55.206543, 45.553780, 467.124451, 322.651062,49.752281, 860.089294, 1.211898
5, 720,2,192.612381, 188.814590, 467.124451, 322.651062,49.752281, 860.089294, 1.020114
5, 720,3,49.752281, 43.664772, 467.124451, 322.651062,49.752281, 860.089294, 1.139415
5, 720,4,860.089294, 881.236267, 467.124451, 322.651062,49.752281, 860.089294, 0.976003
5, 720,5,555.226929, 579.231506, 467.124451, 322.651062,49.752281, 860.089294, 0.958558
5, 720,6,616.320435, 629.627502, 467.124451, 322.651062,49.752281, 860.089294, 0.978865
5, 720,7,623.486938, 637.858154, 467.124451, 322.651062,49.752281, 860.089294, 0.977470
5, 721,0,129.547821, 132.270721, 467.063232, 362.678162,23.020603, 831.576721, 0.979414
5, 721,1,831.576721, 837.431885, 467.063232, 362.678162,23.020603, 831.576721, 0.993008
5, 721,2,820.057312, 827.244751, 467.063232, 362.678162,23.020603, 831.576721, 0.991312
5, 721,3,791.203857, 807.325500, 467.063232, 362.678162,23.020603, 831.576721, 0.980031
5, 721,4,23.020603, 31.208426, 467.063232, 362.678162,23.020603, 831.576721, 0.737641
5, 721,5,762.861328, 788.164673, 467.063232, 362.678162,23.020603, 831.576721, 0.967896
5, 721,6,138.555756, 144.328445, 467.063232, 362.678162,23.020603, 831.576721, 0.960003
5, 721,7,239.682739, 244.025726, 467.063232, 362.678162,23.020603, 831.576721, 0.982203
5, 722,0,40.561516, 24.865799, 485.227020, 355.302673,40.561516, 1011.203430, 1.631217
5, 722,1,820.498962, 810.989502, 485.227020, 355.302673,40.561516, 1011.203430, 1.011726
5, 722,2,266.155975, 267.325928, 485.227020, 355.302673,40.561516, 1011.203430, 0.995623
5, 722,3,195.491745, 197.136307, 485.227020, 355.302673,40.561516, 1011.203430, 0.991658
5, 722,4,793.968506, 769.955566, 485.227020, 355.302673,40.561516, 1011.203430, 1.031187
5, 722,5,1011.203430, 984.411804, 485.227020, 355.302673,40.561516, 1011.203430, 1.027216
5, 722,6,224.991089, 226.975891, 485.227020, 355.302673,40.561516, 1011.203430, 0.991255
5, 722,7,528.945068, 530.339050, 485.227020, 355.302673,40.561516, 1011.203430, 0.997372
5, 723,0,65.089890, 57.659096, 470.332672, 288.272491,65.089890, 804.775024, 1.128875
5, 723,1,385.380951, 363.465149, 470.332672, 288.272491,65.089890, 804.775024, 1.060297
5, 723,2,125.122574, 117.628189, 470.332672, 288.272491,65.089890, 804.775024, 1.063712
5, 723,3,761.118774, 778.817200, 470.332672, 288.272491,65.089890, 804.775024, 0.977275
5, 723,4,414.140900, 427.010620, 470.332672, 288.272491,65.089890, 804.775024, 0.969861
5, 723,5,436.099701, 446.240112, 470.332672, 288.272491,65.089890, 804.775024, 0.977276
5, 723,6,804.775024, 836.453796, 470.332672, 288.272491,65.089890, 804.775024, 0.962127
5, 723,7,770.933777, 784.725952, 470.332672, 288.272491,65.089890, 804.775024, 0.982424
5, 724,0,865.993713, 835.298462, 490.963440, 265.294098,49.826336, 865.993713, 1.036748
5, 724,1,378.426605, 367.589233, 490.963440, 265.294098,49.826336, 865.993713, 1.029482
5, 724,2,490.942352, 486.099762, 490.963440, 265.294098,49.826336, 865.993713, 1.009962
5, 724,3,402.217651, 387.389984, 490.963440, 265.294098,49.826336, 865.993713, 1.038276
5, 724,4,667.186401, 634.298096, 490.963440, 265.294098,49.826336, 865.993713, 1.051850
5, 724,5,49.826336, 66.516304, 490.963440, 265.294098,49.826336, 865.993713, 0.749085
5, 724,6,762.017456, 737.550537, 490.963440, 265.294098,49.826336, 865.993713, 1.033173
5, 724,7,311.097229, 297.257843, 490.963440, 265.294098,49.826336, 865.993713, 1.046557
5, 725,0,223.134232, 208.308685, 495.031921, 351.401459,109.331833, 1165.706665, 1.071171
5, 725,1,1165.706665, 1151.165405, 495.031921, 351.401459,109.331833, 1165.706665, 1.012632
5, 725,2,109.331833, 72.113930, 495.031921, 351.401459,109.331833, 1165.706665, 1.516099
5, 725,3,419.924316, 396.502502, 495.031921, 351.401459,109.331833, 1165.706665, 1.059071
5, 725,4,615.792908, 570.592468, 495.031921, 351.401459,109.331833, 1165.706665, 1.079217
5, 725,5,139.212082, 123.044502, 495.031921, 351.401459,109.331833, 1165.706665, 1.131396
5, 725,6,622.126465, 611.871155, 495.031921, 351.401459,109.331833, 1165.706665, 1.016761
5, 725,7,665.026917, 678.401428, 495.031921, 351.401459,109.331833, 1165.706665, 0.980285
5, 726,0,545.394897, 530.008118, 476.305634, 256.577057,68.018867, 843.574585, 1.029031
5, 726,1,843.574585, 839.668396, 476.305634, 256.577057,68.018867, 843.574585, 1.004652
5, 726,2,711.450378, 704.480530, 476.305634, 256.577057,68.018867, 843.574585, 1.009894
5, 726,3,68.018867, 112.800522, 476.305634, 256.577057,68.018867, 843.574585, 0.603001
5, 726,4,309.586182, 297.107178, 476.305634, 256.577057,68.018867, 843.574585, 1.042002
5, 726,5,656.847351, 647.389526, 476.305634, 256.577057,68.018867, 843.574585, 1.014609
5, 726,6,323.543243, 330.360016, 476.305634, 256.577057,68.018867, 843.574585, 0.979366
5, 726,7,352.029541, 350.185822, 476.305634, 256.577057,68.018867, 843.574585, 1.005265
5, 727,0,648.723755, 627.367126, 501.088989, 357.584259,113.348221, 954.369202, 1.034042
5, 727,1,281.149414, 250.170105, 501.088989, 357.584259,113.348221, 954.369202, 1.123833
5, 727,2,954.369202, 941.917419, 501.088989, 357.584259,113.348221, 954.369202, 1.013220
5, 727,3,933.920837, 876.607971, 501.088989, 357.584259,113.348221, 954.369202, 1.065380
5, 727,4,178.218491, 162.066772, 501.088989, 357.584259,113.348221, 954.369202, 1.099661
5, 727,5,742.899231, 705.170776, 501.088989, 357.584259,113.348221, 954.369202, 1.053503
5, 727,6,113.348221, 94.211693, 501.088989, 357.584259,113.348221, 954.369202, 1.203123
5, 727,7,156.082870, 154.488312, 501.088989, 357.584259,113.348221, 954.369202, 1.010321
5, 728,0,838.267090, 847.493225, 475.019562, 262.054810,69.490356, 838.267090, 0.989114
5, 728,1,343.384216, 341.912933, 475.019562, 262.054810,69.490356, 838.267090, 1.004303
5, 728,2,658.802246, 669.822937, 475.019562, 262.054810,69.490356, 838.267090, 0.983547
5, 728,3,174.759201, 166.475082, 475.019562, 262.054810,69.490356, 838.267090, 1.049762
5, 728,4,660.592896, 665.178467, 475.019562, 262.054810,69.490356, 838.267090, 0.993106
5, 728,5,487.965576, 493.050751, 475.019562, 262.054810,69.490356, 838.267090, 0.989686
5, 728,6,69.490356, 65.297440, 475.019562, 262.054810,69.490356, 838.267090, 1.064213
5, 728,7,566.894775, 562.769165, 475.019562, 262.054810,69.490356, 838.267090, 1.007331
5, 729,0,121.411911, 117.711334, 494.850830, 364.746155,121.411911, 1141.317017, 1.031438
5, 729,1,519.202454, 474.240997, 494.850830, 364.746155,121.411911, 1141.317017, 1.094807
5, 729,2,290.971832, 296.852295, 494.850830, 364.746155,121.411911, 1141.317017, 0.980191
5, 729,3,919.594727, 898.283447, 494.850830, 364.746155,121.411911, 1141.317017, 1.023724
5, 729,4,208.986755, 218.310638, 494.850830, 364.746155,121.411911, 1141.317017, 0.957291
5, 729,5,1141.317017, 1081.547363, 494.850830, 364.746155,121.411911, 1141.317017, 1.055263
5, 729,6,524.636536, 499.665649, 494.850830, 364.746155,121.411911, 1141.317017, 1.049975
5, 729,7,232.685394, 225.388306, 494.850830, 364.746155,121.411911, 1141.317017, 1.032376
5, 730,0,139.000885, 139.093338, 475.208252, 259.875305,104.001068, 851.387390, 0.999335
5, 730,1,651.086121, 639.250549, 475.208252, 259.875305,104.001068, 851.387390, 1.018515
5, 730,2,463.775543, 460.005646, 475.208252, 259.875305,104.001068, 851.387390, 1.008195
5, 730,3,851.387390, 868.560303, 475.208252, 259.875305,104.001068, 851.387390, 0.980228
5, 730,4,371.700287, 366.553162, 475.208252, 259.875305,104.001068, 851.387390, 1.014042
5, 730,5,104.001068, 113.742950, 475.208252, 259.875305,104.001068, 851.387390, 0.914352
5, 730,6,642.737915, 650.032410, 475.208252, 259.875305,104.001068, 851.387390, 0.988778
5, 730,7,577.977112, 574.761719, 475.208252, 259.875305,104.001068, 851.387390, 1.005594
5, 731,0,523.110413, 538.493347, 463.838196, 151.968124,226.847000, 633.493164, 0.971433
5, 731,1,633.493164, 644.783386, 463.838196, 151.968124,226.847000, 633.493164, 0.982490
5, 731,2,403.223511, 418.235779, 463.838196, 151.968124,226.847000, 633.493164, 0.964106
5, 731,3,226.847000, 211.922363, 463.838196, 151.968124,226.847000, 633.493164, 1.070425
5, 731,4,603.453186, 615.855347, 463.838196, 151.968124,226.847000, 633.493164, 0.979862
5, 731,5,330.555664, 352.259613, 463.838196, 151.968124,226.847000, 633.493164, 0.938386
5, 731,6,618.147583, 642.444397, 463.838196, 151.968124,226.847000, 633.493164, 0.962181
5, 731,7,371.874878, 388.005920, 463.838196, 151.968124,226.847000, 633.493164, 0.958426
5, 732,0,208.878586, 214.639694, 488.766602, 232.789078,208.878586, 869.673767, 0.973159
5, 732,1,334.652832, 312.054016, 488.766602, 232.789078,208.878586, 869.673767, 1.072420
5, 732,2,253.933273, 253.282608, 488.766602, 232.789078,208.878586, 869.673767, 1.002569
5, 732,3,546.432373, 524.542542, 488.766602, 232.789078,208.878586, 869.673767, 1.041731
5, 732,4,678.518799, 669.144836, 488.766602, 232.789078,208.878586, 869.673767, 1.014009
5, 732,5,373.267670, 371.711578, 488.766602, 232.789078,208.878586, 869.673767, 1.004186
5, 732,6,644.775513, 635.660706, 488.766602, 232.789078,208.878586, 869.673767, 1.014339
5, 732,7,869.673767, 830.964050, 488.766602, 232.789078,208.878586, 869.673767, 1.046584
5, 733,0,355.747467, 360.266754, 471.874023, 222.120605,120.427780, 735.448059, 0.987456
5, 733,1,689.864319, 700.600281, 471.874023, 222.120605,120.427780, 735.448059, 0.984676
5, 733,2,735.448059, 743.484497, 471.874023, 222.120605,120.427780, 735.448059, 0.989191
5, 733,3,318.298492, 323.730682, 471.874023, 222.120605,120.427780, 735.448059, 0.983220
5, 733,4,120.427780, 114.630180, 471.874023, 222.120605,120.427780, 735.448059, 1.050577
5, 733,5,567.968689, 573.797302, 471.874023, 222.120605,120.427780, 735.448059, 0.989842
5, 733,6,323.903015, 325.763031, 471.874023, 222.120605,120.427780, 735.448059, 0.994290
5, 733,7,663.334290, 669.727295, 471.874023, 222.120605,120.427780, 735.448059, 0.990454
5, 734,0,525.258484, 526.326355, 479.816681, 259.167328,18.460680, 810.021118, 0.997971
5, 734,1,810.021118, 807.171631, 479.816681, 259.167328,18.460680, 810.021118, 1.003530
5, 734,2,760.125916, 749.899902, 479.816681, 259.167328,18.460680, 810.021118, 1.013636
5, 734,3,615.459900, 616.450562, 479.816681, 259.167328,18.460680, 810.021118, 0.998393
5, 734,4,324.413147, 317.756683, 479.816681, 259.167328,18.460680, 810.021118, 1.020948
5, 734,5,322.333710, 318.637787, 479.816681, 259.167328,18.460680, 810.021118, 1.011599
5, 734,6,18.460680, 17.401264, 479.816681, 259.167328,18.460680, 810.021118, 1.060881
5, 734,7,462.460419, 458.355530, 479.816681, 259.167328,18.460680, 810.021118, 1.008956
5, 735,0,81.653526, 66.378952, 485.740753, 301.962067,81.653526, 887.978577, 1.230112
5, 735,1,295.359161, 284.505707, 485.740753, 301.962067,81.653526, 887.978577, 1.038148
5, 735,2,117.231880, 117.913055, 485.740753, 301.962067,81.653526, 887.978577, 0.994223
5, 735,3,586.859619, 569.215393, 485.740753, 301.962067,81.653526, 887.978577, 1.030997
5, 735,4,887.978577, 881.261963, 485.740753, 301.962067,81.653526, 887.978577, 1.007622
5, 735,5,603.353760, 585.184448, 485.740753, 301.962067,81.653526, 887.978577, 1.031049
5, 735,6,827.916199, 820.714783, 485.740753, 301.962067,81.653526, 887.978577, 1.008775
5, 735,7,485.573242, 486.825775, 485.740753, 301.962067,81.653526, 887.978577, 0.997427
5, 736,0,208.497925, 203.784576, 478.282867, 223.203644,136.671249, 719.849487, 1.023129
5, 736,1,136.671249, 139.021332, 478.282867, 223.203644,136.671249, 719.849487, 0.983096
5, 736,2,658.934509, 657.258911, 478.282867, 223.203644,136.671249, 719.849487, 1.002549
5, 736,3,437.980011, 436.659882, 478.282867, 223.203644,136.671249, 719.849487, 1.003023
5, 736,4,611.250366, 612.348511, 478.282867, 223.203644,136.671249, 719.849487, 0.998207
5, 736,5,719.849487, 709.921570, 478.282867, 223.203644,136.671249, 719.849487, 1.013985
5, 736,6,675.376953, 684.929871, 478.282867, 223.203644,136.671249, 719.849487, 0.986053
5, 736,7,377.702332, 368.075409, 478.282867, 223.203644,136.671249, 719.849487, 1.026155
5, 737,0,274.816193, 295.173004, 500.696075, 438.757904,54.046333, 1200.460205, 0.931034
5, 737,1,1168.239746, 1108.030029, 500.696075, 438.757904,54.046333, 1200.460205, 1.054339
5, 737,2,352.052338, 341.144897, 500.696075, 438.757904,54.046333, 1200.460205, 1.031973
5, 737,3,439.522949, 415.545868, 500.696075, 438.757904,54.046333, 1200.460205, 1.057700
5, 737,4,353.939362, 312.862946, 500.696075, 438.757904,54.046333, 1200.460205, 1.131292
5, 737,5,54.046333, 49.131294, 500.696075, 438.757904,54.046333, 1200.460205, 1.100039
5, 737,6,162.491104, 173.181900, 500.696075, 438.757904,54.046333, 1200.460205, 0.938268
5, 737,7,1200.460205, 1116.930176, 500.696075, 438.757904,54.046333, 1200.460205, 1.074785
5, 738,0,434.322906, 432.812866, 468.082367, 210.117065,220.217133, 720.808899, 1.003489
5, 738,1,706.143494, 723.290283, 468.082367, 210.117065,220.217133, 720.808899, 0.976293
5, 738,2,346.329956, 354.954834, 468.082367, 210.117065,220.217133, 720.808899, 0.975701
5, 738,3,720.808899, 731.445129, 468.082367, 210.117065,220.217133, 720.808899, 0.985459
5, 738,4,696.396423, 713.664490, 468.082367, 210.117065,220.217133, 720.808899, 0.975804
5, 738,5,220.217133, 231.006439, 468.082367, 210.117065,220.217133, 720.808899, 0.953294
5, 738,6,377.791077, 386.361267, 468.082367, 210.117065,220.217133, 720.808899, 0.977818
5, 738,7,242.649185, 238.464508, 468.082367, 210.117065,220.217133, 720.808899, 1.017548
5, 739,0,612.428650, 629.276184, 457.101349, 200.814575,202.835037, 717.359009, 0.973227
5, 739,1,257.462006, 273.106750, 457.101349, 200.814575,202.835037, 717.359009, 0.942716
5, 739,2,383.370636, 412.605621, 457.101349, 200.814575,202.835037, 717.359009, 0.929145
5, 739,3,447.837708, 468.129242, 457.101349, 200.814575,202.835037, 717.359009, 0.956654
5, 739,4,717.359009, 751.765930, 457.101349, 200.814575,202.835037, 717.359009, 0.954232
5, 739,5,326.660950, 338.764496, 457.101349, 200.814575,202.835037, 717.359009, 0.964271
5, 739,6,708.856934, 744.819519, 457.101349, 200.814575,202.835037, 717.359009, 0.951716
5, 739,7,202.835037, 193.532410, 457.101349, 200.814575,202.835037, 717.359009, 1.048068
5, 740,0,284.650726, 299.674835, 455.390686, 242.240311,67.114204, 763.213440, 0.949865
5, 740,1,763.213440, 792.531616, 455.390686, 242.240311,67.114204, 763.213440, 0.963007
5, 740,2,367.399689, 385.105072, 455.390686, 242.240311,67.114204, 763.213440, 0.954025
5, 740,3,591.079712, 637.844788, 455.390686, 242.240311,67.114204, 763.213440, 0.926683
5, 740,4,691.483704, 727.448120, 455.390686, 242.240311,67.114204, 763.213440, 0.950561
5, 740,5,275.275299, 275.388397, 455.390686, 242.240311,67.114204, 763.213440, 0.999589
5, 740,6,602.908752, 621.671143, 455.390686, 242.240311,67.114204, 763.213440, 0.969819
5, 740,7,67.114204, 72.336082, 455.390686, 242.240311,67.114204, 763.213440, 0.927811
5, 741,0,653.542419, 671.129639, 470.905518, 208.152908,102.630852, 736.195984, 0.973795
5, 741,1,509.524384, 498.904388, 470.905518, 208.152908,102.630852, 736.195984, 1.021287
5, 741,2,736.195984, 743.383240, 470.905518, 208.152908,102.630852, 736.195984, 0.990332
5, 741,3,591.401367, 609.536804, 470.905518, 208.152908,102.630852, 736.195984, 0.970247
5, 741,4,299.153656, 300.107086, 470.905518, 208.152908,102.630852, 736.195984, 0.996823
5, 741,5,527.333984, 534.458069, 470.905518, 208.152908,102.630852, 736.195984, 0.986670
5, 741,6,347.461670, 350.426056, 470.905518, 208.152908,102.630852, 736.195984, 0.991541
5, 741,7,102.630852, 104.054924, 470.905518, 208.152908,102.630852, 736.195984, 0.986314
5, 742,0,649.772278, 609.831726, 496.590576, 343.830994,100.035866, 1073.526367, 1.065494
5, 742,1,100.035866, 59.696796, 496.590576, 343.830994,100.035866, 1073.526367, 1.675733
5, 742,2,1073.526367, 1023.734009, 496.590576, 343.830994,100.035866, 1073.526367, 1.048638
5, 742,3,589.781494, 557.129517, 496.590576, 343.830994,100.035866, 1073.526367, 1.058607
5, 742,4,189.120422, 180.375748, 496.590576, 343.830994,100.035866, 1073.526367, 1.048480
5, 742,5,815.355347, 800.129456, 496.590576, 343.830994,100.035866, 1073.526367, 1.019029
5, 742,6,196.368073, 225.982773, 496.590576, 343.830994,100.035866, 1073.526367, 0.868951
5, 742,7,358.764679, 355.120087, 496.590576, 343.830994,100.035866, 1073.526367, 1.010263
5, 743,0,539.298767, 538.476318, 478.337585, 327.816162,36.678116, 944.917419, 1.001527
5, 743,1,592.042358, 596.620056, 478.337585, 327.816162,36.678116, 944.917419, 0.992327
5, 743,2,314.605408, 315.196228, 478.337585, 327.816162,36.678116, 944.917419, 0.998126
5, 743,3,908.715515, 899.877075, 478.337585, 327.816162,36.678116, 944.917419, 1.009822
5, 743,4,36.678116, 22.471317, 478.337585, 327.816162,36.678116, 944.917419, 1.632219
5, 743,5,277.774780, 278.885651, 478.337585, 327.816162,36.678116, 944.917419, 0.996017
5, 743,6,944.917419, 944.713623, 478.337585, 327.816162,36.678116, 944.917419, 1.000216
5, 743,7,212.667999, 215.760040, 478.337585, 327.816162,36.678116, 944.917419, 0.985669
5, 744,0,1161.308960, 1127.542236, 494.322174, 396.686707,29.739359, 1161.308960, 1.029947
5, 744,1,205.793243, 200.082184, 494.322174, 396.686707,29.739359, 1161.308960, 1.028544
5, 744,2,223.513382, 221.953873, 494.322174, 396.686707,29.739359, 1161.308960, 1.007026
5, 744,3,297.274048, 280.374298, 494.322174, 396.686707,29.739359, 1161.308960, 1.060276
5, 744,4,29.739359, 40.757057, 494.322174, 396.686707,29.739359, 1161.308960, 0.729674
5, 744,5,651.249695, 618.306152, 494.322174, 396.686707,29.739359, 1161.308960, 1.053280
5, 744,6,959.257996, 902.350342, 494.322174, 396.686707,29.739359, 1161.308960, 1.063066
5, 744,7,426.440765, 420.633667, 494.322174, 396.686707,29.739359, 1161.308960, 1.013806
5, 745,0,820.773865, 767.502319, 499.782227, 345.005280,40.878151, 850.481323, 1.069409
5, 745,1,850.481323, 807.617004, 499.782227, 345.005280,40.878151, 850.481323, 1.053075
5, 745,2,40.878151, 41.466427, 499.782227, 345.005280,40.878151, 850.481323, 0.985813
5, 745,3,640.947144, 628.664429, 499.782227, 345.005280,40.878151, 850.481323, 1.019538
5, 745,4,95.011452, 107.145660, 499.782227, 345.005280,40.878151, 850.481323, 0.886750
5, 745,5,574.254761, 537.186829, 499.782227, 345.005280,40.878151, 850.481323, 1.069004
5, 745,6,166.249832, 159.531265, 499.782227, 345.005280,40.878151, 850.481323, 1.042114
5, 745,7,809.661438, 762.886169, 499.782227, 345.005280,40.878151, 850.481323, 1.061314
5, 746,0,184.505447, 173.239960, 499.041504, 387.301910,152.017166, 1065.792603, 1.065028
5, 746,1,154.122574, 149.556168, 499.041504, 387.301910,152.017166, 1065.792603, 1.030533
5, 746,2,363.502441, 386.030396, 499.041504, 387.301910,152.017166, 1065.792603, 0.941642
5, 746,3,152.017166, 131.947937, 499.041504, 387.301910,152.017166, 1065.792603, 1.152100
5, 746,4,879.861572, 845.408875, 499.041504, 387.301910,152.017166, 1065.792603, 1.040753
5, 746,5,273.631042, 264.191589, 499.041504, 387.301910,152.017166, 1065.792603, 1.035730
5, 746,6,918.898865, 840.970337, 499.041504, 387.301910,152.017166, 1065.792603, 1.092665
5, 746,7,1065.792603, 1020.654358, 499.041504, 387.301910,152.017166, 1065.792603, 1.044225
5, 747,0,132.687073, 89.804207, 479.749603, 256.280090,132.687073, 867.373840, 1.477515
5, 747,1,223.565796, 232.855942, 479.749603, 256.280090,132.687073, 867.373840, 0.960103
5, 747,2,521.685791, 522.914063, 479.749603, 256.280090,132.687073, 867.373840, 0.997651
5, 747,3,867.373840, 871.052307, 479.749603, 256.280090,132.687073, 867.373840, 0.995777
5, 747,4,292.011597, 298.476288, 479.749603, 256.280090,132.687073, 867.373840, 0.978341
5, 747,5,745.477844, 747.009155, 479.749603, 256.280090,132.687073, 867.373840, 0.997950
5, 747,6,602.519958, 610.126587, 479.749603, 256.280090,132.687073, 867.373840, 0.987533
5, 747,7,452.674805, 439.761627, 479.749603, 256.280090,132.687073, 867.373840, 1.029364
5, 748,0,57.513134, 64.317787, 505.000458, 491.791260,33.983540, 1209.339355, 0.894203
5, 748,1,570.985229, 560.855957, 505.000458, 491.791260,33.983540, 1209.339355, 1.018060
5, 748,2,192.094238, 160.917313, 505.000458, 491.791260,33.983540, 1209.339355, 1.193745
5, 748,3,714.212097, 670.892273, 505.000458, 491.791260,33.983540, 1209.339355, 1.064570
5, 748,4,1177.317505, 1123.229126, 505.000458, 491.791260,33.983540, 1209.339355, 1.048154
5, 748,5,33.983540, 30.855537, 505.000458, 491.791260,33.983540, 1209.339355, 1.101376
5, 748,6,84.558525, 29.714190, 505.000458, 491.791260,33.983540, 1209.339355, 2.845729
5, 748,7,1209.339355, 1171.217773, 505.000458, 491.791260,33.983540, 1209.339355, 1.032549
5, 749,0,484.611969, 471.648071, 479.850525, 214.719925,194.696030, 791.541626, 1.027486
5, 749,1,440.716370, 443.411102, 479.850525, 214.719925,194.696030, 791.541626, 0.993923
5, 749,2,791.541626, 799.746582, 479.850525, 214.719925,194.696030, 791.541626, 0.989741
5, 749,3,390.626770, 395.655334, 479.850525, 214.719925,194.696030, 791.541626, 0.987291
5, 749,4,194.696030, 177.728149, 479.850525, 214.719925,194.696030, 791.541626, 1.095471
5, 749,5,253.533981, 243.947586, 479.850525, 214.719925,194.696030, 791.541626, 1.039297
5, 749,6,516.543091, 521.041992, 479.850525, 214.719925,194.696030, 791.541626, 0.991366
5, 749,7,766.534180, 758.821045, 479.850525, 214.719925,194.696030, 791.541626, 1.010165
5, 750,0,693.583679, 682.550476, 478.538666, 217.313583,114.325363, 772.989258, 1.016165
5, 750,1,318.792267, 322.266815, 478.538666, 217.313583,114.325363, 772.989258, 0.989218
5, 750,2,578.101501, 578.286865, 478.538666, 217.313583,114.325363, 772.989258, 0.999679
5, 750,3,772.989258, 769.515564, 478.538666, 217.313583,114.325363, 772.989258, 1.004514
5, 750,4,583.982544, 574.958191, 478.538666, 217.313583,114.325363, 772.989258, 1.015696
5, 750,5,114.325363, 126.608620, 478.538666, 217.313583,114.325363, 772.989258, 0.902982
5, 750,6,395.018646, 387.215393, 478.538666, 217.313583,114.325363, 772.989258, 1.020152
5, 750,7,371.516144, 370.598175, 478.538666, 217.313583,114.325363, 772.989258, 1.002477
5, 751,0,679.860352, 681.561584, 475.039856, 196.278961,167.301407, 680.418274, 0.997504
5, 751,1,461.091675, 442.328217, 475.039856, 196.278961,167.301407, 680.418274, 1.042420
5, 751,2,207.668930, 214.969009, 475.039856, 196.278961,167.301407, 680.418274, 0.966041
5, 751,3,593.552612, 593.297363, 475.039856, 196.278961,167.301407, 680.418274, 1.000430
5, 751,4,680.418274, 682.693542, 475.039856, 196.278961,167.301407, 680.418274, 0.996667
5, 751,5,167.301407, 185.170303, 475.039856, 196.278961,167.301407, 680.418274, 0.903500
5, 751,6,464.620300, 463.524811, 475.039856, 196.278961,167.301407, 680.418274, 1.002363
5, 751,7,545.805115, 548.455261, 475.039856, 196.278961,167.301407, 680.418274, 0.995168
5, 752,0,558.646667, 602.446899, 455.266388, 112.436737,314.607147, 601.409363, 0.927296
5, 752,1,380.208435, 397.987152, 455.266388, 112.436737,314.607147, 601.409363, 0.955328
5, 752,2,498.802917, 513.643188, 455.266388, 112.436737,314.607147, 601.409363, 0.971108
5, 752,3,341.281372, 371.576721, 455.266388, 112.436737,314.607147, 601.409363, 0.918468
5, 752,4,561.538818, 583.725037, 455.266388, 112.436737,314.607147, 601.409363, 0.961992
5, 752,5,314.607147, 332.076447, 455.266388, 112.436737,314.607147, 601.409363, 0.947394
5, 752,6,385.636414, 389.952545, 455.266388, 112.436737,314.607147, 601.409363, 0.988932
5, 752,7,601.409363, 620.591980, 455.266388, 112.436737,314.607147, 601.409363, 0.969090
5, 753,0,668.241394, 657.818848, 493.775513, 445.090729,23.278105, 1304.563110, 1.015844
5, 753,1,41.072773, 31.906918, 493.775513, 445.090729,23.278105, 1304.563110, 1.287269
5, 753,2,23.278105, 30.836279, 493.775513, 445.090729,23.278105, 1304.563110, 0.754893
5, 753,3,353.703735, 359.563568, 493.775513, 445.090729,23.278105, 1304.563110, 0.983703
5, 753,4,164.070160, 161.660110, 493.775513, 445.090729,23.278105, 1304.563110, 1.014908
5, 753,5,522.747559, 516.659241, 493.775513, 445.090729,23.278105, 1304.563110, 1.011784
5, 753,6,1304.563110, 1210.639160, 493.775513, 445.090729,23.278105, 1304.563110, 1.077582
5, 753,7,872.527283, 842.915894, 493.775513, 445.090729,23.278105, 1304.563110, 1.035130
5, 754,0,606.552185, 605.165649, 482.653778, 351.186554,140.961945, 1056.012451, 1.002291
5, 754,1,938.614929, 918.069763, 482.653778, 351.186554,140.961945, 1056.012451, 1.022379
5, 754,2,1056.012451, 1032.032227, 482.653778, 351.186554,140.961945, 1056.012451, 1.023236
5, 754,3,274.988434, 273.982513, 482.653778, 351.186554,140.961945, 1056.012451, 1.003672
5, 754,4,191.225037, 186.311768, 482.653778, 351.186554,140.961945, 1056.012451, 1.026371
5, 754,5,420.555878, 416.959961, 482.653778, 351.186554,140.961945, 1056.012451, 1.008624
5, 754,6,140.961945, 150.254395, 482.653778, 351.186554,140.961945, 1056.012451, 0.938155
5, 754,7,232.319000, 229.223785, 482.653778, 351.186554,140.961945, 1056.012451, 1.013503
5, 755,0,757.063538, 763.681152, 471.165070, 275.180023,124.633362, 769.679077, 0.991335
5, 755,1,478.069397, 477.628845, 471.165070, 275.180023,124.633362, 769.679077, 1.000922
5, 755,2,694.816345, 714.880005, 471.165070, 275.180023,124.633362, 769.679077, 0.971934
5, 755,3,145.652679, 143.747070, 471.165070, 275.180023,124.633362, 769.679077, 1.013257
5, 755,4,769.679077, 776.503662, 471.165070, 275.180023,124.633362, 769.679077, 0.991211
5, 755,5,590.616943, 601.421326, 471.165070, 275.180023,124.633362, 769.679077, 0.982035
5, 755,6,124.633362, 125.212563, 471.165070, 275.180023,124.633362, 769.679077, 0.995374
5, 755,7,208.789581, 208.925949, 471.165070, 275.180023,124.633362, 769.679077, 0.999347
5, 756,0,484.187103, 460.274933, 496.819580, 375.400635,30.879923, 977.161987, 1.051952
5, 756,1,30.879923, 35.960121, 496.819580, 375.400635,30.879923, 977.161987, 0.858727
5, 756,2,667.290527, 640.648010, 496.819580, 375.400635,30.879923, 977.161987, 1.041587
5, 756,3,190.544983, 192.170090, 496.819580, 375.400635,30.879923, 977.161987, 0.991543
5, 756,4,977.161987, 935.739807, 496.819580, 375.400635,30.879923, 977.161987, 1.044267
5, 756,5,31.753986, 15.037996, 496.819580, 375.400635,30.879923, 977.161987, 2.111584
5, 756,6,896.071106, 859.207214, 496.819580, 375.400635,30.879923, 977.161987, 1.042904
5, 756,7,696.667358, 672.961792, 496.819580, 375.400635,30.879923, 977.161987, 1.035226
5, 757,0,555.172302, 579.649780, 460.761749, 198.155167,116.325645, 668.204224, 0.957772
5, 757,1,616.646362, 637.849365, 460.761749, 198.155167,116.325645, 668.204224, 0.966759
5, 757,2,647.513489, 671.685669, 460.761749, 198.155167,116.325645, 668.204224, 0.964013
5, 757,3,353.741791, 358.768799, 460.761749, 198.155167,116.325645, 668.204224, 0.985988
5, 757,4,277.596649, 276.936737, 460.761749, 198.155167,116.325645, 668.204224, 1.002383
5, 757,5,668.204224, 705.547241, 460.761749, 198.155167,116.325645, 668.204224, 0.947072
5, 757,6,450.893707, 489.024841, 460.761749, 198.155167,116.325645, 668.204224, 0.922026
5, 757,7,116.325645, 92.537498, 460.761749, 198.155167,116.325645, 668.204224, 1.257065
5, 758,0,732.658691, 734.389160, 475.618561, 233.679871,82.834831, 732.658691, 0.997644
5, 758,1,415.578796, 421.963379, 475.618561, 233.679871,82.834831, 732.658691, 0.984869
5, 758,2,696.308594, 697.255981, 475.618561, 233.679871,82.834831, 732.658691, 0.998641
5, 758,3,476.446472, 469.232025, 475.618561, 233.679871,82.834831, 732.658691, 1.015375
5, 758,4,220.888107, 217.528900, 475.618561, 233.679871,82.834831, 732.658691, 1.015443
5, 758,5,82.834831, 104.268135, 475.618561, 233.679871,82.834831, 732.658691, 0.794441
5, 758,6,493.995087, 482.775726, 475.618561, 233.679871,82.834831, 732.658691, 1.023239
5, 758,7,686.237793, 684.586670, 475.618561, 233.679871,82.834831, 732.658691, 1.002412
5, 759,0,190.310135, 170.793060, 461.739044, 203.375885,157.965530, 737.878967, 1.114273
5, 759,1,645.257935, 685.360352, 461.739044, 203.375885,157.965530, 737.878967, 0.941487
5, 759,2,445.859711, 459.871948, 461.739044, 203.375885,157.965530, 737.878967, 0.969530
5, 759,3,569.441162, 577.035583, 461.739044, 203.375885,157.965530, 737.878967, 0.986839
5, 759,4,157.965530, 165.195145, 461.739044, 203.375885,157.965530, 737.878967, 0.956236
5, 759,5,737.878967, 762.822876, 461.739044, 203.375885,157.965530, 737.878967, 0.967301
5, 759,6,501.118744, 524.788269, 461.739044, 203.375885,157.965530, 737.878967, 0.954897
5, 759,7,446.080261, 466.132782, 461.739044, 203.375885,157.965530, 737.878967, 0.956981
5, 760,0,611.284241, 619.646851, 471.789612, 198.625504,86.645416, 701.408264, 0.986504
5, 760,1,304.648285, 306.758453, 471.789612, 198.625504,86.645416, 701.408264, 0.993121
5, 760,2,405.842560, 412.682709, 471.789612, 198.625504,86.645416, 701.408264, 0.983425
5, 760,3,573.949402, 573.415039, 471.789612, 198.625504,86.645416, 701.408264, 1.000932
5, 760,4,512.675781, 527.240051, 471.789612, 198.625504,86.645416, 701.408264, 0.972376
5, 760,5,701.408264, 722.106628, 471.789612, 198.625504,86.645416, 701.408264, 0.971336
5, 760,6,86.645416, 62.649776, 471.789612, 198.625504,86.645416, 701.408264, 1.383012
5, 760,7,577.862976, 587.500427, 471.789612, 198.625504,86.645416, 701.408264, 0.983596
5, 761,0,550.720459, 531.952332, 487.584656, 310.376648,160.662811, 903.133362, 1.035282
5, 761,1,826.203430, 805.193848, 487.584656, 310.376648,160.662811, 903.133362, 1.026093
5, 761,2,212.036057, 218.008850, 487.584656, 310.376648,160.662811, 903.133362, 0.972603
5, 761,3,237.836517, 225.243408, 487.584656, 310.376648,160.662811, 903.133362, 1.055909
5, 761,4,160.662811, 170.497833, 487.584656, 310.376648,160.662811, 903.133362, 0.942316
5, 761,5,903.133362, 882.676575, 487.584656, 310.376648,160.662811, 903.133362, 1.023176
5, 761,6,243.109619, 237.979874, 487.584656, 310.376648,160.662811, 903.133362, 1.021555
5, 761,7,766.975098, 740.447510, 487.584656, 310.376648,160.662811, 903.133362, 1.035826
5, 762,0,602.194763, 597.419434, 477.861694, 210.267822,45.448494, 672.999939, 1.007993
5, 762,1,45.448494, 43.223907, 477.861694, 210.267822,45.448494, 672.999939, 1.051467
5, 762,2,511.751801, 520.256958, 477.861694, 210.267822,45.448494, 672.999939, 0.983652
5, 762,3,298.026306, 297.116852, 477.861694, 210.267822,45.448494, 672.999939, 1.003061
5, 762,4,657.748413, 646.175598, 477.861694, 210.267822,45.448494, 672.999939, 1.017910
5, 762,5,517.381897, 516.020874, 477.861694, 210.267822,45.448494, 672.999939, 1.002638
5, 762,6,672.999939, 669.494568, 477.861694, 210.267822,45.448494, 672.999939, 1.005236
5, 762,7,517.341797, 522.291870, 477.861694, 210.267822,45.448494, 672.999939, 0.990522
5, 763,0,263.631378, 248.583862, 492.480743, 294.200470,48.445034, 856.087219, 1.060533
5, 763,1,775.134766, 734.431641, 492.480743, 294.200470,48.445034, 856.087219, 1.055421
5, 763,2,48.445034, 70.442307, 492.480743, 294.200470,48.445034, 856.087219, 0.687726
5, 763,3,257.543274, 253.813141, 492.480743, 294.200470,48.445034, 856.087219, 1.014696
5, 763,4,387.112640, 368.857880, 492.480743, 294.200470,48.445034, 856.087219, 1.049490
5, 763,5,603.083862, 567.651184, 492.480743, 294.200470,48.445034, 856.087219, 1.062420
5, 763,6,748.807739, 724.318115, 492.480743, 294.200470,48.445034, 856.087219, 1.033811
5, 763,7,856.087219, 843.902039, 492.480743, 294.200470,48.445034, 856.087219, 1.014439
5, 764,0,183.871796, 185.333633, 485.038361, 328.312347,53.865543, 903.101501, 0.992112
5, 764,1,53.865543, 55.412609, 485.038361, 328.312347,53.865543, 903.101501, 0.972081
5, 764,2,866.118103, 847.686157, 485.038361, 328.312347,53.865543, 903.101501, 1.021744
5, 764,3,316.551849, 309.478485, 485.038361, 328.312347,53.865543, 903.101501, 1.022856
5, 764,4,805.843750, 789.355469, 485.038361, 328.312347,53.865543, 903.101501, 1.020888
5, 764,5,339.407959, 333.237610, 485.038361, 328.312347,53.865543, 903.101501, 1.018516
5, 764,6,903.101501, 884.875549, 485.038361, 328.312347,53.865543, 903.101501, 1.020597
5, 764,7,411.546448, 406.620514, 485.038361, 328.312347,53.865543, 903.101501, 1.012114
5, 765,0,523.077576, 529.019348, 485.162354, 212.996460,45.615028, 679.782532, 0.988768
5, 765,1,45.615028, 10.061280, 485.162354, 212.996460,45.615028, 679.782532, 4.533720
5, 765,2,606.204468, 596.590515, 485.162354, 212.996460,45.615028, 679.782532, 1.016115
5, 765,3,648.439209, 661.424500, 485.162354, 212.996460,45.615028, 679.782532, 0.980368
5, 765,4,625.463013, 596.365784, 485.162354, 212.996460,45.615028, 679.782532, 1.048791
5, 765,5,679.782532, 663.079102, 485.162354, 212.996460,45.615028, 679.782532, 1.025191
5, 765,6,390.225586, 403.579590, 485.162354, 212.996460,45.615028, 679.782532, 0.966911
5, 765,7,362.491333, 351.879913, 485.162354, 212.996460,45.615028, 679.782532, 1.030156
5, 766,0,419.948914, 416.920868, 479.082367, 267.785126,104.656776, 841.758850, 1.007263
5, 766,1,678.725891, 676.900208, 479.082367, 267.785126,104.656776, 841.758850, 1.002697
5, 766,2,321.654205, 320.641724, 479.082367, 267.785126,104.656776, 841.758850, 1.003158
5, 766,3,104.656776, 106.485069, 479.082367, 267.785126,104.656776, 841.758850, 0.982831
5, 766,4,841.758850, 837.717224, 479.082367, 267.785126,104.656776, 841.758850, 1.004825
5, 766,5,803.784424, 800.801636, 479.082367, 267.785126,104.656776, 841.758850, 1.003725
5, 766,6,250.922394, 246.604630, 479.082367, 267.785126,104.656776, 841.758850, 1.017509
5, 766,7,411.207520, 405.928589, 479.082367, 267.785126,104.656776, 841.758850, 1.013005
5, 767,0,206.454605, 198.287231, 481.333130, 331.228210,31.151049, 913.421753, 1.041190
5, 767,1,848.347046, 845.605896, 481.333130, 331.228210,31.151049, 913.421753, 1.003242
5, 767,2,913.421753, 907.259644, 481.333130, 331.228210,31.151049, 913.421753, 1.006792
5, 767,3,757.960083, 750.781982, 481.333130, 331.228210,31.151049, 913.421753, 1.009561
5, 767,4,360.942322, 356.125580, 481.333130, 331.228210,31.151049, 913.421753, 1.013525
5, 767,5,31.151049, 27.325933, 481.333130, 331.228210,31.151049, 913.421753, 1.139981
5, 767,6,525.618774, 527.903320, 481.333130, 331.228210,31.151049, 913.421753, 0.995672
5, 767,7,206.769012, 198.710556, 481.333130, 331.228210,31.151049, 913.421753, 1.040554
5, 768,0,999.383484, 950.159851, 489.201508, 313.615692,55.213783, 999.383484, 1.051806
5, 768,1,531.875916, 522.837952, 489.201508, 313.615692,55.213783, 999.383484, 1.017286
5, 768,2,253.982910, 247.837891, 489.201508, 313.615692,55.213783, 999.383484, 1.024794
5, 768,3,783.990295, 764.234253, 489.201508, 313.615692,55.213783, 999.383484, 1.025851
5, 768,4,512.455872, 504.070343, 489.201508, 313.615692,55.213783, 999.383484, 1.016636
5, 768,5,581.903870, 559.454834, 489.201508, 313.615692,55.213783, 999.383484, 1.040127
5, 768,6,194.805817, 195.409088, 489.201508, 313.615692,55.213783, 999.383484, 0.996913
5, 768,7,55.213783, 67.995941, 489.201508, 313.615692,55.213783, 999.383484, 0.812016
5, 769,0,660.835571, 627.854797, 504.167572, 387.097260,23.914406, 992.790710, 1.052529
5, 769,1,23.914406, 26.639397, 504.167572, 387.097260,23.914406, 992.790710, 0.897708
5, 769,2,102.730797, 105.324997, 504.167572, 387.097260,23.914406, 992.790710, 0.975370
5, 769,3,71.452072, 66.011490, 504.167572, 387.097260,23.914406, 992.790710, 1.082419
5, 769,4,656.659546, 609.516296, 504.167572, 387.097260,23.914406, 992.790710, 1.077345
5, 769,5,920.390381, 894.758911, 504.167572, 387.097260,23.914406, 992.790710, 1.028646
5, 769,6,604.567017, 553.329041, 504.167572, 387.097260,23.914406, 992.790710, 1.092600
5, 769,7,992.790710, 928.565002, 504.167572, 387.097260,23.914406, 992.790710, 1.069167
5, 770,0,638.185425, 612.549011, 501.379761, 358.430878,34.936306, 1123.317505, 1.041852
5, 770,1,34.936306, 19.102699, 501.379761, 358.430878,34.936306, 1123.317505, 1.828868
5, 770,2,457.415527, 444.698120, 501.379761, 358.430878,34.936306, 1123.317505, 1.028598
5, 770,3,251.083191, 241.569809, 501.379761, 358.430878,34.936306, 1123.317505, 1.039382
5, 770,4,215.700134, 218.157791, 501.379761, 358.430878,34.936306, 1123.317505, 0.988734
5, 770,5,855.740356, 805.653748, 501.379761, 358.430878,34.936306, 1123.317505, 1.062169
5, 770,6,1123.317505, 1054.118408, 501.379761, 358.430878,34.936306, 1123.317505, 1.065646
5, 770,7,434.659760, 416.150330, 501.379761, 358.430878,34.936306, 1123.317505, 1.044478
5, 771,0,270.123749, 280.609680, 463.750702, 197.278809,169.593643, 752.561523, 0.962632
5, 771,1,685.430054, 716.598511, 463.750702, 197.278809,169.593643, 752.561523, 0.956505
5, 771,2,169.593643, 157.596695, 463.750702, 197.278809,169.593643, 752.561523, 1.076124
5, 771,3,752.561523, 773.747925, 463.750702, 197.278809,169.593643, 752.561523, 0.972618
5, 771,4,466.457153, 484.198639, 463.750702, 197.278809,169.593643, 752.561523, 0.963359
5, 771,5,393.711700, 386.123596, 463.750702, 197.278809,169.593643, 752.561523, 1.019652
5, 771,6,556.600281, 575.590454, 463.750702, 197.278809,169.593643, 752.561523, 0.967008
5, 771,7,415.527496, 437.534485, 463.750702, 197.278809,169.593643, 752.561523, 0.949702
5, 772,0,429.774109, 437.221008, 476.860596, 232.287720,81.468292, 849.033386, 0.982968
5, 772,1,849.033386, 848.284851, 476.860596, 232.287720,81.468292, 849.033386, 1.000882
5, 772,2,383.765869, 381.725830, 476.860596, 232.287720,81.468292, 849.033386, 1.005344
5, 772,3,521.867126, 520.449829, 476.860596, 232.287720,81.468292, 849.033386, 1.002723
5, 772,4,321.532501, 315.348236, 476.860596, 232.287720,81.468292, 849.033386, 1.019611
5, 772,5,549.079468, 550.904114, 476.860596, 232.287720,81.468292, 849.033386, 0.996688
5, 772,6,678.364136, 677.524109, 476.860596, 232.287720,81.468292, 849.033386, 1.001240
5, 772,7,81.468292, 80.541855, 476.860596, 232.287720,81.468292, 849.033386, 1.011503
5, 773,0,619.354492, 645.309326, 463.207458, 246.214386,107.486290, 735.629639, 0.959779
5, 773,1,265.815125, 254.794449, 463.207458, 246.214386,107.486290, 735.629639, 1.043253
5, 773,2,695.179077, 727.145081, 463.207458, 246.214386,107.486290, 735.629639, 0.956039
5, 773,3,735.629639, 760.169739, 463.207458, 246.214386,107.486290, 735.629639, 0.967718
5, 773,4,401.258911, 416.063660, 463.207458, 246.214386,107.486290, 735.629639, 0.964417
5, 773,5,665.824402, 681.184998, 463.207458, 246.214386,107.486290, 735.629639, 0.977450
5, 773,6,215.111526, 206.880951, 463.207458, 246.214386,107.486290, 735.629639, 1.039784
5, 773,7,107.486290, 120.451851, 463.207458, 246.214386,107.486290, 735.629639, 0.892359
5, 774,0,138.497360, 118.197037, 496.329803, 421.203522,26.686949, 1422.771484, 1.171750
5, 774,1,1422.771484, 1372.715210, 496.329803, 421.203522,26.686949, 1422.771484, 1.036465
5, 774,2,26.686949, 27.963898, 496.329803, 421.203522,26.686949, 1422.771484, 0.954336
5, 774,3,434.221619, 408.810364, 496.329803, 421.203522,26.686949, 1422.771484, 1.062159
5, 774,4,399.340210, 384.937286, 496.329803, 421.203522,26.686949, 1422.771484, 1.037416
5, 774,5,505.002441, 484.329651, 496.329803, 421.203522,26.686949, 1422.771484, 1.042683
5, 774,6,622.857361, 601.449524, 496.329803, 421.203522,26.686949, 1422.771484, 1.035594
5, 774,7,421.260925, 413.596802, 496.329803, 421.203522,26.686949, 1422.771484, 1.018530
5, 775,0,365.544891, 361.678802, 455.376587, 76.925819,344.916290, 546.148376, 1.010689
5, 775,1,511.742188, 551.628906, 455.376587, 76.925819,344.916290, 546.148376, 0.927693
5, 775,2,421.166809, 450.772827, 455.376587, 76.925819,344.916290, 546.148376, 0.934322
5, 775,3,546.148376, 579.143799, 455.376587, 76.925819,344.916290, 546.148376, 0.943027
5, 775,4,435.996460, 459.747131, 455.376587, 76.925819,344.916290, 546.148376, 0.948340
5, 775,5,473.449036, 478.726898, 455.376587, 76.925819,344.916290, 546.148376, 0.988975
5, 775,6,344.916290, 378.271759, 455.376587, 76.925819,344.916290, 546.148376, 0.911821
5, 775,7,544.048767, 552.029846, 455.376587, 76.925819,344.916290, 546.148376, 0.985542
5, 776,0,341.038177, 338.706940, 459.394165, 273.428040,54.109982, 795.908203, 1.006883
5, 776,1,54.109982, 70.810516, 459.394165, 273.428040,54.109982, 795.908203, 0.764152
5, 776,2,795.908203, 811.933777, 459.394165, 273.428040,54.109982, 795.908203, 0.980262
5, 776,3,122.180168, 132.328461, 459.394165, 273.428040,54.109982, 795.908203, 0.923310
5, 776,4,754.558533, 768.991821, 459.394165, 273.428040,54.109982, 795.908203, 0.981231
5, 776,5,624.266357, 675.562134, 459.394165, 273.428040,54.109982, 795.908203, 0.924069
5, 776,6,521.122925, 529.470154, 459.394165, 273.428040,54.109982, 795.908203, 0.984235
5, 776,7,461.968719, 484.196289, 459.394165, 273.428040,54.109982, 795.908203, 0.954094
5, 777,0,107.551895, 62.619049, 479.455322, 288.585815,32.049744, 778.136475, 1.717559
5, 777,1,32.049744, 19.813976, 479.455322, 288.585815,32.049744, 778.136475, 1.617532
5, 777,2,597.024658, 603.167542, 479.455322, 288.585815,32.049744, 778.136475, 0.989816
5, 777,3,736.857544, 738.466003, 479.455322, 288.585815,32.049744, 778.136475, 0.997822
5, 777,4,338.649994, 344.481873, 479.455322, 288.585815,32.049744, 778.136475, 0.983071
5, 777,5,778.136475, 786.487244, 479.455322, 288.585815,32.049744, 778.136475, 0.989382
5, 777,6,707.371704, 709.292847, 479.455322, 288.585815,32.049744, 778.136475, 0.997291
5, 777,7,538.000366, 547.671448, 479.455322, 288.585815,32.049744, 778.136475, 0.982341
5, 778,0,662.039917, 651.971741, 490.176392, 279.071350,156.285889, 811.434326, 1.015443
5, 778,1,779.711304, 742.265808, 490.176392, 279.071350,156.285889, 811.434326, 1.050448
5, 778,2,202.851959, 196.893341, 490.176392, 279.071350,156.285889, 811.434326, 1.030263
5, 778,3,811.434326, 776.286255, 490.176392, 279.071350,156.285889, 811.434326, 1.045277
5, 778,4,679.171204, 666.908325, 490.176392, 279.071350,156.285889, 811.434326, 1.018388
5, 778,5,178.152573, 180.203430, 490.176392, 279.071350,156.285889, 811.434326, 0.988619
5, 778,6,156.285889, 156.904968, 490.176392, 279.071350,156.285889, 811.434326, 0.996054
5, 778,7,451.764008, 440.566101, 490.176392, 279.071350,156.285889, 811.434326, 1.025417
5, 779,0,48.163452, 55.773987, 500.578552, 341.192230,48.163452, 1016.604370, 0.863547
5, 779,1,371.843964, 340.887115, 500.578552, 341.192230,48.163452, 1016.604370, 1.090813
5, 779,2,1016.604370, 965.143921, 500.578552, 341.192230,48.163452, 1016.604370, 1.053319
5, 779,3,515.801514, 505.917847, 500.578552, 341.192230,48.163452, 1016.604370, 1.019536
5, 779,4,87.719391, 106.898170, 500.578552, 341.192230,48.163452, 1016.604370, 0.820588
5, 779,5,890.983704, 865.438477, 500.578552, 341.192230,48.163452, 1016.604370, 1.029517
5, 779,6,508.189880, 437.388977, 500.578552, 341.192230,48.163452, 1016.604370, 1.161872
5, 779,7,565.322144, 534.551331, 500.578552, 341.192230,48.163452, 1016.604370, 1.057564
5, 780,0,1064.625366, 1033.416504, 497.984711, 445.419128,43.169628, 1064.625366, 1.030200
5, 780,1,785.936584, 744.667603, 497.984711, 445.419128,43.169628, 1064.625366, 1.055419
5, 780,2,43.169628, 69.534103, 497.984711, 445.419128,43.169628, 1064.625366, 0.620841
5, 780,3,146.399216, 143.624710, 497.984711, 445.419128,43.169628, 1064.625366, 1.019318
5, 780,4,825.289551, 773.076233, 497.984711, 445.419128,43.169628, 1064.625366, 1.067540
5, 780,5,950.144653, 894.894836, 497.984711, 445.419128,43.169628, 1064.625366, 1.061739
5, 780,6,73.304352, 36.530411, 497.984711, 445.419128,43.169628, 1064.625366, 2.006666
5, 780,7,95.008377, 116.255798, 497.984711, 445.419128,43.169628, 1064.625366, 0.817236
5, 781,0,66.759605, 47.207718, 490.402008, 324.989105,66.759605, 942.924377, 1.414167
5, 781,1,215.537460, 204.467514, 490.402008, 324.989105,66.759605, 942.924377, 1.054140
5, 781,2,942.924377, 893.653137, 490.402008, 324.989105,66.759605, 942.924377, 1.055135
5, 781,3,371.308594, 400.048859, 490.402008, 324.989105,66.759605, 942.924377, 0.928158
5, 781,4,232.785324, 237.310242, 490.402008, 324.989105,66.759605, 942.924377, 0.980932
5, 781,5,893.353455, 860.539429, 490.402008, 324.989105,66.759605, 942.924377, 1.038132
5, 781,6,679.211853, 642.862244, 490.402008, 324.989105,66.759605, 942.924377, 1.056543
5, 781,7,521.335388, 525.910889, 490.402008, 324.989105,66.759605, 942.924377, 0.991300
5, 782,0,958.557739, 902.916077, 491.699158, 309.129852,166.781586, 958.557739, 1.061624
5, 782,1,412.198944, 416.594482, 491.699158, 309.129852,166.781586, 958.557739, 0.989449
5, 782,2,374.191040, 377.488281, 491.699158, 309.129852,166.781586, 958.557739, 0.991265
5, 782,3,231.670853, 238.633652, 491.699158, 309.129852,166.781586, 958.557739, 0.970822
5, 782,4,838.191772, 785.211914, 491.699158, 309.129852,166.781586, 958.557739, 1.067472
5, 782,5,214.173019, 219.713959, 491.699158, 309.129852,166.781586, 958.557739, 0.974781
5, 782,6,166.781586, 166.507477, 491.699158, 309.129852,166.781586, 958.557739, 1.001646
5, 782,7,737.828247, 704.933960, 491.699158, 309.129852,166.781586, 958.557739, 1.046663
5, 783,0,365.893341, 369.000702, 465.988861, 232.620895,45.216049, 747.842285, 0.991579
5, 783,1,537.981262, 550.031128, 465.988861, 232.620895,45.216049, 747.842285, 0.978092
5, 783,2,713.649231, 722.546204, 465.988861, 232.620895,45.216049, 747.842285, 0.987687
5, 783,3,526.208557, 539.014465, 465.988861, 232.620895,45.216049, 747.842285, 0.976242
5, 783,4,45.216049, 56.488342, 465.988861, 232.620895,45.216049, 747.842285, 0.800449
5, 783,5,747.842285, 772.866516, 465.988861, 232.620895,45.216049, 747.842285, 0.967622
5, 783,6,522.469055, 537.683899, 465.988861, 232.620895,45.216049, 747.842285, 0.971703
5, 783,7,268.651184, 264.368652, 465.988861, 232.620895,45.216049, 747.842285, 1.016199
5, 784,0,718.368408, 730.233887, 467.715363, 285.461914,117.690872, 862.042786, 0.983751
5, 784,1,170.246109, 182.477295, 467.715363, 285.461914,117.690872, 862.042786, 0.932971
5, 784,2,657.634521, 667.054871, 467.715363, 285.461914,117.690872, 862.042786, 0.985878
5, 784,3,117.690872, 116.275139, 467.715363, 285.461914,117.690872, 862.042786, 1.012176
5, 784,4,215.376083, 208.390533, 467.715363, 285.461914,117.690872, 862.042786, 1.033521
5, 784,5,640.254822, 661.594604, 467.715363, 285.461914,117.690872, 862.042786, 0.967745
5, 784,6,360.109375, 374.296967, 467.715363, 285.461914,117.690872, 862.042786, 0.962095
5, 784,7,862.042786, 871.676880, 467.715363, 285.461914,117.690872, 862.042786, 0.988948
5, 785,0,455.636017, 489.346558, 457.562408, 199.535736,93.952072, 748.581604, 0.931111
5, 785,1,589.640015, 610.607666, 457.562408, 199.535736,93.952072, 748.581604, 0.965661
5, 785,2,396.694733, 415.479919, 457.562408, 199.535736,93.952072, 748.581604, 0.954787
5, 785,3,93.952072, 70.778961, 457.562408, 199.535736,93.952072, 748.581604, 1.327401
5, 785,4,748.581604, 791.193542, 457.562408, 199.535736,93.952072, 748.581604, 0.946142
5, 785,5,587.551331, 616.988281, 457.562408, 199.535736,93.952072, 748.581604, 0.952289
5, 785,6,305.557678, 306.208405, 457.562408, 199.535736,93.952072, 748.581604, 0.997875
5, 785,7,482.886078, 511.396698, 457.562408, 199.535736,93.952072, 748.581604, 0.944250
5, 786,0,490.500275, 490.832092, 468.923340, 158.982498,308.060699, 753.801453, 0.999324
5, 786,1,335.283691, 351.953613, 468.923340, 158.982498,308.060699, 753.801453, 0.952636
5, 786,2,753.801453, 780.284119, 468.923340, 158.982498,308.060699, 753.801453, 0.966060
5, 786,3,420.200287, 429.256744, 468.923340, 158.982498,308.060699, 753.801453, 0.978902
5, 786,4,320.590057, 315.633484, 468.923340, 158.982498,308.060699, 753.801453, 1.015704
5, 786,5,490.544800, 489.697845, 468.923340, 158.982498,308.060699, 753.801453, 1.001729
5, 786,6,308.060699, 319.162140, 468.923340, 158.982498,308.060699, 753.801453, 0.965217
5, 786,7,632.405518, 635.180054, 468.923340, 158.982498,308.060699, 753.801453, 0.995632
5, 787,0,507.291290, 509.406830, 475.844543, 174.757416,193.822968, 698.126465, 0.995847
5, 787,1,698.126465, 706.793518, 475.844543, 174.757416,193.822968, 698.126465, 0.987737
5, 787,2,193.822968, 193.540283, 475.844543, 174.757416,193.822968, 698.126465, 1.001461
5, 787,3,271.544281, 267.707672, 475.844543, 174.757416,193.822968, 698.126465, 1.014331
5, 787,4,613.047974, 614.542847, 475.844543, 174.757416,193.822968, 698.126465, 0.997567
5, 787,5,403.618530, 402.523712, 475.844543, 174.757416,193.822968, 698.126465, 1.002720
5, 787,6,604.481445, 604.649475, 475.844543, 174.757416,193.822968, 698.126465, 0.999722
5, 787,7,514.823242, 512.835693, 475.844543, 174.757416,193.822968, 698.126465, 1.003876
5, 788,0,654.763550, 625.896973, 481.360626, 218.968536,103.021881, 709.612122, 1.046120
5, 788,1,709.612122, 696.690002, 481.360626, 218.968536,103.021881, 709.612122, 1.018548
5, 788,2,221.078979, 228.164993, 481.360626, 218.968536,103.021881, 709.612122, 0.968943
5, 788,3,634.362122, 625.999817, 481.360626, 218.968536,103.021881, 709.612122, 1.013358
5, 788,4,611.746216, 621.885437, 481.360626, 218.968536,103.021881, 709.612122, 0.983696
5, 788,5,481.486572, 460.807495, 481.360626, 218.968536,103.021881, 709.612122, 1.044876
5, 788,6,103.021881, 127.465546, 481.360626, 218.968536,103.021881, 709.612122, 0.808233
5, 788,7,434.813507, 425.089508, 481.360626, 218.968536,103.021881, 709.612122, 1.022875
5, 789,0,508.219818, 496.735321, 469.965729, 145.595703,273.110321, 608.091919, 1.023120
5, 789,1,608.091919, 626.169128, 469.965729, 145.595703,273.110321, 608.091919, 0.971130
5, 789,2,601.074951, 613.284607, 469.965729, 145.595703,273.110321, 608.091919, 0.980091
5, 789,3,273.110321, 268.844910, 469.965729, 145.595703,273.110321, 608.091919, 1.015866
5, 789,4,579.517273, 593.244568, 469.965729, 145.595703,273.110321, 608.091919, 0.976861
5, 789,5,273.565216, 272.558563, 469.965729, 145.595703,273.110321, 608.091919, 1.003693
5, 789,6,355.493195, 360.598907, 469.965729, 145.595703,273.110321, 608.091919, 0.985841
5, 789,7,560.653137, 580.563904, 469.965729, 145.595703,273.110321, 608.091919, 0.965704
5, 790,0,68.894760, 78.956245, 481.722229, 296.532043,68.894760, 894.676636, 0.872569
5, 790,1,731.572693, 717.205444, 481.722229, 296.532043,68.894760, 894.676636, 1.020032
5, 790,2,655.930603, 644.131470, 481.722229, 296.532043,68.894760, 894.676636, 1.018318
5, 790,3,120.779480, 124.156342, 481.722229, 296.532043,68.894760, 894.676636, 0.972802
5, 790,4,457.048248, 442.774139, 481.722229, 296.532043,68.894760, 894.676636, 1.032238
5, 790,5,620.796204, 613.438538, 481.722229, 296.532043,68.894760, 894.676636, 1.011994
5, 790,6,894.676636, 881.313110, 481.722229, 296.532043,68.894760, 894.676636, 1.015163
5, 790,7,304.079102, 310.024628, 481.722229, 296.532043,68.894760, 894.676636, 0.980822
5, 791,0,262.761780, 272.376678, 458.390106, 136.116974,255.327606, 637.774902, 0.964700
5, 791,1,255.327606, 258.736145, 458.390106, 136.116974,255.327606, 637.774902, 0.986826
5, 791,2,469.526154, 484.450958, 458.390106, 136.116974,255.327606, 637.774902, 0.969192
5, 791,3,579.113831, 601.950867, 458.390106, 136.116974,255.327606, 637.774902, 0.962062
5, 791,4,466.848389, 484.235565, 458.390106, 136.116974,255.327606, 637.774902, 0.964094
5, 791,5,490.081512, 510.894379, 458.390106, 136.116974,255.327606, 637.774902, 0.959262
5, 791,6,637.774902, 668.693665, 458.390106, 136.116974,255.327606, 637.774902, 0.953762
5, 791,7,505.686859, 530.661194, 458.390106, 136.116974,255.327606, 637.774902, 0.952937
5, 792,0,460.757690, 427.179474, 496.335083, 363.793457,49.334671, 1109.398682, 1.078604
5, 792,1,696.417542, 661.865051, 496.335083, 363.793457,49.334671, 1109.398682, 1.052205
5, 792,2,82.208237, 88.303352, 496.335083, 363.793457,49.334671, 1109.398682, 0.930975
5, 792,3,740.561890, 712.741333, 496.335083, 363.793457,49.334671, 1109.398682, 1.039033
5, 792,4,596.845764, 563.352295, 496.335083, 363.793457,49.334671, 1109.398682, 1.059454
5, 792,5,1109.398682, 1060.214478, 496.335083, 363.793457,49.334671, 1109.398682, 1.046391
5, 792,6,49.334671, 55.358849, 496.335083, 363.793457,49.334671, 1109.398682, 0.891180
5, 792,7,235.155884, 242.985367, 496.335083, 363.793457,49.334671, 1109.398682, 0.967778
5, 793,0,134.416687, 139.047577, 475.927887, 272.626251,134.416687, 810.984192, 0.966696
5, 793,1,154.923370, 147.504990, 475.927887, 272.626251,134.416687, 810.984192, 1.050292
5, 793,2,266.188690, 259.397461, 475.927887, 272.626251,134.416687, 810.984192, 1.026181
5, 793,3,652.700073, 644.906372, 475.927887, 272.626251,134.416687, 810.984192, 1.012085
5, 793,4,591.325806, 618.284790, 475.927887, 272.626251,134.416687, 810.984192, 0.956397
5, 793,5,411.675079, 418.886932, 475.927887, 272.626251,134.416687, 810.984192, 0.982783
5, 793,6,810.984192, 790.412292, 475.927887, 272.626251,134.416687, 810.984192, 1.026027
5, 793,7,785.209229, 793.559814, 475.927887, 272.626251,134.416687, 810.984192, 0.989477
5, 794,0,387.160706, 410.054077, 455.291595, 221.607697,96.462097, 685.873901, 0.944170
5, 794,1,96.462097, 126.598228, 455.291595, 221.607697,96.462097, 685.873901, 0.761955
5, 794,2,685.873901, 703.768188, 455.291595, 221.607697,96.462097, 685.873901, 0.974574
5, 794,3,539.644592, 546.422180, 455.291595, 221.607697,96.462097, 685.873901, 0.987596
5, 794,4,153.948685, 150.541718, 455.291595, 221.607697,96.462097, 685.873901, 1.022631
5, 794,5,628.660217, 655.991089, 455.291595, 221.607697,96.462097, 685.873901, 0.958337
5, 794,6,589.811584, 606.588379, 455.291595, 221.607697,96.462097, 685.873901, 0.972342
5, 794,7,560.770935, 612.036072, 455.291595, 221.607697,96.462097, 685.873901, 0.916238
5, 795,0,149.833771, 155.070496, 487.703918, 260.135101,149.833771, 877.961914, 0.966230
5, 795,1,348.484619, 349.945801, 487.703918, 260.135101,149.833771, 877.961914, 0.995825
5, 795,2,877.961914, 836.874512, 487.703918, 260.135101,149.833771, 877.961914, 1.049096
5, 795,3,801.939026, 778.655090, 487.703918, 260.135101,149.833771, 877.961914, 1.029903
5, 795,4,355.464966, 350.574188, 487.703918, 260.135101,149.833771, 877.961914, 1.013951
5, 795,5,250.576508, 237.659576, 487.703918, 260.135101,149.833771, 877.961914, 1.054351
5, 795,6,507.132874, 508.157318, 487.703918, 260.135101,149.833771, 877.961914, 0.997984
5, 795,7,610.237976, 595.063049, 487.703918, 260.135101,149.833771, 877.961914, 1.025501
5, 796,0,362.091248, 352.105469, 455.981934, 109.777000,264.625000, 588.217224, 1.028360
5, 796,1,264.625000, 260.784882, 455.981934, 109.777000,264.625000, 588.217224, 1.014725
5, 796,2,588.217224, 624.482422, 455.981934, 109.777000,264.625000, 588.217224, 0.941928
5, 796,3,390.425720, 411.176544, 455.981934, 109.777000,264.625000, 588.217224, 0.949533
5, 796,4,463.237305, 494.058441, 455.981934, 109.777000,264.625000, 588.217224, 0.937616
5, 796,5,527.703796, 555.783997, 455.981934, 109.777000,264.625000, 588.217224, 0.949476
5, 796,6,558.948914, 600.493408, 455.981934, 109.777000,264.625000, 588.217224, 0.930816
5, 796,7,492.606079, 513.114868, 455.981934, 109.777000,264.625000, 588.217224, 0.960031
5, 797,0,63.966984, 64.554337, 500.333557, 350.420837,31.212502, 850.436646, 0.990901
5, 797,1,745.899475, 711.512146, 500.333557, 350.420837,31.212502, 850.436646, 1.048330
5, 797,2,802.470337, 753.677856, 500.333557, 350.420837,31.212502, 850.436646, 1.064739
5, 797,3,31.212502, 26.860737, 500.333557, 350.420837,31.212502, 850.436646, 1.162012
5, 797,4,250.846680, 249.578018, 500.333557, 350.420837,31.212502, 850.436646, 1.005083
5, 797,5,850.436646, 801.787842, 500.333557, 350.420837,31.212502, 850.436646, 1.060675
5, 797,6,828.417297, 795.510254, 500.333557, 350.420837,31.212502, 850.436646, 1.041366
5, 797,7,429.418579, 408.518890, 500.333557, 350.420837,31.212502, 850.436646, 1.051160
5, 798,0,545.032593, 561.842651, 464.024750, 229.548645,133.895645, 762.757813, 0.970080
5, 798,1,525.380493, 539.208740, 464.024750, 229.548645,133.895645, 762.757813, 0.974355
5, 798,2,171.969574, 173.874466, 464.024750, 229.548645,133.895645, 762.757813, 0.989044
5, 798,3,133.895645, 135.314026, 464.024750, 229.548645,133.895645, 762.757813, 0.989518
5, 798,4,762.757813, 791.166504, 464.024750, 229.548645,133.895645, 762.757813, 0.964093
5, 798,5,460.096954, 468.558929, 464.024750, 229.548645,133.895645, 762.757813, 0.981940
5, 798,6,726.631836, 744.568909, 464.024750, 229.548645,133.895645, 762.757813, 0.975909
5, 798,7,386.433197, 397.465912, 464.024750, 229.548645,133.895645, 762.757813, 0.972242
5, 799,0,382.093323, 367.723846, 482.019440, 289.495331,56.477936, 833.037659, 1.039077
5, 799,1,578.194031, 573.834167, 482.019440, 289.495331,56.477936, 833.037659, 1.007598
5, 799,2,833.037659, 789.518005, 482.019440, 289.495331,56.477936, 833.037659, 1.055122
5, 799,3,665.821411, 656.027466, 482.019440, 289.495331,56.477936, 833.037659, 1.014929
5, 799,4,56.477936, 114.949387, 482.019440, 289.495331,56.477936, 833.037659, 0.491329
5, 799,5,686.033325, 668.442200, 482.019440, 289.495331,56.477936, 833.037659, 1.026317
5, 799,6,62.857059, 60.836464, 482.019440, 289.495331,56.477936, 833.037659, 1.033214
5, 799,7,591.640625, 580.668640, 482.019440, 289.495331,56.477936, 833.037659, 1.018895
5, 800,0,379.177582, 380.327576, 471.467438, 204.534363,165.168640, 783.114563, 0.996976
5, 800,1,744.630005, 757.417664, 471.467438, 204.534363,165.168640, 783.114563, 0.983117
5, 800,2,415.066528, 420.311554, 471.467438, 204.534363,165.168640, 783.114563, 0.987521
5, 800,3,347.671722, 344.808167, 471.467438, 204.534363,165.168640, 783.114563, 1.008305
5, 800,4,479.351318, 482.257141, 471.467438, 204.534363,165.168640, 783.114563, 0.993975
5, 800,5,165.168640, 166.357605, 471.467438, 204.534363,165.168640, 783.114563, 0.992853
5, 800,6,783.114563, 798.944458, 471.467438, 204.534363,165.168640, 783.114563, 0.980186
5, 800,7,457.559113, 461.575745, 471.467438, 204.534363,165.168640, 783.114563, 0.991298
5, 801,0,576.948242, 603.396301, 458.146423, 148.909637,196.869705, 622.031128, 0.956168
5, 801,1,392.676117, 399.001953, 458.146423, 148.909637,196.869705, 622.031128, 0.984146
5, 801,2,614.584167, 652.418091, 458.146423, 148.909637,196.869705, 622.031128, 0.942010
5, 801,3,433.991302, 458.430603, 458.146423, 148.909637,196.869705, 622.031128, 0.946689
5, 801,4,493.868927, 506.859009, 458.146423, 148.909637,196.869705, 622.031128, 0.974371
5, 801,5,334.201813, 336.081573, 458.146423, 148.909637,196.869705, 622.031128, 0.994407
5, 801,6,196.869705, 194.128357, 458.146423, 148.909637,196.869705, 622.031128, 1.014121
5, 801,7,622.031128, 661.683838, 458.146423, 148.909637,196.869705, 622.031128, 0.940073
5, 802,0,94.414063, 77.928848, 508.159454, 421.044922,69.624031, 1119.440308, 1.211542
5, 802,1,676.497070, 605.902405, 508.159454, 421.044922,69.624031, 1119.440308, 1.116512
5, 802,2,110.897820, 129.334457, 508.159454, 421.044922,69.624031, 1119.440308, 0.857450
5, 802,3,69.624031, 29.188271, 508.159454, 421.044922,69.624031, 1119.440308, 2.385343
5, 802,4,523.944458, 513.869751, 508.159454, 421.044922,69.624031, 1119.440308, 1.019606
5, 802,5,1119.440308, 1049.483032, 508.159454, 421.044922,69.624031, 1119.440308, 1.066659
5, 802,6,407.918396, 401.049835, 508.159454, 421.044922,69.624031, 1119.440308, 1.017126
5, 802,7,1062.539307, 1005.243530, 508.159454, 421.044922,69.624031, 1119.440308, 1.056997
5, 803,0,529.881042, 553.788452, 452.857117, 151.169037,201.409958, 657.381714, 0.956829
5, 803,1,311.674866, 349.195404, 452.857117, 151.169037,201.409958, 657.381714, 0.892551
5, 803,2,657.381714, 703.507324, 452.857117, 151.169037,201.409958, 657.381714, 0.934435
5, 803,3,427.087616, 441.765106, 452.857117, 151.169037,201.409958, 657.381714, 0.966775
5, 803,4,481.370331, 496.596802, 452.857117, 151.169037,201.409958, 657.381714, 0.969338
5, 803,5,611.183960, 638.406616, 452.857117, 151.169037,201.409958, 657.381714, 0.957358
5, 803,6,402.867432, 420.397980, 452.857117, 151.169037,201.409958, 657.381714, 0.958300
5, 803,7,201.409958, 208.342361, 452.857117, 151.169037,201.409958, 657.381714, 0.966726
5, 804,0,374.041870, 373.572998, 460.715485, 159.011597,223.779480, 706.122375, 1.001255
5, 804,1,667.659729, 701.123169, 460.715485, 159.011597,223.779480, 706.122375, 0.952272
5, 804,2,410.372803, 421.905396, 460.715485, 159.011597,223.779480, 706.122375, 0.972665
5, 804,3,384.845398, 398.958557, 460.715485, 159.011597,223.779480, 706.122375, 0.964625
5, 804,4,427.848206, 441.879395, 460.715485, 159.011597,223.779480, 706.122375, 0.968247
5, 804,5,223.779480, 222.467484, 460.715485, 159.011597,223.779480, 706.122375, 1.005898
5, 804,6,491.053955, 516.131592, 460.715485, 159.011597,223.779480, 706.122375, 0.951412
5, 804,7,706.122375, 735.961487, 460.715485, 159.011597,223.779480, 706.122375, 0.959456
5, 805,0,285.802856, 280.262207, 481.456512, 250.960220,142.221725, 806.093689, 1.019770
5, 805,1,142.221725, 139.926575, 481.456512, 250.960220,142.221725, 806.093689, 1.016402
5, 805,2,806.093689, 800.305481, 481.456512, 250.960220,142.221725, 806.093689, 1.007233
5, 805,3,248.418854, 249.858658, 481.456512, 250.960220,142.221725, 806.093689, 0.994238
5, 805,4,373.111420, 364.433655, 481.456512, 250.960220,142.221725, 806.093689, 1.023812
5, 805,5,655.507935, 659.670227, 481.456512, 250.960220,142.221725, 806.093689, 0.993690
5, 805,6,585.118713, 569.021240, 481.456512, 250.960220,142.221725, 806.093689, 1.028290
5, 805,7,755.376953, 748.522034, 481.456512, 250.960220,142.221725, 806.093689, 1.009158
5, 806,0,322.962341, 315.589142, 488.900696, 303.776154,149.713623, 985.239624, 1.023363
5, 806,1,789.353455, 761.576050, 488.900696, 303.776154,149.713623, 985.239624, 1.036474
5, 806,2,149.713623, 151.319733, 488.900696, 303.776154,149.713623, 985.239624, 0.989386
5, 806,3,197.988403, 188.197220, 488.900696, 303.776154,149.713623, 985.239624, 1.052026
5, 806,4,529.946350, 515.023804, 488.900696, 303.776154,149.713623, 985.239624, 1.028975
5, 806,5,667.454712, 647.321716, 488.900696, 303.776154,149.713623, 985.239624, 1.031102
5, 806,6,985.239624, 966.015564, 488.900696, 303.776154,149.713623, 985.239624, 1.019900
5, 806,7,268.546844, 266.956970, 488.900696, 303.776154,149.713623, 985.239624, 1.005956
5, 807,0,255.494659, 250.230255, 457.384399, 202.342331,128.580185, 730.840515, 1.021038
5, 807,1,730.840515, 771.484558, 457.384399, 202.342331,128.580185, 730.840515, 0.947317
5, 807,2,128.580185, 138.571747, 457.384399, 202.342331,128.580185, 730.840515, 0.927896
5, 807,3,454.291840, 492.636169, 457.384399, 202.342331,128.580185, 730.840515, 0.922165
5, 807,4,707.875183, 745.273010, 457.384399, 202.342331,128.580185, 730.840515, 0.949820
5, 807,5,470.819061, 483.337830, 457.384399, 202.342331,128.580185, 730.840515, 0.974099
5, 807,6,454.030304, 463.756775, 457.384399, 202.342331,128.580185, 730.840515, 0.979027
5, 807,7,457.143341, 466.709473, 457.384399, 202.342331,128.580185, 730.840515, 0.979503
5, 808,0,919.217896, 909.238281, 485.022247, 397.367615,33.533455, 944.883179, 1.010976
5, 808,1,170.718979, 168.789703, 485.022247, 397.367615,33.533455, 944.883179, 1.011430
5, 808,2,249.826492, 238.479309, 485.022247, 397.367615,33.533455, 944.883179, 1.047581
5, 808,3,52.217804, 20.973619, 485.022247, 397.367615,33.533455, 944.883179, 2.489690
5, 808,4,944.883179, 942.615173, 485.022247, 397.367615,33.533455, 944.883179, 1.002406
5, 808,5,839.703003, 841.258850, 485.022247, 397.367615,33.533455, 944.883179, 0.998151
5, 808,6,33.533455, 20.631584, 485.022247, 397.367615,33.533455, 944.883179, 1.625346
5, 808,7,670.077209, 670.013367, 485.022247, 397.367615,33.533455, 944.883179, 1.000095
5, 809,0,498.778809, 494.925812, 478.983704, 262.545715,35.573917, 827.582336, 1.007785
5, 809,1,827.582336, 808.757751, 478.983704, 262.545715,35.573917, 827.582336, 1.023276
5, 809,2,35.573917, 34.178719, 478.983704, 262.545715,35.573917, 827.582336, 1.040821
5, 809,3,394.038849, 398.972687, 478.983704, 262.545715,35.573917, 827.582336, 0.987634
5, 809,4,291.634186, 296.385101, 478.983704, 262.545715,35.573917, 827.582336, 0.983970
5, 809,5,611.294983, 608.521545, 478.983704, 262.545715,35.573917, 827.582336, 1.004558
5, 809,6,787.794739, 784.677246, 478.983704, 262.545715,35.573917, 827.582336, 1.003973
5, 809,7,385.171844, 385.580994, 478.983704, 262.545715,35.573917, 827.582336, 0.998939
5, 810,0,82.064812, 70.443291, 468.312775, 267.482330,82.064812, 843.940735, 1.164977
5, 810,1,843.940735, 862.767700, 468.312775, 267.482330,82.064812, 843.940735, 0.978178
5, 810,2,604.562073, 606.690918, 468.312775, 267.482330,82.064812, 843.940735, 0.996491
5, 810,3,458.758881, 470.841034, 468.312775, 267.482330,82.064812, 843.940735, 0.974339
5, 810,4,304.090363, 297.426788, 468.312775, 267.482330,82.064812, 843.940735, 1.022404
5, 810,5,482.492645, 495.802948, 468.312775, 267.482330,82.064812, 843.940735, 0.973154
5, 810,6,771.776306, 803.435364, 468.312775, 267.482330,82.064812, 843.940735, 0.960595
5, 810,7,198.816132, 204.591980, 468.312775, 267.482330,82.064812, 843.940735, 0.971769
5, 811,0,408.412079, 399.282715, 494.868225, 345.083984,78.622223, 1006.821167, 1.022864
5, 811,1,771.218811, 749.273987, 494.868225, 345.083984,78.622223, 1006.821167, 1.029288
5, 811,2,88.817566, 91.202263, 494.868225, 345.083984,78.622223, 1006.821167, 0.973853
5, 811,3,833.651672, 799.638489, 494.868225, 345.083984,78.622223, 1006.821167, 1.042536
5, 811,4,311.898987, 303.435455, 494.868225, 345.083984,78.622223, 1006.821167, 1.027892
5, 811,5,1006.821167, 971.478882, 494.868225, 345.083984,78.622223, 1006.821167, 1.036380
5, 811,6,459.503204, 445.390594, 494.868225, 345.083984,78.622223, 1006.821167, 1.031686
5, 811,7,78.622223, 52.297806, 494.868225, 345.083984,78.622223, 1006.821167, 1.503356
5, 812,0,239.072083, 212.777557, 474.305969, 218.772385,216.308151, 791.010986, 1.123577
5, 812,1,338.452972, 350.973145, 474.305969, 218.772385,216.308151, 791.010986, 0.964327
5, 812,2,791.010986, 822.572754, 474.305969, 218.772385,216.308151, 791.010986, 0.961630
5, 812,3,550.876953, 547.002625, 474.305969, 218.772385,216.308151, 791.010986, 1.007083
5, 812,4,428.823975, 435.286377, 474.305969, 218.772385,216.308151, 791.010986, 0.985154
5, 812,5,768.051941, 772.385071, 474.305969, 218.772385,216.308151, 791.010986, 0.994390
5, 812,6,216.308151, 208.056427, 474.305969, 218.772385,216.308151, 791.010986, 1.039661
5, 812,7,461.850769, 462.946014, 474.305969, 218.772385,216.308151, 791.010986, 0.997634
5, 813,0,482.916687, 472.732574, 469.923096, 218.458313,138.173981, 745.433411, 1.021543
5, 813,1,326.795990, 332.771820, 469.923096, 218.458313,138.173981, 745.433411, 0.982042
5, 813,2,411.786621, 414.057373, 469.923096, 218.458313,138.173981, 745.433411, 0.994516
5, 813,3,138.173981, 140.015015, 469.923096, 218.458313,138.173981, 745.433411, 0.986851
5, 813,4,745.433411, 763.831360, 469.923096, 218.458313,138.173981, 745.433411, 0.975914
5, 813,5,714.981689, 734.760986, 469.923096, 218.458313,138.173981, 745.433411, 0.973081
5, 813,6,290.739197, 309.208771, 469.923096, 218.458313,138.173981, 745.433411, 0.940268
5, 813,7,648.557251, 644.621948, 469.923096, 218.458313,138.173981, 745.433411, 1.006105
5, 814,0,655.667114, 627.967346, 496.593933, 284.280853,67.399673, 870.300171, 1.044110
5, 814,1,349.969574, 365.777191, 496.593933, 284.280853,67.399673, 870.300171, 0.956783
5, 814,2,67.399673, 66.791809, 496.593933, 284.280853,67.399673, 870.300171, 1.009101
5, 814,3,768.762085, 730.531616, 496.593933, 284.280853,67.399673, 870.300171, 1.052332
5, 814,4,444.880951, 439.483215, 496.593933, 284.280853,67.399673, 870.300171, 1.012282
5, 814,5,181.441391, 154.252731, 496.593933, 284.280853,67.399673, 870.300171, 1.176260
5, 814,6,870.300171, 864.497131, 496.593933, 284.280853,67.399673, 870.300171, 1.006713
5, 814,7,634.330627, 562.699097, 496.593933, 284.280853,67.399673, 870.300171, 1.127300
5, 815,0,50.292759, 10.031205, 502.035034, 362.058838,50.292759, 999.669495, 5.013631
5, 815,1,778.730469, 730.967651, 502.035034, 362.058838,50.292759, 999.669495, 1.065342
5, 815,2,138.935501, 145.743134, 502.035034, 362.058838,50.292759, 999.669495, 0.953290
5, 815,3,617.145935, 589.077087, 502.035034, 362.058838,50.292759, 999.669495, 1.047649
5, 815,4,631.867188, 603.462708, 502.035034, 362.058838,50.292759, 999.669495, 1.047069
5, 815,5,721.137573, 726.848511, 502.035034, 362.058838,50.292759, 999.669495, 0.992143
5, 815,6,78.501472, 40.300362, 502.035034, 362.058838,50.292759, 999.669495, 1.947910
5, 815,7,999.669495, 965.569092, 502.035034, 362.058838,50.292759, 999.669495, 1.035316
5, 816,0,137.143860, 138.278137, 465.418579, 235.379608,137.143860, 757.309937, 0.991797
5, 816,1,265.282928, 266.239655, 465.418579, 235.379608,137.143860, 757.309937, 0.996406
5, 816,2,645.156860, 678.692688, 465.418579, 235.379608,137.143860, 757.309937, 0.950588
5, 816,3,210.011414, 208.396362, 465.418579, 235.379608,137.143860, 757.309937, 1.007750
5, 816,4,617.183350, 623.991211, 465.418579, 235.379608,137.143860, 757.309937, 0.989090
5, 816,5,442.269745, 440.694977, 465.418579, 235.379608,137.143860, 757.309937, 1.003573
5, 816,6,757.309937, 773.750488, 465.418579, 235.379608,137.143860, 757.309937, 0.978752
5, 816,7,648.990662, 681.956238, 465.418579, 235.379608,137.143860, 757.309937, 0.951660
5, 817,0,314.799957, 321.923279, 461.040100, 243.069168,240.654190, 986.168457, 0.977873
5, 817,1,411.238159, 439.395752, 461.040100, 243.069168,240.654190, 986.168457, 0.935917
5, 817,2,312.443451, 327.065430, 461.040100, 243.069168,240.654190, 986.168457, 0.955293
5, 817,3,986.168457, 1010.811340, 461.040100, 243.069168,240.654190, 986.168457, 0.975621
5, 817,4,240.654190, 234.017929, 461.040100, 243.069168,240.654190, 986.168457, 1.028358
5, 817,5,310.371826, 321.372375, 461.040100, 243.069168,240.654190, 986.168457, 0.965770
5, 817,6,521.373413, 543.094727, 461.040100, 243.069168,240.654190, 986.168457, 0.960005
5, 817,7,591.271362, 614.318970, 461.040100, 243.069168,240.654190, 986.168457, 0.962483
5, 818,0,220.371521, 200.710739, 500.434021, 460.818848,36.739025, 1250.288574, 1.097956
5, 818,1,1250.288574, 1194.681274, 500.434021, 460.818848,36.739025, 1250.288574, 1.046546
5, 818,2,214.185318, 211.840622, 500.434021, 460.818848,36.739025, 1250.288574, 1.011068
5, 818,3,745.203186, 721.255615, 500.434021, 460.818848,36.739025, 1250.288574, 1.033203
5, 818,4,474.994904, 494.149353, 500.434021, 460.818848,36.739025, 1250.288574, 0.961238
5, 818,5,37.691051, 14.305717, 500.434021, 460.818848,36.739025, 1250.288574, 2.634685
5, 818,6,36.739025, 38.921417, 500.434021, 460.818848,36.739025, 1250.288574, 0.943928
5, 818,7,1023.998413, 936.135193, 500.434021, 460.818848,36.739025, 1250.288574, 1.093857
5, 819,0,587.457458, 526.926147, 506.034027, 387.097565,144.940399, 1330.021484, 1.114876
5, 819,1,295.008301, 231.738205, 506.034027, 387.097565,144.940399, 1330.021484, 1.273024
5, 819,2,416.027649, 434.376038, 506.034027, 387.097565,144.940399, 1330.021484, 0.957759
5, 819,3,144.940399, 143.746170, 506.034027, 387.097565,144.940399, 1330.021484, 1.008308
5, 819,4,312.692230, 279.576019, 506.034027, 387.097565,144.940399, 1330.021484, 1.118452
5, 819,5,747.217224, 720.795166, 506.034027, 387.097565,144.940399, 1330.021484, 1.036657
5, 819,6,214.907455, 217.629959, 506.034027, 387.097565,144.940399, 1330.021484, 0.987490
5, 819,7,1330.021484, 1257.212402, 506.034027, 387.097565,144.940399, 1330.021484, 1.057913
5, 820,0,723.627747, 752.835693, 471.292664, 183.092743,233.771896, 723.627747, 0.961203
5, 820,1,335.347473, 317.706390, 471.292664, 183.092743,233.771896, 723.627747, 1.055526
5, 820,2,496.730865, 502.009552, 471.292664, 183.092743,233.771896, 723.627747, 0.989485
5, 820,3,550.248901, 565.349243, 471.292664, 183.092743,233.771896, 723.627747, 0.973290
5, 820,4,311.647034, 295.725708, 471.292664, 183.092743,233.771896, 723.627747, 1.053838
5, 820,5,233.771896, 223.347427, 471.292664, 183.092743,233.771896, 723.627747, 1.046674
5, 820,6,714.672668, 734.317078, 471.292664, 183.092743,233.771896, 723.627747, 0.973248
5, 820,7,404.294617, 420.708893, 471.292664, 183.092743,233.771896, 723.627747, 0.960984
5, 821,0,195.137115, 203.243210, 476.077209, 330.566650,195.137115, 1011.770203, 0.960116
5, 821,1,827.522522, 823.999939, 476.077209, 330.566650,195.137115, 1011.770203, 1.004275
5, 821,2,221.942612, 223.298203, 476.077209, 330.566650,195.137115, 1011.770203, 0.993929
5, 821,3,750.020264, 746.592590, 476.077209, 330.566650,195.137115, 1011.770203, 1.004591
5, 821,4,1011.770203, 1005.289673, 476.077209, 330.566650,195.137115, 1011.770203, 1.006446
5, 821,5,258.995514, 266.434753, 476.077209, 330.566650,195.137115, 1011.770203, 0.972079
5, 821,6,322.352112, 328.097717, 476.077209, 330.566650,195.137115, 1011.770203, 0.982488
5, 821,7,220.877304, 215.043854, 476.077209, 330.566650,195.137115, 1011.770203, 1.027127
5, 822,0,784.135681, 751.334290, 493.861267, 317.523834,80.605652, 784.135681, 1.043658
5, 822,1,761.011108, 736.644958, 493.861267, 317.523834,80.605652, 784.135681, 1.033077
5, 822,2,774.506470, 742.325134, 493.861267, 317.523834,80.605652, 784.135681, 1.043352
5, 822,3,163.363586, 162.247650, 493.861267, 317.523834,80.605652, 784.135681, 1.006878
5, 822,4,687.367188, 668.017151, 493.861267, 317.523834,80.605652, 784.135681, 1.028966
5, 822,5,587.105713, 563.794983, 493.861267, 317.523834,80.605652, 784.135681, 1.041346
5, 822,6,80.605652, 75.554947, 493.861267, 317.523834,80.605652, 784.135681, 1.066848
5, 822,7,112.794647, 112.080406, 493.861267, 317.523834,80.605652, 784.135681, 1.006373
5, 823,0,199.101471, 208.506531, 468.500122, 309.072113,39.378574, 951.675781, 0.954893
5, 823,1,357.404266, 364.168396, 468.500122, 309.072113,39.378574, 951.675781, 0.981426
5, 823,2,268.768127, 278.969177, 468.500122, 309.072113,39.378574, 951.675781, 0.963433
5, 823,3,789.475037, 788.939514, 468.500122, 309.072113,39.378574, 951.675781, 1.000679
5, 823,4,604.161377, 605.484619, 468.500122, 309.072113,39.378574, 951.675781, 0.997815
5, 823,5,538.036377, 536.597107, 468.500122, 309.072113,39.378574, 951.675781, 1.002682
5, 823,6,951.675781, 942.711182, 468.500122, 309.072113,39.378574, 951.675781, 1.009509
5, 823,7,39.378574, 86.623314, 468.500122, 309.072113,39.378574, 951.675781, 0.454596
5, 824,0,363.797485, 328.458435, 505.507996, 368.749695,65.292191, 894.611694, 1.107591
5, 824,1,859.675110, 859.287964, 505.507996, 368.749695,65.292191, 894.611694, 1.000450
5, 824,2,817.771606, 777.954346, 505.507996, 368.749695,65.292191, 894.611694, 1.051182
5, 824,3,65.292191, 10.252589, 505.507996, 368.749695,65.292191, 894.611694, 6.368361
5, 824,4,785.114746, 760.413391, 505.507996, 368.749695,65.292191, 894.611694, 1.032484
5, 824,5,894.611694, 838.659851, 505.507996, 368.749695,65.292191, 894.611694, 1.066716
5, 824,6,158.666367, 148.334488, 505.507996, 368.749695,65.292191, 894.611694, 1.069653
5, 824,7,99.135109, 88.639328, 505.507996, 368.749695,65.292191, 894.611694, 1.118410
5, 825,0,158.105896, 168.987961, 491.452454, 336.158264,158.105896, 997.622803, 0.935605
5, 825,1,194.382645, 198.400726, 491.452454, 336.158264,158.105896, 997.622803, 0.979748
5, 825,2,838.028931, 806.909851, 491.452454, 336.158264,158.105896, 997.622803, 1.038566
5, 825,3,240.785431, 219.483917, 491.452454, 336.158264,158.105896, 997.622803, 1.097053
5, 825,4,187.336655, 173.619339, 491.452454, 336.158264,158.105896, 997.622803, 1.079008
5, 825,5,608.996399, 583.566284, 491.452454, 336.158264,158.105896, 997.622803, 1.043577
5, 825,6,997.622803, 969.250366, 491.452454, 336.158264,158.105896, 997.622803, 1.029273
5, 825,7,706.360779, 691.781799, 491.452454, 336.158264,158.105896, 997.622803, 1.021075
5, 826,0,417.121368, 425.778107, 477.460999, 181.143188,253.416534, 790.527283, 0.979668
5, 826,1,790.527283, 781.913147, 477.460999, 181.143188,253.416534, 790.527283, 1.011017
5, 826,2,308.832642, 306.866608, 477.460999, 181.143188,253.416534, 790.527283, 1.006407
5, 826,3,626.922119, 625.350159, 477.460999, 181.143188,253.416534, 790.527283, 1.002514
5, 826,4,356.182343, 356.619141, 477.460999, 181.143188,253.416534, 790.527283, 0.998775
5, 826,5,253.416534, 250.482956, 477.460999, 181.143188,253.416534, 790.527283, 1.011712
5, 826,6,478.050873, 475.792877, 477.460999, 181.143188,253.416534, 790.527283, 1.004746
5, 826,7,588.635132, 589.197144, 477.460999, 181.143188,253.416534, 790.527283, 0.999046
5, 827,0,544.851807, 520.387451, 486.459106, 320.739655,182.946045, 980.848267, 1.047012
5, 827,1,182.946045, 151.105881, 486.459106, 320.739655,182.946045, 980.848267, 1.210714
5, 827,2,252.497818, 257.797852, 486.459106, 320.739655,182.946045, 980.848267, 0.979441
5, 827,3,635.143127, 638.420715, 486.459106, 320.739655,182.946045, 980.848267, 0.994866
5, 827,4,874.716003, 861.855896, 486.459106, 320.739655,182.946045, 980.848267, 1.014921
5, 827,5,980.848267, 932.153748, 486.459106, 320.739655,182.946045, 980.848267, 1.052239
5, 827,6,203.638260, 211.922729, 486.459106, 320.739655,182.946045, 980.848267, 0.960908
5, 827,7,217.031799, 238.355713, 486.459106, 320.739655,182.946045, 980.848267, 0.910537
5, 828,0,349.273315, 339.843842, 472.930389, 245.431870,18.705463, 890.393555, 1.027746
5, 828,1,890.393555, 913.317688, 472.930389, 245.431870,18.705463, 890.393555, 0.974900
5, 828,2,501.489868, 500.226593, 472.930389, 245.431870,18.705463, 890.393555, 1.002525
5, 828,3,18.705463, 21.362673, 472.930389, 245.431870,18.705463, 890.393555, 0.875614
5, 828,4,482.006195, 486.549866, 472.930389, 245.431870,18.705463, 890.393555, 0.990661
5, 828,5,448.491974, 453.440887, 472.930389, 245.431870,18.705463, 890.393555, 0.989086
5, 828,6,628.511841, 634.501953, 472.930389, 245.431870,18.705463, 890.393555, 0.990559
5, 828,7,464.571136, 462.756500, 472.930389, 245.431870,18.705463, 890.393555, 1.003921
5, 829,0,516.019958, 478.026978, 498.445679, 345.424286,72.995667, 1027.889160, 1.079479
5, 829,1,987.205750, 911.035950, 498.445679, 345.424286,72.995667, 1027.889160, 1.083608
5, 829,2,1027.889160, 981.711670, 498.445679, 345.424286,72.995667, 1027.889160, 1.047038
5, 829,3,199.734177, 198.777817, 498.445679, 345.424286,72.995667, 1027.889160, 1.004811
5, 829,4,471.750793, 456.856293, 498.445679, 345.424286,72.995667, 1027.889160, 1.032602
5, 829,5,72.995667, 74.055901, 498.445679, 345.424286,72.995667, 1027.889160, 0.985683
5, 829,6,401.706116, 399.835968, 498.445679, 345.424286,72.995667, 1027.889160, 1.004677
5, 829,7,310.264099, 311.699127, 498.445679, 345.424286,72.995667, 1027.889160, 0.995396
5, 830,0,18.850353, 20.549322, 461.696655, 242.553177,18.850353, 733.538025, 0.917322
5, 830,1,642.597473, 676.026489, 461.696655, 242.553177,18.850353, 733.538025, 0.950551
5, 830,2,325.754303, 339.394318, 461.696655, 242.553177,18.850353, 733.538025, 0.959811
5, 830,3,332.082306, 324.161652, 461.696655, 242.553177,18.850353, 733.538025, 1.024434
5, 830,4,733.538025, 765.530151, 461.696655, 242.553177,18.850353, 733.538025, 0.958209
5, 830,5,463.917816, 480.864014, 461.696655, 242.553177,18.850353, 733.538025, 0.964759
5, 830,6,444.042450, 450.635223, 461.696655, 242.553177,18.850353, 733.538025, 0.985370
5, 830,7,732.790405, 754.838867, 461.696655, 242.553177,18.850353, 733.538025, 0.970791
5, 831,0,754.150879, 797.347595, 453.262207, 161.086777,271.811554, 754.150879, 0.945825
5, 831,1,375.887573, 379.255646, 453.262207, 161.086777,271.811554, 754.150879, 0.991119
5, 831,2,271.811554, 288.861755, 453.262207, 161.086777,271.811554, 754.150879, 0.940975
5, 831,3,277.475494, 293.330597, 453.262207, 161.086777,271.811554, 754.150879, 0.945948
5, 831,4,384.587219, 391.190430, 453.262207, 161.086777,271.811554, 754.150879, 0.983120
5, 831,5,479.711853, 515.140869, 453.262207, 161.086777,271.811554, 754.150879, 0.931225
5, 831,6,555.408203, 582.468018, 453.262207, 161.086777,271.811554, 754.150879, 0.953543
5, 831,7,527.065063, 564.405273, 453.262207, 161.086777,271.811554, 754.150879, 0.933841
5, 832,0,432.942047, 442.709534, 469.367737, 215.095795,210.807693, 751.046326, 0.977937
5, 832,1,259.766968, 265.592346, 469.367737, 215.095795,210.807693, 751.046326, 0.978066
5, 832,2,426.140594, 424.889740, 469.367737, 215.095795,210.807693, 751.046326, 1.002944
5, 832,3,751.046326, 764.269165, 469.367737, 215.095795,210.807693, 751.046326, 0.982699
5, 832,4,703.575256, 721.310120, 469.367737, 215.095795,210.807693, 751.046326, 0.975413
5, 832,5,291.454559, 294.097839, 469.367737, 215.095795,210.807693, 751.046326, 0.991012
5, 832,6,679.208435, 689.747131, 469.367737, 215.095795,210.807693, 751.046326, 0.984721
5, 832,7,210.807693, 209.384247, 469.367737, 215.095795,210.807693, 751.046326, 1.006798
5, 833,0,934.663818, 899.125732, 498.603424, 289.726227,104.450935, 934.663818, 1.039525
5, 833,1,104.450935, 58.875484, 498.603424, 289.726227,104.450935, 934.663818, 1.774099
5, 833,2,788.371521, 754.238831, 498.603424, 289.726227,104.450935, 934.663818, 1.045254
5, 833,3,672.487610, 651.670593, 498.603424, 289.726227,104.450935, 934.663818, 1.031944
5, 833,4,575.640503, 553.585083, 498.603424, 289.726227,104.450935, 934.663818, 1.039841
5, 833,5,230.156662, 229.789154, 498.603424, 289.726227,104.450935, 934.663818, 1.001599
5, 833,6,357.948090, 340.051697, 498.603424, 289.726227,104.450935, 934.663818, 1.052628
5, 833,7,325.108398, 324.663116, 498.603424, 289.726227,104.450935, 934.663818, 1.001372
5, 834,0,195.670395, 192.150116, 458.861755, 228.960876,195.670395, 913.165405, 1.018320
5, 834,1,386.827972, 396.461029, 458.861755, 228.960876,195.670395, 913.165405, 0.975702
5, 834,2,611.957214, 636.718811, 458.861755, 228.960876,195.670395, 913.165405, 0.961111
5, 834,3,913.165405, 969.646057, 458.861755, 228.960876,195.670395, 913.165405, 0.941751
5, 834,4,221.096405, 218.917007, 458.861755, 228.960876,195.670395, 913.165405, 1.009955
5, 834,5,446.565094, 470.899414, 458.861755, 228.960876,195.670395, 913.165405, 0.948324
5, 834,6,501.401001, 512.032104, 458.861755, 228.960876,195.670395, 913.165405, 0.979237
5, 834,7,394.210571, 415.175293, 458.861755, 228.960876,195.670395, 913.165405, 0.949504
5, 835,0,379.762970, 341.085297, 503.763184, 402.793854,99.864174, 1131.946533, 1.113396
5, 835,1,1131.946533, 1077.688110, 503.763184, 402.793854,99.864174, 1131.946533, 1.050347
5, 835,2,99.864174, 96.964691, 503.763184, 402.793854,99.864174, 1131.946533, 1.029902
5, 835,3,187.560120, 183.405212, 503.763184, 402.793854,99.864174, 1131.946533, 1.022654
5, 835,4,555.177734, 530.882813, 503.763184, 402.793854,99.864174, 1131.946533, 1.045763
5, 835,5,492.392273, 470.078979, 503.763184, 402.793854,99.864174, 1131.946533, 1.047467
5, 835,6,1063.056396, 1012.786316, 503.763184, 402.793854,99.864174, 1131.946533, 1.049635
5, 835,7,120.345131, 99.109032, 503.763184, 402.793854,99.864174, 1131.946533, 1.214270
5, 836,0,378.985840, 391.406403, 470.108856, 209.239243,175.714096, 766.663696, 0.968267
5, 836,1,405.079956, 403.726654, 470.108856, 209.239243,175.714096, 766.663696, 1.003352
5, 836,2,745.438782, 760.231384, 470.108856, 209.239243,175.714096, 766.663696, 0.980542
5, 836,3,175.714096, 176.549286, 470.108856, 209.239243,175.714096, 766.663696, 0.995269
5, 836,4,519.877380, 527.380493, 470.108856, 209.239243,175.714096, 766.663696, 0.985773
5, 836,5,766.663696, 781.050110, 470.108856, 209.239243,175.714096, 766.663696, 0.981581
5, 836,6,499.446869, 506.965393, 470.108856, 209.239243,175.714096, 766.663696, 0.985170
5, 836,7,269.664276, 264.690308, 470.108856, 209.239243,175.714096, 766.663696, 1.018792
5, 837,0,379.914948, 376.651367, 469.445740, 261.502411,175.014374, 963.260681, 1.008665
5, 837,1,706.993408, 715.783325, 469.445740, 261.502411,175.014374, 963.260681, 0.987720
5, 837,2,446.799988, 452.816010, 469.445740, 261.502411,175.014374, 963.260681, 0.986714
5, 837,3,315.409698, 330.049561, 469.445740, 261.502411,175.014374, 963.260681, 0.955643
5, 837,4,963.260681, 998.821655, 469.445740, 261.502411,175.014374, 963.260681, 0.964397
5, 837,5,533.893982, 535.275452, 469.445740, 261.502411,175.014374, 963.260681, 0.997419
5, 837,6,234.278885, 224.816498, 469.445740, 261.502411,175.014374, 963.260681, 1.042089
5, 837,7,175.014374, 177.786255, 469.445740, 261.502411,175.014374, 963.260681, 0.984409
5, 838,0,698.131531, 663.956360, 499.112396, 416.525909,73.184898, 1146.785400, 1.051472
5, 838,1,1146.785400, 1082.239624, 499.112396, 416.525909,73.184898, 1146.785400, 1.059641
5, 838,2,872.390503, 813.113953, 499.112396, 416.525909,73.184898, 1146.785400, 1.072901
5, 838,3,73.184898, 78.108963, 499.112396, 416.525909,73.184898, 1146.785400, 0.936959
5, 838,4,190.923492, 200.935791, 499.112396, 416.525909,73.184898, 1146.785400, 0.950172
5, 838,5,752.231140, 733.820740, 499.112396, 416.525909,73.184898, 1146.785400, 1.025088
5, 838,6,165.174118, 140.851456, 499.112396, 416.525909,73.184898, 1146.785400, 1.172683
5, 838,7,94.077934, 98.972977, 499.112396, 416.525909,73.184898, 1146.785400, 0.950542
5, 839,0,590.320068, 621.140381, 457.575165, 173.399658,206.835068, 642.074951, 0.950381
5, 839,1,206.835068, 212.349457, 457.575165, 173.399658,206.835068, 642.074951, 0.974032
5, 839,2,559.285706, 600.801331, 457.575165, 173.399658,206.835068, 642.074951, 0.930900
5, 839,3,330.382385, 338.766418, 457.575165, 173.399658,206.835068, 642.074951, 0.975251
5, 839,4,464.060028, 469.323792, 457.575165, 173.399658,206.835068, 642.074951, 0.988784
5, 839,5,249.096573, 244.916168, 457.575165, 173.399658,206.835068, 642.074951, 1.017069
5, 839,6,618.546265, 657.605469, 457.575165, 173.399658,206.835068, 642.074951, 0.940604
5, 839,7,642.074951, 667.096985, 457.575165, 173.399658,206.835068, 642.074951, 0.962491
5, 840,0,1004.747314, 984.753723, 485.729645, 296.053497,114.547867, 1004.747314, 1.020303
5, 840,1,114.547867, 110.413872, 485.729645, 296.053497,114.547867, 1004.747314, 1.037441
5, 840,2,294.741394, 293.530151, 485.729645, 296.053497,114.547867, 1004.747314, 1.004126
5, 840,3,578.637329, 564.252380, 485.729645, 296.053497,114.547867, 1004.747314, 1.025494
5, 840,4,611.038513, 602.895569, 485.729645, 296.053497,114.547867, 1004.747314, 1.013506
5, 840,5,605.155762, 592.027161, 485.729645, 296.053497,114.547867, 1004.747314, 1.022176
5, 840,6,128.790695, 130.979675, 485.729645, 296.053497,114.547867, 1004.747314, 0.983288
5, 840,7,548.178162, 533.147522, 485.729645, 296.053497,114.547867, 1004.747314, 1.028192
5, 841,0,498.832520, 505.555206, 468.674805, 266.954926,161.567825, 885.167725, 0.986702
5, 841,1,376.059296, 375.166443, 468.674805, 266.954926,161.567825, 885.167725, 1.002380
5, 841,2,218.608536, 217.999176, 468.674805, 266.954926,161.567825, 885.167725, 1.002795
5, 841,3,225.368134, 228.788437, 468.674805, 266.954926,161.567825, 885.167725, 0.985050
5, 841,4,161.567825, 150.844360, 468.674805, 266.954926,161.567825, 885.167725, 1.071090
5, 841,5,681.932007, 704.099915, 468.674805, 266.954926,161.567825, 885.167725, 0.968516
5, 841,6,701.862244, 726.596069, 468.674805, 266.954926,161.567825, 885.167725, 0.965959
5, 841,7,885.167725, 902.950500, 468.674805, 266.954926,161.567825, 885.167725, 0.980306
5, 842,0,530.324646, 533.071289, 469.755920, 204.767639,26.150110, 664.007019, 0.994848
5, 842,1,26.150110, 12.000858, 469.755920, 204.767639,26.150110, 664.007019, 2.179020
5, 842,2,400.659729, 400.614563, 469.755920, 204.767639,26.150110, 664.007019, 1.000113
5, 842,3,664.007019, 674.755615, 469.755920, 204.767639,26.150110, 664.007019, 0.984070
5, 842,4,608.974792, 627.064575, 469.755920, 204.767639,26.150110, 664.007019, 0.971152
5, 842,5,503.823242, 516.899719, 469.755920, 204.767639,26.150110, 664.007019, 0.974702
5, 842,6,397.107635, 407.582245, 469.755920, 204.767639,26.150110, 664.007019, 0.974301
5, 842,7,627.000305, 640.011292, 469.755920, 204.767639,26.150110, 664.007019, 0.979671
5, 843,0,317.873108, 321.008270, 484.322144, 369.940033,86.658646, 1073.936035, 0.990233
5, 843,1,277.825714, 268.926147, 484.322144, 369.940033,86.658646, 1073.936035, 1.033093
5, 843,2,363.284637, 356.565216, 484.322144, 369.940033,86.658646, 1073.936035, 1.018845
5, 843,3,752.654907, 740.270752, 484.322144, 369.940033,86.658646, 1073.936035, 1.016729
5, 843,4,117.347748, 110.338005, 484.322144, 369.940033,86.658646, 1073.936035, 1.063530
5, 843,5,86.658646, 79.167915, 484.322144, 369.940033,86.658646, 1073.936035, 1.094618
5, 843,6,1073.936035, 1062.757446, 484.322144, 369.940033,86.658646, 1073.936035, 1.010518
5, 843,7,884.996216, 872.966309, 484.322144, 369.940033,86.658646, 1073.936035, 1.013780
5, 844,0,78.304314, 85.027641, 467.632202, 296.823456,78.304314, 814.889221, 0.920928
5, 844,1,140.001389, 148.389008, 467.632202, 296.823456,78.304314, 814.889221, 0.943475
5, 844,2,801.076477, 830.379517, 467.632202, 296.823456,78.304314, 814.889221, 0.964711
5, 844,3,498.653229, 497.666473, 467.632202, 296.823456,78.304314, 814.889221, 1.001983
5, 844,4,189.185867, 195.080490, 467.632202, 296.823456,78.304314, 814.889221, 0.969784
5, 844,5,814.889221, 822.953064, 467.632202, 296.823456,78.304314, 814.889221, 0.990201
5, 844,6,669.913269, 675.188965, 467.632202, 296.823456,78.304314, 814.889221, 0.992186
5, 844,7,549.033752, 557.314697, 467.632202, 296.823456,78.304314, 814.889221, 0.985141
5, 845,0,290.102600, 296.728882, 471.342316, 243.222488,124.229103, 791.353455, 0.977669
5, 845,1,662.330444, 664.693787, 471.342316, 243.222488,124.229103, 791.353455, 0.996444
5, 845,2,750.352783, 761.778259, 471.342316, 243.222488,124.229103, 791.353455, 0.985002
5, 845,3,320.658783, 324.029083, 471.342316, 243.222488,124.229103, 791.353455, 0.989599
5, 845,4,502.951324, 502.579620, 471.342316, 243.222488,124.229103, 791.353455, 1.000740
5, 845,5,124.229103, 136.404068, 471.342316, 243.222488,124.229103, 791.353455, 0.910743
5, 845,6,791.353455, 798.050720, 471.342316, 243.222488,124.229103, 791.353455, 0.991608
5, 845,7,328.759949, 327.735565, 471.342316, 243.222488,124.229103, 791.353455, 1.003126
5, 846,0,562.066711, 552.533813, 487.905304, 301.790375,80.106804, 957.606384, 1.017253
5, 846,1,689.231140, 651.301758, 487.905304, 301.790375,80.106804, 957.606384, 1.058236
5, 846,2,957.606384, 940.666687, 487.905304, 301.790375,80.106804, 957.606384, 1.018008
5, 846,3,641.150269, 623.546143, 487.905304, 301.790375,80.106804, 957.606384, 1.028232
5, 846,4,312.745422, 310.808014, 487.905304, 301.790375,80.106804, 957.606384, 1.006233
5, 846,5,554.515991, 550.423767, 487.905304, 301.790375,80.106804, 957.606384, 1.007435
5, 846,6,105.819931, 108.889679, 487.905304, 301.790375,80.106804, 957.606384, 0.971809
5, 846,7,80.106804, 73.829895, 487.905304, 301.790375,80.106804, 957.606384, 1.085019
5, 847,0,953.235779, 917.359680, 488.407379, 262.726013,88.444923, 953.235779, 1.039108
5, 847,1,552.600220, 546.125854, 488.407379, 262.726013,88.444923, 953.235779, 1.011855
5, 847,2,404.232666, 394.862793, 488.407379, 262.726013,88.444923, 953.235779, 1.023729
5, 847,3,383.488678, 387.766998, 488.407379, 262.726013,88.444923, 953.235779, 0.988967
5, 847,4,744.211487, 730.836243, 488.407379, 262.726013,88.444923, 953.235779, 1.018301
5, 847,5,403.303772, 382.077789, 488.407379, 262.726013,88.444923, 953.235779, 1.055554
5, 847,6,88.444923, 82.615028, 488.407379, 262.726013,88.444923, 953.235779, 1.070567
5, 847,7,377.741791, 370.355621, 488.407379, 262.726013,88.444923, 953.235779, 1.019943
5, 848,0,309.734985, 323.947357, 456.794739, 100.493126,309.734985, 606.576416, 0.956128
5, 848,1,489.499420, 539.657776, 456.794739, 100.493126,309.734985, 606.576416, 0.907055
5, 848,2,376.137451, 383.547852, 456.794739, 100.493126,309.734985, 606.576416, 0.980679
5, 848,3,485.234009, 491.566437, 456.794739, 100.493126,309.734985, 606.576416, 0.987118
5, 848,4,571.720947, 587.702332, 456.794739, 100.493126,309.734985, 606.576416, 0.972807
5, 848,5,606.576416, 638.501709, 456.794739, 100.493126,309.734985, 606.576416, 0.950000
5, 848,6,397.150604, 406.332855, 456.794739, 100.493126,309.734985, 606.576416, 0.977402
5, 848,7,418.304230, 440.743805, 456.794739, 100.493126,309.734985, 606.576416, 0.949087
5, 849,0,63.528000, 74.882896, 484.804810, 364.437653,55.566246, 953.977539, 0.848365
5, 849,1,94.661987, 89.453201, 484.804810, 364.437653,55.566246, 953.977539, 1.058229
5, 849,2,953.977539, 925.562256, 484.804810, 364.437653,55.566246, 953.977539, 1.030701
5, 849,3,782.571655, 764.088501, 484.804810, 364.437653,55.566246, 953.977539, 1.024190
5, 849,4,567.167542, 553.569275, 484.804810, 364.437653,55.566246, 953.977539, 1.024565
5, 849,5,55.566246, 74.849548, 484.804810, 364.437653,55.566246, 953.977539, 0.742373
5, 849,6,789.158264, 769.956665, 484.804810, 364.437653,55.566246, 953.977539, 1.024939
5, 849,7,571.807434, 559.637451, 484.804810, 364.437653,55.566246, 953.977539, 1.021746
5, 850,0,333.599335, 332.671814, 464.209900, 250.999756,183.345490, 788.512024, 1.002788
5, 850,1,780.618835, 789.298157, 464.209900, 250.999756,183.345490, 788.512024, 0.989004
5, 850,2,631.668518, 656.458618, 464.209900, 250.999756,183.345490, 788.512024, 0.962237
5, 850,3,788.512024, 809.317871, 464.209900, 250.999756,183.345490, 788.512024, 0.974292
5, 850,4,234.422913, 240.783966, 464.209900, 250.999756,183.345490, 788.512024, 0.973582
5, 850,5,230.752487, 250.033554, 464.209900, 250.999756,183.345490, 788.512024, 0.922886
5, 850,6,183.345490, 179.305771, 464.209900, 250.999756,183.345490, 788.512024, 1.022530
5, 850,7,530.759644, 554.130127, 464.209900, 250.999756,183.345490, 788.512024, 0.957825
5, 851,0,153.272690, 123.317474, 492.331726, 422.926086,153.272690, 1270.594238, 1.242911
5, 851,1,1011.536133, 962.603149, 492.331726, 422.926086,153.272690, 1270.594238, 1.050834
5, 851,2,207.448181, 204.736237, 492.331726, 422.926086,153.272690, 1270.594238, 1.013246
5, 851,3,1270.594238, 1239.885254, 492.331726, 422.926086,153.272690, 1270.594238, 1.024768
5, 851,4,157.296799, 190.045532, 492.331726, 422.926086,153.272690, 1270.594238, 0.827680
5, 851,5,281.881378, 305.542206, 492.331726, 422.926086,153.272690, 1270.594238, 0.922561
5, 851,6,339.023346, 278.941101, 492.331726, 422.926086,153.272690, 1270.594238, 1.215394
5, 851,7,517.600769, 506.928680, 492.331726, 422.926086,153.272690, 1270.594238, 1.021052
5, 852,0,210.039276, 225.929428, 473.543793, 214.452866,210.039276, 724.362488, 0.929668
5, 852,1,318.027008, 323.518433, 473.543793, 214.452866,210.039276, 724.362488, 0.983026
5, 852,2,677.923767, 676.200928, 473.543793, 214.452866,210.039276, 724.362488, 1.002548
5, 852,3,609.909973, 606.058838, 473.543793, 214.452866,210.039276, 724.362488, 1.006354
5, 852,4,724.362488, 725.843811, 473.543793, 214.452866,210.039276, 724.362488, 0.997959
5, 852,5,667.243713, 660.195923, 473.543793, 214.452866,210.039276, 724.362488, 1.010675
5, 852,6,275.480347, 286.762054, 473.543793, 214.452866,210.039276, 724.362488, 0.960658
5, 852,7,305.364075, 307.490540, 473.543793, 214.452866,210.039276, 724.362488, 0.993084
5, 853,0,1014.961365, 998.328186, 483.284088, 307.461273,100.608803, 1014.961365, 1.016661
5, 853,1,787.020325, 780.557373, 483.284088, 307.461273,100.608803, 1014.961365, 1.008280
5, 853,2,312.852478, 302.722534, 483.284088, 307.461273,100.608803, 1014.961365, 1.033463
5, 853,3,490.939575, 490.101807, 483.284088, 307.461273,100.608803, 1014.961365, 1.001709
5, 853,4,171.213242, 174.213669, 483.284088, 307.461273,100.608803, 1014.961365, 0.982777
5, 853,5,411.839386, 413.591553, 483.284088, 307.461273,100.608803, 1014.961365, 0.995764
5, 853,6,576.837463, 567.958069, 483.284088, 307.461273,100.608803, 1014.961365, 1.015634
5, 853,7,100.608803, 84.526649, 483.284088, 307.461273,100.608803, 1014.961365, 1.190261
5, 854,0,826.720459, 787.617126, 499.660248, 348.010529,73.206200, 1007.060608, 1.049648
5, 854,1,1007.060608, 949.527527, 499.660248, 348.010529,73.206200, 1007.060608, 1.060591
5, 854,2,126.163757, 111.140160, 499.660248, 348.010529,73.206200, 1007.060608, 1.135177
5, 854,3,547.710815, 497.796844, 499.660248, 348.010529,73.206200, 1007.060608, 1.100270
5, 854,4,732.604004, 709.889832, 499.660248, 348.010529,73.206200, 1007.060608, 1.031997
5, 854,5,175.099808, 185.940842, 499.660248, 348.010529,73.206200, 1007.060608, 0.941696
5, 854,6,508.716095, 487.410248, 499.660248, 348.010529,73.206200, 1007.060608, 1.043712
5, 854,7,73.206200, 82.677452, 499.660248, 348.010529,73.206200, 1007.060608, 0.885443
5, 855,0,1053.400146, 1014.377808, 496.239777, 379.209930,46.678707, 1053.400146, 1.038469
5, 855,1,550.326721, 534.878052, 496.239777, 379.209930,46.678707, 1053.400146, 1.028883
5, 855,2,724.090210, 694.395142, 496.239777, 379.209930,46.678707, 1053.400146, 1.042764
5, 855,3,140.439499, 132.528717, 496.239777, 379.209930,46.678707, 1053.400146, 1.059691
5, 855,4,79.734901, 83.101372, 496.239777, 379.209930,46.678707, 1053.400146, 0.959490
5, 855,5,46.678707, 36.008621, 496.239777, 379.209930,46.678707, 1053.400146, 1.296320
5, 855,6,869.146912, 828.122498, 496.239777, 379.209930,46.678707, 1053.400146, 1.049539
5, 855,7,506.101318, 488.587860, 496.239777, 379.209930,46.678707, 1053.400146, 1.035845
5, 856,0,512.907410, 527.222290, 471.672791, 232.198257,81.195221, 700.877991, 0.972848
5, 856,1,700.877991, 712.927917, 471.672791, 232.198257,81.195221, 700.877991, 0.983098
5, 856,2,692.299622, 700.994751, 471.672791, 232.198257,81.195221, 700.877991, 0.987596
5, 856,3,198.620941, 195.806107, 471.672791, 232.198257,81.195221, 700.877991, 1.014376
5, 856,4,471.636108, 462.381073, 471.672791, 232.198257,81.195221, 700.877991, 1.020016
5, 856,5,81.195221, 89.085678, 471.672791, 232.198257,81.195221, 700.877991, 0.911428
5, 856,6,430.265747, 424.421021, 471.672791, 232.198257,81.195221, 700.877991, 1.013771
5, 856,7,685.579590, 699.160828, 471.672791, 232.198257,81.195221, 700.877991, 0.980575
5, 857,0,499.080170, 499.263245, 472.249725, 225.234650,169.518204, 834.718262, 0.999633
5, 857,1,347.407837, 347.000977, 472.249725, 225.234650,169.518204, 834.718262, 1.001173
5, 857,2,424.371704, 428.295288, 472.249725, 225.234650,169.518204, 834.718262, 0.990839
5, 857,3,834.718262, 836.212585, 472.249725, 225.234650,169.518204, 834.718262, 0.998213
5, 857,4,332.608124, 349.789093, 472.249725, 225.234650,169.518204, 834.718262, 0.950882
5, 857,5,400.084686, 401.162781, 472.249725, 225.234650,169.518204, 834.718262, 0.997313
5, 857,6,770.208496, 789.201843, 472.249725, 225.234650,169.518204, 834.718262, 0.975933
5, 857,7,169.518204, 161.074753, 472.249725, 225.234650,169.518204, 834.718262, 1.052419
5, 858,0,416.563385, 422.368469, 467.263397, 276.687531,89.928833, 899.408203, 0.986256
5, 858,1,89.928833, 100.762138, 467.263397, 276.687531,89.928833, 899.408203, 0.892486
5, 858,2,866.835388, 877.261902, 467.263397, 276.687531,89.928833, 899.408203, 0.988115
5, 858,3,389.799042, 395.337738, 467.263397, 276.687531,89.928833, 899.408203, 0.985990
5, 858,4,402.551697, 402.991455, 467.263397, 276.687531,89.928833, 899.408203, 0.998909
5, 858,5,327.790100, 332.950409, 467.263397, 276.687531,89.928833, 899.408203, 0.984501
5, 858,6,899.408203, 922.773621, 467.263397, 276.687531,89.928833, 899.408203, 0.974679
5, 858,7,345.230438, 357.554413, 467.263397, 276.687531,89.928833, 899.408203, 0.965533
5, 859,0,420.901581, 430.939209, 468.957306, 273.715973,171.714111, 879.757019, 0.976708
5, 859,1,660.794067, 680.199646, 468.957306, 273.715973,171.714111, 879.757019, 0.971471
5, 859,2,171.714111, 170.704880, 468.957306, 273.715973,171.714111, 879.757019, 1.005912
5, 859,3,228.517365, 230.979431, 468.957306, 273.715973,171.714111, 879.757019, 0.989341
5, 859,4,879.757019, 900.633118, 468.957306, 273.715973,171.714111, 879.757019, 0.976821
5, 859,5,287.682495, 293.574341, 468.957306, 273.715973,171.714111, 879.757019, 0.979931
5, 859,6,800.184570, 808.801697, 468.957306, 273.715973,171.714111, 879.757019, 0.989346
5, 859,7,302.107117, 296.167694, 468.957306, 273.715973,171.714111, 879.757019, 1.020054
5, 860,0,865.688293, 865.413879, 477.408051, 340.221191,146.938950, 952.507324, 1.000317
5, 860,1,349.460205, 354.811523, 477.408051, 340.221191,146.938950, 952.507324, 0.984918
5, 860,2,812.900269, 804.347717, 477.408051, 340.221191,146.938950, 952.507324, 1.010633
5, 860,3,146.938950, 155.040863, 477.408051, 340.221191,146.938950, 952.507324, 0.947743
5, 860,4,235.526093, 231.634705, 477.408051, 340.221191,146.938950, 952.507324, 1.016800
5, 860,5,952.507324, 942.878113, 477.408051, 340.221191,146.938950, 952.507324, 1.010213
5, 860,6,308.254547, 308.298187, 477.408051, 340.221191,146.938950, 952.507324, 0.999858
5, 860,7,147.988724, 149.574860, 477.408051, 340.221191,146.938950, 952.507324, 0.989396
5, 861,0,89.371635, 86.251244, 503.806091, 399.317352,89.371635, 1216.870850, 1.036178
5, 861,1,1216.870850, 1135.600830, 503.806091, 399.317352,89.371635, 1216.870850, 1.071566
5, 861,2,437.208435, 428.823700, 503.806091, 399.317352,89.371635, 1216.870850, 1.019553
5, 861,3,109.927437, 114.811775, 503.806091, 399.317352,89.371635, 1216.870850, 0.957458
5, 861,4,653.342529, 628.785950, 503.806091, 399.317352,89.371635, 1216.870850, 1.039054
5, 861,5,220.979584, 229.862244, 503.806091, 399.317352,89.371635, 1216.870850, 0.961357
5, 861,6,395.950012, 312.734009, 503.806091, 399.317352,89.371635, 1216.870850, 1.266092
5, 861,7,906.798401, 875.130249, 503.806091, 399.317352,89.371635, 1216.870850, 1.036187
5, 862,0,654.459900, 669.985901, 457.171936, 171.917053,194.179947, 654.459900, 0.976826
5, 862,1,255.961578, 258.887268, 457.171936, 171.917053,194.179947, 654.459900, 0.988699
5, 862,2,194.179947, 193.161301, 457.171936, 171.917053,194.179947, 654.459900, 1.005274
5, 862,3,396.234497, 408.885071, 457.171936, 171.917053,194.179947, 654.459900, 0.969061
5, 862,4,416.576935, 439.172241, 457.171936, 171.917053,194.179947, 654.459900, 0.948550
5, 862,5,648.889221, 688.166870, 457.171936, 171.917053,194.179947, 654.459900, 0.942924
5, 862,6,562.592834, 597.326782, 457.171936, 171.917053,194.179947, 654.459900, 0.941851
5, 862,7,528.480774, 556.414368, 457.171936, 171.917053,194.179947, 654.459900, 0.949797
5, 863,0,858.954590, 864.099670, 473.602844, 340.434448,37.571667, 858.954590, 0.994046
5, 863,1,831.233093, 847.374329, 473.602844, 340.434448,37.571667, 858.954590, 0.980951
5, 863,2,227.552734, 240.151978, 473.602844, 340.434448,37.571667, 858.954590, 0.947536
5, 863,3,51.163174, 46.845757, 473.602844, 340.434448,37.571667, 858.954590, 1.092162
5, 863,4,484.718658, 482.061737, 473.602844, 340.434448,37.571667, 858.954590, 1.005512
5, 863,5,37.571667, 28.405010, 473.602844, 340.434448,37.571667, 858.954590, 1.322713
5, 863,6,500.097931, 507.006775, 473.602844, 340.434448,37.571667, 858.954590, 0.986373
5, 863,7,797.530701, 796.054749, 473.602844, 340.434448,37.571667, 858.954590, 1.001854
5, 864,0,380.045868, 395.997437, 473.970306, 285.863220,39.748474, 876.987366, 0.959718
5, 864,1,876.987366, 878.824280, 473.970306, 285.863220,39.748474, 876.987366, 0.997910
5, 864,2,492.230988, 487.358337, 473.970306, 285.863220,39.748474, 876.987366, 1.009998
5, 864,3,755.346130, 761.063904, 473.970306, 285.863220,39.748474, 876.987366, 0.992487
5, 864,4,456.880615, 465.107391, 473.970306, 285.863220,39.748474, 876.987366, 0.982312
5, 864,5,640.254517, 643.806396, 473.970306, 285.863220,39.748474, 876.987366, 0.994483
5, 864,6,150.268204, 150.985535, 473.970306, 285.863220,39.748474, 876.987366, 0.995249
5, 864,7,39.748474, 28.856737, 473.970306, 285.863220,39.748474, 876.987366, 1.377442
5, 865,0,585.226563, 607.616455, 460.232941, 190.061539,155.304276, 634.620605, 0.963151
5, 865,1,155.304276, 166.869034, 460.232941, 190.061539,155.304276, 634.620605, 0.930696
5, 865,2,496.085785, 507.580780, 460.232941, 190.061539,155.304276, 634.620605, 0.977353
5, 865,3,444.304260, 475.989410, 460.232941, 190.061539,155.304276, 634.620605, 0.933433
5, 865,4,182.598984, 187.493347, 460.232941, 190.061539,155.304276, 634.620605, 0.973896
5, 865,5,608.829224, 621.136536, 460.232941, 190.061539,155.304276, 634.620605, 0.980186
5, 865,6,634.620605, 632.414429, 460.232941, 190.061539,155.304276, 634.620605, 1.003489
5, 865,7,574.893860, 612.900146, 460.232941, 190.061539,155.304276, 634.620605, 0.937989
5, 866,0,86.667328, 79.477135, 507.891571, 447.649780,51.265224, 1112.607544, 1.090469
5, 866,1,1025.047241, 1000.021179, 507.891571, 447.649780,51.265224, 1112.607544, 1.025025
5, 866,2,132.402863, 127.809059, 507.891571, 447.649780,51.265224, 1112.607544, 1.035943
5, 866,3,692.488892, 648.570618, 507.891571, 447.649780,51.265224, 1112.607544, 1.067716
5, 866,4,159.469513, 155.778931, 507.891571, 447.649780,51.265224, 1112.607544, 1.023691
5, 866,5,51.265224, 26.595451, 507.891571, 447.649780,51.265224, 1112.607544, 1.927594
5, 866,6,1112.607544, 1045.145996, 507.891571, 447.649780,51.265224, 1112.607544, 1.064548
5, 866,7,803.183777, 728.601685, 507.891571, 447.649780,51.265224, 1112.607544, 1.102363
5, 867,0,1034.924438, 992.203735, 508.257904, 366.208344,54.567768, 1034.924438, 1.043056
5, 867,1,187.522308, 174.584015, 508.257904, 366.208344,54.567768, 1034.924438, 1.074109
5, 867,2,671.179199, 643.977783, 508.257904, 366.208344,54.567768, 1034.924438, 1.042240
5, 867,3,154.501572, 119.670715, 508.257904, 366.208344,54.567768, 1034.924438, 1.291056
5, 867,4,906.091858, 831.322144, 508.257904, 366.208344,54.567768, 1034.924438, 1.089941
5, 867,5,383.919800, 379.076630, 508.257904, 366.208344,54.567768, 1034.924438, 1.012776
5, 867,6,54.567768, 29.525595, 508.257904, 366.208344,54.567768, 1034.924438, 1.848151
5, 867,7,673.356262, 641.639404, 508.257904, 366.208344,54.567768, 1034.924438, 1.049431
5, 868,0,483.896027, 503.321533, 458.225342, 168.629120,237.195663, 633.718811, 0.961405
5, 868,1,274.948242, 275.704254, 458.225342, 168.629120,237.195663, 633.718811, 0.997258
5, 868,2,599.607056, 636.673523, 458.225342, 168.629120,237.195663, 633.718811, 0.941781
5, 868,3,237.195663, 240.235748, 458.225342, 168.629120,237.195663, 633.718811, 0.987345
5, 868,4,563.033203, 597.848694, 458.225342, 168.629120,237.195663, 633.718811, 0.941765
5, 868,5,273.531891, 287.487396, 458.225342, 168.629120,237.195663, 633.718811, 0.951457
5, 868,6,599.871948, 618.653687, 458.225342, 168.629120,237.195663, 633.718811, 0.969641
5, 868,7,633.718811, 652.074890, 458.225342, 168.629120,237.195663, 633.718811, 0.971850
5, 869,0,233.926163, 237.931625, 461.790436, 193.208633,233.926163, 793.179932, 0.983166
5, 869,1,569.375244, 588.139893, 461.790436, 193.208633,233.926163, 793.179932, 0.968095
5, 869,2,275.534668, 274.185486, 461.790436, 193.208633,233.926163, 793.179932, 1.004921
5, 869,3,793.179932, 844.094604, 461.790436, 193.208633,233.926163, 793.179932, 0.939681
5, 869,4,480.161224, 508.041962, 461.790436, 193.208633,233.926163, 793.179932, 0.945121
5, 869,5,295.772278, 294.906525, 461.790436, 193.208633,233.926163, 793.179932, 1.002936
5, 869,6,617.689880, 621.255188, 461.790436, 193.208633,233.926163, 793.179932, 0.994261
5, 869,7,428.684174, 443.444794, 461.790436, 193.208633,233.926163, 793.179932, 0.966714
5, 870,0,851.012146, 839.049561, 483.770721, 262.619995,47.817654, 851.012146, 1.014257
5, 870,1,326.866364, 320.007935, 483.770721, 262.619995,47.817654, 851.012146, 1.021432
5, 870,2,338.349823, 337.407349, 483.770721, 262.619995,47.817654, 851.012146, 1.002793
5, 870,3,742.145508, 736.243774, 483.770721, 262.619995,47.817654, 851.012146, 1.008016
5, 870,4,424.457306, 425.271820, 483.770721, 262.619995,47.817654, 851.012146, 0.998085
5, 870,5,686.020996, 672.092529, 483.770721, 262.619995,47.817654, 851.012146, 1.020724
5, 870,6,47.817654, 27.495785, 483.770721, 262.619995,47.817654, 851.012146, 1.739090
5, 870,7,453.495880, 454.431458, 483.770721, 262.619995,47.817654, 851.012146, 0.997941
5, 871,0,157.219040, 152.883240, 476.587616, 279.759369,76.075554, 963.763123, 1.028360
5, 871,1,550.735107, 552.035583, 476.587616, 279.759369,76.075554, 963.763123, 0.997644
5, 871,2,592.125916, 595.050110, 476.587616, 279.759369,76.075554, 963.763123, 0.995086
5, 871,3,76.075554, 78.875992, 476.587616, 279.759369,76.075554, 963.763123, 0.964496
5, 871,4,963.763123, 953.093872, 476.587616, 279.759369,76.075554, 963.763123, 1.011194
5, 871,5,572.828247, 576.167114, 476.587616, 279.759369,76.075554, 963.763123, 0.994205
5, 871,6,546.375854, 546.523132, 476.587616, 279.759369,76.075554, 963.763123, 0.999731
5, 871,7,353.577942, 357.370758, 476.587616, 279.759369,76.075554, 963.763123, 0.989387
5, 872,0,89.778259, 90.417915, 497.237823, 467.209961,77.345886, 1489.926880, 0.992926
5, 872,1,624.312500, 614.866089, 497.237823, 467.209961,77.345886, 1489.926880, 1.015363
5, 872,2,77.345886, 57.769257, 497.237823, 467.209961,77.345886, 1489.926880, 1.338876
5, 872,3,164.269547, 174.510391, 497.237823, 467.209961,77.345886, 1489.926880, 0.941317
5, 872,4,690.152893, 697.607056, 497.237823, 467.209961,77.345886, 1489.926880, 0.989315
5, 872,5,310.619659, 267.852631, 497.237823, 467.209961,77.345886, 1489.926880, 1.159666
5, 872,6,1489.926880, 1392.098511, 497.237823, 467.209961,77.345886, 1489.926880, 1.070274
5, 872,7,531.496887, 516.877869, 497.237823, 467.209961,77.345886, 1489.926880, 1.028283
5, 873,0,35.198071, 17.670031, 498.890503, 251.683502,35.198071, 765.675537, 1.991964
5, 873,1,742.399780, 706.912292, 498.890503, 251.683502,35.198071, 765.675537, 1.050201
5, 873,2,330.604889, 327.529358, 498.890503, 251.683502,35.198071, 765.675537, 1.009390
5, 873,3,613.344543, 594.155396, 498.890503, 251.683502,35.198071, 765.675537, 1.032297
5, 873,4,765.675537, 738.430908, 498.890503, 251.683502,35.198071, 765.675537, 1.036895
5, 873,5,504.934113, 463.789581, 498.890503, 251.683502,35.198071, 765.675537, 1.088714
5, 873,6,331.445892, 326.493561, 498.890503, 251.683502,35.198071, 765.675537, 1.015168
5, 873,7,667.521362, 637.018738, 498.890503, 251.683502,35.198071, 765.675537, 1.047883
5, 874,0,534.563843, 545.291443, 473.781891, 251.826996,89.325233, 867.150635, 0.980327
5, 874,1,89.325233, 53.038078, 473.781891, 251.826996,89.325233, 867.150635, 1.684172
5, 874,2,226.265930, 230.981262, 473.781891, 251.826996,89.325233, 867.150635, 0.979586
5, 874,3,635.738892, 644.495422, 473.781891, 251.826996,89.325233, 867.150635, 0.986413
5, 874,4,348.776001, 343.116394, 473.781891, 251.826996,89.325233, 867.150635, 1.016495
5, 874,5,433.234161, 442.432892, 473.781891, 251.826996,89.325233, 867.150635, 0.979209
5, 874,6,655.200378, 665.831726, 473.781891, 251.826996,89.325233, 867.150635, 0.984033
5, 874,7,867.150635, 886.812927, 473.781891, 251.826996,89.325233, 867.150635, 0.977828
5, 875,0,707.390076, 728.431030, 472.964600, 187.863480,142.954620, 707.390076, 0.971115
5, 875,1,329.790192, 333.839966, 472.964600, 187.863480,142.954620, 707.390076, 0.987869
5, 875,2,590.757446, 630.552917, 472.964600, 187.863480,142.954620, 707.390076, 0.936888
5, 875,3,593.112183, 597.558472, 472.964600, 187.863480,142.954620, 707.390076, 0.992559
5, 875,4,517.741455, 519.150696, 472.964600, 187.863480,142.954620, 707.390076, 0.997285
5, 875,5,576.297485, 570.536682, 472.964600, 187.863480,142.954620, 707.390076, 1.010097
5, 875,6,142.954620, 98.695511, 472.964600, 187.863480,142.954620, 707.390076, 1.448441
5, 875,7,325.673248, 333.234772, 472.964600, 187.863480,142.954620, 707.390076, 0.977309
5, 876,0,572.961853, 556.408813, 481.557678, 282.935150,27.821823, 890.427063, 1.029750
5, 876,1,523.664429, 523.647278, 481.557678, 282.935150,27.821823, 890.427063, 1.000033
5, 876,2,126.968704, 131.324265, 481.557678, 282.935150,27.821823, 890.427063, 0.966834
5, 876,3,494.035095, 494.145081, 481.557678, 282.935150,27.821823, 890.427063, 0.999777
5, 876,4,890.427063, 880.258545, 481.557678, 282.935150,27.821823, 890.427063, 1.011552
5, 876,5,510.372467, 503.613922, 481.557678, 282.935150,27.821823, 890.427063, 1.013420
5, 876,6,706.210022, 705.071777, 481.557678, 282.935150,27.821823, 890.427063, 1.001614
5, 876,7,27.821823, 17.530085, 481.557678, 282.935150,27.821823, 890.427063, 1.587090
5, 877,0,414.041046, 407.016357, 474.124634, 349.246185,87.079483, 986.783997, 1.017259
5, 877,1,986.783997, 979.507813, 474.124634, 349.246185,87.079483, 986.783997, 1.007428
5, 877,2,111.093498, 141.523666, 474.124634, 349.246185,87.079483, 986.783997, 0.784982
5, 877,3,699.826782, 695.343994, 474.124634, 349.246185,87.079483, 986.783997, 1.006447
5, 877,4,164.582184, 172.025253, 474.124634, 349.246185,87.079483, 986.783997, 0.956733
5, 877,5,87.079483, 101.504776, 474.124634, 349.246185,87.079483, 986.783997, 0.857886
5, 877,6,457.049133, 454.239349, 474.124634, 349.246185,87.079483, 986.783997, 1.006186
5, 877,7,872.540894, 860.839050, 474.124634, 349.246185,87.079483, 986.783997, 1.013594
5, 878,0,706.146423, 702.749817, 471.044189, 151.720963,194.803207, 706.146423, 1.004833
5, 878,1,538.422180, 549.029480, 471.044189, 151.720963,194.803207, 706.146423, 0.980680
5, 878,2,409.903900, 405.756378, 471.044189, 151.720963,194.803207, 706.146423, 1.010222
5, 878,3,430.261505, 448.298553, 471.044189, 151.720963,194.803207, 706.146423, 0.959766
5, 878,4,518.322937, 521.259277, 471.044189, 151.720963,194.803207, 706.146423, 0.994367
5, 878,5,577.368103, 594.268494, 471.044189, 151.720963,194.803207, 706.146423, 0.971561
5, 878,6,393.124908, 400.945801, 471.044189, 151.720963,194.803207, 706.146423, 0.980494
5, 878,7,194.803207, 189.692688, 471.044189, 151.720963,194.803207, 706.146423, 1.026941
5, 879,0,175.950226, 179.987473, 455.410370, 203.834747,143.500534, 729.282288, 0.977569
5, 879,1,590.939514, 622.409241, 455.410370, 203.834747,143.500534, 729.282288, 0.949439
5, 879,2,573.340576, 597.712952, 455.410370, 203.834747,143.500534, 729.282288, 0.959224
5, 879,3,539.411316, 569.809326, 455.410370, 203.834747,143.500534, 729.282288, 0.946652
5, 879,4,466.848724, 490.321472, 455.410370, 203.834747,143.500534, 729.282288, 0.952128
5, 879,5,424.009918, 436.117950, 455.410370, 203.834747,143.500534, 729.282288, 0.972237
5, 879,6,729.282288, 757.944824, 455.410370, 203.834747,143.500534, 729.282288, 0.962184
5, 879,7,143.500534, 157.696655, 455.410370, 203.834747,143.500534, 729.282288, 0.909978
5, 880,0,551.353882, 519.137817, 494.666473, 280.826050,107.612556, 812.407593, 1.062057
5, 880,1,812.407593, 799.619446, 494.666473, 280.826050,107.612556, 812.407593, 1.015993
5, 880,2,665.748169, 640.540344, 494.666473, 280.826050,107.612556, 812.407593, 1.039354
5, 880,3,799.164917, 767.798279, 494.666473, 280.826050,107.612556, 812.407593, 1.040853
5, 880,4,266.057251, 251.983566, 494.666473, 280.826050,107.612556, 812.407593, 1.055852
5, 880,5,107.612556, 110.153061, 494.666473, 280.826050,107.612556, 812.407593, 0.976937
5, 880,6,158.005737, 156.440720, 494.666473, 280.826050,107.612556, 812.407593, 1.010004
5, 880,7,596.981689, 566.326355, 494.666473, 280.826050,107.612556, 812.407593, 1.054130
5, 881,0,620.399170, 664.366272, 453.912415, 232.884155,75.494850, 678.521179, 0.933821
5, 881,1,139.014023, 143.784012, 453.912415, 232.884155,75.494850, 678.521179, 0.966825
5, 881,2,75.494850, 91.538368, 453.912415, 232.884155,75.494850, 678.521179, 0.824735
5, 881,3,567.741699, 589.653503, 453.912415, 232.884155,75.494850, 678.521179, 0.962840
5, 881,4,545.083008, 579.264587, 453.912415, 232.884155,75.494850, 678.521179, 0.940991
5, 881,5,373.832367, 385.969635, 453.912415, 232.884155,75.494850, 678.521179, 0.968554
5, 881,6,678.521179, 708.860596, 453.912415, 232.884155,75.494850, 678.521179, 0.957200
5, 881,7,631.212830, 648.562988, 453.912415, 232.884155,75.494850, 678.521179, 0.973248
5, 882,0,685.809387, 648.417114, 492.837585, 432.297882,53.864426, 1424.009888, 1.057667
5, 882,1,306.974823, 275.560028, 492.837585, 432.297882,53.864426, 1424.009888, 1.114003
5, 882,2,1424.009888, 1361.854004, 492.837585, 432.297882,53.864426, 1424.009888, 1.045641
5, 882,3,593.299438, 611.302856, 492.837585, 432.297882,53.864426, 1424.009888, 0.970549
5, 882,4,368.133636, 352.470886, 492.837585, 432.297882,53.864426, 1424.009888, 1.044437
5, 882,5,117.245987, 101.202431, 492.837585, 432.297882,53.864426, 1424.009888, 1.158529
5, 882,6,53.864426, 76.049210, 492.837585, 432.297882,53.864426, 1424.009888, 0.708284
5, 882,7,393.363190, 385.143707, 492.837585, 432.297882,53.864426, 1424.009888, 1.021341
5, 883,0,79.043198, 17.416523, 496.282654, 296.534149,79.043198, 829.461731, 4.538403
5, 883,1,382.051849, 390.347076, 496.282654, 296.534149,79.043198, 829.461731, 0.978749
5, 883,2,829.461731, 818.144470, 496.282654, 296.534149,79.043198, 829.461731, 1.013833
5, 883,3,611.114319, 598.574280, 496.282654, 296.534149,79.043198, 829.461731, 1.020950
5, 883,4,760.236328, 716.263489, 496.282654, 296.534149,79.043198, 829.461731, 1.061392
5, 883,5,347.944000, 341.818878, 496.282654, 296.534149,79.043198, 829.461731, 1.017919
5, 883,6,154.626358, 155.789871, 496.282654, 296.534149,79.043198, 829.461731, 0.992532
5, 883,7,805.783264, 773.645386, 496.282654, 296.534149,79.043198, 829.461731, 1.041541
5, 884,0,648.313293, 648.362915, 467.049896, 186.619873,107.370163, 724.059570, 0.999923
5, 884,1,385.976227, 396.800079, 467.049896, 186.619873,107.370163, 724.059570, 0.972722
5, 884,2,107.370163, 94.954178, 467.049896, 186.619873,107.370163, 724.059570, 1.130758
5, 884,3,446.670563, 451.983307, 467.049896, 186.619873,107.370163, 724.059570, 0.988246
5, 884,4,469.481232, 480.818542, 467.049896, 186.619873,107.370163, 724.059570, 0.976421
5, 884,5,724.059570, 748.707397, 467.049896, 186.619873,107.370163, 724.059570, 0.967080
5, 884,6,412.819702, 425.906097, 467.049896, 186.619873,107.370163, 724.059570, 0.969274
5, 884,7,541.708313, 564.467590, 467.049896, 186.619873,107.370163, 724.059570, 0.959680
5, 885,0,474.070496, 496.744904, 465.118439, 294.212219,32.623047, 874.580322, 0.954354
5, 885,1,32.623047, 23.754757, 465.118439, 294.212219,32.623047, 874.580322, 1.373327
5, 885,2,679.548218, 697.830750, 465.118439, 294.212219,32.623047, 874.580322, 0.973801
5, 885,3,397.731445, 404.303009, 465.118439, 294.212219,32.623047, 874.580322, 0.983746
5, 885,4,131.777313, 154.889618, 465.118439, 294.212219,32.623047, 874.580322, 0.850782
5, 885,5,751.615784, 753.531311, 465.118439, 294.212219,32.623047, 874.580322, 0.997458
5, 885,6,379.000946, 381.440399, 465.118439, 294.212219,32.623047, 874.580322, 0.993605
5, 885,7,874.580322, 899.505249, 465.118439, 294.212219,32.623047, 874.580322, 0.972290
5, 886,0,761.230347, 748.405823, 490.332489, 257.614288,176.532089, 765.631042, 1.017136
5, 886,1,475.820831, 445.483795, 490.332489, 257.614288,176.532089, 765.631042, 1.068099
5, 886,2,176.532089, 184.139969, 490.332489, 257.614288,176.532089, 765.631042, 0.958684
5, 886,3,711.151001, 685.517822, 490.332489, 257.614288,176.532089, 765.631042, 1.037392
5, 886,4,185.825333, 192.741302, 490.332489, 257.614288,176.532089, 765.631042, 0.964118
5, 886,5,605.182312, 585.218445, 490.332489, 257.614288,176.532089, 765.631042, 1.034114
5, 886,6,241.286728, 234.378922, 490.332489, 257.614288,176.532089, 765.631042, 1.029473
5, 886,7,765.631042, 736.113892, 490.332489, 257.614288,176.532089, 765.631042, 1.040099
5, 887,0,394.093384, 404.351379, 460.708069, 180.991013,257.694092, 760.388062, 0.974631
5, 887,1,290.042419, 294.941254, 460.708069, 180.991013,257.694092, 760.388062, 0.983390
5, 887,2,638.536804, 646.368774, 460.708069, 180.991013,257.694092, 760.388062, 0.987883
5, 887,3,538.491638, 565.791992, 460.708069, 180.991013,257.694092, 760.388062, 0.951748
5, 887,4,302.135925, 314.146088, 460.708069, 180.991013,257.694092, 760.388062, 0.961769
5, 887,5,760.388062, 823.752563, 460.708069, 180.991013,257.694092, 760.388062, 0.923078
5, 887,6,504.282013, 504.863617, 460.708069, 180.991013,257.694092, 760.388062, 0.998848
5, 887,7,257.694092, 257.784088, 460.708069, 180.991013,257.694092, 760.388062, 0.999651
5, 888,0,501.415497, 471.358612, 506.579224, 461.758484,61.058094, 1284.763062, 1.063766
5, 888,1,61.058094, 55.607849, 506.579224, 461.758484,61.058094, 1284.763062, 1.098012
5, 888,2,334.699829, 276.415649, 506.579224, 461.758484,61.058094, 1284.763062, 1.210857
5, 888,3,1284.763062, 1225.877686, 506.579224, 461.758484,61.058094, 1284.763062, 1.048035
5, 888,4,1157.269409, 1078.226196, 506.579224, 461.758484,61.058094, 1284.763062, 1.073309
5, 888,5,290.881104, 272.283386, 506.579224, 461.758484,61.058094, 1284.763062, 1.068303
5, 888,6,296.664703, 294.781219, 506.579224, 461.758484,61.058094, 1284.763062, 1.006389
5, 888,7,125.881851, 137.449432, 506.579224, 461.758484,61.058094, 1284.763062, 0.915841
5, 889,0,533.744385, 560.178284, 462.347961, 231.532730,43.508980, 728.462952, 0.952812
5, 889,1,450.382172, 462.429474, 462.347961, 231.532730,43.508980, 728.462952, 0.973948
5, 889,2,728.462952, 753.002441, 462.347961, 231.532730,43.508980, 728.462952, 0.967411
5, 889,3,712.784973, 746.096008, 462.347961, 231.532730,43.508980, 728.462952, 0.955353
5, 889,4,597.599548, 620.749146, 462.347961, 231.532730,43.508980, 728.462952, 0.962707
5, 889,5,43.508980, 21.167316, 462.347961, 231.532730,43.508980, 728.462952, 2.055479
5, 889,6,314.058624, 318.980957, 462.347961, 231.532730,43.508980, 728.462952, 0.984569
5, 889,7,318.242035, 329.396332, 462.347961, 231.532730,43.508980, 728.462952, 0.966137
5, 890,0,607.178040, 608.265320, 480.153442, 270.253845,78.791443, 792.305908, 0.998213
5, 890,1,119.518036, 119.102112, 480.153442, 270.253845,78.791443, 792.305908, 1.003492
5, 890,2,454.509186, 443.761261, 480.153442, 270.253845,78.791443, 792.305908, 1.024220
5, 890,3,735.403625, 728.253296, 480.153442, 270.253845,78.791443, 792.305908, 1.009818
5, 890,4,391.887573, 396.679047, 480.153442, 270.253845,78.791443, 792.305908, 0.987921
5, 890,5,661.633484, 653.267578, 480.153442, 270.253845,78.791443, 792.305908, 1.012806
5, 890,6,78.791443, 57.595425, 480.153442, 270.253845,78.791443, 792.305908, 1.368016
5, 890,7,792.305908, 805.075867, 480.153442, 270.253845,78.791443, 792.305908, 0.984138
5, 891,0,125.991264, 132.814255, 482.630554, 299.070435,41.980331, 799.985107, 0.948628
5, 891,1,733.318726, 723.721985, 482.630554, 299.070435,41.980331, 799.985107, 1.013260
5, 891,2,733.132080, 732.149902, 482.630554, 299.070435,41.980331, 799.985107, 1.001341
5, 891,3,271.761749, 276.751282, 482.630554, 299.070435,41.980331, 799.985107, 0.981971
5, 891,4,799.985107, 785.579590, 482.630554, 299.070435,41.980331, 799.985107, 1.018337
5, 891,5,41.980331, 24.338047, 482.630554, 299.070435,41.980331, 799.985107, 1.724885
5, 891,6,666.840942, 656.404663, 482.630554, 299.070435,41.980331, 799.985107, 1.015899
5, 891,7,488.034149, 480.240173, 482.630554, 299.070435,41.980331, 799.985107, 1.016229
5, 892,0,646.220703, 663.461060, 462.752777, 213.950790,74.489876, 707.466675, 0.974015
5, 892,1,74.489876, 106.504791, 462.752777, 213.950790,74.489876, 707.466675, 0.699404
5, 892,2,493.102997, 489.025787, 462.752777, 213.950790,74.489876, 707.466675, 1.008337
5, 892,3,441.984070, 445.873962, 462.752777, 213.950790,74.489876, 707.466675, 0.991276
5, 892,4,707.466675, 736.922974, 462.752777, 213.950790,74.489876, 707.466675, 0.960028
5, 892,5,399.970093, 417.098541, 462.752777, 213.950790,74.489876, 707.466675, 0.958934
5, 892,6,657.474731, 669.577271, 462.752777, 213.950790,74.489876, 707.466675, 0.981925
5, 892,7,281.313171, 283.535553, 462.752777, 213.950790,74.489876, 707.466675, 0.992162
5, 893,0,40.790371, 40.019794, 470.988831, 295.684326,40.790371, 944.113464, 1.019255
5, 893,1,562.692139, 569.274292, 470.988831, 295.684326,40.790371, 944.113464, 0.988438
5, 893,2,187.925995, 187.248199, 470.988831, 295.684326,40.790371, 944.113464, 1.003620
5, 893,3,402.349182, 409.387756, 470.988831, 295.684326,40.790371, 944.113464, 0.982807
5, 893,4,661.053467, 668.187378, 470.988831, 295.684326,40.790371, 944.113464, 0.989323
5, 893,5,944.113464, 955.761841, 470.988831, 295.684326,40.790371, 944.113464, 0.987812
5, 893,6,676.002991, 680.983887, 470.988831, 295.684326,40.790371, 944.113464, 0.992686
5, 893,7,292.983063, 301.136658, 470.988831, 295.684326,40.790371, 944.113464, 0.972924
5, 894,0,419.287598, 414.606201, 483.064545, 213.724365,159.633713, 734.513184, 1.011291
5, 894,1,583.897644, 575.032593, 483.064545, 213.724365,159.633713, 734.513184, 1.015417
5, 894,2,711.969666, 700.478455, 483.064545, 213.724365,159.633713, 734.513184, 1.016405
5, 894,3,225.037659, 216.803986, 483.064545, 213.724365,159.633713, 734.513184, 1.037977
5, 894,4,734.513184, 732.721619, 483.064545, 213.724365,159.633713, 734.513184, 1.002445
5, 894,5,159.633713, 155.449768, 483.064545, 213.724365,159.633713, 734.513184, 1.026915
5, 894,6,606.333984, 599.221619, 483.064545, 213.724365,159.633713, 734.513184, 1.011869
5, 894,7,423.842712, 417.685760, 483.064545, 213.724365,159.633713, 734.513184, 1.014741
5, 895,0,62.902161, 62.665318, 475.473145, 296.835114,62.902161, 853.875061, 1.003780
5, 895,1,205.788040, 216.164169, 475.473145, 296.835114,62.902161, 853.875061, 0.951999
5, 895,2,809.046753, 804.265991, 475.473145, 296.835114,62.902161, 853.875061, 1.005944
5, 895,3,612.322632, 608.852783, 475.473145, 296.835114,62.902161, 853.875061, 1.005699
5, 895,4,177.802109, 188.830200, 475.473145, 296.835114,62.902161, 853.875061, 0.941598
5, 895,5,853.875061, 849.166809, 475.473145, 296.835114,62.902161, 853.875061, 1.005545
5, 895,6,582.519409, 585.980835, 475.473145, 296.835114,62.902161, 853.875061, 0.994093
5, 895,7,499.528931, 496.073792, 475.473145, 296.835114,62.902161, 853.875061, 1.006965
5, 896,0,295.181061, 281.249695, 483.207977, 237.848755,136.776245, 794.550110, 1.049534
5, 896,1,136.776245, 91.177895, 483.207977, 237.848755,136.776245, 794.550110, 1.500103
5, 896,2,584.648926, 591.983459, 483.207977, 237.848755,136.776245, 794.550110, 0.987610
5, 896,3,794.550110, 784.930725, 483.207977, 237.848755,136.776245, 794.550110, 1.012255
5, 896,4,678.512390, 691.532227, 483.207977, 237.848755,136.776245, 794.550110, 0.981173
5, 896,5,670.924316, 685.701477, 483.207977, 237.848755,136.776245, 794.550110, 0.978450
5, 896,6,238.783310, 231.675018, 483.207977, 237.848755,136.776245, 794.550110, 1.030682
5, 896,7,466.287537, 453.749390, 483.207977, 237.848755,136.776245, 794.550110, 1.027632
5, 897,0,907.691223, 860.511047, 497.294250, 402.334869,23.020838, 951.161926, 1.054828
5, 897,1,617.166504, 599.509094, 497.294250, 402.334869,23.020838, 951.161926, 1.029453
5, 897,2,951.161926, 904.895081, 497.294250, 402.334869,23.020838, 951.161926, 1.051129
5, 897,3,372.903259, 359.469330, 497.294250, 402.334869,23.020838, 951.161926, 1.037372
5, 897,4,68.574066, 40.199703, 497.294250, 402.334869,23.020838, 951.161926, 1.705835
5, 897,5,918.404114, 887.458496, 497.294250, 402.334869,23.020838, 951.161926, 1.034870
5, 897,6,23.020838, 41.101593, 497.294250, 402.334869,23.020838, 951.161926, 0.560096
5, 897,7,119.432411, 118.855576, 497.294250, 402.334869,23.020838, 951.161926, 1.004853
5, 898,0,663.595825, 687.521057, 463.010101, 216.484436,134.350555, 738.451355, 0.965201
5, 898,1,226.088516, 230.083054, 463.010101, 216.484436,134.350555, 738.451355, 0.982639
5, 898,2,578.944519, 588.773682, 463.010101, 216.484436,134.350555, 738.451355, 0.983306
5, 898,3,400.924530, 405.828979, 463.010101, 216.484436,134.350555, 738.451355, 0.987915
5, 898,4,134.350555, 133.930267, 463.010101, 216.484436,134.350555, 738.451355, 1.003138
5, 898,5,738.451355, 752.996521, 463.010101, 216.484436,134.350555, 738.451355, 0.980684
5, 898,6,358.645020, 377.441040, 463.010101, 216.484436,134.350555, 738.451355, 0.950201
5, 898,7,603.080261, 635.425537, 463.010101, 216.484436,134.350555, 738.451355, 0.949097
5, 899,0,515.038025, 554.468506, 456.710480, 207.226074,155.239700, 751.386230, 0.928886
5, 899,1,422.487823, 432.092743, 456.710480, 207.226074,155.239700, 751.386230, 0.977771
5, 899,2,417.013458, 427.829132, 456.710480, 207.226074,155.239700, 751.386230, 0.974720
5, 899,3,155.239700, 169.739578, 456.710480, 207.226074,155.239700, 751.386230, 0.914576
5, 899,4,696.286316, 719.969604, 456.710480, 207.226074,155.239700, 751.386230, 0.967105
5, 899,5,481.811371, 491.436859, 456.710480, 207.226074,155.239700, 751.386230, 0.980414
5, 899,6,751.386230, 796.627380, 456.710480, 207.226074,155.239700, 751.386230, 0.943209
5, 899,7,214.420807, 219.836426, 456.710480, 207.226074,155.239700, 751.386230, 0.975365
5, 900,0,60.743191, 47.897007, 504.101929, 548.210876,60.743191, 1387.513184, 1.268204
5, 900,1,82.271111, 57.679447, 504.101929, 548.210876,60.743191, 1387.513184, 1.426351
5, 900,2,246.067245, 248.397232, 504.101929, 548.210876,60.743191, 1387.513184, 0.990620
5, 900,3,522.945496, 504.211975, 504.101929, 548.210876,60.743191, 1387.513184, 1.037154
5, 900,4,1325.300537, 1258.294800, 504.101929, 548.210876,60.743191, 1387.513184, 1.053251
5, 900,5,1387.513184, 1310.109863, 504.101929, 548.210876,60.743191, 1387.513184, 1.059082
5, 900,6,320.993286, 289.316467, 504.101929, 548.210876,60.743191, 1387.513184, 1.109488
5, 900,7,86.981522, 96.093407, 504.101929, 548.210876,60.743191, 1387.513184, 0.905177
5, 901,0,881.783936, 850.623657, 502.009308, 298.709503,95.631088, 922.168152, 1.036632
5, 901,1,403.965179, 373.473938, 502.009308, 298.709503,95.631088, 922.168152, 1.081642
5, 901,2,272.908203, 262.840057, 502.009308, 298.709503,95.631088, 922.168152, 1.038305
5, 901,3,286.107727, 281.379547, 502.009308, 298.709503,95.631088, 922.168152, 1.016804
5, 901,4,95.631088, 88.012772, 502.009308, 298.709503,95.631088, 922.168152, 1.086559
5, 901,5,479.804688, 448.104004, 502.009308, 298.709503,95.631088, 922.168152, 1.070744
5, 901,6,673.705444, 638.376526, 502.009308, 298.709503,95.631088, 922.168152, 1.055342
5, 901,7,922.168152, 869.189392, 502.009308, 298.709503,95.631088, 922.168152, 1.060952
5, 902,0,805.650635, 798.566223, 500.983215, 388.839203,53.932667, 1037.671997, 1.008871
5, 902,1,1037.671997, 962.261353, 500.983215, 388.839203,53.932667, 1037.671997, 1.078368
5, 902,2,434.416229, 421.539886, 500.983215, 388.839203,53.932667, 1037.671997, 1.030546
5, 902,3,59.726589, 55.337070, 500.983215, 388.839203,53.932667, 1037.671997, 1.079323
5, 902,4,53.932667, 43.324421, 500.983215, 388.839203,53.932667, 1037.671997, 1.244856
5, 902,5,155.903717, 161.895950, 500.983215, 388.839203,53.932667, 1037.671997, 0.962987
5, 902,6,895.033264, 814.694885, 500.983215, 388.839203,53.932667, 1037.671997, 1.098612
5, 902,7,565.530701, 554.380249, 500.983215, 388.839203,53.932667, 1037.671997, 1.020113
5, 903,0,529.963562, 524.872314, 475.303101, 317.124237,73.337601, 849.787415, 1.009700
5, 903,1,434.032410, 435.956635, 475.303101, 317.124237,73.337601, 849.787415, 0.995586
5, 903,2,847.424561, 833.662659, 475.303101, 317.124237,73.337601, 849.787415, 1.016508
5, 903,3,150.126953, 166.954208, 475.303101, 317.124237,73.337601, 849.787415, 0.899210
5, 903,4,182.547516, 198.790359, 475.303101, 317.124237,73.337601, 849.787415, 0.918292
5, 903,5,73.337601, 68.987953, 475.303101, 317.124237,73.337601, 849.787415, 1.063049
5, 903,6,849.787415, 849.624146, 475.303101, 317.124237,73.337601, 849.787415, 1.000192
5, 903,7,735.204834, 733.151855, 475.303101, 317.124237,73.337601, 849.787415, 1.002800
5, 904,0,658.422058, 657.183105, 475.663544, 236.743988,107.256157, 676.589233, 1.001885
5, 904,1,676.589233, 681.910583, 475.663544, 236.743988,107.256157, 676.589233, 0.992196
5, 904,2,603.920593, 610.342407, 475.663544, 236.743988,107.256157, 676.589233, 0.989478
5, 904,3,497.915253, 486.777100, 475.663544, 236.743988,107.256157, 676.589233, 1.022881
5, 904,4,110.616745, 112.723289, 475.663544, 236.743988,107.256157, 676.589233, 0.981312
5, 904,5,495.352142, 495.579193, 475.663544, 236.743988,107.256157, 676.589233, 0.999542
5, 904,6,655.236267, 661.979858, 475.663544, 236.743988,107.256157, 676.589233, 0.989813
5, 904,7,107.256157, 105.504112, 475.663544, 236.743988,107.256157, 676.589233, 1.016606
5, 905,0,96.800743, 120.318771, 487.679535, 293.248718,36.320515, 856.716614, 0.804536
5, 905,1,36.320515, 11.599216, 487.679535, 293.248718,36.320515, 856.716614, 3.131290
5, 905,2,597.545593, 586.449463, 487.679535, 293.248718,36.320515, 856.716614, 1.018921
5, 905,3,497.532684, 504.049194, 487.679535, 293.248718,36.320515, 856.716614, 0.987072
5, 905,4,681.184937, 650.418091, 487.679535, 293.248718,36.320515, 856.716614, 1.047303
5, 905,5,720.729553, 691.862183, 487.679535, 293.248718,36.320515, 856.716614, 1.041724
5, 905,6,856.716614, 811.749084, 487.679535, 293.248718,36.320515, 856.716614, 1.055396
5, 905,7,414.605774, 435.553986, 487.679535, 293.248718,36.320515, 856.716614, 0.951904
5, 906,0,872.203247, 854.528870, 483.361389, 273.846222,64.931274, 872.203247, 1.020683
5, 906,1,497.266998, 492.654358, 483.361389, 273.846222,64.931274, 872.203247, 1.009363
5, 906,2,826.519531, 819.227600, 483.361389, 273.846222,64.931274, 872.203247, 1.008901
5, 906,3,502.042450, 496.547638, 483.361389, 273.846222,64.931274, 872.203247, 1.011066
5, 906,4,64.931274, 69.532791, 483.361389, 273.846222,64.931274, 872.203247, 0.933822
5, 906,5,487.312622, 475.483093, 483.361389, 273.846222,64.931274, 872.203247, 1.024879
5, 906,6,405.922943, 402.323700, 483.361389, 273.846222,64.931274, 872.203247, 1.008946
5, 906,7,210.692459, 201.701981, 483.361389, 273.846222,64.931274, 872.203247, 1.044573
5, 907,0,145.334412, 144.623825, 484.011719, 252.914658,145.334412, 831.470337, 1.004913
5, 907,1,698.354553, 672.940491, 484.011719, 252.914658,145.334412, 831.470337, 1.037766
5, 907,2,357.184723, 349.935364, 484.011719, 252.914658,145.334412, 831.470337, 1.020716
5, 907,3,401.241638, 388.885254, 484.011719, 252.914658,145.334412, 831.470337, 1.031774
5, 907,4,788.628784, 780.071777, 484.011719, 252.914658,145.334412, 831.470337, 1.010970
5, 907,5,319.807068, 319.425079, 484.011719, 252.914658,145.334412, 831.470337, 1.001196
5, 907,6,831.470337, 812.755859, 484.011719, 252.914658,145.334412, 831.470337, 1.023026
5, 907,7,330.072235, 343.362762, 484.011719, 252.914658,145.334412, 831.470337, 0.961293
5, 908,0,939.548645, 921.933655, 481.753235, 301.258026,155.811584, 939.548645, 1.019107
5, 908,1,240.258209, 239.703598, 481.753235, 301.258026,155.811584, 939.548645, 1.002314
5, 908,2,668.983154, 663.513184, 481.753235, 301.258026,155.811584, 939.548645, 1.008244
5, 908,3,155.811584, 160.182358, 481.753235, 301.258026,155.811584, 939.548645, 0.972714
5, 908,4,872.300293, 857.367737, 481.753235, 301.258026,155.811584, 939.548645, 1.017417
5, 908,5,332.515259, 333.143402, 481.753235, 301.258026,155.811584, 939.548645, 0.998114
5, 908,6,337.443909, 332.169403, 481.753235, 301.258026,155.811584, 939.548645, 1.015879
5, 908,7,307.165039, 303.986633, 481.753235, 301.258026,155.811584, 939.548645, 1.010456
5, 909,0,605.604248, 626.890259, 461.706970, 167.807831,254.801208, 676.553833, 0.966045
5, 909,1,296.786865, 308.642273, 461.706970, 167.807831,254.801208, 676.553833, 0.961589
5, 909,2,254.801208, 260.738007, 461.706970, 167.807831,254.801208, 676.553833, 0.977231
5, 909,3,432.321533, 446.256104, 461.706970, 167.807831,254.801208, 676.553833, 0.968774
5, 909,4,619.173035, 622.356873, 461.706970, 167.807831,254.801208, 676.553833, 0.994884
5, 909,5,285.948029, 299.108154, 461.706970, 167.807831,254.801208, 676.553833, 0.956002
5, 909,6,676.553833, 719.170227, 461.706970, 167.807831,254.801208, 676.553833, 0.940742
5, 909,7,522.466919, 528.838440, 461.706970, 167.807831,254.801208, 676.553833, 0.987952
5, 910,0,22.614035, 10.886092, 484.285706, 273.104218,22.614035, 747.524658, 2.077333
5, 910,1,521.515076, 519.250061, 484.285706, 273.104218,22.614035, 747.524658, 1.004362
5, 910,2,599.106995, 592.226074, 484.285706, 273.104218,22.614035, 747.524658, 1.011619
5, 910,3,494.631775, 490.103943, 484.285706, 273.104218,22.614035, 747.524658, 1.009238
5, 910,4,740.408386, 749.412537, 484.285706, 273.104218,22.614035, 747.524658, 0.987985
5, 910,5,747.524658, 758.305054, 484.285706, 273.104218,22.614035, 747.524658, 0.985784
5, 910,6,114.270233, 63.861767, 484.285706, 273.104218,22.614035, 747.524658, 1.789337
5, 910,7,634.214355, 627.954590, 484.285706, 273.104218,22.614035, 747.524658, 1.009969
5, 911,0,105.530327, 84.349709, 511.846130, 519.269043,21.135889, 1375.731812, 1.251105
5, 911,1,1375.731812, 1288.733032, 511.846130, 519.269043,21.135889, 1375.731812, 1.067507
5, 911,2,232.801514, 224.312790, 511.846130, 519.269043,21.135889, 1375.731812, 1.037843
5, 911,3,21.135889, 13.731135, 511.846130, 519.269043,21.135889, 1375.731812, 1.539267
5, 911,4,407.175934, 367.005951, 511.846130, 519.269043,21.135889, 1375.731812, 1.109453
5, 911,5,1108.969727, 1047.574219, 511.846130, 519.269043,21.135889, 1375.731812, 1.058607
5, 911,6,791.622864, 761.323303, 511.846130, 519.269043,21.135889, 1375.731812, 1.039798
5, 911,7,51.801041, 24.970043, 511.846130, 519.269043,21.135889, 1375.731812, 2.074528
5, 912,0,790.503418, 781.636047, 490.974548, 271.481262,66.690384, 790.503418, 1.011345
5, 912,1,585.264038, 576.437439, 490.974548, 271.481262,66.690384, 790.503418, 1.015312
5, 912,2,665.079712, 651.578552, 490.974548, 271.481262,66.690384, 790.503418, 1.020721
5, 912,3,588.607605, 582.282043, 490.974548, 271.481262,66.690384, 790.503418, 1.010863
5, 912,4,441.511444, 450.835693, 490.974548, 271.481262,66.690384, 790.503418, 0.979318
5, 912,5,97.914566, 53.574337, 490.974548, 271.481262,66.690384, 790.503418, 1.827639
5, 912,6,66.690384, 41.971870, 490.974548, 271.481262,66.690384, 790.503418, 1.588930
5, 912,7,692.225098, 673.683960, 490.974548, 271.481262,66.690384, 790.503418, 1.027522
5, 913,0,1030.595459, 985.619263, 493.137634, 339.534241,118.328728, 1030.595459, 1.045632
5, 913,1,436.337250, 429.548615, 493.137634, 339.534241,118.328728, 1030.595459, 1.015804
5, 913,2,313.813049, 297.701538, 493.137634, 339.534241,118.328728, 1030.595459, 1.054120
5, 913,3,1007.569702, 984.178040, 493.137634, 339.534241,118.328728, 1030.595459, 1.023768
5, 913,4,118.328728, 134.676514, 493.137634, 339.534241,118.328728, 1030.595459, 0.878614
5, 913,5,314.485809, 292.218170, 493.137634, 339.534241,118.328728, 1030.595459, 1.076202
5, 913,6,437.151459, 395.945343, 493.137634, 339.534241,118.328728, 1030.595459, 1.104070
5, 913,7,286.819824, 292.112701, 493.137634, 339.534241,118.328728, 1030.595459, 0.981881
5, 914,0,402.023682, 403.879517, 484.808563, 252.220947,134.834961, 889.326965, 0.995405
5, 914,1,244.115082, 240.319855, 484.808563, 252.220947,134.834961, 889.326965, 1.015792
5, 914,2,718.334045, 699.372620, 484.808563, 252.220947,134.834961, 889.326965, 1.027112
5, 914,3,501.231750, 487.538544, 484.808563, 252.220947,134.834961, 889.326965, 1.028086
5, 914,4,353.908020, 345.638367, 484.808563, 252.220947,134.834961, 889.326965, 1.023926
5, 914,5,889.326965, 877.520447, 484.808563, 252.220947,134.834961, 889.326965, 1.013454
5, 914,6,634.694092, 623.592285, 484.808563, 252.220947,134.834961, 889.326965, 1.017803
5, 914,7,134.834961, 134.138306, 484.808563, 252.220947,134.834961, 889.326965, 1.005194
5, 915,0,229.570496, 241.737015, 492.687378, 321.708496,74.185455, 850.098450, 0.949670
5, 915,1,821.178711, 802.782959, 492.687378, 321.708496,74.185455, 850.098450, 1.022915
5, 915,2,850.098450, 817.686951, 492.687378, 321.708496,74.185455, 850.098450, 1.039638
5, 915,3,828.665222, 807.997864, 492.687378, 321.708496,74.185455, 850.098450, 1.025578
5, 915,4,399.914337, 393.946838, 492.687378, 321.708496,74.185455, 850.098450, 1.015148
5, 915,5,583.812561, 581.238647, 492.687378, 321.708496,74.185455, 850.098450, 1.004428
5, 915,6,154.073776, 141.794693, 492.687378, 321.708496,74.185455, 850.098450, 1.086598
5, 915,7,74.185455, 24.815048, 492.687378, 321.708496,74.185455, 850.098450, 2.989535
5, 916,0,805.073730, 804.014709, 472.486938, 301.772125,59.713116, 806.960876, 1.001317
5, 916,1,293.969971, 289.534698, 472.486938, 301.772125,59.713116, 806.960876, 1.015319
5, 916,2,558.281128, 564.119385, 472.486938, 301.772125,59.713116, 806.960876, 0.989651
5, 916,3,806.960876, 811.617859, 472.486938, 301.772125,59.713116, 806.960876, 0.994262
5, 916,4,519.196350, 519.490479, 472.486938, 301.772125,59.713116, 806.960876, 0.999434
5, 916,5,67.105957, 82.111160, 472.486938, 301.772125,59.713116, 806.960876, 0.817257
5, 916,6,669.594421, 681.730713, 472.486938, 301.772125,59.713116, 806.960876, 0.982198
5, 916,7,59.713116, 59.380901, 472.486938, 301.772125,59.713116, 806.960876, 1.005595
5, 917,0,368.165924, 372.620697, 470.778900, 188.433548,262.329987, 744.025391, 0.988045
5, 917,1,366.617828, 375.045563, 470.778900, 188.433548,262.329987, 744.025391, 0.977529
5, 917,2,744.025391, 760.968018, 470.778900, 188.433548,262.329987, 744.025391, 0.977735
5, 917,3,690.610962, 694.942505, 470.778900, 188.433548,262.329987, 744.025391, 0.993767
5, 917,4,262.329987, 263.086243, 470.778900, 188.433548,262.329987, 744.025391, 0.997125
5, 917,5,433.634430, 431.371613, 470.778900, 188.433548,262.329987, 744.025391, 1.005246
5, 917,6,621.482178, 629.933105, 470.778900, 188.433548,262.329987, 744.025391, 0.986584
5, 917,7,279.364410, 284.032410, 470.778900, 188.433548,262.329987, 744.025391, 0.983565
5, 918,0,742.156738, 751.522156, 464.144043, 223.575119,240.152161, 769.807068, 0.987538
5, 918,1,769.807068, 778.487976, 464.144043, 223.575119,240.152161, 769.807068, 0.988849
5, 918,2,240.152161, 259.146942, 464.144043, 223.575119,240.152161, 769.807068, 0.926703
5, 918,3,285.193939, 299.327820, 464.144043, 223.575119,240.152161, 769.807068, 0.952781
5, 918,4,257.194885, 274.581512, 464.144043, 223.575119,240.152161, 769.807068, 0.936680
5, 918,5,465.343567, 477.322723, 464.144043, 223.575119,240.152161, 769.807068, 0.974903
5, 918,6,312.575592, 325.808960, 464.144043, 223.575119,240.152161, 769.807068, 0.959383
5, 918,7,640.728333, 645.801758, 464.144043, 223.575119,240.152161, 769.807068, 0.992144
5, 919,0,100.316269, 130.537567, 484.991180, 223.904114,100.316269, 741.006042, 0.768486
5, 919,1,471.787689, 471.641418, 484.991180, 223.904114,100.316269, 741.006042, 1.000310
5, 919,2,699.154358, 665.228638, 484.991180, 223.904114,100.316269, 741.006042, 1.050999
5, 919,3,741.006042, 719.278442, 484.991180, 223.904114,100.316269, 741.006042, 1.030208
5, 919,4,402.672455, 405.450958, 484.991180, 223.904114,100.316269, 741.006042, 0.993147
5, 919,5,694.267517, 664.794189, 484.991180, 223.904114,100.316269, 741.006042, 1.044335
5, 919,6,487.705292, 475.391083, 484.991180, 223.904114,100.316269, 741.006042, 1.025903
5, 919,7,283.019806, 279.677643, 484.991180, 223.904114,100.316269, 741.006042, 1.011950
5, 920,0,586.734863, 597.138672, 468.633240, 272.501709,73.950134, 738.279480, 0.982577
5, 920,1,86.033768, 91.585258, 468.633240, 272.501709,73.950134, 738.279480, 0.939384
5, 920,2,73.950134, 77.516151, 468.633240, 272.501709,73.950134, 738.279480, 0.953996
5, 920,3,726.287048, 739.439148, 468.633240, 272.501709,73.950134, 738.279480, 0.982213
5, 920,4,709.738220, 731.703735, 468.633240, 272.501709,73.950134, 738.279480, 0.969980
5, 920,5,738.279480, 746.110352, 468.633240, 272.501709,73.950134, 738.279480, 0.989504
5, 920,6,398.146698, 389.865936, 468.633240, 272.501709,73.950134, 738.279480, 1.021240
5, 920,7,429.895508, 438.640594, 468.633240, 272.501709,73.950134, 738.279480, 0.980063
5, 921,0,403.083435, 389.997375, 481.397705, 357.436859,82.844963, 915.706238, 1.033554
5, 921,1,98.155800, 103.630974, 481.397705, 357.436859,82.844963, 915.706238, 0.947167
5, 921,2,915.706238, 893.216736, 481.397705, 357.436859,82.844963, 915.706238, 1.025178
5, 921,3,343.865540, 346.072571, 481.397705, 357.436859,82.844963, 915.706238, 0.993623
5, 921,4,82.844963, 91.007721, 481.397705, 357.436859,82.844963, 915.706238, 0.910307
5, 921,5,901.648499, 885.451233, 481.397705, 357.436859,82.844963, 915.706238, 1.018293
5, 921,6,246.270920, 261.643921, 481.397705, 357.436859,82.844963, 915.706238, 0.941245
5, 921,7,859.606079, 840.979126, 481.397705, 357.436859,82.844963, 915.706238, 1.022149
5, 922,0,419.514038, 404.959808, 460.627197, 177.444763,172.073227, 740.119751, 1.035940
5, 922,1,343.895203, 339.798309, 460.627197, 177.444763,172.073227, 740.119751, 1.012057
5, 922,2,559.697693, 594.219177, 460.627197, 177.444763,172.073227, 740.119751, 0.941904
5, 922,3,484.310730, 516.406982, 460.627197, 177.444763,172.073227, 740.119751, 0.937847
5, 922,4,609.903625, 630.414429, 460.627197, 177.444763,172.073227, 740.119751, 0.967465
5, 922,5,172.073227, 182.015213, 460.627197, 177.444763,172.073227, 740.119751, 0.945378
5, 922,6,355.503174, 361.610840, 460.627197, 177.444763,172.073227, 740.119751, 0.983110
5, 922,7,740.119751, 782.575012, 460.627197, 177.444763,172.073227, 740.119751, 0.945749
5, 923,0,477.379181, 483.811462, 476.151031, 159.174179,248.667465, 728.611633, 0.986705
5, 923,1,728.611633, 721.807312, 476.151031, 159.174179,248.667465, 728.611633, 1.009427
5, 923,2,248.667465, 250.065948, 476.151031, 159.174179,248.667465, 728.611633, 0.994408
5, 923,3,320.617249, 330.799957, 476.151031, 159.174179,248.667465, 728.611633, 0.969218
5, 923,4,499.016113, 503.367340, 476.151031, 159.174179,248.667465, 728.611633, 0.991356
5, 923,5,488.989655, 487.335052, 476.151031, 159.174179,248.667465, 728.611633, 1.003395
5, 923,6,650.648743, 648.164490, 476.151031, 159.174179,248.667465, 728.611633, 1.003833
5, 923,7,395.278107, 386.648743, 476.151031, 159.174179,248.667465, 728.611633, 1.022318
5, 924,0,787.127075, 785.800964, 480.788879, 338.352325,31.112879, 894.707336, 1.001688
5, 924,1,45.354218, 44.898190, 480.788879, 338.352325,31.112879, 894.707336, 1.010157
5, 924,2,447.109528, 443.355621, 480.788879, 338.352325,31.112879, 894.707336, 1.008467
5, 924,3,31.112879, 31.004553, 480.788879, 338.352325,31.112879, 894.707336, 1.003494
5, 924,4,894.707336, 889.346802, 480.788879, 338.352325,31.112879, 894.707336, 1.006027
5, 924,5,266.719391, 260.468353, 480.788879, 338.352325,31.112879, 894.707336, 1.023999
5, 924,6,608.629761, 600.288025, 480.788879, 338.352325,31.112879, 894.707336, 1.013896
5, 924,7,765.550781, 756.837646, 480.788879, 338.352325,31.112879, 894.707336, 1.011513
5, 925,0,393.754059, 394.093170, 470.149048, 125.212761,242.913925, 672.231567, 0.999139
5, 925,1,242.913925, 245.556839, 470.149048, 125.212761,242.913925, 672.231567, 0.989237
5, 925,2,431.674042, 439.562439, 470.149048, 125.212761,242.913925, 672.231567, 0.982054
5, 925,3,504.018616, 511.310059, 470.149048, 125.212761,242.913925, 672.231567, 0.985740
5, 925,4,672.231567, 682.181763, 470.149048, 125.212761,242.913925, 672.231567, 0.985414
5, 925,5,554.101135, 555.207153, 470.149048, 125.212761,242.913925, 672.231567, 0.998008
5, 925,6,453.713715, 462.297089, 470.149048, 125.212761,242.913925, 672.231567, 0.981433
5, 925,7,508.785522, 521.791443, 470.149048, 125.212761,242.913925, 672.231567, 0.975074
5, 926,0,739.189148, 713.415222, 491.854980, 315.912781,50.440495, 856.849731, 1.036128
5, 926,1,392.449982, 383.496613, 491.854980, 315.912781,50.440495, 856.849731, 1.023347
5, 926,2,161.034561, 174.004929, 491.854980, 315.912781,50.440495, 856.849731, 0.925460
5, 926,3,50.440495, 56.455826, 491.854980, 315.912781,50.440495, 856.849731, 0.893451
5, 926,4,778.654297, 763.571045, 491.854980, 315.912781,50.440495, 856.849731, 1.019754
5, 926,5,856.849731, 823.946045, 491.854980, 315.912781,50.440495, 856.849731, 1.039934
5, 926,6,246.368576, 239.019577, 491.854980, 315.912781,50.440495, 856.849731, 1.030746
5, 926,7,709.853088, 658.091064, 491.854980, 315.912781,50.440495, 856.849731, 1.078655
5, 927,0,831.740173, 830.730835, 477.318329, 279.392212,13.724398, 831.740173, 1.001215
5, 927,1,369.942139, 379.876373, 477.318329, 279.392212,13.724398, 831.740173, 0.973849
5, 927,2,792.834473, 789.378662, 477.318329, 279.392212,13.724398, 831.740173, 1.004378
5, 927,3,365.809387, 359.779999, 477.318329, 279.392212,13.724398, 831.740173, 1.016759
5, 927,4,699.749756, 699.228394, 477.318329, 279.392212,13.724398, 831.740173, 1.000746
5, 927,5,298.654602, 297.584290, 477.318329, 279.392212,13.724398, 831.740173, 1.003597
5, 927,6,13.724398, 14.637625, 477.318329, 279.392212,13.724398, 831.740173, 0.937611
5, 927,7,446.091736, 440.783844, 477.318329, 279.392212,13.724398, 831.740173, 1.012042
5, 928,0,388.925934, 379.102325, 491.682648, 313.864502,156.580048, 936.885803, 1.025913
5, 928,1,674.252014, 649.929199, 491.682648, 313.864502,156.580048, 936.885803, 1.037424
5, 928,2,156.580048, 158.989120, 491.682648, 313.864502,156.580048, 936.885803, 0.984848
5, 928,3,936.885803, 876.252930, 491.682648, 313.864502,156.580048, 936.885803, 1.069196
5, 928,4,917.243591, 874.848511, 491.682648, 313.864502,156.580048, 936.885803, 1.048460
5, 928,5,389.836578, 401.572388, 491.682648, 313.864502,156.580048, 936.885803, 0.970775
5, 928,6,158.042053, 161.610641, 491.682648, 313.864502,156.580048, 936.885803, 0.977919
5, 928,7,311.695129, 309.694702, 491.682648, 313.864502,156.580048, 936.885803, 1.006459
5, 929,0,228.041992, 226.987274, 478.055603, 210.291733,178.282410, 682.980286, 1.004647
5, 929,1,681.505615, 684.913269, 478.055603, 210.291733,178.282410, 682.980286, 0.995025
5, 929,2,512.480286, 517.232788, 478.055603, 210.291733,178.282410, 682.980286, 0.990812
5, 929,3,314.171722, 320.769379, 478.055603, 210.291733,178.282410, 682.980286, 0.979432
5, 929,4,682.980286, 679.875183, 478.055603, 210.291733,178.282410, 682.980286, 1.004567
5, 929,5,178.282410, 175.512421, 478.055603, 210.291733,178.282410, 682.980286, 1.015782
5, 929,6,680.844299, 661.890991, 478.055603, 210.291733,178.282410, 682.980286, 1.028635
5, 929,7,546.138123, 544.818237, 478.055603, 210.291733,178.282410, 682.980286, 1.002423
5, 930,0,535.266174, 564.534790, 455.389648, 107.114746,343.298889, 656.053894, 0.948154
5, 930,1,343.298889, 355.929596, 455.389648, 107.114746,343.298889, 656.053894, 0.964513
5, 930,2,499.298370, 512.705139, 455.389648, 107.114746,343.298889, 656.053894, 0.973851
5, 930,3,373.384216, 393.604828, 455.389648, 107.114746,343.298889, 656.053894, 0.948627
5, 930,4,385.213287, 413.085785, 455.389648, 107.114746,343.298889, 656.053894, 0.932526
5, 930,5,656.053894, 691.595032, 455.389648, 107.114746,343.298889, 656.053894, 0.948610
5, 930,6,371.840759, 384.417908, 455.389648, 107.114746,343.298889, 656.053894, 0.967283
5, 930,7,478.761414, 496.126831, 455.389648, 107.114746,343.298889, 656.053894, 0.964998
5, 931,0,646.689514, 642.659973, 472.531525, 286.451691,36.756046, 823.620911, 1.006270
5, 931,1,230.367722, 229.387497, 472.531525, 286.451691,36.756046, 823.620911, 1.004273
5, 931,2,36.756046, 26.104164, 472.531525, 286.451691,36.756046, 823.620911, 1.408053
5, 931,3,823.620911, 830.753540, 472.531525, 286.451691,36.756046, 823.620911, 0.991414
5, 931,4,646.883179, 663.818909, 472.531525, 286.451691,36.756046, 823.620911, 0.974487
5, 931,5,488.078857, 495.004608, 472.531525, 286.451691,36.756046, 823.620911, 0.986009
5, 931,6,188.493210, 194.181854, 472.531525, 286.451691,36.756046, 823.620911, 0.970705
5, 931,7,719.362793, 730.089844, 472.531525, 286.451691,36.756046, 823.620911, 0.985307
5, 932,0,1026.209351, 999.723694, 483.454956, 348.909790,85.075829, 1026.209351, 1.026493
5, 932,1,270.630066, 279.167664, 483.454956, 348.909790,85.075829, 1026.209351, 0.969418
5, 932,2,286.788696, 290.420471, 483.454956, 348.909790,85.075829, 1026.209351, 0.987495
5, 932,3,125.404541, 122.378250, 483.454956, 348.909790,85.075829, 1026.209351, 1.024729
5, 932,4,524.381165, 505.537079, 483.454956, 348.909790,85.075829, 1026.209351, 1.037275
5, 932,5,686.458313, 676.392517, 483.454956, 348.909790,85.075829, 1026.209351, 1.014882
5, 932,6,85.075829, 91.132889, 483.454956, 348.909790,85.075829, 1026.209351, 0.933536
5, 932,7,862.691711, 847.247986, 483.454956, 348.909790,85.075829, 1026.209351, 1.018228
5, 933,0,466.951050, 489.784943, 451.410187, 91.449478,313.215820, 555.607727, 0.953380
5, 933,1,546.946594, 584.120728, 451.410187, 91.449478,313.215820, 555.607727, 0.936359
5, 933,2,415.957581, 435.098358, 451.410187, 91.449478,313.215820, 555.607727, 0.956008
5, 933,3,313.215820, 320.810730, 451.410187, 91.449478,313.215820, 555.607727, 0.976326
5, 933,4,555.607727, 580.557190, 451.410187, 91.449478,313.215820, 555.607727, 0.957025
5, 933,5,493.515930, 540.242249, 451.410187, 91.449478,313.215820, 555.607727, 0.913509
5, 933,6,489.174042, 504.254456, 451.410187, 91.449478,313.215820, 555.607727, 0.970094
5, 933,7,329.912781, 357.131378, 451.410187, 91.449478,313.215820, 555.607727, 0.923785
5, 934,0,359.824005, 358.039886, 455.268555, 141.340225,240.070816, 631.337646, 1.004983
5, 934,1,575.789246, 613.674744, 455.268555, 141.340225,240.070816, 631.337646, 0.938265
5, 934,2,240.070816, 260.592743, 455.268555, 141.340225,240.070816, 631.337646, 0.921249
5, 934,3,462.261749, 475.924347, 455.268555, 141.340225,240.070816, 631.337646, 0.971292
5, 934,4,577.085205, 618.481567, 455.268555, 141.340225,240.070816, 631.337646, 0.933068
5, 934,5,304.559082, 300.627075, 455.268555, 141.340225,240.070816, 631.337646, 1.013079
5, 934,6,631.337646, 657.372986, 455.268555, 141.340225,240.070816, 631.337646, 0.960395
5, 934,7,491.220764, 527.286621, 455.268555, 141.340225,240.070816, 631.337646, 0.931601
5, 935,0,87.554565, 86.538902, 457.777100, 241.845459,87.554565, 874.671265, 1.011737
5, 935,1,502.675598, 527.513733, 457.777100, 241.845459,87.554565, 874.671265, 0.952915
5, 935,2,597.649292, 638.007690, 457.777100, 241.845459,87.554565, 874.671265, 0.936743
5, 935,3,300.560272, 320.042908, 457.777100, 241.845459,87.554565, 874.671265, 0.939125
5, 935,4,344.389740, 354.528137, 457.777100, 241.845459,87.554565, 874.671265, 0.971403
5, 935,5,338.364655, 338.154266, 457.777100, 241.845459,87.554565, 874.671265, 1.000622
5, 935,6,874.671265, 902.109558, 457.777100, 241.845459,87.554565, 874.671265, 0.969584
5, 935,7,616.351624, 645.104980, 457.777100, 241.845459,87.554565, 874.671265, 0.955428
5, 936,0,205.771637, 214.596954, 456.899109, 197.512589,205.771637, 830.362854, 0.958875
5, 936,1,830.362854, 851.441040, 456.899109, 197.512589,205.771637, 830.362854, 0.975244
5, 936,2,476.262177, 490.461273, 456.899109, 197.512589,205.771637, 830.362854, 0.971049
5, 936,3,452.515320, 491.448547, 456.899109, 197.512589,205.771637, 830.362854, 0.920779
5, 936,4,462.954132, 465.540436, 456.899109, 197.512589,205.771637, 830.362854, 0.994444
5, 936,5,351.237457, 364.095764, 456.899109, 197.512589,205.771637, 830.362854, 0.964684
5, 936,6,608.678955, 638.439209, 456.899109, 197.512589,205.771637, 830.362854, 0.953386
5, 936,7,267.410126, 295.976807, 456.899109, 197.512589,205.771637, 830.362854, 0.903483
5, 937,0,43.755714, 26.961092, 505.017090, 388.398682,43.755714, 1047.066040, 1.622921
5, 937,1,611.087891, 592.157471, 505.017090, 388.398682,43.755714, 1047.066040, 1.031969
5, 937,2,177.926788, 169.290253, 505.017090, 388.398682,43.755714, 1047.066040, 1.051016
5, 937,3,504.095398, 488.950836, 505.017090, 388.398682,43.755714, 1047.066040, 1.030974
5, 937,4,1047.066040, 978.142212, 505.017090, 388.398682,43.755714, 1047.066040, 1.070464
5, 937,5,64.509811, 16.840441, 505.017090, 388.398682,43.755714, 1047.066040, 3.830649
5, 937,6,611.532166, 592.837463, 505.017090, 388.398682,43.755714, 1047.066040, 1.031534
5, 937,7,980.163147, 946.820251, 505.017090, 388.398682,43.755714, 1047.066040, 1.035216
5, 938,0,843.815247, 791.318542, 505.948486, 390.861755,27.904337, 1094.378784, 1.066341
5, 938,1,81.466125, 19.062025, 505.948486, 390.861755,27.904337, 1094.378784, 4.273739
5, 938,2,527.965088, 510.296539, 505.948486, 390.861755,27.904337, 1094.378784, 1.034624
5, 938,3,1094.378784, 1043.368530, 505.948486, 390.861755,27.904337, 1094.378784, 1.048890
5, 938,4,27.904337, 40.063435, 505.948486, 390.861755,27.904337, 1094.378784, 0.696504
5, 938,5,391.377899, 379.029480, 505.948486, 390.861755,27.904337, 1094.378784, 1.032579
5, 938,6,843.917114, 812.716858, 505.948486, 390.861755,27.904337, 1094.378784, 1.038390
5, 938,7,236.763229, 216.144547, 505.948486, 390.861755,27.904337, 1094.378784, 1.095393
5, 939,0,366.983734, 395.053040, 453.180908, 221.240799,125.500824, 794.273560, 0.928948
5, 939,1,125.500824, 118.204102, 453.180908, 221.240799,125.500824, 794.273560, 1.061730
5, 939,2,495.983002, 500.757416, 453.180908, 221.240799,125.500824, 794.273560, 0.990466
5, 939,3,565.088074, 607.294983, 453.180908, 221.240799,125.500824, 794.273560, 0.930500
5, 939,4,189.561935, 207.927811, 453.180908, 221.240799,125.500824, 794.273560, 0.911672
5, 939,5,794.273560, 835.249695, 453.180908, 221.240799,125.500824, 794.273560, 0.950941
5, 939,6,618.618408, 657.647400, 453.180908, 221.240799,125.500824, 794.273560, 0.940654
5, 939,7,469.437622, 489.865570, 453.180908, 221.240799,125.500824, 794.273560, 0.958299
5, 940,0,50.203102, 92.079926, 479.685913, 362.207733,50.203102, 907.267883, 0.545212
5, 940,1,750.212769, 731.632263, 479.685913, 362.207733,50.203102, 907.267883, 1.025396
5, 940,2,550.140686, 550.216187, 479.685913, 362.207733,50.203102, 907.267883, 0.999863
5, 940,3,67.535767, 56.383194, 479.685913, 362.207733,50.203102, 907.267883, 1.197800
5, 940,4,907.267883, 908.988037, 479.685913, 362.207733,50.203102, 907.267883, 0.998108
5, 940,5,857.479797, 841.880432, 479.685913, 362.207733,50.203102, 907.267883, 1.018529
5, 940,6,565.971924, 536.399902, 479.685913, 362.207733,50.203102, 907.267883, 1.055131
5, 940,7,88.675285, 94.420235, 479.685913, 362.207733,50.203102, 907.267883, 0.939156
5, 941,0,500.047150, 520.114624, 455.685181, 61.445198,378.049652, 556.174377, 0.961417
5, 941,1,556.174377, 589.330017, 455.685181, 61.445198,378.049652, 556.174377, 0.943740
5, 941,2,412.863434, 426.603149, 455.685181, 61.445198,378.049652, 556.174377, 0.967793
5, 941,3,518.537598, 537.105774, 455.685181, 61.445198,378.049652, 556.174377, 0.965429
5, 941,4,424.205170, 441.410950, 455.685181, 61.445198,378.049652, 556.174377, 0.961021
5, 941,5,429.415070, 436.130920, 455.685181, 61.445198,378.049652, 556.174377, 0.984601
5, 941,6,378.049652, 409.075958, 455.685181, 61.445198,378.049652, 556.174377, 0.924155
5, 941,7,426.189240, 452.228973, 455.685181, 61.445198,378.049652, 556.174377, 0.942419
5, 942,0,632.979980, 633.185486, 474.563293, 207.615860,35.876667, 668.932190, 0.999675
5, 942,1,369.020416, 380.054901, 474.563293, 207.615860,35.876667, 668.932190, 0.970966
5, 942,2,35.876667, 22.169342, 474.563293, 207.615860,35.876667, 668.932190, 1.618301
5, 942,3,554.264954, 564.897339, 474.563293, 207.615860,35.876667, 668.932190, 0.981178
5, 942,4,386.498993, 389.778046, 474.563293, 207.615860,35.876667, 668.932190, 0.991587
5, 942,5,668.932190, 679.951050, 474.563293, 207.615860,35.876667, 668.932190, 0.983795
5, 942,6,598.972290, 604.098267, 474.563293, 207.615860,35.876667, 668.932190, 0.991515
5, 942,7,549.960815, 537.865784, 474.563293, 207.615860,35.876667, 668.932190, 1.022487
5, 943,0,505.141479, 503.849548, 479.929749, 264.046936,86.189514, 806.462891, 1.002564
5, 943,1,536.083557, 542.692200, 479.929749, 264.046936,86.189514, 806.462891, 0.987822
5, 943,2,806.462891, 794.856812, 479.929749, 264.046936,86.189514, 806.462891, 1.014601
5, 943,3,86.189514, 81.480965, 479.929749, 264.046936,86.189514, 806.462891, 1.057787
5, 943,4,793.611755, 780.310425, 479.929749, 264.046936,86.189514, 806.462891, 1.017046
5, 943,5,537.321289, 536.461731, 479.929749, 264.046936,86.189514, 806.462891, 1.001602
5, 943,6,134.491486, 134.426926, 479.929749, 264.046936,86.189514, 806.462891, 1.000480
5, 943,7,440.135956, 437.921234, 479.929749, 264.046936,86.189514, 806.462891, 1.005057
5, 944,0,293.394836, 301.024536, 461.682343, 128.797287,293.394836, 614.842834, 0.974654
5, 944,1,510.329102, 519.558105, 461.682343, 128.797287,293.394836, 614.842834, 0.982237
5, 944,2,614.842834, 631.170532, 461.682343, 128.797287,293.394836, 614.842834, 0.974131
5, 944,3,579.448975, 607.224487, 461.682343, 128.797287,293.394836, 614.842834, 0.954258
5, 944,4,557.447876, 596.781189, 461.682343, 128.797287,293.394836, 614.842834, 0.934091
5, 944,5,328.936096, 328.682892, 461.682343, 128.797287,293.394836, 614.842834, 1.000770
5, 944,6,318.560425, 328.519714, 461.682343, 128.797287,293.394836, 614.842834, 0.969684
5, 944,7,490.498810, 499.038757, 461.682343, 128.797287,293.394836, 614.842834, 0.982887
5, 945,0,175.701920, 160.983505, 485.768738, 338.660248,73.378708, 1085.087402, 1.091428
5, 945,1,254.033798, 299.292084, 485.768738, 338.660248,73.378708, 1085.087402, 0.848782
5, 945,2,477.531250, 441.589081, 485.768738, 338.660248,73.378708, 1085.087402, 1.081393
5, 945,3,651.275818, 629.110107, 485.768738, 338.660248,73.378708, 1085.087402, 1.035233
5, 945,4,780.479126, 779.519043, 485.768738, 338.660248,73.378708, 1085.087402, 1.001232
5, 945,5,1085.087402, 1042.007935, 485.768738, 338.660248,73.378708, 1085.087402, 1.041343
5, 945,6,73.378708, 77.058716, 485.768738, 338.660248,73.378708, 1085.087402, 0.952244
5, 945,7,388.661926, 382.439484, 485.768738, 338.660248,73.378708, 1085.087402, 1.016270
5, 946,0,353.725739, 368.228638, 458.640320, 184.141586,166.043839, 670.186951, 0.960614
5, 946,1,546.112366, 583.603394, 458.640320, 184.141586,166.043839, 670.186951, 0.935759
5, 946,2,264.377258, 275.879578, 458.640320, 184.141586,166.043839, 670.186951, 0.958307
5, 946,3,646.740601, 686.732605, 458.640320, 184.141586,166.043839, 670.186951, 0.941765
5, 946,4,580.744568, 602.770569, 458.640320, 184.141586,166.043839, 670.186951, 0.963459
5, 946,5,441.191101, 440.909027, 458.640320, 184.141586,166.043839, 670.186951, 1.000640
5, 946,6,166.043839, 166.186600, 458.640320, 184.141586,166.043839, 670.186951, 0.999141
5, 946,7,670.186951, 687.689819, 458.640320, 184.141586,166.043839, 670.186951, 0.974548
5, 947,0,629.307800, 654.679932, 465.224304, 210.346497,170.266602, 703.658264, 0.961245
5, 947,1,357.807068, 359.432159, 465.224304, 210.346497,170.266602, 703.658264, 0.995479
5, 947,2,619.843018, 646.889648, 465.224304, 210.346497,170.266602, 703.658264, 0.958190
5, 947,3,703.658264, 713.877014, 465.224304, 210.346497,170.266602, 703.658264, 0.985686
5, 947,4,662.971863, 676.943909, 465.224304, 210.346497,170.266602, 703.658264, 0.979360
5, 947,5,322.619049, 327.316467, 465.224304, 210.346497,170.266602, 703.658264, 0.985649
5, 947,6,170.266602, 173.942139, 465.224304, 210.346497,170.266602, 703.658264, 0.978869
5, 947,7,255.320618, 258.918610, 465.224304, 210.346497,170.266602, 703.658264, 0.986104
5, 948,0,680.246460, 701.637451, 456.247681, 251.509338,64.410416, 754.444885, 0.969513
5, 948,1,192.407211, 208.017471, 456.247681, 251.509338,64.410416, 754.444885, 0.924957
5, 948,2,754.444885, 782.475708, 456.247681, 251.509338,64.410416, 754.444885, 0.964177
5, 948,3,504.293304, 506.829376, 456.247681, 251.509338,64.410416, 754.444885, 0.994996
5, 948,4,382.670074, 409.413300, 456.247681, 251.509338,64.410416, 754.444885, 0.934679
5, 948,5,709.231689, 730.063538, 456.247681, 251.509338,64.410416, 754.444885, 0.971466
5, 948,6,362.277313, 405.335144, 456.247681, 251.509338,64.410416, 754.444885, 0.893772
5, 948,7,64.410416, 68.227661, 456.247681, 251.509338,64.410416, 754.444885, 0.944051
5, 949,0,634.667053, 618.220276, 484.433319, 269.208923,142.505859, 876.098511, 1.026603
5, 949,1,423.743958, 412.081635, 484.433319, 269.208923,142.505859, 876.098511, 1.028301
5, 949,2,225.041458, 226.232834, 484.433319, 269.208923,142.505859, 876.098511, 0.994734
5, 949,3,444.684235, 432.506439, 484.433319, 269.208923,142.505859, 876.098511, 1.028156
5, 949,4,876.098511, 862.845215, 484.433319, 269.208923,142.505859, 876.098511, 1.015360
5, 949,5,310.292633, 310.801636, 484.433319, 269.208923,142.505859, 876.098511, 0.998362
5, 949,6,818.432678, 812.374023, 484.433319, 269.208923,142.505859, 876.098511, 1.007458
5, 949,7,142.505859, 136.937622, 484.433319, 269.208923,142.505859, 876.098511, 1.040663
5, 950,0,485.774750, 452.538483, 489.307556, 391.895844,60.412827, 1010.589478, 1.073444
5, 950,1,60.412827, 65.124680, 489.307556, 391.895844,60.412827, 1010.589478, 0.927649
5, 950,2,792.094482, 775.185852, 489.307556, 391.895844,60.412827, 1010.589478, 1.021812
5, 950,3,159.211823, 144.907272, 489.307556, 391.895844,60.412827, 1010.589478, 1.098715
5, 950,4,334.879791, 342.486725, 489.307556, 391.895844,60.412827, 1010.589478, 0.977789
5, 950,5,977.661438, 941.942871, 489.307556, 391.895844,60.412827, 1010.589478, 1.037920
5, 950,6,93.835869, 108.276031, 489.307556, 391.895844,60.412827, 1010.589478, 0.866636
5, 950,7,1010.589478, 981.537720, 489.307556, 391.895844,60.412827, 1010.589478, 1.029598
5, 951,0,62.159744, 70.416931, 491.000610, 342.901886,62.159744, 927.556030, 0.882739
5, 951,1,905.289734, 867.794189, 491.000610, 342.901886,62.159744, 927.556030, 1.043208
5, 951,2,88.213188, 93.184395, 491.000610, 342.901886,62.159744, 927.556030, 0.946652
5, 951,3,608.039551, 590.226135, 491.000610, 342.901886,62.159744, 927.556030, 1.030181
5, 951,4,676.208740, 670.055664, 491.000610, 342.901886,62.159744, 927.556030, 1.009183
5, 951,5,416.998199, 398.566589, 491.000610, 342.901886,62.159744, 927.556030, 1.046245
5, 951,6,927.556030, 890.074280, 491.000610, 342.901886,62.159744, 927.556030, 1.042111
5, 951,7,243.539520, 231.681656, 491.000610, 342.901886,62.159744, 927.556030, 1.051182
5, 952,0,569.794128, 573.947021, 467.855713, 110.792885,230.237900, 569.794128, 0.992764
5, 952,1,521.613098, 524.842712, 467.855713, 110.792885,230.237900, 569.794128, 0.993847
5, 952,2,457.328583, 452.416779, 467.855713, 110.792885,230.237900, 569.794128, 1.010857
5, 952,3,388.841675, 412.464264, 467.855713, 110.792885,230.237900, 569.794128, 0.942728
5, 952,4,526.939514, 529.860596, 467.855713, 110.792885,230.237900, 569.794128, 0.994487
5, 952,5,527.394348, 550.051941, 467.855713, 110.792885,230.237900, 569.794128, 0.958808
5, 952,6,230.237900, 234.541748, 467.855713, 110.792885,230.237900, 569.794128, 0.981650
5, 952,7,520.696411, 533.875000, 467.855713, 110.792885,230.237900, 569.794128, 0.975315
5, 953,0,657.007568, 673.151001, 477.251495, 210.799026,63.195755, 713.366699, 0.976018
5, 953,1,591.777161, 582.243042, 477.251495, 210.799026,63.195755, 713.366699, 1.016375
5, 953,2,398.944550, 403.179810, 477.251495, 210.799026,63.195755, 713.366699, 0.989495
5, 953,3,63.195755, 69.029129, 477.251495, 210.799026,63.195755, 713.366699, 0.915494
5, 953,4,543.797913, 545.125000, 477.251495, 210.799026,63.195755, 713.366699, 0.997566
5, 953,5,319.122253, 296.287964, 477.251495, 210.799026,63.195755, 713.366699, 1.077068
5, 953,6,530.799988, 521.948425, 477.251495, 210.799026,63.195755, 713.366699, 1.016959
5, 953,7,713.366699, 721.035767, 477.251495, 210.799026,63.195755, 713.366699, 0.989364
5, 954,0,831.469177, 823.531189, 503.976990, 296.126221,57.718513, 987.750977, 1.009639
5, 954,1,573.117493, 504.928925, 503.976990, 296.126221,57.718513, 987.750977, 1.135046
5, 954,2,513.411865, 469.913300, 503.976990, 296.126221,57.718513, 987.750977, 1.092567
5, 954,3,334.208252, 337.909546, 503.976990, 296.126221,57.718513, 987.750977, 0.989047
5, 954,4,400.402557, 380.529846, 503.976990, 296.126221,57.718513, 987.750977, 1.052224
5, 954,5,333.737000, 322.586639, 503.976990, 296.126221,57.718513, 987.750977, 1.034565
5, 954,6,987.750977, 932.635742, 503.976990, 296.126221,57.718513, 987.750977, 1.059096
5, 954,7,57.718513, 39.964737, 503.976990, 296.126221,57.718513, 987.750977, 1.444236
5, 955,0,170.491547, 119.855522, 473.577515, 212.470444,170.491547, 677.827332, 1.422476
5, 955,1,677.550659, 685.474854, 473.577515, 212.470444,170.491547, 677.827332, 0.988440
5, 955,2,611.050415, 638.919922, 473.577515, 212.470444,170.491547, 677.827332, 0.956380
5, 955,3,229.488083, 231.207443, 473.577515, 212.470444,170.491547, 677.827332, 0.992564
5, 955,4,404.512329, 393.294830, 473.577515, 212.470444,170.491547, 677.827332, 1.028522
5, 955,5,674.809143, 692.458191, 473.577515, 212.470444,170.491547, 677.827332, 0.974512
5, 955,6,342.890656, 350.944061, 473.577515, 212.470444,170.491547, 677.827332, 0.977052
5, 955,7,677.827332, 699.845215, 473.577515, 212.470444,170.491547, 677.827332, 0.968539
5, 956,0,845.194519, 855.238403, 469.332458, 280.467133,94.088905, 845.194519, 0.988256
5, 956,1,678.713196, 681.867493, 469.332458, 280.467133,94.088905, 845.194519, 0.995374
5, 956,2,349.510223, 348.478699, 469.332458, 280.467133,94.088905, 845.194519, 1.002960
5, 956,3,94.088905, 65.894699, 469.332458, 280.467133,94.088905, 845.194519, 1.427868
5, 956,4,314.700165, 333.334656, 469.332458, 280.467133,94.088905, 845.194519, 0.944097
5, 956,5,644.816345, 658.271606, 469.332458, 280.467133,94.088905, 845.194519, 0.979560
5, 956,6,687.209290, 717.088318, 469.332458, 280.467133,94.088905, 845.194519, 0.958333
5, 956,7,140.426895, 151.826111, 469.332458, 280.467133,94.088905, 845.194519, 0.924919
5, 957,0,515.836853, 519.727356, 480.899689, 205.177643,252.237717, 908.283020, 0.992514
5, 957,1,908.283020, 901.788696, 480.899689, 205.177643,252.237717, 908.283020, 1.007202
5, 957,2,578.800232, 567.930481, 480.899689, 205.177643,252.237717, 908.283020, 1.019139
5, 957,3,502.453522, 494.931091, 480.899689, 205.177643,252.237717, 908.283020, 1.015199
5, 957,4,357.137390, 345.670380, 480.899689, 205.177643,252.237717, 908.283020, 1.033173
5, 957,5,307.681427, 302.873474, 480.899689, 205.177643,252.237717, 908.283020, 1.015875
5, 957,6,252.237717, 255.576401, 480.899689, 205.177643,252.237717, 908.283020, 0.986937
5, 957,7,424.767151, 423.502228, 480.899689, 205.177643,252.237717, 908.283020, 1.002987
5, 958,0,816.939575, 810.065613, 482.624054, 255.962234,36.265423, 816.939575, 1.008486
5, 958,1,169.016830, 177.697693, 482.624054, 255.962234,36.265423, 816.939575, 0.951148
5, 958,2,474.126556, 476.482025, 482.624054, 255.962234,36.265423, 816.939575, 0.995057
5, 958,3,601.430908, 592.067139, 482.624054, 255.962234,36.265423, 816.939575, 1.015815
5, 958,4,551.949646, 547.863525, 482.624054, 255.962234,36.265423, 816.939575, 1.007458
5, 958,5,603.480164, 595.144470, 482.624054, 255.962234,36.265423, 816.939575, 1.014006
5, 958,6,607.783142, 598.538147, 482.624054, 255.962234,36.265423, 816.939575, 1.015446
5, 958,7,36.265423, 14.141394, 482.624054, 255.962234,36.265423, 816.939575, 2.564487
5, 959,0,910.316833, 878.176392, 502.168518, 346.409485,43.398952, 910.316833, 1.036599
5, 959,1,170.844406, 170.595276, 502.168518, 346.409485,43.398952, 910.316833, 1.001460
5, 959,2,43.398952, 39.149719, 502.168518, 346.409485,43.398952, 910.316833, 1.108538
5, 959,3,504.889526, 474.304382, 502.168518, 346.409485,43.398952, 910.316833, 1.064484
5, 959,4,719.582397, 710.555115, 502.168518, 346.409485,43.398952, 910.316833, 1.012704
5, 959,5,713.521179, 662.251038, 502.168518, 346.409485,43.398952, 910.316833, 1.077418
5, 959,6,116.846962, 99.122017, 502.168518, 346.409485,43.398952, 910.316833, 1.178819
5, 959,7,837.947754, 777.846252, 502.168518, 346.409485,43.398952, 910.316833, 1.077267
5, 960,0,679.220947, 658.628967, 482.429382, 429.001251,35.379005, 1058.681763, 1.031265
5, 960,1,67.495674, 76.711945, 482.429382, 429.001251,35.379005, 1058.681763, 0.879859
5, 960,2,57.569397, 34.278275, 482.429382, 429.001251,35.379005, 1058.681763, 1.679472
5, 960,3,244.783005, 240.445602, 482.429382, 429.001251,35.379005, 1058.681763, 1.018039
5, 960,4,743.787476, 769.023499, 482.429382, 429.001251,35.379005, 1058.681763, 0.967184
5, 960,5,35.379005, 75.523926, 482.429382, 429.001251,35.379005, 1058.681763, 0.468448
5, 960,6,972.518005, 952.679321, 482.429382, 429.001251,35.379005, 1058.681763, 1.020824
5, 960,7,1058.681763, 1004.708557, 482.429382, 429.001251,35.379005, 1058.681763, 1.053720
5, 961,0,52.292946, 79.923904, 478.652893, 369.371704,52.292946, 1041.000244, 0.654284
5, 961,1,1041.000244, 1018.589417, 478.652893, 369.371704,52.292946, 1041.000244, 1.022002
5, 961,2,58.852322, 80.892075, 478.652893, 369.371704,52.292946, 1041.000244, 0.727541
5, 961,3,578.210815, 565.661865, 478.652893, 369.371704,52.292946, 1041.000244, 1.022184
5, 961,4,284.222229, 289.731445, 478.652893, 369.371704,52.292946, 1041.000244, 0.980985
5, 961,5,323.003082, 315.047516, 478.652893, 369.371704,52.292946, 1041.000244, 1.025252
5, 961,6,927.616089, 911.085999, 478.652893, 369.371704,52.292946, 1041.000244, 1.018143
5, 961,7,564.025513, 551.067566, 478.652893, 369.371704,52.292946, 1041.000244, 1.023514
5, 962,0,419.705231, 416.362518, 491.957428, 301.817841,23.751797, 865.870422, 1.008028
5, 962,1,671.805420, 657.997925, 491.957428, 301.817841,23.751797, 865.870422, 1.020984
5, 962,2,658.087891, 634.767578, 491.957428, 301.817841,23.751797, 865.870422, 1.036738
5, 962,3,865.870422, 838.202515, 491.957428, 301.817841,23.751797, 865.870422, 1.033009
5, 962,4,23.751797, 39.122551, 491.957428, 301.817841,23.751797, 865.870422, 0.607113
5, 962,5,115.034538, 55.925110, 491.957428, 301.817841,23.751797, 865.870422, 2.056939
5, 962,6,751.782410, 744.548035, 491.957428, 301.817841,23.751797, 865.870422, 1.009717
5, 962,7,429.621826, 425.073914, 491.957428, 301.817841,23.751797, 865.870422, 1.010699
5, 963,0,697.731567, 669.366699, 491.226959, 394.135773,120.055992, 1336.792847, 1.042376
5, 963,1,312.118805, 311.697968, 491.226959, 394.135773,120.055992, 1336.792847, 1.001350
5, 963,2,572.772217, 532.091125, 491.226959, 394.135773,120.055992, 1336.792847, 1.076455
5, 963,3,224.241791, 249.790314, 491.226959, 394.135773,120.055992, 1336.792847, 0.897720
5, 963,4,1336.792847, 1299.592407, 491.226959, 394.135773,120.055992, 1336.792847, 1.028625
5, 963,5,206.643814, 206.192078, 491.226959, 394.135773,120.055992, 1336.792847, 1.002191
5, 963,6,459.458740, 461.753876, 491.226959, 394.135773,120.055992, 1336.792847, 0.995030
5, 963,7,120.055992, 81.515610, 491.226959, 394.135773,120.055992, 1336.792847, 1.472798
5, 964,0,170.328781, 149.307281, 506.568237, 372.597351,104.021423, 1048.973755, 1.140794
5, 964,1,912.078003, 841.637268, 506.568237, 372.597351,104.021423, 1048.973755, 1.083695
5, 964,2,104.021423, 113.824745, 506.568237, 372.597351,104.021423, 1048.973755, 0.913874
5, 964,3,121.436264, 101.848770, 506.568237, 372.597351,104.021423, 1048.973755, 1.192319
5, 964,4,392.042755, 357.352661, 506.568237, 372.597351,104.021423, 1048.973755, 1.097075
5, 964,5,1048.973755, 1005.787170, 506.568237, 372.597351,104.021423, 1048.973755, 1.042938
5, 964,6,783.005188, 756.320740, 506.568237, 372.597351,104.021423, 1048.973755, 1.035282
5, 964,7,520.659851, 485.921204, 506.568237, 372.597351,104.021423, 1048.973755, 1.071490
5, 965,0,405.331543, 416.337341, 455.906219, 111.542496,295.549011, 598.034912, 0.973565
5, 965,1,337.763580, 379.274597, 455.906219, 111.542496,295.549011, 598.034912, 0.890552
5, 965,2,295.549011, 310.770416, 455.906219, 111.542496,295.549011, 598.034912, 0.951020
5, 965,3,585.035706, 587.988403, 455.906219, 111.542496,295.549011, 598.034912, 0.994978
5, 965,4,598.034912, 631.282227, 455.906219, 111.542496,295.549011, 598.034912, 0.947334
5, 965,5,516.554077, 538.444336, 455.906219, 111.542496,295.549011, 598.034912, 0.959345
5, 965,6,500.885834, 524.934082, 455.906219, 111.542496,295.549011, 598.034912, 0.954188
5, 965,7,408.095428, 422.968628, 455.906219, 111.542496,295.549011, 598.034912, 0.964836
5, 966,0,223.344055, 208.622498, 461.715729, 206.787750,201.296295, 788.920776, 1.070566
5, 966,1,521.907654, 533.334412, 461.715729, 206.787750,201.296295, 788.920776, 0.978575
5, 966,2,643.531250, 682.802124, 461.715729, 206.787750,201.296295, 788.920776, 0.942486
5, 966,3,201.296295, 198.053558, 461.715729, 206.787750,201.296295, 788.920776, 1.016373
5, 966,4,788.920776, 826.286865, 461.715729, 206.787750,201.296295, 788.920776, 0.954778
5, 966,5,331.902130, 337.953827, 461.715729, 206.787750,201.296295, 788.920776, 0.982093
5, 966,6,412.892792, 427.091461, 461.715729, 206.787750,201.296295, 788.920776, 0.966755
5, 966,7,569.930969, 597.855164, 461.715729, 206.787750,201.296295, 788.920776, 0.953293
5, 967,0,921.348022, 906.372681, 486.625610, 333.171387,66.098419, 921.348022, 1.016522
5, 967,1,483.165558, 466.875732, 486.625610, 333.171387,66.098419, 921.348022, 1.034891
5, 967,2,104.873268, 89.725159, 486.625610, 333.171387,66.098419, 921.348022, 1.168828
5, 967,3,187.014221, 176.308731, 486.625610, 333.171387,66.098419, 921.348022, 1.060720
5, 967,4,601.770874, 599.668274, 486.625610, 333.171387,66.098419, 921.348022, 1.003506
5, 967,5,66.098419, 58.443352, 486.625610, 333.171387,66.098419, 921.348022, 1.130983
5, 967,6,828.173279, 821.868408, 486.625610, 333.171387,66.098419, 921.348022, 1.007671
5, 967,7,700.561157, 692.737854, 486.625610, 333.171387,66.098419, 921.348022, 1.011293
5, 968,0,370.485229, 373.585236, 457.607910, 173.198486,166.481079, 683.284668, 0.991702
5, 968,1,329.595703, 347.093018, 457.607910, 173.198486,166.481079, 683.284668, 0.949589
5, 968,2,421.097504, 462.855865, 457.607910, 173.198486,166.481079, 683.284668, 0.909781
5, 968,3,507.462036, 514.903687, 457.607910, 173.198486,166.481079, 683.284668, 0.985547
5, 968,4,683.284668, 705.192505, 457.607910, 173.198486,166.481079, 683.284668, 0.968934
5, 968,5,166.481079, 161.460403, 457.607910, 173.198486,166.481079, 683.284668, 1.031095
5, 968,6,664.693909, 703.774231, 457.607910, 173.198486,166.481079, 683.284668, 0.944470
5, 968,7,517.763062, 543.135193, 457.607910, 173.198486,166.481079, 683.284668, 0.953286
5, 969,0,730.648865, 666.200562, 498.886261, 327.692566,62.570251, 817.890564, 1.096740
5, 969,1,680.921997, 677.304749, 498.886261, 327.692566,62.570251, 817.890564, 1.005341
5, 969,2,817.890564, 776.617676, 498.886261, 327.692566,62.570251, 817.890564, 1.053144
5, 969,3,640.885193, 645.317566, 498.886261, 327.692566,62.570251, 817.890564, 0.993131
5, 969,4,62.570251, 74.749725, 498.886261, 327.692566,62.570251, 817.890564, 0.837063
5, 969,5,788.616516, 746.831299, 498.886261, 327.692566,62.570251, 817.890564, 1.055950
5, 969,6,176.215469, 126.769592, 498.886261, 327.692566,62.570251, 817.890564, 1.390045
5, 969,7,93.341164, 98.208679, 498.886261, 327.692566,62.570251, 817.890564, 0.950437
5, 970,0,211.332809, 224.038635, 468.964111, 249.585007,189.687393, 854.594727, 0.943287
5, 970,1,189.687393, 191.216003, 468.964111, 249.585007,189.687393, 854.594727, 0.992006
5, 970,2,217.958511, 215.927292, 468.964111, 249.585007,189.687393, 854.594727, 1.009407
5, 970,3,642.967590, 670.602173, 468.964111, 249.585007,189.687393, 854.594727, 0.958791
5, 970,4,403.318695, 403.776978, 468.964111, 249.585007,189.687393, 854.594727, 0.998865
5, 970,5,648.957214, 678.870667, 468.964111, 249.585007,189.687393, 854.594727, 0.955936
5, 970,6,854.594727, 857.697388, 468.964111, 249.585007,189.687393, 854.594727, 0.996383
5, 970,7,582.896057, 569.870728, 468.964111, 249.585007,189.687393, 854.594727, 1.022857
5, 971,0,560.667725, 564.349609, 475.229889, 223.883804,145.445419, 799.659058, 0.993476
5, 971,1,799.659058, 815.328613, 475.229889, 223.883804,145.445419, 799.659058, 0.980781
5, 971,2,145.445419, 125.405266, 475.229889, 223.883804,145.445419, 799.659058, 1.159803
5, 971,3,663.701599, 670.617676, 475.229889, 223.883804,145.445419, 799.659058, 0.989687
5, 971,4,483.007935, 486.133118, 475.229889, 223.883804,145.445419, 799.659058, 0.993571
5, 971,5,595.805176, 602.306213, 475.229889, 223.883804,145.445419, 799.659058, 0.989206
5, 971,6,295.046661, 300.675903, 475.229889, 223.883804,145.445419, 799.659058, 0.981278
5, 971,7,258.505432, 247.183548, 475.229889, 223.883804,145.445419, 799.659058, 1.045804
5, 972,0,291.961395, 294.633972, 481.663940, 288.208313,64.112495, 803.138794, 0.990929
5, 972,1,758.662292, 754.151978, 481.663940, 288.208313,64.112495, 803.138794, 1.005981
5, 972,2,151.083115, 102.492119, 481.663940, 288.208313,64.112495, 803.138794, 1.474095
5, 972,3,753.836426, 760.381714, 481.663940, 288.208313,64.112495, 803.138794, 0.991392
5, 972,4,463.205597, 461.724182, 481.663940, 288.208313,64.112495, 803.138794, 1.003208
5, 972,5,803.138794, 809.636597, 481.663940, 288.208313,64.112495, 803.138794, 0.991974
5, 972,6,567.311340, 574.999878, 481.663940, 288.208313,64.112495, 803.138794, 0.986629
5, 972,7,64.112495, 53.979485, 481.663940, 288.208313,64.112495, 803.138794, 1.187720
5, 973,0,403.577240, 405.187439, 483.888794, 301.080658,39.250153, 932.532349, 0.996026
5, 973,1,39.250153, 30.644960, 483.888794, 301.080658,39.250153, 932.532349, 1.280803
5, 973,2,174.691895, 181.533676, 483.888794, 301.080658,39.250153, 932.532349, 0.962311
5, 973,3,932.532349, 915.614380, 483.888794, 301.080658,39.250153, 932.532349, 1.018477
5, 973,4,829.239929, 809.738403, 483.888794, 301.080658,39.250153, 932.532349, 1.024084
5, 973,5,522.770630, 511.091583, 483.888794, 301.080658,39.250153, 932.532349, 1.022851
5, 973,6,564.304077, 562.168091, 483.888794, 301.080658,39.250153, 932.532349, 1.003800
5, 973,7,404.744232, 396.021301, 483.888794, 301.080658,39.250153, 932.532349, 1.022026
5, 974,0,887.252686, 826.085144, 499.177246, 344.838623,129.515549, 1129.507935, 1.074045
5, 974,1,529.700623, 516.798340, 499.177246, 344.838623,129.515549, 1129.507935, 1.024966
5, 974,2,1129.507935, 1063.903320, 499.177246, 344.838623,129.515549, 1129.507935, 1.061664
5, 974,3,300.298340, 284.103699, 499.177246, 344.838623,129.515549, 1129.507935, 1.057003
5, 974,4,375.673492, 349.476105, 499.177246, 344.838623,129.515549, 1129.507935, 1.074962
5, 974,5,201.559402, 199.015793, 499.177246, 344.838623,129.515549, 1129.507935, 1.012781
5, 974,6,129.515549, 122.845253, 499.177246, 344.838623,129.515549, 1129.507935, 1.054298
5, 974,7,439.909729, 449.772217, 499.177246, 344.838623,129.515549, 1129.507935, 0.978072
5, 975,0,710.885864, 704.263489, 481.499054, 215.135300,145.137833, 710.885864, 1.009403
5, 975,1,480.841370, 487.813019, 481.499054, 215.135300,145.137833, 710.885864, 0.985708
5, 975,2,145.137833, 103.106033, 481.499054, 215.135300,145.137833, 710.885864, 1.407656
5, 975,3,388.559326, 400.027985, 481.499054, 215.135300,145.137833, 710.885864, 0.971330
5, 975,4,523.087524, 517.230957, 481.499054, 215.135300,145.137833, 710.885864, 1.011323
5, 975,5,671.598877, 680.377502, 481.499054, 215.135300,145.137833, 710.885864, 0.987097
5, 975,6,701.774780, 704.544739, 481.499054, 215.135300,145.137833, 710.885864, 0.996068
5, 975,7,230.106750, 214.636368, 481.499054, 215.135300,145.137833, 710.885864, 1.072077
5, 976,0,883.529785, 901.113831, 470.068359, 340.436981,41.135426, 883.529785, 0.980486
5, 976,1,850.589966, 865.253601, 470.068359, 340.436981,41.135426, 883.529785, 0.983053
5, 976,2,222.296814, 217.794952, 470.068359, 340.436981,41.135426, 883.529785, 1.020670
5, 976,3,41.135426, 36.460556, 470.068359, 340.436981,41.135426, 883.529785, 1.128217
5, 976,4,319.849670, 324.432739, 470.068359, 340.436981,41.135426, 883.529785, 0.985874
5, 976,5,302.050507, 316.742096, 470.068359, 340.436981,41.135426, 883.529785, 0.953617
5, 976,6,869.856873, 886.027161, 470.068359, 340.436981,41.135426, 883.529785, 0.981750
5, 976,7,271.237701, 264.174622, 470.068359, 340.436981,41.135426, 883.529785, 1.026736
5, 977,0,750.569885, 751.041687, 474.962402, 206.324402,169.467438, 750.569885, 0.999372
5, 977,1,436.708649, 436.151184, 474.962402, 206.324402,169.467438, 750.569885, 1.001278
5, 977,2,566.507568, 574.705139, 474.962402, 206.324402,169.467438, 750.569885, 0.985736
5, 977,3,470.054932, 468.147522, 474.962402, 206.324402,169.467438, 750.569885, 1.004074
5, 977,4,561.190247, 560.173340, 474.962402, 206.324402,169.467438, 750.569885, 1.001815
5, 977,5,169.467438, 166.864014, 474.962402, 206.324402,169.467438, 750.569885, 1.015602
5, 977,6,192.475388, 203.193466, 474.962402, 206.324402,169.467438, 750.569885, 0.947252
5, 977,7,652.725037, 651.723633, 474.962402, 206.324402,169.467438, 750.569885, 1.001536
5, 978,0,640.206482, 626.506470, 475.473694, 227.030350,155.880936, 719.736938, 1.021867
5, 978,1,307.851563, 318.385406, 475.473694, 227.030350,155.880936, 719.736938, 0.966915
5, 978,2,719.736938, 758.509216, 475.473694, 227.030350,155.880936, 719.736938, 0.948884
5, 978,3,180.531143, 174.858124, 475.473694, 227.030350,155.880936, 719.736938, 1.032444
5, 978,4,601.321716, 564.390625, 475.473694, 227.030350,155.880936, 719.736938, 1.065435
5, 978,5,527.191467, 500.609528, 475.473694, 227.030350,155.880936, 719.736938, 1.053099
5, 978,6,671.069580, 686.005554, 475.473694, 227.030350,155.880936, 719.736938, 0.978228
5, 978,7,155.880936, 182.734940, 475.473694, 227.030350,155.880936, 719.736938, 0.853044
5, 979,0,147.458176, 150.761948, 471.762299, 244.903702,147.458176, 841.220703, 0.978086
5, 979,1,166.569107, 114.183792, 471.762299, 244.903702,147.458176, 841.220703, 1.458781
5, 979,2,290.391968, 293.582001, 471.762299, 244.903702,147.458176, 841.220703, 0.989134
5, 979,3,841.220703, 857.003967, 471.762299, 244.903702,147.458176, 841.220703, 0.981583
5, 979,4,598.340942, 615.363647, 471.762299, 244.903702,147.458176, 841.220703, 0.972337
5, 979,5,597.198547, 616.299133, 471.762299, 244.903702,147.458176, 841.220703, 0.969008
5, 979,6,601.405762, 605.540833, 471.762299, 244.903702,147.458176, 841.220703, 0.993171
5, 979,7,531.513184, 559.264648, 471.762299, 244.903702,147.458176, 841.220703, 0.950379
5, 980,0,851.900757, 843.009888, 483.518402, 368.890533,47.211365, 1075.414429, 1.010547
5, 980,1,263.844421, 257.575500, 483.518402, 368.890533,47.211365, 1075.414429, 1.024338
5, 980,2,1075.414429, 1050.531738, 483.518402, 368.890533,47.211365, 1075.414429, 1.023686
5, 980,3,262.242035, 251.729843, 483.518402, 368.890533,47.211365, 1075.414429, 1.041760
5, 980,4,47.211365, 64.343208, 483.518402, 368.890533,47.211365, 1075.414429, 0.733743
5, 980,5,132.824905, 134.924423, 483.518402, 368.890533,47.211365, 1075.414429, 0.984439
5, 980,6,717.657410, 704.553833, 483.518402, 368.890533,47.211365, 1075.414429, 1.018598
5, 980,7,517.051819, 505.331482, 483.518402, 368.890533,47.211365, 1075.414429, 1.023193
5, 981,0,747.759888, 771.267334, 463.354523, 191.611725,200.375351, 747.759888, 0.969521
5, 981,1,269.627075, 272.768036, 463.354523, 191.611725,200.375351, 747.759888, 0.988485
5, 981,2,371.185760, 394.091522, 463.354523, 191.611725,200.375351, 747.759888, 0.941877
5, 981,3,413.298065, 423.860321, 463.354523, 191.611725,200.375351, 747.759888, 0.975081
5, 981,4,525.870483, 548.229004, 463.354523, 191.611725,200.375351, 747.759888, 0.959217
5, 981,5,482.666443, 478.872803, 463.354523, 191.611725,200.375351, 747.759888, 1.007922
5, 981,6,200.375351, 205.034012, 463.354523, 191.611725,200.375351, 747.759888, 0.977279
5, 981,7,696.053162, 717.877075, 463.354523, 191.611725,200.375351, 747.759888, 0.969599
5, 982,0,301.300201, 308.419525, 483.644836, 244.313904,173.315308, 863.984253, 0.976917
5, 982,1,554.390442, 544.722229, 483.644836, 244.313904,173.315308, 863.984253, 1.017749
5, 982,2,241.727905, 230.921402, 483.644836, 244.313904,173.315308, 863.984253, 1.046797
5, 982,3,751.522705, 727.079407, 483.644836, 244.313904,173.315308, 863.984253, 1.033618
5, 982,4,173.315308, 171.392792, 483.644836, 244.313904,173.315308, 863.984253, 1.011217
5, 982,5,863.984253, 854.455872, 483.644836, 244.313904,173.315308, 863.984253, 1.011151
5, 982,6,555.503906, 554.520447, 483.644836, 244.313904,173.315308, 863.984253, 1.001773
5, 982,7,427.414001, 420.488617, 483.644836, 244.313904,173.315308, 863.984253, 1.016470
5, 983,0,338.156952, 341.589264, 477.811920, 304.167999,17.631840, 958.460938, 0.989952
5, 983,1,958.460938, 959.026489, 477.811920, 304.167999,17.631840, 958.460938, 0.999410
5, 983,2,586.343567, 581.662048, 477.811920, 304.167999,17.631840, 958.460938, 1.008049
5, 983,3,332.579163, 331.553467, 477.811920, 304.167999,17.631840, 958.460938, 1.003094
5, 983,4,17.631840, 15.290955, 477.811920, 304.167999,17.631840, 958.460938, 1.153090
5, 983,5,226.447021, 228.601746, 477.811920, 304.167999,17.631840, 958.460938, 0.990574
5, 983,6,737.791199, 737.284363, 477.811920, 304.167999,17.631840, 958.460938, 1.000687
5, 983,7,625.084778, 616.991943, 477.811920, 304.167999,17.631840, 958.460938, 1.013117
5, 984,0,514.651123, 538.858521, 462.065125, 201.998505,207.950577, 772.150269, 0.955077
5, 984,1,322.094055, 324.191498, 462.065125, 201.998505,207.950577, 772.150269, 0.993530
5, 984,2,715.694214, 730.873718, 462.065125, 201.998505,207.950577, 772.150269, 0.979231
5, 984,3,492.383331, 521.911133, 462.065125, 201.998505,207.950577, 772.150269, 0.943424
5, 984,4,387.790070, 394.141052, 462.065125, 201.998505,207.950577, 772.150269, 0.983887
5, 984,5,283.807159, 288.690582, 462.065125, 201.998505,207.950577, 772.150269, 0.983084
5, 984,6,772.150269, 801.875549, 462.065125, 201.998505,207.950577, 772.150269, 0.962930
5, 984,7,207.950577, 211.458054, 462.065125, 201.998505,207.950577, 772.150269, 0.983413
5, 985,0,362.807709, 380.300049, 463.030029, 227.947571,151.492844, 747.109863, 0.954004
5, 985,1,151.492844, 201.132401, 463.030029, 227.947571,151.492844, 747.109863, 0.753200
5, 985,2,175.564224, 173.679321, 463.030029, 227.947571,151.492844, 747.109863, 1.010853
5, 985,3,676.385864, 654.349487, 463.030029, 227.947571,151.492844, 747.109863, 1.033677
5, 985,4,650.196045, 661.523254, 463.030029, 227.947571,151.492844, 747.109863, 0.982877
5, 985,5,390.893646, 404.559143, 463.030029, 227.947571,151.492844, 747.109863, 0.966221
5, 985,6,747.109863, 758.762512, 463.030029, 227.947571,151.492844, 747.109863, 0.984643
5, 985,7,549.790100, 577.693665, 463.030029, 227.947571,151.492844, 747.109863, 0.951698
5, 986,0,642.414917, 661.236328, 462.966797, 180.426956,92.523743, 642.414917, 0.971536
5, 986,1,92.523743, 104.054024, 462.966797, 180.426956,92.523743, 642.414917, 0.889189
5, 986,2,623.757629, 649.958801, 462.966797, 180.426956,92.523743, 642.414917, 0.959688
5, 986,3,427.449646, 437.963959, 462.966797, 180.426956,92.523743, 642.414917, 0.975993
5, 986,4,337.110168, 336.909363, 462.966797, 180.426956,92.523743, 642.414917, 1.000596
5, 986,5,489.713531, 494.493195, 462.966797, 180.426956,92.523743, 642.414917, 0.990334
5, 986,6,569.799927, 587.175415, 462.966797, 180.426956,92.523743, 642.414917, 0.970408
5, 986,7,520.964966, 540.208923, 462.966797, 180.426956,92.523743, 642.414917, 0.964377
5, 987,0,880.517578, 858.440063, 486.271271, 226.969574,131.747162, 880.517578, 1.025718
5, 987,1,131.747162, 117.520378, 486.271271, 226.969574,131.747162, 880.517578, 1.121058
5, 987,2,466.707275, 460.866364, 486.271271, 226.969574,131.747162, 880.517578, 1.012674
5, 987,3,550.235962, 541.596558, 486.271271, 226.969574,131.747162, 880.517578, 1.015952
5, 987,4,539.812927, 533.685364, 486.271271, 226.969574,131.747162, 880.517578, 1.011482
5, 987,5,351.791412, 348.922943, 486.271271, 226.969574,131.747162, 880.517578, 1.008221
5, 987,6,649.083801, 635.056580, 486.271271, 226.969574,131.747162, 880.517578, 1.022088
5, 987,7,320.273895, 315.911652, 486.271271, 226.969574,131.747162, 880.517578, 1.013808
5, 988,0,1005.536316, 962.052368, 494.300964, 368.667755,128.474136, 1036.075317, 1.045199
5, 988,1,685.371155, 659.241333, 494.300964, 368.667755,128.474136, 1036.075317, 1.039636
5, 988,2,364.421295, 345.733185, 494.300964, 368.667755,128.474136, 1036.075317, 1.054054
5, 988,3,343.649475, 344.138519, 494.300964, 368.667755,128.474136, 1036.075317, 0.998579
5, 988,4,128.474136, 125.941887, 494.300964, 368.667755,128.474136, 1036.075317, 1.020106
5, 988,5,258.657684, 256.102417, 494.300964, 368.667755,128.474136, 1036.075317, 1.009978
5, 988,6,132.222321, 120.227852, 494.300964, 368.667755,128.474136, 1036.075317, 1.099764
5, 988,7,1036.075317, 998.562439, 494.300964, 368.667755,128.474136, 1036.075317, 1.037567
5, 989,0,285.986847, 284.177307, 462.431793, 241.614395,250.039459, 889.882690, 1.006368
5, 989,1,889.882690, 922.925415, 462.431793, 241.614395,250.039459, 889.882690, 0.964198
5, 989,2,374.517029, 388.244812, 462.431793, 241.614395,250.039459, 889.882690, 0.964641
5, 989,3,565.272827, 589.891907, 462.431793, 241.614395,250.039459, 889.882690, 0.958265
5, 989,4,250.039459, 255.374725, 462.431793, 241.614395,250.039459, 889.882690, 0.979108
5, 989,5,343.592163, 340.938751, 462.431793, 241.614395,250.039459, 889.882690, 1.007783
5, 989,6,735.003357, 774.752197, 462.431793, 241.614395,250.039459, 889.882690, 0.948695
5, 989,7,255.159851, 255.694748, 462.431793, 241.614395,250.039459, 889.882690, 0.997908
5, 990,0,756.673828, 783.816284, 455.935333, 278.260742,96.208115, 756.673828, 0.965371
5, 990,1,516.581238, 540.167847, 455.935333, 278.260742,96.208115, 756.673828, 0.956335
5, 990,2,717.533020, 744.059326, 455.935333, 278.260742,96.208115, 756.673828, 0.964349
5, 990,3,450.666168, 477.642761, 455.935333, 278.260742,96.208115, 756.673828, 0.943521
5, 990,4,259.477081, 275.893524, 455.935333, 278.260742,96.208115, 756.673828, 0.940497
5, 990,5,101.498810, 106.876503, 455.935333, 278.260742,96.208115, 756.673828, 0.949683
5, 990,6,748.844543, 799.883545, 455.935333, 278.260742,96.208115, 756.673828, 0.936192
5, 990,7,96.208115, 83.660027, 455.935333, 278.260742,96.208115, 756.673828, 1.149989
5, 991,0,136.977249, 149.273178, 475.611877, 328.269501,67.348015, 850.568481, 0.917628
5, 991,1,771.146912, 766.548401, 475.611877, 328.269501,67.348015, 850.568481, 1.005999
5, 991,2,67.348015, 108.245911, 475.611877, 328.269501,67.348015, 850.568481, 0.622176
5, 991,3,850.568481, 836.143738, 475.611877, 328.269501,67.348015, 850.568481, 1.017251
5, 991,4,327.297455, 338.108398, 475.611877, 328.269501,67.348015, 850.568481, 0.968025
5, 991,5,717.458252, 693.275574, 475.611877, 328.269501,67.348015, 850.568481, 1.034882
5, 991,6,753.760376, 732.875854, 475.611877, 328.269501,67.348015, 850.568481, 1.028497
5, 991,7,180.338379, 187.528702, 475.611877, 328.269501,67.348015, 850.568481, 0.961657
5, 992,0,316.344696, 328.486298, 459.798187, 251.179321,44.535538, 785.441467, 0.963038
5, 992,1,44.535538, 53.359871, 459.798187, 251.179321,44.535538, 785.441467, 0.834626
5, 992,2,453.702240, 460.428772, 459.798187, 251.179321,44.535538, 785.441467, 0.985391
5, 992,3,691.845276, 709.410767, 459.798187, 251.179321,44.535538, 785.441467, 0.975239
5, 992,4,672.110352, 694.443604, 459.798187, 251.179321,44.535538, 785.441467, 0.967840
5, 992,5,463.412323, 481.209381, 459.798187, 251.179321,44.535538, 785.441467, 0.963016
5, 992,6,785.441467, 817.778381, 459.798187, 251.179321,44.535538, 785.441467, 0.960458
5, 992,7,250.993668, 266.883148, 459.798187, 251.179321,44.535538, 785.441467, 0.940463
5, 993,0,298.857208, 271.944855, 504.140656, 323.877808,41.389252, 863.985901, 1.098963
5, 993,1,841.934143, 789.025085, 504.140656, 323.877808,41.389252, 863.985901, 1.067056
5, 993,2,41.389252, 60.494400, 504.140656, 323.877808,41.389252, 863.985901, 0.684183
5, 993,3,96.191238, 60.329655, 504.140656, 323.877808,41.389252, 863.985901, 1.594427
5, 993,4,863.985901, 822.166321, 504.140656, 323.877808,41.389252, 863.985901, 1.050865
5, 993,5,638.531982, 594.543396, 504.140656, 323.877808,41.389252, 863.985901, 1.073987
5, 993,6,525.708191, 522.769409, 504.140656, 323.877808,41.389252, 863.985901, 1.005622
5, 993,7,726.527161, 690.727112, 504.140656, 323.877808,41.389252, 863.985901, 1.051829
5, 994,0,499.410583, 510.975830, 466.311951, 238.239731,128.984619, 827.544006, 0.977366
5, 994,1,827.544006, 844.968811, 466.311951, 238.239731,128.984619, 827.544006, 0.979378
5, 994,2,279.899200, 287.087463, 466.311951, 238.239731,128.984619, 827.544006, 0.974961
5, 994,3,550.562561, 559.923340, 466.311951, 238.239731,128.984619, 827.544006, 0.983282
5, 994,4,128.984619, 130.542709, 466.311951, 238.239731,128.984619, 827.544006, 0.988065
5, 994,5,505.623962, 528.200134, 466.311951, 238.239731,128.984619, 827.544006, 0.957258
5, 994,6,702.176147, 729.577026, 466.311951, 238.239731,128.984619, 827.544006, 0.962443
5, 994,7,236.294357, 220.724899, 466.311951, 238.239731,128.984619, 827.544006, 1.070538
5, 995,0,727.350403, 705.854004, 486.932770, 270.373077,126.182419, 833.372375, 1.030454
5, 995,1,833.372375, 832.726379, 486.932770, 270.373077,126.182419, 833.372375, 1.000776
5, 995,2,550.268188, 531.073181, 486.932770, 270.373077,126.182419, 833.372375, 1.036144
5, 995,3,311.311859, 305.847839, 486.932770, 270.373077,126.182419, 833.372375, 1.017865
5, 995,4,126.182419, 126.078987, 486.932770, 270.373077,126.182419, 833.372375, 1.000820
5, 995,5,763.763184, 733.218079, 486.932770, 270.373077,126.182419, 833.372375, 1.041659
5, 995,6,202.287659, 201.210480, 486.932770, 270.373077,126.182419, 833.372375, 1.005353
5, 995,7,380.926270, 375.991241, 486.932770, 270.373077,126.182419, 833.372375, 1.013125
5, 996,0,646.226257, 666.872925, 460.541260, 124.739105,340.945648, 646.226257, 0.969040
5, 996,1,358.574493, 368.180878, 460.541260, 124.739105,340.945648, 646.226257, 0.973909
5, 996,2,521.429810, 547.794556, 460.541260, 124.739105,340.945648, 646.226257, 0.951871
5, 996,3,567.243896, 603.439575, 460.541260, 124.739105,340.945648, 646.226257, 0.940018
5, 996,4,350.927124, 350.310059, 460.541260, 124.739105,340.945648, 646.226257, 1.001761
5, 996,5,555.291443, 562.928406, 460.541260, 124.739105,340.945648, 646.226257, 0.986434
5, 996,6,343.691193, 354.294769, 460.541260, 124.739105,340.945648, 646.226257, 0.970071
5, 996,7,340.945648, 358.178864, 460.541260, 124.739105,340.945648, 646.226257, 0.951887
5, 997,0,788.427368, 802.701477, 475.731445, 375.917847,33.930225, 976.065735, 0.982217
5, 997,1,85.967445, 144.400620, 475.731445, 375.917847,33.930225, 976.065735, 0.595340
5, 997,2,900.395813, 865.642273, 475.731445, 375.917847,33.930225, 976.065735, 1.040148
5, 997,3,263.881958, 268.107574, 475.731445, 375.917847,33.930225, 976.065735, 0.984239
5, 997,4,536.531189, 530.236450, 475.731445, 375.917847,33.930225, 976.065735, 1.011872
5, 997,5,220.651871, 199.775330, 475.731445, 375.917847,33.930225, 976.065735, 1.104500
5, 997,6,33.930225, 28.795832, 475.731445, 375.917847,33.930225, 976.065735, 1.178303
5, 997,7,976.065735, 972.340515, 475.731445, 375.917847,33.930225, 976.065735, 1.003831
5, 998,0,718.394897, 703.019470, 475.368042, 327.301910,68.056961, 867.713135, 1.021871
5, 998,1,814.084351, 803.877319, 475.368042, 327.301910,68.056961, 867.713135, 1.012697
5, 998,2,203.708954, 212.231354, 475.368042, 327.301910,68.056961, 867.713135, 0.959844
5, 998,3,68.056961, 67.679123, 475.368042, 327.301910,68.056961, 867.713135, 1.005583
5, 998,4,357.799530, 365.354950, 475.368042, 327.301910,68.056961, 867.713135, 0.979320
5, 998,5,110.119843, 141.598618, 475.368042, 327.301910,68.056961, 867.713135, 0.777690
5, 998,6,663.066589, 660.452881, 475.368042, 327.301910,68.056961, 867.713135, 1.003957
5, 998,7,867.713135, 857.786377, 475.368042, 327.301910,68.056961, 867.713135, 1.011572
5, 999,0,138.528809, 74.275711, 482.527100, 264.799866,138.528809, 877.188721, 1.865062
5, 999,1,719.377014, 708.543091, 482.527100, 264.799866,138.528809, 877.188721, 1.015290
5, 999,2,240.007523, 247.948532, 482.527100, 264.799866,138.528809, 877.188721, 0.967973
5, 999,3,281.943176, 282.588745, 482.527100, 264.799866,138.528809, 877.188721, 0.997716
5, 999,4,877.188721, 862.380249, 482.527100, 264.799866,138.528809, 877.188721, 1.017172
5, 999,5,692.638794, 705.529724, 482.527100, 264.799866,138.528809, 877.188721, 0.981729
5, 999,6,544.595215, 553.343323, 482.527100, 264.799866,138.528809, 877.188721, 0.984190
5, 999,7,365.937439, 377.390808, 482.527100, 264.799866,138.528809, 877.188721, 0.969651
