5, 0,0,26.851110, 25.741055, 128.594833, 72.593758,26.851110, 228.389679, 1.043124
5, 0,1,209.190430, 211.021790, 128.594833, 72.593758,26.851110, 228.389679, 0.991321
5, 0,2,160.716034, 162.268677, 128.594833, 72.593758,26.851110, 228.389679, 0.990432
5, 0,3,228.389679, 229.120834, 128.594833, 72.593758,26.851110, 228.389679, 0.996809
5, 0,4,206.452682, 205.114960, 128.594833, 72.593758,26.851110, 228.389679, 1.006522
5, 0,5,62.352116, 61.789333, 128.594833, 72.593758,26.851110, 228.389679, 1.009108
5, 0,6,64.580772, 65.622070, 128.594833, 72.593758,26.851110, 228.389679, 0.984132
5, 0,7,27.304087, 26.711071, 128.594833, 72.593758,26.851110, 228.389679, 1.022201
5, 0,8,137.547974, 137.773834, 128.594833, 72.593758,26.851110, 228.389679, 0.998361
5, 0,9,214.961838, 214.641586, 128.594833, 72.593758,26.851110, 228.389679, 1.001492
5, 0,10,29.830496, 29.652660, 128.594833, 72.593758,26.851110, 228.389679, 1.005997
5, 0,11,108.900238, 108.988831, 128.594833, 72.593758,26.851110, 228.389679, 0.999187
5, 0,12,118.653595, 117.742630, 128.594833, 72.593758,26.851110, 228.389679, 1.007737
5, 0,13,179.236984, 178.285751, 128.594833, 72.593758,26.851110, 228.389679, 1.005335
5, 0,14,226.271500, 226.691864, 128.594833, 72.593758,26.851110, 228.389679, 0.998146
5, 0,15,116.384171, 116.551796, 128.594833, 72.593758,26.851110, 228.389679, 0.998562
5, 0,16,103.673782, 104.383232, 128.594833, 72.593758,26.851110, 228.389679, 0.993203
5, 0,17,200.183945, 200.950974, 128.594833, 72.593758,26.851110, 228.389679, 0.996183
5, 0,18,179.489441, 179.153244, 128.594833, 72.593758,26.851110, 228.389679, 1.001877
5, 0,19,33.854076, 34.739323, 128.594833, 72.593758,26.851110, 228.389679, 0.974517
5, 0,20,220.227402, 220.067368, 128.594833, 72.593758,26.851110, 228.389679, 1.000727
5, 0,21,68.980995, 68.066826, 128.594833, 72.593758,26.851110, 228.389679, 1.013430
5, 0,22,202.019638, 202.338974, 128.594833, 72.593758,26.851110, 228.389679, 0.998422
5, 0,23,32.110046, 32.239365, 128.594833, 72.593758,26.851110, 228.389679, 0.995989
5, 0,24,103.982422, 103.673470, 128.594833, 72.593758,26.851110, 228.389679, 1.002980
5, 0,25,39.108688, 40.417458, 128.594833, 72.593758,26.851110, 228.389679, 0.967619
5, 0,26,42.301979, 43.422142, 128.594833, 72.593758,26.851110, 228.389679, 0.974203
5, 0,27,182.768524, 183.191025, 128.594833, 72.593758,26.851110, 228.389679, 0.997694
5, 0,28,164.518158, 164.342789, 128.594833, 72.593758,26.851110, 228.389679, 1.001067
5, 0,29,225.997162, 226.210800, 128.594833, 72.593758,26.851110, 228.389679, 0.999056
5, 0,30,150.132385, 151.701035, 128.594833, 72.593758,26.851110, 228.389679, 0.989660
5, 0,31,48.062939, 48.382622, 128.594833, 72.593758,26.851110, 228.389679, 0.993393
5, 1,0,151.166519, 150.112320, 128.873871, 75.203911,14.938590, 256.188873, 1.007023
5, 1,1,226.180298, 226.093445, 128.873871, 75.203911,14.938590, 256.188873, 1.000384
5, 1,2,30.974220, 30.904980, 128.873871, 75.203911,14.938590, 256.188873, 1.002240
5, 1,3,28.480560, 28.742914, 128.873871, 75.203911,14.938590, 256.188873, 0.990872
5, 1,4,181.478745, 181.202347, 128.873871, 75.203911,14.938590, 256.188873, 1.001525
5, 1,5,65.875397, 64.420746, 128.873871, 75.203911,14.938590, 256.188873, 1.022581
5, 1,6,142.771317, 143.046066, 128.873871, 75.203911,14.938590, 256.188873, 0.998079
5, 1,7,75.572113, 76.654869, 128.873871, 75.203911,14.938590, 256.188873, 0.985875
5, 1,8,100.850342, 99.955444, 128.873871, 75.203911,14.938590, 256.188873, 1.008953
5, 1,9,175.795120, 177.119308, 128.873871, 75.203911,14.938590, 256.188873, 0.992524
5, 1,10,28.453089, 28.840849, 128.873871, 75.203911,14.938590, 256.188873, 0.986555
5, 1,11,256.188873, 255.254944, 128.873871, 75.203911,14.938590, 256.188873, 1.003659
5, 1,12,14.938590, 14.233728, 128.873871, 75.203911,14.938590, 256.188873, 1.049520
5, 1,13,197.300858, 197.353821, 128.873871, 75.203911,14.938590, 256.188873, 0.999732
5, 1,14,54.798546, 54.650021, 128.873871, 75.203911,14.938590, 256.188873, 1.002718
5, 1,15,64.682220, 63.456482, 128.873871, 75.203911,14.938590, 256.188873, 1.019316
5, 1,16,250.299606, 250.486359, 128.873871, 75.203911,14.938590, 256.188873, 0.999254
5, 1,17,83.447800, 84.060120, 128.873871, 75.203911,14.938590, 256.188873, 0.992716
5, 1,18,121.055634, 120.513885, 128.873871, 75.203911,14.938590, 256.188873, 1.004495
5, 1,19,100.002670, 100.188972, 128.873871, 75.203911,14.938590, 256.188873, 0.998141
5, 1,20,213.221634, 213.121048, 128.873871, 75.203911,14.938590, 256.188873, 1.000472
5, 1,21,118.832359, 119.007225, 128.873871, 75.203911,14.938590, 256.188873, 0.998531
5, 1,22,70.270096, 70.251541, 128.873871, 75.203911,14.938590, 256.188873, 1.000264
5, 1,23,124.939590, 124.378479, 128.873871, 75.203911,14.938590, 256.188873, 1.004511
5, 1,24,162.966080, 162.067703, 128.873871, 75.203911,14.938590, 256.188873, 1.005543
5, 1,25,48.842285, 47.975494, 128.873871, 75.203911,14.938590, 256.188873, 1.018067
5, 1,26,200.159348, 200.397278, 128.873871, 75.203911,14.938590, 256.188873, 0.998813
5, 1,27,27.433203, 27.635515, 128.873871, 75.203911,14.938590, 256.188873, 0.992679
5, 1,28,176.683472, 177.269974, 128.873871, 75.203911,14.938590, 256.188873, 0.996691
5, 1,29,243.034836, 243.608444, 128.873871, 75.203911,14.938590, 256.188873, 0.997645
5, 1,30,146.939377, 147.686600, 128.873871, 75.203911,14.938590, 256.188873, 0.994940
5, 1,31,240.328995, 240.308838, 128.873871, 75.203911,14.938590, 256.188873, 1.000084
5, 2,0,64.731621, 65.234970, 128.710098, 51.751068,21.905621, 199.007874, 0.992284
5, 2,1,185.801987, 185.050385, 128.710098, 51.751068,21.905621, 199.007874, 1.004062
5, 2,2,183.021286, 183.333878, 128.710098, 51.751068,21.905621, 199.007874, 0.998295
5, 2,3,148.751358, 148.298370, 128.710098, 51.751068,21.905621, 199.007874, 1.003055
5, 2,4,21.905621, 21.021563, 128.710098, 51.751068,21.905621, 199.007874, 1.042055
5, 2,5,170.492401, 170.387726, 128.710098, 51.751068,21.905621, 199.007874, 1.000614
5, 2,6,82.615364, 83.712120, 128.710098, 51.751068,21.905621, 199.007874, 0.986898
5, 2,7,172.963791, 172.612839, 128.710098, 51.751068,21.905621, 199.007874, 1.002033
5, 2,8,47.969166, 47.110359, 128.710098, 51.751068,21.905621, 199.007874, 1.018230
5, 2,9,75.797241, 75.042824, 128.710098, 51.751068,21.905621, 199.007874, 1.010053
5, 2,10,147.090469, 149.113281, 128.710098, 51.751068,21.905621, 199.007874, 0.986434
5, 2,11,127.029129, 128.243393, 128.710098, 51.751068,21.905621, 199.007874, 0.990532
5, 2,12,118.040359, 118.666718, 128.710098, 51.751068,21.905621, 199.007874, 0.994722
5, 2,13,187.373230, 188.888000, 128.710098, 51.751068,21.905621, 199.007874, 0.991981
5, 2,14,94.314796, 94.808823, 128.710098, 51.751068,21.905621, 199.007874, 0.994789
5, 2,15,156.932129, 156.303009, 128.710098, 51.751068,21.905621, 199.007874, 1.004025
5, 2,16,152.358734, 152.390274, 128.710098, 51.751068,21.905621, 199.007874, 0.999793
5, 2,17,27.046589, 25.847471, 128.710098, 51.751068,21.905621, 199.007874, 1.046392
5, 2,18,83.137596, 83.394249, 128.710098, 51.751068,21.905621, 199.007874, 0.996922
5, 2,19,152.420975, 152.292023, 128.710098, 51.751068,21.905621, 199.007874, 1.000847
5, 2,20,164.309128, 164.105377, 128.710098, 51.751068,21.905621, 199.007874, 1.001242
5, 2,21,147.718231, 147.385193, 128.710098, 51.751068,21.905621, 199.007874, 1.002260
5, 2,22,106.813911, 107.292603, 128.710098, 51.751068,21.905621, 199.007874, 0.995538
5, 2,23,127.621460, 127.237755, 128.710098, 51.751068,21.905621, 199.007874, 1.003016
5, 2,24,61.852505, 61.270203, 128.710098, 51.751068,21.905621, 199.007874, 1.009504
5, 2,25,156.160034, 157.256638, 128.710098, 51.751068,21.905621, 199.007874, 0.993027
5, 2,26,63.127022, 62.530144, 128.710098, 51.751068,21.905621, 199.007874, 1.009545
5, 2,27,199.007874, 199.296921, 128.710098, 51.751068,21.905621, 199.007874, 0.998550
5, 2,28,164.922150, 165.295959, 128.710098, 51.751068,21.905621, 199.007874, 0.997739
5, 2,29,188.370483, 188.419861, 128.710098, 51.751068,21.905621, 199.007874, 0.999738
5, 2,30,141.413986, 141.068176, 128.710098, 51.751068,21.905621, 199.007874, 1.002451
5, 2,31,197.612396, 198.089005, 128.710098, 51.751068,21.905621, 199.007874, 0.997594
5, 3,0,75.908180, 73.834389, 128.829788, 65.268280,23.414822, 262.461975, 1.028087
5, 3,1,51.433372, 53.664921, 128.829788, 65.268280,23.414822, 262.461975, 0.958417
5, 3,2,174.586075, 176.381668, 128.829788, 65.268280,23.414822, 262.461975, 0.989820
5, 3,3,132.322128, 130.778625, 128.829788, 65.268280,23.414822, 262.461975, 1.011802
5, 3,4,59.779266, 59.824165, 128.829788, 65.268280,23.414822, 262.461975, 0.999249
5, 3,5,97.671112, 96.426491, 128.829788, 65.268280,23.414822, 262.461975, 1.012908
5, 3,6,88.915421, 88.493385, 128.829788, 65.268280,23.414822, 262.461975, 1.004769
5, 3,7,145.129379, 145.519760, 128.829788, 65.268280,23.414822, 262.461975, 0.997317
5, 3,8,68.236877, 69.136932, 128.829788, 65.268280,23.414822, 262.461975, 0.986982
5, 3,9,104.302200, 103.948975, 128.829788, 65.268280,23.414822, 262.461975, 1.003398
5, 3,10,179.045944, 178.755020, 128.829788, 65.268280,23.414822, 262.461975, 1.001627
5, 3,11,222.034348, 224.292358, 128.829788, 65.268280,23.414822, 262.461975, 0.989933
5, 3,12,217.639755, 218.461624, 128.829788, 65.268280,23.414822, 262.461975, 0.996238
5, 3,13,117.290619, 116.259247, 128.829788, 65.268280,23.414822, 262.461975, 1.008871
5, 3,14,99.746796, 98.528839, 128.829788, 65.268280,23.414822, 262.461975, 1.012361
5, 3,15,78.746391, 80.264633, 128.829788, 65.268280,23.414822, 262.461975, 0.981085
5, 3,16,118.167145, 119.100708, 128.829788, 65.268280,23.414822, 262.461975, 0.992162
5, 3,17,68.483910, 68.685257, 128.829788, 65.268280,23.414822, 262.461975, 0.997069
5, 3,18,102.530472, 101.403160, 128.829788, 65.268280,23.414822, 262.461975, 1.011117
5, 3,19,254.000336, 254.152374, 128.829788, 65.268280,23.414822, 262.461975, 0.999402
5, 3,20,29.031218, 30.136616, 128.829788, 65.268280,23.414822, 262.461975, 0.963320
5, 3,21,133.383057, 133.332657, 128.829788, 65.268280,23.414822, 262.461975, 1.000378
5, 3,22,185.999542, 186.786682, 128.829788, 65.268280,23.414822, 262.461975, 0.995786
5, 3,23,145.580200, 142.366211, 128.829788, 65.268280,23.414822, 262.461975, 1.022575
5, 3,24,216.682449, 214.618225, 128.829788, 65.268280,23.414822, 262.461975, 1.009618
5, 3,25,262.461975, 262.257904, 128.829788, 65.268280,23.414822, 262.461975, 1.000778
5, 3,26,23.414822, 24.018436, 128.829788, 65.268280,23.414822, 262.461975, 0.974869
5, 3,27,141.978485, 142.095215, 128.829788, 65.268280,23.414822, 262.461975, 0.999179
5, 3,28,54.761246, 54.486156, 128.829788, 65.268280,23.414822, 262.461975, 1.005049
5, 3,29,186.531235, 185.292038, 128.829788, 65.268280,23.414822, 262.461975, 1.006688
5, 3,30,202.386703, 203.506958, 128.829788, 65.268280,23.414822, 262.461975, 0.994495
5, 3,31,84.372414, 84.190125, 128.829788, 65.268280,23.414822, 262.461975, 1.002165
5, 4,0,205.231979, 204.028671, 128.523346, 71.308601,17.345810, 244.338699, 1.005898
5, 4,1,154.365082, 154.807388, 128.523346, 71.308601,17.345810, 244.338699, 0.997143
5, 4,2,101.401428, 102.257202, 128.523346, 71.308601,17.345810, 244.338699, 0.991631
5, 4,3,225.189575, 224.554489, 128.523346, 71.308601,17.345810, 244.338699, 1.002828
5, 4,4,86.498177, 85.460037, 128.523346, 71.308601,17.345810, 244.338699, 1.012148
5, 4,5,49.804577, 49.532570, 128.523346, 71.308601,17.345810, 244.338699, 1.005491
5, 4,6,230.235382, 231.066940, 128.523346, 71.308601,17.345810, 244.338699, 0.996401
5, 4,7,106.882759, 107.475876, 128.523346, 71.308601,17.345810, 244.338699, 0.994481
5, 4,8,27.136738, 27.335022, 128.523346, 71.308601,17.345810, 244.338699, 0.992746
5, 4,9,17.345810, 17.878895, 128.523346, 71.308601,17.345810, 244.338699, 0.970184
5, 4,10,244.338699, 244.993103, 128.523346, 71.308601,17.345810, 244.338699, 0.997329
5, 4,11,25.163115, 24.623924, 128.523346, 71.308601,17.345810, 244.338699, 1.021897
5, 4,12,60.078598, 60.900276, 128.523346, 71.308601,17.345810, 244.338699, 0.986508
5, 4,13,149.275589, 147.618988, 128.523346, 71.308601,17.345810, 244.338699, 1.011222
5, 4,14,169.244873, 169.656631, 128.523346, 71.308601,17.345810, 244.338699, 0.997573
5, 4,15,104.900566, 103.957993, 128.523346, 71.308601,17.345810, 244.338699, 1.009067
5, 4,16,21.039169, 21.542145, 128.523346, 71.308601,17.345810, 244.338699, 0.976652
5, 4,17,155.721115, 155.912170, 128.523346, 71.308601,17.345810, 244.338699, 0.998775
5, 4,18,204.251999, 206.652542, 128.523346, 71.308601,17.345810, 244.338699, 0.988384
5, 4,19,133.621429, 133.373016, 128.523346, 71.308601,17.345810, 244.338699, 1.001863
5, 4,20,200.038864, 200.954163, 128.523346, 71.308601,17.345810, 244.338699, 0.995445
5, 4,21,80.945023, 82.298309, 128.523346, 71.308601,17.345810, 244.338699, 0.983556
5, 4,22,231.458145, 232.397049, 128.523346, 71.308601,17.345810, 244.338699, 0.995960
5, 4,23,141.199844, 141.419098, 128.523346, 71.308601,17.345810, 244.338699, 0.998450
5, 4,24,230.472427, 230.325577, 128.523346, 71.308601,17.345810, 244.338699, 1.000638
5, 4,25,96.140968, 96.471596, 128.523346, 71.308601,17.345810, 244.338699, 0.996573
5, 4,26,44.939468, 47.206699, 128.523346, 71.308601,17.345810, 244.338699, 0.951972
5, 4,27,156.193420, 156.006668, 128.523346, 71.308601,17.345810, 244.338699, 1.001197
5, 4,28,190.179428, 191.170944, 128.523346, 71.308601,17.345810, 244.338699, 0.994813
5, 4,29,53.975674, 53.544697, 128.523346, 71.308601,17.345810, 244.338699, 1.008049
5, 4,30,143.455490, 144.057495, 128.523346, 71.308601,17.345810, 244.338699, 0.995821
5, 4,31,72.021873, 71.519333, 128.523346, 71.308601,17.345810, 244.338699, 1.007027
5, 5,0,238.385010, 238.700211, 128.788269, 82.584450,10.305898, 271.275177, 0.998680
5, 5,1,26.942648, 26.744894, 128.788269, 82.584450,10.305898, 271.275177, 1.007394
5, 5,2,29.795738, 29.692062, 128.788269, 82.584450,10.305898, 271.275177, 1.003492
5, 5,3,224.288834, 224.022507, 128.788269, 82.584450,10.305898, 271.275177, 1.001189
5, 5,4,173.597382, 173.746307, 128.788269, 82.584450,10.305898, 271.275177, 0.999143
5, 5,5,60.109955, 60.417324, 128.788269, 82.584450,10.305898, 271.275177, 0.994913
5, 5,6,47.269363, 47.242241, 128.788269, 82.584450,10.305898, 271.275177, 1.000574
5, 5,7,94.756973, 94.662590, 128.788269, 82.584450,10.305898, 271.275177, 1.000997
5, 5,8,225.949661, 227.152313, 128.788269, 82.584450,10.305898, 271.275177, 0.994705
5, 5,9,151.387741, 150.293503, 128.788269, 82.584450,10.305898, 271.275177, 1.007281
5, 5,10,200.247559, 201.009705, 128.788269, 82.584450,10.305898, 271.275177, 0.996208
5, 5,11,10.305898, 10.780376, 128.788269, 82.584450,10.305898, 271.275177, 0.955987
5, 5,12,116.317360, 116.430122, 128.788269, 82.584450,10.305898, 271.275177, 0.999031
5, 5,13,76.205719, 76.024857, 128.788269, 82.584450,10.305898, 271.275177, 1.002379
5, 5,14,139.720322, 138.969727, 128.788269, 82.584450,10.305898, 271.275177, 1.005401
5, 5,15,122.660309, 123.187851, 128.788269, 82.584450,10.305898, 271.275177, 0.995718
5, 5,16,64.247711, 64.601471, 128.788269, 82.584450,10.305898, 271.275177, 0.994524
5, 5,17,271.275177, 270.629242, 128.788269, 82.584450,10.305898, 271.275177, 1.002387
5, 5,18,17.638611, 16.442261, 128.788269, 82.584450,10.305898, 271.275177, 1.072761
5, 5,19,91.268448, 91.482964, 128.788269, 82.584450,10.305898, 271.275177, 0.997655
5, 5,20,37.425568, 36.192436, 128.788269, 82.584450,10.305898, 271.275177, 1.034072
5, 5,21,65.893074, 65.971283, 128.788269, 82.584450,10.305898, 271.275177, 0.998815
5, 5,22,216.465454, 216.874573, 128.788269, 82.584450,10.305898, 271.275177, 0.998114
5, 5,23,228.265076, 227.633835, 128.788269, 82.584450,10.305898, 271.275177, 1.002773
5, 5,24,13.470077, 13.038488, 128.788269, 82.584450,10.305898, 271.275177, 1.033101
5, 5,25,162.707092, 163.858765, 128.788269, 82.584450,10.305898, 271.275177, 0.992972
5, 5,26,94.038673, 93.467110, 128.788269, 82.584450,10.305898, 271.275177, 1.006115
5, 5,27,135.494843, 136.479156, 128.788269, 82.584450,10.305898, 271.275177, 0.992788
5, 5,28,162.463333, 162.198395, 128.788269, 82.584450,10.305898, 271.275177, 1.001633
5, 5,29,262.906067, 261.987000, 128.788269, 82.584450,10.305898, 271.275177, 1.003508
5, 5,30,92.498001, 92.628624, 128.788269, 82.584450,10.305898, 271.275177, 0.998590
5, 5,31,267.226868, 268.437561, 128.788269, 82.584450,10.305898, 271.275177, 0.995490
5, 6,0,119.262192, 120.200249, 128.894928, 59.172768,29.903778, 214.887604, 0.992196
5, 6,1,32.236668, 31.352663, 128.894928, 59.172768,29.903778, 214.887604, 1.028196
5, 6,2,47.038715, 46.737579, 128.894928, 59.172768,29.903778, 214.887604, 1.006443
5, 6,3,181.243103, 181.639938, 128.894928, 59.172768,29.903778, 214.887604, 0.997815
5, 6,4,29.903778, 29.534220, 128.894928, 59.172768,29.903778, 214.887604, 1.012513
5, 6,5,105.645546, 105.084030, 128.894928, 59.172768,29.903778, 214.887604, 1.005343
5, 6,6,196.811783, 196.787384, 128.894928, 59.172768,29.903778, 214.887604, 1.000124
5, 6,7,109.454887, 107.533623, 128.894928, 59.172768,29.903778, 214.887604, 1.017867
5, 6,8,182.852280, 183.158417, 128.894928, 59.172768,29.903778, 214.887604, 0.998329
5, 6,9,154.118790, 153.057220, 128.894928, 59.172768,29.903778, 214.887604, 1.006936
5, 6,10,75.698753, 75.257790, 128.894928, 59.172768,29.903778, 214.887604, 1.005859
5, 6,11,58.370872, 58.166912, 128.894928, 59.172768,29.903778, 214.887604, 1.003506
5, 6,12,154.948318, 156.137955, 128.894928, 59.172768,29.903778, 214.887604, 0.992381
5, 6,13,96.380241, 96.010559, 128.894928, 59.172768,29.903778, 214.887604, 1.003850
5, 6,14,194.153671, 194.025345, 128.894928, 59.172768,29.903778, 214.887604, 1.000661
5, 6,15,30.979950, 30.584044, 128.894928, 59.172768,29.903778, 214.887604, 1.012945
5, 6,16,170.847717, 171.397903, 128.894928, 59.172768,29.903778, 214.887604, 0.996790
5, 6,17,158.399963, 158.706284, 128.894928, 59.172768,29.903778, 214.887604, 0.998070
5, 6,18,167.290314, 167.229843, 128.894928, 59.172768,29.903778, 214.887604, 1.000362
5, 6,19,214.887604, 214.603149, 128.894928, 59.172768,29.903778, 214.887604, 1.001325
5, 6,20,207.403046, 207.904282, 128.894928, 59.172768,29.903778, 214.887604, 0.997589
5, 6,21,89.894913, 90.005318, 128.894928, 59.172768,29.903778, 214.887604, 0.998773
5, 6,22,154.992874, 155.288101, 128.894928, 59.172768,29.903778, 214.887604, 0.998099
5, 6,23,167.892731, 167.467316, 128.894928, 59.172768,29.903778, 214.887604, 1.002540
5, 6,24,146.590820, 147.451920, 128.894928, 59.172768,29.903778, 214.887604, 0.994160
5, 6,25,182.759109, 181.421219, 128.894928, 59.172768,29.903778, 214.887604, 1.007375
5, 6,26,190.335342, 189.619827, 128.894928, 59.172768,29.903778, 214.887604, 1.003773
5, 6,27,45.548088, 46.175175, 128.894928, 59.172768,29.903778, 214.887604, 0.986419
5, 6,28,94.960281, 96.260513, 128.894928, 59.172768,29.903778, 214.887604, 0.986493
5, 6,29,123.837715, 123.224731, 128.894928, 59.172768,29.903778, 214.887604, 1.004974
5, 6,30,46.652328, 46.500118, 128.894928, 59.172768,29.903778, 214.887604, 1.003273
5, 6,31,193.244873, 192.475601, 128.894928, 59.172768,29.903778, 214.887604, 1.003997
5, 7,0,153.744431, 154.269531, 128.613541, 75.306732,13.387493, 269.680725, 0.996596
5, 7,1,36.830086, 36.551765, 128.613541, 75.306732,13.387493, 269.680725, 1.007614
5, 7,2,243.665176, 244.277893, 128.613541, 75.306732,13.387493, 269.680725, 0.997492
5, 7,3,230.011078, 230.131729, 128.613541, 75.306732,13.387493, 269.680725, 0.999476
5, 7,4,213.308777, 214.031509, 128.613541, 75.306732,13.387493, 269.680725, 0.996623
5, 7,5,108.567436, 109.417229, 128.613541, 75.306732,13.387493, 269.680725, 0.992233
5, 7,6,119.064903, 118.883583, 128.613541, 75.306732,13.387493, 269.680725, 1.001525
5, 7,7,199.911118, 199.031494, 128.613541, 75.306732,13.387493, 269.680725, 1.004420
5, 7,8,28.577612, 29.006598, 128.613541, 75.306732,13.387493, 269.680725, 0.985211
5, 7,9,82.558632, 81.223427, 128.613541, 75.306732,13.387493, 269.680725, 1.016439
5, 7,10,20.071285, 20.164221, 128.613541, 75.306732,13.387493, 269.680725, 0.995391
5, 7,11,119.188896, 118.744019, 128.613541, 75.306732,13.387493, 269.680725, 1.003747
5, 7,12,142.866592, 142.849152, 128.613541, 75.306732,13.387493, 269.680725, 1.000122
5, 7,13,122.685120, 123.423828, 128.613541, 75.306732,13.387493, 269.680725, 0.994015
5, 7,14,79.291649, 79.638863, 128.613541, 75.306732,13.387493, 269.680725, 0.995640
5, 7,15,212.982727, 212.775375, 128.613541, 75.306732,13.387493, 269.680725, 1.000975
5, 7,16,48.723454, 48.530437, 128.613541, 75.306732,13.387493, 269.680725, 1.003977
5, 7,17,57.273991, 55.821091, 128.613541, 75.306732,13.387493, 269.680725, 1.026028
5, 7,18,156.028046, 157.602859, 128.613541, 75.306732,13.387493, 269.680725, 0.990008
5, 7,19,117.508209, 116.420532, 128.613541, 75.306732,13.387493, 269.680725, 1.009343
5, 7,20,97.877617, 97.873703, 128.613541, 75.306732,13.387493, 269.680725, 1.000040
5, 7,21,109.136497, 108.341698, 128.613541, 75.306732,13.387493, 269.680725, 1.007336
5, 7,22,144.098923, 147.134872, 128.613541, 75.306732,13.387493, 269.680725, 0.979366
5, 7,23,149.630920, 150.574936, 128.613541, 75.306732,13.387493, 269.680725, 0.993731
5, 7,24,269.680725, 269.401093, 128.613541, 75.306732,13.387493, 269.680725, 1.001038
5, 7,25,76.921745, 77.602730, 128.613541, 75.306732,13.387493, 269.680725, 0.991225
5, 7,26,251.371719, 251.289398, 128.613541, 75.306732,13.387493, 269.680725, 1.000328
5, 7,27,255.107941, 254.721252, 128.613541, 75.306732,13.387493, 269.680725, 1.001518
5, 7,28,39.499088, 40.123199, 128.613541, 75.306732,13.387493, 269.680725, 0.984445
5, 7,29,13.387493, 14.080467, 128.613541, 75.306732,13.387493, 269.680725, 0.950785
5, 7,30,165.617935, 165.837692, 128.613541, 75.306732,13.387493, 269.680725, 0.998675
5, 7,31,50.443855, 51.223385, 128.613541, 75.306732,13.387493, 269.680725, 0.984782
5, 8,0,214.532776, 215.887177, 128.612610, 75.136749,10.803107, 245.772629, 0.993726
5, 8,1,54.691589, 54.613697, 128.612610, 75.136749,10.803107, 245.772629, 1.001426
5, 8,2,239.098495, 238.323944, 128.612610, 75.136749,10.803107, 245.772629, 1.003250
5, 8,3,133.615036, 133.229111, 128.612610, 75.136749,10.803107, 245.772629, 1.002897
5, 8,4,117.682068, 118.422836, 128.612610, 75.136749,10.803107, 245.772629, 0.993745
5, 8,5,138.631424, 139.769562, 128.612610, 75.136749,10.803107, 245.772629, 0.991857
5, 8,6,225.939163, 227.942978, 128.612610, 75.136749,10.803107, 245.772629, 0.991209
5, 8,7,83.540497, 85.590622, 128.612610, 75.136749,10.803107, 245.772629, 0.976047
5, 8,8,184.698395, 183.921219, 128.612610, 75.136749,10.803107, 245.772629, 1.004226
5, 8,9,170.025513, 170.399963, 128.612610, 75.136749,10.803107, 245.772629, 0.997802
5, 8,10,179.392395, 179.611465, 128.612610, 75.136749,10.803107, 245.772629, 0.998780
5, 8,11,54.948914, 54.194996, 128.612610, 75.136749,10.803107, 245.772629, 1.013911
5, 8,12,233.770172, 234.866028, 128.612610, 75.136749,10.803107, 245.772629, 0.995334
5, 8,13,208.519257, 208.798065, 128.612610, 75.136749,10.803107, 245.772629, 0.998665
5, 8,14,16.947990, 16.035122, 128.612610, 75.136749,10.803107, 245.772629, 1.056929
5, 8,15,60.478218, 60.352837, 128.612610, 75.136749,10.803107, 245.772629, 1.002077
5, 8,16,10.803107, 11.017885, 128.612610, 75.136749,10.803107, 245.772629, 0.980506
5, 8,17,84.851257, 86.832298, 128.612610, 75.136749,10.803107, 245.772629, 0.977185
5, 8,18,131.395187, 131.316055, 128.612610, 75.136749,10.803107, 245.772629, 1.000603
5, 8,19,80.982971, 80.602264, 128.612610, 75.136749,10.803107, 245.772629, 1.004723
5, 8,20,245.772629, 245.918396, 128.612610, 75.136749,10.803107, 245.772629, 0.999407
5, 8,21,227.211700, 227.293259, 128.612610, 75.136749,10.803107, 245.772629, 0.999641
5, 8,22,19.406670, 20.893539, 128.612610, 75.136749,10.803107, 245.772629, 0.928836
5, 8,23,165.975662, 165.057877, 128.612610, 75.136749,10.803107, 245.772629, 1.005560
5, 8,24,95.302155, 93.979156, 128.612610, 75.136749,10.803107, 245.772629, 1.014078
5, 8,25,167.568405, 166.761566, 128.612610, 75.136749,10.803107, 245.772629, 1.004838
5, 8,26,21.841825, 22.221844, 128.612610, 75.136749,10.803107, 245.772629, 0.982899
5, 8,27,212.266357, 212.602509, 128.612610, 75.136749,10.803107, 245.772629, 0.998419
5, 8,28,82.392960, 81.836716, 128.612610, 75.136749,10.803107, 245.772629, 1.006797
5, 8,29,140.226791, 139.300323, 128.612610, 75.136749,10.803107, 245.772629, 1.006651
5, 8,30,22.894098, 23.210854, 128.612610, 75.136749,10.803107, 245.772629, 0.986353
5, 8,31,90.199593, 90.196365, 128.612610, 75.136749,10.803107, 245.772629, 1.000036
5, 9,0,220.656738, 219.946655, 128.804672, 60.788311,12.182654, 220.656738, 1.003228
5, 9,1,74.016769, 73.928009, 128.804672, 60.788311,12.182654, 220.656738, 1.001201
5, 9,2,211.597794, 210.395630, 128.804672, 60.788311,12.182654, 220.656738, 1.005714
5, 9,3,174.942551, 174.983719, 128.804672, 60.788311,12.182654, 220.656738, 0.999765
5, 9,4,218.790985, 217.141373, 128.804672, 60.788311,12.182654, 220.656738, 1.007597
5, 9,5,209.834717, 208.914673, 128.804672, 60.788311,12.182654, 220.656738, 1.004404
5, 9,6,207.733215, 207.779526, 128.804672, 60.788311,12.182654, 220.656738, 0.999777
5, 9,7,49.683285, 50.115658, 128.804672, 60.788311,12.182654, 220.656738, 0.991372
5, 9,8,118.175835, 118.519081, 128.804672, 60.788311,12.182654, 220.656738, 0.997104
5, 9,9,48.469051, 49.339310, 128.804672, 60.788311,12.182654, 220.656738, 0.982362
5, 9,10,196.458252, 196.056030, 128.804672, 60.788311,12.182654, 220.656738, 1.002052
5, 9,11,72.208900, 72.277451, 128.804672, 60.788311,12.182654, 220.656738, 0.999052
5, 9,12,52.752007, 54.747654, 128.804672, 60.788311,12.182654, 220.656738, 0.963548
5, 9,13,128.018326, 127.724350, 128.804672, 60.788311,12.182654, 220.656738, 1.002302
5, 9,14,186.374054, 186.544128, 128.804672, 60.788311,12.182654, 220.656738, 0.999088
5, 9,15,191.615402, 190.928192, 128.804672, 60.788311,12.182654, 220.656738, 1.003599
5, 9,16,121.482376, 120.352310, 128.804672, 60.788311,12.182654, 220.656738, 1.009390
5, 9,17,12.182654, 11.128640, 128.804672, 60.788311,12.182654, 220.656738, 1.094712
5, 9,18,108.382347, 109.059387, 128.804672, 60.788311,12.182654, 220.656738, 0.993792
5, 9,19,127.959503, 127.345970, 128.804672, 60.788311,12.182654, 220.656738, 1.004818
5, 9,20,161.301086, 160.787643, 128.804672, 60.788311,12.182654, 220.656738, 1.003193
5, 9,21,35.668427, 35.515099, 128.804672, 60.788311,12.182654, 220.656738, 1.004317
5, 9,22,85.527092, 86.910629, 128.804672, 60.788311,12.182654, 220.656738, 0.984081
5, 9,23,72.830009, 72.884186, 128.804672, 60.788311,12.182654, 220.656738, 0.999257
5, 9,24,163.074112, 162.868774, 128.804672, 60.788311,12.182654, 220.656738, 1.001261
5, 9,25,161.330933, 161.218216, 128.804672, 60.788311,12.182654, 220.656738, 1.000699
5, 9,26,155.166229, 156.129562, 128.804672, 60.788311,12.182654, 220.656738, 0.993830
5, 9,27,61.191883, 61.526016, 128.804672, 60.788311,12.182654, 220.656738, 0.994569
5, 9,28,132.884659, 132.871735, 128.804672, 60.788311,12.182654, 220.656738, 1.000097
5, 9,29,151.187119, 151.549759, 128.804672, 60.788311,12.182654, 220.656738, 0.997607
5, 9,30,76.496696, 76.968163, 128.804672, 60.788311,12.182654, 220.656738, 0.993875
5, 9,31,133.756516, 134.541870, 128.804672, 60.788311,12.182654, 220.656738, 0.994163
5, 10,0,186.096436, 184.581726, 128.573425, 68.532700,13.343657, 245.141373, 1.008206
5, 10,1,42.763744, 43.081215, 128.573425, 68.532700,13.343657, 245.141373, 0.992631
5, 10,2,234.314880, 232.911255, 128.573425, 68.532700,13.343657, 245.141373, 1.006026
5, 10,3,113.286583, 113.724091, 128.573425, 68.532700,13.343657, 245.141373, 0.996153
5, 10,4,245.141373, 245.426865, 128.573425, 68.532700,13.343657, 245.141373, 0.998837
5, 10,5,185.972534, 186.025833, 128.573425, 68.532700,13.343657, 245.141373, 0.999713
5, 10,6,19.522150, 18.649845, 128.573425, 68.532700,13.343657, 245.141373, 1.046773
5, 10,7,180.518265, 179.568085, 128.573425, 68.532700,13.343657, 245.141373, 1.005291
5, 10,8,122.572403, 122.181381, 128.573425, 68.532700,13.343657, 245.141373, 1.003200
5, 10,9,205.773270, 206.376663, 128.573425, 68.532700,13.343657, 245.141373, 0.997076
5, 10,10,172.238174, 172.080933, 128.573425, 68.532700,13.343657, 245.141373, 1.000914
5, 10,11,120.191605, 120.952042, 128.573425, 68.532700,13.343657, 245.141373, 0.993713
5, 10,12,80.814812, 83.153404, 128.573425, 68.532700,13.343657, 245.141373, 0.971876
5, 10,13,179.793686, 181.819412, 128.573425, 68.532700,13.343657, 245.141373, 0.988859
5, 10,14,116.566917, 117.567642, 128.573425, 68.532700,13.343657, 245.141373, 0.991488
5, 10,15,143.874603, 144.391052, 128.573425, 68.532700,13.343657, 245.141373, 0.996423
5, 10,16,65.760468, 65.801872, 128.573425, 68.532700,13.343657, 245.141373, 0.999371
5, 10,17,205.366837, 206.258179, 128.573425, 68.532700,13.343657, 245.141373, 0.995678
5, 10,18,218.346390, 218.566437, 128.573425, 68.532700,13.343657, 245.141373, 0.998993
5, 10,19,13.343657, 14.680396, 128.573425, 68.532700,13.343657, 245.141373, 0.908944
5, 10,20,30.859047, 30.321213, 128.573425, 68.532700,13.343657, 245.141373, 1.017738
5, 10,21,89.567917, 87.352425, 128.573425, 68.532700,13.343657, 245.141373, 1.025363
5, 10,22,167.045975, 167.348679, 128.573425, 68.532700,13.343657, 245.141373, 0.998191
5, 10,23,33.228001, 33.290894, 128.573425, 68.532700,13.343657, 245.141373, 0.998111
5, 10,24,87.705223, 88.137428, 128.573425, 68.532700,13.343657, 245.141373, 0.995096
5, 10,25,204.582352, 204.754837, 128.573425, 68.532700,13.343657, 245.141373, 0.999158
5, 10,26,199.987503, 201.933258, 128.573425, 68.532700,13.343657, 245.141373, 0.990364
5, 10,27,88.537247, 87.270966, 128.573425, 68.532700,13.343657, 245.141373, 1.014510
5, 10,28,109.412437, 109.465820, 128.573425, 68.532700,13.343657, 245.141373, 0.999512
5, 10,29,47.555969, 48.331852, 128.573425, 68.532700,13.343657, 245.141373, 0.983947
5, 10,30,60.282207, 61.728741, 128.573425, 68.532700,13.343657, 245.141373, 0.976566
5, 10,31,143.326675, 143.265381, 128.573425, 68.532700,13.343657, 245.141373, 1.000428
5, 11,0,107.070000, 107.499176, 128.949432, 85.004021,17.810455, 281.248810, 0.996008
5, 11,1,64.490128, 64.480667, 128.949432, 85.004021,17.810455, 281.248810, 1.000147
5, 11,2,212.012543, 211.711151, 128.949432, 85.004021,17.810455, 281.248810, 1.001424
5, 11,3,118.099152, 118.934807, 128.949432, 85.004021,17.810455, 281.248810, 0.992974
5, 11,4,25.910137, 23.938560, 128.949432, 85.004021,17.810455, 281.248810, 1.082360
5, 11,5,132.007889, 133.103333, 128.949432, 85.004021,17.810455, 281.248810, 0.991770
5, 11,6,18.067719, 18.225166, 128.949432, 85.004021,17.810455, 281.248810, 0.991361
5, 11,7,236.477173, 234.891953, 128.949432, 85.004021,17.810455, 281.248810, 1.006749
5, 11,8,32.582874, 33.154282, 128.949432, 85.004021,17.810455, 281.248810, 0.982765
5, 11,9,113.436119, 114.778000, 128.949432, 85.004021,17.810455, 281.248810, 0.988309
5, 11,10,281.248810, 281.306641, 128.949432, 85.004021,17.810455, 281.248810, 0.999794
5, 11,11,141.575806, 141.929901, 128.949432, 85.004021,17.810455, 281.248810, 0.997505
5, 11,12,59.155334, 57.750183, 128.949432, 85.004021,17.810455, 281.248810, 1.024332
5, 11,13,228.315170, 227.109024, 128.949432, 85.004021,17.810455, 281.248810, 1.005311
5, 11,14,247.314301, 246.937851, 128.949432, 85.004021,17.810455, 281.248810, 1.001524
5, 11,15,230.736343, 232.035263, 128.949432, 85.004021,17.810455, 281.248810, 0.994402
5, 11,16,41.207340, 39.805172, 128.949432, 85.004021,17.810455, 281.248810, 1.035226
5, 11,17,42.609104, 42.838757, 128.949432, 85.004021,17.810455, 281.248810, 0.994639
5, 11,18,247.395035, 246.672531, 128.949432, 85.004021,17.810455, 281.248810, 1.002929
5, 11,19,187.302963, 187.690125, 128.949432, 85.004021,17.810455, 281.248810, 0.997937
5, 11,20,205.479904, 204.706497, 128.949432, 85.004021,17.810455, 281.248810, 1.003778
5, 11,21,52.327984, 53.124634, 128.949432, 85.004021,17.810455, 281.248810, 0.985004
5, 11,22,88.237717, 87.007011, 128.949432, 85.004021,17.810455, 281.248810, 1.014145
5, 11,23,82.813866, 82.363777, 128.949432, 85.004021,17.810455, 281.248810, 1.005465
5, 11,24,258.870178, 259.116394, 128.949432, 85.004021,17.810455, 281.248810, 0.999050
5, 11,25,52.582130, 52.523228, 128.949432, 85.004021,17.810455, 281.248810, 1.001121
5, 11,26,17.810455, 18.180946, 128.949432, 85.004021,17.810455, 281.248810, 0.979622
5, 11,27,120.479538, 118.696014, 128.949432, 85.004021,17.810455, 281.248810, 1.015026
5, 11,28,67.885643, 67.921089, 128.949432, 85.004021,17.810455, 281.248810, 0.999478
5, 11,29,41.804314, 42.281567, 128.949432, 85.004021,17.810455, 281.248810, 0.988712
5, 11,30,235.038055, 234.122513, 128.949432, 85.004021,17.810455, 281.248810, 1.003911
5, 11,31,136.037704, 136.163437, 128.949432, 85.004021,17.810455, 281.248810, 0.999077
5, 12,0,123.851807, 123.454193, 128.781525, 63.564529,20.121655, 233.314087, 1.003221
5, 12,1,176.792068, 176.158188, 128.781525, 63.564529,20.121655, 233.314087, 1.003598
5, 12,2,172.492477, 173.976486, 128.781525, 63.564529,20.121655, 233.314087, 0.991470
5, 12,3,131.969711, 133.275253, 128.781525, 63.564529,20.121655, 233.314087, 0.990204
5, 12,4,170.981705, 169.816589, 128.781525, 63.564529,20.121655, 233.314087, 1.006861
5, 12,5,194.523712, 194.200851, 128.781525, 63.564529,20.121655, 233.314087, 1.001662
5, 12,6,201.783737, 202.001587, 128.781525, 63.564529,20.121655, 233.314087, 0.998922
5, 12,7,213.133957, 210.833511, 128.781525, 63.564529,20.121655, 233.314087, 1.010911
5, 12,8,67.683899, 66.884941, 128.781525, 63.564529,20.121655, 233.314087, 1.011945
5, 12,9,108.162399, 108.848892, 128.781525, 63.564529,20.121655, 233.314087, 0.993693
5, 12,10,45.738743, 46.253712, 128.781525, 63.564529,20.121655, 233.314087, 0.988866
5, 12,11,29.970860, 30.091066, 128.781525, 63.564529,20.121655, 233.314087, 0.996005
5, 12,12,157.062119, 157.848923, 128.781525, 63.564529,20.121655, 233.314087, 0.995015
5, 12,13,101.063431, 100.122185, 128.781525, 63.564529,20.121655, 233.314087, 1.009401
5, 12,14,20.121655, 20.255985, 128.781525, 63.564529,20.121655, 233.314087, 0.993368
5, 12,15,112.787880, 112.426559, 128.781525, 63.564529,20.121655, 233.314087, 1.003214
5, 12,16,125.030525, 124.562576, 128.781525, 63.564529,20.121655, 233.314087, 1.003757
5, 12,17,26.780655, 28.035660, 128.781525, 63.564529,20.121655, 233.314087, 0.955235
5, 12,18,35.582302, 34.510540, 128.781525, 63.564529,20.121655, 233.314087, 1.031056
5, 12,19,71.699173, 70.967690, 128.781525, 63.564529,20.121655, 233.314087, 1.010307
5, 12,20,219.894653, 220.380981, 128.781525, 63.564529,20.121655, 233.314087, 0.997793
5, 12,21,131.448563, 130.195663, 128.781525, 63.564529,20.121655, 233.314087, 1.009623
5, 12,22,177.112000, 175.898636, 128.781525, 63.564529,20.121655, 233.314087, 1.006898
5, 12,23,119.641190, 119.252197, 128.781525, 63.564529,20.121655, 233.314087, 1.003262
5, 12,24,106.611656, 106.063919, 128.781525, 63.564529,20.121655, 233.314087, 1.005164
5, 12,25,174.226608, 175.421585, 128.781525, 63.564529,20.121655, 233.314087, 0.993188
5, 12,26,170.976395, 172.356033, 128.781525, 63.564529,20.121655, 233.314087, 0.991995
5, 12,27,175.904205, 177.477005, 128.781525, 63.564529,20.121655, 233.314087, 0.991138
5, 12,28,64.260178, 65.594170, 128.781525, 63.564529,20.121655, 233.314087, 0.979663
5, 12,29,211.643677, 212.538162, 128.781525, 63.564529,20.121655, 233.314087, 0.995791
5, 12,30,48.763138, 48.582706, 128.781525, 63.564529,20.121655, 233.314087, 1.003714
5, 12,31,233.314087, 232.713409, 128.781525, 63.564529,20.121655, 233.314087, 1.002581
5, 13,0,73.977943, 73.867599, 128.747833, 70.768028,16.057079, 251.583771, 1.001494
5, 13,1,206.550919, 206.213440, 128.747833, 70.768028,16.057079, 251.583771, 1.001637
5, 13,2,27.530323, 27.473497, 128.747833, 70.768028,16.057079, 251.583771, 1.002068
5, 13,3,222.680618, 223.126678, 128.747833, 70.768028,16.057079, 251.583771, 0.998001
5, 13,4,86.301338, 86.972725, 128.747833, 70.768028,16.057079, 251.583771, 0.992280
5, 13,5,235.989380, 235.520142, 128.747833, 70.768028,16.057079, 251.583771, 1.001992
5, 13,6,146.269608, 145.063782, 128.747833, 70.768028,16.057079, 251.583771, 1.008312
5, 13,7,251.583771, 252.486404, 128.747833, 70.768028,16.057079, 251.583771, 0.996425
5, 13,8,73.562706, 74.049294, 128.747833, 70.768028,16.057079, 251.583771, 0.993429
5, 13,9,106.977104, 105.536415, 128.747833, 70.768028,16.057079, 251.583771, 1.013651
5, 13,10,126.963814, 126.984612, 128.747833, 70.768028,16.057079, 251.583771, 0.999836
5, 13,11,55.998875, 56.378960, 128.747833, 70.768028,16.057079, 251.583771, 0.993258
5, 13,12,130.802536, 130.823029, 128.747833, 70.768028,16.057079, 251.583771, 0.999843
5, 13,13,168.095474, 167.798996, 128.747833, 70.768028,16.057079, 251.583771, 1.001767
5, 13,14,103.438049, 103.446869, 128.747833, 70.768028,16.057079, 251.583771, 0.999915
5, 13,15,31.220585, 31.198349, 128.747833, 70.768028,16.057079, 251.583771, 1.000713
5, 13,16,57.623051, 56.227547, 128.747833, 70.768028,16.057079, 251.583771, 1.024819
5, 13,17,170.106979, 169.971817, 128.747833, 70.768028,16.057079, 251.583771, 1.000795
5, 13,18,47.407963, 49.035244, 128.747833, 70.768028,16.057079, 251.583771, 0.966814
5, 13,19,242.686020, 243.605804, 128.747833, 70.768028,16.057079, 251.583771, 0.996224
5, 13,20,51.738895, 51.086945, 128.747833, 70.768028,16.057079, 251.583771, 1.012762
5, 13,21,168.000366, 167.670288, 128.747833, 70.768028,16.057079, 251.583771, 1.001969
5, 13,22,180.028320, 179.344543, 128.747833, 70.768028,16.057079, 251.583771, 1.003813
5, 13,23,16.057079, 15.935537, 128.747833, 70.768028,16.057079, 251.583771, 1.007627
5, 13,24,131.900574, 132.390182, 128.747833, 70.768028,16.057079, 251.583771, 0.996302
5, 13,25,79.416451, 80.022690, 128.747833, 70.768028,16.057079, 251.583771, 0.992424
5, 13,26,205.937210, 206.516266, 128.747833, 70.768028,16.057079, 251.583771, 0.997196
5, 13,27,190.680710, 190.556946, 128.747833, 70.768028,16.057079, 251.583771, 1.000649
5, 13,28,193.190277, 193.373291, 128.747833, 70.768028,16.057079, 251.583771, 0.999054
5, 13,29,36.502155, 36.550934, 128.747833, 70.768028,16.057079, 251.583771, 0.998665
5, 13,30,188.511337, 190.360092, 128.747833, 70.768028,16.057079, 251.583771, 0.990288
5, 13,31,112.199982, 111.411392, 128.747833, 70.768028,16.057079, 251.583771, 1.007078
5, 14,0,31.119724, 31.476519, 128.492996, 58.579678,20.236488, 219.498123, 0.988665
5, 14,1,57.103874, 57.548191, 128.492996, 58.579678,20.236488, 219.498123, 0.992279
5, 14,2,120.934776, 121.309235, 128.492996, 58.579678,20.236488, 219.498123, 0.996913
5, 14,3,80.319183, 79.336250, 128.492996, 58.579678,20.236488, 219.498123, 1.012389
5, 14,4,51.823158, 52.128765, 128.492996, 58.579678,20.236488, 219.498123, 0.994137
5, 14,5,29.519758, 27.679672, 128.492996, 58.579678,20.236488, 219.498123, 1.066478
5, 14,6,93.374207, 95.120743, 128.492996, 58.579678,20.236488, 219.498123, 0.981639
5, 14,7,138.836548, 138.476166, 128.492996, 58.579678,20.236488, 219.498123, 1.002602
5, 14,8,183.094788, 182.584473, 128.492996, 58.579678,20.236488, 219.498123, 1.002795
5, 14,9,90.736099, 90.467171, 128.492996, 58.579678,20.236488, 219.498123, 1.002973
5, 14,10,152.946091, 153.085922, 128.492996, 58.579678,20.236488, 219.498123, 0.999087
5, 14,11,141.170715, 141.520142, 128.492996, 58.579678,20.236488, 219.498123, 0.997531
5, 14,12,84.018898, 85.028267, 128.492996, 58.579678,20.236488, 219.498123, 0.988129
5, 14,13,171.194504, 171.985779, 128.492996, 58.579678,20.236488, 219.498123, 0.995399
5, 14,14,56.143753, 57.243145, 128.492996, 58.579678,20.236488, 219.498123, 0.980794
5, 14,15,160.778046, 161.101486, 128.492996, 58.579678,20.236488, 219.498123, 0.997992
5, 14,16,82.544281, 82.892952, 128.492996, 58.579678,20.236488, 219.498123, 0.995794
5, 14,17,121.545441, 123.645767, 128.492996, 58.579678,20.236488, 219.498123, 0.983013
5, 14,18,20.236488, 21.286694, 128.492996, 58.579678,20.236488, 219.498123, 0.950664
5, 14,19,146.698593, 146.056885, 128.492996, 58.579678,20.236488, 219.498123, 1.004394
5, 14,20,153.978088, 154.864273, 128.492996, 58.579678,20.236488, 219.498123, 0.994278
5, 14,21,213.407562, 214.724625, 128.492996, 58.579678,20.236488, 219.498123, 0.993866
5, 14,22,214.967575, 216.502975, 128.492996, 58.579678,20.236488, 219.498123, 0.992908
5, 14,23,154.384735, 154.221725, 128.492996, 58.579678,20.236488, 219.498123, 1.001057
5, 14,24,219.498123, 220.228424, 128.492996, 58.579678,20.236488, 219.498123, 0.996684
5, 14,25,92.899605, 90.149147, 128.492996, 58.579678,20.236488, 219.498123, 1.030510
5, 14,26,201.742355, 203.347061, 128.492996, 58.579678,20.236488, 219.498123, 0.992109
5, 14,27,170.011383, 170.129547, 128.492996, 58.579678,20.236488, 219.498123, 0.999305
5, 14,28,179.716248, 180.455658, 128.492996, 58.579678,20.236488, 219.498123, 0.995903
5, 14,29,160.906845, 161.049561, 128.492996, 58.579678,20.236488, 219.498123, 0.999114
5, 14,30,209.910004, 209.370102, 128.492996, 58.579678,20.236488, 219.498123, 1.002579
5, 14,31,126.214188, 125.982277, 128.492996, 58.579678,20.236488, 219.498123, 1.001841
5, 15,0,216.765610, 217.019440, 128.698608, 60.717285,13.414170, 227.978409, 0.998830
5, 15,1,152.826202, 155.125519, 128.698608, 60.717285,13.414170, 227.978409, 0.985178
5, 15,2,122.013611, 121.031403, 128.698608, 60.717285,13.414170, 227.978409, 1.008115
5, 15,3,227.978409, 227.698746, 128.698608, 60.717285,13.414170, 227.978409, 1.001228
5, 15,4,140.394928, 140.606674, 128.698608, 60.717285,13.414170, 227.978409, 0.998494
5, 15,5,226.014420, 225.418823, 128.698608, 60.717285,13.414170, 227.978409, 1.002642
5, 15,6,193.757111, 194.101196, 128.698608, 60.717285,13.414170, 227.978409, 0.998227
5, 15,7,194.207840, 193.737534, 128.698608, 60.717285,13.414170, 227.978409, 1.002428
5, 15,8,13.414170, 13.014269, 128.698608, 60.717285,13.414170, 227.978409, 1.030728
5, 15,9,89.163536, 88.524857, 128.698608, 60.717285,13.414170, 227.978409, 1.007215
5, 15,10,58.591682, 58.780804, 128.698608, 60.717285,13.414170, 227.978409, 0.996783
5, 15,11,73.554268, 73.600372, 128.698608, 60.717285,13.414170, 227.978409, 0.999374
5, 15,12,193.407043, 194.052246, 128.698608, 60.717285,13.414170, 227.978409, 0.996675
5, 15,13,85.119835, 85.769356, 128.698608, 60.717285,13.414170, 227.978409, 0.992427
5, 15,14,45.275757, 43.394741, 128.698608, 60.717285,13.414170, 227.978409, 1.043347
5, 15,15,210.704193, 210.865005, 128.698608, 60.717285,13.414170, 227.978409, 0.999237
5, 15,16,135.884033, 136.018829, 128.698608, 60.717285,13.414170, 227.978409, 0.999009
5, 15,17,69.175026, 67.334053, 128.698608, 60.717285,13.414170, 227.978409, 1.027341
5, 15,18,132.579224, 132.438065, 128.698608, 60.717285,13.414170, 227.978409, 1.001066
5, 15,19,98.965187, 98.931427, 128.698608, 60.717285,13.414170, 227.978409, 1.000341
5, 15,20,152.966125, 153.482010, 128.698608, 60.717285,13.414170, 227.978409, 0.996639
5, 15,21,68.087234, 69.858765, 128.698608, 60.717285,13.414170, 227.978409, 0.974641
5, 15,22,140.553925, 139.606583, 128.698608, 60.717285,13.414170, 227.978409, 1.006786
5, 15,23,182.117661, 182.239944, 128.698608, 60.717285,13.414170, 227.978409, 0.999329
5, 15,24,56.515926, 58.612953, 128.698608, 60.717285,13.414170, 227.978409, 0.964222
5, 15,25,84.471481, 84.909134, 128.698608, 60.717285,13.414170, 227.978409, 0.994846
5, 15,26,86.622208, 87.161087, 128.698608, 60.717285,13.414170, 227.978409, 0.993817
5, 15,27,58.425022, 59.340298, 128.698608, 60.717285,13.414170, 227.978409, 0.984576
5, 15,28,112.012550, 111.904671, 128.698608, 60.717285,13.414170, 227.978409, 1.000964
5, 15,29,214.414871, 214.690536, 128.698608, 60.717285,13.414170, 227.978409, 0.998716
5, 15,30,111.435722, 111.275238, 128.698608, 60.717285,13.414170, 227.978409, 1.001442
5, 15,31,170.940872, 170.455627, 128.698608, 60.717285,13.414170, 227.978409, 1.002847
5, 16,0,270.920624, 270.485321, 128.718445, 87.775513,12.220716, 283.193176, 1.001609
5, 16,1,122.562538, 123.484802, 128.718445, 87.775513,12.220716, 283.193176, 0.992531
5, 16,2,17.269016, 16.159193, 128.718445, 87.775513,12.220716, 283.193176, 1.068681
5, 16,3,223.725449, 222.542374, 128.718445, 87.775513,12.220716, 283.193176, 1.005316
5, 16,4,157.787308, 158.942001, 128.718445, 87.775513,12.220716, 283.193176, 0.992735
5, 16,5,112.178932, 113.476105, 128.718445, 87.775513,12.220716, 283.193176, 0.988569
5, 16,6,94.765839, 95.182640, 128.718445, 87.775513,12.220716, 283.193176, 0.995621
5, 16,7,51.543442, 51.072445, 128.718445, 87.775513,12.220716, 283.193176, 1.009222
5, 16,8,112.062904, 112.848480, 128.718445, 87.775513,12.220716, 283.193176, 0.993039
5, 16,9,282.187073, 282.042175, 128.718445, 87.775513,12.220716, 283.193176, 1.000514
5, 16,10,65.228401, 64.687943, 128.718445, 87.775513,12.220716, 283.193176, 1.008355
5, 16,11,34.797813, 35.030090, 128.718445, 87.775513,12.220716, 283.193176, 0.993369
5, 16,12,94.049583, 94.220268, 128.718445, 87.775513,12.220716, 283.193176, 0.998188
5, 16,13,59.900757, 60.989079, 128.718445, 87.775513,12.220716, 283.193176, 0.982155
5, 16,14,248.021439, 248.116409, 128.718445, 87.775513,12.220716, 283.193176, 0.999617
5, 16,15,194.012589, 193.930557, 128.718445, 87.775513,12.220716, 283.193176, 1.000423
5, 16,16,228.613632, 228.366806, 128.718445, 87.775513,12.220716, 283.193176, 1.001081
5, 16,17,31.733843, 31.055067, 128.718445, 87.775513,12.220716, 283.193176, 1.021857
5, 16,18,283.193176, 283.581970, 128.718445, 87.775513,12.220716, 283.193176, 0.998629
5, 16,19,78.247711, 77.567009, 128.718445, 87.775513,12.220716, 283.193176, 1.008776
5, 16,20,29.124540, 29.481794, 128.718445, 87.775513,12.220716, 283.193176, 0.987882
5, 16,21,165.615616, 166.197464, 128.718445, 87.775513,12.220716, 283.193176, 0.996499
5, 16,22,175.202301, 174.900681, 128.718445, 87.775513,12.220716, 283.193176, 1.001724
5, 16,23,34.600872, 34.486137, 128.718445, 87.775513,12.220716, 283.193176, 1.003327
5, 16,24,251.901962, 251.145782, 128.718445, 87.775513,12.220716, 283.193176, 1.003011
5, 16,25,75.109207, 75.014633, 128.718445, 87.775513,12.220716, 283.193176, 1.001261
5, 16,26,12.220716, 12.945701, 128.718445, 87.775513,12.220716, 283.193176, 0.943998
5, 16,27,163.013336, 162.883545, 128.718445, 87.775513,12.220716, 283.193176, 1.000797
5, 16,28,172.722382, 172.005173, 128.718445, 87.775513,12.220716, 283.193176, 1.004170
5, 16,29,46.528275, 48.252270, 128.718445, 87.775513,12.220716, 283.193176, 0.964271
5, 16,30,20.637924, 20.845535, 128.718445, 87.775513,12.220716, 283.193176, 0.990040
5, 16,31,209.510498, 209.060760, 128.718445, 87.775513,12.220716, 283.193176, 1.002151
5, 17,0,246.666687, 244.748260, 128.636856, 79.196152,9.820622, 260.382690, 1.007838
5, 17,1,195.965912, 196.417068, 128.636856, 79.196152,9.820622, 260.382690, 0.997703
5, 17,2,226.440002, 227.052444, 128.636856, 79.196152,9.820622, 260.382690, 0.997303
5, 17,3,229.404968, 230.786789, 128.636856, 79.196152,9.820622, 260.382690, 0.994013
5, 17,4,46.858341, 45.622173, 128.636856, 79.196152,9.820622, 260.382690, 1.027096
5, 17,5,153.534821, 154.570999, 128.636856, 79.196152,9.820622, 260.382690, 0.993296
5, 17,6,169.950775, 169.946320, 128.636856, 79.196152,9.820622, 260.382690, 1.000026
5, 17,7,200.678864, 201.035034, 128.636856, 79.196152,9.820622, 260.382690, 0.998228
5, 17,8,214.169907, 215.334625, 128.636856, 79.196152,9.820622, 260.382690, 0.994591
5, 17,9,217.144592, 216.971283, 128.636856, 79.196152,9.820622, 260.382690, 1.000799
5, 17,10,110.203796, 109.805092, 128.636856, 79.196152,9.820622, 260.382690, 1.003631
5, 17,11,13.492485, 14.518084, 128.636856, 79.196152,9.820622, 260.382690, 0.929357
5, 17,12,70.932732, 70.425537, 128.636856, 79.196152,9.820622, 260.382690, 1.007202
5, 17,13,123.785294, 123.789642, 128.636856, 79.196152,9.820622, 260.382690, 0.999965
5, 17,14,76.696953, 77.294868, 128.636856, 79.196152,9.820622, 260.382690, 0.992265
5, 17,15,186.120911, 189.163544, 128.636856, 79.196152,9.820622, 260.382690, 0.983915
5, 17,16,132.017181, 130.036575, 128.636856, 79.196152,9.820622, 260.382690, 1.015231
5, 17,17,32.576561, 30.093180, 128.636856, 79.196152,9.820622, 260.382690, 1.082523
5, 17,18,135.364197, 134.946533, 128.636856, 79.196152,9.820622, 260.382690, 1.003095
5, 17,19,88.117622, 87.007210, 128.636856, 79.196152,9.820622, 260.382690, 1.012762
5, 17,20,260.239227, 259.962219, 128.636856, 79.196152,9.820622, 260.382690, 1.001066
5, 17,21,61.182083, 62.226898, 128.636856, 79.196152,9.820622, 260.382690, 0.983210
5, 17,22,100.578545, 103.066383, 128.636856, 79.196152,9.820622, 260.382690, 0.975862
5, 17,23,26.788416, 26.981234, 128.636856, 79.196152,9.820622, 260.382690, 0.992854
5, 17,24,38.828377, 38.107399, 128.636856, 79.196152,9.820622, 260.382690, 1.018920
5, 17,25,260.382690, 260.131287, 128.636856, 79.196152,9.820622, 260.382690, 1.000966
5, 17,26,141.156937, 141.739029, 128.636856, 79.196152,9.820622, 260.382690, 0.995893
5, 17,27,74.691978, 73.821777, 128.636856, 79.196152,9.820622, 260.382690, 1.011788
5, 17,28,27.129826, 27.188698, 128.636856, 79.196152,9.820622, 260.382690, 0.997835
5, 17,29,63.544220, 63.886604, 128.636856, 79.196152,9.820622, 260.382690, 0.994641
5, 17,30,181.913528, 182.624619, 128.636856, 79.196152,9.820622, 260.382690, 0.996106
5, 17,31,9.820622, 11.698124, 128.636856, 79.196152,9.820622, 260.382690, 0.839504
5, 18,0,255.123489, 255.439240, 128.890610, 67.821877,22.927324, 266.934235, 0.998764
5, 18,1,158.110962, 157.261963, 128.890610, 67.821877,22.927324, 266.934235, 1.005399
5, 18,2,110.253639, 109.472313, 128.890610, 67.821877,22.927324, 266.934235, 1.007137
5, 18,3,102.764351, 103.684174, 128.890610, 67.821877,22.927324, 266.934235, 0.991129
5, 18,4,85.978455, 86.288162, 128.890610, 67.821877,22.927324, 266.934235, 0.996411
5, 18,5,266.934235, 266.344330, 128.890610, 67.821877,22.927324, 266.934235, 1.002215
5, 18,6,175.337585, 177.303314, 128.890610, 67.821877,22.927324, 266.934235, 0.988913
5, 18,7,79.289444, 79.986748, 128.890610, 67.821877,22.927324, 266.934235, 0.991282
5, 18,8,180.936310, 180.493500, 128.890610, 67.821877,22.927324, 266.934235, 1.002453
5, 18,9,38.776695, 38.230015, 128.890610, 67.821877,22.927324, 266.934235, 1.014300
5, 18,10,67.423744, 67.952469, 128.890610, 67.821877,22.927324, 266.934235, 0.992219
5, 18,11,22.927324, 22.160622, 128.890610, 67.821877,22.927324, 266.934235, 1.034598
5, 18,12,236.676117, 238.540726, 128.890610, 67.821877,22.927324, 266.934235, 0.992183
5, 18,13,148.246445, 148.196762, 128.890610, 67.821877,22.927324, 266.934235, 1.000335
5, 18,14,106.291557, 107.261284, 128.890610, 67.821877,22.927324, 266.934235, 0.990959
5, 18,15,48.887749, 48.463890, 128.890610, 67.821877,22.927324, 266.934235, 1.008746
5, 18,16,110.194496, 111.493813, 128.890610, 67.821877,22.927324, 266.934235, 0.988346
5, 18,17,38.371368, 37.471951, 128.890610, 67.821877,22.927324, 266.934235, 1.024002
5, 18,18,202.430054, 201.277100, 128.890610, 67.821877,22.927324, 266.934235, 1.005728
5, 18,19,189.109299, 188.208389, 128.890610, 67.821877,22.927324, 266.934235, 1.004787
5, 18,20,83.796249, 80.981712, 128.890610, 67.821877,22.927324, 266.934235, 1.034755
5, 18,21,212.698288, 210.658157, 128.890610, 67.821877,22.927324, 266.934235, 1.009685
5, 18,22,92.081429, 92.257927, 128.890610, 67.821877,22.927324, 266.934235, 0.998087
5, 18,23,161.871048, 163.579178, 128.890610, 67.821877,22.927324, 266.934235, 0.989558
5, 18,24,122.773903, 122.912163, 128.890610, 67.821877,22.927324, 266.934235, 0.998875
5, 18,25,79.700706, 78.107384, 128.890610, 67.821877,22.927324, 266.934235, 1.020399
5, 18,26,42.650845, 41.680790, 128.890610, 67.821877,22.927324, 266.934235, 1.023273
5, 18,27,219.901764, 219.154800, 128.890610, 67.821877,22.927324, 266.934235, 1.003408
5, 18,28,165.672989, 168.277603, 128.890610, 67.821877,22.927324, 266.934235, 0.984522
5, 18,29,52.382191, 52.167355, 128.890610, 67.821877,22.927324, 266.934235, 1.004118
5, 18,30,136.473953, 137.228546, 128.890610, 67.821877,22.927324, 266.934235, 0.994501
5, 18,31,130.432480, 128.463409, 128.890610, 67.821877,22.927324, 266.934235, 1.015328
5, 19,0,121.738503, 122.124062, 128.863556, 57.541897,21.392523, 214.173462, 0.996843
5, 19,1,152.943756, 152.239838, 128.863556, 57.541897,21.392523, 214.173462, 1.004624
5, 19,2,149.287750, 149.836838, 128.863556, 57.541897,21.392523, 214.173462, 0.996335
5, 19,3,92.134666, 92.198898, 128.863556, 57.541897,21.392523, 214.173462, 0.999303
5, 19,4,197.756165, 197.243332, 128.863556, 57.541897,21.392523, 214.173462, 1.002600
5, 19,5,93.345200, 92.158058, 128.863556, 57.541897,21.392523, 214.173462, 1.012882
5, 19,6,91.176910, 92.580109, 128.863556, 57.541897,21.392523, 214.173462, 0.984843
5, 19,7,202.828430, 201.409424, 128.863556, 57.541897,21.392523, 214.173462, 1.007045
5, 19,8,152.147751, 151.865433, 128.863556, 57.541897,21.392523, 214.173462, 1.001859
5, 19,9,214.173462, 213.254242, 128.863556, 57.541897,21.392523, 214.173462, 1.004310
5, 19,10,177.902176, 179.196991, 128.863556, 57.541897,21.392523, 214.173462, 0.992774
5, 19,11,55.488617, 54.438461, 128.863556, 57.541897,21.392523, 214.173462, 1.019291
5, 19,12,105.089600, 104.710838, 128.863556, 57.541897,21.392523, 214.173462, 1.003617
5, 19,13,37.326511, 36.575943, 128.863556, 57.541897,21.392523, 214.173462, 1.020521
5, 19,14,95.362381, 95.636627, 128.863556, 57.541897,21.392523, 214.173462, 0.997132
5, 19,15,157.513855, 157.876328, 128.863556, 57.541897,21.392523, 214.173462, 0.997704
5, 19,16,176.682541, 177.311356, 128.863556, 57.541897,21.392523, 214.173462, 0.996454
5, 19,17,184.459671, 184.901566, 128.863556, 57.541897,21.392523, 214.173462, 0.997610
5, 19,18,30.534763, 30.551426, 128.863556, 57.541897,21.392523, 214.173462, 0.999455
5, 19,19,131.712326, 132.362335, 128.863556, 57.541897,21.392523, 214.173462, 0.995089
5, 19,20,166.993011, 167.263702, 128.863556, 57.541897,21.392523, 214.173462, 0.998382
5, 19,21,44.752258, 44.765202, 128.863556, 57.541897,21.392523, 214.173462, 0.999711
5, 19,22,21.392523, 21.130039, 128.863556, 57.541897,21.392523, 214.173462, 1.012422
5, 19,23,34.623234, 33.710045, 128.863556, 57.541897,21.392523, 214.173462, 1.027089
5, 19,24,185.377625, 185.663986, 128.863556, 57.541897,21.392523, 214.173462, 0.998458
5, 19,25,121.259003, 120.381386, 128.863556, 57.541897,21.392523, 214.173462, 1.007290
5, 19,26,168.401382, 169.040421, 128.863556, 57.541897,21.392523, 214.173462, 0.996220
5, 19,27,178.775009, 179.176575, 128.863556, 57.541897,21.392523, 214.173462, 0.997759
5, 19,28,202.351349, 202.273956, 128.863556, 57.541897,21.392523, 214.173462, 1.000383
5, 19,29,80.590607, 79.972878, 128.863556, 57.541897,21.392523, 214.173462, 1.007724
5, 19,30,171.292999, 171.865479, 128.863556, 57.541897,21.392523, 214.173462, 0.996669
5, 19,31,128.219894, 127.284050, 128.863556, 57.541897,21.392523, 214.173462, 1.007352
5, 20,0,125.429214, 126.029953, 128.552231, 65.328644,24.118883, 237.478302, 0.995233
5, 20,1,115.871170, 116.768585, 128.552231, 65.328644,24.118883, 237.478302, 0.992315
5, 20,2,73.717285, 75.039864, 128.552231, 65.328644,24.118883, 237.478302, 0.982375
5, 20,3,24.747358, 25.031311, 128.552231, 65.328644,24.118883, 237.478302, 0.988656
5, 20,4,128.674866, 128.918427, 128.552231, 65.328644,24.118883, 237.478302, 0.998111
5, 20,5,178.719116, 177.651016, 128.552231, 65.328644,24.118883, 237.478302, 1.006012
5, 20,6,237.478302, 236.991028, 128.552231, 65.328644,24.118883, 237.478302, 1.002056
5, 20,7,61.099804, 61.908504, 128.552231, 65.328644,24.118883, 237.478302, 0.986937
5, 20,8,212.439148, 213.013840, 128.552231, 65.328644,24.118883, 237.478302, 0.997302
5, 20,9,24.118883, 25.472996, 128.552231, 65.328644,24.118883, 237.478302, 0.946841
5, 20,10,178.091797, 178.331055, 128.552231, 65.328644,24.118883, 237.478302, 0.998658
5, 20,11,131.510880, 130.979614, 128.552231, 65.328644,24.118883, 237.478302, 1.004056
5, 20,12,229.886780, 230.092331, 128.552231, 65.328644,24.118883, 237.478302, 0.999107
5, 20,13,50.107201, 50.242409, 128.552231, 65.328644,24.118883, 237.478302, 0.997309
5, 20,14,155.474960, 156.408051, 128.552231, 65.328644,24.118883, 237.478302, 0.994034
5, 20,15,118.631714, 117.168198, 128.552231, 65.328644,24.118883, 237.478302, 1.012491
5, 20,16,46.282219, 47.613335, 128.552231, 65.328644,24.118883, 237.478302, 0.972043
5, 20,17,130.936798, 130.131302, 128.552231, 65.328644,24.118883, 237.478302, 1.006190
5, 20,18,141.339188, 142.470428, 128.552231, 65.328644,24.118883, 237.478302, 0.992060
5, 20,19,24.893774, 26.117996, 128.552231, 65.328644,24.118883, 237.478302, 0.953127
5, 20,20,235.786499, 235.238312, 128.552231, 65.328644,24.118883, 237.478302, 1.002330
5, 20,21,126.310715, 127.593369, 128.552231, 65.328644,24.118883, 237.478302, 0.989947
5, 20,22,83.484795, 84.813019, 128.552231, 65.328644,24.118883, 237.478302, 0.984339
5, 20,23,142.807861, 142.246094, 128.552231, 65.328644,24.118883, 237.478302, 1.003949
5, 20,24,128.066574, 126.043968, 128.552231, 65.328644,24.118883, 237.478302, 1.016047
5, 20,25,220.539169, 220.922104, 128.552231, 65.328644,24.118883, 237.478302, 0.998267
5, 20,26,206.680588, 206.556824, 128.552231, 65.328644,24.118883, 237.478302, 1.000599
5, 20,27,163.981262, 164.239197, 128.552231, 65.328644,24.118883, 237.478302, 0.998430
5, 20,28,94.622169, 94.123466, 128.552231, 65.328644,24.118883, 237.478302, 1.005298
5, 20,29,73.261848, 73.139915, 128.552231, 65.328644,24.118883, 237.478302, 1.001667
5, 20,30,196.035843, 196.433136, 128.552231, 65.328644,24.118883, 237.478302, 0.997977
5, 20,31,52.643772, 53.271107, 128.552231, 65.328644,24.118883, 237.478302, 0.988224
5, 21,0,69.387619, 68.827560, 128.854614, 57.854652,23.996954, 221.846634, 1.008137
5, 21,1,85.457191, 85.675911, 128.854614, 57.854652,23.996954, 221.846634, 0.997447
5, 21,2,160.757477, 161.760361, 128.854614, 57.854652,23.996954, 221.846634, 0.993800
5, 21,3,151.038956, 151.046463, 128.854614, 57.854652,23.996954, 221.846634, 0.999950
5, 21,4,221.846634, 221.207291, 128.854614, 57.854652,23.996954, 221.846634, 1.002890
5, 21,5,92.458420, 91.830147, 128.854614, 57.854652,23.996954, 221.846634, 1.006842
5, 21,6,190.963440, 190.996216, 128.854614, 57.854652,23.996954, 221.846634, 0.999828
5, 21,7,141.741837, 141.624023, 128.854614, 57.854652,23.996954, 221.846634, 1.000832
5, 21,8,213.072937, 214.091064, 128.854614, 57.854652,23.996954, 221.846634, 0.995244
5, 21,9,52.201080, 52.743549, 128.854614, 57.854652,23.996954, 221.846634, 0.989715
5, 21,10,126.284966, 125.625679, 128.854614, 57.854652,23.996954, 221.846634, 1.005248
5, 21,11,33.931080, 34.267685, 128.854614, 57.854652,23.996954, 221.846634, 0.990177
5, 21,12,114.031960, 114.470314, 128.854614, 57.854652,23.996954, 221.846634, 0.996171
5, 21,13,215.398102, 215.422058, 128.854614, 57.854652,23.996954, 221.846634, 0.999889
5, 21,14,148.200653, 147.804626, 128.854614, 57.854652,23.996954, 221.846634, 1.002679
5, 21,15,74.781914, 75.377136, 128.854614, 57.854652,23.996954, 221.846634, 0.992103
5, 21,16,150.065933, 151.000336, 128.854614, 57.854652,23.996954, 221.846634, 0.993812
5, 21,17,120.958420, 120.841988, 128.854614, 57.854652,23.996954, 221.846634, 1.000963
5, 21,18,198.328918, 197.993866, 128.854614, 57.854652,23.996954, 221.846634, 1.001692
5, 21,19,111.322029, 111.406380, 128.854614, 57.854652,23.996954, 221.846634, 0.999243
5, 21,20,161.773926, 161.648346, 128.854614, 57.854652,23.996954, 221.846634, 1.000777
5, 21,21,73.085266, 72.207771, 128.854614, 57.854652,23.996954, 221.846634, 1.012152
5, 21,22,23.996954, 23.263876, 128.854614, 57.854652,23.996954, 221.846634, 1.031511
5, 21,23,118.869209, 118.568733, 128.854614, 57.854652,23.996954, 221.846634, 1.002534
5, 21,24,82.472488, 82.440666, 128.854614, 57.854652,23.996954, 221.846634, 1.000386
5, 21,25,128.099792, 127.457458, 128.854614, 57.854652,23.996954, 221.846634, 1.005040
5, 21,26,175.556107, 175.683151, 128.854614, 57.854652,23.996954, 221.846634, 0.999277
5, 21,27,41.079880, 41.548653, 128.854614, 57.854652,23.996954, 221.846634, 0.988717
5, 21,28,134.820816, 134.731842, 128.854614, 57.854652,23.996954, 221.846634, 1.000660
5, 21,29,211.958939, 212.160431, 128.854614, 57.854652,23.996954, 221.846634, 0.999050
5, 21,30,82.397812, 81.175552, 128.854614, 57.854652,23.996954, 221.846634, 1.015057
5, 21,31,217.007126, 216.100739, 128.854614, 57.854652,23.996954, 221.846634, 1.004194
5, 22,0,124.327843, 123.866425, 128.794540, 64.770798,15.175920, 224.827606, 1.003725
5, 22,1,92.560127, 91.165718, 128.794540, 64.770798,15.175920, 224.827606, 1.015295
5, 22,2,202.845581, 202.549637, 128.794540, 64.770798,15.175920, 224.827606, 1.001461
5, 22,3,89.031708, 88.479065, 128.794540, 64.770798,15.175920, 224.827606, 1.006246
5, 22,4,176.036530, 177.447922, 128.794540, 64.770798,15.175920, 224.827606, 0.992046
5, 22,5,205.117767, 204.465851, 128.794540, 64.770798,15.175920, 224.827606, 1.003188
5, 22,6,100.536461, 99.600998, 128.794540, 64.770798,15.175920, 224.827606, 1.009392
5, 22,7,177.509644, 177.434753, 128.794540, 64.770798,15.175920, 224.827606, 1.000422
5, 22,8,178.311218, 176.177032, 128.794540, 64.770798,15.175920, 224.827606, 1.012114
5, 22,9,161.515167, 162.045807, 128.794540, 64.770798,15.175920, 224.827606, 0.996725
5, 22,10,56.114647, 55.752018, 128.794540, 64.770798,15.175920, 224.827606, 1.006504
5, 22,11,23.763046, 25.336277, 128.794540, 64.770798,15.175920, 224.827606, 0.937906
5, 22,12,205.229279, 206.033051, 128.794540, 64.770798,15.175920, 224.827606, 0.996099
5, 22,13,220.281311, 221.112518, 128.794540, 64.770798,15.175920, 224.827606, 0.996241
5, 22,14,19.492126, 19.745682, 128.794540, 64.770798,15.175920, 224.827606, 0.987159
5, 22,15,106.446655, 106.343956, 128.794540, 64.770798,15.175920, 224.827606, 1.000966
5, 22,16,149.227585, 148.961548, 128.794540, 64.770798,15.175920, 224.827606, 1.001786
5, 22,17,166.987320, 166.944962, 128.794540, 64.770798,15.175920, 224.827606, 1.000254
5, 22,18,76.255432, 76.593292, 128.794540, 64.770798,15.175920, 224.827606, 0.995589
5, 22,19,224.827606, 224.543259, 128.794540, 64.770798,15.175920, 224.827606, 1.001266
5, 22,20,91.318680, 91.751778, 128.794540, 64.770798,15.175920, 224.827606, 0.995280
5, 22,21,57.171211, 55.409607, 128.794540, 64.770798,15.175920, 224.827606, 1.031792
5, 22,22,80.944756, 81.150055, 128.794540, 64.770798,15.175920, 224.827606, 0.997470
5, 22,23,206.999588, 208.594574, 128.794540, 64.770798,15.175920, 224.827606, 0.992354
5, 22,24,102.155228, 103.064674, 128.794540, 64.770798,15.175920, 224.827606, 0.991176
5, 22,25,45.271004, 45.545395, 128.794540, 64.770798,15.175920, 224.827606, 0.993975
5, 22,26,79.898575, 79.378716, 128.794540, 64.770798,15.175920, 224.827606, 1.006549
5, 22,27,184.918137, 185.362991, 128.794540, 64.770798,15.175920, 224.827606, 0.997600
5, 22,28,194.391785, 194.733322, 128.794540, 64.770798,15.175920, 224.827606, 0.998246
5, 22,29,111.638290, 111.249725, 128.794540, 64.770798,15.175920, 224.827606, 1.003493
5, 22,30,15.175920, 13.575611, 128.794540, 64.770798,15.175920, 224.827606, 1.117881
5, 22,31,195.124893, 196.583710, 128.794540, 64.770798,15.175920, 224.827606, 0.992579
5, 23,0,110.974586, 111.504158, 128.977203, 66.688683,14.946530, 257.442963, 0.995251
5, 23,1,113.111519, 112.603920, 128.977203, 66.688683,14.946530, 257.442963, 1.004508
5, 23,2,141.341202, 140.407974, 128.977203, 66.688683,14.946530, 257.442963, 1.006647
5, 23,3,127.158531, 126.668594, 128.977203, 66.688683,14.946530, 257.442963, 1.003868
5, 23,4,104.218651, 104.479568, 128.977203, 66.688683,14.946530, 257.442963, 0.997503
5, 23,5,52.746616, 51.342072, 128.977203, 66.688683,14.946530, 257.442963, 1.027357
5, 23,6,106.647629, 103.798012, 128.977203, 66.688683,14.946530, 257.442963, 1.027454
5, 23,7,14.946530, 15.862860, 128.977203, 66.688683,14.946530, 257.442963, 0.942234
5, 23,8,190.889389, 191.214264, 128.977203, 66.688683,14.946530, 257.442963, 0.998301
5, 23,9,204.682343, 205.488037, 128.977203, 66.688683,14.946530, 257.442963, 0.996079
5, 23,10,128.104446, 127.690918, 128.977203, 66.688683,14.946530, 257.442963, 1.003239
5, 23,11,149.432159, 149.182907, 128.977203, 66.688683,14.946530, 257.442963, 1.001671
5, 23,12,21.032053, 21.353968, 128.977203, 66.688683,14.946530, 257.442963, 0.984925
5, 23,13,27.366003, 27.224571, 128.977203, 66.688683,14.946530, 257.442963, 1.005195
5, 23,14,180.987915, 180.750946, 128.977203, 66.688683,14.946530, 257.442963, 1.001311
5, 23,15,188.548386, 188.542282, 128.977203, 66.688683,14.946530, 257.442963, 1.000032
5, 23,16,257.442963, 255.899353, 128.977203, 66.688683,14.946530, 257.442963, 1.006032
5, 23,17,242.856155, 242.996414, 128.977203, 66.688683,14.946530, 257.442963, 0.999423
5, 23,18,234.409012, 233.539932, 128.977203, 66.688683,14.946530, 257.442963, 1.003721
5, 23,19,244.381622, 244.158142, 128.977203, 66.688683,14.946530, 257.442963, 1.000915
5, 23,20,119.457985, 117.669060, 128.977203, 66.688683,14.946530, 257.442963, 1.015203
5, 23,21,82.520973, 82.553864, 128.977203, 66.688683,14.946530, 257.442963, 0.999602
5, 23,22,99.877945, 101.187996, 128.977203, 66.688683,14.946530, 257.442963, 0.987053
5, 23,23,108.560928, 109.459503, 128.977203, 66.688683,14.946530, 257.442963, 0.991791
5, 23,24,99.403633, 99.158844, 128.977203, 66.688683,14.946530, 257.442963, 1.002469
5, 23,25,98.791290, 99.778435, 128.977203, 66.688683,14.946530, 257.442963, 0.990107
5, 23,26,21.719271, 22.097473, 128.977203, 66.688683,14.946530, 257.442963, 0.982885
5, 23,27,95.628342, 94.403503, 128.977203, 66.688683,14.946530, 257.442963, 1.012975
5, 23,28,127.624016, 128.620300, 128.977203, 66.688683,14.946530, 257.442963, 0.992254
5, 23,29,91.915726, 92.738358, 128.977203, 66.688683,14.946530, 257.442963, 0.991130
5, 23,30,204.848312, 204.179169, 128.977203, 66.688683,14.946530, 257.442963, 1.003277
5, 23,31,135.644272, 134.444427, 128.977203, 66.688683,14.946530, 257.442963, 1.008924
5, 24,0,125.867737, 124.573265, 128.920364, 68.500107,13.823289, 260.955902, 1.010391
5, 24,1,30.509192, 31.234959, 128.920364, 68.500107,13.823289, 260.955902, 0.976764
5, 24,2,249.738022, 249.035324, 128.920364, 68.500107,13.823289, 260.955902, 1.002822
5, 24,3,72.979523, 73.523727, 128.920364, 68.500107,13.823289, 260.955902, 0.992598
5, 24,4,47.432705, 46.261635, 128.920364, 68.500107,13.823289, 260.955902, 1.025314
5, 24,5,94.209633, 94.099983, 128.920364, 68.500107,13.823289, 260.955902, 1.001165
5, 24,6,146.659454, 147.109161, 128.920364, 68.500107,13.823289, 260.955902, 0.996943
5, 24,7,58.995697, 58.653496, 128.920364, 68.500107,13.823289, 260.955902, 1.005834
5, 24,8,156.403549, 155.417068, 128.920364, 68.500107,13.823289, 260.955902, 1.006347
5, 24,9,107.445961, 106.845909, 128.920364, 68.500107,13.823289, 260.955902, 1.005616
5, 24,10,186.160950, 184.902283, 128.920364, 68.500107,13.823289, 260.955902, 1.006807
5, 24,11,205.303604, 204.655151, 128.920364, 68.500107,13.823289, 260.955902, 1.003168
5, 24,12,174.226364, 174.997040, 128.920364, 68.500107,13.823289, 260.955902, 0.995596
5, 24,13,94.719040, 94.412865, 128.920364, 68.500107,13.823289, 260.955902, 1.003243
5, 24,14,142.850815, 142.769958, 128.920364, 68.500107,13.823289, 260.955902, 1.000566
5, 24,15,120.518089, 120.884529, 128.920364, 68.500107,13.823289, 260.955902, 0.996969
5, 24,16,244.197845, 243.724518, 128.920364, 68.500107,13.823289, 260.955902, 1.001942
5, 24,17,178.468048, 177.261322, 128.920364, 68.500107,13.823289, 260.955902, 1.006808
5, 24,18,73.651955, 73.161446, 128.920364, 68.500107,13.823289, 260.955902, 1.006704
5, 24,19,162.370453, 162.333450, 128.920364, 68.500107,13.823289, 260.955902, 1.000228
5, 24,20,53.426846, 52.914543, 128.920364, 68.500107,13.823289, 260.955902, 1.009682
5, 24,21,225.494614, 226.598221, 128.920364, 68.500107,13.823289, 260.955902, 0.995130
5, 24,22,154.907303, 154.404312, 128.920364, 68.500107,13.823289, 260.955902, 1.003258
5, 24,23,13.823289, 13.367622, 128.920364, 68.500107,13.823289, 260.955902, 1.034087
5, 24,24,26.164902, 26.368784, 128.920364, 68.500107,13.823289, 260.955902, 0.992268
5, 24,25,137.492249, 135.697113, 128.920364, 68.500107,13.823289, 260.955902, 1.013229
5, 24,26,44.003254, 45.487656, 128.920364, 68.500107,13.823289, 260.955902, 0.967367
5, 24,27,116.998764, 117.475731, 128.920364, 68.500107,13.823289, 260.955902, 0.995940
5, 24,28,166.855499, 167.454865, 128.920364, 68.500107,13.823289, 260.955902, 0.996421
5, 24,29,74.161514, 74.832909, 128.920364, 68.500107,13.823289, 260.955902, 0.991028
5, 24,30,178.459717, 178.479919, 128.920364, 68.500107,13.823289, 260.955902, 0.999887
5, 24,31,260.955902, 262.061157, 128.920364, 68.500107,13.823289, 260.955902, 0.995782
5, 25,0,130.235107, 129.073593, 129.195221, 61.003006,15.396626, 226.622391, 1.008999
5, 25,1,192.998154, 190.656708, 129.195221, 61.003006,15.396626, 226.622391, 1.012281
5, 25,2,226.622391, 225.530853, 129.195221, 61.003006,15.396626, 226.622391, 1.004840
5, 25,3,15.396626, 13.577692, 129.195221, 61.003006,15.396626, 226.622391, 1.133965
5, 25,4,82.427269, 83.646942, 129.195221, 61.003006,15.396626, 226.622391, 0.985419
5, 25,5,179.506882, 180.184448, 129.195221, 61.003006,15.396626, 226.622391, 0.996240
5, 25,6,185.781433, 184.029633, 129.195221, 61.003006,15.396626, 226.622391, 1.009519
5, 25,7,143.083786, 143.284058, 129.195221, 61.003006,15.396626, 226.622391, 0.998602
5, 25,8,99.757751, 100.512260, 129.195221, 61.003006,15.396626, 226.622391, 0.992493
5, 25,9,58.807377, 57.332527, 129.195221, 61.003006,15.396626, 226.622391, 1.025725
5, 25,10,181.283752, 180.813034, 129.195221, 61.003006,15.396626, 226.622391, 1.002603
5, 25,11,184.017380, 184.952469, 129.195221, 61.003006,15.396626, 226.622391, 0.994944
5, 25,12,61.143085, 61.318142, 129.195221, 61.003006,15.396626, 226.622391, 0.997145
5, 25,13,29.828609, 29.205851, 129.195221, 61.003006,15.396626, 226.622391, 1.021323
5, 25,14,148.312454, 148.098907, 129.195221, 61.003006,15.396626, 226.622391, 1.001442
5, 25,15,105.679214, 105.821953, 129.195221, 61.003006,15.396626, 226.622391, 0.998651
5, 25,16,225.081619, 224.935669, 129.195221, 61.003006,15.396626, 226.622391, 1.000649
5, 25,17,44.588058, 42.560337, 129.195221, 61.003006,15.396626, 226.622391, 1.047643
5, 25,18,157.517029, 157.113358, 129.195221, 61.003006,15.396626, 226.622391, 1.002569
5, 25,19,68.062607, 67.229691, 129.195221, 61.003006,15.396626, 226.622391, 1.012389
5, 25,20,187.775284, 187.513702, 129.195221, 61.003006,15.396626, 226.622391, 1.001395
5, 25,21,80.197914, 82.483368, 129.195221, 61.003006,15.396626, 226.622391, 0.972292
5, 25,22,97.647423, 97.355858, 129.195221, 61.003006,15.396626, 226.622391, 1.002995
5, 25,23,99.763359, 99.462357, 129.195221, 61.003006,15.396626, 226.622391, 1.003026
5, 25,24,214.637192, 213.935120, 129.195221, 61.003006,15.396626, 226.622391, 1.003282
5, 25,25,149.904663, 149.596848, 129.195221, 61.003006,15.396626, 226.622391, 1.002058
5, 25,26,101.998413, 100.987053, 129.195221, 61.003006,15.396626, 226.622391, 1.010015
5, 25,27,171.188324, 170.808884, 129.195221, 61.003006,15.396626, 226.622391, 1.002221
5, 25,28,72.427063, 72.031158, 129.195221, 61.003006,15.396626, 226.622391, 1.005496
5, 25,29,61.245068, 59.733257, 129.195221, 61.003006,15.396626, 226.622391, 1.025309
5, 25,30,184.163071, 185.246689, 129.195221, 61.003006,15.396626, 226.622391, 0.994150
5, 25,31,193.168304, 191.967422, 129.195221, 61.003006,15.396626, 226.622391, 1.006256
5, 26,0,37.286846, 37.962570, 128.772690, 69.858742,16.274540, 255.352966, 0.982200
5, 26,1,238.227966, 237.733856, 128.772690, 69.858742,16.274540, 255.352966, 1.002078
5, 26,2,127.826584, 127.605103, 128.772690, 69.858742,16.274540, 255.352966, 1.001736
5, 26,3,53.627415, 52.734940, 128.772690, 69.858742,16.274540, 255.352966, 1.016924
5, 26,4,51.054203, 52.243073, 128.772690, 69.858742,16.274540, 255.352966, 0.977243
5, 26,5,81.269653, 81.951767, 128.772690, 69.858742,16.274540, 255.352966, 0.991677
5, 26,6,103.040413, 103.200363, 128.772690, 69.858742,16.274540, 255.352966, 0.998450
5, 26,7,61.964397, 63.383835, 128.772690, 69.858742,16.274540, 255.352966, 0.977606
5, 26,8,255.352966, 254.670425, 128.772690, 69.858742,16.274540, 255.352966, 1.002680
5, 26,9,242.688217, 243.193558, 128.772690, 69.858742,16.274540, 255.352966, 0.997922
5, 26,10,150.420547, 151.747513, 128.772690, 69.858742,16.274540, 255.352966, 0.991255
5, 26,11,16.274540, 15.041624, 128.772690, 69.858742,16.274540, 255.352966, 1.081967
5, 26,12,128.008286, 129.310242, 128.772690, 69.858742,16.274540, 255.352966, 0.989932
5, 26,13,23.230858, 22.829498, 128.772690, 69.858742,16.274540, 255.352966, 1.017581
5, 26,14,110.263420, 109.561836, 128.772690, 69.858742,16.274540, 255.352966, 1.006404
5, 26,15,58.919739, 58.924252, 128.772690, 69.858742,16.274540, 255.352966, 0.999923
5, 26,16,108.220695, 107.709129, 128.772690, 69.858742,16.274540, 255.352966, 1.004750
5, 26,17,171.898071, 171.446747, 128.772690, 69.858742,16.274540, 255.352966, 1.002632
5, 26,18,50.790352, 50.792068, 128.772690, 69.858742,16.274540, 255.352966, 0.999966
5, 26,19,115.192535, 113.324608, 128.772690, 69.858742,16.274540, 255.352966, 1.016483
5, 26,20,148.568481, 147.115784, 128.772690, 69.858742,16.274540, 255.352966, 1.009874
5, 26,21,204.467041, 203.573776, 128.772690, 69.858742,16.274540, 255.352966, 1.004388
5, 26,22,183.856461, 183.841751, 128.772690, 69.858742,16.274540, 255.352966, 1.000080
5, 26,23,206.104904, 207.902191, 128.772690, 69.858742,16.274540, 255.352966, 0.991355
5, 26,24,208.481506, 208.484238, 128.772690, 69.858742,16.274540, 255.352966, 0.999987
5, 26,25,219.618362, 220.739899, 128.772690, 69.858742,16.274540, 255.352966, 0.994919
5, 26,26,115.751068, 116.636505, 128.772690, 69.858742,16.274540, 255.352966, 0.992409
5, 26,27,34.973030, 35.314690, 128.772690, 69.858742,16.274540, 255.352966, 0.990325
5, 26,28,158.838928, 157.871262, 128.772690, 69.858742,16.274540, 255.352966, 1.006130
5, 26,29,166.110474, 166.380524, 128.772690, 69.858742,16.274540, 255.352966, 0.998377
5, 26,30,185.124527, 185.325546, 128.772690, 69.858742,16.274540, 255.352966, 0.998915
5, 26,31,103.273384, 102.446175, 128.772690, 69.858742,16.274540, 255.352966, 1.008075
5, 27,0,245.367859, 245.449371, 128.651489, 72.460464,14.054571, 251.330887, 0.999668
5, 27,1,47.420689, 47.274612, 128.651489, 72.460464,14.054571, 251.330887, 1.003090
5, 27,2,156.600052, 156.577850, 128.651489, 72.460464,14.054571, 251.330887, 1.000142
5, 27,3,24.188856, 24.130299, 128.651489, 72.460464,14.054571, 251.330887, 1.002427
5, 27,4,197.733963, 197.090851, 128.651489, 72.460464,14.054571, 251.330887, 1.003263
5, 27,5,221.841446, 222.463638, 128.651489, 72.460464,14.054571, 251.330887, 0.997203
5, 27,6,131.097626, 130.921326, 128.651489, 72.460464,14.054571, 251.330887, 1.001347
5, 27,7,113.162346, 112.526054, 128.651489, 72.460464,14.054571, 251.330887, 1.005655
5, 27,8,14.054571, 13.555528, 128.651489, 72.460464,14.054571, 251.330887, 1.036815
5, 27,9,179.660431, 180.406586, 128.651489, 72.460464,14.054571, 251.330887, 0.995864
5, 27,10,70.897469, 69.943192, 128.651489, 72.460464,14.054571, 251.330887, 1.013644
5, 27,11,188.549423, 188.669418, 128.651489, 72.460464,14.054571, 251.330887, 0.999364
5, 27,12,195.712128, 195.747101, 128.651489, 72.460464,14.054571, 251.330887, 0.999821
5, 27,13,46.125591, 45.530235, 128.651489, 72.460464,14.054571, 251.330887, 1.013076
5, 27,14,51.068604, 51.848389, 128.651489, 72.460464,14.054571, 251.330887, 0.984960
5, 27,15,168.157944, 167.645081, 128.651489, 72.460464,14.054571, 251.330887, 1.003059
5, 27,16,139.089218, 139.117386, 128.651489, 72.460464,14.054571, 251.330887, 0.999798
5, 27,17,244.568207, 243.930328, 128.651489, 72.460464,14.054571, 251.330887, 1.002615
5, 27,18,88.455299, 89.598747, 128.651489, 72.460464,14.054571, 251.330887, 0.987238
5, 27,19,101.971268, 102.602295, 128.651489, 72.460464,14.054571, 251.330887, 0.993850
5, 27,20,91.969582, 91.877289, 128.651489, 72.460464,14.054571, 251.330887, 1.001005
5, 27,21,38.156876, 38.561066, 128.651489, 72.460464,14.054571, 251.330887, 0.989518
5, 27,22,45.461494, 46.782181, 128.651489, 72.460464,14.054571, 251.330887, 0.971769
5, 27,23,197.046677, 197.783615, 128.651489, 72.460464,14.054571, 251.330887, 0.996274
5, 27,24,190.738876, 193.017868, 128.651489, 72.460464,14.054571, 251.330887, 0.988193
5, 27,25,175.019531, 175.949661, 128.651489, 72.460464,14.054571, 251.330887, 0.994714
5, 27,26,73.239616, 73.273361, 128.651489, 72.460464,14.054571, 251.330887, 0.999539
5, 27,27,83.881424, 82.721382, 128.651489, 72.460464,14.054571, 251.330887, 1.014023
5, 27,28,84.805672, 85.659286, 128.651489, 72.460464,14.054571, 251.330887, 0.990035
5, 27,29,251.330887, 251.575531, 128.651489, 72.460464,14.054571, 251.330887, 0.999028
5, 27,30,202.340103, 201.731400, 128.651489, 72.460464,14.054571, 251.330887, 1.003017
5, 27,31,57.134541, 57.039791, 128.651489, 72.460464,14.054571, 251.330887, 1.001661
5, 28,0,256.647919, 257.058197, 128.711121, 74.543053,10.806458, 260.612885, 0.998404
5, 28,1,126.699783, 126.339622, 128.711121, 74.543053,10.806458, 260.612885, 1.002851
5, 28,2,65.990967, 66.207985, 128.711121, 74.543053,10.806458, 260.612885, 0.996722
5, 28,3,38.922306, 38.711502, 128.711121, 74.543053,10.806458, 260.612885, 1.005445
5, 28,4,242.462982, 240.520065, 128.711121, 74.543053,10.806458, 260.612885, 1.008078
5, 28,5,155.267426, 156.142303, 128.711121, 74.543053,10.806458, 260.612885, 0.994397
5, 28,6,140.886978, 139.735733, 128.711121, 74.543053,10.806458, 260.612885, 1.008239
5, 28,7,33.660168, 33.077545, 128.711121, 74.543053,10.806458, 260.612885, 1.017614
5, 28,8,37.670849, 37.001190, 128.711121, 74.543053,10.806458, 260.612885, 1.018098
5, 28,9,154.613922, 154.548080, 128.711121, 74.543053,10.806458, 260.612885, 1.000426
5, 28,10,222.008881, 222.163284, 128.711121, 74.543053,10.806458, 260.612885, 0.999305
5, 28,11,10.806458, 11.013803, 128.711121, 74.543053,10.806458, 260.612885, 0.981174
5, 28,12,83.330177, 81.832924, 128.711121, 74.543053,10.806458, 260.612885, 1.018296
5, 28,13,148.354919, 150.020813, 128.711121, 74.543053,10.806458, 260.612885, 0.988896
5, 28,14,155.547043, 155.399384, 128.711121, 74.543053,10.806458, 260.612885, 1.000950
5, 28,15,31.084267, 30.864206, 128.711121, 74.543053,10.806458, 260.612885, 1.007130
5, 28,16,52.609608, 52.997597, 128.711121, 74.543053,10.806458, 260.612885, 0.992679
5, 28,17,153.687973, 154.795731, 128.711121, 74.543053,10.806458, 260.612885, 0.992844
5, 28,18,101.028641, 101.474373, 128.711121, 74.543053,10.806458, 260.612885, 0.995607
5, 28,19,151.577164, 151.467987, 128.711121, 74.543053,10.806458, 260.612885, 1.000721
5, 28,20,40.728611, 41.056400, 128.711121, 74.543053,10.806458, 260.612885, 0.992016
5, 28,21,236.856766, 237.091721, 128.711121, 74.543053,10.806458, 260.612885, 0.999009
5, 28,22,230.240295, 230.784470, 128.711121, 74.543053,10.806458, 260.612885, 0.997642
5, 28,23,131.130447, 131.191925, 128.711121, 74.543053,10.806458, 260.612885, 0.999531
5, 28,24,88.508110, 89.037880, 128.711121, 74.543053,10.806458, 260.612885, 0.994050
5, 28,25,157.907867, 157.976440, 128.711121, 74.543053,10.806458, 260.612885, 0.999566
5, 28,26,196.028488, 194.906693, 128.711121, 74.543053,10.806458, 260.612885, 1.005756
5, 28,27,27.028040, 26.855431, 128.711121, 74.543053,10.806458, 260.612885, 1.006427
5, 28,28,74.598846, 75.603073, 128.711121, 74.543053,10.806458, 260.612885, 0.986717
5, 28,29,260.612885, 260.796112, 128.711121, 74.543053,10.806458, 260.612885, 0.999297
5, 28,30,165.488174, 166.945877, 128.711121, 74.543053,10.806458, 260.612885, 0.991268
5, 28,31,146.769287, 147.381805, 128.711121, 74.543053,10.806458, 260.612885, 0.995844
5, 29,0,12.839872, 12.754972, 128.701584, 79.351639,12.839872, 262.268005, 1.006656
5, 29,1,102.048546, 103.676872, 128.701584, 79.351639,12.839872, 262.268005, 0.984294
5, 29,2,33.364868, 34.301670, 128.701584, 79.351639,12.839872, 262.268005, 0.972689
5, 29,3,213.321808, 213.687912, 128.701584, 79.351639,12.839872, 262.268005, 0.998287
5, 29,4,198.642349, 197.408524, 128.701584, 79.351639,12.839872, 262.268005, 1.006250
5, 29,5,66.126923, 66.469101, 128.701584, 79.351639,12.839872, 262.268005, 0.994852
5, 29,6,45.075474, 46.808617, 128.701584, 79.351639,12.839872, 262.268005, 0.962974
5, 29,7,224.123398, 223.565109, 128.701584, 79.351639,12.839872, 262.268005, 1.002497
5, 29,8,262.268005, 262.494751, 128.701584, 79.351639,12.839872, 262.268005, 0.999136
5, 29,9,159.549698, 158.572815, 128.701584, 79.351639,12.839872, 262.268005, 1.006160
5, 29,10,16.568342, 14.883814, 128.701584, 79.351639,12.839872, 262.268005, 1.113178
5, 29,11,113.675880, 113.647987, 128.701584, 79.351639,12.839872, 262.268005, 1.000245
5, 29,12,139.958893, 139.937622, 128.701584, 79.351639,12.839872, 262.268005, 1.000152
5, 29,13,217.810532, 218.704788, 128.701584, 79.351639,12.839872, 262.268005, 0.995911
5, 29,14,107.581551, 108.435463, 128.701584, 79.351639,12.839872, 262.268005, 0.992125
5, 29,15,187.250931, 187.766129, 128.701584, 79.351639,12.839872, 262.268005, 0.997256
5, 29,16,196.057068, 196.148453, 128.701584, 79.351639,12.839872, 262.268005, 0.999534
5, 29,17,58.925060, 58.384193, 128.701584, 79.351639,12.839872, 262.268005, 1.009264
5, 29,18,84.661278, 84.063354, 128.701584, 79.351639,12.839872, 262.268005, 1.007113
5, 29,19,140.597687, 140.415039, 128.701584, 79.351639,12.839872, 262.268005, 1.001301
5, 29,20,221.787277, 223.252045, 128.701584, 79.351639,12.839872, 262.268005, 0.993439
5, 29,21,212.879028, 212.216507, 128.701584, 79.351639,12.839872, 262.268005, 1.003122
5, 29,22,15.418629, 15.619516, 128.701584, 79.351639,12.839872, 262.268005, 0.987139
5, 29,23,231.293579, 231.016052, 128.701584, 79.351639,12.839872, 262.268005, 1.001201
5, 29,24,180.103897, 179.947327, 128.701584, 79.351639,12.839872, 262.268005, 1.000870
5, 29,25,260.942749, 260.248535, 128.701584, 79.351639,12.839872, 262.268005, 1.002668
5, 29,26,101.720207, 101.665428, 128.701584, 79.351639,12.839872, 262.268005, 1.000539
5, 29,27,97.910080, 98.425201, 128.701584, 79.351639,12.839872, 262.268005, 0.994766
5, 29,28,61.156788, 61.303524, 128.701584, 79.351639,12.839872, 262.268005, 0.997606
5, 29,29,19.418457, 20.033733, 128.701584, 79.351639,12.839872, 262.268005, 0.969288
5, 29,30,71.018845, 70.671997, 128.701584, 79.351639,12.839872, 262.268005, 1.004908
5, 29,31,64.352509, 64.473312, 128.701584, 79.351639,12.839872, 262.268005, 0.998126
5, 30,0,211.603882, 211.517105, 128.766388, 62.539093,24.227749, 218.348389, 1.000410
5, 30,1,49.693314, 49.964409, 128.766388, 62.539093,24.227749, 218.348389, 0.994574
5, 30,2,97.320274, 97.876060, 128.766388, 62.539093,24.227749, 218.348389, 0.994322
5, 30,3,133.139984, 133.126892, 128.766388, 62.539093,24.227749, 218.348389, 1.000098
5, 30,4,212.901093, 213.838043, 128.766388, 62.539093,24.227749, 218.348389, 0.995618
5, 30,5,125.065636, 126.151039, 128.766388, 62.539093,24.227749, 218.348389, 0.991396
5, 30,6,26.011492, 27.569996, 128.766388, 62.539093,24.227749, 218.348389, 0.943471
5, 30,7,141.323593, 141.791275, 128.766388, 62.539093,24.227749, 218.348389, 0.996702
5, 30,8,190.809341, 190.856873, 128.766388, 62.539093,24.227749, 218.348389, 0.999751
5, 30,9,74.935814, 74.640633, 128.766388, 62.539093,24.227749, 218.348389, 1.003955
5, 30,10,24.227749, 23.136751, 128.766388, 62.539093,24.227749, 218.348389, 1.047154
5, 30,11,58.275715, 56.614281, 128.766388, 62.539093,24.227749, 218.348389, 1.029347
5, 30,12,117.491699, 118.066887, 128.766388, 62.539093,24.227749, 218.348389, 0.995128
5, 30,13,158.284866, 158.526779, 128.766388, 62.539093,24.227749, 218.348389, 0.998474
5, 30,14,115.956512, 115.289597, 128.766388, 62.539093,24.227749, 218.348389, 1.005785
5, 30,15,208.150284, 209.456940, 128.766388, 62.539093,24.227749, 218.348389, 0.993762
5, 30,16,184.350861, 184.532990, 128.766388, 62.539093,24.227749, 218.348389, 0.999013
5, 30,17,208.290298, 208.733292, 128.766388, 62.539093,24.227749, 218.348389, 0.997878
5, 30,18,150.961456, 150.892471, 128.766388, 62.539093,24.227749, 218.348389, 1.000457
5, 30,19,156.880829, 156.942551, 128.766388, 62.539093,24.227749, 218.348389, 0.999607
5, 30,20,49.136070, 49.436329, 128.766388, 62.539093,24.227749, 218.348389, 0.993926
5, 30,21,172.649673, 172.178574, 128.766388, 62.539093,24.227749, 218.348389, 1.002736
5, 30,22,204.443451, 204.567337, 128.766388, 62.539093,24.227749, 218.348389, 0.999394
5, 30,23,35.562359, 35.791061, 128.766388, 62.539093,24.227749, 218.348389, 0.993610
5, 30,24,37.023483, 36.651630, 128.766388, 62.539093,24.227749, 218.348389, 1.010146
5, 30,25,186.354095, 186.404083, 128.766388, 62.539093,24.227749, 218.348389, 0.999732
5, 30,26,63.522717, 61.145313, 128.766388, 62.539093,24.227749, 218.348389, 1.038881
5, 30,27,218.348389, 219.575180, 128.766388, 62.539093,24.227749, 218.348389, 0.994413
5, 30,28,161.552292, 161.734375, 128.766388, 62.539093,24.227749, 218.348389, 0.998874
5, 30,29,107.528549, 107.179359, 128.766388, 62.539093,24.227749, 218.348389, 1.003258
5, 30,30,126.795555, 125.499100, 128.766388, 62.539093,24.227749, 218.348389, 1.010330
5, 30,31,111.933563, 111.312706, 128.766388, 62.539093,24.227749, 218.348389, 1.005578
5, 31,0,41.862423, 45.228504, 128.823120, 80.829330,12.984515, 242.793015, 0.925576
5, 31,1,20.774843, 18.574097, 128.823120, 80.829330,12.984515, 242.793015, 1.118485
5, 31,2,29.651579, 29.546093, 128.823120, 80.829330,12.984515, 242.793015, 1.003570
5, 31,3,235.821747, 236.754593, 128.823120, 80.829330,12.984515, 242.793015, 0.996060
5, 31,4,76.597374, 77.731796, 128.823120, 80.829330,12.984515, 242.793015, 0.985406
5, 31,5,166.123077, 164.646805, 128.823120, 80.829330,12.984515, 242.793015, 1.008966
5, 31,6,64.391273, 63.259010, 128.823120, 80.829330,12.984515, 242.793015, 1.017899
5, 31,7,242.793015, 241.201752, 128.823120, 80.829330,12.984515, 242.793015, 1.006597
5, 31,8,77.543587, 79.574699, 128.823120, 80.829330,12.984515, 242.793015, 0.974475
5, 31,9,51.832596, 50.259117, 128.823120, 80.829330,12.984515, 242.793015, 1.031307
5, 31,10,224.481659, 223.441635, 128.823120, 80.829330,12.984515, 242.793015, 1.004655
5, 31,11,204.856094, 206.300552, 128.823120, 80.829330,12.984515, 242.793015, 0.992998
5, 31,12,90.101288, 90.105537, 128.823120, 80.829330,12.984515, 242.793015, 0.999953
5, 31,13,69.731346, 70.246368, 128.823120, 80.829330,12.984515, 242.793015, 0.992668
5, 31,14,235.969681, 235.039780, 128.823120, 80.829330,12.984515, 242.793015, 1.003956
5, 31,15,210.617844, 210.455963, 128.823120, 80.829330,12.984515, 242.793015, 1.000769
5, 31,16,132.309738, 132.470825, 128.823120, 80.829330,12.984515, 242.793015, 0.998784
5, 31,17,194.033661, 196.289139, 128.823120, 80.829330,12.984515, 242.793015, 0.988509
5, 31,18,176.969025, 176.330353, 128.823120, 80.829330,12.984515, 242.793015, 1.003622
5, 31,19,156.836533, 155.588867, 128.823120, 80.829330,12.984515, 242.793015, 1.008019
5, 31,20,206.502731, 207.261124, 128.823120, 80.829330,12.984515, 242.793015, 0.996341
5, 31,21,25.234234, 25.063370, 128.823120, 80.829330,12.984515, 242.793015, 1.006817
5, 31,22,12.984515, 13.728486, 128.823120, 80.829330,12.984515, 242.793015, 0.945808
5, 31,23,24.746161, 25.974148, 128.823120, 80.829330,12.984515, 242.793015, 0.952723
5, 31,24,128.666138, 128.151749, 128.823120, 80.829330,12.984515, 242.793015, 1.004014
5, 31,25,232.332642, 233.125732, 128.823120, 80.829330,12.984515, 242.793015, 0.996598
5, 31,26,46.683887, 46.075241, 128.823120, 80.829330,12.984515, 242.793015, 1.013210
5, 31,27,216.149612, 216.703308, 128.823120, 80.829330,12.984515, 242.793015, 0.997445
5, 31,28,82.754234, 81.168556, 128.823120, 80.829330,12.984515, 242.793015, 1.019536
5, 31,29,229.114563, 228.856476, 128.823120, 80.829330,12.984515, 242.793015, 1.001128
5, 31,30,168.157059, 167.137207, 128.823120, 80.829330,12.984515, 242.793015, 1.006102
5, 31,31,45.716084, 44.709080, 128.823120, 80.829330,12.984515, 242.793015, 1.022524
5, 32,0,110.381187, 111.250206, 128.500778, 77.079979,10.770612, 247.287308, 0.992189
5, 32,1,205.075134, 205.046234, 128.500778, 77.079979,10.770612, 247.287308, 1.000141
5, 32,2,173.935669, 174.308777, 128.500778, 77.079979,10.770612, 247.287308, 0.997859
5, 32,3,136.959366, 137.185165, 128.500778, 77.079979,10.770612, 247.287308, 0.998354
5, 32,4,95.824966, 96.194527, 128.500778, 77.079979,10.770612, 247.287308, 0.996158
5, 32,5,245.879181, 245.727509, 128.500778, 77.079979,10.770612, 247.287308, 1.000617
5, 32,6,163.881866, 164.217636, 128.500778, 77.079979,10.770612, 247.287308, 0.997955
5, 32,7,18.726931, 18.728466, 128.500778, 77.079979,10.770612, 247.287308, 0.999918
5, 32,8,96.048553, 94.934967, 128.500778, 77.079979,10.770612, 247.287308, 1.011730
5, 32,9,106.607231, 107.434723, 128.500778, 77.079979,10.770612, 247.287308, 0.992298
5, 32,10,54.746620, 55.505875, 128.500778, 77.079979,10.770612, 247.287308, 0.986321
5, 32,11,180.539352, 179.523758, 128.500778, 77.079979,10.770612, 247.287308, 1.005657
5, 32,12,247.287308, 248.666458, 128.500778, 77.079979,10.770612, 247.287308, 0.994454
5, 32,13,213.702988, 214.231369, 128.500778, 77.079979,10.770612, 247.287308, 0.997534
5, 32,14,15.759845, 15.244446, 128.500778, 77.079979,10.770612, 247.287308, 1.033809
5, 32,15,23.896605, 24.127594, 128.500778, 77.079979,10.770612, 247.287308, 0.990426
5, 32,16,93.304001, 91.870796, 128.500778, 77.079979,10.770612, 247.287308, 1.015600
5, 32,17,148.403870, 149.802780, 128.500778, 77.079979,10.770612, 247.287308, 0.990662
5, 32,18,93.670784, 93.778534, 128.500778, 77.079979,10.770612, 247.287308, 0.998851
5, 32,19,221.538315, 221.928635, 128.500778, 77.079979,10.770612, 247.287308, 0.998241
5, 32,20,102.484634, 103.243591, 128.500778, 77.079979,10.770612, 247.287308, 0.992649
5, 32,21,67.654984, 68.683281, 128.500778, 77.079979,10.770612, 247.287308, 0.985028
5, 32,22,243.032669, 244.747864, 128.500778, 77.079979,10.770612, 247.287308, 0.992992
5, 32,23,22.707970, 22.072536, 128.500778, 77.079979,10.770612, 247.287308, 1.028788
5, 32,24,16.129736, 15.737954, 128.500778, 77.079979,10.770612, 247.287308, 1.024894
5, 32,25,246.267776, 245.116150, 128.500778, 77.079979,10.770612, 247.287308, 1.004698
5, 32,26,138.758926, 140.116760, 128.500778, 77.079979,10.770612, 247.287308, 0.990309
5, 32,27,10.770612, 10.942822, 128.500778, 77.079979,10.770612, 247.287308, 0.984263
5, 32,28,106.771317, 108.259697, 128.500778, 77.079979,10.770612, 247.287308, 0.986252
5, 32,29,125.016853, 124.412880, 128.500778, 77.079979,10.770612, 247.287308, 1.004855
5, 32,30,235.025055, 235.805786, 128.500778, 77.079979,10.770612, 247.287308, 0.996689
5, 32,31,151.235046, 152.152466, 128.500778, 77.079979,10.770612, 247.287308, 0.993970
5, 33,0,275.018280, 274.143585, 128.757965, 80.541748,20.451822, 288.132721, 1.003191
5, 33,1,60.203629, 59.496918, 128.757965, 80.541748,20.451822, 288.132721, 1.011878
5, 33,2,129.552658, 129.965515, 128.757965, 80.541748,20.451822, 288.132721, 0.996823
5, 33,3,239.557175, 238.990768, 128.757965, 80.541748,20.451822, 288.132721, 1.002370
5, 33,4,201.723022, 200.425522, 128.757965, 80.541748,20.451822, 288.132721, 1.006474
5, 33,5,56.321636, 55.732990, 128.757965, 80.541748,20.451822, 288.132721, 1.010562
5, 33,6,157.514191, 158.044922, 128.757965, 80.541748,20.451822, 288.132721, 0.996642
5, 33,7,111.742172, 111.480255, 128.757965, 80.541748,20.451822, 288.132721, 1.002349
5, 33,8,130.797989, 129.485382, 128.757965, 80.541748,20.451822, 288.132721, 1.010137
5, 33,9,288.132721, 288.410522, 128.757965, 80.541748,20.451822, 288.132721, 0.999037
5, 33,10,50.334396, 50.648685, 128.757965, 80.541748,20.451822, 288.132721, 0.993795
5, 33,11,82.824356, 82.397705, 128.757965, 80.541748,20.451822, 288.132721, 1.005178
5, 33,12,98.647339, 99.022423, 128.757965, 80.541748,20.451822, 288.132721, 0.996212
5, 33,13,33.620277, 33.286617, 128.757965, 80.541748,20.451822, 288.132721, 1.010024
5, 33,14,20.451822, 21.146023, 128.757965, 80.541748,20.451822, 288.132721, 0.967171
5, 33,15,191.943497, 192.186035, 128.757965, 80.541748,20.451822, 288.132721, 0.998738
5, 33,16,51.555145, 53.152260, 128.757965, 80.541748,20.451822, 288.132721, 0.969952
5, 33,17,246.680176, 245.061050, 128.757965, 80.541748,20.451822, 288.132721, 1.006607
5, 33,18,41.772957, 41.929070, 128.757965, 80.541748,20.451822, 288.132721, 0.996277
5, 33,19,22.067001, 21.188892, 128.757965, 80.541748,20.451822, 288.132721, 1.041442
5, 33,20,89.615479, 89.316818, 128.757965, 80.541748,20.451822, 288.132721, 1.003344
5, 33,21,41.521919, 42.134842, 128.757965, 80.541748,20.451822, 288.132721, 0.985453
5, 33,22,169.366760, 170.657074, 128.757965, 80.541748,20.451822, 288.132721, 0.992439
5, 33,23,274.317566, 274.529449, 128.757965, 80.541748,20.451822, 288.132721, 0.999228
5, 33,24,94.001442, 93.492287, 128.757965, 80.541748,20.451822, 288.132721, 1.005446
5, 33,25,85.104004, 83.958160, 128.757965, 80.541748,20.451822, 288.132721, 1.013648
5, 33,26,147.060196, 146.144379, 128.757965, 80.541748,20.451822, 288.132721, 1.006266
5, 33,27,95.867363, 96.278786, 128.757965, 80.541748,20.451822, 288.132721, 0.995727
5, 33,28,104.079300, 106.704613, 128.757965, 80.541748,20.451822, 288.132721, 0.975396
5, 33,29,100.721222, 101.577446, 128.757965, 80.541748,20.451822, 288.132721, 0.991571
5, 33,30,228.542236, 229.345169, 128.757965, 80.541748,20.451822, 288.132721, 0.996499
5, 33,31,199.596909, 200.665588, 128.757965, 80.541748,20.451822, 288.132721, 0.994674
5, 34,0,81.267189, 79.359558, 128.655792, 67.158058,18.571321, 231.199677, 1.024038
5, 34,1,141.428406, 143.192673, 128.655792, 67.158058,18.571321, 231.199677, 0.987679
5, 34,2,55.093159, 55.422989, 128.655792, 67.158058,18.571321, 231.199677, 0.994049
5, 34,3,110.401154, 108.924652, 128.655792, 67.158058,18.571321, 231.199677, 1.013555
5, 34,4,163.487869, 162.181305, 128.655792, 67.158058,18.571321, 231.199677, 1.008056
5, 34,5,50.627449, 50.556725, 128.655792, 67.158058,18.571321, 231.199677, 1.001399
5, 34,6,67.716133, 68.388351, 128.655792, 67.158058,18.571321, 231.199677, 0.990171
5, 34,7,36.080791, 34.215614, 128.655792, 67.158058,18.571321, 231.199677, 1.054513
5, 34,8,82.910446, 86.505814, 128.655792, 67.158058,18.571321, 231.199677, 0.958438
5, 34,9,167.951752, 168.612930, 128.655792, 67.158058,18.571321, 231.199677, 0.996079
5, 34,10,166.627731, 167.027161, 128.655792, 67.158058,18.571321, 231.199677, 0.997609
5, 34,11,231.199677, 232.459671, 128.655792, 67.158058,18.571321, 231.199677, 0.994580
5, 34,12,33.168743, 34.351730, 128.655792, 67.158058,18.571321, 231.199677, 0.965563
5, 34,13,204.755203, 204.929550, 128.655792, 67.158058,18.571321, 231.199677, 0.999149
5, 34,14,133.801910, 133.221939, 128.655792, 67.158058,18.571321, 231.199677, 1.004353
5, 34,15,72.703316, 72.267746, 128.655792, 67.158058,18.571321, 231.199677, 1.006027
5, 34,16,69.759041, 70.083038, 128.655792, 67.158058,18.571321, 231.199677, 0.995377
5, 34,17,215.878784, 214.784576, 128.655792, 67.158058,18.571321, 231.199677, 1.005094
5, 34,18,58.623631, 59.574623, 128.655792, 67.158058,18.571321, 231.199677, 0.984037
5, 34,19,173.685776, 173.254608, 128.655792, 67.158058,18.571321, 231.199677, 1.002489
5, 34,20,214.400589, 214.519150, 128.655792, 67.158058,18.571321, 231.199677, 0.999447
5, 34,21,184.654892, 183.763016, 128.655792, 67.158058,18.571321, 231.199677, 1.004853
5, 34,22,178.903946, 179.761108, 128.655792, 67.158058,18.571321, 231.199677, 0.995232
5, 34,23,44.394558, 43.573807, 128.655792, 67.158058,18.571321, 231.199677, 1.018836
5, 34,24,87.636368, 89.058052, 128.655792, 67.158058,18.571321, 231.199677, 0.984036
5, 34,25,230.771240, 231.125702, 128.655792, 67.158058,18.571321, 231.199677, 0.998466
5, 34,26,174.880966, 174.922073, 128.655792, 67.158058,18.571321, 231.199677, 0.999765
5, 34,27,188.950974, 188.676910, 128.655792, 67.158058,18.571321, 231.199677, 1.001453
5, 34,28,87.928497, 88.316208, 128.655792, 67.158058,18.571321, 231.199677, 0.995610
5, 34,29,18.571321, 19.045124, 128.655792, 67.158058,18.571321, 231.199677, 0.975122
5, 34,30,193.559799, 193.121201, 128.655792, 67.158058,18.571321, 231.199677, 1.002271
5, 34,31,195.163986, 195.802765, 128.655792, 67.158058,18.571321, 231.199677, 0.996738
5, 35,0,139.618561, 139.892426, 128.519913, 61.497089,21.049088, 251.030441, 0.998042
5, 35,1,84.677345, 84.827316, 128.519913, 61.497089,21.049088, 251.030441, 0.998232
5, 35,2,142.527054, 142.790588, 128.519913, 61.497089,21.049088, 251.030441, 0.998154
5, 35,3,21.049088, 22.206295, 128.519913, 61.497089,21.049088, 251.030441, 0.947888
5, 35,4,180.448318, 181.302139, 128.519913, 61.497089,21.049088, 251.030441, 0.995291
5, 35,5,77.283348, 76.702110, 128.519913, 61.497089,21.049088, 251.030441, 1.007578
5, 35,6,98.628769, 99.429031, 128.519913, 61.497089,21.049088, 251.030441, 0.991951
5, 35,7,240.733490, 240.477905, 128.519913, 61.497089,21.049088, 251.030441, 1.001063
5, 35,8,91.860481, 91.377762, 128.519913, 61.497089,21.049088, 251.030441, 1.005283
5, 35,9,39.176830, 39.602669, 128.519913, 61.497089,21.049088, 251.030441, 0.989247
5, 35,10,117.693741, 117.357727, 128.519913, 61.497089,21.049088, 251.030441, 1.002863
5, 35,11,117.923615, 117.187668, 128.519913, 61.497089,21.049088, 251.030441, 1.006280
5, 35,12,22.352205, 22.967802, 128.519913, 61.497089,21.049088, 251.030441, 0.973197
5, 35,13,108.579155, 108.463608, 128.519913, 61.497089,21.049088, 251.030441, 1.001065
5, 35,14,70.550697, 70.543510, 128.519913, 61.497089,21.049088, 251.030441, 1.000102
5, 35,15,41.168152, 41.887192, 128.519913, 61.497089,21.049088, 251.030441, 0.982834
5, 35,16,103.569000, 105.454544, 128.519913, 61.497089,21.049088, 251.030441, 0.982120
5, 35,17,241.100128, 240.662720, 128.519913, 61.497089,21.049088, 251.030441, 1.001817
5, 35,18,138.193451, 140.446915, 128.519913, 61.497089,21.049088, 251.030441, 0.983955
5, 35,19,156.413162, 157.355316, 128.519913, 61.497089,21.049088, 251.030441, 0.994013
5, 35,20,150.303360, 150.479584, 128.519913, 61.497089,21.049088, 251.030441, 0.998829
5, 35,21,160.240662, 160.083450, 128.519913, 61.497089,21.049088, 251.030441, 1.000982
5, 35,22,166.538773, 166.138535, 128.519913, 61.497089,21.049088, 251.030441, 1.002409
5, 35,23,160.063965, 159.159271, 128.519913, 61.497089,21.049088, 251.030441, 1.005684
5, 35,24,162.476013, 162.530609, 128.519913, 61.497089,21.049088, 251.030441, 0.999664
5, 35,25,36.877815, 36.039108, 128.519913, 61.497089,21.049088, 251.030441, 1.023272
5, 35,26,180.378754, 181.605270, 128.519913, 61.497089,21.049088, 251.030441, 0.993246
5, 35,27,137.774582, 136.595032, 128.519913, 61.497089,21.049088, 251.030441, 1.008635
5, 35,28,146.846466, 147.810608, 128.519913, 61.497089,21.049088, 251.030441, 0.993477
5, 35,29,117.196564, 117.853073, 128.519913, 61.497089,21.049088, 251.030441, 0.994429
5, 35,30,209.363174, 209.744064, 128.519913, 61.497089,21.049088, 251.030441, 0.998184
5, 35,31,251.030441, 252.026184, 128.519913, 61.497089,21.049088, 251.030441, 0.996049
5, 36,0,16.115494, 15.866611, 128.777985, 66.769775,16.115494, 234.113342, 1.015686
5, 36,1,84.039986, 84.333344, 128.777985, 66.769775,16.115494, 234.113342, 0.996521
5, 36,2,157.821732, 157.380569, 128.777985, 66.769775,16.115494, 234.113342, 1.002803
5, 36,3,79.052536, 78.673058, 128.777985, 66.769775,16.115494, 234.113342, 1.004823
5, 36,4,234.113342, 234.093552, 128.777985, 66.769775,16.115494, 234.113342, 1.000085
5, 36,5,227.629562, 227.683609, 128.777985, 66.769775,16.115494, 234.113342, 0.999763
5, 36,6,129.740204, 129.643127, 128.777985, 66.769775,16.115494, 234.113342, 1.000749
5, 36,7,29.630655, 31.162445, 128.777985, 66.769775,16.115494, 234.113342, 0.950845
5, 36,8,18.888752, 19.195381, 128.777985, 66.769775,16.115494, 234.113342, 0.984026
5, 36,9,138.668030, 136.892120, 128.777985, 66.769775,16.115494, 234.113342, 1.012973
5, 36,10,144.288086, 143.982941, 128.777985, 66.769775,16.115494, 234.113342, 1.002119
5, 36,11,43.020660, 42.593052, 128.777985, 66.769775,16.115494, 234.113342, 1.010039
5, 36,12,177.376099, 177.642044, 128.777985, 66.769775,16.115494, 234.113342, 0.998503
5, 36,13,42.472969, 43.356468, 128.777985, 66.769775,16.115494, 234.113342, 0.979622
5, 36,14,230.731964, 230.365906, 128.777985, 66.769775,16.115494, 234.113342, 1.001589
5, 36,15,218.791321, 216.865112, 128.777985, 66.769775,16.115494, 234.113342, 1.008882
5, 36,16,154.013336, 154.423187, 128.777985, 66.769775,16.115494, 234.113342, 0.997346
5, 36,17,200.790253, 201.046585, 128.777985, 66.769775,16.115494, 234.113342, 0.998725
5, 36,18,141.842239, 141.589539, 128.777985, 66.769775,16.115494, 234.113342, 1.001785
5, 36,19,89.382584, 89.622231, 128.777985, 66.769775,16.115494, 234.113342, 0.997326
5, 36,20,114.746017, 115.076309, 128.777985, 66.769775,16.115494, 234.113342, 0.997130
5, 36,21,77.234329, 77.345673, 128.777985, 66.769775,16.115494, 234.113342, 0.998560
5, 36,22,118.718079, 118.556389, 128.777985, 66.769775,16.115494, 234.113342, 1.001364
5, 36,23,191.703613, 191.871841, 128.777985, 66.769775,16.115494, 234.113342, 0.999123
5, 36,24,226.201294, 226.940826, 128.777985, 66.769775,16.115494, 234.113342, 0.996741
5, 36,25,86.426842, 86.809280, 128.777985, 66.769775,16.115494, 234.113342, 0.995595
5, 36,26,112.241646, 111.857582, 128.777985, 66.769775,16.115494, 234.113342, 1.003433
5, 36,27,131.892334, 131.431290, 128.777985, 66.769775,16.115494, 234.113342, 1.003508
5, 36,28,19.041853, 20.006939, 128.777985, 66.769775,16.115494, 234.113342, 0.951762
5, 36,29,156.497925, 156.163223, 128.777985, 66.769775,16.115494, 234.113342, 1.002143
5, 36,30,171.499298, 171.128937, 128.777985, 66.769775,16.115494, 234.113342, 1.002164
5, 36,31,156.282715, 157.401199, 128.777985, 66.769775,16.115494, 234.113342, 0.992894
5, 37,0,136.779480, 136.332092, 128.819458, 54.529411,18.197754, 212.023209, 1.003282
5, 37,1,107.527855, 107.343864, 128.819458, 54.529411,18.197754, 212.023209, 1.001714
5, 37,2,89.823265, 88.470222, 128.819458, 54.529411,18.197754, 212.023209, 1.015294
5, 37,3,202.505066, 201.834732, 128.819458, 54.529411,18.197754, 212.023209, 1.003321
5, 37,4,156.635651, 156.548325, 128.819458, 54.529411,18.197754, 212.023209, 1.000558
5, 37,5,22.282972, 22.173632, 128.819458, 54.529411,18.197754, 212.023209, 1.004931
5, 37,6,133.555466, 133.756653, 128.819458, 54.529411,18.197754, 212.023209, 0.998496
5, 37,7,67.270454, 67.485870, 128.819458, 54.529411,18.197754, 212.023209, 0.996808
5, 37,8,115.526047, 115.960945, 128.819458, 54.529411,18.197754, 212.023209, 0.996250
5, 37,9,42.687580, 42.602871, 128.819458, 54.529411,18.197754, 212.023209, 1.001988
5, 37,10,19.220167, 19.966112, 128.819458, 54.529411,18.197754, 212.023209, 0.962639
5, 37,11,155.068588, 155.354187, 128.819458, 54.529411,18.197754, 212.023209, 0.998162
5, 37,12,153.733841, 153.927689, 128.819458, 54.529411,18.197754, 212.023209, 0.998741
5, 37,13,189.480164, 189.383560, 128.819458, 54.529411,18.197754, 212.023209, 1.000510
5, 37,14,167.018723, 166.178787, 128.819458, 54.529411,18.197754, 212.023209, 1.005054
5, 37,15,197.843735, 196.432129, 128.819458, 54.529411,18.197754, 212.023209, 1.007186
5, 37,16,122.292641, 122.041298, 128.819458, 54.529411,18.197754, 212.023209, 1.002059
5, 37,17,72.317146, 72.546387, 128.819458, 54.529411,18.197754, 212.023209, 0.996840
5, 37,18,123.014229, 123.493622, 128.819458, 54.529411,18.197754, 212.023209, 0.996118
5, 37,19,154.889023, 154.508621, 128.819458, 54.529411,18.197754, 212.023209, 1.002462
5, 37,20,152.127563, 153.424225, 128.819458, 54.529411,18.197754, 212.023209, 0.991549
5, 37,21,170.840363, 171.090851, 128.819458, 54.529411,18.197754, 212.023209, 0.998536
5, 37,22,155.364700, 155.741486, 128.819458, 54.529411,18.197754, 212.023209, 0.997581
5, 37,23,163.405655, 163.493622, 128.819458, 54.529411,18.197754, 212.023209, 0.999462
5, 37,24,137.263763, 136.861374, 128.819458, 54.529411,18.197754, 212.023209, 1.002940
5, 37,25,51.997261, 52.846535, 128.819458, 54.529411,18.197754, 212.023209, 0.983929
5, 37,26,154.417099, 155.380005, 128.819458, 54.529411,18.197754, 212.023209, 0.993803
5, 37,27,212.023209, 210.697098, 128.819458, 54.529411,18.197754, 212.023209, 1.006294
5, 37,28,165.060669, 164.649002, 128.819458, 54.529411,18.197754, 212.023209, 1.002500
5, 37,29,18.197754, 18.571888, 128.819458, 54.529411,18.197754, 212.023209, 0.979855
5, 37,30,131.379791, 131.161835, 128.819458, 54.529411,18.197754, 212.023209, 1.001662
5, 37,31,180.672974, 180.740677, 128.819458, 54.529411,18.197754, 212.023209, 0.999625
5, 38,0,107.565468, 107.655815, 128.536758, 56.313206,44.092030, 217.341080, 0.999161
5, 38,1,67.454254, 68.109398, 128.536758, 56.313206,44.092030, 217.341080, 0.990381
5, 38,2,52.822430, 52.420685, 128.536758, 56.313206,44.092030, 217.341080, 1.007664
5, 38,3,131.180771, 131.633270, 128.536758, 56.313206,44.092030, 217.341080, 0.996562
5, 38,4,186.368958, 187.114227, 128.536758, 56.313206,44.092030, 217.341080, 0.996017
5, 38,5,141.335297, 141.258286, 128.536758, 56.313206,44.092030, 217.341080, 1.000545
5, 38,6,119.305878, 118.686447, 128.536758, 56.313206,44.092030, 217.341080, 1.005219
5, 38,7,166.236389, 165.298767, 128.536758, 56.313206,44.092030, 217.341080, 1.005672
5, 38,8,44.092030, 44.251709, 128.536758, 56.313206,44.092030, 217.341080, 0.996392
5, 38,9,172.921555, 174.633850, 128.536758, 56.313206,44.092030, 217.341080, 0.990195
5, 38,10,81.265800, 81.484833, 128.536758, 56.313206,44.092030, 217.341080, 0.997312
5, 38,11,153.448914, 151.431686, 128.536758, 56.313206,44.092030, 217.341080, 1.013321
5, 38,12,65.917130, 65.733086, 128.536758, 56.313206,44.092030, 217.341080, 1.002800
5, 38,13,118.584122, 120.961906, 128.536758, 56.313206,44.092030, 217.341080, 0.980343
5, 38,14,153.270294, 152.553650, 128.536758, 56.313206,44.092030, 217.341080, 1.004698
5, 38,15,172.903687, 174.596024, 128.536758, 56.313206,44.092030, 217.341080, 0.990307
5, 38,16,213.187332, 213.789459, 128.536758, 56.313206,44.092030, 217.341080, 0.997184
5, 38,17,169.159637, 168.639481, 128.536758, 56.313206,44.092030, 217.341080, 1.003084
5, 38,18,59.874855, 57.658657, 128.536758, 56.313206,44.092030, 217.341080, 1.038437
5, 38,19,80.857567, 81.333565, 128.536758, 56.313206,44.092030, 217.341080, 0.994148
5, 38,20,55.173820, 56.139584, 128.536758, 56.313206,44.092030, 217.341080, 0.982797
5, 38,21,57.152676, 58.282677, 128.536758, 56.313206,44.092030, 217.341080, 0.980612
5, 38,22,184.344727, 183.313385, 128.536758, 56.313206,44.092030, 217.341080, 1.005626
5, 38,23,194.933746, 196.764450, 128.536758, 56.313206,44.092030, 217.341080, 0.990696
5, 38,24,49.688484, 50.025455, 128.536758, 56.313206,44.092030, 217.341080, 0.993264
5, 38,25,213.167587, 213.436478, 128.536758, 56.313206,44.092030, 217.341080, 0.998740
5, 38,26,173.936935, 172.717651, 128.536758, 56.313206,44.092030, 217.341080, 1.007059
5, 38,27,190.349823, 192.345901, 128.536758, 56.313206,44.092030, 217.341080, 0.989622
5, 38,28,110.950607, 110.958702, 128.536758, 56.313206,44.092030, 217.341080, 0.999927
5, 38,29,69.712051, 70.359650, 128.536758, 56.313206,44.092030, 217.341080, 0.990796
5, 38,30,138.672104, 141.088089, 128.536758, 56.313206,44.092030, 217.341080, 0.982876
5, 38,31,217.341080, 216.323349, 128.536758, 56.313206,44.092030, 217.341080, 1.004705
5, 39,0,90.877029, 88.970978, 128.568695, 77.577728,14.989209, 283.044769, 1.021423
5, 39,1,52.644787, 53.642754, 128.568695, 77.577728,14.989209, 283.044769, 0.981396
5, 39,2,98.997437, 99.543785, 128.568695, 77.577728,14.989209, 283.044769, 0.994511
5, 39,3,39.679985, 41.786846, 128.568695, 77.577728,14.989209, 283.044769, 0.949581
5, 39,4,135.324493, 136.001129, 128.568695, 77.577728,14.989209, 283.044769, 0.995025
5, 39,5,29.193571, 28.536623, 128.568695, 77.577728,14.989209, 283.044769, 1.023021
5, 39,6,150.714615, 151.518188, 128.568695, 77.577728,14.989209, 283.044769, 0.994696
5, 39,7,102.501129, 103.145027, 128.568695, 77.577728,14.989209, 283.044769, 0.993757
5, 39,8,260.256470, 259.795319, 128.568695, 77.577728,14.989209, 283.044769, 1.001775
5, 39,9,58.790173, 58.989033, 128.568695, 77.577728,14.989209, 283.044769, 0.996629
5, 39,10,205.130173, 204.228226, 128.568695, 77.577728,14.989209, 283.044769, 1.004416
5, 39,11,230.154099, 229.479782, 128.568695, 77.577728,14.989209, 283.044769, 1.002939
5, 39,12,242.385315, 241.156036, 128.568695, 77.577728,14.989209, 283.044769, 1.005097
5, 39,13,156.875015, 157.754089, 128.568695, 77.577728,14.989209, 283.044769, 0.994428
5, 39,14,51.553280, 51.427258, 128.568695, 77.577728,14.989209, 283.044769, 1.002450
5, 39,15,283.044769, 281.941772, 128.568695, 77.577728,14.989209, 283.044769, 1.003912
5, 39,16,103.896561, 106.404129, 128.568695, 77.577728,14.989209, 283.044769, 0.976434
5, 39,17,152.993744, 155.162201, 128.568695, 77.577728,14.989209, 283.044769, 0.986025
5, 39,18,52.280972, 53.976364, 128.568695, 77.577728,14.989209, 283.044769, 0.968590
5, 39,19,42.924038, 43.146938, 128.568695, 77.577728,14.989209, 283.044769, 0.994834
5, 39,20,14.989209, 14.619186, 128.568695, 77.577728,14.989209, 283.044769, 1.025311
5, 39,21,72.425476, 72.316238, 128.568695, 77.577728,14.989209, 283.044769, 1.001511
5, 39,22,193.876572, 195.160919, 128.568695, 77.577728,14.989209, 283.044769, 0.993419
5, 39,23,123.209824, 123.897156, 128.568695, 77.577728,14.989209, 283.044769, 0.994452
5, 39,24,235.649506, 235.193878, 128.568695, 77.577728,14.989209, 283.044769, 1.001937
5, 39,25,223.868637, 223.432068, 128.568695, 77.577728,14.989209, 283.044769, 1.001954
5, 39,26,229.268936, 229.445572, 128.568695, 77.577728,14.989209, 283.044769, 0.999230
5, 39,27,149.748962, 150.739761, 128.568695, 77.577728,14.989209, 283.044769, 0.993427
5, 39,28,34.401516, 33.301231, 128.568695, 77.577728,14.989209, 283.044769, 1.033040
5, 39,29,110.735504, 109.808640, 128.568695, 77.577728,14.989209, 283.044769, 1.008441
5, 39,30,93.459885, 92.212952, 128.568695, 77.577728,14.989209, 283.044769, 1.013522
5, 39,31,92.346481, 94.265930, 128.568695, 77.577728,14.989209, 283.044769, 0.979638
5, 40,0,24.209831, 23.430340, 128.685776, 65.243141,20.036701, 235.068909, 1.033268
5, 40,1,60.662216, 61.248802, 128.685776, 65.243141,20.036701, 235.068909, 0.990423
5, 40,2,129.864304, 130.025909, 128.685776, 65.243141,20.036701, 235.068909, 0.998757
5, 40,3,72.604614, 71.986191, 128.685776, 65.243141,20.036701, 235.068909, 1.008591
5, 40,4,85.435707, 85.905525, 128.685776, 65.243141,20.036701, 235.068909, 0.994531
5, 40,5,234.570023, 235.051193, 128.685776, 65.243141,20.036701, 235.068909, 0.997953
5, 40,6,196.087128, 196.860794, 128.685776, 65.243141,20.036701, 235.068909, 0.996070
5, 40,7,86.815857, 87.262337, 128.685776, 65.243141,20.036701, 235.068909, 0.994883
5, 40,8,222.928635, 221.889450, 128.685776, 65.243141,20.036701, 235.068909, 1.004683
5, 40,9,179.016754, 179.545990, 128.685776, 65.243141,20.036701, 235.068909, 0.997052
5, 40,10,223.567337, 223.322021, 128.685776, 65.243141,20.036701, 235.068909, 1.001099
5, 40,11,158.794327, 158.711746, 128.685776, 65.243141,20.036701, 235.068909, 1.000520
5, 40,12,137.414642, 137.285187, 128.685776, 65.243141,20.036701, 235.068909, 1.000943
5, 40,13,103.255943, 102.717560, 128.685776, 65.243141,20.036701, 235.068909, 1.005241
5, 40,14,139.415451, 141.403824, 128.685776, 65.243141,20.036701, 235.068909, 0.985938
5, 40,15,63.337452, 63.817783, 128.685776, 65.243141,20.036701, 235.068909, 0.992473
5, 40,16,87.846985, 86.752670, 128.685776, 65.243141,20.036701, 235.068909, 1.012614
5, 40,17,142.075989, 140.811508, 128.685776, 65.243141,20.036701, 235.068909, 1.008980
5, 40,18,114.688629, 114.198776, 128.685776, 65.243141,20.036701, 235.068909, 1.004290
5, 40,19,193.243286, 193.196732, 128.685776, 65.243141,20.036701, 235.068909, 1.000241
5, 40,20,207.006042, 208.128510, 128.685776, 65.243141,20.036701, 235.068909, 0.994607
5, 40,21,126.425995, 126.375626, 128.685776, 65.243141,20.036701, 235.068909, 1.000399
5, 40,22,20.036701, 18.691841, 128.685776, 65.243141,20.036701, 235.068909, 1.071949
5, 40,23,197.446182, 196.633499, 128.685776, 65.243141,20.036701, 235.068909, 1.004133
5, 40,24,211.657883, 211.709946, 128.685776, 65.243141,20.036701, 235.068909, 0.999754
5, 40,25,96.362877, 97.290321, 128.685776, 65.243141,20.036701, 235.068909, 0.990467
5, 40,26,89.920082, 90.885078, 128.685776, 65.243141,20.036701, 235.068909, 0.989382
5, 40,27,235.068909, 235.519516, 128.685776, 65.243141,20.036701, 235.068909, 0.998087
5, 40,28,51.454987, 52.040409, 128.685776, 65.243141,20.036701, 235.068909, 0.988751
5, 40,29,113.937126, 115.107910, 128.685776, 65.243141,20.036701, 235.068909, 0.989829
5, 40,30,31.984032, 32.080856, 128.685776, 65.243141,20.036701, 235.068909, 0.996982
5, 40,31,80.808723, 81.111931, 128.685776, 65.243141,20.036701, 235.068909, 0.996262
5, 41,0,70.899925, 70.185760, 128.680557, 73.875046,13.277666, 246.833527, 1.010175
5, 41,1,112.089867, 112.177902, 128.680557, 73.875046,13.277666, 246.833527, 0.999215
5, 41,2,86.726425, 87.096794, 128.680557, 73.875046,13.277666, 246.833527, 0.995748
5, 41,3,228.015045, 228.182663, 128.680557, 73.875046,13.277666, 246.833527, 0.999265
5, 41,4,82.126427, 80.839493, 128.680557, 73.875046,13.277666, 246.833527, 1.015920
5, 41,5,97.917412, 96.890503, 128.680557, 73.875046,13.277666, 246.833527, 1.010599
5, 41,6,242.324829, 242.876953, 128.680557, 73.875046,13.277666, 246.833527, 0.997727
5, 41,7,164.121887, 166.113785, 128.680557, 73.875046,13.277666, 246.833527, 0.988009
5, 41,8,246.833527, 247.399399, 128.680557, 73.875046,13.277666, 246.833527, 0.997713
5, 41,9,198.299973, 197.526321, 128.680557, 73.875046,13.277666, 246.833527, 1.003917
5, 41,10,160.693359, 159.871307, 128.680557, 73.875046,13.277666, 246.833527, 1.005142
5, 41,11,13.277666, 15.056257, 128.680557, 73.875046,13.277666, 246.833527, 0.881870
5, 41,12,159.789551, 158.937149, 128.680557, 73.875046,13.277666, 246.833527, 1.005363
5, 41,13,23.705570, 25.213253, 128.680557, 73.875046,13.277666, 246.833527, 0.940203
5, 41,14,161.851776, 160.783218, 128.680557, 73.875046,13.277666, 246.833527, 1.006646
5, 41,15,246.366470, 245.686798, 128.680557, 73.875046,13.277666, 246.833527, 1.002766
5, 41,16,39.202957, 39.121666, 128.680557, 73.875046,13.277666, 246.833527, 1.002078
5, 41,17,196.639389, 196.814590, 128.680557, 73.875046,13.277666, 246.833527, 0.999110
5, 41,18,239.369095, 240.348816, 128.680557, 73.875046,13.277666, 246.833527, 0.995924
5, 41,19,75.175301, 74.826843, 128.680557, 73.875046,13.277666, 246.833527, 1.004657
5, 41,20,138.710602, 139.839035, 128.680557, 73.875046,13.277666, 246.833527, 0.991930
5, 41,21,54.923428, 54.527679, 128.680557, 73.875046,13.277666, 246.833527, 1.007258
5, 41,22,14.267814, 13.447448, 128.680557, 73.875046,13.277666, 246.833527, 1.061005
5, 41,23,80.430824, 81.024834, 128.680557, 73.875046,13.277666, 246.833527, 0.992669
5, 41,24,91.872070, 91.671143, 128.680557, 73.875046,13.277666, 246.833527, 1.002192
5, 41,25,129.748108, 130.727386, 128.680557, 73.875046,13.277666, 246.833527, 0.992509
5, 41,26,217.455750, 218.033066, 128.680557, 73.875046,13.277666, 246.833527, 0.997352
5, 41,27,155.502945, 155.334015, 128.680557, 73.875046,13.277666, 246.833527, 1.001088
5, 41,28,101.711815, 101.494522, 128.680557, 73.875046,13.277666, 246.833527, 1.002141
5, 41,29,43.555164, 43.043602, 128.680557, 73.875046,13.277666, 246.833527, 1.011885
5, 41,30,192.279541, 193.055771, 128.680557, 73.875046,13.277666, 246.833527, 0.995979
5, 41,31,51.893375, 52.852142, 128.680557, 73.875046,13.277666, 246.833527, 0.981859
5, 42,0,194.316162, 193.648315, 128.670670, 73.065956,10.654531, 272.781555, 1.003449
5, 42,1,127.213234, 127.040283, 128.670670, 73.065956,10.654531, 272.781555, 1.001361
5, 42,2,223.843964, 223.473404, 128.670670, 73.065956,10.654531, 272.781555, 1.001658
5, 42,3,232.216003, 232.303879, 128.670670, 73.065956,10.654531, 272.781555, 0.999622
5, 42,4,272.781555, 273.235718, 128.670670, 73.065956,10.654531, 272.781555, 0.998338
5, 42,5,104.995995, 104.608910, 128.670670, 73.065956,10.654531, 272.781555, 1.003700
5, 42,6,147.291107, 146.517395, 128.670670, 73.065956,10.654531, 272.781555, 1.005281
5, 42,7,174.158157, 175.309311, 128.670670, 73.065956,10.654531, 272.781555, 0.993434
5, 42,8,31.451817, 31.317474, 128.670670, 73.065956,10.654531, 272.781555, 1.004290
5, 42,9,79.132309, 79.667221, 128.670670, 73.065956,10.654531, 272.781555, 0.993286
5, 42,10,242.648621, 242.272507, 128.670670, 73.065956,10.654531, 272.781555, 1.001552
5, 42,11,170.876221, 170.853699, 128.670670, 73.065956,10.654531, 272.781555, 1.000132
5, 42,12,10.654531, 10.887892, 128.670670, 73.065956,10.654531, 272.781555, 0.978567
5, 42,13,178.770355, 178.739807, 128.670670, 73.065956,10.654531, 272.781555, 1.000171
5, 42,14,23.114326, 22.301338, 128.670670, 73.065956,10.654531, 272.781555, 1.036455
5, 42,15,26.384993, 27.160528, 128.670670, 73.065956,10.654531, 272.781555, 0.971446
5, 42,16,72.252769, 71.974854, 128.670670, 73.065956,10.654531, 272.781555, 1.003861
5, 42,17,190.028931, 190.605270, 128.670670, 73.065956,10.654531, 272.781555, 0.996976
5, 42,18,27.634121, 29.985638, 128.670670, 73.065956,10.654531, 272.781555, 0.921579
5, 42,19,103.769409, 104.140739, 128.670670, 73.065956,10.654531, 272.781555, 0.996434
5, 42,20,173.893234, 173.783752, 128.670670, 73.065956,10.654531, 272.781555, 1.000630
5, 42,21,161.979324, 162.378372, 128.670670, 73.065956,10.654531, 272.781555, 0.997543
5, 42,22,217.939468, 217.645599, 128.670670, 73.065956,10.654531, 272.781555, 1.001350
5, 42,23,132.112198, 131.665405, 128.670670, 73.065956,10.654531, 272.781555, 1.003393
5, 42,24,118.753319, 117.975716, 128.670670, 73.065956,10.654531, 272.781555, 1.006591
5, 42,25,144.593338, 144.677048, 128.670670, 73.065956,10.654531, 272.781555, 0.999421
5, 42,26,84.558235, 82.734489, 128.670670, 73.065956,10.654531, 272.781555, 1.022043
5, 42,27,156.201370, 156.566727, 128.670670, 73.065956,10.654531, 272.781555, 0.997666
5, 42,28,48.665386, 46.710289, 128.670670, 73.065956,10.654531, 272.781555, 1.041856
5, 42,29,50.551292, 53.143467, 128.670670, 73.065956,10.654531, 272.781555, 0.951223
5, 42,30,40.295322, 42.262760, 128.670670, 73.065956,10.654531, 272.781555, 0.953447
5, 42,31,154.384689, 155.412460, 128.670670, 73.065956,10.654531, 272.781555, 0.993387
5, 43,0,145.176895, 144.876892, 128.829590, 57.649418,16.924486, 214.383835, 1.002071
5, 43,1,170.566299, 171.081253, 128.829590, 57.649418,16.924486, 214.383835, 0.996990
5, 43,2,172.179459, 172.744232, 128.829590, 57.649418,16.924486, 214.383835, 0.996731
5, 43,3,214.383835, 214.274368, 128.829590, 57.649418,16.924486, 214.383835, 1.000511
5, 43,4,17.212816, 16.903843, 128.829590, 57.649418,16.924486, 214.383835, 1.018278
5, 43,5,110.372215, 110.893112, 128.829590, 57.649418,16.924486, 214.383835, 0.995303
5, 43,6,66.128395, 67.025986, 128.829590, 57.649418,16.924486, 214.383835, 0.986608
5, 43,7,53.987850, 53.867111, 128.829590, 57.649418,16.924486, 214.383835, 1.002241
5, 43,8,160.507324, 160.631012, 128.829590, 57.649418,16.924486, 214.383835, 0.999230
5, 43,9,16.924486, 16.922741, 128.829590, 57.649418,16.924486, 214.383835, 1.000103
5, 43,10,124.599747, 124.644096, 128.829590, 57.649418,16.924486, 214.383835, 0.999644
5, 43,11,49.402401, 49.571114, 128.829590, 57.649418,16.924486, 214.383835, 0.996597
5, 43,12,147.900604, 148.832748, 128.829590, 57.649418,16.924486, 214.383835, 0.993737
5, 43,13,127.793297, 128.410980, 128.829590, 57.649418,16.924486, 214.383835, 0.995190
5, 43,14,175.626831, 175.030807, 128.829590, 57.649418,16.924486, 214.383835, 1.003405
5, 43,15,205.763748, 206.822495, 128.829590, 57.649418,16.924486, 214.383835, 0.994881
5, 43,16,141.781693, 142.250153, 128.829590, 57.649418,16.924486, 214.383835, 0.996707
5, 43,17,155.049576, 154.363373, 128.829590, 57.649418,16.924486, 214.383835, 1.004445
5, 43,18,208.866653, 208.006729, 128.829590, 57.649418,16.924486, 214.383835, 1.004134
5, 43,19,213.702820, 212.806656, 128.829590, 57.649418,16.924486, 214.383835, 1.004211
5, 43,20,148.061462, 148.605972, 128.829590, 57.649418,16.924486, 214.383835, 0.996336
5, 43,21,77.297188, 77.318764, 128.829590, 57.649418,16.924486, 214.383835, 0.999721
5, 43,22,155.704880, 155.503525, 128.829590, 57.649418,16.924486, 214.383835, 1.001295
5, 43,23,116.920914, 117.034760, 128.829590, 57.649418,16.924486, 214.383835, 0.999027
5, 43,24,174.750061, 173.840271, 128.829590, 57.649418,16.924486, 214.383835, 1.005234
5, 43,25,138.595856, 138.382492, 128.829590, 57.649418,16.924486, 214.383835, 1.001542
5, 43,26,65.696327, 65.520493, 128.829590, 57.649418,16.924486, 214.383835, 1.002684
5, 43,27,42.374065, 41.646809, 128.829590, 57.649418,16.924486, 214.383835, 1.017462
5, 43,28,188.438934, 188.265274, 128.829590, 57.649418,16.924486, 214.383835, 1.000922
5, 43,29,141.227310, 138.886429, 128.829590, 57.649418,16.924486, 214.383835, 1.016855
5, 43,30,55.902531, 55.624569, 128.829590, 57.649418,16.924486, 214.383835, 1.004997
5, 43,31,139.650192, 140.410797, 128.829590, 57.649418,16.924486, 214.383835, 0.994583
5, 44,0,184.345215, 183.821625, 128.885605, 63.927990,29.075994, 226.889328, 1.002848
5, 44,1,166.136276, 165.567627, 128.885605, 63.927990,29.075994, 226.889328, 1.003435
5, 44,2,166.251358, 166.013336, 128.885605, 63.927990,29.075994, 226.889328, 1.001434
5, 44,3,70.606400, 68.618118, 128.885605, 63.927990,29.075994, 226.889328, 1.028976
5, 44,4,210.120468, 208.862640, 128.885605, 63.927990,29.075994, 226.889328, 1.006022
5, 44,5,126.487152, 125.872078, 128.885605, 63.927990,29.075994, 226.889328, 1.004887
5, 44,6,48.509190, 47.811386, 128.885605, 63.927990,29.075994, 226.889328, 1.014595
5, 44,7,200.627274, 200.225250, 128.885605, 63.927990,29.075994, 226.889328, 1.002008
5, 44,8,190.192810, 189.615906, 128.885605, 63.927990,29.075994, 226.889328, 1.003042
5, 44,9,157.560104, 158.578018, 128.885605, 63.927990,29.075994, 226.889328, 0.993581
5, 44,10,38.517567, 39.052437, 128.885605, 63.927990,29.075994, 226.889328, 0.986304
5, 44,11,137.685837, 136.900131, 128.885605, 63.927990,29.075994, 226.889328, 1.005739
5, 44,12,112.383698, 112.865341, 128.885605, 63.927990,29.075994, 226.889328, 0.995733
5, 44,13,138.519272, 140.060623, 128.885605, 63.927990,29.075994, 226.889328, 0.988995
5, 44,14,226.088623, 225.894302, 128.885605, 63.927990,29.075994, 226.889328, 1.000860
5, 44,15,141.949753, 142.410751, 128.885605, 63.927990,29.075994, 226.889328, 0.996763
5, 44,16,164.472595, 165.473068, 128.885605, 63.927990,29.075994, 226.889328, 0.993954
5, 44,17,226.889328, 226.441315, 128.885605, 63.927990,29.075994, 226.889328, 1.001979
5, 44,18,91.248077, 92.132896, 128.885605, 63.927990,29.075994, 226.889328, 0.990396
5, 44,19,29.075994, 28.031149, 128.885605, 63.927990,29.075994, 226.889328, 1.037274
5, 44,20,40.510540, 40.281525, 128.885605, 63.927990,29.075994, 226.889328, 1.005685
5, 44,21,85.863083, 86.737061, 128.885605, 63.927990,29.075994, 226.889328, 0.989924
5, 44,22,72.022331, 72.791626, 128.885605, 63.927990,29.075994, 226.889328, 0.989432
5, 44,23,52.505623, 51.606705, 128.885605, 63.927990,29.075994, 226.889328, 1.017419
5, 44,24,136.985870, 138.986862, 128.885605, 63.927990,29.075994, 226.889328, 0.985603
5, 44,25,190.507477, 190.365509, 128.885605, 63.927990,29.075994, 226.889328, 1.000746
5, 44,26,43.052410, 42.976067, 128.885605, 63.927990,29.075994, 226.889328, 1.001776
5, 44,27,169.771027, 167.877228, 128.885605, 63.927990,29.075994, 226.889328, 1.011281
5, 44,28,197.957367, 197.719788, 128.885605, 63.927990,29.075994, 226.889328, 1.001202
5, 44,29,204.277939, 204.425751, 128.885605, 63.927990,29.075994, 226.889328, 0.999277
5, 44,30,59.836208, 59.730854, 128.885605, 63.927990,29.075994, 226.889328, 1.001764
5, 44,31,43.382599, 43.252953, 128.885605, 63.927990,29.075994, 226.889328, 1.002997
5, 45,0,43.309364, 45.014645, 128.777634, 51.664791,39.236980, 229.933655, 0.962117
5, 45,1,69.759651, 68.038063, 128.777634, 51.664791,39.236980, 229.933655, 1.025303
5, 45,2,155.996979, 156.350052, 128.777634, 51.664791,39.236980, 229.933655, 0.997742
5, 45,3,148.589996, 147.412750, 128.777634, 51.664791,39.236980, 229.933655, 1.007986
5, 45,4,229.933655, 230.548721, 128.777634, 51.664791,39.236980, 229.933655, 0.997332
5, 45,5,125.677704, 125.042274, 128.777634, 51.664791,39.236980, 229.933655, 1.005082
5, 45,6,75.000580, 74.193512, 128.777634, 51.664791,39.236980, 229.933655, 1.010878
5, 45,7,134.267990, 132.986572, 128.777634, 51.664791,39.236980, 229.933655, 1.009636
5, 45,8,147.942947, 148.086105, 128.777634, 51.664791,39.236980, 229.933655, 0.999033
5, 45,9,133.003448, 132.013916, 128.777634, 51.664791,39.236980, 229.933655, 1.007496
5, 45,10,175.484756, 175.986267, 128.777634, 51.664791,39.236980, 229.933655, 0.997150
5, 45,11,139.848450, 140.747162, 128.777634, 51.664791,39.236980, 229.933655, 0.993615
5, 45,12,39.236980, 39.036034, 128.777634, 51.664791,39.236980, 229.933655, 1.005148
5, 45,13,161.488586, 161.437653, 128.777634, 51.664791,39.236980, 229.933655, 1.000316
5, 45,14,195.397186, 194.323380, 128.777634, 51.664791,39.236980, 229.933655, 1.005526
5, 45,15,119.586700, 119.811859, 128.777634, 51.664791,39.236980, 229.933655, 0.998121
5, 45,16,51.476719, 52.271950, 128.777634, 51.664791,39.236980, 229.933655, 0.984787
5, 45,17,112.339149, 112.418510, 128.777634, 51.664791,39.236980, 229.933655, 0.999294
5, 45,18,173.442032, 174.721176, 128.777634, 51.664791,39.236980, 229.933655, 0.992679
5, 45,19,147.896790, 147.916061, 128.777634, 51.664791,39.236980, 229.933655, 0.999870
5, 45,20,91.254951, 91.809662, 128.777634, 51.664791,39.236980, 229.933655, 0.993958
5, 45,21,195.963943, 195.547668, 128.777634, 51.664791,39.236980, 229.933655, 1.002129
5, 45,22,50.497173, 51.870659, 128.777634, 51.664791,39.236980, 229.933655, 0.973521
5, 45,23,168.963699, 170.388550, 128.777634, 51.664791,39.236980, 229.933655, 0.991638
5, 45,24,69.626572, 70.602264, 128.777634, 51.664791,39.236980, 229.933655, 0.986180
5, 45,25,198.540619, 199.322571, 128.777634, 51.664791,39.236980, 229.933655, 0.996077
5, 45,26,207.252274, 206.607086, 128.777634, 51.664791,39.236980, 229.933655, 1.003123
5, 45,27,140.772842, 140.012619, 128.777634, 51.664791,39.236980, 229.933655, 1.005430
5, 45,28,75.937370, 76.002731, 128.777634, 51.664791,39.236980, 229.933655, 0.999140
5, 45,29,135.955307, 136.033676, 128.777634, 51.664791,39.236980, 229.933655, 0.999424
5, 45,30,114.903946, 113.282310, 128.777634, 51.664791,39.236980, 229.933655, 1.014315
5, 45,31,91.536568, 91.163506, 128.777634, 51.664791,39.236980, 229.933655, 1.004092
5, 46,0,73.194733, 73.462265, 128.845551, 76.645485,16.942015, 244.108032, 0.996358
5, 46,1,84.211220, 84.695030, 128.845551, 76.645485,16.942015, 244.108032, 0.994288
5, 46,2,115.047577, 115.093323, 128.845551, 76.645485,16.942015, 244.108032, 0.999603
5, 46,3,16.942015, 16.945200, 128.845551, 76.645485,16.942015, 244.108032, 0.999812
5, 46,4,170.858841, 170.783386, 128.845551, 76.645485,16.942015, 244.108032, 1.000442
5, 46,5,220.660614, 220.909256, 128.845551, 76.645485,16.942015, 244.108032, 0.998874
5, 46,6,239.568268, 239.472626, 128.845551, 76.645485,16.942015, 244.108032, 1.000399
5, 46,7,225.739914, 222.049408, 128.845551, 76.645485,16.942015, 244.108032, 1.016620
5, 46,8,233.431229, 234.398209, 128.845551, 76.645485,16.942015, 244.108032, 0.995875
5, 46,9,224.004837, 223.960327, 128.845551, 76.645485,16.942015, 244.108032, 1.000199
5, 46,10,58.738136, 60.230255, 128.845551, 76.645485,16.942015, 244.108032, 0.975226
5, 46,11,35.459332, 35.203445, 128.845551, 76.645485,16.942015, 244.108032, 1.007269
5, 46,12,94.225929, 95.614639, 128.845551, 76.645485,16.942015, 244.108032, 0.985476
5, 46,13,45.709908, 44.027466, 128.845551, 76.645485,16.942015, 244.108032, 1.038213
5, 46,14,212.518951, 210.519562, 128.845551, 76.645485,16.942015, 244.108032, 1.009497
5, 46,15,182.966049, 183.975250, 128.845551, 76.645485,16.942015, 244.108032, 0.994514
5, 46,16,83.433044, 83.153435, 128.845551, 76.645485,16.942015, 244.108032, 1.003363
5, 46,17,237.266663, 237.770447, 128.845551, 76.645485,16.942015, 244.108032, 0.997881
5, 46,18,50.027740, 48.756626, 128.845551, 76.645485,16.942015, 244.108032, 1.026071
5, 46,19,164.679733, 165.725037, 128.845551, 76.645485,16.942015, 244.108032, 0.993693
5, 46,20,174.363831, 173.176071, 128.845551, 76.645485,16.942015, 244.108032, 1.006859
5, 46,21,78.302719, 78.215515, 128.845551, 76.645485,16.942015, 244.108032, 1.001115
5, 46,22,74.361145, 73.068840, 128.845551, 76.645485,16.942015, 244.108032, 1.017686
5, 46,23,244.108032, 245.703232, 128.845551, 76.645485,16.942015, 244.108032, 0.993508
5, 46,24,212.897171, 210.856796, 128.845551, 76.645485,16.942015, 244.108032, 1.009677
5, 46,25,80.592812, 80.335213, 128.845551, 76.645485,16.942015, 244.108032, 1.003206
5, 46,26,34.543518, 34.127548, 128.845551, 76.645485,16.942015, 244.108032, 1.012189
5, 46,27,47.574585, 47.672691, 128.845551, 76.645485,16.942015, 244.108032, 0.997942
5, 46,28,91.213600, 93.342400, 128.845551, 76.645485,16.942015, 244.108032, 0.977194
5, 46,29,171.020660, 169.514771, 128.845551, 76.645485,16.942015, 244.108032, 1.008883
5, 46,30,118.578430, 121.460426, 128.845551, 76.645485,16.942015, 244.108032, 0.976272
5, 46,31,26.815918, 26.780888, 128.845551, 76.645485,16.942015, 244.108032, 1.001308
5, 47,0,219.865997, 218.037674, 128.941422, 66.112495,16.218521, 237.495758, 1.008385
5, 47,1,98.163986, 97.591164, 128.941422, 66.112495,16.218521, 237.495758, 1.005870
5, 47,2,88.427826, 88.451218, 128.941422, 66.112495,16.218521, 237.495758, 0.999736
5, 47,3,124.779564, 125.107948, 128.941422, 66.112495,16.218521, 237.495758, 0.997375
5, 47,4,231.746918, 231.089798, 128.941422, 66.112495,16.218521, 237.495758, 1.002844
5, 47,5,236.828171, 236.082153, 128.941422, 66.112495,16.218521, 237.495758, 1.003160
5, 47,6,83.551300, 83.500412, 128.941422, 66.112495,16.218521, 237.495758, 1.000609
5, 47,7,162.315964, 162.062408, 128.941422, 66.112495,16.218521, 237.495758, 1.001565
5, 47,8,150.855484, 150.069702, 128.941422, 66.112495,16.218521, 237.495758, 1.005236
5, 47,9,101.771622, 101.122513, 128.941422, 66.112495,16.218521, 237.495758, 1.006419
5, 47,10,219.875916, 219.020920, 128.941422, 66.112495,16.218521, 237.495758, 1.003904
5, 47,11,237.495758, 236.137527, 128.941422, 66.112495,16.218521, 237.495758, 1.005752
5, 47,12,150.143311, 149.086456, 128.941422, 66.112495,16.218521, 237.495758, 1.007089
5, 47,13,123.848801, 123.252258, 128.941422, 66.112495,16.218521, 237.495758, 1.004840
5, 47,14,88.845177, 88.437370, 128.941422, 66.112495,16.218521, 237.495758, 1.004611
5, 47,15,160.304718, 159.715103, 128.941422, 66.112495,16.218521, 237.495758, 1.003692
5, 47,16,134.855637, 134.774139, 128.941422, 66.112495,16.218521, 237.495758, 1.000605
5, 47,17,167.616409, 168.778885, 128.941422, 66.112495,16.218521, 237.495758, 0.993112
5, 47,18,87.312897, 86.311638, 128.941422, 66.112495,16.218521, 237.495758, 1.011600
5, 47,19,16.218521, 16.626461, 128.941422, 66.112495,16.218521, 237.495758, 0.975464
5, 47,20,22.698858, 23.744543, 128.941422, 66.112495,16.218521, 237.495758, 0.955961
5, 47,21,97.379341, 97.148018, 128.941422, 66.112495,16.218521, 237.495758, 1.002381
5, 47,22,104.315887, 104.861572, 128.941422, 66.112495,16.218521, 237.495758, 0.994796
5, 47,23,16.788786, 16.903431, 128.941422, 66.112495,16.218521, 237.495758, 0.993218
5, 47,24,91.895004, 93.111206, 128.941422, 66.112495,16.218521, 237.495758, 0.986938
5, 47,25,99.583412, 98.989853, 128.941422, 66.112495,16.218521, 237.495758, 1.005996
5, 47,26,23.819530, 22.975956, 128.941422, 66.112495,16.218521, 237.495758, 1.036716
5, 47,27,191.037109, 192.494293, 128.941422, 66.112495,16.218521, 237.495758, 0.992430
5, 47,28,218.791824, 220.114929, 128.941422, 66.112495,16.218521, 237.495758, 0.993989
5, 47,29,55.241745, 56.135960, 128.941422, 66.112495,16.218521, 237.495758, 0.984071
5, 47,30,181.144653, 179.774536, 128.941422, 66.112495,16.218521, 237.495758, 1.007621
5, 47,31,138.604935, 139.489502, 128.941422, 66.112495,16.218521, 237.495758, 0.993659
5, 48,0,119.600716, 119.049469, 128.603958, 76.352501,14.019956, 243.328049, 1.004630
5, 48,1,233.765305, 233.066360, 128.603958, 76.352501,14.019956, 243.328049, 1.002999
5, 48,2,141.019409, 141.002502, 128.603958, 76.352501,14.019956, 243.328049, 1.000120
5, 48,3,33.764565, 34.036377, 128.603958, 76.352501,14.019956, 243.328049, 0.992014
5, 48,4,53.725849, 55.741394, 128.603958, 76.352501,14.019956, 243.328049, 0.963841
5, 48,5,243.328049, 241.810715, 128.603958, 76.352501,14.019956, 243.328049, 1.006275
5, 48,6,56.241455, 56.485443, 128.603958, 76.352501,14.019956, 243.328049, 0.995681
5, 48,7,180.917023, 178.070389, 128.603958, 76.352501,14.019956, 243.328049, 1.015986
5, 48,8,107.176323, 108.661102, 128.603958, 76.352501,14.019956, 243.328049, 0.986336
5, 48,9,15.850286, 16.200422, 128.603958, 76.352501,14.019956, 243.328049, 0.978387
5, 48,10,19.314329, 20.062397, 128.603958, 76.352501,14.019956, 243.328049, 0.962713
5, 48,11,62.310772, 60.212784, 128.603958, 76.352501,14.019956, 243.328049, 1.034843
5, 48,12,116.691589, 117.285004, 128.603958, 76.352501,14.019956, 243.328049, 0.994940
5, 48,13,155.660172, 156.726776, 128.603958, 76.352501,14.019956, 243.328049, 0.993195
5, 48,14,79.247849, 79.338425, 128.603958, 76.352501,14.019956, 243.328049, 0.998858
5, 48,15,142.462463, 143.688171, 128.603958, 76.352501,14.019956, 243.328049, 0.991470
5, 48,16,239.049500, 240.790314, 128.603958, 76.352501,14.019956, 243.328049, 0.992770
5, 48,17,67.021606, 67.164337, 128.603958, 76.352501,14.019956, 243.328049, 0.997875
5, 48,18,172.897171, 173.209259, 128.603958, 76.352501,14.019956, 243.328049, 0.998198
5, 48,19,239.411942, 240.032074, 128.603958, 76.352501,14.019956, 243.328049, 0.997416
5, 48,20,185.339172, 186.177002, 128.603958, 76.352501,14.019956, 243.328049, 0.995500
5, 48,21,66.436050, 66.958839, 128.603958, 76.352501,14.019956, 243.328049, 0.992192
5, 48,22,208.790909, 209.228394, 128.603958, 76.352501,14.019956, 243.328049, 0.997909
5, 48,23,232.189468, 234.837906, 128.603958, 76.352501,14.019956, 243.328049, 0.988722
5, 48,24,195.666763, 194.737122, 128.603958, 76.352501,14.019956, 243.328049, 1.004774
5, 48,25,86.706696, 86.360847, 128.603958, 76.352501,14.019956, 243.328049, 1.004005
5, 48,26,177.170654, 175.887848, 128.603958, 76.352501,14.019956, 243.328049, 1.007293
5, 48,27,14.019956, 12.182549, 128.603958, 76.352501,14.019956, 243.328049, 1.150823
5, 48,28,19.507217, 20.714329, 128.603958, 76.352501,14.019956, 243.328049, 0.941726
5, 48,29,203.549698, 205.125473, 128.603958, 76.352501,14.019956, 243.328049, 0.992318
5, 48,30,64.572159, 64.875504, 128.603958, 76.352501,14.019956, 243.328049, 0.995324
5, 48,31,181.921051, 181.280441, 128.603958, 76.352501,14.019956, 243.328049, 1.003534
5, 49,0,164.445496, 162.870026, 128.774841, 79.474052,13.560878, 265.320618, 1.009673
5, 49,1,59.237762, 57.262787, 128.774841, 79.474052,13.560878, 265.320618, 1.034490
5, 49,2,210.423035, 211.624573, 128.774841, 79.474052,13.560878, 265.320618, 0.994322
5, 49,3,239.087158, 240.299545, 128.774841, 79.474052,13.560878, 265.320618, 0.994955
5, 49,4,87.496201, 88.226707, 128.774841, 79.474052,13.560878, 265.320618, 0.991720
5, 49,5,265.320618, 265.075409, 128.774841, 79.474052,13.560878, 265.320618, 1.000925
5, 49,6,64.387161, 65.360924, 128.774841, 79.474052,13.560878, 265.320618, 0.985102
5, 49,7,30.102940, 30.040117, 128.774841, 79.474052,13.560878, 265.320618, 1.002091
5, 49,8,59.317623, 60.112133, 128.774841, 79.474052,13.560878, 265.320618, 0.986783
5, 49,9,58.062004, 57.554829, 128.774841, 79.474052,13.560878, 265.320618, 1.008812
5, 49,10,94.431442, 93.072952, 128.774841, 79.474052,13.560878, 265.320618, 1.014596
5, 49,11,195.059845, 194.354858, 128.774841, 79.474052,13.560878, 265.320618, 1.003627
5, 49,12,75.314995, 74.074707, 128.774841, 79.474052,13.560878, 265.320618, 1.016744
5, 49,13,176.676041, 178.584824, 128.774841, 79.474052,13.560878, 265.320618, 0.989312
5, 49,14,138.487946, 138.836090, 128.774841, 79.474052,13.560878, 265.320618, 0.997492
5, 49,15,17.106714, 17.056269, 128.774841, 79.474052,13.560878, 265.320618, 1.002958
5, 49,16,13.560878, 11.223402, 128.774841, 79.474052,13.560878, 265.320618, 1.208268
5, 49,17,157.564301, 157.565979, 128.774841, 79.474052,13.560878, 265.320618, 0.999989
5, 49,18,86.193306, 87.563698, 128.774841, 79.474052,13.560878, 265.320618, 0.984350
5, 49,19,157.236221, 156.713531, 128.774841, 79.474052,13.560878, 265.320618, 1.003335
5, 49,20,188.519730, 188.845612, 128.774841, 79.474052,13.560878, 265.320618, 0.998274
5, 49,21,49.509293, 52.021893, 128.774841, 79.474052,13.560878, 265.320618, 0.951701
5, 49,22,230.452820, 230.022980, 128.774841, 79.474052,13.560878, 265.320618, 1.001869
5, 49,23,32.283611, 32.163315, 128.774841, 79.474052,13.560878, 265.320618, 1.003740
5, 49,24,53.991741, 54.650238, 128.774841, 79.474052,13.560878, 265.320618, 0.987951
5, 49,25,259.659454, 259.116241, 128.774841, 79.474052,13.560878, 265.320618, 1.002096
5, 49,26,178.501892, 179.516190, 128.774841, 79.474052,13.560878, 265.320618, 0.994350
5, 49,27,69.734428, 70.080887, 128.774841, 79.474052,13.560878, 265.320618, 0.995056
5, 49,28,139.502365, 140.706711, 128.774841, 79.474052,13.560878, 265.320618, 0.991441
5, 49,29,83.265205, 82.970024, 128.774841, 79.474052,13.560878, 265.320618, 1.003558
5, 49,30,229.651062, 228.065521, 128.774841, 79.474052,13.560878, 265.320618, 1.006952
5, 49,31,256.211304, 255.367111, 128.774841, 79.474052,13.560878, 265.320618, 1.003306
5, 50,0,104.321495, 105.210701, 128.844742, 81.921577,12.874408, 257.054108, 0.991548
5, 50,1,12.874408, 12.169455, 128.844742, 81.921577,12.874408, 257.054108, 1.057928
5, 50,2,104.656273, 103.708183, 128.844742, 81.921577,12.874408, 257.054108, 1.009142
5, 50,3,254.543915, 254.864746, 128.844742, 81.921577,12.874408, 257.054108, 0.998741
5, 50,4,65.656113, 65.462914, 128.844742, 81.921577,12.874408, 257.054108, 1.002951
5, 50,5,115.272003, 115.598015, 128.844742, 81.921577,12.874408, 257.054108, 0.997180
5, 50,6,69.003685, 69.019897, 128.844742, 81.921577,12.874408, 257.054108, 0.999765
5, 50,7,105.087463, 103.685181, 128.844742, 81.921577,12.874408, 257.054108, 1.013524
5, 50,8,72.384819, 72.400574, 128.844742, 81.921577,12.874408, 257.054108, 0.999782
5, 50,9,47.447342, 47.608997, 128.844742, 81.921577,12.874408, 257.054108, 0.996605
5, 50,10,53.533047, 53.941040, 128.844742, 81.921577,12.874408, 257.054108, 0.992436
5, 50,11,131.400635, 129.519333, 128.844742, 81.921577,12.874408, 257.054108, 1.014525
5, 50,12,73.548897, 73.213165, 128.844742, 81.921577,12.874408, 257.054108, 1.004586
5, 50,13,252.365875, 252.281342, 128.844742, 81.921577,12.874408, 257.054108, 1.000335
5, 50,14,257.054108, 255.585342, 128.844742, 81.921577,12.874408, 257.054108, 1.005747
5, 50,15,50.971699, 51.227306, 128.844742, 81.921577,12.874408, 257.054108, 0.995010
5, 50,16,106.302177, 106.314590, 128.844742, 81.921577,12.874408, 257.054108, 0.999883
5, 50,17,140.278030, 140.581238, 128.844742, 81.921577,12.874408, 257.054108, 0.997843
5, 50,18,220.090607, 220.168793, 128.844742, 81.921577,12.874408, 257.054108, 0.999645
5, 50,19,231.379913, 231.384048, 128.844742, 81.921577,12.874408, 257.054108, 0.999982
5, 50,20,197.179459, 196.366135, 128.844742, 81.921577,12.874408, 257.054108, 1.004142
5, 50,21,195.013184, 194.993942, 128.844742, 81.921577,12.874408, 257.054108, 1.000099
5, 50,22,220.835205, 221.931961, 128.844742, 81.921577,12.874408, 257.054108, 0.995058
5, 50,23,82.432968, 82.864548, 128.844742, 81.921577,12.874408, 257.054108, 0.994792
5, 50,24,16.581787, 16.293718, 128.844742, 81.921577,12.874408, 257.054108, 1.017680
5, 50,25,251.136658, 251.783066, 128.844742, 81.921577,12.874408, 257.054108, 0.997433
5, 50,26,43.218208, 42.281181, 128.844742, 81.921577,12.874408, 257.054108, 1.022162
5, 50,27,254.174118, 255.700348, 128.844742, 81.921577,12.874408, 257.054108, 0.994031
5, 50,28,19.833567, 19.636059, 128.844742, 81.921577,12.874408, 257.054108, 1.010058
5, 50,29,153.529327, 154.402893, 128.844742, 81.921577,12.874408, 257.054108, 0.994342
5, 50,30,181.420776, 180.888641, 128.844742, 81.921577,12.874408, 257.054108, 1.002942
5, 50,31,39.504608, 39.912411, 128.844742, 81.921577,12.874408, 257.054108, 0.989783
5, 51,0,96.915314, 95.164726, 128.760956, 74.767624,12.053206, 257.139313, 1.018395
5, 51,1,56.257732, 54.340755, 128.760956, 74.767624,12.053206, 257.139313, 1.035277
5, 51,2,104.710663, 106.315323, 128.760956, 74.767624,12.053206, 257.139313, 0.984907
5, 51,3,134.207001, 134.688171, 128.760956, 74.767624,12.053206, 257.139313, 0.996428
5, 51,4,208.389542, 208.740784, 128.760956, 74.767624,12.053206, 257.139313, 0.998317
5, 51,5,20.869017, 20.642704, 128.760956, 74.767624,12.053206, 257.139313, 1.010963
5, 51,6,83.981926, 82.752083, 128.760956, 74.767624,12.053206, 257.139313, 1.014862
5, 51,7,207.029099, 207.540298, 128.760956, 74.767624,12.053206, 257.139313, 0.997537
5, 51,8,92.623230, 90.578278, 128.760956, 74.767624,12.053206, 257.139313, 1.022577
5, 51,9,257.139313, 257.652588, 128.760956, 74.767624,12.053206, 257.139313, 0.998008
5, 51,10,181.595749, 181.722321, 128.760956, 74.767624,12.053206, 257.139313, 0.999303
5, 51,11,142.501205, 142.645187, 128.760956, 74.767624,12.053206, 257.139313, 0.998991
5, 51,12,177.709793, 176.797272, 128.760956, 74.767624,12.053206, 257.139313, 1.005161
5, 51,13,74.238800, 74.725807, 128.760956, 74.767624,12.053206, 257.139313, 0.993483
5, 51,14,242.948975, 243.731659, 128.760956, 74.767624,12.053206, 257.139313, 0.996789
5, 51,15,178.386536, 178.251694, 128.760956, 74.767624,12.053206, 257.139313, 1.000757
5, 51,16,95.314362, 95.041595, 128.760956, 74.767624,12.053206, 257.139313, 1.002870
5, 51,17,192.485321, 192.111069, 128.760956, 74.767624,12.053206, 257.139313, 1.001948
5, 51,18,181.581955, 181.122070, 128.760956, 74.767624,12.053206, 257.139313, 1.002539
5, 51,19,31.225775, 31.793304, 128.760956, 74.767624,12.053206, 257.139313, 0.982149
5, 51,20,185.914459, 186.339539, 128.760956, 74.767624,12.053206, 257.139313, 0.997719
5, 51,21,223.011993, 224.162308, 128.760956, 74.767624,12.053206, 257.139313, 0.994868
5, 51,22,120.484520, 121.136612, 128.760956, 74.767624,12.053206, 257.139313, 0.994617
5, 51,23,15.802553, 15.078948, 128.760956, 74.767624,12.053206, 257.139313, 1.047988
5, 51,24,83.021652, 82.282669, 128.760956, 74.767624,12.053206, 257.139313, 1.008981
5, 51,25,204.328812, 205.493317, 128.760956, 74.767624,12.053206, 257.139313, 0.994333
5, 51,26,19.072309, 19.634611, 128.760956, 74.767624,12.053206, 257.139313, 0.971362
5, 51,27,206.129852, 207.509506, 128.760956, 74.767624,12.053206, 257.139313, 0.993351
5, 51,28,82.675781, 82.121063, 128.760956, 74.767624,12.053206, 257.139313, 1.006755
5, 51,29,22.008694, 21.589237, 128.760956, 74.767624,12.053206, 257.139313, 1.019429
5, 51,30,12.053206, 13.940033, 128.760956, 74.767624,12.053206, 257.139313, 0.864647
5, 51,31,185.734650, 185.354523, 128.760956, 74.767624,12.053206, 257.139313, 1.002051
5, 52,0,93.835526, 94.820412, 128.874603, 52.264473,12.794387, 223.643097, 0.989613
5, 52,1,56.009293, 55.649323, 128.874603, 52.264473,12.794387, 223.643097, 1.006469
5, 52,2,123.360298, 122.289520, 128.874603, 52.264473,12.794387, 223.643097, 1.008756
5, 52,3,149.786438, 148.983994, 128.874603, 52.264473,12.794387, 223.643097, 1.005386
5, 52,4,177.271210, 177.789871, 128.874603, 52.264473,12.794387, 223.643097, 0.997083
5, 52,5,207.409286, 206.424408, 128.874603, 52.264473,12.794387, 223.643097, 1.004771
5, 52,6,134.836487, 135.026642, 128.874603, 52.264473,12.794387, 223.643097, 0.998592
5, 52,7,12.794387, 12.947771, 128.874603, 52.264473,12.794387, 223.643097, 0.988154
5, 52,8,133.054718, 132.229691, 128.874603, 52.264473,12.794387, 223.643097, 1.006239
5, 52,9,125.704453, 126.848274, 128.874603, 52.264473,12.794387, 223.643097, 0.990983
5, 52,10,138.317230, 138.495422, 128.874603, 52.264473,12.794387, 223.643097, 0.998713
5, 52,11,216.293289, 215.644760, 128.874603, 52.264473,12.794387, 223.643097, 1.003007
5, 52,12,138.015656, 138.310303, 128.874603, 52.264473,12.794387, 223.643097, 0.997870
5, 52,13,120.756226, 121.501167, 128.874603, 52.264473,12.794387, 223.643097, 0.993869
5, 52,14,164.216766, 165.409241, 128.874603, 52.264473,12.794387, 223.643097, 0.992791
5, 52,15,178.196945, 178.180634, 128.874603, 52.264473,12.794387, 223.643097, 1.000092
5, 52,16,117.120079, 117.771889, 128.874603, 52.264473,12.794387, 223.643097, 0.994465
5, 52,17,143.273544, 141.875076, 128.874603, 52.264473,12.794387, 223.643097, 1.009857
5, 52,18,200.297119, 200.378036, 128.874603, 52.264473,12.794387, 223.643097, 0.999596
5, 52,19,91.502533, 92.530739, 128.874603, 52.264473,12.794387, 223.643097, 0.988888
5, 52,20,66.527061, 68.228760, 128.874603, 52.264473,12.794387, 223.643097, 0.975059
5, 52,21,159.855164, 159.239487, 128.874603, 52.264473,12.794387, 223.643097, 1.003866
5, 52,22,97.981575, 100.277214, 128.874603, 52.264473,12.794387, 223.643097, 0.977107
5, 52,23,66.110542, 65.239868, 128.874603, 52.264473,12.794387, 223.643097, 1.013346
5, 52,24,78.539688, 76.832146, 128.874603, 52.264473,12.794387, 223.643097, 1.022224
5, 52,25,152.681854, 151.794647, 128.874603, 52.264473,12.794387, 223.643097, 1.005845
5, 52,26,223.643097, 222.342361, 128.874603, 52.264473,12.794387, 223.643097, 1.005850
5, 52,27,58.724663, 58.370869, 128.874603, 52.264473,12.794387, 223.643097, 1.006061
5, 52,28,189.611176, 188.676071, 128.874603, 52.264473,12.794387, 223.643097, 1.004956
5, 52,29,77.406723, 78.299171, 128.874603, 52.264473,12.794387, 223.643097, 0.988602
5, 52,30,71.964981, 71.368492, 128.874603, 52.264473,12.794387, 223.643097, 1.008358
5, 52,31,158.889053, 157.224045, 128.874603, 52.264473,12.794387, 223.643097, 1.010590
5, 53,0,216.333603, 215.585892, 128.773880, 78.221344,13.435141, 257.651550, 1.003468
5, 53,1,108.412575, 108.552246, 128.773880, 78.221344,13.435141, 257.651550, 0.998713
5, 53,2,28.226797, 29.348719, 128.773880, 78.221344,13.435141, 257.651550, 0.961773
5, 53,3,148.572632, 148.180954, 128.773880, 78.221344,13.435141, 257.651550, 1.002643
5, 53,4,198.865250, 198.107422, 128.773880, 78.221344,13.435141, 257.651550, 1.003825
5, 53,5,65.763107, 65.729546, 128.773880, 78.221344,13.435141, 257.651550, 1.000511
5, 53,6,105.772118, 105.158134, 128.773880, 78.221344,13.435141, 257.651550, 1.005839
5, 53,7,85.249298, 85.093658, 128.773880, 78.221344,13.435141, 257.651550, 1.001829
5, 53,8,127.737404, 127.362213, 128.773880, 78.221344,13.435141, 257.651550, 1.002946
5, 53,9,106.397308, 106.905212, 128.773880, 78.221344,13.435141, 257.651550, 0.995249
5, 53,10,70.023018, 69.747055, 128.773880, 78.221344,13.435141, 257.651550, 1.003957
5, 53,11,193.647278, 193.443390, 128.773880, 78.221344,13.435141, 257.651550, 1.001054
5, 53,12,257.651550, 257.431152, 128.773880, 78.221344,13.435141, 257.651550, 1.000856
5, 53,13,243.779587, 245.247787, 128.773880, 78.221344,13.435141, 257.651550, 0.994013
5, 53,14,206.485413, 205.357422, 128.773880, 78.221344,13.435141, 257.651550, 1.005493
5, 53,15,48.563248, 48.320313, 128.773880, 78.221344,13.435141, 257.651550, 1.005028
5, 53,16,218.640640, 219.495667, 128.773880, 78.221344,13.435141, 257.651550, 0.996105
5, 53,17,87.216843, 86.948479, 128.773880, 78.221344,13.435141, 257.651550, 1.003086
5, 53,18,16.381552, 15.372079, 128.773880, 78.221344,13.435141, 257.651550, 1.065669
5, 53,19,244.465836, 247.133408, 128.773880, 78.221344,13.435141, 257.651550, 0.989206
5, 53,20,14.360111, 15.910826, 128.773880, 78.221344,13.435141, 257.651550, 0.902537
5, 53,21,168.519821, 167.929871, 128.773880, 78.221344,13.435141, 257.651550, 1.003513
5, 53,22,172.818161, 172.247543, 128.773880, 78.221344,13.435141, 257.651550, 1.003313
5, 53,23,127.547607, 128.178040, 128.773880, 78.221344,13.435141, 257.651550, 0.995082
5, 53,24,213.884094, 212.769043, 128.773880, 78.221344,13.435141, 257.651550, 1.005241
5, 53,25,146.698837, 146.526215, 128.773880, 78.221344,13.435141, 257.651550, 1.001178
5, 53,26,27.399065, 26.847393, 128.773880, 78.221344,13.435141, 257.651550, 1.020548
5, 53,27,230.438095, 230.224442, 128.773880, 78.221344,13.435141, 257.651550, 1.000928
5, 53,28,13.435141, 15.025742, 128.773880, 78.221344,13.435141, 257.651550, 0.894142
5, 53,29,71.266777, 70.278114, 128.773880, 78.221344,13.435141, 257.651550, 1.014068
5, 53,30,19.104591, 18.404455, 128.773880, 78.221344,13.435141, 257.651550, 1.038042
5, 53,31,137.106964, 138.137161, 128.773880, 78.221344,13.435141, 257.651550, 0.992542
5, 54,0,111.439194, 111.947784, 129.007858, 81.987610,17.181704, 277.206055, 0.995457
5, 54,1,232.732101, 233.788635, 129.007858, 81.987610,17.181704, 277.206055, 0.995481
5, 54,2,42.174618, 42.355385, 129.007858, 81.987610,17.181704, 277.206055, 0.995732
5, 54,3,150.451172, 150.251083, 129.007858, 81.987610,17.181704, 277.206055, 1.001332
5, 54,4,104.419769, 102.784317, 129.007858, 81.987610,17.181704, 277.206055, 1.015911
5, 54,5,192.216690, 192.103180, 129.007858, 81.987610,17.181704, 277.206055, 1.000591
5, 54,6,76.060196, 76.910004, 129.007858, 81.987610,17.181704, 277.206055, 0.988951
5, 54,7,118.791504, 120.311531, 129.007858, 81.987610,17.181704, 277.206055, 0.987366
5, 54,8,18.993452, 18.938549, 129.007858, 81.987610,17.181704, 277.206055, 1.002899
5, 54,9,277.206055, 276.407104, 129.007858, 81.987610,17.181704, 277.206055, 1.002890
5, 54,10,206.500961, 206.781387, 129.007858, 81.987610,17.181704, 277.206055, 0.998644
5, 54,11,30.624237, 30.826073, 129.007858, 81.987610,17.181704, 277.206055, 0.993452
5, 54,12,229.459381, 227.732407, 129.007858, 81.987610,17.181704, 277.206055, 1.007583
5, 54,13,35.624783, 36.357475, 129.007858, 81.987610,17.181704, 277.206055, 0.979848
5, 54,14,238.925354, 237.578979, 129.007858, 81.987610,17.181704, 277.206055, 1.005667
5, 54,15,51.717793, 51.402229, 129.007858, 81.987610,17.181704, 277.206055, 1.006139
5, 54,16,234.597916, 232.772324, 129.007858, 81.987610,17.181704, 277.206055, 1.007843
5, 54,17,240.526596, 241.560913, 129.007858, 81.987610,17.181704, 277.206055, 0.995718
5, 54,18,154.405411, 155.824158, 129.007858, 81.987610,17.181704, 277.206055, 0.990895
5, 54,19,23.459352, 24.295017, 129.007858, 81.987610,17.181704, 277.206055, 0.965603
5, 54,20,148.235748, 146.494080, 129.007858, 81.987610,17.181704, 277.206055, 1.011889
5, 54,21,136.083282, 135.756165, 129.007858, 81.987610,17.181704, 277.206055, 1.002410
5, 54,22,76.650223, 74.860718, 129.007858, 81.987610,17.181704, 277.206055, 1.023904
5, 54,23,206.106018, 206.714737, 129.007858, 81.987610,17.181704, 277.206055, 0.997055
5, 54,24,271.362183, 271.700409, 129.007858, 81.987610,17.181704, 277.206055, 0.998755
5, 54,25,91.912506, 91.313309, 129.007858, 81.987610,17.181704, 277.206055, 1.006562
5, 54,26,85.876289, 85.357056, 129.007858, 81.987610,17.181704, 277.206055, 1.006083
5, 54,27,117.191536, 115.654823, 129.007858, 81.987610,17.181704, 277.206055, 1.013287
5, 54,28,96.811935, 97.127953, 129.007858, 81.987610,17.181704, 277.206055, 0.996746
5, 54,29,17.181704, 16.006239, 129.007858, 81.987610,17.181704, 277.206055, 1.073438
5, 54,30,18.843983, 18.888569, 129.007858, 81.987610,17.181704, 277.206055, 0.997640
5, 54,31,91.669106, 90.197037, 129.007858, 81.987610,17.181704, 277.206055, 1.016321
5, 55,0,53.599110, 53.467640, 128.800766, 70.921066,29.281244, 247.920959, 1.002459
5, 55,1,94.107788, 94.473328, 128.800766, 70.921066,29.281244, 247.920959, 0.996131
5, 55,2,80.262085, 78.868820, 128.800766, 70.921066,29.281244, 247.920959, 1.017666
5, 55,3,195.798523, 196.552872, 128.800766, 70.921066,29.281244, 247.920959, 0.996162
5, 55,4,247.920959, 247.033783, 128.800766, 70.921066,29.281244, 247.920959, 1.003591
5, 55,5,29.281244, 28.965040, 128.800766, 70.921066,29.281244, 247.920959, 1.010917
5, 55,6,203.836517, 204.041000, 128.800766, 70.921066,29.281244, 247.920959, 0.998998
5, 55,7,160.956238, 160.880188, 128.800766, 70.921066,29.281244, 247.920959, 1.000473
5, 55,8,153.900482, 154.100693, 128.800766, 70.921066,29.281244, 247.920959, 0.998701
5, 55,9,125.172722, 124.469650, 128.800766, 70.921066,29.281244, 247.920959, 1.005648
5, 55,10,183.101837, 183.636780, 128.800766, 70.921066,29.281244, 247.920959, 0.997087
5, 55,11,35.575340, 35.832199, 128.800766, 70.921066,29.281244, 247.920959, 0.992832
5, 55,12,210.152496, 209.556641, 128.800766, 70.921066,29.281244, 247.920959, 1.002843
5, 55,13,201.722122, 201.359879, 128.800766, 70.921066,29.281244, 247.920959, 1.001799
5, 55,14,174.154633, 173.701324, 128.800766, 70.921066,29.281244, 247.920959, 1.002610
5, 55,15,143.519592, 142.565353, 128.800766, 70.921066,29.281244, 247.920959, 1.006693
5, 55,16,74.141975, 74.222527, 128.800766, 70.921066,29.281244, 247.920959, 0.998915
5, 55,17,241.213364, 242.139114, 128.800766, 70.921066,29.281244, 247.920959, 0.996177
5, 55,18,102.318573, 100.193527, 128.800766, 70.921066,29.281244, 247.920959, 1.021209
5, 55,19,244.854553, 245.148972, 128.800766, 70.921066,29.281244, 247.920959, 0.998799
5, 55,20,34.123764, 34.736374, 128.800766, 70.921066,29.281244, 247.920959, 0.982364
5, 55,21,51.111660, 51.867737, 128.800766, 70.921066,29.281244, 247.920959, 0.985423
5, 55,22,108.407204, 108.989319, 128.800766, 70.921066,29.281244, 247.920959, 0.994659
5, 55,23,146.582458, 145.443695, 128.800766, 70.921066,29.281244, 247.920959, 1.007830
5, 55,24,86.606087, 86.707596, 128.800766, 70.921066,29.281244, 247.920959, 0.998829
5, 55,25,123.864624, 123.534554, 128.800766, 70.921066,29.281244, 247.920959, 1.002672
5, 55,26,32.262894, 34.561043, 128.800766, 70.921066,29.281244, 247.920959, 0.933505
5, 55,27,110.635231, 110.114372, 128.800766, 70.921066,29.281244, 247.920959, 1.004730
5, 55,28,239.006104, 239.589493, 128.800766, 70.921066,29.281244, 247.920959, 0.997565
5, 55,29,34.121078, 35.233147, 128.800766, 70.921066,29.281244, 247.920959, 0.968437
5, 55,30,48.754143, 49.201233, 128.800766, 70.921066,29.281244, 247.920959, 0.990913
5, 55,31,150.558975, 149.812378, 128.800766, 70.921066,29.281244, 247.920959, 1.004984
5, 56,0,189.787079, 190.368851, 128.885864, 71.377380,19.613159, 242.380936, 0.996944
5, 56,1,157.981323, 157.517044, 128.885864, 71.377380,19.613159, 242.380936, 1.002947
5, 56,2,221.356522, 220.130814, 128.885864, 71.377380,19.613159, 242.380936, 1.005568
5, 56,3,160.173050, 158.632217, 128.885864, 71.377380,19.613159, 242.380936, 1.009713
5, 56,4,26.273294, 24.930702, 128.885864, 71.377380,19.613159, 242.380936, 1.053853
5, 56,5,151.514557, 150.825928, 128.885864, 71.377380,19.613159, 242.380936, 1.004566
5, 56,6,214.471024, 214.973969, 128.885864, 71.377380,19.613159, 242.380936, 0.997660
5, 56,7,198.978638, 197.514542, 128.885864, 71.377380,19.613159, 242.380936, 1.007413
5, 56,8,227.365295, 227.617477, 128.885864, 71.377380,19.613159, 242.380936, 0.998892
5, 56,9,207.240891, 209.000259, 128.885864, 71.377380,19.613159, 242.380936, 0.991582
5, 56,10,152.434509, 151.493622, 128.885864, 71.377380,19.613159, 242.380936, 1.006211
5, 56,11,242.380936, 242.583694, 128.885864, 71.377380,19.613159, 242.380936, 0.999164
5, 56,12,198.158264, 198.054398, 128.885864, 71.377380,19.613159, 242.380936, 1.000524
5, 56,13,41.145512, 41.260712, 128.885864, 71.377380,19.613159, 242.380936, 0.997208
5, 56,14,77.684563, 78.871590, 128.885864, 71.377380,19.613159, 242.380936, 0.984950
5, 56,15,171.594116, 171.851089, 128.885864, 71.377380,19.613159, 242.380936, 0.998505
5, 56,16,108.324577, 109.081047, 128.885864, 71.377380,19.613159, 242.380936, 0.993065
5, 56,17,56.773434, 57.455765, 128.885864, 71.377380,19.613159, 242.380936, 0.988124
5, 56,18,55.475933, 55.537930, 128.885864, 71.377380,19.613159, 242.380936, 0.998884
5, 56,19,19.613159, 19.262432, 128.885864, 71.377380,19.613159, 242.380936, 1.018208
5, 56,20,45.497692, 45.813797, 128.885864, 71.377380,19.613159, 242.380936, 0.993100
5, 56,21,23.415333, 23.289886, 128.885864, 71.377380,19.613159, 242.380936, 1.005386
5, 56,22,139.344727, 139.411255, 128.885864, 71.377380,19.613159, 242.380936, 0.999523
5, 56,23,31.975750, 33.042435, 128.885864, 71.377380,19.613159, 242.380936, 0.967718
5, 56,24,208.940262, 208.843979, 128.885864, 71.377380,19.613159, 242.380936, 1.000461
5, 56,25,109.070900, 108.995811, 128.885864, 71.377380,19.613159, 242.380936, 1.000689
5, 56,26,181.629868, 180.424530, 128.885864, 71.377380,19.613159, 242.380936, 1.006681
5, 56,27,163.398376, 163.455231, 128.885864, 71.377380,19.613159, 242.380936, 0.999652
5, 56,28,35.868176, 35.997322, 128.885864, 71.377380,19.613159, 242.380936, 0.996412
5, 56,29,63.392647, 61.873886, 128.885864, 71.377380,19.613159, 242.380936, 1.024546
5, 56,30,120.727959, 120.794044, 128.885864, 71.377380,19.613159, 242.380936, 0.999453
5, 56,31,122.359596, 122.093910, 128.885864, 71.377380,19.613159, 242.380936, 1.002176
5, 57,0,29.757725, 30.456612, 128.723999, 65.505180,12.912276, 216.163162, 0.977053
5, 57,1,27.538969, 28.829531, 128.723999, 65.505180,12.912276, 216.163162, 0.955235
5, 57,2,211.575180, 211.804016, 128.723999, 65.505180,12.912276, 216.163162, 0.998920
5, 57,3,100.079575, 99.666618, 128.723999, 65.505180,12.912276, 216.163162, 1.004143
5, 57,4,189.614609, 189.608795, 128.723999, 65.505180,12.912276, 216.163162, 1.000031
5, 57,5,155.717560, 154.803680, 128.723999, 65.505180,12.912276, 216.163162, 1.005903
5, 57,6,100.022095, 99.948730, 128.723999, 65.505180,12.912276, 216.163162, 1.000734
5, 57,7,71.860306, 72.511421, 128.723999, 65.505180,12.912276, 216.163162, 0.991021
5, 57,8,52.824577, 52.999565, 128.723999, 65.505180,12.912276, 216.163162, 0.996698
5, 57,9,192.349518, 193.118820, 128.723999, 65.505180,12.912276, 216.163162, 0.996016
5, 57,10,91.895531, 92.239784, 128.723999, 65.505180,12.912276, 216.163162, 0.996268
5, 57,11,216.163162, 216.081680, 128.723999, 65.505180,12.912276, 216.163162, 1.000377
5, 57,12,85.248840, 84.373367, 128.723999, 65.505180,12.912276, 216.163162, 1.010376
5, 57,13,112.264633, 112.237137, 128.723999, 65.505180,12.912276, 216.163162, 1.000245
5, 57,14,181.363480, 181.368423, 128.723999, 65.505180,12.912276, 216.163162, 0.999973
5, 57,15,105.353790, 105.643524, 128.723999, 65.505180,12.912276, 216.163162, 0.997257
5, 57,16,209.953033, 210.616516, 128.723999, 65.505180,12.912276, 216.163162, 0.996850
5, 57,17,196.894272, 196.261459, 128.723999, 65.505180,12.912276, 216.163162, 1.003224
5, 57,18,73.768150, 73.174057, 128.723999, 65.505180,12.912276, 216.163162, 1.008119
5, 57,19,129.758850, 131.683395, 128.723999, 65.505180,12.912276, 216.163162, 0.985385
5, 57,20,198.523788, 198.852966, 128.723999, 65.505180,12.912276, 216.163162, 0.998345
5, 57,21,156.976120, 155.531937, 128.723999, 65.505180,12.912276, 216.163162, 1.009285
5, 57,22,53.263828, 54.364212, 128.723999, 65.505180,12.912276, 216.163162, 0.979759
5, 57,23,213.889694, 213.483582, 128.723999, 65.505180,12.912276, 216.163162, 1.001902
5, 57,24,210.564453, 210.281906, 128.723999, 65.505180,12.912276, 216.163162, 1.001344
5, 57,25,70.635544, 71.697876, 128.723999, 65.505180,12.912276, 216.163162, 0.985183
5, 57,26,12.912276, 11.489305, 128.723999, 65.505180,12.912276, 216.163162, 1.123852
5, 57,27,189.907089, 189.346359, 128.723999, 65.505180,12.912276, 216.163162, 1.002961
5, 57,28,194.008881, 193.906128, 128.723999, 65.505180,12.912276, 216.163162, 1.000530
5, 57,29,93.410828, 93.689720, 128.723999, 65.505180,12.912276, 216.163162, 0.997023
5, 57,30,47.086903, 47.527847, 128.723999, 65.505180,12.912276, 216.163162, 0.990722
5, 57,31,143.984848, 143.401001, 128.723999, 65.505180,12.912276, 216.163162, 1.004071
5, 58,0,111.845551, 111.660370, 128.656860, 66.910698,14.499200, 216.460266, 1.001658
5, 58,1,201.191833, 200.933624, 128.656860, 66.910698,14.499200, 216.460266, 1.001285
5, 58,2,14.499200, 15.500458, 128.656860, 66.910698,14.499200, 216.460266, 0.935405
5, 58,3,107.958656, 107.805618, 128.656860, 66.910698,14.499200, 216.460266, 1.001420
5, 58,4,111.766640, 110.400764, 128.656860, 66.910698,14.499200, 216.460266, 1.012372
5, 58,5,215.542252, 216.352631, 128.656860, 66.910698,14.499200, 216.460266, 0.996254
5, 58,6,122.794746, 122.673943, 128.656860, 66.910698,14.499200, 216.460266, 1.000985
5, 58,7,212.649750, 212.744720, 128.656860, 66.910698,14.499200, 216.460266, 0.999554
5, 58,8,210.671112, 211.504120, 128.656860, 66.910698,14.499200, 216.460266, 0.996062
5, 58,9,216.460266, 216.396942, 128.656860, 66.910698,14.499200, 216.460266, 1.000293
5, 58,10,158.893524, 159.208618, 128.656860, 66.910698,14.499200, 216.460266, 0.998021
5, 58,11,57.312317, 56.750729, 128.656860, 66.910698,14.499200, 216.460266, 1.009896
5, 58,12,213.050186, 213.067551, 128.656860, 66.910698,14.499200, 216.460266, 0.999919
5, 58,13,109.806625, 109.280418, 128.656860, 66.910698,14.499200, 216.460266, 1.004815
5, 58,14,108.348961, 107.679024, 128.656860, 66.910698,14.499200, 216.460266, 1.006222
5, 58,15,51.376762, 51.895897, 128.656860, 66.910698,14.499200, 216.460266, 0.989997
5, 58,16,184.361618, 184.584152, 128.656860, 66.910698,14.499200, 216.460266, 0.998794
5, 58,17,22.334591, 21.247772, 128.656860, 66.910698,14.499200, 216.460266, 1.051150
5, 58,18,141.017563, 140.795715, 128.656860, 66.910698,14.499200, 216.460266, 1.001576
5, 58,19,203.693039, 203.554092, 128.656860, 66.910698,14.499200, 216.460266, 1.000683
5, 58,20,95.791473, 95.070374, 128.656860, 66.910698,14.499200, 216.460266, 1.007585
5, 58,21,192.581390, 193.597565, 128.656860, 66.910698,14.499200, 216.460266, 0.994751
5, 58,22,22.554358, 22.880819, 128.656860, 66.910698,14.499200, 216.460266, 0.985732
5, 58,23,64.083450, 65.118515, 128.656860, 66.910698,14.499200, 216.460266, 0.984105
5, 58,24,78.648674, 78.448738, 128.656860, 66.910698,14.499200, 216.460266, 1.002549
5, 58,25,212.720490, 212.535858, 128.656860, 66.910698,14.499200, 216.460266, 1.000869
5, 58,26,97.238914, 98.152908, 128.656860, 66.910698,14.499200, 216.460266, 0.990688
5, 58,27,153.353699, 154.796860, 128.656860, 66.910698,14.499200, 216.460266, 0.990677
5, 58,28,46.176064, 46.268845, 128.656860, 66.910698,14.499200, 216.460266, 0.997995
5, 58,29,196.824661, 196.838348, 128.656860, 66.910698,14.499200, 216.460266, 0.999930
5, 58,30,137.012329, 138.814529, 128.656860, 66.910698,14.499200, 216.460266, 0.987017
5, 58,31,44.458946, 44.439579, 128.656860, 66.910698,14.499200, 216.460266, 1.000436
5, 59,0,181.606766, 183.248642, 129.140411, 75.089394,19.699871, 247.693588, 0.991040
5, 59,1,38.974590, 39.180824, 129.140411, 75.089394,19.699871, 247.693588, 0.994736
5, 59,2,121.236282, 120.051903, 129.140411, 75.089394,19.699871, 247.693588, 1.009866
5, 59,3,55.129257, 56.062901, 129.140411, 75.089394,19.699871, 247.693588, 0.983347
5, 59,4,32.947647, 33.338734, 129.140411, 75.089394,19.699871, 247.693588, 0.988269
5, 59,5,147.605011, 146.019211, 129.140411, 75.089394,19.699871, 247.693588, 1.010860
5, 59,6,138.870422, 138.792496, 129.140411, 75.089394,19.699871, 247.693588, 1.000561
5, 59,7,81.621414, 80.112465, 129.140411, 75.089394,19.699871, 247.693588, 1.018835
5, 59,8,66.183739, 65.858948, 129.140411, 75.089394,19.699871, 247.693588, 1.004932
5, 59,9,154.810791, 153.860489, 129.140411, 75.089394,19.699871, 247.693588, 1.006176
5, 59,10,240.411362, 239.255676, 129.140411, 75.089394,19.699871, 247.693588, 1.004830
5, 59,11,28.950153, 27.089403, 129.140411, 75.089394,19.699871, 247.693588, 1.068689
5, 59,12,46.498341, 45.193211, 129.140411, 75.089394,19.699871, 247.693588, 1.028879
5, 59,13,28.521492, 29.510647, 129.140411, 75.089394,19.699871, 247.693588, 0.966481
5, 59,14,192.360306, 193.681458, 129.140411, 75.089394,19.699871, 247.693588, 0.993179
5, 59,15,228.239548, 227.786240, 129.140411, 75.089394,19.699871, 247.693588, 1.001990
5, 59,16,159.519653, 157.666367, 129.140411, 75.089394,19.699871, 247.693588, 1.011755
5, 59,17,165.881638, 166.618301, 129.140411, 75.089394,19.699871, 247.693588, 0.995579
5, 59,18,210.286194, 209.289978, 129.140411, 75.089394,19.699871, 247.693588, 1.004760
5, 59,19,141.684570, 142.213333, 129.140411, 75.089394,19.699871, 247.693588, 0.996282
5, 59,20,201.102005, 201.256195, 129.140411, 75.089394,19.699871, 247.693588, 0.999234
5, 59,21,207.970490, 207.498108, 129.140411, 75.089394,19.699871, 247.693588, 1.002277
5, 59,22,247.693588, 247.045120, 129.140411, 75.089394,19.699871, 247.693588, 1.002625
5, 59,23,191.387802, 190.875183, 129.140411, 75.089394,19.699871, 247.693588, 1.002686
5, 59,24,66.593643, 66.599396, 129.140411, 75.089394,19.699871, 247.693588, 0.999914
5, 59,25,57.187809, 56.677467, 129.140411, 75.089394,19.699871, 247.693588, 1.009004
5, 59,26,45.696274, 44.223232, 129.140411, 75.089394,19.699871, 247.693588, 1.033309
5, 59,27,19.699871, 19.055607, 129.140411, 75.089394,19.699871, 247.693588, 1.033810
5, 59,28,244.521423, 243.150391, 129.140411, 75.089394,19.699871, 247.693588, 1.005639
5, 59,29,91.241798, 91.233902, 129.140411, 75.089394,19.699871, 247.693588, 1.000087
5, 59,30,91.143417, 90.871078, 129.140411, 75.089394,19.699871, 247.693588, 1.002997
5, 59,31,206.915863, 207.683212, 129.140411, 75.089394,19.699871, 247.693588, 0.996305
5, 60,0,205.635422, 204.749191, 128.841690, 69.092682,11.314304, 218.915131, 1.004328
5, 60,1,106.003883, 105.663345, 128.841690, 69.092682,11.314304, 218.915131, 1.003223
5, 60,2,45.236591, 44.340363, 128.841690, 69.092682,11.314304, 218.915131, 1.020213
5, 60,3,217.770264, 218.176422, 128.841690, 69.092682,11.314304, 218.915131, 0.998138
5, 60,4,150.650681, 149.489288, 128.841690, 69.092682,11.314304, 218.915131, 1.007769
5, 60,5,143.847443, 145.105408, 128.841690, 69.092682,11.314304, 218.915131, 0.991331
5, 60,6,180.826538, 180.746826, 128.841690, 69.092682,11.314304, 218.915131, 1.000441
5, 60,7,46.322712, 47.692364, 128.841690, 69.092682,11.314304, 218.915131, 0.971282
5, 60,8,85.261299, 86.256371, 128.841690, 69.092682,11.314304, 218.915131, 0.988464
5, 60,9,164.135437, 164.204758, 128.841690, 69.092682,11.314304, 218.915131, 0.999578
5, 60,10,19.561981, 18.748524, 128.841690, 69.092682,11.314304, 218.915131, 1.043388
5, 60,11,176.970062, 177.112839, 128.841690, 69.092682,11.314304, 218.915131, 0.999194
5, 60,12,49.012802, 49.467701, 128.841690, 69.092682,11.314304, 218.915131, 0.990804
5, 60,13,114.779732, 114.764381, 128.841690, 69.092682,11.314304, 218.915131, 1.000134
5, 60,14,62.851624, 62.805195, 128.841690, 69.092682,11.314304, 218.915131, 1.000739
5, 60,15,218.915131, 218.727615, 128.841690, 69.092682,11.314304, 218.915131, 1.000857
5, 60,16,30.629507, 30.451679, 128.841690, 69.092682,11.314304, 218.915131, 1.005840
5, 60,17,72.266068, 72.944504, 128.841690, 69.092682,11.314304, 218.915131, 0.990699
5, 60,18,39.554451, 38.969475, 128.841690, 69.092682,11.314304, 218.915131, 1.015011
5, 60,19,184.646851, 185.579346, 128.841690, 69.092682,11.314304, 218.915131, 0.994975
5, 60,20,212.134689, 211.267334, 128.841690, 69.092682,11.314304, 218.915131, 1.004105
5, 60,21,194.339218, 194.103561, 128.841690, 69.092682,11.314304, 218.915131, 1.001214
5, 60,22,212.280914, 211.831329, 128.841690, 69.092682,11.314304, 218.915131, 1.002122
5, 60,23,137.201370, 137.202896, 128.841690, 69.092682,11.314304, 218.915131, 0.999989
5, 60,24,58.635658, 58.626411, 128.841690, 69.092682,11.314304, 218.915131, 1.000158
5, 60,25,96.705864, 97.010963, 128.841690, 69.092682,11.314304, 218.915131, 0.996855
5, 60,26,213.313644, 212.837585, 128.841690, 69.092682,11.314304, 218.915131, 1.002237
5, 60,27,151.838150, 150.604492, 128.841690, 69.092682,11.314304, 218.915131, 1.008191
5, 60,28,11.314304, 12.243212, 128.841690, 69.092682,11.314304, 218.915131, 0.924129
5, 60,29,124.858719, 125.493347, 128.841690, 69.092682,11.314304, 218.915131, 0.994943
5, 60,30,218.718323, 216.939453, 128.841690, 69.092682,11.314304, 218.915131, 1.008200
5, 60,31,176.714539, 176.843658, 128.841690, 69.092682,11.314304, 218.915131, 0.999270
5, 61,0,175.439880, 175.237885, 128.681427, 60.975323,16.713198, 243.426788, 1.001153
5, 61,1,124.326050, 123.003769, 128.681427, 60.975323,16.713198, 243.426788, 1.010750
5, 61,2,188.529221, 189.384171, 128.681427, 60.975323,16.713198, 243.426788, 0.995486
5, 61,3,87.442398, 87.362953, 128.681427, 60.975323,16.713198, 243.426788, 1.000909
5, 61,4,30.691097, 30.589579, 128.681427, 60.975323,16.713198, 243.426788, 1.003319
5, 61,5,197.794479, 199.078064, 128.681427, 60.975323,16.713198, 243.426788, 0.993552
5, 61,6,243.426788, 241.994736, 128.681427, 60.975323,16.713198, 243.426788, 1.005918
5, 61,7,42.152134, 41.941360, 128.681427, 60.975323,16.713198, 243.426788, 1.005025
5, 61,8,49.860508, 48.746632, 128.681427, 60.975323,16.713198, 243.426788, 1.022850
5, 61,9,79.415398, 78.682602, 128.681427, 60.975323,16.713198, 243.426788, 1.009313
5, 61,10,163.054062, 163.878860, 128.681427, 60.975323,16.713198, 243.426788, 0.994967
5, 61,11,184.513931, 184.236771, 128.681427, 60.975323,16.713198, 243.426788, 1.001504
5, 61,12,95.639023, 94.906670, 128.681427, 60.975323,16.713198, 243.426788, 1.007717
5, 61,13,65.783577, 65.310959, 128.681427, 60.975323,16.713198, 243.426788, 1.007236
5, 61,14,175.785049, 177.540100, 128.681427, 60.975323,16.713198, 243.426788, 0.990115
5, 61,15,124.078995, 124.864365, 128.681427, 60.975323,16.713198, 243.426788, 0.993710
5, 61,16,145.545319, 147.075623, 128.681427, 60.975323,16.713198, 243.426788, 0.989595
5, 61,17,118.686226, 118.529663, 128.681427, 60.975323,16.713198, 243.426788, 1.001321
5, 61,18,131.333328, 130.561951, 128.681427, 60.975323,16.713198, 243.426788, 1.005908
5, 61,19,73.739304, 74.664597, 128.681427, 60.975323,16.713198, 243.426788, 0.987607
5, 61,20,192.770523, 193.192215, 128.681427, 60.975323,16.713198, 243.426788, 0.997817
5, 61,21,191.935699, 192.120758, 128.681427, 60.975323,16.713198, 243.426788, 0.999037
5, 61,22,51.408558, 52.808079, 128.681427, 60.975323,16.713198, 243.426788, 0.973498
5, 61,23,152.063354, 151.752441, 128.681427, 60.975323,16.713198, 243.426788, 1.002049
5, 61,24,86.378181, 86.175652, 128.681427, 60.975323,16.713198, 243.426788, 1.002350
5, 61,25,225.367340, 224.286530, 128.681427, 60.975323,16.713198, 243.426788, 1.004819
5, 61,26,96.748100, 96.912056, 128.681427, 60.975323,16.713198, 243.426788, 0.998308
5, 61,27,114.897820, 115.206665, 128.681427, 60.975323,16.713198, 243.426788, 0.997319
5, 61,28,16.713198, 16.530169, 128.681427, 60.975323,16.713198, 243.426788, 1.011072
5, 61,29,172.804535, 172.761917, 128.681427, 60.975323,16.713198, 243.426788, 1.000247
5, 61,30,106.290047, 106.678345, 128.681427, 60.975323,16.713198, 243.426788, 0.996360
5, 61,31,213.192261, 214.983582, 128.681427, 60.975323,16.713198, 243.426788, 0.991668
5, 62,0,235.126328, 234.562958, 128.995331, 71.631218,10.936094, 235.126328, 1.002402
5, 62,1,124.279465, 126.053703, 128.995331, 71.631218,10.936094, 235.126328, 0.985925
5, 62,2,118.609932, 120.093933, 128.995331, 71.631218,10.936094, 235.126328, 0.987643
5, 62,3,163.846741, 162.652939, 128.995331, 71.631218,10.936094, 235.126328, 1.007340
5, 62,4,47.228367, 48.135674, 128.995331, 71.631218,10.936094, 235.126328, 0.981151
5, 62,5,205.224747, 203.461899, 128.995331, 71.631218,10.936094, 235.126328, 1.008664
5, 62,6,184.919144, 183.846298, 128.995331, 71.631218,10.936094, 235.126328, 1.005836
5, 62,7,49.695255, 48.673088, 128.995331, 71.631218,10.936094, 235.126328, 1.021001
5, 62,8,198.840591, 197.474564, 128.995331, 71.631218,10.936094, 235.126328, 1.006917
5, 62,9,216.184082, 215.519241, 128.995331, 71.631218,10.936094, 235.126328, 1.003085
5, 62,10,23.898918, 23.786716, 128.995331, 71.631218,10.936094, 235.126328, 1.004717
5, 62,11,65.402992, 66.717773, 128.995331, 71.631218,10.936094, 235.126328, 0.980293
5, 62,12,194.422073, 193.209702, 128.995331, 71.631218,10.936094, 235.126328, 1.006275
5, 62,13,24.770969, 24.434370, 128.995331, 71.631218,10.936094, 235.126328, 1.013776
5, 62,14,15.936846, 16.759007, 128.995331, 71.631218,10.936094, 235.126328, 0.950942
5, 62,15,212.271469, 211.660889, 128.995331, 71.631218,10.936094, 235.126328, 1.002885
5, 62,16,173.786652, 173.883499, 128.995331, 71.631218,10.936094, 235.126328, 0.999443
5, 62,17,86.831528, 86.925888, 128.995331, 71.631218,10.936094, 235.126328, 0.998914
5, 62,18,125.071938, 126.598007, 128.995331, 71.631218,10.936094, 235.126328, 0.987946
5, 62,19,91.022926, 89.440712, 128.995331, 71.631218,10.936094, 235.126328, 1.017690
5, 62,20,233.892059, 233.040298, 128.995331, 71.631218,10.936094, 235.126328, 1.003655
5, 62,21,115.430656, 114.540665, 128.995331, 71.631218,10.936094, 235.126328, 1.007770
5, 62,22,224.732117, 226.246826, 128.995331, 71.631218,10.936094, 235.126328, 0.993305
5, 62,23,10.936094, 10.799230, 128.995331, 71.631218,10.936094, 235.126328, 1.012674
5, 62,24,214.030609, 214.223938, 128.995331, 71.631218,10.936094, 235.126328, 0.999098
5, 62,25,169.357239, 168.392227, 128.995331, 71.631218,10.936094, 235.126328, 1.005731
5, 62,26,115.753731, 115.195206, 128.995331, 71.631218,10.936094, 235.126328, 1.004848
5, 62,27,64.704285, 64.058258, 128.995331, 71.631218,10.936094, 235.126328, 1.010085
5, 62,28,149.747513, 150.216644, 128.995331, 71.631218,10.936094, 235.126328, 0.996877
5, 62,29,48.634785, 47.115971, 128.995331, 71.631218,10.936094, 235.126328, 1.032236
5, 62,30,142.599823, 142.396576, 128.995331, 71.631218,10.936094, 235.126328, 1.001427
5, 62,31,80.660614, 80.883438, 128.995331, 71.631218,10.936094, 235.126328, 0.997245
5, 63,0,55.314301, 55.057178, 128.444611, 67.620926,16.853807, 226.728561, 1.004670
5, 63,1,162.177048, 162.861557, 128.444611, 67.620926,16.853807, 226.728561, 0.995797
5, 63,2,70.841957, 70.651520, 128.444611, 67.620926,16.853807, 226.728561, 1.002695
5, 63,3,134.139862, 134.398636, 128.444611, 67.620926,16.853807, 226.728561, 0.998075
5, 63,4,149.627167, 149.534103, 128.444611, 67.620926,16.853807, 226.728561, 1.000622
5, 63,5,221.531540, 220.828415, 128.444611, 67.620926,16.853807, 226.728561, 1.003184
5, 63,6,30.331318, 30.162386, 128.444611, 67.620926,16.853807, 226.728561, 1.005601
5, 63,7,198.334152, 197.960815, 128.444611, 67.620926,16.853807, 226.728561, 1.001886
5, 63,8,225.329468, 227.683914, 128.444611, 67.620926,16.853807, 226.728561, 0.989659
5, 63,9,16.853807, 16.615782, 128.444611, 67.620926,16.853807, 226.728561, 1.014325
5, 63,10,60.798267, 61.672962, 128.444611, 67.620926,16.853807, 226.728561, 0.985817
5, 63,11,176.239517, 176.456100, 128.444611, 67.620926,16.853807, 226.728561, 0.998773
5, 63,12,147.089188, 147.219269, 128.444611, 67.620926,16.853807, 226.728561, 0.999116
5, 63,13,22.081881, 21.868687, 128.444611, 67.620926,16.853807, 226.728561, 1.009749
5, 63,14,75.163559, 74.459366, 128.444611, 67.620926,16.853807, 226.728561, 1.009457
5, 63,15,70.742470, 72.137680, 128.444611, 67.620926,16.853807, 226.728561, 0.980659
5, 63,16,149.426544, 150.020370, 128.444611, 67.620926,16.853807, 226.728561, 0.996042
5, 63,17,222.546768, 223.793884, 128.444611, 67.620926,16.853807, 226.728561, 0.994427
5, 63,18,99.866142, 100.470482, 128.444611, 67.620926,16.853807, 226.728561, 0.993985
5, 63,19,144.015884, 145.205780, 128.444611, 67.620926,16.853807, 226.728561, 0.991805
5, 63,20,70.852921, 70.535095, 128.444611, 67.620926,16.853807, 226.728561, 1.004506
5, 63,21,59.552208, 59.303333, 128.444611, 67.620926,16.853807, 226.728561, 1.004197
5, 63,22,182.317123, 183.215714, 128.444611, 67.620926,16.853807, 226.728561, 0.995095
5, 63,23,154.238068, 153.040619, 128.444611, 67.620926,16.853807, 226.728561, 1.007824
5, 63,24,187.013535, 187.468719, 128.444611, 67.620926,16.853807, 226.728561, 0.997572
5, 63,25,151.452240, 151.979080, 128.444611, 67.620926,16.853807, 226.728561, 0.996533
5, 63,26,17.770662, 19.909977, 128.444611, 67.620926,16.853807, 226.728561, 0.892551
5, 63,27,226.050659, 227.396255, 128.444611, 67.620926,16.853807, 226.728561, 0.994083
5, 63,28,80.561394, 78.931526, 128.444611, 67.620926,16.853807, 226.728561, 1.020649
5, 63,29,163.543411, 164.238144, 128.444611, 67.620926,16.853807, 226.728561, 0.995770
5, 63,30,157.695770, 159.204391, 128.444611, 67.620926,16.853807, 226.728561, 0.990524
5, 63,31,226.728561, 226.718246, 128.444611, 67.620926,16.853807, 226.728561, 1.000046
5, 64,0,35.145256, 34.254032, 128.586823, 68.548233,25.472496, 250.262650, 1.026018
5, 64,1,220.287537, 220.658951, 128.586823, 68.548233,25.472496, 250.262650, 0.998317
5, 64,2,172.250702, 172.600845, 128.586823, 68.548233,25.472496, 250.262650, 0.997971
5, 64,3,131.729904, 132.015182, 128.586823, 68.548233,25.472496, 250.262650, 0.997839
5, 64,4,25.505537, 25.166145, 128.586823, 68.548233,25.472496, 250.262650, 1.013486
5, 64,5,116.576775, 116.922813, 128.586823, 68.548233,25.472496, 250.262650, 0.997040
5, 64,6,250.262650, 250.342102, 128.586823, 68.548233,25.472496, 250.262650, 0.999683
5, 64,7,60.679893, 61.429169, 128.586823, 68.548233,25.472496, 250.262650, 0.987803
5, 64,8,154.427536, 153.598907, 128.586823, 68.548233,25.472496, 250.262650, 1.005395
5, 64,9,218.592697, 218.150940, 128.586823, 68.548233,25.472496, 250.262650, 1.002025
5, 64,10,193.837463, 194.641922, 128.586823, 68.548233,25.472496, 250.262650, 0.995867
5, 64,11,163.271439, 162.996628, 128.586823, 68.548233,25.472496, 250.262650, 1.001686
5, 64,12,187.324875, 185.664688, 128.586823, 68.548233,25.472496, 250.262650, 1.008942
5, 64,13,141.016922, 141.272736, 128.586823, 68.548233,25.472496, 250.262650, 0.998189
5, 64,14,179.577087, 178.974182, 128.586823, 68.548233,25.472496, 250.262650, 1.003369
5, 64,15,63.237942, 63.738022, 128.586823, 68.548233,25.472496, 250.262650, 0.992154
5, 64,16,194.478256, 193.808380, 128.586823, 68.548233,25.472496, 250.262650, 1.003456
5, 64,17,27.610142, 28.780645, 128.586823, 68.548233,25.472496, 250.262650, 0.959330
5, 64,18,25.472496, 25.712009, 128.586823, 68.548233,25.472496, 250.262650, 0.990685
5, 64,19,150.821320, 151.208923, 128.586823, 68.548233,25.472496, 250.262650, 0.997437
5, 64,20,54.066471, 55.513191, 128.586823, 68.548233,25.472496, 250.262650, 0.973939
5, 64,21,148.493896, 149.239380, 128.586823, 68.548233,25.472496, 250.262650, 0.995005
5, 64,22,71.607819, 72.257919, 128.586823, 68.548233,25.472496, 250.262650, 0.991003
5, 64,23,214.221313, 214.027451, 128.586823, 68.548233,25.472496, 250.262650, 1.000906
5, 64,24,57.576145, 57.099148, 128.586823, 68.548233,25.472496, 250.262650, 1.008354
5, 64,25,81.770676, 82.813728, 128.586823, 68.548233,25.472496, 250.262650, 0.987405
5, 64,26,139.866104, 139.738419, 128.586823, 68.548233,25.472496, 250.262650, 1.000914
5, 64,27,148.439209, 148.737793, 128.586823, 68.548233,25.472496, 250.262650, 0.997993
5, 64,28,130.843719, 132.782349, 128.586823, 68.548233,25.472496, 250.262650, 0.985400
5, 64,29,67.441200, 67.618080, 128.586823, 68.548233,25.472496, 250.262650, 0.997384
5, 64,30,237.813385, 237.669220, 128.586823, 68.548233,25.472496, 250.262650, 1.000607
5, 64,31,50.531311, 51.566750, 128.586823, 68.548233,25.472496, 250.262650, 0.979920
5, 65,0,256.863525, 257.384277, 128.611267, 96.931244,14.251050, 268.274597, 0.997977
5, 65,1,220.905563, 222.477509, 128.611267, 96.931244,14.251050, 268.274597, 0.992934
5, 65,2,267.428864, 267.091980, 128.611267, 96.931244,14.251050, 268.274597, 1.001261
5, 65,3,38.855473, 38.807476, 128.611267, 96.931244,14.251050, 268.274597, 1.001237
5, 65,4,14.251050, 14.342021, 128.611267, 96.931244,14.251050, 268.274597, 0.993657
5, 65,5,22.097593, 22.454519, 128.611267, 96.931244,14.251050, 268.274597, 0.984105
5, 65,6,204.346039, 204.717041, 128.611267, 96.931244,14.251050, 268.274597, 0.998188
5, 65,7,264.657257, 263.671265, 128.611267, 96.931244,14.251050, 268.274597, 1.003739
5, 65,8,43.812210, 43.806343, 128.611267, 96.931244,14.251050, 268.274597, 1.000134
5, 65,9,120.489410, 121.996841, 128.611267, 96.931244,14.251050, 268.274597, 0.987644
5, 65,10,268.274597, 268.823669, 128.611267, 96.931244,14.251050, 268.274597, 0.997958
5, 65,11,116.391869, 117.117393, 128.611267, 96.931244,14.251050, 268.274597, 0.993805
5, 65,12,18.224745, 19.119097, 128.611267, 96.931244,14.251050, 268.274597, 0.953222
5, 65,13,54.619122, 54.375626, 128.611267, 96.931244,14.251050, 268.274597, 1.004478
5, 65,14,190.666672, 189.626602, 128.611267, 96.931244,14.251050, 268.274597, 1.005485
5, 65,15,246.789063, 247.028275, 128.611267, 96.931244,14.251050, 268.274597, 0.999032
5, 65,16,18.880684, 18.445189, 128.611267, 96.931244,14.251050, 268.274597, 1.023610
5, 65,17,87.644745, 88.685265, 128.611267, 96.931244,14.251050, 268.274597, 0.988267
5, 65,18,25.441385, 25.380480, 128.611267, 96.931244,14.251050, 268.274597, 1.002400
5, 65,19,259.199524, 258.254395, 128.611267, 96.931244,14.251050, 268.274597, 1.003660
5, 65,20,70.917992, 71.581635, 128.611267, 96.931244,14.251050, 268.274597, 0.990729
5, 65,21,109.577667, 108.296867, 128.611267, 96.931244,14.251050, 268.274597, 1.011827
5, 65,22,67.469116, 67.640541, 128.611267, 96.931244,14.251050, 268.274597, 0.997466
5, 65,23,149.663223, 149.712418, 128.611267, 96.931244,14.251050, 268.274597, 0.999671
5, 65,24,216.135361, 216.309967, 128.611267, 96.931244,14.251050, 268.274597, 0.999193
5, 65,25,36.119431, 36.094780, 128.611267, 96.931244,14.251050, 268.274597, 1.000683
5, 65,26,19.191282, 19.997738, 128.611267, 96.931244,14.251050, 268.274597, 0.959673
5, 65,27,17.658768, 18.129560, 128.611267, 96.931244,14.251050, 268.274597, 0.974032
5, 65,28,163.842606, 164.239853, 128.611267, 96.931244,14.251050, 268.274597, 0.997581
5, 65,29,32.929909, 33.066452, 128.611267, 96.931244,14.251050, 268.274597, 0.995871
5, 65,30,253.900375, 253.980637, 128.611267, 96.931244,14.251050, 268.274597, 0.999684
5, 65,31,238.315811, 238.344238, 128.611267, 96.931244,14.251050, 268.274597, 0.999881
5, 66,0,44.482601, 44.216061, 128.773804, 62.542984,13.158489, 223.373123, 1.006028
5, 66,1,189.157761, 190.104675, 128.773804, 62.542984,13.158489, 223.373123, 0.995019
5, 66,2,210.803131, 210.096542, 128.773804, 62.542984,13.158489, 223.373123, 1.003363
5, 66,3,223.373123, 224.266006, 128.773804, 62.542984,13.158489, 223.373123, 0.996019
5, 66,4,213.798767, 214.037445, 128.773804, 62.542984,13.158489, 223.373123, 0.998885
5, 66,5,168.670486, 168.340775, 128.773804, 62.542984,13.158489, 223.373123, 1.001959
5, 66,6,135.382065, 136.895660, 128.773804, 62.542984,13.158489, 223.373123, 0.988943
5, 66,7,24.036247, 24.258402, 128.773804, 62.542984,13.158489, 223.373123, 0.990842
5, 66,8,94.861481, 94.058884, 128.773804, 62.542984,13.158489, 223.373123, 1.008533
5, 66,9,105.234070, 105.204254, 128.773804, 62.542984,13.158489, 223.373123, 1.000283
5, 66,10,152.354553, 152.700333, 128.773804, 62.542984,13.158489, 223.373123, 0.997736
5, 66,11,118.779549, 118.046394, 128.773804, 62.542984,13.158489, 223.373123, 1.006211
5, 66,12,79.507713, 79.636284, 128.773804, 62.542984,13.158489, 223.373123, 0.998386
5, 66,13,190.730591, 190.576767, 128.773804, 62.542984,13.158489, 223.373123, 1.000807
5, 66,14,156.468857, 156.032303, 128.773804, 62.542984,13.158489, 223.373123, 1.002798
5, 66,15,190.438324, 190.132050, 128.773804, 62.542984,13.158489, 223.373123, 1.001611
5, 66,16,173.909714, 174.614746, 128.773804, 62.542984,13.158489, 223.373123, 0.995962
5, 66,17,214.414413, 214.235855, 128.773804, 62.542984,13.158489, 223.373123, 1.000834
5, 66,18,139.762283, 140.569733, 128.773804, 62.542984,13.158489, 223.373123, 0.994256
5, 66,19,41.070778, 40.617249, 128.773804, 62.542984,13.158489, 223.373123, 1.011166
5, 66,20,178.958603, 177.905670, 128.773804, 62.542984,13.158489, 223.373123, 1.005919
5, 66,21,153.725250, 155.129181, 128.773804, 62.542984,13.158489, 223.373123, 0.990950
5, 66,22,136.375931, 136.745132, 128.773804, 62.542984,13.158489, 223.373123, 0.997300
5, 66,23,13.158489, 12.709370, 128.773804, 62.542984,13.158489, 223.373123, 1.035338
5, 66,24,110.760422, 110.451950, 128.773804, 62.542984,13.158489, 223.373123, 1.002793
5, 66,25,49.262424, 49.497959, 128.773804, 62.542984,13.158489, 223.373123, 0.995242
5, 66,26,73.865578, 74.908562, 128.773804, 62.542984,13.158489, 223.373123, 0.986077
5, 66,27,87.073685, 86.033401, 128.773804, 62.542984,13.158489, 223.373123, 1.012092
5, 66,28,160.922501, 160.958420, 128.773804, 62.542984,13.158489, 223.373123, 0.999777
5, 66,29,181.940247, 181.716583, 128.773804, 62.542984,13.158489, 223.373123, 1.001231
5, 66,30,26.073542, 25.530985, 128.773804, 62.542984,13.158489, 223.373123, 1.021251
5, 66,31,81.408852, 80.772026, 128.773804, 62.542984,13.158489, 223.373123, 1.007884
5, 67,0,255.053818, 253.021912, 128.857330, 70.215683,15.038949, 272.625916, 1.008031
5, 67,1,74.148003, 73.916565, 128.857330, 70.215683,15.038949, 272.625916, 1.003131
5, 67,2,44.181744, 44.377632, 128.857330, 70.215683,15.038949, 272.625916, 0.995586
5, 67,3,197.102951, 197.687485, 128.857330, 70.215683,15.038949, 272.625916, 0.997043
5, 67,4,32.762596, 32.109245, 128.857330, 70.215683,15.038949, 272.625916, 1.020348
5, 67,5,189.627243, 189.162552, 128.857330, 70.215683,15.038949, 272.625916, 1.002457
5, 67,6,43.833195, 44.353111, 128.857330, 70.215683,15.038949, 272.625916, 0.988278
5, 67,7,106.391609, 104.869514, 128.857330, 70.215683,15.038949, 272.625916, 1.014514
5, 67,8,166.831085, 167.175888, 128.857330, 70.215683,15.038949, 272.625916, 0.997938
5, 67,9,141.334549, 141.494858, 128.857330, 70.215683,15.038949, 272.625916, 0.998867
5, 67,10,135.923706, 136.427292, 128.857330, 70.215683,15.038949, 272.625916, 0.996309
5, 67,11,129.493500, 130.501526, 128.857330, 70.215683,15.038949, 272.625916, 0.992276
5, 67,12,75.856400, 76.532082, 128.857330, 70.215683,15.038949, 272.625916, 0.991171
5, 67,13,189.770950, 189.424088, 128.857330, 70.215683,15.038949, 272.625916, 1.001831
5, 67,14,121.124672, 121.142891, 128.857330, 70.215683,15.038949, 272.625916, 0.999850
5, 67,15,81.458130, 82.237160, 128.857330, 70.215683,15.038949, 272.625916, 0.990527
5, 67,16,165.992218, 165.295990, 128.857330, 70.215683,15.038949, 272.625916, 1.004212
5, 67,17,35.275570, 35.264206, 128.857330, 70.215683,15.038949, 272.625916, 1.000322
5, 67,18,147.913406, 147.298004, 128.857330, 70.215683,15.038949, 272.625916, 1.004178
5, 67,19,272.625916, 273.292084, 128.857330, 70.215683,15.038949, 272.625916, 0.997562
5, 67,20,26.757692, 26.976305, 128.857330, 70.215683,15.038949, 272.625916, 0.991896
5, 67,21,235.392624, 236.364349, 128.857330, 70.215683,15.038949, 272.625916, 0.995889
5, 67,22,128.736084, 127.485504, 128.857330, 70.215683,15.038949, 272.625916, 1.009810
5, 67,23,95.914642, 95.600784, 128.857330, 70.215683,15.038949, 272.625916, 1.003283
5, 67,24,212.527542, 213.184372, 128.857330, 70.215683,15.038949, 272.625916, 0.996919
5, 67,25,144.315201, 143.448303, 128.857330, 70.215683,15.038949, 272.625916, 1.006043
5, 67,26,197.723068, 198.153366, 128.857330, 70.215683,15.038949, 272.625916, 0.997828
5, 67,27,154.053162, 154.768570, 128.857330, 70.215683,15.038949, 272.625916, 0.995378
5, 67,28,15.038949, 13.588155, 128.857330, 70.215683,15.038949, 272.625916, 1.106769
5, 67,29,41.204742, 41.059196, 128.857330, 70.215683,15.038949, 272.625916, 1.003545
5, 67,30,89.835854, 90.091866, 128.857330, 70.215683,15.038949, 272.625916, 0.997158
5, 67,31,175.233017, 174.695496, 128.857330, 70.215683,15.038949, 272.625916, 1.003077
5, 68,0,135.615845, 137.310852, 128.882751, 66.556709,13.628888, 234.050079, 0.987656
5, 68,1,29.417933, 29.311821, 128.882751, 66.556709,13.628888, 234.050079, 1.003620
5, 68,2,197.128403, 196.731827, 128.882751, 66.556709,13.628888, 234.050079, 1.002016
5, 68,3,13.628888, 11.686834, 128.882751, 66.556709,13.628888, 234.050079, 1.166175
5, 68,4,187.378372, 186.381744, 128.882751, 66.556709,13.628888, 234.050079, 1.005347
5, 68,5,114.205635, 113.563278, 128.882751, 66.556709,13.628888, 234.050079, 1.005656
5, 68,6,24.906342, 24.827480, 128.882751, 66.556709,13.628888, 234.050079, 1.003176
5, 68,7,234.050079, 233.744995, 128.882751, 66.556709,13.628888, 234.050079, 1.001305
5, 68,8,100.244995, 99.534096, 128.882751, 66.556709,13.628888, 234.050079, 1.007142
5, 68,9,223.613159, 223.526810, 128.882751, 66.556709,13.628888, 234.050079, 1.000386
5, 68,10,161.208862, 161.322205, 128.882751, 66.556709,13.628888, 234.050079, 0.999297
5, 68,11,200.367386, 200.882965, 128.882751, 66.556709,13.628888, 234.050079, 0.997433
5, 68,12,111.083908, 110.092430, 128.882751, 66.556709,13.628888, 234.050079, 1.009006
5, 68,13,60.449577, 60.084393, 128.882751, 66.556709,13.628888, 234.050079, 1.006078
5, 68,14,187.697144, 187.291107, 128.882751, 66.556709,13.628888, 234.050079, 1.002168
5, 68,15,228.013336, 228.115280, 128.882751, 66.556709,13.628888, 234.050079, 0.999553
5, 68,16,164.364441, 164.786102, 128.882751, 66.556709,13.628888, 234.050079, 0.997441
5, 68,17,177.972229, 178.551498, 128.882751, 66.556709,13.628888, 234.050079, 0.996756
5, 68,18,94.084778, 93.585052, 128.882751, 66.556709,13.628888, 234.050079, 1.005340
5, 68,19,35.394554, 35.573238, 128.882751, 66.556709,13.628888, 234.050079, 0.994977
5, 68,20,92.340416, 91.724678, 128.882751, 66.556709,13.628888, 234.050079, 1.006713
5, 68,21,148.316162, 148.417572, 128.882751, 66.556709,13.628888, 234.050079, 0.999317
5, 68,22,29.649614, 29.610313, 128.882751, 66.556709,13.628888, 234.050079, 1.001327
5, 68,23,213.235123, 212.975418, 128.882751, 66.556709,13.628888, 234.050079, 1.001219
5, 68,24,126.070122, 125.981987, 128.882751, 66.556709,13.628888, 234.050079, 1.000700
5, 68,25,189.149704, 189.540222, 128.882751, 66.556709,13.628888, 234.050079, 0.997940
5, 68,26,85.675949, 86.337914, 128.882751, 66.556709,13.628888, 234.050079, 0.992333
5, 68,27,168.472610, 169.437042, 128.882751, 66.556709,13.628888, 234.050079, 0.994308
5, 68,28,151.421936, 150.833282, 128.882751, 66.556709,13.628888, 234.050079, 1.003903
5, 68,29,65.497559, 64.881104, 128.882751, 66.556709,13.628888, 234.050079, 1.009501
5, 68,30,120.435921, 120.595230, 128.882751, 66.556709,13.628888, 234.050079, 0.998679
5, 68,31,53.157108, 53.760502, 128.882751, 66.556709,13.628888, 234.050079, 0.988776
5, 69,0,207.079361, 206.588715, 128.820740, 64.004097,22.408337, 211.236679, 1.002375
5, 69,1,40.899517, 40.167183, 128.820740, 64.004097,22.408337, 211.236679, 1.018232
5, 69,2,184.517548, 184.058884, 128.820740, 64.004097,22.408337, 211.236679, 1.002492
5, 69,3,131.240051, 132.281708, 128.820740, 64.004097,22.408337, 211.236679, 0.992125
5, 69,4,38.555721, 39.143684, 128.820740, 64.004097,22.408337, 211.236679, 0.984979
5, 69,5,194.942932, 194.514069, 128.820740, 64.004097,22.408337, 211.236679, 1.002205
5, 69,6,56.891205, 55.623245, 128.820740, 64.004097,22.408337, 211.236679, 1.022795
5, 69,7,154.886841, 155.925720, 128.820740, 64.004097,22.408337, 211.236679, 0.993337
5, 69,8,188.227966, 187.971466, 128.820740, 64.004097,22.408337, 211.236679, 1.001365
5, 69,9,197.491943, 198.549759, 128.820740, 64.004097,22.408337, 211.236679, 0.994672
5, 69,10,32.265759, 32.277206, 128.820740, 64.004097,22.408337, 211.236679, 0.999645
5, 69,11,59.082073, 59.438679, 128.820740, 64.004097,22.408337, 211.236679, 0.994000
5, 69,12,93.272675, 91.879578, 128.820740, 64.004097,22.408337, 211.236679, 1.015162
5, 69,13,53.049759, 53.621601, 128.820740, 64.004097,22.408337, 211.236679, 0.989336
5, 69,14,167.860138, 168.531555, 128.820740, 64.004097,22.408337, 211.236679, 0.996016
5, 69,15,35.100487, 34.278847, 128.820740, 64.004097,22.408337, 211.236679, 1.023969
5, 69,16,127.501244, 128.019318, 128.820740, 64.004097,22.408337, 211.236679, 0.995953
5, 69,17,125.471153, 124.961769, 128.820740, 64.004097,22.408337, 211.236679, 1.004076
5, 69,18,79.323158, 78.956337, 128.820740, 64.004097,22.408337, 211.236679, 1.004646
5, 69,19,60.481361, 61.103477, 128.820740, 64.004097,22.408337, 211.236679, 0.989819
5, 69,20,167.707947, 166.737198, 128.820740, 64.004097,22.408337, 211.236679, 1.005822
5, 69,21,197.679565, 197.208847, 128.820740, 64.004097,22.408337, 211.236679, 1.002387
5, 69,22,206.398300, 206.187088, 128.820740, 64.004097,22.408337, 211.236679, 1.001024
5, 69,23,164.204117, 165.273224, 128.820740, 64.004097,22.408337, 211.236679, 0.993531
5, 69,24,211.236679, 211.265686, 128.820740, 64.004097,22.408337, 211.236679, 0.999863
5, 69,25,128.889725, 128.926208, 128.820740, 64.004097,22.408337, 211.236679, 0.999717
5, 69,26,202.473709, 202.261536, 128.820740, 64.004097,22.408337, 211.236679, 1.001049
5, 69,27,206.981094, 205.098816, 128.820740, 64.004097,22.408337, 211.236679, 1.009177
5, 69,28,103.436691, 104.226295, 128.820740, 64.004097,22.408337, 211.236679, 0.992424
5, 69,29,123.364395, 122.869438, 128.820740, 64.004097,22.408337, 211.236679, 1.004028
5, 69,30,159.341904, 160.939545, 128.820740, 64.004097,22.408337, 211.236679, 0.990073
5, 69,31,22.408337, 22.113514, 128.820740, 64.004097,22.408337, 211.236679, 1.013332
5, 70,0,66.599930, 67.514732, 128.558960, 69.334167,34.960781, 259.254333, 0.986450
5, 70,1,258.350403, 258.275391, 128.558960, 69.334167,34.960781, 259.254333, 1.000290
5, 70,2,167.030182, 168.186523, 128.558960, 69.334167,34.960781, 259.254333, 0.993125
5, 70,3,44.833775, 44.652493, 128.558960, 69.334167,34.960781, 259.254333, 1.004060
5, 70,4,66.777512, 65.879532, 128.558960, 69.334167,34.960781, 259.254333, 1.013631
5, 70,5,259.254333, 259.398621, 128.558960, 69.334167,34.960781, 259.254333, 0.999444
5, 70,6,151.906326, 153.194656, 128.558960, 69.334167,34.960781, 259.254333, 0.991590
5, 70,7,193.195282, 193.425156, 128.558960, 69.334167,34.960781, 259.254333, 0.998812
5, 70,8,101.847267, 102.847282, 128.558960, 69.334167,34.960781, 259.254333, 0.990277
5, 70,9,70.025543, 70.403076, 128.558960, 69.334167,34.960781, 259.254333, 0.994638
5, 70,10,93.629135, 94.228096, 128.558960, 69.334167,34.960781, 259.254333, 0.993644
5, 70,11,72.125084, 71.503403, 128.558960, 69.334167,34.960781, 259.254333, 1.008694
5, 70,12,133.781509, 133.182556, 128.558960, 69.334167,34.960781, 259.254333, 1.004497
5, 70,13,173.769928, 174.352921, 128.558960, 69.334167,34.960781, 259.254333, 0.996656
5, 70,14,129.637085, 129.132736, 128.558960, 69.334167,34.960781, 259.254333, 1.003906
5, 70,15,138.319992, 137.912399, 128.558960, 69.334167,34.960781, 259.254333, 1.002955
5, 70,16,43.341450, 43.147190, 128.558960, 69.334167,34.960781, 259.254333, 1.004502
5, 70,17,251.173523, 252.391708, 128.558960, 69.334167,34.960781, 259.254333, 0.995173
5, 70,18,65.350487, 64.840340, 128.558960, 69.334167,34.960781, 259.254333, 1.007868
5, 70,19,38.285473, 38.883446, 128.558960, 69.334167,34.960781, 259.254333, 0.984621
5, 70,20,61.933914, 62.280563, 128.558960, 69.334167,34.960781, 259.254333, 0.994434
5, 70,21,233.285904, 233.158997, 128.558960, 69.334167,34.960781, 259.254333, 1.000544
5, 70,22,141.868881, 141.526657, 128.558960, 69.334167,34.960781, 259.254333, 1.002418
5, 70,23,102.640808, 102.533997, 128.558960, 69.334167,34.960781, 259.254333, 1.001042
5, 70,24,192.135483, 191.797592, 128.558960, 69.334167,34.960781, 259.254333, 1.001762
5, 70,25,34.960781, 35.903408, 128.558960, 69.334167,34.960781, 259.254333, 0.973745
5, 70,26,206.497971, 206.881180, 128.558960, 69.334167,34.960781, 259.254333, 0.998148
5, 70,27,90.741493, 91.462013, 128.558960, 69.334167,34.960781, 259.254333, 0.992122
5, 70,28,95.989647, 96.971268, 128.558960, 69.334167,34.960781, 259.254333, 0.989877
5, 70,29,175.220749, 174.880142, 128.558960, 69.334167,34.960781, 259.254333, 1.001948
5, 70,30,61.601963, 62.639698, 128.558960, 69.334167,34.960781, 259.254333, 0.983433
5, 70,31,197.774567, 197.612503, 128.558960, 69.334167,34.960781, 259.254333, 1.000820
5, 71,0,34.670765, 33.738224, 128.596039, 70.546486,12.214048, 246.958054, 1.027640
5, 71,1,246.909973, 247.622543, 128.596039, 70.546486,12.214048, 246.958054, 0.997122
5, 71,2,109.080742, 109.860741, 128.596039, 70.546486,12.214048, 246.958054, 0.992900
5, 71,3,118.443573, 119.137573, 128.596039, 70.546486,12.214048, 246.958054, 0.994175
5, 71,4,246.958054, 247.222046, 128.596039, 70.546486,12.214048, 246.958054, 0.998932
5, 71,5,55.975433, 58.241020, 128.596039, 70.546486,12.214048, 246.958054, 0.961100
5, 71,6,79.387367, 78.411232, 128.596039, 70.546486,12.214048, 246.958054, 1.012449
5, 71,7,230.209442, 228.806717, 128.596039, 70.546486,12.214048, 246.958054, 1.006131
5, 71,8,210.710632, 211.964203, 128.596039, 70.546486,12.214048, 246.958054, 0.994086
5, 71,9,171.354858, 172.373810, 128.596039, 70.546486,12.214048, 246.958054, 0.994089
5, 71,10,143.255554, 143.844254, 128.596039, 70.546486,12.214048, 246.958054, 0.995907
5, 71,11,134.682144, 134.822296, 128.596039, 70.546486,12.214048, 246.958054, 0.998960
5, 71,12,28.505730, 27.075502, 128.596039, 70.546486,12.214048, 246.958054, 1.052824
5, 71,13,219.620605, 221.080856, 128.596039, 70.546486,12.214048, 246.958054, 0.993395
5, 71,14,76.832916, 77.020439, 128.596039, 70.546486,12.214048, 246.958054, 0.997565
5, 71,15,118.642654, 118.380280, 128.596039, 70.546486,12.214048, 246.958054, 1.002216
5, 71,16,188.269241, 187.024521, 128.596039, 70.546486,12.214048, 246.958054, 1.006655
5, 71,17,73.985672, 75.287392, 128.596039, 70.546486,12.214048, 246.958054, 0.982710
5, 71,18,137.430359, 138.965546, 128.596039, 70.546486,12.214048, 246.958054, 0.988953
5, 71,19,134.003815, 132.827118, 128.596039, 70.546486,12.214048, 246.958054, 1.008859
5, 71,20,174.159653, 173.400543, 128.596039, 70.546486,12.214048, 246.958054, 1.004378
5, 71,21,44.860100, 44.252949, 128.596039, 70.546486,12.214048, 246.958054, 1.013720
5, 71,22,159.633331, 157.482819, 128.596039, 70.546486,12.214048, 246.958054, 1.013656
5, 71,23,217.026703, 217.643936, 128.596039, 70.546486,12.214048, 246.958054, 0.997164
5, 71,24,224.955582, 225.318802, 128.596039, 70.546486,12.214048, 246.958054, 0.998388
5, 71,25,127.347336, 127.467796, 128.596039, 70.546486,12.214048, 246.958054, 0.999055
5, 71,26,12.214048, 11.623811, 128.596039, 70.546486,12.214048, 246.958054, 1.050778
5, 71,27,29.373087, 29.303688, 128.596039, 70.546486,12.214048, 246.958054, 1.002368
5, 71,28,32.381630, 32.740635, 128.596039, 70.546486,12.214048, 246.958054, 0.989035
5, 71,29,144.659149, 146.953537, 128.596039, 70.546486,12.214048, 246.958054, 0.984387
5, 71,30,99.207619, 99.833885, 128.596039, 70.546486,12.214048, 246.958054, 0.993727
5, 71,31,90.325470, 91.270645, 128.596039, 70.546486,12.214048, 246.958054, 0.989644
5, 72,0,143.138840, 141.095764, 128.864655, 56.107853,29.746347, 240.113693, 1.014480
5, 72,1,78.243126, 78.610153, 128.864655, 56.107853,29.746347, 240.113693, 0.995331
5, 72,2,240.113693, 239.354523, 128.864655, 56.107853,29.746347, 240.113693, 1.003172
5, 72,3,85.755470, 85.134102, 128.864655, 56.107853,29.746347, 240.113693, 1.007299
5, 72,4,82.220573, 82.975800, 128.864655, 56.107853,29.746347, 240.113693, 0.990898
5, 72,5,42.528591, 41.057114, 128.864655, 56.107853,29.746347, 240.113693, 1.035840
5, 72,6,161.553589, 162.980103, 128.864655, 56.107853,29.746347, 240.113693, 0.991247
5, 72,7,139.717148, 140.927597, 128.864655, 56.107853,29.746347, 240.113693, 0.991411
5, 72,8,132.525894, 131.075089, 128.864655, 56.107853,29.746347, 240.113693, 1.011068
5, 72,9,162.710464, 163.877045, 128.864655, 56.107853,29.746347, 240.113693, 0.992881
5, 72,10,156.072784, 156.112778, 128.864655, 56.107853,29.746347, 240.113693, 0.999744
5, 72,11,181.000092, 180.470749, 128.864655, 56.107853,29.746347, 240.113693, 1.002933
5, 72,12,89.465546, 88.855072, 128.864655, 56.107853,29.746347, 240.113693, 1.006870
5, 72,13,119.945847, 120.963303, 128.864655, 56.107853,29.746347, 240.113693, 0.991589
5, 72,14,156.944778, 155.376984, 128.864655, 56.107853,29.746347, 240.113693, 1.010090
5, 72,15,189.851807, 189.482346, 128.864655, 56.107853,29.746347, 240.113693, 1.001950
5, 72,16,37.475376, 38.275146, 128.864655, 56.107853,29.746347, 240.113693, 0.979105
5, 72,17,124.817314, 123.128616, 128.864655, 56.107853,29.746347, 240.113693, 1.013715
5, 72,18,110.266205, 110.101723, 128.864655, 56.107853,29.746347, 240.113693, 1.001494
5, 72,19,67.685875, 67.138924, 128.864655, 56.107853,29.746347, 240.113693, 1.008147
5, 72,20,238.757019, 236.628616, 128.864655, 56.107853,29.746347, 240.113693, 1.008995
5, 72,21,108.478523, 108.083572, 128.864655, 56.107853,29.746347, 240.113693, 1.003654
5, 72,22,29.746347, 30.125458, 128.864655, 56.107853,29.746347, 240.113693, 0.987416
5, 72,23,200.340027, 200.252838, 128.864655, 56.107853,29.746347, 240.113693, 1.000435
5, 72,24,225.507980, 226.362671, 128.864655, 56.107853,29.746347, 240.113693, 0.996224
5, 72,25,141.576614, 143.541382, 128.864655, 56.107853,29.746347, 240.113693, 0.986312
5, 72,26,68.758774, 68.091934, 128.864655, 56.107853,29.746347, 240.113693, 1.009793
5, 72,27,96.228836, 96.892647, 128.864655, 56.107853,29.746347, 240.113693, 0.993149
5, 72,28,91.656380, 92.639107, 128.864655, 56.107853,29.746347, 240.113693, 0.989392
5, 72,29,125.958168, 127.515289, 128.864655, 56.107853,29.746347, 240.113693, 0.987789
5, 72,30,185.271301, 184.275818, 128.864655, 56.107853,29.746347, 240.113693, 1.005402
5, 72,31,109.355942, 109.597191, 128.864655, 56.107853,29.746347, 240.113693, 0.997799
5, 73,0,28.830423, 29.787582, 128.747665, 73.198288,9.668478, 238.580643, 0.967867
5, 73,1,201.093460, 200.725235, 128.747665, 73.198288,9.668478, 238.580643, 1.001835
5, 73,2,206.975769, 205.873093, 128.747665, 73.198288,9.668478, 238.580643, 1.005356
5, 73,3,142.740005, 142.476685, 128.747665, 73.198288,9.668478, 238.580643, 1.001848
5, 73,4,234.480362, 233.615204, 128.747665, 73.198288,9.668478, 238.580643, 1.003703
5, 73,5,178.228058, 177.362335, 128.747665, 73.198288,9.668478, 238.580643, 1.004881
5, 73,6,50.613510, 50.118164, 128.747665, 73.198288,9.668478, 238.580643, 1.009884
5, 73,7,138.345215, 137.709595, 128.747665, 73.198288,9.668478, 238.580643, 1.004616
5, 73,8,29.040771, 28.835579, 128.747665, 73.198288,9.668478, 238.580643, 1.007116
5, 73,9,115.464691, 115.263451, 128.747665, 73.198288,9.668478, 238.580643, 1.001746
5, 73,10,25.101925, 27.650864, 128.747665, 73.198288,9.668478, 238.580643, 0.907817
5, 73,11,151.064468, 151.340881, 128.747665, 73.198288,9.668478, 238.580643, 0.998174
5, 73,12,109.875290, 110.016853, 128.747665, 73.198288,9.668478, 238.580643, 0.998713
5, 73,13,83.256226, 85.441040, 128.747665, 73.198288,9.668478, 238.580643, 0.974429
5, 73,14,46.100948, 46.888401, 128.747665, 73.198288,9.668478, 238.580643, 0.983206
5, 73,15,208.677109, 209.081711, 128.747665, 73.198288,9.668478, 238.580643, 0.998065
5, 73,16,106.875885, 107.238411, 128.747665, 73.198288,9.668478, 238.580643, 0.996619
5, 73,17,111.460945, 111.871498, 128.747665, 73.198288,9.668478, 238.580643, 0.996330
5, 73,18,174.922974, 173.688309, 128.747665, 73.198288,9.668478, 238.580643, 1.007108
5, 73,19,46.739754, 46.648636, 128.747665, 73.198288,9.668478, 238.580643, 1.001953
5, 73,20,204.629013, 204.589661, 128.747665, 73.198288,9.668478, 238.580643, 1.000192
5, 73,21,199.555069, 197.558929, 128.747665, 73.198288,9.668478, 238.580643, 1.010104
5, 73,22,234.112106, 235.349960, 128.747665, 73.198288,9.668478, 238.580643, 0.994740
5, 73,23,94.061630, 95.652168, 128.747665, 73.198288,9.668478, 238.580643, 0.983372
5, 73,24,174.643417, 175.683975, 128.747665, 73.198288,9.668478, 238.580643, 0.994077
5, 73,25,9.668478, 11.671296, 128.747665, 73.198288,9.668478, 238.580643, 0.828398
5, 73,26,210.591370, 210.336929, 128.747665, 73.198288,9.668478, 238.580643, 1.001210
5, 73,27,114.651939, 112.090103, 128.747665, 73.198288,9.668478, 238.580643, 1.022855
5, 73,28,177.307739, 176.255188, 128.747665, 73.198288,9.668478, 238.580643, 1.005972
5, 73,29,238.580643, 238.029678, 128.747665, 73.198288,9.668478, 238.580643, 1.002315
5, 73,30,24.700523, 24.533932, 128.747665, 73.198288,9.668478, 238.580643, 1.006790
5, 73,31,47.536381, 47.614742, 128.747665, 73.198288,9.668478, 238.580643, 0.998354
5, 74,0,144.633575, 143.298141, 128.859314, 73.701927,24.667963, 249.646713, 1.009319
5, 74,1,86.488068, 86.456497, 128.859314, 73.701927,24.667963, 249.646713, 1.000365
5, 74,2,35.726028, 36.037254, 128.859314, 73.701927,24.667963, 249.646713, 0.991364
5, 74,3,24.667963, 24.193863, 128.859314, 73.701927,24.667963, 249.646713, 1.019596
5, 74,4,178.674515, 179.175919, 128.859314, 73.701927,24.667963, 249.646713, 0.997202
5, 74,5,58.323677, 58.672943, 128.859314, 73.701927,24.667963, 249.646713, 0.994047
5, 74,6,124.815918, 126.141380, 128.859314, 73.701927,24.667963, 249.646713, 0.989492
5, 74,7,80.107208, 79.504395, 128.859314, 73.701927,24.667963, 249.646713, 1.007582
5, 74,8,167.911865, 168.284317, 128.859314, 73.701927,24.667963, 249.646713, 0.997787
5, 74,9,26.999435, 27.156776, 128.859314, 73.701927,24.667963, 249.646713, 0.994206
5, 74,10,25.197414, 23.920742, 128.859314, 73.701927,24.667963, 249.646713, 1.053371
5, 74,11,247.463058, 246.065018, 128.859314, 73.701927,24.667963, 249.646713, 1.005682
5, 74,12,111.513008, 110.689514, 128.859314, 73.701927,24.667963, 249.646713, 1.007440
5, 74,13,163.815430, 164.543427, 128.859314, 73.701927,24.667963, 249.646713, 0.995576
5, 74,14,186.502274, 184.621735, 128.859314, 73.701927,24.667963, 249.646713, 1.010186
5, 74,15,169.746109, 170.965836, 128.859314, 73.701927,24.667963, 249.646713, 0.992866
5, 74,16,59.842918, 60.427521, 128.859314, 73.701927,24.667963, 249.646713, 0.990326
5, 74,17,203.803238, 203.946899, 128.859314, 73.701927,24.667963, 249.646713, 0.999296
5, 74,18,229.096771, 231.573212, 128.859314, 73.701927,24.667963, 249.646713, 0.989306
5, 74,19,40.717106, 41.565823, 128.859314, 73.701927,24.667963, 249.646713, 0.979581
5, 74,20,249.646713, 249.524521, 128.859314, 73.701927,24.667963, 249.646713, 1.000490
5, 74,21,186.024109, 185.705948, 128.859314, 73.701927,24.667963, 249.646713, 1.001713
5, 74,22,139.448593, 139.722794, 128.859314, 73.701927,24.667963, 249.646713, 0.998038
5, 74,23,53.132877, 51.778782, 128.859314, 73.701927,24.667963, 249.646713, 1.026152
5, 74,24,147.806046, 146.741089, 128.859314, 73.701927,24.667963, 249.646713, 1.007257
5, 74,25,60.726517, 60.584770, 128.859314, 73.701927,24.667963, 249.646713, 1.002340
5, 74,26,240.421204, 239.700531, 128.859314, 73.701927,24.667963, 249.646713, 1.003007
5, 74,27,154.273224, 152.700012, 128.859314, 73.701927,24.667963, 249.646713, 1.010303
5, 74,28,188.129440, 188.644028, 128.859314, 73.701927,24.667963, 249.646713, 0.997272
5, 74,29,226.176178, 225.663925, 128.859314, 73.701927,24.667963, 249.646713, 1.002270
5, 74,30,48.958012, 50.661480, 128.859314, 73.701927,24.667963, 249.646713, 0.966375
5, 74,31,62.709484, 62.331070, 128.859314, 73.701927,24.667963, 249.646713, 1.006071
5, 75,0,19.057768, 20.375771, 128.573151, 76.484749,13.579691, 250.167999, 0.935315
5, 75,1,46.670471, 47.878967, 128.573151, 76.484749,13.579691, 250.167999, 0.974759
5, 75,2,137.893478, 139.030106, 128.573151, 76.484749,13.579691, 250.167999, 0.991825
5, 75,3,167.934326, 168.400940, 128.573151, 76.484749,13.579691, 250.167999, 0.997229
5, 75,4,221.552948, 221.836166, 128.573151, 76.484749,13.579691, 250.167999, 0.998723
5, 75,5,248.669388, 250.969833, 128.573151, 76.484749,13.579691, 250.167999, 0.990834
5, 75,6,60.642948, 59.974152, 128.573151, 76.484749,13.579691, 250.167999, 1.011151
5, 75,7,157.463593, 156.720779, 128.573151, 76.484749,13.579691, 250.167999, 1.004740
5, 75,8,135.765167, 134.924255, 128.573151, 76.484749,13.579691, 250.167999, 1.006233
5, 75,9,82.095627, 83.156586, 128.573151, 76.484749,13.579691, 250.167999, 0.987241
5, 75,10,103.761703, 104.115646, 128.573151, 76.484749,13.579691, 250.167999, 0.996601
5, 75,11,80.771721, 80.303253, 128.573151, 76.484749,13.579691, 250.167999, 1.005834
5, 75,12,33.941643, 33.434418, 128.573151, 76.484749,13.579691, 250.167999, 1.015171
5, 75,13,167.967361, 167.889572, 128.573151, 76.484749,13.579691, 250.167999, 1.000463
5, 75,14,15.455452, 16.225462, 128.573151, 76.484749,13.579691, 250.167999, 0.952543
5, 75,15,109.600441, 109.214592, 128.573151, 76.484749,13.579691, 250.167999, 1.003533
5, 75,16,100.954628, 101.277130, 128.573151, 76.484749,13.579691, 250.167999, 0.996816
5, 75,17,178.338928, 178.465439, 128.573151, 76.484749,13.579691, 250.167999, 0.999291
5, 75,18,222.606613, 223.066422, 128.573151, 76.484749,13.579691, 250.167999, 0.997939
5, 75,19,17.194958, 16.262518, 128.573151, 76.484749,13.579691, 250.167999, 1.057337
5, 75,20,168.401489, 167.770996, 128.573151, 76.484749,13.579691, 250.167999, 1.003758
5, 75,21,148.906097, 147.923630, 128.573151, 76.484749,13.579691, 250.167999, 1.006642
5, 75,22,240.616196, 240.890533, 128.573151, 76.484749,13.579691, 250.167999, 0.998861
5, 75,23,99.337936, 99.239029, 128.573151, 76.484749,13.579691, 250.167999, 1.000997
5, 75,24,250.167999, 249.872986, 128.573151, 76.484749,13.579691, 250.167999, 1.001181
5, 75,25,87.210571, 87.210548, 128.573151, 76.484749,13.579691, 250.167999, 1.000000
5, 75,26,215.341293, 215.840454, 128.573151, 76.484749,13.579691, 250.167999, 0.997687
5, 75,27,232.541534, 232.916000, 128.573151, 76.484749,13.579691, 250.167999, 0.998392
5, 75,28,147.777039, 148.049622, 128.573151, 76.484749,13.579691, 250.167999, 0.998159
5, 75,29,13.579691, 13.505527, 128.573151, 76.484749,13.579691, 250.167999, 1.005491
5, 75,30,17.749235, 19.197378, 128.573151, 76.484749,13.579691, 250.167999, 0.924566
5, 75,31,184.372696, 185.061478, 128.573151, 76.484749,13.579691, 250.167999, 0.996278
5, 76,0,100.997078, 100.672089, 128.846924, 58.615528,11.344836, 222.370026, 1.003228
5, 76,1,172.517197, 172.506378, 128.846924, 58.615528,11.344836, 222.370026, 1.000063
5, 76,2,145.215881, 145.457748, 128.846924, 58.615528,11.344836, 222.370026, 0.998337
5, 76,3,77.415009, 76.309631, 128.846924, 58.615528,11.344836, 222.370026, 1.014485
5, 76,4,55.413773, 56.641052, 128.846924, 58.615528,11.344836, 222.370026, 0.978332
5, 76,5,222.370026, 222.193588, 128.846924, 58.615528,11.344836, 222.370026, 1.000794
5, 76,6,109.618767, 109.381378, 128.846924, 58.615528,11.344836, 222.370026, 1.002170
5, 76,7,21.280838, 21.478531, 128.846924, 58.615528,11.344836, 222.370026, 0.990796
5, 76,8,183.433289, 182.565659, 128.846924, 58.615528,11.344836, 222.370026, 1.004752
5, 76,9,182.797287, 182.074112, 128.846924, 58.615528,11.344836, 222.370026, 1.003972
5, 76,10,140.459885, 138.797714, 128.846924, 58.615528,11.344836, 222.370026, 1.011976
5, 76,11,162.501099, 162.177078, 128.846924, 58.615528,11.344836, 222.370026, 1.001998
5, 76,12,112.375275, 112.656006, 128.846924, 58.615528,11.344836, 222.370026, 0.997508
5, 76,13,74.994461, 74.745010, 128.846924, 58.615528,11.344836, 222.370026, 1.003337
5, 76,14,101.381714, 100.914398, 128.846924, 58.615528,11.344836, 222.370026, 1.004631
5, 76,15,72.187019, 70.964981, 128.846924, 58.615528,11.344836, 222.370026, 1.017220
5, 76,16,90.545517, 90.315109, 128.846924, 58.615528,11.344836, 222.370026, 1.002551
5, 76,17,130.483795, 131.569977, 128.846924, 58.615528,11.344836, 222.370026, 0.991744
5, 76,18,160.875290, 159.968597, 128.846924, 58.615528,11.344836, 222.370026, 1.005668
5, 76,19,195.464935, 196.377304, 128.846924, 58.615528,11.344836, 222.370026, 0.995354
5, 76,20,143.207825, 143.159286, 128.846924, 58.615528,11.344836, 222.370026, 1.000339
5, 76,21,119.310295, 120.049904, 128.846924, 58.615528,11.344836, 222.370026, 0.993839
5, 76,22,214.891754, 214.730469, 128.846924, 58.615528,11.344836, 222.370026, 1.000751
5, 76,23,174.012253, 175.801773, 128.846924, 58.615528,11.344836, 222.370026, 0.989821
5, 76,24,68.237053, 68.444977, 128.846924, 58.615528,11.344836, 222.370026, 0.996962
5, 76,25,95.924980, 96.476677, 128.846924, 58.615528,11.344836, 222.370026, 0.994282
5, 76,26,48.811890, 50.742558, 128.846924, 58.615528,11.344836, 222.370026, 0.961952
5, 76,27,222.157684, 222.027451, 128.846924, 58.615528,11.344836, 222.370026, 1.000587
5, 76,28,180.238617, 179.187180, 128.846924, 58.615528,11.344836, 222.370026, 1.005868
5, 76,29,11.344836, 10.685389, 128.846924, 58.615528,11.344836, 222.370026, 1.061715
5, 76,30,215.001083, 214.342773, 128.846924, 58.615528,11.344836, 222.370026, 1.003071
5, 76,31,117.635742, 117.585274, 128.846924, 58.615528,11.344836, 222.370026, 1.000429
5, 77,0,163.488708, 162.048553, 128.736023, 76.061073,12.885086, 251.601013, 1.008887
5, 77,1,12.885086, 13.157228, 128.736023, 76.061073,12.885086, 251.601013, 0.979316
5, 77,2,104.896370, 105.063538, 128.736023, 76.061073,12.885086, 251.601013, 0.998409
5, 77,3,232.445496, 233.071426, 128.736023, 76.061073,12.885086, 251.601013, 0.997314
5, 77,4,14.909129, 15.414497, 128.736023, 76.061073,12.885086, 251.601013, 0.967215
5, 77,5,25.323864, 25.166496, 128.736023, 76.061073,12.885086, 251.601013, 1.006253
5, 77,6,60.540325, 61.555763, 128.736023, 76.061073,12.885086, 251.601013, 0.983504
5, 77,7,149.730957, 150.496628, 128.736023, 76.061073,12.885086, 251.601013, 0.994912
5, 77,8,158.653671, 158.839676, 128.736023, 76.061073,12.885086, 251.601013, 0.998829
5, 77,9,203.655869, 204.708008, 128.736023, 76.061073,12.885086, 251.601013, 0.994860
5, 77,10,186.626633, 186.649857, 128.736023, 76.061073,12.885086, 251.601013, 0.999876
5, 77,11,215.810013, 214.895233, 128.736023, 76.061073,12.885086, 251.601013, 1.004257
5, 77,12,55.526028, 55.816685, 128.736023, 76.061073,12.885086, 251.601013, 0.994793
5, 77,13,124.695885, 124.774086, 128.736023, 76.061073,12.885086, 251.601013, 0.999373
5, 77,14,14.945860, 15.200574, 128.736023, 76.061073,12.885086, 251.601013, 0.983243
5, 77,15,171.313980, 171.357941, 128.736023, 76.061073,12.885086, 251.601013, 0.999743
5, 77,16,225.192413, 225.193115, 128.736023, 76.061073,12.885086, 251.601013, 0.999997
5, 77,17,54.000164, 54.105293, 128.736023, 76.061073,12.885086, 251.601013, 0.998057
5, 77,18,154.568878, 154.111221, 128.736023, 76.061073,12.885086, 251.601013, 1.002970
5, 77,19,124.283028, 123.564301, 128.736023, 76.061073,12.885086, 251.601013, 1.005817
5, 77,20,21.073084, 21.360119, 128.736023, 76.061073,12.885086, 251.601013, 0.986562
5, 77,21,153.906525, 153.572723, 128.736023, 76.061073,12.885086, 251.601013, 1.002174
5, 77,22,251.601013, 251.653336, 128.736023, 76.061073,12.885086, 251.601013, 0.999792
5, 77,23,128.877609, 129.760727, 128.736023, 76.061073,12.885086, 251.601013, 0.993194
5, 77,24,205.644455, 205.851395, 128.736023, 76.061073,12.885086, 251.601013, 0.998995
5, 77,25,43.426758, 43.195152, 128.736023, 76.061073,12.885086, 251.601013, 1.005362
5, 77,26,205.399094, 205.799759, 128.736023, 76.061073,12.885086, 251.601013, 0.998053
5, 77,27,233.254150, 233.639435, 128.736023, 76.061073,12.885086, 251.601013, 0.998351
5, 77,28,105.388657, 105.270088, 128.736023, 76.061073,12.885086, 251.601013, 1.001126
5, 77,29,107.900848, 106.907722, 128.736023, 76.061073,12.885086, 251.601013, 1.009290
5, 77,30,27.161251, 26.663965, 128.736023, 76.061073,12.885086, 251.601013, 1.018650
5, 77,31,182.426514, 182.135315, 128.736023, 76.061073,12.885086, 251.601013, 1.001599
5, 78,0,59.504471, 58.509457, 128.900101, 63.501091,17.188980, 240.557205, 1.017006
5, 78,1,218.750702, 218.988953, 128.900101, 63.501091,17.188980, 240.557205, 0.998912
5, 78,2,170.776901, 170.981018, 128.900101, 63.501091,17.188980, 240.557205, 0.998806
5, 78,3,134.530701, 135.184052, 128.900101, 63.501091,17.188980, 240.557205, 0.995167
5, 78,4,158.902466, 159.482376, 128.900101, 63.501091,17.188980, 240.557205, 0.996364
5, 78,5,179.432861, 178.998093, 128.900101, 63.501091,17.188980, 240.557205, 1.002429
5, 78,6,195.879883, 194.763306, 128.900101, 63.501091,17.188980, 240.557205, 1.005733
5, 78,7,179.911209, 179.790359, 128.900101, 63.501091,17.188980, 240.557205, 1.000672
5, 78,8,193.450699, 195.548294, 128.900101, 63.501091,17.188980, 240.557205, 0.989273
5, 78,9,151.049301, 151.428970, 128.900101, 63.501091,17.188980, 240.557205, 0.997493
5, 78,10,170.252441, 170.028870, 128.900101, 63.501091,17.188980, 240.557205, 1.001315
5, 78,11,172.554474, 173.030716, 128.900101, 63.501091,17.188980, 240.557205, 0.997248
5, 78,12,240.557205, 239.616760, 128.900101, 63.501091,17.188980, 240.557205, 1.003925
5, 78,13,129.785126, 128.845978, 128.900101, 63.501091,17.188980, 240.557205, 1.007289
5, 78,14,80.258224, 80.569115, 128.900101, 63.501091,17.188980, 240.557205, 0.996141
5, 78,15,159.782227, 159.947556, 128.900101, 63.501091,17.188980, 240.557205, 0.998966
5, 78,16,48.143211, 48.246441, 128.900101, 63.501091,17.188980, 240.557205, 0.997860
5, 78,17,94.268166, 94.626251, 128.900101, 63.501091,17.188980, 240.557205, 0.996216
5, 78,18,193.269760, 192.662735, 128.900101, 63.501091,17.188980, 240.557205, 1.003151
5, 78,19,240.025955, 240.510757, 128.900101, 63.501091,17.188980, 240.557205, 0.997984
5, 78,20,78.762238, 78.533958, 128.900101, 63.501091,17.188980, 240.557205, 1.002907
5, 78,21,97.554512, 98.216850, 128.900101, 63.501091,17.188980, 240.557205, 0.993256
5, 78,22,25.482313, 25.496279, 128.900101, 63.501091,17.188980, 240.557205, 0.999452
5, 78,23,115.945824, 115.682861, 128.900101, 63.501091,17.188980, 240.557205, 1.002273
5, 78,24,142.358551, 140.555420, 128.900101, 63.501091,17.188980, 240.557205, 1.012829
5, 78,25,40.672726, 40.607330, 128.900101, 63.501091,17.188980, 240.557205, 1.001610
5, 78,26,97.603409, 96.261650, 128.900101, 63.501091,17.188980, 240.557205, 1.013939
5, 78,27,75.216484, 74.252853, 128.900101, 63.501091,17.188980, 240.557205, 1.012978
5, 78,28,158.350159, 158.399399, 128.900101, 63.501091,17.188980, 240.557205, 0.999689
5, 78,29,41.276764, 40.789040, 128.900101, 63.501091,17.188980, 240.557205, 1.011957
5, 78,30,17.188980, 16.905003, 128.900101, 63.501091,17.188980, 240.557205, 1.016798
5, 78,31,63.304829, 63.539200, 128.900101, 63.501091,17.188980, 240.557205, 0.996311
5, 79,0,10.941035, 10.651079, 128.407562, 68.535728,10.941035, 230.713608, 1.027223
5, 79,1,230.713608, 231.030411, 128.407562, 68.535728,10.941035, 230.713608, 0.998629
5, 79,2,213.787415, 215.528854, 128.407562, 68.535728,10.941035, 230.713608, 0.991920
5, 79,3,35.439793, 37.213646, 128.407562, 68.535728,10.941035, 230.713608, 0.952333
5, 79,4,64.475098, 65.729446, 128.407562, 68.535728,10.941035, 230.713608, 0.980917
5, 79,5,126.624275, 128.020905, 128.407562, 68.535728,10.941035, 230.713608, 0.989091
5, 79,6,135.847137, 136.126465, 128.407562, 68.535728,10.941035, 230.713608, 0.997948
5, 79,7,128.153656, 128.342773, 128.407562, 68.535728,10.941035, 230.713608, 0.998526
5, 79,8,94.668152, 95.415733, 128.407562, 68.535728,10.941035, 230.713608, 0.992165
5, 79,9,23.659138, 23.489775, 128.407562, 68.535728,10.941035, 230.713608, 1.007210
5, 79,10,211.533920, 211.951584, 128.407562, 68.535728,10.941035, 230.713608, 0.998029
5, 79,11,27.831709, 28.486259, 128.407562, 68.535728,10.941035, 230.713608, 0.977022
5, 79,12,90.384369, 91.238579, 128.407562, 68.535728,10.941035, 230.713608, 0.990638
5, 79,13,229.145508, 230.445160, 128.407562, 68.535728,10.941035, 230.713608, 0.994360
5, 79,14,200.608673, 199.332352, 128.407562, 68.535728,10.941035, 230.713608, 1.006403
5, 79,15,181.451584, 180.385208, 128.407562, 68.535728,10.941035, 230.713608, 1.005912
5, 79,16,188.454483, 189.127243, 128.407562, 68.535728,10.941035, 230.713608, 0.996443
5, 79,17,142.176636, 143.668747, 128.407562, 68.535728,10.941035, 230.713608, 0.989614
5, 79,18,229.309494, 229.047897, 128.407562, 68.535728,10.941035, 230.713608, 1.001142
5, 79,19,92.093147, 92.511482, 128.407562, 68.535728,10.941035, 230.713608, 0.995478
5, 79,20,124.168861, 123.514549, 128.407562, 68.535728,10.941035, 230.713608, 1.005297
5, 79,21,146.893051, 146.982681, 128.407562, 68.535728,10.941035, 230.713608, 0.999390
5, 79,22,25.794235, 28.515518, 128.407562, 68.535728,10.941035, 230.713608, 0.904568
5, 79,23,219.571609, 223.195496, 128.407562, 68.535728,10.941035, 230.713608, 0.983764
5, 79,24,196.824585, 197.035278, 128.407562, 68.535728,10.941035, 230.713608, 0.998931
5, 79,25,174.031143, 172.586899, 128.407562, 68.535728,10.941035, 230.713608, 1.008368
5, 79,26,38.370304, 37.703781, 128.407562, 68.535728,10.941035, 230.713608, 1.017678
5, 79,27,101.988647, 101.019409, 128.407562, 68.535728,10.941035, 230.713608, 1.009595
5, 79,28,119.224770, 117.508522, 128.407562, 68.535728,10.941035, 230.713608, 1.014605
5, 79,29,102.648247, 103.601776, 128.407562, 68.535728,10.941035, 230.713608, 0.990796
5, 79,30,111.391319, 111.575661, 128.407562, 68.535728,10.941035, 230.713608, 0.998348
5, 79,31,90.836189, 90.016899, 128.407562, 68.535728,10.941035, 230.713608, 1.009102
5, 80,0,79.615685, 80.438843, 128.594620, 72.914978,9.397825, 238.303955, 0.989767
5, 80,1,132.974518, 132.210815, 128.594620, 72.914978,9.397825, 238.303955, 1.005776
5, 80,2,9.397825, 11.421056, 128.594620, 72.914978,9.397825, 238.303955, 0.822851
5, 80,3,174.380814, 175.194305, 128.594620, 72.914978,9.397825, 238.303955, 0.995357
5, 80,4,224.780090, 225.731476, 128.594620, 72.914978,9.397825, 238.303955, 0.995785
5, 80,5,79.836937, 79.790405, 128.594620, 72.914978,9.397825, 238.303955, 1.000583
5, 80,6,15.231936, 14.828831, 128.594620, 72.914978,9.397825, 238.303955, 1.027184
5, 80,7,123.034096, 123.691376, 128.594620, 72.914978,9.397825, 238.303955, 0.994686
5, 80,8,205.328278, 204.284561, 128.594620, 72.914978,9.397825, 238.303955, 1.005109
5, 80,9,214.491745, 215.025253, 128.594620, 72.914978,9.397825, 238.303955, 0.997519
5, 80,10,88.564339, 89.151436, 128.594620, 72.914978,9.397825, 238.303955, 0.993415
5, 80,11,226.173569, 225.317581, 128.594620, 72.914978,9.397825, 238.303955, 1.003799
5, 80,12,186.425110, 186.983551, 128.594620, 72.914978,9.397825, 238.303955, 0.997013
5, 80,13,139.390457, 141.054474, 128.594620, 72.914978,9.397825, 238.303955, 0.988203
5, 80,14,59.795437, 60.412998, 128.594620, 72.914978,9.397825, 238.303955, 0.989778
5, 80,15,238.303955, 235.665054, 128.594620, 72.914978,9.397825, 238.303955, 1.011198
5, 80,16,154.757965, 154.395844, 128.594620, 72.914978,9.397825, 238.303955, 1.002345
5, 80,17,25.791155, 26.680161, 128.594620, 72.914978,9.397825, 238.303955, 0.966679
5, 80,18,107.904053, 107.983879, 128.594620, 72.914978,9.397825, 238.303955, 0.999261
5, 80,19,159.064362, 158.900452, 128.594620, 72.914978,9.397825, 238.303955, 1.001032
5, 80,20,163.033112, 162.570374, 128.594620, 72.914978,9.397825, 238.303955, 1.002846
5, 80,21,61.254852, 63.220615, 128.594620, 72.914978,9.397825, 238.303955, 0.968906
5, 80,22,47.150631, 48.713428, 128.594620, 72.914978,9.397825, 238.303955, 0.967919
5, 80,23,163.313385, 163.122238, 128.594620, 72.914978,9.397825, 238.303955, 1.001172
5, 80,24,57.360844, 60.081875, 128.594620, 72.914978,9.397825, 238.303955, 0.954711
5, 80,25,212.977356, 211.479523, 128.594620, 72.914978,9.397825, 238.303955, 1.007083
5, 80,26,11.218532, 11.358971, 128.594620, 72.914978,9.397825, 238.303955, 0.987636
5, 80,27,167.145004, 167.695816, 128.594620, 72.914978,9.397825, 238.303955, 0.996715
5, 80,28,189.296524, 189.142731, 128.594620, 72.914978,9.397825, 238.303955, 1.000813
5, 80,29,162.731598, 161.025131, 128.594620, 72.914978,9.397825, 238.303955, 1.010597
5, 80,30,21.701151, 21.809940, 128.594620, 72.914978,9.397825, 238.303955, 0.995012
5, 80,31,212.602280, 211.617493, 128.594620, 72.914978,9.397825, 238.303955, 1.004654
5, 81,0,172.420471, 172.447067, 128.607285, 56.334335,9.644900, 205.512466, 0.999846
5, 81,1,189.872574, 189.502335, 128.607285, 56.334335,9.644900, 205.512466, 1.001954
5, 81,2,177.513397, 177.476822, 128.607285, 56.334335,9.644900, 205.512466, 1.000206
5, 81,3,98.769547, 99.491844, 128.607285, 56.334335,9.644900, 205.512466, 0.992740
5, 81,4,172.137146, 171.451981, 128.607285, 56.334335,9.644900, 205.512466, 1.003996
5, 81,5,76.572037, 76.743462, 128.607285, 56.334335,9.644900, 205.512466, 0.997766
5, 81,6,201.344391, 202.583252, 128.607285, 56.334335,9.644900, 205.512466, 0.993885
5, 81,7,178.126709, 178.230667, 128.607285, 56.334335,9.644900, 205.512466, 0.999417
5, 81,8,50.483505, 50.865067, 128.607285, 56.334335,9.644900, 205.512466, 0.992499
5, 81,9,136.632416, 136.750443, 128.607285, 56.334335,9.644900, 205.512466, 0.999137
5, 81,10,199.698013, 199.495468, 128.607285, 56.334335,9.644900, 205.512466, 1.001015
5, 81,11,61.938934, 63.149910, 128.607285, 56.334335,9.644900, 205.512466, 0.980824
5, 81,12,142.232162, 142.702911, 128.607285, 56.334335,9.644900, 205.512466, 0.996701
5, 81,13,128.142227, 129.302338, 128.607285, 56.334335,9.644900, 205.512466, 0.991028
5, 81,14,103.230484, 103.502357, 128.607285, 56.334335,9.644900, 205.512466, 0.997373
5, 81,15,32.589294, 31.849783, 128.607285, 56.334335,9.644900, 205.512466, 1.023219
5, 81,16,55.456955, 55.448513, 128.607285, 56.334335,9.644900, 205.512466, 1.000152
5, 81,17,201.857986, 201.594193, 128.607285, 56.334335,9.644900, 205.512466, 1.001309
5, 81,18,84.249420, 84.891144, 128.607285, 56.334335,9.644900, 205.512466, 0.992441
5, 81,19,9.644900, 10.488499, 128.607285, 56.334335,9.644900, 205.512466, 0.919569
5, 81,20,180.667145, 181.686340, 128.607285, 56.334335,9.644900, 205.512466, 0.994390
5, 81,21,145.321838, 144.771484, 128.607285, 56.334335,9.644900, 205.512466, 1.003802
5, 81,22,137.488159, 136.159424, 128.607285, 56.334335,9.644900, 205.512466, 1.009759
5, 81,23,46.041553, 46.360020, 128.607285, 56.334335,9.644900, 205.512466, 0.993131
5, 81,24,205.512466, 206.322388, 128.607285, 56.334335,9.644900, 205.512466, 0.996074
5, 81,25,139.618164, 139.174866, 128.607285, 56.334335,9.644900, 205.512466, 1.003185
5, 81,26,133.910889, 133.620453, 128.607285, 56.334335,9.644900, 205.512466, 1.002174
5, 81,27,147.931305, 147.829132, 128.607285, 56.334335,9.644900, 205.512466, 1.000691
5, 81,28,105.455101, 105.546822, 128.607285, 56.334335,9.644900, 205.512466, 0.999131
5, 81,29,154.001007, 153.703186, 128.607285, 56.334335,9.644900, 205.512466, 1.001938
5, 81,30,182.310104, 181.891403, 128.607285, 56.334335,9.644900, 205.512466, 1.002302
5, 81,31,64.262291, 65.966324, 128.607285, 56.334335,9.644900, 205.512466, 0.974168
5, 82,0,164.209351, 164.818375, 128.768204, 70.199669,14.463510, 253.144089, 0.996305
5, 82,1,250.062408, 250.476257, 128.768204, 70.199669,14.463510, 253.144089, 0.998348
5, 82,2,196.437637, 196.743774, 128.768204, 70.199669,14.463510, 253.144089, 0.998444
5, 82,3,103.500130, 104.676872, 128.768204, 70.199669,14.463510, 253.144089, 0.988758
5, 82,4,193.047623, 193.849625, 128.768204, 70.199669,14.463510, 253.144089, 0.995863
5, 82,5,18.892172, 19.684563, 128.768204, 70.199669,14.463510, 253.144089, 0.959746
5, 82,6,74.185966, 72.489731, 128.768204, 70.199669,14.463510, 253.144089, 1.023400
5, 82,7,53.986389, 54.242371, 128.768204, 70.199669,14.463510, 253.144089, 0.995281
5, 82,8,187.332092, 187.089127, 128.768204, 70.199669,14.463510, 253.144089, 1.001299
5, 82,9,141.370697, 141.351074, 128.768204, 70.199669,14.463510, 253.144089, 1.000139
5, 82,10,31.947756, 31.762220, 128.768204, 70.199669,14.463510, 253.144089, 1.005841
5, 82,11,14.463510, 13.903738, 128.768204, 70.199669,14.463510, 253.144089, 1.040261
5, 82,12,78.242462, 80.102768, 128.768204, 70.199669,14.463510, 253.144089, 0.976776
5, 82,13,107.151253, 107.256927, 128.768204, 70.199669,14.463510, 253.144089, 0.999015
5, 82,14,150.304718, 150.557022, 128.768204, 70.199669,14.463510, 253.144089, 0.998324
5, 82,15,59.033669, 58.318115, 128.768204, 70.199669,14.463510, 253.144089, 1.012270
5, 82,16,89.765358, 88.874969, 128.768204, 70.199669,14.463510, 253.144089, 1.010018
5, 82,17,31.815777, 32.472672, 128.768204, 70.199669,14.463510, 253.144089, 0.979771
5, 82,18,122.733940, 122.595192, 128.768204, 70.199669,14.463510, 253.144089, 1.001132
5, 82,19,133.964630, 131.973129, 128.768204, 70.199669,14.463510, 253.144089, 1.015090
5, 82,20,238.929581, 239.871857, 128.768204, 70.199669,14.463510, 253.144089, 0.996072
5, 82,21,135.476868, 135.435638, 128.768204, 70.199669,14.463510, 253.144089, 1.000304
5, 82,22,236.107742, 236.955276, 128.768204, 70.199669,14.463510, 253.144089, 0.996423
5, 82,23,86.120041, 87.596153, 128.768204, 70.199669,14.463510, 253.144089, 0.983149
5, 82,24,163.217056, 162.791733, 128.768204, 70.199669,14.463510, 253.144089, 1.002613
5, 82,25,165.365570, 165.005341, 128.768204, 70.199669,14.463510, 253.144089, 1.002183
5, 82,26,65.753868, 64.517731, 128.768204, 70.199669,14.463510, 253.144089, 1.019160
5, 82,27,226.318512, 226.687408, 128.768204, 70.199669,14.463510, 253.144089, 0.998373
5, 82,28,72.643539, 72.743988, 128.768204, 70.199669,14.463510, 253.144089, 0.998619
5, 82,29,161.394104, 160.398636, 128.768204, 70.199669,14.463510, 253.144089, 1.006206
5, 82,30,253.144089, 252.121536, 128.768204, 70.199669,14.463510, 253.144089, 1.004056
5, 82,31,113.664101, 113.636032, 128.768204, 70.199669,14.463510, 253.144089, 1.000247
5, 83,0,64.945564, 64.654770, 128.645798, 61.482265,18.444798, 219.563171, 1.004498
5, 83,1,120.419739, 120.888405, 128.645798, 61.482265,18.444798, 219.563171, 0.996123
5, 83,2,185.784363, 185.588058, 128.645798, 61.482265,18.444798, 219.563171, 1.001058
5, 83,3,158.915451, 159.257690, 128.645798, 61.482265,18.444798, 219.563171, 0.997851
5, 83,4,141.626144, 141.651917, 128.645798, 61.482265,18.444798, 219.563171, 0.999818
5, 83,5,44.708900, 44.687508, 128.645798, 61.482265,18.444798, 219.563171, 1.000479
5, 83,6,209.138474, 208.120987, 128.645798, 61.482265,18.444798, 219.563171, 1.004889
5, 83,7,157.102493, 158.025879, 128.645798, 61.482265,18.444798, 219.563171, 0.994157
5, 83,8,39.030369, 40.740330, 128.645798, 61.482265,18.444798, 219.563171, 0.958028
5, 83,9,155.164459, 154.670776, 128.645798, 61.482265,18.444798, 219.563171, 1.003192
5, 83,10,190.691422, 192.046463, 128.645798, 61.482265,18.444798, 219.563171, 0.992944
5, 83,11,57.109413, 57.760826, 128.645798, 61.482265,18.444798, 219.563171, 0.988722
5, 83,12,191.403641, 191.604111, 128.645798, 61.482265,18.444798, 219.563171, 0.998954
5, 83,13,153.963928, 154.092331, 128.645798, 61.482265,18.444798, 219.563171, 0.999167
5, 83,14,170.557983, 169.234512, 128.645798, 61.482265,18.444798, 219.563171, 1.007820
5, 83,15,219.563171, 219.418091, 128.645798, 61.482265,18.444798, 219.563171, 1.000661
5, 83,16,38.012436, 37.140236, 128.645798, 61.482265,18.444798, 219.563171, 1.023484
5, 83,17,25.494959, 25.285099, 128.645798, 61.482265,18.444798, 219.563171, 1.008300
5, 83,18,18.444798, 19.030865, 128.645798, 61.482265,18.444798, 219.563171, 0.969204
5, 83,19,76.405807, 76.482681, 128.645798, 61.482265,18.444798, 219.563171, 0.998995
5, 83,20,159.738251, 159.876968, 128.645798, 61.482265,18.444798, 219.563171, 0.999132
5, 83,21,144.510406, 145.408539, 128.645798, 61.482265,18.444798, 219.563171, 0.993823
5, 83,22,152.307831, 152.329712, 128.645798, 61.482265,18.444798, 219.563171, 0.999856
5, 83,23,123.973671, 124.645027, 128.645798, 61.482265,18.444798, 219.563171, 0.994614
5, 83,24,20.286348, 20.160574, 128.645798, 61.482265,18.444798, 219.563171, 1.006239
5, 83,25,71.270126, 71.637192, 128.645798, 61.482265,18.444798, 219.563171, 0.994876
5, 83,26,166.191727, 166.396622, 128.645798, 61.482265,18.444798, 219.563171, 0.998769
5, 83,27,187.690857, 187.153336, 128.645798, 61.482265,18.444798, 219.563171, 1.002872
5, 83,28,177.393478, 177.489563, 128.645798, 61.482265,18.444798, 219.563171, 0.999459
5, 83,29,155.774261, 156.106735, 128.645798, 61.482265,18.444798, 219.563171, 0.997870
5, 83,30,160.642960, 160.469055, 128.645798, 61.482265,18.444798, 219.563171, 1.001084
5, 83,31,178.402222, 178.945923, 128.645798, 61.482265,18.444798, 219.563171, 0.996962
5, 84,0,144.626831, 144.012650, 128.654083, 65.285797,11.095525, 243.889297, 1.004265
5, 84,1,237.831390, 238.260956, 128.654083, 65.285797,11.095525, 243.889297, 0.998197
5, 84,2,154.464493, 154.480713, 128.654083, 65.285797,11.095525, 243.889297, 0.999895
5, 84,3,119.763741, 120.239784, 128.654083, 65.285797,11.095525, 243.889297, 0.996041
5, 84,4,29.170057, 28.671024, 128.654083, 65.285797,11.095525, 243.889297, 1.017406
5, 84,5,175.689224, 175.895584, 128.654083, 65.285797,11.095525, 243.889297, 0.998827
5, 84,6,22.301888, 23.276220, 128.654083, 65.285797,11.095525, 243.889297, 0.958140
5, 84,7,11.095525, 11.264742, 128.654083, 65.285797,11.095525, 243.889297, 0.984978
5, 84,8,150.225891, 147.978363, 128.654083, 65.285797,11.095525, 243.889297, 1.015188
5, 84,9,200.008408, 201.690598, 128.654083, 65.285797,11.095525, 243.889297, 0.991660
5, 84,10,213.883026, 214.681015, 128.654083, 65.285797,11.095525, 243.889297, 0.996283
5, 84,11,225.236313, 224.398804, 128.654083, 65.285797,11.095525, 243.889297, 1.003732
5, 84,12,90.393921, 92.036751, 128.654083, 65.285797,11.095525, 243.889297, 0.982150
5, 84,13,85.656799, 84.805565, 128.654083, 65.285797,11.095525, 243.889297, 1.010038
5, 84,14,67.727539, 66.313187, 128.654083, 65.285797,11.095525, 243.889297, 1.021328
5, 84,15,139.585602, 138.417770, 128.654083, 65.285797,11.095525, 243.889297, 1.008437
5, 84,16,66.987488, 66.906250, 128.654083, 65.285797,11.095525, 243.889297, 1.001214
5, 84,17,83.276604, 82.454727, 128.654083, 65.285797,11.095525, 243.889297, 1.009968
5, 84,18,42.863464, 43.662148, 128.654083, 65.285797,11.095525, 243.889297, 0.981708
5, 84,19,146.315857, 147.778290, 128.654083, 65.285797,11.095525, 243.889297, 0.990104
5, 84,20,189.669586, 189.464767, 128.654083, 65.285797,11.095525, 243.889297, 1.001081
5, 84,21,39.368500, 40.746811, 128.654083, 65.285797,11.095525, 243.889297, 0.966174
5, 84,22,135.259903, 135.202332, 128.654083, 65.285797,11.095525, 243.889297, 1.000426
5, 84,23,184.578461, 184.734497, 128.654083, 65.285797,11.095525, 243.889297, 0.999155
5, 84,24,149.531631, 150.414963, 128.654083, 65.285797,11.095525, 243.889297, 0.994127
5, 84,25,199.926514, 200.833160, 128.654083, 65.285797,11.095525, 243.889297, 0.995486
5, 84,26,156.010864, 155.838348, 128.654083, 65.285797,11.095525, 243.889297, 1.001107
5, 84,27,243.889297, 243.112701, 128.654083, 65.285797,11.095525, 243.889297, 1.003194
5, 84,28,131.026428, 130.736420, 128.654083, 65.285797,11.095525, 243.889297, 1.002218
5, 84,29,116.736191, 117.753174, 128.654083, 65.285797,11.095525, 243.889297, 0.991363
5, 84,30,92.311020, 92.887062, 128.654083, 65.285797,11.095525, 243.889297, 0.993798
5, 84,31,71.517952, 72.050964, 128.654083, 65.285797,11.095525, 243.889297, 0.992602
5, 85,0,223.491577, 224.586288, 128.610428, 69.632446,9.615977, 237.926437, 0.995126
5, 85,1,175.836731, 174.769592, 128.610428, 69.632446,9.615977, 237.926437, 1.006106
5, 85,2,148.023499, 148.629227, 128.610428, 69.632446,9.615977, 237.926437, 0.995925
5, 85,3,237.926437, 238.716034, 128.610428, 69.632446,9.615977, 237.926437, 0.996692
5, 85,4,209.809494, 210.034119, 128.610428, 69.632446,9.615977, 237.926437, 0.998931
5, 85,5,10.121781, 10.556178, 128.610428, 69.632446,9.615977, 237.926437, 0.958849
5, 85,6,32.427998, 32.599144, 128.610428, 69.632446,9.615977, 237.926437, 0.994750
5, 85,7,112.522263, 111.724319, 128.610428, 69.632446,9.615977, 237.926437, 1.007142
5, 85,8,152.054657, 153.085693, 128.610428, 69.632446,9.615977, 237.926437, 0.993265
5, 85,9,163.278656, 163.695313, 128.610428, 69.632446,9.615977, 237.926437, 0.997455
5, 85,10,159.471283, 160.231506, 128.610428, 69.632446,9.615977, 237.926437, 0.995255
5, 85,11,56.947971, 57.000591, 128.610428, 69.632446,9.615977, 237.926437, 0.999077
5, 85,12,216.184189, 216.328079, 128.610428, 69.632446,9.615977, 237.926437, 0.999335
5, 85,13,163.792725, 163.681229, 128.610428, 69.632446,9.615977, 237.926437, 1.000681
5, 85,14,160.952148, 161.139694, 128.610428, 69.632446,9.615977, 237.926437, 0.998836
5, 85,15,186.981918, 187.329376, 128.610428, 69.632446,9.615977, 237.926437, 0.998145
5, 85,16,172.941696, 172.777206, 128.610428, 69.632446,9.615977, 237.926437, 1.000952
5, 85,17,9.615977, 11.175718, 128.610428, 69.632446,9.615977, 237.926437, 0.860435
5, 85,18,113.705750, 113.181641, 128.610428, 69.632446,9.615977, 237.926437, 1.004631
5, 85,19,145.829544, 144.890839, 128.610428, 69.632446,9.615977, 237.926437, 1.006479
5, 85,20,199.431427, 199.860977, 128.610428, 69.632446,9.615977, 237.926437, 0.997851
5, 85,21,132.442474, 131.986115, 128.610428, 69.632446,9.615977, 237.926437, 1.003458
5, 85,22,132.735764, 132.697174, 128.610428, 69.632446,9.615977, 237.926437, 1.000291
5, 85,23,129.044266, 128.670151, 128.610428, 69.632446,9.615977, 237.926437, 1.002908
5, 85,24,17.839033, 17.448566, 128.610428, 69.632446,9.615977, 237.926437, 1.022378
5, 85,25,69.427628, 69.841980, 128.610428, 69.632446,9.615977, 237.926437, 0.994067
5, 85,26,55.593952, 57.099155, 128.610428, 69.632446,9.615977, 237.926437, 0.973639
5, 85,27,30.457041, 29.987219, 128.610428, 69.632446,9.615977, 237.926437, 1.015667
5, 85,28,11.838345, 10.732184, 128.610428, 69.632446,9.615977, 237.926437, 1.103069
5, 85,29,222.173691, 221.932114, 128.610428, 69.632446,9.615977, 237.926437, 1.001089
5, 85,30,148.244781, 149.833084, 128.610428, 69.632446,9.615977, 237.926437, 0.989399
5, 85,31,114.388618, 114.779778, 128.610428, 69.632446,9.615977, 237.926437, 0.996592
5, 86,0,21.814764, 20.398533, 128.890808, 60.936123,21.814764, 245.316132, 1.069428
5, 86,1,208.385361, 209.598297, 128.890808, 60.936123,21.814764, 245.316132, 0.994213
5, 86,2,196.591629, 196.676590, 128.890808, 60.936123,21.814764, 245.316132, 0.999568
5, 86,3,126.335136, 125.935997, 128.890808, 60.936123,21.814764, 245.316132, 1.003169
5, 86,4,136.598053, 137.099121, 128.890808, 60.936123,21.814764, 245.316132, 0.996345
5, 86,5,165.963409, 165.939774, 128.890808, 60.936123,21.814764, 245.316132, 1.000142
5, 86,6,135.778259, 136.923264, 128.890808, 60.936123,21.814764, 245.316132, 0.991638
5, 86,7,194.745819, 194.726883, 128.890808, 60.936123,21.814764, 245.316132, 1.000097
5, 86,8,54.764927, 55.118927, 128.890808, 60.936123,21.814764, 245.316132, 0.993578
5, 86,9,160.281677, 158.561401, 128.890808, 60.936123,21.814764, 245.316132, 1.010849
5, 86,10,57.154724, 58.261429, 128.890808, 60.936123,21.814764, 245.316132, 0.981004
5, 86,11,58.394363, 58.307304, 128.890808, 60.936123,21.814764, 245.316132, 1.001493
5, 86,12,98.543556, 98.395172, 128.890808, 60.936123,21.814764, 245.316132, 1.001508
5, 86,13,64.625145, 64.294098, 128.890808, 60.936123,21.814764, 245.316132, 1.005149
5, 86,14,164.561081, 164.441147, 128.890808, 60.936123,21.814764, 245.316132, 1.000729
5, 86,15,229.621399, 229.080276, 128.890808, 60.936123,21.814764, 245.316132, 1.002362
5, 86,16,245.316132, 244.372223, 128.890808, 60.936123,21.814764, 245.316132, 1.003863
5, 86,17,42.279522, 41.921967, 128.890808, 60.936123,21.814764, 245.316132, 1.008529
5, 86,18,81.229126, 81.459328, 128.890808, 60.936123,21.814764, 245.316132, 0.997174
5, 86,19,144.239014, 143.865829, 128.890808, 60.936123,21.814764, 245.316132, 1.002594
5, 86,20,97.306152, 97.622932, 128.890808, 60.936123,21.814764, 245.316132, 0.996755
5, 86,21,140.340683, 141.640839, 128.890808, 60.936123,21.814764, 245.316132, 0.990821
5, 86,22,187.379089, 185.918701, 128.890808, 60.936123,21.814764, 245.316132, 1.007855
5, 86,23,223.728943, 223.208145, 128.890808, 60.936123,21.814764, 245.316132, 1.002333
5, 86,24,133.719055, 134.231873, 128.890808, 60.936123,21.814764, 245.316132, 0.996180
5, 86,25,110.360359, 110.651680, 128.890808, 60.936123,21.814764, 245.316132, 0.997367
5, 86,26,91.268677, 89.801086, 128.890808, 60.936123,21.814764, 245.316132, 1.016343
5, 86,27,184.519089, 184.810028, 128.890808, 60.936123,21.814764, 245.316132, 0.998426
5, 86,28,153.934143, 153.622086, 128.890808, 60.936123,21.814764, 245.316132, 1.002031
5, 86,29,61.076206, 60.539925, 128.890808, 60.936123,21.814764, 245.316132, 1.008858
5, 86,30,52.134480, 52.014656, 128.890808, 60.936123,21.814764, 245.316132, 1.002304
5, 86,31,101.515976, 101.560608, 128.890808, 60.936123,21.814764, 245.316132, 0.999561
5, 87,0,19.511688, 18.063244, 128.927628, 62.566811,16.592722, 224.407455, 1.080187
5, 87,1,28.626974, 29.256021, 128.927628, 62.566811,16.592722, 224.407455, 0.978499
5, 87,2,173.760056, 171.875488, 128.927628, 62.566811,16.592722, 224.407455, 1.010965
5, 87,3,42.812431, 43.585278, 128.927628, 62.566811,16.592722, 224.407455, 0.982268
5, 87,4,114.902679, 114.960930, 128.927628, 62.566811,16.592722, 224.407455, 0.999493
5, 87,5,107.912758, 108.910027, 128.927628, 62.566811,16.592722, 224.407455, 0.990843
5, 87,6,224.407455, 222.197891, 128.927628, 62.566811,16.592722, 224.407455, 1.009944
5, 87,7,53.217762, 53.785763, 128.927628, 62.566811,16.592722, 224.407455, 0.989440
5, 87,8,151.807785, 152.029633, 128.927628, 62.566811,16.592722, 224.407455, 0.998541
5, 87,9,187.446655, 187.759094, 128.927628, 62.566811,16.592722, 224.407455, 0.998336
5, 87,10,55.896549, 55.430328, 128.927628, 62.566811,16.592722, 224.407455, 1.008411
5, 87,11,16.592722, 16.529699, 128.927628, 62.566811,16.592722, 224.407455, 1.003813
5, 87,12,131.833954, 132.440552, 128.927628, 62.566811,16.592722, 224.407455, 0.995420
5, 87,13,187.354645, 188.008911, 128.927628, 62.566811,16.592722, 224.407455, 0.996520
5, 87,14,223.376907, 223.509369, 128.927628, 62.566811,16.592722, 224.407455, 0.999407
5, 87,15,163.219284, 162.708923, 128.927628, 62.566811,16.592722, 224.407455, 1.003137
5, 87,16,183.537216, 183.921768, 128.927628, 62.566811,16.592722, 224.407455, 0.997909
5, 87,17,108.023170, 107.681801, 128.927628, 62.566811,16.592722, 224.407455, 1.003170
5, 87,18,158.683960, 157.358871, 128.927628, 62.566811,16.592722, 224.407455, 1.008421
5, 87,19,172.088684, 172.742859, 128.927628, 62.566811,16.592722, 224.407455, 0.996213
5, 87,20,184.187195, 183.019699, 128.927628, 62.566811,16.592722, 224.407455, 1.006379
5, 87,21,40.058685, 39.185883, 128.927628, 62.566811,16.592722, 224.407455, 1.022273
5, 87,22,71.347755, 72.375626, 128.927628, 62.566811,16.592722, 224.407455, 0.985798
5, 87,23,83.334732, 82.701019, 128.927628, 62.566811,16.592722, 224.407455, 1.007663
5, 87,24,135.908600, 134.903915, 128.927628, 62.566811,16.592722, 224.407455, 1.007447
5, 87,25,194.837555, 195.433762, 128.927628, 62.566811,16.592722, 224.407455, 0.996949
5, 87,26,123.604858, 122.656395, 128.927628, 62.566811,16.592722, 224.407455, 1.007733
5, 87,27,120.998833, 121.455933, 128.927628, 62.566811,16.592722, 224.407455, 0.996237
5, 87,28,120.554977, 121.816765, 128.927628, 62.566811,16.592722, 224.407455, 0.989642
5, 87,29,184.207458, 183.207047, 128.927628, 62.566811,16.592722, 224.407455, 1.005461
5, 87,30,222.535736, 221.809296, 128.927628, 62.566811,16.592722, 224.407455, 1.003275
5, 87,31,139.094421, 139.678024, 128.927628, 62.566811,16.592722, 224.407455, 0.995822
5, 88,0,128.511002, 127.214943, 128.852142, 74.646431,15.143757, 259.334717, 1.010188
5, 88,1,65.391571, 68.179794, 128.852142, 74.646431,15.143757, 259.334717, 0.959105
5, 88,2,225.156540, 224.796814, 128.852142, 74.646431,15.143757, 259.334717, 1.001600
5, 88,3,100.001991, 99.204231, 128.852142, 74.646431,15.143757, 259.334717, 1.008042
5, 88,4,33.661255, 35.508621, 128.852142, 74.646431,15.143757, 259.334717, 0.947974
5, 88,5,164.954376, 163.979019, 128.852142, 74.646431,15.143757, 259.334717, 1.005948
5, 88,6,57.806988, 58.387234, 128.852142, 74.646431,15.143757, 259.334717, 0.990062
5, 88,7,176.483704, 176.609406, 128.852142, 74.646431,15.143757, 259.334717, 0.999288
5, 88,8,197.752563, 197.489532, 128.852142, 74.646431,15.143757, 259.334717, 1.001332
5, 88,9,60.846329, 61.528851, 128.852142, 74.646431,15.143757, 259.334717, 0.988907
5, 88,10,20.136612, 17.977940, 128.852142, 74.646431,15.143757, 259.334717, 1.120073
5, 88,11,241.286316, 242.703201, 128.852142, 74.646431,15.143757, 259.334717, 0.994162
5, 88,12,55.553848, 54.630089, 128.852142, 74.646431,15.143757, 259.334717, 1.016909
5, 88,13,131.317215, 129.884918, 128.852142, 74.646431,15.143757, 259.334717, 1.011027
5, 88,14,165.117233, 165.553818, 128.852142, 74.646431,15.143757, 259.334717, 0.997363
5, 88,15,139.717911, 140.277023, 128.852142, 74.646431,15.143757, 259.334717, 0.996014
5, 88,16,124.725876, 123.265945, 128.852142, 74.646431,15.143757, 259.334717, 1.011844
5, 88,17,124.137421, 126.831238, 128.852142, 74.646431,15.143757, 259.334717, 0.978761
5, 88,18,58.833862, 57.827663, 128.852142, 74.646431,15.143757, 259.334717, 1.017400
5, 88,19,124.055855, 124.952660, 128.852142, 74.646431,15.143757, 259.334717, 0.992823
5, 88,20,109.619934, 108.804924, 128.852142, 74.646431,15.143757, 259.334717, 1.007491
5, 88,21,175.597702, 173.939438, 128.852142, 74.646431,15.143757, 259.334717, 1.009534
5, 88,22,175.335556, 175.929932, 128.852142, 74.646431,15.143757, 259.334717, 0.996622
5, 88,23,15.143757, 14.092890, 128.852142, 74.646431,15.143757, 259.334717, 1.074567
5, 88,24,49.745644, 51.304619, 128.852142, 74.646431,15.143757, 259.334717, 0.969613
5, 88,25,234.783646, 234.085739, 128.852142, 74.646431,15.143757, 259.334717, 1.002981
5, 88,26,250.968445, 251.192734, 128.852142, 74.646431,15.143757, 259.334717, 0.999107
5, 88,27,50.718807, 51.024834, 128.852142, 74.646431,15.143757, 259.334717, 0.994002
5, 88,28,254.256073, 253.822754, 128.852142, 74.646431,15.143757, 259.334717, 1.001707
5, 88,29,96.934334, 97.077843, 128.852142, 74.646431,15.143757, 259.334717, 0.998522
5, 88,30,259.334717, 257.987610, 128.852142, 74.646431,15.143757, 259.334717, 1.005222
5, 88,31,55.381615, 54.933857, 128.852142, 74.646431,15.143757, 259.334717, 1.008151
5, 89,0,59.421028, 59.143253, 129.125992, 55.898319,20.700211, 230.423798, 1.004697
5, 89,1,151.860382, 152.147324, 129.125992, 55.898319,20.700211, 230.423798, 0.998114
5, 89,2,20.700211, 19.914867, 129.125992, 55.898319,20.700211, 230.423798, 1.039435
5, 89,3,91.719826, 92.220184, 129.125992, 55.898319,20.700211, 230.423798, 0.994574
5, 89,4,164.411194, 164.340744, 129.125992, 55.898319,20.700211, 230.423798, 1.000429
5, 89,5,125.142395, 124.325462, 129.125992, 55.898319,20.700211, 230.423798, 1.006571
5, 89,6,59.426338, 60.285961, 129.125992, 55.898319,20.700211, 230.423798, 0.985741
5, 89,7,106.961868, 106.042152, 129.125992, 55.898319,20.700211, 230.423798, 1.008673
5, 89,8,150.374039, 149.403442, 129.125992, 55.898319,20.700211, 230.423798, 1.006496
5, 89,9,141.584671, 140.768143, 129.125992, 55.898319,20.700211, 230.423798, 1.005800
5, 89,10,166.268723, 166.605637, 129.125992, 55.898319,20.700211, 230.423798, 0.997978
5, 89,11,230.423798, 229.755615, 129.125992, 55.898319,20.700211, 230.423798, 1.002908
5, 89,12,205.783691, 205.902451, 129.125992, 55.898319,20.700211, 230.423798, 0.999423
5, 89,13,148.103546, 147.980194, 129.125992, 55.898319,20.700211, 230.423798, 1.000834
5, 89,14,170.380508, 168.781570, 129.125992, 55.898319,20.700211, 230.423798, 1.009473
5, 89,15,59.958847, 59.341690, 129.125992, 55.898319,20.700211, 230.423798, 1.010400
5, 89,16,141.867569, 140.665497, 129.125992, 55.898319,20.700211, 230.423798, 1.008546
5, 89,17,121.094215, 120.404678, 129.125992, 55.898319,20.700211, 230.423798, 1.005727
5, 89,18,52.723007, 52.991795, 129.125992, 55.898319,20.700211, 230.423798, 0.994928
5, 89,19,21.239731, 20.017506, 129.125992, 55.898319,20.700211, 230.423798, 1.061058
5, 89,20,105.016647, 105.371582, 129.125992, 55.898319,20.700211, 230.423798, 0.996632
5, 89,21,142.189194, 141.732941, 129.125992, 55.898319,20.700211, 230.423798, 1.003219
5, 89,22,81.398445, 81.915283, 129.125992, 55.898319,20.700211, 230.423798, 0.993691
5, 89,23,137.245605, 136.642059, 129.125992, 55.898319,20.700211, 230.423798, 1.004417
5, 89,24,165.271759, 165.237122, 129.125992, 55.898319,20.700211, 230.423798, 1.000210
5, 89,25,157.089401, 157.450302, 129.125992, 55.898319,20.700211, 230.423798, 0.997708
5, 89,26,108.088135, 107.869110, 129.125992, 55.898319,20.700211, 230.423798, 1.002030
5, 89,27,102.464615, 104.386253, 129.125992, 55.898319,20.700211, 230.423798, 0.981591
5, 89,28,229.273422, 227.223862, 129.125992, 55.898319,20.700211, 230.423798, 1.009020
5, 89,29,219.790802, 218.205353, 129.125992, 55.898319,20.700211, 230.423798, 1.007266
5, 89,30,103.820885, 103.838844, 129.125992, 55.898319,20.700211, 230.423798, 0.999827
5, 89,31,190.937286, 190.089279, 129.125992, 55.898319,20.700211, 230.423798, 1.004461
5, 90,0,171.562180, 171.488419, 128.970718, 70.888809,14.382618, 225.107239, 1.000430
5, 90,1,131.858597, 131.749588, 128.970718, 70.888809,14.382618, 225.107239, 1.000827
5, 90,2,14.382618, 13.612621, 128.970718, 70.888809,14.382618, 225.107239, 1.056565
5, 90,3,146.582031, 144.753601, 128.970718, 70.888809,14.382618, 225.107239, 1.012631
5, 90,4,106.050644, 105.819138, 128.970718, 70.888809,14.382618, 225.107239, 1.002188
5, 90,5,221.387619, 220.724503, 128.970718, 70.888809,14.382618, 225.107239, 1.003004
5, 90,6,48.867821, 49.583611, 128.970718, 70.888809,14.382618, 225.107239, 0.985564
5, 90,7,116.584038, 116.664063, 128.970718, 70.888809,14.382618, 225.107239, 0.999314
5, 90,8,223.911270, 222.015732, 128.970718, 70.888809,14.382618, 225.107239, 1.008538
5, 90,9,117.652466, 118.166969, 128.970718, 70.888809,14.382618, 225.107239, 0.995646
5, 90,10,213.085602, 212.073959, 128.970718, 70.888809,14.382618, 225.107239, 1.004770
5, 90,11,134.838257, 135.623260, 128.970718, 70.888809,14.382618, 225.107239, 0.994212
5, 90,12,52.639889, 51.615707, 128.970718, 70.888809,14.382618, 225.107239, 1.019842
5, 90,13,220.680069, 220.752716, 128.970718, 70.888809,14.382618, 225.107239, 0.999671
5, 90,14,140.274292, 140.724686, 128.970718, 70.888809,14.382618, 225.107239, 0.996799
5, 90,15,66.524979, 65.360603, 128.970718, 70.888809,14.382618, 225.107239, 1.017815
5, 90,16,72.539650, 71.732079, 128.970718, 70.888809,14.382618, 225.107239, 1.011258
5, 90,17,162.714645, 163.896271, 128.970718, 70.888809,14.382618, 225.107239, 0.992790
5, 90,18,157.013123, 156.762756, 128.970718, 70.888809,14.382618, 225.107239, 1.001597
5, 90,19,220.297714, 219.376831, 128.970718, 70.888809,14.382618, 225.107239, 1.004198
5, 90,20,18.945354, 18.876324, 128.970718, 70.888809,14.382618, 225.107239, 1.003657
5, 90,21,209.656860, 209.816071, 128.970718, 70.888809,14.382618, 225.107239, 0.999241
5, 90,22,17.378450, 17.796770, 128.970718, 70.888809,14.382618, 225.107239, 0.976495
5, 90,23,40.096375, 38.872749, 128.970718, 70.888809,14.382618, 225.107239, 1.031478
5, 90,24,225.107239, 225.226166, 128.970718, 70.888809,14.382618, 225.107239, 0.999472
5, 90,25,41.921711, 42.189022, 128.970718, 70.888809,14.382618, 225.107239, 0.993664
5, 90,26,133.839340, 135.072906, 128.970718, 70.888809,14.382618, 225.107239, 0.990867
5, 90,27,18.565460, 18.862213, 128.970718, 70.888809,14.382618, 225.107239, 0.984267
5, 90,28,146.216156, 146.482300, 128.970718, 70.888809,14.382618, 225.107239, 0.998183
5, 90,29,205.266785, 205.695435, 128.970718, 70.888809,14.382618, 225.107239, 0.997916
5, 90,30,174.173294, 173.830978, 128.970718, 70.888809,14.382618, 225.107239, 1.001969
5, 90,31,156.449158, 155.781982, 128.970718, 70.888809,14.382618, 225.107239, 1.004283
5, 91,0,159.005630, 158.465332, 128.980164, 63.737217,15.835014, 240.993332, 1.003410
5, 91,1,217.335571, 216.047546, 128.980164, 63.737217,15.835014, 240.993332, 1.005962
5, 91,2,15.835014, 15.016392, 128.980164, 63.737217,15.835014, 240.993332, 1.054515
5, 91,3,99.820290, 97.503433, 128.980164, 63.737217,15.835014, 240.993332, 1.023762
5, 91,4,94.289337, 93.996208, 128.980164, 63.737217,15.835014, 240.993332, 1.003119
5, 91,5,191.102112, 191.971710, 128.980164, 63.737217,15.835014, 240.993332, 0.995470
5, 91,6,77.332092, 79.924805, 128.980164, 63.737217,15.835014, 240.993332, 0.967561
5, 91,7,47.381378, 46.708931, 128.980164, 63.737217,15.835014, 240.993332, 1.014397
5, 91,8,147.474152, 145.180420, 128.980164, 63.737217,15.835014, 240.993332, 1.015799
5, 91,9,46.179249, 46.793957, 128.980164, 63.737217,15.835014, 240.993332, 0.986863
5, 91,10,216.167374, 215.112289, 128.980164, 63.737217,15.835014, 240.993332, 1.004905
5, 91,11,207.951080, 207.091751, 128.980164, 63.737217,15.835014, 240.993332, 1.004150
5, 91,12,132.022980, 132.341858, 128.980164, 63.737217,15.835014, 240.993332, 0.997590
5, 91,13,74.387375, 75.680717, 128.980164, 63.737217,15.835014, 240.993332, 0.982911
5, 91,14,151.394684, 150.522720, 128.980164, 63.737217,15.835014, 240.993332, 1.005793
5, 91,15,121.638725, 122.925491, 128.980164, 63.737217,15.835014, 240.993332, 0.989532
5, 91,16,229.507355, 228.801117, 128.980164, 63.737217,15.835014, 240.993332, 1.003087
5, 91,17,206.575317, 205.929764, 128.980164, 63.737217,15.835014, 240.993332, 1.003135
5, 91,18,39.485638, 39.517349, 128.980164, 63.737217,15.835014, 240.993332, 0.999198
5, 91,19,110.447754, 108.698204, 128.980164, 63.737217,15.835014, 240.993332, 1.016096
5, 91,20,67.608414, 69.360626, 128.980164, 63.737217,15.835014, 240.993332, 0.974738
5, 91,21,144.392365, 146.512436, 128.980164, 63.737217,15.835014, 240.993332, 0.985530
5, 91,22,156.185287, 155.376160, 128.980164, 63.737217,15.835014, 240.993332, 1.005208
5, 91,23,100.865433, 99.260590, 128.980164, 63.737217,15.835014, 240.993332, 1.016168
5, 91,24,24.170830, 23.263680, 128.980164, 63.737217,15.835014, 240.993332, 1.038994
5, 91,25,240.993332, 241.866379, 128.980164, 63.737217,15.835014, 240.993332, 0.996390
5, 91,26,99.955215, 100.231277, 128.980164, 63.737217,15.835014, 240.993332, 0.997246
5, 91,27,195.254166, 194.593277, 128.980164, 63.737217,15.835014, 240.993332, 1.003396
5, 91,28,169.729080, 169.320023, 128.980164, 63.737217,15.835014, 240.993332, 1.002416
5, 91,29,162.626038, 163.991882, 128.980164, 63.737217,15.835014, 240.993332, 0.991671
5, 91,30,87.657539, 87.711555, 128.980164, 63.737217,15.835014, 240.993332, 0.999384
5, 91,31,92.594872, 91.282547, 128.980164, 63.737217,15.835014, 240.993332, 1.014377
5, 92,0,68.835854, 68.590408, 128.744614, 86.873108,10.952681, 290.805939, 1.003578
5, 92,1,148.769302, 150.369919, 128.744614, 86.873108,10.952681, 290.805939, 0.989355
5, 92,2,10.952681, 11.667709, 128.744614, 86.873108,10.952681, 290.805939, 0.938717
5, 92,3,59.483047, 58.592979, 128.744614, 86.873108,10.952681, 290.805939, 1.015191
5, 92,4,160.847488, 161.187973, 128.744614, 86.873108,10.952681, 290.805939, 0.997888
5, 92,5,125.836929, 125.592522, 128.744614, 86.873108,10.952681, 290.805939, 1.001946
5, 92,6,23.631323, 23.315201, 128.744614, 86.873108,10.952681, 290.805939, 1.013559
5, 92,7,147.613007, 146.760956, 128.744614, 86.873108,10.952681, 290.805939, 1.005806
5, 92,8,12.042480, 11.288283, 128.744614, 86.873108,10.952681, 290.805939, 1.066812
5, 92,9,224.748001, 225.178574, 128.744614, 86.873108,10.952681, 290.805939, 0.998088
5, 92,10,215.732849, 215.163498, 128.744614, 86.873108,10.952681, 290.805939, 1.002646
5, 92,11,68.239983, 67.469780, 128.744614, 86.873108,10.952681, 290.805939, 1.011415
5, 92,12,85.854904, 84.773369, 128.744614, 86.873108,10.952681, 290.805939, 1.012758
5, 92,13,282.649292, 283.945465, 128.744614, 86.873108,10.952681, 290.805939, 0.995435
5, 92,14,133.028107, 132.492783, 128.744614, 86.873108,10.952681, 290.805939, 1.004040
5, 92,15,130.744003, 132.316315, 128.744614, 86.873108,10.952681, 290.805939, 0.988117
5, 92,16,146.037506, 146.610947, 128.744614, 86.873108,10.952681, 290.805939, 0.996089
5, 92,17,210.112503, 208.527954, 128.744614, 86.873108,10.952681, 290.805939, 1.007599
5, 92,18,282.950500, 281.951294, 128.744614, 86.873108,10.952681, 290.805939, 1.003544
5, 92,19,21.035494, 21.003349, 128.744614, 86.873108,10.952681, 290.805939, 1.001530
5, 92,20,15.832625, 16.582598, 128.744614, 86.873108,10.952681, 290.805939, 0.954774
5, 92,21,60.453083, 59.784203, 128.744614, 86.873108,10.952681, 290.805939, 1.011188
5, 92,22,38.666245, 41.236454, 128.744614, 86.873108,10.952681, 290.805939, 0.937671
5, 92,23,172.325058, 172.941345, 128.744614, 86.873108,10.952681, 290.805939, 0.996436
5, 92,24,201.227615, 201.160049, 128.744614, 86.873108,10.952681, 290.805939, 1.000336
5, 92,25,216.593872, 216.963547, 128.744614, 86.873108,10.952681, 290.805939, 0.998296
5, 92,26,240.394638, 238.529083, 128.744614, 86.873108,10.952681, 290.805939, 1.007821
5, 92,27,155.251770, 157.120178, 128.744614, 86.873108,10.952681, 290.805939, 0.988108
5, 92,28,26.771059, 25.521164, 128.744614, 86.873108,10.952681, 290.805939, 1.048975
5, 92,29,77.530586, 78.773140, 128.744614, 86.873108,10.952681, 290.805939, 0.984226
5, 92,30,290.805939, 290.739838, 128.744614, 86.873108,10.952681, 290.805939, 1.000227
5, 92,31,64.830666, 64.849098, 128.744614, 86.873108,10.952681, 290.805939, 0.999716
5, 93,0,221.088135, 221.426483, 128.553314, 70.878761,11.743755, 229.270309, 0.998472
5, 93,1,202.342987, 202.825287, 128.553314, 70.878761,11.743755, 229.270309, 0.997622
5, 93,2,135.342529, 135.794708, 128.553314, 70.878761,11.743755, 229.270309, 0.996670
5, 93,3,99.041595, 100.099586, 128.553314, 70.878761,11.743755, 229.270309, 0.989431
5, 93,4,185.558273, 186.387009, 128.553314, 70.878761,11.743755, 229.270309, 0.995554
5, 93,5,78.590202, 79.396286, 128.553314, 70.878761,11.743755, 229.270309, 0.989847
5, 93,6,229.270309, 230.159317, 128.553314, 70.878761,11.743755, 229.270309, 0.996137
5, 93,7,206.677414, 207.475586, 128.553314, 70.878761,11.743755, 229.270309, 0.996153
5, 93,8,226.417847, 226.360657, 128.553314, 70.878761,11.743755, 229.270309, 1.000253
5, 93,9,30.916777, 31.135889, 128.553314, 70.878761,11.743755, 229.270309, 0.992963
5, 93,10,229.005402, 229.530716, 128.553314, 70.878761,11.743755, 229.270309, 0.997711
5, 93,11,214.529831, 215.126953, 128.553314, 70.878761,11.743755, 229.270309, 0.997224
5, 93,12,148.961929, 148.468124, 128.553314, 70.878761,11.743755, 229.270309, 1.003326
5, 93,13,100.463829, 99.585884, 128.553314, 70.878761,11.743755, 229.270309, 1.008816
5, 93,14,181.540039, 181.162186, 128.553314, 70.878761,11.743755, 229.270309, 1.002086
5, 93,15,19.649626, 19.483101, 128.553314, 70.878761,11.743755, 229.270309, 1.008547
5, 93,16,37.489880, 38.138378, 128.553314, 70.878761,11.743755, 229.270309, 0.982996
5, 93,17,148.984070, 150.529663, 128.553314, 70.878761,11.743755, 229.270309, 0.989732
5, 93,18,11.743755, 10.675916, 128.553314, 70.878761,11.743755, 229.270309, 1.100023
5, 93,19,56.899784, 56.617920, 128.553314, 70.878761,11.743755, 229.270309, 1.004978
5, 93,20,51.727272, 52.393444, 128.553314, 70.878761,11.743755, 229.270309, 0.987285
5, 93,21,79.114494, 78.963699, 128.553314, 70.878761,11.743755, 229.270309, 1.001910
5, 93,22,152.018906, 153.003540, 128.553314, 70.878761,11.743755, 229.270309, 0.993565
5, 93,23,102.278503, 101.559563, 128.553314, 70.878761,11.743755, 229.270309, 1.007079
5, 93,24,174.207886, 173.740631, 128.553314, 70.878761,11.743755, 229.270309, 1.002689
5, 93,25,131.699310, 132.151520, 128.553314, 70.878761,11.743755, 229.270309, 0.996578
5, 93,26,56.794514, 57.212727, 128.553314, 70.878761,11.743755, 229.270309, 0.992690
5, 93,27,16.962152, 16.313053, 128.553314, 70.878761,11.743755, 229.270309, 1.039790
5, 93,28,96.951469, 97.706848, 128.553314, 70.878761,11.743755, 229.270309, 0.992269
5, 93,29,167.582367, 167.251831, 128.553314, 70.878761,11.743755, 229.270309, 1.001976
5, 93,30,109.474846, 109.143341, 128.553314, 70.878761,11.743755, 229.270309, 1.003037
5, 93,31,210.380524, 211.179596, 128.553314, 70.878761,11.743755, 229.270309, 0.996216
5, 94,0,176.468460, 176.538712, 128.716537, 48.673553,14.684928, 199.376175, 0.999602
5, 94,1,82.343399, 81.770096, 128.716537, 48.673553,14.684928, 199.376175, 1.007011
5, 94,2,195.267227, 194.959763, 128.716537, 48.673553,14.684928, 199.376175, 1.001577
5, 94,3,120.294731, 120.245331, 128.716537, 48.673553,14.684928, 199.376175, 1.000411
5, 94,4,199.376175, 199.355743, 128.716537, 48.673553,14.684928, 199.376175, 1.000103
5, 94,5,78.978882, 78.972115, 128.716537, 48.673553,14.684928, 199.376175, 1.000086
5, 94,6,180.469070, 180.595184, 128.716537, 48.673553,14.684928, 199.376175, 0.999302
5, 94,7,92.645882, 92.628387, 128.716537, 48.673553,14.684928, 199.376175, 1.000189
5, 94,8,145.093506, 144.063339, 128.716537, 48.673553,14.684928, 199.376175, 1.007151
5, 94,9,176.568008, 175.672379, 128.716537, 48.673553,14.684928, 199.376175, 1.005098
5, 94,10,14.684928, 14.507215, 128.716537, 48.673553,14.684928, 199.376175, 1.012250
5, 94,11,84.764786, 85.879272, 128.716537, 48.673553,14.684928, 199.376175, 0.987023
5, 94,12,161.365234, 160.219070, 128.716537, 48.673553,14.684928, 199.376175, 1.007154
5, 94,13,92.756386, 93.348373, 128.716537, 48.673553,14.684928, 199.376175, 0.993658
5, 94,14,116.818878, 117.634651, 128.716537, 48.673553,14.684928, 199.376175, 0.993065
5, 94,15,176.673401, 176.942612, 128.716537, 48.673553,14.684928, 199.376175, 0.998479
5, 94,16,120.193588, 121.644325, 128.716537, 48.673553,14.684928, 199.376175, 0.988074
5, 94,17,184.420990, 184.435120, 128.716537, 48.673553,14.684928, 199.376175, 0.999923
5, 94,18,182.459183, 182.398071, 128.716537, 48.673553,14.684928, 199.376175, 1.000335
5, 94,19,94.422028, 94.343468, 128.716537, 48.673553,14.684928, 199.376175, 1.000833
5, 94,20,109.552513, 109.685570, 128.716537, 48.673553,14.684928, 199.376175, 0.998787
5, 94,21,197.603546, 198.231873, 128.716537, 48.673553,14.684928, 199.376175, 0.996830
5, 94,22,119.705742, 117.699043, 128.716537, 48.673553,14.684928, 199.376175, 1.017049
5, 94,23,52.558708, 51.507359, 128.716537, 48.673553,14.684928, 199.376175, 1.020412
5, 94,24,142.905609, 143.150177, 128.716537, 48.673553,14.684928, 199.376175, 0.998292
5, 94,25,113.703621, 115.129356, 128.716537, 48.673553,14.684928, 199.376175, 0.987616
5, 94,26,159.898727, 159.680557, 128.716537, 48.673553,14.684928, 199.376175, 1.001366
5, 94,27,54.327538, 54.919971, 128.716537, 48.673553,14.684928, 199.376175, 0.989213
5, 94,28,71.050201, 71.924469, 128.716537, 48.673553,14.684928, 199.376175, 0.987845
5, 94,29,105.769875, 106.073936, 128.716537, 48.673553,14.684928, 199.376175, 0.997133
5, 94,30,152.835983, 154.113846, 128.716537, 48.673553,14.684928, 199.376175, 0.991708
5, 94,31,162.952515, 162.730225, 128.716537, 48.673553,14.684928, 199.376175, 1.001366
5, 95,0,88.740814, 89.089653, 128.845535, 72.001190,11.082726, 246.153397, 0.996084
5, 95,1,37.022469, 36.654896, 128.845535, 72.001190,11.082726, 246.153397, 1.010028
5, 95,2,36.364117, 36.243553, 128.845535, 72.001190,11.082726, 246.153397, 1.003327
5, 95,3,55.174873, 55.322296, 128.845535, 72.001190,11.082726, 246.153397, 0.997335
5, 95,4,207.641693, 207.660553, 128.845535, 72.001190,11.082726, 246.153397, 0.999909
5, 95,5,171.396637, 170.542633, 128.845535, 72.001190,11.082726, 246.153397, 1.005008
5, 95,6,165.930603, 165.097977, 128.845535, 72.001190,11.082726, 246.153397, 1.005043
5, 95,7,166.536118, 166.504028, 128.845535, 72.001190,11.082726, 246.153397, 1.000193
5, 95,8,199.263916, 200.256409, 128.845535, 72.001190,11.082726, 246.153397, 0.995044
5, 95,9,127.426422, 128.122177, 128.845535, 72.001190,11.082726, 246.153397, 0.994570
5, 95,10,195.403717, 195.746628, 128.845535, 72.001190,11.082726, 246.153397, 0.998248
5, 95,11,11.082726, 10.703019, 128.845535, 72.001190,11.082726, 246.153397, 1.035477
5, 95,12,204.138962, 204.915787, 128.845535, 72.001190,11.082726, 246.153397, 0.996209
5, 95,13,34.819992, 34.343910, 128.845535, 72.001190,11.082726, 246.153397, 1.013862
5, 95,14,219.376434, 219.148193, 128.845535, 72.001190,11.082726, 246.153397, 1.001042
5, 95,15,246.153397, 245.660980, 128.845535, 72.001190,11.082726, 246.153397, 1.002005
5, 95,16,234.575882, 235.429825, 128.845535, 72.001190,11.082726, 246.153397, 0.996373
5, 95,17,136.258820, 136.109650, 128.845535, 72.001190,11.082726, 246.153397, 1.001096
5, 95,18,222.430908, 222.797913, 128.845535, 72.001190,11.082726, 246.153397, 0.998353
5, 95,19,72.586617, 72.336853, 128.845535, 72.001190,11.082726, 246.153397, 1.003453
5, 95,20,175.741547, 174.678497, 128.845535, 72.001190,11.082726, 246.153397, 1.006086
5, 95,21,116.783371, 117.651672, 128.845535, 72.001190,11.082726, 246.153397, 0.992620
5, 95,22,93.260269, 91.931641, 128.845535, 72.001190,11.082726, 246.153397, 1.014452
5, 95,23,202.681931, 202.716995, 128.845535, 72.001190,11.082726, 246.153397, 0.999827
5, 95,24,92.339798, 92.006432, 128.845535, 72.001190,11.082726, 246.153397, 1.003623
5, 95,25,139.889709, 139.654678, 128.845535, 72.001190,11.082726, 246.153397, 1.001683
5, 95,26,76.600655, 76.525055, 128.845535, 72.001190,11.082726, 246.153397, 1.000988
5, 95,27,19.566298, 19.131771, 128.845535, 72.001190,11.082726, 246.153397, 1.022712
5, 95,28,95.927765, 95.798248, 128.845535, 72.001190,11.082726, 246.153397, 1.001352
5, 95,29,86.566597, 86.673958, 128.845535, 72.001190,11.082726, 246.153397, 0.998761
5, 95,30,15.899549, 16.102804, 128.845535, 72.001190,11.082726, 246.153397, 0.987378
5, 95,31,175.474197, 175.441360, 128.845535, 72.001190,11.082726, 246.153397, 1.000187
5, 96,0,32.626472, 33.632210, 128.761139, 68.188477,31.652765, 231.082321, 0.970096
5, 96,1,231.082321, 231.145874, 128.761139, 68.188477,31.652765, 231.082321, 0.999725
5, 96,2,138.843246, 139.063919, 128.761139, 68.188477,31.652765, 231.082321, 0.998413
5, 96,3,188.418228, 188.517273, 128.761139, 68.188477,31.652765, 231.082321, 0.999475
5, 96,4,209.437698, 209.158844, 128.761139, 68.188477,31.652765, 231.082321, 1.001333
5, 96,5,146.436020, 146.488205, 128.761139, 68.188477,31.652765, 231.082321, 0.999644
5, 96,6,73.456879, 74.260086, 128.761139, 68.188477,31.652765, 231.082321, 0.989184
5, 96,7,145.712509, 145.784103, 128.761139, 68.188477,31.652765, 231.082321, 0.999509
5, 96,8,60.687679, 60.499031, 128.761139, 68.188477,31.652765, 231.082321, 1.003118
5, 96,9,47.992695, 47.532688, 128.761139, 68.188477,31.652765, 231.082321, 1.009678
5, 96,10,193.749252, 193.236740, 128.761139, 68.188477,31.652765, 231.082321, 1.002652
5, 96,11,50.616711, 49.958645, 128.761139, 68.188477,31.652765, 231.082321, 1.013172
5, 96,12,153.179993, 154.065842, 128.761139, 68.188477,31.652765, 231.082321, 0.994250
5, 96,13,178.500824, 179.482666, 128.761139, 68.188477,31.652765, 231.082321, 0.994530
5, 96,14,208.544373, 208.859100, 128.761139, 68.188477,31.652765, 231.082321, 0.998493
5, 96,15,217.010025, 216.429779, 128.761139, 68.188477,31.652765, 231.082321, 1.002681
5, 96,16,153.624588, 153.668472, 128.761139, 68.188477,31.652765, 231.082321, 0.999714
5, 96,17,65.028923, 63.545422, 128.761139, 68.188477,31.652765, 231.082321, 1.023345
5, 96,18,194.549286, 194.637939, 128.761139, 68.188477,31.652765, 231.082321, 0.999545
5, 96,19,60.037109, 58.930523, 128.761139, 68.188477,31.652765, 231.082321, 1.018778
5, 96,20,61.290733, 59.969223, 128.761139, 68.188477,31.652765, 231.082321, 1.022036
5, 96,21,60.732700, 61.035809, 128.761139, 68.188477,31.652765, 231.082321, 0.995034
5, 96,22,146.441437, 146.864639, 128.761139, 68.188477,31.652765, 231.082321, 0.997118
5, 96,23,116.413902, 116.951424, 128.761139, 68.188477,31.652765, 231.082321, 0.995404
5, 96,24,209.890488, 210.037231, 128.761139, 68.188477,31.652765, 231.082321, 0.999301
5, 96,25,31.652765, 32.628361, 128.761139, 68.188477,31.652765, 231.082321, 0.970100
5, 96,26,37.725662, 37.933411, 128.761139, 68.188477,31.652765, 231.082321, 0.994523
5, 96,27,95.801163, 96.888451, 128.761139, 68.188477,31.652765, 231.082321, 0.988778
5, 96,28,214.303375, 215.544434, 128.761139, 68.188477,31.652765, 231.082321, 0.994242
5, 96,29,39.508343, 39.613457, 128.761139, 68.188477,31.652765, 231.082321, 0.997347
5, 96,30,140.518066, 139.607681, 128.761139, 68.188477,31.652765, 231.082321, 1.006521
5, 96,31,216.543213, 215.028580, 128.761139, 68.188477,31.652765, 231.082321, 1.007044
5, 97,0,96.252815, 96.819000, 128.741135, 64.329834,17.900049, 224.011673, 0.994152
5, 97,1,145.415756, 145.447128, 128.741135, 64.329834,17.900049, 224.011673, 0.999784
5, 97,2,131.358215, 131.524200, 128.741135, 64.329834,17.900049, 224.011673, 0.998738
5, 97,3,212.664490, 212.926895, 128.741135, 64.329834,17.900049, 224.011673, 0.998768
5, 97,4,161.714294, 162.605347, 128.741135, 64.329834,17.900049, 224.011673, 0.994520
5, 97,5,196.711700, 196.934952, 128.741135, 64.329834,17.900049, 224.011673, 0.998866
5, 97,6,17.900049, 20.331829, 128.741135, 64.329834,17.900049, 224.011673, 0.880395
5, 97,7,205.197098, 206.232285, 128.741135, 64.329834,17.900049, 224.011673, 0.994980
5, 97,8,106.454468, 107.447342, 128.741135, 64.329834,17.900049, 224.011673, 0.990759
5, 97,9,205.152786, 205.626083, 128.741135, 64.329834,17.900049, 224.011673, 0.997698
5, 97,10,101.521317, 100.700020, 128.741135, 64.329834,17.900049, 224.011673, 1.008156
5, 97,11,90.254555, 89.900368, 128.741135, 64.329834,17.900049, 224.011673, 1.003940
5, 97,12,44.976498, 45.495899, 128.741135, 64.329834,17.900049, 224.011673, 0.988584
5, 97,13,222.590393, 223.021500, 128.741135, 64.329834,17.900049, 224.011673, 0.998067
5, 97,14,224.011673, 223.687012, 128.741135, 64.329834,17.900049, 224.011673, 1.001451
5, 97,15,186.624023, 185.977158, 128.741135, 64.329834,17.900049, 224.011673, 1.003478
5, 97,16,139.362793, 140.432770, 128.741135, 64.329834,17.900049, 224.011673, 0.992381
5, 97,17,146.938187, 147.008759, 128.741135, 64.329834,17.900049, 224.011673, 0.999520
5, 97,18,70.534943, 68.676620, 128.741135, 64.329834,17.900049, 224.011673, 1.027059
5, 97,19,206.952972, 206.535385, 128.741135, 64.329834,17.900049, 224.011673, 1.002022
5, 97,20,147.818863, 147.502945, 128.741135, 64.329834,17.900049, 224.011673, 1.002142
5, 97,21,43.354156, 43.117207, 128.741135, 64.329834,17.900049, 224.011673, 1.005495
5, 97,22,41.832756, 41.792786, 128.741135, 64.329834,17.900049, 224.011673, 1.000956
5, 97,23,39.348743, 39.835796, 128.741135, 64.329834,17.900049, 224.011673, 0.987773
5, 97,24,212.960648, 212.689682, 128.741135, 64.329834,17.900049, 224.011673, 1.001274
5, 97,25,148.731873, 149.084366, 128.741135, 64.329834,17.900049, 224.011673, 0.997636
5, 97,26,103.013092, 101.721352, 128.741135, 64.329834,17.900049, 224.011673, 1.012699
5, 97,27,61.601894, 61.250622, 128.741135, 64.329834,17.900049, 224.011673, 1.005735
5, 97,28,75.409546, 74.863869, 128.741135, 64.329834,17.900049, 224.011673, 1.007289
5, 97,29,57.481121, 56.651379, 128.741135, 64.329834,17.900049, 224.011673, 1.014646
5, 97,30,189.562698, 190.088806, 128.741135, 64.329834,17.900049, 224.011673, 0.997232
5, 97,31,86.011536, 85.070496, 128.741135, 64.329834,17.900049, 224.011673, 1.011062
5, 98,0,205.578903, 206.398117, 128.734604, 65.828712,25.170113, 245.776337, 0.996031
5, 98,1,140.973785, 140.523453, 128.734604, 65.828712,25.170113, 245.776337, 1.003205
5, 98,2,245.776337, 246.140213, 128.734604, 65.828712,25.170113, 245.776337, 0.998522
5, 98,3,75.188599, 74.149620, 128.734604, 65.828712,25.170113, 245.776337, 1.014012
5, 98,4,187.288406, 188.310852, 128.734604, 65.828712,25.170113, 245.776337, 0.994570
5, 98,5,111.415741, 111.058228, 128.734604, 65.828712,25.170113, 245.776337, 1.003219
5, 98,6,82.354958, 82.613350, 128.734604, 65.828712,25.170113, 245.776337, 0.996872
5, 98,7,183.744629, 184.082657, 128.734604, 65.828712,25.170113, 245.776337, 0.998164
5, 98,8,79.431595, 80.139572, 128.734604, 65.828712,25.170113, 245.776337, 0.991166
5, 98,9,126.891235, 126.370750, 128.734604, 65.828712,25.170113, 245.776337, 1.004119
5, 98,10,137.607422, 137.924866, 128.734604, 65.828712,25.170113, 245.776337, 0.997698
5, 98,11,29.019047, 28.696543, 128.734604, 65.828712,25.170113, 245.776337, 1.011238
5, 98,12,51.973476, 52.825146, 128.734604, 65.828712,25.170113, 245.776337, 0.983878
5, 98,13,187.495499, 187.708923, 128.734604, 65.828712,25.170113, 245.776337, 0.998863
5, 98,14,188.809158, 189.044907, 128.734604, 65.828712,25.170113, 245.776337, 0.998753
5, 98,15,93.461006, 93.059044, 128.734604, 65.828712,25.170113, 245.776337, 1.004319
5, 98,16,46.281349, 45.198242, 128.734604, 65.828712,25.170113, 245.776337, 1.023963
5, 98,17,25.170113, 24.901447, 128.734604, 65.828712,25.170113, 245.776337, 1.010789
5, 98,18,123.078156, 122.546288, 128.734604, 65.828712,25.170113, 245.776337, 1.004340
5, 98,19,242.535751, 242.095535, 128.734604, 65.828712,25.170113, 245.776337, 1.001818
5, 98,20,85.399574, 84.397125, 128.734604, 65.828712,25.170113, 245.776337, 1.011878
5, 98,21,88.607368, 89.374062, 128.734604, 65.828712,25.170113, 245.776337, 0.991422
5, 98,22,232.794525, 232.758270, 128.734604, 65.828712,25.170113, 245.776337, 1.000156
5, 98,23,60.107769, 59.005939, 128.734604, 65.828712,25.170113, 245.776337, 1.018673
5, 98,24,142.197739, 142.630219, 128.734604, 65.828712,25.170113, 245.776337, 0.996968
5, 98,25,89.718819, 89.748428, 128.734604, 65.828712,25.170113, 245.776337, 0.999670
5, 98,26,230.951981, 233.073929, 128.734604, 65.828712,25.170113, 245.776337, 0.990896
5, 98,27,156.926254, 157.546326, 128.734604, 65.828712,25.170113, 245.776337, 0.996064
5, 98,28,199.878662, 199.189651, 128.734604, 65.828712,25.170113, 245.776337, 1.003459
5, 98,29,37.859798, 38.444878, 128.734604, 65.828712,25.170113, 245.776337, 0.984781
5, 98,30,113.892326, 115.014824, 128.734604, 65.828712,25.170113, 245.776337, 0.990240
5, 98,31,117.097702, 116.027824, 128.734604, 65.828712,25.170113, 245.776337, 1.009221
5, 99,0,101.655708, 101.145164, 128.772247, 74.766846,17.900408, 261.866699, 1.005048
5, 99,1,256.082306, 257.218506, 128.772247, 74.766846,17.900408, 261.866699, 0.995583
5, 99,2,102.947906, 103.261879, 128.772247, 74.766846,17.900408, 261.866699, 0.996959
5, 99,3,115.672096, 113.916748, 128.772247, 74.766846,17.900408, 261.866699, 1.015409
5, 99,4,91.481339, 90.934242, 128.772247, 74.766846,17.900408, 261.866699, 1.006016
5, 99,5,140.142303, 140.411240, 128.772247, 74.766846,17.900408, 261.866699, 0.998085
5, 99,6,157.302353, 157.812607, 128.772247, 74.766846,17.900408, 261.866699, 0.996767
5, 99,7,194.104370, 194.993698, 128.772247, 74.766846,17.900408, 261.866699, 0.995439
5, 99,8,261.866699, 262.641052, 128.772247, 74.766846,17.900408, 261.866699, 0.997052
5, 99,9,129.193817, 128.313507, 128.772247, 74.766846,17.900408, 261.866699, 1.006861
5, 99,10,194.871887, 195.445587, 128.772247, 74.766846,17.900408, 261.866699, 0.997065
5, 99,11,223.031235, 222.685272, 128.772247, 74.766846,17.900408, 261.866699, 1.001554
5, 99,12,103.888962, 103.341148, 128.772247, 74.766846,17.900408, 261.866699, 1.005301
5, 99,13,58.247551, 58.153065, 128.772247, 74.766846,17.900408, 261.866699, 1.001625
5, 99,14,223.053879, 224.104340, 128.772247, 74.766846,17.900408, 261.866699, 0.995313
5, 99,15,187.109695, 185.448700, 128.772247, 74.766846,17.900408, 261.866699, 1.008957
5, 99,16,260.279236, 260.143799, 128.772247, 74.766846,17.900408, 261.866699, 1.000521
5, 99,17,177.952576, 177.497177, 128.772247, 74.766846,17.900408, 261.866699, 1.002566
5, 99,18,78.054924, 78.115105, 128.772247, 74.766846,17.900408, 261.866699, 0.999230
5, 99,19,18.851910, 18.228989, 128.772247, 74.766846,17.900408, 261.866699, 1.034172
5, 99,20,146.281784, 146.491806, 128.772247, 74.766846,17.900408, 261.866699, 0.998566
5, 99,21,45.394073, 45.151577, 128.772247, 74.766846,17.900408, 261.866699, 1.005371
5, 99,22,19.393606, 20.258490, 128.772247, 74.766846,17.900408, 261.866699, 0.957308
5, 99,23,167.251602, 166.794739, 128.772247, 74.766846,17.900408, 261.866699, 1.002739
5, 99,24,47.475636, 48.298889, 128.772247, 74.766846,17.900408, 261.866699, 0.982955
5, 99,25,36.575024, 38.508133, 128.772247, 74.766846,17.900408, 261.866699, 0.949800
5, 99,26,17.900408, 18.982124, 128.772247, 74.766846,17.900408, 261.866699, 0.943014
5, 99,27,151.454865, 151.541779, 128.772247, 74.766846,17.900408, 261.866699, 0.999426
5, 99,28,139.247742, 139.618454, 128.772247, 74.766846,17.900408, 261.866699, 0.997345
5, 99,29,183.451813, 182.404449, 128.772247, 74.766846,17.900408, 261.866699, 1.005742
5, 99,30,48.067047, 47.078014, 128.772247, 74.766846,17.900408, 261.866699, 1.021008
5, 99,31,42.427280, 42.059761, 128.772247, 74.766846,17.900408, 261.866699, 1.008738
5, 100,0,111.851669, 111.967598, 128.825546, 74.751656,14.416413, 246.128616, 0.998965
5, 100,1,222.643723, 224.230804, 128.825546, 74.751656,14.416413, 246.128616, 0.992922
5, 100,2,227.654526, 227.944702, 128.825546, 74.751656,14.416413, 246.128616, 0.998727
5, 100,3,14.416413, 12.193898, 128.825546, 74.751656,14.416413, 246.128616, 1.182265
5, 100,4,172.316406, 171.929169, 128.825546, 74.751656,14.416413, 246.128616, 1.002252
5, 100,5,165.555008, 165.587082, 128.825546, 74.751656,14.416413, 246.128616, 0.999806
5, 100,6,140.259048, 140.323547, 128.825546, 74.751656,14.416413, 246.128616, 0.999540
5, 100,7,29.689363, 29.243408, 128.825546, 74.751656,14.416413, 246.128616, 1.015250
5, 100,8,42.470165, 42.189655, 128.825546, 74.751656,14.416413, 246.128616, 1.006649
5, 100,9,48.525558, 49.280514, 128.825546, 74.751656,14.416413, 246.128616, 0.984680
5, 100,10,57.867085, 58.789902, 128.825546, 74.751656,14.416413, 246.128616, 0.984303
5, 100,11,46.148464, 45.581585, 128.825546, 74.751656,14.416413, 246.128616, 1.012437
5, 100,12,84.121155, 84.150764, 128.825546, 74.751656,14.416413, 246.128616, 0.999648
5, 100,13,204.076218, 204.882568, 128.825546, 74.751656,14.416413, 246.128616, 0.996064
5, 100,14,29.543795, 28.442225, 128.825546, 74.751656,14.416413, 246.128616, 1.038730
5, 100,15,137.755234, 136.961578, 128.825546, 74.751656,14.416413, 246.128616, 1.005795
5, 100,16,50.649872, 51.070076, 128.825546, 74.751656,14.416413, 246.128616, 0.991772
5, 100,17,81.136635, 81.754700, 128.825546, 74.751656,14.416413, 246.128616, 0.992440
5, 100,18,52.991241, 53.286438, 128.825546, 74.751656,14.416413, 246.128616, 0.994460
5, 100,19,204.906067, 205.152115, 128.825546, 74.751656,14.416413, 246.128616, 0.998801
5, 100,20,127.085281, 127.968826, 128.825546, 74.751656,14.416413, 246.128616, 0.993096
5, 100,21,67.934883, 67.093765, 128.825546, 74.751656,14.416413, 246.128616, 1.012536
5, 100,22,193.526123, 193.381439, 128.825546, 74.751656,14.416413, 246.128616, 1.000748
5, 100,23,208.420135, 208.177170, 128.825546, 74.751656,14.416413, 246.128616, 1.001167
5, 100,24,148.156616, 149.106628, 128.825546, 74.751656,14.416413, 246.128616, 0.993629
5, 100,25,183.545044, 183.827133, 128.825546, 74.751656,14.416413, 246.128616, 0.998465
5, 100,26,208.825882, 208.027390, 128.825546, 74.751656,14.416413, 246.128616, 1.003838
5, 100,27,35.260212, 34.372490, 128.825546, 74.751656,14.416413, 246.128616, 1.025827
5, 100,28,130.199554, 128.972183, 128.825546, 74.751656,14.416413, 246.128616, 1.009517
5, 100,29,246.128616, 245.765442, 128.825546, 74.751656,14.416413, 246.128616, 1.001478
5, 100,30,224.909363, 225.076920, 128.825546, 74.751656,14.416413, 246.128616, 0.999256
5, 100,31,223.847946, 224.268234, 128.825546, 74.751656,14.416413, 246.128616, 0.998126
5, 101,0,186.261688, 186.851410, 128.713394, 57.350685,15.044803, 218.307816, 0.996844
5, 101,1,33.763165, 32.912136, 128.713394, 57.350685,15.044803, 218.307816, 1.025858
5, 101,2,100.198097, 99.665260, 128.713394, 57.350685,15.044803, 218.307816, 1.005346
5, 101,3,179.064484, 179.733780, 128.713394, 57.350685,15.044803, 218.307816, 0.996276
5, 101,4,210.261932, 209.933182, 128.713394, 57.350685,15.044803, 218.307816, 1.001566
5, 101,5,141.373642, 142.632034, 128.713394, 57.350685,15.044803, 218.307816, 0.991177
5, 101,6,15.044803, 15.649746, 128.713394, 57.350685,15.044803, 218.307816, 0.961345
5, 101,7,129.891800, 129.329681, 128.713394, 57.350685,15.044803, 218.307816, 1.004346
5, 101,8,183.515884, 183.308914, 128.713394, 57.350685,15.044803, 218.307816, 1.001129
5, 101,9,163.848557, 163.515228, 128.713394, 57.350685,15.044803, 218.307816, 1.002038
5, 101,10,195.947403, 197.204926, 128.713394, 57.350685,15.044803, 218.307816, 0.993623
5, 101,11,146.019669, 146.794327, 128.713394, 57.350685,15.044803, 218.307816, 0.994723
5, 101,12,118.701668, 118.382500, 128.713394, 57.350685,15.044803, 218.307816, 1.002696
5, 101,13,77.666931, 77.301132, 128.713394, 57.350685,15.044803, 218.307816, 1.004732
5, 101,14,116.745560, 116.771065, 128.713394, 57.350685,15.044803, 218.307816, 0.999782
5, 101,15,34.350395, 34.562698, 128.713394, 57.350685,15.044803, 218.307816, 0.993857
5, 101,16,67.712814, 69.759438, 128.713394, 57.350685,15.044803, 218.307816, 0.970662
5, 101,17,159.498642, 158.713577, 128.713394, 57.350685,15.044803, 218.307816, 1.004946
5, 101,18,94.029762, 93.056488, 128.713394, 57.350685,15.044803, 218.307816, 1.010459
5, 101,19,218.307816, 217.820648, 128.713394, 57.350685,15.044803, 218.307816, 1.002237
5, 101,20,67.851196, 69.263626, 128.713394, 57.350685,15.044803, 218.307816, 0.979608
5, 101,21,130.561142, 131.149872, 128.713394, 57.350685,15.044803, 218.307816, 0.995511
5, 101,22,110.100410, 109.646912, 128.713394, 57.350685,15.044803, 218.307816, 1.004136
5, 101,23,185.223679, 184.731125, 128.713394, 57.350685,15.044803, 218.307816, 1.002666
5, 101,24,22.601398, 22.036699, 128.713394, 57.350685,15.044803, 218.307816, 1.025625
5, 101,25,146.284271, 146.533356, 128.713394, 57.350685,15.044803, 218.307816, 0.998300
5, 101,26,214.185593, 215.667740, 128.713394, 57.350685,15.044803, 218.307816, 0.993128
5, 101,27,91.028481, 90.322960, 128.713394, 57.350685,15.044803, 218.307816, 1.007811
5, 101,28,159.008835, 159.144165, 128.713394, 57.350685,15.044803, 218.307816, 0.999150
5, 101,29,95.237450, 95.483398, 128.713394, 57.350685,15.044803, 218.307816, 0.997424
5, 101,30,164.670746, 163.593521, 128.713394, 57.350685,15.044803, 218.307816, 1.006585
5, 101,31,159.871536, 159.529083, 128.713394, 57.350685,15.044803, 218.307816, 1.002147
5, 102,0,217.383636, 216.399170, 128.933853, 72.741737,17.503031, 263.484833, 1.004549
5, 102,1,69.717392, 69.976852, 128.933853, 72.741737,17.503031, 263.484833, 0.996292
5, 102,2,127.237236, 127.002357, 128.933853, 72.741737,17.503031, 263.484833, 1.001849
5, 102,3,133.373337, 134.205505, 128.933853, 72.741737,17.503031, 263.484833, 0.993799
5, 102,4,59.958591, 59.074802, 128.933853, 72.741737,17.503031, 263.484833, 1.014961
5, 102,5,150.001343, 149.351563, 128.933853, 72.741737,17.503031, 263.484833, 1.004351
5, 102,6,22.774372, 22.552931, 128.933853, 72.741737,17.503031, 263.484833, 1.009819
5, 102,7,117.051559, 116.738853, 128.933853, 72.741737,17.503031, 263.484833, 1.002679
5, 102,8,126.303413, 127.524101, 128.933853, 72.741737,17.503031, 263.484833, 0.990428
5, 102,9,17.503031, 17.935135, 128.933853, 72.741737,17.503031, 263.484833, 0.975907
5, 102,10,85.142822, 83.892540, 128.933853, 72.741737,17.503031, 263.484833, 1.014903
5, 102,11,244.865448, 244.207184, 128.933853, 72.741737,17.503031, 263.484833, 1.002696
5, 102,12,106.293442, 107.004875, 128.933853, 72.741737,17.503031, 263.484833, 0.993351
5, 102,13,208.606201, 208.393951, 128.933853, 72.741737,17.503031, 263.484833, 1.001019
5, 102,14,76.080040, 75.209831, 128.933853, 72.741737,17.503031, 263.484833, 1.011570
5, 102,15,70.676956, 71.853561, 128.933853, 72.741737,17.503031, 263.484833, 0.983625
5, 102,16,68.435005, 67.508316, 128.933853, 72.741737,17.503031, 263.484833, 1.013727
5, 102,17,93.003510, 93.268303, 128.933853, 72.741737,17.503031, 263.484833, 0.997161
5, 102,18,196.284378, 196.970154, 128.933853, 72.741737,17.503031, 263.484833, 0.996518
5, 102,19,89.155113, 88.891907, 128.933853, 72.741737,17.503031, 263.484833, 1.002961
5, 102,20,245.898392, 245.460907, 128.933853, 72.741737,17.503031, 263.484833, 1.001782
5, 102,21,102.766159, 102.682999, 128.933853, 72.741737,17.503031, 263.484833, 1.000810
5, 102,22,208.051849, 206.011063, 128.933853, 72.741737,17.503031, 263.484833, 1.009906
5, 102,23,52.760281, 52.089699, 128.933853, 72.741737,17.503031, 263.484833, 1.012874
5, 102,24,79.601662, 78.410362, 128.933853, 72.741737,17.503031, 263.484833, 1.015193
5, 102,25,59.312099, 59.160461, 128.933853, 72.741737,17.503031, 263.484833, 1.002563
5, 102,26,231.527328, 232.689957, 128.933853, 72.741737,17.503031, 263.484833, 0.995004
5, 102,27,138.764252, 138.644180, 128.933853, 72.741737,17.503031, 263.484833, 1.000866
5, 102,28,263.484833, 264.383759, 128.933853, 72.741737,17.503031, 263.484833, 0.996600
5, 102,29,176.761642, 176.295212, 128.933853, 72.741737,17.503031, 263.484833, 1.002646
5, 102,30,241.070801, 240.913193, 128.933853, 72.741737,17.503031, 263.484833, 1.000654
5, 102,31,46.037319, 46.296036, 128.933853, 72.741737,17.503031, 263.484833, 0.994412
5, 103,0,227.872452, 228.198303, 128.728088, 54.589359,39.066349, 227.872452, 0.998572
5, 103,1,147.307144, 146.562363, 128.728088, 54.589359,39.066349, 227.872452, 1.005082
5, 103,2,47.297939, 47.032608, 128.728088, 54.589359,39.066349, 227.872452, 1.005641
5, 103,3,197.887482, 197.484711, 128.728088, 54.589359,39.066349, 227.872452, 1.002040
5, 103,4,96.392708, 96.521576, 128.728088, 54.589359,39.066349, 227.872452, 0.998665
5, 103,5,180.888885, 181.488617, 128.728088, 54.589359,39.066349, 227.872452, 0.996695
5, 103,6,175.495865, 175.418579, 128.728088, 54.589359,39.066349, 227.872452, 1.000441
5, 103,7,111.813583, 110.741066, 128.728088, 54.589359,39.066349, 227.872452, 1.009685
5, 103,8,215.438934, 216.509094, 128.728088, 54.589359,39.066349, 227.872452, 0.995057
5, 103,9,182.348862, 182.430756, 128.728088, 54.589359,39.066349, 227.872452, 0.999551
5, 103,10,151.154190, 151.542221, 128.728088, 54.589359,39.066349, 227.872452, 0.997439
5, 103,11,147.314194, 147.733307, 128.728088, 54.589359,39.066349, 227.872452, 0.997163
5, 103,12,61.975471, 61.696251, 128.728088, 54.589359,39.066349, 227.872452, 1.004526
5, 103,13,119.463127, 118.951103, 128.728088, 54.589359,39.066349, 227.872452, 1.004305
5, 103,14,154.412857, 155.122330, 128.728088, 54.589359,39.066349, 227.872452, 0.995426
5, 103,15,54.894463, 55.390686, 128.728088, 54.589359,39.066349, 227.872452, 0.991041
5, 103,16,86.123863, 84.347847, 128.728088, 54.589359,39.066349, 227.872452, 1.021056
5, 103,17,105.614746, 106.494736, 128.728088, 54.589359,39.066349, 227.872452, 0.991737
5, 103,18,164.846924, 164.247574, 128.728088, 54.589359,39.066349, 227.872452, 1.003649
5, 103,19,137.998917, 139.025284, 128.728088, 54.589359,39.066349, 227.872452, 0.992617
5, 103,20,83.398514, 83.136543, 128.728088, 54.589359,39.066349, 227.872452, 1.003151
5, 103,21,39.066349, 38.499565, 128.728088, 54.589359,39.066349, 227.872452, 1.014722
5, 103,22,94.369827, 94.287369, 128.728088, 54.589359,39.066349, 227.872452, 1.000875
5, 103,23,212.587372, 211.603271, 128.728088, 54.589359,39.066349, 227.872452, 1.004651
5, 103,24,67.426987, 67.584587, 128.728088, 54.589359,39.066349, 227.872452, 0.997668
5, 103,25,107.367615, 107.881027, 128.728088, 54.589359,39.066349, 227.872452, 0.995241
5, 103,26,134.789261, 135.384613, 128.728088, 54.589359,39.066349, 227.872452, 0.995602
5, 103,27,152.917572, 152.450699, 128.728088, 54.589359,39.066349, 227.872452, 1.003062
5, 103,28,43.256500, 42.745895, 128.728088, 54.589359,39.066349, 227.872452, 1.011945
5, 103,29,155.775330, 157.477661, 128.728088, 54.589359,39.066349, 227.872452, 0.989190
5, 103,30,193.058578, 192.774048, 128.728088, 54.589359,39.066349, 227.872452, 1.001476
5, 103,31,68.741753, 70.236031, 128.728088, 54.589359,39.066349, 227.872452, 0.978725
5, 104,0,110.779427, 111.161812, 128.545181, 67.212982,10.926601, 258.100342, 0.996560
5, 104,1,110.062782, 110.940529, 128.545181, 67.212982,10.926601, 258.100342, 0.992088
5, 104,2,102.647667, 101.578224, 128.545181, 67.212982,10.926601, 258.100342, 1.010528
5, 104,3,180.332504, 179.666168, 128.545181, 67.212982,10.926601, 258.100342, 1.003709
5, 104,4,111.054695, 110.719261, 128.545181, 67.212982,10.926601, 258.100342, 1.003030
5, 104,5,250.961777, 250.719040, 128.545181, 67.212982,10.926601, 258.100342, 1.000968
5, 104,6,120.236595, 119.051491, 128.545181, 67.212982,10.926601, 258.100342, 1.009955
5, 104,7,10.926601, 10.785915, 128.545181, 67.212982,10.926601, 258.100342, 1.013044
5, 104,8,134.765686, 135.120789, 128.545181, 67.212982,10.926601, 258.100342, 0.997372
5, 104,9,117.412949, 118.692871, 128.545181, 67.212982,10.926601, 258.100342, 0.989217
5, 104,10,206.199570, 207.600510, 128.545181, 67.212982,10.926601, 258.100342, 0.993252
5, 104,11,118.740837, 119.310921, 128.545181, 67.212982,10.926601, 258.100342, 0.995222
5, 104,12,81.163803, 82.220284, 128.545181, 67.212982,10.926601, 258.100342, 0.987151
5, 104,13,24.097300, 24.398277, 128.545181, 67.212982,10.926601, 258.100342, 0.987664
5, 104,14,54.740391, 54.537750, 128.545181, 67.212982,10.926601, 258.100342, 1.003716
5, 104,15,222.838898, 220.625336, 128.545181, 67.212982,10.926601, 258.100342, 1.010033
5, 104,16,97.569901, 98.373520, 128.545181, 67.212982,10.926601, 258.100342, 0.991831
5, 104,17,26.285158, 25.977737, 128.545181, 67.212982,10.926601, 258.100342, 1.011834
5, 104,18,117.491516, 118.906509, 128.545181, 67.212982,10.926601, 258.100342, 0.988100
5, 104,19,163.031693, 162.459961, 128.545181, 67.212982,10.926601, 258.100342, 1.003519
5, 104,20,90.944122, 91.155304, 128.545181, 67.212982,10.926601, 258.100342, 0.997683
5, 104,21,172.310028, 173.302536, 128.545181, 67.212982,10.926601, 258.100342, 0.994273
5, 104,22,57.418373, 58.360504, 128.545181, 67.212982,10.926601, 258.100342, 0.983857
5, 104,23,174.642807, 175.065125, 128.545181, 67.212982,10.926601, 258.100342, 0.997588
5, 104,24,135.368774, 135.151306, 128.545181, 67.212982,10.926601, 258.100342, 1.001609
5, 104,25,69.866333, 71.774483, 128.545181, 67.212982,10.926601, 258.100342, 0.973415
5, 104,26,194.910675, 193.896576, 128.545181, 67.212982,10.926601, 258.100342, 1.005230
5, 104,27,258.100342, 258.501892, 128.545181, 67.212982,10.926601, 258.100342, 0.998447
5, 104,28,216.008682, 216.154007, 128.545181, 67.212982,10.926601, 258.100342, 0.999328
5, 104,29,179.757004, 181.215118, 128.545181, 67.212982,10.926601, 258.100342, 0.991954
5, 104,30,19.562544, 19.812498, 128.545181, 67.212982,10.926601, 258.100342, 0.987384
5, 104,31,183.216217, 183.763611, 128.545181, 67.212982,10.926601, 258.100342, 0.997021
5, 105,0,133.740021, 134.062851, 128.944809, 69.199966,10.956840, 260.652740, 0.997592
5, 105,1,139.754120, 138.461487, 128.944809, 69.199966,10.956840, 260.652740, 1.009336
5, 105,2,140.803345, 142.211029, 128.944809, 69.199966,10.956840, 260.652740, 0.990101
5, 105,3,209.972488, 209.511627, 128.944809, 69.199966,10.956840, 260.652740, 1.002200
5, 105,4,260.652740, 259.569031, 128.944809, 69.199966,10.956840, 260.652740, 1.004175
5, 105,5,18.415884, 17.598333, 128.944809, 69.199966,10.956840, 260.652740, 1.046456
5, 105,6,151.560654, 152.711212, 128.944809, 69.199966,10.956840, 260.652740, 0.992466
5, 105,7,239.327820, 239.660614, 128.944809, 69.199966,10.956840, 260.652740, 0.998611
5, 105,8,214.931427, 215.345932, 128.944809, 69.199966,10.956840, 260.652740, 0.998075
5, 105,9,68.735252, 68.762993, 128.944809, 69.199966,10.956840, 260.652740, 0.999597
5, 105,10,72.272972, 72.245247, 128.944809, 69.199966,10.956840, 260.652740, 1.000384
5, 105,11,25.652920, 25.975594, 128.944809, 69.199966,10.956840, 260.652740, 0.987578
5, 105,12,177.640976, 177.308441, 128.944809, 69.199966,10.956840, 260.652740, 1.001875
5, 105,13,95.736511, 95.651176, 128.944809, 69.199966,10.956840, 260.652740, 1.000892
5, 105,14,121.175880, 120.790581, 128.944809, 69.199966,10.956840, 260.652740, 1.003190
5, 105,15,140.616119, 140.240784, 128.944809, 69.199966,10.956840, 260.652740, 1.002676
5, 105,16,115.196091, 114.849373, 128.944809, 69.199966,10.956840, 260.652740, 1.003019
5, 105,17,15.869805, 15.246287, 128.944809, 69.199966,10.956840, 260.652740, 1.040896
5, 105,18,196.252625, 196.163010, 128.944809, 69.199966,10.956840, 260.652740, 1.000457
5, 105,19,66.949600, 66.105484, 128.944809, 69.199966,10.956840, 260.652740, 1.012769
5, 105,20,166.466980, 167.205338, 128.944809, 69.199966,10.956840, 260.652740, 0.995584
5, 105,21,10.956840, 11.130204, 128.944809, 69.199966,10.956840, 260.652740, 0.984424
5, 105,22,72.594833, 70.786667, 128.944809, 69.199966,10.956840, 260.652740, 1.025544
5, 105,23,142.891083, 142.379013, 128.944809, 69.199966,10.956840, 260.652740, 1.003597
5, 105,24,224.088379, 224.609024, 128.944809, 69.199966,10.956840, 260.652740, 0.997682
5, 105,25,69.559868, 69.610649, 128.944809, 69.199966,10.956840, 260.652740, 0.999270
5, 105,26,189.489532, 189.045761, 128.944809, 69.199966,10.956840, 260.652740, 1.002347
5, 105,27,201.713028, 203.104584, 128.944809, 69.199966,10.956840, 260.652740, 0.993149
5, 105,28,162.887604, 160.981583, 128.944809, 69.199966,10.956840, 260.652740, 1.011840
5, 105,29,64.341766, 63.692345, 128.944809, 69.199966,10.956840, 260.652740, 1.010196
5, 105,30,69.387573, 70.420120, 128.944809, 69.199966,10.956840, 260.652740, 0.985337
5, 105,31,146.598984, 145.563431, 128.944809, 69.199966,10.956840, 260.652740, 1.007114
5, 106,0,38.969040, 38.891777, 128.725220, 79.274712,23.037642, 262.362915, 1.001987
5, 106,1,181.398712, 180.426498, 128.725220, 79.274712,23.037642, 262.362915, 1.005388
5, 106,2,214.917191, 214.483200, 128.725220, 79.274712,23.037642, 262.362915, 1.002023
5, 106,3,27.467384, 26.408556, 128.725220, 79.274712,23.037642, 262.362915, 1.040094
5, 106,4,232.721512, 232.854416, 128.725220, 79.274712,23.037642, 262.362915, 0.999429
5, 106,5,59.545338, 59.654758, 128.725220, 79.274712,23.037642, 262.362915, 0.998166
5, 106,6,211.142853, 211.018723, 128.725220, 79.274712,23.037642, 262.362915, 1.000588
5, 106,7,165.454788, 164.319885, 128.725220, 79.274712,23.037642, 262.362915, 1.006907
5, 106,8,262.295258, 262.953979, 128.725220, 79.274712,23.037642, 262.362915, 0.997495
5, 106,9,62.999622, 64.374695, 128.725220, 79.274712,23.037642, 262.362915, 0.978640
5, 106,10,58.530293, 58.780693, 128.725220, 79.274712,23.037642, 262.362915, 0.995740
5, 106,11,72.623558, 73.552368, 128.725220, 79.274712,23.037642, 262.362915, 0.987372
5, 106,12,116.040695, 115.507423, 128.725220, 79.274712,23.037642, 262.362915, 1.004617
5, 106,13,140.821442, 141.149261, 128.725220, 79.274712,23.037642, 262.362915, 0.997678
5, 106,14,71.280312, 71.295700, 128.725220, 79.274712,23.037642, 262.362915, 0.999784
5, 106,15,46.412991, 46.392826, 128.725220, 79.274712,23.037642, 262.362915, 1.000435
5, 106,16,31.284861, 32.089973, 128.725220, 79.274712,23.037642, 262.362915, 0.974911
5, 106,17,243.474213, 245.806473, 128.725220, 79.274712,23.037642, 262.362915, 0.990512
5, 106,18,32.300819, 31.835697, 128.725220, 79.274712,23.037642, 262.362915, 1.014610
5, 106,19,87.891296, 88.300201, 128.725220, 79.274712,23.037642, 262.362915, 0.995369
5, 106,20,238.464081, 238.019348, 128.725220, 79.274712,23.037642, 262.362915, 1.001868
5, 106,21,149.211578, 149.079391, 128.725220, 79.274712,23.037642, 262.362915, 1.000887
5, 106,22,199.363968, 199.624115, 128.725220, 79.274712,23.037642, 262.362915, 0.998697
5, 106,23,56.742813, 56.404831, 128.725220, 79.274712,23.037642, 262.362915, 1.005992
5, 106,24,167.055832, 168.825287, 128.725220, 79.274712,23.037642, 262.362915, 0.989519
5, 106,25,228.860748, 227.300140, 128.725220, 79.274712,23.037642, 262.362915, 1.006866
5, 106,26,142.095734, 141.975662, 128.725220, 79.274712,23.037642, 262.362915, 1.000846
5, 106,27,71.302879, 71.065262, 128.725220, 79.274712,23.037642, 262.362915, 1.003344
5, 106,28,262.362915, 262.477234, 128.725220, 79.274712,23.037642, 262.362915, 0.999564
5, 106,29,23.037642, 24.143936, 128.725220, 79.274712,23.037642, 262.362915, 0.954179
5, 106,30,88.174576, 87.338730, 128.725220, 79.274712,23.037642, 262.362915, 1.009570
5, 106,31,134.961761, 134.649414, 128.725220, 79.274712,23.037642, 262.362915, 1.002320
5, 107,0,123.975113, 123.916664, 128.717651, 62.687195,10.198038, 229.412277, 1.000472
5, 107,1,81.590866, 81.111740, 128.717651, 62.687195,10.198038, 229.412277, 1.005907
5, 107,2,216.713135, 218.854111, 128.717651, 62.687195,10.198038, 229.412277, 0.990217
5, 107,3,92.835396, 92.162842, 128.717651, 62.687195,10.198038, 229.412277, 1.007297
5, 107,4,139.585022, 137.559921, 128.717651, 62.687195,10.198038, 229.412277, 1.014722
5, 107,5,221.038010, 221.260117, 128.717651, 62.687195,10.198038, 229.412277, 0.998996
5, 107,6,195.077881, 194.552719, 128.717651, 62.687195,10.198038, 229.412277, 1.002699
5, 107,7,225.617645, 224.796753, 128.717651, 62.687195,10.198038, 229.412277, 1.003652
5, 107,8,106.841049, 107.991493, 128.717651, 62.687195,10.198038, 229.412277, 0.989347
5, 107,9,46.319096, 47.193195, 128.717651, 62.687195,10.198038, 229.412277, 0.981478
5, 107,10,107.376663, 107.722633, 128.717651, 62.687195,10.198038, 229.412277, 0.996788
5, 107,11,178.871490, 179.117020, 128.717651, 62.687195,10.198038, 229.412277, 0.998629
5, 107,12,107.663490, 108.584381, 128.717651, 62.687195,10.198038, 229.412277, 0.991519
5, 107,13,229.412277, 231.070313, 128.717651, 62.687195,10.198038, 229.412277, 0.992825
5, 107,14,123.932816, 122.020813, 128.717651, 62.687195,10.198038, 229.412277, 1.015669
5, 107,15,38.175209, 39.616680, 128.717651, 62.687195,10.198038, 229.412277, 0.963615
5, 107,16,78.550461, 79.636421, 128.717651, 62.687195,10.198038, 229.412277, 0.986364
5, 107,17,30.624548, 31.723034, 128.717651, 62.687195,10.198038, 229.412277, 0.965373
5, 107,18,139.532364, 138.938721, 128.717651, 62.687195,10.198038, 229.412277, 1.004273
5, 107,19,178.414215, 177.814041, 128.717651, 62.687195,10.198038, 229.412277, 1.003375
5, 107,20,146.916183, 146.977127, 128.717651, 62.687195,10.198038, 229.412277, 0.999585
5, 107,21,206.227219, 207.479004, 128.717651, 62.687195,10.198038, 229.412277, 0.993967
5, 107,22,10.198038, 10.730765, 128.717651, 62.687195,10.198038, 229.412277, 0.950355
5, 107,23,190.109863, 189.926849, 128.717651, 62.687195,10.198038, 229.412277, 1.000964
5, 107,24,110.475204, 109.721893, 128.717651, 62.687195,10.198038, 229.412277, 1.006866
5, 107,25,62.330269, 62.994274, 128.717651, 62.687195,10.198038, 229.412277, 0.989459
5, 107,26,184.518372, 182.619186, 128.717651, 62.687195,10.198038, 229.412277, 1.010400
5, 107,27,160.427811, 161.089172, 128.717651, 62.687195,10.198038, 229.412277, 0.995894
5, 107,28,80.607620, 80.994537, 128.717651, 62.687195,10.198038, 229.412277, 0.995223
5, 107,29,74.399979, 73.562798, 128.717651, 62.687195,10.198038, 229.412277, 1.011381
5, 107,30,61.897457, 60.567581, 128.717651, 62.687195,10.198038, 229.412277, 1.021957
5, 107,31,168.709702, 168.693268, 128.717651, 62.687195,10.198038, 229.412277, 1.000097
5, 108,0,87.943733, 88.526573, 128.487732, 59.234089,16.426092, 235.818802, 0.993416
5, 108,1,188.186401, 188.219330, 128.487732, 59.234089,16.426092, 235.818802, 0.999825
5, 108,2,101.393356, 101.002419, 128.487732, 59.234089,16.426092, 235.818802, 1.003871
5, 108,3,153.533691, 154.491745, 128.487732, 59.234089,16.426092, 235.818802, 0.993799
5, 108,4,153.195206, 153.907150, 128.487732, 59.234089,16.426092, 235.818802, 0.995374
5, 108,5,16.426092, 18.540611, 128.487732, 59.234089,16.426092, 235.818802, 0.885952
5, 108,6,159.053024, 158.797699, 128.487732, 59.234089,16.426092, 235.818802, 1.001608
5, 108,7,114.363037, 114.348015, 128.487732, 59.234089,16.426092, 235.818802, 1.000131
5, 108,8,30.698320, 32.064434, 128.487732, 59.234089,16.426092, 235.818802, 0.957395
5, 108,9,171.953140, 171.494537, 128.487732, 59.234089,16.426092, 235.818802, 1.002674
5, 108,10,117.642464, 119.117355, 128.487732, 59.234089,16.426092, 235.818802, 0.987618
5, 108,11,98.606781, 98.656967, 128.487732, 59.234089,16.426092, 235.818802, 0.999491
5, 108,12,149.876602, 151.611588, 128.487732, 59.234089,16.426092, 235.818802, 0.988556
5, 108,13,124.177414, 123.294991, 128.487732, 59.234089,16.426092, 235.818802, 1.007157
5, 108,14,83.566841, 84.762428, 128.487732, 59.234089,16.426092, 235.818802, 0.985895
5, 108,15,117.655937, 116.686348, 128.487732, 59.234089,16.426092, 235.818802, 1.008309
5, 108,16,116.141350, 115.766701, 128.487732, 59.234089,16.426092, 235.818802, 1.003236
5, 108,17,185.687241, 185.652863, 128.487732, 59.234089,16.426092, 235.818802, 1.000185
5, 108,18,235.818802, 238.087067, 128.487732, 59.234089,16.426092, 235.818802, 0.990473
5, 108,19,124.009399, 123.409050, 128.487732, 59.234089,16.426092, 235.818802, 1.004865
5, 108,20,71.336769, 72.058449, 128.487732, 59.234089,16.426092, 235.818802, 0.989985
5, 108,21,228.383865, 229.090195, 128.487732, 59.234089,16.426092, 235.818802, 0.996917
5, 108,22,145.755966, 144.974457, 128.487732, 59.234089,16.426092, 235.818802, 1.005391
5, 108,23,33.612907, 34.238796, 128.487732, 59.234089,16.426092, 235.818802, 0.981720
5, 108,24,113.373703, 113.278656, 128.487732, 59.234089,16.426092, 235.818802, 1.000839
5, 108,25,108.142166, 107.653831, 128.487732, 59.234089,16.426092, 235.818802, 1.004536
5, 108,26,196.499466, 196.439117, 128.487732, 59.234089,16.426092, 235.818802, 1.000307
5, 108,27,102.074448, 101.601265, 128.487732, 59.234089,16.426092, 235.818802, 1.004657
5, 108,28,228.503235, 228.256104, 128.487732, 59.234089,16.426092, 235.818802, 1.001083
5, 108,29,68.308067, 69.427826, 128.487732, 59.234089,16.426092, 235.818802, 0.983872
5, 108,30,55.344742, 55.768551, 128.487732, 59.234089,16.426092, 235.818802, 0.992401
5, 108,31,230.343948, 229.774597, 128.487732, 59.234089,16.426092, 235.818802, 1.002478
5, 109,0,188.630554, 188.536209, 128.687149, 76.788506,15.976011, 268.596680, 1.000500
5, 109,1,23.623684, 22.981508, 128.687149, 76.788506,15.976011, 268.596680, 1.027943
5, 109,2,83.851974, 84.328041, 128.687149, 76.788506,15.976011, 268.596680, 0.994355
5, 109,3,216.314941, 216.312103, 128.687149, 76.788506,15.976011, 268.596680, 1.000013
5, 109,4,118.148605, 118.392365, 128.687149, 76.788506,15.976011, 268.596680, 0.997941
5, 109,5,154.998489, 155.532104, 128.687149, 76.788506,15.976011, 268.596680, 0.996569
5, 109,6,95.203255, 94.905861, 128.687149, 76.788506,15.976011, 268.596680, 1.003134
5, 109,7,27.617254, 27.432774, 128.687149, 76.788506,15.976011, 268.596680, 1.006725
5, 109,8,76.182083, 75.425507, 128.687149, 76.788506,15.976011, 268.596680, 1.010031
5, 109,9,51.309532, 52.238461, 128.687149, 76.788506,15.976011, 268.596680, 0.982218
5, 109,10,124.546471, 123.976669, 128.687149, 76.788506,15.976011, 268.596680, 1.004596
5, 109,11,268.596680, 267.234589, 128.687149, 76.788506,15.976011, 268.596680, 1.005097
5, 109,12,186.419235, 186.310562, 128.687149, 76.788506,15.976011, 268.596680, 1.000583
5, 109,13,15.976011, 15.875670, 128.687149, 76.788506,15.976011, 268.596680, 1.006320
5, 109,14,264.462128, 264.628571, 128.687149, 76.788506,15.976011, 268.596680, 0.999371
5, 109,15,171.495728, 171.758972, 128.687149, 76.788506,15.976011, 268.596680, 0.998467
5, 109,16,85.753593, 86.407990, 128.687149, 76.788506,15.976011, 268.596680, 0.992427
5, 109,17,226.111908, 225.764969, 128.687149, 76.788506,15.976011, 268.596680, 1.001537
5, 109,18,203.567032, 203.257751, 128.687149, 76.788506,15.976011, 268.596680, 1.001522
5, 109,19,141.158737, 141.174744, 128.687149, 76.788506,15.976011, 268.596680, 0.999887
5, 109,20,63.407501, 64.483490, 128.687149, 76.788506,15.976011, 268.596680, 0.983314
5, 109,21,253.140274, 253.945526, 128.687149, 76.788506,15.976011, 268.596680, 0.996829
5, 109,22,42.112019, 41.361191, 128.687149, 76.788506,15.976011, 268.596680, 1.018153
5, 109,23,102.541389, 103.169029, 128.687149, 76.788506,15.976011, 268.596680, 0.993916
5, 109,24,38.619625, 38.722801, 128.687149, 76.788506,15.976011, 268.596680, 0.997335
5, 109,25,47.924034, 48.693634, 128.687149, 76.788506,15.976011, 268.596680, 0.984195
5, 109,26,163.357971, 162.702682, 128.687149, 76.788506,15.976011, 268.596680, 1.004027
5, 109,27,208.196716, 209.797058, 128.687149, 76.788506,15.976011, 268.596680, 0.992372
5, 109,28,18.970757, 18.789227, 128.687149, 76.788506,15.976011, 268.596680, 1.009661
5, 109,29,171.212799, 172.649231, 128.687149, 76.788506,15.976011, 268.596680, 0.991680
5, 109,30,154.322800, 154.164337, 128.687149, 76.788506,15.976011, 268.596680, 1.001028
5, 109,31,130.214981, 130.046585, 128.687149, 76.788506,15.976011, 268.596680, 1.001295
5, 110,0,240.072678, 238.959229, 128.688705, 73.293068,11.110464, 240.072678, 1.004660
5, 110,1,11.110464, 10.975558, 128.688705, 73.293068,11.110464, 240.072678, 1.012291
5, 110,2,92.219177, 91.720650, 128.688705, 73.293068,11.110464, 240.072678, 1.005435
5, 110,3,202.208832, 200.792282, 128.688705, 73.293068,11.110464, 240.072678, 1.007055
5, 110,4,67.570442, 67.367050, 128.688705, 73.293068,11.110464, 240.072678, 1.003019
5, 110,5,196.368042, 196.932465, 128.688705, 73.293068,11.110464, 240.072678, 0.997134
5, 110,6,35.250931, 35.710903, 128.688705, 73.293068,11.110464, 240.072678, 0.987120
5, 110,7,87.414787, 85.266426, 128.688705, 73.293068,11.110464, 240.072678, 1.025196
5, 110,8,147.060028, 146.670029, 128.688705, 73.293068,11.110464, 240.072678, 1.002659
5, 110,9,174.265274, 176.806290, 128.688705, 73.293068,11.110464, 240.072678, 0.985628
5, 110,10,36.600586, 36.827843, 128.688705, 73.293068,11.110464, 240.072678, 0.993829
5, 110,11,98.077324, 99.079758, 128.688705, 73.293068,11.110464, 240.072678, 0.989883
5, 110,12,72.195557, 72.258980, 128.688705, 73.293068,11.110464, 240.072678, 0.999122
5, 110,13,210.107651, 211.664810, 128.688705, 73.293068,11.110464, 240.072678, 0.992643
5, 110,14,203.144119, 201.011429, 128.688705, 73.293068,11.110464, 240.072678, 1.010610
5, 110,15,153.034409, 152.579926, 128.688705, 73.293068,11.110464, 240.072678, 1.002979
5, 110,16,238.623764, 239.418732, 128.688705, 73.293068,11.110464, 240.072678, 0.996680
5, 110,17,12.531209, 10.713995, 128.688705, 73.293068,11.110464, 240.072678, 1.169611
5, 110,18,221.217621, 221.257797, 128.688705, 73.293068,11.110464, 240.072678, 0.999818
5, 110,19,187.281754, 187.813126, 128.688705, 73.293068,11.110464, 240.072678, 0.997171
5, 110,20,169.054214, 168.400925, 128.688705, 73.293068,11.110464, 240.072678, 1.003879
5, 110,21,80.385941, 78.557693, 128.688705, 73.293068,11.110464, 240.072678, 1.023273
5, 110,22,112.260147, 113.564674, 128.688705, 73.293068,11.110464, 240.072678, 0.988513
5, 110,23,84.274345, 84.502937, 128.688705, 73.293068,11.110464, 240.072678, 0.997295
5, 110,24,87.713150, 89.373665, 128.688705, 73.293068,11.110464, 240.072678, 0.981421
5, 110,25,232.450317, 232.469650, 128.688705, 73.293068,11.110464, 240.072678, 0.999917
5, 110,26,176.257858, 176.905258, 128.688705, 73.293068,11.110464, 240.072678, 0.996340
5, 110,27,40.744713, 40.730080, 128.688705, 73.293068,11.110464, 240.072678, 1.000359
5, 110,28,175.376816, 176.876984, 128.688705, 73.293068,11.110464, 240.072678, 0.991519
5, 110,29,75.243515, 74.676666, 128.688705, 73.293068,11.110464, 240.072678, 1.007591
5, 110,30,182.624100, 184.540070, 128.688705, 73.293068,11.110464, 240.072678, 0.989618
5, 110,31,15.299378, 16.574413, 128.688705, 73.293068,11.110464, 240.072678, 0.923072
5, 111,0,50.727764, 51.033051, 128.643127, 75.122147,13.243303, 260.651367, 0.994018
5, 111,1,70.392021, 71.557358, 128.643127, 75.122147,13.243303, 260.651367, 0.983715
5, 111,2,15.421293, 14.951996, 128.643127, 75.122147,13.243303, 260.651367, 1.031387
5, 111,3,205.105576, 206.086609, 128.643127, 75.122147,13.243303, 260.651367, 0.995240
5, 111,4,97.372055, 97.773354, 128.643127, 75.122147,13.243303, 260.651367, 0.995896
5, 111,5,118.695564, 119.123009, 128.643127, 75.122147,13.243303, 260.651367, 0.996412
5, 111,6,114.617081, 114.614822, 128.643127, 75.122147,13.243303, 260.651367, 1.000020
5, 111,7,79.340324, 79.468102, 128.643127, 75.122147,13.243303, 260.651367, 0.998392
5, 111,8,68.478844, 68.692062, 128.643127, 75.122147,13.243303, 260.651367, 0.996896
5, 111,9,87.827011, 88.235321, 128.643127, 75.122147,13.243303, 260.651367, 0.995372
5, 111,10,258.469849, 259.172607, 128.643127, 75.122147,13.243303, 260.651367, 0.997288
5, 111,11,142.838516, 142.395844, 128.643127, 75.122147,13.243303, 260.651367, 1.003109
5, 111,12,259.832245, 260.239319, 128.643127, 75.122147,13.243303, 260.651367, 0.998436
5, 111,13,160.665787, 161.059250, 128.643127, 75.122147,13.243303, 260.651367, 0.997557
5, 111,14,132.355637, 131.977966, 128.643127, 75.122147,13.243303, 260.651367, 1.002862
5, 111,15,18.317993, 17.474712, 128.643127, 75.122147,13.243303, 260.651367, 1.048257
5, 111,16,45.879890, 46.182274, 128.643127, 75.122147,13.243303, 260.651367, 0.993452
5, 111,17,220.268982, 220.132843, 128.643127, 75.122147,13.243303, 260.651367, 1.000618
5, 111,18,77.604256, 78.035446, 128.643127, 75.122147,13.243303, 260.651367, 0.994474
5, 111,19,93.420883, 94.962563, 128.643127, 75.122147,13.243303, 260.651367, 0.983765
5, 111,20,231.662277, 230.706436, 128.643127, 75.122147,13.243303, 260.651367, 1.004143
5, 111,21,220.398941, 220.039398, 128.643127, 75.122147,13.243303, 260.651367, 1.001634
5, 111,22,148.750748, 148.554688, 128.643127, 75.122147,13.243303, 260.651367, 1.001320
5, 111,23,93.018707, 93.779060, 128.643127, 75.122147,13.243303, 260.651367, 0.991892
5, 111,24,126.438568, 125.811317, 128.643127, 75.122147,13.243303, 260.651367, 1.004986
5, 111,25,57.056782, 57.199692, 128.643127, 75.122147,13.243303, 260.651367, 0.997502
5, 111,26,141.028244, 140.589447, 128.643127, 75.122147,13.243303, 260.651367, 1.003121
5, 111,27,249.122330, 250.187393, 128.643127, 75.122147,13.243303, 260.651367, 0.995743
5, 111,28,13.243303, 13.044388, 128.643127, 75.122147,13.243303, 260.651367, 1.015249
5, 111,29,126.758667, 125.967033, 128.643127, 75.122147,13.243303, 260.651367, 1.006284
5, 111,30,130.818253, 129.494171, 128.643127, 75.122147,13.243303, 260.651367, 1.010225
5, 111,31,260.651367, 262.458374, 128.643127, 75.122147,13.243303, 260.651367, 0.993115
5, 112,0,121.947182, 121.668800, 128.932312, 62.327358,16.780458, 230.447525, 1.002288
5, 112,1,45.892483, 46.105816, 128.932312, 62.327358,16.780458, 230.447525, 0.995373
5, 112,2,92.143196, 91.843193, 128.932312, 62.327358,16.780458, 230.447525, 1.003266
5, 112,3,162.908218, 164.140747, 128.932312, 62.327358,16.780458, 230.447525, 0.992491
5, 112,4,201.747116, 201.299240, 128.932312, 62.327358,16.780458, 230.447525, 1.002225
5, 112,5,80.796837, 82.419304, 128.932312, 62.327358,16.780458, 230.447525, 0.980314
5, 112,6,190.606049, 191.667679, 128.932312, 62.327358,16.780458, 230.447525, 0.994461
5, 112,7,123.276756, 124.311218, 128.932312, 62.327358,16.780458, 230.447525, 0.991678
5, 112,8,169.599808, 169.289536, 128.932312, 62.327358,16.780458, 230.447525, 1.001833
5, 112,9,158.591095, 158.540848, 128.932312, 62.327358,16.780458, 230.447525, 1.000317
5, 112,10,38.495365, 38.128448, 128.932312, 62.327358,16.780458, 230.447525, 1.009623
5, 112,11,80.186768, 80.428535, 128.932312, 62.327358,16.780458, 230.447525, 0.996994
5, 112,12,73.755486, 73.331978, 128.932312, 62.327358,16.780458, 230.447525, 1.005775
5, 112,13,16.780458, 16.946180, 128.932312, 62.327358,16.780458, 230.447525, 0.990221
5, 112,14,162.270752, 160.545929, 128.932312, 62.327358,16.780458, 230.447525, 1.010743
5, 112,15,230.447525, 230.215408, 128.932312, 62.327358,16.780458, 230.447525, 1.001008
5, 112,16,181.507126, 181.513367, 128.932312, 62.327358,16.780458, 230.447525, 0.999966
5, 112,17,142.777710, 141.304306, 128.932312, 62.327358,16.780458, 230.447525, 1.010427
5, 112,18,54.134109, 54.455555, 128.932312, 62.327358,16.780458, 230.447525, 0.994097
5, 112,19,68.405441, 68.806229, 128.932312, 62.327358,16.780458, 230.447525, 0.994175
5, 112,20,201.458176, 202.337601, 128.932312, 62.327358,16.780458, 230.447525, 0.995654
5, 112,21,136.824814, 136.721252, 128.932312, 62.327358,16.780458, 230.447525, 1.000757
5, 112,22,138.454605, 136.993378, 128.932312, 62.327358,16.780458, 230.447525, 1.010666
5, 112,23,61.045963, 60.814533, 128.932312, 62.327358,16.780458, 230.447525, 1.003806
5, 112,24,47.897907, 46.900688, 128.932312, 62.327358,16.780458, 230.447525, 1.021262
5, 112,25,226.131393, 226.935654, 128.932312, 62.327358,16.780458, 230.447525, 0.996456
5, 112,26,218.343994, 217.783890, 128.932312, 62.327358,16.780458, 230.447525, 1.002572
5, 112,27,157.097961, 155.998688, 128.932312, 62.327358,16.780458, 230.447525, 1.007047
5, 112,28,205.737427, 204.736526, 128.932312, 62.327358,16.780458, 230.447525, 1.004889
5, 112,29,157.423660, 156.163406, 128.932312, 62.327358,16.780458, 230.447525, 1.008070
5, 112,30,125.243858, 124.347023, 128.932312, 62.327358,16.780458, 230.447525, 1.007212
5, 112,31,53.904999, 54.305176, 128.932312, 62.327358,16.780458, 230.447525, 0.992631
5, 113,0,161.846146, 161.286514, 129.146271, 69.802551,10.450514, 242.893829, 1.003470
5, 113,1,233.162628, 231.901169, 129.146271, 69.802551,10.450514, 242.893829, 1.005440
5, 113,2,24.886484, 25.920233, 129.146271, 69.802551,10.450514, 242.893829, 0.960118
5, 113,3,148.001022, 146.481293, 129.146271, 69.802551,10.450514, 242.893829, 1.010375
5, 113,4,176.005157, 175.744690, 129.146271, 69.802551,10.450514, 242.893829, 1.001482
5, 113,5,162.659210, 162.120926, 129.146271, 69.802551,10.450514, 242.893829, 1.003320
5, 113,6,232.012589, 231.790390, 129.146271, 69.802551,10.450514, 242.893829, 1.000959
5, 113,7,29.677048, 29.398167, 129.146271, 69.802551,10.450514, 242.893829, 1.009486
5, 113,8,215.621719, 216.778427, 129.146271, 69.802551,10.450514, 242.893829, 0.994664
5, 113,9,57.123478, 57.088741, 129.146271, 69.802551,10.450514, 242.893829, 1.000608
5, 113,10,85.446190, 84.882690, 129.146271, 69.802551,10.450514, 242.893829, 1.006639
5, 113,11,175.209686, 176.099106, 129.146271, 69.802551,10.450514, 242.893829, 0.994949
5, 113,12,133.565643, 133.714081, 129.146271, 69.802551,10.450514, 242.893829, 0.998890
5, 113,13,84.884811, 84.402718, 129.146271, 69.802551,10.450514, 242.893829, 1.005712
5, 113,14,56.643040, 56.527542, 129.146271, 69.802551,10.450514, 242.893829, 1.002043
5, 113,15,242.893829, 242.630325, 129.146271, 69.802551,10.450514, 242.893829, 1.001086
5, 113,16,47.358459, 46.898609, 129.146271, 69.802551,10.450514, 242.893829, 1.009805
5, 113,17,78.369530, 76.937340, 129.146271, 69.802551,10.450514, 242.893829, 1.018615
5, 113,18,187.678452, 187.455948, 129.146271, 69.802551,10.450514, 242.893829, 1.001187
5, 113,19,158.869064, 157.963638, 129.146271, 69.802551,10.450514, 242.893829, 1.005732
5, 113,20,136.452271, 136.918823, 129.146271, 69.802551,10.450514, 242.893829, 0.996592
5, 113,21,197.140244, 195.320068, 129.146271, 69.802551,10.450514, 242.893829, 1.009319
5, 113,22,187.895142, 187.300873, 129.146271, 69.802551,10.450514, 242.893829, 1.003173
5, 113,23,97.207169, 97.686806, 129.146271, 69.802551,10.450514, 242.893829, 0.995090
5, 113,24,149.615021, 148.888519, 129.146271, 69.802551,10.450514, 242.893829, 1.004879
5, 113,25,27.416672, 25.683939, 129.146271, 69.802551,10.450514, 242.893829, 1.067464
5, 113,26,115.431831, 114.906647, 129.146271, 69.802551,10.450514, 242.893829, 1.004570
5, 113,27,166.681839, 167.009216, 129.146271, 69.802551,10.450514, 242.893829, 0.998040
5, 113,28,10.450514, 10.635037, 129.146271, 69.802551,10.450514, 242.893829, 0.982649
5, 113,29,144.008331, 142.877808, 129.146271, 69.802551,10.450514, 242.893829, 1.007913
5, 113,30,195.404022, 195.253616, 129.146271, 69.802551,10.450514, 242.893829, 1.000770
5, 113,31,13.063305, 12.495844, 129.146271, 69.802551,10.450514, 242.893829, 1.045412
5, 114,0,169.053131, 169.654282, 128.600784, 59.853756,28.444351, 232.639053, 0.996457
5, 114,1,120.183914, 120.057426, 128.600784, 59.853756,28.444351, 232.639053, 1.001054
5, 114,2,134.753235, 134.567688, 128.600784, 59.853756,28.444351, 232.639053, 1.001379
5, 114,3,145.660934, 144.797256, 128.600784, 59.853756,28.444351, 232.639053, 1.005965
5, 114,4,208.778931, 209.504074, 128.600784, 59.853756,28.444351, 232.639053, 0.996539
5, 114,5,202.745331, 201.569962, 128.600784, 59.853756,28.444351, 232.639053, 1.005831
5, 114,6,169.197296, 169.619812, 128.600784, 59.853756,28.444351, 232.639053, 0.997509
5, 114,7,165.424713, 166.572998, 128.600784, 59.853756,28.444351, 232.639053, 0.993106
5, 114,8,28.444351, 28.453197, 128.600784, 59.853756,28.444351, 232.639053, 0.999689
5, 114,9,69.914085, 70.536407, 128.600784, 59.853756,28.444351, 232.639053, 0.991177
5, 114,10,228.716965, 228.102020, 128.600784, 59.853756,28.444351, 232.639053, 1.002696
5, 114,11,160.242035, 160.741333, 128.600784, 59.853756,28.444351, 232.639053, 0.996894
5, 114,12,232.639053, 232.830795, 128.600784, 59.853756,28.444351, 232.639053, 0.999177
5, 114,13,198.618576, 197.758011, 128.600784, 59.853756,28.444351, 232.639053, 1.004352
5, 114,14,45.769142, 46.961536, 128.600784, 59.853756,28.444351, 232.639053, 0.974609
5, 114,15,66.655991, 65.973091, 128.600784, 59.853756,28.444351, 232.639053, 1.010351
5, 114,16,56.204918, 56.887802, 128.600784, 59.853756,28.444351, 232.639053, 0.987996
5, 114,17,194.977615, 195.614212, 128.600784, 59.853756,28.444351, 232.639053, 0.996746
5, 114,18,147.027771, 147.258148, 128.600784, 59.853756,28.444351, 232.639053, 0.998436
5, 114,19,131.066650, 131.520874, 128.600784, 59.853756,28.444351, 232.639053, 0.996546
5, 114,20,205.162201, 204.858047, 128.600784, 59.853756,28.444351, 232.639053, 1.001485
5, 114,21,32.502789, 32.975159, 128.600784, 59.853756,28.444351, 232.639053, 0.985675
5, 114,22,138.146896, 137.669647, 128.600784, 59.853756,28.444351, 232.639053, 1.003467
5, 114,23,160.230774, 162.085510, 128.600784, 59.853756,28.444351, 232.639053, 0.988557
5, 114,24,62.128731, 62.333462, 128.600784, 59.853756,28.444351, 232.639053, 0.996716
5, 114,25,71.971352, 71.722046, 128.600784, 59.853756,28.444351, 232.639053, 1.003476
5, 114,26,102.010834, 101.328499, 128.600784, 59.853756,28.444351, 232.639053, 1.006734
5, 114,27,129.584152, 128.963501, 128.600784, 59.853756,28.444351, 232.639053, 1.004813
5, 114,28,69.563606, 69.798828, 128.600784, 59.853756,28.444351, 232.639053, 0.996630
5, 114,29,71.660324, 73.142052, 128.600784, 59.853756,28.444351, 232.639053, 0.979742
5, 114,30,103.701767, 103.720459, 128.600784, 59.853756,28.444351, 232.639053, 0.999820
5, 114,31,92.487183, 93.421959, 128.600784, 59.853756,28.444351, 232.639053, 0.989994
5, 115,0,63.193008, 63.544117, 128.688843, 70.170097,26.013250, 247.581787, 0.994475
5, 115,1,153.674744, 153.399933, 128.688843, 70.170097,26.013250, 247.581787, 1.001791
5, 115,2,210.688553, 210.899521, 128.688843, 70.170097,26.013250, 247.581787, 0.999000
5, 115,3,223.899002, 222.751358, 128.688843, 70.170097,26.013250, 247.581787, 1.005152
5, 115,4,68.501633, 68.633865, 128.688843, 70.170097,26.013250, 247.581787, 0.998073
5, 115,5,178.642609, 178.768692, 128.688843, 70.170097,26.013250, 247.581787, 0.999295
5, 115,6,50.452679, 50.507099, 128.688843, 70.170097,26.013250, 247.581787, 0.998923
5, 115,7,128.644363, 128.947342, 128.688843, 70.170097,26.013250, 247.581787, 0.997650
5, 115,8,32.090054, 31.667772, 128.688843, 70.170097,26.013250, 247.581787, 1.013335
5, 115,9,226.817932, 227.070358, 128.688843, 70.170097,26.013250, 247.581787, 0.998888
5, 115,10,48.710793, 49.220123, 128.688843, 70.170097,26.013250, 247.581787, 0.989652
5, 115,11,72.267410, 72.807457, 128.688843, 70.170097,26.013250, 247.581787, 0.992583
5, 115,12,220.504318, 220.446411, 128.688843, 70.170097,26.013250, 247.581787, 1.000263
5, 115,13,78.133118, 78.515236, 128.688843, 70.170097,26.013250, 247.581787, 0.995133
5, 115,14,187.610748, 187.581207, 128.688843, 70.170097,26.013250, 247.581787, 1.000157
5, 115,15,124.009338, 124.017563, 128.688843, 70.170097,26.013250, 247.581787, 0.999934
5, 115,16,33.990685, 34.641640, 128.688843, 70.170097,26.013250, 247.581787, 0.981209
5, 115,17,206.182373, 206.100616, 128.688843, 70.170097,26.013250, 247.581787, 1.000397
5, 115,18,51.215149, 52.353951, 128.688843, 70.170097,26.013250, 247.581787, 0.978248
5, 115,19,54.676750, 53.757263, 128.688843, 70.170097,26.013250, 247.581787, 1.017104
5, 115,20,158.113831, 158.533295, 128.688843, 70.170097,26.013250, 247.581787, 0.997354
5, 115,21,111.815483, 112.347511, 128.688843, 70.170097,26.013250, 247.581787, 0.995264
5, 115,22,162.466675, 163.048645, 128.688843, 70.170097,26.013250, 247.581787, 0.996431
5, 115,23,149.894608, 150.120682, 128.688843, 70.170097,26.013250, 247.581787, 0.998494
5, 115,24,26.013250, 25.298319, 128.688843, 70.170097,26.013250, 247.581787, 1.028260
5, 115,25,247.581787, 247.836517, 128.688843, 70.170097,26.013250, 247.581787, 0.998972
5, 115,26,176.858276, 177.329010, 128.688843, 70.170097,26.013250, 247.581787, 0.997345
5, 115,27,199.401443, 198.676849, 128.688843, 70.170097,26.013250, 247.581787, 1.003647
5, 115,28,71.665237, 71.265991, 128.688843, 70.170097,26.013250, 247.581787, 1.005602
5, 115,29,43.401608, 43.686844, 128.688843, 70.170097,26.013250, 247.581787, 0.993471
5, 115,30,177.003616, 177.496246, 128.688843, 70.170097,26.013250, 247.581787, 0.997225
5, 115,31,179.922028, 179.728470, 128.688843, 70.170097,26.013250, 247.581787, 1.001077
5, 116,0,32.956192, 31.942175, 128.951141, 69.774704,13.727973, 246.141113, 1.031745
5, 116,1,200.729324, 201.404083, 128.951141, 69.774704,13.727973, 246.141113, 0.996650
5, 116,2,165.678558, 165.782700, 128.951141, 69.774704,13.727973, 246.141113, 0.999372
5, 116,3,162.332932, 162.636322, 128.951141, 69.774704,13.727973, 246.141113, 0.998135
5, 116,4,136.851532, 136.686279, 128.951141, 69.774704,13.727973, 246.141113, 1.001209
5, 116,5,66.854782, 66.971741, 128.951141, 69.774704,13.727973, 246.141113, 0.998254
5, 116,6,129.361984, 129.914093, 128.951141, 69.774704,13.727973, 246.141113, 0.995750
5, 116,7,61.187473, 59.765060, 128.951141, 69.774704,13.727973, 246.141113, 1.023800
5, 116,8,14.889029, 14.727044, 128.951141, 69.774704,13.727973, 246.141113, 1.010999
5, 116,9,246.141113, 246.374680, 128.951141, 69.774704,13.727973, 246.141113, 0.999052
5, 116,10,167.346954, 166.921371, 128.951141, 69.774704,13.727973, 246.141113, 1.002550
5, 116,11,139.635071, 139.420624, 128.951141, 69.774704,13.727973, 246.141113, 1.001538
5, 116,12,82.920448, 82.553757, 128.951141, 69.774704,13.727973, 246.141113, 1.004442
5, 116,13,168.025116, 168.224869, 128.951141, 69.774704,13.727973, 246.141113, 0.998813
5, 116,14,79.752663, 79.549721, 128.951141, 69.774704,13.727973, 246.141113, 1.002551
5, 116,15,221.786728, 222.537186, 128.951141, 69.774704,13.727973, 246.141113, 0.996628
5, 116,16,122.520630, 121.343987, 128.951141, 69.774704,13.727973, 246.141113, 1.009697
5, 116,17,179.220871, 179.379501, 128.951141, 69.774704,13.727973, 246.141113, 0.999116
5, 116,18,123.993629, 124.250633, 128.951141, 69.774704,13.727973, 246.141113, 0.997932
5, 116,19,190.239380, 190.009720, 128.951141, 69.774704,13.727973, 246.141113, 1.001209
5, 116,20,133.324142, 133.292694, 128.951141, 69.774704,13.727973, 246.141113, 1.000236
5, 116,21,234.163483, 234.051392, 128.951141, 69.774704,13.727973, 246.141113, 1.000479
5, 116,22,187.342209, 187.784805, 128.951141, 69.774704,13.727973, 246.141113, 0.997643
5, 116,23,29.881550, 28.825771, 128.951141, 69.774704,13.727973, 246.141113, 1.036626
5, 116,24,112.098511, 111.050873, 128.951141, 69.774704,13.727973, 246.141113, 1.009434
5, 116,25,125.209099, 125.261963, 128.951141, 69.774704,13.727973, 246.141113, 0.999578
5, 116,26,228.709564, 228.065811, 128.951141, 69.774704,13.727973, 246.141113, 1.002823
5, 116,27,13.727973, 12.989050, 128.951141, 69.774704,13.727973, 246.141113, 1.056888
5, 116,28,139.483826, 139.338226, 128.951141, 69.774704,13.727973, 246.141113, 1.001045
5, 116,29,192.242249, 192.474396, 128.951141, 69.774704,13.727973, 246.141113, 0.998794
5, 116,30,23.660406, 23.244713, 128.951141, 69.774704,13.727973, 246.141113, 1.017883
5, 116,31,14.168255, 14.225123, 128.951141, 69.774704,13.727973, 246.141113, 0.996002
5, 117,0,179.955383, 179.832809, 129.154343, 85.872597,10.574354, 284.446320, 1.000682
5, 117,1,99.956581, 98.274117, 129.154343, 85.872597,10.574354, 284.446320, 1.017120
5, 117,2,85.327187, 85.783447, 129.154343, 85.872597,10.574354, 284.446320, 0.994681
5, 117,3,282.788910, 280.589233, 129.154343, 85.872597,10.574354, 284.446320, 1.007839
5, 117,4,105.929237, 104.015793, 129.154343, 85.872597,10.574354, 284.446320, 1.018396
5, 117,5,210.469604, 208.952530, 129.154343, 85.872597,10.574354, 284.446320, 1.007260
5, 117,6,10.574354, 10.075548, 129.154343, 85.872597,10.574354, 284.446320, 1.049507
5, 117,7,21.837662, 20.795029, 129.154343, 85.872597,10.574354, 284.446320, 1.050139
5, 117,8,123.423294, 122.735008, 129.154343, 85.872597,10.574354, 284.446320, 1.005608
5, 117,9,22.703606, 22.079350, 129.154343, 85.872597,10.574354, 284.446320, 1.028273
5, 117,10,222.415863, 224.112579, 129.154343, 85.872597,10.574354, 284.446320, 0.992429
5, 117,11,160.500565, 158.922699, 129.154343, 85.872597,10.574354, 284.446320, 1.009928
5, 117,12,72.053650, 71.513191, 129.154343, 85.872597,10.574354, 284.446320, 1.007558
5, 117,13,52.452816, 51.660748, 129.154343, 85.872597,10.574354, 284.446320, 1.015332
5, 117,14,86.199860, 86.967041, 129.154343, 85.872597,10.574354, 284.446320, 0.991178
5, 117,15,53.319107, 52.080460, 129.154343, 85.872597,10.574354, 284.446320, 1.023783
5, 117,16,85.986679, 86.413010, 129.154343, 85.872597,10.574354, 284.446320, 0.995066
5, 117,17,176.126678, 178.691193, 129.154343, 85.872597,10.574354, 284.446320, 0.985648
5, 117,18,49.982479, 50.880081, 129.154343, 85.872597,10.574354, 284.446320, 0.982358
5, 117,19,120.050766, 120.846298, 129.154343, 85.872597,10.574354, 284.446320, 0.993417
5, 117,20,38.848610, 37.810207, 129.154343, 85.872597,10.574354, 284.446320, 1.027464
5, 117,21,284.446320, 283.904938, 129.154343, 85.872597,10.574354, 284.446320, 1.001907
5, 117,22,211.585526, 209.985016, 129.154343, 85.872597,10.574354, 284.446320, 1.007622
5, 117,23,186.605728, 186.128510, 129.154343, 85.872597,10.574354, 284.446320, 1.002564
5, 117,24,15.618290, 15.582188, 129.154343, 85.872597,10.574354, 284.446320, 1.002317
5, 117,25,202.910110, 202.035645, 129.154343, 85.872597,10.574354, 284.446320, 1.004328
5, 117,26,59.277779, 59.349895, 129.154343, 85.872597,10.574354, 284.446320, 0.998785
5, 117,27,226.094604, 226.311890, 129.154343, 85.872597,10.574354, 284.446320, 0.999040
5, 117,28,155.220001, 155.078125, 129.154343, 85.872597,10.574354, 284.446320, 1.000915
5, 117,29,277.884369, 278.272400, 129.154343, 85.872597,10.574354, 284.446320, 0.998606
5, 117,30,23.946903, 23.229364, 129.154343, 85.872597,10.574354, 284.446320, 1.030889
5, 117,31,228.446503, 228.091461, 129.154343, 85.872597,10.574354, 284.446320, 1.001557
5, 118,0,150.622345, 150.811890, 128.981644, 64.020920,9.903938, 255.896408, 0.998743
5, 118,1,91.046700, 91.217743, 128.981644, 64.020920,9.903938, 255.896408, 0.998125
5, 118,2,214.700562, 214.422089, 128.981644, 64.020920,9.903938, 255.896408, 1.001299
5, 118,3,65.973770, 65.731644, 128.981644, 64.020920,9.903938, 255.896408, 1.003684
5, 118,4,83.964088, 83.670502, 128.981644, 64.020920,9.903938, 255.896408, 1.003509
5, 118,5,212.949158, 213.137299, 128.981644, 64.020920,9.903938, 255.896408, 0.999117
5, 118,6,63.798534, 62.887287, 128.981644, 64.020920,9.903938, 255.896408, 1.014490
5, 118,7,216.531052, 215.359436, 128.981644, 64.020920,9.903938, 255.896408, 1.005440
5, 118,8,66.934471, 66.192238, 128.981644, 64.020920,9.903938, 255.896408, 1.011213
5, 118,9,157.444962, 157.130905, 128.981644, 64.020920,9.903938, 255.896408, 1.001999
5, 118,10,176.591476, 176.087906, 128.981644, 64.020920,9.903938, 255.896408, 1.002860
5, 118,11,122.536362, 121.390572, 128.981644, 64.020920,9.903938, 255.896408, 1.009439
5, 118,12,162.544235, 161.987320, 128.981644, 64.020920,9.903938, 255.896408, 1.003438
5, 118,13,99.101822, 99.702339, 128.981644, 64.020920,9.903938, 255.896408, 0.993977
5, 118,14,114.648476, 114.126144, 128.981644, 64.020920,9.903938, 255.896408, 1.004577
5, 118,15,171.847763, 172.774872, 128.981644, 64.020920,9.903938, 255.896408, 0.994634
5, 118,16,9.903938, 10.557559, 128.981644, 64.020920,9.903938, 255.896408, 0.938090
5, 118,17,160.490494, 159.538910, 128.981644, 64.020920,9.903938, 255.896408, 1.005965
5, 118,18,158.940094, 158.698532, 128.981644, 64.020920,9.903938, 255.896408, 1.001522
5, 118,19,126.265602, 126.513649, 128.981644, 64.020920,9.903938, 255.896408, 0.998039
5, 118,20,255.896408, 255.697601, 128.981644, 64.020920,9.903938, 255.896408, 1.000777
5, 118,21,118.070015, 117.132111, 128.981644, 64.020920,9.903938, 255.896408, 1.008007
5, 118,22,200.670166, 201.517426, 128.981644, 64.020920,9.903938, 255.896408, 0.995796
5, 118,23,92.161911, 92.462151, 128.981644, 64.020920,9.903938, 255.896408, 0.996753
5, 118,24,22.026901, 21.328949, 128.981644, 64.020920,9.903938, 255.896408, 1.032723
5, 118,25,136.154633, 136.113342, 128.981644, 64.020920,9.903938, 255.896408, 1.000303
5, 118,26,128.824158, 128.848938, 128.981644, 64.020920,9.903938, 255.896408, 0.999808
5, 118,27,207.667511, 207.181915, 128.981644, 64.020920,9.903938, 255.896408, 1.002344
5, 118,28,174.119522, 173.720291, 128.981644, 64.020920,9.903938, 255.896408, 1.002298
5, 118,29,12.144738, 12.230236, 128.981644, 64.020920,9.903938, 255.896408, 0.993009
5, 118,30,121.797363, 121.729950, 128.981644, 64.020920,9.903938, 255.896408, 1.000554
5, 118,31,31.043430, 31.098351, 128.981644, 64.020920,9.903938, 255.896408, 0.998234
5, 119,0,262.449097, 262.218567, 128.979584, 76.838882,14.279586, 262.449097, 1.000879
5, 119,1,166.598343, 167.281433, 128.979584, 76.838882,14.279586, 262.449097, 0.995917
5, 119,2,216.708847, 216.290817, 128.979584, 76.838882,14.279586, 262.449097, 1.001933
5, 119,3,157.917084, 158.172714, 128.979584, 76.838882,14.279586, 262.449097, 0.998384
5, 119,4,215.614304, 216.290817, 128.979584, 76.838882,14.279586, 262.449097, 0.996872
5, 119,5,68.433533, 70.375259, 128.979584, 76.838882,14.279586, 262.449097, 0.972409
5, 119,6,201.445038, 203.428162, 128.979584, 76.838882,14.279586, 262.449097, 0.990251
5, 119,7,197.232468, 196.192398, 128.979584, 76.838882,14.279586, 262.449097, 1.005301
5, 119,8,219.228638, 215.114197, 128.979584, 76.838882,14.279586, 262.449097, 1.019127
5, 119,9,189.187637, 188.628494, 128.979584, 76.838882,14.279586, 262.449097, 1.002964
5, 119,10,242.309860, 242.688477, 128.979584, 76.838882,14.279586, 262.449097, 0.998440
5, 119,11,92.729752, 91.522202, 128.979584, 76.838882,14.279586, 262.449097, 1.013194
5, 119,12,52.800934, 51.805645, 128.979584, 76.838882,14.279586, 262.449097, 1.019212
5, 119,13,14.279586, 14.794483, 128.979584, 76.838882,14.279586, 262.449097, 0.965197
5, 119,14,124.756126, 124.955521, 128.979584, 76.838882,14.279586, 262.449097, 0.998404
5, 119,15,25.219761, 24.951740, 128.979584, 76.838882,14.279586, 262.449097, 1.010742
5, 119,16,129.641556, 130.326294, 128.979584, 76.838882,14.279586, 262.449097, 0.994746
5, 119,17,88.294960, 88.064415, 128.979584, 76.838882,14.279586, 262.449097, 1.002618
5, 119,18,192.287308, 192.222351, 128.979584, 76.838882,14.279586, 262.449097, 1.000338
5, 119,19,41.728016, 42.256702, 128.979584, 76.838882,14.279586, 262.449097, 0.987489
5, 119,20,115.069267, 114.141922, 128.979584, 76.838882,14.279586, 262.449097, 1.008124
5, 119,21,47.781658, 48.355862, 128.979584, 76.838882,14.279586, 262.449097, 0.988125
5, 119,22,259.378601, 257.015869, 128.979584, 76.838882,14.279586, 262.449097, 1.009193
5, 119,23,181.851974, 181.472794, 128.979584, 76.838882,14.279586, 262.449097, 1.002090
5, 119,24,19.478874, 19.949150, 128.979584, 76.838882,14.279586, 262.449097, 0.976426
5, 119,25,109.341080, 108.995255, 128.979584, 76.838882,14.279586, 262.449097, 1.003173
5, 119,26,69.908997, 69.326714, 128.979584, 76.838882,14.279586, 262.449097, 1.008399
5, 119,27,154.490829, 153.842468, 128.979584, 76.838882,14.279586, 262.449097, 1.004214
5, 119,28,27.510839, 27.168890, 128.979584, 76.838882,14.279586, 262.449097, 1.012586
5, 119,29,85.517380, 87.392067, 128.979584, 76.838882,14.279586, 262.449097, 0.978549
5, 119,30,29.219536, 27.953295, 128.979584, 76.838882,14.279586, 262.449097, 1.045298
5, 119,31,128.935120, 127.804993, 128.979584, 76.838882,14.279586, 262.449097, 1.008843
5, 120,0,105.928017, 105.366844, 128.561111, 61.566151,9.818678, 219.035980, 1.005326
5, 120,1,192.024811, 191.896469, 128.561111, 61.566151,9.818678, 219.035980, 1.000669
5, 120,2,146.081238, 147.480118, 128.561111, 61.566151,9.818678, 219.035980, 0.990515
5, 120,3,83.176132, 83.599548, 128.561111, 61.566151,9.818678, 219.035980, 0.994935
5, 120,4,61.590195, 60.483295, 128.561111, 61.566151,9.818678, 219.035980, 1.018301
5, 120,5,65.787910, 66.076462, 128.561111, 61.566151,9.818678, 219.035980, 0.995633
5, 120,6,100.543587, 100.662003, 128.561111, 61.566151,9.818678, 219.035980, 0.998824
5, 120,7,153.570526, 154.790726, 128.561111, 61.566151,9.818678, 219.035980, 0.992117
5, 120,8,200.015213, 200.029602, 128.561111, 61.566151,9.818678, 219.035980, 0.999928
5, 120,9,92.860199, 92.831558, 128.561111, 61.566151,9.818678, 219.035980, 1.000309
5, 120,10,207.598663, 207.478394, 128.561111, 61.566151,9.818678, 219.035980, 1.000580
5, 120,11,94.831947, 93.838333, 128.561111, 61.566151,9.818678, 219.035980, 1.010589
5, 120,12,159.284149, 160.680008, 128.561111, 61.566151,9.818678, 219.035980, 0.991313
5, 120,13,69.784996, 71.018204, 128.561111, 61.566151,9.818678, 219.035980, 0.982635
5, 120,14,93.818352, 93.213211, 128.561111, 61.566151,9.818678, 219.035980, 1.006492
5, 120,15,185.973648, 186.132217, 128.561111, 61.566151,9.818678, 219.035980, 0.999148
5, 120,16,200.109711, 201.115326, 128.561111, 61.566151,9.818678, 219.035980, 0.995000
5, 120,17,84.572510, 84.685272, 128.561111, 61.566151,9.818678, 219.035980, 0.998668
5, 120,18,50.975029, 52.027737, 128.561111, 61.566151,9.818678, 219.035980, 0.979766
5, 120,19,175.592072, 174.235214, 128.561111, 61.566151,9.818678, 219.035980, 1.007787
5, 120,20,187.969513, 188.764297, 128.561111, 61.566151,9.818678, 219.035980, 0.995790
5, 120,21,119.179321, 119.764328, 128.561111, 61.566151,9.818678, 219.035980, 0.995115
5, 120,22,176.450867, 175.492035, 128.561111, 61.566151,9.818678, 219.035980, 1.005464
5, 120,23,174.461151, 174.366821, 128.561111, 61.566151,9.818678, 219.035980, 1.000541
5, 120,24,219.035980, 219.335922, 128.561111, 61.566151,9.818678, 219.035980, 0.998632
5, 120,25,171.973373, 173.083679, 128.561111, 61.566151,9.818678, 219.035980, 0.993585
5, 120,26,158.861618, 160.337830, 128.561111, 61.566151,9.818678, 219.035980, 0.990793
5, 120,27,201.603760, 201.957596, 128.561111, 61.566151,9.818678, 219.035980, 0.998248
5, 120,28,19.271076, 18.830629, 128.561111, 61.566151,9.818678, 219.035980, 1.023390
5, 120,29,133.971771, 132.668091, 128.561111, 61.566151,9.818678, 219.035980, 1.009827
5, 120,30,17.239689, 17.883080, 128.561111, 61.566151,9.818678, 219.035980, 0.964022
5, 120,31,9.818678, 10.875167, 128.561111, 61.566151,9.818678, 219.035980, 0.902853
5, 121,0,211.222183, 212.759445, 128.774567, 60.663460,15.026147, 215.428040, 0.992775
5, 121,1,112.873657, 112.663956, 128.774567, 60.663460,15.026147, 215.428040, 1.001861
5, 121,2,76.612724, 76.468971, 128.774567, 60.663460,15.026147, 215.428040, 1.001880
5, 121,3,201.171844, 201.606934, 128.774567, 60.663460,15.026147, 215.428040, 0.997842
5, 121,4,207.326965, 208.170013, 128.774567, 60.663460,15.026147, 215.428040, 0.995950
5, 121,5,73.078842, 73.278687, 128.774567, 60.663460,15.026147, 215.428040, 0.997273
5, 121,6,57.152351, 56.901386, 128.774567, 60.663460,15.026147, 215.428040, 1.004411
5, 121,7,15.026147, 14.657019, 128.774567, 60.663460,15.026147, 215.428040, 1.025184
5, 121,8,161.653687, 160.207443, 128.774567, 60.663460,15.026147, 215.428040, 1.009027
5, 121,9,100.407051, 100.889595, 128.774567, 60.663460,15.026147, 215.428040, 0.995217
5, 121,10,170.358704, 171.069321, 128.774567, 60.663460,15.026147, 215.428040, 0.995846
5, 121,11,201.728699, 201.120270, 128.774567, 60.663460,15.026147, 215.428040, 1.003025
5, 121,12,191.827499, 191.062744, 128.774567, 60.663460,15.026147, 215.428040, 1.004003
5, 121,13,121.889900, 122.329468, 128.774567, 60.663460,15.026147, 215.428040, 0.996407
5, 121,14,91.084679, 90.473831, 128.774567, 60.663460,15.026147, 215.428040, 1.006752
5, 121,15,178.745178, 178.950439, 128.774567, 60.663460,15.026147, 215.428040, 0.998853
5, 121,16,215.428040, 215.888901, 128.774567, 60.663460,15.026147, 215.428040, 0.997865
5, 121,17,17.004229, 15.887175, 128.774567, 60.663460,15.026147, 215.428040, 1.070312
5, 121,18,91.487114, 90.845581, 128.774567, 60.663460,15.026147, 215.428040, 1.007062
5, 121,19,165.590256, 164.411606, 128.774567, 60.663460,15.026147, 215.428040, 1.007169
5, 121,20,109.521965, 109.831886, 128.774567, 60.663460,15.026147, 215.428040, 0.997178
5, 121,21,22.360949, 23.862911, 128.774567, 60.663460,15.026147, 215.428040, 0.937059
5, 121,22,172.606125, 174.279892, 128.774567, 60.663460,15.026147, 215.428040, 0.990396
5, 121,23,69.351707, 68.303986, 128.774567, 60.663460,15.026147, 215.428040, 1.015339
5, 121,24,58.065254, 57.144714, 128.774567, 60.663460,15.026147, 215.428040, 1.016109
5, 121,25,176.247498, 175.888550, 128.774567, 60.663460,15.026147, 215.428040, 1.002041
5, 121,26,166.723068, 165.918884, 128.774567, 60.663460,15.026147, 215.428040, 1.004847
5, 121,27,118.791565, 119.416283, 128.774567, 60.663460,15.026147, 215.428040, 0.994769
5, 121,28,147.834320, 148.027557, 128.774567, 60.663460,15.026147, 215.428040, 0.998695
5, 121,29,196.332382, 197.112137, 128.774567, 60.663460,15.026147, 215.428040, 0.996044
5, 121,30,127.639587, 127.750252, 128.774567, 60.663460,15.026147, 215.428040, 0.999134
5, 121,31,93.641930, 93.819588, 128.774567, 60.663460,15.026147, 215.428040, 0.998106
5, 122,0,177.328308, 178.035950, 128.465500, 62.954483,14.223758, 239.043716, 0.996025
5, 122,1,163.443039, 163.454407, 128.465500, 62.954483,14.223758, 239.043716, 0.999930
5, 122,2,103.455986, 103.376747, 128.465500, 62.954483,14.223758, 239.043716, 1.000767
5, 122,3,122.955444, 123.613655, 128.465500, 62.954483,14.223758, 239.043716, 0.994675
5, 122,4,228.398758, 228.568420, 128.465500, 62.954483,14.223758, 239.043716, 0.999258
5, 122,5,14.223758, 14.002363, 128.465500, 62.954483,14.223758, 239.043716, 1.015811
5, 122,6,63.191841, 63.191334, 128.465500, 62.954483,14.223758, 239.043716, 1.000008
5, 122,7,156.122681, 159.881119, 128.465500, 62.954483,14.223758, 239.043716, 0.976492
5, 122,8,180.924515, 182.221191, 128.465500, 62.954483,14.223758, 239.043716, 0.992884
5, 122,9,76.500404, 75.979202, 128.465500, 62.954483,14.223758, 239.043716, 1.006860
5, 122,10,239.043716, 238.521576, 128.465500, 62.954483,14.223758, 239.043716, 1.002189
5, 122,11,235.684082, 234.181580, 128.465500, 62.954483,14.223758, 239.043716, 1.006416
5, 122,12,20.769676, 20.818340, 128.465500, 62.954483,14.223758, 239.043716, 0.997662
5, 122,13,89.707840, 89.836243, 128.465500, 62.954483,14.223758, 239.043716, 0.998571
5, 122,14,160.088211, 160.739258, 128.465500, 62.954483,14.223758, 239.043716, 0.995950
5, 122,15,77.751205, 77.871353, 128.465500, 62.954483,14.223758, 239.043716, 0.998457
5, 122,16,156.957489, 157.405136, 128.465500, 62.954483,14.223758, 239.043716, 0.997156
5, 122,17,108.661682, 110.319344, 128.465500, 62.954483,14.223758, 239.043716, 0.984974
5, 122,18,46.672951, 47.871220, 128.465500, 62.954483,14.223758, 239.043716, 0.974969
5, 122,19,79.185699, 79.559517, 128.465500, 62.954483,14.223758, 239.043716, 0.995301
5, 122,20,99.572800, 101.083656, 128.465500, 62.954483,14.223758, 239.043716, 0.985053
5, 122,21,161.721664, 161.597412, 128.465500, 62.954483,14.223758, 239.043716, 1.000769
5, 122,22,139.316742, 139.531662, 128.465500, 62.954483,14.223758, 239.043716, 0.998460
5, 122,23,82.984879, 82.387207, 128.465500, 62.954483,14.223758, 239.043716, 1.007254
5, 122,24,135.498444, 134.818863, 128.465500, 62.954483,14.223758, 239.043716, 1.005041
5, 122,25,73.060608, 72.834991, 128.465500, 62.954483,14.223758, 239.043716, 1.003098
5, 122,26,179.580124, 181.658463, 128.465500, 62.954483,14.223758, 239.043716, 0.988559
5, 122,27,36.663616, 36.469055, 128.465500, 62.954483,14.223758, 239.043716, 1.005335
5, 122,28,193.161011, 193.644470, 128.465500, 62.954483,14.223758, 239.043716, 0.997503
5, 122,29,106.826065, 106.563164, 128.465500, 62.954483,14.223758, 239.043716, 1.002467
5, 122,30,222.838013, 220.957596, 128.465500, 62.954483,14.223758, 239.043716, 1.008510
5, 122,31,178.605057, 180.005478, 128.465500, 62.954483,14.223758, 239.043716, 0.992220
5, 123,0,153.411957, 152.344330, 128.565933, 65.749985,13.906856, 231.783264, 1.007008
5, 123,1,108.053955, 107.818687, 128.565933, 65.749985,13.906856, 231.783264, 1.002182
5, 123,2,63.388077, 63.627113, 128.565933, 65.749985,13.906856, 231.783264, 0.996243
5, 123,3,146.182205, 146.883438, 128.565933, 65.749985,13.906856, 231.783264, 0.995226
5, 123,4,117.104912, 117.431473, 128.565933, 65.749985,13.906856, 231.783264, 0.997219
5, 123,5,106.742783, 109.734428, 128.565933, 65.749985,13.906856, 231.783264, 0.972737
5, 123,6,178.516083, 178.251144, 128.565933, 65.749985,13.906856, 231.783264, 1.001486
5, 123,7,230.894104, 229.458008, 128.565933, 65.749985,13.906856, 231.783264, 1.006259
5, 123,8,25.882965, 25.414558, 128.565933, 65.749985,13.906856, 231.783264, 1.018431
5, 123,9,82.379478, 81.427818, 128.565933, 65.749985,13.906856, 231.783264, 1.011687
5, 123,10,16.344284, 17.806133, 128.565933, 65.749985,13.906856, 231.783264, 0.917902
5, 123,11,231.783264, 230.869247, 128.565933, 65.749985,13.906856, 231.783264, 1.003959
5, 123,12,193.928619, 194.272461, 128.565933, 65.749985,13.906856, 231.783264, 0.998230
5, 123,13,175.510178, 174.712830, 128.565933, 65.749985,13.906856, 231.783264, 1.004564
5, 123,14,164.004578, 165.836319, 128.565933, 65.749985,13.906856, 231.783264, 0.988955
5, 123,15,86.086792, 86.568283, 128.565933, 65.749985,13.906856, 231.783264, 0.994438
5, 123,16,115.000397, 115.767990, 128.565933, 65.749985,13.906856, 231.783264, 0.993370
5, 123,17,108.439133, 110.634346, 128.565933, 65.749985,13.906856, 231.783264, 0.980158
5, 123,18,56.295380, 56.523193, 128.565933, 65.749985,13.906856, 231.783264, 0.995970
5, 123,19,229.907593, 228.728531, 128.565933, 65.749985,13.906856, 231.783264, 1.005155
5, 123,20,164.841431, 166.743057, 128.565933, 65.749985,13.906856, 231.783264, 0.988595
5, 123,21,104.212379, 105.268913, 128.565933, 65.749985,13.906856, 231.783264, 0.989963
5, 123,22,29.561094, 28.305212, 128.565933, 65.749985,13.906856, 231.783264, 1.044369
5, 123,23,143.512970, 144.817703, 128.565933, 65.749985,13.906856, 231.783264, 0.990991
5, 123,24,42.782951, 41.435875, 128.565933, 65.749985,13.906856, 231.783264, 1.032510
5, 123,25,13.906856, 15.740406, 128.565933, 65.749985,13.906856, 231.783264, 0.883513
5, 123,26,229.356110, 227.610458, 128.565933, 65.749985,13.906856, 231.783264, 1.007669
5, 123,27,131.087677, 130.439438, 128.565933, 65.749985,13.906856, 231.783264, 1.004970
5, 123,28,109.662994, 111.097946, 128.565933, 65.749985,13.906856, 231.783264, 0.987084
5, 123,29,204.590012, 204.069336, 128.565933, 65.749985,13.906856, 231.783264, 1.002551
5, 123,30,165.920807, 167.554352, 128.565933, 65.749985,13.906856, 231.783264, 0.990251
5, 123,31,184.817703, 183.807480, 128.565933, 65.749985,13.906856, 231.783264, 1.005496
5, 124,0,198.024124, 198.564331, 128.831497, 62.577129,17.167686, 238.927032, 0.997279
5, 124,1,138.963760, 139.281113, 128.831497, 62.577129,17.167686, 238.927032, 0.997721
5, 124,2,185.482315, 186.361069, 128.831497, 62.577129,17.167686, 238.927032, 0.995285
5, 124,3,159.805527, 161.681320, 128.831497, 62.577129,17.167686, 238.927032, 0.988398
5, 124,4,124.333275, 124.302116, 128.831497, 62.577129,17.167686, 238.927032, 1.000251
5, 124,5,208.061096, 209.279022, 128.831497, 62.577129,17.167686, 238.927032, 0.994180
5, 124,6,59.620590, 59.661556, 128.831497, 62.577129,17.167686, 238.927032, 0.999313
5, 124,7,238.927032, 238.949387, 128.831497, 62.577129,17.167686, 238.927032, 0.999906
5, 124,8,17.167686, 17.212646, 128.831497, 62.577129,17.167686, 238.927032, 0.997388
5, 124,9,151.352631, 151.347748, 128.831497, 62.577129,17.167686, 238.927032, 1.000032
5, 124,10,207.271637, 208.020584, 128.831497, 62.577129,17.167686, 238.927032, 0.996400
5, 124,11,60.754601, 60.215263, 128.831497, 62.577129,17.167686, 238.927032, 1.008957
5, 124,12,126.793175, 126.711121, 128.831497, 62.577129,17.167686, 238.927032, 1.000648
5, 124,13,221.898575, 221.604538, 128.831497, 62.577129,17.167686, 238.927032, 1.001327
5, 124,14,31.642996, 31.206476, 128.831497, 62.577129,17.167686, 238.927032, 1.013988
5, 124,15,97.935852, 97.134239, 128.831497, 62.577129,17.167686, 238.927032, 1.008253
5, 124,16,79.859230, 79.480156, 128.831497, 62.577129,17.167686, 238.927032, 1.004769
5, 124,17,182.307922, 182.427551, 128.831497, 62.577129,17.167686, 238.927032, 0.999344
5, 124,18,191.434250, 191.100006, 128.831497, 62.577129,17.167686, 238.927032, 1.001749
5, 124,19,49.607487, 48.616066, 128.831497, 62.577129,17.167686, 238.927032, 1.020393
5, 124,20,85.427475, 84.384460, 128.831497, 62.577129,17.167686, 238.927032, 1.012360
5, 124,21,195.151260, 194.314392, 128.831497, 62.577129,17.167686, 238.927032, 1.004307
5, 124,22,82.859146, 83.449623, 128.831497, 62.577129,17.167686, 238.927032, 0.992924
5, 124,23,93.314941, 92.826782, 128.831497, 62.577129,17.167686, 238.927032, 1.005259
5, 124,24,150.557587, 151.505936, 128.831497, 62.577129,17.167686, 238.927032, 0.993740
5, 124,25,125.269142, 124.985268, 128.831497, 62.577129,17.167686, 238.927032, 1.002271
5, 124,26,58.314819, 57.784679, 128.831497, 62.577129,17.167686, 238.927032, 1.009174
5, 124,27,149.067871, 147.730621, 128.831497, 62.577129,17.167686, 238.927032, 1.009052
5, 124,28,102.731438, 101.355400, 128.831497, 62.577129,17.167686, 238.927032, 1.013576
5, 124,29,21.373692, 22.418983, 128.831497, 62.577129,17.167686, 238.927032, 0.953375
5, 124,30,145.404602, 145.652420, 128.831497, 62.577129,17.167686, 238.927032, 0.998299
5, 124,31,181.892212, 181.435196, 128.831497, 62.577129,17.167686, 238.927032, 1.002519
5, 125,0,206.307037, 205.788940, 128.788757, 75.018257,18.806194, 259.165405, 1.002518
5, 125,1,148.054581, 146.717316, 128.788757, 75.018257,18.806194, 259.165405, 1.009115
5, 125,2,142.360107, 142.248871, 128.788757, 75.018257,18.806194, 259.165405, 1.000782
5, 125,3,18.806194, 19.058664, 128.788757, 75.018257,18.806194, 259.165405, 0.986753
5, 125,4,223.740173, 224.385834, 128.788757, 75.018257,18.806194, 259.165405, 0.997123
5, 125,5,201.750244, 201.830536, 128.788757, 75.018257,18.806194, 259.165405, 0.999602
5, 125,6,57.216797, 57.820610, 128.788757, 75.018257,18.806194, 259.165405, 0.989557
5, 125,7,35.691502, 35.859062, 128.788757, 75.018257,18.806194, 259.165405, 0.995327
5, 125,8,117.783531, 116.062485, 128.788757, 75.018257,18.806194, 259.165405, 1.014829
5, 125,9,259.165405, 258.702179, 128.788757, 75.018257,18.806194, 259.165405, 1.001791
5, 125,10,21.142227, 21.624016, 128.788757, 75.018257,18.806194, 259.165405, 0.977720
5, 125,11,253.975800, 254.241379, 128.788757, 75.018257,18.806194, 259.165405, 0.998955
5, 125,12,87.623688, 86.945358, 128.788757, 75.018257,18.806194, 259.165405, 1.007802
5, 125,13,91.245232, 91.763962, 128.788757, 75.018257,18.806194, 259.165405, 0.994347
5, 125,14,156.323654, 155.547623, 128.788757, 75.018257,18.806194, 259.165405, 1.004989
5, 125,15,102.003685, 102.048210, 128.788757, 75.018257,18.806194, 259.165405, 0.999564
5, 125,16,104.057602, 103.174835, 128.788757, 75.018257,18.806194, 259.165405, 1.008556
5, 125,17,189.808289, 189.529022, 128.788757, 75.018257,18.806194, 259.165405, 1.001473
5, 125,18,203.844864, 202.881027, 128.788757, 75.018257,18.806194, 259.165405, 1.004751
5, 125,19,88.228149, 90.370903, 128.788757, 75.018257,18.806194, 259.165405, 0.976289
5, 125,20,32.093475, 32.235596, 128.788757, 75.018257,18.806194, 259.165405, 0.995591
5, 125,21,112.746315, 114.638985, 128.788757, 75.018257,18.806194, 259.165405, 0.983490
5, 125,22,115.441963, 114.136574, 128.788757, 75.018257,18.806194, 259.165405, 1.011437
5, 125,23,88.314888, 87.150894, 128.788757, 75.018257,18.806194, 259.165405, 1.013356
5, 125,24,237.216766, 238.803589, 128.788757, 75.018257,18.806194, 259.165405, 0.993355
5, 125,25,239.075668, 239.595261, 128.788757, 75.018257,18.806194, 259.165405, 0.997831
5, 125,26,233.463226, 233.969757, 128.788757, 75.018257,18.806194, 259.165405, 0.997835
5, 125,27,34.030651, 34.899910, 128.788757, 75.018257,18.806194, 259.165405, 0.975093
5, 125,28,87.018311, 86.206963, 128.788757, 75.018257,18.806194, 259.165405, 1.009412
5, 125,29,39.281601, 37.647957, 128.788757, 75.018257,18.806194, 259.165405, 1.043393
5, 125,30,98.347412, 99.018494, 128.788757, 75.018257,18.806194, 259.165405, 0.993223
5, 125,31,95.080986, 96.095367, 128.788757, 75.018257,18.806194, 259.165405, 0.989444
5, 126,0,130.823563, 130.902237, 128.960724, 61.057125,16.827114, 217.271683, 0.999399
5, 126,1,174.115097, 174.501587, 128.960724, 61.057125,16.827114, 217.271683, 0.997785
5, 126,2,190.139130, 190.316666, 128.960724, 61.057125,16.827114, 217.271683, 0.999067
5, 126,3,69.824799, 68.341782, 128.960724, 61.057125,16.827114, 217.271683, 1.021700
5, 126,4,96.949020, 97.656563, 128.960724, 61.057125,16.827114, 217.271683, 0.992755
5, 126,5,20.890490, 21.086246, 128.960724, 61.057125,16.827114, 217.271683, 0.990716
5, 126,6,102.633453, 104.399879, 128.960724, 61.057125,16.827114, 217.271683, 0.983080
5, 126,7,95.957848, 94.726395, 128.960724, 61.057125,16.827114, 217.271683, 1.013000
5, 126,8,106.691460, 106.924538, 128.960724, 61.057125,16.827114, 217.271683, 0.997820
5, 126,9,44.683506, 44.906963, 128.960724, 61.057125,16.827114, 217.271683, 0.995024
5, 126,10,214.299896, 213.359055, 128.960724, 61.057125,16.827114, 217.271683, 1.004410
5, 126,11,149.372116, 149.588593, 128.960724, 61.057125,16.827114, 217.271683, 0.998553
5, 126,12,101.754845, 100.200844, 128.960724, 61.057125,16.827114, 217.271683, 1.015509
5, 126,13,182.084259, 182.978149, 128.960724, 61.057125,16.827114, 217.271683, 0.995115
5, 126,14,28.411461, 28.542482, 128.960724, 61.057125,16.827114, 217.271683, 0.995410
5, 126,15,197.372223, 195.405228, 128.960724, 61.057125,16.827114, 217.271683, 1.010066
5, 126,16,93.465660, 92.620338, 128.960724, 61.057125,16.827114, 217.271683, 1.009127
5, 126,17,145.363647, 146.377182, 128.960724, 61.057125,16.827114, 217.271683, 0.993076
5, 126,18,183.121338, 182.853882, 128.960724, 61.057125,16.827114, 217.271683, 1.001463
5, 126,19,214.133469, 213.914993, 128.960724, 61.057125,16.827114, 217.271683, 1.001021
5, 126,20,177.736359, 177.183212, 128.960724, 61.057125,16.827114, 217.271683, 1.003122
5, 126,21,76.581543, 77.328514, 128.960724, 61.057125,16.827114, 217.271683, 0.990340
5, 126,22,166.454605, 164.703842, 128.960724, 61.057125,16.827114, 217.271683, 1.010630
5, 126,23,173.001877, 172.748718, 128.960724, 61.057125,16.827114, 217.271683, 1.001465
5, 126,24,116.479828, 115.773911, 128.960724, 61.057125,16.827114, 217.271683, 1.006097
5, 126,25,87.368515, 88.303566, 128.960724, 61.057125,16.827114, 217.271683, 0.989411
5, 126,26,50.680553, 49.151783, 128.960724, 61.057125,16.827114, 217.271683, 1.031103
5, 126,27,217.271683, 216.871323, 128.960724, 61.057125,16.827114, 217.271683, 1.001846
5, 126,28,184.658218, 184.816055, 128.960724, 61.057125,16.827114, 217.271683, 0.999146
5, 126,29,110.349579, 109.508057, 128.960724, 61.057125,16.827114, 217.271683, 1.007685
5, 126,30,16.827114, 17.587048, 128.960724, 61.057125,16.827114, 217.271683, 0.956790
5, 126,31,207.245712, 207.420227, 128.960724, 61.057125,16.827114, 217.271683, 0.999159
5, 127,0,121.635559, 119.044365, 128.634369, 52.509628,20.495560, 202.922607, 1.021767
5, 127,1,76.702934, 77.402802, 128.634369, 52.509628,20.495560, 202.922607, 0.990958
5, 127,2,135.149216, 135.362381, 128.634369, 52.509628,20.495560, 202.922607, 0.998425
5, 127,3,192.346664, 192.324234, 128.634369, 52.509628,20.495560, 202.922607, 1.000117
5, 127,4,185.289490, 188.210922, 128.634369, 52.509628,20.495560, 202.922607, 0.984478
5, 127,5,180.920090, 180.891953, 128.634369, 52.509628,20.495560, 202.922607, 1.000156
5, 127,6,190.979980, 190.888748, 128.634369, 52.509628,20.495560, 202.922607, 1.000478
5, 127,7,92.763695, 93.257362, 128.634369, 52.509628,20.495560, 202.922607, 0.994706
5, 127,8,161.765533, 161.336060, 128.634369, 52.509628,20.495560, 202.922607, 1.002662
5, 127,9,121.551041, 121.838051, 128.634369, 52.509628,20.495560, 202.922607, 0.997644
5, 127,10,114.442421, 115.156357, 128.634369, 52.509628,20.495560, 202.922607, 0.993800
5, 127,11,141.240158, 141.896042, 128.634369, 52.509628,20.495560, 202.922607, 0.995378
5, 127,12,198.471664, 198.838562, 128.634369, 52.509628,20.495560, 202.922607, 0.998155
5, 127,13,92.692215, 93.901070, 128.634369, 52.509628,20.495560, 202.922607, 0.987126
5, 127,14,149.232956, 150.006775, 128.634369, 52.509628,20.495560, 202.922607, 0.994841
5, 127,15,202.922607, 202.771637, 128.634369, 52.509628,20.495560, 202.922607, 1.000745
5, 127,16,97.556999, 97.126053, 128.634369, 52.509628,20.495560, 202.922607, 1.004437
5, 127,17,112.629967, 112.233910, 128.634369, 52.509628,20.495560, 202.922607, 1.003529
5, 127,18,34.057892, 32.961113, 128.634369, 52.509628,20.495560, 202.922607, 1.033275
5, 127,19,132.473923, 132.356262, 128.634369, 52.509628,20.495560, 202.922607, 1.000889
5, 127,20,20.495560, 21.123297, 128.634369, 52.509628,20.495560, 202.922607, 0.970282
5, 127,21,161.174667, 162.565536, 128.634369, 52.509628,20.495560, 202.922607, 0.991444
5, 127,22,157.728897, 158.381439, 128.634369, 52.509628,20.495560, 202.922607, 0.995880
5, 127,23,119.608269, 118.716072, 128.634369, 52.509628,20.495560, 202.922607, 1.007515
5, 127,24,39.437359, 39.147156, 128.634369, 52.509628,20.495560, 202.922607, 1.007413
5, 127,25,146.457230, 146.292587, 128.634369, 52.509628,20.495560, 202.922607, 1.001125
5, 127,26,188.264511, 186.479340, 128.634369, 52.509628,20.495560, 202.922607, 1.009573
5, 127,27,31.219919, 29.433584, 128.634369, 52.509628,20.495560, 202.922607, 1.060690
5, 127,28,100.129128, 101.554771, 128.634369, 52.509628,20.495560, 202.922607, 0.985962
5, 127,29,180.624252, 181.999146, 128.634369, 52.509628,20.495560, 202.922607, 0.992446
5, 127,30,168.037842, 169.060562, 128.634369, 52.509628,20.495560, 202.922607, 0.993951
5, 127,31,68.297592, 68.442368, 128.634369, 52.509628,20.495560, 202.922607, 0.997885
5, 128,0,123.253075, 122.486008, 129.209198, 70.814346,21.637066, 271.860291, 1.006263
5, 128,1,36.481766, 35.686161, 129.209198, 70.814346,21.637066, 271.860291, 1.022295
5, 128,2,107.847244, 103.819717, 129.209198, 70.814346,21.637066, 271.860291, 1.038793
5, 128,3,104.619118, 103.635628, 129.209198, 70.814346,21.637066, 271.860291, 1.009490
5, 128,4,214.068802, 215.769440, 129.209198, 70.814346,21.637066, 271.860291, 0.992118
5, 128,5,126.458740, 125.959930, 129.209198, 70.814346,21.637066, 271.860291, 1.003960
5, 128,6,142.625870, 141.136292, 129.209198, 70.814346,21.637066, 271.860291, 1.010554
5, 128,7,55.516365, 57.522198, 129.209198, 70.814346,21.637066, 271.860291, 0.965129
5, 128,8,74.173729, 71.065659, 129.209198, 70.814346,21.637066, 271.860291, 1.043735
5, 128,9,92.140182, 92.141289, 129.209198, 70.814346,21.637066, 271.860291, 0.999988
5, 128,10,90.774063, 89.555862, 129.209198, 70.814346,21.637066, 271.860291, 1.013603
5, 128,11,97.344185, 96.087456, 129.209198, 70.814346,21.637066, 271.860291, 1.013079
5, 128,12,193.280075, 193.765305, 129.209198, 70.814346,21.637066, 271.860291, 0.997496
5, 128,13,124.535286, 126.128014, 129.209198, 70.814346,21.637066, 271.860291, 0.987372
5, 128,14,150.675797, 150.629547, 129.209198, 70.814346,21.637066, 271.860291, 1.000307
5, 128,15,37.527607, 36.918839, 129.209198, 70.814346,21.637066, 271.860291, 1.016489
5, 128,16,257.992615, 257.784607, 129.209198, 70.814346,21.637066, 271.860291, 1.000807
5, 128,17,21.637066, 22.927128, 129.209198, 70.814346,21.637066, 271.860291, 0.943732
5, 128,18,162.612503, 161.339432, 129.209198, 70.814346,21.637066, 271.860291, 1.007891
5, 128,19,212.012573, 211.439056, 129.209198, 70.814346,21.637066, 271.860291, 1.002712
5, 128,20,135.204849, 135.301071, 129.209198, 70.814346,21.637066, 271.860291, 0.999289
5, 128,21,58.326126, 58.586781, 129.209198, 70.814346,21.637066, 271.860291, 0.995551
5, 128,22,271.860291, 271.608246, 129.209198, 70.814346,21.637066, 271.860291, 1.000928
5, 128,23,251.022247, 251.941376, 129.209198, 70.814346,21.637066, 271.860291, 0.996352
5, 128,24,26.147135, 27.385586, 129.209198, 70.814346,21.637066, 271.860291, 0.954777
5, 128,25,105.815971, 106.413147, 129.209198, 70.814346,21.637066, 271.860291, 0.994388
5, 128,26,88.970139, 87.554756, 129.209198, 70.814346,21.637066, 271.860291, 1.016166
5, 128,27,119.951996, 120.973175, 129.209198, 70.814346,21.637066, 271.860291, 0.991559
5, 128,28,164.690781, 162.836243, 129.209198, 70.814346,21.637066, 271.860291, 1.011389
5, 128,29,49.439091, 48.781380, 129.209198, 70.814346,21.637066, 271.860291, 1.013483
5, 128,30,226.239456, 222.981415, 129.209198, 70.814346,21.637066, 271.860291, 1.014611
5, 128,31,211.449478, 210.838715, 129.209198, 70.814346,21.637066, 271.860291, 1.002897
5, 129,0,110.300476, 110.713104, 128.455017, 47.832779,26.754387, 200.635742, 0.996273
5, 129,1,168.766586, 169.368607, 128.455017, 47.832779,26.754387, 200.635742, 0.996445
5, 129,2,82.748245, 83.020752, 128.455017, 47.832779,26.754387, 200.635742, 0.996718
5, 129,3,75.692764, 76.698036, 128.455017, 47.832779,26.754387, 200.635742, 0.986893
5, 129,4,163.163177, 164.021515, 128.455017, 47.832779,26.754387, 200.635742, 0.994767
5, 129,5,137.437881, 138.380432, 128.455017, 47.832779,26.754387, 200.635742, 0.993189
5, 129,6,129.045212, 129.018311, 128.455017, 47.832779,26.754387, 200.635742, 1.000208
5, 129,7,85.306229, 84.859406, 128.455017, 47.832779,26.754387, 200.635742, 1.005265
5, 129,8,95.155540, 95.353485, 128.455017, 47.832779,26.754387, 200.635742, 0.997924
5, 129,9,113.498901, 113.921364, 128.455017, 47.832779,26.754387, 200.635742, 0.996292
5, 129,10,139.146149, 138.505508, 128.455017, 47.832779,26.754387, 200.635742, 1.004625
5, 129,11,53.051289, 54.715515, 128.455017, 47.832779,26.754387, 200.635742, 0.969584
5, 129,12,155.610916, 155.947708, 128.455017, 47.832779,26.754387, 200.635742, 0.997840
5, 129,13,125.266640, 126.066467, 128.455017, 47.832779,26.754387, 200.635742, 0.993656
5, 129,14,26.754387, 26.579138, 128.455017, 47.832779,26.754387, 200.635742, 1.006593
5, 129,15,121.654320, 122.645576, 128.455017, 47.832779,26.754387, 200.635742, 0.991918
5, 129,16,190.063873, 189.362381, 128.455017, 47.832779,26.754387, 200.635742, 1.003705
5, 129,17,192.972122, 193.571274, 128.455017, 47.832779,26.754387, 200.635742, 0.996905
5, 129,18,164.762314, 166.541824, 128.455017, 47.832779,26.754387, 200.635742, 0.989315
5, 129,19,32.240948, 31.769890, 128.455017, 47.832779,26.754387, 200.635742, 1.014827
5, 129,20,119.802643, 118.993286, 128.455017, 47.832779,26.754387, 200.635742, 1.006802
5, 129,21,117.776840, 116.472961, 128.455017, 47.832779,26.754387, 200.635742, 1.011195
5, 129,22,90.588142, 90.925697, 128.455017, 47.832779,26.754387, 200.635742, 0.996288
5, 129,23,185.064606, 185.541245, 128.455017, 47.832779,26.754387, 200.635742, 0.997431
5, 129,24,192.710434, 194.271698, 128.455017, 47.832779,26.754387, 200.635742, 0.991964
5, 129,25,196.469360, 197.648819, 128.455017, 47.832779,26.754387, 200.635742, 0.994033
5, 129,26,143.174942, 143.564941, 128.455017, 47.832779,26.754387, 200.635742, 0.997283
5, 129,27,200.635742, 200.994659, 128.455017, 47.832779,26.754387, 200.635742, 0.998214
5, 129,28,130.958115, 130.919510, 128.455017, 47.832779,26.754387, 200.635742, 1.000295
5, 129,29,159.888855, 158.887039, 128.455017, 47.832779,26.754387, 200.635742, 1.006305
5, 129,30,144.703323, 146.166565, 128.455017, 47.832779,26.754387, 200.635742, 0.989989
5, 129,31,66.149475, 65.553558, 128.455017, 47.832779,26.754387, 200.635742, 1.009091
5, 130,0,76.808273, 75.412926, 128.892319, 57.439747,28.681145, 210.129715, 1.018503
5, 130,1,187.203888, 186.169052, 128.892319, 57.439747,28.681145, 210.129715, 1.005559
5, 130,2,111.673256, 111.858963, 128.892319, 57.439747,28.681145, 210.129715, 0.998340
5, 130,3,91.139229, 91.373741, 128.892319, 57.439747,28.681145, 210.129715, 0.997433
5, 130,4,47.614635, 48.042126, 128.892319, 57.439747,28.681145, 210.129715, 0.991102
5, 130,5,80.507286, 79.904373, 128.892319, 57.439747,28.681145, 210.129715, 1.007545
5, 130,6,111.603340, 111.436859, 128.892319, 57.439747,28.681145, 210.129715, 1.001494
5, 130,7,28.681145, 29.212326, 128.892319, 57.439747,28.681145, 210.129715, 0.981817
5, 130,8,31.596203, 30.096106, 128.892319, 57.439747,28.681145, 210.129715, 1.049844
5, 130,9,202.134445, 202.050720, 128.892319, 57.439747,28.681145, 210.129715, 1.000414
5, 130,10,94.364365, 94.295486, 128.892319, 57.439747,28.681145, 210.129715, 1.000730
5, 130,11,179.687347, 179.619843, 128.892319, 57.439747,28.681145, 210.129715, 1.000376
5, 130,12,163.457306, 163.764572, 128.892319, 57.439747,28.681145, 210.129715, 0.998124
5, 130,13,156.321289, 155.691818, 128.892319, 57.439747,28.681145, 210.129715, 1.004043
5, 130,14,190.348984, 189.697586, 128.892319, 57.439747,28.681145, 210.129715, 1.003434
5, 130,15,205.057480, 205.526474, 128.892319, 57.439747,28.681145, 210.129715, 0.997718
5, 130,16,119.615417, 119.285355, 128.892319, 57.439747,28.681145, 210.129715, 1.002767
5, 130,17,90.073181, 90.199753, 128.892319, 57.439747,28.681145, 210.129715, 0.998597
5, 130,18,200.169403, 199.920410, 128.892319, 57.439747,28.681145, 210.129715, 1.001245
5, 130,19,56.413563, 56.912903, 128.892319, 57.439747,28.681145, 210.129715, 0.991226
5, 130,20,139.777664, 139.275940, 128.892319, 57.439747,28.681145, 210.129715, 1.003602
5, 130,21,188.369827, 188.747833, 128.892319, 57.439747,28.681145, 210.129715, 0.997997
5, 130,22,190.755417, 192.296158, 128.892319, 57.439747,28.681145, 210.129715, 0.991988
5, 130,23,167.889465, 166.778641, 128.892319, 57.439747,28.681145, 210.129715, 1.006660
5, 130,24,152.711685, 153.601089, 128.892319, 57.439747,28.681145, 210.129715, 0.994210
5, 130,25,108.954689, 108.897644, 128.892319, 57.439747,28.681145, 210.129715, 1.000524
5, 130,26,150.599075, 151.167404, 128.892319, 57.439747,28.681145, 210.129715, 0.996240
5, 130,27,144.667709, 144.862228, 128.892319, 57.439747,28.681145, 210.129715, 0.998657
5, 130,28,159.111526, 159.273117, 128.892319, 57.439747,28.681145, 210.129715, 0.998985
5, 130,29,30.601072, 31.085413, 128.892319, 57.439747,28.681145, 210.129715, 0.984419
5, 130,30,210.129715, 209.483704, 128.892319, 57.439747,28.681145, 210.129715, 1.003084
5, 130,31,56.516521, 55.059601, 128.892319, 57.439747,28.681145, 210.129715, 1.026461
5, 131,0,217.031265, 215.761047, 128.829208, 65.867020,15.073689, 239.193466, 1.005887
5, 131,1,115.999046, 116.329437, 128.829208, 65.867020,15.073689, 239.193466, 0.997160
5, 131,2,67.804100, 66.986786, 128.829208, 65.867020,15.073689, 239.193466, 1.012201
5, 131,3,45.585651, 45.155735, 128.829208, 65.867020,15.073689, 239.193466, 1.009521
5, 131,4,104.121452, 103.555412, 128.829208, 65.867020,15.073689, 239.193466, 1.005466
5, 131,5,192.847351, 193.893784, 128.829208, 65.867020,15.073689, 239.193466, 0.994603
5, 131,6,174.667084, 174.156708, 128.829208, 65.867020,15.073689, 239.193466, 1.002931
5, 131,7,15.302043, 15.970388, 128.829208, 65.867020,15.073689, 239.193466, 0.958151
5, 131,8,126.889641, 127.052940, 128.829208, 65.867020,15.073689, 239.193466, 0.998715
5, 131,9,15.073689, 13.709756, 128.829208, 65.867020,15.073689, 239.193466, 1.099486
5, 131,10,48.882706, 50.024788, 128.829208, 65.867020,15.073689, 239.193466, 0.977170
5, 131,11,139.542221, 140.312424, 128.829208, 65.867020,15.073689, 239.193466, 0.994511
5, 131,12,102.455055, 101.700539, 128.829208, 65.867020,15.073689, 239.193466, 1.007419
5, 131,13,235.121246, 236.215424, 128.829208, 65.867020,15.073689, 239.193466, 0.995368
5, 131,14,123.802124, 123.379417, 128.829208, 65.867020,15.073689, 239.193466, 1.003426
5, 131,15,92.627518, 92.773933, 128.829208, 65.867020,15.073689, 239.193466, 0.998422
5, 131,16,137.929337, 138.986481, 128.829208, 65.867020,15.073689, 239.193466, 0.992394
5, 131,17,153.728455, 153.267593, 128.829208, 65.867020,15.073689, 239.193466, 1.003007
5, 131,18,196.624496, 196.900696, 128.829208, 65.867020,15.073689, 239.193466, 0.998597
5, 131,19,188.893082, 189.046448, 128.829208, 65.867020,15.073689, 239.193466, 0.999189
5, 131,20,239.193466, 239.352768, 128.829208, 65.867020,15.073689, 239.193466, 0.999334
5, 131,21,125.764816, 126.313896, 128.829208, 65.867020,15.073689, 239.193466, 0.995653
5, 131,22,115.754051, 116.112068, 128.829208, 65.867020,15.073689, 239.193466, 0.996917
5, 131,23,120.345398, 121.031837, 128.829208, 65.867020,15.073689, 239.193466, 0.994328
5, 131,24,198.941559, 198.980194, 128.829208, 65.867020,15.073689, 239.193466, 0.999806
5, 131,25,234.224579, 233.635971, 128.829208, 65.867020,15.073689, 239.193466, 1.002519
5, 131,26,177.550598, 177.272324, 128.829208, 65.867020,15.073689, 239.193466, 1.001570
5, 131,27,137.360748, 137.146088, 128.829208, 65.867020,15.073689, 239.193466, 1.001565
5, 131,28,15.262175, 16.064583, 128.829208, 65.867020,15.073689, 239.193466, 0.950051
5, 131,29,31.198490, 30.968817, 128.829208, 65.867020,15.073689, 239.193466, 1.007416
5, 131,30,95.406097, 94.418686, 128.829208, 65.867020,15.073689, 239.193466, 1.010458
5, 131,31,136.604904, 134.523193, 128.829208, 65.867020,15.073689, 239.193466, 1.015475
5, 132,0,148.728180, 149.217606, 128.848770, 67.682495,12.815913, 229.518448, 0.996720
5, 132,1,174.169159, 172.866577, 128.848770, 67.682495,12.815913, 229.518448, 1.007535
5, 132,2,208.824158, 210.712051, 128.848770, 67.682495,12.815913, 229.518448, 0.991040
5, 132,3,82.960297, 82.528252, 128.848770, 67.682495,12.815913, 229.518448, 1.005235
5, 132,4,161.056427, 161.947250, 128.848770, 67.682495,12.815913, 229.518448, 0.994499
5, 132,5,127.322998, 127.801155, 128.848770, 67.682495,12.815913, 229.518448, 0.996259
5, 132,6,229.518448, 227.763641, 128.848770, 67.682495,12.815913, 229.518448, 1.007704
5, 132,7,101.058723, 98.699699, 128.848770, 67.682495,12.815913, 229.518448, 1.023901
5, 132,8,69.892807, 69.440826, 128.848770, 67.682495,12.815913, 229.518448, 1.006509
5, 132,9,62.409653, 63.265614, 128.848770, 67.682495,12.815913, 229.518448, 0.986470
5, 132,10,55.020649, 55.809574, 128.848770, 67.682495,12.815913, 229.518448, 0.985864
5, 132,11,24.654747, 24.590084, 128.848770, 67.682495,12.815913, 229.518448, 1.002630
5, 132,12,87.249550, 87.472702, 128.848770, 67.682495,12.815913, 229.518448, 0.997449
5, 132,13,214.935455, 214.067993, 128.848770, 67.682495,12.815913, 229.518448, 1.004052
5, 132,14,212.566849, 212.830078, 128.848770, 67.682495,12.815913, 229.518448, 0.998763
5, 132,15,149.534546, 149.181824, 128.848770, 67.682495,12.815913, 229.518448, 1.002364
5, 132,16,35.162525, 33.813538, 128.848770, 67.682495,12.815913, 229.518448, 1.039895
5, 132,17,127.527573, 127.736755, 128.848770, 67.682495,12.815913, 229.518448, 0.998362
5, 132,18,12.815913, 12.533051, 128.848770, 67.682495,12.815913, 229.518448, 1.022569
5, 132,19,104.185829, 104.302467, 128.848770, 67.682495,12.815913, 229.518448, 0.998882
5, 132,20,204.247162, 204.815903, 128.848770, 67.682495,12.815913, 229.518448, 0.997223
5, 132,21,48.317062, 50.171032, 128.848770, 67.682495,12.815913, 229.518448, 0.963047
5, 132,22,119.425049, 119.078590, 128.848770, 67.682495,12.815913, 229.518448, 1.002910
5, 132,23,139.107147, 139.707916, 128.848770, 67.682495,12.815913, 229.518448, 0.995700
5, 132,24,42.015991, 41.362602, 128.848770, 67.682495,12.815913, 229.518448, 1.015797
5, 132,25,31.806202, 33.055054, 128.848770, 67.682495,12.815913, 229.518448, 0.962219
5, 132,26,215.465881, 213.173553, 128.848770, 67.682495,12.815913, 229.518448, 1.010753
5, 132,27,183.920761, 182.125793, 128.848770, 67.682495,12.815913, 229.518448, 1.009856
5, 132,28,159.841095, 160.451767, 128.848770, 67.682495,12.815913, 229.518448, 0.996194
5, 132,29,197.868393, 199.334793, 128.848770, 67.682495,12.815913, 229.518448, 0.992644
5, 132,30,217.523026, 217.767395, 128.848770, 67.682495,12.815913, 229.518448, 0.998878
5, 132,31,174.028564, 173.374603, 128.848770, 67.682495,12.815913, 229.518448, 1.003772
5, 133,0,71.660172, 74.964661, 128.515717, 64.557014,13.932456, 225.609070, 0.955919
5, 133,1,86.219421, 86.807587, 128.515717, 64.557014,13.932456, 225.609070, 0.993225
5, 133,2,46.076256, 46.564053, 128.515717, 64.557014,13.932456, 225.609070, 0.989524
5, 133,3,130.943878, 131.152618, 128.515717, 64.557014,13.932456, 225.609070, 0.998408
5, 133,4,28.727461, 28.740313, 128.515717, 64.557014,13.932456, 225.609070, 0.999553
5, 133,5,74.254738, 77.206642, 128.515717, 64.557014,13.932456, 225.609070, 0.961766
5, 133,6,13.932456, 14.220198, 128.515717, 64.557014,13.932456, 225.609070, 0.979765
5, 133,7,201.159622, 201.016678, 128.515717, 64.557014,13.932456, 225.609070, 1.000711
5, 133,8,99.024315, 100.259468, 128.515717, 64.557014,13.932456, 225.609070, 0.987680
5, 133,9,148.110733, 149.075287, 128.515717, 64.557014,13.932456, 225.609070, 0.993530
5, 133,10,87.731064, 87.645035, 128.515717, 64.557014,13.932456, 225.609070, 1.000982
5, 133,11,207.437515, 206.245758, 128.515717, 64.557014,13.932456, 225.609070, 1.005778
5, 133,12,18.740101, 19.567978, 128.515717, 64.557014,13.932456, 225.609070, 0.957692
5, 133,13,48.670540, 48.047718, 128.515717, 64.557014,13.932456, 225.609070, 1.012963
5, 133,14,225.609070, 225.249832, 128.515717, 64.557014,13.932456, 225.609070, 1.001595
5, 133,15,200.501816, 200.792480, 128.515717, 64.557014,13.932456, 225.609070, 0.998552
5, 133,16,161.745834, 161.327042, 128.515717, 64.557014,13.932456, 225.609070, 1.002596
5, 133,17,173.580322, 173.770020, 128.515717, 64.557014,13.932456, 225.609070, 0.998908
5, 133,18,168.360992, 167.208939, 128.515717, 64.557014,13.932456, 225.609070, 1.006890
5, 133,19,200.328506, 199.565979, 128.515717, 64.557014,13.932456, 225.609070, 1.003821
5, 133,20,73.543465, 73.652443, 128.515717, 64.557014,13.932456, 225.609070, 0.998520
5, 133,21,186.920792, 186.305344, 128.515717, 64.557014,13.932456, 225.609070, 1.003303
5, 133,22,78.049438, 77.978142, 128.515717, 64.557014,13.932456, 225.609070, 1.000914
5, 133,23,220.711304, 222.460556, 128.515717, 64.557014,13.932456, 225.609070, 0.992137
5, 133,24,209.992966, 209.701050, 128.515717, 64.557014,13.932456, 225.609070, 1.001392
5, 133,25,103.152092, 104.591759, 128.515717, 64.557014,13.932456, 225.609070, 0.986235
5, 133,26,194.098389, 195.009491, 128.515717, 64.557014,13.932456, 225.609070, 0.995328
5, 133,27,78.578003, 78.855156, 128.515717, 64.557014,13.932456, 225.609070, 0.996485
5, 133,28,116.303658, 116.401726, 128.515717, 64.557014,13.932456, 225.609070, 0.999157
5, 133,29,149.676559, 149.358826, 128.515717, 64.557014,13.932456, 225.609070, 1.002127
5, 133,30,138.256287, 138.564362, 128.515717, 64.557014,13.932456, 225.609070, 0.997777
5, 133,31,170.404922, 168.692612, 128.515717, 64.557014,13.932456, 225.609070, 1.010150
5, 134,0,57.839840, 58.302292, 128.800720, 70.997139,12.891650, 238.276428, 0.992068
5, 134,1,12.891650, 12.684629, 128.800720, 70.997139,12.891650, 238.276428, 1.016321
5, 134,2,167.748688, 167.488876, 128.800720, 70.997139,12.891650, 238.276428, 1.001551
5, 134,3,155.018082, 155.600815, 128.800720, 70.997139,12.891650, 238.276428, 0.996255
5, 134,4,187.253525, 185.713516, 128.800720, 70.997139,12.891650, 238.276428, 1.008292
5, 134,5,76.121529, 75.601669, 128.800720, 70.997139,12.891650, 238.276428, 1.006876
5, 134,6,231.328186, 230.076492, 128.800720, 70.997139,12.891650, 238.276428, 1.005440
5, 134,7,196.200684, 195.849213, 128.800720, 70.997139,12.891650, 238.276428, 1.001795
5, 134,8,111.231812, 109.927078, 128.800720, 70.997139,12.891650, 238.276428, 1.011869
5, 134,9,47.563976, 48.285751, 128.800720, 70.997139,12.891650, 238.276428, 0.985052
5, 134,10,56.077793, 57.236851, 128.800720, 70.997139,12.891650, 238.276428, 0.979750
5, 134,11,171.505722, 171.098755, 128.800720, 70.997139,12.891650, 238.276428, 1.002379
5, 134,12,223.730194, 224.609085, 128.800720, 70.997139,12.891650, 238.276428, 0.996087
5, 134,13,217.896713, 216.842590, 128.800720, 70.997139,12.891650, 238.276428, 1.004861
5, 134,14,16.822660, 16.764143, 128.800720, 70.997139,12.891650, 238.276428, 1.003491
5, 134,15,238.276428, 237.737839, 128.800720, 70.997139,12.891650, 238.276428, 1.002265
5, 134,16,70.715836, 71.010468, 128.800720, 70.997139,12.891650, 238.276428, 0.995851
5, 134,17,203.747711, 203.566635, 128.800720, 70.997139,12.891650, 238.276428, 1.000890
5, 134,18,187.040985, 187.269608, 128.800720, 70.997139,12.891650, 238.276428, 0.998779
5, 134,19,222.089828, 222.877762, 128.800720, 70.997139,12.891650, 238.276428, 0.996465
5, 134,20,94.472931, 93.882385, 128.800720, 70.997139,12.891650, 238.276428, 1.006290
5, 134,21,159.506760, 159.203690, 128.800720, 70.997139,12.891650, 238.276428, 1.001904
5, 134,22,140.204926, 140.376236, 128.800720, 70.997139,12.891650, 238.276428, 0.998780
5, 134,23,76.612465, 76.709167, 128.800720, 70.997139,12.891650, 238.276428, 0.998739
5, 134,24,198.563782, 198.323563, 128.800720, 70.997139,12.891650, 238.276428, 1.001211
5, 134,25,67.519707, 68.010422, 128.800720, 70.997139,12.891650, 238.276428, 0.992785
5, 134,26,20.146925, 20.787582, 128.800720, 70.997139,12.891650, 238.276428, 0.969181
5, 134,27,106.732689, 106.310181, 128.800720, 70.997139,12.891650, 238.276428, 1.003974
5, 134,28,110.069901, 110.487831, 128.800720, 70.997139,12.891650, 238.276428, 0.996217
5, 134,29,72.031929, 72.440399, 128.800720, 70.997139,12.891650, 238.276428, 0.994361
5, 134,30,174.585159, 175.094162, 128.800720, 70.997139,12.891650, 238.276428, 0.997093
5, 134,31,50.074203, 50.830193, 128.800720, 70.997139,12.891650, 238.276428, 0.985127
5, 135,0,244.496353, 243.686020, 128.906082, 76.891449,11.354302, 244.919968, 1.003325
5, 135,1,15.637901, 16.353706, 128.906082, 76.891449,11.354302, 244.919968, 0.956230
5, 135,2,149.663666, 149.391922, 128.906082, 76.891449,11.354302, 244.919968, 1.001819
5, 135,3,81.953033, 81.659019, 128.906082, 76.891449,11.354302, 244.919968, 1.003600
5, 135,4,167.910675, 168.130859, 128.906082, 76.891449,11.354302, 244.919968, 0.998690
5, 135,5,204.631012, 204.597244, 128.906082, 76.891449,11.354302, 244.919968, 1.000165
5, 135,6,227.731354, 229.802261, 128.906082, 76.891449,11.354302, 244.919968, 0.990988
5, 135,7,242.922729, 243.663528, 128.906082, 76.891449,11.354302, 244.919968, 0.996960
5, 135,8,49.158806, 49.598274, 128.906082, 76.891449,11.354302, 244.919968, 0.991139
5, 135,9,127.847397, 127.625984, 128.906082, 76.891449,11.354302, 244.919968, 1.001735
5, 135,10,239.463242, 239.729935, 128.906082, 76.891449,11.354302, 244.919968, 0.998888
5, 135,11,32.108921, 31.458744, 128.906082, 76.891449,11.354302, 244.919968, 1.020668
5, 135,12,85.841766, 86.933792, 128.906082, 76.891449,11.354302, 244.919968, 0.987438
5, 135,13,99.412155, 97.273552, 128.906082, 76.891449,11.354302, 244.919968, 1.021985
5, 135,14,78.350380, 78.617027, 128.906082, 76.891449,11.354302, 244.919968, 0.996608
5, 135,15,66.202095, 65.250275, 128.906082, 76.891449,11.354302, 244.919968, 1.014587
5, 135,16,42.658447, 41.843460, 128.906082, 76.891449,11.354302, 244.919968, 1.019477
5, 135,17,11.354302, 12.397625, 128.906082, 76.891449,11.354302, 244.919968, 0.915845
5, 135,18,166.765793, 165.628357, 128.906082, 76.891449,11.354302, 244.919968, 1.006867
5, 135,19,90.167717, 90.852409, 128.906082, 76.891449,11.354302, 244.919968, 0.992464
5, 135,20,244.919968, 244.974747, 128.906082, 76.891449,11.354302, 244.919968, 0.999776
5, 135,21,53.314342, 54.041374, 128.906082, 76.891449,11.354302, 244.919968, 0.986547
5, 135,22,243.042679, 243.985733, 128.906082, 76.891449,11.354302, 244.919968, 0.996135
5, 135,23,142.996780, 142.161591, 128.906082, 76.891449,11.354302, 244.919968, 1.005875
5, 135,24,225.519043, 225.973557, 128.906082, 76.891449,11.354302, 244.919968, 0.997989
5, 135,25,162.842377, 161.275146, 128.906082, 76.891449,11.354302, 244.919968, 1.009718
5, 135,26,125.955116, 124.966125, 128.906082, 76.891449,11.354302, 244.919968, 1.007914
5, 135,27,60.053326, 58.476978, 128.906082, 76.891449,11.354302, 244.919968, 1.026957
5, 135,28,70.078552, 69.580978, 128.906082, 76.891449,11.354302, 244.919968, 1.007151
5, 135,29,167.276215, 167.269226, 128.906082, 76.891449,11.354302, 244.919968, 1.000042
5, 135,30,169.812805, 169.666840, 128.906082, 76.891449,11.354302, 244.919968, 1.000860
5, 135,31,34.905842, 34.133598, 128.906082, 76.891449,11.354302, 244.919968, 1.022624
5, 136,0,145.790359, 144.947876, 128.757813, 66.784828,19.149216, 245.886322, 1.005812
5, 136,1,140.275131, 140.436874, 128.757813, 66.784828,19.149216, 245.886322, 0.998848
5, 136,2,162.246460, 162.646561, 128.757813, 66.784828,19.149216, 245.886322, 0.997540
5, 136,3,89.526955, 89.155518, 128.757813, 66.784828,19.149216, 245.886322, 1.004166
5, 136,4,152.896469, 152.360901, 128.757813, 66.784828,19.149216, 245.886322, 1.003515
5, 136,5,125.433167, 125.493279, 128.757813, 66.784828,19.149216, 245.886322, 0.999521
5, 136,6,43.251972, 43.149216, 128.757813, 66.784828,19.149216, 245.886322, 1.002381
5, 136,7,163.333206, 164.351044, 128.757813, 66.784828,19.149216, 245.886322, 0.993807
5, 136,8,217.866257, 216.646286, 128.757813, 66.784828,19.149216, 245.886322, 1.005631
5, 136,9,21.775545, 20.836679, 128.757813, 66.784828,19.149216, 245.886322, 1.045058
5, 136,10,107.445526, 108.022354, 128.757813, 66.784828,19.149216, 245.886322, 0.994660
5, 136,11,189.710403, 188.941116, 128.757813, 66.784828,19.149216, 245.886322, 1.004072
5, 136,12,106.502220, 106.369301, 128.757813, 66.784828,19.149216, 245.886322, 1.001250
5, 136,13,41.640869, 42.230854, 128.757813, 66.784828,19.149216, 245.886322, 0.986030
5, 136,14,62.132103, 62.309937, 128.757813, 66.784828,19.149216, 245.886322, 0.997146
5, 136,15,110.779655, 111.291725, 128.757813, 66.784828,19.149216, 245.886322, 0.995399
5, 136,16,19.149216, 17.471798, 128.757813, 66.784828,19.149216, 245.886322, 1.096007
5, 136,17,82.084290, 80.625755, 128.757813, 66.784828,19.149216, 245.886322, 1.018090
5, 136,18,120.391731, 120.894127, 128.757813, 66.784828,19.149216, 245.886322, 0.995844
5, 136,19,224.943466, 225.359711, 128.757813, 66.784828,19.149216, 245.886322, 0.998153
5, 136,20,224.795395, 224.426651, 128.757813, 66.784828,19.149216, 245.886322, 1.001643
5, 136,21,54.537094, 56.601391, 128.757813, 66.784828,19.149216, 245.886322, 0.963529
5, 136,22,95.999840, 95.657516, 128.757813, 66.784828,19.149216, 245.886322, 1.003579
5, 136,23,87.421814, 87.502464, 128.757813, 66.784828,19.149216, 245.886322, 0.999078
5, 136,24,146.901443, 146.887451, 128.757813, 66.784828,19.149216, 245.886322, 1.000095
5, 136,25,102.447868, 102.269722, 128.757813, 66.784828,19.149216, 245.886322, 1.001742
5, 136,26,203.651215, 204.016968, 128.757813, 66.784828,19.149216, 245.886322, 0.998207
5, 136,27,213.275146, 213.597321, 128.757813, 66.784828,19.149216, 245.886322, 0.998492
5, 136,28,149.584518, 149.671936, 128.757813, 66.784828,19.149216, 245.886322, 0.999416
5, 136,29,245.886322, 247.069794, 128.757813, 66.784828,19.149216, 245.886322, 0.995210
5, 136,30,235.937729, 235.975998, 128.757813, 66.784828,19.149216, 245.886322, 0.999838
5, 136,31,32.636856, 33.781921, 128.757813, 66.784828,19.149216, 245.886322, 0.966104
5, 137,0,140.476486, 141.069824, 128.930603, 73.635185,19.860842, 270.017395, 0.995794
5, 137,1,143.855072, 142.801254, 128.930603, 73.635185,19.860842, 270.017395, 1.007380
5, 137,2,108.879814, 108.524033, 128.930603, 73.635185,19.860842, 270.017395, 1.003278
5, 137,3,165.734726, 166.263336, 128.930603, 73.635185,19.860842, 270.017395, 0.996821
5, 137,4,114.953598, 114.295456, 128.930603, 73.635185,19.860842, 270.017395, 1.005758
5, 137,5,86.150627, 85.622360, 128.930603, 73.635185,19.860842, 270.017395, 1.006170
5, 137,6,50.703487, 50.734528, 128.930603, 73.635185,19.860842, 270.017395, 0.999388
5, 137,7,212.640320, 212.275803, 128.930603, 73.635185,19.860842, 270.017395, 1.001717
5, 137,8,63.635918, 63.306190, 128.930603, 73.635185,19.860842, 270.017395, 1.005208
5, 137,9,39.243870, 40.103401, 128.930603, 73.635185,19.860842, 270.017395, 0.978567
5, 137,10,46.417122, 46.719624, 128.930603, 73.635185,19.860842, 270.017395, 0.993525
5, 137,11,113.856781, 113.425552, 128.930603, 73.635185,19.860842, 270.017395, 1.003802
5, 137,12,96.953072, 97.817619, 128.930603, 73.635185,19.860842, 270.017395, 0.991162
5, 137,13,40.008610, 40.170319, 128.930603, 73.635185,19.860842, 270.017395, 0.995974
5, 137,14,139.406799, 138.819809, 128.930603, 73.635185,19.860842, 270.017395, 1.004228
5, 137,15,270.017395, 269.563416, 128.930603, 73.635185,19.860842, 270.017395, 1.001684
5, 137,16,39.856384, 41.374786, 128.930603, 73.635185,19.860842, 270.017395, 0.963301
5, 137,17,149.790482, 149.584778, 128.930603, 73.635185,19.860842, 270.017395, 1.001375
5, 137,18,24.343657, 25.064247, 128.930603, 73.635185,19.860842, 270.017395, 0.971250
5, 137,19,138.297913, 137.071655, 128.930603, 73.635185,19.860842, 270.017395, 1.008946
5, 137,20,253.953079, 254.725021, 128.930603, 73.635185,19.860842, 270.017395, 0.996970
5, 137,21,218.026596, 218.800003, 128.930603, 73.635185,19.860842, 270.017395, 0.996465
5, 137,22,234.546082, 233.989716, 128.930603, 73.635185,19.860842, 270.017395, 1.002378
5, 137,23,219.711792, 220.355774, 128.930603, 73.635185,19.860842, 270.017395, 0.997078
5, 137,24,218.205414, 217.754456, 128.930603, 73.635185,19.860842, 270.017395, 1.002071
5, 137,25,62.147888, 62.051537, 128.930603, 73.635185,19.860842, 270.017395, 1.001553
5, 137,26,119.667336, 120.158882, 128.930603, 73.635185,19.860842, 270.017395, 0.995909
5, 137,27,171.426498, 171.139771, 128.930603, 73.635185,19.860842, 270.017395, 1.001675
5, 137,28,19.860842, 17.745415, 128.930603, 73.635185,19.860842, 270.017395, 1.119210
5, 137,29,235.875229, 234.558502, 128.930603, 73.635185,19.860842, 270.017395, 1.005614
5, 137,30,90.602242, 89.244133, 128.930603, 73.635185,19.860842, 270.017395, 1.015218
5, 137,31,96.533775, 95.868729, 128.930603, 73.635185,19.860842, 270.017395, 1.006937
5, 138,0,125.368469, 125.945618, 128.451584, 51.928875,25.411533, 206.689072, 0.995417
5, 138,1,127.456039, 127.552597, 128.451584, 51.928875,25.411533, 206.689072, 0.999243
5, 138,2,192.788544, 193.573105, 128.451584, 51.928875,25.411533, 206.689072, 0.995947
5, 138,3,192.534088, 193.048111, 128.451584, 51.928875,25.411533, 206.689072, 0.997337
5, 138,4,154.917480, 155.076080, 128.451584, 51.928875,25.411533, 206.689072, 0.998977
5, 138,5,91.827568, 92.109474, 128.451584, 51.928875,25.411533, 206.689072, 0.996939
5, 138,6,125.552086, 124.850822, 128.451584, 51.928875,25.411533, 206.689072, 1.005617
5, 138,7,142.888824, 143.033356, 128.451584, 51.928875,25.411533, 206.689072, 0.998990
5, 138,8,60.761959, 61.205582, 128.451584, 51.928875,25.411533, 206.689072, 0.992752
5, 138,9,156.225067, 156.875107, 128.451584, 51.928875,25.411533, 206.689072, 0.995856
5, 138,10,68.481789, 70.059959, 128.451584, 51.928875,25.411533, 206.689072, 0.977474
5, 138,11,162.802170, 162.938095, 128.451584, 51.928875,25.411533, 206.689072, 0.999166
5, 138,12,31.740025, 32.062317, 128.451584, 51.928875,25.411533, 206.689072, 0.989948
5, 138,13,101.609657, 102.205902, 128.451584, 51.928875,25.411533, 206.689072, 0.994166
5, 138,14,182.476151, 182.253830, 128.451584, 51.928875,25.411533, 206.689072, 1.001220
5, 138,15,157.715286, 157.604980, 128.451584, 51.928875,25.411533, 206.689072, 1.000700
5, 138,16,204.907578, 205.321304, 128.451584, 51.928875,25.411533, 206.689072, 0.997985
5, 138,17,61.804001, 63.363152, 128.451584, 51.928875,25.411533, 206.689072, 0.975393
5, 138,18,193.615250, 193.797180, 128.451584, 51.928875,25.411533, 206.689072, 0.999061
5, 138,19,201.430862, 200.666840, 128.451584, 51.928875,25.411533, 206.689072, 1.003807
5, 138,20,134.134537, 135.190552, 128.451584, 51.928875,25.411533, 206.689072, 0.992189
5, 138,21,59.484047, 59.272087, 128.451584, 51.928875,25.411533, 206.689072, 1.003576
5, 138,22,121.993057, 122.200279, 128.451584, 51.928875,25.411533, 206.689072, 0.998304
5, 138,23,121.829117, 121.700897, 128.451584, 51.928875,25.411533, 206.689072, 1.001054
5, 138,24,162.464096, 162.208237, 128.451584, 51.928875,25.411533, 206.689072, 1.001577
5, 138,25,104.846771, 105.099739, 128.451584, 51.928875,25.411533, 206.689072, 0.997593
5, 138,26,63.101810, 63.420776, 128.451584, 51.928875,25.411533, 206.689072, 0.994971
5, 138,27,151.614471, 152.495941, 128.451584, 51.928875,25.411533, 206.689072, 0.994220
5, 138,28,25.411533, 25.026192, 128.451584, 51.928875,25.411533, 206.689072, 1.015398
5, 138,29,206.689072, 207.274002, 128.451584, 51.928875,25.411533, 206.689072, 0.997178
5, 138,30,126.773895, 128.167206, 128.451584, 51.928875,25.411533, 206.689072, 0.989129
5, 138,31,95.205360, 95.400253, 128.451584, 51.928875,25.411533, 206.689072, 0.997957
5, 139,0,21.482567, 21.198502, 128.640610, 83.509338,16.242245, 295.217072, 1.013400
5, 139,1,84.178368, 85.439713, 128.640610, 83.509338,16.242245, 295.217072, 0.985237
5, 139,2,295.217072, 294.436615, 128.640610, 83.509338,16.242245, 295.217072, 1.002651
5, 139,3,46.466122, 46.419792, 128.640610, 83.509338,16.242245, 295.217072, 1.000998
5, 139,4,41.245201, 42.474762, 128.640610, 83.509338,16.242245, 295.217072, 0.971052
5, 139,5,103.427650, 103.299934, 128.640610, 83.509338,16.242245, 295.217072, 1.001236
5, 139,6,40.916115, 42.241650, 128.640610, 83.509338,16.242245, 295.217072, 0.968620
5, 139,7,84.880890, 84.220345, 128.640610, 83.509338,16.242245, 295.217072, 1.007843
5, 139,8,153.837234, 153.356979, 128.640610, 83.509338,16.242245, 295.217072, 1.003132
5, 139,9,194.010223, 193.255569, 128.640610, 83.509338,16.242245, 295.217072, 1.003905
5, 139,10,211.720993, 212.873123, 128.640610, 83.509338,16.242245, 295.217072, 0.994588
5, 139,11,176.102859, 177.197495, 128.640610, 83.509338,16.242245, 295.217072, 0.993823
5, 139,12,212.744232, 213.402115, 128.640610, 83.509338,16.242245, 295.217072, 0.996917
5, 139,13,174.599976, 174.229767, 128.640610, 83.509338,16.242245, 295.217072, 1.002125
5, 139,14,71.440750, 71.775574, 128.640610, 83.509338,16.242245, 295.217072, 0.995335
5, 139,15,46.350399, 45.621819, 128.640610, 83.509338,16.242245, 295.217072, 1.015970
5, 139,16,138.176346, 138.661743, 128.640610, 83.509338,16.242245, 295.217072, 0.996499
5, 139,17,276.694366, 276.432922, 128.640610, 83.509338,16.242245, 295.217072, 1.000946
5, 139,18,18.792545, 21.628870, 128.640610, 83.509338,16.242245, 295.217072, 0.868864
5, 139,19,49.120804, 49.297871, 128.640610, 83.509338,16.242245, 295.217072, 0.996408
5, 139,20,167.179169, 169.101227, 128.640610, 83.509338,16.242245, 295.217072, 0.988634
5, 139,21,81.634270, 81.942986, 128.640610, 83.509338,16.242245, 295.217072, 0.996233
5, 139,22,263.289063, 263.351593, 128.640610, 83.509338,16.242245, 295.217072, 0.999763
5, 139,23,247.787140, 246.665878, 128.640610, 83.509338,16.242245, 295.217072, 1.004546
5, 139,24,56.518642, 55.520256, 128.640610, 83.509338,16.242245, 295.217072, 1.017982
5, 139,25,117.231918, 119.277306, 128.640610, 83.509338,16.242245, 295.217072, 0.982852
5, 139,26,16.242245, 15.451313, 128.640610, 83.509338,16.242245, 295.217072, 1.051189
5, 139,27,130.042496, 129.292297, 128.640610, 83.509338,16.242245, 295.217072, 1.005802
5, 139,28,40.836277, 39.704277, 128.640610, 83.509338,16.242245, 295.217072, 1.028511
5, 139,29,136.160522, 134.940857, 128.640610, 83.509338,16.242245, 295.217072, 1.009039
5, 139,30,240.339737, 238.856522, 128.640610, 83.509338,16.242245, 295.217072, 1.006210
5, 139,31,177.833298, 179.430038, 128.640610, 83.509338,16.242245, 295.217072, 0.991101
5, 140,0,163.331604, 163.561676, 128.833130, 82.191154,11.114992, 268.274353, 0.998593
5, 140,1,228.259415, 227.521408, 128.833130, 82.191154,11.114992, 268.274353, 1.003244
5, 140,2,30.556356, 31.270020, 128.833130, 82.191154,11.114992, 268.274353, 0.977177
5, 140,3,73.032578, 72.880486, 128.833130, 82.191154,11.114992, 268.274353, 1.002087
5, 140,4,44.087585, 43.559364, 128.833130, 82.191154,11.114992, 268.274353, 1.012126
5, 140,5,224.377426, 223.535248, 128.833130, 82.191154,11.114992, 268.274353, 1.003767
5, 140,6,207.550339, 208.110535, 128.833130, 82.191154,11.114992, 268.274353, 0.997308
5, 140,7,22.273132, 22.344490, 128.833130, 82.191154,11.114992, 268.274353, 0.996807
5, 140,8,220.366135, 219.856323, 128.833130, 82.191154,11.114992, 268.274353, 1.002319
5, 140,9,131.885773, 131.286377, 128.833130, 82.191154,11.114992, 268.274353, 1.004566
5, 140,10,224.039215, 224.078827, 128.833130, 82.191154,11.114992, 268.274353, 0.999823
5, 140,11,191.226334, 190.582458, 128.833130, 82.191154,11.114992, 268.274353, 1.003379
5, 140,12,247.887955, 249.011978, 128.833130, 82.191154,11.114992, 268.274353, 0.995486
5, 140,13,58.188435, 58.149025, 128.833130, 82.191154,11.114992, 268.274353, 1.000678
5, 140,14,198.689224, 199.334686, 128.833130, 82.191154,11.114992, 268.274353, 0.996762
5, 140,15,51.973942, 51.878304, 128.833130, 82.191154,11.114992, 268.274353, 1.001843
5, 140,16,268.274353, 267.816254, 128.833130, 82.191154,11.114992, 268.274353, 1.001711
5, 140,17,172.199066, 171.628525, 128.833130, 82.191154,11.114992, 268.274353, 1.003324
5, 140,18,91.104256, 91.858070, 128.833130, 82.191154,11.114992, 268.274353, 0.991794
5, 140,19,29.553375, 28.898806, 128.833130, 82.191154,11.114992, 268.274353, 1.022650
5, 140,20,54.860352, 54.611900, 128.833130, 82.191154,11.114992, 268.274353, 1.004549
5, 140,21,191.958054, 192.016220, 128.833130, 82.191154,11.114992, 268.274353, 0.999697
5, 140,22,91.381035, 89.967400, 128.833130, 82.191154,11.114992, 268.274353, 1.015713
5, 140,23,88.720871, 89.187492, 128.833130, 82.191154,11.114992, 268.274353, 0.994768
5, 140,24,45.312096, 45.205822, 128.833130, 82.191154,11.114992, 268.274353, 1.002351
5, 140,25,247.888275, 248.925354, 128.833130, 82.191154,11.114992, 268.274353, 0.995834
5, 140,26,11.114992, 11.158034, 128.833130, 82.191154,11.114992, 268.274353, 0.996143
5, 140,27,31.715939, 32.191719, 128.833130, 82.191154,11.114992, 268.274353, 0.985220
5, 140,28,116.425156, 116.822762, 128.833130, 82.191154,11.114992, 268.274353, 0.996597
5, 140,29,173.534561, 173.337997, 128.833130, 82.191154,11.114992, 268.274353, 1.001134
5, 140,30,38.362667, 38.454559, 128.833130, 82.191154,11.114992, 268.274353, 0.997610
5, 140,31,152.530258, 151.957687, 128.833130, 82.191154,11.114992, 268.274353, 1.003768
5, 141,0,84.340584, 84.012711, 128.451584, 72.437988,12.803257, 257.148590, 1.003903
5, 141,1,104.090439, 104.026474, 128.451584, 72.437988,12.803257, 257.148590, 1.000615
5, 141,2,91.682358, 91.154350, 128.451584, 72.437988,12.803257, 257.148590, 1.005792
5, 141,3,55.720306, 56.467476, 128.451584, 72.437988,12.803257, 257.148590, 0.986768
5, 141,4,47.565430, 47.961430, 128.451584, 72.437988,12.803257, 257.148590, 0.991743
5, 141,5,257.148590, 258.889465, 128.451584, 72.437988,12.803257, 257.148590, 0.993276
5, 141,6,165.315063, 165.510117, 128.451584, 72.437988,12.803257, 257.148590, 0.998821
5, 141,7,12.803257, 11.364397, 128.451584, 72.437988,12.803257, 257.148590, 1.126611
5, 141,8,140.307755, 140.904175, 128.451584, 72.437988,12.803257, 257.148590, 0.995767
5, 141,9,164.421844, 165.517914, 128.451584, 72.437988,12.803257, 257.148590, 0.993378
5, 141,10,223.340500, 225.021225, 128.451584, 72.437988,12.803257, 257.148590, 0.992531
5, 141,11,252.473770, 253.634567, 128.451584, 72.437988,12.803257, 257.148590, 0.995423
5, 141,12,153.346054, 152.076645, 128.451584, 72.437988,12.803257, 257.148590, 1.008347
5, 141,13,91.109138, 92.113327, 128.451584, 72.437988,12.803257, 257.148590, 0.989098
5, 141,14,172.690643, 174.250046, 128.451584, 72.437988,12.803257, 257.148590, 0.991051
5, 141,15,90.912315, 91.739098, 128.451584, 72.437988,12.803257, 257.148590, 0.990988
5, 141,16,105.533646, 107.909157, 128.451584, 72.437988,12.803257, 257.148590, 0.977986
5, 141,17,98.155670, 100.159370, 128.451584, 72.437988,12.803257, 257.148590, 0.979995
5, 141,18,45.156738, 44.905186, 128.451584, 72.437988,12.803257, 257.148590, 1.005602
5, 141,19,187.494278, 187.114380, 128.451584, 72.437988,12.803257, 257.148590, 1.002030
5, 141,20,223.926529, 225.223923, 128.451584, 72.437988,12.803257, 257.148590, 0.994240
5, 141,21,216.120438, 216.990784, 128.451584, 72.437988,12.803257, 257.148590, 0.995989
5, 141,22,148.953064, 148.825485, 128.451584, 72.437988,12.803257, 257.148590, 1.000857
5, 141,23,83.446014, 83.396774, 128.451584, 72.437988,12.803257, 257.148590, 1.000590
5, 141,24,53.052315, 52.452248, 128.451584, 72.437988,12.803257, 257.148590, 1.011440
5, 141,25,233.291534, 233.589645, 128.451584, 72.437988,12.803257, 257.148590, 0.998724
5, 141,26,55.470898, 55.851551, 128.451584, 72.437988,12.803257, 257.148590, 0.993185
5, 141,27,28.859394, 27.339542, 128.451584, 72.437988,12.803257, 257.148590, 1.055592
5, 141,28,63.979145, 64.458946, 128.451584, 72.437988,12.803257, 257.148590, 0.992557
5, 141,29,61.942524, 61.769135, 128.451584, 72.437988,12.803257, 257.148590, 1.002807
5, 141,30,236.999756, 236.716064, 128.451584, 72.437988,12.803257, 257.148590, 1.001198
5, 141,31,160.800354, 159.654907, 128.451584, 72.437988,12.803257, 257.148590, 1.007174
5, 142,0,152.137512, 153.272690, 128.729507, 65.158073,18.694691, 249.213486, 0.992594
5, 142,1,171.158371, 169.825043, 128.729507, 65.158073,18.694691, 249.213486, 1.007851
5, 142,2,112.540833, 113.477974, 128.729507, 65.158073,18.694691, 249.213486, 0.991742
5, 142,3,231.854767, 231.503510, 128.729507, 65.158073,18.694691, 249.213486, 1.001517
5, 142,4,123.571426, 123.391769, 128.729507, 65.158073,18.694691, 249.213486, 1.001456
5, 142,5,32.139900, 32.581421, 128.729507, 65.158073,18.694691, 249.213486, 0.986449
5, 142,6,219.759293, 221.237228, 128.729507, 65.158073,18.694691, 249.213486, 0.993320
5, 142,7,163.583496, 164.486282, 128.729507, 65.158073,18.694691, 249.213486, 0.994511
5, 142,8,77.716858, 78.750328, 128.729507, 65.158073,18.694691, 249.213486, 0.986877
5, 142,9,56.774006, 56.220306, 128.729507, 65.158073,18.694691, 249.213486, 1.009849
5, 142,10,135.268616, 135.758301, 128.729507, 65.158073,18.694691, 249.213486, 0.996393
5, 142,11,58.108150, 57.138252, 128.729507, 65.158073,18.694691, 249.213486, 1.016975
5, 142,12,67.257355, 67.624840, 128.729507, 65.158073,18.694691, 249.213486, 0.994566
5, 142,13,68.361786, 68.741066, 128.729507, 65.158073,18.694691, 249.213486, 0.994482
5, 142,14,93.859459, 93.503517, 128.729507, 65.158073,18.694691, 249.213486, 1.003807
5, 142,15,158.448074, 158.956573, 128.729507, 65.158073,18.694691, 249.213486, 0.996801
5, 142,16,195.261810, 194.675613, 128.729507, 65.158073,18.694691, 249.213486, 1.003011
5, 142,17,203.819855, 204.692215, 128.729507, 65.158073,18.694691, 249.213486, 0.995738
5, 142,18,150.993973, 150.144318, 128.729507, 65.158073,18.694691, 249.213486, 1.005659
5, 142,19,249.213486, 248.518539, 128.729507, 65.158073,18.694691, 249.213486, 1.002796
5, 142,20,206.487534, 204.530670, 128.729507, 65.158073,18.694691, 249.213486, 1.009568
5, 142,21,18.694691, 18.658047, 128.729507, 65.158073,18.694691, 249.213486, 1.001964
5, 142,22,104.071236, 102.815140, 128.729507, 65.158073,18.694691, 249.213486, 1.012217
5, 142,23,138.023697, 137.439987, 128.729507, 65.158073,18.694691, 249.213486, 1.004247
5, 142,24,45.530289, 45.344509, 128.729507, 65.158073,18.694691, 249.213486, 1.004097
5, 142,25,192.881912, 193.596130, 128.729507, 65.158073,18.694691, 249.213486, 0.996311
5, 142,26,49.657566, 50.132507, 128.729507, 65.158073,18.694691, 249.213486, 0.990526
5, 142,27,186.056671, 186.120392, 128.729507, 65.158073,18.694691, 249.213486, 0.999658
5, 142,28,157.054001, 156.481812, 128.729507, 65.158073,18.694691, 249.213486, 1.003657
5, 142,29,22.579302, 23.504791, 128.729507, 65.158073,18.694691, 249.213486, 0.960625
5, 142,30,152.819305, 153.683914, 128.729507, 65.158073,18.694691, 249.213486, 0.994374
5, 142,31,123.659279, 124.192215, 128.729507, 65.158073,18.694691, 249.213486, 0.995709
5, 143,0,104.528473, 103.649986, 129.117172, 61.746292,14.079146, 247.992584, 1.008476
5, 143,1,91.334343, 92.274338, 129.117172, 61.746292,14.079146, 247.992584, 0.989813
5, 143,2,209.300430, 209.143219, 129.117172, 61.746292,14.079146, 247.992584, 1.000752
5, 143,3,123.371399, 123.098907, 129.117172, 61.746292,14.079146, 247.992584, 1.002214
5, 143,4,87.877502, 83.996498, 129.117172, 61.746292,14.079146, 247.992584, 1.046204
5, 143,5,202.223190, 202.129333, 129.117172, 61.746292,14.079146, 247.992584, 1.000464
5, 143,6,243.568542, 243.547775, 129.117172, 61.746292,14.079146, 247.992584, 1.000085
5, 143,7,14.079146, 11.417389, 129.117172, 61.746292,14.079146, 247.992584, 1.233132
5, 143,8,68.072746, 67.112030, 129.117172, 61.746292,14.079146, 247.992584, 1.014315
5, 143,9,44.739273, 46.559879, 129.117172, 61.746292,14.079146, 247.992584, 0.960898
5, 143,10,86.776718, 87.488815, 129.117172, 61.746292,14.079146, 247.992584, 0.991861
5, 143,11,86.768578, 87.101601, 129.117172, 61.746292,14.079146, 247.992584, 0.996177
5, 143,12,138.530746, 138.975143, 129.117172, 61.746292,14.079146, 247.992584, 0.996802
5, 143,13,133.003464, 133.641663, 129.117172, 61.746292,14.079146, 247.992584, 0.995225
5, 143,14,108.016701, 108.274765, 129.117172, 61.746292,14.079146, 247.992584, 0.997617
5, 143,15,158.359970, 157.328125, 129.117172, 61.746292,14.079146, 247.992584, 1.006559
5, 143,16,184.405716, 185.639389, 129.117172, 61.746292,14.079146, 247.992584, 0.993354
5, 143,17,129.443253, 129.184921, 129.117172, 61.746292,14.079146, 247.992584, 1.002000
5, 143,18,106.477325, 104.541328, 129.117172, 61.746292,14.079146, 247.992584, 1.018519
5, 143,19,247.992584, 248.362534, 129.117172, 61.746292,14.079146, 247.992584, 0.998510
5, 143,20,68.119110, 66.271820, 129.117172, 61.746292,14.079146, 247.992584, 1.027874
5, 143,21,42.407581, 43.389019, 129.117172, 61.746292,14.079146, 247.992584, 0.977381
5, 143,22,206.701599, 205.241745, 129.117172, 61.746292,14.079146, 247.992584, 1.007113
5, 143,23,93.301949, 93.187614, 129.117172, 61.746292,14.079146, 247.992584, 1.001227
5, 143,24,102.031105, 102.744034, 129.117172, 61.746292,14.079146, 247.992584, 0.993061
5, 143,25,229.994308, 228.446014, 129.117172, 61.746292,14.079146, 247.992584, 1.006778
5, 143,26,70.389343, 68.887421, 129.117172, 61.746292,14.079146, 247.992584, 1.021803
5, 143,27,127.184212, 127.168427, 129.117172, 61.746292,14.079146, 247.992584, 1.000124
5, 143,28,157.523712, 157.569244, 129.117172, 61.746292,14.079146, 247.992584, 0.999711
5, 143,29,104.067688, 104.694763, 129.117172, 61.746292,14.079146, 247.992584, 0.994010
5, 143,30,220.240448, 221.183716, 129.117172, 61.746292,14.079146, 247.992584, 0.995735
5, 143,31,140.918259, 138.748642, 129.117172, 61.746292,14.079146, 247.992584, 1.015637
5, 144,0,198.567963, 197.409317, 128.983047, 53.047306,40.657211, 204.597855, 1.005869
5, 144,1,166.349945, 165.841660, 128.983047, 53.047306,40.657211, 204.597855, 1.003065
5, 144,2,126.321808, 125.223221, 128.983047, 53.047306,40.657211, 204.597855, 1.008773
5, 144,3,180.384262, 181.714630, 128.983047, 53.047306,40.657211, 204.597855, 0.992679
5, 144,4,161.328598, 161.818420, 128.983047, 53.047306,40.657211, 204.597855, 0.996973
5, 144,5,204.597855, 204.332581, 128.983047, 53.047306,40.657211, 204.597855, 1.001298
5, 144,6,100.670120, 99.313004, 128.983047, 53.047306,40.657211, 204.597855, 1.013665
5, 144,7,142.494568, 141.726120, 128.983047, 53.047306,40.657211, 204.597855, 1.005422
5, 144,8,181.318207, 181.940445, 128.983047, 53.047306,40.657211, 204.597855, 0.996580
5, 144,9,48.482372, 49.869644, 128.983047, 53.047306,40.657211, 204.597855, 0.972182
5, 144,10,78.828751, 78.638313, 128.983047, 53.047306,40.657211, 204.597855, 1.002422
5, 144,11,60.732101, 60.453613, 128.983047, 53.047306,40.657211, 204.597855, 1.004607
5, 144,12,188.660309, 189.707581, 128.983047, 53.047306,40.657211, 204.597855, 0.994480
5, 144,13,202.423111, 201.111618, 128.983047, 53.047306,40.657211, 204.597855, 1.006521
5, 144,14,118.259804, 117.931519, 128.983047, 53.047306,40.657211, 204.597855, 1.002784
5, 144,15,87.523705, 87.154213, 128.983047, 53.047306,40.657211, 204.597855, 1.004240
5, 144,16,62.521999, 62.640533, 128.983047, 53.047306,40.657211, 204.597855, 0.998108
5, 144,17,147.929932, 147.009201, 128.983047, 53.047306,40.657211, 204.597855, 1.006263
5, 144,18,199.831467, 199.055466, 128.983047, 53.047306,40.657211, 204.597855, 1.003898
5, 144,19,158.175980, 159.227402, 128.983047, 53.047306,40.657211, 204.597855, 0.993397
5, 144,20,47.187817, 47.569817, 128.983047, 53.047306,40.657211, 204.597855, 0.991970
5, 144,21,40.657211, 40.973412, 128.983047, 53.047306,40.657211, 204.597855, 0.992283
5, 144,22,198.976593, 198.449295, 128.983047, 53.047306,40.657211, 204.597855, 1.002657
5, 144,23,124.849480, 124.076279, 128.983047, 53.047306,40.657211, 204.597855, 1.006232
5, 144,24,127.029236, 127.374489, 128.983047, 53.047306,40.657211, 204.597855, 0.997289
5, 144,25,92.978699, 93.417831, 128.983047, 53.047306,40.657211, 204.597855, 0.995299
5, 144,26,78.355667, 78.715561, 128.983047, 53.047306,40.657211, 204.597855, 0.995428
5, 144,27,163.913284, 162.484024, 128.983047, 53.047306,40.657211, 204.597855, 1.008796
5, 144,28,41.035900, 40.824837, 128.983047, 53.047306,40.657211, 204.597855, 1.005170
5, 144,29,147.437515, 147.205307, 128.983047, 53.047306,40.657211, 204.597855, 1.001577
5, 144,30,115.649117, 115.447456, 128.983047, 53.047306,40.657211, 204.597855, 1.001747
5, 144,31,133.984192, 132.342590, 128.983047, 53.047306,40.657211, 204.597855, 1.012404
5, 145,0,10.147775, 10.184105, 128.703140, 76.659767,10.147775, 251.983398, 0.996433
5, 145,1,61.649723, 62.554283, 128.703140, 76.659767,10.147775, 251.983398, 0.985540
5, 145,2,119.267952, 119.212585, 128.703140, 76.659767,10.147775, 251.983398, 1.000464
5, 145,3,66.292580, 66.328438, 128.703140, 76.659767,10.147775, 251.983398, 0.999459
5, 145,4,236.675858, 237.875870, 128.703140, 76.659767,10.147775, 251.983398, 0.994955
5, 145,5,226.303711, 225.947418, 128.703140, 76.659767,10.147775, 251.983398, 1.001577
5, 145,6,22.042765, 20.141113, 128.703140, 76.659767,10.147775, 251.983398, 1.094416
5, 145,7,200.220367, 202.082809, 128.703140, 76.659767,10.147775, 251.983398, 0.990784
5, 145,8,44.850689, 44.465977, 128.703140, 76.659767,10.147775, 251.983398, 1.008652
5, 145,9,221.011536, 222.035187, 128.703140, 76.659767,10.147775, 251.983398, 0.995390
5, 145,10,105.634209, 103.740097, 128.703140, 76.659767,10.147775, 251.983398, 1.018258
5, 145,11,251.983398, 252.642624, 128.703140, 76.659767,10.147775, 251.983398, 0.997391
5, 145,12,202.080948, 202.819244, 128.703140, 76.659767,10.147775, 251.983398, 0.996360
5, 145,13,201.897568, 201.852692, 128.703140, 76.659767,10.147775, 251.983398, 1.000222
5, 145,14,174.383621, 174.789261, 128.703140, 76.659767,10.147775, 251.983398, 0.997679
5, 145,15,156.514526, 155.757416, 128.703140, 76.659767,10.147775, 251.983398, 1.004861
5, 145,16,202.148621, 204.130981, 128.703140, 76.659767,10.147775, 251.983398, 0.990289
5, 145,17,133.740402, 133.672485, 128.703140, 76.659767,10.147775, 251.983398, 1.000508
5, 145,18,101.620026, 101.300705, 128.703140, 76.659767,10.147775, 251.983398, 1.003152
5, 145,19,108.551788, 109.132835, 128.703140, 76.659767,10.147775, 251.983398, 0.994676
5, 145,20,175.482529, 175.602386, 128.703140, 76.659767,10.147775, 251.983398, 0.999317
5, 145,21,114.911041, 114.142021, 128.703140, 76.659767,10.147775, 251.983398, 1.006737
5, 145,22,43.532921, 43.614491, 128.703140, 76.659767,10.147775, 251.983398, 0.998130
5, 145,23,167.210846, 166.059616, 128.703140, 76.659767,10.147775, 251.983398, 1.006933
5, 145,24,238.962524, 239.824326, 128.703140, 76.659767,10.147775, 251.983398, 0.996407
5, 145,25,60.455387, 59.439846, 128.703140, 76.659767,10.147775, 251.983398, 1.017085
5, 145,26,29.037783, 29.975388, 128.703140, 76.659767,10.147775, 251.983398, 0.968721
5, 145,27,31.379375, 31.793421, 128.703140, 76.659767,10.147775, 251.983398, 0.986977
5, 145,28,26.386814, 25.779327, 128.703140, 76.659767,10.147775, 251.983398, 1.023565
5, 145,29,199.014465, 198.055527, 128.703140, 76.659767,10.147775, 251.983398, 1.004842
5, 145,30,143.363327, 143.368698, 128.703140, 76.659767,10.147775, 251.983398, 0.999963
5, 145,31,41.745598, 42.678627, 128.703140, 76.659767,10.147775, 251.983398, 0.978138
5, 146,0,136.716339, 136.985260, 128.757248, 56.794598,10.981911, 211.025375, 0.998037
5, 146,1,120.891541, 120.646233, 128.757248, 56.794598,10.981911, 211.025375, 1.002033
5, 146,2,165.667664, 165.820786, 128.757248, 56.794598,10.981911, 211.025375, 0.999077
5, 146,3,138.469559, 137.382996, 128.757248, 56.794598,10.981911, 211.025375, 1.007909
5, 146,4,140.302719, 140.269760, 128.757248, 56.794598,10.981911, 211.025375, 1.000235
5, 146,5,186.912811, 187.869202, 128.757248, 56.794598,10.981911, 211.025375, 0.994909
5, 146,6,134.562790, 134.021530, 128.757248, 56.794598,10.981911, 211.025375, 1.004039
5, 146,7,201.084091, 201.481857, 128.757248, 56.794598,10.981911, 211.025375, 0.998026
5, 146,8,78.975609, 78.422577, 128.757248, 56.794598,10.981911, 211.025375, 1.007052
5, 146,9,82.438896, 82.669319, 128.757248, 56.794598,10.981911, 211.025375, 0.997213
5, 146,10,177.832794, 179.266647, 128.757248, 56.794598,10.981911, 211.025375, 0.992002
5, 146,11,99.314102, 100.419662, 128.757248, 56.794598,10.981911, 211.025375, 0.988991
5, 146,12,84.720985, 84.196091, 128.757248, 56.794598,10.981911, 211.025375, 1.006234
5, 146,13,67.331665, 66.234047, 128.757248, 56.794598,10.981911, 211.025375, 1.016572
5, 146,14,167.040207, 167.200012, 128.757248, 56.794598,10.981911, 211.025375, 0.999044
5, 146,15,77.339401, 76.427505, 128.757248, 56.794598,10.981911, 211.025375, 1.011932
5, 146,16,20.642759, 18.525558, 128.757248, 56.794598,10.981911, 211.025375, 1.114285
5, 146,17,159.110809, 159.251801, 128.757248, 56.794598,10.981911, 211.025375, 0.999115
5, 146,18,68.277710, 69.127213, 128.757248, 56.794598,10.981911, 211.025375, 0.987711
5, 146,19,10.981911, 10.442636, 128.757248, 56.794598,10.981911, 211.025375, 1.051642
5, 146,20,119.172279, 118.433044, 128.757248, 56.794598,10.981911, 211.025375, 1.006242
5, 146,21,117.160248, 116.373817, 128.757248, 56.794598,10.981911, 211.025375, 1.006758
5, 146,22,167.150360, 169.958466, 128.757248, 56.794598,10.981911, 211.025375, 0.983478
5, 146,23,85.644135, 85.690796, 128.757248, 56.794598,10.981911, 211.025375, 0.999455
5, 146,24,188.893982, 188.606918, 128.757248, 56.794598,10.981911, 211.025375, 1.001522
5, 146,25,196.166733, 195.964951, 128.757248, 56.794598,10.981911, 211.025375, 1.001030
5, 146,26,152.117355, 151.688492, 128.757248, 56.794598,10.981911, 211.025375, 1.002827
5, 146,27,199.695145, 200.333588, 128.757248, 56.794598,10.981911, 211.025375, 0.996813
5, 146,28,23.812174, 23.548517, 128.757248, 56.794598,10.981911, 211.025375, 1.011196
5, 146,29,130.219879, 130.300827, 128.757248, 56.794598,10.981911, 211.025375, 0.999379
5, 146,30,211.025375, 211.996063, 128.757248, 56.794598,10.981911, 211.025375, 0.995421
5, 146,31,210.559738, 211.444382, 128.757248, 56.794598,10.981911, 211.025375, 0.995816
5, 147,0,80.673843, 81.042915, 129.243469, 73.473297,16.296928, 263.549347, 0.995446
5, 147,1,134.428757, 135.759430, 129.243469, 73.473297,16.296928, 263.549347, 0.990198
5, 147,2,152.309494, 151.113937, 129.243469, 73.473297,16.296928, 263.549347, 1.007912
5, 147,3,52.215801, 52.481533, 129.243469, 73.473297,16.296928, 263.549347, 0.994937
5, 147,4,203.432343, 204.004227, 129.243469, 73.473297,16.296928, 263.549347, 0.997197
5, 147,5,190.674850, 189.935150, 129.243469, 73.473297,16.296928, 263.549347, 1.003894
5, 147,6,44.815411, 44.212528, 129.243469, 73.473297,16.296928, 263.549347, 1.013636
5, 147,7,86.546577, 84.428902, 129.243469, 73.473297,16.296928, 263.549347, 1.025082
5, 147,8,55.007202, 55.914543, 129.243469, 73.473297,16.296928, 263.549347, 0.983773
5, 147,9,208.828613, 207.531296, 129.243469, 73.473297,16.296928, 263.549347, 1.006251
5, 147,10,196.972656, 196.401459, 129.243469, 73.473297,16.296928, 263.549347, 1.002908
5, 147,11,182.150528, 183.210220, 129.243469, 73.473297,16.296928, 263.549347, 0.994216
5, 147,12,234.184952, 232.981033, 129.243469, 73.473297,16.296928, 263.549347, 1.005167
5, 147,13,58.286583, 56.478874, 129.243469, 73.473297,16.296928, 263.549347, 1.032007
5, 147,14,16.296928, 15.329786, 129.243469, 73.473297,16.296928, 263.549347, 1.063089
5, 147,15,81.586517, 83.347267, 129.243469, 73.473297,16.296928, 263.549347, 0.978875
5, 147,16,84.168045, 82.539955, 129.243469, 73.473297,16.296928, 263.549347, 1.019725
5, 147,17,263.549347, 263.188385, 129.243469, 73.473297,16.296928, 263.549347, 1.001372
5, 147,18,34.952751, 33.231598, 129.243469, 73.473297,16.296928, 263.549347, 1.051793
5, 147,19,201.115662, 200.837708, 129.243469, 73.473297,16.296928, 263.549347, 1.001384
5, 147,20,152.559052, 152.085831, 129.243469, 73.473297,16.296928, 263.549347, 1.003111
5, 147,21,94.062973, 91.247894, 129.243469, 73.473297,16.296928, 263.549347, 1.030851
5, 147,22,127.582024, 126.385292, 129.243469, 73.473297,16.296928, 263.549347, 1.009469
5, 147,23,72.443108, 72.201736, 129.243469, 73.473297,16.296928, 263.549347, 1.003343
5, 147,24,98.153328, 98.004181, 129.243469, 73.473297,16.296928, 263.549347, 1.001522
5, 147,25,251.375687, 251.627441, 129.243469, 73.473297,16.296928, 263.549347, 0.998999
5, 147,26,21.888664, 20.581194, 129.243469, 73.473297,16.296928, 263.549347, 1.063527
5, 147,27,209.733582, 209.232117, 129.243469, 73.473297,16.296928, 263.549347, 1.002397
5, 147,28,215.916611, 216.544907, 129.243469, 73.473297,16.296928, 263.549347, 0.997099
5, 147,29,138.970566, 139.576508, 129.243469, 73.473297,16.296928, 263.549347, 0.995659
5, 147,30,36.092361, 35.786758, 129.243469, 73.473297,16.296928, 263.549347, 1.008540
5, 147,31,154.816315, 153.755325, 129.243469, 73.473297,16.296928, 263.549347, 1.006901
5, 148,0,198.368912, 199.047958, 128.931442, 59.868652,12.259961, 206.470398, 0.996589
5, 148,1,135.831528, 135.762756, 128.931442, 59.868652,12.259961, 206.470398, 1.000507
5, 148,2,122.572929, 122.480774, 128.931442, 59.868652,12.259961, 206.470398, 1.000752
5, 148,3,25.149256, 24.567955, 128.931442, 59.868652,12.259961, 206.470398, 1.023661
5, 148,4,20.495981, 21.381021, 128.931442, 59.868652,12.259961, 206.470398, 0.958606
5, 148,5,100.509094, 100.607101, 128.931442, 59.868652,12.259961, 206.470398, 0.999026
5, 148,6,184.608002, 183.417694, 128.931442, 59.868652,12.259961, 206.470398, 1.006490
5, 148,7,132.939941, 133.190857, 128.931442, 59.868652,12.259961, 206.470398, 0.998116
5, 148,8,179.342087, 179.771042, 128.931442, 59.868652,12.259961, 206.470398, 0.997614
5, 148,9,204.225113, 203.968140, 128.931442, 59.868652,12.259961, 206.470398, 1.001260
5, 148,10,187.372711, 186.536285, 128.931442, 59.868652,12.259961, 206.470398, 1.004484
5, 148,11,162.681259, 162.687088, 128.931442, 59.868652,12.259961, 206.470398, 0.999964
5, 148,12,93.356522, 92.804390, 128.931442, 59.868652,12.259961, 206.470398, 1.005949
5, 148,13,105.260872, 106.005623, 128.931442, 59.868652,12.259961, 206.470398, 0.992974
5, 148,14,176.547638, 176.981705, 128.931442, 59.868652,12.259961, 206.470398, 0.997547
5, 148,15,153.896469, 152.647934, 128.931442, 59.868652,12.259961, 206.470398, 1.008179
5, 148,16,33.251595, 32.675072, 128.931442, 59.868652,12.259961, 206.470398, 1.017644
5, 148,17,160.035385, 158.357086, 128.931442, 59.868652,12.259961, 206.470398, 1.010598
5, 148,18,174.609299, 175.397552, 128.931442, 59.868652,12.259961, 206.470398, 0.995506
5, 148,19,174.336182, 173.260513, 128.931442, 59.868652,12.259961, 206.470398, 1.006208
5, 148,20,105.192993, 104.980591, 128.931442, 59.868652,12.259961, 206.470398, 1.002023
5, 148,21,12.259961, 11.739457, 128.931442, 59.868652,12.259961, 206.470398, 1.044338
5, 148,22,206.470398, 207.534042, 128.931442, 59.868652,12.259961, 206.470398, 0.994875
5, 148,23,56.623077, 58.288582, 128.931442, 59.868652,12.259961, 206.470398, 0.971427
5, 148,24,159.835373, 159.282730, 128.931442, 59.868652,12.259961, 206.470398, 1.003470
5, 148,25,132.102020, 131.072449, 128.931442, 59.868652,12.259961, 206.470398, 1.007855
5, 148,26,160.715118, 160.978699, 128.931442, 59.868652,12.259961, 206.470398, 0.998363
5, 148,27,65.195381, 63.966663, 128.931442, 59.868652,12.259961, 206.470398, 1.019209
5, 148,28,178.532516, 178.789505, 128.931442, 59.868652,12.259961, 206.470398, 0.998563
5, 148,29,40.118587, 41.229473, 128.931442, 59.868652,12.259961, 206.470398, 0.973056
5, 148,30,87.505859, 85.939743, 128.931442, 59.868652,12.259961, 206.470398, 1.018223
5, 148,31,195.863937, 195.649811, 128.931442, 59.868652,12.259961, 206.470398, 1.001094
5, 149,0,216.710754, 217.067108, 128.824615, 71.733330,17.009533, 245.208282, 0.998358
5, 149,1,59.401455, 59.769024, 128.824615, 71.733330,17.009533, 245.208282, 0.993850
5, 149,2,33.055450, 33.728016, 128.824615, 71.733330,17.009533, 245.208282, 0.980059
5, 149,3,133.305664, 133.928986, 128.824615, 71.733330,17.009533, 245.208282, 0.995346
5, 149,4,50.667923, 50.142353, 128.824615, 71.733330,17.009533, 245.208282, 1.010482
5, 149,5,101.030930, 100.581497, 128.824615, 71.733330,17.009533, 245.208282, 1.004468
5, 149,6,29.971783, 29.880230, 128.824615, 71.733330,17.009533, 245.208282, 1.003064
5, 149,7,32.514751, 31.861767, 128.824615, 71.733330,17.009533, 245.208282, 1.020494
5, 149,8,206.291611, 206.979263, 128.824615, 71.733330,17.009533, 245.208282, 0.996678
5, 149,9,132.613297, 132.141983, 128.824615, 71.733330,17.009533, 245.208282, 1.003567
5, 149,10,155.957001, 156.035736, 128.824615, 71.733330,17.009533, 245.208282, 0.999495
5, 149,11,184.955872, 184.814865, 128.824615, 71.733330,17.009533, 245.208282, 1.000763
5, 149,12,238.567490, 238.777542, 128.824615, 71.733330,17.009533, 245.208282, 0.999120
5, 149,13,101.495911, 101.777626, 128.824615, 71.733330,17.009533, 245.208282, 0.997232
5, 149,14,163.162384, 163.147644, 128.824615, 71.733330,17.009533, 245.208282, 1.000090
5, 149,15,83.647446, 81.983864, 128.824615, 71.733330,17.009533, 245.208282, 1.020292
5, 149,16,139.438904, 139.210678, 128.824615, 71.733330,17.009533, 245.208282, 1.001639
5, 149,17,39.423065, 40.609360, 128.824615, 71.733330,17.009533, 245.208282, 0.970788
5, 149,18,39.293346, 39.600571, 128.824615, 71.733330,17.009533, 245.208282, 0.992242
5, 149,19,103.816513, 103.283600, 128.824615, 71.733330,17.009533, 245.208282, 1.005160
5, 149,20,212.942993, 212.513153, 128.824615, 71.733330,17.009533, 245.208282, 1.002023
5, 149,21,17.009533, 16.434593, 128.824615, 71.733330,17.009533, 245.208282, 1.034984
5, 149,22,63.734623, 64.034737, 128.824615, 71.733330,17.009533, 245.208282, 0.995313
5, 149,23,210.583633, 209.818268, 128.824615, 71.733330,17.009533, 245.208282, 1.003648
5, 149,24,191.058899, 191.357544, 128.824615, 71.733330,17.009533, 245.208282, 0.998439
5, 149,25,212.151443, 212.491547, 128.824615, 71.733330,17.009533, 245.208282, 0.998399
5, 149,26,245.208282, 244.354675, 128.824615, 71.733330,17.009533, 245.208282, 1.003493
5, 149,27,239.293228, 239.620605, 128.824615, 71.733330,17.009533, 245.208282, 0.998634
5, 149,28,149.492279, 149.947006, 128.824615, 71.733330,17.009533, 245.208282, 0.996967
5, 149,29,106.809654, 106.540527, 128.824615, 71.733330,17.009533, 245.208282, 1.002526
5, 149,30,94.397476, 94.809814, 128.824615, 71.733330,17.009533, 245.208282, 0.995651
5, 149,31,134.384323, 133.756042, 128.824615, 71.733330,17.009533, 245.208282, 1.004697
5, 150,0,245.759262, 248.146713, 128.729584, 71.544823,14.721851, 254.412430, 0.990379
5, 150,1,107.828903, 108.708481, 128.729584, 71.544823,14.721851, 254.412430, 0.991909
5, 150,2,66.520531, 66.240082, 128.729584, 71.544823,14.721851, 254.412430, 1.004234
5, 150,3,222.202423, 223.521240, 128.729584, 71.544823,14.721851, 254.412430, 0.994100
5, 150,4,193.696045, 194.075653, 128.729584, 71.544823,14.721851, 254.412430, 0.998044
5, 150,5,39.779659, 38.602051, 128.729584, 71.544823,14.721851, 254.412430, 1.030506
5, 150,6,100.556778, 101.521393, 128.729584, 71.544823,14.721851, 254.412430, 0.990498
5, 150,7,154.454330, 156.367096, 128.729584, 71.544823,14.721851, 254.412430, 0.987767
5, 150,8,46.506229, 46.417477, 128.729584, 71.544823,14.721851, 254.412430, 1.001912
5, 150,9,254.412430, 253.715622, 128.729584, 71.544823,14.721851, 254.412430, 1.002746
5, 150,10,17.972446, 16.980518, 128.729584, 71.544823,14.721851, 254.412430, 1.058416
5, 150,11,223.448166, 224.321701, 128.729584, 71.544823,14.721851, 254.412430, 0.996106
5, 150,12,139.083328, 140.082077, 128.729584, 71.544823,14.721851, 254.412430, 0.992870
5, 150,13,141.190247, 140.529678, 128.729584, 71.544823,14.721851, 254.412430, 1.004701
5, 150,14,57.051292, 56.315868, 128.729584, 71.544823,14.721851, 254.412430, 1.013059
5, 150,15,114.754616, 115.103714, 128.729584, 71.544823,14.721851, 254.412430, 0.996967
5, 150,16,14.721851, 14.510223, 128.729584, 71.544823,14.721851, 254.412430, 1.014585
5, 150,17,55.497440, 55.214134, 128.729584, 71.544823,14.721851, 254.412430, 1.005131
5, 150,18,111.693932, 112.478477, 128.729584, 71.544823,14.721851, 254.412430, 0.993025
5, 150,19,226.706802, 227.058823, 128.729584, 71.544823,14.721851, 254.412430, 0.998450
5, 150,20,76.606628, 76.172905, 128.729584, 71.544823,14.721851, 254.412430, 1.005694
5, 150,21,37.955772, 37.706890, 128.729584, 71.544823,14.721851, 254.412430, 1.006600
5, 150,22,95.203445, 94.928200, 128.729584, 71.544823,14.721851, 254.412430, 1.002900
5, 150,23,38.787731, 38.748375, 128.729584, 71.544823,14.721851, 254.412430, 1.001016
5, 150,24,177.064285, 179.081741, 128.729584, 71.544823,14.721851, 254.412430, 0.988734
5, 150,25,158.350128, 157.098709, 128.729584, 71.544823,14.721851, 254.412430, 1.007966
5, 150,26,198.490936, 198.146927, 128.729584, 71.544823,14.721851, 254.412430, 1.001736
5, 150,27,160.744598, 158.923462, 128.729584, 71.544823,14.721851, 254.412430, 1.011459
5, 150,28,139.551086, 138.162659, 128.729584, 71.544823,14.721851, 254.412430, 1.010049
5, 150,29,134.776306, 134.676712, 128.729584, 71.544823,14.721851, 254.412430, 1.000739
5, 150,30,234.843964, 234.332001, 128.729584, 71.544823,14.721851, 254.412430, 1.002185
5, 150,31,133.134903, 133.110168, 128.729584, 71.544823,14.721851, 254.412430, 1.000186
5, 151,0,249.001190, 249.990341, 128.917770, 72.304192,13.837123, 251.474380, 0.996043
5, 151,1,236.549896, 234.450745, 128.917770, 72.304192,13.837123, 251.474380, 1.008953
5, 151,2,139.461884, 137.879395, 128.917770, 72.304192,13.837123, 251.474380, 1.011477
5, 151,3,16.981068, 17.750729, 128.917770, 72.304192,13.837123, 251.474380, 0.956641
5, 151,4,251.474380, 251.218536, 128.917770, 72.304192,13.837123, 251.474380, 1.001018
5, 151,5,127.467270, 126.207535, 128.917770, 72.304192,13.837123, 251.474380, 1.009982
5, 151,6,65.891098, 65.849495, 128.917770, 72.304192,13.837123, 251.474380, 1.000632
5, 151,7,57.688683, 55.573673, 128.917770, 72.304192,13.837123, 251.474380, 1.038058
5, 151,8,27.208857, 28.560555, 128.917770, 72.304192,13.837123, 251.474380, 0.952673
5, 151,9,52.881542, 54.009800, 128.917770, 72.304192,13.837123, 251.474380, 0.979110
5, 151,10,205.949997, 206.842575, 128.917770, 72.304192,13.837123, 251.474380, 0.995685
5, 151,11,250.464005, 248.548538, 128.917770, 72.304192,13.837123, 251.474380, 1.007707
5, 151,12,184.650986, 184.063370, 128.917770, 72.304192,13.837123, 251.474380, 1.003192
5, 151,13,136.571320, 136.399445, 128.917770, 72.304192,13.837123, 251.474380, 1.001260
5, 151,14,55.454784, 55.428730, 128.917770, 72.304192,13.837123, 251.474380, 1.000470
5, 151,15,188.773285, 187.473389, 128.917770, 72.304192,13.837123, 251.474380, 1.006934
5, 151,16,96.186768, 97.470329, 128.917770, 72.304192,13.837123, 251.474380, 0.986831
5, 151,17,153.426407, 153.464783, 128.917770, 72.304192,13.837123, 251.474380, 0.999750
5, 151,18,138.068192, 139.199158, 128.917770, 72.304192,13.837123, 251.474380, 0.991875
5, 151,19,60.997608, 61.012917, 128.917770, 72.304192,13.837123, 251.474380, 0.999749
5, 151,20,13.837123, 12.921781, 128.917770, 72.304192,13.837123, 251.474380, 1.070837
5, 151,21,67.927849, 67.146362, 128.917770, 72.304192,13.837123, 251.474380, 1.011639
5, 151,22,114.224373, 113.963524, 128.917770, 72.304192,13.837123, 251.474380, 1.002289
5, 151,23,151.883011, 151.954285, 128.917770, 72.304192,13.837123, 251.474380, 0.999531
5, 151,24,206.539551, 206.567947, 128.917770, 72.304192,13.837123, 251.474380, 0.999863
5, 151,25,48.985626, 50.012375, 128.917770, 72.304192,13.837123, 251.474380, 0.979470
5, 151,26,84.600723, 83.700584, 128.917770, 72.304192,13.837123, 251.474380, 1.010754
5, 151,27,157.556259, 158.247955, 128.917770, 72.304192,13.837123, 251.474380, 0.995629
5, 151,28,180.997040, 180.027786, 128.917770, 72.304192,13.837123, 251.474380, 1.005384
5, 151,29,187.289230, 186.313828, 128.917770, 72.304192,13.837123, 251.474380, 1.005235
5, 151,30,153.578171, 153.609711, 128.917770, 72.304192,13.837123, 251.474380, 0.999795
5, 151,31,62.800751, 65.140030, 128.917770, 72.304192,13.837123, 251.474380, 0.964088
5, 152,0,174.370255, 173.225082, 128.782913, 57.039860,12.248776, 221.011475, 1.006611
5, 152,1,116.100121, 117.113380, 128.782913, 57.039860,12.248776, 221.011475, 0.991348
5, 152,2,86.953606, 86.440216, 128.782913, 57.039860,12.248776, 221.011475, 1.005939
5, 152,3,146.914642, 147.779984, 128.782913, 57.039860,12.248776, 221.011475, 0.994144
5, 152,4,111.161560, 111.977135, 128.782913, 57.039860,12.248776, 221.011475, 0.992717
5, 152,5,143.033157, 143.647369, 128.782913, 57.039860,12.248776, 221.011475, 0.995724
5, 152,6,135.570175, 136.352997, 128.782913, 57.039860,12.248776, 221.011475, 0.994259
5, 152,7,205.388184, 206.043274, 128.782913, 57.039860,12.248776, 221.011475, 0.996821
5, 152,8,103.695099, 102.773872, 128.782913, 57.039860,12.248776, 221.011475, 1.008964
5, 152,9,99.770477, 99.697372, 128.782913, 57.039860,12.248776, 221.011475, 1.000733
5, 152,10,67.318024, 66.787346, 128.782913, 57.039860,12.248776, 221.011475, 1.007946
5, 152,11,117.331688, 117.605354, 128.782913, 57.039860,12.248776, 221.011475, 0.997673
5, 152,12,93.562950, 94.534889, 128.782913, 57.039860,12.248776, 221.011475, 0.989719
5, 152,13,141.687347, 141.180923, 128.782913, 57.039860,12.248776, 221.011475, 1.003587
5, 152,14,154.870255, 154.477448, 128.782913, 57.039860,12.248776, 221.011475, 1.002543
5, 152,15,150.377853, 150.574432, 128.782913, 57.039860,12.248776, 221.011475, 0.998694
5, 152,16,180.121124, 179.286240, 128.782913, 57.039860,12.248776, 221.011475, 1.004657
5, 152,17,204.738327, 204.508301, 128.782913, 57.039860,12.248776, 221.011475, 1.001125
5, 152,18,59.406349, 60.011173, 128.782913, 57.039860,12.248776, 221.011475, 0.989921
5, 152,19,12.248776, 11.797359, 128.782913, 57.039860,12.248776, 221.011475, 1.038264
5, 152,20,119.535927, 119.501122, 128.782913, 57.039860,12.248776, 221.011475, 1.000291
5, 152,21,162.335510, 161.909592, 128.782913, 57.039860,12.248776, 221.011475, 1.002631
5, 152,22,216.745605, 215.974670, 128.782913, 57.039860,12.248776, 221.011475, 1.003570
5, 152,23,82.887726, 82.878296, 128.782913, 57.039860,12.248776, 221.011475, 1.000114
5, 152,24,72.891830, 73.143692, 128.782913, 57.039860,12.248776, 221.011475, 0.996557
5, 152,25,37.571136, 37.491714, 128.782913, 57.039860,12.248776, 221.011475, 1.002118
5, 152,26,23.701633, 23.230919, 128.782913, 57.039860,12.248776, 221.011475, 1.020262
5, 152,27,194.729996, 194.898331, 128.782913, 57.039860,12.248776, 221.011475, 0.999136
5, 152,28,104.380623, 105.030411, 128.782913, 57.039860,12.248776, 221.011475, 0.993813
5, 152,29,210.534332, 210.405472, 128.782913, 57.039860,12.248776, 221.011475, 1.000612
5, 152,30,170.107651, 170.253540, 128.782913, 57.039860,12.248776, 221.011475, 0.999143
5, 152,31,221.011475, 220.468048, 128.782913, 57.039860,12.248776, 221.011475, 1.002465
5, 153,0,57.675030, 58.884384, 128.719482, 77.935944,11.360414, 268.167419, 0.979462
5, 153,1,164.390213, 163.098099, 128.719482, 77.935944,11.360414, 268.167419, 1.007922
5, 153,2,198.014023, 197.649551, 128.719482, 77.935944,11.360414, 268.167419, 1.001844
5, 153,3,251.589813, 252.362762, 128.719482, 77.935944,11.360414, 268.167419, 0.996937
5, 153,4,131.717804, 130.776047, 128.719482, 77.935944,11.360414, 268.167419, 1.007201
5, 153,5,11.360414, 10.259419, 128.719482, 77.935944,11.360414, 268.167419, 1.107315
5, 153,6,112.167007, 111.189865, 128.719482, 77.935944,11.360414, 268.167419, 1.008788
5, 153,7,29.045647, 28.264763, 128.719482, 77.935944,11.360414, 268.167419, 1.027627
5, 153,8,107.020294, 108.141678, 128.719482, 77.935944,11.360414, 268.167419, 0.989630
5, 153,9,97.946037, 98.518837, 128.719482, 77.935944,11.360414, 268.167419, 0.994186
5, 153,10,134.346710, 134.570053, 128.719482, 77.935944,11.360414, 268.167419, 0.998340
5, 153,11,171.444000, 171.269821, 128.719482, 77.935944,11.360414, 268.167419, 1.001017
5, 153,12,56.468609, 57.100876, 128.719482, 77.935944,11.360414, 268.167419, 0.988927
5, 153,13,49.415409, 50.096542, 128.719482, 77.935944,11.360414, 268.167419, 0.986404
5, 153,14,211.786392, 212.598602, 128.719482, 77.935944,11.360414, 268.167419, 0.996180
5, 153,15,29.331244, 29.432152, 128.719482, 77.935944,11.360414, 268.167419, 0.996571
5, 153,16,268.167419, 268.657593, 128.719482, 77.935944,11.360414, 268.167419, 0.998175
5, 153,17,132.931870, 134.586273, 128.719482, 77.935944,11.360414, 268.167419, 0.987707
5, 153,18,225.786301, 226.161407, 128.719482, 77.935944,11.360414, 268.167419, 0.998341
5, 153,19,148.679413, 149.065125, 128.719482, 77.935944,11.360414, 268.167419, 0.997412
5, 153,20,263.609894, 263.598907, 128.719482, 77.935944,11.360414, 268.167419, 1.000042
5, 153,21,36.584209, 37.125565, 128.719482, 77.935944,11.360414, 268.167419, 0.985418
5, 153,22,134.472397, 134.691650, 128.719482, 77.935944,11.360414, 268.167419, 0.998372
5, 153,23,20.906935, 21.082081, 128.719482, 77.935944,11.360414, 268.167419, 0.991692
5, 153,24,138.920670, 140.990692, 128.719482, 77.935944,11.360414, 268.167419, 0.985318
5, 153,25,161.099869, 159.036575, 128.719482, 77.935944,11.360414, 268.167419, 1.012974
5, 153,26,225.293274, 225.002106, 128.719482, 77.935944,11.360414, 268.167419, 1.001294
5, 153,27,23.202984, 24.178902, 128.719482, 77.935944,11.360414, 268.167419, 0.959638
5, 153,28,227.826172, 227.450394, 128.719482, 77.935944,11.360414, 268.167419, 1.001652
5, 153,29,48.611923, 46.659237, 128.719482, 77.935944,11.360414, 268.167419, 1.041850
5, 153,30,147.096069, 146.511459, 128.719482, 77.935944,11.360414, 268.167419, 1.003990
5, 153,31,102.115631, 101.988571, 128.719482, 77.935944,11.360414, 268.167419, 1.001246
5, 154,0,162.646225, 162.747864, 128.710556, 68.145027,19.917803, 262.450897, 0.999375
5, 154,1,98.487335, 98.779137, 128.710556, 68.145027,19.917803, 262.450897, 0.997046
5, 154,2,61.190384, 61.199013, 128.710556, 68.145027,19.917803, 262.450897, 0.999859
5, 154,3,61.208210, 62.985489, 128.710556, 68.145027,19.917803, 262.450897, 0.971783
5, 154,4,30.947878, 32.479179, 128.710556, 68.145027,19.917803, 262.450897, 0.952853
5, 154,5,92.079140, 92.097870, 128.710556, 68.145027,19.917803, 262.450897, 0.999797
5, 154,6,198.357178, 199.534897, 128.710556, 68.145027,19.917803, 262.450897, 0.994098
5, 154,7,153.391068, 152.870178, 128.710556, 68.145027,19.917803, 262.450897, 1.003407
5, 154,8,130.813812, 131.328278, 128.710556, 68.145027,19.917803, 262.450897, 0.996083
5, 154,9,128.021347, 128.227982, 128.710556, 68.145027,19.917803, 262.450897, 0.998389
5, 154,10,28.004934, 28.858156, 128.710556, 68.145027,19.917803, 262.450897, 0.970434
5, 154,11,144.772369, 144.730881, 128.710556, 68.145027,19.917803, 262.450897, 1.000287
5, 154,12,161.830429, 162.227142, 128.710556, 68.145027,19.917803, 262.450897, 0.997555
5, 154,13,216.440643, 215.581146, 128.710556, 68.145027,19.917803, 262.450897, 1.003987
5, 154,14,203.673248, 203.396240, 128.710556, 68.145027,19.917803, 262.450897, 1.001362
5, 154,15,107.152214, 106.357651, 128.710556, 68.145027,19.917803, 262.450897, 1.007471
5, 154,16,262.450897, 261.829285, 128.710556, 68.145027,19.917803, 262.450897, 1.002374
5, 154,17,107.046059, 105.300186, 128.710556, 68.145027,19.917803, 262.450897, 1.016580
5, 154,18,67.883209, 67.559837, 128.710556, 68.145027,19.917803, 262.450897, 1.004786
5, 154,19,42.450497, 41.980358, 128.710556, 68.145027,19.917803, 262.450897, 1.011199
5, 154,20,135.610870, 136.118927, 128.710556, 68.145027,19.917803, 262.450897, 0.996268
5, 154,21,79.492035, 79.728714, 128.710556, 68.145027,19.917803, 262.450897, 0.997031
5, 154,22,180.037430, 179.803513, 128.710556, 68.145027,19.917803, 262.450897, 1.001301
5, 154,23,227.913040, 228.759430, 128.710556, 68.145027,19.917803, 262.450897, 0.996300
5, 154,24,51.236259, 52.506958, 128.710556, 68.145027,19.917803, 262.450897, 0.975799
5, 154,25,108.172508, 108.889160, 128.710556, 68.145027,19.917803, 262.450897, 0.993419
5, 154,26,19.917803, 19.573278, 128.710556, 68.145027,19.917803, 262.450897, 1.017602
5, 154,27,252.930710, 253.529785, 128.710556, 68.145027,19.917803, 262.450897, 0.997637
5, 154,28,218.555695, 218.489182, 128.710556, 68.145027,19.917803, 262.450897, 1.000304
5, 154,29,172.701721, 172.353195, 128.710556, 68.145027,19.917803, 262.450897, 1.002022
5, 154,30,74.868484, 73.279770, 128.710556, 68.145027,19.917803, 262.450897, 1.021680
5, 154,31,138.454407, 137.897400, 128.710556, 68.145027,19.917803, 262.450897, 1.004039
5, 155,0,207.120834, 207.703079, 128.800995, 77.747910,20.169527, 276.857513, 0.997197
5, 155,1,226.054581, 225.697800, 128.800995, 77.747910,20.169527, 276.857513, 1.001581
5, 155,2,40.834339, 40.434891, 128.800995, 77.747910,20.169527, 276.857513, 1.009879
5, 155,3,259.841736, 260.902283, 128.800995, 77.747910,20.169527, 276.857513, 0.995935
5, 155,4,137.048172, 136.807770, 128.800995, 77.747910,20.169527, 276.857513, 1.001757
5, 155,5,163.808685, 163.368988, 128.800995, 77.747910,20.169527, 276.857513, 1.002691
5, 155,6,258.261719, 257.933014, 128.800995, 77.747910,20.169527, 276.857513, 1.001274
5, 155,7,223.706085, 222.950378, 128.800995, 77.747910,20.169527, 276.857513, 1.003390
5, 155,8,204.983871, 203.070023, 128.800995, 77.747910,20.169527, 276.857513, 1.009425
5, 155,9,30.663710, 31.441795, 128.800995, 77.747910,20.169527, 276.857513, 0.975253
5, 155,10,121.823822, 121.645798, 128.800995, 77.747910,20.169527, 276.857513, 1.001463
5, 155,11,149.216385, 146.944214, 128.800995, 77.747910,20.169527, 276.857513, 1.015463
5, 155,12,20.169527, 20.844616, 128.800995, 77.747910,20.169527, 276.857513, 0.967613
5, 155,13,133.168289, 134.043304, 128.800995, 77.747910,20.169527, 276.857513, 0.993472
5, 155,14,20.258787, 19.513569, 128.800995, 77.747910,20.169527, 276.857513, 1.038190
5, 155,15,140.067032, 140.476700, 128.800995, 77.747910,20.169527, 276.857513, 0.997084
5, 155,16,66.538429, 66.407364, 128.800995, 77.747910,20.169527, 276.857513, 1.001974
5, 155,17,138.800766, 140.084198, 128.800995, 77.747910,20.169527, 276.857513, 0.990838
5, 155,18,27.605997, 28.105644, 128.800995, 77.747910,20.169527, 276.857513, 0.982223
5, 155,19,67.617165, 67.849335, 128.800995, 77.747910,20.169527, 276.857513, 0.996578
5, 155,20,44.948132, 45.247135, 128.800995, 77.747910,20.169527, 276.857513, 0.993392
5, 155,21,101.954659, 102.089645, 128.800995, 77.747910,20.169527, 276.857513, 0.998678
5, 155,22,105.396690, 106.287567, 128.800995, 77.747910,20.169527, 276.857513, 0.991618
5, 155,23,122.381004, 122.567284, 128.800995, 77.747910,20.169527, 276.857513, 0.998480
5, 155,24,145.621918, 145.348679, 128.800995, 77.747910,20.169527, 276.857513, 1.001880
5, 155,25,86.682083, 86.441322, 128.800995, 77.747910,20.169527, 276.857513, 1.002785
5, 155,26,261.174805, 260.919373, 128.800995, 77.747910,20.169527, 276.857513, 1.000979
5, 155,27,85.039825, 85.357712, 128.800995, 77.747910,20.169527, 276.857513, 0.996276
5, 155,28,82.154388, 82.661491, 128.800995, 77.747910,20.169527, 276.857513, 0.993865
5, 155,29,276.857513, 275.910675, 128.800995, 77.747910,20.169527, 276.857513, 1.003432
5, 155,30,134.001007, 134.401672, 128.800995, 77.747910,20.169527, 276.857513, 0.997019
5, 155,31,37.829819, 37.542427, 128.800995, 77.747910,20.169527, 276.857513, 1.007655
5, 156,0,161.665527, 161.613113, 128.808960, 58.022125,11.886727, 219.763657, 1.000324
5, 156,1,145.796097, 145.800247, 128.808960, 58.022125,11.886727, 219.763657, 0.999972
5, 156,2,91.485229, 92.424683, 128.808960, 58.022125,11.886727, 219.763657, 0.989836
5, 156,3,98.306557, 98.046883, 128.808960, 58.022125,11.886727, 219.763657, 1.002648
5, 156,4,125.115532, 125.965126, 128.808960, 58.022125,11.886727, 219.763657, 0.993255
5, 156,5,216.726364, 216.562881, 128.808960, 58.022125,11.886727, 219.763657, 1.000755
5, 156,6,74.802086, 74.652100, 128.808960, 58.022125,11.886727, 219.763657, 1.002009
5, 156,7,151.167542, 152.180649, 128.808960, 58.022125,11.886727, 219.763657, 0.993343
5, 156,8,104.522858, 102.962288, 128.808960, 58.022125,11.886727, 219.763657, 1.015157
5, 156,9,71.559616, 73.424850, 128.808960, 58.022125,11.886727, 219.763657, 0.974597
5, 156,10,100.521637, 101.381653, 128.808960, 58.022125,11.886727, 219.763657, 0.991517
5, 156,11,185.015945, 186.607788, 128.808960, 58.022125,11.886727, 219.763657, 0.991470
5, 156,12,199.506760, 199.073013, 128.808960, 58.022125,11.886727, 219.763657, 1.002179
5, 156,13,82.983627, 83.808258, 128.808960, 58.022125,11.886727, 219.763657, 0.990161
5, 156,14,62.426708, 62.739464, 128.808960, 58.022125,11.886727, 219.763657, 0.995015
5, 156,15,186.024597, 185.618286, 128.808960, 58.022125,11.886727, 219.763657, 1.002189
5, 156,16,131.339188, 128.850128, 128.808960, 58.022125,11.886727, 219.763657, 1.019318
5, 156,17,102.334106, 101.606544, 128.808960, 58.022125,11.886727, 219.763657, 1.007161
5, 156,18,141.653198, 140.955521, 128.808960, 58.022125,11.886727, 219.763657, 1.004950
5, 156,19,54.501934, 54.958332, 128.808960, 58.022125,11.886727, 219.763657, 0.991696
5, 156,20,184.676254, 186.247986, 128.808960, 58.022125,11.886727, 219.763657, 0.991561
5, 156,21,158.463364, 158.785934, 128.808960, 58.022125,11.886727, 219.763657, 0.997968
5, 156,22,131.716324, 130.430756, 128.808960, 58.022125,11.886727, 219.763657, 1.009856
5, 156,23,214.982605, 214.127655, 128.808960, 58.022125,11.886727, 219.763657, 1.003993
5, 156,24,20.964195, 20.460506, 128.808960, 58.022125,11.886727, 219.763657, 1.024618
5, 156,25,163.704544, 163.881256, 128.808960, 58.022125,11.886727, 219.763657, 0.998922
5, 156,26,52.696964, 52.767281, 128.808960, 58.022125,11.886727, 219.763657, 0.998667
5, 156,27,199.546280, 198.758179, 128.808960, 58.022125,11.886727, 219.763657, 1.003965
5, 156,28,11.886727, 12.679380, 128.808960, 58.022125,11.886727, 219.763657, 0.937485
5, 156,29,219.763657, 219.390045, 128.808960, 58.022125,11.886727, 219.763657, 1.001703
5, 156,30,178.760590, 178.344757, 128.808960, 58.022125,11.886727, 219.763657, 1.002332
5, 156,31,97.269814, 95.894386, 128.808960, 58.022125,11.886727, 219.763657, 1.014343
5, 157,0,55.917347, 56.734394, 128.800476, 71.689224,10.673129, 257.872742, 0.985599
5, 157,1,136.040253, 136.787476, 128.800476, 71.689224,10.673129, 257.872742, 0.994537
5, 157,2,170.961884, 170.182220, 128.800476, 71.689224,10.673129, 257.872742, 1.004581
5, 157,3,62.165585, 63.495480, 128.800476, 71.689224,10.673129, 257.872742, 0.979055
5, 157,4,79.401184, 78.797287, 128.800476, 71.689224,10.673129, 257.872742, 1.007664
5, 157,5,50.195415, 50.931568, 128.800476, 71.689224,10.673129, 257.872742, 0.985546
5, 157,6,152.288147, 152.317429, 128.800476, 71.689224,10.673129, 257.872742, 0.999808
5, 157,7,201.594910, 202.086349, 128.800476, 71.689224,10.673129, 257.872742, 0.997568
5, 157,8,137.418869, 136.673401, 128.800476, 71.689224,10.673129, 257.872742, 1.005454
5, 157,9,257.872742, 257.802551, 128.800476, 71.689224,10.673129, 257.872742, 1.000272
5, 157,10,211.067810, 213.083557, 128.800476, 71.689224,10.673129, 257.872742, 0.990540
5, 157,11,232.830704, 232.667130, 128.800476, 71.689224,10.673129, 257.872742, 1.000703
5, 157,12,112.654457, 111.621643, 128.800476, 71.689224,10.673129, 257.872742, 1.009253
5, 157,13,10.673129, 10.752922, 128.800476, 71.689224,10.673129, 257.872742, 0.992579
5, 157,14,44.904346, 44.474693, 128.800476, 71.689224,10.673129, 257.872742, 1.009661
5, 157,15,124.028038, 125.333939, 128.800476, 71.689224,10.673129, 257.872742, 0.989581
5, 157,16,86.653351, 89.072006, 128.800476, 71.689224,10.673129, 257.872742, 0.972846
5, 157,17,187.822189, 187.719971, 128.800476, 71.689224,10.673129, 257.872742, 1.000545
5, 157,18,214.752899, 214.064636, 128.800476, 71.689224,10.673129, 257.872742, 1.003215
5, 157,19,162.462814, 161.466583, 128.800476, 71.689224,10.673129, 257.872742, 1.006170
5, 157,20,126.132263, 125.972786, 128.800476, 71.689224,10.673129, 257.872742, 1.001266
5, 157,21,33.637451, 32.937500, 128.800476, 71.689224,10.673129, 257.872742, 1.021251
5, 157,22,134.586716, 133.600876, 128.800476, 71.689224,10.673129, 257.872742, 1.007379
5, 157,23,82.426048, 81.101685, 128.800476, 71.689224,10.673129, 257.872742, 1.016330
5, 157,24,222.881393, 223.076889, 128.800476, 71.689224,10.673129, 257.872742, 0.999124
5, 157,25,14.165709, 12.509740, 128.800476, 71.689224,10.673129, 257.872742, 1.132374
5, 157,26,114.375183, 114.793037, 128.800476, 71.689224,10.673129, 257.872742, 0.996360
5, 157,27,173.743622, 173.855576, 128.800476, 71.689224,10.673129, 257.872742, 0.999356
5, 157,28,198.189789, 198.412979, 128.800476, 71.689224,10.673129, 257.872742, 0.998875
5, 157,29,232.348160, 231.465500, 128.800476, 71.689224,10.673129, 257.872742, 1.003813
5, 157,30,43.534512, 43.706562, 128.800476, 71.689224,10.673129, 257.872742, 0.996064
5, 157,31,53.888222, 53.502155, 128.800476, 71.689224,10.673129, 257.872742, 1.007216
5, 158,0,31.034611, 31.425034, 128.551544, 77.126076,14.106845, 252.409302, 0.987576
5, 158,1,190.904343, 190.820908, 128.551544, 77.126076,14.106845, 252.409302, 1.000437
5, 158,2,40.368973, 40.941086, 128.551544, 77.126076,14.106845, 252.409302, 0.986026
5, 158,3,210.169479, 210.202820, 128.551544, 77.126076,14.106845, 252.409302, 0.999841
5, 158,4,123.887306, 123.143250, 128.551544, 77.126076,14.106845, 252.409302, 1.006042
5, 158,5,252.409302, 253.132385, 128.551544, 77.126076,14.106845, 252.409302, 0.997143
5, 158,6,120.845741, 120.225624, 128.551544, 77.126076,14.106845, 252.409302, 1.005158
5, 158,7,26.383501, 26.925377, 128.551544, 77.126076,14.106845, 252.409302, 0.979875
5, 158,8,33.874352, 33.531761, 128.551544, 77.126076,14.106845, 252.409302, 1.010217
5, 158,9,218.588058, 220.410522, 128.551544, 77.126076,14.106845, 252.409302, 0.991732
5, 158,10,228.923737, 228.066284, 128.551544, 77.126076,14.106845, 252.409302, 1.003760
5, 158,11,14.106845, 14.777902, 128.551544, 77.126076,14.106845, 252.409302, 0.954590
5, 158,12,198.676773, 198.754929, 128.551544, 77.126076,14.106845, 252.409302, 0.999607
5, 158,13,57.557102, 57.317921, 128.551544, 77.126076,14.106845, 252.409302, 1.004173
5, 158,14,168.861404, 167.869492, 128.551544, 77.126076,14.106845, 252.409302, 1.005909
5, 158,15,238.422592, 238.560181, 128.551544, 77.126076,14.106845, 252.409302, 0.999423
5, 158,16,45.890797, 45.488438, 128.551544, 77.126076,14.106845, 252.409302, 1.008845
5, 158,17,145.737534, 145.824371, 128.551544, 77.126076,14.106845, 252.409302, 0.999404
5, 158,18,71.665359, 72.422768, 128.551544, 77.126076,14.106845, 252.409302, 0.989542
5, 158,19,241.654480, 241.056458, 128.551544, 77.126076,14.106845, 252.409302, 1.002481
5, 158,20,210.385788, 210.298218, 128.551544, 77.126076,14.106845, 252.409302, 1.000416
5, 158,21,128.044418, 130.194824, 128.551544, 77.126076,14.106845, 252.409302, 0.983483
5, 158,22,122.071892, 124.303932, 128.551544, 77.126076,14.106845, 252.409302, 0.982044
5, 158,23,176.437012, 174.738235, 128.551544, 77.126076,14.106845, 252.409302, 1.009722
5, 158,24,87.703232, 88.847298, 128.551544, 77.126076,14.106845, 252.409302, 0.987123
5, 158,25,49.186787, 49.932446, 128.551544, 77.126076,14.106845, 252.409302, 0.985067
5, 158,26,185.125473, 185.279831, 128.551544, 77.126076,14.106845, 252.409302, 0.999167
5, 158,27,122.791229, 122.706001, 128.551544, 77.126076,14.106845, 252.409302, 1.000695
5, 158,28,34.240337, 35.924686, 128.551544, 77.126076,14.106845, 252.409302, 0.953114
5, 158,29,23.915846, 24.238306, 128.551544, 77.126076,14.106845, 252.409302, 0.986696
5, 158,30,125.508553, 124.256233, 128.551544, 77.126076,14.106845, 252.409302, 1.010079
5, 158,31,188.276871, 189.381989, 128.551544, 77.126076,14.106845, 252.409302, 0.994165
5, 159,0,179.918976, 180.478104, 128.889359, 66.068611,25.038099, 223.959229, 0.996902
5, 159,1,78.948677, 78.232414, 128.889359, 66.068611,25.038099, 223.959229, 1.009156
5, 159,2,169.149551, 169.268738, 128.889359, 66.068611,25.038099, 223.959229, 0.999296
5, 159,3,137.785782, 138.967545, 128.889359, 66.068611,25.038099, 223.959229, 0.991496
5, 159,4,171.321945, 170.304657, 128.889359, 66.068611,25.038099, 223.959229, 1.005973
5, 159,5,97.719772, 98.067955, 128.889359, 66.068611,25.038099, 223.959229, 0.996450
5, 159,6,177.311478, 176.228104, 128.889359, 66.068611,25.038099, 223.959229, 1.006148
5, 159,7,32.954441, 33.049606, 128.889359, 66.068611,25.038099, 223.959229, 0.997121
5, 159,8,181.515121, 182.629654, 128.889359, 66.068611,25.038099, 223.959229, 0.993897
5, 159,9,48.110840, 47.891399, 128.889359, 66.068611,25.038099, 223.959229, 1.004582
5, 159,10,109.335960, 108.360924, 128.889359, 66.068611,25.038099, 223.959229, 1.008998
5, 159,11,141.985229, 142.540207, 128.889359, 66.068611,25.038099, 223.959229, 0.996107
5, 159,12,207.733856, 208.275757, 128.889359, 66.068611,25.038099, 223.959229, 0.997398
5, 159,13,217.526825, 216.310898, 128.889359, 66.068611,25.038099, 223.959229, 1.005621
5, 159,14,167.556183, 166.287094, 128.889359, 66.068611,25.038099, 223.959229, 1.007632
5, 159,15,40.459129, 39.112495, 128.889359, 66.068611,25.038099, 223.959229, 1.034430
5, 159,16,32.205910, 32.524994, 128.889359, 66.068611,25.038099, 223.959229, 0.990190
5, 159,17,197.997177, 197.790207, 128.889359, 66.068611,25.038099, 223.959229, 1.001046
5, 159,18,36.097942, 37.153511, 128.889359, 66.068611,25.038099, 223.959229, 0.971589
5, 159,19,135.042496, 136.132019, 128.889359, 66.068611,25.038099, 223.959229, 0.991997
5, 159,20,99.069794, 99.648422, 128.889359, 66.068611,25.038099, 223.959229, 0.994193
5, 159,21,25.038099, 25.618748, 128.889359, 66.068611,25.038099, 223.959229, 0.977335
5, 159,22,201.318451, 201.316376, 128.889359, 66.068611,25.038099, 223.959229, 1.000010
5, 159,23,190.529724, 189.416382, 128.889359, 66.068611,25.038099, 223.959229, 1.005878
5, 159,24,54.093960, 53.854679, 128.889359, 66.068611,25.038099, 223.959229, 1.004443
5, 159,25,223.959229, 224.106995, 128.889359, 66.068611,25.038099, 223.959229, 0.999341
5, 159,26,172.579636, 170.975372, 128.889359, 66.068611,25.038099, 223.959229, 1.009383
5, 159,27,39.065426, 39.006248, 128.889359, 66.068611,25.038099, 223.959229, 1.001517
5, 159,28,131.911667, 131.642944, 128.889359, 66.068611,25.038099, 223.959229, 1.002041
5, 159,29,52.035038, 52.413662, 128.889359, 66.068611,25.038099, 223.959229, 0.992776
5, 159,30,196.314651, 195.485901, 128.889359, 66.068611,25.038099, 223.959229, 1.004239
5, 159,31,177.866455, 177.908173, 128.889359, 66.068611,25.038099, 223.959229, 0.999766
5, 160,0,28.254864, 27.861526, 128.936020, 69.687874,21.824343, 238.918091, 1.014118
5, 160,1,70.511414, 70.915848, 128.936020, 69.687874,21.824343, 238.918091, 0.994297
5, 160,2,22.110435, 21.855436, 128.936020, 69.687874,21.824343, 238.918091, 1.011667
5, 160,3,63.409531, 64.004929, 128.936020, 69.687874,21.824343, 238.918091, 0.990698
5, 160,4,196.411896, 196.922623, 128.936020, 69.687874,21.824343, 238.918091, 0.997406
5, 160,5,238.918091, 237.896545, 128.936020, 69.687874,21.824343, 238.918091, 1.004294
5, 160,6,161.811310, 161.812286, 128.936020, 69.687874,21.824343, 238.918091, 0.999994
5, 160,7,237.499207, 237.155579, 128.936020, 69.687874,21.824343, 238.918091, 1.001449
5, 160,8,156.169876, 156.917633, 128.936020, 69.687874,21.824343, 238.918091, 0.995235
5, 160,9,83.565048, 81.845085, 128.936020, 69.687874,21.824343, 238.918091, 1.021015
5, 160,10,70.553375, 72.419159, 128.936020, 69.687874,21.824343, 238.918091, 0.974236
5, 160,11,32.915146, 31.666096, 128.936020, 69.687874,21.824343, 238.918091, 1.039444
5, 160,12,228.699982, 228.655869, 128.936020, 69.687874,21.824343, 238.918091, 1.000193
5, 160,13,160.005157, 160.707962, 128.936020, 69.687874,21.824343, 238.918091, 0.995627
5, 160,14,173.075180, 172.470779, 128.936020, 69.687874,21.824343, 238.918091, 1.003504
5, 160,15,201.638641, 201.240158, 128.936020, 69.687874,21.824343, 238.918091, 1.001980
5, 160,16,175.850113, 175.235138, 128.936020, 69.687874,21.824343, 238.918091, 1.003509
5, 160,17,133.785614, 131.959946, 128.936020, 69.687874,21.824343, 238.918091, 1.013835
5, 160,18,96.465446, 96.628761, 128.936020, 69.687874,21.824343, 238.918091, 0.998310
5, 160,19,67.510414, 67.346397, 128.936020, 69.687874,21.824343, 238.918091, 1.002435
5, 160,20,236.135803, 235.345917, 128.936020, 69.687874,21.824343, 238.918091, 1.003356
5, 160,21,118.918617, 117.746254, 128.936020, 69.687874,21.824343, 238.918091, 1.009957
5, 160,22,116.093025, 115.587486, 128.936020, 69.687874,21.824343, 238.918091, 1.004374
5, 160,23,58.994865, 58.255333, 128.936020, 69.687874,21.824343, 238.918091, 1.012695
5, 160,24,190.736694, 188.985748, 128.936020, 69.687874,21.824343, 238.918091, 1.009265
5, 160,25,34.389820, 34.936317, 128.936020, 69.687874,21.824343, 238.918091, 0.984357
5, 160,26,21.824343, 23.308868, 128.936020, 69.687874,21.824343, 238.918091, 0.936311
5, 160,27,173.284424, 173.917084, 128.936020, 69.687874,21.824343, 238.918091, 0.996362
5, 160,28,139.473145, 139.946701, 128.936020, 69.687874,21.824343, 238.918091, 0.996616
5, 160,29,76.945084, 78.411003, 128.936020, 69.687874,21.824343, 238.918091, 0.981305
5, 160,30,168.407837, 167.768509, 128.936020, 69.687874,21.824343, 238.918091, 1.003811
5, 160,31,191.588531, 191.272766, 128.936020, 69.687874,21.824343, 238.918091, 1.001651
5, 161,0,47.493599, 47.710556, 128.378891, 73.105438,13.110517, 242.269974, 0.995453
5, 161,1,59.537739, 62.047482, 128.378891, 73.105438,13.110517, 242.269974, 0.959551
5, 161,2,83.889557, 83.955086, 128.378891, 73.105438,13.110517, 242.269974, 0.999219
5, 161,3,74.250610, 74.031258, 128.378891, 73.105438,13.110517, 242.269974, 1.002963
5, 161,4,47.457802, 46.921162, 128.378891, 73.105438,13.110517, 242.269974, 1.011437
5, 161,5,89.972229, 90.450684, 128.378891, 73.105438,13.110517, 242.269974, 0.994710
5, 161,6,82.433037, 82.752197, 128.378891, 73.105438,13.110517, 242.269974, 0.996143
5, 161,7,75.861877, 78.188744, 128.378891, 73.105438,13.110517, 242.269974, 0.970240
5, 161,8,13.110517, 14.044712, 128.378891, 73.105438,13.110517, 242.269974, 0.933484
5, 161,9,60.392246, 60.228115, 128.378891, 73.105438,13.110517, 242.269974, 1.002725
5, 161,10,145.457260, 144.753586, 128.378891, 73.105438,13.110517, 242.269974, 1.004861
5, 161,11,239.186447, 238.541306, 128.378891, 73.105438,13.110517, 242.269974, 1.002705
5, 161,12,176.549164, 176.532394, 128.378891, 73.105438,13.110517, 242.269974, 1.000095
5, 161,13,229.546906, 231.248795, 128.378891, 73.105438,13.110517, 242.269974, 0.992640
5, 161,14,236.432922, 235.722031, 128.378891, 73.105438,13.110517, 242.269974, 1.003016
5, 161,15,22.917048, 22.788208, 128.378891, 73.105438,13.110517, 242.269974, 1.005654
5, 161,16,215.324295, 217.836594, 128.378891, 73.105438,13.110517, 242.269974, 0.988467
5, 161,17,26.674660, 26.073599, 128.378891, 73.105438,13.110517, 242.269974, 1.023052
5, 161,18,140.264450, 140.911865, 128.378891, 73.105438,13.110517, 242.269974, 0.995406
5, 161,19,126.234261, 127.266594, 128.378891, 73.105438,13.110517, 242.269974, 0.991888
5, 161,20,232.638641, 233.053131, 128.378891, 73.105438,13.110517, 242.269974, 0.998221
5, 161,21,119.870369, 120.906326, 128.378891, 73.105438,13.110517, 242.269974, 0.991432
5, 161,22,242.269974, 243.841522, 128.378891, 73.105438,13.110517, 242.269974, 0.993555
5, 161,23,171.669312, 171.390045, 128.378891, 73.105438,13.110517, 242.269974, 1.001629
5, 161,24,161.694489, 162.586411, 128.378891, 73.105438,13.110517, 242.269974, 0.994514
5, 161,25,235.145920, 233.662094, 128.378891, 73.105438,13.110517, 242.269974, 1.006350
5, 161,26,185.428009, 186.538940, 128.378891, 73.105438,13.110517, 242.269974, 0.994044
5, 161,27,36.696053, 37.831833, 128.378891, 73.105438,13.110517, 242.269974, 0.969978
5, 161,28,113.923401, 113.643883, 128.378891, 73.105438,13.110517, 242.269974, 1.002460
5, 161,29,160.590958, 161.248199, 128.378891, 73.105438,13.110517, 242.269974, 0.995924
5, 161,30,100.153648, 99.667824, 128.378891, 73.105438,13.110517, 242.269974, 1.004874
5, 161,31,155.056870, 154.624786, 128.378891, 73.105438,13.110517, 242.269974, 1.002794
5, 162,0,143.966339, 144.178177, 128.537354, 52.740288,24.959141, 210.136826, 0.998531
5, 162,1,146.261276, 146.322464, 128.537354, 52.740288,24.959141, 210.136826, 0.999582
5, 162,2,88.891396, 89.331581, 128.537354, 52.740288,24.959141, 210.136826, 0.995072
5, 162,3,73.874603, 72.612915, 128.537354, 52.740288,24.959141, 210.136826, 1.017376
5, 162,4,58.013153, 57.053497, 128.537354, 52.740288,24.959141, 210.136826, 1.016820
5, 162,5,101.497627, 101.386436, 128.537354, 52.740288,24.959141, 210.136826, 1.001097
5, 162,6,24.959141, 25.043449, 128.537354, 52.740288,24.959141, 210.136826, 0.996634
5, 162,7,44.406612, 44.951729, 128.537354, 52.740288,24.959141, 210.136826, 0.987873
5, 162,8,180.485291, 181.086563, 128.537354, 52.740288,24.959141, 210.136826, 0.996680
5, 162,9,148.683258, 150.349686, 128.537354, 52.740288,24.959141, 210.136826, 0.988916
5, 162,10,54.710064, 56.363304, 128.537354, 52.740288,24.959141, 210.136826, 0.970668
5, 162,11,142.883484, 142.462753, 128.537354, 52.740288,24.959141, 210.136826, 1.002953
5, 162,12,210.136826, 210.020905, 128.537354, 52.740288,24.959141, 210.136826, 1.000552
5, 162,13,144.369064, 144.245178, 128.537354, 52.740288,24.959141, 210.136826, 1.000859
5, 162,14,209.787949, 210.416260, 128.537354, 52.740288,24.959141, 210.136826, 0.997014
5, 162,15,115.423317, 115.773201, 128.537354, 52.740288,24.959141, 210.136826, 0.996978
5, 162,16,187.965591, 188.356995, 128.537354, 52.740288,24.959141, 210.136826, 0.997922
5, 162,17,193.606659, 194.106339, 128.537354, 52.740288,24.959141, 210.136826, 0.997426
5, 162,18,189.603470, 188.973480, 128.537354, 52.740288,24.959141, 210.136826, 1.003334
5, 162,19,205.910416, 206.094193, 128.537354, 52.740288,24.959141, 210.136826, 0.999108
5, 162,20,145.643112, 145.169907, 128.537354, 52.740288,24.959141, 210.136826, 1.003260
5, 162,21,40.375336, 40.442047, 128.537354, 52.740288,24.959141, 210.136826, 0.998350
5, 162,22,79.788925, 79.722527, 128.537354, 52.740288,24.959141, 210.136826, 1.000833
5, 162,23,136.144257, 136.746933, 128.537354, 52.740288,24.959141, 210.136826, 0.995593
5, 162,24,181.874725, 182.875687, 128.537354, 52.740288,24.959141, 210.136826, 0.994527
5, 162,25,131.381744, 131.727966, 128.537354, 52.740288,24.959141, 210.136826, 0.997372
5, 162,26,112.514359, 112.516579, 128.537354, 52.740288,24.959141, 210.136826, 0.999980
5, 162,27,92.325058, 91.455750, 128.537354, 52.740288,24.959141, 210.136826, 1.009505
5, 162,28,92.983826, 94.739174, 128.537354, 52.740288,24.959141, 210.136826, 0.981472
5, 162,29,163.053955, 164.535416, 128.537354, 52.740288,24.959141, 210.136826, 0.990996
5, 162,30,125.910385, 126.072441, 128.537354, 52.740288,24.959141, 210.136826, 0.998715
5, 162,31,145.763763, 145.866806, 128.537354, 52.740288,24.959141, 210.136826, 0.999294
5, 163,0,105.031837, 104.309212, 128.607010, 58.382607,28.103813, 217.025085, 1.006928
5, 163,1,159.436478, 160.858017, 128.607010, 58.382607,28.103813, 217.025085, 0.991163
5, 163,2,171.112228, 170.018005, 128.607010, 58.382607,28.103813, 217.025085, 1.006436
5, 163,3,206.559769, 206.012238, 128.607010, 58.382607,28.103813, 217.025085, 1.002658
5, 163,4,79.420120, 78.468819, 128.607010, 58.382607,28.103813, 217.025085, 1.012123
5, 163,5,108.877235, 110.911736, 128.607010, 58.382607,28.103813, 217.025085, 0.981657
5, 163,6,112.773827, 112.766525, 128.607010, 58.382607,28.103813, 217.025085, 1.000065
5, 163,7,70.807465, 70.821777, 128.607010, 58.382607,28.103813, 217.025085, 0.999798
5, 163,8,40.796093, 40.752731, 128.607010, 58.382607,28.103813, 217.025085, 1.001064
5, 163,9,44.806999, 45.576439, 128.607010, 58.382607,28.103813, 217.025085, 0.983118
5, 163,10,184.201492, 183.450958, 128.607010, 58.382607,28.103813, 217.025085, 1.004091
5, 163,11,142.115021, 142.816589, 128.607010, 58.382607,28.103813, 217.025085, 0.995088
5, 163,12,80.038254, 78.272575, 128.607010, 58.382607,28.103813, 217.025085, 1.022558
5, 163,13,209.492859, 211.652573, 128.607010, 58.382607,28.103813, 217.025085, 0.989796
5, 163,14,85.481194, 87.793388, 128.607010, 58.382607,28.103813, 217.025085, 0.973663
5, 163,15,70.724609, 70.043144, 128.607010, 58.382607,28.103813, 217.025085, 1.009729
5, 163,16,78.039040, 76.563393, 128.607010, 58.382607,28.103813, 217.025085, 1.019274
5, 163,17,209.532623, 211.260086, 128.607010, 58.382607,28.103813, 217.025085, 0.991823
5, 163,18,28.103813, 28.161709, 128.607010, 58.382607,28.103813, 217.025085, 0.997944
5, 163,19,41.317467, 41.195850, 128.607010, 58.382607,28.103813, 217.025085, 1.002952
5, 163,20,90.308510, 89.876060, 128.607010, 58.382607,28.103813, 217.025085, 1.004812
5, 163,21,198.366806, 198.542450, 128.607010, 58.382607,28.103813, 217.025085, 0.999115
5, 163,22,147.212280, 147.121201, 128.607010, 58.382607,28.103813, 217.025085, 1.000619
5, 163,23,196.465988, 199.131165, 128.607010, 58.382607,28.103813, 217.025085, 0.986616
5, 163,24,156.215378, 156.091278, 128.607010, 58.382607,28.103813, 217.025085, 1.000795
5, 163,25,217.025085, 216.355988, 128.607010, 58.382607,28.103813, 217.025085, 1.003093
5, 163,26,157.616409, 157.762497, 128.607010, 58.382607,28.103813, 217.025085, 0.999074
5, 163,27,115.124199, 116.311501, 128.607010, 58.382607,28.103813, 217.025085, 0.989792
5, 163,28,131.983047, 133.036240, 128.607010, 58.382607,28.103813, 217.025085, 0.992083
5, 163,29,90.457642, 90.888908, 128.607010, 58.382607,28.103813, 217.025085, 0.995255
5, 163,30,204.939896, 204.473969, 128.607010, 58.382607,28.103813, 217.025085, 1.002279
5, 163,31,181.040253, 179.703400, 128.607010, 58.382607,28.103813, 217.025085, 1.007439
5, 164,0,32.602421, 32.559467, 128.888412, 66.938416,24.672626, 238.116516, 1.001319
5, 164,1,140.965622, 141.577393, 128.888412, 66.938416,24.672626, 238.116516, 0.995679
5, 164,2,183.017395, 183.472504, 128.888412, 66.938416,24.672626, 238.116516, 0.997519
5, 164,3,228.251022, 227.626480, 128.888412, 66.938416,24.672626, 238.116516, 1.002744
5, 164,4,186.172119, 187.178818, 128.888412, 66.938416,24.672626, 238.116516, 0.994622
5, 164,5,24.672626, 24.408525, 128.888412, 66.938416,24.672626, 238.116516, 1.010820
5, 164,6,71.177834, 71.800949, 128.888412, 66.938416,24.672626, 238.116516, 0.991322
5, 164,7,221.742783, 221.580902, 128.888412, 66.938416,24.672626, 238.116516, 1.000731
5, 164,8,191.727325, 192.200958, 128.888412, 66.938416,24.672626, 238.116516, 0.997536
5, 164,9,44.263184, 43.524860, 128.888412, 66.938416,24.672626, 238.116516, 1.016963
5, 164,10,168.138153, 166.848969, 128.888412, 66.938416,24.672626, 238.116516, 1.007727
5, 164,11,151.848114, 151.512039, 128.888412, 66.938416,24.672626, 238.116516, 1.002218
5, 164,12,135.318619, 135.670715, 128.888412, 66.938416,24.672626, 238.116516, 0.997405
5, 164,13,118.781349, 117.402359, 128.888412, 66.938416,24.672626, 238.116516, 1.011746
5, 164,14,47.412460, 45.710629, 128.888412, 66.938416,24.672626, 238.116516, 1.037230
5, 164,15,55.927505, 54.870388, 128.888412, 66.938416,24.672626, 238.116516, 1.019266
5, 164,16,126.061523, 125.706818, 128.888412, 66.938416,24.672626, 238.116516, 1.002822
5, 164,17,100.299088, 98.629608, 128.888412, 66.938416,24.672626, 238.116516, 1.016927
5, 164,18,219.018997, 218.532532, 128.888412, 66.938416,24.672626, 238.116516, 1.002226
5, 164,19,234.064835, 233.445465, 128.888412, 66.938416,24.672626, 238.116516, 1.002653
5, 164,20,108.625412, 108.074471, 128.888412, 66.938416,24.672626, 238.116516, 1.005098
5, 164,21,109.323891, 111.663811, 128.888412, 66.938416,24.672626, 238.116516, 0.979045
5, 164,22,68.069588, 67.414795, 128.888412, 66.938416,24.672626, 238.116516, 1.009713
5, 164,23,41.482224, 40.834682, 128.888412, 66.938416,24.672626, 238.116516, 1.015858
5, 164,24,61.224957, 60.389633, 128.888412, 66.938416,24.672626, 238.116516, 1.013832
5, 164,25,238.116516, 239.695724, 128.888412, 66.938416,24.672626, 238.116516, 0.993412
5, 164,26,131.812241, 133.082886, 128.888412, 66.938416,24.672626, 238.116516, 0.990452
5, 164,27,154.976044, 154.969803, 128.888412, 66.938416,24.672626, 238.116516, 1.000040
5, 164,28,30.433859, 31.426376, 128.888412, 66.938416,24.672626, 238.116516, 0.968418
5, 164,29,196.427155, 197.098846, 128.888412, 66.938416,24.672626, 238.116516, 0.996592
5, 164,30,132.385834, 133.309494, 128.888412, 66.938416,24.672626, 238.116516, 0.993071
5, 164,31,170.088486, 168.778870, 128.888412, 66.938416,24.672626, 238.116516, 1.007759
5, 165,0,82.150009, 81.781311, 128.468155, 58.362907,17.008150, 214.028641, 1.004508
5, 165,1,193.725418, 193.820618, 128.468155, 58.362907,17.008150, 214.028641, 0.999509
5, 165,2,24.465588, 24.382824, 128.468155, 58.362907,17.008150, 214.028641, 1.003394
5, 165,3,190.503754, 191.606903, 128.468155, 58.362907,17.008150, 214.028641, 0.994243
5, 165,4,134.383209, 132.633514, 128.468155, 58.362907,17.008150, 214.028641, 1.013192
5, 165,5,204.534912, 205.047318, 128.468155, 58.362907,17.008150, 214.028641, 0.997501
5, 165,6,49.093620, 50.270649, 128.468155, 58.362907,17.008150, 214.028641, 0.976586
5, 165,7,148.506302, 147.806946, 128.468155, 58.362907,17.008150, 214.028641, 1.004732
5, 165,8,146.593704, 146.681122, 128.468155, 58.362907,17.008150, 214.028641, 0.999404
5, 165,9,147.255447, 147.800613, 128.468155, 58.362907,17.008150, 214.028641, 0.996311
5, 165,10,124.473640, 125.208092, 128.468155, 58.362907,17.008150, 214.028641, 0.994134
5, 165,11,17.008150, 17.855528, 128.468155, 58.362907,17.008150, 214.028641, 0.952543
5, 165,12,214.028641, 216.754700, 128.468155, 58.362907,17.008150, 214.028641, 0.987423
5, 165,13,172.590027, 173.593582, 128.468155, 58.362907,17.008150, 214.028641, 0.994219
5, 165,14,58.728733, 59.131836, 128.468155, 58.362907,17.008150, 214.028641, 0.993183
5, 165,15,97.309692, 96.771324, 128.468155, 58.362907,17.008150, 214.028641, 1.005563
5, 165,16,179.115845, 179.621201, 128.468155, 58.362907,17.008150, 214.028641, 0.997187
5, 165,17,159.139252, 160.969070, 128.468155, 58.362907,17.008150, 214.028641, 0.988633
5, 165,18,79.953339, 80.889496, 128.468155, 58.362907,17.008150, 214.028641, 0.988427
5, 165,19,206.247696, 208.203445, 128.468155, 58.362907,17.008150, 214.028641, 0.990607
5, 165,20,173.984314, 173.821274, 128.468155, 58.362907,17.008150, 214.028641, 1.000938
5, 165,21,140.538147, 140.495361, 128.468155, 58.362907,17.008150, 214.028641, 1.000305
5, 165,22,106.615593, 107.359207, 128.468155, 58.362907,17.008150, 214.028641, 0.993074
5, 165,23,57.496479, 57.525311, 128.468155, 58.362907,17.008150, 214.028641, 0.999499
5, 165,24,124.769455, 124.385849, 128.468155, 58.362907,17.008150, 214.028641, 1.003084
5, 165,25,208.181015, 208.469086, 128.468155, 58.362907,17.008150, 214.028641, 0.998618
5, 165,26,132.295944, 131.931442, 128.468155, 58.362907,17.008150, 214.028641, 1.002763
5, 165,27,165.145187, 165.010681, 128.468155, 58.362907,17.008150, 214.028641, 1.000815
5, 165,28,182.293121, 181.651505, 128.468155, 58.362907,17.008150, 214.028641, 1.003532
5, 165,29,65.085823, 65.342880, 128.468155, 58.362907,17.008150, 214.028641, 0.996066
5, 165,30,81.894684, 80.604874, 128.468155, 58.362907,17.008150, 214.028641, 1.016002
5, 165,31,42.874008, 43.572578, 128.468155, 58.362907,17.008150, 214.028641, 0.983968
5, 166,0,112.718536, 112.219429, 128.717026, 65.486565,16.690414, 238.131271, 1.004448
5, 166,1,84.639778, 85.733803, 128.717026, 65.486565,16.690414, 238.131271, 0.987239
5, 166,2,83.489983, 83.764450, 128.717026, 65.486565,16.690414, 238.131271, 0.996723
5, 166,3,147.409637, 146.575272, 128.717026, 65.486565,16.690414, 238.131271, 1.005692
5, 166,4,232.052109, 231.667084, 128.717026, 65.486565,16.690414, 238.131271, 1.001662
5, 166,5,59.568886, 60.534718, 128.717026, 65.486565,16.690414, 238.131271, 0.984045
5, 166,6,79.999741, 80.357613, 128.717026, 65.486565,16.690414, 238.131271, 0.995547
5, 166,7,223.928329, 223.149994, 128.717026, 65.486565,16.690414, 238.131271, 1.003488
5, 166,8,78.560181, 79.322617, 128.717026, 65.486565,16.690414, 238.131271, 0.990388
5, 166,9,161.837738, 162.603210, 128.717026, 65.486565,16.690414, 238.131271, 0.995292
5, 166,10,28.884523, 29.923517, 128.717026, 65.486565,16.690414, 238.131271, 0.965278
5, 166,11,151.290970, 150.420547, 128.717026, 65.486565,16.690414, 238.131271, 1.005787
5, 166,12,44.872658, 46.404259, 128.717026, 65.486565,16.690414, 238.131271, 0.966994
5, 166,13,16.690414, 16.023054, 128.717026, 65.486565,16.690414, 238.131271, 1.041650
5, 166,14,197.926727, 197.821548, 128.717026, 65.486565,16.690414, 238.131271, 1.000532
5, 166,15,188.926682, 188.571335, 128.717026, 65.486565,16.690414, 238.131271, 1.001884
5, 166,16,69.204849, 69.619614, 128.717026, 65.486565,16.690414, 238.131271, 0.994042
5, 166,17,132.490128, 131.855438, 128.717026, 65.486565,16.690414, 238.131271, 1.004814
5, 166,18,89.967804, 89.190941, 128.717026, 65.486565,16.690414, 238.131271, 1.008710
5, 166,19,238.131271, 238.056717, 128.717026, 65.486565,16.690414, 238.131271, 1.000313
5, 166,20,136.542358, 136.282898, 128.717026, 65.486565,16.690414, 238.131271, 1.001904
5, 166,21,187.278687, 186.745743, 128.717026, 65.486565,16.690414, 238.131271, 1.002854
5, 166,22,227.808731, 227.563080, 128.717026, 65.486565,16.690414, 238.131271, 1.001079
5, 166,23,184.793152, 185.689194, 128.717026, 65.486565,16.690414, 238.131271, 0.995175
5, 166,24,100.206551, 99.849892, 128.717026, 65.486565,16.690414, 238.131271, 1.003572
5, 166,25,76.228645, 76.692024, 128.717026, 65.486565,16.690414, 238.131271, 0.993958
5, 166,26,83.336998, 82.808517, 128.717026, 65.486565,16.690414, 238.131271, 1.006382
5, 166,27,25.224363, 26.674805, 128.717026, 65.486565,16.690414, 238.131271, 0.945625
5, 166,28,167.775299, 167.576920, 128.717026, 65.486565,16.690414, 238.131271, 1.001184
5, 166,29,132.170197, 132.229187, 128.717026, 65.486565,16.690414, 238.131271, 0.999554
5, 166,30,164.049866, 163.501648, 128.717026, 65.486565,16.690414, 238.131271, 1.003353
5, 166,31,210.938751, 211.571075, 128.717026, 65.486565,16.690414, 238.131271, 0.997011
5, 167,0,220.017166, 222.250961, 128.715469, 56.737240,12.044085, 223.927963, 0.989949
5, 167,1,57.580135, 56.415325, 128.715469, 56.737240,12.044085, 223.927963, 1.020647
5, 167,2,143.791519, 142.974518, 128.715469, 56.737240,12.044085, 223.927963, 1.005714
5, 167,3,178.533920, 178.357361, 128.715469, 56.737240,12.044085, 223.927963, 1.000990
5, 167,4,171.562607, 171.232193, 128.715469, 56.737240,12.044085, 223.927963, 1.001930
5, 167,5,62.465584, 63.153038, 128.715469, 56.737240,12.044085, 223.927963, 0.989114
5, 167,6,164.507446, 165.361328, 128.715469, 56.737240,12.044085, 223.927963, 0.994836
5, 167,7,97.621346, 96.440994, 128.715469, 56.737240,12.044085, 223.927963, 1.012239
5, 167,8,121.786842, 122.085007, 128.715469, 56.737240,12.044085, 223.927963, 0.997558
5, 167,9,176.400482, 176.111435, 128.715469, 56.737240,12.044085, 223.927963, 1.001641
5, 167,10,105.097176, 105.201324, 128.715469, 56.737240,12.044085, 223.927963, 0.999010
5, 167,11,205.811920, 206.142197, 128.715469, 56.737240,12.044085, 223.927963, 0.998398
5, 167,12,74.951454, 76.339508, 128.715469, 56.737240,12.044085, 223.927963, 0.981817
5, 167,13,111.619881, 110.888321, 128.715469, 56.737240,12.044085, 223.927963, 1.006597
5, 167,14,39.968079, 41.199661, 128.715469, 56.737240,12.044085, 223.927963, 0.970107
5, 167,15,118.637550, 120.134613, 128.715469, 56.737240,12.044085, 223.927963, 0.987538
5, 167,16,36.319981, 35.709679, 128.715469, 56.737240,12.044085, 223.927963, 1.017091
5, 167,17,223.927963, 223.058701, 128.715469, 56.737240,12.044085, 223.927963, 1.003897
5, 167,18,83.706825, 83.957184, 128.715469, 56.737240,12.044085, 223.927963, 0.997018
5, 167,19,171.710632, 170.811905, 128.715469, 56.737240,12.044085, 223.927963, 1.005262
5, 167,20,131.433121, 130.707428, 128.715469, 56.737240,12.044085, 223.927963, 1.005552
5, 167,21,73.843292, 73.259598, 128.715469, 56.737240,12.044085, 223.927963, 1.007967
5, 167,22,80.816315, 81.107124, 128.715469, 56.737240,12.044085, 223.927963, 0.996414
5, 167,23,169.464249, 169.767746, 128.715469, 56.737240,12.044085, 223.927963, 0.998212
5, 167,24,173.797073, 173.103775, 128.715469, 56.737240,12.044085, 223.927963, 1.004005
5, 167,25,12.044085, 11.963523, 128.715469, 56.737240,12.044085, 223.927963, 1.006734
5, 167,26,159.901154, 161.887375, 128.715469, 56.737240,12.044085, 223.927963, 0.987731
5, 167,27,168.293594, 168.211380, 128.715469, 56.737240,12.044085, 223.927963, 1.000489
5, 167,28,92.166138, 91.318764, 128.715469, 56.737240,12.044085, 223.927963, 1.009279
5, 167,29,114.893394, 115.294754, 128.715469, 56.737240,12.044085, 223.927963, 0.996519
5, 167,30,190.769653, 190.959366, 128.715469, 56.737240,12.044085, 223.927963, 0.999007
5, 167,31,185.454117, 185.594147, 128.715469, 56.737240,12.044085, 223.927963, 0.999246
5, 168,0,19.472557, 18.509277, 128.863358, 57.040424,19.472557, 228.475983, 1.052043
5, 168,1,166.472687, 166.570694, 128.863358, 57.040424,19.472557, 228.475983, 0.999412
5, 168,2,185.243729, 186.135330, 128.863358, 57.040424,19.472557, 228.475983, 0.995210
5, 168,3,71.210297, 71.005478, 128.863358, 57.040424,19.472557, 228.475983, 1.002885
5, 168,4,203.550964, 203.944489, 128.863358, 57.040424,19.472557, 228.475983, 0.998070
5, 168,5,160.678436, 160.647690, 128.863358, 57.040424,19.472557, 228.475983, 1.000191
5, 168,6,179.555206, 179.254196, 128.863358, 57.040424,19.472557, 228.475983, 1.001679
5, 168,7,115.645012, 116.319061, 128.863358, 57.040424,19.472557, 228.475983, 0.994205
5, 168,8,142.336761, 141.960800, 128.863358, 57.040424,19.472557, 228.475983, 1.002648
5, 168,9,119.718971, 119.997482, 128.863358, 57.040424,19.472557, 228.475983, 0.997679
5, 168,10,117.486382, 116.908676, 128.863358, 57.040424,19.472557, 228.475983, 1.004941
5, 168,11,156.094376, 155.066406, 128.863358, 57.040424,19.472557, 228.475983, 1.006629
5, 168,12,158.894043, 158.805145, 128.863358, 57.040424,19.472557, 228.475983, 1.000560
5, 168,13,166.913452, 166.356277, 128.863358, 57.040424,19.472557, 228.475983, 1.003349
5, 168,14,175.585907, 174.791855, 128.863358, 57.040424,19.472557, 228.475983, 1.004543
5, 168,15,123.852592, 123.434692, 128.863358, 57.040424,19.472557, 228.475983, 1.003386
5, 168,16,44.584339, 44.224712, 128.863358, 57.040424,19.472557, 228.475983, 1.008132
5, 168,17,49.197948, 49.745693, 128.863358, 57.040424,19.472557, 228.475983, 0.988989
5, 168,18,122.895546, 122.201851, 128.863358, 57.040424,19.472557, 228.475983, 1.005677
5, 168,19,33.513794, 32.646736, 128.863358, 57.040424,19.472557, 228.475983, 1.026559
5, 168,20,159.674530, 160.460083, 128.863358, 57.040424,19.472557, 228.475983, 0.995104
5, 168,21,20.486082, 20.639946, 128.863358, 57.040424,19.472557, 228.475983, 0.992545
5, 168,22,136.270157, 136.212006, 128.863358, 57.040424,19.472557, 228.475983, 1.000427
5, 168,23,189.024277, 188.654617, 128.863358, 57.040424,19.472557, 228.475983, 1.001959
5, 168,24,41.951508, 42.140945, 128.863358, 57.040424,19.472557, 228.475983, 0.995505
5, 168,25,228.475983, 227.395264, 128.863358, 57.040424,19.472557, 228.475983, 1.004753
5, 168,26,111.897438, 111.917007, 128.863358, 57.040424,19.472557, 228.475983, 0.999825
5, 168,27,213.967087, 215.019958, 128.863358, 57.040424,19.472557, 228.475983, 0.995103
5, 168,28,147.356934, 147.615768, 128.863358, 57.040424,19.472557, 228.475983, 0.998247
5, 168,29,100.063316, 100.385941, 128.863358, 57.040424,19.472557, 228.475983, 0.996786
5, 168,30,110.551216, 110.382660, 128.863358, 57.040424,19.472557, 228.475983, 1.001527
5, 168,31,151.006088, 151.649307, 128.863358, 57.040424,19.472557, 228.475983, 0.995759
5, 169,0,17.550430, 17.586067, 128.698975, 73.639412,13.042160, 238.823029, 0.997974
5, 169,1,181.167633, 180.390945, 128.698975, 73.639412,13.042160, 238.823029, 1.004306
5, 169,2,87.810844, 88.619247, 128.698975, 73.639412,13.042160, 238.823029, 0.990878
5, 169,3,214.812637, 215.640137, 128.698975, 73.639412,13.042160, 238.823029, 0.996163
5, 169,4,36.954582, 37.022728, 128.698975, 73.639412,13.042160, 238.823029, 0.998159
5, 169,5,117.217842, 116.282356, 128.698975, 73.639412,13.042160, 238.823029, 1.008045
5, 169,6,220.891602, 219.517609, 128.698975, 73.639412,13.042160, 238.823029, 1.006259
5, 169,7,13.042160, 13.061169, 128.698975, 73.639412,13.042160, 238.823029, 0.998545
5, 169,8,55.410259, 56.832359, 128.698975, 73.639412,13.042160, 238.823029, 0.974977
5, 169,9,29.288475, 28.571087, 128.698975, 73.639412,13.042160, 238.823029, 1.025109
5, 169,10,176.467667, 178.821671, 128.698975, 73.639412,13.042160, 238.823029, 0.986836
5, 169,11,135.301804, 137.323486, 128.698975, 73.639412,13.042160, 238.823029, 0.985278
5, 169,12,98.733635, 99.512787, 128.698975, 73.639412,13.042160, 238.823029, 0.992170
5, 169,13,156.622772, 155.226044, 128.698975, 73.639412,13.042160, 238.823029, 1.008998
5, 169,14,65.316414, 65.664001, 128.698975, 73.639412,13.042160, 238.823029, 0.994707
5, 169,15,42.177353, 42.546906, 128.698975, 73.639412,13.042160, 238.823029, 0.991314
5, 169,16,126.540764, 126.957748, 128.698975, 73.639412,13.042160, 238.823029, 0.996716
5, 169,17,219.226807, 218.863159, 128.698975, 73.639412,13.042160, 238.823029, 1.001662
5, 169,18,158.066483, 157.886093, 128.698975, 73.639412,13.042160, 238.823029, 1.001143
5, 169,19,212.531158, 212.198959, 128.698975, 73.639412,13.042160, 238.823029, 1.001565
5, 169,20,156.650635, 156.675705, 128.698975, 73.639412,13.042160, 238.823029, 0.999840
5, 169,21,30.144381, 29.260729, 128.698975, 73.639412,13.042160, 238.823029, 1.030199
5, 169,22,170.044693, 171.003372, 128.698975, 73.639412,13.042160, 238.823029, 0.994394
5, 169,23,32.123501, 29.830740, 128.698975, 73.639412,13.042160, 238.823029, 1.076859
5, 169,24,104.672928, 106.423286, 128.698975, 73.639412,13.042160, 238.823029, 0.983553
5, 169,25,209.817505, 208.842239, 128.698975, 73.639412,13.042160, 238.823029, 1.004670
5, 169,26,223.429413, 223.585098, 128.698975, 73.639412,13.042160, 238.823029, 0.999304
5, 169,27,215.105896, 215.330490, 128.698975, 73.639412,13.042160, 238.823029, 0.998957
5, 169,28,238.823029, 239.249832, 128.698975, 73.639412,13.042160, 238.823029, 0.998216
5, 169,29,193.797363, 194.697510, 128.698975, 73.639412,13.042160, 238.823029, 0.995377
5, 169,30,57.372425, 57.486816, 128.698975, 73.639412,13.042160, 238.823029, 0.998010
5, 169,31,121.253929, 120.089462, 128.698975, 73.639412,13.042160, 238.823029, 1.009697
5, 170,0,186.942596, 186.614807, 129.047592, 66.430832,19.476202, 224.307587, 1.001757
5, 170,1,224.307587, 226.128738, 129.047592, 66.430832,19.476202, 224.307587, 0.991946
5, 170,2,89.445023, 88.961868, 129.047592, 66.430832,19.476202, 224.307587, 1.005431
5, 170,3,114.575554, 113.995491, 129.047592, 66.430832,19.476202, 224.307587, 1.005088
5, 170,4,38.591846, 38.254410, 129.047592, 66.430832,19.476202, 224.307587, 1.008821
5, 170,5,179.322418, 179.011658, 129.047592, 66.430832,19.476202, 224.307587, 1.001736
5, 170,6,173.665192, 173.170700, 129.047592, 66.430832,19.476202, 224.307587, 1.002856
5, 170,7,92.201363, 92.321243, 129.047592, 66.430832,19.476202, 224.307587, 0.998702
5, 170,8,95.954712, 96.822411, 129.047592, 66.430832,19.476202, 224.307587, 0.991038
5, 170,9,127.907394, 126.152611, 129.047592, 66.430832,19.476202, 224.307587, 1.013910
5, 170,10,86.264076, 85.285690, 129.047592, 66.430832,19.476202, 224.307587, 1.011472
5, 170,11,80.844658, 80.348923, 129.047592, 66.430832,19.476202, 224.307587, 1.006170
5, 170,12,111.681465, 111.890114, 129.047592, 66.430832,19.476202, 224.307587, 0.998135
5, 170,13,91.546043, 91.588646, 129.047592, 66.430832,19.476202, 224.307587, 0.999535
5, 170,14,96.922920, 96.697021, 129.047592, 66.430832,19.476202, 224.307587, 1.002336
5, 170,15,70.868706, 71.623787, 129.047592, 66.430832,19.476202, 224.307587, 0.989458
5, 170,16,169.035934, 166.676331, 129.047592, 66.430832,19.476202, 224.307587, 1.014157
5, 170,17,174.206680, 174.642487, 129.047592, 66.430832,19.476202, 224.307587, 0.997505
5, 170,18,50.706535, 51.903118, 129.047592, 66.430832,19.476202, 224.307587, 0.976946
5, 170,19,213.593063, 213.463425, 129.047592, 66.430832,19.476202, 224.307587, 1.000607
5, 170,20,20.133852, 20.005531, 129.047592, 66.430832,19.476202, 224.307587, 1.006414
5, 170,21,170.769562, 172.207108, 129.047592, 66.430832,19.476202, 224.307587, 0.991652
5, 170,22,205.303558, 204.216888, 129.047592, 66.430832,19.476202, 224.307587, 1.005321
5, 170,23,56.984459, 56.879482, 129.047592, 66.430832,19.476202, 224.307587, 1.001846
5, 170,24,196.512512, 194.000153, 129.047592, 66.430832,19.476202, 224.307587, 1.012950
5, 170,25,19.476202, 19.246536, 129.047592, 66.430832,19.476202, 224.307587, 1.011933
5, 170,26,30.889675, 29.529266, 129.047592, 66.430832,19.476202, 224.307587, 1.046070
5, 170,27,195.676407, 196.046143, 129.047592, 66.430832,19.476202, 224.307587, 0.998114
5, 170,28,219.705215, 218.611389, 129.047592, 66.430832,19.476202, 224.307587, 1.005004
5, 170,29,106.920982, 108.035736, 129.047592, 66.430832,19.476202, 224.307587, 0.989682
5, 170,30,217.352463, 215.159622, 129.047592, 66.430832,19.476202, 224.307587, 1.010192
5, 170,31,221.214539, 221.508774, 129.047592, 66.430832,19.476202, 224.307587, 0.998672
5, 171,0,164.178909, 163.163788, 129.124634, 64.196823,29.224430, 245.332825, 1.006222
5, 171,1,245.332825, 243.478836, 129.124634, 64.196823,29.224430, 245.332825, 1.007615
5, 171,2,167.385651, 167.430237, 129.124634, 64.196823,29.224430, 245.332825, 0.999734
5, 171,3,231.439835, 231.840439, 129.124634, 64.196823,29.224430, 245.332825, 0.998272
5, 171,4,129.711716, 131.238037, 129.124634, 64.196823,29.224430, 245.332825, 0.988370
5, 171,5,43.315590, 43.144733, 129.124634, 64.196823,29.224430, 245.332825, 1.003960
5, 171,6,29.224430, 30.018898, 129.124634, 64.196823,29.224430, 245.332825, 0.973534
5, 171,7,131.831345, 131.129211, 129.124634, 64.196823,29.224430, 245.332825, 1.005355
5, 171,8,171.635223, 170.927551, 129.124634, 64.196823,29.224430, 245.332825, 1.004140
5, 171,9,170.926376, 171.333878, 129.124634, 64.196823,29.224430, 245.332825, 0.997622
5, 171,10,49.593414, 48.361691, 129.124634, 64.196823,29.224430, 245.332825, 1.025469
5, 171,11,187.480637, 188.522995, 129.124634, 64.196823,29.224430, 245.332825, 0.994471
5, 171,12,215.919250, 215.485748, 129.124634, 64.196823,29.224430, 245.332825, 1.002012
5, 171,13,103.401619, 103.041794, 129.124634, 64.196823,29.224430, 245.332825, 1.003492
5, 171,14,50.107185, 50.132122, 129.124634, 64.196823,29.224430, 245.332825, 0.999503
5, 171,15,100.432510, 100.103180, 129.124634, 64.196823,29.224430, 245.332825, 1.003290
5, 171,16,191.104935, 191.853439, 129.124634, 64.196823,29.224430, 245.332825, 0.996099
5, 171,17,41.460773, 39.894112, 129.124634, 64.196823,29.224430, 245.332825, 1.039271
5, 171,18,78.140556, 77.472176, 129.124634, 64.196823,29.224430, 245.332825, 1.008627
5, 171,19,57.680092, 57.199322, 129.124634, 64.196823,29.224430, 245.332825, 1.008405
5, 171,20,118.644707, 118.235558, 129.124634, 64.196823,29.224430, 245.332825, 1.003460
5, 171,21,171.646652, 171.674911, 129.124634, 64.196823,29.224430, 245.332825, 0.999835
5, 171,22,135.889603, 135.562531, 129.124634, 64.196823,29.224430, 245.332825, 1.002413
5, 171,23,105.263916, 103.847191, 129.124634, 64.196823,29.224430, 245.332825, 1.013642
5, 171,24,42.987045, 40.481838, 129.124634, 64.196823,29.224430, 245.332825, 1.061885
5, 171,25,183.673553, 183.567261, 129.124634, 64.196823,29.224430, 245.332825, 1.000579
5, 171,26,155.404510, 155.240402, 129.124634, 64.196823,29.224430, 245.332825, 1.001057
5, 171,27,41.693386, 40.815605, 129.124634, 64.196823,29.224430, 245.332825, 1.021506
5, 171,28,232.866455, 230.868164, 129.124634, 64.196823,29.224430, 245.332825, 1.008656
5, 171,29,115.235176, 116.073303, 129.124634, 64.196823,29.224430, 245.332825, 0.992779
5, 171,30,177.171005, 177.196609, 129.124634, 64.196823,29.224430, 245.332825, 0.999856
5, 171,31,91.209175, 91.664619, 129.124634, 64.196823,29.224430, 245.332825, 0.995031
5, 172,0,51.824497, 51.487885, 128.967041, 69.781418,14.949675, 245.474472, 1.006538
5, 172,1,235.245300, 235.390625, 128.967041, 69.781418,14.949675, 245.474472, 0.999383
5, 172,2,170.047852, 169.358383, 128.967041, 69.781418,14.949675, 245.474472, 1.004071
5, 172,3,49.164093, 49.501301, 128.967041, 69.781418,14.949675, 245.474472, 0.993188
5, 172,4,185.871750, 186.294724, 128.967041, 69.781418,14.949675, 245.474472, 0.997730
5, 172,5,84.182671, 82.481438, 128.967041, 69.781418,14.949675, 245.474472, 1.020626
5, 172,6,205.615295, 205.671082, 128.967041, 69.781418,14.949675, 245.474472, 0.999729
5, 172,7,211.866577, 211.429291, 128.967041, 69.781418,14.949675, 245.474472, 1.002068
5, 172,8,225.501678, 226.105515, 128.967041, 69.781418,14.949675, 245.474472, 0.997329
5, 172,9,31.523390, 32.183495, 128.967041, 69.781418,14.949675, 245.474472, 0.979489
5, 172,10,164.817871, 164.355957, 128.967041, 69.781418,14.949675, 245.474472, 1.002810
5, 172,11,158.274323, 158.799286, 128.967041, 69.781418,14.949675, 245.474472, 0.996694
5, 172,12,107.925499, 107.083382, 128.967041, 69.781418,14.949675, 245.474472, 1.007864
5, 172,13,101.707146, 101.994560, 128.967041, 69.781418,14.949675, 245.474472, 0.997182
5, 172,14,160.193207, 161.188934, 128.967041, 69.781418,14.949675, 245.474472, 0.993823
5, 172,15,101.488754, 100.886108, 128.967041, 69.781418,14.949675, 245.474472, 1.005974
5, 172,16,245.474472, 243.970367, 128.967041, 69.781418,14.949675, 245.474472, 1.006165
5, 172,17,48.024113, 47.399559, 128.967041, 69.781418,14.949675, 245.474472, 1.013176
5, 172,18,171.337952, 171.136246, 128.967041, 69.781418,14.949675, 245.474472, 1.001179
5, 172,19,148.330460, 147.930664, 128.967041, 69.781418,14.949675, 245.474472, 1.002703
5, 172,20,82.003311, 82.769348, 128.967041, 69.781418,14.949675, 245.474472, 0.990745
5, 172,21,194.356094, 195.572632, 128.967041, 69.781418,14.949675, 245.474472, 0.993780
5, 172,22,33.938232, 33.205574, 128.967041, 69.781418,14.949675, 245.474472, 1.022064
5, 172,23,90.947731, 90.147049, 128.967041, 69.781418,14.949675, 245.474472, 1.008882
5, 172,24,91.249329, 90.283813, 128.967041, 69.781418,14.949675, 245.474472, 1.010694
5, 172,25,223.161835, 223.176041, 128.967041, 69.781418,14.949675, 245.474472, 0.999936
5, 172,26,198.344849, 198.394150, 128.967041, 69.781418,14.949675, 245.474472, 0.999752
5, 172,27,14.949675, 13.807615, 128.967041, 69.781418,14.949675, 245.474472, 1.082712
5, 172,28,53.446926, 53.481667, 128.967041, 69.781418,14.949675, 245.474472, 0.999350
5, 172,29,43.100399, 42.555466, 128.967041, 69.781418,14.949675, 245.474472, 1.012805
5, 172,30,161.739212, 161.815140, 128.967041, 69.781418,14.949675, 245.474472, 0.999531
5, 172,31,81.290703, 81.142654, 128.967041, 69.781418,14.949675, 245.474472, 1.001824
5, 173,0,128.958084, 128.385040, 128.815826, 81.533600,25.370226, 253.703354, 1.004463
5, 173,1,251.472534, 250.100311, 128.815826, 81.533600,25.370226, 253.703354, 1.005487
5, 173,2,135.676025, 135.068130, 128.815826, 81.533600,25.370226, 253.703354, 1.004501
5, 173,3,42.794540, 43.317268, 128.815826, 81.533600,25.370226, 253.703354, 0.987933
5, 173,4,68.718376, 69.868385, 128.815826, 81.533600,25.370226, 253.703354, 0.983540
5, 173,5,93.215965, 93.919945, 128.815826, 81.533600,25.370226, 253.703354, 0.992504
5, 173,6,29.002674, 29.513105, 128.815826, 81.533600,25.370226, 253.703354, 0.982705
5, 173,7,109.175064, 108.977661, 128.815826, 81.533600,25.370226, 253.703354, 1.001811
5, 173,8,112.450264, 112.164398, 128.815826, 81.533600,25.370226, 253.703354, 1.002549
5, 173,9,47.897259, 48.082272, 128.815826, 81.533600,25.370226, 253.703354, 0.996152
5, 173,10,249.830582, 249.133698, 128.815826, 81.533600,25.370226, 253.703354, 1.002797
5, 173,11,206.704010, 207.623047, 128.815826, 81.533600,25.370226, 253.703354, 0.995574
5, 173,12,224.349930, 223.654907, 128.815826, 81.533600,25.370226, 253.703354, 1.003108
5, 173,13,102.441437, 102.203957, 128.815826, 81.533600,25.370226, 253.703354, 1.002324
5, 173,14,25.370226, 27.277859, 128.815826, 81.533600,25.370226, 253.703354, 0.930067
5, 173,15,207.270950, 207.343643, 128.815826, 81.533600,25.370226, 253.703354, 0.999649
5, 173,16,54.052528, 53.466499, 128.815826, 81.533600,25.370226, 253.703354, 1.010961
5, 173,17,208.032654, 208.068588, 128.815826, 81.533600,25.370226, 253.703354, 0.999827
5, 173,18,212.583832, 212.886459, 128.815826, 81.533600,25.370226, 253.703354, 0.998578
5, 173,19,26.240595, 26.265955, 128.815826, 81.533600,25.370226, 253.703354, 0.999034
5, 173,20,248.421570, 247.034378, 128.815826, 81.533600,25.370226, 253.703354, 1.005615
5, 173,21,74.610916, 75.577324, 128.815826, 81.533600,25.370226, 253.703354, 0.987213
5, 173,22,77.669060, 78.099525, 128.815826, 81.533600,25.370226, 253.703354, 0.994488
5, 173,23,84.676331, 85.054474, 128.815826, 81.533600,25.370226, 253.703354, 0.995554
5, 173,24,253.703354, 253.438065, 128.815826, 81.533600,25.370226, 253.703354, 1.001047
5, 173,25,90.607727, 90.461357, 128.815826, 81.533600,25.370226, 253.703354, 1.001618
5, 173,26,163.684921, 163.665695, 128.815826, 81.533600,25.370226, 253.703354, 1.000117
5, 173,27,225.311157, 224.961319, 128.815826, 81.533600,25.370226, 253.703354, 1.001555
5, 173,28,241.012299, 241.166855, 128.815826, 81.533600,25.370226, 253.703354, 0.999359
5, 173,29,53.061630, 51.797615, 128.815826, 81.533600,25.370226, 253.703354, 1.024403
5, 173,30,34.442959, 34.836922, 128.815826, 81.533600,25.370226, 253.703354, 0.988691
5, 173,31,38.667255, 37.585670, 128.815826, 81.533600,25.370226, 253.703354, 1.028777
5, 174,0,14.780804, 15.172369, 128.778152, 62.480488,9.625192, 210.563599, 0.974192
5, 174,1,191.463364, 189.835846, 128.778152, 62.480488,9.625192, 210.563599, 1.008573
5, 174,2,199.854080, 200.391830, 128.778152, 62.480488,9.625192, 210.563599, 0.997316
5, 174,3,180.039764, 181.213104, 128.778152, 62.480488,9.625192, 210.563599, 0.993525
5, 174,4,72.952599, 72.567734, 128.778152, 62.480488,9.625192, 210.563599, 1.005304
5, 174,5,130.237885, 129.598236, 128.778152, 62.480488,9.625192, 210.563599, 1.004936
5, 174,6,28.434853, 26.016420, 128.778152, 62.480488,9.625192, 210.563599, 1.092958
5, 174,7,149.246948, 149.321091, 128.778152, 62.480488,9.625192, 210.563599, 0.999503
5, 174,8,191.696564, 191.685867, 128.778152, 62.480488,9.625192, 210.563599, 1.000056
5, 174,9,9.625192, 12.048463, 128.778152, 62.480488,9.625192, 210.563599, 0.798873
5, 174,10,197.238983, 197.171906, 128.778152, 62.480488,9.625192, 210.563599, 1.000340
5, 174,11,35.991512, 34.876022, 128.778152, 62.480488,9.625192, 210.563599, 1.031984
5, 174,12,194.454514, 193.791946, 128.778152, 62.480488,9.625192, 210.563599, 1.003419
5, 174,13,141.410004, 139.974976, 128.778152, 62.480488,9.625192, 210.563599, 1.010252
5, 174,14,189.064987, 191.148148, 128.778152, 62.480488,9.625192, 210.563599, 0.989102
5, 174,15,145.117142, 144.270340, 128.778152, 62.480488,9.625192, 210.563599, 1.005870
5, 174,16,112.335510, 113.159317, 128.778152, 62.480488,9.625192, 210.563599, 0.992720
5, 174,17,173.779312, 172.199860, 128.778152, 62.480488,9.625192, 210.563599, 1.009172
5, 174,18,174.132126, 173.236893, 128.778152, 62.480488,9.625192, 210.563599, 1.005168
5, 174,19,144.339798, 143.963074, 128.778152, 62.480488,9.625192, 210.563599, 1.002617
5, 174,20,148.899078, 148.757767, 128.778152, 62.480488,9.625192, 210.563599, 1.000950
5, 174,21,133.151245, 133.855194, 128.778152, 62.480488,9.625192, 210.563599, 0.994741
5, 174,22,194.227783, 194.803375, 128.778152, 62.480488,9.625192, 210.563599, 0.997045
5, 174,23,23.389376, 24.198410, 128.778152, 62.480488,9.625192, 210.563599, 0.966567
5, 174,24,210.563599, 211.562347, 128.778152, 62.480488,9.625192, 210.563599, 0.995279
5, 174,25,121.796181, 122.486229, 128.778152, 62.480488,9.625192, 210.563599, 0.994366
5, 174,26,157.467972, 157.028442, 128.778152, 62.480488,9.625192, 210.563599, 1.002799
5, 174,27,24.750053, 24.153599, 128.778152, 62.480488,9.625192, 210.563599, 1.024694
5, 174,28,68.375633, 70.429657, 128.778152, 62.480488,9.625192, 210.563599, 0.970836
5, 174,29,105.643944, 106.482605, 128.778152, 62.480488,9.625192, 210.563599, 0.992124
5, 174,30,126.684090, 127.440948, 128.778152, 62.480488,9.625192, 210.563599, 0.994061
5, 174,31,129.755966, 128.157898, 128.778152, 62.480488,9.625192, 210.563599, 1.012470
5, 175,0,177.283569, 176.975037, 128.704544, 63.930679,14.520338, 243.128311, 1.001743
5, 175,1,63.700939, 65.180939, 128.704544, 63.930679,14.520338, 243.128311, 0.977294
5, 175,2,79.272675, 80.913345, 128.704544, 63.930679,14.520338, 243.128311, 0.979723
5, 175,3,63.615582, 64.182053, 128.704544, 63.930679,14.520338, 243.128311, 0.991174
5, 175,4,40.120625, 40.730343, 128.704544, 63.930679,14.520338, 243.128311, 0.985030
5, 175,5,157.942001, 158.444290, 128.704544, 63.930679,14.520338, 243.128311, 0.996830
5, 175,6,62.049477, 63.594475, 128.704544, 63.930679,14.520338, 243.128311, 0.975705
5, 175,7,176.449753, 177.188034, 128.704544, 63.930679,14.520338, 243.128311, 0.995833
5, 175,8,103.652733, 101.897232, 128.704544, 63.930679,14.520338, 243.128311, 1.017228
5, 175,9,154.255707, 153.075302, 128.704544, 63.930679,14.520338, 243.128311, 1.007711
5, 175,10,223.512283, 222.659241, 128.704544, 63.930679,14.520338, 243.128311, 1.003831
5, 175,11,126.035072, 127.089645, 128.704544, 63.930679,14.520338, 243.128311, 0.991702
5, 175,12,14.520338, 13.048061, 128.704544, 63.930679,14.520338, 243.128311, 1.112835
5, 175,13,177.274246, 176.732666, 128.704544, 63.930679,14.520338, 243.128311, 1.003064
5, 175,14,153.049820, 151.283188, 128.704544, 63.930679,14.520338, 243.128311, 1.011678
5, 175,15,124.723335, 122.888458, 128.704544, 63.930679,14.520338, 243.128311, 1.014931
5, 175,16,135.543137, 135.807861, 128.704544, 63.930679,14.520338, 243.128311, 0.998051
5, 175,17,150.937119, 149.645309, 128.704544, 63.930679,14.520338, 243.128311, 1.008632
5, 175,18,79.736145, 81.846130, 128.704544, 63.930679,14.520338, 243.128311, 0.974220
5, 175,19,89.168396, 89.925331, 128.704544, 63.930679,14.520338, 243.128311, 0.991583
5, 175,20,150.978088, 150.445892, 128.704544, 63.930679,14.520338, 243.128311, 1.003537
5, 175,21,134.990479, 135.190887, 128.704544, 63.930679,14.520338, 243.128311, 0.998518
5, 175,22,225.197403, 225.303345, 128.704544, 63.930679,14.520338, 243.128311, 0.999530
5, 175,23,239.421875, 237.826111, 128.704544, 63.930679,14.520338, 243.128311, 1.006710
5, 175,24,147.165115, 149.740784, 128.704544, 63.930679,14.520338, 243.128311, 0.982799
5, 175,25,217.781479, 217.128662, 128.704544, 63.930679,14.520338, 243.128311, 1.003007
5, 175,26,86.087967, 86.539406, 128.704544, 63.930679,14.520338, 243.128311, 0.994783
5, 175,27,17.291727, 15.721543, 128.704544, 63.930679,14.520338, 243.128311, 1.099875
5, 175,28,72.066048, 73.025101, 128.704544, 63.930679,14.520338, 243.128311, 0.986867
5, 175,29,61.096909, 61.391060, 128.704544, 63.930679,14.520338, 243.128311, 0.995209
5, 175,30,170.497101, 170.048950, 128.704544, 63.930679,14.520338, 243.128311, 1.002635
5, 175,31,243.128311, 245.530716, 128.704544, 63.930679,14.520338, 243.128311, 0.990215
5, 176,0,195.543808, 195.787979, 128.743713, 66.733521,20.290119, 243.619614, 0.998753
5, 176,1,124.734894, 125.612022, 128.743713, 66.733521,20.290119, 243.619614, 0.993017
5, 176,2,187.770096, 187.068359, 128.743713, 66.733521,20.290119, 243.619614, 1.003751
5, 176,3,108.250633, 107.702271, 128.743713, 66.733521,20.290119, 243.619614, 1.005091
5, 176,4,215.435638, 214.190323, 128.743713, 66.733521,20.290119, 243.619614, 1.005814
5, 176,5,100.998863, 100.754524, 128.743713, 66.733521,20.290119, 243.619614, 1.002425
5, 176,6,28.103626, 28.012684, 128.743713, 66.733521,20.290119, 243.619614, 1.003246
5, 176,7,27.507559, 27.056910, 128.743713, 66.733521,20.290119, 243.619614, 1.016656
5, 176,8,123.566452, 123.678421, 128.743713, 66.733521,20.290119, 243.619614, 0.999095
5, 176,9,161.592072, 159.887604, 128.743713, 66.733521,20.290119, 243.619614, 1.010660
5, 176,10,20.290119, 21.550175, 128.743713, 66.733521,20.290119, 243.619614, 0.941529
5, 176,11,209.453644, 209.808456, 128.743713, 66.733521,20.290119, 243.619614, 0.998309
5, 176,12,187.696304, 188.715240, 128.743713, 66.733521,20.290119, 243.619614, 0.994601
5, 176,13,115.511131, 114.833824, 128.743713, 66.733521,20.290119, 243.619614, 1.005898
5, 176,14,243.619614, 241.540192, 128.743713, 66.733521,20.290119, 243.619614, 1.008609
5, 176,15,99.249893, 99.504662, 128.743713, 66.733521,20.290119, 243.619614, 0.997440
5, 176,16,69.947006, 71.912170, 128.743713, 66.733521,20.290119, 243.619614, 0.972673
5, 176,17,131.437897, 131.846619, 128.743713, 66.733521,20.290119, 243.619614, 0.996900
5, 176,18,197.704193, 197.339279, 128.743713, 66.733521,20.290119, 243.619614, 1.001849
5, 176,19,59.377018, 59.604729, 128.743713, 66.733521,20.290119, 243.619614, 0.996180
5, 176,20,202.028229, 201.449112, 128.743713, 66.733521,20.290119, 243.619614, 1.002875
5, 176,21,31.758270, 32.298969, 128.743713, 66.733521,20.290119, 243.619614, 0.983260
5, 176,22,119.116539, 118.642227, 128.743713, 66.733521,20.290119, 243.619614, 1.003998
5, 176,23,200.583344, 199.147888, 128.743713, 66.733521,20.290119, 243.619614, 1.007208
5, 176,24,141.803116, 144.433456, 128.743713, 66.733521,20.290119, 243.619614, 0.981789
5, 176,25,106.713211, 107.077347, 128.743713, 66.733521,20.290119, 243.619614, 0.996599
5, 176,26,107.768753, 108.319855, 128.743713, 66.733521,20.290119, 243.619614, 0.994912
5, 176,27,54.185280, 53.428951, 128.743713, 66.733521,20.290119, 243.619614, 1.014156
5, 176,28,195.752930, 197.361313, 128.743713, 66.733521,20.290119, 243.619614, 0.991851
5, 176,29,230.914383, 230.012085, 128.743713, 66.733521,20.290119, 243.619614, 1.003923
5, 176,30,61.818733, 61.758900, 128.743713, 66.733521,20.290119, 243.619614, 1.000969
5, 176,31,59.565796, 60.663433, 128.743713, 66.733521,20.290119, 243.619614, 0.981906
5, 177,0,241.923264, 243.023209, 128.921310, 82.377022,12.739583, 249.089218, 0.995474
5, 177,1,203.909332, 202.679001, 128.921310, 82.377022,12.739583, 249.089218, 1.006070
5, 177,2,244.570251, 244.267792, 128.921310, 82.377022,12.739583, 249.089218, 1.001238
5, 177,3,116.136421, 116.367439, 128.921310, 82.377022,12.739583, 249.089218, 0.998015
5, 177,4,128.292175, 128.318512, 128.921310, 82.377022,12.739583, 249.089218, 0.999795
5, 177,5,17.103479, 17.107658, 128.921310, 82.377022,12.739583, 249.089218, 0.999756
5, 177,6,95.131599, 94.939507, 128.921310, 82.377022,12.739583, 249.089218, 1.002023
5, 177,7,232.269073, 231.896866, 128.921310, 82.377022,12.739583, 249.089218, 1.001605
5, 177,8,22.656864, 23.375591, 128.921310, 82.377022,12.739583, 249.089218, 0.969253
5, 177,9,154.886856, 154.499878, 128.921310, 82.377022,12.739583, 249.089218, 1.002505
5, 177,10,46.690720, 46.677914, 128.921310, 82.377022,12.739583, 249.089218, 1.000274
5, 177,11,35.940098, 35.903961, 128.921310, 82.377022,12.739583, 249.089218, 1.001006
5, 177,12,118.361908, 117.829460, 128.921310, 82.377022,12.739583, 249.089218, 1.004519
5, 177,13,249.089218, 248.541367, 128.921310, 82.377022,12.739583, 249.089218, 1.002204
5, 177,14,221.645981, 222.022629, 128.921310, 82.377022,12.739583, 249.089218, 0.998304
5, 177,15,247.726685, 247.296799, 128.921310, 82.377022,12.739583, 249.089218, 1.001738
5, 177,16,31.887880, 31.952765, 128.921310, 82.377022,12.739583, 249.089218, 0.997969
5, 177,17,160.605042, 161.225159, 128.921310, 82.377022,12.739583, 249.089218, 0.996154
5, 177,18,76.242401, 75.948265, 128.921310, 82.377022,12.739583, 249.089218, 1.003873
5, 177,19,95.849625, 96.251579, 128.921310, 82.377022,12.739583, 249.089218, 0.995824
5, 177,20,77.377892, 76.735504, 128.921310, 82.377022,12.739583, 249.089218, 1.008371
5, 177,21,163.731842, 164.081711, 128.921310, 82.377022,12.739583, 249.089218, 0.997868
5, 177,22,217.069824, 216.706879, 128.921310, 82.377022,12.739583, 249.089218, 1.001675
5, 177,23,247.084152, 245.699814, 128.921310, 82.377022,12.739583, 249.089218, 1.005634
5, 177,24,13.932520, 13.538834, 128.921310, 82.377022,12.739583, 249.089218, 1.029078
5, 177,25,22.241110, 22.101013, 128.921310, 82.377022,12.739583, 249.089218, 1.006339
5, 177,26,148.699295, 148.374390, 128.921310, 82.377022,12.739583, 249.089218, 1.002190
5, 177,27,12.739583, 12.661623, 128.921310, 82.377022,12.739583, 249.089218, 1.006157
5, 177,28,173.595352, 173.116241, 128.921310, 82.377022,12.739583, 249.089218, 1.002768
5, 177,29,89.680016, 89.608765, 128.921310, 82.377022,12.739583, 249.089218, 1.000795
5, 177,30,51.001545, 50.456665, 128.921310, 82.377022,12.739583, 249.089218, 1.010799
5, 177,31,167.409515, 167.792999, 128.921310, 82.377022,12.739583, 249.089218, 0.997715
5, 178,0,87.592216, 85.590752, 128.688828, 63.145958,15.891728, 231.692902, 1.023384
5, 178,1,32.690636, 33.044312, 128.688828, 63.145958,15.891728, 231.692902, 0.989297
5, 178,2,86.296608, 87.415474, 128.688828, 63.145958,15.891728, 231.692902, 0.987201
5, 178,3,105.679718, 106.703423, 128.688828, 63.145958,15.891728, 231.692902, 0.990406
5, 178,4,231.692902, 234.156342, 128.688828, 63.145958,15.891728, 231.692902, 0.989479
5, 178,5,17.002499, 17.854881, 128.688828, 63.145958,15.891728, 231.692902, 0.952261
5, 178,6,222.565109, 221.361877, 128.688828, 63.145958,15.891728, 231.692902, 1.005436
5, 178,7,204.372421, 204.725494, 128.688828, 63.145958,15.891728, 231.692902, 0.998275
5, 178,8,118.506783, 116.048027, 128.688828, 63.145958,15.891728, 231.692902, 1.021187
5, 178,9,190.766479, 189.635864, 128.688828, 63.145958,15.891728, 231.692902, 1.005962
5, 178,10,150.773987, 151.950943, 128.688828, 63.145958,15.891728, 231.692902, 0.992254
5, 178,11,80.479126, 81.064583, 128.688828, 63.145958,15.891728, 231.692902, 0.992778
5, 178,12,100.124397, 100.024635, 128.688828, 63.145958,15.891728, 231.692902, 1.000997
5, 178,13,173.247482, 174.838455, 128.688828, 63.145958,15.891728, 231.692902, 0.990900
5, 178,14,85.412148, 86.182365, 128.688828, 63.145958,15.891728, 231.692902, 0.991063
5, 178,15,103.243332, 103.845154, 128.688828, 63.145958,15.891728, 231.692902, 0.994205
5, 178,16,202.334366, 201.717529, 128.688828, 63.145958,15.891728, 231.692902, 1.003058
5, 178,17,186.678436, 186.684921, 128.688828, 63.145958,15.891728, 231.692902, 0.999965
5, 178,18,121.035141, 122.170837, 128.688828, 63.145958,15.891728, 231.692902, 0.990704
5, 178,19,215.423096, 217.876358, 128.688828, 63.145958,15.891728, 231.692902, 0.988740
5, 178,20,219.580750, 219.622696, 128.688828, 63.145958,15.891728, 231.692902, 0.999809
5, 178,21,178.533112, 179.293350, 128.688828, 63.145958,15.891728, 231.692902, 0.995760
5, 178,22,130.102844, 129.890289, 128.688828, 63.145958,15.891728, 231.692902, 1.001636
5, 178,23,99.913124, 98.028839, 128.688828, 63.145958,15.891728, 231.692902, 1.019222
5, 178,24,122.126602, 121.507950, 128.688828, 63.145958,15.891728, 231.692902, 1.005091
5, 178,25,119.234482, 119.027458, 128.688828, 63.145958,15.891728, 231.692902, 1.001739
5, 178,26,17.260859, 17.398701, 128.688828, 63.145958,15.891728, 231.692902, 0.992077
5, 178,27,15.891728, 14.804165, 128.688828, 63.145958,15.891728, 231.692902, 1.073463
5, 178,28,163.825348, 163.027618, 128.688828, 63.145958,15.891728, 231.692902, 1.004893
5, 178,29,125.265678, 124.922188, 128.688828, 63.145958,15.891728, 231.692902, 1.002750
5, 178,30,155.680649, 156.234787, 128.688828, 63.145958,15.891728, 231.692902, 0.996453
5, 178,31,54.710133, 54.349430, 128.688828, 63.145958,15.891728, 231.692902, 1.006637
5, 179,0,107.401306, 107.752411, 128.783585, 66.644524,17.598505, 248.250198, 0.996742
5, 179,1,48.775124, 49.191780, 128.783585, 66.644524,17.598505, 248.250198, 0.991530
5, 179,2,230.404022, 230.999954, 128.783585, 66.644524,17.598505, 248.250198, 0.997420
5, 179,3,128.903946, 128.714249, 128.783585, 66.644524,17.598505, 248.250198, 1.001474
5, 179,4,39.150139, 38.815079, 128.783585, 66.644524,17.598505, 248.250198, 1.008632
5, 179,5,42.342087, 42.261574, 128.783585, 66.644524,17.598505, 248.250198, 1.001905
5, 179,6,199.977188, 199.787964, 128.783585, 66.644524,17.598505, 248.250198, 1.000947
5, 179,7,17.598505, 18.634846, 128.783585, 66.644524,17.598505, 248.250198, 0.944387
5, 179,8,107.932487, 107.908737, 128.783585, 66.644524,17.598505, 248.250198, 1.000220
5, 179,9,64.198555, 64.354866, 128.783585, 66.644524,17.598505, 248.250198, 0.997571
5, 179,10,131.892960, 131.915100, 128.783585, 66.644524,17.598505, 248.250198, 0.999832
5, 179,11,120.024902, 118.918159, 128.783585, 66.644524,17.598505, 248.250198, 1.009307
5, 179,12,197.815948, 197.599472, 128.783585, 66.644524,17.598505, 248.250198, 1.001096
5, 179,13,89.531212, 89.589455, 128.783585, 66.644524,17.598505, 248.250198, 0.999350
5, 179,14,141.999283, 141.793076, 128.783585, 66.644524,17.598505, 248.250198, 1.001454
5, 179,15,97.262650, 97.859558, 128.783585, 66.644524,17.598505, 248.250198, 0.993900
5, 179,16,170.366104, 170.667679, 128.783585, 66.644524,17.598505, 248.250198, 0.998233
5, 179,17,145.239075, 145.797836, 128.783585, 66.644524,17.598505, 248.250198, 0.996168
5, 179,18,199.667969, 199.892181, 128.783585, 66.644524,17.598505, 248.250198, 0.998878
5, 179,19,248.250198, 248.120758, 128.783585, 66.644524,17.598505, 248.250198, 1.000522
5, 179,20,122.756027, 122.580536, 128.783585, 66.644524,17.598505, 248.250198, 1.001432
5, 179,21,75.669464, 75.274971, 128.783585, 66.644524,17.598505, 248.250198, 1.005241
5, 179,22,26.898134, 27.210142, 128.783585, 66.644524,17.598505, 248.250198, 0.988533
5, 179,23,125.328651, 126.198227, 128.783585, 66.644524,17.598505, 248.250198, 0.993109
5, 179,24,225.299622, 224.858780, 128.783585, 66.644524,17.598505, 248.250198, 1.001961
5, 179,25,34.499138, 35.376022, 128.783585, 66.644524,17.598505, 248.250198, 0.975212
5, 179,26,186.292603, 185.131073, 128.783585, 66.644524,17.598505, 248.250198, 1.006274
5, 179,27,193.028671, 191.927277, 128.783585, 66.644524,17.598505, 248.250198, 1.005739
5, 179,28,105.587692, 105.690468, 128.783585, 66.644524,17.598505, 248.250198, 0.999028
5, 179,29,191.684662, 191.622070, 128.783585, 66.644524,17.598505, 248.250198, 1.000327
5, 179,30,221.848022, 221.464401, 128.783585, 66.644524,17.598505, 248.250198, 1.001732
5, 179,31,83.448936, 83.090996, 128.783585, 66.644524,17.598505, 248.250198, 1.004308
5, 180,0,32.878456, 33.180038, 128.854065, 69.131355,18.937811, 253.245132, 0.990911
5, 180,1,135.762558, 135.620575, 128.854065, 69.131355,18.937811, 253.245132, 1.001047
5, 180,2,105.832397, 105.267830, 128.854065, 69.131355,18.937811, 253.245132, 1.005363
5, 180,3,220.567566, 220.674133, 128.854065, 69.131355,18.937811, 253.245132, 0.999517
5, 180,4,189.837463, 189.615860, 128.854065, 69.131355,18.937811, 253.245132, 1.001169
5, 180,5,100.460587, 99.270966, 128.854065, 69.131355,18.937811, 253.245132, 1.011984
5, 180,6,47.704987, 47.752804, 128.854065, 69.131355,18.937811, 253.245132, 0.998999
5, 180,7,64.491188, 64.622421, 128.854065, 69.131355,18.937811, 253.245132, 0.997969
5, 180,8,18.937811, 18.591585, 128.854065, 69.131355,18.937811, 253.245132, 1.018623
5, 180,9,213.267761, 212.537216, 128.854065, 69.131355,18.937811, 253.245132, 1.003437
5, 180,10,153.114212, 153.352493, 128.854065, 69.131355,18.937811, 253.245132, 0.998446
5, 180,11,159.280167, 160.078384, 128.854065, 69.131355,18.937811, 253.245132, 0.995014
5, 180,12,186.440353, 185.696335, 128.854065, 69.131355,18.937811, 253.245132, 1.004007
5, 180,13,215.590652, 215.649323, 128.854065, 69.131355,18.937811, 253.245132, 0.999728
5, 180,14,228.957138, 228.693466, 128.854065, 69.131355,18.937811, 253.245132, 1.001153
5, 180,15,23.628147, 23.679119, 128.854065, 69.131355,18.937811, 253.245132, 0.997847
5, 180,16,66.588264, 65.602295, 128.854065, 69.131355,18.937811, 253.245132, 1.015030
5, 180,17,119.296097, 119.370255, 128.854065, 69.131355,18.937811, 253.245132, 0.999379
5, 180,18,57.649643, 57.504566, 128.854065, 69.131355,18.937811, 253.245132, 1.002523
5, 180,19,213.279114, 214.089340, 128.854065, 69.131355,18.937811, 253.245132, 0.996215
5, 180,20,180.266342, 179.378098, 128.854065, 69.131355,18.937811, 253.245132, 1.004952
5, 180,21,117.864922, 117.590797, 128.854065, 69.131355,18.937811, 253.245132, 1.002331
5, 180,22,79.935204, 80.167221, 128.854065, 69.131355,18.937811, 253.245132, 0.997106
5, 180,23,68.294052, 68.510574, 128.854065, 69.131355,18.937811, 253.245132, 0.996840
5, 180,24,155.361267, 155.084900, 128.854065, 69.131355,18.937811, 253.245132, 1.001782
5, 180,25,58.196251, 58.978310, 128.854065, 69.131355,18.937811, 253.245132, 0.986740
5, 180,26,57.052399, 56.987194, 128.854065, 69.131355,18.937811, 253.245132, 1.001144
5, 180,27,204.118118, 203.773163, 128.854065, 69.131355,18.937811, 253.245132, 1.001693
5, 180,28,119.197128, 118.515800, 128.854065, 69.131355,18.937811, 253.245132, 1.005749
5, 180,29,187.117844, 187.350388, 128.854065, 69.131355,18.937811, 253.245132, 0.998759
5, 180,30,89.116241, 89.958183, 128.854065, 69.131355,18.937811, 253.245132, 0.990641
5, 180,31,253.245132, 253.856766, 128.854065, 69.131355,18.937811, 253.245132, 0.997591
5, 181,0,197.450745, 198.189987, 128.885117, 69.780495,20.609358, 271.698242, 0.996270
5, 181,1,111.496223, 111.926445, 128.885117, 69.780495,20.609358, 271.698242, 0.996156
5, 181,2,31.472452, 30.151926, 128.885117, 69.780495,20.609358, 271.698242, 1.043796
5, 181,3,172.220108, 173.249237, 128.885117, 69.780495,20.609358, 271.698242, 0.994060
5, 181,4,104.910927, 103.402184, 128.885117, 69.780495,20.609358, 271.698242, 1.014591
5, 181,5,271.698242, 271.116119, 128.885117, 69.780495,20.609358, 271.698242, 1.002147
5, 181,6,102.537590, 102.875504, 128.885117, 69.780495,20.609358, 271.698242, 0.996715
5, 181,7,169.544662, 169.578613, 128.885117, 69.780495,20.609358, 271.698242, 0.999800
5, 181,8,246.841629, 247.220657, 128.885117, 69.780495,20.609358, 271.698242, 0.998467
5, 181,9,33.423588, 32.939323, 128.885117, 69.780495,20.609358, 271.698242, 1.014702
5, 181,10,56.699642, 55.530224, 128.885117, 69.780495,20.609358, 271.698242, 1.021059
5, 181,11,221.861328, 222.604034, 128.885117, 69.780495,20.609358, 271.698242, 0.996664
5, 181,12,45.714867, 44.583199, 128.885117, 69.780495,20.609358, 271.698242, 1.025383
5, 181,13,110.760788, 110.346375, 128.885117, 69.780495,20.609358, 271.698242, 1.003756
5, 181,14,212.893219, 212.208008, 128.885117, 69.780495,20.609358, 271.698242, 1.003229
5, 181,15,69.076340, 69.564453, 128.885117, 69.780495,20.609358, 271.698242, 0.992983
5, 181,16,147.873627, 146.461029, 128.885117, 69.780495,20.609358, 271.698242, 1.009645
5, 181,17,156.785278, 157.156860, 128.885117, 69.780495,20.609358, 271.698242, 0.997636
5, 181,18,109.387436, 110.241043, 128.885117, 69.780495,20.609358, 271.698242, 0.992257
5, 181,19,157.774841, 158.963821, 128.885117, 69.780495,20.609358, 271.698242, 0.992520
5, 181,20,35.748287, 34.640938, 128.885117, 69.780495,20.609358, 271.698242, 1.031966
5, 181,21,175.833252, 175.453217, 128.885117, 69.780495,20.609358, 271.698242, 1.002166
5, 181,22,20.609358, 19.909853, 128.885117, 69.780495,20.609358, 271.698242, 1.035134
5, 181,23,45.308407, 45.142300, 128.885117, 69.780495,20.609358, 271.698242, 1.003680
5, 181,24,82.481659, 83.185440, 128.885117, 69.780495,20.609358, 271.698242, 0.991540
5, 181,25,206.025055, 205.887741, 128.885117, 69.780495,20.609358, 271.698242, 1.000667
5, 181,26,179.878799, 180.882187, 128.885117, 69.780495,20.609358, 271.698242, 0.994453
5, 181,27,180.697266, 181.230606, 128.885117, 69.780495,20.609358, 271.698242, 0.997057
5, 181,28,63.370819, 62.830948, 128.885117, 69.780495,20.609358, 271.698242, 1.008592
5, 181,29,69.530403, 68.251785, 128.885117, 69.780495,20.609358, 271.698242, 1.018734
5, 181,30,152.786758, 153.226944, 128.885117, 69.780495,20.609358, 271.698242, 0.997127
5, 181,31,181.629807, 182.048996, 128.885117, 69.780495,20.609358, 271.698242, 0.997697
5, 182,0,234.325958, 235.089417, 128.555359, 75.827698,12.716460, 234.325958, 0.996753
5, 182,1,223.087814, 222.960541, 128.555359, 75.827698,12.716460, 234.325958, 1.000571
5, 182,2,16.237259, 16.236311, 128.555359, 75.827698,12.716460, 234.325958, 1.000058
5, 182,3,35.039200, 33.549263, 128.555359, 75.827698,12.716460, 234.325958, 1.044410
5, 182,4,155.252151, 154.957397, 128.555359, 75.827698,12.716460, 234.325958, 1.001902
5, 182,5,153.597366, 153.687683, 128.555359, 75.827698,12.716460, 234.325958, 0.999412
5, 182,6,212.992172, 212.494202, 128.555359, 75.827698,12.716460, 234.325958, 1.002343
5, 182,7,233.938156, 232.367615, 128.555359, 75.827698,12.716460, 234.325958, 1.006759
5, 182,8,224.050232, 223.949661, 128.555359, 75.827698,12.716460, 234.325958, 1.000449
5, 182,9,128.499039, 129.121246, 128.555359, 75.827698,12.716460, 234.325958, 0.995181
5, 182,10,99.403755, 98.535973, 128.555359, 75.827698,12.716460, 234.325958, 1.008807
5, 182,11,58.650112, 58.368237, 128.555359, 75.827698,12.716460, 234.325958, 1.004829
5, 182,12,12.716460, 13.318082, 128.555359, 75.827698,12.716460, 234.325958, 0.954827
5, 182,13,144.235992, 145.346878, 128.555359, 75.827698,12.716460, 234.325958, 0.992357
5, 182,14,221.749115, 223.619965, 128.555359, 75.827698,12.716460, 234.325958, 0.991634
5, 182,15,44.287846, 44.050678, 128.555359, 75.827698,12.716460, 234.325958, 1.005384
5, 182,16,233.082657, 234.612396, 128.555359, 75.827698,12.716460, 234.325958, 0.993480
5, 182,17,219.845734, 220.105438, 128.555359, 75.827698,12.716460, 234.325958, 0.998820
5, 182,18,170.055405, 168.720779, 128.555359, 75.827698,12.716460, 234.325958, 1.007910
5, 182,19,131.647659, 130.215576, 128.555359, 75.827698,12.716460, 234.325958, 1.010998
5, 182,20,70.515594, 72.033401, 128.555359, 75.827698,12.716460, 234.325958, 0.978929
5, 182,21,148.951355, 149.373474, 128.555359, 75.827698,12.716460, 234.325958, 0.997174
5, 182,22,109.308723, 110.117691, 128.555359, 75.827698,12.716460, 234.325958, 0.992654
5, 182,23,60.861839, 61.153179, 128.555359, 75.827698,12.716460, 234.325958, 0.995236
5, 182,24,46.678913, 48.140408, 128.555359, 75.827698,12.716460, 234.325958, 0.969641
5, 182,25,132.978836, 133.554718, 128.555359, 75.827698,12.716460, 234.325958, 0.995688
5, 182,26,233.875046, 233.707474, 128.555359, 75.827698,12.716460, 234.325958, 1.000717
5, 182,27,18.563826, 20.957388, 128.555359, 75.827698,12.716460, 234.325958, 0.885789
5, 182,28,28.563679, 28.736994, 128.555359, 75.827698,12.716460, 234.325958, 0.993969
5, 182,29,125.919365, 125.536598, 128.555359, 75.827698,12.716460, 234.325958, 1.003049
5, 182,30,74.808952, 76.186264, 128.555359, 75.827698,12.716460, 234.325958, 0.981922
5, 182,31,110.051216, 110.194855, 128.555359, 75.827698,12.716460, 234.325958, 0.998697
5, 183,0,17.557817, 16.929703, 128.781097, 71.117645,17.557817, 234.018326, 1.037101
5, 183,1,230.623566, 230.828339, 128.781097, 71.117645,17.557817, 234.018326, 0.999113
5, 183,2,210.284943, 210.004837, 128.781097, 71.117645,17.557817, 234.018326, 1.001334
5, 183,3,133.693451, 133.103729, 128.781097, 71.117645,17.557817, 234.018326, 1.004431
5, 183,4,234.018326, 234.805862, 128.781097, 71.117645,17.557817, 234.018326, 0.996646
5, 183,5,42.038544, 41.345379, 128.781097, 71.117645,17.557817, 234.018326, 1.016765
5, 183,6,97.968285, 98.159302, 128.781097, 71.117645,17.557817, 234.018326, 0.998054
5, 183,7,147.276932, 147.513641, 128.781097, 71.117645,17.557817, 234.018326, 0.998395
5, 183,8,123.872154, 123.015404, 128.781097, 71.117645,17.557817, 234.018326, 1.006965
5, 183,9,69.292732, 70.151466, 128.781097, 71.117645,17.557817, 234.018326, 0.987759
5, 183,10,212.806763, 213.080887, 128.781097, 71.117645,17.557817, 234.018326, 0.998713
5, 183,11,226.827866, 226.265884, 128.781097, 71.117645,17.557817, 234.018326, 1.002484
5, 183,12,42.325863, 43.657574, 128.781097, 71.117645,17.557817, 234.018326, 0.969496
5, 183,13,64.251244, 65.244934, 128.781097, 71.117645,17.557817, 234.018326, 0.984770
5, 183,14,47.252132, 48.178738, 128.781097, 71.117645,17.557817, 234.018326, 0.980767
5, 183,15,151.664886, 152.179337, 128.781097, 71.117645,17.557817, 234.018326, 0.996619
5, 183,16,107.801323, 108.839439, 128.781097, 71.117645,17.557817, 234.018326, 0.990462
5, 183,17,68.382477, 68.259048, 128.781097, 71.117645,17.557817, 234.018326, 1.001808
5, 183,18,36.829296, 35.785099, 128.781097, 71.117645,17.557817, 234.018326, 1.029180
5, 183,19,226.464645, 226.245255, 128.781097, 71.117645,17.557817, 234.018326, 1.000970
5, 183,20,147.340652, 146.385086, 128.781097, 71.117645,17.557817, 234.018326, 1.006528
5, 183,21,93.928795, 94.656601, 128.781097, 71.117645,17.557817, 234.018326, 0.992311
5, 183,22,167.706406, 167.091614, 128.781097, 71.117645,17.557817, 234.018326, 1.003679
5, 183,23,24.495878, 23.997036, 128.781097, 71.117645,17.557817, 234.018326, 1.020788
5, 183,24,190.458511, 189.160690, 128.781097, 71.117645,17.557817, 234.018326, 1.006861
5, 183,25,47.200298, 46.843719, 128.781097, 71.117645,17.557817, 234.018326, 1.007612
5, 183,26,168.777664, 168.144485, 128.781097, 71.117645,17.557817, 234.018326, 1.003766
5, 183,27,152.022736, 150.706665, 128.781097, 71.117645,17.557817, 234.018326, 1.008733
5, 183,28,83.653748, 85.745018, 128.781097, 71.117645,17.557817, 234.018326, 0.975611
5, 183,29,232.858124, 233.808060, 128.781097, 71.117645,17.557817, 234.018326, 0.995937
5, 183,30,111.122246, 111.399368, 128.781097, 71.117645,17.557817, 234.018326, 0.997512
5, 183,31,210.197159, 209.468094, 128.781097, 71.117645,17.557817, 234.018326, 1.003481
5, 184,0,152.095322, 151.955658, 128.880066, 95.774452,13.249331, 356.450653, 1.000919
5, 184,1,76.001251, 76.311172, 128.880066, 95.774452,13.249331, 356.450653, 0.995939
5, 184,2,356.450653, 356.778198, 128.880066, 95.774452,13.249331, 356.450653, 0.999082
5, 184,3,96.061211, 95.249458, 128.880066, 95.774452,13.249331, 356.450653, 1.008522
5, 184,4,300.796753, 301.310638, 128.880066, 95.774452,13.249331, 356.450653, 0.998294
5, 184,5,251.103363, 249.569885, 128.880066, 95.774452,13.249331, 356.450653, 1.006145
5, 184,6,255.013550, 254.546219, 128.880066, 95.774452,13.249331, 356.450653, 1.001836
5, 184,7,138.893387, 137.352646, 128.880066, 95.774452,13.249331, 356.450653, 1.011217
5, 184,8,137.944046, 140.557938, 128.880066, 95.774452,13.249331, 356.450653, 0.981403
5, 184,9,118.383873, 115.437263, 128.880066, 95.774452,13.249331, 356.450653, 1.025526
5, 184,10,36.995411, 36.848255, 128.880066, 95.774452,13.249331, 356.450653, 1.003994
5, 184,11,89.030182, 89.642944, 128.880066, 95.774452,13.249331, 356.450653, 0.993164
5, 184,12,99.981949, 100.345306, 128.880066, 95.774452,13.249331, 356.450653, 0.996379
5, 184,13,164.971451, 166.482635, 128.880066, 95.774452,13.249331, 356.450653, 0.990923
5, 184,14,171.452942, 171.111267, 128.880066, 95.774452,13.249331, 356.450653, 1.001997
5, 184,15,13.249331, 13.096622, 128.880066, 95.774452,13.249331, 356.450653, 1.011660
5, 184,16,58.658611, 58.437691, 128.880066, 95.774452,13.249331, 356.450653, 1.003780
5, 184,17,54.648819, 53.320110, 128.880066, 95.774452,13.249331, 356.450653, 1.024920
5, 184,18,115.391472, 115.306877, 128.880066, 95.774452,13.249331, 356.450653, 1.000734
5, 184,19,73.807869, 73.681755, 128.880066, 95.774452,13.249331, 356.450653, 1.001712
5, 184,20,158.355438, 158.942078, 128.880066, 95.774452,13.249331, 356.450653, 0.996309
5, 184,21,87.551552, 87.904488, 128.880066, 95.774452,13.249331, 356.450653, 0.995985
5, 184,22,85.100761, 83.199799, 128.880066, 95.774452,13.249331, 356.450653, 1.022848
5, 184,23,275.010834, 275.570648, 128.880066, 95.774452,13.249331, 356.450653, 0.997969
5, 184,24,55.889042, 55.025970, 128.880066, 95.774452,13.249331, 356.450653, 1.015685
5, 184,25,355.761505, 355.409149, 128.880066, 95.774452,13.249331, 356.450653, 1.000991
5, 184,26,15.155743, 14.911134, 128.880066, 95.774452,13.249331, 356.450653, 1.016404
5, 184,27,34.301559, 33.675575, 128.880066, 95.774452,13.249331, 356.450653, 1.018589
5, 184,28,58.629185, 57.807495, 128.880066, 95.774452,13.249331, 356.450653, 1.014214
5, 184,29,158.874832, 160.506699, 128.880066, 95.774452,13.249331, 356.450653, 0.989833
5, 184,30,34.945763, 36.228931, 128.880066, 95.774452,13.249331, 356.450653, 0.964582
5, 184,31,43.654396, 44.475723, 128.880066, 95.774452,13.249331, 356.450653, 0.981533
5, 185,0,15.566010, 15.133572, 128.869492, 56.533226,15.566010, 211.552185, 1.028575
5, 185,1,211.552185, 210.934570, 128.869492, 56.533226,15.566010, 211.552185, 1.002928
5, 185,2,64.462845, 64.362885, 128.869492, 56.533226,15.566010, 211.552185, 1.001553
5, 185,3,115.070076, 115.067947, 128.869492, 56.533226,15.566010, 211.552185, 1.000018
5, 185,4,86.110367, 86.070206, 128.869492, 56.533226,15.566010, 211.552185, 1.000467
5, 185,5,145.654251, 145.503601, 128.869492, 56.533226,15.566010, 211.552185, 1.001035
5, 185,6,161.039215, 161.207031, 128.869492, 56.533226,15.566010, 211.552185, 0.998959
5, 185,7,128.095917, 128.122620, 128.869492, 56.533226,15.566010, 211.552185, 0.999792
5, 185,8,153.800171, 153.714783, 128.869492, 56.533226,15.566010, 211.552185, 1.000556
5, 185,9,83.620674, 82.696167, 128.869492, 56.533226,15.566010, 211.552185, 1.011180
5, 185,10,200.164612, 200.850311, 128.869492, 56.533226,15.566010, 211.552185, 0.996586
5, 185,11,53.759777, 53.931770, 128.869492, 56.533226,15.566010, 211.552185, 0.996811
5, 185,12,206.554352, 206.961411, 128.869492, 56.533226,15.566010, 211.552185, 0.998033
5, 185,13,123.443947, 122.963814, 128.869492, 56.533226,15.566010, 211.552185, 1.003905
5, 185,14,196.948364, 197.255539, 128.869492, 56.533226,15.566010, 211.552185, 0.998443
5, 185,15,41.751583, 41.217667, 128.869492, 56.533226,15.566010, 211.552185, 1.012954
5, 185,16,158.000290, 157.769928, 128.869492, 56.533226,15.566010, 211.552185, 1.001460
5, 185,17,179.462509, 179.370041, 128.869492, 56.533226,15.566010, 211.552185, 1.000515
5, 185,18,121.246590, 121.134895, 128.869492, 56.533226,15.566010, 211.552185, 1.000922
5, 185,19,118.531288, 118.221245, 128.869492, 56.533226,15.566010, 211.552185, 1.002623
5, 185,20,203.045517, 203.656754, 128.869492, 56.533226,15.566010, 211.552185, 0.996999
5, 185,21,155.065857, 155.915802, 128.869492, 56.533226,15.566010, 211.552185, 0.994549
5, 185,22,113.575134, 114.090431, 128.869492, 56.533226,15.566010, 211.552185, 0.995483
5, 185,23,196.324203, 196.050995, 128.869492, 56.533226,15.566010, 211.552185, 1.001394
5, 185,24,119.862762, 120.176292, 128.869492, 56.533226,15.566010, 211.552185, 0.997391
5, 185,25,29.131805, 29.380180, 128.869492, 56.533226,15.566010, 211.552185, 0.991546
5, 185,26,165.765381, 165.533356, 128.869492, 56.533226,15.566010, 211.552185, 1.001402
5, 185,27,31.796879, 30.477528, 128.869492, 56.533226,15.566010, 211.552185, 1.043289
5, 185,28,124.911270, 124.691811, 128.869492, 56.533226,15.566010, 211.552185, 1.001760
5, 185,29,177.601563, 177.011368, 128.869492, 56.533226,15.566010, 211.552185, 1.003334
5, 185,30,86.594093, 85.483688, 128.869492, 56.533226,15.566010, 211.552185, 1.012990
5, 185,31,155.313980, 156.041916, 128.869492, 56.533226,15.566010, 211.552185, 0.995335
5, 186,0,68.647675, 69.540878, 128.742966, 58.960117,23.748686, 232.781448, 0.987156
5, 186,1,134.318634, 135.996719, 128.742966, 58.960117,23.748686, 232.781448, 0.987661
5, 186,2,98.541847, 99.272430, 128.742966, 58.960117,23.748686, 232.781448, 0.992641
5, 186,3,175.503372, 174.403809, 128.742966, 58.960117,23.748686, 232.781448, 1.006305
5, 186,4,201.306183, 201.498062, 128.742966, 58.960117,23.748686, 232.781448, 0.999048
5, 186,5,194.897934, 194.795197, 128.742966, 58.960117,23.748686, 232.781448, 1.000527
5, 186,6,160.990326, 159.407227, 128.742966, 58.960117,23.748686, 232.781448, 1.009931
5, 186,7,42.191212, 43.210251, 128.742966, 58.960117,23.748686, 232.781448, 0.976417
5, 186,8,23.748686, 24.346092, 128.742966, 58.960117,23.748686, 232.781448, 0.975462
5, 186,9,232.781448, 232.466949, 128.742966, 58.960117,23.748686, 232.781448, 1.001353
5, 186,10,38.531246, 36.670013, 128.742966, 58.960117,23.748686, 232.781448, 1.050756
5, 186,11,48.056549, 48.265671, 128.742966, 58.960117,23.748686, 232.781448, 0.995667
5, 186,12,190.065063, 190.446838, 128.742966, 58.960117,23.748686, 232.781448, 0.997995
5, 186,13,61.241566, 61.402706, 128.742966, 58.960117,23.748686, 232.781448, 0.997376
5, 186,14,197.628906, 198.500153, 128.742966, 58.960117,23.748686, 232.781448, 0.995611
5, 186,15,115.845970, 115.937645, 128.742966, 58.960117,23.748686, 232.781448, 0.999209
5, 186,16,61.783623, 62.449142, 128.742966, 58.960117,23.748686, 232.781448, 0.989343
5, 186,17,112.720810, 114.042755, 128.742966, 58.960117,23.748686, 232.781448, 0.988408
5, 186,18,195.757416, 195.254776, 128.742966, 58.960117,23.748686, 232.781448, 1.002574
5, 186,19,94.028099, 94.733154, 128.742966, 58.960117,23.748686, 232.781448, 0.992557
5, 186,20,79.747826, 78.173981, 128.742966, 58.960117,23.748686, 232.781448, 1.020133
5, 186,21,171.248154, 169.404953, 128.742966, 58.960117,23.748686, 232.781448, 1.010880
5, 186,22,77.809227, 76.816444, 128.742966, 58.960117,23.748686, 232.781448, 1.012924
5, 186,23,167.259521, 168.167618, 128.742966, 58.960117,23.748686, 232.781448, 0.994600
5, 186,24,194.752853, 193.522507, 128.742966, 58.960117,23.748686, 232.781448, 1.006358
5, 186,25,114.151596, 114.608391, 128.742966, 58.960117,23.748686, 232.781448, 0.996014
5, 186,26,106.490105, 106.399521, 128.742966, 58.960117,23.748686, 232.781448, 1.000851
5, 186,27,120.013840, 120.491066, 128.742966, 58.960117,23.748686, 232.781448, 0.996039
5, 186,28,143.650635, 145.004562, 128.742966, 58.960117,23.748686, 232.781448, 0.990663
5, 186,29,113.691437, 113.081161, 128.742966, 58.960117,23.748686, 232.781448, 1.005397
5, 186,30,168.646362, 168.938293, 128.742966, 58.960117,23.748686, 232.781448, 0.998272
5, 186,31,213.727158, 213.751266, 128.742966, 58.960117,23.748686, 232.781448, 0.999887
5, 187,0,210.681763, 210.354599, 128.926697, 69.445457,30.994942, 242.904404, 1.001555
5, 187,1,219.303574, 219.547684, 128.926697, 69.445457,30.994942, 242.904404, 0.998888
5, 187,2,157.472214, 158.154861, 128.926697, 69.445457,30.994942, 242.904404, 0.995684
5, 187,3,65.350304, 64.467422, 128.926697, 69.445457,30.994942, 242.904404, 1.013695
5, 187,4,77.722115, 75.978577, 128.926697, 69.445457,30.994942, 242.904404, 1.022948
5, 187,5,31.467344, 31.258566, 128.926697, 69.445457,30.994942, 242.904404, 1.006679
5, 187,6,175.939682, 175.605148, 128.926697, 69.445457,30.994942, 242.904404, 1.001905
5, 187,7,125.088913, 127.012100, 128.926697, 69.445457,30.994942, 242.904404, 0.984858
5, 187,8,115.409187, 115.414558, 128.926697, 69.445457,30.994942, 242.904404, 0.999953
5, 187,9,111.679848, 111.282349, 128.926697, 69.445457,30.994942, 242.904404, 1.003572
5, 187,10,240.304138, 240.374313, 128.926697, 69.445457,30.994942, 242.904404, 0.999708
5, 187,11,92.516106, 93.097740, 128.926697, 69.445457,30.994942, 242.904404, 0.993752
5, 187,12,50.988255, 49.803123, 128.926697, 69.445457,30.994942, 242.904404, 1.023796
5, 187,13,104.098091, 104.832069, 128.926697, 69.445457,30.994942, 242.904404, 0.992999
5, 187,14,154.308075, 154.987305, 128.926697, 69.445457,30.994942, 242.904404, 0.995618
5, 187,15,214.158539, 212.442307, 128.926697, 69.445457,30.994942, 242.904404, 1.008079
5, 187,16,40.741154, 40.034115, 128.926697, 69.445457,30.994942, 242.904404, 1.017661
5, 187,17,220.196579, 219.540497, 128.926697, 69.445457,30.994942, 242.904404, 1.002988
5, 187,18,175.572296, 174.345352, 128.926697, 69.445457,30.994942, 242.904404, 1.007037
5, 187,19,35.803532, 35.606743, 128.926697, 69.445457,30.994942, 242.904404, 1.005527
5, 187,20,135.156250, 134.801392, 128.926697, 69.445457,30.994942, 242.904404, 1.002632
5, 187,21,79.332222, 80.002808, 128.926697, 69.445457,30.994942, 242.904404, 0.991618
5, 187,22,107.908165, 107.531677, 128.926697, 69.445457,30.994942, 242.904404, 1.003501
5, 187,23,195.357010, 194.423264, 128.926697, 69.445457,30.994942, 242.904404, 1.004803
5, 187,24,30.994942, 30.581861, 128.926697, 69.445457,30.994942, 242.904404, 1.013507
5, 187,25,184.040634, 184.992630, 128.926697, 69.445457,30.994942, 242.904404, 0.994854
5, 187,26,47.241589, 47.441856, 128.926697, 69.445457,30.994942, 242.904404, 0.995779
5, 187,27,242.904404, 242.656387, 128.926697, 69.445457,30.994942, 242.904404, 1.001022
5, 187,28,35.976460, 35.534756, 128.926697, 69.445457,30.994942, 242.904404, 1.012430
5, 187,29,224.266357, 224.759750, 128.926697, 69.445457,30.994942, 242.904404, 0.997805
5, 187,30,141.211914, 140.632553, 128.926697, 69.445457,30.994942, 242.904404, 1.004120
5, 187,31,82.462776, 83.501511, 128.926697, 69.445457,30.994942, 242.904404, 0.987560
5, 188,0,214.594742, 214.184113, 128.919861, 61.831890,11.328587, 214.594742, 1.001917
5, 188,1,174.746338, 174.358795, 128.919861, 61.831890,11.328587, 214.594742, 1.002223
5, 188,2,208.413483, 208.381927, 128.919861, 61.831890,11.328587, 214.594742, 1.000151
5, 188,3,114.778275, 114.290543, 128.919861, 61.831890,11.328587, 214.594742, 1.004267
5, 188,4,162.533325, 162.786789, 128.919861, 61.831890,11.328587, 214.594742, 0.998443
5, 188,5,180.423569, 181.002823, 128.919861, 61.831890,11.328587, 214.594742, 0.996800
5, 188,6,79.000137, 81.096298, 128.919861, 61.831890,11.328587, 214.594742, 0.974152
5, 188,7,133.058151, 133.937714, 128.919861, 61.831890,11.328587, 214.594742, 0.993433
5, 188,8,61.063080, 60.328850, 128.919861, 61.831890,11.328587, 214.594742, 1.012170
5, 188,9,191.107666, 190.003983, 128.919861, 61.831890,11.328587, 214.594742, 1.005809
5, 188,10,114.774643, 114.102745, 128.919861, 61.831890,11.328587, 214.594742, 1.005889
5, 188,11,24.203766, 26.092022, 128.919861, 61.831890,11.328587, 214.594742, 0.927631
5, 188,12,109.284683, 109.038780, 128.919861, 61.831890,11.328587, 214.594742, 1.002255
5, 188,13,75.541084, 74.724243, 128.919861, 61.831890,11.328587, 214.594742, 1.010931
5, 188,14,202.375870, 202.061676, 128.919861, 61.831890,11.328587, 214.594742, 1.001555
5, 188,15,183.265564, 183.152740, 128.919861, 61.831890,11.328587, 214.594742, 1.000616
5, 188,16,70.320549, 69.705612, 128.919861, 61.831890,11.328587, 214.594742, 1.008822
5, 188,17,178.422653, 179.034225, 128.919861, 61.831890,11.328587, 214.594742, 0.996584
5, 188,18,116.848160, 116.259140, 128.919861, 61.831890,11.328587, 214.594742, 1.005066
5, 188,19,49.371300, 49.682858, 128.919861, 61.831890,11.328587, 214.594742, 0.993729
5, 188,20,135.662598, 134.572327, 128.919861, 61.831890,11.328587, 214.594742, 1.008102
5, 188,21,210.796265, 210.641922, 128.919861, 61.831890,11.328587, 214.594742, 1.000733
5, 188,22,199.522049, 198.629578, 128.919861, 61.831890,11.328587, 214.594742, 1.004493
5, 188,23,98.697449, 98.619438, 128.919861, 61.831890,11.328587, 214.594742, 1.000791
5, 188,24,11.328587, 11.819661, 128.919861, 61.831890,11.328587, 214.594742, 0.958453
5, 188,25,104.910217, 104.311554, 128.919861, 61.831890,11.328587, 214.594742, 1.005739
5, 188,26,179.027435, 177.920395, 128.919861, 61.831890,11.328587, 214.594742, 1.006222
5, 188,27,104.369095, 104.395737, 128.919861, 61.831890,11.328587, 214.594742, 0.999745
5, 188,28,208.009247, 207.073837, 128.919861, 61.831890,11.328587, 214.594742, 1.004517
5, 188,29,23.442753, 23.430523, 128.919861, 61.831890,11.328587, 214.594742, 1.000522
5, 188,30,146.216919, 146.351563, 128.919861, 61.831890,11.328587, 214.594742, 0.999080
5, 188,31,59.325909, 59.007813, 128.919861, 61.831890,11.328587, 214.594742, 1.005391
5, 189,0,48.986191, 48.091396, 128.867691, 71.968376,20.318045, 234.237854, 1.018606
5, 189,1,185.709320, 186.554794, 128.867691, 71.968376,20.318045, 234.237854, 0.995468
5, 189,2,222.175201, 222.462799, 128.867691, 71.968376,20.318045, 234.237854, 0.998707
5, 189,3,230.646240, 230.931534, 128.867691, 71.968376,20.318045, 234.237854, 0.998765
5, 189,4,21.318859, 20.838261, 128.867691, 71.968376,20.318045, 234.237854, 1.023063
5, 189,5,127.595665, 127.030281, 128.867691, 71.968376,20.318045, 234.237854, 1.004451
5, 189,6,41.984196, 40.982819, 128.867691, 71.968376,20.318045, 234.237854, 1.024434
5, 189,7,220.753571, 219.477615, 128.867691, 71.968376,20.318045, 234.237854, 1.005814
5, 189,8,62.639622, 63.045898, 128.867691, 71.968376,20.318045, 234.237854, 0.993556
5, 189,9,30.194197, 30.495333, 128.867691, 71.968376,20.318045, 234.237854, 0.990125
5, 189,10,79.783607, 79.453621, 128.867691, 71.968376,20.318045, 234.237854, 1.004153
5, 189,11,166.719131, 166.961472, 128.867691, 71.968376,20.318045, 234.237854, 0.998549
5, 189,12,227.085098, 226.536087, 128.867691, 71.968376,20.318045, 234.237854, 1.002424
5, 189,13,112.046745, 110.916069, 128.867691, 71.968376,20.318045, 234.237854, 1.010194
5, 189,14,112.047272, 112.584045, 128.867691, 71.968376,20.318045, 234.237854, 0.995232
5, 189,15,86.733963, 86.032455, 128.867691, 71.968376,20.318045, 234.237854, 1.008154
5, 189,16,234.237854, 234.797226, 128.867691, 71.968376,20.318045, 234.237854, 0.997618
5, 189,17,153.998001, 154.211838, 128.867691, 71.968376,20.318045, 234.237854, 0.998613
5, 189,18,41.994881, 42.801121, 128.867691, 71.968376,20.318045, 234.237854, 0.981163
5, 189,19,26.196178, 25.756279, 128.867691, 71.968376,20.318045, 234.237854, 1.017079
5, 189,20,83.825943, 85.087509, 128.867691, 71.968376,20.318045, 234.237854, 0.985173
5, 189,21,88.060341, 87.192169, 128.867691, 71.968376,20.318045, 234.237854, 1.009957
5, 189,22,216.210342, 216.678574, 128.867691, 71.968376,20.318045, 234.237854, 0.997839
5, 189,23,90.200836, 90.077126, 128.867691, 71.968376,20.318045, 234.237854, 1.001373
5, 189,24,139.352570, 139.600952, 128.867691, 71.968376,20.318045, 234.237854, 0.998221
5, 189,25,201.553574, 202.447098, 128.867691, 71.968376,20.318045, 234.237854, 0.995586
5, 189,26,194.177811, 193.205231, 128.867691, 71.968376,20.318045, 234.237854, 1.005034
5, 189,27,173.963287, 174.556839, 128.867691, 71.968376,20.318045, 234.237854, 0.996600
5, 189,28,184.560715, 185.366455, 128.867691, 71.968376,20.318045, 234.237854, 0.995653
5, 189,29,20.318045, 20.186817, 128.867691, 71.968376,20.318045, 234.237854, 1.006501
5, 189,30,195.806412, 193.620438, 128.867691, 71.968376,20.318045, 234.237854, 1.011290
5, 189,31,102.889938, 103.020035, 128.867691, 71.968376,20.318045, 234.237854, 0.998737
5, 190,0,114.612457, 114.420296, 128.823212, 74.303535,12.107891, 247.708664, 1.001679
5, 190,1,47.628098, 48.016254, 128.823212, 74.303535,12.107891, 247.708664, 0.991916
5, 190,2,206.441101, 206.821960, 128.823212, 74.303535,12.107891, 247.708664, 0.998159
5, 190,3,25.956146, 25.720726, 128.823212, 74.303535,12.107891, 247.708664, 1.009153
5, 190,4,25.085005, 25.600086, 128.823212, 74.303535,12.107891, 247.708664, 0.979880
5, 190,5,12.107891, 11.078208, 128.823212, 74.303535,12.107891, 247.708664, 1.092947
5, 190,6,218.926117, 216.910370, 128.823212, 74.303535,12.107891, 247.708664, 1.009293
5, 190,7,117.230820, 118.627563, 128.823212, 74.303535,12.107891, 247.708664, 0.988226
5, 190,8,160.534027, 161.499527, 128.823212, 74.303535,12.107891, 247.708664, 0.994022
5, 190,9,207.888306, 207.221573, 128.823212, 74.303535,12.107891, 247.708664, 1.003217
5, 190,10,180.775284, 180.040161, 128.823212, 74.303535,12.107891, 247.708664, 1.004083
5, 190,11,132.430450, 132.712128, 128.823212, 74.303535,12.107891, 247.708664, 0.997878
5, 190,12,182.433685, 181.540619, 128.823212, 74.303535,12.107891, 247.708664, 1.004919
5, 190,13,148.128143, 147.889984, 128.823212, 74.303535,12.107891, 247.708664, 1.001610
5, 190,14,39.644672, 39.564011, 128.823212, 74.303535,12.107891, 247.708664, 1.002039
5, 190,15,233.792984, 234.154160, 128.823212, 74.303535,12.107891, 247.708664, 0.998458
5, 190,16,217.074997, 216.103592, 128.823212, 74.303535,12.107891, 247.708664, 1.004495
5, 190,17,149.751831, 149.518600, 128.823212, 74.303535,12.107891, 247.708664, 1.001560
5, 190,18,59.494057, 58.949131, 128.823212, 74.303535,12.107891, 247.708664, 1.009244
5, 190,19,70.402580, 70.854660, 128.823212, 74.303535,12.107891, 247.708664, 0.993620
5, 190,20,130.136948, 130.133469, 128.823212, 74.303535,12.107891, 247.708664, 1.000027
5, 190,21,112.294350, 114.533386, 128.823212, 74.303535,12.107891, 247.708664, 0.980451
5, 190,22,185.423737, 186.011795, 128.823212, 74.303535,12.107891, 247.708664, 0.996839
5, 190,23,215.581024, 216.427811, 128.823212, 74.303535,12.107891, 247.708664, 0.996087
5, 190,24,40.527042, 40.039024, 128.823212, 74.303535,12.107891, 247.708664, 1.012189
5, 190,25,235.936569, 235.307770, 128.823212, 74.303535,12.107891, 247.708664, 1.002672
5, 190,26,72.402588, 72.000732, 128.823212, 74.303535,12.107891, 247.708664, 1.005581
5, 190,27,167.255768, 167.229858, 128.823212, 74.303535,12.107891, 247.708664, 1.000155
5, 190,28,53.481754, 53.083076, 128.823212, 74.303535,12.107891, 247.708664, 1.007510
5, 190,29,78.212112, 77.203270, 128.823212, 74.303535,12.107891, 247.708664, 1.013067
5, 190,30,247.708664, 247.416870, 128.823212, 74.303535,12.107891, 247.708664, 1.001179
5, 190,31,33.042999, 34.369007, 128.823212, 74.303535,12.107891, 247.708664, 0.961419
5, 191,0,36.833420, 37.558990, 128.661469, 65.297195,9.159983, 232.536835, 0.980682
5, 191,1,31.869581, 30.476521, 128.661469, 65.297195,9.159983, 232.536835, 1.045709
5, 191,2,127.529968, 127.263359, 128.661469, 65.297195,9.159983, 232.536835, 1.002095
5, 191,3,93.908119, 93.399666, 128.661469, 65.297195,9.159983, 232.536835, 1.005444
5, 191,4,117.305641, 118.721725, 128.661469, 65.297195,9.159983, 232.536835, 0.988072
5, 191,5,108.404198, 108.948051, 128.661469, 65.297195,9.159983, 232.536835, 0.995008
5, 191,6,89.432373, 89.359421, 128.661469, 65.297195,9.159983, 232.536835, 1.000816
5, 191,7,182.941345, 184.157104, 128.661469, 65.297195,9.159983, 232.536835, 0.993398
5, 191,8,9.159983, 10.901655, 128.661469, 65.297195,9.159983, 232.536835, 0.840238
5, 191,9,101.979324, 103.317879, 128.661469, 65.297195,9.159983, 232.536835, 0.987044
5, 191,10,150.221634, 149.474365, 128.661469, 65.297195,9.159983, 232.536835, 1.004999
5, 191,11,225.680405, 225.213409, 128.661469, 65.297195,9.159983, 232.536835, 1.002074
5, 191,12,200.643677, 200.159790, 128.661469, 65.297195,9.159983, 232.536835, 1.002417
5, 191,13,180.309158, 179.249619, 128.661469, 65.297195,9.159983, 232.536835, 1.005911
5, 191,14,14.606103, 13.799341, 128.661469, 65.297195,9.159983, 232.536835, 1.058464
5, 191,15,148.898254, 150.114456, 128.661469, 65.297195,9.159983, 232.536835, 0.991898
5, 191,16,232.536835, 233.569199, 128.661469, 65.297195,9.159983, 232.536835, 0.995580
5, 191,17,156.574112, 156.494888, 128.661469, 65.297195,9.159983, 232.536835, 1.000506
5, 191,18,216.562775, 216.616699, 128.661469, 65.297195,9.159983, 232.536835, 0.999751
5, 191,19,68.101891, 67.065826, 128.661469, 65.297195,9.159983, 232.536835, 1.015448
5, 191,20,178.106308, 179.105103, 128.661469, 65.297195,9.159983, 232.536835, 0.994423
5, 191,21,119.332809, 119.320534, 128.661469, 65.297195,9.159983, 232.536835, 1.000103
5, 191,22,204.735657, 204.330795, 128.661469, 65.297195,9.159983, 232.536835, 1.001981
5, 191,23,170.656601, 170.976425, 128.661469, 65.297195,9.159983, 232.536835, 0.998129
5, 191,24,127.593147, 128.323334, 128.661469, 65.297195,9.159983, 232.536835, 0.994310
5, 191,25,131.827515, 132.342911, 128.661469, 65.297195,9.159983, 232.536835, 0.996106
5, 191,26,231.780731, 231.201477, 128.661469, 65.297195,9.159983, 232.536835, 1.002505
5, 191,27,44.814865, 46.272694, 128.661469, 65.297195,9.159983, 232.536835, 0.968495
5, 191,28,174.342102, 173.509323, 128.661469, 65.297195,9.159983, 232.536835, 1.004800
5, 191,29,111.469154, 111.797562, 128.661469, 65.297195,9.159983, 232.536835, 0.997063
5, 191,30,82.782639, 82.146187, 128.661469, 65.297195,9.159983, 232.536835, 1.007748
5, 191,31,46.226913, 45.811543, 128.661469, 65.297195,9.159983, 232.536835, 1.009067
5, 192,0,22.378050, 21.021423, 128.982086, 71.159332,21.371325, 242.315994, 1.064535
5, 192,1,118.035896, 118.547623, 128.982086, 71.159332,21.371325, 242.315994, 0.995683
5, 192,2,161.942444, 162.981125, 128.982086, 71.159332,21.371325, 242.315994, 0.993627
5, 192,3,105.175804, 106.040733, 128.982086, 71.159332,21.371325, 242.315994, 0.991843
5, 192,4,229.475845, 228.522736, 128.982086, 71.159332,21.371325, 242.315994, 1.004171
5, 192,5,57.070095, 57.404442, 128.982086, 71.159332,21.371325, 242.315994, 0.994176
5, 192,6,183.591415, 183.850113, 128.982086, 71.159332,21.371325, 242.315994, 0.998593
5, 192,7,240.047470, 240.297775, 128.982086, 71.159332,21.371325, 242.315994, 0.998958
5, 192,8,107.779541, 107.489967, 128.982086, 71.159332,21.371325, 242.315994, 1.002694
5, 192,9,44.062164, 45.143921, 128.982086, 71.159332,21.371325, 242.315994, 0.976038
5, 192,10,175.447617, 174.850357, 128.982086, 71.159332,21.371325, 242.315994, 1.003416
5, 192,11,119.605995, 121.301163, 128.982086, 71.159332,21.371325, 242.315994, 0.986025
5, 192,12,90.482674, 90.389008, 128.982086, 71.159332,21.371325, 242.315994, 1.001036
5, 192,13,94.610413, 93.164291, 128.982086, 71.159332,21.371325, 242.315994, 1.015522
5, 192,14,94.276253, 93.062843, 128.982086, 71.159332,21.371325, 242.315994, 1.013039
5, 192,15,22.963829, 22.644566, 128.982086, 71.159332,21.371325, 242.315994, 1.014099
5, 192,16,228.509140, 227.986526, 128.982086, 71.159332,21.371325, 242.315994, 1.002292
5, 192,17,166.626465, 165.220215, 128.982086, 71.159332,21.371325, 242.315994, 1.008511
5, 192,18,56.397949, 55.237839, 128.982086, 71.159332,21.371325, 242.315994, 1.021002
5, 192,19,163.133408, 163.647781, 128.982086, 71.159332,21.371325, 242.315994, 0.996857
5, 192,20,172.018158, 171.756241, 128.982086, 71.159332,21.371325, 242.315994, 1.001525
5, 192,21,21.371325, 22.405441, 128.982086, 71.159332,21.371325, 242.315994, 0.953845
5, 192,22,238.816193, 238.848526, 128.982086, 71.159332,21.371325, 242.315994, 0.999865
5, 192,23,86.232773, 86.236954, 128.982086, 71.159332,21.371325, 242.315994, 0.999952
5, 192,24,242.315994, 241.928146, 128.982086, 71.159332,21.371325, 242.315994, 1.001603
5, 192,25,85.056587, 85.207993, 128.982086, 71.159332,21.371325, 242.315994, 0.998223
5, 192,26,107.380257, 106.453766, 128.982086, 71.159332,21.371325, 242.315994, 1.008703
5, 192,27,62.487099, 61.643452, 128.982086, 71.159332,21.371325, 242.315994, 1.013686
5, 192,28,205.840866, 205.066895, 128.982086, 71.159332,21.371325, 242.315994, 1.003774
5, 192,29,145.871780, 144.199051, 128.982086, 71.159332,21.371325, 242.315994, 1.011600
5, 192,30,46.780567, 47.680080, 128.982086, 71.159332,21.371325, 242.315994, 0.981134
5, 192,31,231.643127, 230.769058, 128.982086, 71.159332,21.371325, 242.315994, 1.003788
5, 193,0,90.500298, 90.602791, 128.603455, 64.158501,12.839337, 217.909866, 0.998869
5, 193,1,201.422684, 203.306854, 128.603455, 64.158501,12.839337, 217.909866, 0.990732
5, 193,2,91.211700, 92.172890, 128.603455, 64.158501,12.839337, 217.909866, 0.989572
5, 193,3,165.576324, 164.804413, 128.603455, 64.158501,12.839337, 217.909866, 1.004684
5, 193,4,198.885712, 197.821030, 128.603455, 64.158501,12.839337, 217.909866, 1.005382
5, 193,5,210.431824, 211.246353, 128.603455, 64.158501,12.839337, 217.909866, 0.996144
5, 193,6,49.644238, 49.894566, 128.603455, 64.158501,12.839337, 217.909866, 0.994983
5, 193,7,145.389893, 144.018021, 128.603455, 64.158501,12.839337, 217.909866, 1.009526
5, 193,8,62.729000, 62.309174, 128.603455, 64.158501,12.839337, 217.909866, 1.006738
5, 193,9,217.909866, 217.539474, 128.603455, 64.158501,12.839337, 217.909866, 1.001703
5, 193,10,47.759754, 47.453598, 128.603455, 64.158501,12.839337, 217.909866, 1.006452
5, 193,11,113.069832, 113.842842, 128.603455, 64.158501,12.839337, 217.909866, 0.993210
5, 193,12,22.077738, 21.626381, 128.603455, 64.158501,12.839337, 217.909866, 1.020871
5, 193,13,215.004456, 214.507324, 128.603455, 64.158501,12.839337, 217.909866, 1.002318
5, 193,14,112.618149, 113.264381, 128.603455, 64.158501,12.839337, 217.909866, 0.994294
5, 193,15,75.276054, 77.012192, 128.603455, 64.158501,12.839337, 217.909866, 0.977456
5, 193,16,114.307373, 116.093109, 128.603455, 64.158501,12.839337, 217.909866, 0.984618
5, 193,17,40.050125, 39.768364, 128.603455, 64.158501,12.839337, 217.909866, 1.007085
5, 193,18,130.433838, 129.632843, 128.603455, 64.158501,12.839337, 217.909866, 1.006179
5, 193,19,12.839337, 14.087350, 128.603455, 64.158501,12.839337, 217.909866, 0.911409
5, 193,20,168.300262, 167.779327, 128.603455, 64.158501,12.839337, 217.909866, 1.003105
5, 193,21,207.556198, 206.898376, 128.603455, 64.158501,12.839337, 217.909866, 1.003179
5, 193,22,179.710632, 178.750977, 128.603455, 64.158501,12.839337, 217.909866, 1.005369
5, 193,23,118.709145, 121.165741, 128.603455, 64.158501,12.839337, 217.909866, 0.979725
5, 193,24,31.005396, 30.697372, 128.603455, 64.158501,12.839337, 217.909866, 1.010034
5, 193,25,139.998718, 139.314087, 128.603455, 64.158501,12.839337, 217.909866, 1.004914
5, 193,26,137.947495, 139.008972, 128.603455, 64.158501,12.839337, 217.909866, 0.992364
5, 193,27,171.422592, 172.527771, 128.603455, 64.158501,12.839337, 217.909866, 0.993594
5, 193,28,174.367569, 175.051376, 128.603455, 64.158501,12.839337, 217.909866, 0.996094
5, 193,29,193.423737, 192.958160, 128.603455, 64.158501,12.839337, 217.909866, 1.002413
5, 193,30,204.635010, 204.266708, 128.603455, 64.158501,12.839337, 217.909866, 1.001803
5, 193,31,71.095337, 71.577225, 128.603455, 64.158501,12.839337, 217.909866, 0.993268
5, 194,0,151.403015, 151.174026, 128.698776, 56.966141,23.161533, 199.328690, 1.001515
5, 194,1,192.720840, 192.667770, 128.698776, 56.966141,23.161533, 199.328690, 1.000275
5, 194,2,132.418365, 134.034027, 128.698776, 56.966141,23.161533, 199.328690, 0.987946
5, 194,3,198.809723, 198.917389, 128.698776, 56.966141,23.161533, 199.328690, 0.999459
5, 194,4,173.285858, 172.925705, 128.698776, 56.966141,23.161533, 199.328690, 1.002083
5, 194,5,141.939926, 142.926376, 128.698776, 56.966141,23.161533, 199.328690, 0.993098
5, 194,6,29.395056, 28.894062, 128.698776, 56.966141,23.161533, 199.328690, 1.017339
5, 194,7,188.193680, 187.858582, 128.698776, 56.966141,23.161533, 199.328690, 1.001784
5, 194,8,77.606239, 76.637444, 128.698776, 56.966141,23.161533, 199.328690, 1.012641
5, 194,9,149.517349, 149.971725, 128.698776, 56.966141,23.161533, 199.328690, 0.996970
5, 194,10,199.328690, 199.393661, 128.698776, 56.966141,23.161533, 199.328690, 0.999674
5, 194,11,110.254906, 111.451767, 128.698776, 56.966141,23.161533, 199.328690, 0.989261
5, 194,12,156.605026, 157.766327, 128.698776, 56.966141,23.161533, 199.328690, 0.992639
5, 194,13,114.361450, 114.791481, 128.698776, 56.966141,23.161533, 199.328690, 0.996254
5, 194,14,198.289368, 198.069397, 128.698776, 56.966141,23.161533, 199.328690, 1.001111
5, 194,15,24.136696, 24.520493, 128.698776, 56.966141,23.161533, 199.328690, 0.984348
5, 194,16,23.161533, 22.592171, 128.698776, 56.966141,23.161533, 199.328690, 1.025202
5, 194,17,99.148727, 98.319427, 128.698776, 56.966141,23.161533, 199.328690, 1.008435
5, 194,18,63.090382, 62.674530, 128.698776, 56.966141,23.161533, 199.328690, 1.006635
5, 194,19,198.852844, 198.969666, 128.698776, 56.966141,23.161533, 199.328690, 0.999413
5, 194,20,79.975311, 78.803894, 128.698776, 56.966141,23.161533, 199.328690, 1.014865
5, 194,21,59.956867, 60.368679, 128.698776, 56.966141,23.161533, 199.328690, 0.993178
5, 194,22,76.403938, 76.277328, 128.698776, 56.966141,23.161533, 199.328690, 1.001660
5, 194,23,154.358795, 154.473083, 128.698776, 56.966141,23.161533, 199.328690, 0.999260
5, 194,24,184.996597, 185.082275, 128.698776, 56.966141,23.161533, 199.328690, 0.999537
5, 194,25,125.280632, 128.359421, 128.698776, 56.966141,23.161533, 199.328690, 0.976014
5, 194,26,79.591721, 80.128159, 128.698776, 56.966141,23.161533, 199.328690, 0.993305
5, 194,27,173.442230, 172.583023, 128.698776, 56.966141,23.161533, 199.328690, 1.004979
5, 194,28,176.068130, 175.992447, 128.698776, 56.966141,23.161533, 199.328690, 1.000430
5, 194,29,188.749725, 188.329056, 128.698776, 56.966141,23.161533, 199.328690, 1.002234
5, 194,30,57.514759, 58.219643, 128.698776, 56.966141,23.161533, 199.328690, 0.987893
5, 194,31,139.502914, 137.826782, 128.698776, 56.966141,23.161533, 199.328690, 1.012161
5, 195,0,37.651394, 36.353508, 128.901566, 73.011391,11.142896, 235.174774, 1.035702
5, 195,1,191.822388, 191.115631, 128.901566, 73.011391,11.142896, 235.174774, 1.003698
5, 195,2,228.980667, 228.574570, 128.901566, 73.011391,11.142896, 235.174774, 1.001777
5, 195,3,191.644867, 191.297577, 128.901566, 73.011391,11.142896, 235.174774, 1.001815
5, 195,4,38.031353, 37.424164, 128.901566, 73.011391,11.142896, 235.174774, 1.016225
5, 195,5,156.585449, 156.273880, 128.901566, 73.011391,11.142896, 235.174774, 1.001994
5, 195,6,235.174774, 234.970490, 128.901566, 73.011391,11.142896, 235.174774, 1.000869
5, 195,7,128.360352, 128.408844, 128.901566, 73.011391,11.142896, 235.174774, 0.999622
5, 195,8,224.340683, 225.138672, 128.901566, 73.011391,11.142896, 235.174774, 0.996456
5, 195,9,221.881378, 221.667801, 128.901566, 73.011391,11.142896, 235.174774, 1.000963
5, 195,10,174.377457, 174.335052, 128.901566, 73.011391,11.142896, 235.174774, 1.000243
5, 195,11,29.677654, 31.343122, 128.901566, 73.011391,11.142896, 235.174774, 0.946863
5, 195,12,53.045845, 53.127102, 128.901566, 73.011391,11.142896, 235.174774, 0.998471
5, 195,13,65.349083, 65.821014, 128.901566, 73.011391,11.142896, 235.174774, 0.992830
5, 195,14,128.601089, 128.471832, 128.901566, 73.011391,11.142896, 235.174774, 1.001006
5, 195,15,125.351631, 124.161209, 128.901566, 73.011391,11.142896, 235.174774, 1.009588
5, 195,16,77.806488, 77.822144, 128.901566, 73.011391,11.142896, 235.174774, 0.999799
5, 195,17,181.226578, 180.898941, 128.901566, 73.011391,11.142896, 235.174774, 1.001811
5, 195,18,48.037598, 47.444931, 128.901566, 73.011391,11.142896, 235.174774, 1.012492
5, 195,19,60.577267, 60.558708, 128.901566, 73.011391,11.142896, 235.174774, 1.000306
5, 195,20,190.251678, 189.471161, 128.901566, 73.011391,11.142896, 235.174774, 1.004119
5, 195,21,100.657471, 99.984001, 128.901566, 73.011391,11.142896, 235.174774, 1.006736
5, 195,22,165.387939, 166.329620, 128.901566, 73.011391,11.142896, 235.174774, 0.994338
5, 195,23,225.315536, 224.627823, 128.901566, 73.011391,11.142896, 235.174774, 1.003062
5, 195,24,209.962051, 210.030548, 128.901566, 73.011391,11.142896, 235.174774, 0.999674
5, 195,25,72.384781, 71.545166, 128.901566, 73.011391,11.142896, 235.174774, 1.011735
5, 195,26,22.869267, 23.316708, 128.901566, 73.011391,11.142896, 235.174774, 0.980810
5, 195,27,118.844688, 119.101837, 128.901566, 73.011391,11.142896, 235.174774, 0.997841
5, 195,28,56.570938, 56.262093, 128.901566, 73.011391,11.142896, 235.174774, 1.005489
5, 195,29,139.429779, 140.360992, 128.901566, 73.011391,11.142896, 235.174774, 0.993366
5, 195,30,213.508911, 213.767334, 128.901566, 73.011391,11.142896, 235.174774, 0.998791
5, 195,31,11.142896, 10.993680, 128.901566, 73.011391,11.142896, 235.174774, 1.013573
5, 196,0,178.032303, 180.319107, 128.511475, 45.852367,23.980181, 193.275726, 0.987318
5, 196,1,90.985306, 91.202599, 128.511475, 45.852367,23.980181, 193.275726, 0.997617
5, 196,2,100.742867, 101.525833, 128.511475, 45.852367,23.980181, 193.275726, 0.992288
5, 196,3,158.560684, 159.820053, 128.511475, 45.852367,23.980181, 193.275726, 0.992120
5, 196,4,185.073792, 183.641144, 128.511475, 45.852367,23.980181, 193.275726, 1.007801
5, 196,5,66.978600, 67.086723, 128.511475, 45.852367,23.980181, 193.275726, 0.998388
5, 196,6,105.902817, 106.384155, 128.511475, 45.852367,23.980181, 193.275726, 0.995475
5, 196,7,120.312386, 120.210823, 128.511475, 45.852367,23.980181, 193.275726, 1.000845
5, 196,8,130.273804, 131.208649, 128.511475, 45.852367,23.980181, 193.275726, 0.992875
5, 196,9,176.963669, 176.895050, 128.511475, 45.852367,23.980181, 193.275726, 1.000388
5, 196,10,115.101883, 117.200577, 128.511475, 45.852367,23.980181, 193.275726, 0.982093
5, 196,11,147.855347, 145.715591, 128.511475, 45.852367,23.980181, 193.275726, 1.014684
5, 196,12,174.272659, 174.372345, 128.511475, 45.852367,23.980181, 193.275726, 0.999428
5, 196,13,107.987106, 108.141541, 128.511475, 45.852367,23.980181, 193.275726, 0.998572
5, 196,14,182.028168, 182.246567, 128.511475, 45.852367,23.980181, 193.275726, 0.998802
5, 196,15,64.664368, 65.465393, 128.511475, 45.852367,23.980181, 193.275726, 0.987764
5, 196,16,70.351288, 67.908722, 128.511475, 45.852367,23.980181, 193.275726, 1.035968
5, 196,17,172.559662, 176.458527, 128.511475, 45.852367,23.980181, 193.275726, 0.977905
5, 196,18,150.990280, 150.375519, 128.511475, 45.852367,23.980181, 193.275726, 1.004088
5, 196,19,80.844170, 81.933807, 128.511475, 45.852367,23.980181, 193.275726, 0.986701
5, 196,20,51.053200, 50.215805, 128.511475, 45.852367,23.980181, 193.275726, 1.016676
5, 196,21,193.275726, 194.264816, 128.511475, 45.852367,23.980181, 193.275726, 0.994909
5, 196,22,23.980181, 23.146385, 128.511475, 45.852367,23.980181, 193.275726, 1.036023
5, 196,23,107.966103, 109.264000, 128.511475, 45.852367,23.980181, 193.275726, 0.988121
5, 196,24,157.362015, 158.000290, 128.511475, 45.852367,23.980181, 193.275726, 0.995960
5, 196,25,63.913960, 63.900745, 128.511475, 45.852367,23.980181, 193.275726, 1.000207
5, 196,26,149.913147, 149.139664, 128.511475, 45.852367,23.980181, 193.275726, 1.005186
5, 196,27,142.371628, 142.370895, 128.511475, 45.852367,23.980181, 193.275726, 1.000005
5, 196,28,162.540085, 163.856369, 128.511475, 45.852367,23.980181, 193.275726, 0.991967
5, 196,29,174.321121, 173.760086, 128.511475, 45.852367,23.980181, 193.275726, 1.003229
5, 196,30,151.775574, 151.656693, 128.511475, 45.852367,23.980181, 193.275726, 1.000784
5, 196,31,153.413361, 153.312042, 128.511475, 45.852367,23.980181, 193.275726, 1.000661
5, 197,0,224.818573, 225.273453, 128.577652, 67.216614,11.982448, 228.456650, 0.997981
5, 197,1,167.406433, 166.639923, 128.577652, 67.216614,11.982448, 228.456650, 1.004600
5, 197,2,35.646255, 36.782288, 128.577652, 67.216614,11.982448, 228.456650, 0.969115
5, 197,3,175.327118, 175.347076, 128.577652, 67.216614,11.982448, 228.456650, 0.999886
5, 197,4,110.340302, 110.513634, 128.577652, 67.216614,11.982448, 228.456650, 0.998432
5, 197,5,123.217033, 123.996750, 128.577652, 67.216614,11.982448, 228.456650, 0.993712
5, 197,6,132.416016, 132.942352, 128.577652, 67.216614,11.982448, 228.456650, 0.996041
5, 197,7,212.386688, 211.129456, 128.577652, 67.216614,11.982448, 228.456650, 1.005955
5, 197,8,130.106445, 129.672058, 128.577652, 67.216614,11.982448, 228.456650, 1.003350
5, 197,9,185.389511, 184.544754, 128.577652, 67.216614,11.982448, 228.456650, 1.004578
5, 197,10,114.100822, 113.872498, 128.577652, 67.216614,11.982448, 228.456650, 1.002005
5, 197,11,15.409027, 16.445190, 128.577652, 67.216614,11.982448, 228.456650, 0.936993
5, 197,12,91.293312, 91.913879, 128.577652, 67.216614,11.982448, 228.456650, 0.993248
5, 197,13,44.979824, 44.494717, 128.577652, 67.216614,11.982448, 228.456650, 1.010903
5, 197,14,59.312984, 59.578915, 128.577652, 67.216614,11.982448, 228.456650, 0.995537
5, 197,15,169.656876, 171.170654, 128.577652, 67.216614,11.982448, 228.456650, 0.991156
5, 197,16,152.055939, 151.487595, 128.577652, 67.216614,11.982448, 228.456650, 1.003752
5, 197,17,143.789627, 145.532959, 128.577652, 67.216614,11.982448, 228.456650, 0.988021
5, 197,18,62.806507, 61.765919, 128.577652, 67.216614,11.982448, 228.456650, 1.016847
5, 197,19,57.422565, 56.696972, 128.577652, 67.216614,11.982448, 228.456650, 1.012798
5, 197,20,180.372345, 180.749878, 128.577652, 67.216614,11.982448, 228.456650, 0.997911
5, 197,21,11.982448, 11.737340, 128.577652, 67.216614,11.982448, 228.456650, 1.020883
5, 197,22,216.756561, 217.963013, 128.577652, 67.216614,11.982448, 228.456650, 0.994465
5, 197,23,133.592392, 133.991577, 128.577652, 67.216614,11.982448, 228.456650, 0.997021
5, 197,24,219.477798, 219.707153, 128.577652, 67.216614,11.982448, 228.456650, 0.998956
5, 197,25,54.329666, 54.230637, 128.577652, 67.216614,11.982448, 228.456650, 1.001826
5, 197,26,44.514263, 45.339539, 128.577652, 67.216614,11.982448, 228.456650, 0.981798
5, 197,27,157.852966, 158.123566, 128.577652, 67.216614,11.982448, 228.456650, 0.998289
5, 197,28,166.522171, 167.396194, 128.577652, 67.216614,11.982448, 228.456650, 0.994779
5, 197,29,69.041069, 69.389771, 128.577652, 67.216614,11.982448, 228.456650, 0.994975
5, 197,30,223.704941, 223.311295, 128.577652, 67.216614,11.982448, 228.456650, 1.001763
5, 197,31,228.456650, 229.259125, 128.577652, 67.216614,11.982448, 228.456650, 0.996500
5, 198,0,134.896210, 134.390869, 128.784119, 64.273613,20.263304, 257.021332, 1.003760
5, 198,1,52.674389, 52.668407, 128.784119, 64.273613,20.263304, 257.021332, 1.000114
5, 198,2,97.949516, 98.413368, 128.784119, 64.273613,20.263304, 257.021332, 0.995287
5, 198,3,93.605125, 94.150490, 128.784119, 64.273613,20.263304, 257.021332, 0.994208
5, 198,4,195.971191, 196.823563, 128.784119, 64.273613,20.263304, 257.021332, 0.995669
5, 198,5,95.752426, 96.293793, 128.784119, 64.273613,20.263304, 257.021332, 0.994378
5, 198,6,28.053932, 28.396055, 128.784119, 64.273613,20.263304, 257.021332, 0.987952
5, 198,7,192.376343, 192.971924, 128.784119, 64.273613,20.263304, 257.021332, 0.996914
5, 198,8,21.159208, 19.949371, 128.784119, 64.273613,20.263304, 257.021332, 1.060645
5, 198,9,132.334183, 133.078003, 128.784119, 64.273613,20.263304, 257.021332, 0.994411
5, 198,10,251.520386, 250.097763, 128.784119, 64.273613,20.263304, 257.021332, 1.005688
5, 198,11,165.901184, 166.121277, 128.784119, 64.273613,20.263304, 257.021332, 0.998675
5, 198,12,20.263304, 20.574173, 128.784119, 64.273613,20.263304, 257.021332, 0.984890
5, 198,13,49.410744, 49.528580, 128.784119, 64.273613,20.263304, 257.021332, 0.997621
5, 198,14,156.383255, 155.040970, 128.784119, 64.273613,20.263304, 257.021332, 1.008658
5, 198,15,151.387360, 150.588257, 128.784119, 64.273613,20.263304, 257.021332, 1.005306
5, 198,16,58.639717, 58.702881, 128.784119, 64.273613,20.263304, 257.021332, 0.998924
5, 198,17,99.908005, 100.762314, 128.784119, 64.273613,20.263304, 257.021332, 0.991522
5, 198,18,120.803596, 120.423782, 128.784119, 64.273613,20.263304, 257.021332, 1.003154
5, 198,19,122.325989, 122.377274, 128.784119, 64.273613,20.263304, 257.021332, 0.999581
5, 198,20,122.930534, 122.907173, 128.784119, 64.273613,20.263304, 257.021332, 1.000190
5, 198,21,182.439209, 182.540131, 128.784119, 64.273613,20.263304, 257.021332, 0.999447
5, 198,22,226.094925, 226.790298, 128.784119, 64.273613,20.263304, 257.021332, 0.996934
5, 198,23,148.862732, 147.772675, 128.784119, 64.273613,20.263304, 257.021332, 1.007377
5, 198,24,257.021332, 256.931061, 128.784119, 64.273613,20.263304, 257.021332, 1.000351
5, 198,25,83.349365, 83.726578, 128.784119, 64.273613,20.263304, 257.021332, 0.995495
5, 198,26,180.001846, 180.839737, 128.784119, 64.273613,20.263304, 257.021332, 0.995367
5, 198,27,128.823715, 128.854645, 128.784119, 64.273613,20.263304, 257.021332, 0.999760
5, 198,28,188.654327, 189.254761, 128.784119, 64.273613,20.263304, 257.021332, 0.996827
5, 198,29,112.838692, 111.858467, 128.784119, 64.273613,20.263304, 257.021332, 1.008763
5, 198,30,192.231628, 192.418304, 128.784119, 64.273613,20.263304, 257.021332, 0.999030
5, 198,31,56.527534, 55.752872, 128.784119, 64.273613,20.263304, 257.021332, 1.013895
5, 199,0,36.463745, 37.703392, 128.748245, 77.292274,14.947804, 276.426361, 0.967121
5, 199,1,67.774147, 66.105492, 128.748245, 77.292274,14.947804, 276.426361, 1.025242
5, 199,2,104.278809, 104.725090, 128.748245, 77.292274,14.947804, 276.426361, 0.995739
5, 199,3,105.182526, 105.650650, 128.748245, 77.292274,14.947804, 276.426361, 0.995569
5, 199,4,221.750427, 220.511292, 128.748245, 77.292274,14.947804, 276.426361, 1.005619
5, 199,5,55.042488, 51.886299, 128.748245, 77.292274,14.947804, 276.426361, 1.060829
5, 199,6,78.382202, 78.500786, 128.748245, 77.292274,14.947804, 276.426361, 0.998489
5, 199,7,249.853119, 249.875259, 128.748245, 77.292274,14.947804, 276.426361, 0.999911
5, 199,8,14.947804, 14.528003, 128.748245, 77.292274,14.947804, 276.426361, 1.028896
5, 199,9,205.215179, 206.391907, 128.748245, 77.292274,14.947804, 276.426361, 0.994299
5, 199,10,58.382675, 58.174686, 128.748245, 77.292274,14.947804, 276.426361, 1.003575
5, 199,11,38.472168, 38.828587, 128.748245, 77.292274,14.947804, 276.426361, 0.990821
5, 199,12,75.138817, 75.188721, 128.748245, 77.292274,14.947804, 276.426361, 0.999336
5, 199,13,256.289429, 258.023834, 128.748245, 77.292274,14.947804, 276.426361, 0.993278
5, 199,14,84.273575, 85.714737, 128.748245, 77.292274,14.947804, 276.426361, 0.983187
5, 199,15,29.613775, 29.672766, 128.748245, 77.292274,14.947804, 276.426361, 0.998012
5, 199,16,100.952843, 101.140808, 128.748245, 77.292274,14.947804, 276.426361, 0.998142
5, 199,17,120.990768, 122.601181, 128.748245, 77.292274,14.947804, 276.426361, 0.986865
5, 199,18,255.848312, 256.454041, 128.748245, 77.292274,14.947804, 276.426361, 0.997638
5, 199,19,260.193329, 259.512024, 128.748245, 77.292274,14.947804, 276.426361, 1.002625
5, 199,20,52.714622, 52.630375, 128.748245, 77.292274,14.947804, 276.426361, 1.001601
5, 199,21,150.455154, 150.640320, 128.748245, 77.292274,14.947804, 276.426361, 0.998771
5, 199,22,161.661713, 162.990219, 128.748245, 77.292274,14.947804, 276.426361, 0.991849
5, 199,23,166.512985, 166.601761, 128.748245, 77.292274,14.947804, 276.426361, 0.999467
5, 199,24,276.426361, 276.417175, 128.748245, 77.292274,14.947804, 276.426361, 1.000033
5, 199,25,196.508636, 195.185333, 128.748245, 77.292274,14.947804, 276.426361, 1.006780
5, 199,26,93.582413, 93.645546, 128.748245, 77.292274,14.947804, 276.426361, 0.999326
5, 199,27,86.988312, 87.103088, 128.748245, 77.292274,14.947804, 276.426361, 0.998682
5, 199,28,175.881882, 174.768494, 128.748245, 77.292274,14.947804, 276.426361, 1.006371
5, 199,29,74.131317, 73.927414, 128.748245, 77.292274,14.947804, 276.426361, 1.002758
5, 199,30,129.164398, 129.143646, 128.748245, 77.292274,14.947804, 276.426361, 1.000161
5, 199,31,136.870514, 136.756866, 128.748245, 77.292274,14.947804, 276.426361, 1.000831
5, 200,0,201.537079, 200.173447, 128.830536, 67.924927,17.246202, 228.671875, 1.006812
5, 200,1,217.803772, 217.939102, 128.830536, 67.924927,17.246202, 228.671875, 0.999379
5, 200,2,206.294373, 207.330887, 128.830536, 67.924927,17.246202, 228.671875, 0.995001
5, 200,3,128.541550, 129.131561, 128.830536, 67.924927,17.246202, 228.671875, 0.995431
5, 200,4,74.197372, 73.206741, 128.830536, 67.924927,17.246202, 228.671875, 1.013532
5, 200,5,143.034943, 141.883545, 128.830536, 67.924927,17.246202, 228.671875, 1.008115
5, 200,6,85.897369, 86.076302, 128.830536, 67.924927,17.246202, 228.671875, 0.997921
5, 200,7,130.459778, 130.646042, 128.830536, 67.924927,17.246202, 228.671875, 0.998574
5, 200,8,175.260605, 175.084381, 128.830536, 67.924927,17.246202, 228.671875, 1.001006
5, 200,9,191.777100, 191.895706, 128.830536, 67.924927,17.246202, 228.671875, 0.999382
5, 200,10,17.246202, 16.707935, 128.830536, 67.924927,17.246202, 228.671875, 1.032216
5, 200,11,52.019390, 52.944622, 128.830536, 67.924927,17.246202, 228.671875, 0.982525
5, 200,12,36.820572, 37.474876, 128.830536, 67.924927,17.246202, 228.671875, 0.982540
5, 200,13,189.884933, 189.551392, 128.830536, 67.924927,17.246202, 228.671875, 1.001760
5, 200,14,188.836533, 186.301147, 128.830536, 67.924927,17.246202, 228.671875, 1.013609
5, 200,15,39.725208, 39.494171, 128.830536, 67.924927,17.246202, 228.671875, 1.005850
5, 200,16,174.282013, 174.973740, 128.830536, 67.924927,17.246202, 228.671875, 0.996047
5, 200,17,174.042648, 174.710953, 128.830536, 67.924927,17.246202, 228.671875, 0.996175
5, 200,18,143.625717, 142.983109, 128.830536, 67.924927,17.246202, 228.671875, 1.004494
5, 200,19,64.655289, 63.379955, 128.830536, 67.924927,17.246202, 228.671875, 1.020122
5, 200,20,172.131058, 170.540970, 128.830536, 67.924927,17.246202, 228.671875, 1.009324
5, 200,21,59.757320, 59.355198, 128.830536, 67.924927,17.246202, 228.671875, 1.006775
5, 200,22,202.505341, 202.732147, 128.830536, 67.924927,17.246202, 228.671875, 0.998881
5, 200,23,41.350204, 40.732033, 128.830536, 67.924927,17.246202, 228.671875, 1.015177
5, 200,24,61.955891, 63.020355, 128.830536, 67.924927,17.246202, 228.671875, 0.983109
5, 200,25,24.980661, 25.359100, 128.830536, 67.924927,17.246202, 228.671875, 0.985077
5, 200,26,169.277313, 170.969727, 128.830536, 67.924927,17.246202, 228.671875, 0.990101
5, 200,27,67.861565, 68.525009, 128.830536, 67.924927,17.246202, 228.671875, 0.990318
5, 200,28,228.671875, 228.554245, 128.830536, 67.924927,17.246202, 228.671875, 1.000515
5, 200,29,227.696777, 228.796280, 128.830536, 67.924927,17.246202, 228.671875, 0.995194
5, 200,30,144.305252, 144.808777, 128.830536, 67.924927,17.246202, 228.671875, 0.996523
5, 200,31,86.141197, 85.716698, 128.830536, 67.924927,17.246202, 228.671875, 1.004952
5, 201,0,45.249439, 45.663860, 128.704575, 67.877747,17.920454, 230.725723, 0.990925
5, 201,1,70.948792, 71.686630, 128.704575, 67.877747,17.920454, 230.725723, 0.989707
5, 201,2,115.878891, 115.486870, 128.704575, 67.877747,17.920454, 230.725723, 1.003394
5, 201,3,179.723358, 180.067200, 128.704575, 67.877747,17.920454, 230.725723, 0.998091
5, 201,4,56.155609, 56.264977, 128.704575, 67.877747,17.920454, 230.725723, 0.998056
5, 201,5,141.250107, 140.597290, 128.704575, 67.877747,17.920454, 230.725723, 1.004643
5, 201,6,199.089508, 199.682999, 128.704575, 67.877747,17.920454, 230.725723, 0.997028
5, 201,7,175.664001, 175.913910, 128.704575, 67.877747,17.920454, 230.725723, 0.998579
5, 201,8,197.088760, 198.859146, 128.704575, 67.877747,17.920454, 230.725723, 0.991097
5, 201,9,43.305672, 42.783791, 128.704575, 67.877747,17.920454, 230.725723, 1.012198
5, 201,10,20.838182, 19.627474, 128.704575, 67.877747,17.920454, 230.725723, 1.061684
5, 201,11,140.535995, 141.257721, 128.704575, 67.877747,17.920454, 230.725723, 0.994891
5, 201,12,203.821167, 204.551193, 128.704575, 67.877747,17.920454, 230.725723, 0.996431
5, 201,13,211.688507, 211.121582, 128.704575, 67.877747,17.920454, 230.725723, 1.002685
5, 201,14,179.368088, 178.875671, 128.704575, 67.877747,17.920454, 230.725723, 1.002753
5, 201,15,32.488426, 32.945251, 128.704575, 67.877747,17.920454, 230.725723, 0.986134
5, 201,16,142.783875, 143.245850, 128.704575, 67.877747,17.920454, 230.725723, 0.996775
5, 201,17,56.704235, 56.959465, 128.704575, 67.877747,17.920454, 230.725723, 0.995519
5, 201,18,123.335846, 122.241089, 128.704575, 67.877747,17.920454, 230.725723, 1.008956
5, 201,19,113.326401, 113.505547, 128.704575, 67.877747,17.920454, 230.725723, 0.998422
5, 201,20,200.993301, 201.371552, 128.704575, 67.877747,17.920454, 230.725723, 0.998122
5, 201,21,226.740631, 226.352600, 128.704575, 67.877747,17.920454, 230.725723, 1.001714
5, 201,22,207.338730, 207.628738, 128.704575, 67.877747,17.920454, 230.725723, 0.998603
5, 201,23,117.959404, 118.121834, 128.704575, 67.877747,17.920454, 230.725723, 0.998625
5, 201,24,198.251266, 196.979950, 128.704575, 67.877747,17.920454, 230.725723, 1.006454
5, 201,25,66.239693, 66.981842, 128.704575, 67.877747,17.920454, 230.725723, 0.988920
5, 201,26,74.919426, 74.355637, 128.704575, 67.877747,17.920454, 230.725723, 1.007582
5, 201,27,161.728897, 161.561203, 128.704575, 67.877747,17.920454, 230.725723, 1.001038
5, 201,28,120.411926, 121.798523, 128.704575, 67.877747,17.920454, 230.725723, 0.988616
5, 201,29,46.071999, 45.602589, 128.704575, 67.877747,17.920454, 230.725723, 1.010293
5, 201,30,230.725723, 231.295700, 128.704575, 67.877747,17.920454, 230.725723, 0.997536
5, 201,31,17.920454, 17.612104, 128.704575, 67.877747,17.920454, 230.725723, 1.017508
5, 202,0,224.427551, 224.891525, 128.765411, 72.606369,12.319479, 244.696564, 0.997937
5, 202,1,240.457169, 241.233917, 128.765411, 72.606369,12.319479, 244.696564, 0.996780
5, 202,2,71.548820, 70.830002, 128.765411, 72.606369,12.319479, 244.696564, 1.010149
5, 202,3,222.450012, 221.361572, 128.765411, 72.606369,12.319479, 244.696564, 1.004917
5, 202,4,50.771870, 51.240929, 128.765411, 72.606369,12.319479, 244.696564, 0.990846
5, 202,5,95.261971, 95.939186, 128.765411, 72.606369,12.319479, 244.696564, 0.992941
5, 202,6,103.798538, 103.580162, 128.765411, 72.606369,12.319479, 244.696564, 1.002108
5, 202,7,208.932053, 208.084290, 128.765411, 72.606369,12.319479, 244.696564, 1.004074
5, 202,8,115.834587, 115.579102, 128.765411, 72.606369,12.319479, 244.696564, 1.002210
5, 202,9,180.416306, 181.304565, 128.765411, 72.606369,12.319479, 244.696564, 0.995101
5, 202,10,100.102753, 98.735542, 128.765411, 72.606369,12.319479, 244.696564, 1.013847
5, 202,11,17.875832, 17.829823, 128.765411, 72.606369,12.319479, 244.696564, 1.002580
5, 202,12,128.397308, 129.735260, 128.765411, 72.606369,12.319479, 244.696564, 0.989687
5, 202,13,86.289078, 85.436478, 128.765411, 72.606369,12.319479, 244.696564, 1.009979
5, 202,14,242.262329, 242.011093, 128.765411, 72.606369,12.319479, 244.696564, 1.001038
5, 202,15,220.904373, 220.373779, 128.765411, 72.606369,12.319479, 244.696564, 1.002408
5, 202,16,122.448265, 120.706985, 128.765411, 72.606369,12.319479, 244.696564, 1.014426
5, 202,17,110.781883, 111.482613, 128.765411, 72.606369,12.319479, 244.696564, 0.993714
5, 202,18,19.886612, 18.752258, 128.765411, 72.606369,12.319479, 244.696564, 1.060492
5, 202,19,105.077942, 104.386375, 128.765411, 72.606369,12.319479, 244.696564, 1.006625
5, 202,20,65.160057, 63.392403, 128.765411, 72.606369,12.319479, 244.696564, 1.027884
5, 202,21,28.539574, 28.957170, 128.765411, 72.606369,12.319479, 244.696564, 0.985579
5, 202,22,204.458405, 204.656021, 128.765411, 72.606369,12.319479, 244.696564, 0.999034
5, 202,23,63.315144, 65.012115, 128.765411, 72.606369,12.319479, 244.696564, 0.973898
5, 202,24,244.696564, 244.640411, 128.765411, 72.606369,12.319479, 244.696564, 1.000229
5, 202,25,152.579742, 153.493454, 128.765411, 72.606369,12.319479, 244.696564, 0.994047
5, 202,26,12.319479, 13.290268, 128.765411, 72.606369,12.319479, 244.696564, 0.926955
5, 202,27,195.581757, 195.075760, 128.765411, 72.606369,12.319479, 244.696564, 1.002594
5, 202,28,163.235229, 164.359314, 128.765411, 72.606369,12.319479, 244.696564, 0.993161
5, 202,29,151.528076, 151.198257, 128.765411, 72.606369,12.319479, 244.696564, 1.002181
5, 202,30,117.280319, 117.852509, 128.765411, 72.606369,12.319479, 244.696564, 0.995145
5, 202,31,53.873360, 55.577110, 128.765411, 72.606369,12.319479, 244.696564, 0.969344
5, 203,0,85.780556, 86.750542, 128.624527, 72.190315,10.582932, 247.260559, 0.988819
5, 203,1,127.932503, 126.690742, 128.624527, 72.190315,10.582932, 247.260559, 1.009802
5, 203,2,11.439983, 11.561298, 128.624527, 72.190315,10.582932, 247.260559, 0.989507
5, 203,3,198.210938, 198.212753, 128.624527, 72.190315,10.582932, 247.260559, 0.999991
5, 203,4,190.333649, 191.524597, 128.624527, 72.190315,10.582932, 247.260559, 0.993782
5, 203,5,103.969475, 105.348152, 128.624527, 72.190315,10.582932, 247.260559, 0.986913
5, 203,6,186.887299, 186.150818, 128.624527, 72.190315,10.582932, 247.260559, 1.003956
5, 203,7,180.777023, 181.662979, 128.624527, 72.190315,10.582932, 247.260559, 0.995123
5, 203,8,11.025979, 10.130713, 128.624527, 72.190315,10.582932, 247.260559, 1.088371
5, 203,9,87.717125, 88.304581, 128.624527, 72.190315,10.582932, 247.260559, 0.993347
5, 203,10,209.977585, 211.080765, 128.624527, 72.190315,10.582932, 247.260559, 0.994774
5, 203,11,79.672943, 79.953445, 128.624527, 72.190315,10.582932, 247.260559, 0.996492
5, 203,12,235.435486, 236.584396, 128.624527, 72.190315,10.582932, 247.260559, 0.995144
5, 203,13,123.021751, 123.183266, 128.624527, 72.190315,10.582932, 247.260559, 0.998689
5, 203,14,99.252792, 98.391289, 128.624527, 72.190315,10.582932, 247.260559, 1.008756
5, 203,15,223.802521, 225.176025, 128.624527, 72.190315,10.582932, 247.260559, 0.993900
5, 203,16,78.977364, 78.791550, 128.624527, 72.190315,10.582932, 247.260559, 1.002358
5, 203,17,189.037781, 189.142685, 128.624527, 72.190315,10.582932, 247.260559, 0.999445
5, 203,18,81.677010, 82.197365, 128.624527, 72.190315,10.582932, 247.260559, 0.993669
5, 203,19,233.193085, 232.982529, 128.624527, 72.190315,10.582932, 247.260559, 1.000904
5, 203,20,93.244110, 92.683479, 128.624527, 72.190315,10.582932, 247.260559, 1.006049
5, 203,21,52.176682, 52.736015, 128.624527, 72.190315,10.582932, 247.260559, 0.989394
5, 203,22,10.750928, 10.116190, 128.624527, 72.190315,10.582932, 247.260559, 1.062745
5, 203,23,144.494476, 144.191818, 128.624527, 72.190315,10.582932, 247.260559, 1.002099
5, 203,24,95.703514, 95.951309, 128.624527, 72.190315,10.582932, 247.260559, 0.997418
5, 203,25,83.772018, 83.475449, 128.624527, 72.190315,10.582932, 247.260559, 1.003553
5, 203,26,138.983536, 138.745422, 128.624527, 72.190315,10.582932, 247.260559, 1.001716
5, 203,27,210.670074, 209.766357, 128.624527, 72.190315,10.582932, 247.260559, 1.004308
5, 203,28,198.745514, 199.846664, 128.624527, 72.190315,10.582932, 247.260559, 0.994490
5, 203,29,91.477005, 91.841103, 128.624527, 72.190315,10.582932, 247.260559, 0.996036
5, 203,30,247.260559, 247.150391, 128.624527, 72.190315,10.582932, 247.260559, 1.000446
5, 203,31,10.582932, 10.675352, 128.624527, 72.190315,10.582932, 247.260559, 0.991343
5, 204,0,37.029053, 36.292358, 128.634796, 97.364159,15.369563, 324.056732, 1.020299
5, 204,1,42.375858, 43.813148, 128.634796, 97.364159,15.369563, 324.056732, 0.967195
5, 204,2,66.957527, 66.223480, 128.634796, 97.364159,15.369563, 324.056732, 1.011084
5, 204,3,139.904144, 139.606949, 128.634796, 97.364159,15.369563, 324.056732, 1.002129
5, 204,4,164.176041, 165.585098, 128.634796, 97.364159,15.369563, 324.056732, 0.991490
5, 204,5,167.951553, 168.372437, 128.634796, 97.364159,15.369563, 324.056732, 0.997500
5, 204,6,283.158630, 283.475006, 128.634796, 97.364159,15.369563, 324.056732, 0.998884
5, 204,7,297.980591, 297.411774, 128.634796, 97.364159,15.369563, 324.056732, 1.001913
5, 204,8,145.648636, 144.289688, 128.634796, 97.364159,15.369563, 324.056732, 1.009418
5, 204,9,196.575806, 197.310257, 128.634796, 97.364159,15.369563, 324.056732, 0.996278
5, 204,10,323.111176, 323.025055, 128.634796, 97.364159,15.369563, 324.056732, 1.000267
5, 204,11,66.100418, 67.652641, 128.634796, 97.364159,15.369563, 324.056732, 0.977056
5, 204,12,31.455883, 31.041998, 128.634796, 97.364159,15.369563, 324.056732, 1.013333
5, 204,13,40.983337, 41.715031, 128.634796, 97.364159,15.369563, 324.056732, 0.982460
5, 204,14,24.826336, 24.190170, 128.634796, 97.364159,15.369563, 324.056732, 1.026299
5, 204,15,51.307068, 51.861000, 128.634796, 97.364159,15.369563, 324.056732, 0.989319
5, 204,16,153.618713, 153.655212, 128.634796, 97.364159,15.369563, 324.056732, 0.999762
5, 204,17,127.189972, 125.984383, 128.634796, 97.364159,15.369563, 324.056732, 1.009569
5, 204,18,34.891132, 34.802391, 128.634796, 97.364159,15.369563, 324.056732, 1.002550
5, 204,19,15.369563, 16.709923, 128.634796, 97.364159,15.369563, 324.056732, 0.919787
5, 204,20,232.352020, 233.434357, 128.634796, 97.364159,15.369563, 324.056732, 0.995363
5, 204,21,70.561615, 70.764343, 128.634796, 97.364159,15.369563, 324.056732, 0.997135
5, 204,22,324.056732, 323.420319, 128.634796, 97.364159,15.369563, 324.056732, 1.001968
5, 204,23,77.451736, 77.413452, 128.634796, 97.364159,15.369563, 324.056732, 1.000495
5, 204,24,28.224115, 28.001245, 128.634796, 97.364159,15.369563, 324.056732, 1.007959
5, 204,25,127.130821, 127.170265, 128.634796, 97.364159,15.369563, 324.056732, 0.999690
5, 204,26,70.062347, 70.085243, 128.634796, 97.364159,15.369563, 324.056732, 0.999673
5, 204,27,70.982025, 70.652847, 128.634796, 97.364159,15.369563, 324.056732, 1.004659
5, 204,28,90.685463, 91.674568, 128.634796, 97.364159,15.369563, 324.056732, 0.989211
5, 204,29,266.099854, 265.828491, 128.634796, 97.364159,15.369563, 324.056732, 1.001021
5, 204,30,273.402771, 274.464233, 128.634796, 97.364159,15.369563, 324.056732, 0.996133
5, 204,31,74.692513, 75.072067, 128.634796, 97.364159,15.369563, 324.056732, 0.994944
5, 205,0,68.197693, 67.663406, 128.777176, 65.271667,18.642368, 237.649185, 1.007896
5, 205,1,217.163239, 216.125549, 128.777176, 65.271667,18.642368, 237.649185, 1.004801
5, 205,2,211.854614, 213.192764, 128.777176, 65.271667,18.642368, 237.649185, 0.993723
5, 205,3,161.880966, 163.239853, 128.777176, 65.271667,18.642368, 237.649185, 0.991675
5, 205,4,175.770859, 175.904495, 128.777176, 65.271667,18.642368, 237.649185, 0.999240
5, 205,5,165.861221, 164.996582, 128.777176, 65.271667,18.642368, 237.649185, 1.005240
5, 205,6,186.210968, 185.989151, 128.777176, 65.271667,18.642368, 237.649185, 1.001193
5, 205,7,71.259605, 70.155167, 128.777176, 65.271667,18.642368, 237.649185, 1.015743
5, 205,8,237.649185, 238.360306, 128.777176, 65.271667,18.642368, 237.649185, 0.997017
5, 205,9,201.480209, 201.424866, 128.777176, 65.271667,18.642368, 237.649185, 1.000275
5, 205,10,202.783539, 203.652023, 128.777176, 65.271667,18.642368, 237.649185, 0.995735
5, 205,11,131.547897, 131.626068, 128.777176, 65.271667,18.642368, 237.649185, 0.999406
5, 205,12,151.898544, 151.324951, 128.777176, 65.271667,18.642368, 237.649185, 1.003790
5, 205,13,51.744236, 52.345299, 128.777176, 65.271667,18.642368, 237.649185, 0.988517
5, 205,14,67.965233, 68.016220, 128.777176, 65.271667,18.642368, 237.649185, 0.999250
5, 205,15,19.442293, 20.275774, 128.777176, 65.271667,18.642368, 237.649185, 0.958893
5, 205,16,171.403198, 170.244736, 128.777176, 65.271667,18.642368, 237.649185, 1.006805
5, 205,17,48.702621, 47.611683, 128.777176, 65.271667,18.642368, 237.649185, 1.022913
5, 205,18,196.415909, 197.529205, 128.777176, 65.271667,18.642368, 237.649185, 0.994364
5, 205,19,157.609283, 157.411041, 128.777176, 65.271667,18.642368, 237.649185, 1.001259
5, 205,20,142.174423, 142.938232, 128.777176, 65.271667,18.642368, 237.649185, 0.994656
5, 205,21,78.743851, 78.468407, 128.777176, 65.271667,18.642368, 237.649185, 1.003510
5, 205,22,84.382797, 85.539429, 128.777176, 65.271667,18.642368, 237.649185, 0.986478
5, 205,23,106.160332, 106.208580, 128.777176, 65.271667,18.642368, 237.649185, 0.999546
5, 205,24,145.411026, 145.158020, 128.777176, 65.271667,18.642368, 237.649185, 1.001743
5, 205,25,128.500031, 129.428299, 128.777176, 65.271667,18.642368, 237.649185, 0.992828
5, 205,26,225.524384, 226.879105, 128.777176, 65.271667,18.642368, 237.649185, 0.994029
5, 205,27,49.838207, 47.545528, 128.777176, 65.271667,18.642368, 237.649185, 1.048221
5, 205,28,58.417332, 57.270027, 128.777176, 65.271667,18.642368, 237.649185, 1.020033
5, 205,29,134.137192, 133.360733, 128.777176, 65.271667,18.642368, 237.649185, 1.005822
5, 205,30,52.095562, 53.947674, 128.777176, 65.271667,18.642368, 237.649185, 0.965668
5, 205,31,18.642368, 17.166580, 128.777176, 65.271667,18.642368, 237.649185, 1.085969
5, 206,0,74.337921, 74.078583, 128.894516, 64.725426,42.363548, 240.349838, 1.003501
5, 206,1,145.393982, 145.428848, 128.894516, 64.725426,42.363548, 240.349838, 0.999760
5, 206,2,192.395477, 192.287643, 128.894516, 64.725426,42.363548, 240.349838, 1.000561
5, 206,3,128.014679, 128.499359, 128.894516, 64.725426,42.363548, 240.349838, 0.996228
5, 206,4,178.826263, 179.110809, 128.894516, 64.725426,42.363548, 240.349838, 0.998411
5, 206,5,64.735367, 64.739395, 128.894516, 64.725426,42.363548, 240.349838, 0.999938
5, 206,6,173.628311, 173.913742, 128.894516, 64.725426,42.363548, 240.349838, 0.998359
5, 206,7,100.413109, 100.814575, 128.894516, 64.725426,42.363548, 240.349838, 0.996018
5, 206,8,86.806526, 86.887215, 128.894516, 64.725426,42.363548, 240.349838, 0.999071
5, 206,9,50.082226, 50.174797, 128.894516, 64.725426,42.363548, 240.349838, 0.998155
5, 206,10,61.062778, 62.176254, 128.894516, 64.725426,42.363548, 240.349838, 0.982092
5, 206,11,44.993221, 45.409615, 128.894516, 64.725426,42.363548, 240.349838, 0.990830
5, 206,12,52.781990, 51.513008, 128.894516, 64.725426,42.363548, 240.349838, 1.024634
5, 206,13,240.349838, 241.334320, 128.894516, 64.725426,42.363548, 240.349838, 0.995921
5, 206,14,97.364815, 96.842415, 128.894516, 64.725426,42.363548, 240.349838, 1.005394
5, 206,15,167.002899, 167.484634, 128.894516, 64.725426,42.363548, 240.349838, 0.997124
5, 206,16,48.191265, 47.909031, 128.894516, 64.725426,42.363548, 240.349838, 1.005891
5, 206,17,217.346924, 217.805786, 128.894516, 64.725426,42.363548, 240.349838, 0.997893
5, 206,18,125.963608, 125.872490, 128.894516, 64.725426,42.363548, 240.349838, 1.000724
5, 206,19,175.798752, 174.713821, 128.894516, 64.725426,42.363548, 240.349838, 1.006210
5, 206,20,68.108154, 66.410400, 128.894516, 64.725426,42.363548, 240.349838, 1.025565
5, 206,21,232.756439, 232.582809, 128.894516, 64.725426,42.363548, 240.349838, 1.000746
5, 206,22,225.246368, 226.451080, 128.894516, 64.725426,42.363548, 240.349838, 0.994680
5, 206,23,226.558624, 227.123734, 128.894516, 64.725426,42.363548, 240.349838, 0.997512
5, 206,24,193.454819, 192.061066, 128.894516, 64.725426,42.363548, 240.349838, 1.007257
5, 206,25,75.084694, 75.020287, 128.894516, 64.725426,42.363548, 240.349838, 1.000859
5, 206,26,86.221924, 84.933006, 128.894516, 64.725426,42.363548, 240.349838, 1.015176
5, 206,27,42.363548, 42.329594, 128.894516, 64.725426,42.363548, 240.349838, 1.000802
5, 206,28,186.565170, 185.971817, 128.894516, 64.725426,42.363548, 240.349838, 1.003191
5, 206,29,123.717316, 123.861633, 128.894516, 64.725426,42.363548, 240.349838, 0.998835
5, 206,30,159.102097, 158.903061, 128.894516, 64.725426,42.363548, 240.349838, 1.001253
5, 206,31,79.955780, 78.355209, 128.894516, 64.725426,42.363548, 240.349838, 1.020427
5, 207,0,26.003662, 26.680027, 128.511139, 83.866371,10.853955, 247.165985, 0.974649
5, 207,1,228.250519, 228.159943, 128.511139, 83.866371,10.853955, 247.165985, 1.000397
5, 207,2,107.435173, 109.071953, 128.511139, 83.866371,10.853955, 247.165985, 0.984994
5, 207,3,16.693224, 16.471851, 128.511139, 83.866371,10.853955, 247.165985, 1.013439
5, 207,4,203.117279, 204.281540, 128.511139, 83.866371,10.853955, 247.165985, 0.994301
5, 207,5,221.492859, 221.458282, 128.511139, 83.866371,10.853955, 247.165985, 1.000156
5, 207,6,46.919064, 46.792435, 128.511139, 83.866371,10.853955, 247.165985, 1.002706
5, 207,7,90.554375, 92.221413, 128.511139, 83.866371,10.853955, 247.165985, 0.981924
5, 207,8,171.172806, 170.291351, 128.511139, 83.866371,10.853955, 247.165985, 1.005176
5, 207,9,164.806381, 163.515564, 128.511139, 83.866371,10.853955, 247.165985, 1.007894
5, 207,10,169.648071, 169.453644, 128.511139, 83.866371,10.853955, 247.165985, 1.001147
5, 207,11,14.161253, 12.980165, 128.511139, 83.866371,10.853955, 247.165985, 1.090992
5, 207,12,105.089867, 107.804268, 128.511139, 83.866371,10.853955, 247.165985, 0.974821
5, 207,13,40.651001, 39.416153, 128.511139, 83.866371,10.853955, 247.165985, 1.031328
5, 207,14,10.853955, 11.875576, 128.511139, 83.866371,10.853955, 247.165985, 0.913973
5, 207,15,153.034210, 153.396347, 128.511139, 83.866371,10.853955, 247.165985, 0.997639
5, 207,16,134.664230, 133.669434, 128.511139, 83.866371,10.853955, 247.165985, 1.007442
5, 207,17,25.989634, 27.213789, 128.511139, 83.866371,10.853955, 247.165985, 0.955017
5, 207,18,247.165985, 247.464294, 128.511139, 83.866371,10.853955, 247.165985, 0.998795
5, 207,19,91.243919, 93.170326, 128.511139, 83.866371,10.853955, 247.165985, 0.979324
5, 207,20,232.864883, 231.206802, 128.511139, 83.866371,10.853955, 247.165985, 1.007171
5, 207,21,244.074463, 244.498932, 128.511139, 83.866371,10.853955, 247.165985, 0.998264
5, 207,22,200.610565, 199.559250, 128.511139, 83.866371,10.853955, 247.165985, 1.005268
5, 207,23,39.470852, 40.580048, 128.511139, 83.866371,10.853955, 247.165985, 0.972667
5, 207,24,21.378262, 18.162094, 128.511139, 83.866371,10.853955, 247.165985, 1.177081
5, 207,25,16.116331, 17.161291, 128.511139, 83.866371,10.853955, 247.165985, 0.939110
5, 207,26,185.139648, 186.837952, 128.511139, 83.866371,10.853955, 247.165985, 0.990910
5, 207,27,144.266815, 142.261505, 128.511139, 83.866371,10.853955, 247.165985, 1.014096
5, 207,28,238.768280, 240.377136, 128.511139, 83.866371,10.853955, 247.165985, 0.993307
5, 207,29,229.897507, 230.680466, 128.511139, 83.866371,10.853955, 247.165985, 0.996606
5, 207,30,207.661179, 208.477493, 128.511139, 83.866371,10.853955, 247.165985, 0.996084
5, 207,31,83.160057, 85.808876, 128.511139, 83.866371,10.853955, 247.165985, 0.969131
5, 208,0,199.577164, 200.805084, 128.759277, 65.577805,11.797946, 219.843582, 0.993885
5, 208,1,48.890381, 50.756805, 128.759277, 65.577805,11.797946, 219.843582, 0.963228
5, 208,2,175.010071, 174.672974, 128.759277, 65.577805,11.797946, 219.843582, 1.001930
5, 208,3,58.325310, 58.243404, 128.759277, 65.577805,11.797946, 219.843582, 1.001406
5, 208,4,13.560550, 14.014368, 128.759277, 65.577805,11.797946, 219.843582, 0.967618
5, 208,5,105.316315, 104.098839, 128.759277, 65.577805,11.797946, 219.843582, 1.011695
5, 208,6,141.321899, 141.648026, 128.759277, 65.577805,11.797946, 219.843582, 0.997698
5, 208,7,151.701279, 151.748474, 128.759277, 65.577805,11.797946, 219.843582, 0.999689
5, 208,8,104.504097, 104.215012, 128.759277, 65.577805,11.797946, 219.843582, 1.002774
5, 208,9,196.974762, 197.223129, 128.759277, 65.577805,11.797946, 219.843582, 0.998741
5, 208,10,52.785141, 53.635273, 128.759277, 65.577805,11.797946, 219.843582, 0.984150
5, 208,11,11.797946, 12.316975, 128.759277, 65.577805,11.797946, 219.843582, 0.957861
5, 208,12,163.885773, 163.707687, 128.759277, 65.577805,11.797946, 219.843582, 1.001088
5, 208,13,91.987083, 92.655960, 128.759277, 65.577805,11.797946, 219.843582, 0.992781
5, 208,14,192.345200, 192.311661, 128.759277, 65.577805,11.797946, 219.843582, 1.000174
5, 208,15,192.672775, 192.808624, 128.759277, 65.577805,11.797946, 219.843582, 0.999295
5, 208,16,154.553452, 156.117813, 128.759277, 65.577805,11.797946, 219.843582, 0.989980
5, 208,17,215.506622, 214.332611, 128.759277, 65.577805,11.797946, 219.843582, 1.005478
5, 208,18,139.009628, 138.956711, 128.759277, 65.577805,11.797946, 219.843582, 1.000381
5, 208,19,130.771011, 130.392303, 128.759277, 65.577805,11.797946, 219.843582, 1.002904
5, 208,20,142.145309, 142.164337, 128.759277, 65.577805,11.797946, 219.843582, 0.999866
5, 208,21,81.734016, 82.013367, 128.759277, 65.577805,11.797946, 219.843582, 0.996594
5, 208,22,219.843582, 219.534500, 128.759277, 65.577805,11.797946, 219.843582, 1.001408
5, 208,23,181.659912, 182.256378, 128.759277, 65.577805,11.797946, 219.843582, 0.996727
5, 208,24,14.722613, 14.866291, 128.759277, 65.577805,11.797946, 219.843582, 0.990335
5, 208,25,189.269180, 189.388016, 128.759277, 65.577805,11.797946, 219.843582, 0.999373
5, 208,26,20.105417, 20.842665, 128.759277, 65.577805,11.797946, 219.843582, 0.964628
5, 208,27,181.900986, 182.107941, 128.759277, 65.577805,11.797946, 219.843582, 0.998864
5, 208,28,157.086075, 155.530502, 128.759277, 65.577805,11.797946, 219.843582, 1.010002
5, 208,29,63.335690, 62.625648, 128.759277, 65.577805,11.797946, 219.843582, 1.011338
5, 208,30,117.843948, 117.290756, 128.759277, 65.577805,11.797946, 219.843582, 1.004716
5, 208,31,210.153564, 207.717300, 128.759277, 65.577805,11.797946, 219.843582, 1.011729
5, 209,0,115.917938, 116.259148, 128.665512, 54.882915,33.883392, 222.203766, 0.997065
5, 209,1,155.678452, 155.753326, 128.665512, 54.882915,33.883392, 222.203766, 0.999519
5, 209,2,150.587646, 151.302795, 128.665512, 54.882915,33.883392, 222.203766, 0.995273
5, 209,3,53.704983, 53.238720, 128.665512, 54.882915,33.883392, 222.203766, 1.008758
5, 209,4,103.990654, 103.025200, 128.665512, 54.882915,33.883392, 222.203766, 1.009371
5, 209,5,40.318829, 41.354477, 128.665512, 54.882915,33.883392, 222.203766, 0.974957
5, 209,6,198.156219, 198.867462, 128.665512, 54.882915,33.883392, 222.203766, 0.996424
5, 209,7,122.404343, 122.799973, 128.665512, 54.882915,33.883392, 222.203766, 0.996778
5, 209,8,147.322876, 147.558258, 128.665512, 54.882915,33.883392, 222.203766, 0.998405
5, 209,9,105.783905, 107.185036, 128.665512, 54.882915,33.883392, 222.203766, 0.986928
5, 209,10,154.240219, 154.825851, 128.665512, 54.882915,33.883392, 222.203766, 0.996217
5, 209,11,33.883392, 34.252998, 128.665512, 54.882915,33.883392, 222.203766, 0.989210
5, 209,12,129.079010, 129.465408, 128.665512, 54.882915,33.883392, 222.203766, 0.997015
5, 209,13,222.203766, 221.071686, 128.665512, 54.882915,33.883392, 222.203766, 1.005121
5, 209,14,194.529541, 194.749161, 128.665512, 54.882915,33.883392, 222.203766, 0.998872
5, 209,15,37.555355, 37.097740, 128.665512, 54.882915,33.883392, 222.203766, 1.012335
5, 209,16,33.889721, 33.512398, 128.665512, 54.882915,33.883392, 222.203766, 1.011259
5, 209,17,156.345398, 156.812317, 128.665512, 54.882915,33.883392, 222.203766, 0.997022
5, 209,18,111.377159, 111.850136, 128.665512, 54.882915,33.883392, 222.203766, 0.995771
5, 209,19,119.222015, 119.235397, 128.665512, 54.882915,33.883392, 222.203766, 0.999888
5, 209,20,91.018265, 92.317619, 128.665512, 54.882915,33.883392, 222.203766, 0.985925
5, 209,21,102.210129, 101.737801, 128.665512, 54.882915,33.883392, 222.203766, 1.004643
5, 209,22,203.832397, 204.058594, 128.665512, 54.882915,33.883392, 222.203766, 0.998892
5, 209,23,97.401390, 95.736839, 128.665512, 54.882915,33.883392, 222.203766, 1.017387
5, 209,24,208.363388, 208.287659, 128.665512, 54.882915,33.883392, 222.203766, 1.000364
5, 209,25,150.089249, 151.198975, 128.665512, 54.882915,33.883392, 222.203766, 0.992661
5, 209,26,210.809647, 210.703262, 128.665512, 54.882915,33.883392, 222.203766, 1.000505
5, 209,27,106.344528, 105.544632, 128.665512, 54.882915,33.883392, 222.203766, 1.007579
5, 209,28,193.705505, 192.824982, 128.665512, 54.882915,33.883392, 222.203766, 1.004566
5, 209,29,73.805519, 72.798935, 128.665512, 54.882915,33.883392, 222.203766, 1.013827
5, 209,30,160.386826, 161.484329, 128.665512, 54.882915,33.883392, 222.203766, 0.993204
5, 209,31,133.138336, 134.088974, 128.665512, 54.882915,33.883392, 222.203766, 0.992910
5, 210,0,254.965851, 255.432129, 129.058411, 87.960487,12.267773, 283.263489, 0.998175
5, 210,1,69.307793, 67.907066, 129.058411, 87.960487,12.267773, 283.263489, 1.020627
5, 210,2,101.918953, 101.321983, 129.058411, 87.960487,12.267773, 283.263489, 1.005892
5, 210,3,15.688605, 15.928313, 129.058411, 87.960487,12.267773, 283.263489, 0.984951
5, 210,4,267.150787, 266.155029, 129.058411, 87.960487,12.267773, 283.263489, 1.003741
5, 210,5,124.768242, 126.437256, 129.058411, 87.960487,12.267773, 283.263489, 0.986800
5, 210,6,194.761978, 194.772980, 129.058411, 87.960487,12.267773, 283.263489, 0.999943
5, 210,7,140.083603, 140.907532, 129.058411, 87.960487,12.267773, 283.263489, 0.994153
5, 210,8,143.674591, 142.543228, 129.058411, 87.960487,12.267773, 283.263489, 1.007937
5, 210,9,163.010437, 162.630264, 129.058411, 87.960487,12.267773, 283.263489, 1.002338
5, 210,10,116.096451, 115.835526, 129.058411, 87.960487,12.267773, 283.263489, 1.002253
5, 210,11,92.505096, 92.148247, 129.058411, 87.960487,12.267773, 283.263489, 1.003873
5, 210,12,35.218182, 33.791142, 129.058411, 87.960487,12.267773, 283.263489, 1.042231
5, 210,13,51.239136, 51.394337, 129.058411, 87.960487,12.267773, 283.263489, 0.996980
5, 210,14,264.504669, 264.848206, 129.058411, 87.960487,12.267773, 283.263489, 0.998703
5, 210,15,153.057159, 153.257462, 129.058411, 87.960487,12.267773, 283.263489, 0.998693
5, 210,16,164.807968, 165.503540, 129.058411, 87.960487,12.267773, 283.263489, 0.995797
5, 210,17,283.263489, 282.572571, 129.058411, 87.960487,12.267773, 283.263489, 1.002445
5, 210,18,68.466377, 68.028229, 129.058411, 87.960487,12.267773, 283.263489, 1.006441
5, 210,19,67.511192, 67.214706, 129.058411, 87.960487,12.267773, 283.263489, 1.004411
5, 210,20,12.267773, 12.172273, 129.058411, 87.960487,12.267773, 283.263489, 1.007846
5, 210,21,223.850845, 224.977066, 129.058411, 87.960487,12.267773, 283.263489, 0.994994
5, 210,22,244.508026, 243.203384, 129.058411, 87.960487,12.267773, 283.263489, 1.005364
5, 210,23,215.580139, 215.266769, 129.058411, 87.960487,12.267773, 283.263489, 1.001456
5, 210,24,43.439651, 42.584084, 129.058411, 87.960487,12.267773, 283.263489, 1.020091
5, 210,25,15.380564, 15.564825, 129.058411, 87.960487,12.267773, 283.263489, 0.988162
5, 210,26,146.222839, 145.329971, 129.058411, 87.960487,12.267773, 283.263489, 1.006144
5, 210,27,258.233337, 257.284210, 129.058411, 87.960487,12.267773, 283.263489, 1.003689
5, 210,28,20.032009, 20.471910, 129.058411, 87.960487,12.267773, 283.263489, 0.978512
5, 210,29,20.864061, 20.973869, 129.058411, 87.960487,12.267773, 283.263489, 0.994765
5, 210,30,127.781876, 126.385330, 129.058411, 87.960487,12.267773, 283.263489, 1.011050
5, 210,31,29.707582, 28.157082, 129.058411, 87.960487,12.267773, 283.263489, 1.055066
5, 211,0,149.610352, 149.218643, 128.597061, 64.942070,8.797977, 226.679352, 1.002625
5, 211,1,153.699631, 153.345108, 128.597061, 64.942070,8.797977, 226.679352, 1.002312
5, 211,2,222.252640, 222.854813, 128.597061, 64.942070,8.797977, 226.679352, 0.997298
5, 211,3,210.451080, 209.749725, 128.597061, 64.942070,8.797977, 226.679352, 1.003344
5, 211,4,87.343468, 87.968979, 128.597061, 64.942070,8.797977, 226.679352, 0.992889
5, 211,5,8.797977, 10.796836, 128.597061, 64.942070,8.797977, 226.679352, 0.814866
5, 211,6,34.669140, 34.374645, 128.597061, 64.942070,8.797977, 226.679352, 1.008567
5, 211,7,179.613953, 181.611435, 128.597061, 64.942070,8.797977, 226.679352, 0.989001
5, 211,8,187.853027, 186.897598, 128.597061, 64.942070,8.797977, 226.679352, 1.005112
5, 211,9,73.172997, 73.476532, 128.597061, 64.942070,8.797977, 226.679352, 0.995869
5, 211,10,123.846001, 123.470871, 128.597061, 64.942070,8.797977, 226.679352, 1.003038
5, 211,11,146.024307, 145.205994, 128.597061, 64.942070,8.797977, 226.679352, 1.005635
5, 211,12,147.028702, 146.628922, 128.597061, 64.942070,8.797977, 226.679352, 1.002726
5, 211,13,178.516068, 178.687332, 128.597061, 64.942070,8.797977, 226.679352, 0.999042
5, 211,14,80.639885, 80.875717, 128.597061, 64.942070,8.797977, 226.679352, 0.997084
5, 211,15,174.092056, 173.749802, 128.597061, 64.942070,8.797977, 226.679352, 1.001970
5, 211,16,64.366257, 64.135048, 128.597061, 64.942070,8.797977, 226.679352, 1.003605
5, 211,17,136.081192, 134.932495, 128.597061, 64.942070,8.797977, 226.679352, 1.008513
5, 211,18,67.035873, 66.404610, 128.597061, 64.942070,8.797977, 226.679352, 1.009506
5, 211,19,215.185226, 215.910965, 128.597061, 64.942070,8.797977, 226.679352, 0.996639
5, 211,20,91.001198, 91.227470, 128.597061, 64.942070,8.797977, 226.679352, 0.997520
5, 211,21,77.084885, 76.052017, 128.597061, 64.942070,8.797977, 226.679352, 1.013581
5, 211,22,123.680000, 125.313568, 128.597061, 64.942070,8.797977, 226.679352, 0.986964
5, 211,23,77.532509, 77.752411, 128.597061, 64.942070,8.797977, 226.679352, 0.997172
5, 211,24,168.415222, 168.250214, 128.597061, 64.942070,8.797977, 226.679352, 1.000981
5, 211,25,122.418449, 123.762573, 128.597061, 64.942070,8.797977, 226.679352, 0.989139
5, 211,26,180.961288, 180.807495, 128.597061, 64.942070,8.797977, 226.679352, 1.000851
5, 211,27,173.146912, 173.735580, 128.597061, 64.942070,8.797977, 226.679352, 0.996612
5, 211,28,12.571428, 14.994454, 128.597061, 64.942070,8.797977, 226.679352, 0.838405
5, 211,29,211.578018, 210.880936, 128.597061, 64.942070,8.797977, 226.679352, 1.003306
5, 211,30,9.756597, 10.611856, 128.597061, 64.942070,8.797977, 226.679352, 0.919405
5, 211,31,226.679352, 227.315689, 128.597061, 64.942070,8.797977, 226.679352, 0.997201
5, 212,0,155.394928, 156.835388, 128.809982, 75.602997,16.480247, 250.216675, 0.990815
5, 212,1,109.600594, 110.656120, 128.809982, 75.602997,16.480247, 250.216675, 0.990461
5, 212,2,33.443314, 32.925709, 128.809982, 75.602997,16.480247, 250.216675, 1.015720
5, 212,3,231.855896, 231.911804, 128.809982, 75.602997,16.480247, 250.216675, 0.999759
5, 212,4,125.524399, 124.113365, 128.809982, 75.602997,16.480247, 250.216675, 1.011369
5, 212,5,250.216675, 250.294525, 128.809982, 75.602997,16.480247, 250.216675, 0.999689
5, 212,6,106.501488, 105.574532, 128.809982, 75.602997,16.480247, 250.216675, 1.008780
5, 212,7,16.480247, 16.455418, 128.809982, 75.602997,16.480247, 250.216675, 1.001509
5, 212,8,167.714722, 167.997711, 128.809982, 75.602997,16.480247, 250.216675, 0.998316
5, 212,9,130.066315, 130.170685, 128.809982, 75.602997,16.480247, 250.216675, 0.999198
5, 212,10,192.225693, 192.063065, 128.809982, 75.602997,16.480247, 250.216675, 1.000847
5, 212,11,19.101778, 17.618486, 128.809982, 75.602997,16.480247, 250.216675, 1.084190
5, 212,12,41.603848, 42.542488, 128.809982, 75.602997,16.480247, 250.216675, 0.977936
5, 212,13,170.348083, 171.533752, 128.809982, 75.602997,16.480247, 250.216675, 0.993088
5, 212,14,106.327499, 106.331688, 128.809982, 75.602997,16.480247, 250.216675, 0.999961
5, 212,15,245.660797, 246.173050, 128.809982, 75.602997,16.480247, 250.216675, 0.997919
5, 212,16,205.566010, 206.644363, 128.809982, 75.602997,16.480247, 250.216675, 0.994782
5, 212,17,211.050552, 209.751068, 128.809982, 75.602997,16.480247, 250.216675, 1.006195
5, 212,18,157.548111, 159.060028, 128.809982, 75.602997,16.480247, 250.216675, 0.990495
5, 212,19,192.780380, 191.836700, 128.809982, 75.602997,16.480247, 250.216675, 1.004919
5, 212,20,31.921719, 30.654215, 128.809982, 75.602997,16.480247, 250.216675, 1.041348
5, 212,21,46.955585, 46.734211, 128.809982, 75.602997,16.480247, 250.216675, 1.004737
5, 212,22,172.891281, 171.799149, 128.809982, 75.602997,16.480247, 250.216675, 1.006357
5, 212,23,22.187498, 22.387844, 128.809982, 75.602997,16.480247, 250.216675, 0.991051
5, 212,24,241.857773, 241.754959, 128.809982, 75.602997,16.480247, 250.216675, 1.000425
5, 212,25,76.181160, 75.810913, 128.809982, 75.602997,16.480247, 250.216675, 1.004884
5, 212,26,62.530247, 64.242676, 128.809982, 75.602997,16.480247, 250.216675, 0.973344
5, 212,27,133.097488, 132.754410, 128.809982, 75.602997,16.480247, 250.216675, 1.002584
5, 212,28,88.657318, 88.464157, 128.809982, 75.602997,16.480247, 250.216675, 1.002183
5, 212,29,100.796104, 100.656860, 128.809982, 75.602997,16.480247, 250.216675, 1.001383
5, 212,30,232.723297, 232.185028, 128.809982, 75.602997,16.480247, 250.216675, 1.002318
5, 212,31,43.108990, 43.065479, 128.809982, 75.602997,16.480247, 250.216675, 1.001010
5, 213,0,33.767094, 34.547165, 128.676376, 60.263092,33.767094, 208.311401, 0.977420
5, 213,1,192.928345, 192.799057, 128.676376, 60.263092,33.767094, 208.311401, 1.000671
5, 213,2,54.170006, 53.875488, 128.676376, 60.263092,33.767094, 208.311401, 1.005467
5, 213,3,64.304344, 65.182999, 128.676376, 60.263092,33.767094, 208.311401, 0.986520
5, 213,4,202.770569, 202.991074, 128.676376, 60.263092,33.767094, 208.311401, 0.998914
5, 213,5,125.343834, 123.712418, 128.676376, 60.263092,33.767094, 208.311401, 1.013187
5, 213,6,183.171417, 183.403793, 128.676376, 60.263092,33.767094, 208.311401, 0.998733
5, 213,7,132.575104, 132.828796, 128.676376, 60.263092,33.767094, 208.311401, 0.998090
5, 213,8,137.661957, 137.788696, 128.676376, 60.263092,33.767094, 208.311401, 0.999080
5, 213,9,173.056732, 173.437531, 128.676376, 60.263092,33.767094, 208.311401, 0.997804
5, 213,10,105.951187, 105.147667, 128.676376, 60.263092,33.767094, 208.311401, 1.007642
5, 213,11,167.114258, 167.169601, 128.676376, 60.263092,33.767094, 208.311401, 0.999669
5, 213,12,164.163116, 163.949326, 128.676376, 60.263092,33.767094, 208.311401, 1.001304
5, 213,13,34.089870, 35.908318, 128.676376, 60.263092,33.767094, 208.311401, 0.949359
5, 213,14,145.466843, 144.601074, 128.676376, 60.263092,33.767094, 208.311401, 1.005987
5, 213,15,208.311401, 208.289597, 128.676376, 60.263092,33.767094, 208.311401, 1.000105
5, 213,16,48.359165, 48.709759, 128.676376, 60.263092,33.767094, 208.311401, 0.992802
5, 213,17,202.739349, 202.984436, 128.676376, 60.263092,33.767094, 208.311401, 0.998793
5, 213,18,207.674850, 206.915161, 128.676376, 60.263092,33.767094, 208.311401, 1.003672
5, 213,19,205.284317, 205.985596, 128.676376, 60.263092,33.767094, 208.311401, 0.996596
5, 213,20,185.509918, 185.462128, 128.676376, 60.263092,33.767094, 208.311401, 1.000258
5, 213,21,179.824646, 180.469025, 128.676376, 60.263092,33.767094, 208.311401, 0.996429
5, 213,22,42.346657, 43.158928, 128.676376, 60.263092,33.767094, 208.311401, 0.981180
5, 213,23,117.874413, 118.453728, 128.676376, 60.263092,33.767094, 208.311401, 0.995109
5, 213,24,128.338913, 128.134491, 128.676376, 60.263092,33.767094, 208.311401, 1.001595
5, 213,25,85.284279, 83.674706, 128.676376, 60.263092,33.767094, 208.311401, 1.019236
5, 213,26,38.677437, 38.823166, 128.676376, 60.263092,33.767094, 208.311401, 0.996246
5, 213,27,184.833725, 184.851257, 128.676376, 60.263092,33.767094, 208.311401, 0.999905
5, 213,28,84.946541, 85.341286, 128.676376, 60.263092,33.767094, 208.311401, 0.995375
5, 213,29,98.106056, 98.527832, 128.676376, 60.263092,33.767094, 208.311401, 0.995719
5, 213,30,137.220795, 138.107391, 128.676376, 60.263092,33.767094, 208.311401, 0.993580
5, 213,31,45.777119, 45.768353, 128.676376, 60.263092,33.767094, 208.311401, 1.000192
5, 214,0,224.376266, 225.272476, 128.830338, 69.304436,17.311258, 224.700455, 0.996022
5, 214,1,17.311258, 18.300491, 128.830338, 69.304436,17.311258, 224.700455, 0.945945
5, 214,2,68.648743, 68.685799, 128.830338, 69.304436,17.311258, 224.700455, 0.999461
5, 214,3,66.485687, 66.714172, 128.830338, 69.304436,17.311258, 224.700455, 0.996575
5, 214,4,58.381878, 58.757484, 128.830338, 69.304436,17.311258, 224.700455, 0.993608
5, 214,5,86.897179, 87.763596, 128.830338, 69.304436,17.311258, 224.700455, 0.990128
5, 214,6,211.454819, 209.787125, 128.830338, 69.304436,17.311258, 224.700455, 1.007949
5, 214,7,37.905418, 37.799278, 128.830338, 69.304436,17.311258, 224.700455, 1.002808
5, 214,8,151.915222, 151.901199, 128.830338, 69.304436,17.311258, 224.700455, 1.000092
5, 214,9,129.736984, 129.104675, 128.830338, 69.304436,17.311258, 224.700455, 1.004898
5, 214,10,173.856537, 172.887482, 128.830338, 69.304436,17.311258, 224.700455, 1.005605
5, 214,11,186.401932, 187.551910, 128.830338, 69.304436,17.311258, 224.700455, 0.993868
5, 214,12,63.092831, 63.725155, 128.830338, 69.304436,17.311258, 224.700455, 0.990077
5, 214,13,175.049591, 174.788940, 128.830338, 69.304436,17.311258, 224.700455, 1.001491
5, 214,14,168.445694, 168.312744, 128.830338, 69.304436,17.311258, 224.700455, 1.000790
5, 214,15,224.700455, 226.395126, 128.830338, 69.304436,17.311258, 224.700455, 0.992515
5, 214,16,213.743835, 213.604095, 128.830338, 69.304436,17.311258, 224.700455, 1.000654
5, 214,17,201.223129, 199.907928, 128.830338, 69.304436,17.311258, 224.700455, 1.006579
5, 214,18,136.098206, 134.858185, 128.830338, 69.304436,17.311258, 224.700455, 1.009195
5, 214,19,170.821808, 170.986023, 128.830338, 69.304436,17.311258, 224.700455, 0.999040
5, 214,20,17.623985, 17.725140, 128.830338, 69.304436,17.311258, 224.700455, 0.994293
5, 214,21,223.951797, 223.560471, 128.830338, 69.304436,17.311258, 224.700455, 1.001750
5, 214,22,38.208042, 39.118370, 128.830338, 69.304436,17.311258, 224.700455, 0.976729
5, 214,23,164.241852, 164.776443, 128.830338, 69.304436,17.311258, 224.700455, 0.996756
5, 214,24,180.877350, 180.633667, 128.830338, 69.304436,17.311258, 224.700455, 1.001349
5, 214,25,131.075790, 130.514984, 128.830338, 69.304436,17.311258, 224.700455, 1.004297
5, 214,26,95.135185, 94.422234, 128.830338, 69.304436,17.311258, 224.700455, 1.007551
5, 214,27,79.177887, 79.806915, 128.830338, 69.304436,17.311258, 224.700455, 0.992118
5, 214,28,125.806427, 124.873741, 128.830338, 69.304436,17.311258, 224.700455, 1.007469
5, 214,29,54.289768, 53.726677, 128.830338, 69.304436,17.311258, 224.700455, 1.010481
5, 214,30,217.189072, 216.838684, 128.830338, 69.304436,17.311258, 224.700455, 1.001616
5, 214,31,28.445944, 27.899031, 128.830338, 69.304436,17.311258, 224.700455, 1.019603
5, 215,0,57.481071, 55.701721, 128.863129, 77.514557,18.274336, 270.816620, 1.031944
5, 215,1,232.195679, 232.068115, 128.863129, 77.514557,18.274336, 270.816620, 1.000550
5, 215,2,250.765091, 250.184952, 128.863129, 77.514557,18.274336, 270.816620, 1.002319
5, 215,3,39.303757, 38.853676, 128.863129, 77.514557,18.274336, 270.816620, 1.011584
5, 215,4,242.090256, 242.202637, 128.863129, 77.514557,18.274336, 270.816620, 0.999536
5, 215,5,76.771217, 76.468658, 128.863129, 77.514557,18.274336, 270.816620, 1.003957
5, 215,6,72.693008, 73.200233, 128.863129, 77.514557,18.274336, 270.816620, 0.993071
5, 215,7,270.816620, 271.144653, 128.863129, 77.514557,18.274336, 270.816620, 0.998790
5, 215,8,25.173597, 26.558943, 128.863129, 77.514557,18.274336, 270.816620, 0.947839
5, 215,9,261.248962, 260.817383, 128.863129, 77.514557,18.274336, 270.816620, 1.001655
5, 215,10,70.065758, 69.634674, 128.863129, 77.514557,18.274336, 270.816620, 1.006191
5, 215,11,95.735062, 95.565247, 128.863129, 77.514557,18.274336, 270.816620, 1.001777
5, 215,12,145.312439, 146.366348, 128.863129, 77.514557,18.274336, 270.816620, 0.992800
5, 215,13,72.231483, 72.172325, 128.863129, 77.514557,18.274336, 270.816620, 1.000820
5, 215,14,116.018639, 115.529129, 128.863129, 77.514557,18.274336, 270.816620, 1.004237
5, 215,15,224.150238, 225.426865, 128.863129, 77.514557,18.274336, 270.816620, 0.994337
5, 215,16,200.145325, 200.516174, 128.863129, 77.514557,18.274336, 270.816620, 0.998151
5, 215,17,104.369247, 102.375122, 128.863129, 77.514557,18.274336, 270.816620, 1.019479
5, 215,18,137.357452, 138.207336, 128.863129, 77.514557,18.274336, 270.816620, 0.993851
5, 215,19,111.299065, 112.035851, 128.863129, 77.514557,18.274336, 270.816620, 0.993424
5, 215,20,56.415359, 56.448559, 128.863129, 77.514557,18.274336, 270.816620, 0.999412
5, 215,21,164.468842, 164.386826, 128.863129, 77.514557,18.274336, 270.816620, 1.000499
5, 215,22,216.679688, 216.312210, 128.863129, 77.514557,18.274336, 270.816620, 1.001699
5, 215,23,45.805355, 45.872353, 128.863129, 77.514557,18.274336, 270.816620, 0.998540
5, 215,24,24.512329, 26.430454, 128.863129, 77.514557,18.274336, 270.816620, 0.927427
5, 215,25,111.706863, 111.947517, 128.863129, 77.514557,18.274336, 270.816620, 0.997850
5, 215,26,127.706596, 127.293846, 128.863129, 77.514557,18.274336, 270.816620, 1.003242
5, 215,27,179.534576, 178.737381, 128.863129, 77.514557,18.274336, 270.816620, 1.004460
5, 215,28,18.274336, 18.592663, 128.863129, 77.514557,18.274336, 270.816620, 0.982879
5, 215,29,52.415821, 51.236744, 128.863129, 77.514557,18.274336, 270.816620, 1.023012
5, 215,30,193.653366, 192.622162, 128.863129, 77.514557,18.274336, 270.816620, 1.005353
5, 215,31,127.222992, 126.089272, 128.863129, 77.514557,18.274336, 270.816620, 1.008991
5, 216,0,103.441330, 103.768623, 128.839111, 78.415131,12.932452, 270.146759, 0.996846
5, 216,1,247.028946, 246.125061, 128.839111, 78.415131,12.932452, 270.146759, 1.003672
5, 216,2,138.172302, 138.235947, 128.839111, 78.415131,12.932452, 270.146759, 0.999540
5, 216,3,46.498669, 45.579182, 128.839111, 78.415131,12.932452, 270.146759, 1.020173
5, 216,4,76.718735, 79.093506, 128.839111, 78.415131,12.932452, 270.146759, 0.969975
5, 216,5,117.519325, 117.603195, 128.839111, 78.415131,12.932452, 270.146759, 0.999287
5, 216,6,196.405914, 196.719223, 128.839111, 78.415131,12.932452, 270.146759, 0.998407
5, 216,7,12.932452, 12.183990, 128.839111, 78.415131,12.932452, 270.146759, 1.061430
5, 216,8,187.537201, 188.658340, 128.839111, 78.415131,12.932452, 270.146759, 0.994057
5, 216,9,15.601923, 15.384528, 128.839111, 78.415131,12.932452, 270.146759, 1.014131
5, 216,10,101.165886, 100.957230, 128.839111, 78.415131,12.932452, 270.146759, 1.002067
5, 216,11,156.316025, 155.247253, 128.839111, 78.415131,12.932452, 270.146759, 1.006884
5, 216,12,84.280006, 82.929382, 128.839111, 78.415131,12.932452, 270.146759, 1.016286
5, 216,13,210.459473, 210.561768, 128.839111, 78.415131,12.932452, 270.146759, 0.999514
5, 216,14,199.338074, 199.197067, 128.839111, 78.415131,12.932452, 270.146759, 1.000708
5, 216,15,237.995758, 239.263351, 128.839111, 78.415131,12.932452, 270.146759, 0.994702
5, 216,16,252.177017, 252.486435, 128.839111, 78.415131,12.932452, 270.146759, 0.998775
5, 216,17,270.146759, 269.354767, 128.839111, 78.415131,12.932452, 270.146759, 1.002940
5, 216,18,109.478775, 110.002922, 128.839111, 78.415131,12.932452, 270.146759, 0.995235
5, 216,19,81.142372, 81.102776, 128.839111, 78.415131,12.932452, 270.146759, 1.000488
5, 216,20,153.758636, 154.619843, 128.839111, 78.415131,12.932452, 270.146759, 0.994430
5, 216,21,21.211548, 21.809429, 128.839111, 78.415131,12.932452, 270.146759, 0.972586
5, 216,22,143.503677, 142.619827, 128.839111, 78.415131,12.932452, 270.146759, 1.006197
5, 216,23,266.018677, 265.765076, 128.839111, 78.415131,12.932452, 270.146759, 1.000954
5, 216,24,132.250183, 132.033417, 128.839111, 78.415131,12.932452, 270.146759, 1.001642
5, 216,25,84.009148, 83.675911, 128.839111, 78.415131,12.932452, 270.146759, 1.003982
5, 216,26,153.592773, 154.151291, 128.839111, 78.415131,12.932452, 270.146759, 0.996377
5, 216,27,143.783691, 142.492752, 128.839111, 78.415131,12.932452, 270.146759, 1.009060
5, 216,28,41.117996, 40.567917, 128.839111, 78.415131,12.932452, 270.146759, 1.013559
5, 216,29,20.172571, 20.435501, 128.839111, 78.415131,12.932452, 270.146759, 0.987134
5, 216,30,15.175519, 15.448063, 128.839111, 78.415131,12.932452, 270.146759, 0.982357
5, 216,31,103.900070, 102.926788, 128.839111, 78.415131,12.932452, 270.146759, 1.009456
5, 217,0,103.979523, 105.582848, 128.345963, 58.966866,26.561012, 226.848480, 0.984815
5, 217,1,151.277649, 152.195313, 128.345963, 58.966866,26.561012, 226.848480, 0.993971
5, 217,2,218.968323, 221.747665, 128.345963, 58.966866,26.561012, 226.848480, 0.987466
5, 217,3,153.080109, 152.601624, 128.345963, 58.966866,26.561012, 226.848480, 1.003136
5, 217,4,146.903519, 148.605118, 128.345963, 58.966866,26.561012, 226.848480, 0.988550
5, 217,5,65.116859, 64.538841, 128.345963, 58.966866,26.561012, 226.848480, 1.008956
5, 217,6,67.445099, 67.649445, 128.345963, 58.966866,26.561012, 226.848480, 0.996979
5, 217,7,124.588745, 125.565323, 128.345963, 58.966866,26.561012, 226.848480, 0.992223
5, 217,8,153.033691, 153.227737, 128.345963, 58.966866,26.561012, 226.848480, 0.998734
5, 217,9,111.559784, 111.717468, 128.345963, 58.966866,26.561012, 226.848480, 0.998589
5, 217,10,27.985800, 29.862583, 128.345963, 58.966866,26.561012, 226.848480, 0.937153
5, 217,11,157.798904, 158.283310, 128.345963, 58.966866,26.561012, 226.848480, 0.996940
5, 217,12,42.917755, 41.632263, 128.345963, 58.966866,26.561012, 226.848480, 1.030877
5, 217,13,160.481903, 161.533783, 128.345963, 58.966866,26.561012, 226.848480, 0.993488
5, 217,14,183.298035, 183.241409, 128.345963, 58.966866,26.561012, 226.848480, 1.000309
5, 217,15,226.848480, 227.509262, 128.345963, 58.966866,26.561012, 226.848480, 0.997096
5, 217,16,43.786694, 43.543919, 128.345963, 58.966866,26.561012, 226.848480, 1.005575
5, 217,17,26.561012, 27.111660, 128.345963, 58.966866,26.561012, 226.848480, 0.979690
5, 217,18,127.772324, 127.257179, 128.345963, 58.966866,26.561012, 226.848480, 1.004048
5, 217,19,162.034134, 162.273132, 128.345963, 58.966866,26.561012, 226.848480, 0.998527
5, 217,20,96.800911, 96.877151, 128.345963, 58.966866,26.561012, 226.848480, 0.999213
5, 217,21,202.017273, 200.872635, 128.345963, 58.966866,26.561012, 226.848480, 1.005698
5, 217,22,195.495621, 194.345001, 128.345963, 58.966866,26.561012, 226.848480, 1.005921
5, 217,23,193.137787, 193.106110, 128.345963, 58.966866,26.561012, 226.848480, 1.000164
5, 217,24,82.024590, 82.669617, 128.345963, 58.966866,26.561012, 226.848480, 0.992198
5, 217,25,85.728760, 85.786880, 128.345963, 58.966866,26.561012, 226.848480, 0.999322
5, 217,26,124.972794, 126.497841, 128.345963, 58.966866,26.561012, 226.848480, 0.987944
5, 217,27,146.460892, 147.752533, 128.345963, 58.966866,26.561012, 226.848480, 0.991258
5, 217,28,190.838684, 191.687347, 128.345963, 58.966866,26.561012, 226.848480, 0.995573
5, 217,29,196.321701, 196.669647, 128.345963, 58.966866,26.561012, 226.848480, 0.998231
5, 217,30,28.728350, 28.723579, 128.345963, 58.966866,26.561012, 226.848480, 1.000166
5, 217,31,109.104767, 110.332024, 128.345963, 58.966866,26.561012, 226.848480, 0.988877
5, 218,0,159.258423, 158.807877, 128.777542, 59.429253,12.397744, 208.045410, 1.002837
5, 218,1,65.909805, 65.748779, 128.777542, 59.429253,12.397744, 208.045410, 1.002449
5, 218,2,201.714523, 202.517181, 128.777542, 59.429253,12.397744, 208.045410, 0.996037
5, 218,3,12.397744, 13.196480, 128.777542, 59.429253,12.397744, 208.045410, 0.939474
5, 218,4,43.628563, 43.716541, 128.777542, 59.429253,12.397744, 208.045410, 0.997988
5, 218,5,103.067696, 103.089195, 128.777542, 59.429253,12.397744, 208.045410, 0.999791
5, 218,6,208.045410, 207.134323, 128.777542, 59.429253,12.397744, 208.045410, 1.004399
5, 218,7,97.731422, 98.267387, 128.777542, 59.429253,12.397744, 208.045410, 0.994546
5, 218,8,118.441147, 117.789391, 128.777542, 59.429253,12.397744, 208.045410, 1.005533
5, 218,9,170.025925, 170.907547, 128.777542, 59.429253,12.397744, 208.045410, 0.994842
5, 218,10,34.254627, 33.922432, 128.777542, 59.429253,12.397744, 208.045410, 1.009793
5, 218,11,193.702377, 193.138428, 128.777542, 59.429253,12.397744, 208.045410, 1.002920
5, 218,12,137.439774, 136.998367, 128.777542, 59.429253,12.397744, 208.045410, 1.003222
5, 218,13,140.639374, 140.694473, 128.777542, 59.429253,12.397744, 208.045410, 0.999608
5, 218,14,184.459869, 184.494080, 128.777542, 59.429253,12.397744, 208.045410, 0.999815
5, 218,15,120.375984, 121.449387, 128.777542, 59.429253,12.397744, 208.045410, 0.991162
5, 218,16,97.255524, 96.931000, 128.777542, 59.429253,12.397744, 208.045410, 1.003348
5, 218,17,145.344284, 146.756363, 128.777542, 59.429253,12.397744, 208.045410, 0.990378
5, 218,18,188.944962, 188.575470, 128.777542, 59.429253,12.397744, 208.045410, 1.001959
5, 218,19,16.721294, 16.591612, 128.777542, 59.429253,12.397744, 208.045410, 1.007816
5, 218,20,175.707199, 175.013000, 128.777542, 59.429253,12.397744, 208.045410, 1.003967
5, 218,21,192.023514, 192.434128, 128.777542, 59.429253,12.397744, 208.045410, 0.997866
5, 218,22,105.716881, 105.972649, 128.777542, 59.429253,12.397744, 208.045410, 0.997586
5, 218,23,180.215927, 180.057541, 128.777542, 59.429253,12.397744, 208.045410, 1.000880
5, 218,24,95.483261, 95.227417, 128.777542, 59.429253,12.397744, 208.045410, 1.002687
5, 218,25,108.687843, 108.037422, 128.777542, 59.429253,12.397744, 208.045410, 1.006020
5, 218,26,185.342606, 184.289398, 128.777542, 59.429253,12.397744, 208.045410, 1.005715
5, 218,27,160.303528, 160.385040, 128.777542, 59.429253,12.397744, 208.045410, 0.999492
5, 218,28,40.573910, 41.994896, 128.777542, 59.429253,12.397744, 208.045410, 0.966163
5, 218,29,186.961365, 187.196945, 128.777542, 59.429253,12.397744, 208.045410, 0.998742
5, 218,30,59.995461, 59.331734, 128.777542, 59.429253,12.397744, 208.045410, 1.011187
5, 218,31,190.511673, 190.333237, 128.777542, 59.429253,12.397744, 208.045410, 1.000937
5, 219,0,24.073725, 24.639236, 128.529938, 66.830070,16.557869, 240.161392, 0.977048
5, 219,1,189.963730, 190.844650, 128.529938, 66.830070,16.557869, 240.161392, 0.995384
5, 219,2,192.538467, 192.986969, 128.529938, 66.830070,16.557869, 240.161392, 0.997676
5, 219,3,151.044922, 150.679504, 128.529938, 66.830070,16.557869, 240.161392, 1.002425
5, 219,4,229.222977, 230.092636, 128.529938, 66.830070,16.557869, 240.161392, 0.996220
5, 219,5,25.893036, 26.319494, 128.529938, 66.830070,16.557869, 240.161392, 0.983797
5, 219,6,55.484749, 55.639977, 128.529938, 66.830070,16.557869, 240.161392, 0.997210
5, 219,7,51.669724, 52.559505, 128.529938, 66.830070,16.557869, 240.161392, 0.983071
5, 219,8,88.808594, 87.522850, 128.529938, 66.830070,16.557869, 240.161392, 1.014690
5, 219,9,97.012344, 96.652245, 128.529938, 66.830070,16.557869, 240.161392, 1.003726
5, 219,10,185.255249, 185.894882, 128.529938, 66.830070,16.557869, 240.161392, 0.996559
5, 219,11,143.007065, 142.152206, 128.529938, 66.830070,16.557869, 240.161392, 1.006014
5, 219,12,58.823402, 59.252533, 128.529938, 66.830070,16.557869, 240.161392, 0.992758
5, 219,13,151.289902, 150.462463, 128.529938, 66.830070,16.557869, 240.161392, 1.005499
5, 219,14,109.349579, 110.794411, 128.529938, 66.830070,16.557869, 240.161392, 0.986959
5, 219,15,126.655174, 128.668152, 128.529938, 66.830070,16.557869, 240.161392, 0.984355
5, 219,16,67.651993, 67.387772, 128.529938, 66.830070,16.557869, 240.161392, 1.003921
5, 219,17,174.474060, 175.050232, 128.529938, 66.830070,16.557869, 240.161392, 0.996709
5, 219,18,32.705101, 33.852646, 128.529938, 66.830070,16.557869, 240.161392, 0.966102
5, 219,19,166.168854, 166.921982, 128.529938, 66.830070,16.557869, 240.161392, 0.995488
5, 219,20,219.365692, 218.883926, 128.529938, 66.830070,16.557869, 240.161392, 1.002201
5, 219,21,84.353523, 85.380516, 128.529938, 66.830070,16.557869, 240.161392, 0.987972
5, 219,22,74.645660, 76.342140, 128.529938, 66.830070,16.557869, 240.161392, 0.977778
5, 219,23,179.813751, 180.013992, 128.529938, 66.830070,16.557869, 240.161392, 0.998888
5, 219,24,229.618591, 227.971313, 128.529938, 66.830070,16.557869, 240.161392, 1.007226
5, 219,25,109.766449, 108.862106, 128.529938, 66.830070,16.557869, 240.161392, 1.008307
5, 219,26,184.225800, 183.864578, 128.529938, 66.830070,16.557869, 240.161392, 1.001965
5, 219,27,167.224655, 168.140182, 128.529938, 66.830070,16.557869, 240.161392, 0.994555
5, 219,28,240.161392, 238.864990, 128.529938, 66.830070,16.557869, 240.161392, 1.005427
5, 219,29,180.193130, 181.302185, 128.529938, 66.830070,16.557869, 240.161392, 0.993883
5, 219,30,16.557869, 17.281113, 128.529938, 66.830070,16.557869, 240.161392, 0.958148
5, 219,31,105.938736, 105.718628, 128.529938, 66.830070,16.557869, 240.161392, 1.002082
5, 220,0,146.288574, 146.081787, 128.722168, 75.598579,13.212234, 267.051666, 1.001416
5, 220,1,252.368988, 252.198288, 128.722168, 75.598579,13.212234, 267.051666, 1.000677
5, 220,2,108.041260, 107.860291, 128.722168, 75.598579,13.212234, 267.051666, 1.001678
5, 220,3,232.659302, 233.162445, 128.722168, 75.598579,13.212234, 267.051666, 0.997842
5, 220,4,267.051666, 266.526428, 128.722168, 75.598579,13.212234, 267.051666, 1.001971
5, 220,5,91.587959, 92.727821, 128.722168, 75.598579,13.212234, 267.051666, 0.987707
5, 220,6,87.885338, 86.135460, 128.722168, 75.598579,13.212234, 267.051666, 1.020315
5, 220,7,189.025482, 190.335770, 128.722168, 75.598579,13.212234, 267.051666, 0.993116
5, 220,8,118.300087, 117.914421, 128.722168, 75.598579,13.212234, 267.051666, 1.003271
5, 220,9,72.224304, 72.288345, 128.722168, 75.598579,13.212234, 267.051666, 0.999114
5, 220,10,13.212234, 12.602247, 128.722168, 75.598579,13.212234, 267.051666, 1.048403
5, 220,11,248.667221, 248.799591, 128.722168, 75.598579,13.212234, 267.051666, 0.999468
5, 220,12,62.108845, 62.060726, 128.722168, 75.598579,13.212234, 267.051666, 1.000775
5, 220,13,207.112473, 206.753571, 128.722168, 75.598579,13.212234, 267.051666, 1.001736
5, 220,14,22.548590, 23.925968, 128.722168, 75.598579,13.212234, 267.051666, 0.942432
5, 220,15,93.045235, 91.521324, 128.722168, 75.598579,13.212234, 267.051666, 1.016651
5, 220,16,123.907173, 125.121864, 128.722168, 75.598579,13.212234, 267.051666, 0.990292
5, 220,17,221.992371, 220.939774, 128.722168, 75.598579,13.212234, 267.051666, 1.004764
5, 220,18,115.714470, 114.634018, 128.722168, 75.598579,13.212234, 267.051666, 1.009425
5, 220,19,31.614635, 31.787909, 128.722168, 75.598579,13.212234, 267.051666, 0.994549
5, 220,20,154.969284, 156.128036, 128.722168, 75.598579,13.212234, 267.051666, 0.992578
5, 220,21,139.178513, 138.921661, 128.722168, 75.598579,13.212234, 267.051666, 1.001849
5, 220,22,78.165115, 77.839806, 128.722168, 75.598579,13.212234, 267.051666, 1.004179
5, 220,23,188.160416, 189.791656, 128.722168, 75.598579,13.212234, 267.051666, 0.991405
5, 220,24,132.422821, 133.322891, 128.722168, 75.598579,13.212234, 267.051666, 0.993249
5, 220,25,173.950775, 172.466995, 128.722168, 75.598579,13.212234, 267.051666, 1.008603
5, 220,26,258.170715, 259.989258, 128.722168, 75.598579,13.212234, 267.051666, 0.993005
5, 220,27,69.499100, 69.299706, 128.722168, 75.598579,13.212234, 267.051666, 1.002877
5, 220,28,42.944103, 45.090916, 128.722168, 75.598579,13.212234, 267.051666, 0.952389
5, 220,29,77.496849, 76.925079, 128.722168, 75.598579,13.212234, 267.051666, 1.007433
5, 220,30,37.851830, 37.063377, 128.722168, 75.598579,13.212234, 267.051666, 1.021273
5, 220,31,60.943825, 60.783257, 128.722168, 75.598579,13.212234, 267.051666, 1.002642
5, 221,0,188.057434, 188.681900, 128.544907, 66.121544,12.905270, 256.044830, 0.996690
5, 221,1,80.178406, 80.453651, 128.544907, 66.121544,12.905270, 256.044830, 0.996579
5, 221,2,89.813904, 90.360352, 128.544907, 66.121544,12.905270, 256.044830, 0.993953
5, 221,3,63.020863, 64.867310, 128.544907, 66.121544,12.905270, 256.044830, 0.971535
5, 221,4,51.819351, 52.770214, 128.544907, 66.121544,12.905270, 256.044830, 0.981981
5, 221,5,201.760559, 204.675583, 128.544907, 66.121544,12.905270, 256.044830, 0.985758
5, 221,6,229.701584, 230.283920, 128.544907, 66.121544,12.905270, 256.044830, 0.997471
5, 221,7,127.130699, 128.434692, 128.544907, 66.121544,12.905270, 256.044830, 0.989847
5, 221,8,155.116379, 155.756897, 128.544907, 66.121544,12.905270, 256.044830, 0.995888
5, 221,9,79.182945, 79.531387, 128.544907, 66.121544,12.905270, 256.044830, 0.995619
5, 221,10,134.571243, 133.445679, 128.544907, 66.121544,12.905270, 256.044830, 1.008435
5, 221,11,85.793495, 87.093987, 128.544907, 66.121544,12.905270, 256.044830, 0.985068
5, 221,12,224.963058, 225.180679, 128.544907, 66.121544,12.905270, 256.044830, 0.999034
5, 221,13,165.161957, 163.465530, 128.544907, 66.121544,12.905270, 256.044830, 1.010378
5, 221,14,132.798050, 130.993988, 128.544907, 66.121544,12.905270, 256.044830, 1.013772
5, 221,15,248.725662, 250.020447, 128.544907, 66.121544,12.905270, 256.044830, 0.994821
5, 221,16,83.192566, 84.696091, 128.544907, 66.121544,12.905270, 256.044830, 0.982248
5, 221,17,118.073433, 116.937073, 128.544907, 66.121544,12.905270, 256.044830, 1.009718
5, 221,18,194.610138, 195.414459, 128.544907, 66.121544,12.905270, 256.044830, 0.995884
5, 221,19,185.804626, 186.383911, 128.544907, 66.121544,12.905270, 256.044830, 0.996892
5, 221,20,175.185989, 174.548141, 128.544907, 66.121544,12.905270, 256.044830, 1.003654
5, 221,21,41.919765, 42.878880, 128.544907, 66.121544,12.905270, 256.044830, 0.977632
5, 221,22,155.441223, 154.265900, 128.544907, 66.121544,12.905270, 256.044830, 1.007619
5, 221,23,129.440079, 130.256165, 128.544907, 66.121544,12.905270, 256.044830, 0.993735
5, 221,24,12.905270, 12.459383, 128.544907, 66.121544,12.905270, 256.044830, 1.035787
5, 221,25,97.805023, 98.507065, 128.544907, 66.121544,12.905270, 256.044830, 0.992873
5, 221,26,256.044830, 256.645386, 128.544907, 66.121544,12.905270, 256.044830, 0.997660
5, 221,27,69.334602, 68.387299, 128.544907, 66.121544,12.905270, 256.044830, 1.013852
5, 221,28,81.022850, 80.553558, 128.544907, 66.121544,12.905270, 256.044830, 1.005826
5, 221,29,155.165070, 154.842316, 128.544907, 66.121544,12.905270, 256.044830, 1.002084
5, 221,30,86.079689, 85.410851, 128.544907, 66.121544,12.905270, 256.044830, 1.007831
5, 221,31,13.615811, 12.797548, 128.544907, 66.121544,12.905270, 256.044830, 1.063939
5, 222,0,155.665268, 157.184082, 128.627701, 77.807228,16.248846, 250.500626, 0.990337
5, 222,1,44.926834, 46.928402, 128.627701, 77.807228,16.248846, 250.500626, 0.957348
5, 222,2,229.394348, 229.997177, 128.627701, 77.807228,16.248846, 250.500626, 0.997379
5, 222,3,48.524799, 49.622051, 128.627701, 77.807228,16.248846, 250.500626, 0.977888
5, 222,4,84.456978, 84.301903, 128.627701, 77.807228,16.248846, 250.500626, 1.001840
5, 222,5,75.883064, 76.604645, 128.627701, 77.807228,16.248846, 250.500626, 0.990580
5, 222,6,181.716324, 181.856720, 128.627701, 77.807228,16.248846, 250.500626, 0.999228
5, 222,7,140.243683, 140.623093, 128.627701, 77.807228,16.248846, 250.500626, 0.997302
5, 222,8,16.248846, 15.226151, 128.627701, 77.807228,16.248846, 250.500626, 1.067167
5, 222,9,44.715561, 43.820332, 128.627701, 77.807228,16.248846, 250.500626, 1.020429
5, 222,10,136.498108, 136.294800, 128.627701, 77.807228,16.248846, 250.500626, 1.001492
5, 222,11,32.051590, 31.718075, 128.627701, 77.807228,16.248846, 250.500626, 1.010515
5, 222,12,93.361183, 92.996811, 128.627701, 77.807228,16.248846, 250.500626, 1.003918
5, 222,13,246.161942, 245.506805, 128.627701, 77.807228,16.248846, 250.500626, 1.002668
5, 222,14,167.211288, 167.782181, 128.627701, 77.807228,16.248846, 250.500626, 0.996597
5, 222,15,250.500626, 250.080627, 128.627701, 77.807228,16.248846, 250.500626, 1.001679
5, 222,16,129.294098, 130.562164, 128.627701, 77.807228,16.248846, 250.500626, 0.990288
5, 222,17,202.607437, 202.669235, 128.627701, 77.807228,16.248846, 250.500626, 0.999695
5, 222,18,181.159897, 181.511368, 128.627701, 77.807228,16.248846, 250.500626, 0.998064
5, 222,19,19.040543, 17.413307, 128.627701, 77.807228,16.248846, 250.500626, 1.093448
5, 222,20,242.952637, 244.401703, 128.627701, 77.807228,16.248846, 250.500626, 0.994071
5, 222,21,60.749958, 60.105053, 128.627701, 77.807228,16.248846, 250.500626, 1.010730
5, 222,22,146.592102, 146.455490, 128.627701, 77.807228,16.248846, 250.500626, 1.000933
5, 222,23,102.372574, 102.712379, 128.627701, 77.807228,16.248846, 250.500626, 0.996692
5, 222,24,248.641876, 248.952515, 128.627701, 77.807228,16.248846, 250.500626, 0.998752
5, 222,25,170.820923, 171.258591, 128.627701, 77.807228,16.248846, 250.500626, 0.997444
5, 222,26,239.834396, 240.579941, 128.627701, 77.807228,16.248846, 250.500626, 0.996901
5, 222,27,155.288177, 154.950867, 128.627701, 77.807228,16.248846, 250.500626, 1.002177
5, 222,28,22.046719, 20.122311, 128.627701, 77.807228,16.248846, 250.500626, 1.095636
5, 222,29,38.998039, 39.238819, 128.627701, 77.807228,16.248846, 250.500626, 0.993864
5, 222,30,160.752060, 161.489304, 128.627701, 77.807228,16.248846, 250.500626, 0.995435
5, 222,31,47.374851, 48.033485, 128.627701, 77.807228,16.248846, 250.500626, 0.986288
5, 223,0,135.588257, 135.293274, 128.804840, 68.832169,24.357523, 244.263580, 1.002180
5, 223,1,164.094086, 163.016693, 128.804840, 68.832169,24.357523, 244.263580, 1.006609
5, 223,2,237.588730, 235.193726, 128.804840, 68.832169,24.357523, 244.263580, 1.010183
5, 223,3,54.593903, 55.988194, 128.804840, 68.832169,24.357523, 244.263580, 0.975097
5, 223,4,29.299810, 29.010557, 128.804840, 68.832169,24.357523, 244.263580, 1.009971
5, 223,5,225.559280, 224.336685, 128.804840, 68.832169,24.357523, 244.263580, 1.005450
5, 223,6,156.694992, 156.039230, 128.804840, 68.832169,24.357523, 244.263580, 1.004202
5, 223,7,102.568802, 102.471191, 128.804840, 68.832169,24.357523, 244.263580, 1.000953
5, 223,8,91.785812, 92.108971, 128.804840, 68.832169,24.357523, 244.263580, 0.996492
5, 223,9,68.218048, 68.530426, 128.804840, 68.832169,24.357523, 244.263580, 0.995442
5, 223,10,244.263580, 244.430084, 128.804840, 68.832169,24.357523, 244.263580, 0.999319
5, 223,11,165.538132, 165.246902, 128.804840, 68.832169,24.357523, 244.263580, 1.001762
5, 223,12,171.128357, 172.396484, 128.804840, 68.832169,24.357523, 244.263580, 0.992644
5, 223,13,199.200409, 199.094437, 128.804840, 68.832169,24.357523, 244.263580, 1.000532
5, 223,14,140.753784, 141.496262, 128.804840, 68.832169,24.357523, 244.263580, 0.994753
5, 223,15,99.020355, 98.419525, 128.804840, 68.832169,24.357523, 244.263580, 1.006105
5, 223,16,28.733740, 27.920551, 128.804840, 68.832169,24.357523, 244.263580, 1.029125
5, 223,17,208.015518, 208.381012, 128.804840, 68.832169,24.357523, 244.263580, 0.998246
5, 223,18,121.533684, 123.460968, 128.804840, 68.832169,24.357523, 244.263580, 0.984390
5, 223,19,150.761261, 151.040985, 128.804840, 68.832169,24.357523, 244.263580, 0.998148
5, 223,20,24.357523, 25.525410, 128.804840, 68.832169,24.357523, 244.263580, 0.954246
5, 223,21,237.160797, 236.075760, 128.804840, 68.832169,24.357523, 244.263580, 1.004596
5, 223,22,162.621475, 162.894775, 128.804840, 68.832169,24.357523, 244.263580, 0.998322
5, 223,23,53.210514, 53.005020, 128.804840, 68.832169,24.357523, 244.263580, 1.003877
5, 223,24,34.317211, 35.263748, 128.804840, 68.832169,24.357523, 244.263580, 0.973158
5, 223,25,88.161041, 85.583275, 128.804840, 68.832169,24.357523, 244.263580, 1.030120
5, 223,26,141.269363, 141.503448, 128.804840, 68.832169,24.357523, 244.263580, 0.998346
5, 223,27,50.042900, 51.047314, 128.804840, 68.832169,24.357523, 244.263580, 0.980324
5, 223,28,227.783524, 228.997894, 128.804840, 68.832169,24.357523, 244.263580, 0.994697
5, 223,29,145.764481, 147.412399, 128.804840, 68.832169,24.357523, 244.263580, 0.988821
5, 223,30,48.650879, 46.773346, 128.804840, 68.832169,24.357523, 244.263580, 1.040141
5, 223,31,113.474762, 113.041374, 128.804840, 68.832169,24.357523, 244.263580, 1.003834
5, 224,0,82.758179, 82.824272, 128.778961, 63.423409,17.402035, 224.865005, 0.999202
5, 224,1,156.613693, 157.670181, 128.778961, 63.423409,17.402035, 224.865005, 0.993299
5, 224,2,40.418091, 39.713879, 128.778961, 63.423409,17.402035, 224.865005, 1.017732
5, 224,3,198.469391, 198.509506, 128.778961, 63.423409,17.402035, 224.865005, 0.999798
5, 224,4,40.150055, 40.869087, 128.778961, 63.423409,17.402035, 224.865005, 0.982406
5, 224,5,34.420811, 34.220058, 128.778961, 63.423409,17.402035, 224.865005, 1.005867
5, 224,6,170.387054, 170.397186, 128.778961, 63.423409,17.402035, 224.865005, 0.999941
5, 224,7,45.129189, 46.966766, 128.778961, 63.423409,17.402035, 224.865005, 0.960875
5, 224,8,133.604248, 134.021133, 128.778961, 63.423409,17.402035, 224.865005, 0.996889
5, 224,9,189.119919, 189.372833, 128.778961, 63.423409,17.402035, 224.865005, 0.998664
5, 224,10,134.992310, 135.629257, 128.778961, 63.423409,17.402035, 224.865005, 0.995304
5, 224,11,108.082115, 108.081390, 128.778961, 63.423409,17.402035, 224.865005, 1.000007
5, 224,12,203.945160, 204.974762, 128.778961, 63.423409,17.402035, 224.865005, 0.994977
5, 224,13,129.762024, 129.780991, 128.778961, 63.423409,17.402035, 224.865005, 0.999854
5, 224,14,117.327637, 117.080231, 128.778961, 63.423409,17.402035, 224.865005, 1.002113
5, 224,15,184.140640, 183.124191, 128.778961, 63.423409,17.402035, 224.865005, 1.005551
5, 224,16,133.528687, 133.804550, 128.778961, 63.423409,17.402035, 224.865005, 0.997938
5, 224,17,105.049286, 105.324646, 128.778961, 63.423409,17.402035, 224.865005, 0.997386
5, 224,18,17.402035, 17.607330, 128.778961, 63.423409,17.402035, 224.865005, 0.988340
5, 224,19,218.504501, 219.139236, 128.778961, 63.423409,17.402035, 224.865005, 0.997104
5, 224,20,144.657318, 144.595261, 128.778961, 63.423409,17.402035, 224.865005, 1.000429
5, 224,21,214.996597, 215.916443, 128.778961, 63.423409,17.402035, 224.865005, 0.995740
5, 224,22,125.708015, 124.411880, 128.778961, 63.423409,17.402035, 224.865005, 1.010418
5, 224,23,68.574303, 67.104202, 128.778961, 63.423409,17.402035, 224.865005, 1.021908
5, 224,24,159.215607, 159.842743, 128.778961, 63.423409,17.402035, 224.865005, 0.996077
5, 224,25,224.865005, 224.521469, 128.778961, 63.423409,17.402035, 224.865005, 1.001530
5, 224,26,83.640076, 83.841652, 128.778961, 63.423409,17.402035, 224.865005, 0.997596
5, 224,27,220.625702, 218.456604, 128.778961, 63.423409,17.402035, 224.865005, 1.009929
5, 224,28,89.120132, 91.186432, 128.778961, 63.423409,17.402035, 224.865005, 0.977340
5, 224,29,217.040344, 217.393280, 128.778961, 63.423409,17.402035, 224.865005, 0.998376
5, 224,30,67.094841, 66.080269, 128.778961, 63.423409,17.402035, 224.865005, 1.015354
5, 224,31,61.584351, 58.538574, 128.778961, 63.423409,17.402035, 224.865005, 1.052030
5, 225,0,52.778831, 53.167442, 128.603149, 70.534126,10.815602, 227.612030, 0.992691
5, 225,1,216.294968, 217.446564, 128.603149, 70.534126,10.815602, 227.612030, 0.994704
5, 225,2,153.007462, 152.872772, 128.603149, 70.534126,10.815602, 227.612030, 1.000881
5, 225,3,182.732849, 183.311005, 128.603149, 70.534126,10.815602, 227.612030, 0.996846
5, 225,4,10.815602, 11.568981, 128.603149, 70.534126,10.815602, 227.612030, 0.934879
5, 225,5,132.611221, 131.868896, 128.603149, 70.534126,10.815602, 227.612030, 1.005629
5, 225,6,69.487679, 70.207939, 128.603149, 70.534126,10.815602, 227.612030, 0.989741
5, 225,7,114.549370, 113.955215, 128.603149, 70.534126,10.815602, 227.612030, 1.005214
5, 225,8,36.283195, 36.959187, 128.603149, 70.534126,10.815602, 227.612030, 0.981710
5, 225,9,206.218307, 207.725708, 128.603149, 70.534126,10.815602, 227.612030, 0.992743
5, 225,10,127.020592, 127.468918, 128.603149, 70.534126,10.815602, 227.612030, 0.996483
5, 225,11,217.755051, 218.040070, 128.603149, 70.534126,10.815602, 227.612030, 0.998693
5, 225,12,201.634857, 200.371948, 128.603149, 70.534126,10.815602, 227.612030, 1.006303
5, 225,13,192.547424, 192.724899, 128.603149, 70.534126,10.815602, 227.612030, 0.999079
5, 225,14,193.747787, 193.161469, 128.603149, 70.534126,10.815602, 227.612030, 1.003035
5, 225,15,91.180450, 90.270432, 128.603149, 70.534126,10.815602, 227.612030, 1.010081
5, 225,16,204.344391, 204.983398, 128.603149, 70.534126,10.815602, 227.612030, 0.996883
5, 225,17,38.684383, 38.780567, 128.603149, 70.534126,10.815602, 227.612030, 0.997520
5, 225,18,209.972717, 209.533447, 128.603149, 70.534126,10.815602, 227.612030, 1.002096
5, 225,19,174.861298, 174.756638, 128.603149, 70.534126,10.815602, 227.612030, 1.000599
5, 225,20,29.612043, 29.680479, 128.603149, 70.534126,10.815602, 227.612030, 0.997694
5, 225,21,11.289256, 11.071000, 128.603149, 70.534126,10.815602, 227.612030, 1.019714
5, 225,22,227.612030, 228.559052, 128.603149, 70.534126,10.815602, 227.612030, 0.995857
5, 225,23,119.319092, 120.060600, 128.603149, 70.534126,10.815602, 227.612030, 0.993824
5, 225,24,86.123466, 85.795425, 128.603149, 70.534126,10.815602, 227.612030, 1.003824
5, 225,25,21.273321, 22.169834, 128.603149, 70.534126,10.815602, 227.612030, 0.959562
5, 225,26,91.100533, 90.468262, 128.603149, 70.534126,10.815602, 227.612030, 1.006989
5, 225,27,216.776047, 218.749496, 128.603149, 70.534126,10.815602, 227.612030, 0.990978
5, 225,28,166.473648, 167.607544, 128.603149, 70.534126,10.815602, 227.612030, 0.993235
5, 225,29,127.210136, 126.165985, 128.603149, 70.534126,10.815602, 227.612030, 1.008276
5, 225,30,93.378395, 92.808083, 128.603149, 70.534126,10.815602, 227.612030, 1.006145
5, 225,31,98.603973, 98.688354, 128.603149, 70.534126,10.815602, 227.612030, 0.999145
5, 226,0,204.031830, 204.596924, 128.780609, 74.972504,26.166611, 271.914093, 0.997238
5, 226,1,243.381836, 243.022186, 128.780609, 74.972504,26.166611, 271.914093, 1.001480
5, 226,2,106.052322, 105.930710, 128.780609, 74.972504,26.166611, 271.914093, 1.001148
5, 226,3,149.702255, 149.750061, 128.780609, 74.972504,26.166611, 271.914093, 0.999681
5, 226,4,38.038254, 38.389400, 128.780609, 74.972504,26.166611, 271.914093, 0.990853
5, 226,5,59.140335, 57.649059, 128.780609, 74.972504,26.166611, 271.914093, 1.025868
5, 226,6,167.399643, 167.342773, 128.780609, 74.972504,26.166611, 271.914093, 1.000340
5, 226,7,126.275650, 126.233276, 128.780609, 74.972504,26.166611, 271.914093, 1.000336
5, 226,8,236.488541, 235.721832, 128.780609, 74.972504,26.166611, 271.914093, 1.003253
5, 226,9,58.386936, 59.692139, 128.780609, 74.972504,26.166611, 271.914093, 0.978134
5, 226,10,219.064865, 217.847015, 128.780609, 74.972504,26.166611, 271.914093, 1.005590
5, 226,11,170.830414, 170.830536, 128.780609, 74.972504,26.166611, 271.914093, 0.999999
5, 226,12,96.423500, 96.245308, 128.780609, 74.972504,26.166611, 271.914093, 1.001851
5, 226,13,146.940018, 147.758270, 128.780609, 74.972504,26.166611, 271.914093, 0.994462
5, 226,14,26.166611, 26.165119, 128.780609, 74.972504,26.166611, 271.914093, 1.000057
5, 226,15,201.278030, 202.844467, 128.780609, 74.972504,26.166611, 271.914093, 0.992278
5, 226,16,85.674057, 84.875877, 128.780609, 74.972504,26.166611, 271.914093, 1.009404
5, 226,17,79.393303, 79.413414, 128.780609, 74.972504,26.166611, 271.914093, 0.999747
5, 226,18,83.361832, 83.901352, 128.780609, 74.972504,26.166611, 271.914093, 0.993570
5, 226,19,154.232590, 154.699600, 128.780609, 74.972504,26.166611, 271.914093, 0.996981
5, 226,20,244.997955, 244.167679, 128.780609, 74.972504,26.166611, 271.914093, 1.003400
5, 226,21,66.867012, 67.445580, 128.780609, 74.972504,26.166611, 271.914093, 0.991422
5, 226,22,271.914093, 272.061279, 128.780609, 74.972504,26.166611, 271.914093, 0.999459
5, 226,23,88.393776, 85.927338, 128.780609, 74.972504,26.166611, 271.914093, 1.028704
5, 226,24,27.328358, 27.455936, 128.780609, 74.972504,26.166611, 271.914093, 0.995353
5, 226,25,194.862228, 194.894424, 128.780609, 74.972504,26.166611, 271.914093, 0.999835
5, 226,26,110.510109, 110.256226, 128.780609, 74.972504,26.166611, 271.914093, 1.002303
5, 226,27,30.678303, 30.678698, 128.780609, 74.972504,26.166611, 271.914093, 0.999987
5, 226,28,51.901848, 51.853210, 128.780609, 74.972504,26.166611, 271.914093, 1.000938
5, 226,29,232.057648, 233.294052, 128.780609, 74.972504,26.166611, 271.914093, 0.994700
5, 226,30,37.542767, 37.235359, 128.780609, 74.972504,26.166611, 271.914093, 1.008256
5, 226,31,111.662750, 112.820755, 128.780609, 74.972504,26.166611, 271.914093, 0.989736
5, 227,0,172.132629, 172.967087, 128.650085, 57.109058,12.344713, 197.534363, 0.995176
5, 227,1,131.778320, 132.239975, 128.650085, 57.109058,12.344713, 197.534363, 0.996509
5, 227,2,160.207184, 161.036484, 128.650085, 57.109058,12.344713, 197.534363, 0.994850
5, 227,3,141.398468, 141.758621, 128.650085, 57.109058,12.344713, 197.534363, 0.997459
5, 227,4,155.475571, 156.652756, 128.650085, 57.109058,12.344713, 197.534363, 0.992485
5, 227,5,53.892578, 53.995831, 128.650085, 57.109058,12.344713, 197.534363, 0.998088
5, 227,6,39.034000, 38.538311, 128.650085, 57.109058,12.344713, 197.534363, 1.012862
5, 227,7,143.609924, 143.571976, 128.650085, 57.109058,12.344713, 197.534363, 1.000264
5, 227,8,174.618195, 175.954117, 128.650085, 57.109058,12.344713, 197.534363, 0.992408
5, 227,9,61.665958, 61.994537, 128.650085, 57.109058,12.344713, 197.534363, 0.994700
5, 227,10,165.271286, 165.766479, 128.650085, 57.109058,12.344713, 197.534363, 0.997013
5, 227,11,183.749771, 184.451630, 128.650085, 57.109058,12.344713, 197.534363, 0.996195
5, 227,12,194.451569, 195.190918, 128.650085, 57.109058,12.344713, 197.534363, 0.996212
5, 227,13,157.017838, 157.439148, 128.650085, 57.109058,12.344713, 197.534363, 0.997324
5, 227,14,182.777374, 183.536163, 128.650085, 57.109058,12.344713, 197.534363, 0.995866
5, 227,15,197.534363, 197.268356, 128.650085, 57.109058,12.344713, 197.534363, 1.001348
5, 227,16,100.138184, 99.981064, 128.650085, 57.109058,12.344713, 197.534363, 1.001572
5, 227,17,190.189621, 188.553696, 128.650085, 57.109058,12.344713, 197.534363, 1.008676
5, 227,18,12.344713, 12.775781, 128.650085, 57.109058,12.344713, 197.534363, 0.966259
5, 227,19,196.624496, 195.460876, 128.650085, 57.109058,12.344713, 197.534363, 1.005953
5, 227,20,40.511112, 40.533585, 128.650085, 57.109058,12.344713, 197.534363, 0.999446
5, 227,21,190.114075, 190.824783, 128.650085, 57.109058,12.344713, 197.534363, 0.996276
5, 227,22,107.820152, 107.909355, 128.650085, 57.109058,12.344713, 197.534363, 0.999173
5, 227,23,114.096634, 113.895180, 128.650085, 57.109058,12.344713, 197.534363, 1.001769
5, 227,24,68.538124, 67.728012, 128.650085, 57.109058,12.344713, 197.534363, 1.011961
5, 227,25,157.032501, 156.664505, 128.650085, 57.109058,12.344713, 197.534363, 1.002349
5, 227,26,153.012329, 152.626999, 128.650085, 57.109058,12.344713, 197.534363, 1.002525
5, 227,27,92.646774, 91.812172, 128.650085, 57.109058,12.344713, 197.534363, 1.009090
5, 227,28,172.247177, 173.718231, 128.650085, 57.109058,12.344713, 197.534363, 0.991532
5, 227,29,129.955750, 129.998230, 128.650085, 57.109058,12.344713, 197.534363, 0.999673
5, 227,30,50.216579, 50.169594, 128.650085, 57.109058,12.344713, 197.534363, 1.000937
5, 227,31,26.699669, 25.985680, 128.650085, 57.109058,12.344713, 197.534363, 1.027476
5, 228,0,26.390215, 25.674419, 128.703751, 83.871185,11.644422, 253.589676, 1.027880
5, 228,1,100.361504, 100.812599, 128.703751, 83.871185,11.644422, 253.589676, 0.995525
5, 228,2,49.272507, 50.973209, 128.703751, 83.871185,11.644422, 253.589676, 0.966635
5, 228,3,11.644422, 10.851029, 128.703751, 83.871185,11.644422, 253.589676, 1.073117
5, 228,4,68.305710, 69.162033, 128.703751, 83.871185,11.644422, 253.589676, 0.987619
5, 228,5,71.102608, 71.846649, 128.703751, 83.871185,11.644422, 253.589676, 0.989644
5, 228,6,191.613663, 190.348648, 128.703751, 83.871185,11.644422, 253.589676, 1.006646
5, 228,7,139.542084, 138.892303, 128.703751, 83.871185,11.644422, 253.589676, 1.004678
5, 228,8,247.124878, 245.541809, 128.703751, 83.871185,11.644422, 253.589676, 1.006447
5, 228,9,137.766022, 137.422333, 128.703751, 83.871185,11.644422, 253.589676, 1.002501
5, 228,10,253.316315, 253.943802, 128.703751, 83.871185,11.644422, 253.589676, 0.997529
5, 228,11,133.158905, 132.138245, 128.703751, 83.871185,11.644422, 253.589676, 1.007724
5, 228,12,111.214989, 114.212448, 128.703751, 83.871185,11.644422, 253.589676, 0.973755
5, 228,13,37.362598, 37.944721, 128.703751, 83.871185,11.644422, 253.589676, 0.984659
5, 228,14,58.620075, 60.589844, 128.703751, 83.871185,11.644422, 253.589676, 0.967490
5, 228,15,245.583542, 245.124023, 128.703751, 83.871185,11.644422, 253.589676, 1.001875
5, 228,16,158.561493, 158.992081, 128.703751, 83.871185,11.644422, 253.589676, 0.997292
5, 228,17,29.810926, 30.370556, 128.703751, 83.871185,11.644422, 253.589676, 0.981573
5, 228,18,178.510742, 178.890701, 128.703751, 83.871185,11.644422, 253.589676, 0.997876
5, 228,19,205.908188, 204.065720, 128.703751, 83.871185,11.644422, 253.589676, 1.009029
5, 228,20,74.132507, 73.912323, 128.703751, 83.871185,11.644422, 253.589676, 1.002979
5, 228,21,230.978073, 231.553970, 128.703751, 83.871185,11.644422, 253.589676, 0.997513
5, 228,22,253.589676, 252.999924, 128.703751, 83.871185,11.644422, 253.589676, 1.002331
5, 228,23,204.919388, 205.218460, 128.703751, 83.871185,11.644422, 253.589676, 0.998543
5, 228,24,235.905090, 236.342941, 128.703751, 83.871185,11.644422, 253.589676, 0.998147
5, 228,25,32.048908, 33.356895, 128.703751, 83.871185,11.644422, 253.589676, 0.960788
5, 228,26,153.609741, 155.030930, 128.703751, 83.871185,11.644422, 253.589676, 0.990833
5, 228,27,24.564163, 24.281826, 128.703751, 83.871185,11.644422, 253.589676, 1.011628
5, 228,28,228.163956, 227.530914, 128.703751, 83.871185,11.644422, 253.589676, 1.002782
5, 228,29,38.877247, 37.635254, 128.703751, 83.871185,11.644422, 253.589676, 1.033001
5, 228,30,171.188004, 169.591263, 128.703751, 83.871185,11.644422, 253.589676, 1.009415
5, 228,31,15.372131, 15.748319, 128.703751, 83.871185,11.644422, 253.589676, 0.976113
5, 229,0,54.172703, 53.010754, 128.835281, 90.647285,16.120893, 286.895233, 1.021919
5, 229,1,232.773148, 232.642914, 128.835281, 90.647285,16.120893, 286.895233, 1.000560
5, 229,2,99.592896, 99.378410, 128.835281, 90.647285,16.120893, 286.895233, 1.002158
5, 229,3,52.048706, 52.849285, 128.835281, 90.647285,16.120893, 286.895233, 0.984852
5, 229,4,194.073044, 194.416794, 128.835281, 90.647285,16.120893, 286.895233, 0.998232
5, 229,5,16.120893, 15.447519, 128.835281, 90.647285,16.120893, 286.895233, 1.043591
5, 229,6,35.509605, 34.713554, 128.835281, 90.647285,16.120893, 286.895233, 1.022932
5, 229,7,175.919937, 174.844833, 128.835281, 90.647285,16.120893, 286.895233, 1.006149
5, 229,8,23.754074, 23.189625, 128.835281, 90.647285,16.120893, 286.895233, 1.024341
5, 229,9,286.895233, 286.939667, 128.835281, 90.647285,16.120893, 286.895233, 0.999845
5, 229,10,35.882591, 34.390610, 128.835281, 90.647285,16.120893, 286.895233, 1.043383
5, 229,11,255.583572, 255.393311, 128.835281, 90.647285,16.120893, 286.895233, 1.000745
5, 229,12,52.532417, 52.398865, 128.835281, 90.647285,16.120893, 286.895233, 1.002549
5, 229,13,85.427414, 85.644882, 128.835281, 90.647285,16.120893, 286.895233, 0.997461
5, 229,14,274.866547, 274.905823, 128.835281, 90.647285,16.120893, 286.895233, 0.999857
5, 229,15,231.038315, 230.764755, 128.835281, 90.647285,16.120893, 286.895233, 1.001185
5, 229,16,50.465088, 50.767162, 128.835281, 90.647285,16.120893, 286.895233, 0.994050
5, 229,17,118.863190, 119.715240, 128.835281, 90.647285,16.120893, 286.895233, 0.992883
5, 229,18,120.020157, 120.582092, 128.835281, 90.647285,16.120893, 286.895233, 0.995340
5, 229,19,186.912781, 187.065628, 128.835281, 90.647285,16.120893, 286.895233, 0.999183
5, 229,20,69.686005, 70.628082, 128.835281, 90.647285,16.120893, 286.895233, 0.986661
5, 229,21,275.222809, 274.659363, 128.835281, 90.647285,16.120893, 286.895233, 1.002051
5, 229,22,205.636230, 204.920898, 128.835281, 90.647285,16.120893, 286.895233, 1.003491
5, 229,23,277.455292, 277.778290, 128.835281, 90.647285,16.120893, 286.895233, 0.998837
5, 229,24,35.263096, 34.101662, 128.835281, 90.647285,16.120893, 286.895233, 1.034058
5, 229,25,53.409122, 54.370510, 128.835281, 90.647285,16.120893, 286.895233, 0.982318
5, 229,26,166.363693, 167.663620, 128.835281, 90.647285,16.120893, 286.895233, 0.992247
5, 229,27,26.187414, 28.212221, 128.835281, 90.647285,16.120893, 286.895233, 0.928229
5, 229,28,45.523094, 44.206341, 128.835281, 90.647285,16.120893, 286.895233, 1.029787
5, 229,29,187.156128, 188.773819, 128.835281, 90.647285,16.120893, 286.895233, 0.991431
5, 229,30,133.863937, 132.369461, 128.835281, 90.647285,16.120893, 286.895233, 1.011290
5, 229,31,64.508820, 64.254227, 128.835281, 90.647285,16.120893, 286.895233, 1.003962
5, 230,0,103.370132, 103.654655, 128.818527, 69.304962,19.493610, 249.484390, 0.997255
5, 230,1,156.213577, 155.480728, 128.818527, 69.304962,19.493610, 249.484390, 1.004713
5, 230,2,216.805145, 216.959564, 128.818527, 69.304962,19.493610, 249.484390, 0.999288
5, 230,3,243.395966, 243.553864, 128.818527, 69.304962,19.493610, 249.484390, 0.999352
5, 230,4,38.818417, 38.006111, 128.818527, 69.304962,19.493610, 249.484390, 1.021373
5, 230,5,182.860321, 182.362320, 128.818527, 69.304962,19.493610, 249.484390, 1.002731
5, 230,6,83.459557, 83.930542, 128.818527, 69.304962,19.493610, 249.484390, 0.994388
5, 230,7,66.700111, 67.038223, 128.818527, 69.304962,19.493610, 249.484390, 0.994956
5, 230,8,187.566254, 189.445938, 128.818527, 69.304962,19.493610, 249.484390, 0.990078
5, 230,9,183.968277, 184.176331, 128.818527, 69.304962,19.493610, 249.484390, 0.998870
5, 230,10,207.138168, 206.666565, 128.818527, 69.304962,19.493610, 249.484390, 1.002282
5, 230,11,204.420822, 203.637772, 128.818527, 69.304962,19.493610, 249.484390, 1.003845
5, 230,12,169.134308, 169.508408, 128.818527, 69.304962,19.493610, 249.484390, 0.997793
5, 230,13,86.639130, 85.695282, 128.818527, 69.304962,19.493610, 249.484390, 1.011014
5, 230,14,95.335258, 94.986885, 128.818527, 69.304962,19.493610, 249.484390, 1.003668
5, 230,15,103.481110, 102.612228, 128.818527, 69.304962,19.493610, 249.484390, 1.008468
5, 230,16,30.184280, 28.829428, 128.818527, 69.304962,19.493610, 249.484390, 1.046996
5, 230,17,103.226074, 101.791405, 128.818527, 69.304962,19.493610, 249.484390, 1.014094
5, 230,18,19.493610, 21.122004, 128.818527, 69.304962,19.493610, 249.484390, 0.922905
5, 230,19,96.227951, 96.809090, 128.818527, 69.304962,19.493610, 249.484390, 0.993997
5, 230,20,27.744398, 27.122141, 128.818527, 69.304962,19.493610, 249.484390, 1.022943
5, 230,21,116.036400, 116.385452, 128.818527, 69.304962,19.493610, 249.484390, 0.997001
5, 230,22,93.285690, 92.286407, 128.818527, 69.304962,19.493610, 249.484390, 1.010828
5, 230,23,184.304749, 184.102432, 128.818527, 69.304962,19.493610, 249.484390, 1.001099
5, 230,24,153.003189, 153.609283, 128.818527, 69.304962,19.493610, 249.484390, 0.996054
5, 230,25,79.540894, 78.997467, 128.818527, 69.304962,19.493610, 249.484390, 1.006879
5, 230,26,35.589912, 36.134655, 128.818527, 69.304962,19.493610, 249.484390, 0.984925
5, 230,27,165.689514, 166.734055, 128.818527, 69.304962,19.493610, 249.484390, 0.993735
5, 230,28,147.381592, 145.910065, 128.818527, 69.304962,19.493610, 249.484390, 1.010085
5, 230,29,249.484390, 250.465088, 128.818527, 69.304962,19.493610, 249.484390, 0.996085
5, 230,30,244.631302, 245.384262, 128.818527, 69.304962,19.493610, 249.484390, 0.996931
5, 230,31,47.062958, 47.601398, 128.818527, 69.304962,19.493610, 249.484390, 0.988689
5, 231,0,71.314766, 71.448654, 128.885284, 63.630760,19.712225, 224.275940, 0.998126
5, 231,1,224.275940, 223.275940, 128.885284, 63.630760,19.712225, 224.275940, 1.004479
5, 231,2,162.776138, 161.124710, 128.885284, 63.630760,19.712225, 224.275940, 1.010249
5, 231,3,217.636673, 215.354645, 128.885284, 63.630760,19.712225, 224.275940, 1.010597
5, 231,4,125.983177, 127.421272, 128.885284, 63.630760,19.712225, 224.275940, 0.988714
5, 231,5,117.134621, 117.027145, 128.885284, 63.630760,19.712225, 224.275940, 1.000918
5, 231,6,103.870552, 104.883438, 128.885284, 63.630760,19.712225, 224.275940, 0.990343
5, 231,7,46.404312, 47.664078, 128.885284, 63.630760,19.712225, 224.275940, 0.973570
5, 231,8,156.409241, 155.428253, 128.885284, 63.630760,19.712225, 224.275940, 1.006312
5, 231,9,41.963303, 42.670212, 128.885284, 63.630760,19.712225, 224.275940, 0.983433
5, 231,10,29.626720, 31.325529, 128.885284, 63.630760,19.712225, 224.275940, 0.945769
5, 231,11,155.207352, 155.297379, 128.885284, 63.630760,19.712225, 224.275940, 0.999420
5, 231,12,19.712225, 20.428570, 128.885284, 63.630760,19.712225, 224.275940, 0.964934
5, 231,13,113.397545, 111.881744, 128.885284, 63.630760,19.712225, 224.275940, 1.013548
5, 231,14,147.190994, 147.327866, 128.885284, 63.630760,19.712225, 224.275940, 0.999071
5, 231,15,210.811188, 210.450333, 128.885284, 63.630760,19.712225, 224.275940, 1.001715
5, 231,16,165.200882, 165.925705, 128.885284, 63.630760,19.712225, 224.275940, 0.995632
5, 231,17,47.884304, 49.599632, 128.885284, 63.630760,19.712225, 224.275940, 0.965416
5, 231,18,28.377813, 30.182104, 128.885284, 63.630760,19.712225, 224.275940, 0.940220
5, 231,19,146.127716, 146.508179, 128.885284, 63.630760,19.712225, 224.275940, 0.997403
5, 231,20,169.588898, 168.963364, 128.885284, 63.630760,19.712225, 224.275940, 1.003702
5, 231,21,170.730042, 171.718582, 128.885284, 63.630760,19.712225, 224.275940, 0.994243
5, 231,22,124.552628, 124.032341, 128.885284, 63.630760,19.712225, 224.275940, 1.004195
5, 231,23,211.409836, 211.104675, 128.885284, 63.630760,19.712225, 224.275940, 1.001446
5, 231,24,76.038574, 76.318535, 128.885284, 63.630760,19.712225, 224.275940, 0.996332
5, 231,25,114.632202, 113.190475, 128.885284, 63.630760,19.712225, 224.275940, 1.012737
5, 231,26,53.388546, 53.939129, 128.885284, 63.630760,19.712225, 224.275940, 0.989793
5, 231,27,185.204910, 183.738312, 128.885284, 63.630760,19.712225, 224.275940, 1.007982
5, 231,28,184.896271, 184.110260, 128.885284, 63.630760,19.712225, 224.275940, 1.004269
5, 231,29,195.361679, 194.545731, 128.885284, 63.630760,19.712225, 224.275940, 1.004194
5, 231,30,85.512680, 84.391380, 128.885284, 63.630760,19.712225, 224.275940, 1.013287
5, 231,31,221.707336, 219.721680, 128.885284, 63.630760,19.712225, 224.275940, 1.009037
5, 232,0,223.898163, 222.930420, 128.948486, 65.893799,18.583488, 223.898163, 1.004341
5, 232,1,46.616959, 44.388500, 128.948486, 65.893799,18.583488, 223.898163, 1.050204
5, 232,2,195.856796, 195.884338, 128.948486, 65.893799,18.583488, 223.898163, 0.999859
5, 232,3,25.325394, 26.029053, 128.948486, 65.893799,18.583488, 223.898163, 0.972966
5, 232,4,182.595016, 182.199173, 128.948486, 65.893799,18.583488, 223.898163, 1.002173
5, 232,5,48.569664, 47.036369, 128.948486, 65.893799,18.583488, 223.898163, 1.032598
5, 232,6,195.189758, 194.202393, 128.948486, 65.893799,18.583488, 223.898163, 1.005084
5, 232,7,183.545181, 183.901382, 128.948486, 65.893799,18.583488, 223.898163, 0.998063
5, 232,8,65.045380, 63.288326, 128.948486, 65.893799,18.583488, 223.898163, 1.027763
5, 232,9,219.340759, 220.296036, 128.948486, 65.893799,18.583488, 223.898163, 0.995664
5, 232,10,18.583488, 17.781487, 128.948486, 65.893799,18.583488, 223.898163, 1.045103
5, 232,11,81.652931, 82.951447, 128.948486, 65.893799,18.583488, 223.898163, 0.984346
5, 232,12,172.176544, 171.736053, 128.948486, 65.893799,18.583488, 223.898163, 1.002565
5, 232,13,92.108879, 92.894463, 128.948486, 65.893799,18.583488, 223.898163, 0.991543
5, 232,14,76.758598, 76.311508, 128.948486, 65.893799,18.583488, 223.898163, 1.005859
5, 232,15,67.532181, 67.820778, 128.948486, 65.893799,18.583488, 223.898163, 0.995745
5, 232,16,174.837387, 175.430923, 128.948486, 65.893799,18.583488, 223.898163, 0.996617
5, 232,17,214.969284, 216.054062, 128.948486, 65.893799,18.583488, 223.898163, 0.994979
5, 232,18,161.003876, 162.292892, 128.948486, 65.893799,18.583488, 223.898163, 0.992057
5, 232,19,74.876869, 74.589043, 128.948486, 65.893799,18.583488, 223.898163, 1.003859
5, 232,20,222.184616, 222.511612, 128.948486, 65.893799,18.583488, 223.898163, 0.998530
5, 232,21,166.024734, 165.291992, 128.948486, 65.893799,18.583488, 223.898163, 1.004433
5, 232,22,49.927334, 50.474541, 128.948486, 65.893799,18.583488, 223.898163, 0.989159
5, 232,23,74.455193, 73.650131, 128.948486, 65.893799,18.583488, 223.898163, 1.010931
5, 232,24,194.461823, 194.006516, 128.948486, 65.893799,18.583488, 223.898163, 1.002347
5, 232,25,145.859589, 146.365158, 128.948486, 65.893799,18.583488, 223.898163, 0.996546
5, 232,26,130.542831, 130.504974, 128.948486, 65.893799,18.583488, 223.898163, 1.000290
5, 232,27,192.775955, 191.291092, 128.948486, 65.893799,18.583488, 223.898163, 1.007762
5, 232,28,140.710129, 141.292343, 128.948486, 65.893799,18.583488, 223.898163, 0.995879
5, 232,29,153.555542, 153.065887, 128.948486, 65.893799,18.583488, 223.898163, 1.003199
5, 232,30,88.300735, 87.855400, 128.948486, 65.893799,18.583488, 223.898163, 1.005069
5, 232,31,47.070160, 46.671608, 128.948486, 65.893799,18.583488, 223.898163, 1.008539
5, 233,0,196.676483, 196.298538, 129.153168, 67.767578,13.344664, 224.265244, 1.001925
5, 233,1,32.061401, 31.098392, 129.153168, 67.767578,13.344664, 224.265244, 1.030967
5, 233,2,175.237640, 173.744171, 129.153168, 67.767578,13.344664, 224.265244, 1.008596
5, 233,3,49.957569, 49.384109, 129.153168, 67.767578,13.344664, 224.265244, 1.011612
5, 233,4,150.120270, 151.196411, 129.153168, 67.767578,13.344664, 224.265244, 0.992882
5, 233,5,152.308197, 150.799332, 129.153168, 67.767578,13.344664, 224.265244, 1.010006
5, 233,6,220.874969, 221.103043, 129.153168, 67.767578,13.344664, 224.265244, 0.998968
5, 233,7,212.956116, 211.480377, 129.153168, 67.767578,13.344664, 224.265244, 1.006978
5, 233,8,37.621342, 37.028179, 129.153168, 67.767578,13.344664, 224.265244, 1.016019
5, 233,9,76.768906, 77.021141, 129.153168, 67.767578,13.344664, 224.265244, 0.996725
5, 233,10,24.372738, 24.546509, 129.153168, 67.767578,13.344664, 224.265244, 0.992921
5, 233,11,116.171379, 115.352974, 129.153168, 67.767578,13.344664, 224.265244, 1.007095
5, 233,12,176.620010, 177.384109, 129.153168, 67.767578,13.344664, 224.265244, 0.995692
5, 233,13,210.606354, 210.620026, 129.153168, 67.767578,13.344664, 224.265244, 0.999935
5, 233,14,14.888713, 13.600227, 129.153168, 67.767578,13.344664, 224.265244, 1.094740
5, 233,15,188.970230, 190.454773, 129.153168, 67.767578,13.344664, 224.265244, 0.992205
5, 233,16,94.417236, 93.381004, 129.153168, 67.767578,13.344664, 224.265244, 1.011097
5, 233,17,101.487114, 101.812416, 129.153168, 67.767578,13.344664, 224.265244, 0.996805
5, 233,18,148.322067, 148.840393, 129.153168, 67.767578,13.344664, 224.265244, 0.996518
5, 233,19,59.106705, 58.755283, 129.153168, 67.767578,13.344664, 224.265244, 1.005981
5, 233,20,131.015167, 130.998108, 129.153168, 67.767578,13.344664, 224.265244, 1.000130
5, 233,21,100.093674, 101.163849, 129.153168, 67.767578,13.344664, 224.265244, 0.989421
5, 233,22,93.483231, 92.421379, 129.153168, 67.767578,13.344664, 224.265244, 1.011489
5, 233,23,220.761902, 218.899231, 129.153168, 67.767578,13.344664, 224.265244, 1.008509
5, 233,24,13.344664, 13.845097, 129.153168, 67.767578,13.344664, 224.265244, 0.963855
5, 233,25,90.625816, 90.065353, 129.153168, 67.767578,13.344664, 224.265244, 1.006223
5, 233,26,118.116936, 115.948608, 129.153168, 67.767578,13.344664, 224.265244, 1.018701
5, 233,27,218.457214, 216.999863, 129.153168, 67.767578,13.344664, 224.265244, 1.006716
5, 233,28,130.194366, 129.065613, 129.153168, 67.767578,13.344664, 224.265244, 1.008746
5, 233,29,203.870972, 204.127701, 129.153168, 67.767578,13.344664, 224.265244, 0.998742
5, 233,30,149.127014, 150.302979, 129.153168, 67.767578,13.344664, 224.265244, 0.992176
5, 233,31,224.265244, 223.260544, 129.153168, 67.767578,13.344664, 224.265244, 1.004500
5, 234,0,284.943634, 282.874481, 128.756226, 85.074875,16.552734, 341.857391, 1.007315
5, 234,1,168.181076, 170.405731, 128.756226, 85.074875,16.552734, 341.857391, 0.986945
5, 234,2,193.486343, 193.773865, 128.756226, 85.074875,16.552734, 341.857391, 0.998516
5, 234,3,41.761318, 41.629585, 128.756226, 85.074875,16.552734, 341.857391, 1.003164
5, 234,4,285.667511, 285.573578, 128.756226, 85.074875,16.552734, 341.857391, 1.000329
5, 234,5,53.961136, 53.760082, 128.756226, 85.074875,16.552734, 341.857391, 1.003740
5, 234,6,164.836334, 165.869629, 128.756226, 85.074875,16.552734, 341.857391, 0.993770
5, 234,7,341.857391, 342.572510, 128.756226, 85.074875,16.552734, 341.857391, 0.997913
5, 234,8,136.813889, 134.588974, 128.756226, 85.074875,16.552734, 341.857391, 1.016531
5, 234,9,93.130630, 93.445869, 128.756226, 85.074875,16.552734, 341.857391, 0.996626
5, 234,10,130.533157, 131.212555, 128.756226, 85.074875,16.552734, 341.857391, 0.994822
5, 234,11,296.310028, 296.451996, 128.756226, 85.074875,16.552734, 341.857391, 0.999521
5, 234,12,77.441208, 77.620819, 128.756226, 85.074875,16.552734, 341.857391, 0.997686
5, 234,13,98.073082, 96.976242, 128.756226, 85.074875,16.552734, 341.857391, 1.011310
5, 234,14,193.580444, 192.573135, 128.756226, 85.074875,16.552734, 341.857391, 1.005231
5, 234,15,178.062759, 178.297729, 128.756226, 85.074875,16.552734, 341.857391, 0.998682
5, 234,16,63.178665, 61.487885, 128.756226, 85.074875,16.552734, 341.857391, 1.027498
5, 234,17,95.643326, 93.979538, 128.756226, 85.074875,16.552734, 341.857391, 1.017704
5, 234,18,145.918915, 146.257645, 128.756226, 85.074875,16.552734, 341.857391, 0.997684
5, 234,19,102.436836, 102.877281, 128.756226, 85.074875,16.552734, 341.857391, 0.995719
5, 234,20,54.811863, 54.016647, 128.756226, 85.074875,16.552734, 341.857391, 1.014722
5, 234,21,86.192917, 85.235725, 128.756226, 85.074875,16.552734, 341.857391, 1.011230
5, 234,22,108.112259, 108.993835, 128.756226, 85.074875,16.552734, 341.857391, 0.991912
5, 234,23,204.723419, 203.564468, 128.756226, 85.074875,16.552734, 341.857391, 1.005693
5, 234,24,53.920284, 53.955074, 128.756226, 85.074875,16.552734, 341.857391, 0.999355
5, 234,25,54.502327, 54.981339, 128.756226, 85.074875,16.552734, 341.857391, 0.991288
5, 234,26,16.552734, 18.497501, 128.756226, 85.074875,16.552734, 341.857391, 0.894863
5, 234,27,154.977325, 155.032242, 128.756226, 85.074875,16.552734, 341.857391, 0.999646
5, 234,28,49.556519, 51.553604, 128.756226, 85.074875,16.552734, 341.857391, 0.961262
5, 234,29,131.185257, 131.109924, 128.756226, 85.074875,16.552734, 341.857391, 1.000575
5, 234,30,34.806667, 35.831177, 128.756226, 85.074875,16.552734, 341.857391, 0.971407
5, 234,31,25.040520, 25.999523, 128.756226, 85.074875,16.552734, 341.857391, 0.963115
5, 235,0,26.780199, 27.489668, 128.903519, 76.119392,8.877834, 240.587372, 0.974191
5, 235,1,198.129364, 196.972351, 128.903519, 76.119392,8.877834, 240.587372, 1.005874
5, 235,2,8.877834, 10.321045, 128.903519, 76.119392,8.877834, 240.587372, 0.860168
5, 235,3,176.271606, 176.812164, 128.903519, 76.119392,8.877834, 240.587372, 0.996943
5, 235,4,218.522659, 217.832993, 128.903519, 76.119392,8.877834, 240.587372, 1.003166
5, 235,5,33.565235, 34.253506, 128.903519, 76.119392,8.877834, 240.587372, 0.979907
5, 235,6,29.189392, 28.649809, 128.903519, 76.119392,8.877834, 240.587372, 1.018834
5, 235,7,222.465240, 222.407898, 128.903519, 76.119392,8.877834, 240.587372, 1.000258
5, 235,8,119.254181, 119.746384, 128.903519, 76.119392,8.877834, 240.587372, 0.995890
5, 235,9,148.754089, 147.545990, 128.903519, 76.119392,8.877834, 240.587372, 1.008188
5, 235,10,186.355301, 187.319107, 128.903519, 76.119392,8.877834, 240.587372, 0.994855
5, 235,11,56.821373, 57.441727, 128.903519, 76.119392,8.877834, 240.587372, 0.989200
5, 235,12,240.587372, 238.613373, 128.903519, 76.119392,8.877834, 240.587372, 1.008273
5, 235,13,203.870026, 204.115616, 128.903519, 76.119392,8.877834, 240.587372, 0.998797
5, 235,14,206.387894, 205.640579, 128.903519, 76.119392,8.877834, 240.587372, 1.003634
5, 235,15,178.033035, 176.680832, 128.903519, 76.119392,8.877834, 240.587372, 1.007653
5, 235,16,12.773800, 12.524583, 128.903519, 76.119392,8.877834, 240.587372, 1.019898
5, 235,17,197.152023, 198.431656, 128.903519, 76.119392,8.877834, 240.587372, 0.993551
5, 235,18,33.295555, 33.523857, 128.903519, 76.119392,8.877834, 240.587372, 0.993190
5, 235,19,92.507416, 93.552017, 128.903519, 76.119392,8.877834, 240.587372, 0.988834
5, 235,20,62.237984, 62.169846, 128.903519, 76.119392,8.877834, 240.587372, 1.001096
5, 235,21,189.026428, 187.800674, 128.903519, 76.119392,8.877834, 240.587372, 1.006527
5, 235,22,77.844887, 76.835770, 128.903519, 76.119392,8.877834, 240.587372, 1.013133
5, 235,23,82.694130, 84.891090, 128.903519, 76.119392,8.877834, 240.587372, 0.974120
5, 235,24,215.656830, 214.184753, 128.903519, 76.119392,8.877834, 240.587372, 1.006873
5, 235,25,35.098278, 35.887917, 128.903519, 76.119392,8.877834, 240.587372, 0.977997
5, 235,26,204.466049, 203.458923, 128.903519, 76.119392,8.877834, 240.587372, 1.004950
5, 235,27,138.716614, 138.082443, 128.903519, 76.119392,8.877834, 240.587372, 1.004593
5, 235,28,180.008652, 179.198105, 128.903519, 76.119392,8.877834, 240.587372, 1.004523
5, 235,29,36.805443, 38.376019, 128.903519, 76.119392,8.877834, 240.587372, 0.959074
5, 235,30,168.406723, 167.596710, 128.903519, 76.119392,8.877834, 240.587372, 1.004833
5, 235,31,144.357254, 142.642746, 128.903519, 76.119392,8.877834, 240.587372, 1.012020
5, 236,0,81.752281, 83.717224, 128.691254, 63.466316,30.140539, 236.721863, 0.976529
5, 236,1,77.883286, 78.024521, 128.691254, 63.466316,30.140539, 236.721863, 0.998190
5, 236,2,145.467163, 146.285309, 128.691254, 63.466316,30.140539, 236.721863, 0.994407
5, 236,3,229.305893, 230.597916, 128.691254, 63.466316,30.140539, 236.721863, 0.994397
5, 236,4,79.908417, 80.881950, 128.691254, 63.466316,30.140539, 236.721863, 0.987963
5, 236,5,90.485924, 91.255814, 128.691254, 63.466316,30.140539, 236.721863, 0.991563
5, 236,6,191.422150, 191.177216, 128.691254, 63.466316,30.140539, 236.721863, 1.001281
5, 236,7,30.140539, 29.773109, 128.691254, 63.466316,30.140539, 236.721863, 1.012341
5, 236,8,78.876663, 77.049896, 128.691254, 63.466316,30.140539, 236.721863, 1.023709
5, 236,9,222.106125, 222.808273, 128.691254, 63.466316,30.140539, 236.721863, 0.996849
5, 236,10,177.928925, 177.761322, 128.691254, 63.466316,30.140539, 236.721863, 1.000943
5, 236,11,89.399483, 89.262260, 128.691254, 63.466316,30.140539, 236.721863, 1.001537
5, 236,12,220.740662, 223.170074, 128.691254, 63.466316,30.140539, 236.721863, 0.989114
5, 236,13,84.975090, 83.281593, 128.691254, 63.466316,30.140539, 236.721863, 1.020335
5, 236,14,236.721863, 237.088043, 128.691254, 63.466316,30.140539, 236.721863, 0.998456
5, 236,15,101.386475, 102.980873, 128.691254, 63.466316,30.140539, 236.721863, 0.984518
5, 236,16,87.039932, 87.504982, 128.691254, 63.466316,30.140539, 236.721863, 0.994685
5, 236,17,58.290234, 57.911770, 128.691254, 63.466316,30.140539, 236.721863, 1.006535
5, 236,18,129.093307, 128.926605, 128.691254, 63.466316,30.140539, 236.721863, 1.001293
5, 236,19,103.472626, 101.799515, 128.691254, 63.466316,30.140539, 236.721863, 1.016435
5, 236,20,73.442902, 74.222000, 128.691254, 63.466316,30.140539, 236.721863, 0.989503
5, 236,21,227.618057, 226.189957, 128.691254, 63.466316,30.140539, 236.721863, 1.006314
5, 236,22,213.748734, 214.575638, 128.691254, 63.466316,30.140539, 236.721863, 0.996146
5, 236,23,227.068146, 226.824921, 128.691254, 63.466316,30.140539, 236.721863, 1.001072
5, 236,24,78.484421, 77.204948, 128.691254, 63.466316,30.140539, 236.721863, 1.016572
5, 236,25,76.443031, 75.912827, 128.691254, 63.466316,30.140539, 236.721863, 1.006984
5, 236,26,49.144024, 46.526352, 128.691254, 63.466316,30.140539, 236.721863, 1.056262
5, 236,27,150.150391, 151.645767, 128.691254, 63.466316,30.140539, 236.721863, 0.990139
5, 236,28,153.253189, 154.798523, 128.691254, 63.466316,30.140539, 236.721863, 0.990017
5, 236,29,138.661697, 138.104355, 128.691254, 63.466316,30.140539, 236.721863, 1.004036
5, 236,30,148.328522, 147.422379, 128.691254, 63.466316,30.140539, 236.721863, 1.006147
5, 236,31,65.379494, 66.314232, 128.691254, 63.466316,30.140539, 236.721863, 0.985904
5, 237,0,153.440475, 153.780777, 128.791214, 76.166382,11.729138, 261.359222, 0.997787
5, 237,1,15.195688, 16.145067, 128.791214, 76.166382,11.729138, 261.359222, 0.941197
5, 237,2,93.816826, 93.402809, 128.791214, 76.166382,11.729138, 261.359222, 1.004433
5, 237,3,183.631439, 182.406693, 128.791214, 76.166382,11.729138, 261.359222, 1.006714
5, 237,4,134.099991, 132.832367, 128.791214, 76.166382,11.729138, 261.359222, 1.009543
5, 237,5,233.225250, 232.793167, 128.791214, 76.166382,11.729138, 261.359222, 1.001856
5, 237,6,151.919250, 151.635376, 128.791214, 76.166382,11.729138, 261.359222, 1.001872
5, 237,7,148.700577, 149.237106, 128.791214, 76.166382,11.729138, 261.359222, 0.996405
5, 237,8,40.768066, 39.652634, 128.791214, 76.166382,11.729138, 261.359222, 1.028130
5, 237,9,143.267319, 143.406189, 128.791214, 76.166382,11.729138, 261.359222, 0.999032
5, 237,10,99.551147, 99.019188, 128.791214, 76.166382,11.729138, 261.359222, 1.005372
5, 237,11,29.014193, 28.228323, 128.791214, 76.166382,11.729138, 261.359222, 1.027840
5, 237,12,192.460693, 192.298553, 128.791214, 76.166382,11.729138, 261.359222, 1.000843
5, 237,13,192.850571, 193.516830, 128.791214, 76.166382,11.729138, 261.359222, 0.996557
5, 237,14,48.151215, 49.184383, 128.791214, 76.166382,11.729138, 261.359222, 0.978994
5, 237,15,23.132816, 23.906855, 128.791214, 76.166382,11.729138, 261.359222, 0.967623
5, 237,16,224.542786, 223.973999, 128.791214, 76.166382,11.729138, 261.359222, 1.002540
5, 237,17,114.932434, 115.477547, 128.791214, 76.166382,11.729138, 261.359222, 0.995279
5, 237,18,11.729138, 13.187467, 128.791214, 76.166382,11.729138, 261.359222, 0.889416
5, 237,19,92.753265, 93.402809, 128.791214, 76.166382,11.729138, 261.359222, 0.993046
5, 237,20,167.477600, 166.783493, 128.791214, 76.166382,11.729138, 261.359222, 1.004162
5, 237,21,227.365723, 227.920013, 128.791214, 76.166382,11.729138, 261.359222, 0.997568
5, 237,22,175.224182, 175.388107, 128.791214, 76.166382,11.729138, 261.359222, 0.999065
5, 237,23,155.103592, 154.524017, 128.791214, 76.166382,11.729138, 261.359222, 1.003751
5, 237,24,233.981552, 235.543900, 128.791214, 76.166382,11.729138, 261.359222, 0.993367
5, 237,25,107.144791, 107.225388, 128.791214, 76.166382,11.729138, 261.359222, 0.999248
5, 237,26,14.901406, 14.467051, 128.791214, 76.166382,11.729138, 261.359222, 1.030024
5, 237,27,243.776871, 243.336334, 128.791214, 76.166382,11.729138, 261.359222, 1.001810
5, 237,28,261.359222, 260.898010, 128.791214, 76.166382,11.729138, 261.359222, 1.001768
5, 237,29,69.421928, 68.339828, 128.791214, 76.166382,11.729138, 261.359222, 1.015834
5, 237,30,43.829613, 43.568005, 128.791214, 76.166382,11.729138, 261.359222, 1.006005
5, 237,31,94.549721, 95.517578, 128.791214, 76.166382,11.729138, 261.359222, 0.989867
5, 238,0,94.532921, 95.370224, 128.956741, 78.250252,11.689962, 252.185745, 0.991220
5, 238,1,216.025879, 215.705917, 128.956741, 78.250252,11.689962, 252.185745, 1.001483
5, 238,2,26.724979, 25.640291, 128.956741, 78.250252,11.689962, 252.185745, 1.042304
5, 238,3,11.689962, 10.997524, 128.956741, 78.250252,11.689962, 252.185745, 1.062963
5, 238,4,195.817383, 196.112762, 128.956741, 78.250252,11.689962, 252.185745, 0.998494
5, 238,5,31.221708, 32.235863, 128.956741, 78.250252,11.689962, 252.185745, 0.968540
5, 238,6,197.723129, 197.408035, 128.956741, 78.250252,11.689962, 252.185745, 1.001596
5, 238,7,211.169891, 210.941635, 128.956741, 78.250252,11.689962, 252.185745, 1.001082
5, 238,8,176.439056, 176.206940, 128.956741, 78.250252,11.689962, 252.185745, 1.001317
5, 238,9,176.121368, 176.422806, 128.956741, 78.250252,11.689962, 252.185745, 0.998291
5, 238,10,138.578995, 136.923828, 128.956741, 78.250252,11.689962, 252.185745, 1.012088
5, 238,11,82.977402, 82.677849, 128.956741, 78.250252,11.689962, 252.185745, 1.003623
5, 238,12,46.865082, 46.022545, 128.956741, 78.250252,11.689962, 252.185745, 1.018307
5, 238,13,101.127213, 101.831802, 128.956741, 78.250252,11.689962, 252.185745, 0.993081
5, 238,14,226.145203, 224.452866, 128.956741, 78.250252,11.689962, 252.185745, 1.007540
5, 238,15,188.963638, 189.293839, 128.956741, 78.250252,11.689962, 252.185745, 0.998256
5, 238,16,201.067520, 200.817505, 128.956741, 78.250252,11.689962, 252.185745, 1.001245
5, 238,17,53.713352, 52.997772, 128.956741, 78.250252,11.689962, 252.185745, 1.013502
5, 238,18,191.080566, 191.973770, 128.956741, 78.250252,11.689962, 252.185745, 0.995347
5, 238,19,60.078472, 60.010220, 128.956741, 78.250252,11.689962, 252.185745, 1.001137
5, 238,20,145.912994, 144.956116, 128.956741, 78.250252,11.689962, 252.185745, 1.006601
5, 238,21,45.251953, 44.816578, 128.956741, 78.250252,11.689962, 252.185745, 1.009715
5, 238,22,142.585892, 142.090103, 128.956741, 78.250252,11.689962, 252.185745, 1.003489
5, 238,23,41.432621, 42.702423, 128.956741, 78.250252,11.689962, 252.185745, 0.970264
5, 238,24,160.075180, 160.804871, 128.956741, 78.250252,11.689962, 252.185745, 0.995462
5, 238,25,252.185745, 252.696198, 128.956741, 78.250252,11.689962, 252.185745, 0.997980
5, 238,26,19.073275, 18.017416, 128.956741, 78.250252,11.689962, 252.185745, 1.058602
5, 238,27,238.982468, 241.142792, 128.956741, 78.250252,11.689962, 252.185745, 0.991041
5, 238,28,15.915569, 14.831294, 128.956741, 78.250252,11.689962, 252.185745, 1.073107
5, 238,29,47.124180, 46.230980, 128.956741, 78.250252,11.689962, 252.185745, 1.019320
5, 238,30,216.826492, 215.594269, 128.956741, 78.250252,11.689962, 252.185745, 1.005715
5, 238,31,173.185715, 173.072906, 128.956741, 78.250252,11.689962, 252.185745, 1.000652
5, 239,0,123.318237, 122.428185, 128.579102, 59.923576,13.811769, 224.077606, 1.007270
5, 239,1,87.502533, 86.309090, 128.579102, 59.923576,13.811769, 224.077606, 1.013828
5, 239,2,47.208988, 47.362984, 128.579102, 59.923576,13.811769, 224.077606, 0.996749
5, 239,3,202.355423, 201.151871, 128.579102, 59.923576,13.811769, 224.077606, 1.005983
5, 239,4,80.269257, 80.927803, 128.579102, 59.923576,13.811769, 224.077606, 0.991863
5, 239,5,132.125565, 132.858154, 128.579102, 59.923576,13.811769, 224.077606, 0.994486
5, 239,6,175.291046, 176.068039, 128.579102, 59.923576,13.811769, 224.077606, 0.995587
5, 239,7,213.724350, 214.315720, 128.579102, 59.923576,13.811769, 224.077606, 0.997241
5, 239,8,26.197086, 25.837860, 128.579102, 59.923576,13.811769, 224.077606, 1.013903
5, 239,9,67.253937, 67.790573, 128.579102, 59.923576,13.811769, 224.077606, 0.992084
5, 239,10,148.329147, 149.959869, 128.579102, 59.923576,13.811769, 224.077606, 0.989126
5, 239,11,204.088654, 206.034256, 128.579102, 59.923576,13.811769, 224.077606, 0.990557
5, 239,12,163.209137, 164.440750, 128.579102, 59.923576,13.811769, 224.077606, 0.992510
5, 239,13,183.635406, 184.662140, 128.579102, 59.923576,13.811769, 224.077606, 0.994440
5, 239,14,157.228119, 156.591660, 128.579102, 59.923576,13.811769, 224.077606, 1.004064
5, 239,15,224.077606, 223.415329, 128.579102, 59.923576,13.811769, 224.077606, 1.002964
5, 239,16,160.613602, 160.988495, 128.579102, 59.923576,13.811769, 224.077606, 0.997671
5, 239,17,219.742279, 221.353287, 128.579102, 59.923576,13.811769, 224.077606, 0.992722
5, 239,18,102.975471, 104.155777, 128.579102, 59.923576,13.811769, 224.077606, 0.988668
5, 239,19,13.811769, 15.780386, 128.579102, 59.923576,13.811769, 224.077606, 0.875249
5, 239,20,57.572712, 57.114475, 128.579102, 59.923576,13.811769, 224.077606, 1.008023
5, 239,21,113.367439, 113.521461, 128.579102, 59.923576,13.811769, 224.077606, 0.998643
5, 239,22,113.454369, 113.029243, 128.579102, 59.923576,13.811769, 224.077606, 1.003761
5, 239,23,200.977371, 202.941177, 128.579102, 59.923576,13.811769, 224.077606, 0.990323
5, 239,24,173.457535, 172.682297, 128.579102, 59.923576,13.811769, 224.077606, 1.004489
5, 239,25,101.216148, 101.335434, 128.579102, 59.923576,13.811769, 224.077606, 0.998823
5, 239,26,114.450569, 113.707718, 128.579102, 59.923576,13.811769, 224.077606, 1.006533
5, 239,27,22.306814, 21.221533, 128.579102, 59.923576,13.811769, 224.077606, 1.051141
5, 239,28,159.053146, 157.316711, 128.579102, 59.923576,13.811769, 224.077606, 1.011038
5, 239,29,114.643166, 114.692184, 128.579102, 59.923576,13.811769, 224.077606, 0.999573
5, 239,30,84.271904, 83.721550, 128.579102, 59.923576,13.811769, 224.077606, 1.006574
5, 239,31,126.802643, 127.283981, 128.579102, 59.923576,13.811769, 224.077606, 0.996218
5, 240,0,76.904968, 77.211235, 128.944244, 51.440029,26.120687, 198.984055, 0.996033
5, 240,1,188.971222, 187.460724, 128.944244, 51.440029,26.120687, 198.984055, 1.008058
5, 240,2,146.675125, 146.626297, 128.944244, 51.440029,26.120687, 198.984055, 1.000333
5, 240,3,74.916153, 76.080467, 128.944244, 51.440029,26.120687, 198.984055, 0.984696
5, 240,4,67.750092, 65.568977, 128.944244, 51.440029,26.120687, 198.984055, 1.033264
5, 240,5,46.049889, 48.307518, 128.944244, 51.440029,26.120687, 198.984055, 0.953265
5, 240,6,30.332941, 29.263372, 128.944244, 51.440029,26.120687, 198.984055, 1.036550
5, 240,7,100.560257, 99.751511, 128.944244, 51.440029,26.120687, 198.984055, 1.008108
5, 240,8,161.217361, 161.978165, 128.944244, 51.440029,26.120687, 198.984055, 0.995303
5, 240,9,198.680664, 197.931839, 128.944244, 51.440029,26.120687, 198.984055, 1.003783
5, 240,10,166.771164, 166.455063, 128.944244, 51.440029,26.120687, 198.984055, 1.001899
5, 240,11,162.717346, 161.972382, 128.944244, 51.440029,26.120687, 198.984055, 1.004599
5, 240,12,175.788681, 175.939621, 128.944244, 51.440029,26.120687, 198.984055, 0.999142
5, 240,13,169.085495, 170.401184, 128.944244, 51.440029,26.120687, 198.984055, 0.992279
5, 240,14,59.447453, 58.617085, 128.944244, 51.440029,26.120687, 198.984055, 1.014166
5, 240,15,176.773788, 175.391556, 128.944244, 51.440029,26.120687, 198.984055, 1.007881
5, 240,16,117.581505, 118.155273, 128.944244, 51.440029,26.120687, 198.984055, 0.995144
5, 240,17,26.120687, 26.026850, 128.944244, 51.440029,26.120687, 198.984055, 1.003605
5, 240,18,98.669472, 98.343826, 128.944244, 51.440029,26.120687, 198.984055, 1.003311
5, 240,19,171.334839, 171.912720, 128.944244, 51.440029,26.120687, 198.984055, 0.996639
5, 240,20,139.498093, 139.259033, 128.944244, 51.440029,26.120687, 198.984055, 1.001717
5, 240,21,180.568802, 180.693451, 128.944244, 51.440029,26.120687, 198.984055, 0.999310
5, 240,22,121.529015, 121.022568, 128.944244, 51.440029,26.120687, 198.984055, 1.004185
5, 240,23,137.052750, 137.418640, 128.944244, 51.440029,26.120687, 198.984055, 0.997337
5, 240,24,198.984055, 198.629898, 128.944244, 51.440029,26.120687, 198.984055, 1.001783
5, 240,25,156.552307, 154.472412, 128.944244, 51.440029,26.120687, 198.984055, 1.013464
5, 240,26,63.701275, 63.370911, 128.944244, 51.440029,26.120687, 198.984055, 1.005213
5, 240,27,139.536194, 139.247482, 128.944244, 51.440029,26.120687, 198.984055, 1.002073
5, 240,28,179.018570, 178.166519, 128.944244, 51.440029,26.120687, 198.984055, 1.004782
5, 240,29,145.039581, 144.491699, 128.944244, 51.440029,26.120687, 198.984055, 1.003792
5, 240,30,86.928078, 89.199638, 128.944244, 51.440029,26.120687, 198.984055, 0.974534
5, 240,31,161.458466, 161.631989, 128.944244, 51.440029,26.120687, 198.984055, 0.998926
5, 241,0,129.435471, 128.525269, 128.637848, 60.886032,17.932341, 214.687851, 1.007082
5, 241,1,174.642166, 175.752197, 128.637848, 60.886032,17.932341, 214.687851, 0.993684
5, 241,2,104.743317, 103.608902, 128.637848, 60.886032,17.932341, 214.687851, 1.010949
5, 241,3,114.932053, 115.083458, 128.637848, 60.886032,17.932341, 214.687851, 0.998684
5, 241,4,155.196732, 156.311859, 128.637848, 60.886032,17.932341, 214.687851, 0.992866
5, 241,5,49.897346, 49.525620, 128.637848, 60.886032,17.932341, 214.687851, 1.007506
5, 241,6,116.299629, 115.973557, 128.637848, 60.886032,17.932341, 214.687851, 1.002812
5, 241,7,124.920532, 125.513115, 128.637848, 60.886032,17.932341, 214.687851, 0.995279
5, 241,8,178.234848, 177.680725, 128.637848, 60.886032,17.932341, 214.687851, 1.003119
5, 241,9,86.745850, 87.045288, 128.637848, 60.886032,17.932341, 214.687851, 0.996560
5, 241,10,187.537277, 187.684692, 128.637848, 60.886032,17.932341, 214.687851, 0.999215
5, 241,11,214.687851, 214.961761, 128.637848, 60.886032,17.932341, 214.687851, 0.998726
5, 241,12,18.770838, 16.462902, 128.637848, 60.886032,17.932341, 214.687851, 1.140190
5, 241,13,144.387024, 145.740326, 128.637848, 60.886032,17.932341, 214.687851, 0.990714
5, 241,14,117.364609, 117.850510, 128.637848, 60.886032,17.932341, 214.687851, 0.995877
5, 241,15,17.932341, 18.591404, 128.637848, 60.886032,17.932341, 214.687851, 0.964550
5, 241,16,182.309387, 182.305389, 128.637848, 60.886032,17.932341, 214.687851, 1.000022
5, 241,17,134.542923, 134.117432, 128.637848, 60.886032,17.932341, 214.687851, 1.003173
5, 241,18,201.210358, 201.287735, 128.637848, 60.886032,17.932341, 214.687851, 0.999616
5, 241,19,175.544846, 176.119843, 128.637848, 60.886032,17.932341, 214.687851, 0.996735
5, 241,20,207.852188, 207.150803, 128.637848, 60.886032,17.932341, 214.687851, 1.003386
5, 241,21,166.929901, 167.721924, 128.637848, 60.886032,17.932341, 214.687851, 0.995278
5, 241,22,46.990074, 47.313271, 128.637848, 60.886032,17.932341, 214.687851, 0.993169
5, 241,23,193.682007, 195.295700, 128.637848, 60.886032,17.932341, 214.687851, 0.991737
5, 241,24,113.151657, 114.380409, 128.637848, 60.886032,17.932341, 214.687851, 0.989257
5, 241,25,202.840424, 203.712952, 128.637848, 60.886032,17.932341, 214.687851, 0.995717
5, 241,26,20.975311, 19.404106, 128.637848, 60.886032,17.932341, 214.687851, 1.080973
5, 241,27,75.742638, 77.221939, 128.637848, 60.886032,17.932341, 214.687851, 0.980843
5, 241,28,112.033730, 113.412903, 128.637848, 60.886032,17.932341, 214.687851, 0.987839
5, 241,29,139.798645, 138.232529, 128.637848, 60.886032,17.932341, 214.687851, 1.011330
5, 241,30,18.783850, 18.514004, 128.637848, 60.886032,17.932341, 214.687851, 1.014575
5, 241,31,188.294861, 188.497391, 128.637848, 60.886032,17.932341, 214.687851, 0.998926
5, 242,0,63.198841, 62.970184, 129.113098, 57.149029,14.125381, 237.129791, 1.003631
5, 242,1,205.169495, 204.526855, 129.113098, 57.149029,14.125381, 237.129791, 1.003142
5, 242,2,174.880569, 174.551971, 129.113098, 57.149029,14.125381, 237.129791, 1.001883
5, 242,3,109.480659, 108.453690, 129.113098, 57.149029,14.125381, 237.129791, 1.009469
5, 242,4,113.667328, 113.919029, 129.113098, 57.149029,14.125381, 237.129791, 0.997791
5, 242,5,237.129791, 235.473663, 129.113098, 57.149029,14.125381, 237.129791, 1.007033
5, 242,6,200.268143, 201.498383, 129.113098, 57.149029,14.125381, 237.129791, 0.993895
5, 242,7,193.858627, 193.370804, 129.113098, 57.149029,14.125381, 237.129791, 1.002523
5, 242,8,93.071220, 94.346611, 129.113098, 57.149029,14.125381, 237.129791, 0.986482
5, 242,9,161.118240, 160.705490, 129.113098, 57.149029,14.125381, 237.129791, 1.002568
5, 242,10,32.827030, 33.431961, 129.113098, 57.149029,14.125381, 237.129791, 0.981906
5, 242,11,99.426674, 99.185143, 129.113098, 57.149029,14.125381, 237.129791, 1.002435
5, 242,12,113.071205, 113.482368, 129.113098, 57.149029,14.125381, 237.129791, 0.996377
5, 242,13,146.615982, 145.725082, 129.113098, 57.149029,14.125381, 237.129791, 1.006114
5, 242,14,117.527435, 117.377129, 129.113098, 57.149029,14.125381, 237.129791, 1.001281
5, 242,15,154.558914, 154.493607, 129.113098, 57.149029,14.125381, 237.129791, 1.000423
5, 242,16,61.264626, 61.491161, 129.113098, 57.149029,14.125381, 237.129791, 0.996316
5, 242,17,85.938049, 84.775223, 129.113098, 57.149029,14.125381, 237.129791, 1.013717
5, 242,18,115.216049, 114.862793, 129.113098, 57.149029,14.125381, 237.129791, 1.003075
5, 242,19,227.722580, 226.317795, 129.113098, 57.149029,14.125381, 237.129791, 1.006207
5, 242,20,205.855499, 205.329742, 129.113098, 57.149029,14.125381, 237.129791, 1.002560
5, 242,21,149.787567, 149.795929, 129.113098, 57.149029,14.125381, 237.129791, 0.999944
5, 242,22,169.357925, 168.769684, 129.113098, 57.149029,14.125381, 237.129791, 1.003485
5, 242,23,102.797935, 102.495331, 129.113098, 57.149029,14.125381, 237.129791, 1.002952
5, 242,24,185.654694, 185.898193, 129.113098, 57.149029,14.125381, 237.129791, 0.998690
5, 242,25,136.276825, 135.350784, 129.113098, 57.149029,14.125381, 237.129791, 1.006842
5, 242,26,14.125381, 12.450954, 129.113098, 57.149029,14.125381, 237.129791, 1.134482
5, 242,27,117.197327, 116.102356, 129.113098, 57.149029,14.125381, 237.129791, 1.009431
5, 242,28,59.723209, 58.392250, 129.113098, 57.149029,14.125381, 237.129791, 1.022793
5, 242,29,59.855167, 58.997948, 129.113098, 57.149029,14.125381, 237.129791, 1.014530
5, 242,30,81.955345, 82.429909, 129.113098, 57.149029,14.125381, 237.129791, 0.994243
5, 242,31,143.020813, 144.027725, 129.113098, 57.149029,14.125381, 237.129791, 0.993009
5, 243,0,229.206314, 229.950516, 128.891296, 68.695152,11.047997, 245.480133, 0.996764
5, 243,1,230.122345, 226.508469, 128.891296, 68.695152,11.047997, 245.480133, 1.015955
5, 243,2,155.166748, 154.899734, 128.891296, 68.695152,11.047997, 245.480133, 1.001724
5, 243,3,79.037582, 80.058258, 128.891296, 68.695152,11.047997, 245.480133, 0.987251
5, 243,4,112.794266, 112.688026, 128.891296, 68.695152,11.047997, 245.480133, 1.000943
5, 243,5,88.815636, 89.771996, 128.891296, 68.695152,11.047997, 245.480133, 0.989347
5, 243,6,38.258022, 38.629539, 128.891296, 68.695152,11.047997, 245.480133, 0.990383
5, 243,7,109.518341, 109.548309, 128.891296, 68.695152,11.047997, 245.480133, 0.999726
5, 243,8,75.133240, 73.740067, 128.891296, 68.695152,11.047997, 245.480133, 1.018893
5, 243,9,242.867676, 243.052063, 128.891296, 68.695152,11.047997, 245.480133, 0.999241
5, 243,10,184.464401, 184.405304, 128.891296, 68.695152,11.047997, 245.480133, 1.000320
5, 243,11,28.009371, 28.985579, 128.891296, 68.695152,11.047997, 245.480133, 0.966321
5, 243,12,88.738174, 91.043381, 128.891296, 68.695152,11.047997, 245.480133, 0.974680
5, 243,13,104.228767, 104.710831, 128.891296, 68.695152,11.047997, 245.480133, 0.995396
5, 243,14,88.743202, 89.221573, 128.891296, 68.695152,11.047997, 245.480133, 0.994638
5, 243,15,88.779968, 89.299095, 128.891296, 68.695152,11.047997, 245.480133, 0.994187
5, 243,16,11.047997, 10.759733, 128.891296, 68.695152,11.047997, 245.480133, 1.026791
5, 243,17,245.480133, 244.532761, 128.891296, 68.695152,11.047997, 245.480133, 1.003874
5, 243,18,131.091522, 132.138733, 128.891296, 68.695152,11.047997, 245.480133, 0.992075
5, 243,19,128.278992, 127.890442, 128.891296, 68.695152,11.047997, 245.480133, 1.003038
5, 243,20,64.941505, 64.305420, 128.891296, 68.695152,11.047997, 245.480133, 1.009892
5, 243,21,102.330688, 102.338600, 128.891296, 68.695152,11.047997, 245.480133, 0.999923
5, 243,22,194.985504, 194.258560, 128.891296, 68.695152,11.047997, 245.480133, 1.003742
5, 243,23,183.975647, 184.002167, 128.891296, 68.695152,11.047997, 245.480133, 0.999856
5, 243,24,197.480026, 197.103699, 128.891296, 68.695152,11.047997, 245.480133, 1.001909
5, 243,25,33.979813, 33.528473, 128.891296, 68.695152,11.047997, 245.480133, 1.013461
5, 243,26,32.772343, 31.644644, 128.891296, 68.695152,11.047997, 245.480133, 1.035636
5, 243,27,174.583099, 173.885315, 128.891296, 68.695152,11.047997, 245.480133, 1.004013
5, 243,28,184.648682, 185.676682, 128.891296, 68.695152,11.047997, 245.480133, 0.994464
5, 243,29,228.005386, 227.361221, 128.891296, 68.695152,11.047997, 245.480133, 1.002833
5, 243,30,139.147446, 138.906570, 128.891296, 68.695152,11.047997, 245.480133, 1.001734
5, 243,31,127.888756, 126.153908, 128.891296, 68.695152,11.047997, 245.480133, 1.013752
5, 244,0,108.047127, 107.234985, 128.768646, 74.550819,13.293049, 265.477356, 1.007573
5, 244,1,94.820435, 94.714722, 128.768646, 74.550819,13.293049, 265.477356, 1.001116
5, 244,2,191.027008, 191.278427, 128.768646, 74.550819,13.293049, 265.477356, 0.998686
5, 244,3,64.100670, 64.694191, 128.768646, 74.550819,13.293049, 265.477356, 0.990826
5, 244,4,85.462006, 85.839699, 128.768646, 74.550819,13.293049, 265.477356, 0.995600
5, 244,5,66.135521, 66.481682, 128.768646, 74.550819,13.293049, 265.477356, 0.994793
5, 244,6,147.199051, 146.075897, 128.768646, 74.550819,13.293049, 265.477356, 1.007689
5, 244,7,19.878361, 20.966938, 128.768646, 74.550819,13.293049, 265.477356, 0.948081
5, 244,8,160.978424, 160.063629, 128.768646, 74.550819,13.293049, 265.477356, 1.005715
5, 244,9,265.477356, 264.971558, 128.768646, 74.550819,13.293049, 265.477356, 1.001909
5, 244,10,94.088890, 94.004410, 128.768646, 74.550819,13.293049, 265.477356, 1.000899
5, 244,11,30.831373, 32.152435, 128.768646, 74.550819,13.293049, 265.477356, 0.958913
5, 244,12,196.775909, 198.365952, 128.768646, 74.550819,13.293049, 265.477356, 0.991984
5, 244,13,256.631958, 256.681946, 128.768646, 74.550819,13.293049, 265.477356, 0.999805
5, 244,14,111.870300, 111.286125, 128.768646, 74.550819,13.293049, 265.477356, 1.005249
5, 244,15,89.802841, 89.547371, 128.768646, 74.550819,13.293049, 265.477356, 1.002853
5, 244,16,205.676422, 206.538467, 128.768646, 74.550819,13.293049, 265.477356, 0.995826
5, 244,17,213.346497, 213.173279, 128.768646, 74.550819,13.293049, 265.477356, 1.000813
5, 244,18,13.293049, 11.529907, 128.768646, 74.550819,13.293049, 265.477356, 1.152919
5, 244,19,151.134659, 150.954422, 128.768646, 74.550819,13.293049, 265.477356, 1.001194
5, 244,20,195.639099, 196.867264, 128.768646, 74.550819,13.293049, 265.477356, 0.993761
5, 244,21,57.041229, 56.763649, 128.768646, 74.550819,13.293049, 265.477356, 1.004890
5, 244,22,21.459520, 22.442207, 128.768646, 74.550819,13.293049, 265.477356, 0.956213
5, 244,23,188.891159, 188.835251, 128.768646, 74.550819,13.293049, 265.477356, 1.000296
5, 244,24,203.554398, 203.634781, 128.768646, 74.550819,13.293049, 265.477356, 0.999605
5, 244,25,214.001831, 213.243515, 128.768646, 74.550819,13.293049, 265.477356, 1.003556
5, 244,26,222.394394, 222.063904, 128.768646, 74.550819,13.293049, 265.477356, 1.001488
5, 244,27,122.028969, 123.010201, 128.768646, 74.550819,13.293049, 265.477356, 0.992023
5, 244,28,132.604858, 133.305847, 128.768646, 74.550819,13.293049, 265.477356, 0.994741
5, 244,29,48.289978, 47.178314, 128.768646, 74.550819,13.293049, 265.477356, 1.023563
5, 244,30,21.322504, 21.552362, 128.768646, 74.550819,13.293049, 265.477356, 0.989335
5, 244,31,126.790901, 125.547035, 128.768646, 74.550819,13.293049, 265.477356, 1.009908
5, 245,0,31.324852, 30.457703, 128.824936, 63.500160,10.163260, 240.357697, 1.028471
5, 245,1,143.489120, 143.027588, 128.824936, 63.500160,10.163260, 240.357697, 1.003227
5, 245,2,119.941376, 119.656364, 128.824936, 63.500160,10.163260, 240.357697, 1.002382
5, 245,3,111.151932, 111.272980, 128.824936, 63.500160,10.163260, 240.357697, 0.998912
5, 245,4,189.043488, 188.047134, 128.824936, 63.500160,10.163260, 240.357697, 1.005298
5, 245,5,10.163260, 10.308161, 128.824936, 63.500160,10.163260, 240.357697, 0.985943
5, 245,6,107.544174, 107.736130, 128.824936, 63.500160,10.163260, 240.357697, 0.998218
5, 245,7,236.216827, 235.623032, 128.824936, 63.500160,10.163260, 240.357697, 1.002520
5, 245,8,219.852509, 220.228973, 128.824936, 63.500160,10.163260, 240.357697, 0.998291
5, 245,9,126.728500, 127.430428, 128.824936, 63.500160,10.163260, 240.357697, 0.994492
5, 245,10,104.547020, 105.487953, 128.824936, 63.500160,10.163260, 240.357697, 0.991080
5, 245,11,124.243423, 125.973671, 128.824936, 63.500160,10.163260, 240.357697, 0.986265
5, 245,12,171.328232, 170.860153, 128.824936, 63.500160,10.163260, 240.357697, 1.002740
5, 245,13,152.316299, 150.493484, 128.824936, 63.500160,10.163260, 240.357697, 1.012112
5, 245,14,60.528175, 60.461399, 128.824936, 63.500160,10.163260, 240.357697, 1.001104
5, 245,15,92.516739, 93.994942, 128.824936, 63.500160,10.163260, 240.357697, 0.984274
5, 245,16,134.069580, 133.733734, 128.824936, 63.500160,10.163260, 240.357697, 1.002511
5, 245,17,40.023502, 39.373367, 128.824936, 63.500160,10.163260, 240.357697, 1.016512
5, 245,18,172.628372, 172.477982, 128.824936, 63.500160,10.163260, 240.357697, 1.000872
5, 245,19,104.892372, 105.095741, 128.824936, 63.500160,10.163260, 240.357697, 0.998065
5, 245,20,240.357697, 239.173889, 128.824936, 63.500160,10.163260, 240.357697, 1.004950
5, 245,21,125.746521, 126.660027, 128.824936, 63.500160,10.163260, 240.357697, 0.992788
5, 245,22,142.163727, 141.766937, 128.824936, 63.500160,10.163260, 240.357697, 1.002799
5, 245,23,226.618835, 226.805420, 128.824936, 63.500160,10.163260, 240.357697, 0.999177
5, 245,24,140.864716, 140.828445, 128.824936, 63.500160,10.163260, 240.357697, 1.000257
5, 245,25,161.216797, 161.510269, 128.824936, 63.500160,10.163260, 240.357697, 0.998183
5, 245,26,115.539398, 115.405136, 128.824936, 63.500160,10.163260, 240.357697, 1.001163
5, 245,27,113.071938, 112.981873, 128.824936, 63.500160,10.163260, 240.357697, 1.000797
5, 245,28,17.901516, 17.942154, 128.824936, 63.500160,10.163260, 240.357697, 0.997735
5, 245,29,233.371323, 232.912613, 128.824936, 63.500160,10.163260, 240.357697, 1.001969
5, 245,30,126.641541, 126.428909, 128.824936, 63.500160,10.163260, 240.357697, 1.001682
5, 245,31,26.354156, 26.843811, 128.824936, 63.500160,10.163260, 240.357697, 0.981759
5, 246,0,165.903687, 165.744217, 128.705338, 59.332870,25.141277, 225.161194, 1.000962
5, 246,1,158.643555, 157.761429, 128.705338, 59.332870,25.141277, 225.161194, 1.005592
5, 246,2,201.091171, 202.324280, 128.705338, 59.332870,25.141277, 225.161194, 0.993905
5, 246,3,51.038437, 51.295364, 128.705338, 59.332870,25.141277, 225.161194, 0.994991
5, 246,4,96.410362, 96.402809, 128.705338, 59.332870,25.141277, 225.161194, 1.000078
5, 246,5,61.508091, 62.399551, 128.705338, 59.332870,25.141277, 225.161194, 0.985714
5, 246,6,72.790207, 72.819702, 128.705338, 59.332870,25.141277, 225.161194, 0.999595
5, 246,7,222.677399, 223.157944, 128.705338, 59.332870,25.141277, 225.161194, 0.997847
5, 246,8,51.645023, 50.996510, 128.705338, 59.332870,25.141277, 225.161194, 1.012717
5, 246,9,196.823883, 197.927765, 128.705338, 59.332870,25.141277, 225.161194, 0.994423
5, 246,10,225.161194, 226.458633, 128.705338, 59.332870,25.141277, 225.161194, 0.994271
5, 246,11,106.453690, 106.935852, 128.705338, 59.332870,25.141277, 225.161194, 0.995491
5, 246,12,35.722458, 35.880997, 128.705338, 59.332870,25.141277, 225.161194, 0.995582
5, 246,13,194.074371, 194.241867, 128.705338, 59.332870,25.141277, 225.161194, 0.999138
5, 246,14,107.154114, 106.178749, 128.705338, 59.332870,25.141277, 225.161194, 1.009186
5, 246,15,173.624359, 173.614120, 128.705338, 59.332870,25.141277, 225.161194, 1.000059
5, 246,16,169.784241, 171.309601, 128.705338, 59.332870,25.141277, 225.161194, 0.991096
5, 246,17,205.737808, 205.013992, 128.705338, 59.332870,25.141277, 225.161194, 1.003531
5, 246,18,210.315125, 210.426636, 128.705338, 59.332870,25.141277, 225.161194, 0.999470
5, 246,19,76.769127, 75.562531, 128.705338, 59.332870,25.141277, 225.161194, 1.015968
5, 246,20,123.995857, 124.442215, 128.705338, 59.332870,25.141277, 225.161194, 0.996413
5, 246,21,25.141277, 24.325201, 128.705338, 59.332870,25.141277, 225.161194, 1.033549
5, 246,22,90.639687, 91.468353, 128.705338, 59.332870,25.141277, 225.161194, 0.990940
5, 246,23,109.681656, 108.788765, 128.705338, 59.332870,25.141277, 225.161194, 1.008208
5, 246,24,81.071426, 81.413483, 128.705338, 59.332870,25.141277, 225.161194, 0.995799
5, 246,25,114.611542, 114.792465, 128.705338, 59.332870,25.141277, 225.161194, 0.998424
5, 246,26,193.828842, 194.779816, 128.705338, 59.332870,25.141277, 225.161194, 0.995118
5, 246,27,74.288132, 74.400307, 128.705338, 59.332870,25.141277, 225.161194, 0.998492
5, 246,28,164.760239, 164.243301, 128.705338, 59.332870,25.141277, 225.161194, 1.003147
5, 246,29,121.198769, 119.826530, 128.705338, 59.332870,25.141277, 225.161194, 1.011452
5, 246,30,145.340347, 147.201828, 128.705338, 59.332870,25.141277, 225.161194, 0.987354
5, 246,31,90.684677, 88.864975, 128.705338, 59.332870,25.141277, 225.161194, 1.020477
5, 247,0,86.985458, 87.918968, 128.942917, 47.120728,21.508368, 188.502243, 0.989382
5, 247,1,109.568382, 108.525337, 128.942917, 47.120728,21.508368, 188.502243, 1.009611
5, 247,2,129.652588, 128.000488, 128.942917, 47.120728,21.508368, 188.502243, 1.012907
5, 247,3,152.896347, 154.703171, 128.942917, 47.120728,21.508368, 188.502243, 0.988321
5, 247,4,134.860046, 134.506470, 128.942917, 47.120728,21.508368, 188.502243, 1.002629
5, 247,5,173.294739, 171.420609, 128.942917, 47.120728,21.508368, 188.502243, 1.010933
5, 247,6,164.847626, 164.480484, 128.942917, 47.120728,21.508368, 188.502243, 1.002232
5, 247,7,78.322205, 76.136040, 128.942917, 47.120728,21.508368, 188.502243, 1.028714
5, 247,8,161.116272, 162.163025, 128.942917, 47.120728,21.508368, 188.502243, 0.993545
5, 247,9,56.713242, 57.137829, 128.942917, 47.120728,21.508368, 188.502243, 0.992569
5, 247,10,163.025742, 163.392075, 128.942917, 47.120728,21.508368, 188.502243, 0.997758
5, 247,11,21.508368, 20.541655, 128.942917, 47.120728,21.508368, 188.502243, 1.047061
5, 247,12,171.568832, 170.931427, 128.942917, 47.120728,21.508368, 188.502243, 1.003729
5, 247,13,107.155777, 106.073357, 128.942917, 47.120728,21.508368, 188.502243, 1.010204
5, 247,14,187.037613, 185.698318, 128.942917, 47.120728,21.508368, 188.502243, 1.007212
5, 247,15,64.927338, 64.976807, 128.942917, 47.120728,21.508368, 188.502243, 0.999239
5, 247,16,53.266510, 51.469551, 128.942917, 47.120728,21.508368, 188.502243, 1.034913
5, 247,17,180.166443, 180.696533, 128.942917, 47.120728,21.508368, 188.502243, 0.997066
5, 247,18,138.119629, 137.325333, 128.942917, 47.120728,21.508368, 188.502243, 1.005784
5, 247,19,105.809753, 108.244064, 128.942917, 47.120728,21.508368, 188.502243, 0.977511
5, 247,20,156.730927, 155.602020, 128.942917, 47.120728,21.508368, 188.502243, 1.007255
5, 247,21,183.898376, 182.799973, 128.942917, 47.120728,21.508368, 188.502243, 1.006009
5, 247,22,144.615875, 145.861374, 128.942917, 47.120728,21.508368, 188.502243, 0.991461
5, 247,23,169.630600, 168.418320, 128.942917, 47.120728,21.508368, 188.502243, 1.007198
5, 247,24,127.069283, 128.245071, 128.942917, 47.120728,21.508368, 188.502243, 0.990832
5, 247,25,175.529907, 176.734238, 128.942917, 47.120728,21.508368, 188.502243, 0.993186
5, 247,26,115.406860, 115.801765, 128.942917, 47.120728,21.508368, 188.502243, 0.996590
5, 247,27,139.121170, 139.202530, 128.942917, 47.120728,21.508368, 188.502243, 0.999416
5, 247,28,164.029907, 164.364304, 128.942917, 47.120728,21.508368, 188.502243, 0.997966
5, 247,29,49.279156, 49.635155, 128.942917, 47.120728,21.508368, 188.502243, 0.992828
5, 247,30,71.516037, 71.605087, 128.942917, 47.120728,21.508368, 188.502243, 0.998756
5, 247,31,188.502243, 188.388763, 128.942917, 47.120728,21.508368, 188.502243, 1.000602
5, 248,0,159.040619, 158.643768, 128.727310, 61.100788,19.820965, 222.948715, 1.002501
5, 248,1,161.059601, 162.671448, 128.727310, 61.100788,19.820965, 222.948715, 0.990091
5, 248,2,222.076340, 220.410858, 128.727310, 61.100788,19.820965, 222.948715, 1.007556
5, 248,3,86.971756, 86.793419, 128.727310, 61.100788,19.820965, 222.948715, 1.002055
5, 248,4,196.912872, 198.357224, 128.727310, 61.100788,19.820965, 222.948715, 0.992718
5, 248,5,204.918777, 204.631104, 128.727310, 61.100788,19.820965, 222.948715, 1.001406
5, 248,6,165.349258, 166.854019, 128.727310, 61.100788,19.820965, 222.948715, 0.990982
5, 248,7,209.699203, 209.398102, 128.727310, 61.100788,19.820965, 222.948715, 1.001438
5, 248,8,100.101112, 100.249512, 128.727310, 61.100788,19.820965, 222.948715, 0.998520
5, 248,9,147.307419, 146.356537, 128.727310, 61.100788,19.820965, 222.948715, 1.006497
5, 248,10,29.386299, 29.955303, 128.727310, 61.100788,19.820965, 222.948715, 0.981005
5, 248,11,126.599609, 126.267456, 128.727310, 61.100788,19.820965, 222.948715, 1.002631
5, 248,12,118.104012, 119.071152, 128.727310, 61.100788,19.820965, 222.948715, 0.991878
5, 248,13,149.495407, 149.328018, 128.727310, 61.100788,19.820965, 222.948715, 1.001121
5, 248,14,124.636902, 124.366280, 128.727310, 61.100788,19.820965, 222.948715, 1.002176
5, 248,15,72.989021, 72.492340, 128.727310, 61.100788,19.820965, 222.948715, 1.006852
5, 248,16,50.706329, 50.333088, 128.727310, 61.100788,19.820965, 222.948715, 1.007415
5, 248,17,132.843872, 132.238556, 128.727310, 61.100788,19.820965, 222.948715, 1.004577
5, 248,18,125.292885, 124.950714, 128.727310, 61.100788,19.820965, 222.948715, 1.002738
5, 248,19,77.400841, 77.231209, 128.727310, 61.100788,19.820965, 222.948715, 1.002196
5, 248,20,222.948715, 222.650024, 128.727310, 61.100788,19.820965, 222.948715, 1.001342
5, 248,21,52.932022, 53.008820, 128.727310, 61.100788,19.820965, 222.948715, 0.998551
5, 248,22,209.637070, 210.792328, 128.727310, 61.100788,19.820965, 222.948715, 0.994519
5, 248,23,19.820965, 21.498592, 128.727310, 61.100788,19.820965, 222.948715, 0.921966
5, 248,24,83.873558, 84.096565, 128.727310, 61.100788,19.820965, 222.948715, 0.997348
5, 248,25,24.949553, 25.406567, 128.727310, 61.100788,19.820965, 222.948715, 0.982012
5, 248,26,167.796417, 167.346924, 128.727310, 61.100788,19.820965, 222.948715, 1.002686
5, 248,27,52.081821, 53.389053, 128.727310, 61.100788,19.820965, 222.948715, 0.975515
5, 248,28,100.412369, 100.369217, 128.727310, 61.100788,19.820965, 222.948715, 1.000430
5, 248,29,191.690094, 190.984879, 128.727310, 61.100788,19.820965, 222.948715, 1.003693
5, 248,30,147.039398, 145.518616, 128.727310, 61.100788,19.820965, 222.948715, 1.010451
5, 248,31,185.199738, 185.337692, 128.727310, 61.100788,19.820965, 222.948715, 0.999256
5, 249,0,101.640366, 102.601143, 128.791748, 59.859985,12.358165, 223.978119, 0.990636
5, 249,1,143.831985, 144.301697, 128.791748, 59.859985,12.358165, 223.978119, 0.996745
5, 249,2,191.957535, 191.056274, 128.791748, 59.859985,12.358165, 223.978119, 1.004717
5, 249,3,85.469521, 85.930267, 128.791748, 59.859985,12.358165, 223.978119, 0.994638
5, 249,4,65.094154, 65.901184, 128.791748, 59.859985,12.358165, 223.978119, 0.987754
5, 249,5,182.370102, 181.408936, 128.791748, 59.859985,12.358165, 223.978119, 1.005298
5, 249,6,223.978119, 223.997452, 128.791748, 59.859985,12.358165, 223.978119, 0.999914
5, 249,7,217.214157, 216.179428, 128.791748, 59.859985,12.358165, 223.978119, 1.004786
5, 249,8,65.615356, 65.079987, 128.791748, 59.859985,12.358165, 223.978119, 1.008226
5, 249,9,157.222809, 157.888107, 128.791748, 59.859985,12.358165, 223.978119, 0.995786
5, 249,10,221.713409, 222.508606, 128.791748, 59.859985,12.358165, 223.978119, 0.996426
5, 249,11,12.358165, 11.649061, 128.791748, 59.859985,12.358165, 223.978119, 1.060872
5, 249,12,174.604218, 174.685822, 128.791748, 59.859985,12.358165, 223.978119, 0.999533
5, 249,13,139.944855, 139.928696, 128.791748, 59.859985,12.358165, 223.978119, 1.000116
5, 249,14,101.993683, 103.081848, 128.791748, 59.859985,12.358165, 223.978119, 0.989444
5, 249,15,143.258499, 143.367020, 128.791748, 59.859985,12.358165, 223.978119, 0.999243
5, 249,16,74.409492, 73.352005, 128.791748, 59.859985,12.358165, 223.978119, 1.014417
5, 249,17,62.610916, 63.691307, 128.791748, 59.859985,12.358165, 223.978119, 0.983037
5, 249,18,187.349518, 187.664688, 128.791748, 59.859985,12.358165, 223.978119, 0.998321
5, 249,19,19.845762, 19.947781, 128.791748, 59.859985,12.358165, 223.978119, 0.994886
5, 249,20,84.314270, 83.840576, 128.791748, 59.859985,12.358165, 223.978119, 1.005650
5, 249,21,143.367249, 142.872971, 128.791748, 59.859985,12.358165, 223.978119, 1.003460
5, 249,22,118.211830, 117.676376, 128.791748, 59.859985,12.358165, 223.978119, 1.004550
5, 249,23,196.736008, 197.632477, 128.791748, 59.859985,12.358165, 223.978119, 0.995464
5, 249,24,204.954941, 205.250214, 128.791748, 59.859985,12.358165, 223.978119, 0.998561
5, 249,25,80.113739, 80.308777, 128.791748, 59.859985,12.358165, 223.978119, 0.997571
5, 249,26,44.316898, 43.428547, 128.791748, 59.859985,12.358165, 223.978119, 1.020455
5, 249,27,152.266083, 152.093033, 128.791748, 59.859985,12.358165, 223.978119, 1.001138
5, 249,28,153.390533, 152.393463, 128.791748, 59.859985,12.358165, 223.978119, 1.006543
5, 249,29,71.443069, 71.102066, 128.791748, 59.859985,12.358165, 223.978119, 1.004796
5, 249,30,157.172775, 157.767929, 128.791748, 59.859985,12.358165, 223.978119, 0.996228
5, 249,31,142.565903, 142.412292, 128.791748, 59.859985,12.358165, 223.978119, 1.001079
5, 250,0,27.899546, 28.672611, 128.765717, 83.522675,14.554691, 257.970062, 0.973038
5, 250,1,150.640991, 149.890656, 128.765717, 83.522675,14.554691, 257.970062, 1.005006
5, 250,2,252.845703, 253.898483, 128.765717, 83.522675,14.554691, 257.970062, 0.995854
5, 250,3,41.533680, 40.672035, 128.765717, 83.522675,14.554691, 257.970062, 1.021185
5, 250,4,40.894310, 39.979317, 128.765717, 83.522675,14.554691, 257.970062, 1.022887
5, 250,5,93.902275, 94.665604, 128.765717, 83.522675,14.554691, 257.970062, 0.991937
5, 250,6,207.537766, 208.117493, 128.765717, 83.522675,14.554691, 257.970062, 0.997214
5, 250,7,124.753494, 125.191391, 128.765717, 83.522675,14.554691, 257.970062, 0.996502
5, 250,8,241.886124, 240.960037, 128.765717, 83.522675,14.554691, 257.970062, 1.003843
5, 250,9,14.554691, 14.287158, 128.765717, 83.522675,14.554691, 257.970062, 1.018725
5, 250,10,34.925629, 32.775047, 128.765717, 83.522675,14.554691, 257.970062, 1.065616
5, 250,11,212.390289, 212.535492, 128.765717, 83.522675,14.554691, 257.970062, 0.999317
5, 250,12,55.602821, 54.095379, 128.765717, 83.522675,14.554691, 257.970062, 1.027866
5, 250,13,36.402866, 36.531120, 128.765717, 83.522675,14.554691, 257.970062, 0.996489
5, 250,14,249.630676, 249.542038, 128.765717, 83.522675,14.554691, 257.970062, 1.000355
5, 250,15,183.161469, 184.110931, 128.765717, 83.522675,14.554691, 257.970062, 0.994843
5, 250,16,162.552872, 161.913162, 128.765717, 83.522675,14.554691, 257.970062, 1.003951
5, 250,17,34.889854, 34.137390, 128.765717, 83.522675,14.554691, 257.970062, 1.022042
5, 250,18,146.403809, 145.287933, 128.765717, 83.522675,14.554691, 257.970062, 1.007680
5, 250,19,39.927185, 41.510994, 128.765717, 83.522675,14.554691, 257.970062, 0.961846
5, 250,20,37.364777, 37.077599, 128.765717, 83.522675,14.554691, 257.970062, 1.007745
5, 250,21,256.303497, 256.199860, 128.765717, 83.522675,14.554691, 257.970062, 1.000404
5, 250,22,70.650215, 70.874557, 128.765717, 83.522675,14.554691, 257.970062, 0.996835
5, 250,23,102.435616, 103.724815, 128.765717, 83.522675,14.554691, 257.970062, 0.987571
5, 250,24,29.298941, 30.619921, 128.765717, 83.522675,14.554691, 257.970062, 0.956859
5, 250,25,138.988403, 139.438309, 128.765717, 83.522675,14.554691, 257.970062, 0.996773
5, 250,26,119.991867, 120.704109, 128.765717, 83.522675,14.554691, 257.970062, 0.994099
5, 250,27,207.213379, 207.794220, 128.765717, 83.522675,14.554691, 257.970062, 0.997205
5, 250,28,143.399948, 144.356613, 128.765717, 83.522675,14.554691, 257.970062, 0.993373
5, 250,29,257.970062, 256.838684, 128.765717, 83.522675,14.554691, 257.970062, 1.004405
5, 250,30,244.455429, 245.393448, 128.765717, 83.522675,14.554691, 257.970062, 0.996177
5, 250,31,160.094818, 159.203873, 128.765717, 83.522675,14.554691, 257.970062, 1.005596
5, 251,0,94.129845, 93.480087, 128.853012, 66.586754,20.161436, 240.567764, 1.006951
5, 251,1,122.047424, 122.287880, 128.853012, 66.586754,20.161436, 240.567764, 0.998034
5, 251,2,158.669617, 157.083954, 128.853012, 66.586754,20.161436, 240.567764, 1.010094
5, 251,3,20.161436, 20.573997, 128.853012, 66.586754,20.161436, 240.567764, 0.979947
5, 251,4,127.446968, 127.295074, 128.853012, 66.586754,20.161436, 240.567764, 1.001193
5, 251,5,126.465019, 127.062523, 128.853012, 66.586754,20.161436, 240.567764, 0.995298
5, 251,6,101.140114, 99.889900, 128.853012, 66.586754,20.161436, 240.567764, 1.012516
5, 251,7,207.987030, 207.664749, 128.853012, 66.586754,20.161436, 240.567764, 1.001552
5, 251,8,97.849327, 96.626854, 128.853012, 66.586754,20.161436, 240.567764, 1.012651
5, 251,9,227.447968, 229.510406, 128.853012, 66.586754,20.161436, 240.567764, 0.991014
5, 251,10,193.005295, 193.311722, 128.853012, 66.586754,20.161436, 240.567764, 0.998415
5, 251,11,48.765034, 48.371624, 128.853012, 66.586754,20.161436, 240.567764, 1.008133
5, 251,12,51.891216, 52.070709, 128.853012, 66.586754,20.161436, 240.567764, 0.996553
5, 251,13,28.225407, 27.739609, 128.853012, 66.586754,20.161436, 240.567764, 1.017513
5, 251,14,130.647125, 131.030487, 128.853012, 66.586754,20.161436, 240.567764, 0.997074
5, 251,15,114.979286, 115.710922, 128.853012, 66.586754,20.161436, 240.567764, 0.993677
5, 251,16,145.486267, 145.797760, 128.853012, 66.586754,20.161436, 240.567764, 0.997864
5, 251,17,239.577942, 238.340240, 128.853012, 66.586754,20.161436, 240.567764, 1.005193
5, 251,18,78.734383, 78.262253, 128.853012, 66.586754,20.161436, 240.567764, 1.006033
5, 251,19,231.649017, 232.264725, 128.853012, 66.586754,20.161436, 240.567764, 0.997349
5, 251,20,73.614594, 74.417816, 128.853012, 66.586754,20.161436, 240.567764, 0.989207
5, 251,21,111.822624, 111.176094, 128.853012, 66.586754,20.161436, 240.567764, 1.005815
5, 251,22,240.567764, 241.356186, 128.853012, 66.586754,20.161436, 240.567764, 0.996733
5, 251,23,77.500923, 76.779701, 128.853012, 66.586754,20.161436, 240.567764, 1.009393
5, 251,24,26.677490, 27.339905, 128.853012, 66.586754,20.161436, 240.567764, 0.975771
5, 251,25,90.488396, 91.147263, 128.853012, 66.586754,20.161436, 240.567764, 0.992771
5, 251,26,175.235916, 175.484909, 128.853012, 66.586754,20.161436, 240.567764, 0.998581
5, 251,27,98.608528, 100.180588, 128.853012, 66.586754,20.161436, 240.567764, 0.984308
5, 251,28,233.952316, 230.992935, 128.853012, 66.586754,20.161436, 240.567764, 1.012812
5, 251,29,119.537567, 119.526283, 128.853012, 66.586754,20.161436, 240.567764, 1.000094
5, 251,30,220.499039, 219.285233, 128.853012, 66.586754,20.161436, 240.567764, 1.005535
5, 251,31,108.485794, 108.937744, 128.853012, 66.586754,20.161436, 240.567764, 0.995851
5, 252,0,111.206200, 111.713181, 128.560501, 66.212158,12.704469, 253.212189, 0.995462
5, 252,1,42.792915, 42.805374, 128.560501, 66.212158,12.704469, 253.212189, 0.999709
5, 252,2,188.562057, 187.921082, 128.560501, 66.212158,12.704469, 253.212189, 1.003411
5, 252,3,142.144470, 141.566971, 128.560501, 66.212158,12.704469, 253.212189, 1.004079
5, 252,4,102.844139, 100.823112, 128.560501, 66.212158,12.704469, 253.212189, 1.020045
5, 252,5,138.090652, 138.930817, 128.560501, 66.212158,12.704469, 253.212189, 0.993953
5, 252,6,55.674534, 55.753281, 128.560501, 66.212158,12.704469, 253.212189, 0.998588
5, 252,7,12.704469, 14.145734, 128.560501, 66.212158,12.704469, 253.212189, 0.898113
5, 252,8,251.885040, 251.879547, 128.560501, 66.212158,12.704469, 253.212189, 1.000022
5, 252,9,127.310684, 128.010712, 128.560501, 66.212158,12.704469, 253.212189, 0.994532
5, 252,10,253.212189, 254.237808, 128.560501, 66.212158,12.704469, 253.212189, 0.995966
5, 252,11,104.204437, 104.465652, 128.560501, 66.212158,12.704469, 253.212189, 0.997500
5, 252,12,34.561562, 35.152290, 128.560501, 66.212158,12.704469, 253.212189, 0.983195
5, 252,13,188.658066, 187.155029, 128.560501, 66.212158,12.704469, 253.212189, 1.008031
5, 252,14,182.817017, 181.484680, 128.560501, 66.212158,12.704469, 253.212189, 1.007341
5, 252,15,90.396385, 91.840691, 128.560501, 66.212158,12.704469, 253.212189, 0.984274
5, 252,16,23.335690, 24.014383, 128.560501, 66.212158,12.704469, 253.212189, 0.971738
5, 252,17,131.752029, 131.638245, 128.560501, 66.212158,12.704469, 253.212189, 1.000864
5, 252,18,89.884361, 92.328865, 128.560501, 66.212158,12.704469, 253.212189, 0.973524
5, 252,19,232.728195, 232.840714, 128.560501, 66.212158,12.704469, 253.212189, 0.999517
5, 252,20,202.169708, 200.117950, 128.560501, 66.212158,12.704469, 253.212189, 1.010253
5, 252,21,99.625954, 100.259834, 128.560501, 66.212158,12.704469, 253.212189, 0.993678
5, 252,22,180.542984, 180.485809, 128.560501, 66.212158,12.704469, 253.212189, 1.000317
5, 252,23,207.474335, 207.883682, 128.560501, 66.212158,12.704469, 253.212189, 0.998031
5, 252,24,121.649742, 122.152618, 128.560501, 66.212158,12.704469, 253.212189, 0.995883
5, 252,25,78.274200, 79.831589, 128.560501, 66.212158,12.704469, 253.212189, 0.980492
5, 252,26,188.151443, 190.008972, 128.560501, 66.212158,12.704469, 253.212189, 0.990224
5, 252,27,74.401039, 71.645264, 128.560501, 66.212158,12.704469, 253.212189, 1.038464
5, 252,28,165.591843, 165.998260, 128.560501, 66.212158,12.704469, 253.212189, 0.997552
5, 252,29,151.059738, 153.147995, 128.560501, 66.212158,12.704469, 253.212189, 0.986364
5, 252,30,55.928162, 55.783325, 128.560501, 66.212158,12.704469, 253.212189, 1.002596
5, 252,31,84.301956, 84.976196, 128.560501, 66.212158,12.704469, 253.212189, 0.992066
5, 253,0,220.910370, 221.174438, 128.676193, 66.297585,14.293716, 261.304413, 0.998806
5, 253,1,33.291683, 32.935997, 128.676193, 66.297585,14.293716, 261.304413, 1.010799
5, 253,2,234.030594, 234.928268, 128.676193, 66.297585,14.293716, 261.304413, 0.996179
5, 253,3,22.274130, 20.877106, 128.676193, 66.297585,14.293716, 261.304413, 1.066917
5, 253,4,175.429611, 174.828171, 128.676193, 66.297585,14.293716, 261.304413, 1.003440
5, 253,5,261.304413, 261.347412, 128.676193, 66.297585,14.293716, 261.304413, 0.999835
5, 253,6,214.057022, 213.555023, 128.676193, 66.297585,14.293716, 261.304413, 1.002351
5, 253,7,137.966354, 138.052841, 128.676193, 66.297585,14.293716, 261.304413, 0.999373
5, 253,8,154.045181, 154.240204, 128.676193, 66.297585,14.293716, 261.304413, 0.998736
5, 253,9,152.793015, 152.809631, 128.676193, 66.297585,14.293716, 261.304413, 0.999891
5, 253,10,110.919037, 111.182739, 128.676193, 66.297585,14.293716, 261.304413, 0.997628
5, 253,11,214.914841, 214.946732, 128.676193, 66.297585,14.293716, 261.304413, 0.999852
5, 253,12,60.187016, 61.399960, 128.676193, 66.297585,14.293716, 261.304413, 0.980245
5, 253,13,148.992981, 147.693741, 128.676193, 66.297585,14.293716, 261.304413, 1.008797
5, 253,14,77.221069, 78.201553, 128.676193, 66.297585,14.293716, 261.304413, 0.987462
5, 253,15,98.310776, 99.061646, 128.676193, 66.297585,14.293716, 261.304413, 0.992420
5, 253,16,95.302261, 94.622162, 128.676193, 66.297585,14.293716, 261.304413, 1.007187
5, 253,17,45.898926, 46.339951, 128.676193, 66.297585,14.293716, 261.304413, 0.990483
5, 253,18,165.307770, 164.899612, 128.676193, 66.297585,14.293716, 261.304413, 1.002475
5, 253,19,138.719925, 139.273499, 128.676193, 66.297585,14.293716, 261.304413, 0.996025
5, 253,20,127.584221, 128.505249, 128.676193, 66.297585,14.293716, 261.304413, 0.992833
5, 253,21,136.179306, 136.490082, 128.676193, 66.297585,14.293716, 261.304413, 0.997723
5, 253,22,155.215790, 155.530838, 128.676193, 66.297585,14.293716, 261.304413, 0.997974
5, 253,23,186.073196, 186.747131, 128.676193, 66.297585,14.293716, 261.304413, 0.996391
5, 253,24,68.536667, 67.783165, 128.676193, 66.297585,14.293716, 261.304413, 1.011116
5, 253,25,163.970993, 163.678955, 128.676193, 66.297585,14.293716, 261.304413, 1.001784
5, 253,26,14.293716, 13.988531, 128.676193, 66.297585,14.293716, 261.304413, 1.021817
5, 253,27,73.731377, 73.303352, 128.676193, 66.297585,14.293716, 261.304413, 1.005839
5, 253,28,99.201134, 100.119034, 128.676193, 66.297585,14.293716, 261.304413, 0.990832
5, 253,29,132.621582, 133.263489, 128.676193, 66.297585,14.293716, 261.304413, 0.995183
5, 253,30,183.948120, 184.577927, 128.676193, 66.297585,14.293716, 261.304413, 0.996588
5, 253,31,14.404680, 14.641624, 128.676193, 66.297585,14.293716, 261.304413, 0.983817
5, 254,0,156.358856, 156.608780, 129.024506, 74.800133,15.409670, 256.659698, 0.998404
5, 254,1,183.251801, 183.035263, 129.024506, 74.800133,15.409670, 256.659698, 1.001183
5, 254,2,100.212891, 100.876266, 129.024506, 74.800133,15.409670, 256.659698, 0.993424
5, 254,3,23.216623, 22.938608, 129.024506, 74.800133,15.409670, 256.659698, 1.012120
5, 254,4,44.398548, 43.770630, 129.024506, 74.800133,15.409670, 256.659698, 1.014346
5, 254,5,193.255646, 193.776886, 129.024506, 74.800133,15.409670, 256.659698, 0.997310
5, 254,6,256.659698, 257.088989, 129.024506, 74.800133,15.409670, 256.659698, 0.998330
5, 254,7,87.275017, 88.243668, 129.024506, 74.800133,15.409670, 256.659698, 0.989023
5, 254,8,90.282578, 90.519096, 129.024506, 74.800133,15.409670, 256.659698, 0.997387
5, 254,9,220.150497, 219.913025, 129.024506, 74.800133,15.409670, 256.659698, 1.001080
5, 254,10,81.413277, 81.770439, 129.024506, 74.800133,15.409670, 256.659698, 0.995632
5, 254,11,214.118118, 212.443314, 129.024506, 74.800133,15.409670, 256.659698, 1.007884
5, 254,12,172.595779, 172.442688, 129.024506, 74.800133,15.409670, 256.659698, 1.000888
5, 254,13,91.449074, 91.484207, 129.024506, 74.800133,15.409670, 256.659698, 0.999616
5, 254,14,44.671505, 43.260620, 129.024506, 74.800133,15.409670, 256.659698, 1.032614
5, 254,15,15.409670, 15.076580, 129.024506, 74.800133,15.409670, 256.659698, 1.022093
5, 254,16,27.666767, 28.493814, 129.024506, 74.800133,15.409670, 256.659698, 0.970975
5, 254,17,44.024612, 42.366135, 129.024506, 74.800133,15.409670, 256.659698, 1.039146
5, 254,18,189.156113, 187.743042, 129.024506, 74.800133,15.409670, 256.659698, 1.007527
5, 254,19,71.455933, 70.801254, 129.024506, 74.800133,15.409670, 256.659698, 1.009247
5, 254,20,38.568790, 37.383713, 129.024506, 74.800133,15.409670, 256.659698, 1.031700
5, 254,21,213.053528, 213.078857, 129.024506, 74.800133,15.409670, 256.659698, 0.999881
5, 254,22,246.981354, 248.991531, 129.024506, 74.800133,15.409670, 256.659698, 0.991927
5, 254,23,69.074120, 69.639999, 129.024506, 74.800133,15.409670, 256.659698, 0.991874
5, 254,24,214.625137, 212.772858, 129.024506, 74.800133,15.409670, 256.659698, 1.008705
5, 254,25,99.789993, 97.753426, 129.024506, 74.800133,15.409670, 256.659698, 1.020834
5, 254,26,181.063400, 182.470306, 129.024506, 74.800133,15.409670, 256.659698, 0.992290
5, 254,27,76.896965, 74.999046, 129.024506, 74.800133,15.409670, 256.659698, 1.025306
5, 254,28,189.797791, 189.241699, 129.024506, 74.800133,15.409670, 256.659698, 1.002939
5, 254,29,161.361282, 161.049820, 129.024506, 74.800133,15.409670, 256.659698, 1.001934
5, 254,30,103.581337, 103.340019, 129.024506, 74.800133,15.409670, 256.659698, 1.002335
5, 254,31,226.967178, 227.625977, 129.024506, 74.800133,15.409670, 256.659698, 0.997106
5, 255,0,12.807590, 14.058016, 128.728760, 67.655792,12.807590, 253.535492, 0.911053
5, 255,1,253.535492, 254.968857, 128.728760, 67.655792,12.807590, 253.535492, 0.994378
5, 255,2,24.063433, 21.602919, 128.728760, 67.655792,12.807590, 253.535492, 1.113897
5, 255,3,28.035450, 27.351774, 128.728760, 67.655792,12.807590, 253.535492, 1.024996
5, 255,4,143.164856, 141.314362, 128.728760, 67.655792,12.807590, 253.535492, 1.013095
5, 255,5,214.700089, 213.163788, 128.728760, 67.655792,12.807590, 253.535492, 1.007207
5, 255,6,150.851242, 151.031052, 128.728760, 67.655792,12.807590, 253.535492, 0.998809
5, 255,7,248.829437, 248.851776, 128.728760, 67.655792,12.807590, 253.535492, 0.999910
5, 255,8,214.829544, 214.283508, 128.728760, 67.655792,12.807590, 253.535492, 1.002548
5, 255,9,177.327591, 177.475800, 128.728760, 67.655792,12.807590, 253.535492, 0.999165
5, 255,10,155.432434, 155.239365, 128.728760, 67.655792,12.807590, 253.535492, 1.001244
5, 255,11,187.827408, 189.371796, 128.728760, 67.655792,12.807590, 253.535492, 0.991845
5, 255,12,121.548073, 122.053833, 128.728760, 67.655792,12.807590, 253.535492, 0.995856
5, 255,13,37.367428, 37.316452, 128.728760, 67.655792,12.807590, 253.535492, 1.001366
5, 255,14,95.370560, 95.323532, 128.728760, 67.655792,12.807590, 253.535492, 1.000493
5, 255,15,106.857567, 108.226509, 128.728760, 67.655792,12.807590, 253.535492, 0.987351
5, 255,16,97.975571, 98.284378, 128.728760, 67.655792,12.807590, 253.535492, 0.996858
5, 255,17,120.944695, 120.114998, 128.728760, 67.655792,12.807590, 253.535492, 1.006907
5, 255,18,211.846725, 213.141235, 128.728760, 67.655792,12.807590, 253.535492, 0.993927
5, 255,19,161.522629, 162.979660, 128.728760, 67.655792,12.807590, 253.535492, 0.991060
5, 255,20,100.275856, 98.863029, 128.728760, 67.655792,12.807590, 253.535492, 1.014291
5, 255,21,136.299347, 134.085098, 128.728760, 67.655792,12.807590, 253.535492, 1.016514
5, 255,22,71.292999, 70.667328, 128.728760, 67.655792,12.807590, 253.535492, 1.008854
5, 255,23,67.634018, 67.225525, 128.728760, 67.655792,12.807590, 253.535492, 1.006076
5, 255,24,242.695068, 243.974640, 128.728760, 67.655792,12.807590, 253.535492, 0.994755
5, 255,25,88.705521, 89.183899, 128.728760, 67.655792,12.807590, 253.535492, 0.994636
5, 255,26,127.541031, 127.314224, 128.728760, 67.655792,12.807590, 253.535492, 1.001781
5, 255,27,53.636810, 53.052536, 128.728760, 67.655792,12.807590, 253.535492, 1.011013
5, 255,28,54.689587, 54.322548, 128.728760, 67.655792,12.807590, 253.535492, 1.006757
5, 255,29,156.001923, 156.546967, 128.728760, 67.655792,12.807590, 253.535492, 0.996518
5, 255,30,96.563736, 99.201195, 128.728760, 67.655792,12.807590, 253.535492, 0.973413
5, 255,31,159.146271, 160.409592, 128.728760, 67.655792,12.807590, 253.535492, 0.992124
5, 256,0,221.095016, 219.700928, 128.501633, 72.190193,17.857002, 225.698761, 1.006345
5, 256,1,217.973068, 218.854843, 128.501633, 72.190193,17.857002, 225.698761, 0.995971
5, 256,2,127.267220, 127.148880, 128.501633, 72.190193,17.857002, 225.698761, 1.000931
5, 256,3,151.512665, 152.430634, 128.501633, 72.190193,17.857002, 225.698761, 0.993978
5, 256,4,112.541260, 113.463837, 128.501633, 72.190193,17.857002, 225.698761, 0.991869
5, 256,5,167.262711, 167.331100, 128.501633, 72.190193,17.857002, 225.698761, 0.999591
5, 256,6,161.827148, 162.033020, 128.501633, 72.190193,17.857002, 225.698761, 0.998729
5, 256,7,136.143402, 137.382446, 128.501633, 72.190193,17.857002, 225.698761, 0.990981
5, 256,8,35.839771, 38.034882, 128.501633, 72.190193,17.857002, 225.698761, 0.942287
5, 256,9,90.732506, 90.458435, 128.501633, 72.190193,17.857002, 225.698761, 1.003030
5, 256,10,214.315674, 216.135300, 128.501633, 72.190193,17.857002, 225.698761, 0.991581
5, 256,11,20.781008, 22.013031, 128.501633, 72.190193,17.857002, 225.698761, 0.944032
5, 256,12,149.184860, 150.939926, 128.501633, 72.190193,17.857002, 225.698761, 0.988372
5, 256,13,67.532913, 68.433426, 128.501633, 72.190193,17.857002, 225.698761, 0.986841
5, 256,14,41.174263, 40.814873, 128.501633, 72.190193,17.857002, 225.698761, 1.008805
5, 256,15,25.155548, 26.324026, 128.501633, 72.190193,17.857002, 225.698761, 0.955612
5, 256,16,161.339310, 159.723068, 128.501633, 72.190193,17.857002, 225.698761, 1.010119
5, 256,17,203.786987, 206.036011, 128.501633, 72.190193,17.857002, 225.698761, 0.989084
5, 256,18,210.708237, 209.272629, 128.501633, 72.190193,17.857002, 225.698761, 1.006860
5, 256,19,60.310410, 58.743767, 128.501633, 72.190193,17.857002, 225.698761, 1.026669
5, 256,20,186.831009, 185.770325, 128.501633, 72.190193,17.857002, 225.698761, 1.005710
5, 256,21,50.202152, 48.953381, 128.501633, 72.190193,17.857002, 225.698761, 1.025509
5, 256,22,45.164593, 44.494659, 128.501633, 72.190193,17.857002, 225.698761, 1.015056
5, 256,23,17.857002, 18.810005, 128.501633, 72.190193,17.857002, 225.698761, 0.949335
5, 256,24,213.497192, 213.832062, 128.501633, 72.190193,17.857002, 225.698761, 0.998434
5, 256,25,43.013710, 42.728630, 128.501633, 72.190193,17.857002, 225.698761, 1.006672
5, 256,26,199.689484, 201.053543, 128.501633, 72.190193,17.857002, 225.698761, 0.993215
5, 256,27,220.434250, 220.620880, 128.501633, 72.190193,17.857002, 225.698761, 0.999154
5, 256,28,59.086933, 59.381687, 128.501633, 72.190193,17.857002, 225.698761, 0.995036
5, 256,29,117.703781, 117.882263, 128.501633, 72.190193,17.857002, 225.698761, 0.998486
5, 256,30,225.698761, 226.059982, 128.501633, 72.190193,17.857002, 225.698761, 0.998402
5, 256,31,156.389557, 156.137283, 128.501633, 72.190193,17.857002, 225.698761, 1.001616
5, 257,0,147.734497, 148.394058, 128.378860, 68.924431,13.101498, 238.304321, 0.995555
5, 257,1,61.551117, 61.148682, 128.378860, 68.924431,13.101498, 238.304321, 1.006581
5, 257,2,18.439123, 18.283396, 128.378860, 68.924431,13.101498, 238.304321, 1.008517
5, 257,3,92.896965, 96.262596, 128.378860, 68.924431,13.101498, 238.304321, 0.965037
5, 257,4,123.444344, 122.797539, 128.378860, 68.924431,13.101498, 238.304321, 1.005267
5, 257,5,24.728571, 25.421453, 128.378860, 68.924431,13.101498, 238.304321, 0.972744
5, 257,6,137.680984, 138.049042, 128.378860, 68.924431,13.101498, 238.304321, 0.997334
5, 257,7,188.897400, 189.618912, 128.378860, 68.924431,13.101498, 238.304321, 0.996195
5, 257,8,162.853134, 161.288361, 128.378860, 68.924431,13.101498, 238.304321, 1.009702
5, 257,9,219.860168, 220.277084, 128.378860, 68.924431,13.101498, 238.304321, 0.998107
5, 257,10,151.602417, 151.423660, 128.378860, 68.924431,13.101498, 238.304321, 1.001181
5, 257,11,60.333755, 64.274353, 128.378860, 68.924431,13.101498, 238.304321, 0.938691
5, 257,12,24.351757, 25.377117, 128.378860, 68.924431,13.101498, 238.304321, 0.959595
5, 257,13,107.095718, 108.070686, 128.378860, 68.924431,13.101498, 238.304321, 0.990978
5, 257,14,223.562454, 224.814102, 128.378860, 68.924431,13.101498, 238.304321, 0.994433
5, 257,15,50.921429, 49.724831, 128.378860, 68.924431,13.101498, 238.304321, 1.024064
5, 257,16,234.401230, 235.794586, 128.378860, 68.924431,13.101498, 238.304321, 0.994091
5, 257,17,13.101498, 15.527190, 128.378860, 68.924431,13.101498, 238.304321, 0.843778
5, 257,18,127.458061, 127.755760, 128.378860, 68.924431,13.101498, 238.304321, 0.997670
5, 257,19,161.448441, 162.138138, 128.378860, 68.924431,13.101498, 238.304321, 0.995746
5, 257,20,227.428436, 227.230408, 128.378860, 68.924431,13.101498, 238.304321, 1.000872
5, 257,21,161.373108, 162.248962, 128.378860, 68.924431,13.101498, 238.304321, 0.994602
5, 257,22,120.796509, 119.435417, 128.378860, 68.924431,13.101498, 238.304321, 1.011396
5, 257,23,137.667999, 138.595856, 128.378860, 68.924431,13.101498, 238.304321, 0.993305
5, 257,24,91.526459, 91.984200, 128.378860, 68.924431,13.101498, 238.304321, 0.995024
5, 257,25,60.500000, 60.550148, 128.378860, 68.924431,13.101498, 238.304321, 0.999172
5, 257,26,238.304321, 237.235504, 128.378860, 68.924431,13.101498, 238.304321, 1.004505
5, 257,27,150.291504, 148.940872, 128.378860, 68.924431,13.101498, 238.304321, 1.009068
5, 257,28,47.012321, 48.446487, 128.378860, 68.924431,13.101498, 238.304321, 0.970397
5, 257,29,140.678497, 140.258423, 128.378860, 68.924431,13.101498, 238.304321, 1.002995
5, 257,30,175.088791, 174.020111, 128.378860, 68.924431,13.101498, 238.304321, 1.006141
5, 257,31,225.092957, 225.612152, 128.378860, 68.924431,13.101498, 238.304321, 0.997699
5, 258,0,137.261169, 136.631195, 128.830246, 77.986732,17.856596, 269.694061, 1.004611
5, 258,1,74.144638, 73.924164, 128.830246, 77.986732,17.856596, 269.694061, 1.002982
5, 258,2,127.135056, 126.852997, 128.830246, 77.986732,17.856596, 269.694061, 1.002223
5, 258,3,226.383163, 226.666153, 128.830246, 77.986732,17.856596, 269.694061, 0.998752
5, 258,4,266.740295, 266.042053, 128.830246, 77.986732,17.856596, 269.694061, 1.002625
5, 258,5,234.059265, 234.001846, 128.830246, 77.986732,17.856596, 269.694061, 1.000245
5, 258,6,133.370300, 132.815308, 128.830246, 77.986732,17.856596, 269.694061, 1.004179
5, 258,7,171.640427, 171.804688, 128.830246, 77.986732,17.856596, 269.694061, 0.999044
5, 258,8,48.915749, 49.425247, 128.830246, 77.986732,17.856596, 269.694061, 0.989692
5, 258,9,269.694061, 270.063507, 128.830246, 77.986732,17.856596, 269.694061, 0.998632
5, 258,10,131.269440, 131.746216, 128.830246, 77.986732,17.856596, 269.694061, 0.996381
5, 258,11,205.946457, 205.802185, 128.830246, 77.986732,17.856596, 269.694061, 1.000701
5, 258,12,146.817459, 146.195557, 128.830246, 77.986732,17.856596, 269.694061, 1.004254
5, 258,13,128.356247, 127.198402, 128.830246, 77.986732,17.856596, 269.694061, 1.009103
5, 258,14,42.526005, 42.714561, 128.830246, 77.986732,17.856596, 269.694061, 0.995586
5, 258,15,95.796928, 95.742096, 128.830246, 77.986732,17.856596, 269.694061, 1.000573
5, 258,16,122.400566, 122.025597, 128.830246, 77.986732,17.856596, 269.694061, 1.003073
5, 258,17,61.022842, 61.144264, 128.830246, 77.986732,17.856596, 269.694061, 0.998014
5, 258,18,218.631470, 219.190643, 128.830246, 77.986732,17.856596, 269.694061, 0.997449
5, 258,19,136.256470, 135.052200, 128.830246, 77.986732,17.856596, 269.694061, 1.008917
5, 258,20,20.316122, 20.485439, 128.830246, 77.986732,17.856596, 269.694061, 0.991735
5, 258,21,269.317078, 268.698364, 128.830246, 77.986732,17.856596, 269.694061, 1.002303
5, 258,22,30.837915, 31.431412, 128.830246, 77.986732,17.856596, 269.694061, 0.981118
5, 258,23,39.447071, 40.469448, 128.830246, 77.986732,17.856596, 269.694061, 0.974737
5, 258,24,68.090660, 67.797379, 128.830246, 77.986732,17.856596, 269.694061, 1.004326
5, 258,25,190.565033, 190.267288, 128.830246, 77.986732,17.856596, 269.694061, 1.001565
5, 258,26,127.743546, 127.297096, 128.830246, 77.986732,17.856596, 269.694061, 1.003507
5, 258,27,17.856596, 18.018276, 128.830246, 77.986732,17.856596, 269.694061, 0.991027
5, 258,28,68.363358, 68.660889, 128.830246, 77.986732,17.856596, 269.694061, 0.995667
5, 258,29,86.624641, 86.597145, 128.830246, 77.986732,17.856596, 269.694061, 1.000318
5, 258,30,24.999817, 26.233925, 128.830246, 77.986732,17.856596, 269.694061, 0.952958
5, 258,31,200.037674, 200.004349, 128.830246, 77.986732,17.856596, 269.694061, 1.000167
5, 259,0,156.240967, 156.760361, 128.636612, 60.863594,21.340977, 234.601212, 0.996687
5, 259,1,69.496407, 69.558311, 128.636612, 60.863594,21.340977, 234.601212, 0.999110
5, 259,2,70.238945, 70.299866, 128.636612, 60.863594,21.340977, 234.601212, 0.999133
5, 259,3,150.979980, 151.425247, 128.636612, 60.863594,21.340977, 234.601212, 0.997060
5, 259,4,67.496002, 68.322380, 128.636612, 60.863594,21.340977, 234.601212, 0.987905
5, 259,5,68.135559, 68.301781, 128.636612, 60.863594,21.340977, 234.601212, 0.997566
5, 259,6,234.601212, 234.404541, 128.636612, 60.863594,21.340977, 234.601212, 1.000839
5, 259,7,196.425201, 196.275940, 128.636612, 60.863594,21.340977, 234.601212, 1.000760
5, 259,8,218.050491, 217.568344, 128.636612, 60.863594,21.340977, 234.601212, 1.002216
5, 259,9,57.485397, 58.009193, 128.636612, 60.863594,21.340977, 234.601212, 0.990970
5, 259,10,35.951935, 36.167480, 128.636612, 60.863594,21.340977, 234.601212, 0.994040
5, 259,11,29.021833, 28.587082, 128.636612, 60.863594,21.340977, 234.601212, 1.015208
5, 259,12,156.584442, 157.151749, 128.636612, 60.863594,21.340977, 234.601212, 0.996390
5, 259,13,131.987625, 131.931808, 128.636612, 60.863594,21.340977, 234.601212, 1.000423
5, 259,14,130.167282, 129.775818, 128.636612, 60.863594,21.340977, 234.601212, 1.003016
5, 259,15,171.780762, 171.413055, 128.636612, 60.863594,21.340977, 234.601212, 1.002145
5, 259,16,197.962585, 198.404510, 128.636612, 60.863594,21.340977, 234.601212, 0.997773
5, 259,17,125.903290, 126.994942, 128.636612, 60.863594,21.340977, 234.601212, 0.991404
5, 259,18,153.410599, 154.219833, 128.636612, 60.863594,21.340977, 234.601212, 0.994753
5, 259,19,95.673714, 95.993576, 128.636612, 60.863594,21.340977, 234.601212, 0.996668
5, 259,20,125.924263, 125.511826, 128.636612, 60.863594,21.340977, 234.601212, 1.003286
5, 259,21,134.872726, 134.362488, 128.636612, 60.863594,21.340977, 234.601212, 1.003798
5, 259,22,42.516582, 42.209827, 128.636612, 60.863594,21.340977, 234.601212, 1.007267
5, 259,23,173.303131, 173.047241, 128.636612, 60.863594,21.340977, 234.601212, 1.001479
5, 259,24,231.543152, 232.255371, 128.636612, 60.863594,21.340977, 234.601212, 0.996933
5, 259,25,116.864922, 117.478249, 128.636612, 60.863594,21.340977, 234.601212, 0.994779
5, 259,26,181.660370, 181.719376, 128.636612, 60.863594,21.340977, 234.601212, 0.999675
5, 259,27,91.981918, 91.317627, 128.636612, 60.863594,21.340977, 234.601212, 1.007275
5, 259,28,133.087418, 131.952423, 128.636612, 60.863594,21.340977, 234.601212, 1.008602
5, 259,29,134.618454, 135.213898, 128.636612, 60.863594,21.340977, 234.601212, 0.995596
5, 259,30,211.062790, 212.109650, 128.636612, 60.863594,21.340977, 234.601212, 0.995065
5, 259,31,21.340977, 22.256351, 128.636612, 60.863594,21.340977, 234.601212, 0.958871
5, 260,0,124.481270, 125.157257, 128.680161, 65.174812,25.030407, 221.546265, 0.994599
5, 260,1,77.750328, 78.014259, 128.680161, 65.174812,25.030407, 221.546265, 0.996617
5, 260,2,170.863647, 169.105133, 128.680161, 65.174812,25.030407, 221.546265, 1.010399
5, 260,3,118.985878, 118.620872, 128.680161, 65.174812,25.030407, 221.546265, 1.003077
5, 260,4,148.220245, 148.333511, 128.680161, 65.174812,25.030407, 221.546265, 0.999236
5, 260,5,200.295303, 199.382401, 128.680161, 65.174812,25.030407, 221.546265, 1.004579
5, 260,6,191.323730, 191.869537, 128.680161, 65.174812,25.030407, 221.546265, 0.997155
5, 260,7,147.535233, 146.825623, 128.680161, 65.174812,25.030407, 221.546265, 1.004833
5, 260,8,138.746002, 138.535568, 128.680161, 65.174812,25.030407, 221.546265, 1.001519
5, 260,9,217.262695, 217.330887, 128.680161, 65.174812,25.030407, 221.546265, 0.999686
5, 260,10,184.228592, 186.382706, 128.680161, 65.174812,25.030407, 221.546265, 0.988443
5, 260,11,192.530609, 193.775986, 128.680161, 65.174812,25.030407, 221.546265, 0.993573
5, 260,12,33.323681, 32.492065, 128.680161, 65.174812,25.030407, 221.546265, 1.025594
5, 260,13,52.674728, 52.253998, 128.680161, 65.174812,25.030407, 221.546265, 1.008052
5, 260,14,221.186966, 220.266953, 128.680161, 65.174812,25.030407, 221.546265, 1.004177
5, 260,15,25.866346, 26.088537, 128.680161, 65.174812,25.030407, 221.546265, 0.991483
5, 260,16,76.912399, 77.682121, 128.680161, 65.174812,25.030407, 221.546265, 0.990091
5, 260,17,209.618332, 210.874222, 128.680161, 65.174812,25.030407, 221.546265, 0.994044
5, 260,18,140.937347, 141.066437, 128.680161, 65.174812,25.030407, 221.546265, 0.999085
5, 260,19,25.408394, 24.713505, 128.680161, 65.174812,25.030407, 221.546265, 1.028118
5, 260,20,122.030945, 122.360687, 128.680161, 65.174812,25.030407, 221.546265, 0.997305
5, 260,21,25.030407, 25.311344, 128.680161, 65.174812,25.030407, 221.546265, 0.988901
5, 260,22,207.930618, 206.529907, 128.680161, 65.174812,25.030407, 221.546265, 1.006782
5, 260,23,192.311615, 191.935974, 128.680161, 65.174812,25.030407, 221.546265, 1.001957
5, 260,24,120.377510, 118.554451, 128.680161, 65.174812,25.030407, 221.546265, 1.015377
5, 260,25,88.143776, 89.406425, 128.680161, 65.174812,25.030407, 221.546265, 0.985877
5, 260,26,221.546265, 223.980179, 128.680161, 65.174812,25.030407, 221.546265, 0.989133
5, 260,27,148.634827, 148.526154, 128.680161, 65.174812,25.030407, 221.546265, 1.000732
5, 260,28,48.820194, 48.932663, 128.680161, 65.174812,25.030407, 221.546265, 0.997702
5, 260,29,109.645737, 110.875526, 128.680161, 65.174812,25.030407, 221.546265, 0.988908
5, 260,30,34.477474, 35.162418, 128.680161, 65.174812,25.030407, 221.546265, 0.980521
5, 260,31,100.663826, 100.652451, 128.680161, 65.174812,25.030407, 221.546265, 1.000113
5, 261,0,224.411118, 224.996994, 128.876358, 67.886986,30.253098, 243.490891, 0.997396
5, 261,1,52.466053, 52.348221, 128.876358, 67.886986,30.253098, 243.490891, 1.002251
5, 261,2,166.300903, 167.643005, 128.876358, 67.886986,30.253098, 243.490891, 0.991994
5, 261,3,36.219269, 37.177856, 128.876358, 67.886986,30.253098, 243.490891, 0.974216
5, 261,4,64.342888, 63.403980, 128.876358, 67.886986,30.253098, 243.490891, 1.014808
5, 261,5,118.380112, 119.734695, 128.876358, 67.886986,30.253098, 243.490891, 0.988687
5, 261,6,201.562347, 199.558014, 128.876358, 67.886986,30.253098, 243.490891, 1.010044
5, 261,7,183.597427, 183.070984, 128.876358, 67.886986,30.253098, 243.490891, 1.002876
5, 261,8,55.796413, 55.353672, 128.876358, 67.886986,30.253098, 243.490891, 1.007998
5, 261,9,82.023232, 81.014488, 128.876358, 67.886986,30.253098, 243.490891, 1.012451
5, 261,10,109.456779, 109.136917, 128.876358, 67.886986,30.253098, 243.490891, 1.002931
5, 261,11,149.659515, 149.481506, 128.876358, 67.886986,30.253098, 243.490891, 1.001191
5, 261,12,91.986359, 92.914635, 128.876358, 67.886986,30.253098, 243.490891, 0.990009
5, 261,13,42.197586, 43.002701, 128.876358, 67.886986,30.253098, 243.490891, 0.981278
5, 261,14,109.397163, 109.551956, 128.876358, 67.886986,30.253098, 243.490891, 0.998587
5, 261,15,157.515030, 157.996948, 128.876358, 67.886986,30.253098, 243.490891, 0.996950
5, 261,16,92.418243, 93.537193, 128.876358, 67.886986,30.253098, 243.490891, 0.988037
5, 261,17,31.908463, 30.880722, 128.876358, 67.886986,30.253098, 243.490891, 1.033281
5, 261,18,205.555618, 206.427612, 128.876358, 67.886986,30.253098, 243.490891, 0.995776
5, 261,19,66.308472, 65.421928, 128.876358, 67.886986,30.253098, 243.490891, 1.013551
5, 261,20,44.813801, 44.963398, 128.876358, 67.886986,30.253098, 243.490891, 0.996673
5, 261,21,116.895401, 117.258781, 128.876358, 67.886986,30.253098, 243.490891, 0.996901
5, 261,22,192.309235, 191.722382, 128.876358, 67.886986,30.253098, 243.490891, 1.003061
5, 261,23,114.959480, 115.004700, 128.876358, 67.886986,30.253098, 243.490891, 0.999607
5, 261,24,243.490891, 242.965317, 128.876358, 67.886986,30.253098, 243.490891, 1.002163
5, 261,25,208.188675, 207.257706, 128.876358, 67.886986,30.253098, 243.490891, 1.004492
5, 261,26,199.321030, 200.373795, 128.876358, 67.886986,30.253098, 243.490891, 0.994746
5, 261,27,233.217270, 233.612640, 128.876358, 67.886986,30.253098, 243.490891, 0.998308
5, 261,28,30.253098, 29.149010, 128.876358, 67.886986,30.253098, 243.490891, 1.037877
5, 261,29,104.327782, 102.596481, 128.876358, 67.886986,30.253098, 243.490891, 1.016875
5, 261,30,197.583435, 195.829834, 128.876358, 67.886986,30.253098, 243.490891, 1.008955
5, 261,31,197.180130, 197.611633, 128.876358, 67.886986,30.253098, 243.490891, 0.997816
5, 262,0,21.569740, 21.734167, 128.695801, 89.698654,16.785538, 297.026581, 0.992435
5, 262,1,144.406784, 146.571625, 128.695801, 89.698654,16.785538, 297.026581, 0.985230
5, 262,2,190.811615, 191.389114, 128.695801, 89.698654,16.785538, 297.026581, 0.996983
5, 262,3,73.375969, 73.936401, 128.695801, 89.698654,16.785538, 297.026581, 0.992420
5, 262,4,37.560722, 37.549377, 128.695801, 89.698654,16.785538, 297.026581, 1.000302
5, 262,5,50.820839, 51.883942, 128.695801, 89.698654,16.785538, 297.026581, 0.979510
5, 262,6,286.483154, 286.058289, 128.695801, 89.698654,16.785538, 297.026581, 1.001485
5, 262,7,138.461166, 138.335495, 128.695801, 89.698654,16.785538, 297.026581, 1.000908
5, 262,8,62.780453, 64.811882, 128.695801, 89.698654,16.785538, 297.026581, 0.968657
5, 262,9,61.225746, 60.323658, 128.695801, 89.698654,16.785538, 297.026581, 1.014954
5, 262,10,161.734604, 161.267090, 128.695801, 89.698654,16.785538, 297.026581, 1.002899
5, 262,11,297.026581, 297.699921, 128.695801, 89.698654,16.785538, 297.026581, 0.997738
5, 262,12,257.604187, 256.019592, 128.695801, 89.698654,16.785538, 297.026581, 1.006189
5, 262,13,133.965317, 135.031799, 128.695801, 89.698654,16.785538, 297.026581, 0.992102
5, 262,14,30.827951, 30.146120, 128.695801, 89.698654,16.785538, 297.026581, 1.022618
5, 262,15,59.654072, 59.648106, 128.695801, 89.698654,16.785538, 297.026581, 1.000100
5, 262,16,283.937134, 282.708313, 128.695801, 89.698654,16.785538, 297.026581, 1.004347
5, 262,17,159.461212, 158.749985, 128.695801, 89.698654,16.785538, 297.026581, 1.004480
5, 262,18,65.425240, 65.182053, 128.695801, 89.698654,16.785538, 297.026581, 1.003731
5, 262,19,202.524887, 202.771622, 128.695801, 89.698654,16.785538, 297.026581, 0.998783
5, 262,20,138.704788, 137.419357, 128.695801, 89.698654,16.785538, 297.026581, 1.009354
5, 262,21,294.859161, 294.969971, 128.695801, 89.698654,16.785538, 297.026581, 0.999624
5, 262,22,110.086258, 110.665825, 128.695801, 89.698654,16.785538, 297.026581, 0.994763
5, 262,23,37.049931, 38.224926, 128.695801, 89.698654,16.785538, 297.026581, 0.969261
5, 262,24,49.488895, 47.839912, 128.695801, 89.698654,16.785538, 297.026581, 1.034469
5, 262,25,70.759880, 70.419853, 128.695801, 89.698654,16.785538, 297.026581, 1.004829
5, 262,26,198.911392, 198.912674, 128.695801, 89.698654,16.785538, 297.026581, 0.999994
5, 262,27,144.824203, 144.396927, 128.695801, 89.698654,16.785538, 297.026581, 1.002959
5, 262,28,41.713379, 43.342426, 128.695801, 89.698654,16.785538, 297.026581, 0.962415
5, 262,29,16.785538, 16.681442, 128.695801, 89.698654,16.785538, 297.026581, 1.006240
5, 262,30,59.638939, 60.203354, 128.695801, 89.698654,16.785538, 297.026581, 0.990625
5, 262,31,235.785721, 236.104813, 128.695801, 89.698654,16.785538, 297.026581, 0.998649
5, 263,0,165.140259, 165.059311, 128.921295, 73.969048,17.320910, 299.698883, 1.000490
5, 263,1,152.704910, 153.436874, 128.921295, 73.969048,17.320910, 299.698883, 0.995230
5, 263,2,209.195328, 208.693192, 128.921295, 73.969048,17.320910, 299.698883, 1.002406
5, 263,3,173.974670, 171.927948, 128.921295, 73.969048,17.320910, 299.698883, 1.011904
5, 263,4,63.467651, 65.075562, 128.921295, 73.969048,17.320910, 299.698883, 0.975292
5, 263,5,84.264793, 83.132828, 128.921295, 73.969048,17.320910, 299.698883, 1.013616
5, 263,6,96.066811, 96.490501, 128.921295, 73.969048,17.320910, 299.698883, 0.995609
5, 263,7,153.256500, 152.759048, 128.921295, 73.969048,17.320910, 299.698883, 1.003256
5, 263,8,132.311523, 130.887878, 128.921295, 73.969048,17.320910, 299.698883, 1.010877
5, 263,9,76.419380, 76.544365, 128.921295, 73.969048,17.320910, 299.698883, 0.998367
5, 263,10,82.043625, 81.036095, 128.921295, 73.969048,17.320910, 299.698883, 1.012433
5, 263,11,174.794800, 173.419159, 128.921295, 73.969048,17.320910, 299.698883, 1.007932
5, 263,12,242.784348, 243.714157, 128.921295, 73.969048,17.320910, 299.698883, 0.996185
5, 263,13,106.352516, 104.949760, 128.921295, 73.969048,17.320910, 299.698883, 1.013366
5, 263,14,70.418617, 71.112732, 128.921295, 73.969048,17.320910, 299.698883, 0.990239
5, 263,15,299.698883, 299.512756, 128.921295, 73.969048,17.320910, 299.698883, 1.000621
5, 263,16,92.481636, 90.670250, 128.921295, 73.969048,17.320910, 299.698883, 1.019978
5, 263,17,122.356216, 122.663605, 128.921295, 73.969048,17.320910, 299.698883, 0.997494
5, 263,18,46.979759, 47.126751, 128.921295, 73.969048,17.320910, 299.698883, 0.996881
5, 263,19,22.989670, 23.122698, 128.921295, 73.969048,17.320910, 299.698883, 0.994247
5, 263,20,81.413300, 82.174835, 128.921295, 73.969048,17.320910, 299.698883, 0.990733
5, 263,21,19.795099, 17.239174, 128.921295, 73.969048,17.320910, 299.698883, 1.148263
5, 263,22,100.593529, 99.608505, 128.921295, 73.969048,17.320910, 299.698883, 1.009889
5, 263,23,257.012054, 257.388153, 128.921295, 73.969048,17.320910, 299.698883, 0.998539
5, 263,24,291.363525, 291.758423, 128.921295, 73.969048,17.320910, 299.698883, 0.998646
5, 263,25,160.539337, 161.706329, 128.921295, 73.969048,17.320910, 299.698883, 0.992783
5, 263,26,141.971130, 142.049408, 128.921295, 73.969048,17.320910, 299.698883, 0.999449
5, 263,27,90.085365, 88.925980, 128.921295, 73.969048,17.320910, 299.698883, 1.013038
5, 263,28,17.320910, 18.784615, 128.921295, 73.969048,17.320910, 299.698883, 0.922080
5, 263,29,97.179802, 98.026909, 128.921295, 73.969048,17.320910, 299.698883, 0.991358
5, 263,30,195.315125, 195.868713, 128.921295, 73.969048,17.320910, 299.698883, 0.997174
5, 263,31,105.190254, 106.133698, 128.921295, 73.969048,17.320910, 299.698883, 0.991111
5, 264,0,104.797035, 103.710197, 129.129974, 59.786728,29.551779, 233.938599, 1.010480
5, 264,1,111.152512, 108.143814, 129.129974, 59.786728,29.551779, 233.938599, 1.027821
5, 264,2,173.797684, 173.277924, 129.129974, 59.786728,29.551779, 233.938599, 1.003000
5, 264,3,220.828125, 221.345062, 129.129974, 59.786728,29.551779, 233.938599, 0.997665
5, 264,4,99.425835, 97.625397, 129.129974, 59.786728,29.551779, 233.938599, 1.018442
5, 264,5,110.312187, 111.790482, 129.129974, 59.786728,29.551779, 233.938599, 0.986776
5, 264,6,68.273102, 69.934624, 129.129974, 59.786728,29.551779, 233.938599, 0.976242
5, 264,7,66.102280, 66.175529, 129.129974, 59.786728,29.551779, 233.938599, 0.998893
5, 264,8,43.761444, 41.709839, 129.129974, 59.786728,29.551779, 233.938599, 1.049188
5, 264,9,225.109955, 227.169891, 129.129974, 59.786728,29.551779, 233.938599, 0.990932
5, 264,10,124.745201, 125.941521, 129.129974, 59.786728,29.551779, 233.938599, 0.990501
5, 264,11,29.551779, 28.654913, 129.129974, 59.786728,29.551779, 233.938599, 1.031299
5, 264,12,125.539978, 126.552803, 129.129974, 59.786728,29.551779, 233.938599, 0.991997
5, 264,13,116.032280, 115.598755, 129.129974, 59.786728,29.551779, 233.938599, 1.003750
5, 264,14,81.579773, 82.596069, 129.129974, 59.786728,29.551779, 233.938599, 0.987696
5, 264,15,221.158066, 219.490112, 129.129974, 59.786728,29.551779, 233.938599, 1.007599
5, 264,16,61.251034, 59.282696, 129.129974, 59.786728,29.551779, 233.938599, 1.033203
5, 264,17,194.543182, 192.621414, 129.129974, 59.786728,29.551779, 233.938599, 1.009977
5, 264,18,197.800934, 197.567947, 129.129974, 59.786728,29.551779, 233.938599, 1.001179
5, 264,19,72.316673, 72.597595, 129.129974, 59.786728,29.551779, 233.938599, 0.996130
5, 264,20,110.132904, 111.368904, 129.129974, 59.786728,29.551779, 233.938599, 0.988902
5, 264,21,125.943420, 125.077278, 129.129974, 59.786728,29.551779, 233.938599, 1.006925
5, 264,22,142.760269, 141.652390, 129.129974, 59.786728,29.551779, 233.938599, 1.007821
5, 264,23,72.682884, 72.077652, 129.129974, 59.786728,29.551779, 233.938599, 1.008397
5, 264,24,228.765976, 226.059723, 129.129974, 59.786728,29.551779, 233.938599, 1.011971
5, 264,25,158.140930, 156.225006, 129.129974, 59.786728,29.551779, 233.938599, 1.012264
5, 264,26,233.938599, 232.502884, 129.129974, 59.786728,29.551779, 233.938599, 1.006175
5, 264,27,151.661697, 151.861664, 129.129974, 59.786728,29.551779, 233.938599, 0.998683
5, 264,28,127.311501, 128.084549, 129.129974, 59.786728,29.551779, 233.938599, 0.993965
5, 264,29,114.445580, 114.565880, 129.129974, 59.786728,29.551779, 233.938599, 0.998950
5, 264,30,177.613327, 177.549942, 129.129974, 59.786728,29.551779, 233.938599, 1.000357
5, 264,31,40.683178, 42.187630, 129.129974, 59.786728,29.551779, 233.938599, 0.964339
5, 265,0,52.471329, 51.516644, 128.760223, 87.606918,13.023802, 315.470703, 1.018532
5, 265,1,72.119125, 73.987442, 128.760223, 87.606918,13.023802, 315.470703, 0.974748
5, 265,2,69.361465, 69.689278, 128.760223, 87.606918,13.023802, 315.470703, 0.995296
5, 265,3,58.766834, 57.609768, 128.760223, 87.606918,13.023802, 315.470703, 1.020085
5, 265,4,152.252686, 152.528519, 128.760223, 87.606918,13.023802, 315.470703, 0.998192
5, 265,5,218.390442, 217.476501, 128.760223, 87.606918,13.023802, 315.470703, 1.004202
5, 265,6,98.411964, 98.486046, 128.760223, 87.606918,13.023802, 315.470703, 0.999248
5, 265,7,192.106110, 191.095642, 128.760223, 87.606918,13.023802, 315.470703, 1.005288
5, 265,8,21.668652, 21.943676, 128.760223, 87.606918,13.023802, 315.470703, 0.987467
5, 265,9,190.543793, 190.222412, 128.760223, 87.606918,13.023802, 315.470703, 1.001690
5, 265,10,266.434387, 265.571411, 128.760223, 87.606918,13.023802, 315.470703, 1.003250
5, 265,11,87.263290, 87.764877, 128.760223, 87.606918,13.023802, 315.470703, 0.994285
5, 265,12,36.469677, 37.884750, 128.760223, 87.606918,13.023802, 315.470703, 0.962648
5, 265,13,233.752472, 232.767517, 128.760223, 87.606918,13.023802, 315.470703, 1.004231
5, 265,14,16.088312, 16.490917, 128.760223, 87.606918,13.023802, 315.470703, 0.975586
5, 265,15,112.799393, 114.592072, 128.760223, 87.606918,13.023802, 315.470703, 0.984356
5, 265,16,287.151428, 286.286072, 128.760223, 87.606918,13.023802, 315.470703, 1.003023
5, 265,17,182.728867, 183.110550, 128.760223, 87.606918,13.023802, 315.470703, 0.997916
5, 265,18,26.062269, 26.785185, 128.760223, 87.606918,13.023802, 315.470703, 0.973011
5, 265,19,61.742165, 60.733944, 128.760223, 87.606918,13.023802, 315.470703, 1.016601
5, 265,20,243.131058, 244.216370, 128.760223, 87.606918,13.023802, 315.470703, 0.995556
5, 265,21,147.969986, 148.453506, 128.760223, 87.606918,13.023802, 315.470703, 0.996743
5, 265,22,66.530006, 67.525635, 128.760223, 87.606918,13.023802, 315.470703, 0.985256
5, 265,23,175.815399, 175.969559, 128.760223, 87.606918,13.023802, 315.470703, 0.999124
5, 265,24,315.470703, 314.316345, 128.760223, 87.606918,13.023802, 315.470703, 1.003673
5, 265,25,75.042358, 74.763641, 128.760223, 87.606918,13.023802, 315.470703, 1.003728
5, 265,26,177.507248, 177.405533, 128.760223, 87.606918,13.023802, 315.470703, 1.000573
5, 265,27,239.160782, 237.647842, 128.760223, 87.606918,13.023802, 315.470703, 1.006366
5, 265,28,54.284214, 53.874336, 128.760223, 87.606918,13.023802, 315.470703, 1.007608
5, 265,29,13.023802, 12.445009, 128.760223, 87.606918,13.023802, 315.470703, 1.046508
5, 265,30,62.110512, 64.430573, 128.760223, 87.606918,13.023802, 315.470703, 0.963991
5, 265,31,113.695976, 113.408371, 128.760223, 87.606918,13.023802, 315.470703, 1.002536
5, 266,0,162.438400, 161.842438, 128.871201, 78.403679,30.588175, 279.803986, 1.003682
5, 266,1,153.277420, 154.390045, 128.871201, 78.403679,30.588175, 279.803986, 0.992793
5, 266,2,75.589767, 76.575821, 128.871201, 78.403679,30.588175, 279.803986, 0.987123
5, 266,3,36.575172, 37.690071, 128.871201, 78.403679,30.588175, 279.803986, 0.970419
5, 266,4,30.588175, 29.357410, 128.871201, 78.403679,30.588175, 279.803986, 1.041924
5, 266,5,34.874725, 34.818508, 128.871201, 78.403679,30.588175, 279.803986, 1.001615
5, 266,6,279.803986, 280.379852, 128.871201, 78.403679,30.588175, 279.803986, 0.997946
5, 266,7,247.641998, 248.245712, 128.871201, 78.403679,30.588175, 279.803986, 0.997568
5, 266,8,61.616348, 61.012974, 128.871201, 78.403679,30.588175, 279.803986, 1.009889
5, 266,9,45.530327, 44.236549, 128.871201, 78.403679,30.588175, 279.803986, 1.029247
5, 266,10,96.242516, 97.069885, 128.871201, 78.403679,30.588175, 279.803986, 0.991477
5, 266,11,227.841080, 229.016479, 128.871201, 78.403679,30.588175, 279.803986, 0.994868
5, 266,12,169.033936, 168.252167, 128.871201, 78.403679,30.588175, 279.803986, 1.004646
5, 266,13,66.558670, 66.636452, 128.871201, 78.403679,30.588175, 279.803986, 0.998833
5, 266,14,39.209351, 39.442070, 128.871201, 78.403679,30.588175, 279.803986, 0.994100
5, 266,15,48.411648, 47.689266, 128.871201, 78.403679,30.588175, 279.803986, 1.015148
5, 266,16,230.195435, 230.768494, 128.871201, 78.403679,30.588175, 279.803986, 0.997517
5, 266,17,74.106636, 74.755455, 128.871201, 78.403679,30.588175, 279.803986, 0.991321
5, 266,18,93.534142, 93.736824, 128.871201, 78.403679,30.588175, 279.803986, 0.997838
5, 266,19,173.190521, 172.328766, 128.871201, 78.403679,30.588175, 279.803986, 1.005001
5, 266,20,226.367004, 224.512573, 128.871201, 78.403679,30.588175, 279.803986, 1.008260
5, 266,21,61.499928, 61.030064, 128.871201, 78.403679,30.588175, 279.803986, 1.007699
5, 266,22,102.785957, 101.710541, 128.871201, 78.403679,30.588175, 279.803986, 1.010573
5, 266,23,82.284462, 80.054169, 128.871201, 78.403679,30.588175, 279.803986, 1.027860
5, 266,24,90.512184, 89.890984, 128.871201, 78.403679,30.588175, 279.803986, 1.006911
5, 266,25,186.299484, 187.917252, 128.871201, 78.403679,30.588175, 279.803986, 0.991391
5, 266,26,45.092064, 44.894619, 128.871201, 78.403679,30.588175, 279.803986, 1.004398
5, 266,27,240.551758, 239.998520, 128.871201, 78.403679,30.588175, 279.803986, 1.002305
5, 266,28,118.448463, 119.102303, 128.871201, 78.403679,30.588175, 279.803986, 0.994510
5, 266,29,220.407120, 221.145325, 128.871201, 78.403679,30.588175, 279.803986, 0.996662
5, 266,30,240.646286, 239.528473, 128.871201, 78.403679,30.588175, 279.803986, 1.004667
5, 266,31,162.723328, 162.970551, 128.871201, 78.403679,30.588175, 279.803986, 0.998483
5, 267,0,211.852814, 213.215652, 128.933502, 65.439705,13.008242, 235.939926, 0.993608
5, 267,1,203.953979, 204.328735, 128.933502, 65.439705,13.008242, 235.939926, 0.998166
5, 267,2,158.137894, 156.627289, 128.933502, 65.439705,13.008242, 235.939926, 1.009645
5, 267,3,158.707047, 158.163803, 128.933502, 65.439705,13.008242, 235.939926, 1.003435
5, 267,4,198.534683, 198.064987, 128.933502, 65.439705,13.008242, 235.939926, 1.002371
5, 267,5,63.716091, 64.795761, 128.933502, 65.439705,13.008242, 235.939926, 0.983337
5, 267,6,32.222271, 32.085800, 128.933502, 65.439705,13.008242, 235.939926, 1.004253
5, 267,7,13.008242, 12.380920, 128.933502, 65.439705,13.008242, 235.939926, 1.050668
5, 267,8,21.377142, 21.842308, 128.933502, 65.439705,13.008242, 235.939926, 0.978703
5, 267,9,105.296616, 104.620796, 128.933502, 65.439705,13.008242, 235.939926, 1.006460
5, 267,10,203.656769, 203.034454, 128.933502, 65.439705,13.008242, 235.939926, 1.003065
5, 267,11,113.568619, 115.279564, 128.933502, 65.439705,13.008242, 235.939926, 0.985158
5, 267,12,209.067398, 208.709915, 128.933502, 65.439705,13.008242, 235.939926, 1.001713
5, 267,13,101.045547, 100.737968, 128.933502, 65.439705,13.008242, 235.939926, 1.003053
5, 267,14,125.486931, 125.488457, 128.933502, 65.439705,13.008242, 235.939926, 0.999988
5, 267,15,180.811874, 181.820740, 128.933502, 65.439705,13.008242, 235.939926, 0.994451
5, 267,16,221.494919, 220.759857, 128.933502, 65.439705,13.008242, 235.939926, 1.003330
5, 267,17,62.376274, 62.532505, 128.933502, 65.439705,13.008242, 235.939926, 0.997502
5, 267,18,162.080841, 161.672882, 128.933502, 65.439705,13.008242, 235.939926, 1.002523
5, 267,19,109.342751, 108.808174, 128.933502, 65.439705,13.008242, 235.939926, 1.004913
5, 267,20,26.286325, 25.296024, 128.933502, 65.439705,13.008242, 235.939926, 1.039148
5, 267,21,94.919373, 94.404991, 128.933502, 65.439705,13.008242, 235.939926, 1.005449
5, 267,22,93.515945, 92.826942, 128.933502, 65.439705,13.008242, 235.939926, 1.007422
5, 267,23,156.238541, 155.748291, 128.933502, 65.439705,13.008242, 235.939926, 1.003148
5, 267,24,147.223938, 147.567337, 128.933502, 65.439705,13.008242, 235.939926, 0.997673
5, 267,25,40.046406, 39.131660, 128.933502, 65.439705,13.008242, 235.939926, 1.023376
5, 267,26,104.978752, 104.150154, 128.933502, 65.439705,13.008242, 235.939926, 1.007956
5, 267,27,59.479385, 59.500984, 128.933502, 65.439705,13.008242, 235.939926, 0.999637
5, 267,28,159.699127, 159.361191, 128.933502, 65.439705,13.008242, 235.939926, 1.002121
5, 267,29,184.727402, 184.727661, 128.933502, 65.439705,13.008242, 235.939926, 0.999999
5, 267,30,167.078400, 166.676987, 128.933502, 65.439705,13.008242, 235.939926, 1.002408
5, 267,31,235.939926, 236.637268, 128.933502, 65.439705,13.008242, 235.939926, 0.997053
5, 268,0,201.512634, 201.574890, 128.552139, 69.570473,12.818256, 224.235443, 0.999691
5, 268,1,121.213737, 120.957626, 128.552139, 69.570473,12.818256, 224.235443, 1.002117
5, 268,2,202.182053, 202.747635, 128.552139, 69.570473,12.818256, 224.235443, 0.997210
5, 268,3,175.020035, 174.533310, 128.552139, 69.570473,12.818256, 224.235443, 1.002789
5, 268,4,58.718231, 59.659695, 128.552139, 69.570473,12.818256, 224.235443, 0.984219
5, 268,5,208.787506, 208.727921, 128.552139, 69.570473,12.818256, 224.235443, 1.000286
5, 268,6,145.865417, 146.161240, 128.552139, 69.570473,12.818256, 224.235443, 0.997976
5, 268,7,122.743248, 123.083649, 128.552139, 69.570473,12.818256, 224.235443, 0.997234
5, 268,8,130.363617, 130.168091, 128.552139, 69.570473,12.818256, 224.235443, 1.001502
5, 268,9,19.376984, 19.189888, 128.552139, 69.570473,12.818256, 224.235443, 1.009750
5, 268,10,213.624695, 213.871506, 128.552139, 69.570473,12.818256, 224.235443, 0.998846
5, 268,11,30.957037, 30.882994, 128.552139, 69.570473,12.818256, 224.235443, 1.002398
5, 268,12,204.251907, 204.352432, 128.552139, 69.570473,12.818256, 224.235443, 0.999508
5, 268,13,13.146444, 12.756967, 128.552139, 69.570473,12.818256, 224.235443, 1.030531
5, 268,14,83.761620, 83.841438, 128.552139, 69.570473,12.818256, 224.235443, 0.999048
5, 268,15,45.782139, 45.991444, 128.552139, 69.570473,12.818256, 224.235443, 0.995449
5, 268,16,157.430466, 157.285126, 128.552139, 69.570473,12.818256, 224.235443, 1.000924
5, 268,17,168.412704, 168.450150, 128.552139, 69.570473,12.818256, 224.235443, 0.999778
5, 268,18,219.769089, 219.858658, 128.552139, 69.570473,12.818256, 224.235443, 0.999593
5, 268,19,157.782318, 158.876190, 128.552139, 69.570473,12.818256, 224.235443, 0.993115
5, 268,20,30.649122, 29.483936, 128.552139, 69.570473,12.818256, 224.235443, 1.039519
5, 268,21,216.998932, 216.436447, 128.552139, 69.570473,12.818256, 224.235443, 1.002599
5, 268,22,189.876801, 190.704773, 128.552139, 69.570473,12.818256, 224.235443, 0.995658
5, 268,23,103.980766, 104.264946, 128.552139, 69.570473,12.818256, 224.235443, 0.997274
5, 268,24,12.818256, 12.489500, 128.552139, 69.570473,12.818256, 224.235443, 1.026323
5, 268,25,156.494598, 158.944778, 128.552139, 69.570473,12.818256, 224.235443, 0.984585
5, 268,26,170.379593, 169.314270, 128.552139, 69.570473,12.818256, 224.235443, 1.006292
5, 268,27,59.012383, 60.475811, 128.552139, 69.570473,12.818256, 224.235443, 0.975801
5, 268,28,63.870911, 64.398659, 128.552139, 69.570473,12.818256, 224.235443, 0.991805
5, 268,29,102.498497, 103.400818, 128.552139, 69.570473,12.818256, 224.235443, 0.991274
5, 268,30,224.235443, 225.482330, 128.552139, 69.570473,12.818256, 224.235443, 0.994470
5, 268,31,102.151497, 102.632713, 128.552139, 69.570473,12.818256, 224.235443, 0.995311
5, 269,0,121.041451, 120.595863, 128.724258, 73.149902,14.839894, 240.805313, 1.003695
5, 269,1,120.001465, 120.179420, 128.724258, 73.149902,14.839894, 240.805313, 0.998519
5, 269,2,235.979324, 234.607910, 128.724258, 73.149902,14.839894, 240.805313, 1.005846
5, 269,3,74.862663, 76.128830, 128.724258, 73.149902,14.839894, 240.805313, 0.983368
5, 269,4,158.785202, 158.745743, 128.724258, 73.149902,14.839894, 240.805313, 1.000249
5, 269,5,24.881254, 26.339869, 128.724258, 73.149902,14.839894, 240.805313, 0.944623
5, 269,6,144.108322, 143.965775, 128.724258, 73.149902,14.839894, 240.805313, 1.000990
5, 269,7,82.786034, 82.735359, 128.724258, 73.149902,14.839894, 240.805313, 1.000612
5, 269,8,223.169601, 223.448822, 128.724258, 73.149902,14.839894, 240.805313, 0.998750
5, 269,9,95.020515, 94.106209, 128.724258, 73.149902,14.839894, 240.805313, 1.009716
5, 269,10,152.751633, 152.929733, 128.724258, 73.149902,14.839894, 240.805313, 0.998835
5, 269,11,125.469711, 126.009552, 128.724258, 73.149902,14.839894, 240.805313, 0.995716
5, 269,12,75.656776, 75.091263, 128.724258, 73.149902,14.839894, 240.805313, 1.007531
5, 269,13,17.997492, 18.787533, 128.724258, 73.149902,14.839894, 240.805313, 0.957949
5, 269,14,198.691162, 198.589615, 128.724258, 73.149902,14.839894, 240.805313, 1.000511
5, 269,15,203.197006, 203.283371, 128.724258, 73.149902,14.839894, 240.805313, 0.999575
5, 269,16,182.003021, 180.322845, 128.724258, 73.149902,14.839894, 240.805313, 1.009318
5, 269,17,147.228638, 146.972565, 128.724258, 73.149902,14.839894, 240.805313, 1.001742
5, 269,18,131.170105, 130.766815, 128.724258, 73.149902,14.839894, 240.805313, 1.003084
5, 269,19,60.922276, 62.301697, 128.724258, 73.149902,14.839894, 240.805313, 0.977859
5, 269,20,50.502197, 50.584988, 128.724258, 73.149902,14.839894, 240.805313, 0.998363
5, 269,21,14.839894, 13.726761, 128.724258, 73.149902,14.839894, 240.805313, 1.081092
5, 269,22,82.633171, 81.796608, 128.724258, 73.149902,14.839894, 240.805313, 1.010227
5, 269,23,201.946472, 202.408142, 128.724258, 73.149902,14.839894, 240.805313, 0.997719
5, 269,24,238.828232, 240.176895, 128.724258, 73.149902,14.839894, 240.805313, 0.994385
5, 269,25,240.805313, 241.129761, 128.724258, 73.149902,14.839894, 240.805313, 0.998654
5, 269,26,234.463654, 235.045517, 128.724258, 73.149902,14.839894, 240.805313, 0.997524
5, 269,27,54.284046, 53.754147, 128.724258, 73.149902,14.839894, 240.805313, 1.009858
5, 269,28,88.377899, 89.419533, 128.724258, 73.149902,14.839894, 240.805313, 0.988351
5, 269,29,86.160088, 86.208023, 128.724258, 73.149902,14.839894, 240.805313, 0.999444
5, 269,30,229.981583, 230.662354, 128.724258, 73.149902,14.839894, 240.805313, 0.997049
5, 269,31,20.630499, 20.178009, 128.724258, 73.149902,14.839894, 240.805313, 1.022425
5, 270,0,66.366478, 65.933578, 128.930481, 57.098324,26.117756, 229.554886, 1.006566
5, 270,1,154.205795, 154.600296, 128.930481, 57.098324,26.117756, 229.554886, 0.997448
5, 270,2,180.477249, 178.896912, 128.930481, 57.098324,26.117756, 229.554886, 1.008834
5, 270,3,77.742676, 77.353401, 128.930481, 57.098324,26.117756, 229.554886, 1.005032
5, 270,4,101.349297, 101.067245, 128.930481, 57.098324,26.117756, 229.554886, 1.002791
5, 270,5,40.491997, 40.873779, 128.930481, 57.098324,26.117756, 229.554886, 0.990659
5, 270,6,69.653259, 69.492737, 128.930481, 57.098324,26.117756, 229.554886, 1.002310
5, 270,7,229.554886, 228.510040, 128.930481, 57.098324,26.117756, 229.554886, 1.004572
5, 270,8,219.711563, 218.276596, 128.930481, 57.098324,26.117756, 229.554886, 1.006574
5, 270,9,133.325500, 132.093658, 128.930481, 57.098324,26.117756, 229.554886, 1.009326
5, 270,10,186.050980, 187.028168, 128.930481, 57.098324,26.117756, 229.554886, 0.994775
5, 270,11,136.395142, 136.089905, 128.930481, 57.098324,26.117756, 229.554886, 1.002243
5, 270,12,187.610977, 187.881546, 128.930481, 57.098324,26.117756, 229.554886, 0.998560
5, 270,13,181.372818, 182.289566, 128.930481, 57.098324,26.117756, 229.554886, 0.994971
5, 270,14,96.835464, 95.967865, 128.930481, 57.098324,26.117756, 229.554886, 1.009040
5, 270,15,194.638535, 193.882843, 128.930481, 57.098324,26.117756, 229.554886, 1.003898
5, 270,16,90.129807, 89.210327, 128.930481, 57.098324,26.117756, 229.554886, 1.010307
5, 270,17,150.306732, 149.826996, 128.930481, 57.098324,26.117756, 229.554886, 1.003202
5, 270,18,128.087753, 127.757454, 128.930481, 57.098324,26.117756, 229.554886, 1.002585
5, 270,19,38.629894, 38.174927, 128.930481, 57.098324,26.117756, 229.554886, 1.011918
5, 270,20,144.231659, 144.561111, 128.930481, 57.098324,26.117756, 229.554886, 0.997721
5, 270,21,42.414799, 41.956093, 128.930481, 57.098324,26.117756, 229.554886, 1.010933
5, 270,22,170.122009, 170.668549, 128.930481, 57.098324,26.117756, 229.554886, 0.996798
5, 270,23,160.055252, 160.580780, 128.930481, 57.098324,26.117756, 229.554886, 0.996727
5, 270,24,114.001610, 114.929230, 128.930481, 57.098324,26.117756, 229.554886, 0.991929
5, 270,25,163.579269, 164.667221, 128.930481, 57.098324,26.117756, 229.554886, 0.993393
5, 270,26,198.779022, 198.850403, 128.930481, 57.098324,26.117756, 229.554886, 0.999641
5, 270,27,122.334679, 121.881027, 128.930481, 57.098324,26.117756, 229.554886, 1.003722
5, 270,28,26.117756, 26.415138, 128.930481, 57.098324,26.117756, 229.554886, 0.988742
5, 270,29,108.552589, 108.490829, 128.930481, 57.098324,26.117756, 229.554886, 1.000569
5, 270,30,46.996956, 47.062412, 128.930481, 57.098324,26.117756, 229.554886, 0.998609
5, 270,31,165.653259, 165.728729, 128.930481, 57.098324,26.117756, 229.554886, 0.999545
5, 271,0,18.423717, 18.279625, 128.977051, 65.414742,18.423717, 238.251511, 1.007883
5, 271,1,149.638611, 147.603912, 128.977051, 65.414742,18.423717, 238.251511, 1.013785
5, 271,2,149.832199, 147.625427, 128.977051, 65.414742,18.423717, 238.251511, 1.014948
5, 271,3,193.475555, 192.474579, 128.977051, 65.414742,18.423717, 238.251511, 1.005201
5, 271,4,175.744125, 175.635529, 128.977051, 65.414742,18.423717, 238.251511, 1.000618
5, 271,5,173.126190, 173.698364, 128.977051, 65.414742,18.423717, 238.251511, 0.996706
5, 271,6,25.707458, 22.684902, 128.977051, 65.414742,18.423717, 238.251511, 1.133241
5, 271,7,123.866730, 125.512947, 128.977051, 65.414742,18.423717, 238.251511, 0.986884
5, 271,8,156.361023, 155.818954, 128.977051, 65.414742,18.423717, 238.251511, 1.003479
5, 271,9,126.507332, 126.144325, 128.977051, 65.414742,18.423717, 238.251511, 1.002878
5, 271,10,207.961044, 207.656281, 128.977051, 65.414742,18.423717, 238.251511, 1.001468
5, 271,11,46.400337, 44.754333, 128.977051, 65.414742,18.423717, 238.251511, 1.036779
5, 271,12,229.258972, 228.771469, 128.977051, 65.414742,18.423717, 238.251511, 1.002131
5, 271,13,182.071304, 182.451523, 128.977051, 65.414742,18.423717, 238.251511, 0.997916
5, 271,14,147.423553, 146.714249, 128.977051, 65.414742,18.423717, 238.251511, 1.004835
5, 271,15,157.452713, 159.413483, 128.977051, 65.414742,18.423717, 238.251511, 0.987700
5, 271,16,28.699781, 27.305420, 128.977051, 65.414742,18.423717, 238.251511, 1.051065
5, 271,17,74.904747, 75.053162, 128.977051, 65.414742,18.423717, 238.251511, 0.998023
5, 271,18,164.247284, 165.583755, 128.977051, 65.414742,18.423717, 238.251511, 0.991929
5, 271,19,100.204178, 100.387093, 128.977051, 65.414742,18.423717, 238.251511, 0.998178
5, 271,20,127.256493, 127.607964, 128.977051, 65.414742,18.423717, 238.251511, 0.997246
5, 271,21,21.618044, 21.522596, 128.977051, 65.414742,18.423717, 238.251511, 1.004435
5, 271,22,238.251511, 238.450180, 128.977051, 65.414742,18.423717, 238.251511, 0.999167
5, 271,23,65.263397, 62.805920, 128.977051, 65.414742,18.423717, 238.251511, 1.039128
5, 271,24,177.799347, 179.014816, 128.977051, 65.414742,18.423717, 238.251511, 0.993210
5, 271,25,20.251209, 16.887730, 128.977051, 65.414742,18.423717, 238.251511, 1.199167
5, 271,26,140.239761, 142.014816, 128.977051, 65.414742,18.423717, 238.251511, 0.987501
5, 271,27,136.659378, 138.083054, 128.977051, 65.414742,18.423717, 238.251511, 0.989690
5, 271,28,113.232445, 114.478241, 128.977051, 65.414742,18.423717, 238.251511, 0.989118
5, 271,29,228.411484, 228.448624, 128.977051, 65.414742,18.423717, 238.251511, 0.999837
5, 271,30,62.720650, 63.731457, 128.977051, 65.414742,18.423717, 238.251511, 0.984140
5, 271,31,164.254944, 164.385574, 128.977051, 65.414742,18.423717, 238.251511, 0.999205
5, 272,0,39.681622, 39.010990, 128.821228, 64.818947,24.623877, 223.520889, 1.017191
5, 272,1,167.487885, 168.871628, 128.821228, 64.818947,24.623877, 223.520889, 0.991806
5, 272,2,136.250946, 135.511688, 128.821228, 64.818947,24.623877, 223.520889, 1.005455
5, 272,3,180.263657, 180.338257, 128.821228, 64.818947,24.623877, 223.520889, 0.999586
5, 272,4,159.528915, 158.789352, 128.821228, 64.818947,24.623877, 223.520889, 1.004658
5, 272,5,153.675522, 153.785370, 128.821228, 64.818947,24.623877, 223.520889, 0.999286
5, 272,6,123.471649, 123.498070, 128.821228, 64.818947,24.623877, 223.520889, 0.999786
5, 272,7,116.878853, 117.183983, 128.821228, 64.818947,24.623877, 223.520889, 0.997396
5, 272,8,132.066803, 131.068207, 128.821228, 64.818947,24.623877, 223.520889, 1.007619
5, 272,9,220.911270, 219.917725, 128.821228, 64.818947,24.623877, 223.520889, 1.004518
5, 272,10,213.168671, 211.760086, 128.821228, 64.818947,24.623877, 223.520889, 1.006652
5, 272,11,56.542526, 56.062370, 128.821228, 64.818947,24.623877, 223.520889, 1.008565
5, 272,12,53.369415, 53.104546, 128.821228, 64.818947,24.623877, 223.520889, 1.004988
5, 272,13,188.392242, 188.820053, 128.821228, 64.818947,24.623877, 223.520889, 0.997734
5, 272,14,40.789440, 42.401005, 128.821228, 64.818947,24.623877, 223.520889, 0.961992
5, 272,15,99.212433, 99.160172, 128.821228, 64.818947,24.623877, 223.520889, 1.000527
5, 272,16,209.335297, 209.288467, 128.821228, 64.818947,24.623877, 223.520889, 1.000224
5, 272,17,200.260162, 200.658112, 128.821228, 64.818947,24.623877, 223.520889, 0.998017
5, 272,18,87.385109, 87.511208, 128.821228, 64.818947,24.623877, 223.520889, 0.998559
5, 272,19,24.623877, 24.937687, 128.821228, 64.818947,24.623877, 223.520889, 0.987416
5, 272,20,223.520889, 224.874451, 128.821228, 64.818947,24.623877, 223.520889, 0.993981
5, 272,21,182.507675, 182.553238, 128.821228, 64.818947,24.623877, 223.520889, 0.999750
5, 272,22,64.300041, 63.193562, 128.821228, 64.818947,24.623877, 223.520889, 1.017509
5, 272,23,90.996628, 90.448769, 128.821228, 64.818947,24.623877, 223.520889, 1.006057
5, 272,24,116.645996, 116.738289, 128.821228, 64.818947,24.623877, 223.520889, 0.999209
5, 272,25,41.808640, 43.393700, 128.821228, 64.818947,24.623877, 223.520889, 0.963473
5, 272,26,32.815952, 32.406532, 128.821228, 64.818947,24.623877, 223.520889, 1.012634
5, 272,27,184.633499, 184.781738, 128.821228, 64.818947,24.623877, 223.520889, 0.999198
5, 272,28,95.193260, 94.534348, 128.821228, 64.818947,24.623877, 223.520889, 1.006970
5, 272,29,76.155174, 76.591560, 128.821228, 64.818947,24.623877, 223.520889, 0.994302
5, 272,30,220.134048, 220.154083, 128.821228, 64.818947,24.623877, 223.520889, 0.999909
5, 272,31,190.271271, 189.650681, 128.821228, 64.818947,24.623877, 223.520889, 1.003272
5, 273,0,64.090591, 63.053982, 128.950348, 66.550514,19.069330, 240.826828, 1.016440
5, 273,1,60.729557, 59.203342, 128.950348, 66.550514,19.069330, 240.826828, 1.025779
5, 273,2,106.514137, 107.257248, 128.950348, 66.550514,19.069330, 240.826828, 0.993072
5, 273,3,93.824150, 92.989784, 128.950348, 66.550514,19.069330, 240.826828, 1.008973
5, 273,4,86.276375, 87.177917, 128.950348, 66.550514,19.069330, 240.826828, 0.989659
5, 273,5,51.975864, 51.250637, 128.950348, 66.550514,19.069330, 240.826828, 1.014151
5, 273,6,93.449959, 92.788628, 128.950348, 66.550514,19.069330, 240.826828, 1.007127
5, 273,7,22.550701, 21.968575, 128.950348, 66.550514,19.069330, 240.826828, 1.026498
5, 273,8,154.207428, 154.772354, 128.950348, 66.550514,19.069330, 240.826828, 0.996350
5, 273,9,104.289017, 103.284492, 128.950348, 66.550514,19.069330, 240.826828, 1.009726
5, 273,10,187.810349, 187.897858, 128.950348, 66.550514,19.069330, 240.826828, 0.999534
5, 273,11,172.316299, 173.350220, 128.950348, 66.550514,19.069330, 240.826828, 0.994036
5, 273,12,232.639725, 233.739075, 128.950348, 66.550514,19.069330, 240.826828, 0.995297
5, 273,13,36.338268, 34.906994, 128.950348, 66.550514,19.069330, 240.826828, 1.041003
5, 273,14,233.793518, 233.667236, 128.950348, 66.550514,19.069330, 240.826828, 1.000540
5, 273,15,183.499695, 181.705215, 128.950348, 66.550514,19.069330, 240.826828, 1.009876
5, 273,16,63.834885, 62.752251, 128.950348, 66.550514,19.069330, 240.826828, 1.017253
5, 273,17,112.289070, 112.501579, 128.950348, 66.550514,19.069330, 240.826828, 0.998111
5, 273,18,158.371521, 159.822708, 128.950348, 66.550514,19.069330, 240.826828, 0.990920
5, 273,19,72.937950, 72.184868, 128.950348, 66.550514,19.069330, 240.826828, 1.010433
5, 273,20,240.826828, 240.966202, 128.950348, 66.550514,19.069330, 240.826828, 0.999422
5, 273,21,163.485687, 163.594315, 128.950348, 66.550514,19.069330, 240.826828, 0.999336
5, 273,22,199.689285, 199.284531, 128.950348, 66.550514,19.069330, 240.826828, 1.002031
5, 273,23,117.697899, 117.228661, 128.950348, 66.550514,19.069330, 240.826828, 1.004003
5, 273,24,214.299362, 215.570709, 128.950348, 66.550514,19.069330, 240.826828, 0.994102
5, 273,25,229.139481, 229.213165, 128.950348, 66.550514,19.069330, 240.826828, 0.999679
5, 273,26,19.069330, 19.878025, 128.950348, 66.550514,19.069330, 240.826828, 0.959317
5, 273,27,176.163818, 175.060013, 128.950348, 66.550514,19.069330, 240.826828, 1.006305
5, 273,28,179.865829, 177.962357, 128.950348, 66.550514,19.069330, 240.826828, 1.010696
5, 273,29,83.089188, 83.794243, 128.950348, 66.550514,19.069330, 240.826828, 0.991586
5, 273,30,76.343216, 76.337234, 128.950348, 66.550514,19.069330, 240.826828, 1.000078
5, 273,31,135.002426, 135.835281, 128.950348, 66.550514,19.069330, 240.826828, 0.993869
5, 274,0,127.760086, 127.311310, 128.539185, 81.079239,13.248093, 248.220474, 1.003525
5, 274,1,13.248093, 14.183847, 128.539185, 81.079239,13.248093, 248.220474, 0.934027
5, 274,2,153.006363, 152.276657, 128.539185, 81.079239,13.248093, 248.220474, 1.004792
5, 274,3,187.379745, 188.045959, 128.539185, 81.079239,13.248093, 248.220474, 0.996457
5, 274,4,179.296829, 179.497513, 128.539185, 81.079239,13.248093, 248.220474, 0.998882
5, 274,5,216.279724, 216.730301, 128.539185, 81.079239,13.248093, 248.220474, 0.997921
5, 274,6,133.726700, 134.026123, 128.539185, 81.079239,13.248093, 248.220474, 0.997766
5, 274,7,244.188492, 244.863663, 128.539185, 81.079239,13.248093, 248.220474, 0.997243
5, 274,8,51.609520, 51.838482, 128.539185, 81.079239,13.248093, 248.220474, 0.995583
5, 274,9,41.843472, 42.024517, 128.539185, 81.079239,13.248093, 248.220474, 0.995692
5, 274,10,233.377975, 233.629257, 128.539185, 81.079239,13.248093, 248.220474, 0.998924
5, 274,11,177.581238, 177.715485, 128.539185, 81.079239,13.248093, 248.220474, 0.999245
5, 274,12,144.718842, 145.096970, 128.539185, 81.079239,13.248093, 248.220474, 0.997394
5, 274,13,17.858349, 19.082222, 128.539185, 81.079239,13.248093, 248.220474, 0.935863
5, 274,14,17.806568, 17.343256, 128.539185, 81.079239,13.248093, 248.220474, 1.026714
5, 274,15,226.189758, 225.691986, 128.539185, 81.079239,13.248093, 248.220474, 1.002205
5, 274,16,247.598038, 248.410477, 128.539185, 81.079239,13.248093, 248.220474, 0.996729
5, 274,17,248.220474, 248.393250, 128.539185, 81.079239,13.248093, 248.220474, 0.999304
5, 274,18,75.679634, 74.754951, 128.539185, 81.079239,13.248093, 248.220474, 1.012370
5, 274,19,36.984924, 37.281097, 128.539185, 81.079239,13.248093, 248.220474, 0.992056
5, 274,20,127.343033, 126.665657, 128.539185, 81.079239,13.248093, 248.220474, 1.005348
5, 274,21,84.829926, 85.567520, 128.539185, 81.079239,13.248093, 248.220474, 0.991380
5, 274,22,40.587902, 41.103378, 128.539185, 81.079239,13.248093, 248.220474, 0.987459
5, 274,23,125.257217, 125.055817, 128.539185, 81.079239,13.248093, 248.220474, 1.001611
5, 274,24,127.817688, 128.258270, 128.539185, 81.079239,13.248093, 248.220474, 0.996565
5, 274,25,20.061962, 20.545708, 128.539185, 81.079239,13.248093, 248.220474, 0.976455
5, 274,26,187.836319, 188.261200, 128.539185, 81.079239,13.248093, 248.220474, 0.997743
5, 274,27,230.926498, 231.115509, 128.539185, 81.079239,13.248093, 248.220474, 0.999182
5, 274,28,56.855404, 58.923470, 128.539185, 81.079239,13.248093, 248.220474, 0.964903
5, 274,29,14.645312, 13.641497, 128.539185, 81.079239,13.248093, 248.220474, 1.073585
5, 274,30,105.453430, 104.902763, 128.539185, 81.079239,13.248093, 248.220474, 1.005249
5, 274,31,217.284424, 218.761963, 128.539185, 81.079239,13.248093, 248.220474, 0.993246
5, 275,0,56.250286, 54.763584, 128.619659, 69.045486,11.200415, 219.882660, 1.027148
5, 275,1,197.921967, 198.957001, 128.619659, 69.045486,11.200415, 219.882660, 0.994798
5, 275,2,199.487061, 200.106491, 128.619659, 69.045486,11.200415, 219.882660, 0.996904
5, 275,3,170.504929, 170.959946, 128.619659, 69.045486,11.200415, 219.882660, 0.997338
5, 275,4,80.422211, 80.904289, 128.619659, 69.045486,11.200415, 219.882660, 0.994041
5, 275,5,23.295948, 23.873011, 128.619659, 69.045486,11.200415, 219.882660, 0.975828
5, 275,6,184.117920, 183.709900, 128.619659, 69.045486,11.200415, 219.882660, 1.002221
5, 275,7,11.200415, 10.594558, 128.619659, 69.045486,11.200415, 219.882660, 1.057186
5, 275,8,198.952942, 200.027206, 128.619659, 69.045486,11.200415, 219.882660, 0.994629
5, 275,9,44.754272, 44.259731, 128.619659, 69.045486,11.200415, 219.882660, 1.011174
5, 275,10,30.856152, 31.489954, 128.619659, 69.045486,11.200415, 219.882660, 0.979873
5, 275,11,211.746277, 211.502182, 128.619659, 69.045486,11.200415, 219.882660, 1.001154
5, 275,12,218.909927, 219.548523, 128.619659, 69.045486,11.200415, 219.882660, 0.997091
5, 275,13,69.826805, 69.317032, 128.619659, 69.045486,11.200415, 219.882660, 1.007354
5, 275,14,132.642349, 132.056061, 128.619659, 69.045486,11.200415, 219.882660, 1.004440
5, 275,15,50.606476, 51.024471, 128.619659, 69.045486,11.200415, 219.882660, 0.991808
5, 275,16,219.882660, 220.202530, 128.619659, 69.045486,11.200415, 219.882660, 0.998547
5, 275,17,165.250061, 165.595718, 128.619659, 69.045486,11.200415, 219.882660, 0.997913
5, 275,18,117.242310, 117.159096, 128.619659, 69.045486,11.200415, 219.882660, 1.000710
5, 275,19,165.575165, 165.589111, 128.619659, 69.045486,11.200415, 219.882660, 0.999916
5, 275,20,22.260761, 22.485710, 128.619659, 69.045486,11.200415, 219.882660, 0.989996
5, 275,21,119.667030, 119.993149, 128.619659, 69.045486,11.200415, 219.882660, 0.997282
5, 275,22,176.564102, 175.095413, 128.619659, 69.045486,11.200415, 219.882660, 1.008388
5, 275,23,153.378922, 152.733459, 128.619659, 69.045486,11.200415, 219.882660, 1.004226
5, 275,24,20.786510, 21.699574, 128.619659, 69.045486,11.200415, 219.882660, 0.957923
5, 275,25,209.557419, 208.714355, 128.619659, 69.045486,11.200415, 219.882660, 1.004039
5, 275,26,175.804855, 177.909668, 128.619659, 69.045486,11.200415, 219.882660, 0.988169
5, 275,27,135.403214, 134.315369, 128.619659, 69.045486,11.200415, 219.882660, 1.008099
5, 275,28,96.756119, 97.175354, 128.619659, 69.045486,11.200415, 219.882660, 0.995686
5, 275,29,166.125504, 167.286911, 128.619659, 69.045486,11.200415, 219.882660, 0.993057
5, 275,30,91.916718, 92.564232, 128.619659, 69.045486,11.200415, 219.882660, 0.993005
5, 275,31,198.161591, 199.386398, 128.619659, 69.045486,11.200415, 219.882660, 0.993857
5, 276,0,133.821732, 132.350708, 128.688568, 68.137123,17.947445, 239.273743, 1.011115
5, 276,1,80.577164, 82.673264, 128.688568, 68.137123,17.947445, 239.273743, 0.974646
5, 276,2,64.787834, 64.912445, 128.688568, 68.137123,17.947445, 239.273743, 0.998080
5, 276,3,215.868881, 216.654053, 128.688568, 68.137123,17.947445, 239.273743, 0.996376
5, 276,4,69.574326, 70.250229, 128.688568, 68.137123,17.947445, 239.273743, 0.990379
5, 276,5,56.113792, 56.109127, 128.688568, 68.137123,17.947445, 239.273743, 1.000083
5, 276,6,160.520462, 159.641739, 128.688568, 68.137123,17.947445, 239.273743, 1.005504
5, 276,7,73.938370, 73.899323, 128.688568, 68.137123,17.947445, 239.273743, 1.000528
5, 276,8,236.547531, 236.272461, 128.688568, 68.137123,17.947445, 239.273743, 1.001164
5, 276,9,97.908318, 98.921593, 128.688568, 68.137123,17.947445, 239.273743, 0.989757
5, 276,10,109.034203, 108.150764, 128.688568, 68.137123,17.947445, 239.273743, 1.008169
5, 276,11,189.736130, 191.595062, 128.688568, 68.137123,17.947445, 239.273743, 0.990298
5, 276,12,130.869934, 133.114288, 128.688568, 68.137123,17.947445, 239.273743, 0.983140
5, 276,13,202.235519, 202.300018, 128.688568, 68.137123,17.947445, 239.273743, 0.999681
5, 276,14,228.319656, 228.820114, 128.688568, 68.137123,17.947445, 239.273743, 0.997813
5, 276,15,64.056351, 62.026955, 128.688568, 68.137123,17.947445, 239.273743, 1.032718
5, 276,16,60.631203, 61.799343, 128.688568, 68.137123,17.947445, 239.273743, 0.981098
5, 276,17,121.838112, 122.093636, 128.688568, 68.137123,17.947445, 239.273743, 0.997907
5, 276,18,118.731415, 119.377014, 128.688568, 68.137123,17.947445, 239.273743, 0.994592
5, 276,19,85.216591, 85.808403, 128.688568, 68.137123,17.947445, 239.273743, 0.993103
5, 276,20,154.004196, 156.506607, 128.688568, 68.137123,17.947445, 239.273743, 0.984011
5, 276,21,138.996796, 139.076187, 128.688568, 68.137123,17.947445, 239.273743, 0.999429
5, 276,22,136.863922, 135.427109, 128.688568, 68.137123,17.947445, 239.273743, 1.010610
5, 276,23,53.393242, 53.304401, 128.688568, 68.137123,17.947445, 239.273743, 1.001667
5, 276,24,38.324841, 38.348305, 128.688568, 68.137123,17.947445, 239.273743, 0.999388
5, 276,25,203.040237, 203.115005, 128.688568, 68.137123,17.947445, 239.273743, 0.999632
5, 276,26,17.947445, 18.186573, 128.688568, 68.137123,17.947445, 239.273743, 0.986851
5, 276,27,166.402634, 163.995667, 128.688568, 68.137123,17.947445, 239.273743, 1.014677
5, 276,28,239.273743, 238.181442, 128.688568, 68.137123,17.947445, 239.273743, 1.004586
5, 276,29,25.848463, 25.213076, 128.688568, 68.137123,17.947445, 239.273743, 1.025201
5, 276,30,210.935593, 212.292786, 128.688568, 68.137123,17.947445, 239.273743, 0.993607
5, 276,31,232.675629, 230.582230, 128.688568, 68.137123,17.947445, 239.273743, 1.009079
5, 277,0,166.530975, 165.462784, 128.897720, 66.223915,13.024169, 232.528793, 1.006456
5, 277,1,157.017014, 156.840408, 128.897720, 66.223915,13.024169, 232.528793, 1.001126
5, 277,2,229.602081, 230.468918, 128.897720, 66.223915,13.024169, 232.528793, 0.996239
5, 277,3,51.873062, 53.327522, 128.897720, 66.223915,13.024169, 232.528793, 0.972726
5, 277,4,13.024169, 14.411612, 128.897720, 66.223915,13.024169, 232.528793, 0.903727
5, 277,5,113.940437, 112.263069, 128.897720, 66.223915,13.024169, 232.528793, 1.014941
5, 277,6,67.877533, 67.618759, 128.897720, 66.223915,13.024169, 232.528793, 1.003827
5, 277,7,219.763474, 218.870789, 128.897720, 66.223915,13.024169, 232.528793, 1.004079
5, 277,8,226.248383, 224.405762, 128.897720, 66.223915,13.024169, 232.528793, 1.008211
5, 277,9,100.363960, 99.690353, 128.897720, 66.223915,13.024169, 232.528793, 1.006757
5, 277,10,36.530975, 36.261360, 128.897720, 66.223915,13.024169, 232.528793, 1.007435
5, 277,11,45.948521, 46.483200, 128.897720, 66.223915,13.024169, 232.528793, 0.988497
5, 277,12,36.216831, 36.886272, 128.897720, 66.223915,13.024169, 232.528793, 0.981851
5, 277,13,219.499039, 218.982376, 128.897720, 66.223915,13.024169, 232.528793, 1.002359
5, 277,14,148.039658, 147.794006, 128.897720, 66.223915,13.024169, 232.528793, 1.001662
5, 277,15,152.902145, 153.388504, 128.897720, 66.223915,13.024169, 232.528793, 0.996829
5, 277,16,155.887238, 155.694733, 128.897720, 66.223915,13.024169, 232.528793, 1.001236
5, 277,17,76.967697, 77.572784, 128.897720, 66.223915,13.024169, 232.528793, 0.992200
5, 277,18,201.584793, 201.685608, 128.897720, 66.223915,13.024169, 232.528793, 0.999500
5, 277,19,35.161610, 34.810661, 128.897720, 66.223915,13.024169, 232.528793, 1.010082
5, 277,20,173.816467, 173.147766, 128.897720, 66.223915,13.024169, 232.528793, 1.003862
5, 277,21,202.234146, 204.438187, 128.897720, 66.223915,13.024169, 232.528793, 0.989219
5, 277,22,85.734619, 83.747551, 128.897720, 66.223915,13.024169, 232.528793, 1.023727
5, 277,23,123.768379, 124.813461, 128.897720, 66.223915,13.024169, 232.528793, 0.991627
5, 277,24,97.632469, 97.004692, 128.897720, 66.223915,13.024169, 232.528793, 1.006472
5, 277,25,180.289673, 181.241913, 128.897720, 66.223915,13.024169, 232.528793, 0.994746
5, 277,26,160.512451, 162.115005, 128.897720, 66.223915,13.024169, 232.528793, 0.990115
5, 277,27,154.259460, 151.417038, 128.897720, 66.223915,13.024169, 232.528793, 1.018772
5, 277,28,73.564667, 74.344048, 128.897720, 66.223915,13.024169, 232.528793, 0.989517
5, 277,29,232.528793, 232.492462, 128.897720, 66.223915,13.024169, 232.528793, 1.000156
5, 277,30,84.492859, 81.909996, 128.897720, 66.223915,13.024169, 232.528793, 1.031533
5, 277,31,100.913582, 101.408867, 128.897720, 66.223915,13.024169, 232.528793, 0.995116
5, 278,0,87.955757, 88.631477, 128.681412, 69.845139,14.117659, 251.933899, 0.992376
5, 278,1,220.331055, 221.904907, 128.681412, 69.845139,14.117659, 251.933899, 0.992908
5, 278,2,235.391541, 236.183655, 128.681412, 69.845139,14.117659, 251.933899, 0.996646
5, 278,3,241.206696, 240.880219, 128.681412, 69.845139,14.117659, 251.933899, 1.001355
5, 278,4,55.380405, 55.982433, 128.681412, 69.845139,14.117659, 251.933899, 0.989246
5, 278,5,91.373428, 92.480995, 128.681412, 69.845139,14.117659, 251.933899, 0.988024
5, 278,6,45.341614, 44.691025, 128.681412, 69.845139,14.117659, 251.933899, 1.014557
5, 278,7,145.229111, 144.612061, 128.681412, 69.845139,14.117659, 251.933899, 1.004267
5, 278,8,170.023315, 169.675507, 128.681412, 69.845139,14.117659, 251.933899, 1.002050
5, 278,9,146.007050, 147.485962, 128.681412, 69.845139,14.117659, 251.933899, 0.989973
5, 278,10,70.389755, 70.397324, 128.681412, 69.845139,14.117659, 251.933899, 0.999892
5, 278,11,68.103294, 66.986450, 128.681412, 69.845139,14.117659, 251.933899, 1.016673
5, 278,12,177.446991, 176.088852, 128.681412, 69.845139,14.117659, 251.933899, 1.007713
5, 278,13,251.933899, 252.489273, 128.681412, 69.845139,14.117659, 251.933899, 0.997800
5, 278,14,57.648094, 56.958046, 128.681412, 69.845139,14.117659, 251.933899, 1.012115
5, 278,15,154.714615, 153.748047, 128.681412, 69.845139,14.117659, 251.933899, 1.006287
5, 278,16,144.379211, 144.861649, 128.681412, 69.845139,14.117659, 251.933899, 0.996670
5, 278,17,39.063194, 40.849068, 128.681412, 69.845139,14.117659, 251.933899, 0.956281
5, 278,18,212.998322, 214.281494, 128.681412, 69.845139,14.117659, 251.933899, 0.994012
5, 278,19,91.212708, 90.824715, 128.681412, 69.845139,14.117659, 251.933899, 1.004272
5, 278,20,193.975449, 195.033905, 128.681412, 69.845139,14.117659, 251.933899, 0.994573
5, 278,21,14.117659, 14.280602, 128.681412, 69.845139,14.117659, 251.933899, 0.988590
5, 278,22,54.977558, 54.295906, 128.681412, 69.845139,14.117659, 251.933899, 1.012554
5, 278,23,149.957336, 149.959030, 128.681412, 69.845139,14.117659, 251.933899, 0.999989
5, 278,24,238.500595, 238.959244, 128.681412, 69.845139,14.117659, 251.933899, 0.998081
5, 278,25,113.435654, 111.509239, 128.681412, 69.845139,14.117659, 251.933899, 1.017276
5, 278,26,113.167999, 113.808372, 128.681412, 69.845139,14.117659, 251.933899, 0.994373
5, 278,27,16.472046, 16.088135, 128.681412, 69.845139,14.117659, 251.933899, 1.023863
5, 278,28,186.291458, 185.686172, 128.681412, 69.845139,14.117659, 251.933899, 1.003260
5, 278,29,121.165482, 120.554474, 128.681412, 69.845139,14.117659, 251.933899, 1.005068
5, 278,30,127.868141, 129.062744, 128.681412, 69.845139,14.117659, 251.933899, 0.990744
5, 278,31,81.746071, 81.749229, 128.681412, 69.845139,14.117659, 251.933899, 0.999961
5, 279,0,166.720215, 166.437439, 129.040909, 71.605392,10.953996, 241.992371, 1.001699
5, 279,1,222.259125, 223.420670, 129.040909, 71.605392,10.953996, 241.992371, 0.994801
5, 279,2,220.278488, 221.754883, 129.040909, 71.605392,10.953996, 241.992371, 0.993342
5, 279,3,98.663994, 98.718239, 129.040909, 71.605392,10.953996, 241.992371, 0.999451
5, 279,4,59.369282, 59.480057, 129.040909, 71.605392,10.953996, 241.992371, 0.998138
5, 279,5,195.010361, 194.600845, 129.040909, 71.605392,10.953996, 241.992371, 1.002104
5, 279,6,238.526978, 237.474152, 129.040909, 71.605392,10.953996, 241.992371, 1.004433
5, 279,7,153.904617, 154.049789, 129.040909, 71.605392,10.953996, 241.992371, 0.999058
5, 279,8,147.173141, 146.617188, 129.040909, 71.605392,10.953996, 241.992371, 1.003792
5, 279,9,37.995148, 36.151726, 129.040909, 71.605392,10.953996, 241.992371, 1.050991
5, 279,10,130.151382, 129.669739, 129.040909, 71.605392,10.953996, 241.992371, 1.003714
5, 279,11,43.606918, 42.702015, 129.040909, 71.605392,10.953996, 241.992371, 1.021191
5, 279,12,10.953996, 10.967014, 129.040909, 71.605392,10.953996, 241.992371, 0.998813
5, 279,13,235.301575, 235.441284, 129.040909, 71.605392,10.953996, 241.992371, 0.999407
5, 279,14,148.987518, 148.057129, 129.040909, 71.605392,10.953996, 241.992371, 1.006284
5, 279,15,241.992371, 240.756348, 129.040909, 71.605392,10.953996, 241.992371, 1.005134
5, 279,16,214.829742, 215.197525, 129.040909, 71.605392,10.953996, 241.992371, 0.998291
5, 279,17,186.046631, 186.010666, 129.040909, 71.605392,10.953996, 241.992371, 1.000193
5, 279,18,138.631744, 139.325760, 129.040909, 71.605392,10.953996, 241.992371, 0.995019
5, 279,19,71.929802, 71.691254, 129.040909, 71.605392,10.953996, 241.992371, 1.003327
5, 279,20,70.165405, 69.072556, 129.040909, 71.605392,10.953996, 241.992371, 1.015822
5, 279,21,56.730183, 56.861355, 129.040909, 71.605392,10.953996, 241.992371, 0.997693
5, 279,22,99.266205, 97.595932, 129.040909, 71.605392,10.953996, 241.992371, 1.017114
5, 279,23,17.542177, 15.802084, 129.040909, 71.605392,10.953996, 241.992371, 1.110118
5, 279,24,96.841454, 97.334770, 129.040909, 71.605392,10.953996, 241.992371, 0.994932
5, 279,25,125.048134, 125.088776, 129.040909, 71.605392,10.953996, 241.992371, 0.999675
5, 279,26,229.468765, 229.321579, 129.040909, 71.605392,10.953996, 241.992371, 1.000642
5, 279,27,156.699753, 156.816727, 129.040909, 71.605392,10.953996, 241.992371, 0.999254
5, 279,28,137.940994, 137.017624, 129.040909, 71.605392,10.953996, 241.992371, 1.006739
5, 279,29,36.884586, 36.801109, 129.040909, 71.605392,10.953996, 241.992371, 1.002268
5, 279,30,76.947556, 77.091003, 129.040909, 71.605392,10.953996, 241.992371, 0.998139
5, 279,31,63.440926, 63.672802, 129.040909, 71.605392,10.953996, 241.992371, 0.996358
5, 280,0,66.187836, 65.075958, 129.028397, 64.547180,12.412128, 222.155304, 1.017086
5, 280,1,108.869293, 108.813156, 129.028397, 64.547180,12.412128, 222.155304, 1.000516
5, 280,2,59.923958, 60.927139, 129.028397, 64.547180,12.412128, 222.155304, 0.983535
5, 280,3,192.616913, 192.091721, 129.028397, 64.547180,12.412128, 222.155304, 1.002734
5, 280,4,113.363411, 113.539322, 129.028397, 64.547180,12.412128, 222.155304, 0.998451
5, 280,5,221.898621, 221.851807, 129.028397, 64.547180,12.412128, 222.155304, 1.000211
5, 280,6,137.349411, 136.210159, 129.028397, 64.547180,12.412128, 222.155304, 1.008364
5, 280,7,213.099594, 213.493744, 129.028397, 64.547180,12.412128, 222.155304, 0.998154
5, 280,8,115.949677, 115.707718, 129.028397, 64.547180,12.412128, 222.155304, 1.002091
5, 280,9,12.412128, 11.523920, 129.028397, 64.547180,12.412128, 222.155304, 1.077075
5, 280,10,72.548996, 72.997665, 129.028397, 64.547180,12.412128, 222.155304, 0.993854
5, 280,11,25.340912, 23.419899, 129.028397, 64.547180,12.412128, 222.155304, 1.082025
5, 280,12,193.393616, 192.857040, 129.028397, 64.547180,12.412128, 222.155304, 1.002782
5, 280,13,216.948227, 216.548294, 129.028397, 64.547180,12.412128, 222.155304, 1.001847
5, 280,14,176.808594, 176.845795, 129.028397, 64.547180,12.412128, 222.155304, 0.999790
5, 280,15,48.670326, 49.219135, 129.028397, 64.547180,12.412128, 222.155304, 0.988850
5, 280,16,200.662643, 200.302094, 129.028397, 64.547180,12.412128, 222.155304, 1.001800
5, 280,17,168.931625, 168.642151, 129.028397, 64.547180,12.412128, 222.155304, 1.001716
5, 280,18,151.051086, 150.234253, 129.028397, 64.547180,12.412128, 222.155304, 1.005437
5, 280,19,61.854481, 61.336651, 129.028397, 64.547180,12.412128, 222.155304, 1.008442
5, 280,20,123.348145, 123.528717, 129.028397, 64.547180,12.412128, 222.155304, 0.998538
5, 280,21,151.199005, 151.200974, 129.028397, 64.547180,12.412128, 222.155304, 0.999987
5, 280,22,72.845520, 73.252769, 129.028397, 64.547180,12.412128, 222.155304, 0.994440
5, 280,23,218.524368, 218.300461, 129.028397, 64.547180,12.412128, 222.155304, 1.001026
5, 280,24,161.153839, 160.277374, 129.028397, 64.547180,12.412128, 222.155304, 1.005468
5, 280,25,79.167328, 80.644119, 129.028397, 64.547180,12.412128, 222.155304, 0.981688
5, 280,26,96.455940, 97.514656, 129.028397, 64.547180,12.412128, 222.155304, 0.989143
5, 280,27,33.501549, 32.731255, 129.028397, 64.547180,12.412128, 222.155304, 1.023534
5, 280,28,222.155304, 220.495712, 129.028397, 64.547180,12.412128, 222.155304, 1.007527
5, 280,29,155.032272, 154.228668, 129.028397, 64.547180,12.412128, 222.155304, 1.005211
5, 280,30,179.742905, 180.021194, 129.028397, 64.547180,12.412128, 222.155304, 0.998454
5, 280,31,77.901390, 77.166626, 129.028397, 64.547180,12.412128, 222.155304, 1.009522
5, 281,0,238.416321, 239.148438, 128.888840, 77.541245,13.404119, 242.574844, 0.996939
5, 281,1,211.381714, 210.774902, 128.888840, 77.541245,13.404119, 242.574844, 1.002879
5, 281,2,204.623245, 205.164352, 128.888840, 77.541245,13.404119, 242.574844, 0.997363
5, 281,3,148.104431, 147.740021, 128.888840, 77.541245,13.404119, 242.574844, 1.002467
5, 281,4,63.212719, 63.610313, 128.888840, 77.541245,13.404119, 242.574844, 0.993749
5, 281,5,71.096458, 69.933769, 128.888840, 77.541245,13.404119, 242.574844, 1.016626
5, 281,6,214.799057, 214.146912, 128.888840, 77.541245,13.404119, 242.574844, 1.003045
5, 281,7,198.509460, 199.339935, 128.888840, 77.541245,13.404119, 242.574844, 0.995834
5, 281,8,122.067459, 122.610176, 128.888840, 77.541245,13.404119, 242.574844, 0.995574
5, 281,9,240.406311, 239.319534, 128.888840, 77.541245,13.404119, 242.574844, 1.004541
5, 281,10,143.002213, 141.894196, 128.888840, 77.541245,13.404119, 242.574844, 1.007809
5, 281,11,55.475788, 56.025024, 128.888840, 77.541245,13.404119, 242.574844, 0.990197
5, 281,12,191.556915, 191.426712, 128.888840, 77.541245,13.404119, 242.574844, 1.000680
5, 281,13,67.491425, 67.338799, 128.888840, 77.541245,13.404119, 242.574844, 1.002267
5, 281,14,197.195831, 197.201218, 128.888840, 77.541245,13.404119, 242.574844, 0.999973
5, 281,15,242.574844, 241.329926, 128.888840, 77.541245,13.404119, 242.574844, 1.005159
5, 281,16,38.544498, 38.672962, 128.888840, 77.541245,13.404119, 242.574844, 0.996678
5, 281,17,83.156754, 84.897598, 128.888840, 77.541245,13.404119, 242.574844, 0.979495
5, 281,18,94.372231, 94.642990, 128.888840, 77.541245,13.404119, 242.574844, 0.997139
5, 281,19,142.806152, 142.478775, 128.888840, 77.541245,13.404119, 242.574844, 1.002298
5, 281,20,186.308792, 186.486282, 128.888840, 77.541245,13.404119, 242.574844, 0.999048
5, 281,21,221.882584, 221.340134, 128.888840, 77.541245,13.404119, 242.574844, 1.002451
5, 281,22,113.682976, 114.276329, 128.888840, 77.541245,13.404119, 242.574844, 0.994808
5, 281,23,232.831314, 233.430969, 128.888840, 77.541245,13.404119, 242.574844, 0.997431
5, 281,24,61.242363, 59.482605, 128.888840, 77.541245,13.404119, 242.574844, 1.029584
5, 281,25,13.601161, 13.792645, 128.888840, 77.541245,13.404119, 242.574844, 0.986117
5, 281,26,153.003128, 152.438034, 128.888840, 77.541245,13.404119, 242.574844, 1.003707
5, 281,27,47.191055, 46.015865, 128.888840, 77.541245,13.404119, 242.574844, 1.025539
5, 281,28,13.404119, 12.416741, 128.888840, 77.541245,13.404119, 242.574844, 1.079520
5, 281,29,29.011736, 28.763611, 128.888840, 77.541245,13.404119, 242.574844, 1.008626
5, 281,30,40.374767, 41.360607, 128.888840, 77.541245,13.404119, 242.574844, 0.976165
5, 281,31,43.114803, 43.499317, 128.888840, 77.541245,13.404119, 242.574844, 0.991160
5, 282,0,65.798889, 65.423874, 128.553925, 73.003876,11.071626, 244.401031, 1.005732
5, 282,1,102.728622, 102.362686, 128.553925, 73.003876,11.071626, 244.401031, 1.003575
5, 282,2,100.392868, 102.018044, 128.553925, 73.003876,11.071626, 244.401031, 0.984070
5, 282,3,16.929770, 16.634260, 128.553925, 73.003876,11.071626, 244.401031, 1.017765
5, 282,4,181.822174, 182.036453, 128.553925, 73.003876,11.071626, 244.401031, 0.998823
5, 282,5,108.648560, 109.819366, 128.553925, 73.003876,11.071626, 244.401031, 0.989339
5, 282,6,11.071626, 10.853760, 128.553925, 73.003876,11.071626, 244.401031, 1.020073
5, 282,7,52.591389, 53.894203, 128.553925, 73.003876,11.071626, 244.401031, 0.975826
5, 282,8,54.033524, 53.573067, 128.553925, 73.003876,11.071626, 244.401031, 1.008595
5, 282,9,154.841476, 154.739655, 128.553925, 73.003876,11.071626, 244.401031, 1.000658
5, 282,10,16.714140, 15.710007, 128.553925, 73.003876,11.071626, 244.401031, 1.063917
5, 282,11,212.213745, 212.497650, 128.553925, 73.003876,11.071626, 244.401031, 0.998664
5, 282,12,104.434998, 105.440918, 128.553925, 73.003876,11.071626, 244.401031, 0.990460
5, 282,13,150.715714, 151.105301, 128.553925, 73.003876,11.071626, 244.401031, 0.997422
5, 282,14,11.556009, 12.326299, 128.553925, 73.003876,11.071626, 244.401031, 0.937508
5, 282,15,222.239304, 223.862839, 128.553925, 73.003876,11.071626, 244.401031, 0.992748
5, 282,16,191.387177, 192.532211, 128.553925, 73.003876,11.071626, 244.401031, 0.994053
5, 282,17,177.487701, 178.456924, 128.553925, 73.003876,11.071626, 244.401031, 0.994569
5, 282,18,187.303207, 187.848297, 128.553925, 73.003876,11.071626, 244.401031, 0.997098
5, 282,19,175.471191, 174.336960, 128.553925, 73.003876,11.071626, 244.401031, 1.006506
5, 282,20,36.761677, 37.390800, 128.553925, 73.003876,11.071626, 244.401031, 0.983174
5, 282,21,225.367783, 226.087311, 128.553925, 73.003876,11.071626, 244.401031, 0.996817
5, 282,22,152.452240, 151.880737, 128.553925, 73.003876,11.071626, 244.401031, 1.003763
5, 282,23,64.200012, 64.209808, 128.553925, 73.003876,11.071626, 244.401031, 0.999847
5, 282,24,199.219635, 200.247391, 128.553925, 73.003876,11.071626, 244.401031, 0.994868
5, 282,25,139.145462, 138.361557, 128.553925, 73.003876,11.071626, 244.401031, 1.005666
5, 282,26,29.645884, 31.101177, 128.553925, 73.003876,11.071626, 244.401031, 0.953208
5, 282,27,149.430893, 149.217636, 128.553925, 73.003876,11.071626, 244.401031, 1.001429
5, 282,28,189.095200, 188.185089, 128.553925, 73.003876,11.071626, 244.401031, 1.004836
5, 282,29,186.197586, 186.070267, 128.553925, 73.003876,11.071626, 244.401031, 1.000684
5, 282,30,199.426300, 198.821854, 128.553925, 73.003876,11.071626, 244.401031, 1.003040
5, 282,31,244.401031, 243.953613, 128.553925, 73.003876,11.071626, 244.401031, 1.001834
5, 283,0,185.777100, 186.371368, 128.776611, 77.501945,21.410124, 253.548248, 0.996811
5, 283,1,243.206970, 243.133957, 128.776611, 77.501945,21.410124, 253.548248, 1.000300
5, 283,2,32.880939, 31.876696, 128.776611, 77.501945,21.410124, 253.548248, 1.031504
5, 283,3,138.243713, 140.342316, 128.776611, 77.501945,21.410124, 253.548248, 0.985047
5, 283,4,226.189972, 228.546967, 128.776611, 77.501945,21.410124, 253.548248, 0.989687
5, 283,5,97.583290, 97.370239, 128.776611, 77.501945,21.410124, 253.548248, 1.002188
5, 283,6,69.567192, 69.076180, 128.776611, 77.501945,21.410124, 253.548248, 1.007108
5, 283,7,116.917351, 116.804390, 128.776611, 77.501945,21.410124, 253.548248, 1.000967
5, 283,8,139.732559, 140.342316, 128.776611, 77.501945,21.410124, 253.548248, 0.995655
5, 283,9,25.267342, 25.300034, 128.776611, 77.501945,21.410124, 253.548248, 0.998708
5, 283,10,253.548248, 255.012924, 128.776611, 77.501945,21.410124, 253.548248, 0.994256
5, 283,11,36.505760, 36.739025, 128.776611, 77.501945,21.410124, 253.548248, 0.993651
5, 283,12,21.410124, 23.585701, 128.776611, 77.501945,21.410124, 253.548248, 0.907759
5, 283,13,206.622055, 206.040665, 128.776611, 77.501945,21.410124, 253.548248, 1.002822
5, 283,14,216.125214, 214.134430, 128.776611, 77.501945,21.410124, 253.548248, 1.009297
5, 283,15,169.830811, 168.621216, 128.776611, 77.501945,21.410124, 253.548248, 1.007173
5, 283,16,30.734436, 31.778084, 128.776611, 77.501945,21.410124, 253.548248, 0.967158
5, 283,17,161.201187, 160.739838, 128.776611, 77.501945,21.410124, 253.548248, 1.002870
5, 283,18,70.214729, 70.828430, 128.776611, 77.501945,21.410124, 253.548248, 0.991335
5, 283,19,223.783768, 222.888168, 128.776611, 77.501945,21.410124, 253.548248, 1.004018
5, 283,20,160.800064, 161.384613, 128.776611, 77.501945,21.410124, 253.548248, 0.996378
5, 283,21,155.959076, 155.551331, 128.776611, 77.501945,21.410124, 253.548248, 1.002621
5, 283,22,126.302841, 124.473373, 128.776611, 77.501945,21.410124, 253.548248, 1.014698
5, 283,23,107.216423, 109.393318, 128.776611, 77.501945,21.410124, 253.548248, 0.980100
5, 283,24,122.921486, 123.153481, 128.776611, 77.501945,21.410124, 253.548248, 0.998116
5, 283,25,127.016693, 127.143478, 128.776611, 77.501945,21.410124, 253.548248, 0.999003
5, 283,26,250.690369, 251.060852, 128.776611, 77.501945,21.410124, 253.548248, 0.998524
5, 283,27,23.910894, 23.525017, 128.776611, 77.501945,21.410124, 253.548248, 1.016403
5, 283,28,235.888412, 233.561020, 128.776611, 77.501945,21.410124, 253.548248, 1.009965
5, 283,29,22.155865, 22.455456, 128.776611, 77.501945,21.410124, 253.548248, 0.986658
5, 283,30,34.361885, 33.636543, 128.776611, 77.501945,21.410124, 253.548248, 1.021564
5, 283,31,88.285393, 86.128471, 128.776611, 77.501945,21.410124, 253.548248, 1.025043
5, 284,0,156.027939, 156.742599, 128.534164, 68.556770,12.251100, 237.774185, 0.995441
5, 284,1,95.348946, 95.480492, 128.534164, 68.556770,12.251100, 237.774185, 0.998622
5, 284,2,237.774185, 238.185486, 128.534164, 68.556770,12.251100, 237.774185, 0.998273
5, 284,3,128.107239, 128.954407, 128.534164, 68.556770,12.251100, 237.774185, 0.993430
5, 284,4,209.496445, 210.181396, 128.534164, 68.556770,12.251100, 237.774185, 0.996741
5, 284,5,109.283493, 108.363380, 128.534164, 68.556770,12.251100, 237.774185, 1.008491
5, 284,6,12.251100, 12.079975, 128.534164, 68.556770,12.251100, 237.774185, 1.014166
5, 284,7,137.471573, 137.547821, 128.534164, 68.556770,12.251100, 237.774185, 0.999446
5, 284,8,231.590836, 229.987946, 128.534164, 68.556770,12.251100, 237.774185, 1.006969
5, 284,9,143.641251, 142.938477, 128.534164, 68.556770,12.251100, 237.774185, 1.004917
5, 284,10,112.670296, 113.214264, 128.534164, 68.556770,12.251100, 237.774185, 0.995195
5, 284,11,115.754669, 117.273453, 128.534164, 68.556770,12.251100, 237.774185, 0.987049
5, 284,12,50.704842, 49.850594, 128.534164, 68.556770,12.251100, 237.774185, 1.017136
5, 284,13,51.609505, 52.491947, 128.534164, 68.556770,12.251100, 237.774185, 0.983189
5, 284,14,206.481720, 206.654800, 128.534164, 68.556770,12.251100, 237.774185, 0.999162
5, 284,15,214.768875, 214.514084, 128.534164, 68.556770,12.251100, 237.774185, 1.001188
5, 284,16,36.654873, 37.269981, 128.534164, 68.556770,12.251100, 237.774185, 0.983496
5, 284,17,205.867889, 205.841507, 128.534164, 68.556770,12.251100, 237.774185, 1.000128
5, 284,18,78.383720, 78.272118, 128.534164, 68.556770,12.251100, 237.774185, 1.001426
5, 284,19,163.452179, 163.399948, 128.534164, 68.556770,12.251100, 237.774185, 1.000320
5, 284,20,59.590378, 59.055740, 128.534164, 68.556770,12.251100, 237.774185, 1.009053
5, 284,21,139.215332, 139.483841, 128.534164, 68.556770,12.251100, 237.774185, 0.998075
5, 284,22,52.214626, 52.362396, 128.534164, 68.556770,12.251100, 237.774185, 0.997178
5, 284,23,184.318954, 185.084946, 128.534164, 68.556770,12.251100, 237.774185, 0.995861
5, 284,24,232.446228, 232.607697, 128.534164, 68.556770,12.251100, 237.774185, 0.999306
5, 284,25,106.753593, 106.564095, 128.534164, 68.556770,12.251100, 237.774185, 1.001778
5, 284,26,27.629679, 29.655403, 128.534164, 68.556770,12.251100, 237.774185, 0.931691
5, 284,27,130.241058, 129.760498, 128.534164, 68.556770,12.251100, 237.774185, 1.003703
5, 284,28,107.063759, 109.752434, 128.534164, 68.556770,12.251100, 237.774185, 0.975502
5, 284,29,16.823450, 17.384272, 128.534164, 68.556770,12.251100, 237.774185, 0.967740
5, 284,30,218.670395, 219.062668, 128.534164, 68.556770,12.251100, 237.774185, 0.998209
5, 284,31,140.784378, 140.980835, 128.534164, 68.556770,12.251100, 237.774185, 0.998607
5, 285,0,114.918770, 115.898926, 129.112976, 63.353706,14.402802, 212.288803, 0.991543
5, 285,1,48.099033, 47.338108, 129.112976, 63.353706,14.402802, 212.288803, 1.016074
5, 285,2,132.079224, 131.457489, 129.112976, 63.353706,14.402802, 212.288803, 1.004730
5, 285,3,95.133461, 94.702995, 129.112976, 63.353706,14.402802, 212.288803, 1.004545
5, 285,4,107.787308, 107.175934, 129.112976, 63.353706,14.402802, 212.288803, 1.005704
5, 285,5,38.022087, 38.397827, 129.112976, 63.353706,14.402802, 212.288803, 0.990215
5, 285,6,194.595032, 194.089172, 129.112976, 63.353706,14.402802, 212.288803, 1.002606
5, 285,7,210.494415, 211.423386, 129.112976, 63.353706,14.402802, 212.288803, 0.995606
5, 285,8,48.479286, 48.306641, 129.112976, 63.353706,14.402802, 212.288803, 1.003574
5, 285,9,201.806839, 201.371780, 129.112976, 63.353706,14.402802, 212.288803, 1.002160
5, 285,10,14.402802, 13.464361, 129.112976, 63.353706,14.402802, 212.288803, 1.069698
5, 285,11,43.716728, 43.377068, 129.112976, 63.353706,14.402802, 212.288803, 1.007830
5, 285,12,205.894714, 206.344818, 129.112976, 63.353706,14.402802, 212.288803, 0.997819
5, 285,13,54.544788, 55.471287, 129.112976, 63.353706,14.402802, 212.288803, 0.983298
5, 285,14,172.993530, 172.570389, 129.112976, 63.353706,14.402802, 212.288803, 1.002452
5, 285,15,114.284081, 114.502007, 129.112976, 63.353706,14.402802, 212.288803, 0.998097
5, 285,16,24.218355, 23.224171, 129.112976, 63.353706,14.402802, 212.288803, 1.042808
5, 285,17,165.735764, 166.423950, 129.112976, 63.353706,14.402802, 212.288803, 0.995865
5, 285,18,163.184479, 163.630112, 129.112976, 63.353706,14.402802, 212.288803, 0.997277
5, 285,19,111.233505, 109.336510, 129.112976, 63.353706,14.402802, 212.288803, 1.017350
5, 285,20,164.709396, 163.692200, 129.112976, 63.353706,14.402802, 212.288803, 1.006214
5, 285,21,97.943108, 96.844940, 129.112976, 63.353706,14.402802, 212.288803, 1.011339
5, 285,22,188.288849, 188.271774, 129.112976, 63.353706,14.402802, 212.288803, 1.000091
5, 285,23,212.288803, 211.417191, 129.112976, 63.353706,14.402802, 212.288803, 1.004123
5, 285,24,53.355251, 51.417110, 129.112976, 63.353706,14.402802, 212.288803, 1.037694
5, 285,25,128.397842, 127.111526, 129.112976, 63.353706,14.402802, 212.288803, 1.010120
5, 285,26,190.071640, 191.028366, 129.112976, 63.353706,14.402802, 212.288803, 0.994992
5, 285,27,164.237183, 162.878876, 129.112976, 63.353706,14.402802, 212.288803, 1.008339
5, 285,28,206.196960, 206.996704, 129.112976, 63.353706,14.402802, 212.288803, 0.996136
5, 285,29,167.131165, 166.535706, 129.112976, 63.353706,14.402802, 212.288803, 1.003576
5, 285,30,201.923294, 201.272430, 129.112976, 63.353706,14.402802, 212.288803, 1.003234
5, 285,31,95.447571, 95.025841, 129.112976, 63.353706,14.402802, 212.288803, 1.004438
5, 286,0,103.514938, 103.223000, 128.869492, 66.616936,12.639017, 226.081650, 1.002828
5, 286,1,191.506180, 190.890900, 128.869492, 66.616936,12.639017, 226.081650, 1.003223
5, 286,2,67.109482, 67.420181, 128.869492, 66.616936,12.639017, 226.081650, 0.995392
5, 286,3,193.366928, 193.242584, 128.869492, 66.616936,12.639017, 226.081650, 1.000643
5, 286,4,151.011581, 150.957565, 128.869492, 66.616936,12.639017, 226.081650, 1.000358
5, 286,5,95.908813, 97.479477, 128.869492, 66.616936,12.639017, 226.081650, 0.983887
5, 286,6,175.427292, 175.544678, 128.869492, 66.616936,12.639017, 226.081650, 0.999331
5, 286,7,205.709991, 206.169281, 128.869492, 66.616936,12.639017, 226.081650, 0.997772
5, 286,8,131.027542, 131.096436, 128.869492, 66.616936,12.639017, 226.081650, 0.999474
5, 286,9,219.178574, 218.477921, 128.869492, 66.616936,12.639017, 226.081650, 1.003207
5, 286,10,14.346321, 14.680747, 128.869492, 66.616936,12.639017, 226.081650, 0.977220
5, 286,11,158.780701, 158.118134, 128.869492, 66.616936,12.639017, 226.081650, 1.004190
5, 286,12,157.951599, 158.087982, 128.869492, 66.616936,12.639017, 226.081650, 0.999137
5, 286,13,182.858810, 182.705246, 128.869492, 66.616936,12.639017, 226.081650, 1.000841
5, 286,14,164.589233, 164.472183, 128.869492, 66.616936,12.639017, 226.081650, 1.000712
5, 286,15,34.916172, 35.280556, 128.869492, 66.616936,12.639017, 226.081650, 0.989672
5, 286,16,160.591217, 161.080338, 128.869492, 66.616936,12.639017, 226.081650, 0.996964
5, 286,17,169.713852, 169.002197, 128.869492, 66.616936,12.639017, 226.081650, 1.004211
5, 286,18,66.820480, 65.814705, 128.869492, 66.616936,12.639017, 226.081650, 1.015282
5, 286,19,226.081650, 224.221436, 128.869492, 66.616936,12.639017, 226.081650, 1.008296
5, 286,20,13.926921, 12.329067, 128.869492, 66.616936,12.639017, 226.081650, 1.129601
5, 286,21,57.945770, 58.134060, 128.869492, 66.616936,12.639017, 226.081650, 0.996761
5, 286,22,225.190735, 225.630936, 128.869492, 66.616936,12.639017, 226.081650, 0.998049
5, 286,23,115.152649, 115.041702, 128.869492, 66.616936,12.639017, 226.081650, 1.000964
5, 286,24,166.445602, 167.298737, 128.869492, 66.616936,12.639017, 226.081650, 0.994901
5, 286,25,12.639017, 12.977287, 128.869492, 66.616936,12.639017, 226.081650, 0.973934
5, 286,26,136.103363, 136.598755, 128.869492, 66.616936,12.639017, 226.081650, 0.996373
5, 286,27,175.465363, 174.376389, 128.869492, 66.616936,12.639017, 226.081650, 1.006245
5, 286,28,45.452011, 45.825428, 128.869492, 66.616936,12.639017, 226.081650, 0.991851
5, 286,29,180.135284, 179.358627, 128.869492, 66.616936,12.639017, 226.081650, 1.004330
5, 286,30,70.182426, 69.967834, 128.869492, 66.616936,12.639017, 226.081650, 1.003067
5, 286,31,54.773453, 55.495956, 128.869492, 66.616936,12.639017, 226.081650, 0.986981
5, 287,0,139.362106, 140.716187, 128.839432, 63.805260,21.382833, 238.265381, 0.990377
5, 287,1,37.319160, 37.790440, 128.839432, 63.805260,21.382833, 238.265381, 0.987529
5, 287,2,189.037033, 189.678970, 128.839432, 63.805260,21.382833, 238.265381, 0.996616
5, 287,3,238.265381, 237.156342, 128.839432, 63.805260,21.382833, 238.265381, 1.004676
5, 287,4,201.679306, 201.764496, 128.839432, 63.805260,21.382833, 238.265381, 0.999578
5, 287,5,53.315559, 50.538479, 128.839432, 63.805260,21.382833, 238.265381, 1.054950
5, 287,6,55.619396, 56.989208, 128.839432, 63.805260,21.382833, 238.265381, 0.975964
5, 287,7,125.415787, 124.592857, 128.839432, 63.805260,21.382833, 238.265381, 1.006605
5, 287,8,111.121574, 111.586784, 128.839432, 63.805260,21.382833, 238.265381, 0.995831
5, 287,9,171.490921, 171.526276, 128.839432, 63.805260,21.382833, 238.265381, 0.999794
5, 287,10,99.668823, 100.233498, 128.839432, 63.805260,21.382833, 238.265381, 0.994366
5, 287,11,46.172188, 45.998562, 128.839432, 63.805260,21.382833, 238.265381, 1.003775
5, 287,12,41.135567, 40.858894, 128.839432, 63.805260,21.382833, 238.265381, 1.006771
5, 287,13,162.574829, 162.899734, 128.839432, 63.805260,21.382833, 238.265381, 0.998006
5, 287,14,96.461662, 96.272408, 128.839432, 63.805260,21.382833, 238.265381, 1.001966
5, 287,15,167.352768, 167.467545, 128.839432, 63.805260,21.382833, 238.265381, 0.999315
5, 287,16,200.192673, 201.506470, 128.839432, 63.805260,21.382833, 238.265381, 0.993480
5, 287,17,115.288689, 114.724983, 128.839432, 63.805260,21.382833, 238.265381, 1.004914
5, 287,18,225.478149, 225.363708, 128.839432, 63.805260,21.382833, 238.265381, 1.000508
5, 287,19,82.152725, 82.234230, 128.839432, 63.805260,21.382833, 238.265381, 0.999009
5, 287,20,154.484848, 154.928711, 128.839432, 63.805260,21.382833, 238.265381, 0.997135
5, 287,21,35.481361, 35.182251, 128.839432, 63.805260,21.382833, 238.265381, 1.008502
5, 287,22,158.782272, 158.234268, 128.839432, 63.805260,21.382833, 238.265381, 1.003463
5, 287,23,208.368942, 206.939026, 128.839432, 63.805260,21.382833, 238.265381, 1.006910
5, 287,24,21.382833, 22.008820, 128.839432, 63.805260,21.382833, 238.265381, 0.971557
5, 287,25,133.790192, 133.895844, 128.839432, 63.805260,21.382833, 238.265381, 0.999211
5, 287,26,176.891647, 177.063431, 128.839432, 63.805260,21.382833, 238.265381, 0.999030
5, 287,27,46.798916, 46.870277, 128.839432, 63.805260,21.382833, 238.265381, 0.998477
5, 287,28,117.789688, 117.179741, 128.839432, 63.805260,21.382833, 238.265381, 1.005205
5, 287,29,121.168282, 120.241226, 128.839432, 63.805260,21.382833, 238.265381, 1.007710
5, 287,30,224.231262, 224.150284, 128.839432, 63.805260,21.382833, 238.265381, 1.000361
5, 287,31,164.587219, 164.406067, 128.839432, 63.805260,21.382833, 238.265381, 1.001102
5, 288,0,212.089569, 211.136108, 128.624390, 67.733459,11.546943, 234.537018, 1.004516
5, 288,1,64.741348, 65.390900, 128.624390, 67.733459,11.546943, 234.537018, 0.990067
5, 288,2,198.225433, 196.965866, 128.624390, 67.733459,11.546943, 234.537018, 1.006395
5, 288,3,172.622894, 172.074799, 128.624390, 67.733459,11.546943, 234.537018, 1.003185
5, 288,4,214.428543, 213.557617, 128.624390, 67.733459,11.546943, 234.537018, 1.004078
5, 288,5,11.546943, 11.559141, 128.624390, 67.733459,11.546943, 234.537018, 0.998945
5, 288,6,140.057617, 138.360107, 128.624390, 67.733459,11.546943, 234.537018, 1.012269
5, 288,7,53.268951, 53.193729, 128.624390, 67.733459,11.546943, 234.537018, 1.001414
5, 288,8,25.155813, 24.239237, 128.624390, 67.733459,11.546943, 234.537018, 1.037814
5, 288,9,179.454407, 177.973312, 128.624390, 67.733459,11.546943, 234.537018, 1.008322
5, 288,10,178.048752, 180.098160, 128.624390, 67.733459,11.546943, 234.537018, 0.988621
5, 288,11,68.881889, 69.799278, 128.624390, 67.733459,11.546943, 234.537018, 0.986857
5, 288,12,132.103470, 132.199417, 128.624390, 67.733459,11.546943, 234.537018, 0.999274
5, 288,13,116.988396, 117.635933, 128.624390, 67.733459,11.546943, 234.537018, 0.994495
5, 288,14,70.963333, 72.476028, 128.624390, 67.733459,11.546943, 234.537018, 0.979128
5, 288,15,204.770721, 204.644302, 128.624390, 67.733459,11.546943, 234.537018, 1.000618
5, 288,16,63.325962, 62.569271, 128.624390, 67.733459,11.546943, 234.537018, 1.012094
5, 288,17,234.537018, 235.344193, 128.624390, 67.733459,11.546943, 234.537018, 0.996570
5, 288,18,191.105194, 191.136337, 128.624390, 67.733459,11.546943, 234.537018, 0.999837
5, 288,19,97.992981, 99.174599, 128.624390, 67.733459,11.546943, 234.537018, 0.988086
5, 288,20,55.782848, 55.297878, 128.624390, 67.733459,11.546943, 234.537018, 1.008770
5, 288,21,170.746979, 170.757111, 128.624390, 67.733459,11.546943, 234.537018, 0.999941
5, 288,22,199.403183, 199.483948, 128.624390, 67.733459,11.546943, 234.537018, 0.999595
5, 288,23,154.716248, 155.724518, 128.624390, 67.733459,11.546943, 234.537018, 0.993525
5, 288,24,158.827682, 160.505432, 128.624390, 67.733459,11.546943, 234.537018, 0.989547
5, 288,25,184.091309, 184.244385, 128.624390, 67.733459,11.546943, 234.537018, 0.999169
5, 288,26,231.346954, 231.805069, 128.624390, 67.733459,11.546943, 234.537018, 0.998024
5, 288,27,49.642036, 51.048187, 128.624390, 67.733459,11.546943, 234.537018, 0.972454
5, 288,28,91.588287, 91.923904, 128.624390, 67.733459,11.546943, 234.537018, 0.996349
5, 288,29,41.189915, 42.397026, 128.624390, 67.733459,11.546943, 234.537018, 0.971528
5, 288,30,82.031364, 82.851906, 128.624390, 67.733459,11.546943, 234.537018, 0.990096
5, 288,31,66.304344, 65.432297, 128.624390, 67.733459,11.546943, 234.537018, 1.013327
5, 289,0,117.053421, 118.299316, 128.890381, 53.722012,27.057325, 211.361221, 0.989468
5, 289,1,170.527725, 171.256058, 128.890381, 53.722012,27.057325, 211.361221, 0.995747
5, 289,2,129.244049, 130.209534, 128.890381, 53.722012,27.057325, 211.361221, 0.992585
5, 289,3,110.714890, 110.787415, 128.890381, 53.722012,27.057325, 211.361221, 0.999345
5, 289,4,67.504669, 67.696777, 128.890381, 53.722012,27.057325, 211.361221, 0.997162
5, 289,5,119.091728, 118.172752, 128.890381, 53.722012,27.057325, 211.361221, 1.007776
5, 289,6,211.361221, 211.138168, 128.890381, 53.722012,27.057325, 211.361221, 1.001056
5, 289,7,109.246788, 108.218048, 128.890381, 53.722012,27.057325, 211.361221, 1.009506
5, 289,8,167.998657, 168.395599, 128.890381, 53.722012,27.057325, 211.361221, 0.997643
5, 289,9,206.592346, 206.594315, 128.890381, 53.722012,27.057325, 211.361221, 0.999990
5, 289,10,86.002228, 83.733154, 128.890381, 53.722012,27.057325, 211.361221, 1.027099
5, 289,11,89.084259, 88.587097, 128.890381, 53.722012,27.057325, 211.361221, 1.005612
5, 289,12,154.075836, 153.371780, 128.890381, 53.722012,27.057325, 211.361221, 1.004591
5, 289,13,164.617065, 164.408646, 128.890381, 53.722012,27.057325, 211.361221, 1.001268
5, 289,14,155.254013, 154.972885, 128.890381, 53.722012,27.057325, 211.361221, 1.001814
5, 289,15,163.368500, 162.750580, 128.890381, 53.722012,27.057325, 211.361221, 1.003797
5, 289,16,153.467728, 153.086990, 128.890381, 53.722012,27.057325, 211.361221, 1.002487
5, 289,17,181.916229, 181.096848, 128.890381, 53.722012,27.057325, 211.361221, 1.004525
5, 289,18,82.451157, 83.701508, 128.890381, 53.722012,27.057325, 211.361221, 0.985062
5, 289,19,152.189133, 153.802109, 128.890381, 53.722012,27.057325, 211.361221, 0.989513
5, 289,20,49.178326, 48.312634, 128.890381, 53.722012,27.057325, 211.361221, 1.017919
5, 289,21,178.676483, 179.470428, 128.890381, 53.722012,27.057325, 211.361221, 0.995576
5, 289,22,59.645000, 58.286320, 128.890381, 53.722012,27.057325, 211.361221, 1.023310
5, 289,23,145.208969, 144.777695, 128.890381, 53.722012,27.057325, 211.361221, 1.002979
5, 289,24,29.983959, 30.295443, 128.890381, 53.722012,27.057325, 211.361221, 0.989718
5, 289,25,27.057325, 27.378012, 128.890381, 53.722012,27.057325, 211.361221, 0.988287
5, 289,26,84.220116, 83.593918, 128.890381, 53.722012,27.057325, 211.361221, 1.007491
5, 289,27,155.591400, 155.181717, 128.890381, 53.722012,27.057325, 211.361221, 1.002640
5, 289,28,40.843769, 41.832264, 128.890381, 53.722012,27.057325, 211.361221, 0.976370
5, 289,29,203.685379, 203.524994, 128.890381, 53.722012,27.057325, 211.361221, 1.000788
5, 289,30,187.185135, 186.988663, 128.890381, 53.722012,27.057325, 211.361221, 1.001051
5, 289,31,171.454849, 171.078873, 128.890381, 53.722012,27.057325, 211.361221, 1.002198
5, 290,0,24.630148, 25.449486, 128.863602, 68.053177,24.630148, 236.304688, 0.967805
5, 290,1,48.484802, 50.296009, 128.863602, 68.053177,24.630148, 236.304688, 0.963989
5, 290,2,223.817459, 222.122559, 128.863602, 68.053177,24.630148, 236.304688, 1.007630
5, 290,3,219.156128, 218.183212, 128.863602, 68.053177,24.630148, 236.304688, 1.004459
5, 290,4,103.435715, 102.270088, 128.863602, 68.053177,24.630148, 236.304688, 1.011397
5, 290,5,166.414093, 166.328079, 128.863602, 68.053177,24.630148, 236.304688, 1.000517
5, 290,6,188.474533, 189.173447, 128.863602, 68.053177,24.630148, 236.304688, 0.996305
5, 290,7,124.812225, 122.582520, 128.863602, 68.053177,24.630148, 236.304688, 1.018189
5, 290,8,94.073158, 95.189072, 128.863602, 68.053177,24.630148, 236.304688, 0.988277
5, 290,9,32.126213, 32.565483, 128.863602, 68.053177,24.630148, 236.304688, 0.986511
5, 290,10,38.491180, 38.533966, 128.863602, 68.053177,24.630148, 236.304688, 0.998890
5, 290,11,236.304688, 237.061249, 128.863602, 68.053177,24.630148, 236.304688, 0.996809
5, 290,12,94.529663, 94.587334, 128.863602, 68.053177,24.630148, 236.304688, 0.999390
5, 290,13,97.400795, 97.120262, 128.863602, 68.053177,24.630148, 236.304688, 1.002889
5, 290,14,50.950939, 51.093670, 128.863602, 68.053177,24.630148, 236.304688, 0.997207
5, 290,15,231.581924, 231.365631, 128.863602, 68.053177,24.630148, 236.304688, 1.000935
5, 290,16,126.265251, 127.256554, 128.863602, 68.053177,24.630148, 236.304688, 0.992210
5, 290,17,77.558281, 76.478966, 128.863602, 68.053177,24.630148, 236.304688, 1.014113
5, 290,18,196.175018, 196.667297, 128.863602, 68.053177,24.630148, 236.304688, 0.997497
5, 290,19,201.497849, 201.530228, 128.863602, 68.053177,24.630148, 236.304688, 0.999839
5, 290,20,233.909302, 232.485184, 128.863602, 68.053177,24.630148, 236.304688, 1.006126
5, 290,21,131.687988, 131.370819, 128.863602, 68.053177,24.630148, 236.304688, 1.002414
5, 290,22,188.460754, 188.865570, 128.863602, 68.053177,24.630148, 236.304688, 0.997857
5, 290,23,75.710732, 75.380432, 128.863602, 68.053177,24.630148, 236.304688, 1.004382
5, 290,24,97.160767, 96.294601, 128.863602, 68.053177,24.630148, 236.304688, 1.008995
5, 290,25,158.930237, 158.694305, 128.863602, 68.053177,24.630148, 236.304688, 1.001487
5, 290,26,147.295166, 147.687927, 128.863602, 68.053177,24.630148, 236.304688, 0.997341
5, 290,27,175.155762, 175.543198, 128.863602, 68.053177,24.630148, 236.304688, 0.997793
5, 290,28,26.661812, 27.646559, 128.863602, 68.053177,24.630148, 236.304688, 0.964381
5, 290,29,100.928787, 101.318489, 128.863602, 68.053177,24.630148, 236.304688, 0.996154
5, 290,30,43.208858, 42.648235, 128.863602, 68.053177,24.630148, 236.304688, 1.013145
5, 290,31,168.345276, 167.209702, 128.863602, 68.053177,24.630148, 236.304688, 1.006791
5, 291,0,129.771637, 128.648285, 128.526291, 55.248600,18.694389, 224.241730, 1.008732
5, 291,1,161.970596, 161.720154, 128.526291, 55.248600,18.694389, 224.241730, 1.001549
5, 291,2,99.772728, 99.872017, 128.526291, 55.248600,18.694389, 224.241730, 0.999006
5, 291,3,148.527298, 149.134369, 128.526291, 55.248600,18.694389, 224.241730, 0.995929
5, 291,4,146.419220, 146.562500, 128.526291, 55.248600,18.694389, 224.241730, 0.999022
5, 291,5,173.243073, 173.375656, 128.526291, 55.248600,18.694389, 224.241730, 0.999235
5, 291,6,129.242157, 128.333633, 128.526291, 55.248600,18.694389, 224.241730, 1.007079
5, 291,7,215.086334, 215.380692, 128.526291, 55.248600,18.694389, 224.241730, 0.998633
5, 291,8,37.963001, 36.183884, 128.526291, 55.248600,18.694389, 224.241730, 1.049169
5, 291,9,177.565536, 178.567307, 128.526291, 55.248600,18.694389, 224.241730, 0.994390
5, 291,10,153.903549, 152.431290, 128.526291, 55.248600,18.694389, 224.241730, 1.009658
5, 291,11,147.449173, 148.826569, 128.526291, 55.248600,18.694389, 224.241730, 0.990745
5, 291,12,67.459991, 68.503326, 128.526291, 55.248600,18.694389, 224.241730, 0.984770
5, 291,13,136.115570, 137.554077, 128.526291, 55.248600,18.694389, 224.241730, 0.989542
5, 291,14,100.469559, 101.089546, 128.526291, 55.248600,18.694389, 224.241730, 0.993867
5, 291,15,173.918365, 173.293594, 128.526291, 55.248600,18.694389, 224.241730, 1.003605
5, 291,16,99.384666, 100.562859, 128.526291, 55.248600,18.694389, 224.241730, 0.988284
5, 291,17,125.258102, 126.466293, 128.526291, 55.248600,18.694389, 224.241730, 0.990447
5, 291,18,18.694389, 19.617174, 128.526291, 55.248600,18.694389, 224.241730, 0.952960
5, 291,19,116.084167, 116.192474, 128.526291, 55.248600,18.694389, 224.241730, 0.999068
5, 291,20,199.291809, 199.744217, 128.526291, 55.248600,18.694389, 224.241730, 0.997735
5, 291,21,61.046925, 61.458035, 128.526291, 55.248600,18.694389, 224.241730, 0.993311
5, 291,22,141.982224, 140.857849, 128.526291, 55.248600,18.694389, 224.241730, 1.007982
5, 291,23,117.445915, 119.626205, 128.526291, 55.248600,18.694389, 224.241730, 0.981774
5, 291,24,218.212524, 219.607864, 128.526291, 55.248600,18.694389, 224.241730, 0.993646
5, 291,25,102.392738, 102.655922, 128.526291, 55.248600,18.694389, 224.241730, 0.997436
5, 291,26,37.085678, 37.483501, 128.526291, 55.248600,18.694389, 224.241730, 0.989387
5, 291,27,74.841499, 73.585526, 128.526291, 55.248600,18.694389, 224.241730, 1.017068
5, 291,28,71.437996, 71.335129, 128.526291, 55.248600,18.694389, 224.241730, 1.001442
5, 291,29,91.382965, 92.019585, 128.526291, 55.248600,18.694389, 224.241730, 0.993082
5, 291,30,224.241730, 224.457504, 128.526291, 55.248600,18.694389, 224.241730, 0.999039
5, 291,31,215.180374, 215.852661, 128.526291, 55.248600,18.694389, 224.241730, 0.996885
5, 292,0,80.700943, 81.781212, 128.742615, 70.053482,12.974017, 230.606613, 0.986791
5, 292,1,78.014015, 77.586693, 128.742615, 70.053482,12.974017, 230.606613, 1.005508
5, 292,2,55.020359, 55.211365, 128.742615, 70.053482,12.974017, 230.606613, 0.996540
5, 292,3,77.039719, 76.142685, 128.742615, 70.053482,12.974017, 230.606613, 1.011781
5, 292,4,42.353943, 41.809547, 128.742615, 70.053482,12.974017, 230.606613, 1.013021
5, 292,5,51.780098, 51.821373, 128.742615, 70.053482,12.974017, 230.606613, 0.999204
5, 292,6,210.844910, 210.841599, 128.742615, 70.053482,12.974017, 230.606613, 1.000016
5, 292,7,224.699738, 224.931046, 128.742615, 70.053482,12.974017, 230.606613, 0.998972
5, 292,8,154.143967, 153.452408, 128.742615, 70.053482,12.974017, 230.606613, 1.004507
5, 292,9,64.437042, 65.903946, 128.742615, 70.053482,12.974017, 230.606613, 0.977742
5, 292,10,36.348400, 37.333107, 128.742615, 70.053482,12.974017, 230.606613, 0.973624
5, 292,11,194.292328, 194.345474, 128.742615, 70.053482,12.974017, 230.606613, 0.999727
5, 292,12,226.069092, 226.670746, 128.742615, 70.053482,12.974017, 230.606613, 0.997346
5, 292,13,184.894104, 185.736420, 128.742615, 70.053482,12.974017, 230.606613, 0.995465
5, 292,14,59.775681, 61.056183, 128.742615, 70.053482,12.974017, 230.606613, 0.979027
5, 292,15,174.909424, 176.274689, 128.742615, 70.053482,12.974017, 230.606613, 0.992255
5, 292,16,118.840775, 118.479774, 128.742615, 70.053482,12.974017, 230.606613, 1.003047
5, 292,17,104.379913, 105.435524, 128.742615, 70.053482,12.974017, 230.606613, 0.989988
5, 292,18,137.310867, 136.956268, 128.742615, 70.053482,12.974017, 230.606613, 1.002589
5, 292,19,77.652672, 76.142685, 128.742615, 70.053482,12.974017, 230.606613, 1.019831
5, 292,20,12.974017, 11.994114, 128.742615, 70.053482,12.974017, 230.606613, 1.081699
5, 292,21,140.814102, 140.965134, 128.742615, 70.053482,12.974017, 230.606613, 0.998929
5, 292,22,214.350525, 213.674637, 128.742615, 70.053482,12.974017, 230.606613, 1.003163
5, 292,23,175.405090, 174.865067, 128.742615, 70.053482,12.974017, 230.606613, 1.003088
5, 292,24,148.941467, 148.432739, 128.742615, 70.053482,12.974017, 230.606613, 1.003427
5, 292,25,35.135670, 34.376320, 128.742615, 70.053482,12.974017, 230.606613, 1.022089
5, 292,26,230.606613, 231.250336, 128.742615, 70.053482,12.974017, 230.606613, 0.997216
5, 292,27,112.537186, 112.029854, 128.742615, 70.053482,12.974017, 230.606613, 1.004529
5, 292,28,187.932053, 188.163727, 128.742615, 70.053482,12.974017, 230.606613, 0.998769
5, 292,29,223.741913, 222.881927, 128.742615, 70.053482,12.974017, 230.606613, 1.003858
5, 292,30,59.545597, 59.756569, 128.742615, 70.053482,12.974017, 230.606613, 0.996469
5, 292,31,224.271393, 224.697266, 128.742615, 70.053482,12.974017, 230.606613, 0.998105
5, 293,0,70.388542, 70.883408, 128.657181, 71.159073,11.927532, 246.543304, 0.993019
5, 293,1,214.775970, 214.441223, 128.657181, 71.159073,11.927532, 246.543304, 1.001561
5, 293,2,50.084793, 52.112556, 128.657181, 71.159073,11.927532, 246.543304, 0.961089
5, 293,3,160.896011, 161.658371, 128.657181, 71.159073,11.927532, 246.543304, 0.995284
5, 293,4,46.561573, 45.525776, 128.657181, 71.159073,11.927532, 246.543304, 1.022752
5, 293,5,216.914932, 217.092163, 128.657181, 71.159073,11.927532, 246.543304, 0.999184
5, 293,6,181.086960, 181.736221, 128.657181, 71.159073,11.927532, 246.543304, 0.996427
5, 293,7,90.377792, 92.098434, 128.657181, 71.159073,11.927532, 246.543304, 0.981317
5, 293,8,246.543304, 245.743179, 128.657181, 71.159073,11.927532, 246.543304, 1.003256
5, 293,9,180.869339, 181.049500, 128.657181, 71.159073,11.927532, 246.543304, 0.999005
5, 293,10,124.801819, 123.939461, 128.657181, 71.159073,11.927532, 246.543304, 1.006958
5, 293,11,51.609501, 51.093525, 128.657181, 71.159073,11.927532, 246.543304, 1.010099
5, 293,12,244.873489, 244.945679, 128.657181, 71.159073,11.927532, 246.543304, 0.999705
5, 293,13,195.420639, 194.326431, 128.657181, 71.159073,11.927532, 246.543304, 1.005631
5, 293,14,164.097336, 165.343124, 128.657181, 71.159073,11.927532, 246.543304, 0.992465
5, 293,15,67.257057, 67.383255, 128.657181, 71.159073,11.927532, 246.543304, 0.998127
5, 293,16,72.976784, 73.733734, 128.657181, 71.159073,11.927532, 246.543304, 0.989734
5, 293,17,176.715225, 177.527176, 128.657181, 71.159073,11.927532, 246.543304, 0.995426
5, 293,18,143.402130, 143.987793, 128.657181, 71.159073,11.927532, 246.543304, 0.995933
5, 293,19,11.927532, 12.584498, 128.657181, 71.159073,11.927532, 246.543304, 0.947796
5, 293,20,145.573914, 145.272644, 128.657181, 71.159073,11.927532, 246.543304, 1.002074
5, 293,21,138.260620, 137.976990, 128.657181, 71.159073,11.927532, 246.543304, 1.002056
5, 293,22,48.570484, 47.918285, 128.657181, 71.159073,11.927532, 246.543304, 1.013611
5, 293,23,13.838674, 13.426307, 128.657181, 71.159073,11.927532, 246.543304, 1.030713
5, 293,24,170.026443, 169.758926, 128.657181, 71.159073,11.927532, 246.543304, 1.001576
5, 293,25,68.824669, 69.007790, 128.657181, 71.159073,11.927532, 246.543304, 0.997346
5, 293,26,226.202484, 226.691727, 128.657181, 71.159073,11.927532, 246.543304, 0.997842
5, 293,27,90.461464, 89.410561, 128.657181, 71.159073,11.927532, 246.543304, 1.011754
5, 293,28,152.207718, 150.707489, 128.657181, 71.159073,11.927532, 246.543304, 1.009955
5, 293,29,134.888245, 136.972717, 128.657181, 71.159073,11.927532, 246.543304, 0.984782
5, 293,30,14.160218, 13.566608, 128.657181, 71.159073,11.927532, 246.543304, 1.043755
5, 293,31,202.433975, 203.084198, 128.657181, 71.159073,11.927532, 246.543304, 0.996798
5, 294,0,129.153519, 127.263130, 128.638824, 62.883808,10.516001, 221.932098, 1.014854
5, 294,1,199.779312, 199.898788, 128.638824, 62.883808,10.516001, 221.932098, 0.999402
5, 294,2,185.324951, 185.914185, 128.638824, 62.883808,10.516001, 221.932098, 0.996831
5, 294,3,83.701660, 84.880989, 128.638824, 62.883808,10.516001, 221.932098, 0.986106
5, 294,4,155.568100, 154.830032, 128.638824, 62.883808,10.516001, 221.932098, 1.004767
5, 294,5,185.269012, 185.408005, 128.638824, 62.883808,10.516001, 221.932098, 0.999250
5, 294,6,217.851044, 217.867905, 128.638824, 62.883808,10.516001, 221.932098, 0.999923
5, 294,7,82.800285, 82.174911, 128.638824, 62.883808,10.516001, 221.932098, 1.007610
5, 294,8,132.050705, 133.142532, 128.638824, 62.883808,10.516001, 221.932098, 0.991800
5, 294,9,16.687323, 16.385551, 128.638824, 62.883808,10.516001, 221.932098, 1.018417
5, 294,10,58.408180, 58.767708, 128.638824, 62.883808,10.516001, 221.932098, 0.993882
5, 294,11,70.907768, 71.441467, 128.638824, 62.883808,10.516001, 221.932098, 0.992530
5, 294,12,156.220352, 157.912491, 128.638824, 62.883808,10.516001, 221.932098, 0.989284
5, 294,13,126.161003, 125.919838, 128.638824, 62.883808,10.516001, 221.932098, 1.001915
5, 294,14,182.570602, 182.461823, 128.638824, 62.883808,10.516001, 221.932098, 1.000596
5, 294,15,10.516001, 10.155746, 128.638824, 62.883808,10.516001, 221.932098, 1.035473
5, 294,16,152.815689, 153.726852, 128.638824, 62.883808,10.516001, 221.932098, 0.994073
5, 294,17,178.511505, 179.684372, 128.638824, 62.883808,10.516001, 221.932098, 0.993473
5, 294,18,191.301285, 190.320480, 128.638824, 62.883808,10.516001, 221.932098, 1.005153
5, 294,19,89.222939, 89.209404, 128.638824, 62.883808,10.516001, 221.932098, 1.000152
5, 294,20,116.767769, 117.431732, 128.638824, 62.883808,10.516001, 221.932098, 0.994346
5, 294,21,72.563622, 73.459671, 128.638824, 62.883808,10.516001, 221.932098, 0.987802
5, 294,22,204.966370, 204.499771, 128.638824, 62.883808,10.516001, 221.932098, 1.002282
5, 294,23,193.732040, 194.778687, 128.638824, 62.883808,10.516001, 221.932098, 0.994626
5, 294,24,164.403641, 164.259109, 128.638824, 62.883808,10.516001, 221.932098, 1.000880
5, 294,25,34.300819, 33.958801, 128.638824, 62.883808,10.516001, 221.932098, 1.010072
5, 294,26,60.018997, 60.338142, 128.638824, 62.883808,10.516001, 221.932098, 0.994711
5, 294,27,18.396944, 18.507580, 128.638824, 62.883808,10.516001, 221.932098, 0.994022
5, 294,28,118.297752, 117.516090, 128.638824, 62.883808,10.516001, 221.932098, 1.006652
5, 294,29,174.458527, 175.213181, 128.638824, 62.883808,10.516001, 221.932098, 0.995693
5, 294,30,131.782532, 132.292404, 128.638824, 62.883808,10.516001, 221.932098, 0.996146
5, 294,31,221.932098, 221.378662, 128.638824, 62.883808,10.516001, 221.932098, 1.002500
5, 295,0,190.658356, 191.246872, 129.002365, 62.122822,17.883127, 221.740341, 0.996923
5, 295,1,181.528046, 182.635330, 129.002365, 62.122822,17.883127, 221.740341, 0.993937
5, 295,2,78.414864, 79.035851, 129.002365, 62.122822,17.883127, 221.740341, 0.992143
5, 295,3,61.975750, 59.756214, 129.002365, 62.122822,17.883127, 221.740341, 1.037143
5, 295,4,159.710129, 160.881271, 129.002365, 62.122822,17.883127, 221.740341, 0.992720
5, 295,5,109.282410, 108.232773, 129.002365, 62.122822,17.883127, 221.740341, 1.009698
5, 295,6,190.909546, 190.848602, 129.002365, 62.122822,17.883127, 221.740341, 1.000319
5, 295,7,172.320175, 170.948730, 129.002365, 62.122822,17.883127, 221.740341, 1.008023
5, 295,8,74.677406, 75.647385, 129.002365, 62.122822,17.883127, 221.740341, 0.987178
5, 295,9,201.650391, 202.620087, 129.002365, 62.122822,17.883127, 221.740341, 0.995214
5, 295,10,138.129211, 137.965073, 129.002365, 62.122822,17.883127, 221.740341, 1.001190
5, 295,11,186.690186, 185.697342, 129.002365, 62.122822,17.883127, 221.740341, 1.005347
5, 295,12,104.679024, 105.882401, 129.002365, 62.122822,17.883127, 221.740341, 0.988635
5, 295,13,105.945969, 104.511345, 129.002365, 62.122822,17.883127, 221.740341, 1.013727
5, 295,14,20.331177, 20.361254, 129.002365, 62.122822,17.883127, 221.740341, 0.998523
5, 295,15,80.451874, 81.601685, 129.002365, 62.122822,17.883127, 221.740341, 0.985909
5, 295,16,21.718374, 20.961906, 129.002365, 62.122822,17.883127, 221.740341, 1.036088
5, 295,17,221.740341, 222.565659, 129.002365, 62.122822,17.883127, 221.740341, 0.996292
5, 295,18,212.096146, 210.402451, 129.002365, 62.122822,17.883127, 221.740341, 1.008050
5, 295,19,44.829563, 43.721409, 129.002365, 62.122822,17.883127, 221.740341, 1.025346
5, 295,20,172.937744, 172.953079, 129.002365, 62.122822,17.883127, 221.740341, 0.999911
5, 295,21,93.514671, 94.900909, 129.002365, 62.122822,17.883127, 221.740341, 0.985393
5, 295,22,204.868835, 203.945435, 129.002365, 62.122822,17.883127, 221.740341, 1.004528
5, 295,23,87.473793, 86.981438, 129.002365, 62.122822,17.883127, 221.740341, 1.005660
5, 295,24,195.730240, 195.856216, 129.002365, 62.122822,17.883127, 221.740341, 0.999357
5, 295,25,180.747070, 178.600525, 129.002365, 62.122822,17.883127, 221.740341, 1.012019
5, 295,26,17.883127, 17.495098, 129.002365, 62.122822,17.883127, 221.740341, 1.022179
5, 295,27,171.282593, 170.367661, 129.002365, 62.122822,17.883127, 221.740341, 1.005370
5, 295,28,80.560478, 80.374260, 129.002365, 62.122822,17.883127, 221.740341, 1.002317
5, 295,29,148.833328, 149.867126, 129.002365, 62.122822,17.883127, 221.740341, 0.993102
5, 295,30,73.483704, 73.068497, 129.002365, 62.122822,17.883127, 221.740341, 1.005682
5, 295,31,143.021271, 141.066269, 129.002365, 62.122822,17.883127, 221.740341, 1.013859
5, 296,0,57.788822, 58.063957, 128.718918, 82.194023,15.476417, 278.662384, 0.995261
5, 296,1,211.726761, 211.429306, 128.718918, 82.194023,15.476417, 278.662384, 1.001407
5, 296,2,141.745529, 142.072784, 128.718918, 82.194023,15.476417, 278.662384, 0.997697
5, 296,3,27.463333, 27.177120, 128.718918, 82.194023,15.476417, 278.662384, 1.010531
5, 296,4,33.993980, 33.901527, 128.718918, 82.194023,15.476417, 278.662384, 1.002727
5, 296,5,122.004730, 122.059456, 128.718918, 82.194023,15.476417, 278.662384, 0.999552
5, 296,6,180.700760, 181.005341, 128.718918, 82.194023,15.476417, 278.662384, 0.998317
5, 296,7,261.053192, 260.233887, 128.718918, 82.194023,15.476417, 278.662384, 1.003148
5, 296,8,125.298653, 125.686775, 128.718918, 82.194023,15.476417, 278.662384, 0.996912
5, 296,9,226.337463, 225.669220, 128.718918, 82.194023,15.476417, 278.662384, 1.002961
5, 296,10,130.914490, 129.936859, 128.718918, 82.194023,15.476417, 278.662384, 1.007524
5, 296,11,132.197952, 132.385925, 128.718918, 82.194023,15.476417, 278.662384, 0.998580
5, 296,12,133.116272, 133.480011, 128.718918, 82.194023,15.476417, 278.662384, 0.997275
5, 296,13,22.709185, 22.329487, 128.718918, 82.194023,15.476417, 278.662384, 1.017004
5, 296,14,236.985565, 237.561081, 128.718918, 82.194023,15.476417, 278.662384, 0.997577
5, 296,15,30.737265, 30.989584, 128.718918, 82.194023,15.476417, 278.662384, 0.991858
5, 296,16,44.439827, 45.288422, 128.718918, 82.194023,15.476417, 278.662384, 0.981262
5, 296,17,94.773659, 96.499969, 128.718918, 82.194023,15.476417, 278.662384, 0.982111
5, 296,18,277.284515, 276.577789, 128.718918, 82.194023,15.476417, 278.662384, 1.002555
5, 296,19,58.405342, 58.484756, 128.718918, 82.194023,15.476417, 278.662384, 0.998642
5, 296,20,51.057846, 51.087067, 128.718918, 82.194023,15.476417, 278.662384, 0.999428
5, 296,21,178.913910, 178.918182, 128.718918, 82.194023,15.476417, 278.662384, 0.999976
5, 296,22,15.476417, 14.805554, 128.718918, 82.194023,15.476417, 278.662384, 1.045312
5, 296,23,32.900154, 32.538132, 128.718918, 82.194023,15.476417, 278.662384, 1.011126
5, 296,24,163.631500, 163.138107, 128.718918, 82.194023,15.476417, 278.662384, 1.003024
5, 296,25,44.125011, 44.429985, 128.718918, 82.194023,15.476417, 278.662384, 0.993136
5, 296,26,278.662384, 279.228851, 128.718918, 82.194023,15.476417, 278.662384, 0.997971
5, 296,27,190.518250, 189.143661, 128.718918, 82.194023,15.476417, 278.662384, 1.007267
5, 296,28,208.157761, 209.552521, 128.718918, 82.194023,15.476417, 278.662384, 0.993344
5, 296,29,116.414932, 117.245491, 128.718918, 82.194023,15.476417, 278.662384, 0.992916
5, 296,30,208.918015, 209.342117, 128.718918, 82.194023,15.476417, 278.662384, 0.997974
5, 296,31,80.551750, 80.736748, 128.718918, 82.194023,15.476417, 278.662384, 0.997709
5, 297,0,223.670868, 223.810440, 128.998611, 60.003574,13.427666, 223.670868, 0.999376
5, 297,1,138.943710, 139.135422, 128.998611, 60.003574,13.427666, 223.670868, 0.998622
5, 297,2,178.326981, 179.142441, 128.998611, 60.003574,13.427666, 223.670868, 0.995448
5, 297,3,158.222458, 156.306152, 128.998611, 60.003574,13.427666, 223.670868, 1.012260
5, 297,4,141.712906, 141.459244, 128.998611, 60.003574,13.427666, 223.670868, 1.001793
5, 297,5,140.082596, 140.655609, 128.998611, 60.003574,13.427666, 223.670868, 0.995926
5, 297,6,177.244705, 177.843246, 128.998611, 60.003574,13.427666, 223.670868, 0.996634
5, 297,7,156.699799, 155.971313, 128.998611, 60.003574,13.427666, 223.670868, 1.004671
5, 297,8,137.376419, 138.432266, 128.998611, 60.003574,13.427666, 223.670868, 0.992373
5, 297,9,212.779739, 211.970398, 128.998611, 60.003574,13.427666, 223.670868, 1.003818
5, 297,10,64.690048, 65.644157, 128.998611, 60.003574,13.427666, 223.670868, 0.985465
5, 297,11,200.270767, 199.762039, 128.998611, 60.003574,13.427666, 223.670868, 1.002547
5, 297,12,190.831009, 189.850708, 128.998611, 60.003574,13.427666, 223.670868, 1.005164
5, 297,13,60.914536, 60.079067, 128.998611, 60.003574,13.427666, 223.670868, 1.013906
5, 297,14,176.885925, 178.613373, 128.998611, 60.003574,13.427666, 223.670868, 0.990329
5, 297,15,141.465347, 140.220306, 128.998611, 60.003574,13.427666, 223.670868, 1.008879
5, 297,16,21.711767, 21.150261, 128.998611, 60.003574,13.427666, 223.670868, 1.026548
5, 297,17,135.246918, 135.914246, 128.998611, 60.003574,13.427666, 223.670868, 0.995090
5, 297,18,173.884201, 172.546021, 128.998611, 60.003574,13.427666, 223.670868, 1.007756
5, 297,19,69.224037, 68.838562, 128.998611, 60.003574,13.427666, 223.670868, 1.005600
5, 297,20,95.631073, 96.442986, 128.998611, 60.003574,13.427666, 223.670868, 0.991581
5, 297,21,13.427666, 13.301549, 128.998611, 60.003574,13.427666, 223.670868, 1.009481
5, 297,22,74.618660, 73.305351, 128.998611, 60.003574,13.427666, 223.670868, 1.017916
5, 297,23,46.056313, 45.305813, 128.998611, 60.003574,13.427666, 223.670868, 1.016565
5, 297,24,154.846390, 154.042618, 128.998611, 60.003574,13.427666, 223.670868, 1.005218
5, 297,25,176.962082, 176.544052, 128.998611, 60.003574,13.427666, 223.670868, 1.002368
5, 297,26,98.312126, 98.304710, 128.998611, 60.003574,13.427666, 223.670868, 1.000075
5, 297,27,221.985794, 221.520126, 128.998611, 60.003574,13.427666, 223.670868, 1.002102
5, 297,28,68.867340, 68.798370, 128.998611, 60.003574,13.427666, 223.670868, 1.001003
5, 297,29,119.733284, 119.098442, 128.998611, 60.003574,13.427666, 223.670868, 1.005330
5, 297,30,132.993652, 133.891785, 128.998611, 60.003574,13.427666, 223.670868, 0.993292
5, 297,31,24.335892, 23.099045, 128.998611, 60.003574,13.427666, 223.670868, 1.053545
5, 298,0,31.664156, 31.574556, 128.667725, 67.125526,30.919348, 226.095978, 1.002838
5, 298,1,30.919348, 29.804905, 128.667725, 67.125526,30.919348, 226.095978, 1.037391
5, 298,2,84.660202, 84.608841, 128.667725, 67.125526,30.919348, 226.095978, 1.000607
5, 298,3,214.387466, 214.436386, 128.667725, 67.125526,30.919348, 226.095978, 0.999772
5, 298,4,217.840347, 218.922729, 128.667725, 67.125526,30.919348, 226.095978, 0.995056
5, 298,5,63.547630, 63.587303, 128.667725, 67.125526,30.919348, 226.095978, 0.999376
5, 298,6,213.199585, 213.655243, 128.667725, 67.125526,30.919348, 226.095978, 0.997867
5, 298,7,106.302498, 104.586571, 128.667725, 67.125526,30.919348, 226.095978, 1.016407
5, 298,8,206.324478, 209.016830, 128.667725, 67.125526,30.919348, 226.095978, 0.987119
5, 298,9,85.752739, 87.477615, 128.667725, 67.125526,30.919348, 226.095978, 0.980282
5, 298,10,62.123280, 60.808392, 128.667725, 67.125526,30.919348, 226.095978, 1.021623
5, 298,11,196.939011, 196.573959, 128.667725, 67.125526,30.919348, 226.095978, 1.001857
5, 298,12,146.325638, 144.804703, 128.667725, 67.125526,30.919348, 226.095978, 1.010503
5, 298,13,44.791424, 43.478241, 128.667725, 67.125526,30.919348, 226.095978, 1.030203
5, 298,14,161.177475, 159.839844, 128.667725, 67.125526,30.919348, 226.095978, 1.008369
5, 298,15,188.882263, 188.105896, 128.667725, 67.125526,30.919348, 226.095978, 1.004127
5, 298,16,93.399757, 93.996300, 128.667725, 67.125526,30.919348, 226.095978, 0.993654
5, 298,17,93.914482, 94.030861, 128.667725, 67.125526,30.919348, 226.095978, 0.998762
5, 298,18,172.035629, 172.683640, 128.667725, 67.125526,30.919348, 226.095978, 0.996247
5, 298,19,77.856354, 79.521088, 128.667725, 67.125526,30.919348, 226.095978, 0.979065
5, 298,20,38.585434, 39.351353, 128.667725, 67.125526,30.919348, 226.095978, 0.980536
5, 298,21,226.095978, 226.367722, 128.667725, 67.125526,30.919348, 226.095978, 0.998800
5, 298,22,216.092468, 217.775238, 128.667725, 67.125526,30.919348, 226.095978, 0.992273
5, 298,23,66.994759, 67.707275, 128.667725, 67.125526,30.919348, 226.095978, 0.989477
5, 298,24,112.365486, 111.851814, 128.667725, 67.125526,30.919348, 226.095978, 1.004592
5, 298,25,34.809048, 34.374207, 128.667725, 67.125526,30.919348, 226.095978, 1.012650
5, 298,26,80.518250, 80.634041, 128.667725, 67.125526,30.919348, 226.095978, 0.998564
5, 298,27,224.173782, 224.653366, 128.667725, 67.125526,30.919348, 226.095978, 0.997865
5, 298,28,111.129723, 111.167465, 128.667725, 67.125526,30.919348, 226.095978, 0.999660
5, 298,29,185.717941, 185.499802, 128.667725, 67.125526,30.919348, 226.095978, 1.001176
5, 298,30,163.744263, 164.381485, 128.667725, 67.125526,30.919348, 226.095978, 0.996123
5, 298,31,165.096191, 165.722549, 128.667725, 67.125526,30.919348, 226.095978, 0.996220
5, 299,0,216.406296, 216.558319, 128.712540, 81.632576,14.918270, 256.119873, 0.999298
5, 299,1,196.388489, 196.631516, 128.712540, 81.632576,14.918270, 256.119873, 0.998764
5, 299,2,256.119873, 255.965729, 128.712540, 81.632576,14.918270, 256.119873, 1.000602
5, 299,3,181.897964, 181.708328, 128.712540, 81.632576,14.918270, 256.119873, 1.001044
5, 299,4,177.941055, 177.788300, 128.712540, 81.632576,14.918270, 256.119873, 1.000859
5, 299,5,225.461487, 224.414291, 128.712540, 81.632576,14.918270, 256.119873, 1.004666
5, 299,6,217.740982, 218.438660, 128.712540, 81.632576,14.918270, 256.119873, 0.996806
5, 299,7,33.570484, 32.882759, 128.712540, 81.632576,14.918270, 256.119873, 1.020914
5, 299,8,214.541672, 213.697968, 128.712540, 81.632576,14.918270, 256.119873, 1.003948
5, 299,9,236.370697, 233.178589, 128.712540, 81.632576,14.918270, 256.119873, 1.013690
5, 299,10,54.056480, 55.303398, 128.712540, 81.632576,14.918270, 256.119873, 0.977453
5, 299,11,30.459160, 33.830894, 128.712540, 81.632576,14.918270, 256.119873, 0.900336
5, 299,12,195.980423, 195.930389, 128.712540, 81.632576,14.918270, 256.119873, 1.000255
5, 299,13,73.643654, 72.728394, 128.712540, 81.632576,14.918270, 256.119873, 1.012585
5, 299,14,125.821808, 125.999329, 128.712540, 81.632576,14.918270, 256.119873, 0.998591
5, 299,15,30.507086, 32.356899, 128.712540, 81.632576,14.918270, 256.119873, 0.942831
5, 299,16,20.034321, 21.823820, 128.712540, 81.632576,14.918270, 256.119873, 0.918002
5, 299,17,31.552168, 31.759335, 128.712540, 81.632576,14.918270, 256.119873, 0.993477
5, 299,18,14.918270, 13.792546, 128.712540, 81.632576,14.918270, 256.119873, 1.081618
5, 299,19,61.233738, 61.095798, 128.712540, 81.632576,14.918270, 256.119873, 1.002258
5, 299,20,243.520721, 243.727615, 128.712540, 81.632576,14.918270, 256.119873, 0.999151
5, 299,21,26.224455, 27.002718, 128.712540, 81.632576,14.918270, 256.119873, 0.971178
5, 299,22,79.381058, 77.238022, 128.712540, 81.632576,14.918270, 256.119873, 1.027746
5, 299,23,153.060287, 154.140671, 128.712540, 81.632576,14.918270, 256.119873, 0.992991
5, 299,24,169.344193, 171.573624, 128.712540, 81.632576,14.918270, 256.119873, 0.987006
5, 299,25,106.431648, 106.423096, 128.712540, 81.632576,14.918270, 256.119873, 1.000080
5, 299,26,102.491997, 103.730072, 128.712540, 81.632576,14.918270, 256.119873, 0.988064
5, 299,27,242.557571, 241.616211, 128.712540, 81.632576,14.918270, 256.119873, 1.003896
5, 299,28,179.030014, 179.827988, 128.712540, 81.632576,14.918270, 256.119873, 0.995563
5, 299,29,89.065918, 88.081833, 128.712540, 81.632576,14.918270, 256.119873, 1.011172
5, 299,30,34.952747, 33.926506, 128.712540, 81.632576,14.918270, 256.119873, 1.030249
5, 299,31,98.095184, 97.826126, 128.712540, 81.632576,14.918270, 256.119873, 1.002750
5, 300,0,206.349091, 205.403030, 128.756424, 80.844269,13.575581, 272.962616, 1.004606
5, 300,1,210.236435, 209.991821, 128.756424, 80.844269,13.575581, 272.962616, 1.001165
5, 300,2,24.137571, 24.203777, 128.756424, 80.844269,13.575581, 272.962616, 0.997265
5, 300,3,240.331375, 240.239822, 128.756424, 80.844269,13.575581, 272.962616, 1.000381
5, 300,4,76.707481, 78.295326, 128.756424, 80.844269,13.575581, 272.962616, 0.979720
5, 300,5,42.143333, 43.054111, 128.756424, 80.844269,13.575581, 272.962616, 0.978846
5, 300,6,116.391579, 116.722275, 128.756424, 80.844269,13.575581, 272.962616, 0.997167
5, 300,7,45.364357, 45.084400, 128.756424, 80.844269,13.575581, 272.962616, 1.006210
5, 300,8,57.360718, 57.893387, 128.756424, 80.844269,13.575581, 272.962616, 0.990799
5, 300,9,24.404549, 22.957542, 128.756424, 80.844269,13.575581, 272.962616, 1.063030
5, 300,10,168.111053, 167.900436, 128.756424, 80.844269,13.575581, 272.962616, 1.001254
5, 300,11,137.944504, 137.000427, 128.756424, 80.844269,13.575581, 272.962616, 1.006891
5, 300,12,13.575581, 13.953288, 128.756424, 80.844269,13.575581, 272.962616, 0.972931
5, 300,13,70.769211, 70.463028, 128.756424, 80.844269,13.575581, 272.962616, 1.004345
5, 300,14,67.849937, 67.524887, 128.756424, 80.844269,13.575581, 272.962616, 1.004814
5, 300,15,131.943314, 132.667480, 128.756424, 80.844269,13.575581, 272.962616, 0.994541
5, 300,16,128.453842, 128.375793, 128.756424, 80.844269,13.575581, 272.962616, 1.000608
5, 300,17,245.945328, 245.365082, 128.756424, 80.844269,13.575581, 272.962616, 1.002365
5, 300,18,118.835464, 118.579247, 128.756424, 80.844269,13.575581, 272.962616, 1.002161
5, 300,19,243.826340, 245.109222, 128.756424, 80.844269,13.575581, 272.962616, 0.994766
5, 300,20,47.415798, 46.900105, 128.756424, 80.844269,13.575581, 272.962616, 1.010996
5, 300,21,80.414780, 79.797401, 128.756424, 80.844269,13.575581, 272.962616, 1.007737
5, 300,22,232.730011, 231.565704, 128.756424, 80.844269,13.575581, 272.962616, 1.005028
5, 300,23,219.634583, 219.012573, 128.756424, 80.844269,13.575581, 272.962616, 1.002840
5, 300,24,78.242210, 78.740997, 128.756424, 80.844269,13.575581, 272.962616, 0.993665
5, 300,25,151.447449, 151.666367, 128.756424, 80.844269,13.575581, 272.962616, 0.998557
5, 300,26,239.741623, 241.164200, 128.756424, 80.844269,13.575581, 272.962616, 0.994101
5, 300,27,36.663502, 37.062279, 128.756424, 80.844269,13.575581, 272.962616, 0.989240
5, 300,28,56.932816, 57.777843, 128.756424, 80.844269,13.575581, 272.962616, 0.985375
5, 300,29,124.959023, 125.941116, 128.756424, 80.844269,13.575581, 272.962616, 0.992202
5, 300,30,272.962616, 272.022949, 128.756424, 80.844269,13.575581, 272.962616, 1.003454
5, 300,31,208.380081, 208.564011, 128.756424, 80.844269,13.575581, 272.962616, 0.999118
5, 301,0,257.584167, 257.739014, 128.754456, 69.869324,36.323547, 257.584167, 0.999399
5, 301,1,64.672249, 64.799156, 128.754456, 69.869324,36.323547, 257.584167, 0.998042
5, 301,2,207.086914, 207.076065, 128.754456, 69.869324,36.323547, 257.584167, 1.000052
5, 301,3,121.725487, 122.469154, 128.754456, 69.869324,36.323547, 257.584167, 0.993928
5, 301,4,49.020027, 49.021362, 128.754456, 69.869324,36.323547, 257.584167, 0.999973
5, 301,5,59.707191, 60.109314, 128.754456, 69.869324,36.323547, 257.584167, 0.993310
5, 301,6,211.250580, 211.085770, 128.754456, 69.869324,36.323547, 257.584167, 1.000781
5, 301,7,147.408417, 147.207458, 128.754456, 69.869324,36.323547, 257.584167, 1.001365
5, 301,8,103.043228, 103.923332, 128.754456, 69.869324,36.323547, 257.584167, 0.991531
5, 301,9,86.431999, 85.575226, 128.754456, 69.869324,36.323547, 257.584167, 1.010012
5, 301,10,162.276047, 164.013382, 128.754456, 69.869324,36.323547, 257.584167, 0.989407
5, 301,11,214.176224, 215.221985, 128.754456, 69.869324,36.323547, 257.584167, 0.995141
5, 301,12,75.625648, 75.515404, 128.754456, 69.869324,36.323547, 257.584167, 1.001460
5, 301,13,36.323547, 35.149563, 128.754456, 69.869324,36.323547, 257.584167, 1.033400
5, 301,14,67.375107, 66.720963, 128.754456, 69.869324,36.323547, 257.584167, 1.009804
5, 301,15,109.550224, 109.404045, 128.754456, 69.869324,36.323547, 257.584167, 1.001336
5, 301,16,91.634560, 92.376678, 128.754456, 69.869324,36.323547, 257.584167, 0.991966
5, 301,17,184.679962, 184.299103, 128.754456, 69.869324,36.323547, 257.584167, 1.002066
5, 301,18,89.991005, 89.561188, 128.754456, 69.869324,36.323547, 257.584167, 1.004799
5, 301,19,85.263931, 86.168373, 128.754456, 69.869324,36.323547, 257.584167, 0.989504
5, 301,20,62.573872, 63.138336, 128.754456, 69.869324,36.323547, 257.584167, 0.991060
5, 301,21,197.630798, 198.851059, 128.754456, 69.869324,36.323547, 257.584167, 0.993863
5, 301,22,80.302490, 79.659538, 128.754456, 69.869324,36.323547, 257.584167, 1.008071
5, 301,23,52.907837, 53.600483, 128.754456, 69.869324,36.323547, 257.584167, 0.987078
5, 301,24,230.527252, 230.770447, 128.754456, 69.869324,36.323547, 257.584167, 0.998946
5, 301,25,96.477226, 96.070023, 128.754456, 69.869324,36.323547, 257.584167, 1.004239
5, 301,26,211.686401, 208.539169, 128.754456, 69.869324,36.323547, 257.584167, 1.015092
5, 301,27,252.351318, 252.392731, 128.754456, 69.869324,36.323547, 257.584167, 0.999836
5, 301,28,69.010582, 69.212189, 128.754456, 69.869324,36.323547, 257.584167, 0.997087
5, 301,29,218.646027, 218.258926, 128.754456, 69.869324,36.323547, 257.584167, 1.001774
5, 301,30,178.216034, 176.785889, 128.754456, 69.869324,36.323547, 257.584167, 1.008090
5, 301,31,44.986301, 46.284969, 128.754456, 69.869324,36.323547, 257.584167, 0.971942
5, 302,0,206.563004, 205.041916, 128.947830, 60.664181,16.599051, 211.450577, 1.007418
5, 302,1,204.498032, 204.566666, 128.947830, 60.664181,16.599051, 211.450577, 0.999664
5, 302,2,176.765396, 176.267960, 128.947830, 60.664181,16.599051, 211.450577, 1.002822
5, 302,3,88.832870, 88.322899, 128.947830, 60.664181,16.599051, 211.450577, 1.005774
5, 302,4,140.432404, 139.785172, 128.947830, 60.664181,16.599051, 211.450577, 1.004630
5, 302,5,86.243843, 84.817192, 128.947830, 60.664181,16.599051, 211.450577, 1.016820
5, 302,6,48.463825, 47.772743, 128.947830, 60.664181,16.599051, 211.450577, 1.014466
5, 302,7,171.837936, 172.533890, 128.947830, 60.664181,16.599051, 211.450577, 0.995966
5, 302,8,16.599051, 17.215088, 128.947830, 60.664181,16.599051, 211.450577, 0.964215
5, 302,9,158.400314, 159.165314, 128.947830, 60.664181,16.599051, 211.450577, 0.995194
5, 302,10,211.450577, 212.232300, 128.947830, 60.664181,16.599051, 211.450577, 0.996317
5, 302,11,197.085266, 196.598572, 128.947830, 60.664181,16.599051, 211.450577, 1.002476
5, 302,12,25.906710, 26.831091, 128.947830, 60.664181,16.599051, 211.450577, 0.965548
5, 302,13,38.735081, 38.545578, 128.947830, 60.664181,16.599051, 211.450577, 1.004916
5, 302,14,185.679657, 186.211075, 128.947830, 60.664181,16.599051, 211.450577, 0.997146
5, 302,15,192.238861, 192.068314, 128.947830, 60.664181,16.599051, 211.450577, 1.000888
5, 302,16,184.756378, 184.297745, 128.947830, 60.664181,16.599051, 211.450577, 1.002488
5, 302,17,53.027451, 52.889343, 128.947830, 60.664181,16.599051, 211.450577, 1.002611
5, 302,18,176.047028, 174.897766, 128.947830, 60.664181,16.599051, 211.450577, 1.006571
5, 302,19,104.830376, 104.382477, 128.947830, 60.664181,16.599051, 211.450577, 1.004291
5, 302,20,82.680870, 82.619957, 128.947830, 60.664181,16.599051, 211.450577, 1.000737
5, 302,21,202.657288, 202.708878, 128.947830, 60.664181,16.599051, 211.450577, 0.999745
5, 302,22,96.714996, 96.673637, 128.947830, 60.664181,16.599051, 211.450577, 1.000428
5, 302,23,116.846962, 115.319298, 128.947830, 60.664181,16.599051, 211.450577, 1.013247
5, 302,24,75.250656, 73.633492, 128.947830, 60.664181,16.599051, 211.450577, 1.021962
5, 302,25,78.285759, 78.040321, 128.947830, 60.664181,16.599051, 211.450577, 1.003145
5, 302,26,154.406891, 154.888092, 128.947830, 60.664181,16.599051, 211.450577, 0.996893
5, 302,27,166.718903, 166.337189, 128.947830, 60.664181,16.599051, 211.450577, 1.002295
5, 302,28,194.603317, 195.179016, 128.947830, 60.664181,16.599051, 211.450577, 0.997050
5, 302,29,78.774269, 79.749962, 128.947830, 60.664181,16.599051, 211.450577, 0.987766
5, 302,30,131.714691, 131.823273, 128.947830, 60.664181,16.599051, 211.450577, 0.999176
5, 302,31,79.282082, 79.583313, 128.947830, 60.664181,16.599051, 211.450577, 0.996215
5, 303,0,152.128189, 151.548523, 128.714188, 69.681984,10.101501, 235.510468, 1.003825
5, 303,1,147.687088, 146.318481, 128.714188, 69.681984,10.101501, 235.510468, 1.009354
5, 303,2,156.650223, 156.716537, 128.714188, 69.681984,10.101501, 235.510468, 0.999577
5, 303,3,173.437057, 173.509140, 128.714188, 69.681984,10.101501, 235.510468, 0.999585
5, 303,4,221.213531, 221.606140, 128.714188, 69.681984,10.101501, 235.510468, 0.998228
5, 303,5,69.593666, 70.596718, 128.714188, 69.681984,10.101501, 235.510468, 0.985792
5, 303,6,15.272452, 16.249855, 128.714188, 69.681984,10.101501, 235.510468, 0.939852
5, 303,7,10.101501, 10.089579, 128.714188, 69.681984,10.101501, 235.510468, 1.001182
5, 303,8,76.521721, 78.314285, 128.714188, 69.681984,10.101501, 235.510468, 0.977111
5, 303,9,80.661980, 81.938782, 128.714188, 69.681984,10.101501, 235.510468, 0.984418
5, 303,10,67.402206, 66.951538, 128.714188, 69.681984,10.101501, 235.510468, 1.006731
5, 303,11,181.861465, 181.054459, 128.714188, 69.681984,10.101501, 235.510468, 1.004457
5, 303,12,25.381304, 25.476486, 128.714188, 69.681984,10.101501, 235.510468, 0.996264
5, 303,13,215.658234, 217.209885, 128.714188, 69.681984,10.101501, 235.510468, 0.992856
5, 303,14,174.497971, 175.872650, 128.714188, 69.681984,10.101501, 235.510468, 0.992184
5, 303,15,136.857941, 136.333878, 128.714188, 69.681984,10.101501, 235.510468, 1.003844
5, 303,16,157.022858, 157.171326, 128.714188, 69.681984,10.101501, 235.510468, 0.999055
5, 303,17,235.510468, 233.974945, 128.714188, 69.681984,10.101501, 235.510468, 1.006563
5, 303,18,159.901337, 160.595993, 128.714188, 69.681984,10.101501, 235.510468, 0.995674
5, 303,19,103.608871, 103.982094, 128.714188, 69.681984,10.101501, 235.510468, 0.996411
5, 303,20,181.792480, 182.239655, 128.714188, 69.681984,10.101501, 235.510468, 0.997546
5, 303,21,165.481720, 165.240311, 128.714188, 69.681984,10.101501, 235.510468, 1.001461
5, 303,22,72.359566, 72.622574, 128.714188, 69.681984,10.101501, 235.510468, 0.996378
5, 303,23,42.119865, 42.530937, 128.714188, 69.681984,10.101501, 235.510468, 0.990335
5, 303,24,225.515030, 224.768967, 128.714188, 69.681984,10.101501, 235.510468, 1.003319
5, 303,25,203.418762, 204.241608, 128.714188, 69.681984,10.101501, 235.510468, 0.995971
5, 303,26,233.085083, 232.431427, 128.714188, 69.681984,10.101501, 235.510468, 1.002812
5, 303,27,16.131626, 15.526332, 128.714188, 69.681984,10.101501, 235.510468, 1.038985
5, 303,28,67.847626, 67.337418, 128.714188, 69.681984,10.101501, 235.510468, 1.007577
5, 303,29,67.302490, 67.564812, 128.714188, 69.681984,10.101501, 235.510468, 0.996117
5, 303,30,120.712158, 120.188995, 128.714188, 69.681984,10.101501, 235.510468, 1.004353
5, 303,31,162.117371, 160.795822, 128.714188, 69.681984,10.101501, 235.510468, 1.008219
5, 304,0,66.273537, 67.306656, 128.632324, 72.727928,12.368911, 251.706635, 0.984651
5, 304,1,142.894150, 142.755600, 128.632324, 72.727928,12.368911, 251.706635, 1.000970
5, 304,2,87.572868, 88.107246, 128.632324, 72.727928,12.368911, 251.706635, 0.993935
5, 304,3,133.084656, 132.359116, 128.632324, 72.727928,12.368911, 251.706635, 1.005482
5, 304,4,46.753067, 48.637306, 128.632324, 72.727928,12.368911, 251.706635, 0.961259
5, 304,5,206.948547, 206.837906, 128.632324, 72.727928,12.368911, 251.706635, 1.000535
5, 304,6,224.666397, 224.162811, 128.632324, 72.727928,12.368911, 251.706635, 1.002246
5, 304,7,185.913467, 184.975525, 128.632324, 72.727928,12.368911, 251.706635, 1.005071
5, 304,8,179.425049, 178.971390, 128.632324, 72.727928,12.368911, 251.706635, 1.002535
5, 304,9,198.427414, 197.449753, 128.632324, 72.727928,12.368911, 251.706635, 1.004951
5, 304,10,125.518074, 124.850121, 128.632324, 72.727928,12.368911, 251.706635, 1.005350
5, 304,11,65.216949, 66.008057, 128.632324, 72.727928,12.368911, 251.706635, 0.988015
5, 304,12,179.853577, 179.666519, 128.632324, 72.727928,12.368911, 251.706635, 1.001041
5, 304,13,77.299995, 77.496887, 128.632324, 72.727928,12.368911, 251.706635, 0.997459
5, 304,14,142.812439, 142.618073, 128.632324, 72.727928,12.368911, 251.706635, 1.001363
5, 304,15,121.994843, 122.268188, 128.632324, 72.727928,12.368911, 251.706635, 0.997764
5, 304,16,178.318863, 179.292206, 128.632324, 72.727928,12.368911, 251.706635, 0.994571
5, 304,17,84.057045, 84.249634, 128.632324, 72.727928,12.368911, 251.706635, 0.997714
5, 304,18,75.082466, 74.731621, 128.632324, 72.727928,12.368911, 251.706635, 1.004695
5, 304,19,59.787170, 60.653217, 128.632324, 72.727928,12.368911, 251.706635, 0.985721
5, 304,20,132.792816, 131.862579, 128.632324, 72.727928,12.368911, 251.706635, 1.007055
5, 304,21,251.706635, 253.068237, 128.632324, 72.727928,12.368911, 251.706635, 0.994620
5, 304,22,247.525101, 247.835617, 128.632324, 72.727928,12.368911, 251.706635, 0.998747
5, 304,23,231.416946, 231.075974, 128.632324, 72.727928,12.368911, 251.706635, 1.001476
5, 304,24,129.175995, 129.311218, 128.632324, 72.727928,12.368911, 251.706635, 0.998954
5, 304,25,12.368911, 12.077767, 128.632324, 72.727928,12.368911, 251.706635, 1.024106
5, 304,26,135.451569, 137.171585, 128.632324, 72.727928,12.368911, 251.706635, 0.987461
5, 304,27,44.503319, 43.137333, 128.632324, 72.727928,12.368911, 251.706635, 1.031666
5, 304,28,51.161522, 51.425488, 128.632324, 72.727928,12.368911, 251.706635, 0.994867
5, 304,29,13.188074, 14.354145, 128.632324, 72.727928,12.368911, 251.706635, 0.918764
5, 304,30,33.984901, 34.933208, 128.632324, 72.727928,12.368911, 251.706635, 0.972854
5, 304,31,251.057892, 251.349487, 128.632324, 72.727928,12.368911, 251.706635, 0.998840
5, 305,0,143.410538, 142.622543, 128.803131, 75.121330,13.260818, 274.333344, 1.005525
5, 305,1,273.934021, 273.134705, 128.803131, 75.121330,13.260818, 274.333344, 1.002926
5, 305,2,163.429367, 163.166107, 128.803131, 75.121330,13.260818, 274.333344, 1.001613
5, 305,3,226.248276, 227.134918, 128.803131, 75.121330,13.260818, 274.333344, 0.996096
5, 305,4,101.242325, 100.948685, 128.803131, 75.121330,13.260818, 274.333344, 1.002909
5, 305,5,36.518299, 39.528111, 128.803131, 75.121330,13.260818, 274.333344, 0.923856
5, 305,6,120.497414, 120.082397, 128.803131, 75.121330,13.260818, 274.333344, 1.003456
5, 305,7,13.260818, 12.924789, 128.803131, 75.121330,13.260818, 274.333344, 1.025999
5, 305,8,30.274046, 30.473522, 128.803131, 75.121330,13.260818, 274.333344, 0.993454
5, 305,9,161.718903, 160.276367, 128.803131, 75.121330,13.260818, 274.333344, 1.009000
5, 305,10,118.676788, 120.082397, 128.803131, 75.121330,13.260818, 274.333344, 0.988295
5, 305,11,89.911018, 90.160233, 128.803131, 75.121330,13.260818, 274.333344, 0.997236
5, 305,12,91.046860, 92.148041, 128.803131, 75.121330,13.260818, 274.333344, 0.988050
5, 305,13,103.948929, 102.209663, 128.803131, 75.121330,13.260818, 274.333344, 1.017017
5, 305,14,47.068039, 48.486370, 128.803131, 75.121330,13.260818, 274.333344, 0.970748
5, 305,15,64.486084, 63.285450, 128.803131, 75.121330,13.260818, 274.333344, 1.018972
5, 305,16,106.656448, 104.749153, 128.803131, 75.121330,13.260818, 274.333344, 1.018208
5, 305,17,63.181404, 65.036819, 128.803131, 75.121330,13.260818, 274.333344, 0.971471
5, 305,18,193.807938, 194.576950, 128.803131, 75.121330,13.260818, 274.333344, 0.996048
5, 305,19,274.333344, 272.889465, 128.803131, 75.121330,13.260818, 274.333344, 1.005291
5, 305,20,156.729904, 155.766571, 128.803131, 75.121330,13.260818, 274.333344, 1.006184
5, 305,21,45.171227, 45.325142, 128.803131, 75.121330,13.260818, 274.333344, 0.996604
5, 305,22,220.565186, 221.845795, 128.803131, 75.121330,13.260818, 274.333344, 0.994227
5, 305,23,44.442234, 42.811928, 128.803131, 75.121330,13.260818, 274.333344, 1.038081
5, 305,24,15.125223, 13.564039, 128.803131, 75.121330,13.260818, 274.333344, 1.115097
5, 305,25,201.316071, 201.275940, 128.803131, 75.121330,13.260818, 274.333344, 1.000199
5, 305,26,261.653900, 261.733276, 128.803131, 75.121330,13.260818, 274.333344, 0.999697
5, 305,27,173.569427, 173.726883, 128.803131, 75.121330,13.260818, 274.333344, 0.999094
5, 305,28,146.292862, 147.368759, 128.803131, 75.121330,13.260818, 274.333344, 0.992699
5, 305,29,122.646614, 123.970451, 128.803131, 75.121330,13.260818, 274.333344, 0.989321
5, 305,30,124.323204, 122.613129, 128.803131, 75.121330,13.260818, 274.333344, 1.013947
5, 305,31,186.213318, 187.081085, 128.803131, 75.121330,13.260818, 274.333344, 0.995362
5, 306,0,95.755287, 97.608299, 128.902313, 46.887356,28.237383, 200.980347, 0.981016
5, 306,1,158.396591, 158.592087, 128.902313, 46.887356,28.237383, 200.980347, 0.998767
5, 306,2,153.685043, 153.672806, 128.902313, 46.887356,28.237383, 200.980347, 1.000080
5, 306,3,138.872345, 140.962082, 128.902313, 46.887356,28.237383, 200.980347, 0.985175
5, 306,4,82.376656, 83.253609, 128.902313, 46.887356,28.237383, 200.980347, 0.989466
5, 306,5,150.695724, 149.969193, 128.902313, 46.887356,28.237383, 200.980347, 1.004845
5, 306,6,109.698967, 109.311241, 128.902313, 46.887356,28.237383, 200.980347, 1.003547
5, 306,7,129.028488, 128.824539, 128.902313, 46.887356,28.237383, 200.980347, 1.001583
5, 306,8,178.927261, 178.407730, 128.902313, 46.887356,28.237383, 200.980347, 1.002912
5, 306,9,200.471268, 199.829514, 128.902313, 46.887356,28.237383, 200.980347, 1.003211
5, 306,10,102.997704, 102.231529, 128.902313, 46.887356,28.237383, 200.980347, 1.007494
5, 306,11,198.655594, 198.639069, 128.902313, 46.887356,28.237383, 200.980347, 1.000083
5, 306,12,46.063675, 46.211094, 128.902313, 46.887356,28.237383, 200.980347, 0.996810
5, 306,13,109.154434, 108.712868, 128.902313, 46.887356,28.237383, 200.980347, 1.004062
5, 306,14,131.145935, 129.901611, 128.902313, 46.887356,28.237383, 200.980347, 1.009579
5, 306,15,198.917328, 200.031067, 128.902313, 46.887356,28.237383, 200.980347, 0.994432
5, 306,16,95.563011, 95.542328, 128.902313, 46.887356,28.237383, 200.980347, 1.000216
5, 306,17,119.480171, 118.230164, 128.902313, 46.887356,28.237383, 200.980347, 1.010573
5, 306,18,119.802452, 119.408012, 128.902313, 46.887356,28.237383, 200.980347, 1.003303
5, 306,19,149.279556, 150.340820, 128.902313, 46.887356,28.237383, 200.980347, 0.992941
5, 306,20,155.783646, 156.400131, 128.902313, 46.887356,28.237383, 200.980347, 0.996058
5, 306,21,166.381302, 163.649918, 128.902313, 46.887356,28.237383, 200.980347, 1.016690
5, 306,22,28.741755, 28.404732, 128.902313, 46.887356,28.237383, 200.980347, 1.011865
5, 306,23,163.456146, 163.763290, 128.902313, 46.887356,28.237383, 200.980347, 0.998124
5, 306,24,28.237383, 27.749670, 128.902313, 46.887356,28.237383, 200.980347, 1.017576
5, 306,25,115.025887, 113.676216, 128.902313, 46.887356,28.237383, 200.980347, 1.011873
5, 306,26,80.631660, 80.400307, 128.902313, 46.887356,28.237383, 200.980347, 1.002877
5, 306,27,184.003952, 184.252884, 128.902313, 46.887356,28.237383, 200.980347, 0.998649
5, 306,28,200.980347, 201.580551, 128.902313, 46.887356,28.237383, 200.980347, 0.997023
5, 306,29,101.666321, 100.902504, 128.902313, 46.887356,28.237383, 200.980347, 1.007570
5, 306,30,108.437187, 108.687668, 128.902313, 46.887356,28.237383, 200.980347, 0.997695
5, 306,31,122.561165, 121.851898, 128.902313, 46.887356,28.237383, 200.980347, 1.005821
5, 307,0,156.460464, 156.440994, 128.983932, 65.956833,23.558352, 245.190063, 1.000124
5, 307,1,170.546738, 169.840958, 128.983932, 65.956833,23.558352, 245.190063, 1.004156
5, 307,2,207.537842, 207.546860, 128.983932, 65.956833,23.558352, 245.190063, 0.999957
5, 307,3,71.474350, 71.449570, 128.983932, 65.956833,23.558352, 245.190063, 1.000347
5, 307,4,35.981262, 34.659119, 128.983932, 65.956833,23.558352, 245.190063, 1.038147
5, 307,5,70.785690, 69.899818, 128.983932, 65.956833,23.558352, 245.190063, 1.012673
5, 307,6,52.594078, 51.072102, 128.983932, 65.956833,23.558352, 245.190063, 1.029801
5, 307,7,145.182556, 144.316879, 128.983932, 65.956833,23.558352, 245.190063, 1.005998
5, 307,8,161.052658, 161.054214, 128.983932, 65.956833,23.558352, 245.190063, 0.999990
5, 307,9,245.190063, 244.971619, 128.983932, 65.956833,23.558352, 245.190063, 1.000892
5, 307,10,180.268188, 181.215454, 128.983932, 65.956833,23.558352, 245.190063, 0.994773
5, 307,11,45.037342, 45.017250, 128.983932, 65.956833,23.558352, 245.190063, 1.000446
5, 307,12,136.336792, 135.897736, 128.983932, 65.956833,23.558352, 245.190063, 1.003231
5, 307,13,111.587395, 110.892632, 128.983932, 65.956833,23.558352, 245.190063, 1.006265
5, 307,14,23.558352, 24.164036, 128.983932, 65.956833,23.558352, 245.190063, 0.974934
5, 307,15,89.133789, 88.994232, 128.983932, 65.956833,23.558352, 245.190063, 1.001568
5, 307,16,42.610451, 42.206062, 128.983932, 65.956833,23.558352, 245.190063, 1.009581
5, 307,17,227.207428, 227.902695, 128.983932, 65.956833,23.558352, 245.190063, 0.996949
5, 307,18,78.040520, 77.230515, 128.983932, 65.956833,23.558352, 245.190063, 1.010488
5, 307,19,162.597809, 162.885086, 128.983932, 65.956833,23.558352, 245.190063, 0.998236
5, 307,20,216.332947, 217.868958, 128.983932, 65.956833,23.558352, 245.190063, 0.992950
5, 307,21,179.960617, 179.391769, 128.983932, 65.956833,23.558352, 245.190063, 1.003171
5, 307,22,153.826004, 153.291031, 128.983932, 65.956833,23.558352, 245.190063, 1.003490
5, 307,23,60.780434, 60.514790, 128.983932, 65.956833,23.558352, 245.190063, 1.004390
5, 307,24,159.550461, 159.108017, 128.983932, 65.956833,23.558352, 245.190063, 1.002781
5, 307,25,237.759781, 237.698608, 128.983932, 65.956833,23.558352, 245.190063, 1.000257
5, 307,26,200.526718, 199.906204, 128.983932, 65.956833,23.558352, 245.190063, 1.003104
5, 307,27,125.491493, 125.669357, 128.983932, 65.956833,23.558352, 245.190063, 0.998585
5, 307,28,46.930664, 46.581417, 128.983932, 65.956833,23.558352, 245.190063, 1.007498
5, 307,29,121.443474, 122.079697, 128.983932, 65.956833,23.558352, 245.190063, 0.994788
5, 307,30,157.850677, 157.507797, 128.983932, 65.956833,23.558352, 245.190063, 1.002177
5, 307,31,53.848671, 53.724705, 128.983932, 65.956833,23.558352, 245.190063, 1.002307
5, 308,0,229.388947, 228.649796, 128.726990, 73.136299,9.910284, 235.077072, 1.003233
5, 308,1,80.221794, 79.789848, 128.726990, 73.136299,9.910284, 235.077072, 1.005414
5, 308,2,157.894485, 157.746872, 128.726990, 73.136299,9.910284, 235.077072, 1.000936
5, 308,3,192.100906, 193.017471, 128.726990, 73.136299,9.910284, 235.077072, 0.995251
5, 308,4,80.373260, 80.172462, 128.726990, 73.136299,9.910284, 235.077072, 1.002505
5, 308,5,204.535751, 204.203873, 128.726990, 73.136299,9.910284, 235.077072, 1.001625
5, 308,6,156.150955, 156.717285, 128.726990, 73.136299,9.910284, 235.077072, 0.996386
5, 308,7,167.207275, 168.070648, 128.726990, 73.136299,9.910284, 235.077072, 0.994863
5, 308,8,164.513000, 164.794037, 128.726990, 73.136299,9.910284, 235.077072, 0.998295
5, 308,9,141.488785, 144.049103, 128.726990, 73.136299,9.910284, 235.077072, 0.982226
5, 308,10,226.783966, 226.646271, 128.726990, 73.136299,9.910284, 235.077072, 1.000607
5, 308,11,17.449900, 17.819357, 128.726990, 73.136299,9.910284, 235.077072, 0.979267
5, 308,12,112.848145, 113.265594, 128.726990, 73.136299,9.910284, 235.077072, 0.996314
5, 308,13,40.790413, 41.020027, 128.726990, 73.136299,9.910284, 235.077072, 0.994402
5, 308,14,218.592957, 219.077362, 128.726990, 73.136299,9.910284, 235.077072, 0.997789
5, 308,15,156.238831, 155.680725, 128.726990, 73.136299,9.910284, 235.077072, 1.003585
5, 308,16,35.048962, 34.946808, 128.726990, 73.136299,9.910284, 235.077072, 1.002923
5, 308,17,191.590317, 191.389587, 128.726990, 73.136299,9.910284, 235.077072, 1.001049
5, 308,18,222.132187, 221.686127, 128.726990, 73.136299,9.910284, 235.077072, 1.002012
5, 308,19,9.910284, 10.667846, 128.726990, 73.136299,9.910284, 235.077072, 0.928986
5, 308,20,174.979797, 173.183853, 128.726990, 73.136299,9.910284, 235.077072, 1.010370
5, 308,21,57.426857, 56.644825, 128.726990, 73.136299,9.910284, 235.077072, 1.013806
5, 308,22,21.369980, 21.555117, 128.726990, 73.136299,9.910284, 235.077072, 0.991411
5, 308,23,121.983650, 121.905846, 128.726990, 73.136299,9.910284, 235.077072, 1.000638
5, 308,24,235.077072, 235.300430, 128.726990, 73.136299,9.910284, 235.077072, 0.999051
5, 308,25,75.014969, 74.147942, 128.726990, 73.136299,9.910284, 235.077072, 1.011693
5, 308,26,197.216568, 198.478485, 128.726990, 73.136299,9.910284, 235.077072, 0.993642
5, 308,27,26.263905, 27.009188, 128.726990, 73.136299,9.910284, 235.077072, 0.972406
5, 308,28,170.566162, 170.888123, 128.726990, 73.136299,9.910284, 235.077072, 0.998116
5, 308,29,34.523972, 34.640713, 128.726990, 73.136299,9.910284, 235.077072, 0.996630
5, 308,30,69.463478, 68.269516, 128.726990, 73.136299,9.910284, 235.077072, 1.017489
5, 308,31,130.116638, 129.565216, 128.726990, 73.136299,9.910284, 235.077072, 1.004256
5, 309,0,184.747787, 184.122131, 128.995117, 65.919731,17.911488, 230.508514, 1.003398
5, 309,1,218.399185, 218.474426, 128.995117, 65.919731,17.911488, 230.508514, 0.999656
5, 309,2,119.993767, 120.482132, 128.995117, 65.919731,17.911488, 230.508514, 0.995947
5, 309,3,116.108734, 116.279152, 128.995117, 65.919731,17.911488, 230.508514, 0.998534
5, 309,4,149.913773, 150.911652, 128.995117, 65.919731,17.911488, 230.508514, 0.993388
5, 309,5,188.426468, 188.374146, 128.995117, 65.919731,17.911488, 230.508514, 1.000278
5, 309,6,62.476738, 62.453094, 128.995117, 65.919731,17.911488, 230.508514, 1.000379
5, 309,7,51.852463, 52.590118, 128.995117, 65.919731,17.911488, 230.508514, 0.985973
5, 309,8,119.542015, 119.655548, 128.995117, 65.919731,17.911488, 230.508514, 0.999051
5, 309,9,83.876007, 83.411919, 128.995117, 65.919731,17.911488, 230.508514, 1.005564
5, 309,10,127.796822, 127.585152, 128.995117, 65.919731,17.911488, 230.508514, 1.001659
5, 309,11,158.997467, 160.417374, 128.995117, 65.919731,17.911488, 230.508514, 0.991149
5, 309,12,224.538925, 224.771881, 128.995117, 65.919731,17.911488, 230.508514, 0.998964
5, 309,13,208.126038, 206.089661, 128.995117, 65.919731,17.911488, 230.508514, 1.009881
5, 309,14,162.701523, 160.291290, 128.995117, 65.919731,17.911488, 230.508514, 1.015037
5, 309,15,143.198624, 142.666809, 128.995117, 65.919731,17.911488, 230.508514, 1.003728
5, 309,16,92.731323, 91.124367, 128.995117, 65.919731,17.911488, 230.508514, 1.017635
5, 309,17,88.001534, 86.795311, 128.995117, 65.919731,17.911488, 230.508514, 1.013897
5, 309,18,41.569603, 42.138729, 128.995117, 65.919731,17.911488, 230.508514, 0.986494
5, 309,19,230.508514, 231.048309, 128.995117, 65.919731,17.911488, 230.508514, 0.997664
5, 309,20,197.426178, 197.865845, 128.995117, 65.919731,17.911488, 230.508514, 0.997778
5, 309,21,160.718491, 159.506714, 128.995117, 65.919731,17.911488, 230.508514, 1.007597
5, 309,22,88.578667, 87.481796, 128.995117, 65.919731,17.911488, 230.508514, 1.012538
5, 309,23,28.146103, 27.750553, 128.995117, 65.919731,17.911488, 230.508514, 1.014254
5, 309,24,216.916672, 217.395660, 128.995117, 65.919731,17.911488, 230.508514, 0.997797
5, 309,25,117.836777, 116.832550, 128.995117, 65.919731,17.911488, 230.508514, 1.008595
5, 309,26,152.973694, 153.825714, 128.995117, 65.919731,17.911488, 230.508514, 0.994461
5, 309,27,55.747005, 55.413116, 128.995117, 65.919731,17.911488, 230.508514, 1.006025
5, 309,28,17.911488, 17.873568, 128.995117, 65.919731,17.911488, 230.508514, 1.002122
5, 309,29,63.922554, 63.034504, 128.995117, 65.919731,17.911488, 230.508514, 1.014088
5, 309,30,228.187836, 228.470490, 128.995117, 65.919731,17.911488, 230.508514, 0.998763
5, 309,31,25.971348, 25.866220, 128.995117, 65.919731,17.911488, 230.508514, 1.004064
5, 310,0,184.558151, 184.477951, 129.023956, 63.352001,11.116578, 241.620010, 1.000435
5, 310,1,142.895538, 142.846649, 129.023956, 63.352001,11.116578, 241.620010, 1.000342
5, 310,2,89.006905, 90.503967, 129.023956, 63.352001,11.116578, 241.620010, 0.983459
5, 310,3,121.520317, 121.194046, 129.023956, 63.352001,11.116578, 241.620010, 1.002692
5, 310,4,146.020660, 145.957321, 129.023956, 63.352001,11.116578, 241.620010, 1.000434
5, 310,5,154.398758, 154.614044, 129.023956, 63.352001,11.116578, 241.620010, 0.998608
5, 310,6,109.149811, 109.570320, 129.023956, 63.352001,11.116578, 241.620010, 0.996162
5, 310,7,202.639740, 201.130478, 129.023956, 63.352001,11.116578, 241.620010, 1.007504
5, 310,8,241.620010, 241.885345, 129.023956, 63.352001,11.116578, 241.620010, 0.998903
5, 310,9,149.804611, 149.290695, 129.023956, 63.352001,11.116578, 241.620010, 1.003442
5, 310,10,116.539391, 117.271584, 129.023956, 63.352001,11.116578, 241.620010, 0.993756
5, 310,11,40.474602, 39.605293, 129.023956, 63.352001,11.116578, 241.620010, 1.021949
5, 310,12,219.918365, 218.918076, 129.023956, 63.352001,11.116578, 241.620010, 1.004569
5, 310,13,36.013569, 36.429958, 129.023956, 63.352001,11.116578, 241.620010, 0.988570
5, 310,14,232.104263, 229.198395, 129.023956, 63.352001,11.116578, 241.620010, 1.012678
5, 310,15,109.039589, 110.245621, 129.023956, 63.352001,11.116578, 241.620010, 0.989061
5, 310,16,79.910347, 79.304108, 129.023956, 63.352001,11.116578, 241.620010, 1.007645
5, 310,17,130.409836, 130.296173, 129.023956, 63.352001,11.116578, 241.620010, 1.000872
5, 310,18,69.569336, 69.562592, 129.023956, 63.352001,11.116578, 241.620010, 1.000097
5, 310,19,191.982315, 192.401932, 129.023956, 63.352001,11.116578, 241.620010, 0.997819
5, 310,20,175.363159, 173.824081, 129.023956, 63.352001,11.116578, 241.620010, 1.008854
5, 310,21,195.390244, 194.363144, 129.023956, 63.352001,11.116578, 241.620010, 1.005284
5, 310,22,136.494064, 137.056335, 129.023956, 63.352001,11.116578, 241.620010, 0.995898
5, 310,23,11.116578, 11.336226, 129.023956, 63.352001,11.116578, 241.620010, 0.980624
5, 310,24,134.467239, 134.628143, 129.023956, 63.352001,11.116578, 241.620010, 0.998805
5, 310,25,82.838272, 82.594383, 129.023956, 63.352001,11.116578, 241.620010, 1.002953
5, 310,26,26.619572, 28.024672, 129.023956, 63.352001,11.116578, 241.620010, 0.949862
5, 310,27,126.386093, 125.238640, 129.023956, 63.352001,11.116578, 241.620010, 1.009162
5, 310,28,129.788834, 127.717125, 129.023956, 63.352001,11.116578, 241.620010, 1.016221
5, 310,29,12.923005, 13.419587, 129.023956, 63.352001,11.116578, 241.620010, 0.962996
5, 310,30,117.156570, 115.827591, 129.023956, 63.352001,11.116578, 241.620010, 1.011474
5, 310,31,212.646439, 212.265686, 129.023956, 63.352001,11.116578, 241.620010, 1.001794
5, 311,0,17.460079, 17.694372, 128.732513, 58.838737,17.460079, 221.065063, 0.986759
5, 311,1,38.098698, 39.190483, 128.732513, 58.838737,17.460079, 221.065063, 0.972142
5, 311,2,200.459091, 200.212936, 128.732513, 58.838737,17.460079, 221.065063, 1.001229
5, 311,3,29.310442, 29.987156, 128.732513, 58.838737,17.460079, 221.065063, 0.977433
5, 311,4,151.791321, 150.651566, 128.732513, 58.838737,17.460079, 221.065063, 1.007565
5, 311,5,59.196568, 59.028042, 128.732513, 58.838737,17.460079, 221.065063, 1.002855
5, 311,6,196.511810, 197.038910, 128.732513, 58.838737,17.460079, 221.065063, 0.997325
5, 311,7,196.217529, 195.555984, 128.732513, 58.838737,17.460079, 221.065063, 1.003383
5, 311,8,128.833557, 128.648132, 128.732513, 58.838737,17.460079, 221.065063, 1.001441
5, 311,9,135.839767, 135.015656, 128.732513, 58.838737,17.460079, 221.065063, 1.006104
5, 311,10,113.882324, 112.752060, 128.732513, 58.838737,17.460079, 221.065063, 1.010024
5, 311,11,135.264359, 136.062805, 128.732513, 58.838737,17.460079, 221.065063, 0.994132
5, 311,12,37.102886, 35.827850, 128.732513, 58.838737,17.460079, 221.065063, 1.035588
5, 311,13,163.814362, 163.841904, 128.732513, 58.838737,17.460079, 221.065063, 0.999832
5, 311,14,129.909302, 129.571716, 128.732513, 58.838737,17.460079, 221.065063, 1.002605
5, 311,15,221.065063, 220.687897, 128.732513, 58.838737,17.460079, 221.065063, 1.001709
5, 311,16,170.233093, 172.967194, 128.732513, 58.838737,17.460079, 221.065063, 0.984193
5, 311,17,27.921936, 26.683064, 128.732513, 58.838737,17.460079, 221.065063, 1.046429
5, 311,18,64.723869, 65.024841, 128.732513, 58.838737,17.460079, 221.065063, 0.995371
5, 311,19,164.186966, 162.801239, 128.732513, 58.838737,17.460079, 221.065063, 1.008512
5, 311,20,172.678467, 172.531403, 128.732513, 58.838737,17.460079, 221.065063, 1.000852
5, 311,21,139.537125, 139.412430, 128.732513, 58.838737,17.460079, 221.065063, 1.000894
5, 311,22,197.986465, 198.840576, 128.732513, 58.838737,17.460079, 221.065063, 0.995705
5, 311,23,189.356247, 188.934799, 128.732513, 58.838737,17.460079, 221.065063, 1.002231
5, 311,24,101.981041, 100.543823, 128.732513, 58.838737,17.460079, 221.065063, 1.014294
5, 311,25,90.557701, 91.782776, 128.732513, 58.838737,17.460079, 221.065063, 0.986652
5, 311,26,158.995071, 160.531311, 128.732513, 58.838737,17.460079, 221.065063, 0.990430
5, 311,27,138.466858, 140.218948, 128.732513, 58.838737,17.460079, 221.065063, 0.987505
5, 311,28,89.335350, 88.634789, 128.732513, 58.838737,17.460079, 221.065063, 1.007904
5, 311,29,203.004745, 204.141418, 128.732513, 58.838737,17.460079, 221.065063, 0.994432
5, 311,30,146.593857, 146.788116, 128.732513, 58.838737,17.460079, 221.065063, 0.998677
5, 311,31,109.124733, 109.395935, 128.732513, 58.838737,17.460079, 221.065063, 0.997521
5, 312,0,54.817814, 52.412891, 128.777328, 65.996346,9.833734, 245.254242, 1.045884
5, 312,1,72.670670, 74.039261, 128.777328, 65.996346,9.833734, 245.254242, 0.981515
5, 312,2,115.962563, 117.103767, 128.777328, 65.996346,9.833734, 245.254242, 0.990255
5, 312,3,156.835709, 157.460449, 128.777328, 65.996346,9.833734, 245.254242, 0.996032
5, 312,4,63.608322, 64.221603, 128.777328, 65.996346,9.833734, 245.254242, 0.990451
5, 312,5,193.583847, 193.154465, 128.777328, 65.996346,9.833734, 245.254242, 1.002223
5, 312,6,103.446976, 104.737572, 128.777328, 65.996346,9.833734, 245.254242, 0.987678
5, 312,7,55.149864, 55.316196, 128.777328, 65.996346,9.833734, 245.254242, 0.996993
5, 312,8,237.286774, 236.486862, 128.777328, 65.996346,9.833734, 245.254242, 1.003382
5, 312,9,73.867172, 73.720703, 128.777328, 65.996346,9.833734, 245.254242, 1.001987
5, 312,10,234.842987, 235.183640, 128.777328, 65.996346,9.833734, 245.254242, 0.998552
5, 312,11,65.872673, 64.424332, 128.777328, 65.996346,9.833734, 245.254242, 1.022481
5, 312,12,93.325630, 94.405853, 128.777328, 65.996346,9.833734, 245.254242, 0.988558
5, 312,13,193.726898, 194.095703, 128.777328, 65.996346,9.833734, 245.254242, 0.998100
5, 312,14,131.320206, 132.271912, 128.777328, 65.996346,9.833734, 245.254242, 0.992805
5, 312,15,152.984482, 153.130844, 128.777328, 65.996346,9.833734, 245.254242, 0.999044
5, 312,16,9.833734, 10.629894, 128.777328, 65.996346,9.833734, 245.254242, 0.925102
5, 312,17,146.041336, 145.398331, 128.777328, 65.996346,9.833734, 245.254242, 1.004422
5, 312,18,202.375565, 200.307770, 128.777328, 65.996346,9.833734, 245.254242, 1.010323
5, 312,19,34.502800, 33.530540, 128.777328, 65.996346,9.833734, 245.254242, 1.028996
5, 312,20,89.854416, 90.431000, 128.777328, 65.996346,9.833734, 245.254242, 0.993624
5, 312,21,105.966393, 107.698799, 128.777328, 65.996346,9.833734, 245.254242, 0.983914
5, 312,22,191.382645, 190.649384, 128.777328, 65.996346,9.833734, 245.254242, 1.003846
5, 312,23,170.987778, 169.920776, 128.777328, 65.996346,9.833734, 245.254242, 1.006279
5, 312,24,141.138153, 141.647934, 128.777328, 65.996346,9.833734, 245.254242, 0.996401
5, 312,25,20.826332, 20.961613, 128.777328, 65.996346,9.833734, 245.254242, 0.993546
5, 312,26,177.001022, 176.458649, 128.777328, 65.996346,9.833734, 245.254242, 1.003074
5, 312,27,70.108025, 70.484344, 128.777328, 65.996346,9.833734, 245.254242, 0.994661
5, 312,28,203.333939, 202.899734, 128.777328, 65.996346,9.833734, 245.254242, 1.002140
5, 312,29,165.341766, 165.127808, 128.777328, 65.996346,9.833734, 245.254242, 1.001296
5, 312,30,147.623901, 147.027374, 128.777328, 65.996346,9.833734, 245.254242, 1.004057
5, 312,31,245.254242, 245.660156, 128.777328, 65.996346,9.833734, 245.254242, 0.998348
5, 313,0,39.598984, 37.882915, 128.759155, 73.247658,29.251806, 259.368073, 1.045299
5, 313,1,107.009903, 107.701561, 128.759155, 73.247658,29.251806, 259.368073, 0.993578
5, 313,2,259.368073, 260.040100, 128.759155, 73.247658,29.251806, 259.368073, 0.997416
5, 313,3,106.797279, 105.873924, 128.759155, 73.247658,29.251806, 259.368073, 1.008721
5, 313,4,149.800476, 150.151779, 128.759155, 73.247658,29.251806, 259.368073, 0.997660
5, 313,5,176.989273, 178.364899, 128.759155, 73.247658,29.251806, 259.368073, 0.992288
5, 313,6,250.426376, 249.358444, 128.759155, 73.247658,29.251806, 259.368073, 1.004283
5, 313,7,44.676563, 43.626907, 128.759155, 73.247658,29.251806, 259.368073, 1.024060
5, 313,8,97.808205, 97.350082, 128.759155, 73.247658,29.251806, 259.368073, 1.004706
5, 313,9,105.943405, 106.380745, 128.759155, 73.247658,29.251806, 259.368073, 0.995889
5, 313,10,229.991821, 229.108597, 128.759155, 73.247658,29.251806, 259.368073, 1.003855
5, 313,11,74.140961, 72.354523, 128.759155, 73.247658,29.251806, 259.368073, 1.024690
5, 313,12,65.488281, 64.483414, 128.759155, 73.247658,29.251806, 259.368073, 1.015583
5, 313,13,173.299088, 173.296677, 128.759155, 73.247658,29.251806, 259.368073, 1.000014
5, 313,14,240.681183, 241.848251, 128.759155, 73.247658,29.251806, 259.368073, 0.995174
5, 313,15,43.686378, 44.847889, 128.759155, 73.247658,29.251806, 259.368073, 0.974101
5, 313,16,173.364639, 174.364075, 128.759155, 73.247658,29.251806, 259.368073, 0.994268
5, 313,17,86.717476, 86.507156, 128.759155, 73.247658,29.251806, 259.368073, 1.002431
5, 313,18,57.141747, 57.295757, 128.759155, 73.247658,29.251806, 259.368073, 0.997312
5, 313,19,76.036812, 76.078903, 128.759155, 73.247658,29.251806, 259.368073, 0.999447
5, 313,20,174.294006, 174.056915, 128.759155, 73.247658,29.251806, 259.368073, 1.001362
5, 313,21,201.215240, 202.869003, 128.759155, 73.247658,29.251806, 259.368073, 0.991848
5, 313,22,187.749847, 187.963806, 128.759155, 73.247658,29.251806, 259.368073, 0.998862
5, 313,23,44.093918, 44.056934, 128.759155, 73.247658,29.251806, 259.368073, 1.000839
5, 313,24,83.221123, 83.197456, 128.759155, 73.247658,29.251806, 259.368073, 1.000284
5, 313,25,118.208611, 118.651993, 128.759155, 73.247658,29.251806, 259.368073, 0.996263
5, 313,26,237.602814, 237.617065, 128.759155, 73.247658,29.251806, 259.368073, 0.999940
5, 313,27,46.610313, 46.537292, 128.759155, 73.247658,29.251806, 259.368073, 1.001569
5, 313,28,238.676819, 239.191284, 128.759155, 73.247658,29.251806, 259.368073, 0.997849
5, 313,29,75.467499, 74.988464, 128.759155, 73.247658,29.251806, 259.368073, 1.006388
5, 313,30,124.934196, 126.300407, 128.759155, 73.247658,29.251806, 259.368073, 0.989183
5, 313,31,29.251806, 28.652603, 128.759155, 73.247658,29.251806, 259.368073, 1.020913
5, 314,0,50.085014, 49.153214, 128.532700, 61.434593,13.764805, 226.253143, 1.018957
5, 314,1,163.199631, 161.796661, 128.532700, 61.434593,13.764805, 226.253143, 1.008671
5, 314,2,43.603489, 42.685169, 128.532700, 61.434593,13.764805, 226.253143, 1.021514
5, 314,3,168.480209, 168.450439, 128.532700, 61.434593,13.764805, 226.253143, 1.000177
5, 314,4,190.782745, 189.386993, 128.532700, 61.434593,13.764805, 226.253143, 1.007370
5, 314,5,145.542831, 147.294952, 128.532700, 61.434593,13.764805, 226.253143, 0.988105
5, 314,6,151.677597, 151.892258, 128.532700, 61.434593,13.764805, 226.253143, 0.998587
5, 314,7,137.610062, 138.339218, 128.532700, 61.434593,13.764805, 226.253143, 0.994729
5, 314,8,78.439384, 77.081886, 128.532700, 61.434593,13.764805, 226.253143, 1.017611
5, 314,9,108.484612, 109.249611, 128.532700, 61.434593,13.764805, 226.253143, 0.992998
5, 314,10,207.723618, 209.355011, 128.532700, 61.434593,13.764805, 226.253143, 0.992208
5, 314,11,201.319229, 202.641510, 128.532700, 61.434593,13.764805, 226.253143, 0.993475
5, 314,12,61.197487, 61.061043, 128.532700, 61.434593,13.764805, 226.253143, 1.002235
5, 314,13,226.253143, 226.583206, 128.532700, 61.434593,13.764805, 226.253143, 0.998543
5, 314,14,23.595821, 23.586205, 128.532700, 61.434593,13.764805, 226.253143, 1.000408
5, 314,15,224.991028, 226.019333, 128.532700, 61.434593,13.764805, 226.253143, 0.995450
5, 314,16,174.631760, 176.795868, 128.532700, 61.434593,13.764805, 226.253143, 0.987759
5, 314,17,91.671898, 91.550392, 128.532700, 61.434593,13.764805, 226.253143, 1.001327
5, 314,18,91.986000, 91.477425, 128.532700, 61.434593,13.764805, 226.253143, 1.005560
5, 314,19,134.828918, 135.964294, 128.532700, 61.434593,13.764805, 226.253143, 0.991649
5, 314,20,190.104477, 191.416946, 128.532700, 61.434593,13.764805, 226.253143, 0.993143
5, 314,21,122.018059, 123.499199, 128.532700, 61.434593,13.764805, 226.253143, 0.988007
5, 314,22,102.068390, 101.494598, 128.532700, 61.434593,13.764805, 226.253143, 1.005653
5, 314,23,92.222130, 92.790939, 128.532700, 61.434593,13.764805, 226.253143, 0.993870
5, 314,24,97.496857, 99.232445, 128.532700, 61.434593,13.764805, 226.253143, 0.982510
5, 314,25,108.817787, 109.501701, 128.532700, 61.434593,13.764805, 226.253143, 0.993754
5, 314,26,186.992874, 186.813034, 128.532700, 61.434593,13.764805, 226.253143, 1.000963
5, 314,27,18.700968, 18.020372, 128.532700, 61.434593,13.764805, 226.253143, 1.037768
5, 314,28,149.419235, 150.598648, 128.532700, 61.434593,13.764805, 226.253143, 0.992168
5, 314,29,13.764805, 14.404902, 128.532700, 61.434593,13.764805, 226.253143, 0.955564
5, 314,30,153.241821, 152.860794, 128.532700, 61.434593,13.764805, 226.253143, 1.002493
5, 314,31,202.094238, 200.001221, 128.532700, 61.434593,13.764805, 226.253143, 1.010465
5, 315,0,40.824009, 40.485786, 128.726349, 67.674919,21.632374, 223.557556, 1.008354
5, 315,1,51.129845, 50.599277, 128.726349, 67.674919,21.632374, 223.557556, 1.010486
5, 315,2,54.983044, 55.190315, 128.726349, 67.674919,21.632374, 223.557556, 0.996244
5, 315,3,21.632374, 21.513920, 128.726349, 67.674919,21.632374, 223.557556, 1.005506
5, 315,4,35.794266, 35.861725, 128.726349, 67.674919,21.632374, 223.557556, 0.998119
5, 315,5,151.518555, 150.888611, 128.726349, 67.674919,21.632374, 223.557556, 1.004175
5, 315,6,178.782257, 178.725464, 128.726349, 67.674919,21.632374, 223.557556, 1.000318
5, 315,7,223.557556, 223.076843, 128.726349, 67.674919,21.632374, 223.557556, 1.002155
5, 315,8,187.096161, 187.438538, 128.726349, 67.674919,21.632374, 223.557556, 0.998173
5, 315,9,182.749207, 182.523804, 128.726349, 67.674919,21.632374, 223.557556, 1.001235
5, 315,10,99.391785, 99.733261, 128.726349, 67.674919,21.632374, 223.557556, 0.996576
5, 315,11,98.816772, 99.905006, 128.726349, 67.674919,21.632374, 223.557556, 0.989107
5, 315,12,194.115555, 193.694229, 128.726349, 67.674919,21.632374, 223.557556, 1.002175
5, 315,13,173.284988, 173.387985, 128.726349, 67.674919,21.632374, 223.557556, 0.999406
5, 315,14,92.908958, 91.911987, 128.726349, 67.674919,21.632374, 223.557556, 1.010847
5, 315,15,31.219492, 31.640617, 128.726349, 67.674919,21.632374, 223.557556, 0.986690
5, 315,16,183.283112, 183.660019, 128.726349, 67.674919,21.632374, 223.557556, 0.997948
5, 315,17,153.425064, 153.352570, 128.726349, 67.674919,21.632374, 223.557556, 1.000473
5, 315,18,221.507965, 221.742477, 128.726349, 67.674919,21.632374, 223.557556, 0.998942
5, 315,19,106.808044, 108.149048, 128.726349, 67.674919,21.632374, 223.557556, 0.987600
5, 315,20,210.652740, 210.453140, 128.726349, 67.674919,21.632374, 223.557556, 1.000948
5, 315,21,184.698624, 185.496414, 128.726349, 67.674919,21.632374, 223.557556, 0.995699
5, 315,22,174.085541, 173.678635, 128.726349, 67.674919,21.632374, 223.557556, 1.002343
5, 315,23,30.727766, 31.508501, 128.726349, 67.674919,21.632374, 223.557556, 0.975221
5, 315,24,31.168360, 31.092335, 128.726349, 67.674919,21.632374, 223.557556, 1.002445
5, 315,25,187.072372, 188.039658, 128.726349, 67.674919,21.632374, 223.557556, 0.994856
5, 315,26,136.446304, 136.118027, 128.726349, 67.674919,21.632374, 223.557556, 1.002412
5, 315,27,166.035172, 165.084488, 128.726349, 67.674919,21.632374, 223.557556, 1.005759
5, 315,28,207.478485, 207.374847, 128.726349, 67.674919,21.632374, 223.557556, 1.000500
5, 315,29,121.732727, 121.968399, 128.726349, 67.674919,21.632374, 223.557556, 0.998068
5, 315,30,157.185455, 157.296234, 128.726349, 67.674919,21.632374, 223.557556, 0.999296
5, 315,31,29.130190, 29.407854, 128.726349, 67.674919,21.632374, 223.557556, 0.990558
5, 316,0,48.876415, 49.595474, 128.625412, 80.979202,10.171518, 268.704865, 0.985502
5, 316,1,172.044693, 171.272598, 128.625412, 80.979202,10.171518, 268.704865, 1.004508
5, 316,2,37.896778, 39.048759, 128.625412, 80.979202,10.171518, 268.704865, 0.970499
5, 316,3,210.061462, 209.513321, 128.625412, 80.979202,10.171518, 268.704865, 1.002616
5, 316,4,120.604225, 121.524231, 128.625412, 80.979202,10.171518, 268.704865, 0.992429
5, 316,5,268.704865, 268.028290, 128.625412, 80.979202,10.171518, 268.704865, 1.002524
5, 316,6,205.618073, 207.016434, 128.625412, 80.979202,10.171518, 268.704865, 0.993245
5, 316,7,79.383865, 79.668190, 128.625412, 80.979202,10.171518, 268.704865, 0.996431
5, 316,8,79.004646, 79.053818, 128.625412, 80.979202,10.171518, 268.704865, 0.999378
5, 316,9,135.979797, 137.387634, 128.625412, 80.979202,10.171518, 268.704865, 0.989753
5, 316,10,98.383568, 99.249321, 128.625412, 80.979202,10.171518, 268.704865, 0.991277
5, 316,11,44.831982, 45.413021, 128.625412, 80.979202,10.171518, 268.704865, 0.987205
5, 316,12,113.431961, 113.694931, 128.625412, 80.979202,10.171518, 268.704865, 0.997687
5, 316,13,44.696529, 46.767792, 128.625412, 80.979202,10.171518, 268.704865, 0.955712
5, 316,14,130.783432, 130.030914, 128.625412, 80.979202,10.171518, 268.704865, 1.005787
5, 316,15,248.386337, 247.297180, 128.625412, 80.979202,10.171518, 268.704865, 1.004404
5, 316,16,170.099915, 170.429810, 128.625412, 80.979202,10.171518, 268.704865, 0.998064
5, 316,17,221.944717, 222.871948, 128.625412, 80.979202,10.171518, 268.704865, 0.995840
5, 316,18,79.656548, 79.644554, 128.625412, 80.979202,10.171518, 268.704865, 1.000151
5, 316,19,92.951546, 92.396713, 128.625412, 80.979202,10.171518, 268.704865, 1.006005
5, 316,20,235.428375, 235.064865, 128.625412, 80.979202,10.171518, 268.704865, 1.001546
5, 316,21,23.884548, 21.814842, 128.625412, 80.979202,10.171518, 268.704865, 1.094876
5, 316,22,196.975784, 196.635132, 128.625412, 80.979202,10.171518, 268.704865, 1.001732
5, 316,23,140.706818, 141.845779, 128.625412, 80.979202,10.171518, 268.704865, 0.991970
5, 316,24,253.335220, 253.102188, 128.625412, 80.979202,10.171518, 268.704865, 1.000921
5, 316,25,10.171518, 11.512300, 128.625412, 80.979202,10.171518, 268.704865, 0.883535
5, 316,26,15.030489, 15.970434, 128.625412, 80.979202,10.171518, 268.704865, 0.941145
5, 316,27,10.941813, 10.370198, 128.625412, 80.979202,10.171518, 268.704865, 1.055121
5, 316,28,140.146255, 139.845139, 128.625412, 80.979202,10.171518, 268.704865, 1.002153
5, 316,29,166.763458, 166.893234, 128.625412, 80.979202,10.171518, 268.704865, 0.999222
5, 316,30,62.378029, 63.182545, 128.625412, 80.979202,10.171518, 268.704865, 0.987267
5, 316,31,256.909332, 254.858688, 128.625412, 80.979202,10.171518, 268.704865, 1.008046
5, 317,0,219.283310, 217.277679, 128.716980, 65.446602,26.064323, 259.298798, 1.009231
5, 317,1,158.229767, 158.025543, 128.716980, 65.446602,26.064323, 259.298798, 1.001292
5, 317,2,133.284119, 131.955566, 128.716980, 65.446602,26.064323, 259.298798, 1.010068
5, 317,3,99.595886, 99.531380, 128.716980, 65.446602,26.064323, 259.298798, 1.000648
5, 317,4,182.214905, 184.877686, 128.716980, 65.446602,26.064323, 259.298798, 0.985597
5, 317,5,69.897987, 71.308395, 128.716980, 65.446602,26.064323, 259.298798, 0.980221
5, 317,6,61.703808, 60.849758, 128.716980, 65.446602,26.064323, 259.298798, 1.014035
5, 317,7,257.742035, 256.418945, 128.716980, 65.446602,26.064323, 259.298798, 1.005160
5, 317,8,125.510857, 127.641479, 128.716980, 65.446602,26.064323, 259.298798, 0.983308
5, 317,9,119.783569, 120.053528, 128.716980, 65.446602,26.064323, 259.298798, 0.997751
5, 317,10,103.370590, 102.426247, 128.716980, 65.446602,26.064323, 259.298798, 1.009220
5, 317,11,112.100502, 111.739830, 128.716980, 65.446602,26.064323, 259.298798, 1.003228
5, 317,12,46.375751, 48.181671, 128.716980, 65.446602,26.064323, 259.298798, 0.962519
5, 317,13,183.919632, 184.006805, 128.716980, 65.446602,26.064323, 259.298798, 0.999526
5, 317,14,30.713802, 29.723837, 128.716980, 65.446602,26.064323, 259.298798, 1.033305
5, 317,15,128.051773, 127.673729, 128.716980, 65.446602,26.064323, 259.298798, 1.002961
5, 317,16,140.312134, 140.817566, 128.716980, 65.446602,26.064323, 259.298798, 0.996411
5, 317,17,90.371910, 90.145226, 128.716980, 65.446602,26.064323, 259.298798, 1.002515
5, 317,18,56.006771, 56.954987, 128.716980, 65.446602,26.064323, 259.298798, 0.983351
5, 317,19,179.948212, 179.902374, 128.716980, 65.446602,26.064323, 259.298798, 1.000255
5, 317,20,149.085373, 148.526474, 128.716980, 65.446602,26.064323, 259.298798, 1.003763
5, 317,21,253.314987, 253.540192, 128.716980, 65.446602,26.064323, 259.298798, 0.999112
5, 317,22,138.865356, 138.938736, 128.716980, 65.446602,26.064323, 259.298798, 0.999472
5, 317,23,106.161079, 106.829033, 128.716980, 65.446602,26.064323, 259.298798, 0.993747
5, 317,24,259.298798, 258.418732, 128.716980, 65.446602,26.064323, 259.298798, 1.003406
5, 317,25,81.667702, 81.025162, 128.716980, 65.446602,26.064323, 259.298798, 1.007930
5, 317,26,169.582870, 169.040558, 128.716980, 65.446602,26.064323, 259.298798, 1.003208
5, 317,27,206.138840, 205.738495, 128.716980, 65.446602,26.064323, 259.298798, 1.001946
5, 317,28,44.266098, 42.746731, 128.716980, 65.446602,26.064323, 259.298798, 1.035543
5, 317,29,122.414665, 124.149879, 128.716980, 65.446602,26.064323, 259.298798, 0.986023
5, 317,30,26.064323, 26.982174, 128.716980, 65.446602,26.064323, 259.298798, 0.965983
5, 317,31,63.666000, 65.550903, 128.716980, 65.446602,26.064323, 259.298798, 0.971245
5, 318,0,11.784814, 11.881547, 128.891449, 73.670677,11.784814, 280.747375, 0.991859
5, 318,1,98.342110, 98.657516, 128.891449, 73.670677,11.784814, 280.747375, 0.996803
5, 318,2,149.223282, 149.642456, 128.891449, 73.670677,11.784814, 280.747375, 0.997199
5, 318,3,73.004501, 73.389832, 128.891449, 73.670677,11.784814, 280.747375, 0.994750
5, 318,4,178.108063, 177.399429, 128.891449, 73.670677,11.784814, 280.747375, 1.003995
5, 318,5,60.283127, 59.935936, 128.891449, 73.670677,11.784814, 280.747375, 1.005793
5, 318,6,231.029541, 231.289948, 128.891449, 73.670677,11.784814, 280.747375, 0.998874
5, 318,7,280.747375, 279.885498, 128.891449, 73.670677,11.784814, 280.747375, 1.003079
5, 318,8,160.973892, 160.648682, 128.891449, 73.670677,11.784814, 280.747375, 1.002024
5, 318,9,69.333015, 69.318695, 128.891449, 73.670677,11.784814, 280.747375, 1.000207
5, 318,10,207.345383, 206.871460, 128.891449, 73.670677,11.784814, 280.747375, 1.002291
5, 318,11,152.489548, 152.781143, 128.891449, 73.670677,11.784814, 280.747375, 0.998091
5, 318,12,73.888855, 73.664566, 128.891449, 73.670677,11.784814, 280.747375, 1.003045
5, 318,13,33.225250, 32.786705, 128.891449, 73.670677,11.784814, 280.747375, 1.013376
5, 318,14,42.833618, 41.545059, 128.891449, 73.670677,11.784814, 280.747375, 1.031016
5, 318,15,64.182938, 65.255890, 128.891449, 73.670677,11.784814, 280.747375, 0.983558
5, 318,16,37.903393, 36.932770, 128.891449, 73.670677,11.784814, 280.747375, 1.026281
5, 318,17,98.015640, 97.267174, 128.891449, 73.670677,11.784814, 280.747375, 1.007695
5, 318,18,87.773796, 88.034264, 128.891449, 73.670677,11.784814, 280.747375, 0.997041
5, 318,19,262.414673, 261.527893, 128.891449, 73.670677,11.784814, 280.747375, 1.003391
5, 318,20,185.734497, 184.825729, 128.891449, 73.670677,11.784814, 280.747375, 1.004917
5, 318,21,122.138794, 123.051025, 128.891449, 73.670677,11.784814, 280.747375, 0.992587
5, 318,22,111.102859, 111.820023, 128.891449, 73.670677,11.784814, 280.747375, 0.993586
5, 318,23,267.756287, 268.812653, 128.891449, 73.670677,11.784814, 280.747375, 0.996070
5, 318,24,146.059952, 144.988541, 128.891449, 73.670677,11.784814, 280.747375, 1.007390
5, 318,25,188.944046, 188.280777, 128.891449, 73.670677,11.784814, 280.747375, 1.003523
5, 318,26,130.609802, 130.635498, 128.891449, 73.670677,11.784814, 280.747375, 0.999803
5, 318,27,230.735519, 232.214081, 128.891449, 73.670677,11.784814, 280.747375, 0.993633
5, 318,28,114.734993, 114.750572, 128.891449, 73.670677,11.784814, 280.747375, 0.999864
5, 318,29,122.341202, 122.076950, 128.891449, 73.670677,11.784814, 280.747375, 1.002165
5, 318,30,77.097572, 75.937416, 128.891449, 73.670677,11.784814, 280.747375, 1.015278
5, 318,31,54.367653, 54.890724, 128.891449, 73.670677,11.784814, 280.747375, 0.990471
5, 319,0,49.482250, 50.469044, 128.721039, 64.285072,16.574993, 212.126755, 0.980448
5, 319,1,16.574993, 16.409040, 128.721039, 64.285072,16.574993, 212.126755, 1.010113
5, 319,2,47.092186, 45.611279, 128.721039, 64.285072,16.574993, 212.126755, 1.032468
5, 319,3,205.662247, 205.732239, 128.721039, 64.285072,16.574993, 212.126755, 0.999660
5, 319,4,212.126755, 212.227798, 128.721039, 64.285072,16.574993, 212.126755, 0.999524
5, 319,5,206.193558, 206.282288, 128.721039, 64.285072,16.574993, 212.126755, 0.999570
5, 319,6,116.449631, 115.338181, 128.721039, 64.285072,16.574993, 212.126755, 1.009636
5, 319,7,210.212128, 210.101761, 128.721039, 64.285072,16.574993, 212.126755, 1.000525
5, 319,8,47.890415, 49.344219, 128.721039, 64.285072,16.574993, 212.126755, 0.970537
5, 319,9,77.578209, 76.686165, 128.721039, 64.285072,16.574993, 212.126755, 1.011632
5, 319,10,93.495377, 93.601830, 128.721039, 64.285072,16.574993, 212.126755, 0.998863
5, 319,11,201.172577, 201.980759, 128.721039, 64.285072,16.574993, 212.126755, 0.995999
5, 319,12,156.957275, 158.050690, 128.721039, 64.285072,16.574993, 212.126755, 0.993082
5, 319,13,106.883446, 107.056488, 128.721039, 64.285072,16.574993, 212.126755, 0.998384
5, 319,14,142.238678, 142.185699, 128.721039, 64.285072,16.574993, 212.126755, 1.000373
5, 319,15,59.902382, 59.986813, 128.721039, 64.285072,16.574993, 212.126755, 0.998592
5, 319,16,113.716072, 114.262802, 128.721039, 64.285072,16.574993, 212.126755, 0.995215
5, 319,17,188.082062, 187.735001, 128.721039, 64.285072,16.574993, 212.126755, 1.001849
5, 319,18,179.281021, 179.169006, 128.721039, 64.285072,16.574993, 212.126755, 1.000625
5, 319,19,150.040115, 148.687454, 128.721039, 64.285072,16.574993, 212.126755, 1.009097
5, 319,20,189.918472, 189.440796, 128.721039, 64.285072,16.574993, 212.126755, 1.002522
5, 319,21,168.580780, 168.155594, 128.721039, 64.285072,16.574993, 212.126755, 1.002529
5, 319,22,184.437012, 183.693054, 128.721039, 64.285072,16.574993, 212.126755, 1.004050
5, 319,23,25.002066, 24.449699, 128.721039, 64.285072,16.574993, 212.126755, 1.022592
5, 319,24,94.440834, 93.991196, 128.721039, 64.285072,16.574993, 212.126755, 1.004784
5, 319,25,208.252151, 209.174713, 128.721039, 64.285072,16.574993, 212.126755, 0.995589
5, 319,26,74.997536, 75.542793, 128.721039, 64.285072,16.574993, 212.126755, 0.992782
5, 319,27,35.694248, 37.175076, 128.721039, 64.285072,16.574993, 212.126755, 0.960166
5, 319,28,170.597839, 171.826736, 128.721039, 64.285072,16.574993, 212.126755, 0.992848
5, 319,29,60.253460, 59.955910, 128.721039, 64.285072,16.574993, 212.126755, 1.004963
5, 319,30,188.530457, 188.451935, 128.721039, 64.285072,16.574993, 212.126755, 1.000417
5, 319,31,137.336807, 138.224091, 128.721039, 64.285072,16.574993, 212.126755, 0.993581
5, 320,0,45.060493, 44.697403, 128.387817, 77.350296,12.828633, 240.011490, 1.008123
5, 320,1,144.654388, 143.933533, 128.387817, 77.350296,12.828633, 240.011490, 1.005008
5, 320,2,14.759650, 15.162245, 128.387817, 77.350296,12.828633, 240.011490, 0.973448
5, 320,3,28.950148, 29.929823, 128.387817, 77.350296,12.828633, 240.011490, 0.967268
5, 320,4,109.292282, 111.301033, 128.387817, 77.350296,12.828633, 240.011490, 0.981952
5, 320,5,240.011490, 240.570724, 128.387817, 77.350296,12.828633, 240.011490, 0.997675
5, 320,6,98.115150, 97.793747, 128.387817, 77.350296,12.828633, 240.011490, 1.003287
5, 320,7,12.828633, 11.929611, 128.387817, 77.350296,12.828633, 240.011490, 1.075361
5, 320,8,98.398720, 99.438553, 128.387817, 77.350296,12.828633, 240.011490, 0.989543
5, 320,9,235.192291, 235.415619, 128.387817, 77.350296,12.828633, 240.011490, 0.999051
5, 320,10,14.372455, 17.212902, 128.387817, 77.350296,12.828633, 240.011490, 0.834982
5, 320,11,29.833712, 30.015266, 128.387817, 77.350296,12.828633, 240.011490, 0.993951
5, 320,12,152.563553, 151.530945, 128.387817, 77.350296,12.828633, 240.011490, 1.006814
5, 320,13,53.290627, 54.017918, 128.387817, 77.350296,12.828633, 240.011490, 0.986536
5, 320,14,220.803467, 221.580795, 128.387817, 77.350296,12.828633, 240.011490, 0.996492
5, 320,15,48.068485, 48.599346, 128.387817, 77.350296,12.828633, 240.011490, 0.989077
5, 320,16,64.491219, 64.107437, 128.387817, 77.350296,12.828633, 240.011490, 1.005987
5, 320,17,186.088470, 187.545593, 128.387817, 77.350296,12.828633, 240.011490, 0.992231
5, 320,18,177.506042, 178.524139, 128.387817, 77.350296,12.828633, 240.011490, 0.994297
5, 320,19,123.140808, 124.616058, 128.387817, 77.350296,12.828633, 240.011490, 0.988162
5, 320,20,203.310455, 203.765717, 128.387817, 77.350296,12.828633, 240.011490, 0.997766
5, 320,21,139.512894, 140.579849, 128.387817, 77.350296,12.828633, 240.011490, 0.992410
5, 320,22,145.315659, 144.460434, 128.387817, 77.350296,12.828633, 240.011490, 1.005920
5, 320,23,29.023344, 28.505754, 128.387817, 77.350296,12.828633, 240.011490, 1.018157
5, 320,24,223.125443, 223.481934, 128.387817, 77.350296,12.828633, 240.011490, 0.998405
5, 320,25,210.832352, 211.477036, 128.387817, 77.350296,12.828633, 240.011490, 0.996952
5, 320,26,167.873581, 169.111038, 128.387817, 77.350296,12.828633, 240.011490, 0.992683
5, 320,27,161.179337, 159.854614, 128.387817, 77.350296,12.828633, 240.011490, 1.008287
5, 320,28,194.656250, 194.644562, 128.387817, 77.350296,12.828633, 240.011490, 1.000060
5, 320,29,226.350449, 225.411545, 128.387817, 77.350296,12.828633, 240.011490, 1.004165
5, 320,30,75.569786, 75.734947, 128.387817, 77.350296,12.828633, 240.011490, 0.997819
5, 320,31,234.237839, 236.049332, 128.387817, 77.350296,12.828633, 240.011490, 0.992326
5, 321,0,20.888191, 20.166332, 128.776184, 63.122845,20.888191, 223.173508, 1.035795
5, 321,1,151.748795, 151.086182, 128.776184, 63.122845,20.888191, 223.173508, 1.004386
5, 321,2,71.770706, 71.972755, 128.776184, 63.122845,20.888191, 223.173508, 0.997193
5, 321,3,46.910854, 47.027142, 128.776184, 63.122845,20.888191, 223.173508, 0.997527
5, 321,4,109.478065, 109.892288, 128.776184, 63.122845,20.888191, 223.173508, 0.996231
5, 321,5,216.048386, 216.724594, 128.776184, 63.122845,20.888191, 223.173508, 0.996880
5, 321,6,141.838165, 143.322418, 128.776184, 63.122845,20.888191, 223.173508, 0.989644
5, 321,7,159.017105, 158.575363, 128.776184, 63.122845,20.888191, 223.173508, 1.002786
5, 321,8,131.006622, 130.925110, 128.776184, 63.122845,20.888191, 223.173508, 1.000623
5, 321,9,37.699360, 37.739464, 128.776184, 63.122845,20.888191, 223.173508, 0.998937
5, 321,10,198.066620, 198.931778, 128.776184, 63.122845,20.888191, 223.173508, 0.995651
5, 321,11,98.486275, 98.874748, 128.776184, 63.122845,20.888191, 223.173508, 0.996071
5, 321,12,175.446503, 175.379654, 128.776184, 63.122845,20.888191, 223.173508, 1.000381
5, 321,13,198.895798, 198.066849, 128.776184, 63.122845,20.888191, 223.173508, 1.004185
5, 321,14,68.131683, 67.394127, 128.776184, 63.122845,20.888191, 223.173508, 1.010944
5, 321,15,27.391100, 27.257366, 128.776184, 63.122845,20.888191, 223.173508, 1.004906
5, 321,16,40.959774, 42.558350, 128.776184, 63.122845,20.888191, 223.173508, 0.962438
5, 321,17,129.956406, 130.465210, 128.776184, 63.122845,20.888191, 223.173508, 0.996100
5, 321,18,122.444069, 122.447456, 128.776184, 63.122845,20.888191, 223.173508, 0.999972
5, 321,19,220.425797, 219.724365, 128.776184, 63.122845,20.888191, 223.173508, 1.003192
5, 321,20,223.173508, 223.891113, 128.776184, 63.122845,20.888191, 223.173508, 0.996795
5, 321,21,138.846146, 138.242691, 128.776184, 63.122845,20.888191, 223.173508, 1.004365
5, 321,22,82.809280, 82.056709, 128.776184, 63.122845,20.888191, 223.173508, 1.009171
5, 321,23,200.648788, 200.929352, 128.776184, 63.122845,20.888191, 223.173508, 0.998604
5, 321,24,149.527756, 148.759109, 128.776184, 63.122845,20.888191, 223.173508, 1.005167
5, 321,25,162.664520, 162.851929, 128.776184, 63.122845,20.888191, 223.173508, 0.998849
5, 321,26,146.482819, 147.029266, 128.776184, 63.122845,20.888191, 223.173508, 0.996283
5, 321,27,80.783134, 80.333725, 128.776184, 63.122845,20.888191, 223.173508, 1.005594
5, 321,28,164.734283, 165.034851, 128.776184, 63.122845,20.888191, 223.173508, 0.998179
5, 321,29,167.964188, 168.673035, 128.776184, 63.122845,20.888191, 223.173508, 0.995798
5, 321,30,212.019638, 212.152817, 128.776184, 63.122845,20.888191, 223.173508, 0.999372
5, 321,31,24.573359, 22.513992, 128.776184, 63.122845,20.888191, 223.173508, 1.091470
5, 322,0,120.757744, 118.987617, 128.836060, 53.923538,19.908392, 214.702011, 1.014877
5, 322,1,155.009064, 154.861633, 128.836060, 53.923538,19.908392, 214.702011, 1.000952
5, 322,2,191.726486, 192.824982, 128.836060, 53.923538,19.908392, 214.702011, 0.994303
5, 322,3,191.244644, 191.397949, 128.836060, 53.923538,19.908392, 214.702011, 0.999199
5, 322,4,114.045082, 112.535210, 128.836060, 53.923538,19.908392, 214.702011, 1.013417
5, 322,5,171.591064, 171.508148, 128.836060, 53.923538,19.908392, 214.702011, 1.000484
5, 322,6,131.547684, 130.547318, 128.836060, 53.923538,19.908392, 214.702011, 1.007663
5, 322,7,28.752041, 29.391356, 128.836060, 53.923538,19.908392, 214.702011, 0.978248
5, 322,8,117.574982, 117.738106, 128.836060, 53.923538,19.908392, 214.702011, 0.998614
5, 322,9,139.852951, 139.205170, 128.836060, 53.923538,19.908392, 214.702011, 1.004653
5, 322,10,180.968475, 180.036240, 128.836060, 53.923538,19.908392, 214.702011, 1.005178
5, 322,11,90.980766, 91.757782, 128.836060, 53.923538,19.908392, 214.702011, 0.991532
5, 322,12,211.219193, 211.021454, 128.836060, 53.923538,19.908392, 214.702011, 1.000937
5, 322,13,81.814896, 83.168228, 128.836060, 53.923538,19.908392, 214.702011, 0.983728
5, 322,14,62.026985, 61.728493, 128.836060, 53.923538,19.908392, 214.702011, 1.004836
5, 322,15,150.821136, 151.031158, 128.836060, 53.923538,19.908392, 214.702011, 0.998609
5, 322,16,134.433548, 134.029572, 128.836060, 53.923538,19.908392, 214.702011, 1.003014
5, 322,17,132.066666, 132.684479, 128.836060, 53.923538,19.908392, 214.702011, 0.995344
5, 322,18,93.359299, 94.434334, 128.836060, 53.923538,19.908392, 214.702011, 0.988616
5, 322,19,151.910492, 151.065292, 128.836060, 53.923538,19.908392, 214.702011, 1.005595
5, 322,20,150.096527, 151.037979, 128.836060, 53.923538,19.908392, 214.702011, 0.993767
5, 322,21,214.702011, 214.312531, 128.836060, 53.923538,19.908392, 214.702011, 1.001817
5, 322,22,19.908392, 18.364229, 128.836060, 53.923538,19.908392, 214.702011, 1.084085
5, 322,23,185.762131, 186.160904, 128.836060, 53.923538,19.908392, 214.702011, 0.997858
5, 322,24,130.538528, 132.623016, 128.836060, 53.923538,19.908392, 214.702011, 0.984283
5, 322,25,145.535507, 143.977890, 128.836060, 53.923538,19.908392, 214.702011, 1.010818
5, 322,26,200.757874, 200.998032, 128.836060, 53.923538,19.908392, 214.702011, 0.998805
5, 322,27,43.343098, 43.689068, 128.836060, 53.923538,19.908392, 214.702011, 0.992081
5, 322,28,172.354416, 172.716690, 128.836060, 53.923538,19.908392, 214.702011, 0.997903
5, 322,29,42.788624, 41.169556, 128.836060, 53.923538,19.908392, 214.702011, 1.039327
5, 322,30,86.529518, 86.896286, 128.836060, 53.923538,19.908392, 214.702011, 0.995779
5, 322,31,78.734436, 79.098770, 128.836060, 53.923538,19.908392, 214.702011, 0.995394
5, 323,0,116.425079, 117.278671, 128.846756, 69.948059,13.041842, 228.312210, 0.992722
5, 323,1,205.533417, 205.496674, 128.846756, 69.948059,13.041842, 228.312210, 1.000179
5, 323,2,49.603600, 51.308376, 128.846756, 69.948059,13.041842, 228.312210, 0.966774
5, 323,3,156.992691, 158.306641, 128.846756, 69.948059,13.041842, 228.312210, 0.991700
5, 323,4,192.975464, 192.174042, 128.846756, 69.948059,13.041842, 228.312210, 1.004170
5, 323,5,153.069641, 153.013153, 128.846756, 69.948059,13.041842, 228.312210, 1.000369
5, 323,6,177.447327, 175.883224, 128.846756, 69.948059,13.041842, 228.312210, 1.008893
5, 323,7,224.698593, 225.090790, 128.846756, 69.948059,13.041842, 228.312210, 0.998258
5, 323,8,109.364243, 109.926605, 128.846756, 69.948059,13.041842, 228.312210, 0.994884
5, 323,9,208.952332, 208.663193, 128.846756, 69.948059,13.041842, 228.312210, 1.001386
5, 323,10,93.786850, 92.363701, 128.846756, 69.948059,13.041842, 228.312210, 1.015408
5, 323,11,123.723038, 125.971214, 128.846756, 69.948059,13.041842, 228.312210, 0.982153
5, 323,12,185.571198, 185.704208, 128.846756, 69.948059,13.041842, 228.312210, 0.999284
5, 323,13,198.795715, 200.086914, 128.846756, 69.948059,13.041842, 228.312210, 0.993547
5, 323,14,126.324165, 127.564735, 128.846756, 69.948059,13.041842, 228.312210, 0.990275
5, 323,15,13.041842, 11.627714, 128.846756, 69.948059,13.041842, 228.312210, 1.121617
5, 323,16,47.340511, 47.649437, 128.846756, 69.948059,13.041842, 228.312210, 0.993517
5, 323,17,217.290222, 217.854996, 128.846756, 69.948059,13.041842, 228.312210, 0.997408
5, 323,18,58.689781, 59.351196, 128.846756, 69.948059,13.041842, 228.312210, 0.988856
5, 323,19,64.458649, 63.605141, 128.846756, 69.948059,13.041842, 228.312210, 1.013419
5, 323,20,45.643864, 45.454075, 128.846756, 69.948059,13.041842, 228.312210, 1.004175
5, 323,21,228.312210, 227.580231, 128.846756, 69.948059,13.041842, 228.312210, 1.003216
5, 323,22,196.861084, 196.257004, 128.846756, 69.948059,13.041842, 228.312210, 1.003078
5, 323,23,198.604477, 196.817810, 128.846756, 69.948059,13.041842, 228.312210, 1.009078
5, 323,24,43.074394, 41.897728, 128.846756, 69.948059,13.041842, 228.312210, 1.028084
5, 323,25,138.778793, 137.700317, 128.846756, 69.948059,13.041842, 228.312210, 1.007832
5, 323,26,195.235229, 193.740204, 128.846756, 69.948059,13.041842, 228.312210, 1.007717
5, 323,27,52.188942, 53.100227, 128.846756, 69.948059,13.041842, 228.312210, 0.982838
5, 323,28,20.638697, 20.381807, 128.846756, 69.948059,13.041842, 228.312210, 1.012604
5, 323,29,22.497425, 21.722279, 128.846756, 69.948059,13.041842, 228.312210, 1.035684
5, 323,30,95.883652, 96.166267, 128.846756, 69.948059,13.041842, 228.312210, 0.997061
5, 323,31,161.293045, 161.261154, 128.846756, 69.948059,13.041842, 228.312210, 1.000198
5, 324,0,99.928375, 99.807014, 128.778564, 54.824848,24.934940, 214.085922, 1.001216
5, 324,1,77.632896, 76.911034, 128.778564, 54.824848,24.934940, 214.085922, 1.009386
5, 324,2,129.040756, 129.110046, 128.778564, 54.824848,24.934940, 214.085922, 0.999463
5, 324,3,88.440559, 90.737785, 128.778564, 54.824848,24.934940, 214.085922, 0.974683
5, 324,4,167.961884, 166.597046, 128.778564, 54.824848,24.934940, 214.085922, 1.008192
5, 324,5,49.935989, 49.779774, 128.778564, 54.824848,24.934940, 214.085922, 1.003138
5, 324,6,192.701401, 193.397125, 128.778564, 54.824848,24.934940, 214.085922, 0.996403
5, 324,7,111.144501, 111.054382, 128.778564, 54.824848,24.934940, 214.085922, 1.000811
5, 324,8,24.934940, 24.106981, 128.778564, 54.824848,24.934940, 214.085922, 1.034345
5, 324,9,89.965904, 91.266396, 128.778564, 54.824848,24.934940, 214.085922, 0.985751
5, 324,10,196.150360, 196.817184, 128.778564, 54.824848,24.934940, 214.085922, 0.996612
5, 324,11,94.496658, 94.164223, 128.778564, 54.824848,24.934940, 214.085922, 1.003530
5, 324,12,214.085922, 215.751755, 128.778564, 54.824848,24.934940, 214.085922, 0.992279
5, 324,13,192.175507, 191.085236, 128.778564, 54.824848,24.934940, 214.085922, 1.005706
5, 324,14,213.496902, 214.796417, 128.778564, 54.824848,24.934940, 214.085922, 0.993950
5, 324,15,200.637726, 201.905884, 128.778564, 54.824848,24.934940, 214.085922, 0.993719
5, 324,16,32.513645, 30.705097, 128.778564, 54.824848,24.934940, 214.085922, 1.058901
5, 324,17,130.361679, 131.549316, 128.778564, 54.824848,24.934940, 214.085922, 0.990972
5, 324,18,125.290230, 124.811081, 128.778564, 54.824848,24.934940, 214.085922, 1.003839
5, 324,19,103.016914, 102.513771, 128.778564, 54.824848,24.934940, 214.085922, 1.004908
5, 324,20,163.703201, 162.342667, 128.778564, 54.824848,24.934940, 214.085922, 1.008381
5, 324,21,95.273361, 94.852058, 128.778564, 54.824848,24.934940, 214.085922, 1.004442
5, 324,22,210.280121, 210.675781, 128.778564, 54.824848,24.934940, 214.085922, 0.998122
5, 324,23,104.294121, 105.500755, 128.778564, 54.824848,24.934940, 214.085922, 0.988563
5, 324,24,59.266796, 60.039978, 128.778564, 54.824848,24.934940, 214.085922, 0.987122
5, 324,25,77.846504, 77.254951, 128.778564, 54.824848,24.934940, 214.085922, 1.007657
5, 324,26,129.708099, 128.683334, 128.778564, 54.824848,24.934940, 214.085922, 1.007963
5, 324,27,116.690323, 115.499840, 128.778564, 54.824848,24.934940, 214.085922, 1.010307
5, 324,28,153.579880, 154.744629, 128.778564, 54.824848,24.934940, 214.085922, 0.992473
5, 324,29,125.288055, 125.428856, 128.778564, 54.824848,24.934940, 214.085922, 0.998877
5, 324,30,208.783417, 207.255707, 128.778564, 54.824848,24.934940, 214.085922, 1.007371
5, 324,31,142.287216, 141.854080, 128.778564, 54.824848,24.934940, 214.085922, 1.003053
5, 325,0,52.687466, 52.620144, 128.701569, 77.846252,11.880593, 269.547394, 1.001279
5, 325,1,222.759262, 222.936722, 128.701569, 77.846252,11.880593, 269.547394, 0.999204
5, 325,2,234.002014, 232.015121, 128.701569, 77.846252,11.880593, 269.547394, 1.008564
5, 325,3,193.884598, 194.471329, 128.701569, 77.846252,11.880593, 269.547394, 0.996983
5, 325,4,120.624107, 122.696945, 128.701569, 77.846252,11.880593, 269.547394, 0.983106
5, 325,5,59.872166, 59.230080, 128.701569, 77.846252,11.880593, 269.547394, 1.010841
5, 325,6,224.567566, 223.018723, 128.701569, 77.846252,11.880593, 269.547394, 1.006945
5, 325,7,114.865311, 116.300232, 128.701569, 77.846252,11.880593, 269.547394, 0.987662
5, 325,8,113.416397, 114.774864, 128.701569, 77.846252,11.880593, 269.547394, 0.988164
5, 325,9,64.787453, 65.536583, 128.701569, 77.846252,11.880593, 269.547394, 0.988569
5, 325,10,72.776482, 72.302338, 128.701569, 77.846252,11.880593, 269.547394, 1.006558
5, 325,11,171.278519, 172.878326, 128.701569, 77.846252,11.880593, 269.547394, 0.990746
5, 325,12,11.880593, 11.172730, 128.701569, 77.846252,11.880593, 269.547394, 1.063356
5, 325,13,46.346085, 46.215229, 128.701569, 77.846252,11.880593, 269.547394, 1.002831
5, 325,14,171.128006, 172.197662, 128.701569, 77.846252,11.880593, 269.547394, 0.993788
5, 325,15,174.273987, 174.116669, 128.701569, 77.846252,11.880593, 269.547394, 1.000903
5, 325,16,242.232712, 243.201157, 128.701569, 77.846252,11.880593, 269.547394, 0.996018
5, 325,17,64.354881, 64.773895, 128.701569, 77.846252,11.880593, 269.547394, 0.993531
5, 325,18,157.094467, 156.492905, 128.701569, 77.846252,11.880593, 269.547394, 1.003844
5, 325,19,269.547394, 267.664490, 128.701569, 77.846252,11.880593, 269.547394, 1.007035
5, 325,20,130.332275, 130.250000, 128.701569, 77.846252,11.880593, 269.547394, 1.000632
5, 325,21,54.047226, 54.301334, 128.701569, 77.846252,11.880593, 269.547394, 0.995320
5, 325,22,235.771820, 237.083298, 128.701569, 77.846252,11.880593, 269.547394, 0.994468
5, 325,23,188.922577, 187.508759, 128.701569, 77.846252,11.880593, 269.547394, 1.007540
5, 325,24,32.301708, 33.315193, 128.701569, 77.846252,11.880593, 269.547394, 0.969579
5, 325,25,109.343170, 108.673386, 128.701569, 77.846252,11.880593, 269.547394, 1.006163
5, 325,26,229.738190, 229.571228, 128.701569, 77.846252,11.880593, 269.547394, 1.000727
5, 325,27,60.437340, 60.812855, 128.701569, 77.846252,11.880593, 269.547394, 0.993825
5, 325,28,177.384079, 177.241226, 128.701569, 77.846252,11.880593, 269.547394, 1.000806
5, 325,29,17.700911, 18.479744, 128.701569, 77.846252,11.880593, 269.547394, 0.957855
5, 325,30,39.835075, 38.514576, 128.701569, 77.846252,11.880593, 269.547394, 1.034286
5, 325,31,60.256237, 60.632439, 128.701569, 77.846252,11.880593, 269.547394, 0.993795
5, 326,0,197.199249, 195.619415, 128.856400, 64.116875,19.018629, 218.376938, 1.008076
5, 326,1,191.005325, 191.945114, 128.856400, 64.116875,19.018629, 218.376938, 0.995104
5, 326,2,107.506622, 105.646912, 128.856400, 64.116875,19.018629, 218.376938, 1.017603
5, 326,3,72.395691, 71.197914, 128.856400, 64.116875,19.018629, 218.376938, 1.016823
5, 326,4,192.637283, 193.191177, 128.856400, 64.116875,19.018629, 218.376938, 0.997133
5, 326,5,156.093185, 156.806000, 128.856400, 64.116875,19.018629, 218.376938, 0.995454
5, 326,6,109.502907, 109.736572, 128.856400, 64.116875,19.018629, 218.376938, 0.997871
5, 326,7,210.732986, 211.160126, 128.856400, 64.116875,19.018629, 218.376938, 0.997977
5, 326,8,190.368179, 190.532898, 128.856400, 64.116875,19.018629, 218.376938, 0.999135
5, 326,9,60.006367, 60.213348, 128.856400, 64.116875,19.018629, 218.376938, 0.996563
5, 326,10,202.197906, 203.217224, 128.856400, 64.116875,19.018629, 218.376938, 0.994984
5, 326,11,167.052216, 165.042831, 128.856400, 64.116875,19.018629, 218.376938, 1.012175
5, 326,12,62.308788, 61.484982, 128.856400, 64.116875,19.018629, 218.376938, 1.013399
5, 326,13,152.858795, 152.364883, 128.856400, 64.116875,19.018629, 218.376938, 1.003242
5, 326,14,126.041542, 125.117516, 128.856400, 64.116875,19.018629, 218.376938, 1.007385
5, 326,15,189.548325, 189.095139, 128.856400, 64.116875,19.018629, 218.376938, 1.002397
5, 326,16,93.007004, 93.703819, 128.856400, 64.116875,19.018629, 218.376938, 0.992564
5, 326,17,65.430542, 65.204010, 128.856400, 64.116875,19.018629, 218.376938, 1.003474
5, 326,18,19.018629, 18.256001, 128.856400, 64.116875,19.018629, 218.376938, 1.041774
5, 326,19,121.775002, 121.634926, 128.856400, 64.116875,19.018629, 218.376938, 1.001152
5, 326,20,75.817062, 76.744514, 128.856400, 64.116875,19.018629, 218.376938, 0.987915
5, 326,21,107.242867, 108.733330, 128.856400, 64.116875,19.018629, 218.376938, 0.986292
5, 326,22,20.957815, 21.304073, 128.856400, 64.116875,19.018629, 218.376938, 0.983747
5, 326,23,214.161469, 214.131516, 128.856400, 64.116875,19.018629, 218.376938, 1.000140
5, 326,24,80.534790, 80.322975, 128.856400, 64.116875,19.018629, 218.376938, 1.002637
5, 326,25,218.376938, 218.719589, 128.856400, 64.116875,19.018629, 218.376938, 0.998433
5, 326,26,206.786835, 206.482574, 128.856400, 64.116875,19.018629, 218.376938, 1.001474
5, 326,27,88.762642, 88.125275, 128.856400, 64.116875,19.018629, 218.376938, 1.007233
5, 326,28,154.245499, 154.959244, 128.856400, 64.116875,19.018629, 218.376938, 0.995394
5, 326,29,43.865700, 43.254044, 128.856400, 64.116875,19.018629, 218.376938, 1.014141
5, 326,30,31.455112, 31.732706, 128.856400, 64.116875,19.018629, 218.376938, 0.991252
5, 326,31,194.511536, 195.319077, 128.856400, 64.116875,19.018629, 218.376938, 0.995866
5, 327,0,74.471413, 73.124268, 128.665985, 90.337700,13.975742, 264.327057, 1.018423
5, 327,1,246.627487, 247.042923, 128.665985, 90.337700,13.975742, 264.327057, 0.998318
5, 327,2,172.205246, 172.276535, 128.665985, 90.337700,13.975742, 264.327057, 0.999586
5, 327,3,263.881439, 261.181458, 128.665985, 90.337700,13.975742, 264.327057, 1.010338
5, 327,4,30.338316, 30.264753, 128.665985, 90.337700,13.975742, 264.327057, 1.002431
5, 327,5,39.957806, 38.776424, 128.665985, 90.337700,13.975742, 264.327057, 1.030466
5, 327,6,31.242346, 30.851217, 128.665985, 90.337700,13.975742, 264.327057, 1.012678
5, 327,7,264.327057, 263.899841, 128.665985, 90.337700,13.975742, 264.327057, 1.001619
5, 327,8,98.232399, 98.358124, 128.665985, 90.337700,13.975742, 264.327057, 0.998722
5, 327,9,55.126495, 54.595139, 128.665985, 90.337700,13.975742, 264.327057, 1.009733
5, 327,10,53.631725, 53.969048, 128.665985, 90.337700,13.975742, 264.327057, 0.993750
5, 327,11,125.899513, 127.388153, 128.665985, 90.337700,13.975742, 264.327057, 0.988314
5, 327,12,16.247494, 16.023157, 128.665985, 90.337700,13.975742, 264.327057, 1.014001
5, 327,13,220.493622, 221.618866, 128.665985, 90.337700,13.975742, 264.327057, 0.994923
5, 327,14,43.680462, 44.966011, 128.665985, 90.337700,13.975742, 264.327057, 0.971411
5, 327,15,258.657227, 259.136780, 128.665985, 90.337700,13.975742, 264.327057, 0.998149
5, 327,16,16.737963, 17.100985, 128.665985, 90.337700,13.975742, 264.327057, 0.978772
5, 327,17,13.975742, 13.891276, 128.665985, 90.337700,13.975742, 264.327057, 1.006081
5, 327,18,147.875641, 145.941071, 128.665985, 90.337700,13.975742, 264.327057, 1.013256
5, 327,19,253.494537, 255.348541, 128.665985, 90.337700,13.975742, 264.327057, 0.992739
5, 327,20,75.501450, 77.039322, 128.665985, 90.337700,13.975742, 264.327057, 0.980038
5, 327,21,224.928741, 226.508713, 128.665985, 90.337700,13.975742, 264.327057, 0.993025
5, 327,22,90.687630, 92.374596, 128.665985, 90.337700,13.975742, 264.327057, 0.981738
5, 327,23,130.688370, 130.589935, 128.665985, 90.337700,13.975742, 264.327057, 1.000754
5, 327,24,23.055384, 21.911587, 128.665985, 90.337700,13.975742, 264.327057, 1.052201
5, 327,25,83.616295, 83.902542, 128.665985, 90.337700,13.975742, 264.327057, 0.996588
5, 327,26,258.534058, 259.842133, 128.665985, 90.337700,13.975742, 264.327057, 0.994966
5, 327,27,68.753929, 66.871284, 128.665985, 90.337700,13.975742, 264.327057, 1.028153
5, 327,28,185.707596, 183.799789, 128.665985, 90.337700,13.975742, 264.327057, 1.010380
5, 327,29,240.611252, 240.417450, 128.665985, 90.337700,13.975742, 264.327057, 1.000806
5, 327,30,92.923058, 95.988487, 128.665985, 90.337700,13.975742, 264.327057, 0.968065
5, 327,31,215.199448, 215.999893, 128.665985, 90.337700,13.975742, 264.327057, 0.996294
5, 328,0,81.043541, 81.658020, 128.599915, 80.495605,12.375248, 259.191528, 0.992475
5, 328,1,28.284163, 28.401482, 128.599915, 80.495605,12.375248, 259.191528, 0.995869
5, 328,2,50.519138, 50.483257, 128.599915, 80.495605,12.375248, 259.191528, 1.000711
5, 328,3,147.499496, 147.298248, 128.599915, 80.495605,12.375248, 259.191528, 1.001366
5, 328,4,252.449448, 253.438324, 128.599915, 80.495605,12.375248, 259.191528, 0.996098
5, 328,5,25.975628, 26.304375, 128.599915, 80.495605,12.375248, 259.191528, 0.987502
5, 328,6,256.783112, 257.566254, 128.599915, 80.495605,12.375248, 259.191528, 0.996959
5, 328,7,220.969574, 220.738403, 128.599915, 80.495605,12.375248, 259.191528, 1.001047
5, 328,8,33.106144, 33.366566, 128.599915, 80.495605,12.375248, 259.191528, 0.992195
5, 328,9,135.956863, 136.721558, 128.599915, 80.495605,12.375248, 259.191528, 0.994407
5, 328,10,234.416153, 235.202637, 128.599915, 80.495605,12.375248, 259.191528, 0.996656
5, 328,11,124.036240, 123.500671, 128.599915, 80.495605,12.375248, 259.191528, 1.004337
5, 328,12,161.068039, 160.825836, 128.599915, 80.495605,12.375248, 259.191528, 1.001506
5, 328,13,46.042194, 46.048668, 128.599915, 80.495605,12.375248, 259.191528, 0.999859
5, 328,14,235.280060, 235.210922, 128.599915, 80.495605,12.375248, 259.191528, 1.000294
5, 328,15,215.631592, 216.403275, 128.599915, 80.495605,12.375248, 259.191528, 0.996434
5, 328,16,142.009872, 142.855377, 128.599915, 80.495605,12.375248, 259.191528, 0.994081
5, 328,17,141.191238, 143.717438, 128.599915, 80.495605,12.375248, 259.191528, 0.982422
5, 328,18,48.019447, 49.115582, 128.599915, 80.495605,12.375248, 259.191528, 0.977683
5, 328,19,12.375248, 10.961519, 128.599915, 80.495605,12.375248, 259.191528, 1.128972
5, 328,20,33.189251, 33.408012, 128.599915, 80.495605,12.375248, 259.191528, 0.993452
5, 328,21,22.000572, 20.775642, 128.599915, 80.495605,12.375248, 259.191528, 1.058960
5, 328,22,151.347488, 151.144333, 128.599915, 80.495605,12.375248, 259.191528, 1.001344
5, 328,23,206.536804, 206.622314, 128.599915, 80.495605,12.375248, 259.191528, 0.999586
5, 328,24,197.367188, 195.216705, 128.599915, 80.495605,12.375248, 259.191528, 1.011016
5, 328,25,33.493195, 33.159340, 128.599915, 80.495605,12.375248, 259.191528, 1.010068
5, 328,26,164.143280, 165.906967, 128.599915, 80.495605,12.375248, 259.191528, 0.989369
5, 328,27,259.191528, 259.713074, 128.599915, 80.495605,12.375248, 259.191528, 0.997992
5, 328,28,71.210892, 71.205643, 128.599915, 80.495605,12.375248, 259.191528, 1.000074
5, 328,29,131.489731, 132.378128, 128.599915, 80.495605,12.375248, 259.191528, 0.993289
5, 328,30,101.434418, 101.559799, 128.599915, 80.495605,12.375248, 259.191528, 0.998765
5, 328,31,151.136093, 150.091629, 128.599915, 80.495605,12.375248, 259.191528, 1.006959
5, 329,0,104.663437, 104.962090, 129.073700, 65.875244,19.147837, 245.016373, 0.997155
5, 329,1,71.301582, 72.978912, 129.073700, 65.875244,19.147837, 245.016373, 0.977016
5, 329,2,133.169571, 132.661530, 129.073700, 65.875244,19.147837, 245.016373, 1.003830
5, 329,3,188.420578, 188.201462, 129.073700, 65.875244,19.147837, 245.016373, 1.001164
5, 329,4,33.952648, 35.130692, 129.073700, 65.875244,19.147837, 245.016373, 0.966467
5, 329,5,127.863708, 126.202530, 129.073700, 65.875244,19.147837, 245.016373, 1.013163
5, 329,6,115.139374, 115.348442, 129.073700, 65.875244,19.147837, 245.016373, 0.998187
5, 329,7,64.033844, 62.518318, 129.073700, 65.875244,19.147837, 245.016373, 1.024241
5, 329,8,197.031113, 196.761490, 129.073700, 65.875244,19.147837, 245.016373, 1.001370
5, 329,9,100.300728, 99.913673, 129.073700, 65.875244,19.147837, 245.016373, 1.003874
5, 329,10,111.697029, 111.242897, 129.073700, 65.875244,19.147837, 245.016373, 1.004082
5, 329,11,94.509613, 94.226791, 129.073700, 65.875244,19.147837, 245.016373, 1.003001
5, 329,12,245.016373, 245.359863, 129.073700, 65.875244,19.147837, 245.016373, 0.998600
5, 329,13,133.344482, 133.515305, 129.073700, 65.875244,19.147837, 245.016373, 0.998721
5, 329,14,73.332451, 73.364975, 129.073700, 65.875244,19.147837, 245.016373, 0.999557
5, 329,15,162.872711, 162.150177, 129.073700, 65.875244,19.147837, 245.016373, 1.004456
5, 329,16,235.423080, 236.213333, 129.073700, 65.875244,19.147837, 245.016373, 0.996655
5, 329,17,135.045868, 134.391342, 129.073700, 65.875244,19.147837, 245.016373, 1.004870
5, 329,18,181.741791, 181.274750, 129.073700, 65.875244,19.147837, 245.016373, 1.002576
5, 329,19,144.524139, 143.923935, 129.073700, 65.875244,19.147837, 245.016373, 1.004170
5, 329,20,138.079102, 138.860672, 129.073700, 65.875244,19.147837, 245.016373, 0.994372
5, 329,21,49.705944, 48.694580, 129.073700, 65.875244,19.147837, 245.016373, 1.020770
5, 329,22,181.468033, 180.933243, 129.073700, 65.875244,19.147837, 245.016373, 1.002956
5, 329,23,225.008179, 224.030319, 129.073700, 65.875244,19.147837, 245.016373, 1.004365
5, 329,24,37.860035, 38.063225, 129.073700, 65.875244,19.147837, 245.016373, 0.994662
5, 329,25,19.147837, 18.478359, 129.073700, 65.875244,19.147837, 245.016373, 1.036230
5, 329,26,39.766350, 38.263672, 129.073700, 65.875244,19.147837, 245.016373, 1.039272
5, 329,27,180.996216, 179.827042, 129.073700, 65.875244,19.147837, 245.016373, 1.006502
5, 329,28,238.529205, 238.418304, 129.073700, 65.875244,19.147837, 245.016373, 1.000465
5, 329,29,99.956329, 98.458542, 129.073700, 65.875244,19.147837, 245.016373, 1.015212
5, 329,30,211.653824, 211.208847, 129.073700, 65.875244,19.147837, 245.016373, 1.002107
5, 329,31,54.803207, 55.420845, 129.073700, 65.875244,19.147837, 245.016373, 0.988855
5, 330,0,122.971458, 122.309990, 128.806061, 58.333179,25.476936, 243.460495, 1.005408
5, 330,1,55.712246, 55.939365, 128.806061, 58.333179,25.476936, 243.460495, 0.995940
5, 330,2,205.055267, 206.059921, 128.806061, 58.333179,25.476936, 243.460495, 0.995124
5, 330,3,130.894974, 130.533478, 128.806061, 58.333179,25.476936, 243.460495, 1.002769
5, 330,4,99.698448, 100.465660, 128.806061, 58.333179,25.476936, 243.460495, 0.992363
5, 330,5,145.826813, 146.995026, 128.806061, 58.333179,25.476936, 243.460495, 0.992053
5, 330,6,74.037956, 73.092880, 128.806061, 58.333179,25.476936, 243.460495, 1.012930
5, 330,7,174.628052, 174.571747, 128.806061, 58.333179,25.476936, 243.460495, 1.000323
5, 330,8,119.692596, 119.738777, 128.806061, 58.333179,25.476936, 243.460495, 0.999614
5, 330,9,226.459991, 226.607727, 128.806061, 58.333179,25.476936, 243.460495, 0.999348
5, 330,10,34.221439, 34.007633, 128.806061, 58.333179,25.476936, 243.460495, 1.006287
5, 330,11,243.460495, 243.091110, 128.806061, 58.333179,25.476936, 243.460495, 1.001520
5, 330,12,78.842766, 79.495399, 128.806061, 58.333179,25.476936, 243.460495, 0.991790
5, 330,13,33.211628, 32.754807, 128.806061, 58.333179,25.476936, 243.460495, 1.013947
5, 330,14,60.826954, 60.601044, 128.806061, 58.333179,25.476936, 243.460495, 1.003728
5, 330,15,118.157341, 118.733604, 128.806061, 58.333179,25.476936, 243.460495, 0.995147
5, 330,16,225.827011, 224.946991, 128.806061, 58.333179,25.476936, 243.460495, 1.003912
5, 330,17,171.085785, 169.655121, 128.806061, 58.333179,25.476936, 243.460495, 1.008433
5, 330,18,169.221054, 168.191071, 128.806061, 58.333179,25.476936, 243.460495, 1.006124
5, 330,19,118.705826, 119.316315, 128.806061, 58.333179,25.476936, 243.460495, 0.994883
5, 330,20,62.236668, 62.910030, 128.806061, 58.333179,25.476936, 243.460495, 0.989296
5, 330,21,139.218689, 139.514481, 128.806061, 58.333179,25.476936, 243.460495, 0.997880
5, 330,22,25.476936, 25.194153, 128.806061, 58.333179,25.476936, 243.460495, 1.011224
5, 330,23,149.824875, 150.695221, 128.806061, 58.333179,25.476936, 243.460495, 0.994224
5, 330,24,158.338074, 158.875000, 128.806061, 58.333179,25.476936, 243.460495, 0.996620
5, 330,25,141.340866, 141.408295, 128.806061, 58.333179,25.476936, 243.460495, 0.999523
5, 330,26,149.411804, 150.083374, 128.806061, 58.333179,25.476936, 243.460495, 0.995525
5, 330,27,203.722183, 203.394012, 128.806061, 58.333179,25.476936, 243.460495, 1.001613
5, 330,28,80.095291, 80.333046, 128.806061, 58.333179,25.476936, 243.460495, 0.997040
5, 330,29,111.025047, 110.845177, 128.806061, 58.333179,25.476936, 243.460495, 1.001623
5, 330,30,168.790939, 168.154648, 128.806061, 58.333179,25.476936, 243.460495, 1.003784
5, 330,31,123.774315, 122.484802, 128.806061, 58.333179,25.476936, 243.460495, 1.010528
5, 331,0,169.460938, 167.599121, 129.029221, 56.011971,17.549976, 207.434677, 1.011109
5, 331,1,84.306808, 83.977821, 129.029221, 56.011971,17.549976, 207.434677, 1.003918
5, 331,2,195.519897, 194.500732, 129.029221, 56.011971,17.549976, 207.434677, 1.005240
5, 331,3,157.266922, 157.695694, 129.029221, 56.011971,17.549976, 207.434677, 0.997281
5, 331,4,74.229301, 74.327988, 129.029221, 56.011971,17.549976, 207.434677, 0.998672
5, 331,5,184.617340, 184.590942, 129.029221, 56.011971,17.549976, 207.434677, 1.000143
5, 331,6,47.484997, 47.610252, 129.029221, 56.011971,17.549976, 207.434677, 0.997369
5, 331,7,34.887600, 34.904427, 129.029221, 56.011971,17.549976, 207.434677, 0.999518
5, 331,8,143.052414, 143.582336, 129.029221, 56.011971,17.549976, 207.434677, 0.996309
5, 331,9,195.826797, 194.519760, 129.029221, 56.011971,17.549976, 207.434677, 1.006719
5, 331,10,157.872208, 157.258209, 129.029221, 56.011971,17.549976, 207.434677, 1.003904
5, 331,11,26.792305, 26.560684, 129.029221, 56.011971,17.549976, 207.434677, 1.008720
5, 331,12,108.109024, 106.428574, 129.029221, 56.011971,17.549976, 207.434677, 1.015790
5, 331,13,79.863609, 79.051460, 129.029221, 56.011971,17.549976, 207.434677, 1.010274
5, 331,14,139.658447, 139.543594, 129.029221, 56.011971,17.549976, 207.434677, 1.000823
5, 331,15,152.432678, 151.532974, 129.029221, 56.011971,17.549976, 207.434677, 1.005937
5, 331,16,83.826660, 84.491371, 129.029221, 56.011971,17.549976, 207.434677, 0.992133
5, 331,17,81.741821, 81.308578, 129.029221, 56.011971,17.549976, 207.434677, 1.005328
5, 331,18,37.977455, 38.195007, 129.029221, 56.011971,17.549976, 207.434677, 0.994304
5, 331,19,142.414795, 140.805313, 129.029221, 56.011971,17.549976, 207.434677, 1.011431
5, 331,20,156.284225, 155.742889, 129.029221, 56.011971,17.549976, 207.434677, 1.003476
5, 331,21,180.920151, 180.888245, 129.029221, 56.011971,17.549976, 207.434677, 1.000176
5, 331,22,207.434677, 208.715530, 129.029221, 56.011971,17.549976, 207.434677, 0.993863
5, 331,23,17.549976, 18.654415, 129.029221, 56.011971,17.549976, 207.434677, 0.940795
5, 331,24,196.226730, 195.103043, 129.029221, 56.011971,17.549976, 207.434677, 1.005759
5, 331,25,182.719894, 182.625473, 129.029221, 56.011971,17.549976, 207.434677, 1.000517
5, 331,26,143.285751, 143.119492, 129.029221, 56.011971,17.549976, 207.434677, 1.001162
5, 331,27,122.761490, 122.672256, 129.029221, 56.011971,17.549976, 207.434677, 1.000727
5, 331,28,151.073639, 151.983139, 129.029221, 56.011971,17.549976, 207.434677, 0.994016
5, 331,29,155.850357, 156.402267, 129.029221, 56.011971,17.549976, 207.434677, 0.996471
5, 331,30,190.122253, 189.003754, 129.029221, 56.011971,17.549976, 207.434677, 1.005918
5, 331,31,127.363914, 127.604950, 129.029221, 56.011971,17.549976, 207.434677, 0.998111
5, 332,0,225.823853, 225.538925, 129.256836, 77.333160,8.750047, 236.522461, 1.001263
5, 332,1,15.525492, 14.357081, 129.256836, 77.333160,8.750047, 236.522461, 1.081382
5, 332,2,43.985878, 44.799133, 129.256836, 77.333160,8.750047, 236.522461, 0.981847
5, 332,3,74.098999, 73.465279, 129.256836, 77.333160,8.750047, 236.522461, 1.008626
5, 332,4,100.542801, 101.311775, 129.256836, 77.333160,8.750047, 236.522461, 0.992410
5, 332,5,22.240606, 21.683594, 129.256836, 77.333160,8.750047, 236.522461, 1.025688
5, 332,6,38.137386, 37.084366, 129.256836, 77.333160,8.750047, 236.522461, 1.028395
5, 332,7,236.522461, 236.496338, 129.256836, 77.333160,8.750047, 236.522461, 1.000111
5, 332,8,57.737579, 58.107647, 129.256836, 77.333160,8.750047, 236.522461, 0.993631
5, 332,9,223.226715, 222.188431, 129.256836, 77.333160,8.750047, 236.522461, 1.004673
5, 332,10,180.884644, 180.443848, 129.256836, 77.333160,8.750047, 236.522461, 1.002443
5, 332,11,117.155434, 117.812607, 129.256836, 77.333160,8.750047, 236.522461, 0.994422
5, 332,12,86.657372, 87.845085, 129.256836, 77.333160,8.750047, 236.522461, 0.986479
5, 332,13,233.426971, 230.715652, 129.256836, 77.333160,8.750047, 236.522461, 1.011752
5, 332,14,149.716736, 149.232483, 129.256836, 77.333160,8.750047, 236.522461, 1.003245
5, 332,15,72.135872, 72.336464, 129.256836, 77.333160,8.750047, 236.522461, 0.997227
5, 332,16,166.219727, 167.214432, 129.256836, 77.333160,8.750047, 236.522461, 0.994051
5, 332,17,174.350296, 173.448074, 129.256836, 77.333160,8.750047, 236.522461, 1.005202
5, 332,18,220.972565, 220.750458, 129.256836, 77.333160,8.750047, 236.522461, 1.001006
5, 332,19,8.750047, 10.021569, 129.256836, 77.333160,8.750047, 236.522461, 0.873121
5, 332,20,109.054169, 107.710793, 129.256836, 77.333160,8.750047, 236.522461, 1.012472
5, 332,21,226.942886, 224.877457, 129.256836, 77.333160,8.750047, 236.522461, 1.009185
5, 332,22,220.613495, 219.945190, 129.256836, 77.333160,8.750047, 236.522461, 1.003039
5, 332,23,234.638260, 235.302826, 129.256836, 77.333160,8.750047, 236.522461, 0.997176
5, 332,24,13.062567, 11.660868, 129.256836, 77.333160,8.750047, 236.522461, 1.120205
5, 332,25,211.877151, 211.576126, 129.256836, 77.333160,8.750047, 236.522461, 1.001423
5, 332,26,149.828888, 148.642899, 129.256836, 77.333160,8.750047, 236.522461, 1.007979
5, 332,27,61.051300, 59.919502, 129.256836, 77.333160,8.750047, 236.522461, 1.018889
5, 332,28,105.856796, 104.770119, 129.256836, 77.333160,8.750047, 236.522461, 1.010372
5, 332,29,144.896698, 144.005417, 129.256836, 77.333160,8.750047, 236.522461, 1.006189
5, 332,30,152.766663, 150.893356, 129.256836, 77.333160,8.750047, 236.522461, 1.012415
5, 332,31,57.518795, 56.842220, 129.256836, 77.333160,8.750047, 236.522461, 1.011903
5, 333,0,11.731979, 11.651424, 128.929337, 70.214706,11.639859, 268.582153, 1.006914
5, 333,1,73.329262, 73.114594, 128.929337, 70.214706,11.639859, 268.582153, 1.002936
5, 333,2,202.633575, 202.344833, 128.929337, 70.214706,11.639859, 268.582153, 1.001427
5, 333,3,46.455475, 45.954105, 128.929337, 70.214706,11.639859, 268.582153, 1.010910
5, 333,4,13.538738, 13.160339, 128.929337, 70.214706,11.639859, 268.582153, 1.028753
5, 333,5,80.013153, 80.198105, 128.929337, 70.214706,11.639859, 268.582153, 0.997694
5, 333,6,52.490013, 52.392143, 128.929337, 70.214706,11.639859, 268.582153, 1.001868
5, 333,7,64.174156, 64.807167, 128.929337, 70.214706,11.639859, 268.582153, 0.990232
5, 333,8,130.221176, 129.958771, 128.929337, 70.214706,11.639859, 268.582153, 1.002019
5, 333,9,95.779327, 96.611755, 128.929337, 70.214706,11.639859, 268.582153, 0.991384
5, 333,10,87.576492, 87.868423, 128.929337, 70.214706,11.639859, 268.582153, 0.996678
5, 333,11,268.582153, 269.173004, 128.929337, 70.214706,11.639859, 268.582153, 0.997805
5, 333,12,186.590759, 185.855728, 128.929337, 70.214706,11.639859, 268.582153, 1.003955
5, 333,13,260.689453, 259.423737, 128.929337, 70.214706,11.639859, 268.582153, 1.004879
5, 333,14,110.938606, 110.669815, 128.929337, 70.214706,11.639859, 268.582153, 1.002429
5, 333,15,201.809753, 202.017899, 128.929337, 70.214706,11.639859, 268.582153, 0.998970
5, 333,16,174.234940, 173.876602, 128.929337, 70.214706,11.639859, 268.582153, 1.002061
5, 333,17,191.368118, 191.606384, 128.929337, 70.214706,11.639859, 268.582153, 0.998756
5, 333,18,110.225700, 110.887772, 128.929337, 70.214706,11.639859, 268.582153, 0.994029
5, 333,19,157.569107, 157.102493, 128.929337, 70.214706,11.639859, 268.582153, 1.002970
5, 333,20,206.269043, 205.882385, 128.929337, 70.214706,11.639859, 268.582153, 1.001878
5, 333,21,11.639859, 11.592744, 128.929337, 70.214706,11.639859, 268.582153, 1.004064
5, 333,22,156.123520, 156.624664, 128.929337, 70.214706,11.639859, 268.582153, 0.996800
5, 333,23,170.995392, 170.607285, 128.929337, 70.214706,11.639859, 268.582153, 1.002275
5, 333,24,138.932083, 138.651825, 128.929337, 70.214706,11.639859, 268.582153, 1.002021
5, 333,25,116.332520, 115.925873, 128.929337, 70.214706,11.639859, 268.582153, 1.003508
5, 333,26,118.513046, 119.086212, 128.929337, 70.214706,11.639859, 268.582153, 0.995187
5, 333,27,56.308872, 56.088989, 128.929337, 70.214706,11.639859, 268.582153, 1.003920
5, 333,28,189.972198, 189.812439, 128.929337, 70.214706,11.639859, 268.582153, 1.000842
5, 333,29,190.545288, 189.829193, 128.929337, 70.214706,11.639859, 268.582153, 1.003772
5, 333,30,66.630936, 65.553238, 128.929337, 70.214706,11.639859, 268.582153, 1.016440
5, 333,31,183.524612, 182.670242, 128.929337, 70.214706,11.639859, 268.582153, 1.004677
5, 334,0,131.152115, 131.434662, 128.750153, 67.127548,11.353749, 241.956299, 0.997850
5, 334,1,207.366638, 207.479019, 128.750153, 67.127548,11.353749, 241.956299, 0.999458
5, 334,2,81.561218, 82.551102, 128.750153, 67.127548,11.353749, 241.956299, 0.988009
5, 334,3,77.552124, 76.643387, 128.750153, 67.127548,11.353749, 241.956299, 1.011857
5, 334,4,126.798889, 126.958008, 128.750153, 67.127548,11.353749, 241.956299, 0.998747
5, 334,5,201.073334, 200.822754, 128.750153, 67.127548,11.353749, 241.956299, 1.001248
5, 334,6,140.320587, 140.688843, 128.750153, 67.127548,11.353749, 241.956299, 0.997382
5, 334,7,93.895706, 94.454590, 128.750153, 67.127548,11.353749, 241.956299, 0.994083
5, 334,8,19.857227, 19.606453, 128.750153, 67.127548,11.353749, 241.956299, 1.012790
5, 334,9,78.479576, 78.235901, 128.750153, 67.127548,11.353749, 241.956299, 1.003115
5, 334,10,54.192772, 54.267471, 128.750153, 67.127548,11.353749, 241.956299, 0.998623
5, 334,11,106.893829, 106.658966, 128.750153, 67.127548,11.353749, 241.956299, 1.002202
5, 334,12,22.054899, 22.020908, 128.750153, 67.127548,11.353749, 241.956299, 1.001544
5, 334,13,136.319931, 136.586487, 128.750153, 67.127548,11.353749, 241.956299, 0.998048
5, 334,14,94.403061, 96.223228, 128.750153, 67.127548,11.353749, 241.956299, 0.981084
5, 334,15,11.353749, 12.216309, 128.750153, 67.127548,11.353749, 241.956299, 0.929393
5, 334,16,87.231026, 87.548798, 128.750153, 67.127548,11.353749, 241.956299, 0.996370
5, 334,17,241.956299, 242.602371, 128.750153, 67.127548,11.353749, 241.956299, 0.997337
5, 334,18,163.923264, 163.453735, 128.750153, 67.127548,11.353749, 241.956299, 1.002873
5, 334,19,65.887062, 66.090233, 128.750153, 67.127548,11.353749, 241.956299, 0.996926
5, 334,20,214.717865, 215.544327, 128.750153, 67.127548,11.353749, 241.956299, 0.996166
5, 334,21,149.248428, 149.377960, 128.750153, 67.127548,11.353749, 241.956299, 0.999133
5, 334,22,179.423431, 180.032013, 128.750153, 67.127548,11.353749, 241.956299, 0.996620
5, 334,23,182.079773, 180.545715, 128.750153, 67.127548,11.353749, 241.956299, 1.008497
5, 334,24,53.672379, 52.674957, 128.750153, 67.127548,11.353749, 241.956299, 1.018935
5, 334,25,241.913528, 241.640991, 128.750153, 67.127548,11.353749, 241.956299, 1.001128
5, 334,26,175.747940, 175.929626, 128.750153, 67.127548,11.353749, 241.956299, 0.998967
5, 334,27,199.150024, 200.022827, 128.750153, 67.127548,11.353749, 241.956299, 0.995636
5, 334,28,141.609238, 142.274033, 128.750153, 67.127548,11.353749, 241.956299, 0.995327
5, 334,29,223.742279, 222.464783, 128.750153, 67.127548,11.353749, 241.956299, 1.005742
5, 334,30,50.520615, 48.675327, 128.750153, 67.127548,11.353749, 241.956299, 1.037910
5, 334,31,165.906342, 165.273743, 128.750153, 67.127548,11.353749, 241.956299, 1.003828
5, 335,0,91.765198, 92.264320, 128.692596, 73.543541,12.590367, 267.383728, 0.994590
5, 335,1,125.029259, 124.660744, 128.692596, 73.543541,12.590367, 267.383728, 1.002956
5, 335,2,112.166496, 113.110947, 128.692596, 73.543541,12.590367, 267.383728, 0.991650
5, 335,3,214.286621, 213.943008, 128.692596, 73.543541,12.590367, 267.383728, 1.001606
5, 335,4,17.137651, 16.603590, 128.692596, 73.543541,12.590367, 267.383728, 1.032165
5, 335,5,88.886841, 89.174019, 128.692596, 73.543541,12.590367, 267.383728, 0.996780
5, 335,6,202.625977, 203.195984, 128.692596, 73.543541,12.590367, 267.383728, 0.997195
5, 335,7,141.590393, 141.389847, 128.692596, 73.543541,12.590367, 267.383728, 1.001418
5, 335,8,45.278652, 43.846630, 128.692596, 73.543541,12.590367, 267.383728, 1.032660
5, 335,9,218.355789, 219.001434, 128.692596, 73.543541,12.590367, 267.383728, 0.997052
5, 335,10,257.003754, 257.958313, 128.692596, 73.543541,12.590367, 267.383728, 0.996300
5, 335,11,215.502716, 216.109665, 128.692596, 73.543541,12.590367, 267.383728, 0.997191
5, 335,12,45.405266, 44.666683, 128.692596, 73.543541,12.590367, 267.383728, 1.016535
5, 335,13,109.344582, 110.072426, 128.692596, 73.543541,12.590367, 267.383728, 0.993388
5, 335,14,46.416245, 47.299488, 128.692596, 73.543541,12.590367, 267.383728, 0.981327
5, 335,15,222.722748, 222.445663, 128.692596, 73.543541,12.590367, 267.383728, 1.001246
5, 335,16,129.836929, 130.841370, 128.692596, 73.543541,12.590367, 267.383728, 0.992323
5, 335,17,42.524426, 42.629501, 128.692596, 73.543541,12.590367, 267.383728, 0.997535
5, 335,18,137.390488, 136.598999, 128.692596, 73.543541,12.590367, 267.383728, 1.005794
5, 335,19,44.952847, 44.459515, 128.692596, 73.543541,12.590367, 267.383728, 1.011096
5, 335,20,12.590367, 11.104915, 128.692596, 73.543541,12.590367, 267.383728, 1.133765
5, 335,21,121.437325, 120.448265, 128.692596, 73.543541,12.590367, 267.383728, 1.008211
5, 335,22,117.614075, 120.215195, 128.692596, 73.543541,12.590367, 267.383728, 0.978363
5, 335,23,192.782135, 192.051895, 128.692596, 73.543541,12.590367, 267.383728, 1.003802
5, 335,24,133.717438, 135.373245, 128.692596, 73.543541,12.590367, 267.383728, 0.987769
5, 335,25,267.383728, 267.945679, 128.692596, 73.543541,12.590367, 267.383728, 0.997903
5, 335,26,220.078995, 221.185364, 128.692596, 73.543541,12.590367, 267.383728, 0.994998
5, 335,27,147.299240, 148.735794, 128.692596, 73.543541,12.590367, 267.383728, 0.990342
5, 335,28,41.305653, 39.547821, 128.692596, 73.543541,12.590367, 267.383728, 1.044448
5, 335,29,140.937469, 139.456253, 128.692596, 73.543541,12.590367, 267.383728, 1.010621
5, 335,30,43.433987, 42.983418, 128.692596, 73.543541,12.590367, 267.383728, 1.010482
5, 335,31,171.359406, 171.680038, 128.692596, 73.543541,12.590367, 267.383728, 0.998132
5, 336,0,174.043854, 173.052673, 128.758286, 69.413742,13.368868, 256.923553, 1.005728
5, 336,1,103.370834, 104.455406, 128.758286, 69.413742,13.368868, 256.923553, 0.989617
5, 336,2,248.185989, 250.473755, 128.758286, 69.413742,13.368868, 256.923553, 0.990866
5, 336,3,136.577545, 137.289795, 128.758286, 69.413742,13.368868, 256.923553, 0.994812
5, 336,4,196.075607, 195.859665, 128.758286, 69.413742,13.368868, 256.923553, 1.001103
5, 336,5,166.243332, 163.845566, 128.758286, 69.413742,13.368868, 256.923553, 1.014634
5, 336,6,42.671146, 42.627403, 128.758286, 69.413742,13.368868, 256.923553, 1.001026
5, 336,7,38.223534, 39.844566, 128.758286, 69.413742,13.368868, 256.923553, 0.959316
5, 336,8,56.916710, 57.170208, 128.758286, 69.413742,13.368868, 256.923553, 0.995566
5, 336,9,110.613823, 109.177795, 128.758286, 69.413742,13.368868, 256.923553, 1.013153
5, 336,10,128.541992, 127.753029, 128.758286, 69.413742,13.368868, 256.923553, 1.006176
5, 336,11,224.500504, 223.688019, 128.758286, 69.413742,13.368868, 256.923553, 1.003632
5, 336,12,93.521812, 92.112808, 128.758286, 69.413742,13.368868, 256.923553, 1.015296
5, 336,13,68.822403, 68.569870, 128.758286, 69.413742,13.368868, 256.923553, 1.003683
5, 336,14,113.150108, 112.328606, 128.758286, 69.413742,13.368868, 256.923553, 1.007313
5, 336,15,13.368868, 12.943826, 128.758286, 69.413742,13.368868, 256.923553, 1.032837
5, 336,16,234.422775, 235.915619, 128.758286, 69.413742,13.368868, 256.923553, 0.993672
5, 336,17,106.875061, 107.928200, 128.758286, 69.413742,13.368868, 256.923553, 0.990242
5, 336,18,58.056057, 58.312473, 128.758286, 69.413742,13.368868, 256.923553, 0.995603
5, 336,19,76.607727, 75.584442, 128.758286, 69.413742,13.368868, 256.923553, 1.013538
5, 336,20,68.048347, 68.079231, 128.758286, 69.413742,13.368868, 256.923553, 0.999546
5, 336,21,128.675156, 129.784576, 128.758286, 69.413742,13.368868, 256.923553, 0.991452
5, 336,22,190.718521, 190.010345, 128.758286, 69.413742,13.368868, 256.923553, 1.003727
5, 336,23,66.380920, 68.508530, 128.758286, 69.413742,13.368868, 256.923553, 0.968944
5, 336,24,256.923553, 256.369080, 128.758286, 69.413742,13.368868, 256.923553, 1.002163
5, 336,25,96.060028, 94.504662, 128.758286, 69.413742,13.368868, 256.923553, 1.016458
5, 336,26,134.649780, 136.300858, 128.758286, 69.413742,13.368868, 256.923553, 0.987887
5, 336,27,187.659241, 188.668762, 128.758286, 69.413742,13.368868, 256.923553, 0.994649
5, 336,28,67.712883, 70.287094, 128.758286, 69.413742,13.368868, 256.923553, 0.963376
5, 336,29,227.344940, 226.248535, 128.758286, 69.413742,13.368868, 256.923553, 1.004846
5, 336,30,228.109970, 228.211090, 128.758286, 69.413742,13.368868, 256.923553, 0.999557
5, 336,31,77.192284, 75.093811, 128.758286, 69.413742,13.368868, 256.923553, 1.027945
5, 337,0,65.724380, 66.393684, 128.656357, 64.996536,17.904984, 212.721710, 0.989919
5, 337,1,198.952225, 198.803696, 128.656357, 64.996536,17.904984, 212.721710, 1.000747
5, 337,2,175.048706, 177.309509, 128.656357, 64.996536,17.904984, 212.721710, 0.987249
5, 337,3,157.922653, 157.540939, 128.656357, 64.996536,17.904984, 212.721710, 1.002423
5, 337,4,145.913467, 147.123764, 128.656357, 64.996536,17.904984, 212.721710, 0.991774
5, 337,5,211.324982, 211.657074, 128.656357, 64.996536,17.904984, 212.721710, 0.998431
5, 337,6,134.595245, 134.149841, 128.656357, 64.996536,17.904984, 212.721710, 1.003320
5, 337,7,99.174026, 98.279686, 128.656357, 64.996536,17.904984, 212.721710, 1.009100
5, 337,8,44.689995, 43.782917, 128.656357, 64.996536,17.904984, 212.721710, 1.020718
5, 337,9,165.508331, 165.261856, 128.656357, 64.996536,17.904984, 212.721710, 1.001491
5, 337,10,160.667389, 160.605209, 128.656357, 64.996536,17.904984, 212.721710, 1.000387
5, 337,11,160.893616, 160.960480, 128.656357, 64.996536,17.904984, 212.721710, 0.999585
5, 337,12,17.904984, 17.936607, 128.656357, 64.996536,17.904984, 212.721710, 0.998237
5, 337,13,69.805183, 70.041603, 128.656357, 64.996536,17.904984, 212.721710, 0.996625
5, 337,14,21.701916, 22.942188, 128.656357, 64.996536,17.904984, 212.721710, 0.945939
5, 337,15,96.229469, 95.151985, 128.656357, 64.996536,17.904984, 212.721710, 1.011324
5, 337,16,37.750813, 37.768608, 128.656357, 64.996536,17.904984, 212.721710, 0.999529
5, 337,17,186.817551, 188.024872, 128.656357, 64.996536,17.904984, 212.721710, 0.993579
5, 337,18,203.244324, 202.381836, 128.656357, 64.996536,17.904984, 212.721710, 1.004262
5, 337,19,164.224518, 164.253128, 128.656357, 64.996536,17.904984, 212.721710, 0.999826
5, 337,20,116.111404, 116.728645, 128.656357, 64.996536,17.904984, 212.721710, 0.994712
5, 337,21,44.114025, 42.894730, 128.656357, 64.996536,17.904984, 212.721710, 1.028425
5, 337,22,212.721710, 213.541290, 128.656357, 64.996536,17.904984, 212.721710, 0.996162
5, 337,23,185.743896, 187.390472, 128.656357, 64.996536,17.904984, 212.721710, 0.991213
5, 337,24,198.138824, 199.450806, 128.656357, 64.996536,17.904984, 212.721710, 0.993422
5, 337,25,35.467842, 35.503723, 128.656357, 64.996536,17.904984, 212.721710, 0.998989
5, 337,26,124.738441, 124.449554, 128.656357, 64.996536,17.904984, 212.721710, 1.002321
5, 337,27,203.184082, 202.578491, 128.656357, 64.996536,17.904984, 212.721710, 1.002989
5, 337,28,173.324280, 173.185776, 128.656357, 64.996536,17.904984, 212.721710, 1.000800
5, 337,29,188.528687, 188.335739, 128.656357, 64.996536,17.904984, 212.721710, 1.001024
5, 337,30,87.464691, 87.386673, 128.656357, 64.996536,17.904984, 212.721710, 1.000893
5, 337,31,29.371801, 29.184891, 128.656357, 64.996536,17.904984, 212.721710, 1.006404
5, 338,0,68.909378, 69.567032, 128.537659, 73.153923,14.699938, 239.443954, 0.990546
5, 338,1,231.912415, 233.525864, 128.537659, 73.153923,14.699938, 239.443954, 0.993091
5, 338,2,77.397346, 77.233582, 128.537659, 73.153923,14.699938, 239.443954, 1.002120
5, 338,3,111.121765, 111.864754, 128.537659, 73.153923,14.699938, 239.443954, 0.993358
5, 338,4,176.652893, 176.194016, 128.537659, 73.153923,14.699938, 239.443954, 1.002604
5, 338,5,198.474594, 199.613647, 128.537659, 73.153923,14.699938, 239.443954, 0.994294
5, 338,6,232.375381, 232.607590, 128.537659, 73.153923,14.699938, 239.443954, 0.999002
5, 338,7,14.699938, 15.573732, 128.537659, 73.153923,14.699938, 239.443954, 0.943893
5, 338,8,94.722862, 95.912346, 128.537659, 73.153923,14.699938, 239.443954, 0.987598
5, 338,9,27.272085, 26.714077, 128.537659, 73.153923,14.699938, 239.443954, 1.020888
5, 338,10,25.654919, 24.891758, 128.537659, 73.153923,14.699938, 239.443954, 1.030659
5, 338,11,89.663132, 90.402687, 128.537659, 73.153923,14.699938, 239.443954, 0.991819
5, 338,12,135.571945, 135.490814, 128.537659, 73.153923,14.699938, 239.443954, 1.000599
5, 338,13,226.228027, 226.058624, 128.537659, 73.153923,14.699938, 239.443954, 1.000749
5, 338,14,39.704647, 40.317398, 128.537659, 73.153923,14.699938, 239.443954, 0.984802
5, 338,15,32.625950, 32.017311, 128.537659, 73.153923,14.699938, 239.443954, 1.019010
5, 338,16,227.604477, 227.169098, 128.537659, 73.153923,14.699938, 239.443954, 1.001917
5, 338,17,93.442238, 94.403244, 128.537659, 73.153923,14.699938, 239.443954, 0.989820
5, 338,18,92.219475, 93.043617, 128.537659, 73.153923,14.699938, 239.443954, 0.991142
5, 338,19,170.761627, 170.250137, 128.537659, 73.153923,14.699938, 239.443954, 1.003004
5, 338,20,180.975159, 181.105743, 128.537659, 73.153923,14.699938, 239.443954, 0.999279
5, 338,21,17.968254, 18.278736, 128.537659, 73.153923,14.699938, 239.443954, 0.983014
5, 338,22,155.792328, 155.728516, 128.537659, 73.153923,14.699938, 239.443954, 1.000410
5, 338,23,105.112030, 106.155769, 128.537659, 73.153923,14.699938, 239.443954, 0.990168
5, 338,24,187.520660, 187.875351, 128.537659, 73.153923,14.699938, 239.443954, 0.998112
5, 338,25,228.312439, 228.784988, 128.537659, 73.153923,14.699938, 239.443954, 0.997935
5, 338,26,42.363934, 42.232258, 128.537659, 73.153923,14.699938, 239.443954, 1.003118
5, 338,27,159.007584, 159.515518, 128.537659, 73.153923,14.699938, 239.443954, 0.996816
5, 338,28,120.996544, 120.570587, 128.537659, 73.153923,14.699938, 239.443954, 1.003533
5, 338,29,125.036873, 125.439598, 128.537659, 73.153923,14.699938, 239.443954, 0.996790
5, 338,30,183.660263, 182.379929, 128.537659, 73.153923,14.699938, 239.443954, 1.007020
5, 338,31,239.443954, 240.081940, 128.537659, 73.153923,14.699938, 239.443954, 0.997343
5, 339,0,35.390823, 35.765427, 128.887161, 69.359535,12.290207, 252.724350, 0.989526
5, 339,1,72.926117, 74.417290, 128.887161, 69.359535,12.290207, 252.724350, 0.979962
5, 339,2,117.586098, 118.659004, 128.887161, 69.359535,12.290207, 252.724350, 0.990958
5, 339,3,210.534119, 211.629181, 128.887161, 69.359535,12.290207, 252.724350, 0.994826
5, 339,4,189.282761, 189.441254, 128.887161, 69.359535,12.290207, 252.724350, 0.999163
5, 339,5,225.741745, 225.544159, 128.887161, 69.359535,12.290207, 252.724350, 1.000876
5, 339,6,65.271973, 65.421379, 128.887161, 69.359535,12.290207, 252.724350, 0.997716
5, 339,7,33.197556, 31.904711, 128.887161, 69.359535,12.290207, 252.724350, 1.040522
5, 339,8,141.524033, 140.891647, 128.887161, 69.359535,12.290207, 252.724350, 1.004488
5, 339,9,111.880722, 114.298927, 128.887161, 69.359535,12.290207, 252.724350, 0.978843
5, 339,10,147.631714, 147.591995, 128.887161, 69.359535,12.290207, 252.724350, 1.000269
5, 339,11,189.372879, 187.555618, 128.887161, 69.359535,12.290207, 252.724350, 1.009689
5, 339,12,12.290207, 13.428434, 128.887161, 69.359535,12.290207, 252.724350, 0.915237
5, 339,13,212.902328, 213.261414, 128.887161, 69.359535,12.290207, 252.724350, 0.998316
5, 339,14,206.240829, 205.435654, 128.887161, 69.359535,12.290207, 252.724350, 1.003919
5, 339,15,191.093048, 192.422501, 128.887161, 69.359535,12.290207, 252.724350, 0.993091
5, 339,16,132.643555, 131.851013, 128.887161, 69.359535,12.290207, 252.724350, 1.006011
5, 339,17,140.305344, 140.533905, 128.887161, 69.359535,12.290207, 252.724350, 0.998374
5, 339,18,217.072159, 217.502243, 128.887161, 69.359535,12.290207, 252.724350, 0.998023
5, 339,19,71.146690, 70.959045, 128.887161, 69.359535,12.290207, 252.724350, 1.002644
5, 339,20,176.540909, 176.308868, 128.887161, 69.359535,12.290207, 252.724350, 1.001316
5, 339,21,252.724350, 251.950546, 128.887161, 69.359535,12.290207, 252.724350, 1.003071
5, 339,22,72.743820, 72.829773, 128.887161, 69.359535,12.290207, 252.724350, 0.998820
5, 339,23,97.746193, 95.092239, 128.887161, 69.359535,12.290207, 252.724350, 1.027909
5, 339,24,123.235550, 124.375549, 128.887161, 69.359535,12.290207, 252.724350, 0.990834
5, 339,25,67.183807, 66.360474, 128.887161, 69.359535,12.290207, 252.724350, 1.012407
5, 339,26,53.277359, 51.580944, 128.887161, 69.359535,12.290207, 252.724350, 1.032888
5, 339,27,106.155075, 105.616043, 128.887161, 69.359535,12.290207, 252.724350, 1.005104
5, 339,28,242.882843, 241.538544, 128.887161, 69.359535,12.290207, 252.724350, 1.005566
5, 339,29,34.597492, 34.267349, 128.887161, 69.359535,12.290207, 252.724350, 1.009634
5, 339,30,67.188530, 67.821289, 128.887161, 69.359535,12.290207, 252.724350, 0.990670
5, 339,31,106.078568, 104.744026, 128.887161, 69.359535,12.290207, 252.724350, 1.012741
5, 340,0,178.994736, 178.772293, 128.755707, 62.056145,19.600960, 234.834595, 1.001244
5, 340,1,90.266411, 89.172699, 128.755707, 62.056145,19.600960, 234.834595, 1.012265
5, 340,2,232.314438, 233.270798, 128.755707, 62.056145,19.600960, 234.834595, 0.995900
5, 340,3,19.600960, 20.511330, 128.755707, 62.056145,19.600960, 234.834595, 0.955616
5, 340,4,118.265961, 118.068298, 128.755707, 62.056145,19.600960, 234.834595, 1.001674
5, 340,5,58.226109, 56.491882, 128.755707, 62.056145,19.600960, 234.834595, 1.030699
5, 340,6,146.757858, 147.604172, 128.755707, 62.056145,19.600960, 234.834595, 0.994266
5, 340,7,85.634247, 85.225670, 128.755707, 62.056145,19.600960, 234.834595, 1.004794
5, 340,8,194.845047, 194.975510, 128.755707, 62.056145,19.600960, 234.834595, 0.999331
5, 340,9,160.024872, 160.366913, 128.755707, 62.056145,19.600960, 234.834595, 0.997867
5, 340,10,230.461624, 230.329880, 128.755707, 62.056145,19.600960, 234.834595, 1.000572
5, 340,11,223.886719, 223.287140, 128.755707, 62.056145,19.600960, 234.834595, 1.002685
5, 340,12,137.643585, 139.175385, 128.755707, 62.056145,19.600960, 234.834595, 0.988994
5, 340,13,234.834595, 234.748291, 128.755707, 62.056145,19.600960, 234.834595, 1.000368
5, 340,14,107.649506, 106.593079, 128.755707, 62.056145,19.600960, 234.834595, 1.009911
5, 340,15,144.679031, 143.593811, 128.755707, 62.056145,19.600960, 234.834595, 1.007558
5, 340,16,114.368393, 113.938354, 128.755707, 62.056145,19.600960, 234.834595, 1.003774
5, 340,17,190.110809, 190.676697, 128.755707, 62.056145,19.600960, 234.834595, 0.997032
5, 340,18,108.367699, 108.675644, 128.755707, 62.056145,19.600960, 234.834595, 0.997166
5, 340,19,152.126083, 151.691895, 128.755707, 62.056145,19.600960, 234.834595, 1.002862
5, 340,20,23.024784, 21.812935, 128.755707, 62.056145,19.600960, 234.834595, 1.055556
5, 340,21,52.599300, 53.149925, 128.755707, 62.056145,19.600960, 234.834595, 0.989640
5, 340,22,158.054031, 156.778702, 128.755707, 62.056145,19.600960, 234.834595, 1.008135
5, 340,23,154.355774, 155.674103, 128.755707, 62.056145,19.600960, 234.834595, 0.991531
5, 340,24,94.392349, 94.991219, 128.755707, 62.056145,19.600960, 234.834595, 0.993696
5, 340,25,62.666805, 63.218010, 128.755707, 62.056145,19.600960, 234.834595, 0.991281
5, 340,26,57.808178, 57.842735, 128.755707, 62.056145,19.600960, 234.834595, 0.999403
5, 340,27,181.653198, 181.875046, 128.755707, 62.056145,19.600960, 234.834595, 0.998780
5, 340,28,183.531281, 183.866119, 128.755707, 62.056145,19.600960, 234.834595, 0.998179
5, 340,29,73.255569, 74.524376, 128.755707, 62.056145,19.600960, 234.834595, 0.982975
5, 340,30,76.834534, 76.754692, 128.755707, 62.056145,19.600960, 234.834595, 1.001040
5, 340,31,72.948288, 73.342377, 128.755707, 62.056145,19.600960, 234.834595, 0.994627
5, 341,0,120.740784, 121.023499, 129.015564, 68.110634,15.141641, 255.690842, 0.997664
5, 341,1,133.304489, 132.245117, 129.015564, 68.110634,15.141641, 255.690842, 1.008011
5, 341,2,62.934704, 61.284885, 129.015564, 68.110634,15.141641, 255.690842, 1.026920
5, 341,3,82.921021, 83.030518, 129.015564, 68.110634,15.141641, 255.690842, 0.998681
5, 341,4,148.329224, 148.439941, 129.015564, 68.110634,15.141641, 255.690842, 0.999254
5, 341,5,27.933121, 28.227625, 129.015564, 68.110634,15.141641, 255.690842, 0.989567
5, 341,6,108.211403, 108.879242, 129.015564, 68.110634,15.141641, 255.690842, 0.993866
5, 341,7,248.278351, 248.271820, 129.015564, 68.110634,15.141641, 255.690842, 1.000026
5, 341,8,184.716003, 184.692657, 129.015564, 68.110634,15.141641, 255.690842, 1.000126
5, 341,9,101.729591, 100.313004, 129.015564, 68.110634,15.141641, 255.690842, 1.014122
5, 341,10,165.951111, 164.769791, 129.015564, 68.110634,15.141641, 255.690842, 1.007169
5, 341,11,15.141641, 15.475789, 129.015564, 68.110634,15.141641, 255.690842, 0.978408
5, 341,12,54.367401, 53.521271, 129.015564, 68.110634,15.141641, 255.690842, 1.015809
5, 341,13,158.689758, 158.273865, 129.015564, 68.110634,15.141641, 255.690842, 1.002628
5, 341,14,129.908417, 130.047302, 129.015564, 68.110634,15.141641, 255.690842, 0.998932
5, 341,15,91.586571, 92.421867, 129.015564, 68.110634,15.141641, 255.690842, 0.990962
5, 341,16,208.803284, 208.231049, 129.015564, 68.110634,15.141641, 255.690842, 1.002748
5, 341,17,83.623810, 83.780624, 129.015564, 68.110634,15.141641, 255.690842, 0.998128
5, 341,18,199.211441, 199.042236, 129.015564, 68.110634,15.141641, 255.690842, 1.000850
5, 341,19,255.690842, 255.330322, 129.015564, 68.110634,15.141641, 255.690842, 1.001412
5, 341,20,120.344894, 119.658295, 129.015564, 68.110634,15.141641, 255.690842, 1.005738
5, 341,21,25.838367, 27.087461, 129.015564, 68.110634,15.141641, 255.690842, 0.953887
5, 341,22,177.298843, 176.944046, 129.015564, 68.110634,15.141641, 255.690842, 1.002005
5, 341,23,198.922455, 197.737030, 129.015564, 68.110634,15.141641, 255.690842, 1.005995
5, 341,24,62.618835, 61.599934, 129.015564, 68.110634,15.141641, 255.690842, 1.016541
5, 341,25,242.822098, 243.283600, 129.015564, 68.110634,15.141641, 255.690842, 0.998103
5, 341,26,124.538612, 124.796532, 129.015564, 68.110634,15.141641, 255.690842, 0.997933
5, 341,27,85.680618, 84.208183, 129.015564, 68.110634,15.141641, 255.690842, 1.017486
5, 341,28,94.621864, 94.964737, 129.015564, 68.110634,15.141641, 255.690842, 0.996389
5, 341,29,237.469498, 237.687790, 129.015564, 68.110634,15.141641, 255.690842, 0.999082
5, 341,30,127.291756, 127.421913, 129.015564, 68.110634,15.141641, 255.690842, 0.998979
5, 341,31,48.977203, 48.308018, 129.015564, 68.110634,15.141641, 255.690842, 1.013852
5, 342,0,263.819458, 261.985565, 128.671677, 79.844002,25.516024, 263.819458, 1.007000
5, 342,1,216.255249, 215.915802, 128.671677, 79.844002,25.516024, 263.819458, 1.001572
5, 342,2,53.318909, 53.811047, 128.671677, 79.844002,25.516024, 263.819458, 0.990854
5, 342,3,217.549103, 217.208725, 128.671677, 79.844002,25.516024, 263.819458, 1.001567
5, 342,4,156.152573, 156.262680, 128.671677, 79.844002,25.516024, 263.819458, 0.999295
5, 342,5,32.168255, 31.761433, 128.671677, 79.844002,25.516024, 263.819458, 1.012809
5, 342,6,45.007988, 45.111145, 128.671677, 79.844002,25.516024, 263.819458, 0.997713
5, 342,7,210.116699, 210.541656, 128.671677, 79.844002,25.516024, 263.819458, 0.997982
5, 342,8,64.940559, 63.733761, 128.671677, 79.844002,25.516024, 263.819458, 1.018935
5, 342,9,258.191772, 258.667603, 128.671677, 79.844002,25.516024, 263.819458, 0.998160
5, 342,10,170.092682, 170.928680, 128.671677, 79.844002,25.516024, 263.819458, 0.995109
5, 342,11,43.797050, 43.927273, 128.671677, 79.844002,25.516024, 263.819458, 0.997036
5, 342,12,205.103668, 206.709656, 128.671677, 79.844002,25.516024, 263.819458, 0.992231
5, 342,13,73.628532, 73.298203, 128.671677, 79.844002,25.516024, 263.819458, 1.004507
5, 342,14,180.702545, 180.220505, 128.671677, 79.844002,25.516024, 263.819458, 1.002675
5, 342,15,85.077156, 83.812851, 128.671677, 79.844002,25.516024, 263.819458, 1.015085
5, 342,16,263.251923, 263.153870, 128.671677, 79.844002,25.516024, 263.819458, 1.000373
5, 342,17,25.516024, 24.237617, 128.671677, 79.844002,25.516024, 263.819458, 1.052745
5, 342,18,61.901978, 62.869225, 128.671677, 79.844002,25.516024, 263.819458, 0.984615
5, 342,19,175.694244, 175.220200, 128.671677, 79.844002,25.516024, 263.819458, 1.002705
5, 342,20,104.441551, 105.387360, 128.671677, 79.844002,25.516024, 263.819458, 0.991025
5, 342,21,102.264931, 102.778160, 128.671677, 79.844002,25.516024, 263.819458, 0.995006
5, 342,22,126.462051, 126.735992, 128.671677, 79.844002,25.516024, 263.819458, 0.997838
5, 342,23,207.609497, 208.212860, 128.671677, 79.844002,25.516024, 263.819458, 0.997102
5, 342,24,45.109005, 46.933685, 128.671677, 79.844002,25.516024, 263.819458, 0.961122
5, 342,25,55.289429, 55.392136, 128.671677, 79.844002,25.516024, 263.819458, 0.998146
5, 342,26,219.621368, 219.817917, 128.671677, 79.844002,25.516024, 263.819458, 0.999106
5, 342,27,185.518845, 186.303436, 128.671677, 79.844002,25.516024, 263.819458, 0.995789
5, 342,28,30.271324, 30.990360, 128.671677, 79.844002,25.516024, 263.819458, 0.976798
5, 342,29,62.332561, 63.562412, 128.671677, 79.844002,25.516024, 263.819458, 0.980651
5, 342,30,147.281769, 147.259033, 128.671677, 79.844002,25.516024, 263.819458, 1.000154
5, 342,31,29.004635, 28.248762, 128.671677, 79.844002,25.516024, 263.819458, 1.026758
5, 343,0,120.131233, 120.024025, 128.754440, 63.425018,27.132832, 235.380005, 1.000893
5, 343,1,40.777584, 41.587082, 128.754440, 63.425018,27.132832, 235.380005, 0.980535
5, 343,2,132.659958, 132.174011, 128.754440, 63.425018,27.132832, 235.380005, 1.003677
5, 343,3,210.654083, 210.438828, 128.754440, 63.425018,27.132832, 235.380005, 1.001023
5, 343,4,235.380005, 235.506226, 128.754440, 63.425018,27.132832, 235.380005, 0.999464
5, 343,5,34.071247, 33.840931, 128.754440, 63.425018,27.132832, 235.380005, 1.006806
5, 343,6,116.916382, 116.552605, 128.754440, 63.425018,27.132832, 235.380005, 1.003121
5, 343,7,28.658981, 27.278219, 128.754440, 63.425018,27.132832, 235.380005, 1.050618
5, 343,8,163.586853, 164.528549, 128.754440, 63.425018,27.132832, 235.380005, 0.994276
5, 343,9,164.569046, 164.126892, 128.754440, 63.425018,27.132832, 235.380005, 1.002694
5, 343,10,164.114105, 165.044952, 128.754440, 63.425018,27.132832, 235.380005, 0.994360
5, 343,11,105.349258, 104.689529, 128.754440, 63.425018,27.132832, 235.380005, 1.006302
5, 343,12,45.326942, 46.241947, 128.754440, 63.425018,27.132832, 235.380005, 0.980213
5, 343,13,180.206955, 179.432693, 128.754440, 63.425018,27.132832, 235.380005, 1.004315
5, 343,14,190.513290, 190.808060, 128.754440, 63.425018,27.132832, 235.380005, 0.998455
5, 343,15,66.199928, 68.053101, 128.754440, 63.425018,27.132832, 235.380005, 0.972769
5, 343,16,208.865402, 207.275818, 128.754440, 63.425018,27.132832, 235.380005, 1.007669
5, 343,17,198.875565, 198.898499, 128.754440, 63.425018,27.132832, 235.380005, 0.999885
5, 343,18,183.476578, 182.179718, 128.754440, 63.425018,27.132832, 235.380005, 1.007119
5, 343,19,207.557205, 207.663116, 128.754440, 63.425018,27.132832, 235.380005, 0.999490
5, 343,20,69.269440, 68.361511, 128.754440, 63.425018,27.132832, 235.380005, 1.013281
5, 343,21,27.132832, 27.930906, 128.754440, 63.425018,27.132832, 235.380005, 0.971427
5, 343,22,56.306442, 57.007660, 128.754440, 63.425018,27.132832, 235.380005, 0.987700
5, 343,23,65.638412, 65.033531, 128.754440, 63.425018,27.132832, 235.380005, 1.009301
5, 343,24,183.309784, 182.000412, 128.754440, 63.425018,27.132832, 235.380005, 1.007194
5, 343,25,124.018898, 125.295715, 128.754440, 63.425018,27.132832, 235.380005, 0.989810
5, 343,26,198.481415, 198.554230, 128.754440, 63.425018,27.132832, 235.380005, 0.999633
5, 343,27,145.010757, 144.804535, 128.754440, 63.425018,27.132832, 235.380005, 1.001424
5, 343,28,62.822788, 64.000717, 128.754440, 63.425018,27.132832, 235.380005, 0.981595
5, 343,29,146.478531, 146.992111, 128.754440, 63.425018,27.132832, 235.380005, 0.996506
5, 343,30,94.245262, 95.243523, 128.754440, 63.425018,27.132832, 235.380005, 0.989519
5, 343,31,149.537003, 149.430710, 128.754440, 63.425018,27.132832, 235.380005, 1.000711
5, 344,0,121.417122, 121.031097, 128.959152, 81.816788,9.952121, 267.479767, 1.003189
5, 344,1,43.010262, 42.018486, 128.959152, 81.816788,9.952121, 267.479767, 1.023603
5, 344,2,158.823013, 157.831055, 128.959152, 81.816788,9.952121, 267.479767, 1.006285
5, 344,3,194.581512, 194.638916, 128.959152, 81.816788,9.952121, 267.479767, 0.999705
5, 344,4,32.708565, 33.244568, 128.959152, 81.816788,9.952121, 267.479767, 0.983877
5, 344,5,79.830727, 79.915184, 128.959152, 81.816788,9.952121, 267.479767, 0.998943
5, 344,6,50.018921, 50.468910, 128.959152, 81.816788,9.952121, 267.479767, 0.991084
5, 344,7,181.256165, 181.162399, 128.959152, 81.816788,9.952121, 267.479767, 1.000518
5, 344,8,220.417694, 220.345215, 128.959152, 81.816788,9.952121, 267.479767, 1.000329
5, 344,9,106.216949, 107.199547, 128.959152, 81.816788,9.952121, 267.479767, 0.990834
5, 344,10,30.253763, 29.346806, 128.959152, 81.816788,9.952121, 267.479767, 1.030905
5, 344,11,10.888299, 12.367064, 128.959152, 81.816788,9.952121, 267.479767, 0.880427
5, 344,12,22.705872, 21.977345, 128.959152, 81.816788,9.952121, 267.479767, 1.033149
5, 344,13,40.870094, 39.730324, 128.959152, 81.816788,9.952121, 267.479767, 1.028688
5, 344,14,207.971390, 208.162720, 128.959152, 81.816788,9.952121, 267.479767, 0.999081
5, 344,15,150.374619, 151.140152, 128.959152, 81.816788,9.952121, 267.479767, 0.994935
5, 344,16,161.450027, 161.886612, 128.959152, 81.816788,9.952121, 267.479767, 0.997303
5, 344,17,30.653088, 30.293631, 128.959152, 81.816788,9.952121, 267.479767, 1.011866
5, 344,18,267.479767, 266.534515, 128.959152, 81.816788,9.952121, 267.479767, 1.003546
5, 344,19,239.865479, 239.802475, 128.959152, 81.816788,9.952121, 267.479767, 1.000263
5, 344,20,111.821266, 110.955284, 128.959152, 81.816788,9.952121, 267.479767, 1.007805
5, 344,21,138.241074, 138.286987, 128.959152, 81.816788,9.952121, 267.479767, 0.999668
5, 344,22,87.133789, 85.501457, 128.959152, 81.816788,9.952121, 267.479767, 1.019091
5, 344,23,71.180771, 69.799934, 128.959152, 81.816788,9.952121, 267.479767, 1.019783
5, 344,24,251.078598, 252.103333, 128.959152, 81.816788,9.952121, 267.479767, 0.995935
5, 344,25,72.544502, 72.561508, 128.959152, 81.816788,9.952121, 267.479767, 0.999766
5, 344,26,164.973816, 163.401550, 128.959152, 81.816788,9.952121, 267.479767, 1.009622
5, 344,27,175.815842, 176.215240, 128.959152, 81.816788,9.952121, 267.479767, 0.997733
5, 344,28,258.690735, 258.289246, 128.959152, 81.816788,9.952121, 267.479767, 1.001554
5, 344,29,211.352493, 211.413498, 128.959152, 81.816788,9.952121, 267.479767, 0.999711
5, 344,30,9.952121, 10.362949, 128.959152, 81.816788,9.952121, 267.479767, 0.960356
5, 344,31,223.114471, 223.012100, 128.959152, 81.816788,9.952121, 267.479767, 1.000459
5, 345,0,233.635483, 232.666824, 128.722580, 86.727493,15.347026, 260.648987, 1.004163
5, 345,1,64.751167, 64.849648, 128.722580, 86.727493,15.347026, 260.648987, 0.998481
5, 345,2,91.469810, 92.809433, 128.722580, 86.727493,15.347026, 260.648987, 0.985566
5, 345,3,204.826340, 207.540634, 128.722580, 86.727493,15.347026, 260.648987, 0.986922
5, 345,4,74.653358, 75.189331, 128.722580, 86.727493,15.347026, 260.648987, 0.992872
5, 345,5,15.347026, 15.775846, 128.722580, 86.727493,15.347026, 260.648987, 0.972818
5, 345,6,68.362938, 67.582932, 128.722580, 86.727493,15.347026, 260.648987, 1.011541
5, 345,7,260.648987, 259.757324, 128.722580, 86.727493,15.347026, 260.648987, 1.003433
5, 345,8,241.857986, 241.986755, 128.722580, 86.727493,15.347026, 260.648987, 0.999468
5, 345,9,249.631241, 251.055923, 128.722580, 86.727493,15.347026, 260.648987, 0.994325
5, 345,10,254.965836, 253.713989, 128.722580, 86.727493,15.347026, 260.648987, 1.004934
5, 345,11,52.720573, 53.807835, 128.722580, 86.727493,15.347026, 260.648987, 0.979794
5, 345,12,30.131882, 29.835144, 128.722580, 86.727493,15.347026, 260.648987, 1.009946
5, 345,13,230.831070, 230.334763, 128.722580, 86.727493,15.347026, 260.648987, 1.002155
5, 345,14,224.674698, 225.160736, 128.722580, 86.727493,15.347026, 260.648987, 0.997841
5, 345,15,24.323027, 24.870089, 128.722580, 86.727493,15.347026, 260.648987, 0.978003
5, 345,16,251.553421, 251.273254, 128.722580, 86.727493,15.347026, 260.648987, 1.001115
5, 345,17,64.250587, 63.587490, 128.722580, 86.727493,15.347026, 260.648987, 1.010428
5, 345,18,89.741478, 89.148323, 128.722580, 86.727493,15.347026, 260.648987, 1.006654
5, 345,19,45.219368, 46.126209, 128.722580, 86.727493,15.347026, 260.648987, 0.980340
5, 345,20,18.237881, 17.397430, 128.722580, 86.727493,15.347026, 260.648987, 1.048309
5, 345,21,63.591595, 62.785053, 128.722580, 86.727493,15.347026, 260.648987, 1.012846
5, 345,22,84.883011, 85.244820, 128.722580, 86.727493,15.347026, 260.648987, 0.995756
5, 345,23,118.463867, 117.994125, 128.722580, 86.727493,15.347026, 260.648987, 1.003981
5, 345,24,44.642567, 45.541103, 128.722580, 86.727493,15.347026, 260.648987, 0.980270
5, 345,25,166.121460, 165.588440, 128.722580, 86.727493,15.347026, 260.648987, 1.003219
5, 345,26,19.205406, 20.205946, 128.722580, 86.727493,15.347026, 260.648987, 0.950483
5, 345,27,180.915802, 180.517044, 128.722580, 86.727493,15.347026, 260.648987, 1.002209
5, 345,28,106.121201, 106.500946, 128.722580, 86.727493,15.347026, 260.648987, 0.996434
5, 345,29,232.328644, 232.725342, 128.722580, 86.727493,15.347026, 260.648987, 0.998295
5, 345,30,191.592804, 190.572525, 128.722580, 86.727493,15.347026, 260.648987, 1.005354
5, 345,31,119.422523, 118.855072, 128.722580, 86.727493,15.347026, 260.648987, 1.004774
5, 346,0,237.617813, 238.201645, 128.604919, 69.436165,11.961250, 241.004395, 0.997549
5, 346,1,145.115952, 144.556259, 128.604919, 69.436165,11.961250, 241.004395, 1.003872
5, 346,2,90.532417, 90.885063, 128.604919, 69.436165,11.961250, 241.004395, 0.996120
5, 346,3,63.257160, 64.492584, 128.604919, 69.436165,11.961250, 241.004395, 0.980844
5, 346,4,148.161224, 147.812973, 128.604919, 69.436165,11.961250, 241.004395, 1.002356
5, 346,5,23.798866, 25.037157, 128.604919, 69.436165,11.961250, 241.004395, 0.950542
5, 346,6,183.705856, 183.255142, 128.604919, 69.436165,11.961250, 241.004395, 1.002460
5, 346,7,178.369125, 178.780731, 128.604919, 69.436165,11.961250, 241.004395, 0.997698
5, 346,8,88.798714, 88.428101, 128.604919, 69.436165,11.961250, 241.004395, 1.004191
5, 346,9,174.981781, 174.068573, 128.604919, 69.436165,11.961250, 241.004395, 1.005246
5, 346,10,191.074661, 192.931656, 128.604919, 69.436165,11.961250, 241.004395, 0.990375
5, 346,11,32.236439, 32.379211, 128.604919, 69.436165,11.961250, 241.004395, 0.995591
5, 346,12,189.145248, 190.366623, 128.604919, 69.436165,11.961250, 241.004395, 0.993584
5, 346,13,113.335045, 115.022331, 128.604919, 69.436165,11.961250, 241.004395, 0.985331
5, 346,14,37.626038, 35.988991, 128.604919, 69.436165,11.961250, 241.004395, 1.045487
5, 346,15,50.622086, 50.565022, 128.604919, 69.436165,11.961250, 241.004395, 1.001129
5, 346,16,192.432617, 191.958969, 128.604919, 69.436165,11.961250, 241.004395, 1.002467
5, 346,17,70.346207, 69.543396, 128.604919, 69.436165,11.961250, 241.004395, 1.011544
5, 346,18,146.370224, 147.431107, 128.604919, 69.436165,11.961250, 241.004395, 0.992804
5, 346,19,231.921051, 232.523987, 128.604919, 69.436165,11.961250, 241.004395, 0.997407
5, 346,20,78.933144, 78.686737, 128.604919, 69.436165,11.961250, 241.004395, 1.003132
5, 346,21,11.961250, 13.955629, 128.604919, 69.436165,11.961250, 241.004395, 0.857091
5, 346,22,210.342117, 209.647614, 128.604919, 69.436165,11.961250, 241.004395, 1.003313
5, 346,23,218.721817, 217.904724, 128.604919, 69.436165,11.961250, 241.004395, 1.003750
5, 346,24,30.102705, 31.125513, 128.604919, 69.436165,11.961250, 241.004395, 0.967139
5, 346,25,100.922592, 101.145195, 128.604919, 69.436165,11.961250, 241.004395, 0.997799
5, 346,26,160.243500, 159.319611, 128.604919, 69.436165,11.961250, 241.004395, 1.005799
5, 346,27,71.441429, 73.210815, 128.604919, 69.436165,11.961250, 241.004395, 0.975832
5, 346,28,102.370186, 102.153923, 128.604919, 69.436165,11.961250, 241.004395, 1.002117
5, 346,29,241.004395, 241.732178, 128.604919, 69.436165,11.961250, 241.004395, 0.996989
5, 346,30,174.666016, 174.760254, 128.604919, 69.436165,11.961250, 241.004395, 0.999461
5, 346,31,125.199715, 123.128128, 128.604919, 69.436165,11.961250, 241.004395, 1.016825
5, 347,0,165.805710, 165.365997, 128.775818, 75.610001,9.756986, 253.159744, 1.002659
5, 347,1,63.965164, 63.130226, 128.775818, 75.610001,9.756986, 253.159744, 1.013226
5, 347,2,246.148087, 246.256973, 128.775818, 75.610001,9.756986, 253.159744, 0.999558
5, 347,3,162.420547, 162.091812, 128.775818, 75.610001,9.756986, 253.159744, 1.002028
5, 347,4,59.148632, 61.401157, 128.775818, 75.610001,9.756986, 253.159744, 0.963315
5, 347,5,104.264923, 103.958313, 128.775818, 75.610001,9.756986, 253.159744, 1.002949
5, 347,6,9.756986, 10.713700, 128.775818, 75.610001,9.756986, 253.159744, 0.910702
5, 347,7,130.018982, 129.143860, 128.775818, 75.610001,9.756986, 253.159744, 1.006776
5, 347,8,69.183006, 70.245155, 128.775818, 75.610001,9.756986, 253.159744, 0.984879
5, 347,9,41.096172, 40.909859, 128.775818, 75.610001,9.756986, 253.159744, 1.004554
5, 347,10,24.893780, 23.560310, 128.775818, 75.610001,9.756986, 253.159744, 1.056598
5, 347,11,30.142296, 30.351503, 128.775818, 75.610001,9.756986, 253.159744, 0.993107
5, 347,12,144.252884, 144.690750, 128.775818, 75.610001,9.756986, 253.159744, 0.996974
5, 347,13,245.888840, 244.564682, 128.775818, 75.610001,9.756986, 253.159744, 1.005414
5, 347,14,53.277313, 53.329720, 128.775818, 75.610001,9.756986, 253.159744, 0.999017
5, 347,15,210.455734, 209.961243, 128.775818, 75.610001,9.756986, 253.159744, 1.002355
5, 347,16,181.824890, 182.185791, 128.775818, 75.610001,9.756986, 253.159744, 0.998019
5, 347,17,40.634300, 40.438965, 128.775818, 75.610001,9.756986, 253.159744, 1.004830
5, 347,18,126.948738, 127.429504, 128.775818, 75.610001,9.756986, 253.159744, 0.996227
5, 347,19,185.471268, 184.606491, 128.775818, 75.610001,9.756986, 253.159744, 1.004684
5, 347,20,62.659359, 63.424538, 128.775818, 75.610001,9.756986, 253.159744, 0.987936
5, 347,21,33.877769, 34.206955, 128.775818, 75.610001,9.756986, 253.159744, 0.990377
5, 347,22,216.365005, 216.973175, 128.775818, 75.610001,9.756986, 253.159744, 0.997197
5, 347,23,101.684074, 101.368385, 128.775818, 75.610001,9.756986, 253.159744, 1.003114
5, 347,24,253.159744, 250.958572, 128.775818, 75.610001,9.756986, 253.159744, 1.008771
5, 347,25,104.342369, 105.098770, 128.775818, 75.610001,9.756986, 253.159744, 0.992803
5, 347,26,139.539627, 138.591187, 128.775818, 75.610001,9.756986, 253.159744, 1.006843
5, 347,27,96.725502, 97.954407, 128.775818, 75.610001,9.756986, 253.159744, 0.987454
5, 347,28,242.818680, 242.725250, 128.775818, 75.610001,9.756986, 253.159744, 1.000385
5, 347,29,215.819656, 217.672150, 128.775818, 75.610001,9.756986, 253.159744, 0.991490
5, 347,30,161.864120, 163.099823, 128.775818, 75.610001,9.756986, 253.159744, 0.992424
5, 347,31,196.372803, 194.590942, 128.775818, 75.610001,9.756986, 253.159744, 1.009157
5, 348,0,10.975624, 11.708714, 128.802231, 69.803940,10.975624, 255.528000, 0.937389
5, 348,1,238.986801, 239.051208, 128.802231, 69.803940,10.975624, 255.528000, 0.999731
5, 348,2,50.104279, 49.308022, 128.802231, 69.803940,10.975624, 255.528000, 1.016149
5, 348,3,94.116127, 94.721840, 128.802231, 69.803940,10.975624, 255.528000, 0.993605
5, 348,4,39.180519, 39.594925, 128.802231, 69.803940,10.975624, 255.528000, 0.989534
5, 348,5,77.672668, 77.642296, 128.802231, 69.803940,10.975624, 255.528000, 1.000391
5, 348,6,122.026062, 121.863815, 128.802231, 69.803940,10.975624, 255.528000, 1.001331
5, 348,7,60.039909, 60.782982, 128.802231, 69.803940,10.975624, 255.528000, 0.987775
5, 348,8,255.528000, 255.629517, 128.802231, 69.803940,10.975624, 255.528000, 0.999603
5, 348,9,76.080536, 76.973999, 128.802231, 69.803940,10.975624, 255.528000, 0.988393
5, 348,10,187.843460, 188.382141, 128.802231, 69.803940,10.975624, 255.528000, 0.997140
5, 348,11,118.100983, 117.216110, 128.802231, 69.803940,10.975624, 255.528000, 1.007549
5, 348,12,209.285858, 209.220871, 128.802231, 69.803940,10.975624, 255.528000, 1.000311
5, 348,13,160.912277, 160.981979, 128.802231, 69.803940,10.975624, 255.528000, 0.999567
5, 348,14,157.592499, 156.919022, 128.802231, 69.803940,10.975624, 255.528000, 1.004292
5, 348,15,132.473862, 131.736389, 128.802231, 69.803940,10.975624, 255.528000, 1.005598
5, 348,16,153.785446, 153.045944, 128.802231, 69.803940,10.975624, 255.528000, 1.004832
5, 348,17,129.307159, 128.774612, 128.802231, 69.803940,10.975624, 255.528000, 1.004135
5, 348,18,79.282356, 78.576385, 128.802231, 69.803940,10.975624, 255.528000, 1.008985
5, 348,19,237.117355, 236.917221, 128.802231, 69.803940,10.975624, 255.528000, 1.000845
5, 348,20,199.337738, 200.259613, 128.802231, 69.803940,10.975624, 255.528000, 0.995397
5, 348,21,223.663467, 223.255112, 128.802231, 69.803940,10.975624, 255.528000, 1.001829
5, 348,22,89.900871, 90.446251, 128.802231, 69.803940,10.975624, 255.528000, 0.993970
5, 348,23,37.800392, 37.202728, 128.802231, 69.803940,10.975624, 255.528000, 1.016065
5, 348,24,121.803215, 121.886589, 128.802231, 69.803940,10.975624, 255.528000, 0.999316
5, 348,25,27.461370, 28.165529, 128.802231, 69.803940,10.975624, 255.528000, 0.974999
5, 348,26,147.600983, 147.069244, 128.802231, 69.803940,10.975624, 255.528000, 1.003616
5, 348,27,191.957092, 192.012207, 128.802231, 69.803940,10.975624, 255.528000, 0.999713
5, 348,28,227.168762, 227.545883, 128.802231, 69.803940,10.975624, 255.528000, 0.998343
5, 348,29,88.131561, 87.492081, 128.802231, 69.803940,10.975624, 255.528000, 1.007309
5, 348,30,46.047562, 46.027287, 128.802231, 69.803940,10.975624, 255.528000, 1.000440
5, 348,31,130.386383, 130.589645, 128.802231, 69.803940,10.975624, 255.528000, 0.998443
5, 349,0,148.459366, 148.569885, 128.841751, 63.735657,22.252987, 231.409180, 0.999256
5, 349,1,58.646343, 59.147102, 128.841751, 63.735657,22.252987, 231.409180, 0.991534
5, 349,2,116.207253, 116.382042, 128.841751, 63.735657,22.252987, 231.409180, 0.998498
5, 349,3,190.993484, 190.882858, 128.841751, 63.735657,22.252987, 231.409180, 1.000580
5, 349,4,54.338039, 54.554680, 128.841751, 63.735657,22.252987, 231.409180, 0.996029
5, 349,5,69.264259, 68.931549, 128.841751, 63.735657,22.252987, 231.409180, 1.004827
5, 349,6,156.730072, 157.720673, 128.841751, 63.735657,22.252987, 231.409180, 0.993719
5, 349,7,84.155159, 83.724052, 128.841751, 63.735657,22.252987, 231.409180, 1.005149
5, 349,8,84.724854, 85.216248, 128.841751, 63.735657,22.252987, 231.409180, 0.994234
5, 349,9,231.409180, 230.599823, 128.841751, 63.735657,22.252987, 231.409180, 1.003510
5, 349,10,98.537872, 98.284904, 128.841751, 63.735657,22.252987, 231.409180, 1.002574
5, 349,11,114.245590, 114.344749, 128.841751, 63.735657,22.252987, 231.409180, 0.999133
5, 349,12,175.702225, 175.197769, 128.841751, 63.735657,22.252987, 231.409180, 1.002879
5, 349,13,199.018250, 198.773102, 128.841751, 63.735657,22.252987, 231.409180, 1.001233
5, 349,14,31.355145, 31.061094, 128.841751, 63.735657,22.252987, 231.409180, 1.009467
5, 349,15,43.013130, 42.283234, 128.841751, 63.735657,22.252987, 231.409180, 1.017262
5, 349,16,150.142624, 148.971893, 128.841751, 63.735657,22.252987, 231.409180, 1.007859
5, 349,17,176.378616, 176.553680, 128.841751, 63.735657,22.252987, 231.409180, 0.999008
5, 349,18,206.951904, 205.511826, 128.841751, 63.735657,22.252987, 231.409180, 1.007007
5, 349,19,226.891739, 226.913605, 128.841751, 63.735657,22.252987, 231.409180, 0.999904
5, 349,20,181.797333, 182.270355, 128.841751, 63.735657,22.252987, 231.409180, 0.997405
5, 349,21,229.801743, 229.025848, 128.841751, 63.735657,22.252987, 231.409180, 1.003388
5, 349,22,100.348648, 100.710564, 128.841751, 63.735657,22.252987, 231.409180, 0.996406
5, 349,23,193.943680, 193.730972, 128.841751, 63.735657,22.252987, 231.409180, 1.001098
5, 349,24,106.831558, 107.456116, 128.841751, 63.735657,22.252987, 231.409180, 0.994188
5, 349,25,161.914795, 162.415283, 128.841751, 63.735657,22.252987, 231.409180, 0.996918
5, 349,26,43.817146, 43.904888, 128.841751, 63.735657,22.252987, 231.409180, 0.998002
5, 349,27,57.721157, 58.315830, 128.841751, 63.735657,22.252987, 231.409180, 0.989803
5, 349,28,194.256210, 193.206314, 128.841751, 63.735657,22.252987, 231.409180, 1.005434
5, 349,29,115.345039, 115.285034, 128.841751, 63.735657,22.252987, 231.409180, 1.000520
5, 349,30,22.252987, 22.836979, 128.841751, 63.735657,22.252987, 231.409180, 0.974428
5, 349,31,97.741165, 98.216766, 128.841751, 63.735657,22.252987, 231.409180, 0.995158
5, 350,0,123.176849, 123.094498, 128.687363, 55.296055,10.614799, 240.387161, 1.000669
5, 350,1,121.627411, 121.152901, 128.687363, 55.296055,10.614799, 240.387161, 1.003917
5, 350,2,56.735394, 57.260677, 128.687363, 55.296055,10.614799, 240.387161, 0.990826
5, 350,3,137.875092, 138.627304, 128.687363, 55.296055,10.614799, 240.387161, 0.994574
5, 350,4,74.163025, 74.117981, 128.687363, 55.296055,10.614799, 240.387161, 1.000608
5, 350,5,58.574135, 59.653809, 128.687363, 55.296055,10.614799, 240.387161, 0.981901
5, 350,6,103.088875, 104.611664, 128.687363, 55.296055,10.614799, 240.387161, 0.985443
5, 350,7,229.047363, 229.318130, 128.687363, 55.296055,10.614799, 240.387161, 0.998819
5, 350,8,132.464478, 133.028259, 128.687363, 55.296055,10.614799, 240.387161, 0.995762
5, 350,9,240.387161, 240.945175, 128.687363, 55.296055,10.614799, 240.387161, 0.997684
5, 350,10,103.904205, 105.484627, 128.687363, 55.296055,10.614799, 240.387161, 0.985018
5, 350,11,148.341736, 147.695633, 128.687363, 55.296055,10.614799, 240.387161, 1.004375
5, 350,12,142.657196, 141.471985, 128.687363, 55.296055,10.614799, 240.387161, 1.008378
5, 350,13,126.641495, 125.841339, 128.687363, 55.296055,10.614799, 240.387161, 1.006359
5, 350,14,158.234436, 157.953003, 128.687363, 55.296055,10.614799, 240.387161, 1.001782
5, 350,15,90.047112, 88.988541, 128.687363, 55.296055,10.614799, 240.387161, 1.011896
5, 350,16,139.541656, 141.441879, 128.687363, 55.296055,10.614799, 240.387161, 0.986565
5, 350,17,48.863430, 48.026783, 128.687363, 55.296055,10.614799, 240.387161, 1.017420
5, 350,18,225.122711, 224.915665, 128.687363, 55.296055,10.614799, 240.387161, 1.000921
5, 350,19,109.114433, 108.758255, 128.687363, 55.296055,10.614799, 240.387161, 1.003275
5, 350,20,10.614799, 10.188140, 128.687363, 55.296055,10.614799, 240.387161, 1.041878
5, 350,21,120.466019, 120.565903, 128.687363, 55.296055,10.614799, 240.387161, 0.999172
5, 350,22,116.317917, 116.043022, 128.687363, 55.296055,10.614799, 240.387161, 1.002369
5, 350,23,205.736465, 207.825058, 128.687363, 55.296055,10.614799, 240.387161, 0.989950
5, 350,24,100.639961, 99.403954, 128.687363, 55.296055,10.614799, 240.387161, 1.012434
5, 350,25,75.040787, 75.510223, 128.687363, 55.296055,10.614799, 240.387161, 0.993783
5, 350,26,124.427925, 123.372948, 128.687363, 55.296055,10.614799, 240.387161, 1.008551
5, 350,27,182.660431, 182.599289, 128.687363, 55.296055,10.614799, 240.387161, 1.000335
5, 350,28,111.152275, 112.069519, 128.687363, 55.296055,10.614799, 240.387161, 0.991815
5, 350,29,198.472412, 198.132111, 128.687363, 55.296055,10.614799, 240.387161, 1.001718
5, 350,30,98.072350, 98.711594, 128.687363, 55.296055,10.614799, 240.387161, 0.993524
5, 350,31,204.785477, 204.190201, 128.687363, 55.296055,10.614799, 240.387161, 1.002915
5, 351,0,255.558350, 257.132507, 128.626678, 82.426720,12.600278, 283.080597, 0.993878
5, 351,1,209.516541, 209.053589, 128.626678, 82.426720,12.600278, 283.080597, 1.002215
5, 351,2,67.856941, 69.266884, 128.626678, 82.426720,12.600278, 283.080597, 0.979645
5, 351,3,283.080597, 281.243195, 128.626678, 82.426720,12.600278, 283.080597, 1.006533
5, 351,4,12.600278, 13.151068, 128.626678, 82.426720,12.600278, 283.080597, 0.958118
5, 351,5,66.328468, 65.051498, 128.626678, 82.426720,12.600278, 283.080597, 1.019630
5, 351,6,151.647430, 151.789642, 128.626678, 82.426720,12.600278, 283.080597, 0.999063
5, 351,7,128.201157, 128.005798, 128.626678, 82.426720,12.600278, 283.080597, 1.001526
5, 351,8,30.745619, 31.621687, 128.626678, 82.426720,12.600278, 283.080597, 0.972295
5, 351,9,158.957489, 160.329361, 128.626678, 82.426720,12.600278, 283.080597, 0.991443
5, 351,10,187.734543, 186.744705, 128.626678, 82.426720,12.600278, 283.080597, 1.005301
5, 351,11,37.768242, 37.379089, 128.626678, 82.426720,12.600278, 283.080597, 1.010411
5, 351,12,76.506950, 76.750671, 128.626678, 82.426720,12.600278, 283.080597, 0.996825
5, 351,13,159.423737, 158.653259, 128.626678, 82.426720,12.600278, 283.080597, 1.004856
5, 351,14,56.814445, 57.240864, 128.626678, 82.426720,12.600278, 283.080597, 0.992550
5, 351,15,30.310848, 29.819878, 128.626678, 82.426720,12.600278, 283.080597, 1.016465
5, 351,16,114.708488, 116.792679, 128.626678, 82.426720,12.600278, 283.080597, 0.982155
5, 351,17,204.532150, 203.648178, 128.626678, 82.426720,12.600278, 283.080597, 1.004341
5, 351,18,148.099442, 148.303360, 128.626678, 82.426720,12.600278, 283.080597, 0.998625
5, 351,19,210.314240, 209.732391, 128.626678, 82.426720,12.600278, 283.080597, 1.002774
5, 351,20,42.224819, 41.971600, 128.626678, 82.426720,12.600278, 283.080597, 1.006033
5, 351,21,151.529358, 151.739365, 128.626678, 82.426720,12.600278, 283.080597, 0.998616
5, 351,22,249.666611, 249.807938, 128.626678, 82.426720,12.600278, 283.080597, 0.999434
5, 351,23,245.974335, 246.422241, 128.626678, 82.426720,12.600278, 283.080597, 0.998182
5, 351,24,19.195204, 20.073360, 128.626678, 82.426720,12.600278, 283.080597, 0.956253
5, 351,25,187.158768, 187.264297, 128.626678, 82.426720,12.600278, 283.080597, 0.999436
5, 351,26,79.895264, 79.767639, 128.626678, 82.426720,12.600278, 283.080597, 1.001600
5, 351,27,34.394299, 35.635941, 128.626678, 82.426720,12.600278, 283.080597, 0.965158
5, 351,28,56.550518, 56.721275, 128.626678, 82.426720,12.600278, 283.080597, 0.996990
5, 351,29,255.104202, 253.830597, 128.626678, 82.426720,12.600278, 283.080597, 1.005018
5, 351,30,62.442440, 63.367008, 128.626678, 82.426720,12.600278, 283.080597, 0.985409
5, 351,31,141.211975, 142.688431, 128.626678, 82.426720,12.600278, 283.080597, 0.989653
5, 352,0,174.940887, 176.092606, 128.853821, 70.627129,17.101591, 234.871643, 0.993460
5, 352,1,222.854462, 223.031815, 128.853821, 70.627129,17.101591, 234.871643, 0.999205
5, 352,2,36.305305, 36.747021, 128.853821, 70.627129,17.101591, 234.871643, 0.987980
5, 352,3,180.813721, 181.265625, 128.853821, 70.627129,17.101591, 234.871643, 0.997507
5, 352,4,25.610170, 26.248190, 128.853821, 70.627129,17.101591, 234.871643, 0.975693
5, 352,5,159.925385, 159.941620, 128.853821, 70.627129,17.101591, 234.871643, 0.999898
5, 352,6,35.778831, 36.490105, 128.853821, 70.627129,17.101591, 234.871643, 0.980508
5, 352,7,17.101591, 16.957558, 128.853821, 70.627129,17.101591, 234.871643, 1.008494
5, 352,8,30.811478, 30.115814, 128.853821, 70.627129,17.101591, 234.871643, 1.023100
5, 352,9,17.842222, 17.943560, 128.853821, 70.627129,17.101591, 234.871643, 0.994352
5, 352,10,184.906921, 185.723465, 128.853821, 70.627129,17.101591, 234.871643, 0.995603
5, 352,11,128.315445, 127.945190, 128.853821, 70.627129,17.101591, 234.871643, 1.002894
5, 352,12,201.356140, 200.819016, 128.853821, 70.627129,17.101591, 234.871643, 1.002675
5, 352,13,101.584305, 101.732834, 128.853821, 70.627129,17.101591, 234.871643, 0.998540
5, 352,14,17.296854, 17.151981, 128.853821, 70.627129,17.101591, 234.871643, 1.008446
5, 352,15,234.871643, 234.669418, 128.853821, 70.627129,17.101591, 234.871643, 1.000862
5, 352,16,164.049332, 164.385574, 128.853821, 70.627129,17.101591, 234.871643, 0.997955
5, 352,17,51.826778, 51.696739, 128.853821, 70.627129,17.101591, 234.871643, 1.002515
5, 352,18,162.240341, 162.149704, 128.853821, 70.627129,17.101591, 234.871643, 1.000559
5, 352,19,126.634422, 126.459244, 128.853821, 70.627129,17.101591, 234.871643, 1.001385
5, 352,20,166.338593, 166.781143, 128.853821, 70.627129,17.101591, 234.871643, 0.997347
5, 352,21,174.969025, 174.426117, 128.853821, 70.627129,17.101591, 234.871643, 1.003113
5, 352,22,93.789154, 94.414207, 128.853821, 70.627129,17.101591, 234.871643, 0.993380
5, 352,23,88.259796, 88.282944, 128.853821, 70.627129,17.101591, 234.871643, 0.999738
5, 352,24,164.485138, 163.344025, 128.853821, 70.627129,17.101591, 234.871643, 1.006986
5, 352,25,106.639168, 107.148895, 128.853821, 70.627129,17.101591, 234.871643, 0.995243
5, 352,26,231.869553, 230.843460, 128.853821, 70.627129,17.101591, 234.871643, 1.004445
5, 352,27,88.557419, 87.199730, 128.853821, 70.627129,17.101591, 234.871643, 1.015570
5, 352,28,126.737869, 126.355087, 128.853821, 70.627129,17.101591, 234.871643, 1.003029
5, 352,29,199.576111, 198.881729, 128.853821, 70.627129,17.101591, 234.871643, 1.003491
5, 352,30,206.199677, 205.755981, 128.853821, 70.627129,17.101591, 234.871643, 1.002156
5, 352,31,200.834564, 199.999664, 128.853821, 70.627129,17.101591, 234.871643, 1.004174
5, 353,0,42.252773, 42.534443, 128.724808, 71.835266,17.782139, 241.656097, 0.993378
5, 353,1,186.077148, 186.100357, 128.724808, 71.835266,17.782139, 241.656097, 0.999875
5, 353,2,36.794479, 38.206890, 128.724808, 71.835266,17.782139, 241.656097, 0.963033
5, 353,3,99.797684, 100.836220, 128.724808, 71.835266,17.782139, 241.656097, 0.989701
5, 353,4,234.533127, 233.250900, 128.724808, 71.835266,17.782139, 241.656097, 1.005497
5, 353,5,68.760010, 69.284668, 128.724808, 71.835266,17.782139, 241.656097, 0.992428
5, 353,6,102.804535, 102.010040, 128.724808, 71.835266,17.782139, 241.656097, 1.007788
5, 353,7,79.543243, 80.096489, 128.724808, 71.835266,17.782139, 241.656097, 0.993093
5, 353,8,229.028931, 229.220337, 128.724808, 71.835266,17.782139, 241.656097, 0.999165
5, 353,9,102.396614, 101.366562, 128.724808, 71.835266,17.782139, 241.656097, 1.010162
5, 353,10,17.782139, 18.619755, 128.724808, 71.835266,17.782139, 241.656097, 0.955015
5, 353,11,72.790016, 73.152603, 128.724808, 71.835266,17.782139, 241.656097, 0.995043
5, 353,12,55.465401, 55.213047, 128.724808, 71.835266,17.782139, 241.656097, 1.004571
5, 353,13,167.929794, 167.453690, 128.724808, 71.835266,17.782139, 241.656097, 1.002843
5, 353,14,139.668930, 138.681107, 128.724808, 71.835266,17.782139, 241.656097, 1.007123
5, 353,15,52.567066, 52.731071, 128.724808, 71.835266,17.782139, 241.656097, 0.996890
5, 353,16,77.995361, 78.760033, 128.724808, 71.835266,17.782139, 241.656097, 0.990291
5, 353,17,45.926525, 45.730610, 128.724808, 71.835266,17.782139, 241.656097, 1.004284
5, 353,18,222.873734, 223.117935, 128.724808, 71.835266,17.782139, 241.656097, 0.998905
5, 353,19,90.345955, 89.967834, 128.724808, 71.835266,17.782139, 241.656097, 1.004203
5, 353,20,55.263676, 55.304970, 128.724808, 71.835266,17.782139, 241.656097, 0.999253
5, 353,21,216.331757, 215.636627, 128.724808, 71.835266,17.782139, 241.656097, 1.003224
5, 353,22,175.227112, 175.557251, 128.724808, 71.835266,17.782139, 241.656097, 0.998119
5, 353,23,39.870556, 39.606979, 128.724808, 71.835266,17.782139, 241.656097, 1.006655
5, 353,24,217.449615, 217.538773, 128.724808, 71.835266,17.782139, 241.656097, 0.999590
5, 353,25,241.656097, 240.774628, 128.724808, 71.835266,17.782139, 241.656097, 1.003661
5, 353,26,172.115463, 172.516663, 128.724808, 71.835266,17.782139, 241.656097, 0.997674
5, 353,27,104.162323, 105.375916, 128.724808, 71.835266,17.782139, 241.656097, 0.988483
5, 353,28,186.405594, 187.479233, 128.724808, 71.835266,17.782139, 241.656097, 0.994273
5, 353,29,208.330872, 208.006851, 128.724808, 71.835266,17.782139, 241.656097, 1.001558
5, 353,30,198.408920, 198.397125, 128.724808, 71.835266,17.782139, 241.656097, 1.000059
5, 353,31,178.638397, 178.470566, 128.724808, 71.835266,17.782139, 241.656097, 1.000940
5, 354,0,189.623642, 190.712585, 128.702362, 66.828339,16.183750, 248.891098, 0.994290
5, 354,1,171.983902, 171.690613, 128.702362, 66.828339,16.183750, 248.891098, 1.001708
5, 354,2,36.250763, 37.129959, 128.702362, 66.828339,16.183750, 248.891098, 0.976321
5, 354,3,139.200638, 136.982117, 128.702362, 66.828339,16.183750, 248.891098, 1.016196
5, 354,4,39.079819, 39.149391, 128.702362, 66.828339,16.183750, 248.891098, 0.998223
5, 354,5,246.179413, 245.774246, 128.702362, 66.828339,16.183750, 248.891098, 1.001649
5, 354,6,190.492050, 190.372253, 128.702362, 66.828339,16.183750, 248.891098, 1.000629
5, 354,7,105.773956, 106.017517, 128.702362, 66.828339,16.183750, 248.891098, 0.997703
5, 354,8,127.643951, 128.049728, 128.702362, 66.828339,16.183750, 248.891098, 0.996831
5, 354,9,109.963905, 109.693336, 128.702362, 66.828339,16.183750, 248.891098, 1.002467
5, 354,10,98.853500, 98.832268, 128.702362, 66.828339,16.183750, 248.891098, 1.000215
5, 354,11,219.007568, 221.117523, 128.702362, 66.828339,16.183750, 248.891098, 0.990458
5, 354,12,33.664185, 33.302872, 128.702362, 66.828339,16.183750, 248.891098, 1.010849
5, 354,13,78.753960, 78.403496, 128.702362, 66.828339,16.183750, 248.891098, 1.004470
5, 354,14,79.221336, 78.728722, 128.702362, 66.828339,16.183750, 248.891098, 1.006257
5, 354,15,86.568283, 87.524971, 128.702362, 66.828339,16.183750, 248.891098, 0.989070
5, 354,16,143.911789, 144.961533, 128.702362, 66.828339,16.183750, 248.891098, 0.992758
5, 354,17,248.891098, 249.139969, 128.702362, 66.828339,16.183750, 248.891098, 0.999001
5, 354,18,124.574013, 125.493294, 128.702362, 66.828339,16.183750, 248.891098, 0.992675
5, 354,19,220.650085, 220.527557, 128.702362, 66.828339,16.183750, 248.891098, 1.000556
5, 354,20,16.183750, 14.674189, 128.702362, 66.828339,16.183750, 248.891098, 1.102872
5, 354,21,36.531170, 37.621582, 128.702362, 66.828339,16.183750, 248.891098, 0.971016
5, 354,22,219.069153, 220.973816, 128.702362, 66.828339,16.183750, 248.891098, 0.991381
5, 354,23,164.017639, 163.559937, 128.702362, 66.828339,16.183750, 248.891098, 1.002798
5, 354,24,190.291321, 190.803360, 128.702362, 66.828339,16.183750, 248.891098, 0.997316
5, 354,25,140.903046, 138.827591, 128.702362, 66.828339,16.183750, 248.891098, 1.014950
5, 354,26,58.208019, 58.247005, 128.702362, 66.828339,16.183750, 248.891098, 0.999331
5, 354,27,88.548950, 88.190552, 128.702362, 66.828339,16.183750, 248.891098, 1.004064
5, 354,28,51.596474, 51.780289, 128.702362, 66.828339,16.183750, 248.891098, 0.996450
5, 354,29,135.639664, 135.719040, 128.702362, 66.828339,16.183750, 248.891098, 0.999415
5, 354,30,173.813522, 174.594971, 128.702362, 66.828339,16.183750, 248.891098, 0.995524
5, 354,31,153.385162, 152.403915, 128.702362, 66.828339,16.183750, 248.891098, 1.006438
5, 355,0,105.706100, 105.562996, 128.927063, 51.508633,26.514460, 198.038818, 1.001356
5, 355,1,172.323441, 172.529968, 128.927063, 51.508633,26.514460, 198.038818, 0.998803
5, 355,2,127.718292, 128.056305, 128.927063, 51.508633,26.514460, 198.038818, 0.997360
5, 355,3,154.014923, 153.557251, 128.927063, 51.508633,26.514460, 198.038818, 1.002980
5, 355,4,175.159439, 176.167114, 128.927063, 51.508633,26.514460, 198.038818, 0.994280
5, 355,5,198.038818, 198.479736, 128.927063, 51.508633,26.514460, 198.038818, 0.997779
5, 355,6,132.745239, 131.104767, 128.927063, 51.508633,26.514460, 198.038818, 1.012513
5, 355,7,193.325928, 193.041473, 128.927063, 51.508633,26.514460, 198.038818, 1.001474
5, 355,8,183.648392, 183.756210, 128.927063, 51.508633,26.514460, 198.038818, 0.999413
5, 355,9,127.553703, 127.764862, 128.927063, 51.508633,26.514460, 198.038818, 0.998347
5, 355,10,70.000702, 69.675140, 128.927063, 51.508633,26.514460, 198.038818, 1.004673
5, 355,11,158.496399, 158.383484, 128.927063, 51.508633,26.514460, 198.038818, 1.000713
5, 355,12,52.260651, 52.602623, 128.927063, 51.508633,26.514460, 198.038818, 0.993499
5, 355,13,81.943642, 82.446022, 128.927063, 51.508633,26.514460, 198.038818, 0.993907
5, 355,14,178.632736, 179.402100, 128.927063, 51.508633,26.514460, 198.038818, 0.995712
5, 355,15,116.291122, 115.728401, 128.927063, 51.508633,26.514460, 198.038818, 1.004862
5, 355,16,35.630962, 34.679096, 128.927063, 51.508633,26.514460, 198.038818, 1.027448
5, 355,17,152.595932, 152.018448, 128.927063, 51.508633,26.514460, 198.038818, 1.003799
5, 355,18,44.139885, 43.025921, 128.927063, 51.508633,26.514460, 198.038818, 1.025891
5, 355,19,139.229050, 139.579819, 128.927063, 51.508633,26.514460, 198.038818, 0.997487
5, 355,20,96.158318, 95.642403, 128.927063, 51.508633,26.514460, 198.038818, 1.005394
5, 355,21,158.490173, 158.336868, 128.927063, 51.508633,26.514460, 198.038818, 1.000968
5, 355,22,178.094666, 179.046539, 128.927063, 51.508633,26.514460, 198.038818, 0.994684
5, 355,23,155.951355, 154.822098, 128.927063, 51.508633,26.514460, 198.038818, 1.007294
5, 355,24,126.868187, 126.365952, 128.927063, 51.508633,26.514460, 198.038818, 1.003974
5, 355,25,190.767410, 190.861511, 128.927063, 51.508633,26.514460, 198.038818, 0.999507
5, 355,26,172.994095, 173.316849, 128.927063, 51.508633,26.514460, 198.038818, 0.998138
5, 355,27,26.514460, 26.670338, 128.927063, 51.508633,26.514460, 198.038818, 0.994155
5, 355,28,173.989761, 174.261108, 128.927063, 51.508633,26.514460, 198.038818, 0.998443
5, 355,29,128.352432, 127.589989, 128.927063, 51.508633,26.514460, 198.038818, 1.005976
5, 355,30,45.978333, 44.628838, 128.927063, 51.508633,26.514460, 198.038818, 1.030238
5, 355,31,72.051895, 71.895920, 128.927063, 51.508633,26.514460, 198.038818, 1.002169
5, 356,0,221.835617, 222.028839, 128.498138, 67.928261,11.959055, 227.410309, 0.999130
5, 356,1,101.359314, 101.869431, 128.498138, 67.928261,11.959055, 227.410309, 0.994992
5, 356,2,215.255997, 216.354385, 128.498138, 67.928261,11.959055, 227.410309, 0.994923
5, 356,3,201.057266, 201.097702, 128.498138, 67.928261,11.959055, 227.410309, 0.999799
5, 356,4,124.768936, 123.586609, 128.498138, 67.928261,11.959055, 227.410309, 1.009567
5, 356,5,226.056778, 227.111893, 128.498138, 67.928261,11.959055, 227.410309, 0.995354
5, 356,6,205.540146, 205.724121, 128.498138, 67.928261,11.959055, 227.410309, 0.999106
5, 356,7,63.256207, 63.884956, 128.498138, 67.928261,11.959055, 227.410309, 0.990158
5, 356,8,226.192520, 226.677704, 128.498138, 67.928261,11.959055, 227.410309, 0.997860
5, 356,9,101.702080, 102.341057, 128.498138, 67.928261,11.959055, 227.410309, 0.993756
5, 356,10,42.194740, 42.354927, 128.498138, 67.928261,11.959055, 227.410309, 0.996218
5, 356,11,157.760178, 157.131836, 128.498138, 67.928261,11.959055, 227.410309, 1.003999
5, 356,12,52.746696, 53.224751, 128.498138, 67.928261,11.959055, 227.410309, 0.991018
5, 356,13,121.212700, 122.216652, 128.498138, 67.928261,11.959055, 227.410309, 0.991785
5, 356,14,65.978806, 66.467659, 128.498138, 67.928261,11.959055, 227.410309, 0.992645
5, 356,15,161.582535, 161.780701, 128.498138, 67.928261,11.959055, 227.410309, 0.998775
5, 356,16,49.440048, 50.290195, 128.498138, 67.928261,11.959055, 227.410309, 0.983095
5, 356,17,106.906685, 108.008034, 128.498138, 67.928261,11.959055, 227.410309, 0.989803
5, 356,18,146.701309, 147.916443, 128.498138, 67.928261,11.959055, 227.410309, 0.991785
5, 356,19,137.378799, 136.792099, 128.498138, 67.928261,11.959055, 227.410309, 1.004289
5, 356,20,177.353485, 176.715469, 128.498138, 67.928261,11.959055, 227.410309, 1.003610
5, 356,21,144.376617, 144.031158, 128.498138, 67.928261,11.959055, 227.410309, 1.002398
5, 356,22,28.980772, 28.617933, 128.498138, 67.928261,11.959055, 227.410309, 1.012679
5, 356,23,13.478944, 13.346287, 128.498138, 67.928261,11.959055, 227.410309, 1.009940
5, 356,24,101.004463, 101.981720, 128.498138, 67.928261,11.959055, 227.410309, 0.990417
5, 356,25,11.959055, 11.729289, 128.498138, 67.928261,11.959055, 227.410309, 1.019589
5, 356,26,192.055710, 192.338974, 128.498138, 67.928261,11.959055, 227.410309, 0.998527
5, 356,27,204.912354, 204.915619, 128.498138, 67.928261,11.959055, 227.410309, 0.999984
5, 356,28,227.410309, 227.695801, 128.498138, 67.928261,11.959055, 227.410309, 0.998746
5, 356,29,80.298409, 80.743652, 128.498138, 67.928261,11.959055, 227.410309, 0.994486
5, 356,30,78.939835, 80.818520, 128.498138, 67.928261,11.959055, 227.410309, 0.976754
5, 356,31,122.243301, 121.206032, 128.498138, 67.928261,11.959055, 227.410309, 1.008558
5, 357,0,168.218262, 166.234970, 129.020706, 73.121315,16.063459, 247.871796, 1.011931
5, 357,1,16.063459, 15.658575, 129.020706, 73.121315,16.063459, 247.871796, 1.025857
5, 357,2,162.321487, 163.999939, 129.020706, 73.121315,16.063459, 247.871796, 0.989766
5, 357,3,82.448097, 82.253342, 129.020706, 73.121315,16.063459, 247.871796, 1.002368
5, 357,4,21.406740, 21.137751, 129.020706, 73.121315,16.063459, 247.871796, 1.012726
5, 357,5,120.759674, 120.218872, 129.020706, 73.121315,16.063459, 247.871796, 1.004498
5, 357,6,25.240482, 24.038050, 129.020706, 73.121315,16.063459, 247.871796, 1.050022
5, 357,7,233.407074, 232.149506, 129.020706, 73.121315,16.063459, 247.871796, 1.005417
5, 357,8,117.666740, 117.834343, 129.020706, 73.121315,16.063459, 247.871796, 0.998578
5, 357,9,204.270676, 206.472885, 129.020706, 73.121315,16.063459, 247.871796, 0.989334
5, 357,10,183.018829, 182.859360, 129.020706, 73.121315,16.063459, 247.871796, 1.000872
5, 357,11,231.650269, 231.364655, 129.020706, 73.121315,16.063459, 247.871796, 1.001235
5, 357,12,120.751762, 121.145767, 129.020706, 73.121315,16.063459, 247.871796, 0.996748
5, 357,13,74.685928, 73.619720, 129.020706, 73.121315,16.063459, 247.871796, 1.014483
5, 357,14,85.982643, 85.759125, 129.020706, 73.121315,16.063459, 247.871796, 1.002606
5, 357,15,194.052826, 194.161560, 129.020706, 73.121315,16.063459, 247.871796, 0.999440
5, 357,16,54.156715, 51.508675, 129.020706, 73.121315,16.063459, 247.871796, 1.051410
5, 357,17,162.825592, 162.729187, 129.020706, 73.121315,16.063459, 247.871796, 1.000592
5, 357,18,208.898254, 208.872375, 129.020706, 73.121315,16.063459, 247.871796, 1.000124
5, 357,19,30.521238, 29.793798, 129.020706, 73.121315,16.063459, 247.871796, 1.024416
5, 357,20,209.287033, 209.485321, 129.020706, 73.121315,16.063459, 247.871796, 0.999053
5, 357,21,99.755768, 99.468269, 129.020706, 73.121315,16.063459, 247.871796, 1.002890
5, 357,22,215.314926, 215.756836, 129.020706, 73.121315,16.063459, 247.871796, 0.997952
5, 357,23,105.279091, 104.805420, 129.020706, 73.121315,16.063459, 247.871796, 1.004520
5, 357,24,79.019882, 76.871346, 129.020706, 73.121315,16.063459, 247.871796, 1.027950
5, 357,25,61.430923, 61.734474, 129.020706, 73.121315,16.063459, 247.871796, 0.995083
5, 357,26,150.265213, 151.210220, 129.020706, 73.121315,16.063459, 247.871796, 0.993750
5, 357,27,143.176956, 141.365646, 129.020706, 73.121315,16.063459, 247.871796, 1.012813
5, 357,28,59.395931, 60.022694, 129.020706, 73.121315,16.063459, 247.871796, 0.989558
5, 357,29,233.881256, 234.205139, 129.020706, 73.121315,16.063459, 247.871796, 0.998617
5, 357,30,25.637007, 26.317924, 129.020706, 73.121315,16.063459, 247.871796, 0.974127
5, 357,31,247.871796, 247.944199, 129.020706, 73.121315,16.063459, 247.871796, 0.999708
5, 358,0,19.485168, 20.162533, 128.857635, 65.760925,17.158884, 232.477341, 0.966405
5, 358,1,98.265030, 97.784729, 128.857635, 65.760925,17.158884, 232.477341, 1.004912
5, 358,2,123.062454, 123.013878, 128.857635, 65.760925,17.158884, 232.477341, 1.000395
5, 358,3,17.290937, 17.249840, 128.857635, 65.760925,17.158884, 232.477341, 1.002383
5, 358,4,166.346191, 166.087708, 128.857635, 65.760925,17.158884, 232.477341, 1.001556
5, 358,5,188.758713, 188.064026, 128.857635, 65.760925,17.158884, 232.477341, 1.003694
5, 358,6,105.748741, 104.460533, 128.857635, 65.760925,17.158884, 232.477341, 1.012332
5, 358,7,76.726608, 76.665932, 128.857635, 65.760925,17.158884, 232.477341, 1.000791
5, 358,8,17.158884, 16.980541, 128.857635, 65.760925,17.158884, 232.477341, 1.010503
5, 358,9,194.826950, 194.683136, 128.857635, 65.760925,17.158884, 232.477341, 1.000739
5, 358,10,144.482361, 144.472839, 128.857635, 65.760925,17.158884, 232.477341, 1.000066
5, 358,11,80.542671, 80.421959, 128.857635, 65.760925,17.158884, 232.477341, 1.001501
5, 358,12,117.538635, 117.323151, 128.857635, 65.760925,17.158884, 232.477341, 1.001837
5, 358,13,198.088608, 199.643906, 128.857635, 65.760925,17.158884, 232.477341, 0.992210
5, 358,14,75.426865, 75.638336, 128.857635, 65.760925,17.158884, 232.477341, 0.997204
5, 358,15,178.934433, 178.936157, 128.857635, 65.760925,17.158884, 232.477341, 0.999990
5, 358,16,25.766649, 26.455650, 128.857635, 65.760925,17.158884, 232.477341, 0.973956
5, 358,17,216.257202, 216.092484, 128.857635, 65.760925,17.158884, 232.477341, 1.000762
5, 358,18,184.917053, 185.611969, 128.857635, 65.760925,17.158884, 232.477341, 0.996256
5, 358,19,37.817745, 37.305611, 128.857635, 65.760925,17.158884, 232.477341, 1.013728
5, 358,20,210.540436, 209.905670, 128.857635, 65.760925,17.158884, 232.477341, 1.003024
5, 358,21,116.911255, 116.614464, 128.857635, 65.760925,17.158884, 232.477341, 1.002545
5, 358,22,183.798904, 184.159164, 128.857635, 65.760925,17.158884, 232.477341, 0.998044
5, 358,23,106.086937, 105.424347, 128.857635, 65.760925,17.158884, 232.477341, 1.006285
5, 358,24,232.477341, 232.002441, 128.857635, 65.760925,17.158884, 232.477341, 1.002047
5, 358,25,207.605850, 207.765442, 128.857635, 65.760925,17.158884, 232.477341, 0.999232
5, 358,26,177.450684, 179.028290, 128.857635, 65.760925,17.158884, 232.477341, 0.991188
5, 358,27,113.820534, 112.773392, 128.857635, 65.760925,17.158884, 232.477341, 1.009285
5, 358,28,165.316422, 165.584549, 128.857635, 65.760925,17.158884, 232.477341, 0.998381
5, 358,29,49.665390, 48.935112, 128.857635, 65.760925,17.158884, 232.477341, 1.014923
5, 358,30,184.700851, 184.541855, 128.857635, 65.760925,17.158884, 232.477341, 1.000862
5, 358,31,107.628082, 107.210228, 128.857635, 65.760925,17.158884, 232.477341, 1.003898
5, 359,0,172.744186, 174.405792, 128.560181, 68.023232,7.902223, 238.411041, 0.990473
5, 359,1,195.797882, 195.335693, 128.560181, 68.023232,7.902223, 238.411041, 1.002366
5, 359,2,144.039261, 143.473022, 128.560181, 68.023232,7.902223, 238.411041, 1.003947
5, 359,3,184.081284, 183.519852, 128.560181, 68.023232,7.902223, 238.411041, 1.003059
5, 359,4,80.958817, 80.344749, 128.560181, 68.023232,7.902223, 238.411041, 1.007643
5, 359,5,56.140163, 56.677818, 128.560181, 68.023232,7.902223, 238.411041, 0.990514
5, 359,6,238.411041, 240.426285, 128.560181, 68.023232,7.902223, 238.411041, 0.991618
5, 359,7,46.311924, 46.547947, 128.560181, 68.023232,7.902223, 238.411041, 0.994929
5, 359,8,129.224487, 127.523407, 128.560181, 68.023232,7.902223, 238.411041, 1.013339
5, 359,9,19.148569, 18.965923, 128.560181, 68.023232,7.902223, 238.411041, 1.009630
5, 359,10,229.621109, 230.366974, 128.560181, 68.023232,7.902223, 238.411041, 0.996762
5, 359,11,112.581154, 112.660156, 128.560181, 68.023232,7.902223, 238.411041, 0.999299
5, 359,12,129.502274, 128.863708, 128.560181, 68.023232,7.902223, 238.411041, 1.004955
5, 359,13,111.346802, 111.700783, 128.560181, 68.023232,7.902223, 238.411041, 0.996831
5, 359,14,117.048660, 117.492302, 128.560181, 68.023232,7.902223, 238.411041, 0.996224
5, 359,15,207.246689, 206.848175, 128.560181, 68.023232,7.902223, 238.411041, 1.001927
5, 359,16,55.008007, 56.402699, 128.560181, 68.023232,7.902223, 238.411041, 0.975273
5, 359,17,113.757339, 112.765968, 128.560181, 68.023232,7.902223, 238.411041, 1.008791
5, 359,18,215.042999, 214.706589, 128.560181, 68.023232,7.902223, 238.411041, 1.001567
5, 359,19,103.809464, 103.785934, 128.560181, 68.023232,7.902223, 238.411041, 1.000227
5, 359,20,179.201218, 179.470734, 128.560181, 68.023232,7.902223, 238.411041, 0.998498
5, 359,21,87.268616, 87.441299, 128.560181, 68.023232,7.902223, 238.411041, 0.998025
5, 359,22,133.484085, 133.540665, 128.560181, 68.023232,7.902223, 238.411041, 0.999576
5, 359,23,45.221233, 44.438732, 128.560181, 68.023232,7.902223, 238.411041, 1.017609
5, 359,24,121.194275, 121.590805, 128.560181, 68.023232,7.902223, 238.411041, 0.996739
5, 359,25,7.902223, 10.409145, 128.560181, 68.023232,7.902223, 238.411041, 0.759162
5, 359,26,62.592262, 62.469337, 128.560181, 68.023232,7.902223, 238.411041, 1.001968
5, 359,27,165.330658, 165.968933, 128.560181, 68.023232,7.902223, 238.411041, 0.996154
5, 359,28,21.073536, 21.688852, 128.560181, 68.023232,7.902223, 238.411041, 0.971630
5, 359,29,238.305161, 240.630875, 128.560181, 68.023232,7.902223, 238.411041, 0.990335
5, 359,30,179.937225, 180.260803, 128.560181, 68.023232,7.902223, 238.411041, 0.998205
5, 359,31,210.593155, 210.276535, 128.560181, 68.023232,7.902223, 238.411041, 1.001506
5, 360,0,168.829727, 169.081589, 128.697540, 69.050011,10.863045, 244.756531, 0.998510
5, 360,1,113.362946, 113.192139, 128.697540, 69.050011,10.863045, 244.756531, 1.001509
5, 360,2,180.072067, 179.436005, 128.697540, 69.050011,10.863045, 244.756531, 1.003545
5, 360,3,68.551628, 68.275070, 128.697540, 69.050011,10.863045, 244.756531, 1.004051
5, 360,4,199.250534, 200.583176, 128.697540, 69.050011,10.863045, 244.756531, 0.993356
5, 360,5,104.413689, 104.921539, 128.697540, 69.050011,10.863045, 244.756531, 0.995160
5, 360,6,40.076252, 41.674046, 128.697540, 69.050011,10.863045, 244.756531, 0.961660
5, 360,7,211.031998, 210.003464, 128.697540, 69.050011,10.863045, 244.756531, 1.004898
5, 360,8,42.613743, 42.327930, 128.697540, 69.050011,10.863045, 244.756531, 1.006752
5, 360,9,244.756531, 244.695465, 128.697540, 69.050011,10.863045, 244.756531, 1.000250
5, 360,10,170.710922, 171.582169, 128.697540, 69.050011,10.863045, 244.756531, 0.994922
5, 360,11,10.863045, 10.768857, 128.697540, 69.050011,10.863045, 244.756531, 1.008746
5, 360,12,203.867004, 205.160385, 128.697540, 69.050011,10.863045, 244.756531, 0.993696
5, 360,13,180.260712, 180.168945, 128.697540, 69.050011,10.863045, 244.756531, 1.000509
5, 360,14,87.217331, 87.065361, 128.697540, 69.050011,10.863045, 244.756531, 1.001745
5, 360,15,236.046265, 236.345810, 128.697540, 69.050011,10.863045, 244.756531, 0.998733
5, 360,16,79.863670, 80.066605, 128.697540, 69.050011,10.863045, 244.756531, 0.997465
5, 360,17,87.442146, 87.510864, 128.697540, 69.050011,10.863045, 244.756531, 0.999215
5, 360,18,90.875854, 91.649765, 128.697540, 69.050011,10.863045, 244.756531, 0.991556
5, 360,19,187.695587, 187.792847, 128.697540, 69.050011,10.863045, 244.756531, 0.999482
5, 360,20,69.889610, 69.316971, 128.697540, 69.050011,10.863045, 244.756531, 1.008261
5, 360,21,192.900986, 193.958084, 128.697540, 69.050011,10.863045, 244.756531, 0.994550
5, 360,22,28.394302, 28.495686, 128.697540, 69.050011,10.863045, 244.756531, 0.996442
5, 360,23,56.841049, 56.196102, 128.697540, 69.050011,10.863045, 244.756531, 1.011477
5, 360,24,85.708504, 84.952797, 128.697540, 69.050011,10.863045, 244.756531, 1.008896
5, 360,25,132.204376, 131.587219, 128.697540, 69.050011,10.863045, 244.756531, 1.004690
5, 360,26,189.829559, 188.856308, 128.697540, 69.050011,10.863045, 244.756531, 1.005153
5, 360,27,109.702545, 110.174194, 128.697540, 69.050011,10.863045, 244.756531, 0.995719
5, 360,28,14.587431, 14.261049, 128.697540, 69.050011,10.863045, 244.756531, 1.022886
5, 360,29,159.829559, 160.509186, 128.697540, 69.050011,10.863045, 244.756531, 0.995766
5, 360,30,144.967346, 144.327255, 128.697540, 69.050011,10.863045, 244.756531, 1.004435
5, 360,31,225.664658, 226.063248, 128.697540, 69.050011,10.863045, 244.756531, 0.998237
5, 361,0,101.363426, 100.714470, 129.195786, 66.387688,13.048698, 240.085007, 1.006444
5, 361,1,61.071571, 60.903046, 129.195786, 66.387688,13.048698, 240.085007, 1.002767
5, 361,2,103.820892, 102.966423, 129.195786, 66.387688,13.048698, 240.085007, 1.008299
5, 361,3,93.691360, 93.168938, 129.195786, 66.387688,13.048698, 240.085007, 1.005607
5, 361,4,240.085007, 240.255493, 129.195786, 66.387688,13.048698, 240.085007, 0.999290
5, 361,5,81.574570, 81.726357, 129.195786, 66.387688,13.048698, 240.085007, 0.998143
5, 361,6,75.976784, 77.763496, 129.195786, 66.387688,13.048698, 240.085007, 0.977024
5, 361,7,62.168018, 63.096516, 129.195786, 66.387688,13.048698, 240.085007, 0.985285
5, 361,8,151.833771, 150.140579, 129.195786, 66.387688,13.048698, 240.085007, 1.011277
5, 361,9,229.920532, 229.105377, 129.195786, 66.387688,13.048698, 240.085007, 1.003558
5, 361,10,80.443222, 79.876534, 129.195786, 66.387688,13.048698, 240.085007, 1.007095
5, 361,11,175.360748, 175.080292, 129.195786, 66.387688,13.048698, 240.085007, 1.001602
5, 361,12,136.896210, 137.308792, 129.195786, 66.387688,13.048698, 240.085007, 0.996995
5, 361,13,140.287964, 139.173248, 129.195786, 66.387688,13.048698, 240.085007, 1.008010
5, 361,14,129.859146, 129.002869, 129.195786, 66.387688,13.048698, 240.085007, 1.006638
5, 361,15,112.929253, 111.828026, 129.195786, 66.387688,13.048698, 240.085007, 1.009848
5, 361,16,131.212830, 131.276764, 129.195786, 66.387688,13.048698, 240.085007, 0.999513
5, 361,17,95.594437, 95.545204, 129.195786, 66.387688,13.048698, 240.085007, 1.000515
5, 361,18,236.698334, 235.868561, 129.195786, 66.387688,13.048698, 240.085007, 1.003518
5, 361,19,13.048698, 11.608542, 129.195786, 66.387688,13.048698, 240.085007, 1.124060
5, 361,20,46.700657, 44.488605, 129.195786, 66.387688,13.048698, 240.085007, 1.049722
5, 361,21,218.936478, 217.838257, 129.195786, 66.387688,13.048698, 240.085007, 1.005041
5, 361,22,113.135315, 111.455139, 129.195786, 66.387688,13.048698, 240.085007, 1.015075
5, 361,23,173.141708, 172.630920, 129.195786, 66.387688,13.048698, 240.085007, 1.002959
5, 361,24,90.952766, 90.046906, 129.195786, 66.387688,13.048698, 240.085007, 1.010060
5, 361,25,16.156553, 17.538214, 129.195786, 66.387688,13.048698, 240.085007, 0.921220
5, 361,26,168.968399, 170.006073, 129.195786, 66.387688,13.048698, 240.085007, 0.993896
5, 361,27,230.293198, 230.077805, 129.195786, 66.387688,13.048698, 240.085007, 1.000936
5, 361,28,45.743782, 46.162952, 129.195786, 66.387688,13.048698, 240.085007, 0.990920
5, 361,29,156.795547, 155.426834, 129.195786, 66.387688,13.048698, 240.085007, 1.008806
5, 361,30,239.908752, 239.699814, 129.195786, 66.387688,13.048698, 240.085007, 1.000872
5, 361,31,179.694870, 179.218643, 129.195786, 66.387688,13.048698, 240.085007, 1.002657
5, 362,0,152.605286, 151.024948, 128.859955, 72.033669,16.817778, 212.044235, 1.010464
5, 362,1,185.837143, 185.339111, 128.859955, 72.033669,16.817778, 212.044235, 1.002687
5, 362,2,161.553711, 160.680847, 128.859955, 72.033669,16.817778, 212.044235, 1.005432
5, 362,3,201.134262, 201.307739, 128.859955, 72.033669,16.817778, 212.044235, 0.999138
5, 362,4,102.337708, 102.713303, 128.859955, 72.033669,16.817778, 212.044235, 0.996343
5, 362,5,30.244566, 31.276455, 128.859955, 72.033669,16.817778, 212.044235, 0.967007
5, 362,6,23.101080, 22.921761, 128.859955, 72.033669,16.817778, 212.044235, 1.007823
5, 362,7,150.568039, 150.683563, 128.859955, 72.033669,16.817778, 212.044235, 0.999233
5, 362,8,204.559753, 205.404572, 128.859955, 72.033669,16.817778, 212.044235, 0.995887
5, 362,9,183.332840, 182.814041, 128.859955, 72.033669,16.817778, 212.044235, 1.002838
5, 362,10,209.305527, 208.361237, 128.859955, 72.033669,16.817778, 212.044235, 1.004532
5, 362,11,61.461620, 60.830307, 128.859955, 72.033669,16.817778, 212.044235, 1.010378
5, 362,12,148.313049, 147.881470, 128.859955, 72.033669,16.817778, 212.044235, 1.002918
5, 362,13,19.256578, 19.456203, 128.859955, 72.033669,16.817778, 212.044235, 0.989740
5, 362,14,169.960587, 169.718353, 128.859955, 72.033669,16.817778, 212.044235, 1.001427
5, 362,15,40.713654, 40.062737, 128.859955, 72.033669,16.817778, 212.044235, 1.016247
5, 362,16,89.703331, 89.707802, 128.859955, 72.033669,16.817778, 212.044235, 0.999950
5, 362,17,35.980495, 36.391048, 128.859955, 72.033669,16.817778, 212.044235, 0.988718
5, 362,18,37.436874, 38.020763, 128.859955, 72.033669,16.817778, 212.044235, 0.984643
5, 362,19,16.817778, 16.950438, 128.859955, 72.033669,16.817778, 212.044235, 0.992174
5, 362,20,18.332926, 18.934437, 128.859955, 72.033669,16.817778, 212.044235, 0.968232
5, 362,21,210.328125, 209.366119, 128.859955, 72.033669,16.817778, 212.044235, 1.004595
5, 362,22,171.030945, 171.837631, 128.859955, 72.033669,16.817778, 212.044235, 0.995306
5, 362,23,63.284008, 63.664593, 128.859955, 72.033669,16.817778, 212.044235, 0.994022
5, 362,24,179.402466, 180.475754, 128.859955, 72.033669,16.817778, 212.044235, 0.994053
5, 362,25,212.044235, 213.527374, 128.859955, 72.033669,16.817778, 212.044235, 0.993054
5, 362,26,211.940735, 210.506271, 128.859955, 72.033669,16.817778, 212.044235, 1.006814
5, 362,27,97.727905, 96.387688, 128.859955, 72.033669,16.817778, 212.044235, 1.013904
5, 362,28,206.963577, 207.092255, 128.859955, 72.033669,16.817778, 212.044235, 0.999379
5, 362,29,156.944672, 157.163757, 128.859955, 72.033669,16.817778, 212.044235, 0.998606
5, 362,30,171.204788, 171.019547, 128.859955, 72.033669,16.817778, 212.044235, 1.001083
5, 362,31,200.090195, 199.478348, 128.859955, 72.033669,16.817778, 212.044235, 1.003067
5, 363,0,214.140137, 212.693344, 128.758926, 73.249237,10.157409, 261.180664, 1.006802
5, 363,1,207.276138, 208.175781, 128.758926, 73.249237,10.157409, 261.180664, 0.995678
5, 363,2,133.524384, 132.996841, 128.758926, 73.249237,10.157409, 261.180664, 1.003967
5, 363,3,216.643112, 216.420502, 128.758926, 73.249237,10.157409, 261.180664, 1.001029
5, 363,4,221.462646, 220.783096, 128.758926, 73.249237,10.157409, 261.180664, 1.003078
5, 363,5,86.242607, 85.899574, 128.758926, 73.249237,10.157409, 261.180664, 1.003993
5, 363,6,71.905289, 72.284927, 128.758926, 73.249237,10.157409, 261.180664, 0.994748
5, 363,7,37.214981, 37.221565, 128.758926, 73.249237,10.157409, 261.180664, 0.999823
5, 363,8,172.870728, 172.624237, 128.758926, 73.249237,10.157409, 261.180664, 1.001428
5, 363,9,143.079285, 141.319061, 128.758926, 73.249237,10.157409, 261.180664, 1.012456
5, 363,10,125.744652, 126.022911, 128.758926, 73.249237,10.157409, 261.180664, 0.997792
5, 363,11,118.615173, 119.048981, 128.758926, 73.249237,10.157409, 261.180664, 0.996356
5, 363,12,43.670994, 43.560089, 128.758926, 73.249237,10.157409, 261.180664, 1.002546
5, 363,13,179.462219, 181.752335, 128.758926, 73.249237,10.157409, 261.180664, 0.987400
5, 363,14,22.659081, 21.909920, 128.758926, 73.249237,10.157409, 261.180664, 1.034193
5, 363,15,149.536880, 148.238754, 128.758926, 73.249237,10.157409, 261.180664, 1.008757
5, 363,16,229.596802, 230.670563, 128.758926, 73.249237,10.157409, 261.180664, 0.995345
5, 363,17,12.049522, 12.882557, 128.758926, 73.249237,10.157409, 261.180664, 0.935336
5, 363,18,18.299559, 18.190491, 128.758926, 73.249237,10.157409, 261.180664, 1.005996
5, 363,19,197.280090, 197.211227, 128.758926, 73.249237,10.157409, 261.180664, 1.000349
5, 363,20,134.983749, 133.485016, 128.758926, 73.249237,10.157409, 261.180664, 1.011228
5, 363,21,173.744904, 173.616089, 128.758926, 73.249237,10.157409, 261.180664, 1.000742
5, 363,22,127.665848, 127.332458, 128.758926, 73.249237,10.157409, 261.180664, 1.002618
5, 363,23,36.440266, 38.252159, 128.758926, 73.249237,10.157409, 261.180664, 0.952633
5, 363,24,116.040260, 117.359741, 128.758926, 73.249237,10.157409, 261.180664, 0.988757
5, 363,25,139.512802, 140.303970, 128.758926, 73.249237,10.157409, 261.180664, 0.994361
5, 363,26,76.817680, 76.120583, 128.758926, 73.249237,10.157409, 261.180664, 1.009158
5, 363,27,56.760983, 56.686573, 128.758926, 73.249237,10.157409, 261.180664, 1.001313
5, 363,28,199.981567, 202.302185, 128.758926, 73.249237,10.157409, 261.180664, 0.988529
5, 363,29,261.180664, 260.681702, 128.758926, 73.249237,10.157409, 261.180664, 1.001914
5, 363,30,10.157409, 10.178223, 128.758926, 73.249237,10.157409, 261.180664, 0.997955
5, 363,31,185.725388, 184.774368, 128.758926, 73.249237,10.157409, 261.180664, 1.005147
5, 364,0,99.996727, 99.937874, 128.639755, 64.816879,12.891739, 219.355835, 1.000589
5, 364,1,78.806213, 79.249352, 128.639755, 64.816879,12.891739, 219.355835, 0.994408
5, 364,2,39.448158, 40.006985, 128.639755, 64.816879,12.891739, 219.355835, 0.986032
5, 364,3,217.035492, 216.552872, 128.639755, 64.816879,12.891739, 219.355835, 1.002229
5, 364,4,142.152634, 141.129562, 128.639755, 64.816879,12.891739, 219.355835, 1.007249
5, 364,5,149.561569, 149.559631, 128.639755, 64.816879,12.891739, 219.355835, 1.000013
5, 364,6,169.949036, 170.625259, 128.639755, 64.816879,12.891739, 219.355835, 0.996037
5, 364,7,219.355835, 219.019897, 128.639755, 64.816879,12.891739, 219.355835, 1.001534
5, 364,8,137.958710, 139.026840, 128.639755, 64.816879,12.891739, 219.355835, 0.992317
5, 364,9,134.384354, 135.460510, 128.639755, 64.816879,12.891739, 219.355835, 0.992056
5, 364,10,77.708977, 78.258698, 128.639755, 64.816879,12.891739, 219.355835, 0.992976
5, 364,11,22.014359, 21.926098, 128.639755, 64.816879,12.891739, 219.355835, 1.004025
5, 364,12,181.067963, 180.103485, 128.639755, 64.816879,12.891739, 219.355835, 1.005355
5, 364,13,41.795208, 41.847664, 128.639755, 64.816879,12.891739, 219.355835, 0.998747
5, 364,14,106.060364, 107.044960, 128.639755, 64.816879,12.891739, 219.355835, 0.990802
5, 364,15,133.924057, 134.227005, 128.639755, 64.816879,12.891739, 219.355835, 0.997743
5, 364,16,82.238289, 82.074287, 128.639755, 64.816879,12.891739, 219.355835, 1.001998
5, 364,17,46.501381, 46.730595, 128.639755, 64.816879,12.891739, 219.355835, 0.995095
5, 364,18,96.431076, 96.486580, 128.639755, 64.816879,12.891739, 219.355835, 0.999425
5, 364,19,20.972752, 21.440363, 128.639755, 64.816879,12.891739, 219.355835, 0.978190
5, 364,20,203.097824, 202.990616, 128.639755, 64.816879,12.891739, 219.355835, 1.000528
5, 364,21,195.164383, 194.394348, 128.639755, 64.816879,12.891739, 219.355835, 1.003961
5, 364,22,12.891739, 14.096800, 128.639755, 64.816879,12.891739, 219.355835, 0.914515
5, 364,23,213.805023, 213.114365, 128.639755, 64.816879,12.891739, 219.355835, 1.003241
5, 364,24,66.678619, 66.473206, 128.639755, 64.816879,12.891739, 219.355835, 1.003090
5, 364,25,147.854233, 147.814819, 128.639755, 64.816879,12.891739, 219.355835, 1.000267
5, 364,26,199.489334, 200.600281, 128.639755, 64.816879,12.891739, 219.355835, 0.994462
5, 364,27,128.638901, 127.286095, 128.639755, 64.816879,12.891739, 219.355835, 1.010628
5, 364,28,201.559799, 202.440964, 128.639755, 64.816879,12.891739, 219.355835, 0.995647
5, 364,29,183.151306, 185.037552, 128.639755, 64.816879,12.891739, 219.355835, 0.989806
5, 364,30,187.660416, 187.242523, 128.639755, 64.816879,12.891739, 219.355835, 1.002232
5, 364,31,179.117020, 178.799683, 128.639755, 64.816879,12.891739, 219.355835, 1.001775
5, 365,0,144.387207, 143.086624, 129.040054, 55.901058,27.803877, 212.878815, 1.009089
5, 365,1,123.671799, 122.531204, 129.040054, 55.901058,27.803877, 212.878815, 1.009309
5, 365,2,178.278061, 177.403824, 129.040054, 55.901058,27.803877, 212.878815, 1.004928
5, 365,3,87.920990, 89.771820, 129.040054, 55.901058,27.803877, 212.878815, 0.979383
5, 365,4,58.087635, 57.859211, 129.040054, 55.901058,27.803877, 212.878815, 1.003948
5, 365,5,62.218143, 64.478310, 129.040054, 55.901058,27.803877, 212.878815, 0.964947
5, 365,6,162.290955, 161.302078, 129.040054, 55.901058,27.803877, 212.878815, 1.006131
5, 365,7,80.940048, 78.763680, 129.040054, 55.901058,27.803877, 212.878815, 1.027632
5, 365,8,42.348431, 40.878372, 129.040054, 55.901058,27.803877, 212.878815, 1.035962
5, 365,9,104.302475, 102.072746, 129.040054, 55.901058,27.803877, 212.878815, 1.021845
5, 365,10,154.883713, 155.213013, 129.040054, 55.901058,27.803877, 212.878815, 0.997878
5, 365,11,212.878815, 212.593658, 129.040054, 55.901058,27.803877, 212.878815, 1.001341
5, 365,12,104.675339, 103.960228, 129.040054, 55.901058,27.803877, 212.878815, 1.006879
5, 365,13,109.803375, 109.751938, 129.040054, 55.901058,27.803877, 212.878815, 1.000469
5, 365,14,65.017654, 64.698090, 129.040054, 55.901058,27.803877, 212.878815, 1.004939
5, 365,15,176.636688, 175.652084, 129.040054, 55.901058,27.803877, 212.878815, 1.005605
5, 365,16,130.330185, 131.276947, 129.040054, 55.901058,27.803877, 212.878815, 0.992788
5, 365,17,127.948227, 128.161316, 129.040054, 55.901058,27.803877, 212.878815, 0.998337
5, 365,18,158.684082, 158.884552, 129.040054, 55.901058,27.803877, 212.878815, 0.998738
5, 365,19,210.268875, 211.423676, 129.040054, 55.901058,27.803877, 212.878815, 0.994538
5, 365,20,158.765488, 158.205826, 129.040054, 55.901058,27.803877, 212.878815, 1.003538
5, 365,21,188.870850, 189.472046, 129.040054, 55.901058,27.803877, 212.878815, 0.996827
5, 365,22,32.361813, 32.333008, 129.040054, 55.901058,27.803877, 212.878815, 1.000891
5, 365,23,27.803877, 27.194153, 129.040054, 55.901058,27.803877, 212.878815, 1.022421
5, 365,24,189.023773, 188.883820, 129.040054, 55.901058,27.803877, 212.878815, 1.000741
5, 365,25,44.148682, 43.851795, 129.040054, 55.901058,27.803877, 212.878815, 1.006770
5, 365,26,194.127350, 193.434448, 129.040054, 55.901058,27.803877, 212.878815, 1.003582
5, 365,27,197.850082, 197.791168, 129.040054, 55.901058,27.803877, 212.878815, 1.000298
5, 365,28,140.858749, 141.690399, 129.040054, 55.901058,27.803877, 212.878815, 0.994130
5, 365,29,197.288101, 196.957306, 129.040054, 55.901058,27.803877, 212.878815, 1.001680
5, 365,30,143.560333, 143.448608, 129.040054, 55.901058,27.803877, 212.878815, 1.000779
5, 365,31,119.050224, 117.974106, 129.040054, 55.901058,27.803877, 212.878815, 1.009122
5, 366,0,195.863098, 195.776810, 128.714630, 71.166817,14.052139, 221.321762, 1.000441
5, 366,1,55.387764, 55.723949, 128.714630, 71.166817,14.052139, 221.321762, 0.993967
5, 366,2,49.897907, 48.897041, 128.714630, 71.166817,14.052139, 221.321762, 1.020469
5, 366,3,216.839645, 216.747498, 128.714630, 71.166817,14.052139, 221.321762, 1.000425
5, 366,4,209.688538, 210.057785, 128.714630, 71.166817,14.052139, 221.321762, 0.998242
5, 366,5,98.453316, 97.031639, 128.714630, 71.166817,14.052139, 221.321762, 1.014652
5, 366,6,81.487328, 81.032501, 128.714630, 71.166817,14.052139, 221.321762, 1.005613
5, 366,7,139.542465, 139.260468, 128.714630, 71.166817,14.052139, 221.321762, 1.002025
5, 366,8,209.403610, 208.875336, 128.714630, 71.166817,14.052139, 221.321762, 1.002529
5, 366,9,46.810997, 47.610054, 128.714630, 71.166817,14.052139, 221.321762, 0.983217
5, 366,10,81.204941, 80.875710, 128.714630, 71.166817,14.052139, 221.321762, 1.004071
5, 366,11,221.321762, 222.489944, 128.714630, 71.166817,14.052139, 221.321762, 0.994749
5, 366,12,156.628311, 156.167694, 128.714630, 71.166817,14.052139, 221.321762, 1.002949
5, 366,13,205.532257, 205.582748, 128.714630, 71.166817,14.052139, 221.321762, 0.999754
5, 366,14,189.258438, 189.812256, 128.714630, 71.166817,14.052139, 221.321762, 0.997082
5, 366,15,38.872868, 39.064987, 128.714630, 71.166817,14.052139, 221.321762, 0.995082
5, 366,16,165.413361, 166.359055, 128.714630, 71.166817,14.052139, 221.321762, 0.994315
5, 366,17,199.715073, 198.527191, 128.714630, 71.166817,14.052139, 221.321762, 1.005983
5, 366,18,220.078491, 221.131104, 128.714630, 71.166817,14.052139, 221.321762, 0.995240
5, 366,19,99.922531, 100.696609, 128.714630, 71.166817,14.052139, 221.321762, 0.992313
5, 366,20,25.632057, 26.894146, 128.714630, 71.166817,14.052139, 221.321762, 0.953072
5, 366,21,14.052139, 14.442389, 128.714630, 71.166817,14.052139, 221.321762, 0.972979
5, 366,22,125.681580, 126.063965, 128.714630, 71.166817,14.052139, 221.321762, 0.996967
5, 366,23,59.037090, 58.755222, 128.714630, 71.166817,14.052139, 221.321762, 1.004797
5, 366,24,21.414967, 20.720531, 128.714630, 71.166817,14.052139, 221.321762, 1.033514
5, 366,25,130.013046, 130.042511, 128.714630, 71.166817,14.052139, 221.321762, 0.999773
5, 366,26,171.139252, 170.866760, 128.714630, 71.166817,14.052139, 221.321762, 1.001595
5, 366,27,127.287796, 126.397141, 128.714630, 71.166817,14.052139, 221.321762, 1.007046
5, 366,28,218.207947, 218.824966, 128.714630, 71.166817,14.052139, 221.321762, 0.997180
5, 366,29,19.970772, 20.504944, 128.714630, 71.166817,14.052139, 221.321762, 0.973949
5, 366,30,187.146896, 189.485611, 128.714630, 71.166817,14.052139, 221.321762, 0.987658
5, 366,31,137.962112, 136.281464, 128.714630, 71.166817,14.052139, 221.321762, 1.012332
5, 367,0,15.882961, 16.868811, 128.872665, 87.517136,11.145656, 262.691132, 0.941558
5, 367,1,261.736938, 261.257568, 128.872665, 87.517136,11.145656, 262.691132, 1.001835
5, 367,2,195.427200, 195.155884, 128.872665, 87.517136,11.145656, 262.691132, 1.001390
5, 367,3,204.931992, 204.541458, 128.872665, 87.517136,11.145656, 262.691132, 1.001909
5, 367,4,252.971069, 254.365509, 128.872665, 87.517136,11.145656, 262.691132, 0.994518
5, 367,5,195.680130, 195.465637, 128.872665, 87.517136,11.145656, 262.691132, 1.001097
5, 367,6,16.525930, 15.079977, 128.872665, 87.517136,11.145656, 262.691132, 1.095886
5, 367,7,232.915802, 234.239182, 128.872665, 87.517136,11.145656, 262.691132, 0.994350
5, 367,8,28.496883, 28.151627, 128.872665, 87.517136,11.145656, 262.691132, 1.012264
5, 367,9,203.077362, 201.552322, 128.872665, 87.517136,11.145656, 262.691132, 1.007566
5, 367,10,190.850174, 191.144562, 128.872665, 87.517136,11.145656, 262.691132, 0.998460
5, 367,11,25.327190, 25.503223, 128.872665, 87.517136,11.145656, 262.691132, 0.993098
5, 367,12,34.255287, 33.494896, 128.872665, 87.517136,11.145656, 262.691132, 1.022702
5, 367,13,20.501343, 20.616844, 128.872665, 87.517136,11.145656, 262.691132, 0.994398
5, 367,14,206.276611, 206.214127, 128.872665, 87.517136,11.145656, 262.691132, 1.000303
5, 367,15,64.304298, 63.339764, 128.872665, 87.517136,11.145656, 262.691132, 1.015228
5, 367,16,113.581932, 111.475647, 128.872665, 87.517136,11.145656, 262.691132, 1.018895
5, 367,17,174.094803, 174.177734, 128.872665, 87.517136,11.145656, 262.691132, 0.999524
5, 367,18,11.145656, 10.898289, 128.872665, 87.517136,11.145656, 262.691132, 1.022698
5, 367,19,138.743179, 137.193039, 128.872665, 87.517136,11.145656, 262.691132, 1.011299
5, 367,20,66.068222, 66.723831, 128.872665, 87.517136,11.145656, 262.691132, 0.990174
5, 367,21,49.490299, 50.066772, 128.872665, 87.517136,11.145656, 262.691132, 0.988486
5, 367,22,89.187538, 88.298248, 128.872665, 87.517136,11.145656, 262.691132, 1.010071
5, 367,23,193.727707, 193.529663, 128.872665, 87.517136,11.145656, 262.691132, 1.001023
5, 367,24,60.044636, 59.498806, 128.872665, 87.517136,11.145656, 262.691132, 1.009174
5, 367,25,56.333244, 56.765217, 128.872665, 87.517136,11.145656, 262.691132, 0.992390
5, 367,26,223.859589, 224.675507, 128.872665, 87.517136,11.145656, 262.691132, 0.996368
5, 367,27,248.268600, 249.231323, 128.872665, 87.517136,11.145656, 262.691132, 0.996137
5, 367,28,262.691132, 262.744354, 128.872665, 87.517136,11.145656, 262.691132, 0.999797
5, 367,29,145.614502, 146.354019, 128.872665, 87.517136,11.145656, 262.691132, 0.994947
5, 367,30,38.909298, 39.016273, 128.872665, 87.517136,11.145656, 262.691132, 0.997258
5, 367,31,103.003899, 103.360077, 128.872665, 87.517136,11.145656, 262.691132, 0.996554
5, 368,0,115.915611, 116.170540, 128.653641, 78.590050,32.443291, 277.228729, 0.997806
5, 368,1,78.352684, 79.122177, 128.653641, 78.590050,32.443291, 277.228729, 0.990275
5, 368,2,145.990097, 146.406845, 128.653641, 78.590050,32.443291, 277.228729, 0.997154
5, 368,3,232.730469, 233.333084, 128.653641, 78.590050,32.443291, 277.228729, 0.997417
5, 368,4,126.106071, 126.318275, 128.653641, 78.590050,32.443291, 277.228729, 0.998320
5, 368,5,43.398983, 44.689384, 128.653641, 78.590050,32.443291, 277.228729, 0.971125
5, 368,6,101.518387, 101.089638, 128.653641, 78.590050,32.443291, 277.228729, 1.004241
5, 368,7,211.459671, 211.688431, 128.653641, 78.590050,32.443291, 277.228729, 0.998919
5, 368,8,33.340401, 33.117981, 128.653641, 78.590050,32.443291, 277.228729, 1.006716
5, 368,9,250.264999, 250.425339, 128.653641, 78.590050,32.443291, 277.228729, 0.999360
5, 368,10,264.546570, 265.382080, 128.653641, 78.590050,32.443291, 277.228729, 0.996852
5, 368,11,33.915859, 34.111233, 128.653641, 78.590050,32.443291, 277.228729, 0.994272
5, 368,12,47.828899, 48.496857, 128.653641, 78.590050,32.443291, 277.228729, 0.986227
5, 368,13,200.222809, 199.487976, 128.653641, 78.590050,32.443291, 277.228729, 1.003684
5, 368,14,222.276917, 221.289886, 128.653641, 78.590050,32.443291, 277.228729, 1.004460
5, 368,15,35.564827, 35.087933, 128.653641, 78.590050,32.443291, 277.228729, 1.013591
5, 368,16,165.512375, 164.484055, 128.653641, 78.590050,32.443291, 277.228729, 1.006252
5, 368,17,48.298702, 48.314758, 128.653641, 78.590050,32.443291, 277.228729, 0.999668
5, 368,18,51.612621, 51.079315, 128.653641, 78.590050,32.443291, 277.228729, 1.010441
5, 368,19,76.890823, 76.067917, 128.653641, 78.590050,32.443291, 277.228729, 1.010818
5, 368,20,65.572617, 65.340782, 128.653641, 78.590050,32.443291, 277.228729, 1.003548
5, 368,21,90.959251, 90.569427, 128.653641, 78.590050,32.443291, 277.228729, 1.004304
5, 368,22,155.863037, 156.355911, 128.653641, 78.590050,32.443291, 277.228729, 0.996848
5, 368,23,121.459625, 121.939690, 128.653641, 78.590050,32.443291, 277.228729, 0.996063
5, 368,24,277.228729, 279.759399, 128.653641, 78.590050,32.443291, 277.228729, 0.990954
5, 368,25,46.644543, 46.667614, 128.653641, 78.590050,32.443291, 277.228729, 0.999506
5, 368,26,32.443291, 33.159363, 128.653641, 78.590050,32.443291, 277.228729, 0.978405
5, 368,27,152.933395, 152.771942, 128.653641, 78.590050,32.443291, 277.228729, 1.001057
5, 368,28,175.360977, 174.226212, 128.653641, 78.590050,32.443291, 277.228729, 1.006513
5, 368,29,235.754471, 235.443756, 128.653641, 78.590050,32.443291, 277.228729, 1.001320
5, 368,30,78.224297, 79.660187, 128.653641, 78.590050,32.443291, 277.228729, 0.981975
5, 368,31,198.724518, 198.941681, 128.653641, 78.590050,32.443291, 277.228729, 0.998908
5, 369,0,163.710434, 162.567078, 128.855530, 69.856445,13.494667, 242.592209, 1.007033
5, 369,1,52.260422, 52.691673, 128.855530, 69.856445,13.494667, 242.592209, 0.991816
5, 369,2,63.741989, 62.893726, 128.855530, 69.856445,13.494667, 242.592209, 1.013487
5, 369,3,58.690308, 59.454990, 128.855530, 69.856445,13.494667, 242.592209, 0.987138
5, 369,4,93.241974, 93.164574, 128.855530, 69.856445,13.494667, 242.592209, 1.000831
5, 369,5,192.413620, 191.546631, 128.855530, 69.856445,13.494667, 242.592209, 1.004526
5, 369,6,242.092667, 242.007553, 128.855530, 69.856445,13.494667, 242.592209, 1.000352
5, 369,7,78.945587, 78.767555, 128.855530, 69.856445,13.494667, 242.592209, 1.002260
5, 369,8,217.889542, 217.693863, 128.855530, 69.856445,13.494667, 242.592209, 1.000899
5, 369,9,26.431482, 25.360155, 128.855530, 69.856445,13.494667, 242.592209, 1.042245
5, 369,10,191.858627, 191.917603, 128.855530, 69.856445,13.494667, 242.592209, 0.999693
5, 369,11,17.523090, 18.018959, 128.855530, 69.856445,13.494667, 242.592209, 0.972481
5, 369,12,57.464214, 58.177952, 128.855530, 69.856445,13.494667, 242.592209, 0.987732
5, 369,13,13.494667, 11.926262, 128.855530, 69.856445,13.494667, 242.592209, 1.131508
5, 369,14,182.506805, 181.715561, 128.855530, 69.856445,13.494667, 242.592209, 1.004354
5, 369,15,104.306435, 103.766159, 128.855530, 69.856445,13.494667, 242.592209, 1.005207
5, 369,16,157.744156, 158.272232, 128.855530, 69.856445,13.494667, 242.592209, 0.996664
5, 369,17,111.144646, 110.322578, 128.855530, 69.856445,13.494667, 242.592209, 1.007452
5, 369,18,121.664162, 122.907494, 128.855530, 69.856445,13.494667, 242.592209, 0.989884
5, 369,19,182.405319, 183.392120, 128.855530, 69.856445,13.494667, 242.592209, 0.994619
5, 369,20,242.592209, 243.141922, 128.855530, 69.856445,13.494667, 242.592209, 0.997739
5, 369,21,188.766891, 187.159042, 128.855530, 69.856445,13.494667, 242.592209, 1.008591
5, 369,22,133.159744, 133.102417, 128.855530, 69.856445,13.494667, 242.592209, 1.000431
5, 369,23,165.810608, 167.168716, 128.855530, 69.856445,13.494667, 242.592209, 0.991876
5, 369,24,143.113632, 143.254517, 128.855530, 69.856445,13.494667, 242.592209, 0.999017
5, 369,25,78.592056, 80.008926, 128.855530, 69.856445,13.494667, 242.592209, 0.982291
5, 369,26,24.923555, 24.418427, 128.855530, 69.856445,13.494667, 242.592209, 1.020686
5, 369,27,189.269867, 189.648895, 128.855530, 69.856445,13.494667, 242.592209, 0.998001
5, 369,28,157.293961, 157.801376, 128.855530, 69.856445,13.494667, 242.592209, 0.996784
5, 369,29,172.809052, 172.590775, 128.855530, 69.856445,13.494667, 242.592209, 1.001265
5, 369,30,62.005314, 61.709435, 128.855530, 69.856445,13.494667, 242.592209, 1.004795
5, 369,31,235.510040, 234.430923, 128.855530, 69.856445,13.494667, 242.592209, 1.004603
5, 370,0,256.124908, 254.698120, 128.908493, 75.256660,16.363150, 256.124908, 1.005602
5, 370,1,205.615845, 206.572250, 128.908493, 75.256660,16.363150, 256.124908, 0.995370
5, 370,2,85.943550, 85.628731, 128.908493, 75.256660,16.363150, 256.124908, 1.003677
5, 370,3,20.121933, 20.159452, 128.908493, 75.256660,16.363150, 256.124908, 0.998139
5, 370,4,192.456039, 191.431702, 128.908493, 75.256660,16.363150, 256.124908, 1.005351
5, 370,5,48.377613, 46.930759, 128.908493, 75.256660,16.363150, 256.124908, 1.030830
5, 370,6,241.551224, 241.398773, 128.908493, 75.256660,16.363150, 256.124908, 1.000632
5, 370,7,58.191772, 57.723122, 128.908493, 75.256660,16.363150, 256.124908, 1.008119
5, 370,8,227.509232, 226.948685, 128.908493, 75.256660,16.363150, 256.124908, 1.002470
5, 370,9,164.047714, 163.328812, 128.908493, 75.256660,16.363150, 256.124908, 1.004402
5, 370,10,181.570831, 183.384689, 128.908493, 75.256660,16.363150, 256.124908, 0.990109
5, 370,11,249.402817, 248.845749, 128.908493, 75.256660,16.363150, 256.124908, 1.002239
5, 370,12,162.420654, 162.597275, 128.908493, 75.256660,16.363150, 256.124908, 0.998914
5, 370,13,111.644463, 111.331482, 128.908493, 75.256660,16.363150, 256.124908, 1.002811
5, 370,14,191.943314, 191.308411, 128.908493, 75.256660,16.363150, 256.124908, 1.003319
5, 370,15,88.121811, 86.935661, 128.908493, 75.256660,16.363150, 256.124908, 1.013644
5, 370,16,116.712975, 116.353668, 128.908493, 75.256660,16.363150, 256.124908, 1.003088
5, 370,17,105.605995, 106.301079, 128.908493, 75.256660,16.363150, 256.124908, 0.993461
5, 370,18,200.585464, 200.514374, 128.908493, 75.256660,16.363150, 256.124908, 1.000355
5, 370,19,41.547596, 41.752396, 128.908493, 75.256660,16.363150, 256.124908, 0.995095
5, 370,20,141.073334, 140.979660, 128.908493, 75.256660,16.363150, 256.124908, 1.000664
5, 370,21,48.791412, 47.974648, 128.908493, 75.256660,16.363150, 256.124908, 1.017025
5, 370,22,202.941498, 203.103561, 128.908493, 75.256660,16.363150, 256.124908, 0.999202
5, 370,23,119.675140, 120.299095, 128.908493, 75.256660,16.363150, 256.124908, 0.994813
5, 370,24,129.072174, 130.910645, 128.908493, 75.256660,16.363150, 256.124908, 0.985956
5, 370,25,103.915215, 102.733772, 128.908493, 75.256660,16.363150, 256.124908, 1.011500
5, 370,26,16.363150, 16.238693, 128.908493, 75.256660,16.363150, 256.124908, 1.007664
5, 370,27,57.211380, 56.884720, 128.908493, 75.256660,16.363150, 256.124908, 1.005743
5, 370,28,227.771301, 228.395325, 128.908493, 75.256660,16.363150, 256.124908, 0.997268
5, 370,29,56.202087, 57.501190, 128.908493, 75.256660,16.363150, 256.124908, 0.977407
5, 370,30,41.573563, 42.056522, 128.908493, 75.256660,16.363150, 256.124908, 0.988516
5, 370,31,30.985777, 29.776409, 128.908493, 75.256660,16.363150, 256.124908, 1.040615
5, 371,0,158.389099, 158.534973, 128.790741, 51.748360,23.790508, 225.168549, 0.999080
5, 371,1,151.642349, 151.980652, 128.790741, 51.748360,23.790508, 225.168549, 0.997774
5, 371,2,166.728668, 167.631729, 128.790741, 51.748360,23.790508, 225.168549, 0.994613
5, 371,3,109.198387, 108.506165, 128.790741, 51.748360,23.790508, 225.168549, 1.006380
5, 371,4,58.895130, 58.962616, 128.790741, 51.748360,23.790508, 225.168549, 0.998855
5, 371,5,221.669785, 222.970978, 128.790741, 51.748360,23.790508, 225.168549, 0.994164
5, 371,6,225.168549, 225.363068, 128.790741, 51.748360,23.790508, 225.168549, 0.999137
5, 371,7,136.405106, 136.705475, 128.790741, 51.748360,23.790508, 225.168549, 0.997803
5, 371,8,139.196152, 137.019852, 128.790741, 51.748360,23.790508, 225.168549, 1.015883
5, 371,9,112.715828, 111.902931, 128.790741, 51.748360,23.790508, 225.168549, 1.007264
5, 371,10,148.044250, 147.674896, 128.790741, 51.748360,23.790508, 225.168549, 1.002501
5, 371,11,159.812195, 159.402954, 128.790741, 51.748360,23.790508, 225.168549, 1.002567
5, 371,12,103.077545, 102.061203, 128.790741, 51.748360,23.790508, 225.168549, 1.009958
5, 371,13,119.779922, 119.584953, 128.790741, 51.748360,23.790508, 225.168549, 1.001630
5, 371,14,185.663666, 185.722763, 128.790741, 51.748360,23.790508, 225.168549, 0.999682
5, 371,15,107.137444, 105.635658, 128.790741, 51.748360,23.790508, 225.168549, 1.014217
5, 371,16,23.790508, 23.170151, 128.790741, 51.748360,23.790508, 225.168549, 1.026774
5, 371,17,133.971329, 134.217682, 128.790741, 51.748360,23.790508, 225.168549, 0.998165
5, 371,18,53.503124, 52.565487, 128.790741, 51.748360,23.790508, 225.168549, 1.017838
5, 371,19,127.183746, 127.745384, 128.790741, 51.748360,23.790508, 225.168549, 0.995603
5, 371,20,111.389893, 113.112640, 128.790741, 51.748360,23.790508, 225.168549, 0.984770
5, 371,21,83.584763, 83.607956, 128.790741, 51.748360,23.790508, 225.168549, 0.999723
5, 371,22,170.160919, 170.023834, 128.790741, 51.748360,23.790508, 225.168549, 1.000806
5, 371,23,24.105917, 24.126984, 128.790741, 51.748360,23.790508, 225.168549, 0.999127
5, 371,24,136.931808, 136.555084, 128.790741, 51.748360,23.790508, 225.168549, 1.002759
5, 371,25,169.913483, 170.850815, 128.790741, 51.748360,23.790508, 225.168549, 0.994514
5, 371,26,204.035385, 205.816299, 128.790741, 51.748360,23.790508, 225.168549, 0.991347
5, 371,27,72.616486, 72.624847, 128.790741, 51.748360,23.790508, 225.168549, 0.999885
5, 371,28,185.453644, 185.189667, 128.790741, 51.748360,23.790508, 225.168549, 1.001425
5, 371,29,144.448593, 144.633530, 128.790741, 51.748360,23.790508, 225.168549, 0.998721
5, 371,30,58.785610, 58.853264, 128.790741, 51.748360,23.790508, 225.168549, 0.998850
5, 371,31,117.903893, 118.245384, 128.790741, 51.748360,23.790508, 225.168549, 0.997112
5, 372,0,229.275146, 230.841171, 128.685059, 66.775230,20.292112, 266.173798, 0.993216
5, 372,1,120.430405, 120.502052, 128.685059, 66.775230,20.292112, 266.173798, 0.999405
5, 372,2,60.587063, 60.488918, 128.685059, 66.775230,20.292112, 266.173798, 1.001623
5, 372,3,166.570313, 166.754364, 128.685059, 66.775230,20.292112, 266.173798, 0.998896
5, 372,4,206.155182, 205.747421, 128.685059, 66.775230,20.292112, 266.173798, 1.001982
5, 372,5,75.842896, 74.290474, 128.685059, 66.775230,20.292112, 266.173798, 1.020897
5, 372,6,139.762802, 138.621674, 128.685059, 66.775230,20.292112, 266.173798, 1.008232
5, 372,7,53.698803, 53.857002, 128.685059, 66.775230,20.292112, 266.173798, 0.997063
5, 372,8,92.245773, 92.874504, 128.685059, 66.775230,20.292112, 266.173798, 0.993230
5, 372,9,160.335526, 160.057281, 128.685059, 66.775230,20.292112, 266.173798, 1.001738
5, 372,10,123.896576, 123.158081, 128.685059, 66.775230,20.292112, 266.173798, 1.005996
5, 372,11,123.347725, 124.070580, 128.685059, 66.775230,20.292112, 266.173798, 0.994174
5, 372,12,232.937897, 232.552109, 128.685059, 66.775230,20.292112, 266.173798, 1.001659
5, 372,13,94.967400, 94.243256, 128.685059, 66.775230,20.292112, 266.173798, 1.007684
5, 372,14,119.306274, 120.770912, 128.685059, 66.775230,20.292112, 266.173798, 0.987873
5, 372,15,20.292112, 19.996758, 128.685059, 66.775230,20.292112, 266.173798, 1.014770
5, 372,16,73.501068, 73.940140, 128.685059, 66.775230,20.292112, 266.173798, 0.994062
5, 372,17,124.151978, 124.771240, 128.685059, 66.775230,20.292112, 266.173798, 0.995037
5, 372,18,266.173798, 264.375519, 128.685059, 66.775230,20.292112, 266.173798, 1.006802
5, 372,19,49.931927, 50.076649, 128.685059, 66.775230,20.292112, 266.173798, 0.997110
5, 372,20,174.094147, 174.233612, 128.685059, 66.775230,20.292112, 266.173798, 0.999200
5, 372,21,139.580597, 139.265335, 128.685059, 66.775230,20.292112, 266.173798, 1.002264
5, 372,22,82.891403, 84.564240, 128.685059, 66.775230,20.292112, 266.173798, 0.980218
5, 372,23,169.855270, 170.966537, 128.685059, 66.775230,20.292112, 266.173798, 0.993500
5, 372,24,78.720352, 79.072952, 128.685059, 66.775230,20.292112, 266.173798, 0.995541
5, 372,25,184.625702, 183.790405, 128.685059, 66.775230,20.292112, 266.173798, 1.004545
5, 372,26,57.015507, 57.018162, 128.685059, 66.775230,20.292112, 266.173798, 0.999953
5, 372,27,184.386795, 184.262955, 128.685059, 66.775230,20.292112, 266.173798, 1.000672
5, 372,28,35.036938, 34.971527, 128.685059, 66.775230,20.292112, 266.173798, 1.001870
5, 372,29,163.050842, 164.473129, 128.685059, 66.775230,20.292112, 266.173798, 0.991352
5, 372,30,261.476654, 261.654297, 128.685059, 66.775230,20.292112, 266.173798, 0.999321
5, 372,31,53.776638, 54.736912, 128.685059, 66.775230,20.292112, 266.173798, 0.982457
5, 373,0,187.881958, 188.077591, 128.548126, 75.239601,22.618980, 258.610199, 0.998960
5, 373,1,100.778030, 101.797348, 128.548126, 75.239601,22.618980, 258.610199, 0.989987
5, 373,2,32.095364, 31.446915, 128.548126, 75.239601,22.618980, 258.610199, 1.020620
5, 373,3,178.595078, 178.877396, 128.548126, 75.239601,22.618980, 258.610199, 0.998422
5, 373,4,223.370056, 225.067825, 128.548126, 75.239601,22.618980, 258.610199, 0.992457
5, 373,5,85.282036, 87.148262, 128.548126, 75.239601,22.618980, 258.610199, 0.978586
5, 373,6,198.410675, 198.164459, 128.548126, 75.239601,22.618980, 258.610199, 1.001243
5, 373,7,61.771786, 61.722687, 128.548126, 75.239601,22.618980, 258.610199, 1.000795
5, 373,8,153.858627, 153.648849, 128.548126, 75.239601,22.618980, 258.610199, 1.001365
5, 373,9,137.658615, 136.832367, 128.548126, 75.239601,22.618980, 258.610199, 1.006038
5, 373,10,123.538307, 124.229446, 128.548126, 75.239601,22.618980, 258.610199, 0.994437
5, 373,11,72.373634, 72.218788, 128.548126, 75.239601,22.618980, 258.610199, 1.002144
5, 373,12,217.734573, 217.224182, 128.548126, 75.239601,22.618980, 258.610199, 1.002350
5, 373,13,35.937923, 35.872711, 128.548126, 75.239601,22.618980, 258.610199, 1.001818
5, 373,14,25.002924, 26.437582, 128.548126, 75.239601,22.618980, 258.610199, 0.945734
5, 373,15,223.977234, 223.627930, 128.548126, 75.239601,22.618980, 258.610199, 1.001562
5, 373,16,246.965164, 247.598465, 128.548126, 75.239601,22.618980, 258.610199, 0.997442
5, 373,17,53.969620, 53.196964, 128.548126, 75.239601,22.618980, 258.610199, 1.014524
5, 373,18,176.493134, 177.270782, 128.548126, 75.239601,22.618980, 258.610199, 0.995613
5, 373,19,61.566849, 61.404388, 128.548126, 75.239601,22.618980, 258.610199, 1.002646
5, 373,20,146.069061, 147.169312, 128.548126, 75.239601,22.618980, 258.610199, 0.992524
5, 373,21,22.618980, 22.943932, 128.548126, 75.239601,22.618980, 258.610199, 0.985837
5, 373,22,92.180595, 91.331551, 128.548126, 75.239601,22.618980, 258.610199, 1.009296
5, 373,23,140.666489, 141.690125, 128.548126, 75.239601,22.618980, 258.610199, 0.992776
5, 373,24,78.125519, 78.554344, 128.548126, 75.239601,22.618980, 258.610199, 0.994541
5, 373,25,47.240658, 48.119427, 128.548126, 75.239601,22.618980, 258.610199, 0.981738
5, 373,26,46.356327, 46.111149, 128.548126, 75.239601,22.618980, 258.610199, 1.005317
5, 373,27,231.561554, 231.585266, 128.548126, 75.239601,22.618980, 258.610199, 0.999898
5, 373,28,58.654556, 59.183914, 128.548126, 75.239601,22.618980, 258.610199, 0.991056
5, 373,29,258.610199, 257.973328, 128.548126, 75.239601,22.618980, 258.610199, 1.002469
5, 373,30,227.411514, 226.742661, 128.548126, 75.239601,22.618980, 258.610199, 1.002950
5, 373,31,166.782944, 167.729538, 128.548126, 75.239601,22.618980, 258.610199, 0.994356
5, 374,0,21.712206, 22.056965, 129.090683, 61.730904,15.298669, 215.619186, 0.984370
5, 374,1,135.305557, 135.961304, 129.090683, 61.730904,15.298669, 215.619186, 0.995177
5, 374,2,95.976051, 96.880104, 129.090683, 61.730904,15.298669, 215.619186, 0.990668
5, 374,3,214.913223, 215.489761, 129.090683, 61.730904,15.298669, 215.619186, 0.997325
5, 374,4,47.707195, 47.220192, 129.090683, 61.730904,15.298669, 215.619186, 1.010314
5, 374,5,171.324921, 171.247894, 129.090683, 61.730904,15.298669, 215.619186, 1.000450
5, 374,6,72.369598, 71.380325, 129.090683, 61.730904,15.298669, 215.619186, 1.013859
5, 374,7,110.529625, 110.481316, 129.090683, 61.730904,15.298669, 215.619186, 1.000437
5, 374,8,80.216431, 79.365494, 129.090683, 61.730904,15.298669, 215.619186, 1.010722
5, 374,9,162.601227, 161.949448, 129.090683, 61.730904,15.298669, 215.619186, 1.004025
5, 374,10,175.715256, 176.144592, 129.090683, 61.730904,15.298669, 215.619186, 0.997563
5, 374,11,65.456581, 64.371826, 129.090683, 61.730904,15.298669, 215.619186, 1.016851
5, 374,12,78.450333, 79.213715, 129.090683, 61.730904,15.298669, 215.619186, 0.990363
5, 374,13,94.349693, 93.415459, 129.090683, 61.730904,15.298669, 215.619186, 1.010001
5, 374,14,95.870407, 95.830811, 129.090683, 61.730904,15.298669, 215.619186, 1.000413
5, 374,15,46.506172, 46.797832, 129.090683, 61.730904,15.298669, 215.619186, 0.993768
5, 374,16,147.396729, 147.675110, 129.090683, 61.730904,15.298669, 215.619186, 0.998115
5, 374,17,174.217697, 174.078995, 129.090683, 61.730904,15.298669, 215.619186, 1.000797
5, 374,18,159.515961, 158.484802, 129.090683, 61.730904,15.298669, 215.619186, 1.006506
5, 374,19,215.619186, 214.077515, 129.090683, 61.730904,15.298669, 215.619186, 1.007201
5, 374,20,179.057526, 178.685333, 129.090683, 61.730904,15.298669, 215.619186, 1.002083
5, 374,21,176.151779, 173.986618, 129.090683, 61.730904,15.298669, 215.619186, 1.012444
5, 374,22,210.711075, 211.470764, 129.090683, 61.730904,15.298669, 215.619186, 0.996408
5, 374,23,200.342575, 199.803162, 129.090683, 61.730904,15.298669, 215.619186, 1.002700
5, 374,24,176.482224, 176.454758, 129.090683, 61.730904,15.298669, 215.619186, 1.000156
5, 374,25,15.298669, 13.900201, 129.090683, 61.730904,15.298669, 215.619186, 1.100608
5, 374,26,152.431213, 151.766693, 129.090683, 61.730904,15.298669, 215.619186, 1.004379
5, 374,27,146.709290, 145.893295, 129.090683, 61.730904,15.298669, 215.619186, 1.005593
5, 374,28,107.346214, 108.488319, 129.090683, 61.730904,15.298669, 215.619186, 0.989473
5, 374,29,17.971037, 16.955688, 129.090683, 61.730904,15.298669, 215.619186, 1.059883
5, 374,30,170.687439, 171.148911, 129.090683, 61.730904,15.298669, 215.619186, 0.997304
5, 374,31,211.958984, 210.322495, 129.090683, 61.730904,15.298669, 215.619186, 1.007781
5, 375,0,234.430023, 234.707870, 128.634750, 71.650841,20.761261, 236.518753, 0.998816
5, 375,1,222.041428, 221.442871, 128.634750, 71.650841,20.761261, 236.518753, 1.002703
5, 375,2,193.737839, 194.313477, 128.634750, 71.650841,20.761261, 236.518753, 0.997038
5, 375,3,162.797852, 162.677780, 128.634750, 71.650841,20.761261, 236.518753, 1.000738
5, 375,4,34.508614, 36.008118, 128.634750, 71.650841,20.761261, 236.518753, 0.958356
5, 375,5,107.136894, 105.273758, 128.634750, 71.650841,20.761261, 236.518753, 1.017698
5, 375,6,175.152008, 174.250275, 128.634750, 71.650841,20.761261, 236.518753, 1.005175
5, 375,7,62.183102, 63.497169, 128.634750, 71.650841,20.761261, 236.518753, 0.979305
5, 375,8,216.313644, 216.365372, 128.634750, 71.650841,20.761261, 236.518753, 0.999761
5, 375,9,84.481049, 84.110435, 128.634750, 71.650841,20.761261, 236.518753, 1.004406
5, 375,10,20.761261, 21.600693, 128.634750, 71.650841,20.761261, 236.518753, 0.961139
5, 375,11,143.097504, 143.023621, 128.634750, 71.650841,20.761261, 236.518753, 1.000517
5, 375,12,32.648193, 33.857227, 128.634750, 71.650841,20.761261, 236.518753, 0.964290
5, 375,13,233.042892, 234.609146, 128.634750, 71.650841,20.761261, 236.518753, 0.993324
5, 375,14,61.848690, 61.240501, 128.634750, 71.650841,20.761261, 236.518753, 1.009931
5, 375,15,188.971680, 188.636551, 128.634750, 71.650841,20.761261, 236.518753, 1.001777
5, 375,16,34.927113, 35.740135, 128.634750, 71.650841,20.761261, 236.518753, 0.977252
5, 375,17,226.108246, 226.626160, 128.634750, 71.650841,20.761261, 236.518753, 0.997715
5, 375,18,236.518753, 237.020950, 128.634750, 71.650841,20.761261, 236.518753, 0.997881
5, 375,19,160.887482, 157.642609, 128.634750, 71.650841,20.761261, 236.518753, 1.020584
5, 375,20,174.332169, 174.666351, 128.634750, 71.650841,20.761261, 236.518753, 0.998087
5, 375,21,150.257782, 150.921951, 128.634750, 71.650841,20.761261, 236.518753, 0.995599
5, 375,22,83.694313, 84.082222, 128.634750, 71.650841,20.761261, 236.518753, 0.995387
5, 375,23,58.239567, 58.250416, 128.634750, 71.650841,20.761261, 236.518753, 0.999814
5, 375,24,79.568825, 78.997673, 128.634750, 71.650841,20.761261, 236.518753, 1.007230
5, 375,25,200.788559, 199.052490, 128.634750, 71.650841,20.761261, 236.518753, 1.008722
5, 375,26,65.342712, 64.569092, 128.634750, 71.650841,20.761261, 236.518753, 1.011981
5, 375,27,127.441048, 130.738876, 128.634750, 71.650841,20.761261, 236.518753, 0.974775
5, 375,28,40.923946, 40.408623, 128.634750, 71.650841,20.761261, 236.518753, 1.012753
5, 375,29,40.437759, 40.457985, 128.634750, 71.650841,20.761261, 236.518753, 0.999500
5, 375,30,114.233208, 114.617790, 128.634750, 71.650841,20.761261, 236.518753, 0.996645
5, 375,31,149.458176, 151.591919, 128.634750, 71.650841,20.761261, 236.518753, 0.985924
5, 376,0,9.806021, 10.631872, 128.699982, 87.291275,9.806021, 263.452087, 0.922323
5, 376,1,12.561316, 12.916331, 128.699982, 87.291275,9.806021, 263.452087, 0.972514
5, 376,2,167.571518, 167.279343, 128.699982, 87.291275,9.806021, 263.452087, 1.001747
5, 376,3,38.023479, 38.021080, 128.699982, 87.291275,9.806021, 263.452087, 1.000063
5, 376,4,23.935003, 24.541151, 128.699982, 87.291275,9.806021, 263.452087, 0.975301
5, 376,5,131.133453, 131.643402, 128.699982, 87.291275,9.806021, 263.452087, 0.996126
5, 376,6,233.396545, 234.411667, 128.699982, 87.291275,9.806021, 263.452087, 0.995669
5, 376,7,100.297020, 99.758186, 128.699982, 87.291275,9.806021, 263.452087, 1.005401
5, 376,8,25.543510, 25.197325, 128.699982, 87.291275,9.806021, 263.452087, 1.013739
5, 376,9,97.342537, 97.336014, 128.699982, 87.291275,9.806021, 263.452087, 1.000067
5, 376,10,185.867859, 186.097794, 128.699982, 87.291275,9.806021, 263.452087, 0.998764
5, 376,11,117.475304, 116.243561, 128.699982, 87.291275,9.806021, 263.452087, 1.010596
5, 376,12,249.298721, 249.673782, 128.699982, 87.291275,9.806021, 263.452087, 0.998498
5, 376,13,263.452087, 263.753174, 128.699982, 87.291275,9.806021, 263.452087, 0.998858
5, 376,14,145.882263, 145.820007, 128.699982, 87.291275,9.806021, 263.452087, 1.000427
5, 376,15,10.555696, 11.612083, 128.699982, 87.291275,9.806021, 263.452087, 0.909027
5, 376,16,174.044495, 174.456772, 128.699982, 87.291275,9.806021, 263.452087, 0.997637
5, 376,17,74.705284, 74.888367, 128.699982, 87.291275,9.806021, 263.452087, 0.997555
5, 376,18,65.515320, 65.134857, 128.699982, 87.291275,9.806021, 263.452087, 1.005841
5, 376,19,171.724091, 169.887848, 128.699982, 87.291275,9.806021, 263.452087, 1.010809
5, 376,20,188.430313, 187.977188, 128.699982, 87.291275,9.806021, 263.452087, 1.002411
5, 376,21,248.048279, 247.575668, 128.699982, 87.291275,9.806021, 263.452087, 1.001909
5, 376,22,241.844421, 243.387482, 128.699982, 87.291275,9.806021, 263.452087, 0.993660
5, 376,23,173.154968, 174.213745, 128.699982, 87.291275,9.806021, 263.452087, 0.993923
5, 376,24,232.724152, 229.713150, 128.699982, 87.291275,9.806021, 263.452087, 1.013108
5, 376,25,250.782867, 251.148163, 128.699982, 87.291275,9.806021, 263.452087, 0.998546
5, 376,26,28.003056, 29.353098, 128.699982, 87.291275,9.806021, 263.452087, 0.954007
5, 376,27,80.083801, 80.907349, 128.699982, 87.291275,9.806021, 263.452087, 0.989821
5, 376,28,115.001022, 115.806114, 128.699982, 87.291275,9.806021, 263.452087, 0.993048
5, 376,29,19.112123, 18.262938, 128.699982, 87.291275,9.806021, 263.452087, 1.046498
5, 376,30,21.045492, 21.778736, 128.699982, 87.291275,9.806021, 263.452087, 0.966332
5, 376,31,222.036926, 221.571716, 128.699982, 87.291275,9.806021, 263.452087, 1.002100
5, 377,0,30.160582, 30.021862, 128.852325, 65.746178,11.510807, 236.190857, 1.004621
5, 377,1,78.059464, 77.709282, 128.852325, 65.746178,11.510807, 236.190857, 1.004506
5, 377,2,185.654877, 184.469238, 128.852325, 65.746178,11.510807, 236.190857, 1.006427
5, 377,3,150.335739, 149.852310, 128.852325, 65.746178,11.510807, 236.190857, 1.003226
5, 377,4,71.753983, 72.450302, 128.852325, 65.746178,11.510807, 236.190857, 0.990389
5, 377,5,82.213615, 81.618546, 128.852325, 65.746178,11.510807, 236.190857, 1.007291
5, 377,6,159.779190, 159.146439, 128.852325, 65.746178,11.510807, 236.190857, 1.003976
5, 377,7,44.424110, 43.260204, 128.852325, 65.746178,11.510807, 236.190857, 1.026905
5, 377,8,235.278931, 234.932999, 128.852325, 65.746178,11.510807, 236.190857, 1.001472
5, 377,9,117.649910, 118.361420, 128.852325, 65.746178,11.510807, 236.190857, 0.993989
5, 377,10,151.914185, 152.474808, 128.852325, 65.746178,11.510807, 236.190857, 0.996323
5, 377,11,221.722504, 223.897552, 128.852325, 65.746178,11.510807, 236.190857, 0.990286
5, 377,12,90.241158, 88.905579, 128.852325, 65.746178,11.510807, 236.190857, 1.015022
5, 377,13,174.258728, 173.126068, 128.852325, 65.746178,11.510807, 236.190857, 1.006542
5, 377,14,101.124138, 100.255722, 128.852325, 65.746178,11.510807, 236.190857, 1.008662
5, 377,15,178.464996, 179.042419, 128.852325, 65.746178,11.510807, 236.190857, 0.996775
5, 377,16,195.344711, 194.665482, 128.852325, 65.746178,11.510807, 236.190857, 1.003489
5, 377,17,236.190857, 238.121948, 128.852325, 65.746178,11.510807, 236.190857, 0.991890
5, 377,18,162.912872, 162.482254, 128.852325, 65.746178,11.510807, 236.190857, 1.002650
5, 377,19,51.460350, 50.106663, 128.852325, 65.746178,11.510807, 236.190857, 1.027016
5, 377,20,210.803619, 211.778122, 128.852325, 65.746178,11.510807, 236.190857, 0.995398
5, 377,21,51.991413, 52.029827, 128.852325, 65.746178,11.510807, 236.190857, 0.999262
5, 377,22,43.192917, 44.113392, 128.852325, 65.746178,11.510807, 236.190857, 0.979134
5, 377,23,178.110703, 178.042374, 128.852325, 65.746178,11.510807, 236.190857, 1.000384
5, 377,24,177.129166, 176.916458, 128.852325, 65.746178,11.510807, 236.190857, 1.001202
5, 377,25,109.157837, 107.395905, 128.852325, 65.746178,11.510807, 236.190857, 1.016406
5, 377,26,11.510807, 11.804276, 128.852325, 65.746178,11.510807, 236.190857, 0.975139
5, 377,27,145.482239, 144.334595, 128.852325, 65.746178,11.510807, 236.190857, 1.007951
5, 377,28,86.800644, 86.730659, 128.852325, 65.746178,11.510807, 236.190857, 1.000807
5, 377,29,178.020050, 180.734787, 128.852325, 65.746178,11.510807, 236.190857, 0.984979
5, 377,30,175.387772, 176.252075, 128.852325, 65.746178,11.510807, 236.190857, 0.995096
5, 377,31,36.742596, 35.966179, 128.852325, 65.746178,11.510807, 236.190857, 1.021587
5, 378,0,127.602859, 127.238808, 128.858810, 52.387909,41.523869, 209.725418, 1.002861
5, 378,1,209.725418, 208.659134, 128.858810, 52.387909,41.523869, 209.725418, 1.005110
5, 378,2,200.045273, 200.598572, 128.858810, 52.387909,41.523869, 209.725418, 0.997242
5, 378,3,119.369629, 118.332390, 128.858810, 52.387909,41.523869, 209.725418, 1.008765
5, 378,4,202.706024, 202.731888, 128.858810, 52.387909,41.523869, 209.725418, 0.999872
5, 378,5,149.269226, 149.660339, 128.858810, 52.387909,41.523869, 209.725418, 0.997387
5, 378,6,60.264717, 60.241650, 128.858810, 52.387909,41.523869, 209.725418, 1.000383
5, 378,7,121.503616, 120.950821, 128.858810, 52.387909,41.523869, 209.725418, 1.004570
5, 378,8,59.211514, 59.016396, 128.858810, 52.387909,41.523869, 209.725418, 1.003306
5, 378,9,67.171211, 66.853043, 128.858810, 52.387909,41.523869, 209.725418, 1.004759
5, 378,10,130.972855, 131.343719, 128.858810, 52.387909,41.523869, 209.725418, 0.997176
5, 378,11,95.380470, 94.517670, 128.858810, 52.387909,41.523869, 209.725418, 1.009128
5, 378,12,205.587601, 205.449844, 128.858810, 52.387909,41.523869, 209.725418, 1.000671
5, 378,13,190.553574, 192.457169, 128.858810, 52.387909,41.523869, 209.725418, 0.990109
5, 378,14,41.523869, 40.936119, 128.858810, 52.387909,41.523869, 209.725418, 1.014358
5, 378,15,87.233223, 84.889786, 128.858810, 52.387909,41.523869, 209.725418, 1.027606
5, 378,16,156.782791, 157.011856, 128.858810, 52.387909,41.523869, 209.725418, 0.998541
5, 378,17,69.322517, 68.575867, 128.858810, 52.387909,41.523869, 209.725418, 1.010888
5, 378,18,73.547569, 74.148598, 128.858810, 52.387909,41.523869, 209.725418, 0.991894
5, 378,19,158.240067, 158.641388, 128.858810, 52.387909,41.523869, 209.725418, 0.997470
5, 378,20,106.916786, 106.975464, 128.858810, 52.387909,41.523869, 209.725418, 0.999451
5, 378,21,75.563690, 76.412521, 128.858810, 52.387909,41.523869, 209.725418, 0.988891
5, 378,22,178.877029, 178.543991, 128.858810, 52.387909,41.523869, 209.725418, 1.001865
5, 378,23,153.986481, 154.785263, 128.858810, 52.387909,41.523869, 209.725418, 0.994839
5, 378,24,168.831055, 168.611343, 128.858810, 52.387909,41.523869, 209.725418, 1.001303
5, 378,25,67.779434, 68.096954, 128.858810, 52.387909,41.523869, 209.725418, 0.995337
5, 378,26,119.787483, 119.930809, 128.858810, 52.387909,41.523869, 209.725418, 0.998805
5, 378,27,58.300144, 57.871994, 128.858810, 52.387909,41.523869, 209.725418, 1.007398
5, 378,28,198.052902, 198.496368, 128.858810, 52.387909,41.523869, 209.725418, 0.997766
5, 378,29,125.726990, 126.100624, 128.858810, 52.387909,41.523869, 209.725418, 0.997037
5, 378,30,184.780624, 184.788437, 128.858810, 52.387909,41.523869, 209.725418, 0.999958
5, 378,31,158.865112, 158.131378, 128.858810, 52.387909,41.523869, 209.725418, 1.004640
5, 379,0,61.673302, 62.616257, 128.828094, 80.607925,19.482666, 248.693085, 0.984941
5, 379,1,19.482666, 18.698891, 128.828094, 80.607925,19.482666, 248.693085, 1.041916
5, 379,2,106.543434, 105.928421, 128.828094, 80.607925,19.482666, 248.693085, 1.005806
5, 379,3,71.028992, 71.475555, 128.828094, 80.607925,19.482666, 248.693085, 0.993752
5, 379,4,47.630447, 48.331993, 128.828094, 80.607925,19.482666, 248.693085, 0.985485
5, 379,5,145.887527, 145.711456, 128.828094, 80.607925,19.482666, 248.693085, 1.001208
5, 379,6,225.999283, 226.961853, 128.828094, 80.607925,19.482666, 248.693085, 0.995759
5, 379,7,239.583817, 239.138840, 128.828094, 80.607925,19.482666, 248.693085, 1.001861
5, 379,8,203.877792, 204.678696, 128.828094, 80.607925,19.482666, 248.693085, 0.996087
5, 379,9,23.923124, 23.161354, 128.828094, 80.607925,19.482666, 248.693085, 1.032890
5, 379,10,228.461441, 227.632675, 128.828094, 80.607925,19.482666, 248.693085, 1.003641
5, 379,11,37.811672, 37.438328, 128.828094, 80.607925,19.482666, 248.693085, 1.009972
5, 379,12,53.242256, 54.128822, 128.828094, 80.607925,19.482666, 248.693085, 0.983621
5, 379,13,116.940598, 115.837723, 128.828094, 80.607925,19.482666, 248.693085, 1.009521
5, 379,14,64.774269, 63.797497, 128.828094, 80.607925,19.482666, 248.693085, 1.015311
5, 379,15,207.592697, 207.442215, 128.828094, 80.607925,19.482666, 248.693085, 1.000725
5, 379,16,204.804276, 206.720337, 128.828094, 80.607925,19.482666, 248.693085, 0.990731
5, 379,17,248.693085, 248.566879, 128.828094, 80.607925,19.482666, 248.693085, 1.000508
5, 379,18,194.086197, 194.288162, 128.828094, 80.607925,19.482666, 248.693085, 0.998960
5, 379,19,170.239258, 169.802917, 128.828094, 80.607925,19.482666, 248.693085, 1.002570
5, 379,20,128.510696, 128.430328, 128.828094, 80.607925,19.482666, 248.693085, 1.000626
5, 379,21,117.991539, 118.593941, 128.828094, 80.607925,19.482666, 248.693085, 0.994920
5, 379,22,194.887604, 193.347534, 128.828094, 80.607925,19.482666, 248.693085, 1.007965
5, 379,23,68.773254, 67.013100, 128.828094, 80.607925,19.482666, 248.693085, 1.026266
5, 379,24,48.620773, 48.499699, 128.828094, 80.607925,19.482666, 248.693085, 1.002496
5, 379,25,54.409691, 54.697571, 128.828094, 80.607925,19.482666, 248.693085, 0.994737
5, 379,26,206.070435, 206.392212, 128.828094, 80.607925,19.482666, 248.693085, 0.998441
5, 379,27,248.618988, 248.814819, 128.828094, 80.607925,19.482666, 248.693085, 0.999213
5, 379,28,23.392609, 24.262390, 128.828094, 80.607925,19.482666, 248.693085, 0.964151
5, 379,29,29.541534, 29.687347, 128.828094, 80.607925,19.482666, 248.693085, 0.995088
5, 379,30,240.475723, 239.058624, 128.828094, 80.607925,19.482666, 248.693085, 1.005928
5, 379,31,88.930260, 89.843124, 128.828094, 80.607925,19.482666, 248.693085, 0.989839
5, 380,0,53.765293, 54.039082, 128.351089, 70.222511,27.224428, 246.206924, 0.994933
5, 380,1,68.792473, 70.107498, 128.351089, 70.222511,27.224428, 246.206924, 0.981243
5, 380,2,36.022732, 35.019028, 128.351089, 70.222511,27.224428, 246.206924, 1.028662
5, 380,3,61.370621, 59.868755, 128.351089, 70.222511,27.224428, 246.206924, 1.025086
5, 380,4,227.621170, 229.304764, 128.351089, 70.222511,27.224428, 246.206924, 0.992658
5, 380,5,66.226707, 66.279922, 128.351089, 70.222511,27.224428, 246.206924, 0.999197
5, 380,6,27.224428, 26.237709, 128.351089, 70.222511,27.224428, 246.206924, 1.037607
5, 380,7,92.198654, 92.800537, 128.351089, 70.222511,27.224428, 246.206924, 0.993514
5, 380,8,31.540457, 32.023220, 128.351089, 70.222511,27.224428, 246.206924, 0.984925
5, 380,9,224.283340, 224.763214, 128.351089, 70.222511,27.224428, 246.206924, 0.997865
5, 380,10,142.946091, 142.838593, 128.351089, 70.222511,27.224428, 246.206924, 1.000753
5, 380,11,92.012772, 91.004524, 128.351089, 70.222511,27.224428, 246.206924, 1.011079
5, 380,12,97.799057, 98.129684, 128.351089, 70.222511,27.224428, 246.206924, 0.996631
5, 380,13,146.326828, 148.182449, 128.351089, 70.222511,27.224428, 246.206924, 0.987477
5, 380,14,60.820450, 60.619549, 128.351089, 70.222511,27.224428, 246.206924, 1.003314
5, 380,15,148.345718, 149.058380, 128.351089, 70.222511,27.224428, 246.206924, 0.995219
5, 380,16,245.435104, 245.240677, 128.351089, 70.222511,27.224428, 246.206924, 1.000793
5, 380,17,197.926987, 200.075409, 128.351089, 70.222511,27.224428, 246.206924, 0.989262
5, 380,18,82.589737, 83.982414, 128.351089, 70.222511,27.224428, 246.206924, 0.983417
5, 380,19,113.442062, 113.307457, 128.351089, 70.222511,27.224428, 246.206924, 1.001188
5, 380,20,223.637466, 223.600204, 128.351089, 70.222511,27.224428, 246.206924, 1.000167
5, 380,21,245.925644, 246.992523, 128.351089, 70.222511,27.224428, 246.206924, 0.995681
5, 380,22,246.206924, 246.381592, 128.351089, 70.222511,27.224428, 246.206924, 0.999291
5, 380,23,139.848724, 139.739731, 128.351089, 70.222511,27.224428, 246.206924, 1.000780
5, 380,24,122.692085, 122.670265, 128.351089, 70.222511,27.224428, 246.206924, 1.000178
5, 380,25,157.097412, 157.324463, 128.351089, 70.222511,27.224428, 246.206924, 0.998557
5, 380,26,170.549026, 170.728287, 128.351089, 70.222511,27.224428, 246.206924, 0.998950
5, 380,27,178.193710, 178.287735, 128.351089, 70.222511,27.224428, 246.206924, 0.999473
5, 380,28,138.240402, 139.364349, 128.351089, 70.222511,27.224428, 246.206924, 0.991935
5, 380,29,42.382084, 44.227264, 128.351089, 70.222511,27.224428, 246.206924, 0.958280
5, 380,30,177.272583, 179.472809, 128.351089, 70.222511,27.224428, 246.206924, 0.987741
5, 380,31,48.498081, 49.328228, 128.351089, 70.222511,27.224428, 246.206924, 0.983171
5, 381,0,15.956249, 16.666056, 128.799423, 67.738327,15.956249, 232.697876, 0.957410
5, 381,1,48.159256, 47.369041, 128.799423, 67.738327,15.956249, 232.697876, 1.016682
5, 381,2,156.954605, 156.953690, 128.799423, 67.738327,15.956249, 232.697876, 1.000006
5, 381,3,200.315063, 200.115356, 128.799423, 67.738327,15.956249, 232.697876, 1.000998
5, 381,4,31.706825, 30.780764, 128.799423, 67.738327,15.956249, 232.697876, 1.030086
5, 381,5,63.883583, 63.880455, 128.799423, 67.738327,15.956249, 232.697876, 1.000049
5, 381,6,80.854614, 81.544807, 128.799423, 67.738327,15.956249, 232.697876, 0.991536
5, 381,7,52.225159, 51.868980, 128.799423, 67.738327,15.956249, 232.697876, 1.006867
5, 381,8,206.716492, 207.675797, 128.799423, 67.738327,15.956249, 232.697876, 0.995381
5, 381,9,160.188477, 160.035156, 128.799423, 67.738327,15.956249, 232.697876, 1.000958
5, 381,10,44.435242, 45.251835, 128.799423, 67.738327,15.956249, 232.697876, 0.981954
5, 381,11,104.834511, 104.093407, 128.799423, 67.738327,15.956249, 232.697876, 1.007120
5, 381,12,181.246201, 182.024765, 128.799423, 67.738327,15.956249, 232.697876, 0.995723
5, 381,13,190.265457, 189.599197, 128.799423, 67.738327,15.956249, 232.697876, 1.003514
5, 381,14,206.134583, 206.487930, 128.799423, 67.738327,15.956249, 232.697876, 0.998289
5, 381,15,150.269699, 149.994156, 128.799423, 67.738327,15.956249, 232.697876, 1.001837
5, 381,16,111.664177, 112.359596, 128.799423, 67.738327,15.956249, 232.697876, 0.993811
5, 381,17,32.155128, 32.164284, 128.799423, 67.738327,15.956249, 232.697876, 0.999715
5, 381,18,203.772858, 204.391693, 128.799423, 67.738327,15.956249, 232.697876, 0.996972
5, 381,19,117.716042, 118.501579, 128.799423, 67.738327,15.956249, 232.697876, 0.993371
5, 381,20,123.731178, 123.895920, 128.799423, 67.738327,15.956249, 232.697876, 0.998670
5, 381,21,148.062485, 148.463913, 128.799423, 67.738327,15.956249, 232.697876, 0.997296
5, 381,22,155.909180, 154.536011, 128.799423, 67.738327,15.956249, 232.697876, 1.008886
5, 381,23,93.285347, 92.305527, 128.799423, 67.738327,15.956249, 232.697876, 1.010615
5, 381,24,169.637512, 168.573868, 128.799423, 67.738327,15.956249, 232.697876, 1.006310
5, 381,25,196.897690, 197.110718, 128.799423, 67.738327,15.956249, 232.697876, 0.998919
5, 381,26,133.536346, 133.566589, 128.799423, 67.738327,15.956249, 232.697876, 0.999774
5, 381,27,51.162598, 50.841816, 128.799423, 67.738327,15.956249, 232.697876, 1.006309
5, 381,28,23.404982, 23.318136, 128.799423, 67.738327,15.956249, 232.697876, 1.003724
5, 381,29,213.348206, 213.328674, 128.799423, 67.738327,15.956249, 232.697876, 1.000092
5, 381,30,220.453903, 220.616623, 128.799423, 67.738327,15.956249, 232.697876, 0.999262
5, 381,31,232.697876, 232.683990, 128.799423, 67.738327,15.956249, 232.697876, 1.000060
5, 382,0,211.034897, 211.315826, 128.694580, 82.296890,10.803768, 279.968994, 0.998671
5, 382,1,39.627537, 40.156288, 128.694580, 82.296890,10.803768, 279.968994, 0.986833
5, 382,2,84.828987, 84.694656, 128.694580, 82.296890,10.803768, 279.968994, 1.001586
5, 382,3,177.384033, 177.536774, 128.694580, 82.296890,10.803768, 279.968994, 0.999140
5, 382,4,150.368561, 150.122726, 128.694580, 82.296890,10.803768, 279.968994, 1.001638
5, 382,5,123.041008, 122.423569, 128.694580, 82.296890,10.803768, 279.968994, 1.005044
5, 382,6,116.860977, 116.578476, 128.694580, 82.296890,10.803768, 279.968994, 1.002423
5, 382,7,145.999191, 145.904526, 128.694580, 82.296890,10.803768, 279.968994, 1.000649
5, 382,8,98.925568, 100.770744, 128.694580, 82.296890,10.803768, 279.968994, 0.981689
5, 382,9,10.803768, 10.352215, 128.694580, 82.296890,10.803768, 279.968994, 1.043619
5, 382,10,13.751737, 14.310436, 128.694580, 82.296890,10.803768, 279.968994, 0.960959
5, 382,11,203.323975, 203.642593, 128.694580, 82.296890,10.803768, 279.968994, 0.998435
5, 382,12,146.099869, 147.112137, 128.694580, 82.296890,10.803768, 279.968994, 0.993119
5, 382,13,246.648621, 245.765778, 128.694580, 82.296890,10.803768, 279.968994, 1.003592
5, 382,14,31.777302, 31.560568, 128.694580, 82.296890,10.803768, 279.968994, 1.006867
5, 382,15,135.556976, 135.212311, 128.694580, 82.296890,10.803768, 279.968994, 1.002549
5, 382,16,259.825256, 261.330322, 128.694580, 82.296890,10.803768, 279.968994, 0.994241
5, 382,17,50.370293, 50.311802, 128.694580, 82.296890,10.803768, 279.968994, 1.001163
5, 382,18,279.516266, 279.947388, 128.694580, 82.296890,10.803768, 279.968994, 0.998460
5, 382,19,93.394196, 93.206512, 128.694580, 82.296890,10.803768, 279.968994, 1.002014
5, 382,20,35.199032, 34.520851, 128.694580, 82.296890,10.803768, 279.968994, 1.019646
5, 382,21,92.781288, 91.554466, 128.694580, 82.296890,10.803768, 279.968994, 1.013400
5, 382,22,20.614632, 21.950138, 128.694580, 82.296890,10.803768, 279.968994, 0.939157
5, 382,23,279.968994, 280.886597, 128.694580, 82.296890,10.803768, 279.968994, 0.996733
5, 382,24,76.365685, 75.964775, 128.694580, 82.296890,10.803768, 279.968994, 1.005278
5, 382,25,242.999374, 243.166107, 128.694580, 82.296890,10.803768, 279.968994, 0.999314
5, 382,26,164.973282, 165.309891, 128.694580, 82.296890,10.803768, 279.968994, 0.997964
5, 382,27,99.803017, 98.380714, 128.694580, 82.296890,10.803768, 279.968994, 1.014457
5, 382,28,74.522285, 74.530754, 128.694580, 82.296890,10.803768, 279.968994, 0.999886
5, 382,29,212.678467, 213.890350, 128.694580, 82.296890,10.803768, 279.968994, 0.994334
5, 382,30,174.520081, 174.031403, 128.694580, 82.296890,10.803768, 279.968994, 1.002808
5, 382,31,24.661528, 24.558205, 128.694580, 82.296890,10.803768, 279.968994, 1.004207
5, 383,0,160.810013, 161.636353, 128.905106, 69.707504,19.808523, 225.829666, 0.994888
5, 383,1,56.429554, 55.403488, 128.905106, 69.707504,19.808523, 225.829666, 1.018520
5, 383,2,212.972900, 214.391418, 128.905106, 69.707504,19.808523, 225.829666, 0.993384
5, 383,3,22.148380, 23.037327, 128.905106, 69.707504,19.808523, 225.829666, 0.961413
5, 383,4,208.752640, 208.024200, 128.905106, 69.707504,19.808523, 225.829666, 1.003502
5, 383,5,206.743591, 206.502930, 128.905106, 69.707504,19.808523, 225.829666, 1.001165
5, 383,6,53.605103, 53.785870, 128.905106, 69.707504,19.808523, 225.829666, 0.996639
5, 383,7,195.480087, 196.418625, 128.905106, 69.707504,19.808523, 225.829666, 0.995222
5, 383,8,31.926922, 32.102882, 128.905106, 69.707504,19.808523, 225.829666, 0.994519
5, 383,9,91.322227, 91.486732, 128.905106, 69.707504,19.808523, 225.829666, 0.998202
5, 383,10,30.411793, 29.700544, 128.905106, 69.707504,19.808523, 225.829666, 1.023947
5, 383,11,148.206650, 148.220444, 128.905106, 69.707504,19.808523, 225.829666, 0.999907
5, 383,12,161.560669, 161.374802, 128.905106, 69.707504,19.808523, 225.829666, 1.001152
5, 383,13,203.151215, 202.930405, 128.905106, 69.707504,19.808523, 225.829666, 1.001088
5, 383,14,221.763489, 221.006454, 128.905106, 69.707504,19.808523, 225.829666, 1.003425
5, 383,15,47.559044, 47.239674, 128.905106, 69.707504,19.808523, 225.829666, 1.006761
5, 383,16,114.576965, 113.803001, 128.905106, 69.707504,19.808523, 225.829666, 1.006801
5, 383,17,223.329453, 222.224838, 128.905106, 69.707504,19.808523, 225.829666, 1.004971
5, 383,18,225.829666, 223.670349, 128.905106, 69.707504,19.808523, 225.829666, 1.009654
5, 383,19,109.570831, 110.072151, 128.905106, 69.707504,19.808523, 225.829666, 0.995446
5, 383,20,83.058678, 83.371101, 128.905106, 69.707504,19.808523, 225.829666, 0.996253
5, 383,21,81.322487, 81.230339, 128.905106, 69.707504,19.808523, 225.829666, 1.001134
5, 383,22,167.384109, 166.881577, 128.905106, 69.707504,19.808523, 225.829666, 1.003011
5, 383,23,62.201107, 62.018520, 128.905106, 69.707504,19.808523, 225.829666, 1.002944
5, 383,24,217.002014, 217.144806, 128.905106, 69.707504,19.808523, 225.829666, 0.999342
5, 383,25,128.547760, 129.153168, 128.905106, 69.707504,19.808523, 225.829666, 0.995313
5, 383,26,126.822182, 127.831543, 128.905106, 69.707504,19.808523, 225.829666, 0.992104
5, 383,27,19.808523, 18.755798, 128.905106, 69.707504,19.808523, 225.829666, 1.056128
5, 383,28,141.540100, 141.323196, 128.905106, 69.707504,19.808523, 225.829666, 1.001535
5, 383,29,102.165268, 101.591698, 128.905106, 69.707504,19.808523, 225.829666, 1.005646
5, 383,30,208.175705, 207.735077, 128.905106, 69.707504,19.808523, 225.829666, 1.002121
5, 383,31,60.784534, 60.930927, 128.905106, 69.707504,19.808523, 225.829666, 0.997597
5, 384,0,161.140137, 159.954575, 128.814133, 69.193367,16.101446, 240.348053, 1.007412
5, 384,1,86.502113, 88.517029, 128.814133, 69.193367,16.101446, 240.348053, 0.977237
5, 384,2,37.104652, 36.836945, 128.814133, 69.193367,16.101446, 240.348053, 1.007267
5, 384,3,179.384003, 180.159958, 128.814133, 69.193367,16.101446, 240.348053, 0.995693
5, 384,4,203.086060, 202.257996, 128.814133, 69.193367,16.101446, 240.348053, 1.004094
5, 384,5,16.101446, 14.543859, 128.814133, 69.193367,16.101446, 240.348053, 1.107096
5, 384,6,195.847473, 196.572754, 128.814133, 69.193367,16.101446, 240.348053, 0.996310
5, 384,7,71.463257, 71.056755, 128.814133, 69.193367,16.101446, 240.348053, 1.005721
5, 384,8,52.337048, 52.202271, 128.814133, 69.193367,16.101446, 240.348053, 1.002582
5, 384,9,232.748703, 234.736832, 128.814133, 69.193367,16.101446, 240.348053, 0.991530
5, 384,10,240.348053, 241.173370, 128.814133, 69.193367,16.101446, 240.348053, 0.996578
5, 384,11,143.330475, 143.093903, 128.814133, 69.193367,16.101446, 240.348053, 1.001653
5, 384,12,64.906761, 66.036118, 128.814133, 69.193367,16.101446, 240.348053, 0.982898
5, 384,13,38.238857, 38.310631, 128.814133, 69.193367,16.101446, 240.348053, 0.998127
5, 384,14,164.228226, 163.906097, 128.814133, 69.193367,16.101446, 240.348053, 1.001965
5, 384,15,86.302002, 87.404541, 128.814133, 69.193367,16.101446, 240.348053, 0.987386
5, 384,16,146.539688, 145.506714, 128.814133, 69.193367,16.101446, 240.348053, 1.007099
5, 384,17,72.307770, 72.443756, 128.814133, 69.193367,16.101446, 240.348053, 0.998123
5, 384,18,161.225922, 161.623322, 128.814133, 69.193367,16.101446, 240.348053, 0.997541
5, 384,19,118.986061, 118.005157, 128.814133, 69.193367,16.101446, 240.348053, 1.008312
5, 384,20,192.789825, 193.726517, 128.814133, 69.193367,16.101446, 240.348053, 0.995165
5, 384,21,58.124058, 57.367390, 128.814133, 69.193367,16.101446, 240.348053, 1.013190
5, 384,22,62.852680, 62.640865, 128.814133, 69.193367,16.101446, 240.348053, 1.003381
5, 384,23,115.375755, 113.887512, 128.814133, 69.193367,16.101446, 240.348053, 1.013068
5, 384,24,233.511566, 233.140366, 128.814133, 69.193367,16.101446, 240.348053, 1.001592
5, 384,25,120.240974, 119.153763, 128.814133, 69.193367,16.101446, 240.348053, 1.009124
5, 384,26,212.605286, 210.529404, 128.814133, 69.193367,16.101446, 240.348053, 1.009860
5, 384,27,74.979889, 74.531471, 128.814133, 69.193367,16.101446, 240.348053, 1.006016
5, 384,28,131.017380, 133.652222, 128.814133, 69.193367,16.101446, 240.348053, 0.980286
5, 384,29,213.896454, 214.524246, 128.814133, 69.193367,16.101446, 240.348053, 0.997074
5, 384,30,24.470957, 23.754387, 128.814133, 69.193367,16.101446, 240.348053, 1.030166
5, 384,31,210.058777, 209.749237, 128.814133, 69.193367,16.101446, 240.348053, 1.001476
5, 385,0,191.806915, 192.264191, 128.732147, 71.826622,13.415080, 234.220718, 0.997622
5, 385,1,49.834961, 49.712154, 128.732147, 71.826622,13.415080, 234.220718, 1.002470
5, 385,2,37.083256, 36.699677, 128.732147, 71.826622,13.415080, 234.220718, 1.010452
5, 385,3,48.811760, 47.970272, 128.732147, 71.826622,13.415080, 234.220718, 1.017542
5, 385,4,198.307053, 198.694702, 128.732147, 71.826622,13.415080, 234.220718, 0.998049
5, 385,5,129.153290, 130.059036, 128.732147, 71.826622,13.415080, 234.220718, 0.993036
5, 385,6,97.156654, 96.440025, 128.732147, 71.826622,13.415080, 234.220718, 1.007431
5, 385,7,99.403084, 100.144112, 128.732147, 71.826622,13.415080, 234.220718, 0.992600
5, 385,8,233.036346, 233.215637, 128.732147, 71.826622,13.415080, 234.220718, 0.999231
5, 385,9,181.480804, 181.688980, 128.732147, 71.826622,13.415080, 234.220718, 0.998854
5, 385,10,222.464096, 223.728226, 128.732147, 71.826622,13.415080, 234.220718, 0.994350
5, 385,11,13.415080, 12.561186, 128.732147, 71.826622,13.415080, 234.220718, 1.067979
5, 385,12,25.867285, 26.028067, 128.732147, 71.826622,13.415080, 234.220718, 0.993823
5, 385,13,71.295799, 72.033035, 128.732147, 71.826622,13.415080, 234.220718, 0.989765
5, 385,14,145.054855, 145.295349, 128.732147, 71.826622,13.415080, 234.220718, 0.998345
5, 385,15,23.774879, 23.466881, 128.732147, 71.826622,13.415080, 234.220718, 1.013125
5, 385,16,42.650074, 42.944290, 128.732147, 71.826622,13.415080, 234.220718, 0.993149
5, 385,17,163.228561, 163.657410, 128.732147, 71.826622,13.415080, 234.220718, 0.997380
5, 385,18,149.007309, 148.751556, 128.732147, 71.826622,13.415080, 234.220718, 1.001719
5, 385,19,221.278717, 220.196274, 128.732147, 71.826622,13.415080, 234.220718, 1.004916
5, 385,20,216.762497, 217.256409, 128.732147, 71.826622,13.415080, 234.220718, 0.997727
5, 385,21,183.309479, 183.547897, 128.732147, 71.826622,13.415080, 234.220718, 0.998701
5, 385,22,104.568657, 103.689835, 128.732147, 71.826622,13.415080, 234.220718, 1.008476
5, 385,23,120.789757, 119.834961, 128.732147, 71.826622,13.415080, 234.220718, 1.007968
5, 385,24,220.937393, 220.774597, 128.732147, 71.826622,13.415080, 234.220718, 1.000737
5, 385,25,17.439322, 17.470125, 128.732147, 71.826622,13.415080, 234.220718, 0.998237
5, 385,26,152.077545, 152.455643, 128.732147, 71.826622,13.415080, 234.220718, 0.997520
5, 385,27,234.220718, 234.902420, 128.732147, 71.826622,13.415080, 234.220718, 0.997098
5, 385,28,97.415916, 96.570847, 128.732147, 71.826622,13.415080, 234.220718, 1.008751
5, 385,29,95.755661, 95.875473, 128.732147, 71.826622,13.415080, 234.220718, 0.998750
5, 385,30,143.951584, 144.593079, 128.732147, 71.826622,13.415080, 234.220718, 0.995563
5, 385,31,188.089478, 188.477493, 128.732147, 71.826622,13.415080, 234.220718, 0.997941
5, 386,0,230.870865, 231.390289, 128.799652, 74.500908,13.927666, 276.726227, 0.997755
5, 386,1,62.897327, 63.161259, 128.799652, 74.500908,13.927666, 276.726227, 0.995821
5, 386,2,234.972122, 233.834198, 128.799652, 74.500908,13.927666, 276.726227, 1.004866
5, 386,3,13.927666, 13.567926, 128.799652, 74.500908,13.927666, 276.726227, 1.026514
5, 386,4,116.876900, 116.160728, 128.799652, 74.500908,13.927666, 276.726227, 1.006165
5, 386,5,114.621590, 113.316597, 128.799652, 74.500908,13.927666, 276.726227, 1.011516
5, 386,6,105.864273, 107.219627, 128.799652, 74.500908,13.927666, 276.726227, 0.987359
5, 386,7,120.293068, 119.720139, 128.799652, 74.500908,13.927666, 276.726227, 1.004786
5, 386,8,108.641151, 109.288841, 128.799652, 74.500908,13.927666, 276.726227, 0.994074
5, 386,9,169.809021, 169.807358, 128.799652, 74.500908,13.927666, 276.726227, 1.000010
5, 386,10,266.643219, 266.643799, 128.799652, 74.500908,13.927666, 276.726227, 0.999998
5, 386,11,134.943253, 135.439453, 128.799652, 74.500908,13.927666, 276.726227, 0.996336
5, 386,12,276.726227, 276.640778, 128.799652, 74.500908,13.927666, 276.726227, 1.000309
5, 386,13,74.300354, 73.320061, 128.799652, 74.500908,13.927666, 276.726227, 1.013370
5, 386,14,97.248291, 98.610611, 128.799652, 74.500908,13.927666, 276.726227, 0.986185
5, 386,15,14.663784, 13.584957, 128.799652, 74.500908,13.927666, 276.726227, 1.079413
5, 386,16,143.670319, 144.499771, 128.799652, 74.500908,13.927666, 276.726227, 0.994260
5, 386,17,162.215042, 160.593750, 128.799652, 74.500908,13.927666, 276.726227, 1.010096
5, 386,18,32.083176, 32.335732, 128.799652, 74.500908,13.927666, 276.726227, 0.992190
5, 386,19,146.913101, 147.360931, 128.799652, 74.500908,13.927666, 276.726227, 0.996961
5, 386,20,50.312431, 47.910286, 128.799652, 74.500908,13.927666, 276.726227, 1.050138
5, 386,21,44.714184, 44.640400, 128.799652, 74.500908,13.927666, 276.726227, 1.001653
5, 386,22,71.522194, 71.889481, 128.799652, 74.500908,13.927666, 276.726227, 0.994891
5, 386,23,227.919846, 228.188507, 128.799652, 74.500908,13.927666, 276.726227, 0.998823
5, 386,24,266.231964, 266.907776, 128.799652, 74.500908,13.927666, 276.726227, 0.997468
5, 386,25,124.796455, 124.820824, 128.799652, 74.500908,13.927666, 276.726227, 0.999805
5, 386,26,184.448517, 184.002426, 128.799652, 74.500908,13.927666, 276.726227, 1.002424
5, 386,27,71.495895, 70.475937, 128.799652, 74.500908,13.927666, 276.726227, 1.014472
5, 386,28,121.347076, 121.866005, 128.799652, 74.500908,13.927666, 276.726227, 0.995742
5, 386,29,148.639740, 150.119904, 128.799652, 74.500908,13.927666, 276.726227, 0.990140
5, 386,30,36.490562, 38.935120, 128.799652, 74.500908,13.927666, 276.726227, 0.937215
5, 386,31,145.489471, 144.746719, 128.799652, 74.500908,13.927666, 276.726227, 1.005131
5, 387,0,130.726089, 130.277893, 128.740158, 53.292454,22.156248, 206.538635, 1.003440
5, 387,1,132.897995, 134.039871, 128.740158, 53.292454,22.156248, 206.538635, 0.991481
5, 387,2,152.593643, 152.145493, 128.740158, 53.292454,22.156248, 206.538635, 1.002946
5, 387,3,188.585052, 190.209915, 128.740158, 53.292454,22.156248, 206.538635, 0.991458
5, 387,4,165.734573, 168.008743, 128.740158, 53.292454,22.156248, 206.538635, 0.986464
5, 387,5,168.224396, 166.865952, 128.740158, 53.292454,22.156248, 206.538635, 1.008141
5, 387,6,50.729164, 52.425587, 128.740158, 53.292454,22.156248, 206.538635, 0.967641
5, 387,7,196.129135, 194.595779, 128.740158, 53.292454,22.156248, 206.538635, 1.007880
5, 387,8,112.304390, 112.888840, 128.740158, 53.292454,22.156248, 206.538635, 0.994823
5, 387,9,202.894623, 200.754532, 128.740158, 53.292454,22.156248, 206.538635, 1.010660
5, 387,10,105.181305, 105.191948, 128.740158, 53.292454,22.156248, 206.538635, 0.999899
5, 387,11,90.103462, 90.490005, 128.740158, 53.292454,22.156248, 206.538635, 0.995728
5, 387,12,126.639503, 127.016289, 128.740158, 53.292454,22.156248, 206.538635, 0.997034
5, 387,13,42.222565, 42.856972, 128.740158, 53.292454,22.156248, 206.538635, 0.985197
5, 387,14,110.318993, 109.874329, 128.740158, 53.292454,22.156248, 206.538635, 1.004047
5, 387,15,83.693359, 84.374496, 128.740158, 53.292454,22.156248, 206.538635, 0.991927
5, 387,16,69.218529, 68.233261, 128.740158, 53.292454,22.156248, 206.538635, 1.014440
5, 387,17,204.312653, 205.900208, 128.740158, 53.292454,22.156248, 206.538635, 0.992290
5, 387,18,193.259964, 192.384308, 128.740158, 53.292454,22.156248, 206.538635, 1.004552
5, 387,19,170.851883, 170.220215, 128.740158, 53.292454,22.156248, 206.538635, 1.003711
5, 387,20,154.138260, 155.147644, 128.740158, 53.292454,22.156248, 206.538635, 0.993494
5, 387,21,140.777115, 140.933716, 128.740158, 53.292454,22.156248, 206.538635, 0.998889
5, 387,22,161.896515, 160.929581, 128.740158, 53.292454,22.156248, 206.538635, 1.006008
5, 387,23,63.162071, 63.217300, 128.740158, 53.292454,22.156248, 206.538635, 0.999126
5, 387,24,77.898033, 77.993362, 128.740158, 53.292454,22.156248, 206.538635, 0.998778
5, 387,25,119.839157, 120.264519, 128.740158, 53.292454,22.156248, 206.538635, 0.996463
5, 387,26,57.489574, 56.181374, 128.740158, 53.292454,22.156248, 206.538635, 1.023285
5, 387,27,206.538635, 206.048462, 128.740158, 53.292454,22.156248, 206.538635, 1.002379
5, 387,28,153.071030, 154.671982, 128.740158, 53.292454,22.156248, 206.538635, 0.989649
5, 387,29,22.156248, 21.322962, 128.740158, 53.292454,22.156248, 206.538635, 1.039079
5, 387,30,80.709930, 80.291313, 128.740158, 53.292454,22.156248, 206.538635, 1.005214
5, 387,31,185.387436, 185.243362, 128.740158, 53.292454,22.156248, 206.538635, 1.000778
5, 388,0,183.671921, 182.014572, 128.734818, 75.212456,8.919225, 280.327972, 1.009106
5, 388,1,138.723068, 137.938843, 128.734818, 75.212456,8.919225, 280.327972, 1.005685
5, 388,2,13.182701, 13.357908, 128.734818, 75.212456,8.919225, 280.327972, 0.986884
5, 388,3,140.764069, 140.264862, 128.734818, 75.212456,8.919225, 280.327972, 1.003559
5, 388,4,88.803040, 87.392601, 128.734818, 75.212456,8.919225, 280.327972, 1.016139
5, 388,5,83.716942, 84.542183, 128.734818, 75.212456,8.919225, 280.327972, 0.990239
5, 388,6,189.836365, 189.762299, 128.734818, 75.212456,8.919225, 280.327972, 1.000390
5, 388,7,54.222942, 54.388676, 128.734818, 75.212456,8.919225, 280.327972, 0.996953
5, 388,8,32.326488, 33.209320, 128.734818, 75.212456,8.919225, 280.327972, 0.973416
5, 388,9,66.513260, 67.964096, 128.734818, 75.212456,8.919225, 280.327972, 0.978653
5, 388,10,241.187958, 240.469254, 128.734818, 75.212456,8.919225, 280.327972, 1.002989
5, 388,11,121.924683, 122.976280, 128.734818, 75.212456,8.919225, 280.327972, 0.991449
5, 388,12,158.639618, 157.595734, 128.734818, 75.212456,8.919225, 280.327972, 1.006624
5, 388,13,161.958969, 162.196991, 128.734818, 75.212456,8.919225, 280.327972, 0.998533
5, 388,14,280.327972, 279.732239, 128.734818, 75.212456,8.919225, 280.327972, 1.002130
5, 388,15,240.933075, 241.568817, 128.734818, 75.212456,8.919225, 280.327972, 0.997368
5, 388,16,198.273041, 197.518463, 128.734818, 75.212456,8.919225, 280.327972, 1.003820
5, 388,17,252.674881, 252.462997, 128.734818, 75.212456,8.919225, 280.327972, 1.000839
5, 388,18,176.445694, 176.220703, 128.734818, 75.212456,8.919225, 280.327972, 1.001277
5, 388,19,151.952850, 152.537720, 128.734818, 75.212456,8.919225, 280.327972, 0.996166
5, 388,20,246.737106, 247.751755, 128.734818, 75.212456,8.919225, 280.327972, 0.995905
5, 388,21,8.919225, 10.177623, 128.734818, 75.212456,8.919225, 280.327972, 0.876356
5, 388,22,76.950287, 78.409988, 128.734818, 75.212456,8.919225, 280.327972, 0.981384
5, 388,23,121.108299, 120.785606, 128.734818, 75.212456,8.919225, 280.327972, 1.002672
5, 388,24,15.043646, 15.523211, 128.734818, 75.212456,8.919225, 280.327972, 0.969107
5, 388,25,53.787273, 55.048416, 128.734818, 75.212456,8.919225, 280.327972, 0.977090
5, 388,26,151.355927, 150.203262, 128.734818, 75.212456,8.919225, 280.327972, 1.007674
5, 388,27,97.835915, 98.684319, 128.734818, 75.212456,8.919225, 280.327972, 0.991403
5, 388,28,112.810829, 113.198593, 128.734818, 75.212456,8.919225, 280.327972, 0.996574
5, 388,29,52.327919, 51.741257, 128.734818, 75.212456,8.919225, 280.327972, 1.011338
5, 388,30,81.046638, 79.661797, 128.734818, 75.212456,8.919225, 280.327972, 1.017384
5, 388,31,125.511360, 125.699821, 128.734818, 75.212456,8.919225, 280.327972, 0.998501
5, 389,0,199.157944, 199.485901, 128.843414, 77.165474,18.282295, 270.551178, 0.998356
5, 389,1,156.827652, 157.596008, 128.843414, 77.165474,18.282295, 270.551178, 0.995125
5, 389,2,169.861649, 169.867722, 128.843414, 77.165474,18.282295, 270.551178, 0.999964
5, 389,3,133.646317, 134.335968, 128.843414, 77.165474,18.282295, 270.551178, 0.994866
5, 389,4,18.282295, 16.886583, 128.843414, 77.165474,18.282295, 270.551178, 1.082652
5, 389,5,190.156357, 190.368088, 128.843414, 77.165474,18.282295, 270.551178, 0.998888
5, 389,6,148.942062, 148.402725, 128.843414, 77.165474,18.282295, 270.551178, 1.003634
5, 389,7,249.502533, 250.057404, 128.843414, 77.165474,18.282295, 270.551178, 0.997781
5, 389,8,44.879040, 44.466469, 128.843414, 77.165474,18.282295, 270.551178, 1.009278
5, 389,9,145.639877, 145.584335, 128.843414, 77.165474,18.282295, 270.551178, 1.000381
5, 389,10,255.050919, 255.308319, 128.843414, 77.165474,18.282295, 270.551178, 0.998992
5, 389,11,28.061913, 27.237431, 128.843414, 77.165474,18.282295, 270.551178, 1.030270
5, 389,12,97.334015, 97.722153, 128.843414, 77.165474,18.282295, 270.551178, 0.996028
5, 389,13,47.769981, 47.553272, 128.843414, 77.165474,18.282295, 270.551178, 1.004557
5, 389,14,218.797607, 218.660980, 128.843414, 77.165474,18.282295, 270.551178, 1.000625
5, 389,15,190.399963, 191.559189, 128.843414, 77.165474,18.282295, 270.551178, 0.993948
5, 389,16,56.046925, 56.285221, 128.843414, 77.165474,18.282295, 270.551178, 0.995766
5, 389,17,270.551178, 271.514008, 128.843414, 77.165474,18.282295, 270.551178, 0.996454
5, 389,18,107.449585, 107.326469, 128.843414, 77.165474,18.282295, 270.551178, 1.001147
5, 389,19,113.793388, 113.516838, 128.843414, 77.165474,18.282295, 270.551178, 1.002436
5, 389,20,192.012344, 191.383057, 128.843414, 77.165474,18.282295, 270.551178, 1.003288
5, 389,21,46.056297, 45.766617, 128.843414, 77.165474,18.282295, 270.551178, 1.006330
5, 389,22,48.863735, 48.928909, 128.843414, 77.165474,18.282295, 270.551178, 0.998668
5, 389,23,62.743649, 63.213749, 128.843414, 77.165474,18.282295, 270.551178, 0.992563
5, 389,24,71.000641, 70.209373, 128.843414, 77.165474,18.282295, 270.551178, 1.011270
5, 389,25,223.580566, 223.274384, 128.843414, 77.165474,18.282295, 270.551178, 1.001371
5, 389,26,58.242748, 57.769905, 128.843414, 77.165474,18.282295, 270.551178, 1.008185
5, 389,27,112.255089, 111.654694, 128.843414, 77.165474,18.282295, 270.551178, 1.005377
5, 389,28,101.181023, 99.911438, 128.843414, 77.165474,18.282295, 270.551178, 1.012707
5, 389,29,58.591358, 58.390621, 128.843414, 77.165474,18.282295, 270.551178, 1.003438
5, 389,30,256.134552, 256.348450, 128.843414, 77.165474,18.282295, 270.551178, 0.999166
5, 389,31,50.175556, 50.413589, 128.843414, 77.165474,18.282295, 270.551178, 0.995278
5, 390,0,16.444267, 16.111113, 128.814880, 82.665970,11.078297, 271.044220, 1.020679
5, 390,1,120.869858, 120.015991, 128.814880, 82.665970,11.078297, 271.044220, 1.007115
5, 390,2,250.192963, 250.018921, 128.814880, 82.665970,11.078297, 271.044220, 1.000696
5, 390,3,160.372971, 158.951370, 128.814880, 82.665970,11.078297, 271.044220, 1.008944
5, 390,4,28.740517, 29.100222, 128.814880, 82.665970,11.078297, 271.044220, 0.987639
5, 390,5,15.214129, 15.735659, 128.814880, 82.665970,11.078297, 271.044220, 0.966857
5, 390,6,211.679810, 211.251312, 128.814880, 82.665970,11.078297, 271.044220, 1.002028
5, 390,7,93.083405, 93.374741, 128.814880, 82.665970,11.078297, 271.044220, 0.996880
5, 390,8,32.867207, 31.648516, 128.814880, 82.665970,11.078297, 271.044220, 1.038507
5, 390,9,192.199722, 192.310867, 128.814880, 82.665970,11.078297, 271.044220, 0.999422
5, 390,10,61.064571, 61.900517, 128.814880, 82.665970,11.078297, 271.044220, 0.986495
5, 390,11,264.836792, 265.851898, 128.814880, 82.665970,11.078297, 271.044220, 0.996182
5, 390,12,98.366737, 100.172859, 128.814880, 82.665970,11.078297, 271.044220, 0.981970
5, 390,13,259.724365, 260.068298, 128.814880, 82.665970,11.078297, 271.044220, 0.998678
5, 390,14,11.557839, 12.532317, 128.814880, 82.665970,11.078297, 271.044220, 0.922243
5, 390,15,172.722305, 171.565033, 128.814880, 82.665970,11.078297, 271.044220, 1.006745
5, 390,16,190.770172, 190.417603, 128.814880, 82.665970,11.078297, 271.044220, 1.001852
5, 390,17,184.488052, 185.265106, 128.814880, 82.665970,11.078297, 271.044220, 0.995806
5, 390,18,271.044220, 271.347900, 128.814880, 82.665970,11.078297, 271.044220, 0.998881
5, 390,19,43.532623, 42.944088, 128.814880, 82.665970,11.078297, 271.044220, 1.013705
5, 390,20,44.481266, 44.397972, 128.814880, 82.665970,11.078297, 271.044220, 1.001876
5, 390,21,77.391861, 78.356575, 128.814880, 82.665970,11.078297, 271.044220, 0.987688
5, 390,22,11.078297, 10.671024, 128.814880, 82.665970,11.078297, 271.044220, 1.038166
5, 390,23,57.111309, 56.332615, 128.814880, 82.665970,11.078297, 271.044220, 1.013823
5, 390,24,163.545273, 163.376938, 128.814880, 82.665970,11.078297, 271.044220, 1.001030
5, 390,25,187.793930, 187.254211, 128.814880, 82.665970,11.078297, 271.044220, 1.002882
5, 390,26,168.219299, 168.441574, 128.814880, 82.665970,11.078297, 271.044220, 0.998680
5, 390,27,75.356827, 75.009453, 128.814880, 82.665970,11.078297, 271.044220, 1.004631
5, 390,28,126.455360, 124.832985, 128.814880, 82.665970,11.078297, 271.044220, 1.012996
5, 390,29,220.514297, 220.310120, 128.814880, 82.665970,11.078297, 271.044220, 1.000927
5, 390,30,145.061050, 145.746582, 128.814880, 82.665970,11.078297, 271.044220, 0.995296
5, 390,31,165.294785, 165.685593, 128.814880, 82.665970,11.078297, 271.044220, 0.997641
5, 391,0,69.126328, 69.087433, 128.586349, 70.416718,12.615074, 241.436783, 1.000563
5, 391,1,121.250755, 121.303062, 128.586349, 70.416718,12.615074, 241.436783, 0.999569
5, 391,2,52.263962, 52.348621, 128.586349, 70.416718,12.615074, 241.436783, 0.998383
5, 391,3,146.340378, 146.877045, 128.586349, 70.416718,12.615074, 241.436783, 0.996346
5, 391,4,100.684441, 100.200409, 128.586349, 70.416718,12.615074, 241.436783, 1.004831
5, 391,5,181.457932, 181.995590, 128.586349, 70.416718,12.615074, 241.436783, 0.997046
5, 391,6,148.341583, 149.728943, 128.586349, 70.416718,12.615074, 241.436783, 0.990734
5, 391,7,78.039360, 78.947281, 128.586349, 70.416718,12.615074, 241.436783, 0.988500
5, 391,8,200.041855, 200.511459, 128.586349, 70.416718,12.615074, 241.436783, 0.997658
5, 391,9,127.823212, 127.766426, 128.586349, 70.416718,12.615074, 241.436783, 1.000444
5, 391,10,232.088348, 233.129211, 128.586349, 70.416718,12.615074, 241.436783, 0.995535
5, 391,11,197.183014, 197.258286, 128.586349, 70.416718,12.615074, 241.436783, 0.999618
5, 391,12,226.270630, 226.307571, 128.586349, 70.416718,12.615074, 241.436783, 0.999837
5, 391,13,84.115547, 84.428955, 128.586349, 70.416718,12.615074, 241.436783, 0.996288
5, 391,14,19.483612, 19.279434, 128.586349, 70.416718,12.615074, 241.436783, 1.010590
5, 391,15,12.615074, 12.679930, 128.586349, 70.416718,12.615074, 241.436783, 0.994885
5, 391,16,145.233994, 144.161285, 128.586349, 70.416718,12.615074, 241.436783, 1.007441
5, 391,17,76.006310, 76.296013, 128.586349, 70.416718,12.615074, 241.436783, 0.996203
5, 391,18,15.381701, 15.424350, 128.586349, 70.416718,12.615074, 241.436783, 0.997235
5, 391,19,135.981674, 136.916870, 128.586349, 70.416718,12.615074, 241.436783, 0.993170
5, 391,20,52.760021, 53.824730, 128.586349, 70.416718,12.615074, 241.436783, 0.980219
5, 391,21,221.342651, 221.499466, 128.586349, 70.416718,12.615074, 241.436783, 0.999292
5, 391,22,142.028366, 141.108749, 128.586349, 70.416718,12.615074, 241.436783, 1.006517
5, 391,23,106.356331, 107.129532, 128.586349, 70.416718,12.615074, 241.436783, 0.992783
5, 391,24,52.037251, 52.119320, 128.586349, 70.416718,12.615074, 241.436783, 0.998425
5, 391,25,230.347855, 230.635590, 128.586349, 70.416718,12.615074, 241.436783, 0.998752
5, 391,26,204.682617, 204.832321, 128.586349, 70.416718,12.615074, 241.436783, 0.999269
5, 391,27,37.185829, 37.429867, 128.586349, 70.416718,12.615074, 241.436783, 0.993480
5, 391,28,120.582649, 121.037933, 128.586349, 70.416718,12.615074, 241.436783, 0.996239
5, 391,29,241.436783, 241.312302, 128.586349, 70.416718,12.615074, 241.436783, 1.000516
5, 391,30,130.451721, 130.023590, 128.586349, 70.416718,12.615074, 241.436783, 1.003293
5, 391,31,205.821152, 205.398392, 128.586349, 70.416718,12.615074, 241.436783, 1.002058
5, 392,0,112.687965, 112.253799, 128.852539, 61.629459,11.847808, 247.827011, 1.003868
5, 392,1,220.678909, 220.151535, 128.852539, 61.629459,11.847808, 247.827011, 1.002396
5, 392,2,58.095470, 57.550869, 128.852539, 61.629459,11.847808, 247.827011, 1.009463
5, 392,3,82.575294, 81.962296, 128.852539, 61.629459,11.847808, 247.827011, 1.007479
5, 392,4,216.210342, 216.168030, 128.852539, 61.629459,11.847808, 247.827011, 1.000196
5, 392,5,118.277710, 118.750809, 128.852539, 61.629459,11.847808, 247.827011, 0.996016
5, 392,6,82.287407, 82.175560, 128.852539, 61.629459,11.847808, 247.827011, 1.001361
5, 392,7,41.127201, 41.967163, 128.852539, 61.629459,11.847808, 247.827011, 0.979985
5, 392,8,153.840439, 153.102005, 128.852539, 61.629459,11.847808, 247.827011, 1.004823
5, 392,9,102.231567, 103.014771, 128.852539, 61.629459,11.847808, 247.827011, 0.992397
5, 392,10,11.847808, 11.553801, 128.852539, 61.629459,11.847808, 247.827011, 1.025447
5, 392,11,60.034519, 59.919659, 128.852539, 61.629459,11.847808, 247.827011, 1.001917
5, 392,12,77.017075, 76.996231, 128.852539, 61.629459,11.847808, 247.827011, 1.000271
5, 392,13,212.881042, 213.319397, 128.852539, 61.629459,11.847808, 247.827011, 0.997945
5, 392,14,89.708160, 89.761772, 128.852539, 61.629459,11.847808, 247.827011, 0.999403
5, 392,15,178.787186, 179.783188, 128.852539, 61.629459,11.847808, 247.827011, 0.994460
5, 392,16,148.680115, 148.090210, 128.852539, 61.629459,11.847808, 247.827011, 1.003983
5, 392,17,215.889236, 215.726257, 128.852539, 61.629459,11.847808, 247.827011, 1.000756
5, 392,18,153.207672, 153.498047, 128.852539, 61.629459,11.847808, 247.827011, 0.998108
5, 392,19,117.378021, 117.440750, 128.852539, 61.629459,11.847808, 247.827011, 0.999466
5, 392,20,170.925491, 171.267761, 128.852539, 61.629459,11.847808, 247.827011, 0.998002
5, 392,21,219.033569, 218.986191, 128.852539, 61.629459,11.847808, 247.827011, 1.000216
5, 392,22,184.055481, 183.225922, 128.852539, 61.629459,11.847808, 247.827011, 1.004528
5, 392,23,134.003128, 134.425934, 128.852539, 61.629459,11.847808, 247.827011, 0.996855
5, 392,24,125.895691, 125.933334, 128.852539, 61.629459,11.847808, 247.827011, 0.999701
5, 392,25,115.077591, 114.378845, 128.852539, 61.629459,11.847808, 247.827011, 1.006109
5, 392,26,142.683762, 143.063217, 128.852539, 61.629459,11.847808, 247.827011, 0.997348
5, 392,27,52.492649, 51.899300, 128.852539, 61.629459,11.847808, 247.827011, 1.011433
5, 392,28,36.343204, 35.424442, 128.852539, 61.629459,11.847808, 247.827011, 1.025936
5, 392,29,247.827011, 248.302750, 128.852539, 61.629459,11.847808, 247.827011, 0.998084
5, 392,30,117.025826, 115.582283, 128.852539, 61.629459,11.847808, 247.827011, 1.012489
5, 392,31,124.474274, 125.323997, 128.852539, 61.629459,11.847808, 247.827011, 0.993220
5, 393,0,233.256622, 232.513885, 129.070084, 68.436913,18.923958, 245.150330, 1.003194
5, 393,1,115.921555, 116.445145, 129.070084, 68.436913,18.923958, 245.150330, 0.995504
5, 393,2,110.823509, 110.046288, 129.070084, 68.436913,18.923958, 245.150330, 1.007063
5, 393,3,131.808182, 130.978134, 129.070084, 68.436913,18.923958, 245.150330, 1.006337
5, 393,4,50.865570, 50.836990, 129.070084, 68.436913,18.923958, 245.150330, 1.000562
5, 393,5,23.895294, 24.345005, 129.070084, 68.436913,18.923958, 245.150330, 0.981528
5, 393,6,83.958199, 84.465324, 129.070084, 68.436913,18.923958, 245.150330, 0.993996
5, 393,7,172.902695, 171.684982, 129.070084, 68.436913,18.923958, 245.150330, 1.007093
5, 393,8,18.923958, 18.748718, 129.070084, 68.436913,18.923958, 245.150330, 1.009347
5, 393,9,141.887741, 141.527206, 129.070084, 68.436913,18.923958, 245.150330, 1.002548
5, 393,10,218.022598, 218.494263, 129.070084, 68.436913,18.923958, 245.150330, 0.997841
5, 393,11,221.800125, 221.603287, 129.070084, 68.436913,18.923958, 245.150330, 1.000888
5, 393,12,130.771301, 131.137207, 129.070084, 68.436913,18.923958, 245.150330, 0.997210
5, 393,13,87.065216, 86.417519, 129.070084, 68.436913,18.923958, 245.150330, 1.007495
5, 393,14,122.997528, 123.031990, 129.070084, 68.436913,18.923958, 245.150330, 0.999720
5, 393,15,245.150330, 245.072983, 129.070084, 68.436913,18.923958, 245.150330, 1.000316
5, 393,16,194.963501, 194.749786, 129.070084, 68.436913,18.923958, 245.150330, 1.001097
5, 393,17,36.943081, 36.289536, 129.070084, 68.436913,18.923958, 245.150330, 1.018009
5, 393,18,118.194122, 118.245499, 129.070084, 68.436913,18.923958, 245.150330, 0.999565
5, 393,19,162.491394, 160.868378, 129.070084, 68.436913,18.923958, 245.150330, 1.010089
5, 393,20,65.712067, 66.085793, 129.070084, 68.436913,18.923958, 245.150330, 0.994345
5, 393,21,44.298874, 43.266823, 129.070084, 68.436913,18.923958, 245.150330, 1.023853
5, 393,22,117.249130, 116.828362, 129.070084, 68.436913,18.923958, 245.150330, 1.003602
5, 393,23,141.740860, 142.170731, 129.070084, 68.436913,18.923958, 245.150330, 0.996976
5, 393,24,84.471855, 84.067657, 129.070084, 68.436913,18.923958, 245.150330, 1.004808
5, 393,25,186.877045, 187.403748, 129.070084, 68.436913,18.923958, 245.150330, 0.997189
5, 393,26,23.728636, 23.600281, 129.070084, 68.436913,18.923958, 245.150330, 1.005439
5, 393,27,159.136322, 158.178696, 129.070084, 68.436913,18.923958, 245.150330, 1.006054
5, 393,28,223.828598, 224.170074, 129.070084, 68.436913,18.923958, 245.150330, 0.998477
5, 393,29,65.036140, 63.858845, 129.070084, 68.436913,18.923958, 245.150330, 1.018436
5, 393,30,237.698471, 237.336517, 129.070084, 68.436913,18.923958, 245.150330, 1.001525
5, 393,31,157.821930, 156.530182, 129.070084, 68.436913,18.923958, 245.150330, 1.008252
5, 394,0,195.749298, 196.411560, 128.720032, 89.152534,10.337287, 279.896240, 0.996628
5, 394,1,10.337287, 10.578841, 128.720032, 89.152534,10.337287, 279.896240, 0.977166
5, 394,2,10.676563, 11.810946, 128.720032, 89.152534,10.337287, 279.896240, 0.903955
5, 394,3,37.828693, 38.851082, 128.720032, 89.152534,10.337287, 279.896240, 0.973684
5, 394,4,37.666714, 37.908401, 128.720032, 89.152534,10.337287, 279.896240, 0.993624
5, 394,5,231.518402, 231.406631, 128.720032, 89.152534,10.337287, 279.896240, 1.000483
5, 394,6,89.958916, 88.515633, 128.720032, 89.152534,10.337287, 279.896240, 1.016305
5, 394,7,104.080772, 104.458565, 128.720032, 89.152534,10.337287, 279.896240, 0.996383
5, 394,8,84.568069, 84.918549, 128.720032, 89.152534,10.337287, 279.896240, 0.995873
5, 394,9,32.070332, 30.490967, 128.720032, 89.152534,10.337287, 279.896240, 1.051798
5, 394,10,210.665298, 210.998367, 128.720032, 89.152534,10.337287, 279.896240, 0.998421
5, 394,11,177.782028, 177.020401, 128.720032, 89.152534,10.337287, 279.896240, 1.004303
5, 394,12,194.560501, 194.608887, 128.720032, 89.152534,10.337287, 279.896240, 0.999751
5, 394,13,279.896240, 279.938293, 128.720032, 89.152534,10.337287, 279.896240, 0.999850
5, 394,14,90.282692, 90.061966, 128.720032, 89.152534,10.337287, 279.896240, 1.002451
5, 394,15,238.658417, 239.469070, 128.720032, 89.152534,10.337287, 279.896240, 0.996615
5, 394,16,227.243942, 227.288605, 128.720032, 89.152534,10.337287, 279.896240, 0.999803
5, 394,17,211.078979, 210.345108, 128.720032, 89.152534,10.337287, 279.896240, 1.003489
5, 394,18,44.780682, 44.722183, 128.720032, 89.152534,10.337287, 279.896240, 1.001308
5, 394,19,19.186138, 18.583384, 128.720032, 89.152534,10.337287, 279.896240, 1.032435
5, 394,20,170.207916, 170.264511, 128.720032, 89.152534,10.337287, 279.896240, 0.999668
5, 394,21,54.003082, 53.586716, 128.720032, 89.152534,10.337287, 279.896240, 1.007770
5, 394,22,17.033735, 17.152821, 128.720032, 89.152534,10.337287, 279.896240, 0.993057
5, 394,23,76.756393, 77.501114, 128.720032, 89.152534,10.337287, 279.896240, 0.990391
5, 394,24,10.570066, 10.355574, 128.720032, 89.152534,10.337287, 279.896240, 1.020713
5, 394,25,104.785942, 104.458565, 128.720032, 89.152534,10.337287, 279.896240, 1.003134
5, 394,26,118.200417, 118.607079, 128.720032, 89.152534,10.337287, 279.896240, 0.996571
5, 394,27,213.022873, 211.759125, 128.720032, 89.152534,10.337287, 279.896240, 1.005968
5, 394,28,108.697273, 108.584877, 128.720032, 89.152534,10.337287, 279.896240, 1.001035
5, 394,29,171.465256, 172.273911, 128.720032, 89.152534,10.337287, 279.896240, 0.995306
5, 394,30,275.899048, 276.142761, 128.720032, 89.152534,10.337287, 279.896240, 0.999117
5, 394,31,269.808899, 271.925507, 128.720032, 89.152534,10.337287, 279.896240, 0.992216
5, 395,0,207.644653, 206.783646, 128.949142, 63.402363,21.164373, 225.218079, 1.004164
5, 395,1,225.218079, 223.627625, 128.949142, 63.402363,21.164373, 225.218079, 1.007112
5, 395,2,166.861069, 168.068207, 128.949142, 63.402363,21.164373, 225.218079, 0.992818
5, 395,3,218.797485, 218.382431, 128.949142, 63.402363,21.164373, 225.218079, 1.001901
5, 395,4,53.609604, 54.132160, 128.949142, 63.402363,21.164373, 225.218079, 0.990347
5, 395,5,52.106110, 52.575096, 128.949142, 63.402363,21.164373, 225.218079, 0.991080
5, 395,6,223.855698, 224.300598, 128.949142, 63.402363,21.164373, 225.218079, 0.998016
5, 395,7,21.164373, 20.721298, 128.949142, 63.402363,21.164373, 225.218079, 1.021383
5, 395,8,176.339737, 177.067505, 128.949142, 63.402363,21.164373, 225.218079, 0.995890
5, 395,9,170.114716, 170.397217, 128.949142, 63.402363,21.164373, 225.218079, 0.998342
5, 395,10,100.078728, 100.368988, 128.949142, 63.402363,21.164373, 225.218079, 0.997108
5, 395,11,40.355469, 40.382507, 128.949142, 63.402363,21.164373, 225.218079, 0.999330
5, 395,12,165.159744, 164.841934, 128.949142, 63.402363,21.164373, 225.218079, 1.001928
5, 395,13,69.098511, 68.904457, 128.949142, 63.402363,21.164373, 225.218079, 1.002816
5, 395,14,164.307816, 164.452667, 128.949142, 63.402363,21.164373, 225.218079, 0.999119
5, 395,15,155.036942, 155.974594, 128.949142, 63.402363,21.164373, 225.218079, 0.993988
5, 395,16,134.142578, 134.716736, 128.949142, 63.402363,21.164373, 225.218079, 0.995738
5, 395,17,28.139698, 28.948656, 128.949142, 63.402363,21.164373, 225.218079, 0.972055
5, 395,18,161.532257, 162.242432, 128.949142, 63.402363,21.164373, 225.218079, 0.995623
5, 395,19,123.396454, 122.167870, 128.949142, 63.402363,21.164373, 225.218079, 1.010056
5, 395,20,65.058128, 63.969360, 128.949142, 63.402363,21.164373, 225.218079, 1.017020
5, 395,21,125.105415, 124.734375, 128.949142, 63.402363,21.164373, 225.218079, 1.002975
5, 395,22,177.570358, 177.403976, 128.949142, 63.402363,21.164373, 225.218079, 1.000938
5, 395,23,174.219131, 174.520782, 128.949142, 63.402363,21.164373, 225.218079, 0.998272
5, 395,24,57.860405, 56.355591, 128.949142, 63.402363,21.164373, 225.218079, 1.026702
5, 395,25,100.283073, 99.973129, 128.949142, 63.402363,21.164373, 225.218079, 1.003100
5, 395,26,57.139053, 57.120926, 128.949142, 63.402363,21.164373, 225.218079, 1.000317
5, 395,27,188.078354, 185.492798, 128.949142, 63.402363,21.164373, 225.218079, 1.013939
5, 395,28,199.259415, 198.589279, 128.949142, 63.402363,21.164373, 225.218079, 1.003374
5, 395,29,41.531197, 41.735043, 128.949142, 63.402363,21.164373, 225.218079, 0.995116
5, 395,30,122.116234, 120.030205, 128.949142, 63.402363,21.164373, 225.218079, 1.017379
5, 395,31,161.192093, 162.018112, 128.949142, 63.402363,21.164373, 225.218079, 0.994902
5, 396,0,77.473404, 77.027130, 128.649139, 79.478065,10.398922, 255.766861, 1.005794
5, 396,1,179.584854, 180.144608, 128.649139, 79.478065,10.398922, 255.766861, 0.996893
5, 396,2,20.621395, 19.877037, 128.649139, 79.478065,10.398922, 255.766861, 1.037448
5, 396,3,10.398922, 10.491548, 128.649139, 79.478065,10.398922, 255.766861, 0.991171
5, 396,4,252.936127, 253.677078, 128.649139, 79.478065,10.398922, 255.766861, 0.997079
5, 396,5,255.766861, 254.790726, 128.649139, 79.478065,10.398922, 255.766861, 1.003831
5, 396,6,98.328224, 98.232811, 128.649139, 79.478065,10.398922, 255.766861, 1.000971
5, 396,7,69.265999, 70.360519, 128.649139, 79.478065,10.398922, 255.766861, 0.984444
5, 396,8,114.336327, 113.877846, 128.649139, 79.478065,10.398922, 255.766861, 1.004026
5, 396,9,44.943386, 46.036587, 128.649139, 79.478065,10.398922, 255.766861, 0.976254
5, 396,10,108.791046, 108.478508, 128.649139, 79.478065,10.398922, 255.766861, 1.002881
5, 396,11,77.396469, 77.342026, 128.649139, 79.478065,10.398922, 255.766861, 1.000704
5, 396,12,123.230812, 125.782516, 128.649139, 79.478065,10.398922, 255.766861, 0.979713
5, 396,13,230.668823, 228.761749, 128.649139, 79.478065,10.398922, 255.766861, 1.008337
5, 396,14,219.213440, 218.869354, 128.649139, 79.478065,10.398922, 255.766861, 1.001572
5, 396,15,118.172844, 120.567505, 128.649139, 79.478065,10.398922, 255.766861, 0.980138
5, 396,16,127.251968, 127.848557, 128.649139, 79.478065,10.398922, 255.766861, 0.995334
5, 396,17,89.854462, 89.338867, 128.649139, 79.478065,10.398922, 255.766861, 1.005771
5, 396,18,252.082626, 250.804596, 128.649139, 79.478065,10.398922, 255.766861, 1.005096
5, 396,19,19.019176, 18.302547, 128.649139, 79.478065,10.398922, 255.766861, 1.039155
5, 396,20,175.239014, 175.298248, 128.649139, 79.478065,10.398922, 255.766861, 0.999662
5, 396,21,50.245945, 51.105675, 128.649139, 79.478065,10.398922, 255.766861, 0.983177
5, 396,22,61.820484, 61.512661, 128.649139, 79.478065,10.398922, 255.766861, 1.005004
5, 396,23,213.483170, 214.721909, 128.649139, 79.478065,10.398922, 255.766861, 0.994231
5, 396,24,20.877604, 20.583637, 128.649139, 79.478065,10.398922, 255.766861, 1.014282
5, 396,25,243.503265, 244.360703, 128.649139, 79.478065,10.398922, 255.766861, 0.996491
5, 396,26,216.363266, 216.273376, 128.649139, 79.478065,10.398922, 255.766861, 1.000416
5, 396,27,45.800476, 46.366848, 128.649139, 79.478065,10.398922, 255.766861, 0.987785
5, 396,28,191.932510, 192.848038, 128.649139, 79.478065,10.398922, 255.766861, 0.995253
5, 396,29,68.826767, 67.818298, 128.649139, 79.478065,10.398922, 255.766861, 1.014870
5, 396,30,190.461487, 189.629944, 128.649139, 79.478065,10.398922, 255.766861, 1.004385
5, 396,31,148.881317, 149.868362, 128.649139, 79.478065,10.398922, 255.766861, 0.993414
5, 397,0,193.445206, 194.099487, 128.838303, 68.215042,16.301903, 230.574081, 0.996629
5, 397,1,35.925285, 35.942970, 128.838303, 68.215042,16.301903, 230.574081, 0.999508
5, 397,2,16.301903, 16.902195, 128.838303, 68.215042,16.301903, 230.574081, 0.964484
5, 397,3,48.207973, 48.300018, 128.838303, 68.215042,16.301903, 230.574081, 0.998094
5, 397,4,186.816467, 187.613770, 128.838303, 68.215042,16.301903, 230.574081, 0.995750
5, 397,5,55.818142, 54.362476, 128.838303, 68.215042,16.301903, 230.574081, 1.026777
5, 397,6,110.564888, 112.010483, 128.838303, 68.215042,16.301903, 230.574081, 0.987094
5, 397,7,212.311935, 212.430252, 128.838303, 68.215042,16.301903, 230.574081, 0.999443
5, 397,8,118.994820, 119.527115, 128.838303, 68.215042,16.301903, 230.574081, 0.995547
5, 397,9,155.481766, 155.362564, 128.838303, 68.215042,16.301903, 230.574081, 1.000767
5, 397,10,189.857391, 189.095230, 128.838303, 68.215042,16.301903, 230.574081, 1.004031
5, 397,11,195.702759, 195.854065, 128.838303, 68.215042,16.301903, 230.574081, 0.999227
5, 397,12,158.381363, 158.325500, 128.838303, 68.215042,16.301903, 230.574081, 1.000353
5, 397,13,186.186386, 185.804581, 128.838303, 68.215042,16.301903, 230.574081, 1.002055
5, 397,14,210.362366, 210.027115, 128.838303, 68.215042,16.301903, 230.574081, 1.001596
5, 397,15,152.438629, 151.539383, 128.838303, 68.215042,16.301903, 230.574081, 1.005934
5, 397,16,64.636612, 64.999100, 128.838303, 68.215042,16.301903, 230.574081, 0.994423
5, 397,17,90.383057, 91.167358, 128.838303, 68.215042,16.301903, 230.574081, 0.991397
5, 397,18,80.932602, 80.230339, 128.838303, 68.215042,16.301903, 230.574081, 1.008753
5, 397,19,130.102539, 130.860107, 128.838303, 68.215042,16.301903, 230.574081, 0.994211
5, 397,20,46.612564, 46.866325, 128.838303, 68.215042,16.301903, 230.574081, 0.994585
5, 397,21,65.888931, 66.664902, 128.838303, 68.215042,16.301903, 230.574081, 0.988360
5, 397,22,230.431274, 230.064651, 128.838303, 68.215042,16.301903, 230.574081, 1.001594
5, 397,23,157.195816, 157.144424, 128.838303, 68.215042,16.301903, 230.574081, 1.000327
5, 397,24,230.574081, 229.354630, 128.838303, 68.215042,16.301903, 230.574081, 1.005317
5, 397,25,156.539825, 156.468536, 128.838303, 68.215042,16.301903, 230.574081, 1.000456
5, 397,26,49.324986, 48.661850, 128.838303, 68.215042,16.301903, 230.574081, 1.013627
5, 397,27,30.778727, 30.522253, 128.838303, 68.215042,16.301903, 230.574081, 1.008403
5, 397,28,39.860016, 39.056126, 128.838303, 68.215042,16.301903, 230.574081, 1.020583
5, 397,29,119.401543, 119.090179, 128.838303, 68.215042,16.301903, 230.574081, 1.002614
5, 397,30,217.462173, 217.373077, 128.838303, 68.215042,16.301903, 230.574081, 1.000410
5, 397,31,185.903519, 185.278900, 128.838303, 68.215042,16.301903, 230.574081, 1.003371
5, 398,0,23.316374, 23.744213, 128.734665, 86.602379,17.599947, 268.458038, 0.981981
5, 398,1,46.388916, 46.123123, 128.734665, 86.602379,17.599947, 268.458038, 1.005763
5, 398,2,130.679535, 129.943024, 128.734665, 86.602379,17.599947, 268.458038, 1.005668
5, 398,3,127.639458, 127.661568, 128.734665, 86.602379,17.599947, 268.458038, 0.999827
5, 398,4,268.458038, 265.998901, 128.734665, 86.602379,17.599947, 268.458038, 1.009245
5, 398,5,64.632797, 64.263901, 128.734665, 86.602379,17.599947, 268.458038, 1.005740
5, 398,6,152.933960, 153.232941, 128.734665, 86.602379,17.599947, 268.458038, 0.998049
5, 398,7,155.446228, 155.767899, 128.734665, 86.602379,17.599947, 268.458038, 0.997935
5, 398,8,192.185165, 192.445541, 128.734665, 86.602379,17.599947, 268.458038, 0.998647
5, 398,9,116.324173, 117.284088, 128.734665, 86.602379,17.599947, 268.458038, 0.991815
5, 398,10,124.041977, 124.477028, 128.734665, 86.602379,17.599947, 268.458038, 0.996505
5, 398,11,190.945709, 190.306671, 128.734665, 86.602379,17.599947, 268.458038, 1.003358
5, 398,12,263.596008, 264.810608, 128.734665, 86.602379,17.599947, 268.458038, 0.995413
5, 398,13,89.579346, 88.599480, 128.734665, 86.602379,17.599947, 268.458038, 1.011060
5, 398,14,92.940674, 91.902840, 128.734665, 86.602379,17.599947, 268.458038, 1.011293
5, 398,15,83.557518, 82.658180, 128.734665, 86.602379,17.599947, 268.458038, 1.010880
5, 398,16,31.643517, 32.220474, 128.734665, 86.602379,17.599947, 268.458038, 0.982093
5, 398,17,256.060883, 257.197815, 128.734665, 86.602379,17.599947, 268.458038, 0.995580
5, 398,18,234.155930, 233.187027, 128.734665, 86.602379,17.599947, 268.458038, 1.004155
5, 398,19,18.091169, 19.838799, 128.734665, 86.602379,17.599947, 268.458038, 0.911909
5, 398,20,19.205751, 18.214840, 128.734665, 86.602379,17.599947, 268.458038, 1.054401
5, 398,21,81.105202, 81.747177, 128.734665, 86.602379,17.599947, 268.458038, 0.992147
5, 398,22,251.389938, 252.436844, 128.734665, 86.602379,17.599947, 268.458038, 0.995853
5, 398,23,29.257870, 29.820189, 128.734665, 86.602379,17.599947, 268.458038, 0.981143
5, 398,24,251.798569, 252.040771, 128.734665, 86.602379,17.599947, 268.458038, 0.999039
5, 398,25,43.126240, 43.477261, 128.734665, 86.602379,17.599947, 268.458038, 0.991926
5, 398,26,243.981201, 243.841766, 128.734665, 86.602379,17.599947, 268.458038, 1.000572
5, 398,27,17.599947, 18.721832, 128.734665, 86.602379,17.599947, 268.458038, 0.940076
5, 398,28,60.405621, 59.827728, 128.734665, 86.602379,17.599947, 268.458038, 1.009659
5, 398,29,227.810059, 228.457764, 128.734665, 86.602379,17.599947, 268.458038, 0.997165
5, 398,30,176.512772, 174.883041, 128.734665, 86.602379,17.599947, 268.458038, 1.009319
5, 398,31,54.699009, 55.866859, 128.734665, 86.602379,17.599947, 268.458038, 0.979096
5, 399,0,191.481552, 191.914368, 128.812668, 63.315536,16.768791, 225.882736, 0.997745
5, 399,1,89.432800, 87.990829, 128.812668, 63.315536,16.768791, 225.882736, 1.016388
5, 399,2,172.310715, 172.247238, 128.812668, 63.315536,16.768791, 225.882736, 1.000368
5, 399,3,199.097733, 197.488937, 128.812668, 63.315536,16.768791, 225.882736, 1.008146
5, 399,4,175.097412, 174.645828, 128.812668, 63.315536,16.768791, 225.882736, 1.002586
5, 399,5,142.994049, 145.271362, 128.812668, 63.315536,16.768791, 225.882736, 0.984324
5, 399,6,18.022261, 18.411688, 128.812668, 63.315536,16.768791, 225.882736, 0.978849
5, 399,7,66.508957, 66.170937, 128.812668, 63.315536,16.768791, 225.882736, 1.005108
5, 399,8,44.823166, 44.430779, 128.812668, 63.315536,16.768791, 225.882736, 1.008831
5, 399,9,89.064499, 89.811363, 128.812668, 63.315536,16.768791, 225.882736, 0.991684
5, 399,10,175.541946, 176.346756, 128.812668, 63.315536,16.768791, 225.882736, 0.995436
5, 399,11,174.410004, 174.340179, 128.812668, 63.315536,16.768791, 225.882736, 1.000401
5, 399,12,222.037048, 223.069504, 128.812668, 63.315536,16.768791, 225.882736, 0.995372
5, 399,13,223.024963, 223.773804, 128.812668, 63.315536,16.768791, 225.882736, 0.996654
5, 399,14,154.345917, 153.430573, 128.812668, 63.315536,16.768791, 225.882736, 1.005966
5, 399,15,213.565384, 213.986740, 128.812668, 63.315536,16.768791, 225.882736, 0.998031
5, 399,16,134.907867, 134.069061, 128.812668, 63.315536,16.768791, 225.882736, 1.006257
5, 399,17,141.216873, 137.763306, 128.812668, 63.315536,16.768791, 225.882736, 1.025069
5, 399,18,82.564026, 82.914581, 128.812668, 63.315536,16.768791, 225.882736, 0.995772
5, 399,19,131.960266, 130.733643, 128.812668, 63.315536,16.768791, 225.882736, 1.009383
5, 399,20,101.667625, 101.804337, 128.812668, 63.315536,16.768791, 225.882736, 0.998657
5, 399,21,225.882736, 225.494675, 128.812668, 63.315536,16.768791, 225.882736, 1.001721
5, 399,22,16.768791, 17.434975, 128.812668, 63.315536,16.768791, 225.882736, 0.961790
5, 399,23,91.844254, 93.379356, 128.812668, 63.315536,16.768791, 225.882736, 0.983561
5, 399,24,54.476257, 54.988575, 128.812668, 63.315536,16.768791, 225.882736, 0.990683
5, 399,25,156.741211, 157.476944, 128.812668, 63.315536,16.768791, 225.882736, 0.995328
5, 399,26,71.940430, 71.679062, 128.812668, 63.315536,16.768791, 225.882736, 1.003646
5, 399,27,91.961151, 93.047150, 128.812668, 63.315536,16.768791, 225.882736, 0.988329
5, 399,28,210.790710, 212.179489, 128.812668, 63.315536,16.768791, 225.882736, 0.993455
5, 399,29,117.368874, 117.557976, 128.812668, 63.315536,16.768791, 225.882736, 0.998391
5, 399,30,115.337418, 114.774017, 128.812668, 63.315536,16.768791, 225.882736, 1.004909
5, 399,31,24.817739, 22.371693, 128.812668, 63.315536,16.768791, 225.882736, 1.109337
5, 400,0,127.327438, 126.857971, 128.916840, 61.355946,41.478889, 254.140533, 1.003701
5, 400,1,52.876495, 52.755398, 128.916840, 61.355946,41.478889, 254.140533, 1.002295
5, 400,2,254.140533, 253.138077, 128.916840, 61.355946,41.478889, 254.140533, 1.003960
5, 400,3,122.067169, 122.479218, 128.916840, 61.355946,41.478889, 254.140533, 0.996636
5, 400,4,68.228516, 66.720490, 128.916840, 61.355946,41.478889, 254.140533, 1.022602
5, 400,5,95.794754, 95.284027, 128.916840, 61.355946,41.478889, 254.140533, 1.005360
5, 400,6,130.869751, 131.299286, 128.916840, 61.355946,41.478889, 254.140533, 0.996729
5, 400,7,157.873642, 156.946274, 128.916840, 61.355946,41.478889, 254.140533, 1.005909
5, 400,8,104.136993, 104.158821, 128.916840, 61.355946,41.478889, 254.140533, 0.999790
5, 400,9,67.664078, 67.338203, 128.916840, 61.355946,41.478889, 254.140533, 1.004839
5, 400,10,235.497513, 234.786407, 128.916840, 61.355946,41.478889, 254.140533, 1.003029
5, 400,11,250.414322, 250.456085, 128.916840, 61.355946,41.478889, 254.140533, 0.999833
5, 400,12,41.478889, 41.519203, 128.916840, 61.355946,41.478889, 254.140533, 0.999029
5, 400,13,179.682129, 180.654083, 128.916840, 61.355946,41.478889, 254.140533, 0.994620
5, 400,14,174.204926, 175.219727, 128.916840, 61.355946,41.478889, 254.140533, 0.994208
5, 400,15,188.686844, 187.011093, 128.916840, 61.355946,41.478889, 254.140533, 1.008961
5, 400,16,186.758377, 186.049332, 128.916840, 61.355946,41.478889, 254.140533, 1.003811
5, 400,17,151.480682, 151.144409, 128.916840, 61.355946,41.478889, 254.140533, 1.002225
5, 400,18,46.661583, 44.834541, 128.916840, 61.355946,41.478889, 254.140533, 1.040751
5, 400,19,50.291241, 48.415737, 128.916840, 61.355946,41.478889, 254.140533, 1.038738
5, 400,20,113.557480, 113.878098, 128.916840, 61.355946,41.478889, 254.140533, 0.997185
5, 400,21,121.155106, 120.618240, 128.916840, 61.355946,41.478889, 254.140533, 1.004451
5, 400,22,115.933701, 117.435829, 128.916840, 61.355946,41.478889, 254.140533, 0.987209
5, 400,23,118.249924, 118.272491, 128.916840, 61.355946,41.478889, 254.140533, 0.999809
5, 400,24,141.663132, 142.770035, 128.916840, 61.355946,41.478889, 254.140533, 0.992247
5, 400,25,113.747383, 113.698250, 128.916840, 61.355946,41.478889, 254.140533, 1.000432
5, 400,26,74.020073, 75.564003, 128.916840, 61.355946,41.478889, 254.140533, 0.979568
5, 400,27,158.766068, 158.072235, 128.916840, 61.355946,41.478889, 254.140533, 1.004389
5, 400,28,78.101074, 77.135658, 128.916840, 61.355946,41.478889, 254.140533, 1.012516
5, 400,29,246.819473, 247.907043, 128.916840, 61.355946,41.478889, 254.140533, 0.995613
5, 400,30,76.742638, 77.683006, 128.916840, 61.355946,41.478889, 254.140533, 0.987895
5, 400,31,80.447090, 80.896698, 128.916840, 61.355946,41.478889, 254.140533, 0.994442
5, 401,0,142.779846, 144.191711, 128.552826, 65.614670,15.771475, 229.479431, 0.990208
5, 401,1,173.053314, 173.853729, 128.552826, 65.614670,15.771475, 229.479431, 0.995396
5, 401,2,186.491074, 186.654800, 128.552826, 65.614670,15.771475, 229.479431, 0.999123
5, 401,3,68.413902, 68.047295, 128.552826, 65.614670,15.771475, 229.479431, 1.005388
5, 401,4,98.487709, 99.742615, 128.552826, 65.614670,15.771475, 229.479431, 0.987419
5, 401,5,125.033577, 125.682518, 128.552826, 65.614670,15.771475, 229.479431, 0.994837
5, 401,6,133.607834, 136.011185, 128.552826, 65.614670,15.771475, 229.479431, 0.982330
5, 401,7,146.169937, 146.968109, 128.552826, 65.614670,15.771475, 229.479431, 0.994569
5, 401,8,65.426384, 65.135811, 128.552826, 65.614670,15.771475, 229.479431, 1.004461
5, 401,9,117.023911, 116.306320, 128.552826, 65.614670,15.771475, 229.479431, 1.006170
5, 401,10,129.350021, 130.580032, 128.552826, 65.614670,15.771475, 229.479431, 0.990580
5, 401,11,54.041073, 55.097607, 128.552826, 65.614670,15.771475, 229.479431, 0.980824
5, 401,12,184.800415, 184.871429, 128.552826, 65.614670,15.771475, 229.479431, 0.999616
5, 401,13,115.340988, 116.171211, 128.552826, 65.614670,15.771475, 229.479431, 0.992853
5, 401,14,45.144733, 43.411137, 128.552826, 65.614670,15.771475, 229.479431, 1.039934
5, 401,15,45.785648, 45.451202, 128.552826, 65.614670,15.771475, 229.479431, 1.007358
5, 401,16,193.070389, 194.200333, 128.552826, 65.614670,15.771475, 229.479431, 0.994182
5, 401,17,211.657227, 211.453079, 128.552826, 65.614670,15.771475, 229.479431, 1.000965
5, 401,18,81.005508, 79.929665, 128.552826, 65.614670,15.771475, 229.479431, 1.013460
5, 401,19,213.207428, 212.581207, 128.552826, 65.614670,15.771475, 229.479431, 1.002946
5, 401,20,221.992218, 222.436996, 128.552826, 65.614670,15.771475, 229.479431, 0.998000
5, 401,21,214.266220, 214.053833, 128.552826, 65.614670,15.771475, 229.479431, 1.000992
5, 401,22,93.326172, 94.264160, 128.552826, 65.614670,15.771475, 229.479431, 0.990049
5, 401,23,136.470734, 136.484055, 128.552826, 65.614670,15.771475, 229.479431, 0.999902
5, 401,24,229.479431, 228.793640, 128.552826, 65.614670,15.771475, 229.479431, 1.002997
5, 401,25,52.490532, 53.597954, 128.552826, 65.614670,15.771475, 229.479431, 0.979338
5, 401,26,102.390015, 100.911263, 128.552826, 65.614670,15.771475, 229.479431, 1.014654
5, 401,27,30.043381, 31.447708, 128.552826, 65.614670,15.771475, 229.479431, 0.955344
5, 401,28,15.771475, 14.539484, 128.552826, 65.614670,15.771475, 229.479431, 1.084734
5, 401,29,210.188751, 211.446335, 128.552826, 65.614670,15.771475, 229.479431, 0.994052
5, 401,30,217.468842, 217.911041, 128.552826, 65.614670,15.771475, 229.479431, 0.997971
5, 401,31,59.912029, 58.772423, 128.552826, 65.614670,15.771475, 229.479431, 1.019390
5, 402,0,102.011314, 101.969276, 128.732666, 70.500038,18.248333, 248.204147, 1.000412
5, 402,1,18.339804, 18.275772, 128.732666, 70.500038,18.248333, 248.204147, 1.003504
5, 402,2,171.625336, 171.392197, 128.732666, 70.500038,18.248333, 248.204147, 1.001360
5, 402,3,114.011955, 114.821579, 128.732666, 70.500038,18.248333, 248.204147, 0.992949
5, 402,4,67.409843, 67.067741, 128.732666, 70.500038,18.248333, 248.204147, 1.005101
5, 402,5,167.648605, 165.901810, 128.732666, 70.500038,18.248333, 248.204147, 1.010529
5, 402,6,55.888527, 56.854618, 128.732666, 70.500038,18.248333, 248.204147, 0.983008
5, 402,7,18.248333, 18.509716, 128.732666, 70.500038,18.248333, 248.204147, 0.985879
5, 402,8,40.963367, 40.522396, 128.732666, 70.500038,18.248333, 248.204147, 1.010882
5, 402,9,109.090515, 108.841385, 128.732666, 70.500038,18.248333, 248.204147, 1.002289
5, 402,10,53.456230, 54.683323, 128.732666, 70.500038,18.248333, 248.204147, 0.977560
5, 402,11,140.653748, 139.407654, 128.732666, 70.500038,18.248333, 248.204147, 1.008938
5, 402,12,72.036690, 72.558113, 128.732666, 70.500038,18.248333, 248.204147, 0.992814
5, 402,13,208.431564, 208.391907, 128.732666, 70.500038,18.248333, 248.204147, 1.000190
5, 402,14,60.748829, 60.422264, 128.732666, 70.500038,18.248333, 248.204147, 1.005405
5, 402,15,128.465332, 128.456131, 128.732666, 70.500038,18.248333, 248.204147, 1.000072
5, 402,16,203.853912, 203.084320, 128.732666, 70.500038,18.248333, 248.204147, 1.003790
5, 402,17,132.573364, 132.513611, 128.732666, 70.500038,18.248333, 248.204147, 1.000451
5, 402,18,149.556519, 149.920502, 128.732666, 70.500038,18.248333, 248.204147, 0.997572
5, 402,19,242.007965, 242.993698, 128.732666, 70.500038,18.248333, 248.204147, 0.995943
5, 402,20,240.866394, 241.794739, 128.732666, 70.500038,18.248333, 248.204147, 0.996161
5, 402,21,25.506912, 24.599575, 128.732666, 70.500038,18.248333, 248.204147, 1.036884
5, 402,22,96.215942, 97.634003, 128.732666, 70.500038,18.248333, 248.204147, 0.985476
5, 402,23,186.680130, 186.532745, 128.732666, 70.500038,18.248333, 248.204147, 1.000790
5, 402,24,45.499451, 44.733391, 128.732666, 70.500038,18.248333, 248.204147, 1.017125
5, 402,25,182.582626, 182.811569, 128.732666, 70.500038,18.248333, 248.204147, 0.998748
5, 402,26,248.204147, 248.608368, 128.732666, 70.500038,18.248333, 248.204147, 0.998374
5, 402,27,116.867226, 116.239861, 128.732666, 70.500038,18.248333, 248.204147, 1.005397
5, 402,28,234.933502, 234.871460, 128.732666, 70.500038,18.248333, 248.204147, 1.000264
5, 402,29,126.267380, 126.124001, 128.732666, 70.500038,18.248333, 248.204147, 1.001137
5, 402,30,156.836365, 158.086624, 128.732666, 70.500038,18.248333, 248.204147, 0.992091
5, 402,31,201.963501, 202.375153, 128.732666, 70.500038,18.248333, 248.204147, 0.997966
5, 403,0,70.000595, 70.847046, 128.798279, 62.262318,11.543230, 215.363586, 0.988052
5, 403,1,172.936127, 173.385941, 128.798279, 62.262318,11.543230, 215.363586, 0.997406
5, 403,2,137.027634, 137.241196, 128.798279, 62.262318,11.543230, 215.363586, 0.998444
5, 403,3,31.899698, 31.365171, 128.798279, 62.262318,11.543230, 215.363586, 1.017042
5, 403,4,125.072899, 125.368134, 128.798279, 62.262318,11.543230, 215.363586, 0.997645
5, 403,5,105.227051, 105.206100, 128.798279, 62.262318,11.543230, 215.363586, 1.000199
5, 403,6,88.139061, 88.425507, 128.798279, 62.262318,11.543230, 215.363586, 0.996761
5, 403,7,215.363586, 216.857162, 128.798279, 62.262318,11.543230, 215.363586, 0.993113
5, 403,8,163.062729, 162.127106, 128.798279, 62.262318,11.543230, 215.363586, 1.005771
5, 403,9,26.867870, 26.330996, 128.798279, 62.262318,11.543230, 215.363586, 1.020389
5, 403,10,192.252655, 192.395493, 128.798279, 62.262318,11.543230, 215.363586, 0.999258
5, 403,11,211.350769, 210.968140, 128.798279, 62.262318,11.543230, 215.363586, 1.001814
5, 403,12,161.753769, 160.252762, 128.798279, 62.262318,11.543230, 215.363586, 1.009367
5, 403,13,92.643372, 92.649147, 128.798279, 62.262318,11.543230, 215.363586, 0.999938
5, 403,14,11.543230, 12.735553, 128.798279, 62.262318,11.543230, 215.363586, 0.906378
5, 403,15,87.023476, 87.747948, 128.798279, 62.262318,11.543230, 215.363586, 0.991744
5, 403,16,179.463425, 179.300323, 128.798279, 62.262318,11.543230, 215.363586, 1.000910
5, 403,17,214.100647, 213.969635, 128.798279, 62.262318,11.543230, 215.363586, 1.000612
5, 403,18,73.689018, 73.462280, 128.798279, 62.262318,11.543230, 215.363586, 1.003086
5, 403,19,108.482887, 108.714188, 128.798279, 62.262318,11.543230, 215.363586, 0.997872
5, 403,20,55.540600, 55.307590, 128.798279, 62.262318,11.543230, 215.363586, 1.004213
5, 403,21,162.168655, 161.702850, 128.798279, 62.262318,11.543230, 215.363586, 1.002881
5, 403,22,212.200958, 213.019791, 128.798279, 62.262318,11.543230, 215.363586, 0.996156
5, 403,23,84.533127, 84.239853, 128.798279, 62.262318,11.543230, 215.363586, 1.003481
5, 403,24,201.369949, 201.241730, 128.798279, 62.262318,11.543230, 215.363586, 1.000637
5, 403,25,98.863258, 98.474861, 128.798279, 62.262318,11.543230, 215.363586, 1.003944
5, 403,26,201.227448, 200.146240, 128.798279, 62.262318,11.543230, 215.363586, 1.005402
5, 403,27,42.564617, 41.965439, 128.798279, 62.262318,11.543230, 215.363586, 1.014278
5, 403,28,147.055313, 146.423019, 128.798279, 62.262318,11.543230, 215.363586, 1.004318
5, 403,29,212.573013, 213.336411, 128.798279, 62.262318,11.543230, 215.363586, 0.996422
5, 403,30,127.129601, 127.996033, 128.798279, 62.262318,11.543230, 215.363586, 0.993231
5, 403,31,108.417572, 107.796005, 128.798279, 62.262318,11.543230, 215.363586, 1.005766
5, 404,0,76.736755, 76.773071, 128.836212, 74.666946,10.730830, 278.226196, 0.999527
5, 404,1,151.779099, 151.276367, 128.836212, 74.666946,10.730830, 278.226196, 1.003323
5, 404,2,94.168274, 94.665855, 128.836212, 74.666946,10.730830, 278.226196, 0.994744
5, 404,3,125.952827, 126.702934, 128.836212, 74.666946,10.730830, 278.226196, 0.994080
5, 404,4,38.425968, 37.613861, 128.836212, 74.666946,10.730830, 278.226196, 1.021591
5, 404,5,274.990326, 274.618286, 128.836212, 74.666946,10.730830, 278.226196, 1.001355
5, 404,6,91.431877, 91.425491, 128.836212, 74.666946,10.730830, 278.226196, 1.000070
5, 404,7,66.635712, 66.585510, 128.836212, 74.666946,10.730830, 278.226196, 1.000754
5, 404,8,66.222359, 65.485962, 128.836212, 74.666946,10.730830, 278.226196, 1.011245
5, 404,9,96.282112, 96.698364, 128.836212, 74.666946,10.730830, 278.226196, 0.995695
5, 404,10,106.664497, 106.885918, 128.836212, 74.666946,10.730830, 278.226196, 0.997928
5, 404,11,157.021805, 157.607132, 128.836212, 74.666946,10.730830, 278.226196, 0.996286
5, 404,12,84.188225, 84.503288, 128.836212, 74.666946,10.730830, 278.226196, 0.996272
5, 404,13,53.340721, 53.182583, 128.836212, 74.666946,10.730830, 278.226196, 1.002974
5, 404,14,257.988068, 257.025391, 128.836212, 74.666946,10.730830, 278.226196, 1.003745
5, 404,15,13.038602, 13.548569, 128.836212, 74.666946,10.730830, 278.226196, 0.962360
5, 404,16,139.681870, 139.772659, 128.836212, 74.666946,10.730830, 278.226196, 0.999350
5, 404,17,211.076309, 210.435822, 128.836212, 74.666946,10.730830, 278.226196, 1.003044
5, 404,18,146.953949, 147.294632, 128.836212, 74.666946,10.730830, 278.226196, 0.997687
5, 404,19,175.687302, 176.349579, 128.836212, 74.666946,10.730830, 278.226196, 0.996245
5, 404,20,121.326141, 121.255135, 128.836212, 74.666946,10.730830, 278.226196, 1.000586
5, 404,21,34.996342, 36.114471, 128.836212, 74.666946,10.730830, 278.226196, 0.969039
5, 404,22,278.226196, 277.100616, 128.836212, 74.666946,10.730830, 278.226196, 1.004062
5, 404,23,119.911392, 120.288857, 128.836212, 74.666946,10.730830, 278.226196, 0.996862
5, 404,24,189.800217, 189.752502, 128.836212, 74.666946,10.730830, 278.226196, 1.000251
5, 404,25,158.603378, 157.890350, 128.836212, 74.666946,10.730830, 278.226196, 1.004516
5, 404,26,211.406097, 209.969360, 128.836212, 74.666946,10.730830, 278.226196, 1.006843
5, 404,27,227.051422, 227.354019, 128.836212, 74.666946,10.730830, 278.226196, 0.998669
5, 404,28,207.940048, 207.595322, 128.836212, 74.666946,10.730830, 278.226196, 1.001661
5, 404,29,10.730830, 11.182857, 128.836212, 74.666946,10.730830, 278.226196, 0.959579
5, 404,30,68.807266, 68.643021, 128.836212, 74.666946,10.730830, 278.226196, 1.002393
5, 404,31,65.692734, 65.402657, 128.836212, 74.666946,10.730830, 278.226196, 1.004435
5, 405,0,148.977905, 149.771652, 128.803864, 72.202843,10.472137, 254.765945, 0.994700
5, 405,1,143.026276, 142.313278, 128.803864, 72.202843,10.472137, 254.765945, 1.005010
5, 405,2,38.569241, 38.849335, 128.803864, 72.202843,10.472137, 254.765945, 0.992790
5, 405,3,164.654633, 164.157883, 128.803864, 72.202843,10.472137, 254.765945, 1.003026
5, 405,4,141.381058, 141.628937, 128.803864, 72.202843,10.472137, 254.765945, 0.998250
5, 405,5,133.662033, 132.601990, 128.803864, 72.202843,10.472137, 254.765945, 1.007994
5, 405,6,84.719078, 84.268593, 128.803864, 72.202843,10.472137, 254.765945, 1.005346
5, 405,7,237.668488, 237.334625, 128.803864, 72.202843,10.472137, 254.765945, 1.001407
5, 405,8,30.469965, 30.406755, 128.803864, 72.202843,10.472137, 254.765945, 1.002079
5, 405,9,197.989380, 198.904724, 128.803864, 72.202843,10.472137, 254.765945, 0.995398
5, 405,10,10.472137, 10.807351, 128.803864, 72.202843,10.472137, 254.765945, 0.968983
5, 405,11,95.927689, 95.709900, 128.803864, 72.202843,10.472137, 254.765945, 1.002275
5, 405,12,239.714462, 238.741714, 128.803864, 72.202843,10.472137, 254.765945, 1.004074
5, 405,13,99.243576, 99.961960, 128.803864, 72.202843,10.472137, 254.765945, 0.992813
5, 405,14,110.234604, 107.789413, 128.803864, 72.202843,10.472137, 254.765945, 1.022685
5, 405,15,48.308052, 48.491417, 128.803864, 72.202843,10.472137, 254.765945, 0.996219
5, 405,16,211.976151, 212.660446, 128.803864, 72.202843,10.472137, 254.765945, 0.996782
5, 405,17,250.940994, 250.859680, 128.803864, 72.202843,10.472137, 254.765945, 1.000324
5, 405,18,224.822372, 225.039825, 128.803864, 72.202843,10.472137, 254.765945, 0.999034
5, 405,19,159.127640, 158.583313, 128.803864, 72.202843,10.472137, 254.765945, 1.003432
5, 405,20,44.085480, 44.539242, 128.803864, 72.202843,10.472137, 254.765945, 0.989812
5, 405,21,160.786575, 160.974609, 128.803864, 72.202843,10.472137, 254.765945, 0.998832
5, 405,22,80.104370, 81.162209, 128.803864, 72.202843,10.472137, 254.765945, 0.986966
5, 405,23,104.938194, 104.967529, 128.803864, 72.202843,10.472137, 254.765945, 0.999721
5, 405,24,36.263622, 35.696823, 128.803864, 72.202843,10.472137, 254.765945, 1.015878
5, 405,25,28.780125, 29.799320, 128.803864, 72.202843,10.472137, 254.765945, 0.965798
5, 405,26,174.876221, 176.714111, 128.803864, 72.202843,10.472137, 254.765945, 0.989600
5, 405,27,254.765945, 254.142914, 128.803864, 72.202843,10.472137, 254.765945, 1.002452
5, 405,28,159.265823, 159.021591, 128.803864, 72.202843,10.472137, 254.765945, 1.001536
5, 405,29,123.766739, 122.821518, 128.803864, 72.202843,10.472137, 254.765945, 1.007696
5, 405,30,43.200436, 44.523865, 128.803864, 72.202843,10.472137, 254.765945, 0.970276
5, 405,31,139.004272, 137.753662, 128.803864, 72.202843,10.472137, 254.765945, 1.009079
5, 406,0,207.193497, 207.680542, 128.682938, 60.285812,17.306059, 211.910629, 0.997655
5, 406,1,195.833588, 196.175613, 128.682938, 60.285812,17.306059, 211.910629, 0.998257
5, 406,2,17.306059, 16.730852, 128.682938, 60.285812,17.306059, 211.910629, 1.034380
5, 406,3,194.685165, 195.359756, 128.682938, 60.285812,17.306059, 211.910629, 0.996547
5, 406,4,88.982933, 88.252525, 128.682938, 60.285812,17.306059, 211.910629, 1.008276
5, 406,5,135.664780, 134.380539, 128.682938, 60.285812,17.306059, 211.910629, 1.009557
5, 406,6,189.735519, 189.980164, 128.682938, 60.285812,17.306059, 211.910629, 0.998712
5, 406,7,186.156311, 187.252151, 128.682938, 60.285812,17.306059, 211.910629, 0.994148
5, 406,8,75.572105, 75.957245, 128.682938, 60.285812,17.306059, 211.910629, 0.994930
5, 406,9,172.989624, 172.222458, 128.682938, 60.285812,17.306059, 211.910629, 1.004454
5, 406,10,191.907837, 191.490799, 128.682938, 60.285812,17.306059, 211.910629, 1.002178
5, 406,11,111.586327, 110.516609, 128.682938, 60.285812,17.306059, 211.910629, 1.009679
5, 406,12,122.542755, 121.823921, 128.682938, 60.285812,17.306059, 211.910629, 1.005901
5, 406,13,118.506241, 119.733284, 128.682938, 60.285812,17.306059, 211.910629, 0.989752
5, 406,14,34.998466, 35.272564, 128.682938, 60.285812,17.306059, 211.910629, 0.992229
5, 406,15,22.814192, 24.347677, 128.682938, 60.285812,17.306059, 211.910629, 0.937017
5, 406,16,58.520184, 57.759727, 128.682938, 60.285812,17.306059, 211.910629, 1.013166
5, 406,17,137.978760, 139.473297, 128.682938, 60.285812,17.306059, 211.910629, 0.989284
5, 406,18,153.053925, 154.432877, 128.682938, 60.285812,17.306059, 211.910629, 0.991071
5, 406,19,147.924942, 148.670853, 128.682938, 60.285812,17.306059, 211.910629, 0.994983
5, 406,20,202.115814, 201.083527, 128.682938, 60.285812,17.306059, 211.910629, 1.005134
5, 406,21,211.910629, 212.091278, 128.682938, 60.285812,17.306059, 211.910629, 0.999148
5, 406,22,210.744690, 211.052338, 128.682938, 60.285812,17.306059, 211.910629, 0.998542
5, 406,23,74.552879, 74.503990, 128.682938, 60.285812,17.306059, 211.910629, 1.000656
5, 406,24,93.763298, 94.498962, 128.682938, 60.285812,17.306059, 211.910629, 0.992215
5, 406,25,183.105026, 183.128220, 128.682938, 60.285812,17.306059, 211.910629, 0.999873
5, 406,26,131.713272, 130.498825, 128.682938, 60.285812,17.306059, 211.910629, 1.009306
5, 406,27,73.871544, 73.152725, 128.682938, 60.285812,17.306059, 211.910629, 1.009826
5, 406,28,139.075897, 139.422287, 128.682938, 60.285812,17.306059, 211.910629, 0.997516
5, 406,29,110.360481, 110.554848, 128.682938, 60.285812,17.306059, 211.910629, 0.998242
5, 406,30,24.520002, 24.985069, 128.682938, 60.285812,17.306059, 211.910629, 0.981386
5, 406,31,98.167160, 98.514526, 128.682938, 60.285812,17.306059, 211.910629, 0.996474
5, 407,0,162.936066, 162.727051, 128.696121, 76.247467,10.806811, 279.503662, 1.001284
5, 407,1,142.178299, 143.224380, 128.696121, 76.247467,10.806811, 279.503662, 0.992696
5, 407,2,212.452255, 211.912491, 128.696121, 76.247467,10.806811, 279.503662, 1.002547
5, 407,3,155.021896, 153.947861, 128.696121, 76.247467,10.806811, 279.503662, 1.006977
5, 407,4,43.900040, 43.138405, 128.696121, 76.247467,10.806811, 279.503662, 1.017656
5, 407,5,53.686691, 55.237362, 128.696121, 76.247467,10.806811, 279.503662, 0.971927
5, 407,6,190.862625, 190.788132, 128.696121, 76.247467,10.806811, 279.503662, 1.000390
5, 407,7,105.434822, 105.857697, 128.696121, 76.247467,10.806811, 279.503662, 0.996005
5, 407,8,83.754669, 83.272987, 128.696121, 76.247467,10.806811, 279.503662, 1.005784
5, 407,9,171.730728, 171.743958, 128.696121, 76.247467,10.806811, 279.503662, 0.999923
5, 407,10,192.132339, 191.840958, 128.696121, 76.247467,10.806811, 279.503662, 1.001519
5, 407,11,41.017643, 40.531826, 128.696121, 76.247467,10.806811, 279.503662, 1.011986
5, 407,12,279.503662, 279.386475, 128.696121, 76.247467,10.806811, 279.503662, 1.000419
5, 407,13,142.759262, 142.146072, 128.696121, 76.247467,10.806811, 279.503662, 1.004314
5, 407,14,264.720154, 265.487518, 128.696121, 76.247467,10.806811, 279.503662, 0.997110
5, 407,15,168.637772, 167.651520, 128.696121, 76.247467,10.806811, 279.503662, 1.005883
5, 407,16,171.505707, 171.548660, 128.696121, 76.247467,10.806811, 279.503662, 0.999750
5, 407,17,143.748093, 143.360229, 128.696121, 76.247467,10.806811, 279.503662, 1.002705
5, 407,18,11.711289, 12.131115, 128.696121, 76.247467,10.806811, 279.503662, 0.965393
5, 407,19,40.153202, 40.778046, 128.696121, 76.247467,10.806811, 279.503662, 0.984677
5, 407,20,53.911556, 53.216625, 128.696121, 76.247467,10.806811, 279.503662, 1.013059
5, 407,21,68.978401, 67.820282, 128.696121, 76.247467,10.806811, 279.503662, 1.017076
5, 407,22,79.819786, 78.951317, 128.696121, 76.247467,10.806811, 279.503662, 1.011000
5, 407,23,223.437485, 222.432220, 128.696121, 76.247467,10.806811, 279.503662, 1.004519
5, 407,24,45.171429, 44.811031, 128.696121, 76.247467,10.806811, 279.503662, 1.008043
5, 407,25,110.429329, 111.928406, 128.696121, 76.247467,10.806811, 279.503662, 0.986607
5, 407,26,10.806811, 12.199039, 128.696121, 76.247467,10.806811, 279.503662, 0.885874
5, 407,27,136.255264, 137.348953, 128.696121, 76.247467,10.806811, 279.503662, 0.992037
5, 407,28,29.549671, 30.708321, 128.696121, 76.247467,10.806811, 279.503662, 0.962269
5, 407,29,164.484711, 165.163818, 128.696121, 76.247467,10.806811, 279.503662, 0.995888
5, 407,30,263.574707, 263.704529, 128.696121, 76.247467,10.806811, 279.503662, 0.999508
5, 407,31,154.009216, 156.002579, 128.696121, 76.247467,10.806811, 279.503662, 0.987222
5, 408,0,239.201813, 239.372528, 128.516922, 78.722511,20.014280, 262.034668, 0.999287
5, 408,1,247.340302, 247.997772, 128.516922, 78.722511,20.014280, 262.034668, 0.997349
5, 408,2,141.815933, 141.258301, 128.516922, 78.722511,20.014280, 262.034668, 1.003948
5, 408,3,212.462311, 213.364166, 128.516922, 78.722511,20.014280, 262.034668, 0.995773
5, 408,4,42.455040, 41.482964, 128.516922, 78.722511,20.014280, 262.034668, 1.023433
5, 408,5,96.484756, 95.753441, 128.516922, 78.722511,20.014280, 262.034668, 1.007638
5, 408,6,128.089279, 129.061279, 128.516922, 78.722511,20.014280, 262.034668, 0.992469
5, 408,7,67.587410, 66.040764, 128.516922, 78.722511,20.014280, 262.034668, 1.023420
5, 408,8,184.681534, 185.219009, 128.516922, 78.722511,20.014280, 262.034668, 0.997098
5, 408,9,42.180561, 42.652752, 128.516922, 78.722511,20.014280, 262.034668, 0.988929
5, 408,10,191.486603, 192.666687, 128.516922, 78.722511,20.014280, 262.034668, 0.993875
5, 408,11,111.019844, 112.886971, 128.516922, 78.722511,20.014280, 262.034668, 0.983460
5, 408,12,247.751755, 246.500443, 128.516922, 78.722511,20.014280, 262.034668, 1.005076
5, 408,13,86.933426, 86.363930, 128.516922, 78.722511,20.014280, 262.034668, 1.006594
5, 408,14,202.222015, 201.915833, 128.516922, 78.722511,20.014280, 262.034668, 1.001516
5, 408,15,262.034668, 261.411377, 128.516922, 78.722511,20.014280, 262.034668, 1.002384
5, 408,16,35.945873, 35.267471, 128.516922, 78.722511,20.014280, 262.034668, 1.019236
5, 408,17,28.335241, 27.539059, 128.516922, 78.722511,20.014280, 262.034668, 1.028911
5, 408,18,124.329475, 124.623871, 128.516922, 78.722511,20.014280, 262.034668, 0.997638
5, 408,19,71.210487, 71.234634, 128.516922, 78.722511,20.014280, 262.034668, 0.999661
5, 408,20,54.929646, 55.731010, 128.516922, 78.722511,20.014280, 262.034668, 0.985621
5, 408,21,165.400131, 165.441757, 128.516922, 78.722511,20.014280, 262.034668, 0.999748
5, 408,22,143.569382, 143.668060, 128.516922, 78.722511,20.014280, 262.034668, 0.999313
5, 408,23,223.944031, 223.634933, 128.516922, 78.722511,20.014280, 262.034668, 1.001382
5, 408,24,68.899727, 68.458328, 128.516922, 78.722511,20.014280, 262.034668, 1.006448
5, 408,25,20.014280, 21.658913, 128.516922, 78.722511,20.014280, 262.034668, 0.924067
5, 408,26,44.864624, 45.865776, 128.516922, 78.722511,20.014280, 262.034668, 0.978172
5, 408,27,41.789455, 42.637154, 128.516922, 78.722511,20.014280, 262.034668, 0.980118
5, 408,28,41.647823, 42.676147, 128.516922, 78.722511,20.014280, 262.034668, 0.975904
5, 408,29,112.139854, 114.828827, 128.516922, 78.722511,20.014280, 262.034668, 0.976583
5, 408,30,189.943298, 190.537674, 128.516922, 78.722511,20.014280, 262.034668, 0.996881
5, 408,31,241.831085, 243.248428, 128.516922, 78.722511,20.014280, 262.034668, 0.994173
5, 409,0,277.074280, 278.277527, 128.697128, 84.877304,11.303836, 277.074280, 0.995676
5, 409,1,204.735886, 203.553894, 128.697128, 84.877304,11.303836, 277.074280, 1.005807
5, 409,2,115.812248, 116.488831, 128.697128, 84.877304,11.303836, 277.074280, 0.994192
5, 409,3,23.338646, 23.831539, 128.697128, 84.877304,11.303836, 277.074280, 0.979318
5, 409,4,199.237244, 199.732254, 128.697128, 84.877304,11.303836, 277.074280, 0.997522
5, 409,5,167.345490, 166.082520, 128.697128, 84.877304,11.303836, 277.074280, 1.007604
5, 409,6,88.581497, 88.448845, 128.697128, 84.877304,11.303836, 277.074280, 1.001500
5, 409,7,250.707306, 249.404831, 128.697128, 84.877304,11.303836, 277.074280, 1.005222
5, 409,8,224.511444, 225.686096, 128.697128, 84.877304,11.303836, 277.074280, 0.994795
5, 409,9,56.372707, 56.341789, 128.697128, 84.877304,11.303836, 277.074280, 1.000549
5, 409,10,29.751514, 29.108212, 128.697128, 84.877304,11.303836, 277.074280, 1.022100
5, 409,11,172.028290, 173.199890, 128.697128, 84.877304,11.303836, 277.074280, 0.993236
5, 409,12,19.069288, 19.264851, 128.697128, 84.877304,11.303836, 277.074280, 0.989849
5, 409,13,117.148132, 116.620300, 128.697128, 84.877304,11.303836, 277.074280, 1.004526
5, 409,14,224.873627, 224.353790, 128.697128, 84.877304,11.303836, 277.074280, 1.002317
5, 409,15,63.893940, 64.177910, 128.697128, 84.877304,11.303836, 277.074280, 0.995575
5, 409,16,132.552399, 132.949921, 128.697128, 84.877304,11.303836, 277.074280, 0.997010
5, 409,17,212.315277, 212.056168, 128.697128, 84.877304,11.303836, 277.074280, 1.001222
5, 409,18,100.476204, 101.105843, 128.697128, 84.877304,11.303836, 277.074280, 0.993773
5, 409,19,122.412422, 122.580658, 128.697128, 84.877304,11.303836, 277.074280, 0.998628
5, 409,20,72.017471, 71.058617, 128.697128, 84.877304,11.303836, 277.074280, 1.013494
5, 409,21,222.185043, 222.127426, 128.697128, 84.877304,11.303836, 277.074280, 1.000259
5, 409,22,104.302025, 104.673294, 128.697128, 84.877304,11.303836, 277.074280, 0.996453
5, 409,23,53.386711, 53.782341, 128.697128, 84.877304,11.303836, 277.074280, 0.992644
5, 409,24,33.313873, 34.919559, 128.697128, 84.877304,11.303836, 277.074280, 0.954018
5, 409,25,11.303836, 10.771340, 128.697128, 84.877304,11.303836, 277.074280, 1.049436
5, 409,26,245.534058, 244.478775, 128.697128, 84.877304,11.303836, 277.074280, 1.004316
5, 409,27,19.845686, 20.404333, 128.697128, 84.877304,11.303836, 277.074280, 0.972621
5, 409,28,255.530090, 256.539734, 128.697128, 84.877304,11.303836, 277.074280, 0.996064
5, 409,29,24.128819, 25.470638, 128.697128, 84.877304,11.303836, 277.074280, 0.947319
5, 409,30,200.549133, 199.811142, 128.697128, 84.877304,11.303836, 277.074280, 1.003693
5, 409,31,73.972916, 73.696953, 128.697128, 84.877304,11.303836, 277.074280, 1.003745
5, 410,0,12.428510, 11.466213, 128.879059, 69.799126,12.428510, 232.915817, 1.083925
5, 410,1,225.215347, 224.979965, 128.879059, 69.799126,12.428510, 232.915817, 1.001046
5, 410,2,228.094620, 228.616745, 128.879059, 69.799126,12.428510, 232.915817, 0.997716
5, 410,3,159.092987, 158.633804, 128.879059, 69.799126,12.428510, 232.915817, 1.002895
5, 410,4,225.256683, 224.599060, 128.879059, 69.799126,12.428510, 232.915817, 1.002928
5, 410,5,127.191162, 126.887405, 128.879059, 69.799126,12.428510, 232.915817, 1.002394
5, 410,6,56.360806, 54.956696, 128.879059, 69.799126,12.428510, 232.915817, 1.025549
5, 410,7,29.539494, 28.615164, 128.879059, 69.799126,12.428510, 232.915817, 1.032302
5, 410,8,18.548838, 17.920429, 128.879059, 69.799126,12.428510, 232.915817, 1.035067
5, 410,9,57.316204, 59.154087, 128.879059, 69.799126,12.428510, 232.915817, 0.968931
5, 410,10,99.348190, 99.237778, 128.879059, 69.799126,12.428510, 232.915817, 1.001113
5, 410,11,210.453796, 209.225357, 128.879059, 69.799126,12.428510, 232.915817, 1.005871
5, 410,12,202.353714, 203.144882, 128.879059, 69.799126,12.428510, 232.915817, 0.996105
5, 410,13,92.491882, 91.885155, 128.879059, 69.799126,12.428510, 232.915817, 1.006603
5, 410,14,52.631569, 54.194839, 128.879059, 69.799126,12.428510, 232.915817, 0.971155
5, 410,15,145.333786, 146.760345, 128.879059, 69.799126,12.428510, 232.915817, 0.990280
5, 410,16,154.514954, 155.845123, 128.879059, 69.799126,12.428510, 232.915817, 0.991465
5, 410,17,123.220543, 123.250618, 128.879059, 69.799126,12.428510, 232.915817, 0.999756
5, 410,18,146.444229, 144.913208, 128.879059, 69.799126,12.428510, 232.915817, 1.010565
5, 410,19,232.915817, 231.383881, 128.879059, 69.799126,12.428510, 232.915817, 1.006621
5, 410,20,101.730888, 101.667099, 128.879059, 69.799126,12.428510, 232.915817, 1.000627
5, 410,21,116.599892, 115.847687, 128.879059, 69.799126,12.428510, 232.915817, 1.006493
5, 410,22,95.491646, 95.960365, 128.879059, 69.799126,12.428510, 232.915817, 0.995115
5, 410,23,215.601151, 214.968033, 128.879059, 69.799126,12.428510, 232.915817, 1.002945
5, 410,24,122.208244, 122.294708, 128.879059, 69.799126,12.428510, 232.915817, 0.999293
5, 410,25,45.620033, 46.454094, 128.879059, 69.799126,12.428510, 232.915817, 0.982045
5, 410,26,134.488205, 135.814072, 128.879059, 69.799126,12.428510, 232.915817, 0.990238
5, 410,27,231.920685, 231.002930, 128.879059, 69.799126,12.428510, 232.915817, 1.003973
5, 410,28,67.760971, 68.993538, 128.879059, 69.799126,12.428510, 232.915817, 0.982135
5, 410,29,195.442627, 194.829163, 128.879059, 69.799126,12.428510, 232.915817, 1.003149
5, 410,30,42.274506, 42.163265, 128.879059, 69.799126,12.428510, 232.915817, 1.002638
5, 410,31,156.237808, 155.334824, 128.879059, 69.799126,12.428510, 232.915817, 1.005813
5, 411,0,204.156494, 204.264832, 128.622375, 59.605042,29.946438, 229.207718, 0.999470
5, 411,1,152.795700, 152.216431, 128.622375, 59.605042,29.946438, 229.207718, 1.003806
5, 411,2,116.364609, 115.919807, 128.622375, 59.605042,29.946438, 229.207718, 1.003837
5, 411,3,217.593857, 218.657852, 128.622375, 59.605042,29.946438, 229.207718, 0.995134
5, 411,4,222.780304, 225.055496, 128.622375, 59.605042,29.946438, 229.207718, 0.989891
5, 411,5,51.807156, 51.554047, 128.622375, 59.605042,29.946438, 229.207718, 1.004910
5, 411,6,120.972977, 120.706100, 128.622375, 59.605042,29.946438, 229.207718, 1.002211
5, 411,7,93.770218, 94.787735, 128.622375, 59.605042,29.946438, 229.207718, 0.989265
5, 411,8,124.382271, 125.096375, 128.622375, 59.605042,29.946438, 229.207718, 0.994292
5, 411,9,138.571091, 139.250427, 128.622375, 59.605042,29.946438, 229.207718, 0.995121
5, 411,10,229.207718, 228.892731, 128.622375, 59.605042,29.946438, 229.207718, 1.001376
5, 411,11,122.861984, 123.341621, 128.622375, 59.605042,29.946438, 229.207718, 0.996111
5, 411,12,173.084473, 172.597458, 128.622375, 59.605042,29.946438, 229.207718, 1.002822
5, 411,13,46.121685, 46.904308, 128.622375, 59.605042,29.946438, 229.207718, 0.983314
5, 411,14,125.915993, 125.164658, 128.622375, 59.605042,29.946438, 229.207718, 1.006003
5, 411,15,29.946438, 30.340044, 128.622375, 59.605042,29.946438, 229.207718, 0.987027
5, 411,16,40.590973, 39.031845, 128.622375, 59.605042,29.946438, 229.207718, 1.039945
5, 411,17,74.033272, 72.399353, 128.622375, 59.605042,29.946438, 229.207718, 1.022568
5, 411,18,197.116562, 195.907578, 128.622375, 59.605042,29.946438, 229.207718, 1.006171
5, 411,19,74.241203, 74.276993, 128.622375, 59.605042,29.946438, 229.207718, 0.999518
5, 411,20,177.357559, 177.404221, 128.622375, 59.605042,29.946438, 229.207718, 0.999737
5, 411,21,205.546906, 205.329956, 128.622375, 59.605042,29.946438, 229.207718, 1.001057
5, 411,22,118.158501, 118.050079, 128.622375, 59.605042,29.946438, 229.207718, 1.000918
5, 411,23,162.357117, 161.768539, 128.622375, 59.605042,29.946438, 229.207718, 1.003638
5, 411,24,140.444565, 140.356522, 128.622375, 59.605042,29.946438, 229.207718, 1.000627
5, 411,25,53.336330, 54.838223, 128.622375, 59.605042,29.946438, 229.207718, 0.972612
5, 411,26,109.598251, 110.327827, 128.622375, 59.605042,29.946438, 229.207718, 0.993387
5, 411,27,148.664261, 148.836685, 128.622375, 59.605042,29.946438, 229.207718, 0.998842
5, 411,28,51.345348, 53.663841, 128.622375, 59.605042,29.946438, 229.207718, 0.956796
5, 411,29,49.285034, 50.366009, 128.622375, 59.605042,29.946438, 229.207718, 0.978538
5, 411,30,156.444092, 155.760071, 128.622375, 59.605042,29.946438, 229.207718, 1.004392
5, 411,31,187.062836, 187.932709, 128.622375, 59.605042,29.946438, 229.207718, 0.995371
5, 412,0,146.165955, 144.869446, 128.972000, 56.527016,18.941109, 207.143234, 1.008950
5, 412,1,131.043304, 131.117645, 128.972000, 56.527016,18.941109, 207.143234, 0.999433
5, 412,2,200.437943, 198.231842, 128.972000, 56.527016,18.941109, 207.143234, 1.011129
5, 412,3,83.063591, 83.687752, 128.972000, 56.527016,18.941109, 207.143234, 0.992542
5, 412,4,169.241806, 169.137726, 128.972000, 56.527016,18.941109, 207.143234, 1.000615
5, 412,5,184.400269, 185.241989, 128.972000, 56.527016,18.941109, 207.143234, 0.995456
5, 412,6,131.773041, 132.224304, 128.972000, 56.527016,18.941109, 207.143234, 0.996587
5, 412,7,146.317642, 146.260361, 128.972000, 56.527016,18.941109, 207.143234, 1.000392
5, 412,8,126.261391, 125.003693, 128.972000, 56.527016,18.941109, 207.143234, 1.010061
5, 412,9,80.801483, 80.821281, 128.972000, 56.527016,18.941109, 207.143234, 0.999755
5, 412,10,177.594116, 177.948822, 128.972000, 56.527016,18.941109, 207.143234, 0.998007
5, 412,11,178.593567, 178.868011, 128.972000, 56.527016,18.941109, 207.143234, 0.998466
5, 412,12,28.090160, 29.067499, 128.972000, 56.527016,18.941109, 207.143234, 0.966377
5, 412,13,18.941109, 18.133774, 128.972000, 56.527016,18.941109, 207.143234, 1.044521
5, 412,14,73.973358, 74.102600, 128.972000, 56.527016,18.941109, 207.143234, 0.998256
5, 412,15,48.125404, 45.963978, 128.972000, 56.527016,18.941109, 207.143234, 1.047024
5, 412,16,174.031952, 173.098785, 128.972000, 56.527016,18.941109, 207.143234, 1.005391
5, 412,17,159.575897, 160.006134, 128.972000, 56.527016,18.941109, 207.143234, 0.997311
5, 412,18,79.623085, 81.982376, 128.972000, 56.527016,18.941109, 207.143234, 0.971222
5, 412,19,182.950455, 182.127579, 128.972000, 56.527016,18.941109, 207.143234, 1.004518
5, 412,20,58.657906, 56.601383, 128.972000, 56.527016,18.941109, 207.143234, 1.036333
5, 412,21,94.723801, 93.756699, 128.972000, 56.527016,18.941109, 207.143234, 1.010315
5, 412,22,147.265457, 147.421463, 128.972000, 56.527016,18.941109, 207.143234, 0.998942
5, 412,23,166.680161, 167.843582, 128.972000, 56.527016,18.941109, 207.143234, 0.993068
5, 412,24,207.143234, 207.055023, 128.972000, 56.527016,18.941109, 207.143234, 1.000426
5, 412,25,132.631729, 132.726227, 128.972000, 56.527016,18.941109, 207.143234, 0.999288
5, 412,26,82.035591, 83.282578, 128.972000, 56.527016,18.941109, 207.143234, 0.985027
5, 412,27,187.904587, 188.410843, 128.972000, 56.527016,18.941109, 207.143234, 0.997313
5, 412,28,108.052620, 107.000542, 128.972000, 56.527016,18.941109, 207.143234, 1.009833
5, 412,29,29.289759, 29.684338, 128.972000, 56.527016,18.941109, 207.143234, 0.986708
5, 412,30,185.208878, 184.310684, 128.972000, 56.527016,18.941109, 207.143234, 1.004873
5, 412,31,206.504150, 205.011002, 128.972000, 56.527016,18.941109, 207.143234, 1.007283
5, 413,0,10.754082, 12.317810, 128.597214, 71.525581,10.754082, 240.234863, 0.873051
5, 413,1,101.301743, 101.877434, 128.597214, 71.525581,10.754082, 240.234863, 0.994349
5, 413,2,234.846573, 235.849747, 128.597214, 71.525581,10.754082, 240.234863, 0.995747
5, 413,3,103.370392, 104.180840, 128.597214, 71.525581,10.754082, 240.234863, 0.992221
5, 413,4,87.657898, 89.129478, 128.597214, 71.525581,10.754082, 240.234863, 0.983489
5, 413,5,44.260242, 44.472031, 128.597214, 71.525581,10.754082, 240.234863, 0.995238
5, 413,6,42.707455, 44.184105, 128.597214, 71.525581,10.754082, 240.234863, 0.966580
5, 413,7,126.226944, 125.724968, 128.597214, 71.525581,10.754082, 240.234863, 1.003993
5, 413,8,15.909707, 15.794526, 128.597214, 71.525581,10.754082, 240.234863, 1.007293
5, 413,9,108.371574, 108.643707, 128.597214, 71.525581,10.754082, 240.234863, 0.997495
5, 413,10,156.155212, 157.512085, 128.597214, 71.525581,10.754082, 240.234863, 0.991386
5, 413,11,60.934814, 60.927044, 128.597214, 71.525581,10.754082, 240.234863, 1.000128
5, 413,12,50.889698, 52.159676, 128.597214, 71.525581,10.754082, 240.234863, 0.975652
5, 413,13,123.232201, 122.104286, 128.597214, 71.525581,10.754082, 240.234863, 1.009237
5, 413,14,97.294754, 96.356430, 128.597214, 71.525581,10.754082, 240.234863, 1.009738
5, 413,15,210.643616, 209.504456, 128.597214, 71.525581,10.754082, 240.234863, 1.005437
5, 413,16,238.861847, 238.541870, 128.597214, 71.525581,10.754082, 240.234863, 1.001341
5, 413,17,94.661011, 93.937851, 128.597214, 71.525581,10.754082, 240.234863, 1.007698
5, 413,18,33.360928, 33.048538, 128.597214, 71.525581,10.754082, 240.234863, 1.009452
5, 413,19,45.738403, 45.393398, 128.597214, 71.525581,10.754082, 240.234863, 1.007600
5, 413,20,175.641785, 175.529083, 128.597214, 71.525581,10.754082, 240.234863, 1.000642
5, 413,21,196.525101, 197.030029, 128.597214, 71.525581,10.754082, 240.234863, 0.997437
5, 413,22,47.830177, 48.409431, 128.597214, 71.525581,10.754082, 240.234863, 0.988034
5, 413,23,240.234863, 240.226242, 128.597214, 71.525581,10.754082, 240.234863, 1.000036
5, 413,24,177.144806, 177.098297, 128.597214, 71.525581,10.754082, 240.234863, 1.000263
5, 413,25,167.910904, 168.611664, 128.597214, 71.525581,10.754082, 240.234863, 0.995844
5, 413,26,190.060043, 190.537277, 128.597214, 71.525581,10.754082, 240.234863, 0.997495
5, 413,27,157.601334, 157.814407, 128.597214, 71.525581,10.754082, 240.234863, 0.998650
5, 413,28,207.288284, 207.380981, 128.597214, 71.525581,10.754082, 240.234863, 0.999553
5, 413,29,170.370453, 170.735123, 128.597214, 71.525581,10.754082, 240.234863, 0.997864
5, 413,30,164.716461, 163.637726, 128.597214, 71.525581,10.754082, 240.234863, 1.006592
5, 413,31,232.607468, 232.329849, 128.597214, 71.525581,10.754082, 240.234863, 1.001195
5, 414,0,183.467514, 183.218002, 128.959335, 58.343418,20.803015, 211.779297, 1.001362
5, 414,1,72.463158, 73.094467, 128.959335, 58.343418,20.803015, 211.779297, 0.991363
5, 414,2,166.815994, 167.241898, 128.959335, 58.343418,20.803015, 211.779297, 0.997453
5, 414,3,114.383133, 113.777740, 128.959335, 58.343418,20.803015, 211.779297, 1.005321
5, 414,4,86.548904, 85.939133, 128.959335, 58.343418,20.803015, 211.779297, 1.007095
5, 414,5,177.633987, 178.511276, 128.959335, 58.343418,20.803015, 211.779297, 0.995086
5, 414,6,183.350540, 182.127426, 128.959335, 58.343418,20.803015, 211.779297, 1.006716
5, 414,7,178.829483, 178.192383, 128.959335, 58.343418,20.803015, 211.779297, 1.003575
5, 414,8,20.803015, 19.725975, 128.959335, 58.343418,20.803015, 211.779297, 1.054600
5, 414,9,97.613380, 96.047768, 128.959335, 58.343418,20.803015, 211.779297, 1.016300
5, 414,10,136.275177, 136.864960, 128.959335, 58.343418,20.803015, 211.779297, 0.995691
5, 414,11,211.479874, 211.114014, 128.959335, 58.343418,20.803015, 211.779297, 1.001733
5, 414,12,39.189419, 37.334770, 128.959335, 58.343418,20.803015, 211.779297, 1.049676
5, 414,13,63.498573, 61.850601, 128.959335, 58.343418,20.803015, 211.779297, 1.026644
5, 414,14,121.672028, 125.168282, 128.959335, 58.343418,20.803015, 211.779297, 0.972068
5, 414,15,137.757690, 137.177475, 128.959335, 58.343418,20.803015, 211.779297, 1.004230
5, 414,16,61.244034, 60.874821, 128.959335, 58.343418,20.803015, 211.779297, 1.006065
5, 414,17,71.872688, 72.156952, 128.959335, 58.343418,20.803015, 211.779297, 0.996060
5, 414,18,139.588654, 139.275742, 128.959335, 58.343418,20.803015, 211.779297, 1.002247
5, 414,19,141.343597, 141.437775, 128.959335, 58.343418,20.803015, 211.779297, 0.999334
5, 414,20,198.499100, 199.379074, 128.959335, 58.343418,20.803015, 211.779297, 0.995586
5, 414,21,211.779297, 210.552765, 128.959335, 58.343418,20.803015, 211.779297, 1.005825
5, 414,22,54.406231, 54.631062, 128.959335, 58.343418,20.803015, 211.779297, 0.995885
5, 414,23,113.095276, 114.377243, 128.959335, 58.343418,20.803015, 211.779297, 0.988792
5, 414,24,37.466209, 36.601337, 128.959335, 58.343418,20.803015, 211.779297, 1.023630
5, 414,25,93.655800, 94.026047, 128.959335, 58.343418,20.803015, 211.779297, 0.996062
5, 414,26,170.522415, 168.517426, 128.959335, 58.343418,20.803015, 211.779297, 1.011898
5, 414,27,152.286743, 152.037491, 128.959335, 58.343418,20.803015, 211.779297, 1.001639
5, 414,28,185.042709, 186.968094, 128.959335, 58.343418,20.803015, 211.779297, 0.989702
5, 414,29,82.981781, 82.718391, 128.959335, 58.343418,20.803015, 211.779297, 1.003184
5, 414,30,210.570618, 209.213470, 128.959335, 58.343418,20.803015, 211.779297, 1.006487
5, 414,31,210.561615, 210.846146, 128.959335, 58.343418,20.803015, 211.779297, 0.998651
5, 415,0,134.218369, 134.350586, 128.828079, 72.953041,13.838652, 245.777618, 0.999016
5, 415,1,120.662560, 120.892784, 128.828079, 72.953041,13.838652, 245.777618, 0.998096
5, 415,2,70.624016, 69.396362, 128.828079, 72.953041,13.838652, 245.777618, 1.017690
5, 415,3,52.850307, 52.509880, 128.828079, 72.953041,13.838652, 245.777618, 1.006483
5, 415,4,152.734375, 153.836105, 128.828079, 72.953041,13.838652, 245.777618, 0.992838
5, 415,5,245.777618, 246.087662, 128.828079, 72.953041,13.838652, 245.777618, 0.998740
5, 415,6,142.380844, 143.182922, 128.828079, 72.953041,13.838652, 245.777618, 0.994398
5, 415,7,53.585522, 52.891659, 128.828079, 72.953041,13.838652, 245.777618, 1.013119
5, 415,8,70.370132, 70.629807, 128.828079, 72.953041,13.838652, 245.777618, 0.996323
5, 415,9,196.180878, 195.450272, 128.828079, 72.953041,13.838652, 245.777618, 1.003738
5, 415,10,188.851685, 188.982010, 128.828079, 72.953041,13.838652, 245.777618, 0.999310
5, 415,11,128.451202, 127.214203, 128.828079, 72.953041,13.838652, 245.777618, 1.009724
5, 415,12,13.838652, 13.648949, 128.828079, 72.953041,13.838652, 245.777618, 1.013899
5, 415,13,112.052406, 111.370277, 128.828079, 72.953041,13.838652, 245.777618, 1.006125
5, 415,14,237.508438, 236.888229, 128.828079, 72.953041,13.838652, 245.777618, 1.002618
5, 415,15,136.469482, 136.450378, 128.828079, 72.953041,13.838652, 245.777618, 1.000140
5, 415,16,185.021622, 185.340408, 128.828079, 72.953041,13.838652, 245.777618, 0.998280
5, 415,17,150.878311, 150.701096, 128.828079, 72.953041,13.838652, 245.777618, 1.001176
5, 415,18,50.479431, 50.020962, 128.828079, 72.953041,13.838652, 245.777618, 1.009166
5, 415,19,210.316040, 210.604050, 128.828079, 72.953041,13.838652, 245.777618, 0.998632
5, 415,20,133.515884, 133.337372, 128.828079, 72.953041,13.838652, 245.777618, 1.001339
5, 415,21,54.178371, 53.280785, 128.828079, 72.953041,13.838652, 245.777618, 1.016846
5, 415,22,87.369522, 88.044907, 128.828079, 72.953041,13.838652, 245.777618, 0.992329
5, 415,23,53.675262, 53.390911, 128.828079, 72.953041,13.838652, 245.777618, 1.005326
5, 415,24,23.511988, 24.397560, 128.828079, 72.953041,13.838652, 245.777618, 0.963702
5, 415,25,161.166809, 161.970978, 128.828079, 72.953041,13.838652, 245.777618, 0.995035
5, 415,26,41.091202, 40.946308, 128.828079, 72.953041,13.838652, 245.777618, 1.003539
5, 415,27,244.551422, 243.518005, 128.828079, 72.953041,13.838652, 245.777618, 1.004244
5, 415,28,18.484589, 18.494633, 128.828079, 72.953041,13.838652, 245.777618, 0.999457
5, 415,29,202.645752, 202.748154, 128.828079, 72.953041,13.838652, 245.777618, 0.999495
5, 415,30,233.292404, 233.283325, 128.828079, 72.953041,13.838652, 245.777618, 1.000039
5, 415,31,215.762878, 217.138382, 128.828079, 72.953041,13.838652, 245.777618, 0.993665
5, 416,0,198.432800, 198.276978, 129.007126, 72.512924,11.098499, 228.964005, 1.000786
5, 416,1,177.998093, 176.604660, 129.007126, 72.512924,11.098499, 228.964005, 1.007890
5, 416,2,12.843325, 12.099693, 129.007126, 72.512924,11.098499, 228.964005, 1.061459
5, 416,3,226.571533, 225.572998, 129.007126, 72.512924,11.098499, 228.964005, 1.004427
5, 416,4,153.372375, 153.842377, 129.007126, 72.512924,11.098499, 228.964005, 0.996945
5, 416,5,24.611818, 25.092382, 129.007126, 72.512924,11.098499, 228.964005, 0.980848
5, 416,6,96.737663, 95.806587, 129.007126, 72.512924,11.098499, 228.964005, 1.009718
5, 416,7,161.818314, 161.278229, 129.007126, 72.512924,11.098499, 228.964005, 1.003349
5, 416,8,153.515518, 153.059998, 129.007126, 72.512924,11.098499, 228.964005, 1.002976
5, 416,9,165.098038, 165.484299, 129.007126, 72.512924,11.098499, 228.964005, 0.997666
5, 416,10,150.395447, 151.060623, 129.007126, 72.512924,11.098499, 228.964005, 0.995597
5, 416,11,57.444870, 57.657692, 129.007126, 72.512924,11.098499, 228.964005, 0.996309
5, 416,12,185.575333, 185.471527, 129.007126, 72.512924,11.098499, 228.964005, 1.000560
5, 416,13,83.654984, 84.057655, 129.007126, 72.512924,11.098499, 228.964005, 0.995210
5, 416,14,177.764313, 177.199814, 129.007126, 72.512924,11.098499, 228.964005, 1.003186
5, 416,15,49.521233, 50.348888, 129.007126, 72.512924,11.098499, 228.964005, 0.983562
5, 416,16,209.837296, 210.186386, 129.007126, 72.512924,11.098499, 228.964005, 0.998339
5, 416,17,11.098499, 10.555015, 129.007126, 72.512924,11.098499, 228.964005, 1.051491
5, 416,18,150.880676, 149.736618, 129.007126, 72.512924,11.098499, 228.964005, 1.007640
5, 416,19,82.432114, 81.115417, 129.007126, 72.512924,11.098499, 228.964005, 1.016232
5, 416,20,30.090456, 30.114262, 129.007126, 72.512924,11.098499, 228.964005, 0.999209
5, 416,21,228.137756, 227.358398, 129.007126, 72.512924,11.098499, 228.964005, 1.003428
5, 416,22,39.067715, 38.566528, 129.007126, 72.512924,11.098499, 228.964005, 1.012995
5, 416,23,90.075150, 89.714798, 129.007126, 72.512924,11.098499, 228.964005, 1.004017
5, 416,24,168.093887, 168.018646, 129.007126, 72.512924,11.098499, 228.964005, 1.000448
5, 416,25,222.154907, 221.661148, 129.007126, 72.512924,11.098499, 228.964005, 1.002228
5, 416,26,77.072372, 78.273476, 129.007126, 72.512924,11.098499, 228.964005, 0.984655
5, 416,27,107.000954, 106.913559, 129.007126, 72.512924,11.098499, 228.964005, 1.000817
5, 416,28,190.644760, 190.640518, 129.007126, 72.512924,11.098499, 228.964005, 1.000022
5, 416,29,15.330846, 15.436468, 129.007126, 72.512924,11.098499, 228.964005, 0.993158
5, 416,30,201.991211, 201.727432, 129.007126, 72.512924,11.098499, 228.964005, 1.001308
5, 416,31,228.964005, 228.067215, 129.007126, 72.512924,11.098499, 228.964005, 1.003932
5, 417,0,21.405062, 21.889668, 128.989960, 66.796967,21.405062, 248.247971, 0.977861
5, 417,1,228.900101, 228.439346, 128.989960, 66.796967,21.405062, 248.247971, 1.002017
5, 417,2,76.632423, 76.234825, 128.989960, 66.796967,21.405062, 248.247971, 1.005215
5, 417,3,132.584503, 133.139191, 128.989960, 66.796967,21.405062, 248.247971, 0.995834
5, 417,4,25.820799, 25.675167, 128.989960, 66.796967,21.405062, 248.247971, 1.005672
5, 417,5,198.179993, 196.670074, 128.989960, 66.796967,21.405062, 248.247971, 1.007677
5, 417,6,145.344009, 147.473831, 128.989960, 66.796967,21.405062, 248.247971, 0.985558
5, 417,7,248.247971, 247.534393, 128.989960, 66.796967,21.405062, 248.247971, 1.002883
5, 417,8,177.843323, 176.592468, 128.989960, 66.796967,21.405062, 248.247971, 1.007083
5, 417,9,66.058525, 65.761856, 128.989960, 66.796967,21.405062, 248.247971, 1.004511
5, 417,10,151.948959, 152.356125, 128.989960, 66.796967,21.405062, 248.247971, 0.997328
5, 417,11,163.376770, 162.615814, 128.989960, 66.796967,21.405062, 248.247971, 1.004679
5, 417,12,100.385445, 100.593033, 128.989960, 66.796967,21.405062, 248.247971, 0.997936
5, 417,13,166.413162, 165.319748, 128.989960, 66.796967,21.405062, 248.247971, 1.006614
5, 417,14,105.961800, 106.884430, 128.989960, 66.796967,21.405062, 248.247971, 0.991368
5, 417,15,184.901169, 185.344055, 128.989960, 66.796967,21.405062, 248.247971, 0.997610
5, 417,16,181.564301, 182.853394, 128.989960, 66.796967,21.405062, 248.247971, 0.992950
5, 417,17,39.362350, 38.996777, 128.989960, 66.796967,21.405062, 248.247971, 1.009374
5, 417,18,156.330414, 156.172089, 128.989960, 66.796967,21.405062, 248.247971, 1.001014
5, 417,19,184.042480, 182.739136, 128.989960, 66.796967,21.405062, 248.247971, 1.007132
5, 417,20,41.012428, 40.040264, 128.989960, 66.796967,21.405062, 248.247971, 1.024280
5, 417,21,62.973263, 63.789135, 128.989960, 66.796967,21.405062, 248.247971, 0.987210
5, 417,22,114.699524, 115.506531, 128.989960, 66.796967,21.405062, 248.247971, 0.993013
5, 417,23,241.776016, 241.105896, 128.989960, 66.796967,21.405062, 248.247971, 1.002779
5, 417,24,193.673386, 192.838882, 128.989960, 66.796967,21.405062, 248.247971, 1.004327
5, 417,25,210.673340, 207.417252, 128.989960, 66.796967,21.405062, 248.247971, 1.015698
5, 417,26,108.349892, 109.687363, 128.989960, 66.796967,21.405062, 248.247971, 0.987806
5, 417,27,26.885153, 27.084257, 128.989960, 66.796967,21.405062, 248.247971, 0.992649
5, 417,28,145.390747, 145.402084, 128.989960, 66.796967,21.405062, 248.247971, 0.999922
5, 417,29,80.928177, 80.812462, 128.989960, 66.796967,21.405062, 248.247971, 1.001432
5, 417,30,72.892448, 72.205582, 128.989960, 66.796967,21.405062, 248.247971, 1.009513
5, 417,31,73.120705, 71.824753, 128.989960, 66.796967,21.405062, 248.247971, 1.018043
5, 418,0,212.958450, 211.204239, 128.931976, 86.316589,19.496637, 301.034088, 1.008306
5, 418,1,86.061584, 87.489052, 128.931976, 86.316589,19.496637, 301.034088, 0.983684
5, 418,2,274.954193, 274.931091, 128.931976, 86.316589,19.496637, 301.034088, 1.000084
5, 418,3,103.058609, 102.334877, 128.931976, 86.316589,19.496637, 301.034088, 1.007072
5, 418,4,83.908409, 83.046143, 128.931976, 86.316589,19.496637, 301.034088, 1.010383
5, 418,5,298.806335, 299.592865, 128.931976, 86.316589,19.496637, 301.034088, 0.997375
5, 418,6,127.584007, 128.558868, 128.931976, 86.316589,19.496637, 301.034088, 0.992417
5, 418,7,41.028370, 40.802368, 128.931976, 86.316589,19.496637, 301.034088, 1.005539
5, 418,8,45.462811, 45.552315, 128.931976, 86.316589,19.496637, 301.034088, 0.998035
5, 418,9,36.299778, 36.305279, 128.931976, 86.316589,19.496637, 301.034088, 0.999848
5, 418,10,141.500916, 141.381912, 128.931976, 86.316589,19.496637, 301.034088, 1.000842
5, 418,11,57.128395, 56.939526, 128.931976, 86.316589,19.496637, 301.034088, 1.003317
5, 418,12,153.820984, 152.976822, 128.931976, 86.316589,19.496637, 301.034088, 1.005518
5, 418,13,64.026665, 63.215588, 128.931976, 86.316589,19.496637, 301.034088, 1.012830
5, 418,14,116.470558, 114.146507, 128.931976, 86.316589,19.496637, 301.034088, 1.020360
5, 418,15,225.510345, 226.149384, 128.931976, 86.316589,19.496637, 301.034088, 0.997174
5, 418,16,118.871696, 118.526215, 128.931976, 86.316589,19.496637, 301.034088, 1.002915
5, 418,17,90.020630, 90.694809, 128.931976, 86.316589,19.496637, 301.034088, 0.992567
5, 418,18,73.801193, 74.936920, 128.931976, 86.316589,19.496637, 301.034088, 0.984844
5, 418,19,175.122147, 175.381012, 128.931976, 86.316589,19.496637, 301.034088, 0.998524
5, 418,20,301.034088, 300.405579, 128.931976, 86.316589,19.496637, 301.034088, 1.002092
5, 418,21,289.054779, 291.501709, 128.931976, 86.316589,19.496637, 301.034088, 0.991606
5, 418,22,55.168182, 54.085949, 128.931976, 86.316589,19.496637, 301.034088, 1.020010
5, 418,23,93.268867, 91.182442, 128.931976, 86.316589,19.496637, 301.034088, 1.022882
5, 418,24,45.147617, 46.012859, 128.931976, 86.316589,19.496637, 301.034088, 0.981196
5, 418,25,90.916199, 91.046982, 128.931976, 86.316589,19.496637, 301.034088, 0.998564
5, 418,26,51.795238, 51.548439, 128.931976, 86.316589,19.496637, 301.034088, 1.004788
5, 418,27,264.912781, 262.794373, 128.931976, 86.316589,19.496637, 301.034088, 1.008061
5, 418,28,135.893692, 135.530273, 128.931976, 86.316589,19.496637, 301.034088, 1.002681
5, 418,29,47.047333, 46.708191, 128.931976, 86.316589,19.496637, 301.034088, 1.007261
5, 418,30,205.691772, 206.011795, 128.931976, 86.316589,19.496637, 301.034088, 0.998447
5, 418,31,19.496637, 20.005577, 128.931976, 86.316589,19.496637, 301.034088, 0.974560
5, 419,0,184.985733, 184.174347, 128.767212, 60.282642,11.856723, 230.748352, 1.004405
5, 419,1,47.001144, 46.156116, 128.767212, 60.282642,11.856723, 230.748352, 1.018308
5, 419,2,110.368118, 110.051498, 128.767212, 60.282642,11.856723, 230.748352, 1.002877
5, 419,3,27.213739, 27.826391, 128.767212, 60.282642,11.856723, 230.748352, 0.977983
5, 419,4,133.979782, 134.791748, 128.767212, 60.282642,11.856723, 230.748352, 0.993976
5, 419,5,11.856723, 10.587222, 128.767212, 60.282642,11.856723, 230.748352, 1.119909
5, 419,6,118.818481, 116.916412, 128.767212, 60.282642,11.856723, 230.748352, 1.016269
5, 419,7,197.700348, 197.995026, 128.767212, 60.282642,11.856723, 230.748352, 0.998512
5, 419,8,66.226120, 65.359688, 128.767212, 60.282642,11.856723, 230.748352, 1.013256
5, 419,9,209.931808, 207.900925, 128.767212, 60.282642,11.856723, 230.748352, 1.009768
5, 419,10,201.967606, 202.650879, 128.767212, 60.282642,11.856723, 230.748352, 0.996628
5, 419,11,95.984787, 96.985809, 128.767212, 60.282642,11.856723, 230.748352, 0.989679
5, 419,12,204.219986, 204.517395, 128.767212, 60.282642,11.856723, 230.748352, 0.998546
5, 419,13,54.702946, 55.195148, 128.767212, 60.282642,11.856723, 230.748352, 0.991082
5, 419,14,88.247314, 88.806633, 128.767212, 60.282642,11.856723, 230.748352, 0.993702
5, 419,15,112.352005, 112.819839, 128.767212, 60.282642,11.856723, 230.748352, 0.995853
5, 419,16,157.929565, 157.392792, 128.767212, 60.282642,11.856723, 230.748352, 1.003410
5, 419,17,146.990097, 147.507889, 128.767212, 60.282642,11.856723, 230.748352, 0.996490
5, 419,18,102.843681, 102.662285, 128.767212, 60.282642,11.856723, 230.748352, 1.001767
5, 419,19,140.851395, 142.502518, 128.767212, 60.282642,11.856723, 230.748352, 0.988413
5, 419,20,230.748352, 230.886490, 128.767212, 60.282642,11.856723, 230.748352, 0.999402
5, 419,21,143.775833, 143.201599, 128.767212, 60.282642,11.856723, 230.748352, 1.004010
5, 419,22,102.794968, 104.577751, 128.767212, 60.282642,11.856723, 230.748352, 0.982953
5, 419,23,90.059395, 89.645523, 128.767212, 60.282642,11.856723, 230.748352, 1.004617
5, 419,24,83.700005, 83.843208, 128.767212, 60.282642,11.856723, 230.748352, 0.998292
5, 419,25,93.161469, 93.210808, 128.767212, 60.282642,11.856723, 230.748352, 0.999471
5, 419,26,225.222412, 225.126114, 128.767212, 60.282642,11.856723, 230.748352, 1.000428
5, 419,27,201.444397, 201.539352, 128.767212, 60.282642,11.856723, 230.748352, 0.999529
5, 419,28,149.156174, 149.835831, 128.767212, 60.282642,11.856723, 230.748352, 0.995464
5, 419,29,96.025482, 95.482796, 128.767212, 60.282642,11.856723, 230.748352, 1.005684
5, 419,30,211.781052, 212.123337, 128.767212, 60.282642,11.856723, 230.748352, 0.998386
5, 419,31,78.510139, 78.725990, 128.767212, 60.282642,11.856723, 230.748352, 0.997258
5, 420,0,187.907288, 188.714127, 128.858002, 73.881607,12.522202, 263.853119, 0.995725
5, 420,1,158.604721, 158.729523, 128.858002, 73.881607,12.522202, 263.853119, 0.999214
5, 420,2,30.587700, 31.310593, 128.858002, 73.881607,12.522202, 263.853119, 0.976912
5, 420,3,128.673431, 127.528069, 128.858002, 73.881607,12.522202, 263.853119, 1.008981
5, 420,4,59.866093, 60.858368, 128.858002, 73.881607,12.522202, 263.853119, 0.983695
5, 420,5,97.494583, 97.496674, 128.858002, 73.881607,12.522202, 263.853119, 0.999979
5, 420,6,118.442818, 120.156723, 128.858002, 73.881607,12.522202, 263.853119, 0.985736
5, 420,7,89.549889, 88.144035, 128.858002, 73.881607,12.522202, 263.853119, 1.015949
5, 420,8,180.613571, 180.991760, 128.858002, 73.881607,12.522202, 263.853119, 0.997910
5, 420,9,237.861160, 236.857956, 128.858002, 73.881607,12.522202, 263.853119, 1.004236
5, 420,10,263.853119, 264.089050, 128.858002, 73.881607,12.522202, 263.853119, 0.999107
5, 420,11,221.927017, 221.319641, 128.858002, 73.881607,12.522202, 263.853119, 1.002744
5, 420,12,23.045349, 24.025053, 128.858002, 73.881607,12.522202, 263.853119, 0.959222
5, 420,13,46.301403, 46.490097, 128.858002, 73.881607,12.522202, 263.853119, 0.995941
5, 420,14,63.263676, 63.767902, 128.858002, 73.881607,12.522202, 263.853119, 0.992093
5, 420,15,154.432251, 155.656174, 128.858002, 73.881607,12.522202, 263.853119, 0.992137
5, 420,16,173.183624, 172.598572, 128.858002, 73.881607,12.522202, 263.853119, 1.003390
5, 420,17,12.522202, 12.129499, 128.858002, 73.881607,12.522202, 263.853119, 1.032376
5, 420,18,179.157867, 179.361481, 128.858002, 73.881607,12.522202, 263.853119, 0.998865
5, 420,19,123.716049, 121.318985, 128.858002, 73.881607,12.522202, 263.853119, 1.019758
5, 420,20,78.843903, 77.605743, 128.858002, 73.881607,12.522202, 263.853119, 1.015954
5, 420,21,206.061890, 206.639343, 128.858002, 73.881607,12.522202, 263.853119, 0.997205
5, 420,22,131.026917, 131.264435, 128.858002, 73.881607,12.522202, 263.853119, 0.998191
5, 420,23,166.637360, 167.426926, 128.858002, 73.881607,12.522202, 263.853119, 0.995284
5, 420,24,54.923096, 54.633678, 128.858002, 73.881607,12.522202, 263.853119, 1.005297
5, 420,25,213.160034, 211.600388, 128.858002, 73.881607,12.522202, 263.853119, 1.007371
5, 420,26,228.746796, 228.870377, 128.858002, 73.881607,12.522202, 263.853119, 0.999460
5, 420,27,29.389153, 30.873774, 128.858002, 73.881607,12.522202, 263.853119, 0.951913
5, 420,28,47.637974, 47.894165, 128.858002, 73.881607,12.522202, 263.853119, 0.994651
5, 420,29,45.916496, 45.725662, 128.858002, 73.881607,12.522202, 263.853119, 1.004173
5, 420,30,224.971420, 222.949921, 128.858002, 73.881607,12.522202, 263.853119, 1.009067
5, 420,31,145.136917, 143.971237, 128.858002, 73.881607,12.522202, 263.853119, 1.008097
5, 421,0,79.777496, 79.704353, 128.583160, 67.460922,22.373426, 230.297745, 1.000918
5, 421,1,85.561935, 84.363983, 128.583160, 67.460922,22.373426, 230.297745, 1.014200
5, 421,2,161.786224, 162.450256, 128.583160, 67.460922,22.373426, 230.297745, 0.995912
5, 421,3,43.220409, 45.286896, 128.583160, 67.460922,22.373426, 230.297745, 0.954369
5, 421,4,88.483253, 89.716454, 128.583160, 67.460922,22.373426, 230.297745, 0.986254
5, 421,5,188.584106, 188.479019, 128.583160, 67.460922,22.373426, 230.297745, 1.000558
5, 421,6,39.576981, 39.255180, 128.583160, 67.460922,22.373426, 230.297745, 1.008198
5, 421,7,74.830185, 75.642448, 128.583160, 67.460922,22.373426, 230.297745, 0.989262
5, 421,8,110.254890, 109.108963, 128.583160, 67.460922,22.373426, 230.297745, 1.010503
5, 421,9,72.860268, 72.354904, 128.583160, 67.460922,22.373426, 230.297745, 1.006984
5, 421,10,183.653275, 186.312210, 128.583160, 67.460922,22.373426, 230.297745, 0.985729
5, 421,11,27.572535, 28.468733, 128.583160, 67.460922,22.373426, 230.297745, 0.968520
5, 421,12,144.035049, 143.675858, 128.583160, 67.460922,22.373426, 230.297745, 1.002500
5, 421,13,180.907486, 180.375580, 128.583160, 67.460922,22.373426, 230.297745, 1.002949
5, 421,14,223.696579, 222.149292, 128.583160, 67.460922,22.373426, 230.297745, 1.006965
5, 421,15,84.902184, 84.975311, 128.583160, 67.460922,22.373426, 230.297745, 0.999139
5, 421,16,201.299744, 202.437546, 128.583160, 67.460922,22.373426, 230.297745, 0.994380
5, 421,17,51.404839, 51.739742, 128.583160, 67.460922,22.373426, 230.297745, 0.993527
5, 421,18,49.115746, 48.214455, 128.583160, 67.460922,22.373426, 230.297745, 1.018693
5, 421,19,197.848419, 198.362045, 128.583160, 67.460922,22.373426, 230.297745, 0.997411
5, 421,20,227.352829, 228.989319, 128.583160, 67.460922,22.373426, 230.297745, 0.992853
5, 421,21,111.699677, 112.260666, 128.583160, 67.460922,22.373426, 230.297745, 0.995003
5, 421,22,176.461777, 176.911423, 128.583160, 67.460922,22.373426, 230.297745, 0.997458
5, 421,23,26.697531, 27.857410, 128.583160, 67.460922,22.373426, 230.297745, 0.958364
5, 421,24,217.904175, 215.852676, 128.583160, 67.460922,22.373426, 230.297745, 1.009504
5, 421,25,22.373426, 23.659662, 128.583160, 67.460922,22.373426, 230.297745, 0.945636
5, 421,26,146.883728, 145.550583, 128.583160, 67.460922,22.373426, 230.297745, 1.009159
5, 421,27,164.075974, 163.516663, 128.583160, 67.460922,22.373426, 230.297745, 1.003420
5, 421,28,230.297745, 230.578751, 128.583160, 67.460922,22.373426, 230.297745, 0.998781
5, 421,29,189.225494, 191.114487, 128.583160, 67.460922,22.373426, 230.297745, 0.990116
5, 421,30,142.695618, 142.446426, 128.583160, 67.460922,22.373426, 230.297745, 1.001749
5, 421,31,169.621735, 169.188385, 128.583160, 67.460922,22.373426, 230.297745, 1.002561
5, 422,0,187.845398, 188.096542, 128.421402, 67.394096,12.109330, 225.123917, 0.998665
5, 422,1,225.123917, 224.922546, 128.421402, 67.394096,12.109330, 225.123917, 1.000895
5, 422,2,169.754700, 171.353287, 128.421402, 67.394096,12.109330, 225.123917, 0.990671
5, 422,3,205.173325, 205.465576, 128.421402, 67.394096,12.109330, 225.123917, 0.998578
5, 422,4,26.997301, 26.677410, 128.421402, 67.394096,12.109330, 225.123917, 1.011991
5, 422,5,109.317055, 110.683601, 128.421402, 67.394096,12.109330, 225.123917, 0.987654
5, 422,6,130.901031, 131.418396, 128.421402, 67.394096,12.109330, 225.123917, 0.996063
5, 422,7,21.415171, 21.882324, 128.421402, 67.394096,12.109330, 225.123917, 0.978652
5, 422,8,12.109330, 14.334019, 128.421402, 67.394096,12.109330, 225.123917, 0.844797
5, 422,9,212.632965, 213.606659, 128.421402, 67.394096,12.109330, 225.123917, 0.995442
5, 422,10,178.631393, 178.420761, 128.421402, 67.394096,12.109330, 225.123917, 1.001181
5, 422,11,174.968277, 174.659790, 128.421402, 67.394096,12.109330, 225.123917, 1.001766
5, 422,12,201.836029, 202.699158, 128.421402, 67.394096,12.109330, 225.123917, 0.995742
5, 422,13,31.453100, 30.708443, 128.421402, 67.394096,12.109330, 225.123917, 1.024249
5, 422,14,167.423965, 167.737198, 128.421402, 67.394096,12.109330, 225.123917, 0.998133
5, 422,15,124.112198, 123.211426, 128.421402, 67.394096,12.109330, 225.123917, 1.007311
5, 422,16,64.859825, 65.011742, 128.421402, 67.394096,12.109330, 225.123917, 0.997663
5, 422,17,141.722107, 141.614532, 128.421402, 67.394096,12.109330, 225.123917, 1.000760
5, 422,18,175.411453, 175.325027, 128.421402, 67.394096,12.109330, 225.123917, 1.000493
5, 422,19,130.635223, 130.423798, 128.421402, 67.394096,12.109330, 225.123917, 1.001621
5, 422,20,37.187447, 38.171120, 128.421402, 67.394096,12.109330, 225.123917, 0.974230
5, 422,21,198.181732, 199.419006, 128.421402, 67.394096,12.109330, 225.123917, 0.993796
5, 422,22,184.770096, 185.218185, 128.421402, 67.394096,12.109330, 225.123917, 0.997581
5, 422,23,68.572235, 68.963730, 128.421402, 67.394096,12.109330, 225.123917, 0.994323
5, 422,24,57.664764, 58.701725, 128.421402, 67.394096,12.109330, 225.123917, 0.982335
5, 422,25,112.409355, 112.172188, 128.421402, 67.394096,12.109330, 225.123917, 1.002114
5, 422,26,133.269089, 133.144089, 128.421402, 67.394096,12.109330, 225.123917, 1.000939
5, 422,27,181.109406, 180.600937, 128.421402, 67.394096,12.109330, 225.123917, 1.002815
5, 422,28,224.792053, 225.488983, 128.421402, 67.394096,12.109330, 225.123917, 0.996909
5, 422,29,23.737604, 24.279867, 128.421402, 67.394096,12.109330, 225.123917, 0.977666
5, 422,30,96.848991, 97.345627, 128.421402, 67.394096,12.109330, 225.123917, 0.994898
5, 422,31,98.618362, 99.242584, 128.421402, 67.394096,12.109330, 225.123917, 0.993710
5, 423,0,206.558487, 204.740097, 128.944489, 58.355328,31.413500, 221.816559, 1.008881
5, 423,1,219.331314, 219.413330, 128.944489, 58.355328,31.413500, 221.816559, 0.999626
5, 423,2,106.968307, 107.713837, 128.944489, 58.355328,31.413500, 221.816559, 0.993079
5, 423,3,114.530060, 114.555397, 128.944489, 58.355328,31.413500, 221.816559, 0.999779
5, 423,4,82.720924, 81.530296, 128.944489, 58.355328,31.413500, 221.816559, 1.014603
5, 423,5,166.214645, 168.290802, 128.944489, 58.355328,31.413500, 221.816559, 0.987663
5, 423,6,206.441055, 207.132919, 128.944489, 58.355328,31.413500, 221.816559, 0.996660
5, 423,7,96.413254, 96.567963, 128.944489, 58.355328,31.413500, 221.816559, 0.998398
5, 423,8,68.164322, 66.114464, 128.944489, 58.355328,31.413500, 221.816559, 1.031005
5, 423,9,137.155884, 136.187073, 128.944489, 58.355328,31.413500, 221.816559, 1.007114
5, 423,10,45.468674, 46.078003, 128.944489, 58.355328,31.413500, 221.816559, 0.986776
5, 423,11,127.183090, 125.419357, 128.944489, 58.355328,31.413500, 221.816559, 1.014063
5, 423,12,64.892555, 65.041824, 128.944489, 58.355328,31.413500, 221.816559, 0.997705
5, 423,13,111.539833, 110.477966, 128.944489, 58.355328,31.413500, 221.816559, 1.009612
5, 423,14,203.882507, 203.351151, 128.944489, 58.355328,31.413500, 221.816559, 1.002613
5, 423,15,110.752304, 108.868996, 128.944489, 58.355328,31.413500, 221.816559, 1.017299
5, 423,16,41.037304, 41.381744, 128.944489, 58.355328,31.413500, 221.816559, 0.991677
5, 423,17,128.311661, 129.042984, 128.944489, 58.355328,31.413500, 221.816559, 0.994333
5, 423,18,219.633408, 220.898529, 128.944489, 58.355328,31.413500, 221.816559, 0.994273
5, 423,19,88.030998, 88.674393, 128.944489, 58.355328,31.413500, 221.816559, 0.992744
5, 423,20,150.919418, 149.388855, 128.944489, 58.355328,31.413500, 221.816559, 1.010245
5, 423,21,130.623581, 129.634308, 128.944489, 58.355328,31.413500, 221.816559, 1.007631
5, 423,22,98.093857, 97.626854, 128.944489, 58.355328,31.413500, 221.816559, 1.004784
5, 423,23,68.827957, 68.225372, 128.944489, 58.355328,31.413500, 221.816559, 1.008832
5, 423,24,40.504459, 40.597889, 128.944489, 58.355328,31.413500, 221.816559, 0.997699
5, 423,25,31.413500, 32.140495, 128.944489, 58.355328,31.413500, 221.816559, 0.977381
5, 423,26,185.016724, 183.596588, 128.944489, 58.355328,31.413500, 221.816559, 1.007735
5, 423,27,131.909378, 132.838501, 128.944489, 58.355328,31.413500, 221.816559, 0.993006
5, 423,28,221.816559, 220.939789, 128.944489, 58.355328,31.413500, 221.816559, 1.003968
5, 423,29,201.004166, 201.398392, 128.944489, 58.355328,31.413500, 221.816559, 0.998043
5, 423,30,155.910568, 157.557465, 128.944489, 58.355328,31.413500, 221.816559, 0.989547
5, 423,31,164.952805, 165.574799, 128.944489, 58.355328,31.413500, 221.816559, 0.996243
5, 424,0,119.154709, 118.987022, 128.858566, 69.894791,11.030943, 238.744781, 1.001409
5, 424,1,74.688461, 75.230927, 128.858566, 69.894791,11.030943, 238.744781, 0.992789
5, 424,2,141.155838, 141.389648, 128.858566, 69.894791,11.030943, 238.744781, 0.998346
5, 424,3,157.401123, 156.862350, 128.858566, 69.894791,11.030943, 238.744781, 1.003435
5, 424,4,231.979294, 231.285538, 128.858566, 69.894791,11.030943, 238.744781, 1.003000
5, 424,5,46.525036, 46.897579, 128.858566, 69.894791,11.030943, 238.744781, 0.992056
5, 424,6,95.717194, 97.819092, 128.858566, 69.894791,11.030943, 238.744781, 0.978512
5, 424,7,152.028931, 153.072678, 128.858566, 69.894791,11.030943, 238.744781, 0.993181
5, 424,8,100.937454, 102.186852, 128.858566, 69.894791,11.030943, 238.744781, 0.987773
5, 424,9,149.213806, 148.983246, 128.858566, 69.894791,11.030943, 238.744781, 1.001548
5, 424,10,195.203613, 194.544983, 128.858566, 69.894791,11.030943, 238.744781, 1.003386
5, 424,11,11.030943, 11.891269, 128.858566, 69.894791,11.030943, 238.744781, 0.927651
5, 424,12,214.438309, 214.399750, 128.858566, 69.894791,11.030943, 238.744781, 1.000180
5, 424,13,105.621521, 105.534035, 128.858566, 69.894791,11.030943, 238.744781, 1.000829
5, 424,14,198.133591, 198.491669, 128.858566, 69.894791,11.030943, 238.744781, 0.998196
5, 424,15,224.529190, 224.405609, 128.858566, 69.894791,11.030943, 238.744781, 1.000551
5, 424,16,70.026878, 69.935364, 128.858566, 69.894791,11.030943, 238.744781, 1.001309
5, 424,17,238.744781, 238.607986, 128.858566, 69.894791,11.030943, 238.744781, 1.000573
5, 424,18,204.103989, 203.751541, 128.858566, 69.894791,11.030943, 238.744781, 1.001730
5, 424,19,18.290995, 16.944168, 128.858566, 69.894791,11.030943, 238.744781, 1.079486
5, 424,20,74.288353, 72.882889, 128.858566, 69.894791,11.030943, 238.744781, 1.019284
5, 424,21,57.437843, 58.609169, 128.858566, 69.894791,11.030943, 238.744781, 0.980015
5, 424,22,96.949997, 95.649483, 128.858566, 69.894791,11.030943, 238.744781, 1.013597
5, 424,23,157.068771, 157.561768, 128.858566, 69.894791,11.030943, 238.744781, 0.996871
5, 424,24,38.217041, 38.162056, 128.858566, 69.894791,11.030943, 238.744781, 1.001441
5, 424,25,195.373322, 194.923233, 128.858566, 69.894791,11.030943, 238.744781, 1.002309
5, 424,26,219.701889, 219.202835, 128.858566, 69.894791,11.030943, 238.744781, 1.002277
5, 424,27,45.088345, 44.292622, 128.858566, 69.894791,11.030943, 238.744781, 1.017965
5, 424,28,121.954491, 121.470650, 128.858566, 69.894791,11.030943, 238.744781, 1.003983
5, 424,29,103.711922, 102.921951, 128.858566, 69.894791,11.030943, 238.744781, 1.007675
5, 424,30,219.486603, 219.238525, 128.858566, 69.894791,11.030943, 238.744781, 1.001132
5, 424,31,45.269444, 44.863571, 128.858566, 69.894791,11.030943, 238.744781, 1.009047
5, 425,0,25.123808, 25.947380, 128.571976, 69.185349,22.032871, 227.991608, 0.968260
5, 425,1,222.404419, 224.711639, 128.571976, 69.185349,22.032871, 227.991608, 0.989733
5, 425,2,145.805496, 144.433914, 128.571976, 69.185349,22.032871, 227.991608, 1.009496
5, 425,3,56.708790, 59.376717, 128.571976, 69.185349,22.032871, 227.991608, 0.955068
5, 425,4,174.414810, 173.293335, 128.571976, 69.185349,22.032871, 227.991608, 1.006472
5, 425,5,178.857635, 178.613647, 128.571976, 69.185349,22.032871, 227.991608, 1.001366
5, 425,6,127.062050, 126.823524, 128.571976, 69.185349,22.032871, 227.991608, 1.001881
5, 425,7,143.279984, 142.547821, 128.571976, 69.185349,22.032871, 227.991608, 1.005136
5, 425,8,40.135277, 37.392448, 128.571976, 69.185349,22.032871, 227.991608, 1.073352
5, 425,9,73.437347, 74.566948, 128.571976, 69.185349,22.032871, 227.991608, 0.984851
5, 425,10,49.197189, 50.155762, 128.571976, 69.185349,22.032871, 227.991608, 0.980888
5, 425,11,222.777603, 222.345566, 128.571976, 69.185349,22.032871, 227.991608, 1.001943
5, 425,12,209.519608, 210.968109, 128.571976, 69.185349,22.032871, 227.991608, 0.993134
5, 425,13,201.241425, 200.043564, 128.571976, 69.185349,22.032871, 227.991608, 1.005988
5, 425,14,54.799110, 54.658073, 128.571976, 69.185349,22.032871, 227.991608, 1.002580
5, 425,15,80.729149, 82.422340, 128.571976, 69.185349,22.032871, 227.991608, 0.979457
5, 425,16,176.042374, 176.288116, 128.571976, 69.185349,22.032871, 227.991608, 0.998606
5, 425,17,180.018723, 181.256897, 128.571976, 69.185349,22.032871, 227.991608, 0.993169
5, 425,18,65.091606, 64.575333, 128.571976, 69.185349,22.032871, 227.991608, 1.007995
5, 425,19,106.690308, 107.610947, 128.571976, 69.185349,22.032871, 227.991608, 0.991445
5, 425,20,189.108368, 188.997345, 128.571976, 69.185349,22.032871, 227.991608, 1.000587
5, 425,21,227.991608, 226.597748, 128.571976, 69.185349,22.032871, 227.991608, 1.006151
5, 425,22,183.996170, 183.893387, 128.571976, 69.185349,22.032871, 227.991608, 1.000559
5, 425,23,122.620514, 124.531807, 128.571976, 69.185349,22.032871, 227.991608, 0.984652
5, 425,24,22.032871, 21.269302, 128.571976, 69.185349,22.032871, 227.991608, 1.035900
5, 425,25,51.864872, 51.379364, 128.571976, 69.185349,22.032871, 227.991608, 1.009449
5, 425,26,72.882126, 73.093224, 128.571976, 69.185349,22.032871, 227.991608, 0.997112
5, 425,27,191.253860, 191.336380, 128.571976, 69.185349,22.032871, 227.991608, 0.999569
5, 425,28,52.142796, 53.860371, 128.571976, 69.185349,22.032871, 227.991608, 0.968111
5, 425,29,57.831886, 59.762047, 128.571976, 69.185349,22.032871, 227.991608, 0.967703
5, 425,30,193.993530, 193.743042, 128.571976, 69.185349,22.032871, 227.991608, 1.001293
5, 425,31,215.247757, 214.503708, 128.571976, 69.185349,22.032871, 227.991608, 1.003469
5, 426,0,122.536880, 122.024033, 128.654785, 54.549461,31.708265, 210.713135, 1.004203
5, 426,1,158.621902, 159.367538, 128.654785, 54.549461,31.708265, 210.713135, 0.995321
5, 426,2,156.696518, 157.916351, 128.654785, 54.549461,31.708265, 210.713135, 0.992275
5, 426,3,31.708265, 32.283554, 128.654785, 54.549461,31.708265, 210.713135, 0.982180
5, 426,4,88.556145, 88.247200, 128.654785, 54.549461,31.708265, 210.713135, 1.003501
5, 426,5,162.644730, 162.772949, 128.654785, 54.549461,31.708265, 210.713135, 0.999212
5, 426,6,210.713135, 210.758377, 128.654785, 54.549461,31.708265, 210.713135, 0.999785
5, 426,7,164.583664, 165.494705, 128.654785, 54.549461,31.708265, 210.713135, 0.994495
5, 426,8,121.057686, 118.199394, 128.654785, 54.549461,31.708265, 210.713135, 1.024182
5, 426,9,153.159164, 153.337112, 128.654785, 54.549461,31.708265, 210.713135, 0.998839
5, 426,10,116.926682, 117.096497, 128.654785, 54.549461,31.708265, 210.713135, 0.998550
5, 426,11,31.884335, 31.832079, 128.654785, 54.549461,31.708265, 210.713135, 1.001642
5, 426,12,89.389442, 89.337196, 128.654785, 54.549461,31.708265, 210.713135, 1.000585
5, 426,13,210.069550, 210.693878, 128.654785, 54.549461,31.708265, 210.713135, 0.997037
5, 426,14,184.698837, 185.075851, 128.654785, 54.549461,31.708265, 210.713135, 0.997963
5, 426,15,129.486389, 130.227997, 128.654785, 54.549461,31.708265, 210.713135, 0.994305
5, 426,16,47.292370, 46.659832, 128.654785, 54.549461,31.708265, 210.713135, 1.013556
5, 426,17,118.592316, 118.186493, 128.654785, 54.549461,31.708265, 210.713135, 1.003434
5, 426,18,147.180481, 147.138992, 128.654785, 54.549461,31.708265, 210.713135, 1.000282
5, 426,19,106.164703, 106.009552, 128.654785, 54.549461,31.708265, 210.713135, 1.001464
5, 426,20,194.346115, 193.679688, 128.654785, 54.549461,31.708265, 210.713135, 1.003441
5, 426,21,50.486935, 50.503830, 128.654785, 54.549461,31.708265, 210.713135, 0.999665
5, 426,22,186.650101, 188.107178, 128.654785, 54.549461,31.708265, 210.713135, 0.992254
5, 426,23,131.396835, 131.317993, 128.654785, 54.549461,31.708265, 210.713135, 1.000600
5, 426,24,52.930256, 53.264275, 128.654785, 54.549461,31.708265, 210.713135, 0.993729
5, 426,25,159.247910, 158.716125, 128.654785, 54.549461,31.708265, 210.713135, 1.003350
5, 426,26,207.077927, 208.578400, 128.654785, 54.549461,31.708265, 210.713135, 0.992806
5, 426,27,182.105133, 182.502457, 128.654785, 54.549461,31.708265, 210.713135, 0.997823
5, 426,28,132.487839, 133.620514, 128.654785, 54.549461,31.708265, 210.713135, 0.991523
5, 426,29,36.231541, 36.940205, 128.654785, 54.549461,31.708265, 210.713135, 0.980816
5, 426,30,77.643990, 77.779411, 128.654785, 54.549461,31.708265, 210.713135, 0.998259
5, 426,31,154.385773, 153.330658, 128.654785, 54.549461,31.708265, 210.713135, 1.006881
5, 427,0,34.551922, 33.719593, 128.753143, 76.066391,16.971004, 258.330505, 1.024684
5, 427,1,256.755585, 255.920197, 128.753143, 76.066391,16.971004, 258.330505, 1.003264
5, 427,2,167.677734, 167.834198, 128.753143, 76.066391,16.971004, 258.330505, 0.999068
5, 427,3,52.189823, 51.091473, 128.753143, 76.066391,16.971004, 258.330505, 1.021498
5, 427,4,119.324326, 118.440086, 128.753143, 76.066391,16.971004, 258.330505, 1.007466
5, 427,5,143.389389, 144.244934, 128.753143, 76.066391,16.971004, 258.330505, 0.994069
5, 427,6,115.914825, 115.204903, 128.753143, 76.066391,16.971004, 258.330505, 1.006162
5, 427,7,248.359406, 247.916550, 128.753143, 76.066391,16.971004, 258.330505, 1.001786
5, 427,8,18.437078, 20.004547, 128.753143, 76.066391,16.971004, 258.330505, 0.921644
5, 427,9,151.856140, 151.274948, 128.753143, 76.066391,16.971004, 258.330505, 1.003842
5, 427,10,159.498932, 158.703598, 128.753143, 76.066391,16.971004, 258.330505, 1.005011
5, 427,11,63.599445, 63.495579, 128.753143, 76.066391,16.971004, 258.330505, 1.001636
5, 427,12,64.993629, 64.331207, 128.753143, 76.066391,16.971004, 258.330505, 1.010297
5, 427,13,40.145615, 40.251297, 128.753143, 76.066391,16.971004, 258.330505, 0.997374
5, 427,14,166.892914, 167.274551, 128.753143, 76.066391,16.971004, 258.330505, 0.997719
5, 427,15,28.725895, 28.475828, 128.753143, 76.066391,16.971004, 258.330505, 1.008782
5, 427,16,130.532303, 131.066528, 128.753143, 76.066391,16.971004, 258.330505, 0.995924
5, 427,17,154.791687, 153.735825, 128.753143, 76.066391,16.971004, 258.330505, 1.006868
5, 427,18,47.157108, 48.070942, 128.753143, 76.066391,16.971004, 258.330505, 0.980990
5, 427,19,253.821899, 254.724258, 128.753143, 76.066391,16.971004, 258.330505, 0.996458
5, 427,20,258.330505, 259.063416, 128.753143, 76.066391,16.971004, 258.330505, 0.997171
5, 427,21,132.161301, 130.951538, 128.753143, 76.066391,16.971004, 258.330505, 1.009238
5, 427,22,234.586685, 234.385498, 128.753143, 76.066391,16.971004, 258.330505, 1.000858
5, 427,23,258.220093, 258.887054, 128.753143, 76.066391,16.971004, 258.330505, 0.997424
5, 427,24,75.314735, 76.773643, 128.753143, 76.066391,16.971004, 258.330505, 0.980997
5, 427,25,145.887955, 145.617188, 128.753143, 76.066391,16.971004, 258.330505, 1.001859
5, 427,26,137.625748, 138.970490, 128.753143, 76.066391,16.971004, 258.330505, 0.990324
5, 427,27,115.536789, 116.998825, 128.753143, 76.066391,16.971004, 258.330505, 0.987504
5, 427,28,16.971004, 17.106678, 128.753143, 76.066391,16.971004, 258.330505, 0.992069
5, 427,29,55.795101, 56.036247, 128.753143, 76.066391,16.971004, 258.330505, 0.995697
5, 427,30,106.967461, 107.047943, 128.753143, 76.066391,16.971004, 258.330505, 0.999248
5, 427,31,164.086563, 163.380051, 128.753143, 76.066391,16.971004, 258.330505, 1.004324
5, 428,0,106.398560, 105.158104, 128.662994, 65.020821,19.286943, 227.817169, 1.011796
5, 428,1,22.653141, 22.224960, 128.662994, 65.020821,19.286943, 227.817169, 1.019266
5, 428,2,196.576385, 196.903320, 128.662994, 65.020821,19.286943, 227.817169, 0.998340
5, 428,3,80.141449, 80.783272, 128.662994, 65.020821,19.286943, 227.817169, 0.992055
5, 428,4,103.567894, 102.557480, 128.662994, 65.020821,19.286943, 227.817169, 1.009852
5, 428,5,227.817169, 226.595428, 128.662994, 65.020821,19.286943, 227.817169, 1.005392
5, 428,6,202.352493, 203.667648, 128.662994, 65.020821,19.286943, 227.817169, 0.993543
5, 428,7,163.687164, 163.586716, 128.662994, 65.020821,19.286943, 227.817169, 1.000614
5, 428,8,142.318405, 142.890961, 128.662994, 65.020821,19.286943, 227.817169, 0.995993
5, 428,9,128.423843, 129.218964, 128.662994, 65.020821,19.286943, 227.817169, 0.993847
5, 428,10,215.614914, 215.667374, 128.662994, 65.020821,19.286943, 227.817169, 0.999757
5, 428,11,30.473007, 30.033644, 128.662994, 65.020821,19.286943, 227.817169, 1.014629
5, 428,12,71.305588, 71.261307, 128.662994, 65.020821,19.286943, 227.817169, 1.000621
5, 428,13,28.719101, 29.760612, 128.662994, 65.020821,19.286943, 227.817169, 0.965004
5, 428,14,163.976685, 164.467239, 128.662994, 65.020821,19.286943, 227.817169, 0.997017
5, 428,15,189.662598, 189.620209, 128.662994, 65.020821,19.286943, 227.817169, 1.000224
5, 428,16,19.286943, 18.866680, 128.662994, 65.020821,19.286943, 227.817169, 1.022275
5, 428,17,34.667416, 35.344093, 128.662994, 65.020821,19.286943, 227.817169, 0.980855
5, 428,18,127.505547, 127.655846, 128.662994, 65.020821,19.286943, 227.817169, 0.998823
5, 428,19,218.748718, 219.168991, 128.662994, 65.020821,19.286943, 227.817169, 0.998082
5, 428,20,149.584152, 148.815750, 128.662994, 65.020821,19.286943, 227.817169, 1.005163
5, 428,21,178.970215, 180.132385, 128.662994, 65.020821,19.286943, 227.817169, 0.993548
5, 428,22,108.854820, 109.847404, 128.662994, 65.020821,19.286943, 227.817169, 0.990964
5, 428,23,119.001961, 118.959816, 128.662994, 65.020821,19.286943, 227.817169, 1.000354
5, 428,24,82.975380, 82.517014, 128.662994, 65.020821,19.286943, 227.817169, 1.005555
5, 428,25,160.000519, 160.992935, 128.662994, 65.020821,19.286943, 227.817169, 0.993836
5, 428,26,81.261711, 80.906136, 128.662994, 65.020821,19.286943, 227.817169, 1.004395
5, 428,27,225.610886, 225.899200, 128.662994, 65.020821,19.286943, 227.817169, 0.998724
5, 428,28,194.075256, 194.568909, 128.662994, 65.020821,19.286943, 227.817169, 0.997463
5, 428,29,177.904602, 177.900360, 128.662994, 65.020821,19.286943, 227.817169, 1.000024
5, 428,30,54.587563, 54.804375, 128.662994, 65.020821,19.286943, 227.817169, 0.996044
5, 428,31,110.491829, 110.222824, 128.662994, 65.020821,19.286943, 227.817169, 1.002441
5, 429,0,160.415131, 159.715668, 129.000031, 72.215424,30.429901, 259.612000, 1.004379
5, 429,1,259.612000, 259.758484, 129.000031, 72.215424,30.429901, 259.612000, 0.999436
5, 429,2,116.925964, 117.069237, 129.000031, 72.215424,30.429901, 259.612000, 0.998776
5, 429,3,142.488083, 140.627411, 129.000031, 72.215424,30.429901, 259.612000, 1.013231
5, 429,4,192.065903, 191.609436, 129.000031, 72.215424,30.429901, 259.612000, 1.002382
5, 429,5,30.429901, 30.017864, 129.000031, 72.215424,30.429901, 259.612000, 1.013726
5, 429,6,105.713829, 106.277870, 129.000031, 72.215424,30.429901, 259.612000, 0.994693
5, 429,7,249.219711, 248.657257, 129.000031, 72.215424,30.429901, 259.612000, 1.002262
5, 429,8,130.366791, 128.852188, 129.000031, 72.215424,30.429901, 259.612000, 1.011755
5, 429,9,252.587097, 253.839920, 129.000031, 72.215424,30.429901, 259.612000, 0.995064
5, 429,10,169.256760, 169.530914, 129.000031, 72.215424,30.429901, 259.612000, 0.998383
5, 429,11,153.674042, 153.773819, 129.000031, 72.215424,30.429901, 259.612000, 0.999351
5, 429,12,86.219818, 85.764214, 129.000031, 72.215424,30.429901, 259.612000, 1.005312
5, 429,13,226.701004, 226.454788, 129.000031, 72.215424,30.429901, 259.612000, 1.001087
5, 429,14,78.734856, 79.597717, 129.000031, 72.215424,30.429901, 259.612000, 0.989160
5, 429,15,75.033295, 73.686867, 129.000031, 72.215424,30.429901, 259.612000, 1.018272
5, 429,16,167.956879, 166.463181, 129.000031, 72.215424,30.429901, 259.612000, 1.008973
5, 429,17,30.571333, 29.281912, 129.000031, 72.215424,30.429901, 259.612000, 1.044035
5, 429,18,61.711292, 60.858078, 129.000031, 72.215424,30.429901, 259.612000, 1.014020
5, 429,19,86.203720, 87.003708, 129.000031, 72.215424,30.429901, 259.612000, 0.990805
5, 429,20,37.060314, 37.516815, 129.000031, 72.215424,30.429901, 259.612000, 0.987832
5, 429,21,66.553825, 66.784424, 129.000031, 72.215424,30.429901, 259.612000, 0.996547
5, 429,22,54.032684, 52.809101, 129.000031, 72.215424,30.429901, 259.612000, 1.023170
5, 429,23,89.731750, 89.815819, 129.000031, 72.215424,30.429901, 259.612000, 0.999064
5, 429,24,233.485703, 232.443100, 129.000031, 72.215424,30.429901, 259.612000, 1.004485
5, 429,25,228.726700, 230.932480, 129.000031, 72.215424,30.429901, 259.612000, 0.990448
5, 429,26,90.637497, 90.590500, 129.000031, 72.215424,30.429901, 259.612000, 1.000519
5, 429,27,208.982620, 208.815201, 129.000031, 72.215424,30.429901, 259.612000, 1.000802
5, 429,28,55.893002, 55.450779, 129.000031, 72.215424,30.429901, 259.612000, 1.007975
5, 429,29,128.467361, 129.193054, 129.000031, 72.215424,30.429901, 259.612000, 0.994383
5, 429,30,33.539082, 33.620152, 129.000031, 72.215424,30.429901, 259.612000, 0.997589
5, 429,31,125.003601, 124.188591, 129.000031, 72.215424,30.429901, 259.612000, 1.006563
5, 430,0,25.472719, 25.851200, 128.900925, 71.171074,25.472719, 272.013275, 0.985359
5, 430,1,167.131271, 167.100861, 128.900925, 71.171074,25.472719, 272.013275, 1.000182
5, 430,2,47.298454, 47.523331, 128.900925, 71.171074,25.472719, 272.013275, 0.995268
5, 430,3,204.140152, 204.311508, 128.900925, 71.171074,25.472719, 272.013275, 0.999161
5, 430,4,177.850235, 178.510193, 128.900925, 71.171074,25.472719, 272.013275, 0.996303
5, 430,5,63.303745, 62.797245, 128.900925, 71.171074,25.472719, 272.013275, 1.008066
5, 430,6,62.980953, 63.446690, 128.900925, 71.171074,25.472719, 272.013275, 0.992659
5, 430,7,69.776978, 68.938881, 128.900925, 71.171074,25.472719, 272.013275, 1.012157
5, 430,8,105.052315, 104.954865, 128.900925, 71.171074,25.472719, 272.013275, 1.000929
5, 430,9,272.013275, 271.837463, 128.900925, 71.171074,25.472719, 272.013275, 1.000647
5, 430,10,144.599899, 144.995789, 128.900925, 71.171074,25.472719, 272.013275, 0.997270
5, 430,11,143.404526, 143.448334, 128.900925, 71.171074,25.472719, 272.013275, 0.999695
5, 430,12,258.399231, 258.664185, 128.900925, 71.171074,25.472719, 272.013275, 0.998976
5, 430,13,192.429108, 192.308838, 128.900925, 71.171074,25.472719, 272.013275, 1.000625
5, 430,14,217.292603, 216.298126, 128.900925, 71.171074,25.472719, 272.013275, 1.004598
5, 430,15,126.335670, 126.025658, 128.900925, 71.171074,25.472719, 272.013275, 1.002460
5, 430,16,111.436203, 111.954407, 128.900925, 71.171074,25.472719, 272.013275, 0.995371
5, 430,17,57.946003, 57.842239, 128.900925, 71.171074,25.472719, 272.013275, 1.001794
5, 430,18,78.459381, 77.974953, 128.900925, 71.171074,25.472719, 272.013275, 1.006213
5, 430,19,31.126120, 29.956316, 128.900925, 71.171074,25.472719, 272.013275, 1.039050
5, 430,20,196.628036, 197.287903, 128.900925, 71.171074,25.472719, 272.013275, 0.996655
5, 430,21,100.397728, 101.034157, 128.900925, 71.171074,25.472719, 272.013275, 0.993701
5, 430,22,241.727951, 241.818787, 128.900925, 71.171074,25.472719, 272.013275, 0.999624
5, 430,23,78.034752, 77.012810, 128.900925, 71.171074,25.472719, 272.013275, 1.013270
5, 430,24,226.801407, 226.641083, 128.900925, 71.171074,25.472719, 272.013275, 1.000707
5, 430,25,185.529846, 185.469650, 128.900925, 71.171074,25.472719, 272.013275, 1.000325
5, 430,26,46.855152, 46.288586, 128.900925, 71.171074,25.472719, 272.013275, 1.012240
5, 430,27,79.052727, 78.247559, 128.900925, 71.171074,25.472719, 272.013275, 1.010290
5, 430,28,62.606400, 62.396355, 128.900925, 71.171074,25.472719, 272.013275, 1.003366
5, 430,29,78.531921, 78.592316, 128.900925, 71.171074,25.472719, 272.013275, 0.999232
5, 430,30,154.408554, 154.785522, 128.900925, 71.171074,25.472719, 272.013275, 0.997565
5, 430,31,117.806145, 116.684914, 128.900925, 71.171074,25.472719, 272.013275, 1.009609
5, 431,0,161.329498, 162.315186, 128.545731, 59.840710,10.912177, 212.593063, 0.993927
5, 431,1,116.724472, 118.329308, 128.545731, 59.840710,10.912177, 212.593063, 0.986438
5, 431,2,95.403969, 97.433105, 128.545731, 59.840710,10.912177, 212.593063, 0.979174
5, 431,3,10.912177, 10.947468, 128.545731, 59.840710,10.912177, 212.593063, 0.996776
5, 431,4,96.476494, 95.680939, 128.545731, 59.840710,10.912177, 212.593063, 1.008315
5, 431,5,212.593063, 212.271378, 128.545731, 59.840710,10.912177, 212.593063, 1.001515
5, 431,6,165.546738, 167.130386, 128.545731, 59.840710,10.912177, 212.593063, 0.990524
5, 431,7,133.820633, 134.897018, 128.545731, 59.840710,10.912177, 212.593063, 0.992021
5, 431,8,91.152939, 90.709976, 128.545731, 59.840710,10.912177, 212.593063, 1.004883
5, 431,9,132.250626, 132.061096, 128.545731, 59.840710,10.912177, 212.593063, 1.001435
5, 431,10,16.037270, 15.762680, 128.545731, 59.840710,10.912177, 212.593063, 1.017420
5, 431,11,183.843735, 182.224976, 128.545731, 59.840710,10.912177, 212.593063, 1.008883
5, 431,12,175.522385, 176.014511, 128.545731, 59.840710,10.912177, 212.593063, 0.997204
5, 431,13,48.627800, 46.964222, 128.545731, 59.840710,10.912177, 212.593063, 1.035422
5, 431,14,179.215393, 177.662857, 128.545731, 59.840710,10.912177, 212.593063, 1.008739
5, 431,15,208.310425, 208.020752, 128.545731, 59.840710,10.912177, 212.593063, 1.001392
5, 431,16,209.579666, 209.266754, 128.545731, 59.840710,10.912177, 212.593063, 1.001495
5, 431,17,206.825623, 208.799500, 128.545731, 59.840710,10.912177, 212.593063, 0.990547
5, 431,18,103.293747, 103.916115, 128.545731, 59.840710,10.912177, 212.593063, 0.994011
5, 431,19,69.316452, 69.885147, 128.545731, 59.840710,10.912177, 212.593063, 0.991862
5, 431,20,135.462006, 137.226746, 128.545731, 59.840710,10.912177, 212.593063, 0.987140
5, 431,21,198.312119, 198.429276, 128.545731, 59.840710,10.912177, 212.593063, 0.999410
5, 431,22,129.962173, 130.432220, 128.545731, 59.840710,10.912177, 212.593063, 0.996396
5, 431,23,142.460098, 142.431320, 128.545731, 59.840710,10.912177, 212.593063, 1.000202
5, 431,24,110.059189, 111.645111, 128.545731, 59.840710,10.912177, 212.593063, 0.985795
5, 431,25,94.152306, 93.175987, 128.545731, 59.840710,10.912177, 212.593063, 1.010478
5, 431,26,22.187244, 22.427402, 128.545731, 59.840710,10.912177, 212.593063, 0.989292
5, 431,27,181.633347, 181.485168, 128.545731, 59.840710,10.912177, 212.593063, 1.000816
5, 431,28,201.228500, 201.855728, 128.545731, 59.840710,10.912177, 212.593063, 0.996893
5, 431,29,80.090698, 79.664833, 128.545731, 59.840710,10.912177, 212.593063, 1.005346
5, 431,30,56.324650, 56.198788, 128.545731, 59.840710,10.912177, 212.593063, 1.002240
5, 431,31,144.808197, 145.734482, 128.545731, 59.840710,10.912177, 212.593063, 0.993644
5, 432,0,244.753174, 245.719818, 128.936996, 87.645248,13.528670, 289.295410, 0.996066
5, 432,1,41.701553, 41.351936, 128.936996, 87.645248,13.528670, 289.295410, 1.008455
5, 432,2,93.451233, 92.586845, 128.936996, 87.645248,13.528670, 289.295410, 1.009336
5, 432,3,110.853912, 108.808960, 128.936996, 87.645248,13.528670, 289.295410, 1.018794
5, 432,4,44.330219, 42.836761, 128.936996, 87.645248,13.528670, 289.295410, 1.034864
5, 432,5,72.522110, 73.548691, 128.936996, 87.645248,13.528670, 289.295410, 0.986042
5, 432,6,162.299225, 161.742035, 128.936996, 87.645248,13.528670, 289.295410, 1.003445
5, 432,7,180.446899, 180.157242, 128.936996, 87.645248,13.528670, 289.295410, 1.001608
5, 432,8,20.426165, 19.651346, 128.936996, 87.645248,13.528670, 289.295410, 1.039428
5, 432,9,124.246292, 123.759590, 128.936996, 87.645248,13.528670, 289.295410, 1.003933
5, 432,10,86.111168, 87.159569, 128.936996, 87.645248,13.528670, 289.295410, 0.987971
5, 432,11,121.824005, 121.668884, 128.936996, 87.645248,13.528670, 289.295410, 1.001275
5, 432,12,85.657127, 85.529678, 128.936996, 87.645248,13.528670, 289.295410, 1.001490
5, 432,13,49.473377, 47.862972, 128.936996, 87.645248,13.528670, 289.295410, 1.033646
5, 432,14,13.528670, 11.339753, 128.936996, 87.645248,13.528670, 289.295410, 1.193030
5, 432,15,235.517227, 235.599136, 128.936996, 87.645248,13.528670, 289.295410, 0.999652
5, 432,16,79.345840, 80.435196, 128.936996, 87.645248,13.528670, 289.295410, 0.986457
5, 432,17,182.633591, 183.007416, 128.936996, 87.645248,13.528670, 289.295410, 0.997957
5, 432,18,49.537003, 50.781418, 128.936996, 87.645248,13.528670, 289.295410, 0.975495
5, 432,19,283.700500, 284.060669, 128.936996, 87.645248,13.528670, 289.295410, 0.998732
5, 432,20,243.905884, 243.569397, 128.936996, 87.645248,13.528670, 289.295410, 1.001382
5, 432,21,256.626923, 256.309845, 128.936996, 87.645248,13.528670, 289.295410, 1.001237
5, 432,22,109.502838, 109.440430, 128.936996, 87.645248,13.528670, 289.295410, 1.000570
5, 432,23,82.357933, 83.413376, 128.936996, 87.645248,13.528670, 289.295410, 0.987347
5, 432,24,164.342926, 164.233795, 128.936996, 87.645248,13.528670, 289.295410, 1.000664
5, 432,25,50.787430, 50.525410, 128.936996, 87.645248,13.528670, 289.295410, 1.005186
5, 432,26,14.781990, 13.993660, 128.936996, 87.645248,13.528670, 289.295410, 1.056335
5, 432,27,250.735733, 252.085770, 128.936996, 87.645248,13.528670, 289.295410, 0.994645
5, 432,28,68.982933, 68.599281, 128.936996, 87.645248,13.528670, 289.295410, 1.005593
5, 432,29,53.240299, 52.735577, 128.936996, 87.645248,13.528670, 289.295410, 1.009571
5, 432,30,259.064240, 259.040588, 128.936996, 87.645248,13.528670, 289.295410, 1.000091
5, 432,31,289.295410, 289.445282, 128.936996, 87.645248,13.528670, 289.295410, 0.999482
5, 433,0,39.828346, 39.500881, 128.568329, 59.282162,14.997506, 230.843430, 1.008290
5, 433,1,137.939560, 139.745255, 128.568329, 59.282162,14.997506, 230.843430, 0.987079
5, 433,2,127.146721, 126.177177, 128.568329, 59.282162,14.997506, 230.843430, 1.007684
5, 433,3,203.537552, 202.426971, 128.568329, 59.282162,14.997506, 230.843430, 1.005486
5, 433,4,191.617401, 190.562561, 128.568329, 59.282162,14.997506, 230.843430, 1.005535
5, 433,5,55.889126, 56.469509, 128.568329, 59.282162,14.997506, 230.843430, 0.989722
5, 433,6,82.426094, 83.196808, 128.568329, 59.282162,14.997506, 230.843430, 0.990736
5, 433,7,99.857597, 98.972855, 128.568329, 59.282162,14.997506, 230.843430, 1.008939
5, 433,8,64.217186, 64.606277, 128.568329, 59.282162,14.997506, 230.843430, 0.993977
5, 433,9,230.843430, 231.185059, 128.568329, 59.282162,14.997506, 230.843430, 0.998522
5, 433,10,14.997506, 15.410880, 128.568329, 59.282162,14.997506, 230.843430, 0.973176
5, 433,11,62.327763, 62.371048, 128.568329, 59.282162,14.997506, 230.843430, 0.999306
5, 433,12,185.982635, 186.398773, 128.568329, 59.282162,14.997506, 230.843430, 0.997768
5, 433,13,167.964813, 166.976852, 128.568329, 59.282162,14.997506, 230.843430, 1.005917
5, 433,14,79.745941, 79.557747, 128.568329, 59.282162,14.997506, 230.843430, 1.002365
5, 433,15,162.541580, 163.365067, 128.568329, 59.282162,14.997506, 230.843430, 0.994959
5, 433,16,172.110321, 172.414993, 128.568329, 59.282162,14.997506, 230.843430, 0.998233
5, 433,17,75.859680, 76.831863, 128.568329, 59.282162,14.997506, 230.843430, 0.987347
5, 433,18,104.966301, 104.744911, 128.568329, 59.282162,14.997506, 230.843430, 1.002114
5, 433,19,68.852989, 68.620140, 128.568329, 59.282162,14.997506, 230.843430, 1.003393
5, 433,20,96.827141, 99.463516, 128.568329, 59.282162,14.997506, 230.843430, 0.973494
5, 433,21,154.035583, 155.221466, 128.568329, 59.282162,14.997506, 230.843430, 0.992360
5, 433,22,130.708450, 130.906586, 128.568329, 59.282162,14.997506, 230.843430, 0.998486
5, 433,23,131.311707, 132.944199, 128.568329, 59.282162,14.997506, 230.843430, 0.987720
5, 433,24,48.041401, 47.215134, 128.568329, 59.282162,14.997506, 230.843430, 1.017500
5, 433,25,193.137024, 192.027725, 128.568329, 59.282162,14.997506, 230.843430, 1.005777
5, 433,26,143.127441, 143.452469, 128.568329, 59.282162,14.997506, 230.843430, 0.997734
5, 433,27,212.979263, 213.569031, 128.568329, 59.282162,14.997506, 230.843430, 0.997239
5, 433,28,222.129547, 222.094223, 128.568329, 59.282162,14.997506, 230.843430, 1.000159
5, 433,29,121.716660, 122.006584, 128.568329, 59.282162,14.997506, 230.843430, 0.997624
5, 433,30,127.991631, 127.567390, 128.568329, 59.282162,14.997506, 230.843430, 1.003326
5, 433,31,203.527740, 204.996124, 128.568329, 59.282162,14.997506, 230.843430, 0.992837
5, 434,0,165.236588, 166.457275, 128.786499, 61.913139,24.176569, 236.546005, 0.992667
5, 434,1,210.216721, 210.282700, 128.786499, 61.913139,24.176569, 236.546005, 0.999686
5, 434,2,117.841667, 117.202728, 128.786499, 61.913139,24.176569, 236.546005, 1.005452
5, 434,3,155.673065, 156.054352, 128.786499, 61.913139,24.176569, 236.546005, 0.997557
5, 434,4,102.913124, 103.283127, 128.786499, 61.913139,24.176569, 236.546005, 0.996418
5, 434,5,91.602943, 91.240936, 128.786499, 61.913139,24.176569, 236.546005, 1.003968
5, 434,6,231.825241, 231.207642, 128.786499, 61.913139,24.176569, 236.546005, 1.002671
5, 434,7,145.805664, 147.493835, 128.786499, 61.913139,24.176569, 236.546005, 0.988554
5, 434,8,87.578712, 86.687462, 128.786499, 61.913139,24.176569, 236.546005, 1.010281
5, 434,9,148.597260, 148.103302, 128.786499, 61.913139,24.176569, 236.546005, 1.003335
5, 434,10,168.594193, 168.895142, 128.786499, 61.913139,24.176569, 236.546005, 0.998218
5, 434,11,80.339493, 79.990364, 128.786499, 61.913139,24.176569, 236.546005, 1.004365
5, 434,12,152.310654, 152.719818, 128.786499, 61.913139,24.176569, 236.546005, 0.997321
5, 434,13,76.412506, 74.736359, 128.786499, 61.913139,24.176569, 236.546005, 1.022427
5, 434,14,180.231140, 180.313843, 128.786499, 61.913139,24.176569, 236.546005, 0.999541
5, 434,15,176.947342, 175.480164, 128.786499, 61.913139,24.176569, 236.546005, 1.008361
5, 434,16,48.308872, 47.730766, 128.786499, 61.913139,24.176569, 236.546005, 1.012112
5, 434,17,199.528915, 199.039139, 128.786499, 61.913139,24.176569, 236.546005, 1.002461
5, 434,18,236.546005, 236.377594, 128.786499, 61.913139,24.176569, 236.546005, 1.000713
5, 434,19,66.237587, 67.646957, 128.786499, 61.913139,24.176569, 236.546005, 0.979166
5, 434,20,50.388077, 50.715038, 128.786499, 61.913139,24.176569, 236.546005, 0.993553
5, 434,21,192.892075, 192.573181, 128.786499, 61.913139,24.176569, 236.546005, 1.001656
5, 434,22,140.338226, 141.139984, 128.786499, 61.913139,24.176569, 236.546005, 0.994319
5, 434,23,100.033615, 100.523018, 128.786499, 61.913139,24.176569, 236.546005, 0.995131
5, 434,24,204.209152, 205.315918, 128.786499, 61.913139,24.176569, 236.546005, 0.994609
5, 434,25,24.981867, 25.867096, 128.786499, 61.913139,24.176569, 236.546005, 0.965778
5, 434,26,24.176569, 23.029934, 128.786499, 61.913139,24.176569, 236.546005, 1.049789
5, 434,27,113.629906, 113.111618, 128.786499, 61.913139,24.176569, 236.546005, 1.004582
5, 434,28,206.927795, 206.850082, 128.786499, 61.913139,24.176569, 236.546005, 1.000376
5, 434,29,105.919930, 106.428520, 128.786499, 61.913139,24.176569, 236.546005, 0.995221
5, 434,30,65.296677, 64.277374, 128.786499, 61.913139,24.176569, 236.546005, 1.015858
5, 434,31,49.626637, 50.224667, 128.786499, 61.913139,24.176569, 236.546005, 0.988093
5, 435,0,269.573700, 269.139282, 128.724075, 73.604538,15.024089, 269.573700, 1.001614
5, 435,1,200.159042, 198.469986, 128.724075, 73.604538,15.024089, 269.573700, 1.008510
5, 435,2,54.891495, 55.018307, 128.724075, 73.604538,15.024089, 269.573700, 0.997695
5, 435,3,221.308960, 222.119080, 128.724075, 73.604538,15.024089, 269.573700, 0.996353
5, 435,4,204.491806, 204.419983, 128.724075, 73.604538,15.024089, 269.573700, 1.000351
5, 435,5,115.708626, 115.725899, 128.724075, 73.604538,15.024089, 269.573700, 0.999851
5, 435,6,135.037537, 133.893677, 128.724075, 73.604538,15.024089, 269.573700, 1.008543
5, 435,7,110.030128, 109.744110, 128.724075, 73.604538,15.024089, 269.573700, 1.002606
5, 435,8,19.483992, 18.817774, 128.724075, 73.604538,15.024089, 269.573700, 1.035404
5, 435,9,87.154518, 87.588463, 128.724075, 73.604538,15.024089, 269.573700, 0.995046
5, 435,10,101.981033, 102.721672, 128.724075, 73.604538,15.024089, 269.573700, 0.992790
5, 435,11,173.351791, 174.320389, 128.724075, 73.604538,15.024089, 269.573700, 0.994444
5, 435,12,257.691437, 258.121033, 128.724075, 73.604538,15.024089, 269.573700, 0.998336
5, 435,13,154.528366, 155.588577, 128.724075, 73.604538,15.024089, 269.573700, 0.993186
5, 435,14,136.377258, 136.475464, 128.724075, 73.604538,15.024089, 269.573700, 0.999280
5, 435,15,163.315308, 163.564301, 128.724075, 73.604538,15.024089, 269.573700, 0.998478
5, 435,16,210.415268, 210.512985, 128.724075, 73.604538,15.024089, 269.573700, 0.999536
5, 435,17,223.698212, 223.342468, 128.724075, 73.604538,15.024089, 269.573700, 1.001593
5, 435,18,60.079674, 61.286079, 128.724075, 73.604538,15.024089, 269.573700, 0.980315
5, 435,19,35.664257, 35.913132, 128.724075, 73.604538,15.024089, 269.573700, 0.993070
5, 435,20,258.183411, 258.549988, 128.724075, 73.604538,15.024089, 269.573700, 0.998582
5, 435,21,61.417500, 61.540287, 128.724075, 73.604538,15.024089, 269.573700, 0.998005
5, 435,22,22.361883, 22.750023, 128.724075, 73.604538,15.024089, 269.573700, 0.982939
5, 435,23,70.765388, 70.548706, 128.724075, 73.604538,15.024089, 269.573700, 1.003071
5, 435,24,150.378052, 150.043716, 128.724075, 73.604538,15.024089, 269.573700, 1.002228
5, 435,25,102.551819, 102.475410, 128.724075, 73.604538,15.024089, 269.573700, 1.000746
5, 435,26,87.288261, 87.127716, 128.724075, 73.604538,15.024089, 269.573700, 1.001843
5, 435,27,15.024089, 13.860755, 128.724075, 73.604538,15.024089, 269.573700, 1.083930
5, 435,28,158.996506, 159.330185, 128.724075, 73.604538,15.024089, 269.573700, 0.997906
5, 435,29,71.493706, 71.343109, 128.724075, 73.604538,15.024089, 269.573700, 1.002111
5, 435,30,83.572655, 85.054344, 128.724075, 73.604538,15.024089, 269.573700, 0.982579
5, 435,31,102.194771, 101.593628, 128.724075, 73.604538,15.024089, 269.573700, 1.005917
5, 436,0,236.525513, 236.055267, 128.747620, 68.889221,15.200681, 238.082138, 1.001992
5, 436,1,160.868591, 160.306351, 128.747620, 68.889221,15.200681, 238.082138, 1.003507
5, 436,2,86.568100, 86.162415, 128.747620, 68.889221,15.200681, 238.082138, 1.004708
5, 436,3,140.536789, 140.170654, 128.747620, 68.889221,15.200681, 238.082138, 1.002612
5, 436,4,142.326416, 141.516296, 128.747620, 68.889221,15.200681, 238.082138, 1.005725
5, 436,5,98.948929, 99.002159, 128.747620, 68.889221,15.200681, 238.082138, 0.999462
5, 436,6,21.578718, 20.681099, 128.747620, 68.889221,15.200681, 238.082138, 1.043403
5, 436,7,113.884514, 114.596291, 128.747620, 68.889221,15.200681, 238.082138, 0.993789
5, 436,8,119.960907, 120.434441, 128.747620, 68.889221,15.200681, 238.082138, 0.996068
5, 436,9,220.880524, 221.028824, 128.747620, 68.889221,15.200681, 238.082138, 0.999329
5, 436,10,183.246124, 181.997955, 128.747620, 68.889221,15.200681, 238.082138, 1.006858
5, 436,11,70.641487, 70.995811, 128.747620, 68.889221,15.200681, 238.082138, 0.995009
5, 436,12,212.483368, 211.707397, 128.747620, 68.889221,15.200681, 238.082138, 1.003665
5, 436,13,125.338341, 125.473618, 128.747620, 68.889221,15.200681, 238.082138, 0.998922
5, 436,14,214.285400, 214.216476, 128.747620, 68.889221,15.200681, 238.082138, 1.000322
5, 436,15,126.703568, 126.237564, 128.747620, 68.889221,15.200681, 238.082138, 1.003691
5, 436,16,46.137497, 46.430683, 128.747620, 68.889221,15.200681, 238.082138, 0.993685
5, 436,17,168.981567, 170.048294, 128.747620, 68.889221,15.200681, 238.082138, 0.993727
5, 436,18,27.404198, 28.040127, 128.747620, 68.889221,15.200681, 238.082138, 0.977321
5, 436,19,238.082138, 237.954590, 128.747620, 68.889221,15.200681, 238.082138, 1.000536
5, 436,20,107.813843, 108.414711, 128.747620, 68.889221,15.200681, 238.082138, 0.994458
5, 436,21,15.200681, 14.962086, 128.747620, 68.889221,15.200681, 238.082138, 1.015947
5, 436,22,179.111145, 178.675888, 128.747620, 68.889221,15.200681, 238.082138, 1.002436
5, 436,23,18.532286, 18.101936, 128.747620, 68.889221,15.200681, 238.082138, 1.023774
5, 436,24,140.174835, 140.479034, 128.747620, 68.889221,15.200681, 238.082138, 0.997835
5, 436,25,217.031326, 217.461456, 128.747620, 68.889221,15.200681, 238.082138, 0.998022
5, 436,26,211.382782, 211.399017, 128.747620, 68.889221,15.200681, 238.082138, 0.999923
5, 436,27,49.913086, 50.453617, 128.747620, 68.889221,15.200681, 238.082138, 0.989287
5, 436,28,157.172455, 158.203766, 128.747620, 68.889221,15.200681, 238.082138, 0.993481
5, 436,29,137.000000, 137.913879, 128.747620, 68.889221,15.200681, 238.082138, 0.993374
5, 436,30,33.856693, 34.389915, 128.747620, 68.889221,15.200681, 238.082138, 0.984495
5, 436,31,97.352150, 97.488304, 128.747620, 68.889221,15.200681, 238.082138, 0.998603
5, 437,0,295.464264, 296.386871, 128.616211, 77.491737,13.697046, 296.277527, 0.996887
5, 437,1,296.277527, 296.151306, 128.616211, 77.491737,13.697046, 296.277527, 1.000426
5, 437,2,97.525795, 96.985138, 128.616211, 77.491737,13.697046, 296.277527, 1.005575
5, 437,3,36.603477, 37.442764, 128.616211, 77.491737,13.697046, 296.277527, 0.977585
5, 437,4,167.394791, 168.024673, 128.616211, 77.491737,13.697046, 296.277527, 0.996251
5, 437,5,188.285156, 188.726791, 128.616211, 77.491737,13.697046, 296.277527, 0.997660
5, 437,6,13.697046, 14.004524, 128.616211, 77.491737,13.697046, 296.277527, 0.978044
5, 437,7,24.708319, 25.238934, 128.616211, 77.491737,13.697046, 296.277527, 0.978976
5, 437,8,74.831268, 74.806236, 128.616211, 77.491737,13.697046, 296.277527, 1.000335
5, 437,9,34.605854, 35.078102, 128.616211, 77.491737,13.697046, 296.277527, 0.986537
5, 437,10,86.776520, 86.982895, 128.616211, 77.491737,13.697046, 296.277527, 0.997627
5, 437,11,96.210510, 96.432480, 128.616211, 77.491737,13.697046, 296.277527, 0.997698
5, 437,12,126.813515, 127.952248, 128.616211, 77.491737,13.697046, 296.277527, 0.991100
5, 437,13,118.759583, 117.433586, 128.616211, 77.491737,13.697046, 296.277527, 1.011292
5, 437,14,144.428345, 144.840088, 128.616211, 77.491737,13.697046, 296.277527, 0.997157
5, 437,15,73.496353, 73.193558, 128.616211, 77.491737,13.697046, 296.277527, 1.004137
5, 437,16,113.985985, 113.664619, 128.616211, 77.491737,13.697046, 296.277527, 1.002827
5, 437,17,199.779877, 201.827560, 128.616211, 77.491737,13.697046, 296.277527, 0.989854
5, 437,18,102.190384, 101.660103, 128.616211, 77.491737,13.697046, 296.277527, 1.005216
5, 437,19,52.316788, 53.424622, 128.616211, 77.491737,13.697046, 296.277527, 0.979264
5, 437,20,68.168465, 69.469894, 128.616211, 77.491737,13.697046, 296.277527, 0.981266
5, 437,21,221.416443, 221.007599, 128.616211, 77.491737,13.697046, 296.277527, 1.001850
5, 437,22,171.286209, 171.512787, 128.616211, 77.491737,13.697046, 296.277527, 0.998679
5, 437,23,100.255341, 100.128967, 128.616211, 77.491737,13.697046, 296.277527, 1.001262
5, 437,24,213.864609, 214.158218, 128.616211, 77.491737,13.697046, 296.277527, 0.998629
5, 437,25,224.202042, 225.048355, 128.616211, 77.491737,13.697046, 296.277527, 0.996239
5, 437,26,15.145652, 14.702145, 128.616211, 77.491737,13.697046, 296.277527, 1.030166
5, 437,27,167.491333, 167.952179, 128.616211, 77.491737,13.697046, 296.277527, 0.997256
5, 437,28,166.687363, 166.122070, 128.616211, 77.491737,13.697046, 296.277527, 1.003403
5, 437,29,91.223152, 91.322639, 128.616211, 77.491737,13.697046, 296.277527, 0.998911
5, 437,30,92.854469, 90.271675, 128.616211, 77.491737,13.697046, 296.277527, 1.028611
5, 437,31,238.972504, 239.046066, 128.616211, 77.491737,13.697046, 296.277527, 0.999692
5, 438,0,142.923981, 143.624023, 128.504211, 56.502907,18.907419, 211.205917, 0.995126
5, 438,1,158.106461, 158.626419, 128.504211, 56.502907,18.907419, 211.205917, 0.996722
5, 438,2,24.529697, 22.782341, 128.504211, 56.502907,18.907419, 211.205917, 1.076698
5, 438,3,136.633133, 136.345428, 128.504211, 56.502907,18.907419, 211.205917, 1.002110
5, 438,4,47.112942, 46.627869, 128.504211, 56.502907,18.907419, 211.205917, 1.010403
5, 438,5,138.907837, 138.633514, 128.504211, 56.502907,18.907419, 211.205917, 1.001979
5, 438,6,185.835312, 186.553391, 128.504211, 56.502907,18.907419, 211.205917, 0.996151
5, 438,7,200.721222, 200.015961, 128.504211, 56.502907,18.907419, 211.205917, 1.003526
5, 438,8,49.108231, 49.633301, 128.504211, 56.502907,18.907419, 211.205917, 0.989421
5, 438,9,47.912395, 49.806450, 128.504211, 56.502907,18.907419, 211.205917, 0.961972
5, 438,10,198.117584, 198.952316, 128.504211, 56.502907,18.907419, 211.205917, 0.995804
5, 438,11,175.492477, 176.646606, 128.504211, 56.502907,18.907419, 211.205917, 0.993466
5, 438,12,94.011284, 94.448799, 128.504211, 56.502907,18.907419, 211.205917, 0.995368
5, 438,13,145.598206, 145.157654, 128.504211, 56.502907,18.907419, 211.205917, 1.003035
5, 438,14,180.238434, 180.060196, 128.504211, 56.502907,18.907419, 211.205917, 1.000990
5, 438,15,207.791809, 209.557892, 128.504211, 56.502907,18.907419, 211.205917, 0.991572
5, 438,16,165.311508, 165.614334, 128.504211, 56.502907,18.907419, 211.205917, 0.998172
5, 438,17,139.453354, 139.542557, 128.504211, 56.502907,18.907419, 211.205917, 0.999361
5, 438,18,54.328724, 54.945358, 128.504211, 56.502907,18.907419, 211.205917, 0.988777
5, 438,19,174.257309, 173.721573, 128.504211, 56.502907,18.907419, 211.205917, 1.003084
5, 438,20,168.174286, 167.704544, 128.504211, 56.502907,18.907419, 211.205917, 1.002801
5, 438,21,211.205917, 210.868912, 128.504211, 56.502907,18.907419, 211.205917, 1.001598
5, 438,22,120.202202, 121.485275, 128.504211, 56.502907,18.907419, 211.205917, 0.989438
5, 438,23,23.682390, 24.192295, 128.504211, 56.502907,18.907419, 211.205917, 0.978923
5, 438,24,18.907419, 19.956249, 128.504211, 56.502907,18.907419, 211.205917, 0.947444
5, 438,25,133.109436, 133.717239, 128.504211, 56.502907,18.907419, 211.205917, 0.995455
5, 438,26,129.470749, 128.782394, 128.504211, 56.502907,18.907419, 211.205917, 1.005345
5, 438,27,153.716187, 154.402740, 128.504211, 56.502907,18.907419, 211.205917, 0.995553
5, 438,28,126.331535, 126.494308, 128.504211, 56.502907,18.907419, 211.205917, 0.998713
5, 438,29,122.843964, 123.000359, 128.504211, 56.502907,18.907419, 211.205917, 0.998729
5, 438,30,113.960556, 114.849831, 128.504211, 56.502907,18.907419, 211.205917, 0.992257
5, 438,31,124.138535, 124.249527, 128.504211, 56.502907,18.907419, 211.205917, 0.999107
5, 439,0,58.654045, 57.535332, 128.832764, 70.706734,11.152361, 246.302872, 1.019444
5, 439,1,207.506363, 208.518692, 128.832764, 70.706734,11.152361, 246.302872, 0.995145
5, 439,2,83.824524, 83.136925, 128.832764, 70.706734,11.152361, 246.302872, 1.008271
5, 439,3,112.712608, 111.658119, 128.832764, 70.706734,11.152361, 246.302872, 1.009444
5, 439,4,244.528717, 245.380569, 128.832764, 70.706734,11.152361, 246.302872, 0.996528
5, 439,5,96.218742, 94.697983, 128.832764, 70.706734,11.152361, 246.302872, 1.016059
5, 439,6,76.281555, 75.023636, 128.832764, 70.706734,11.152361, 246.302872, 1.016767
5, 439,7,108.726463, 109.193321, 128.832764, 70.706734,11.152361, 246.302872, 0.995724
5, 439,8,194.439377, 194.720230, 128.832764, 70.706734,11.152361, 246.302872, 0.998558
5, 439,9,115.641525, 115.208595, 128.832764, 70.706734,11.152361, 246.302872, 1.003758
5, 439,10,122.646217, 122.947754, 128.832764, 70.706734,11.152361, 246.302872, 0.997547
5, 439,11,11.152361, 11.232397, 128.832764, 70.706734,11.152361, 246.302872, 0.992875
5, 439,12,189.907028, 190.120758, 128.832764, 70.706734,11.152361, 246.302872, 0.998876
5, 439,13,65.671761, 65.267151, 128.832764, 70.706734,11.152361, 246.302872, 1.006199
5, 439,14,215.012329, 216.485260, 128.832764, 70.706734,11.152361, 246.302872, 0.993196
5, 439,15,160.260086, 160.917328, 128.832764, 70.706734,11.152361, 246.302872, 0.995916
5, 439,16,70.267143, 69.419159, 128.832764, 70.706734,11.152361, 246.302872, 1.012215
5, 439,17,113.535950, 113.220627, 128.832764, 70.706734,11.152361, 246.302872, 1.002785
5, 439,18,203.568909, 204.285980, 128.832764, 70.706734,11.152361, 246.302872, 0.996490
5, 439,19,70.024040, 71.575851, 128.832764, 70.706734,11.152361, 246.302872, 0.978319
5, 439,20,148.661438, 148.608032, 128.832764, 70.706734,11.152361, 246.302872, 1.000359
5, 439,21,218.711166, 219.192139, 128.832764, 70.706734,11.152361, 246.302872, 0.997806
5, 439,22,246.302872, 245.974777, 128.832764, 70.706734,11.152361, 246.302872, 1.001334
5, 439,23,226.730637, 225.940964, 128.832764, 70.706734,11.152361, 246.302872, 1.003495
5, 439,24,61.412418, 60.821724, 128.832764, 70.706734,11.152361, 246.302872, 1.009712
5, 439,25,43.054241, 42.526489, 128.832764, 70.706734,11.152361, 246.302872, 1.012410
5, 439,26,37.958900, 38.257111, 128.832764, 70.706734,11.152361, 246.302872, 0.992205
5, 439,27,102.196877, 101.168060, 128.832764, 70.706734,11.152361, 246.302872, 1.010169
5, 439,28,23.201836, 24.011185, 128.832764, 70.706734,11.152361, 246.302872, 0.966293
5, 439,29,217.027679, 216.852036, 128.832764, 70.706734,11.152361, 246.302872, 1.000810
5, 439,30,187.980453, 187.927383, 128.832764, 70.706734,11.152361, 246.302872, 1.000282
5, 439,31,88.830574, 89.174202, 128.832764, 70.706734,11.152361, 246.302872, 0.996147
5, 440,0,38.267151, 38.458229, 128.760208, 80.986252,13.843926, 254.545807, 0.995032
5, 440,1,228.263779, 228.871704, 128.760208, 80.986252,13.843926, 254.545807, 0.997344
5, 440,2,93.351471, 92.898743, 128.760208, 80.986252,13.843926, 254.545807, 1.004873
5, 440,3,205.098755, 204.142487, 128.760208, 80.986252,13.843926, 254.545807, 1.004684
5, 440,4,82.922089, 82.994980, 128.760208, 80.986252,13.843926, 254.545807, 0.999122
5, 440,5,233.325912, 233.197067, 128.760208, 80.986252,13.843926, 254.545807, 1.000553
5, 440,6,15.114140, 14.461224, 128.760208, 80.986252,13.843926, 254.545807, 1.045149
5, 440,7,84.816910, 85.584152, 128.760208, 80.986252,13.843926, 254.545807, 0.991035
5, 440,8,182.378845, 182.870529, 128.760208, 80.986252,13.843926, 254.545807, 0.997311
5, 440,9,201.315491, 201.017380, 128.760208, 80.986252,13.843926, 254.545807, 1.001483
5, 440,10,67.078835, 66.682449, 128.760208, 80.986252,13.843926, 254.545807, 1.005944
5, 440,11,13.843926, 14.046051, 128.760208, 80.986252,13.843926, 254.545807, 0.985610
5, 440,12,37.757763, 38.216675, 128.760208, 80.986252,13.843926, 254.545807, 0.987992
5, 440,13,45.417606, 45.546368, 128.760208, 80.986252,13.843926, 254.545807, 0.997173
5, 440,14,129.065964, 129.841614, 128.760208, 80.986252,13.843926, 254.545807, 0.994026
5, 440,15,128.105148, 128.520599, 128.760208, 80.986252,13.843926, 254.545807, 0.996767
5, 440,16,16.295118, 16.303083, 128.760208, 80.986252,13.843926, 254.545807, 0.999511
5, 440,17,146.369690, 146.297546, 128.760208, 80.986252,13.843926, 254.545807, 1.000493
5, 440,18,187.854645, 186.803360, 128.760208, 80.986252,13.843926, 254.545807, 1.005628
5, 440,19,208.566971, 208.067764, 128.760208, 80.986252,13.843926, 254.545807, 1.002399
5, 440,20,237.942535, 236.571289, 128.760208, 80.986252,13.843926, 254.545807, 1.005796
5, 440,21,167.363129, 167.320419, 128.760208, 80.986252,13.843926, 254.545807, 1.000255
5, 440,22,64.691002, 65.293510, 128.760208, 80.986252,13.843926, 254.545807, 0.990772
5, 440,23,228.825256, 228.532013, 128.760208, 80.986252,13.843926, 254.545807, 1.001283
5, 440,24,44.489483, 44.519756, 128.760208, 80.986252,13.843926, 254.545807, 0.999320
5, 440,25,171.293732, 171.645767, 128.760208, 80.986252,13.843926, 254.545807, 0.997949
5, 440,26,206.669510, 206.822235, 128.760208, 80.986252,13.843926, 254.545807, 0.999262
5, 440,27,64.470276, 65.565262, 128.760208, 80.986252,13.843926, 254.545807, 0.983299
5, 440,28,45.695618, 46.648460, 128.760208, 80.986252,13.843926, 254.545807, 0.979574
5, 440,29,237.322784, 236.631683, 128.760208, 80.986252,13.843926, 254.545807, 1.002921
5, 440,30,254.545807, 254.318069, 128.760208, 80.986252,13.843926, 254.545807, 1.000896
5, 440,31,51.807720, 52.309914, 128.760208, 80.986252,13.843926, 254.545807, 0.990400
5, 441,0,93.294380, 94.823380, 128.782471, 76.588364,14.685170, 244.726654, 0.983875
5, 441,1,90.486198, 90.614113, 128.782471, 76.588364,14.685170, 244.726654, 0.998588
5, 441,2,41.644073, 41.378857, 128.782471, 76.588364,14.685170, 244.726654, 1.006410
5, 441,3,18.604990, 18.374540, 128.782471, 76.588364,14.685170, 244.726654, 1.012542
5, 441,4,107.944145, 106.629868, 128.782471, 76.588364,14.685170, 244.726654, 1.012326
5, 441,5,180.383286, 181.509399, 128.782471, 76.588364,14.685170, 244.726654, 0.993796
5, 441,6,29.040257, 28.509054, 128.782471, 76.588364,14.685170, 244.726654, 1.018633
5, 441,7,244.726654, 244.758423, 128.782471, 76.588364,14.685170, 244.726654, 0.999870
5, 441,8,48.312988, 47.267437, 128.782471, 76.588364,14.685170, 244.726654, 1.022120
5, 441,9,237.711105, 237.205215, 128.782471, 76.588364,14.685170, 244.726654, 1.002133
5, 441,10,61.055058, 63.884514, 128.782471, 76.588364,14.685170, 244.726654, 0.955710
5, 441,11,26.629194, 25.451099, 128.782471, 76.588364,14.685170, 244.726654, 1.046289
5, 441,12,41.258823, 42.728172, 128.782471, 76.588364,14.685170, 244.726654, 0.965612
5, 441,13,198.682846, 198.045822, 128.782471, 76.588364,14.685170, 244.726654, 1.003217
5, 441,14,212.169876, 212.543594, 128.782471, 76.588364,14.685170, 244.726654, 0.998242
5, 441,15,107.716179, 107.839851, 128.782471, 76.588364,14.685170, 244.726654, 0.998853
5, 441,16,188.717392, 189.634613, 128.782471, 76.588364,14.685170, 244.726654, 0.995163
5, 441,17,87.068062, 86.830162, 128.782471, 76.588364,14.685170, 244.726654, 1.002740
5, 441,18,71.050209, 68.724442, 128.782471, 76.588364,14.685170, 244.726654, 1.033842
5, 441,19,198.018097, 198.089813, 128.782471, 76.588364,14.685170, 244.726654, 0.999638
5, 441,20,14.685170, 15.558582, 128.782471, 76.588364,14.685170, 244.726654, 0.943863
5, 441,21,216.678879, 216.202850, 128.782471, 76.588364,14.685170, 244.726654, 1.002202
5, 441,22,207.626099, 206.332352, 128.782471, 76.588364,14.685170, 244.726654, 1.006270
5, 441,23,167.125015, 166.578964, 128.782471, 76.588364,14.685170, 244.726654, 1.003278
5, 441,24,57.117905, 59.242588, 128.782471, 76.588364,14.685170, 244.726654, 0.964136
5, 441,25,83.973587, 82.342232, 128.782471, 76.588364,14.685170, 244.726654, 1.019812
5, 441,26,120.447548, 121.200974, 128.782471, 76.588364,14.685170, 244.726654, 0.993784
5, 441,27,244.652573, 243.702438, 128.782471, 76.588364,14.685170, 244.726654, 1.003899
5, 441,28,231.694778, 231.763962, 128.782471, 76.588364,14.685170, 244.726654, 0.999701
5, 441,29,187.980698, 187.727966, 128.782471, 76.588364,14.685170, 244.726654, 1.001346
5, 441,30,121.787621, 121.824310, 128.782471, 76.588364,14.685170, 244.726654, 0.999699
5, 441,31,182.755615, 183.680023, 128.782471, 76.588364,14.685170, 244.726654, 0.994967
5, 442,0,76.714798, 77.709328, 128.667053, 57.069283,16.808767, 269.094360, 0.987202
5, 442,1,111.155396, 110.218079, 128.667053, 57.069283,16.808767, 269.094360, 1.008504
5, 442,2,94.509804, 93.939804, 128.667053, 57.069283,16.808767, 269.094360, 1.006068
5, 442,3,148.600647, 148.174164, 128.667053, 57.069283,16.808767, 269.094360, 1.002878
5, 442,4,134.936371, 135.312408, 128.667053, 57.069283,16.808767, 269.094360, 0.997221
5, 442,5,140.575775, 139.644791, 128.667053, 57.069283,16.808767, 269.094360, 1.006667
5, 442,6,158.628479, 157.929977, 128.667053, 57.069283,16.808767, 269.094360, 1.004423
5, 442,7,92.741295, 93.175270, 128.667053, 57.069283,16.808767, 269.094360, 0.995342
5, 442,8,195.912369, 195.678986, 128.667053, 57.069283,16.808767, 269.094360, 1.001193
5, 442,9,135.893021, 136.347748, 128.667053, 57.069283,16.808767, 269.094360, 0.996665
5, 442,10,43.355309, 42.699894, 128.667053, 57.069283,16.808767, 269.094360, 1.015349
5, 442,11,111.026680, 111.380814, 128.667053, 57.069283,16.808767, 269.094360, 0.996821
5, 442,12,100.536125, 100.605621, 128.667053, 57.069283,16.808767, 269.094360, 0.999309
5, 442,13,218.541489, 219.300018, 128.667053, 57.069283,16.808767, 269.094360, 0.996541
5, 442,14,66.320190, 66.798737, 128.667053, 57.069283,16.808767, 269.094360, 0.992836
5, 442,15,221.312561, 221.768814, 128.667053, 57.069283,16.808767, 269.094360, 0.997943
5, 442,16,130.921341, 131.203033, 128.667053, 57.069283,16.808767, 269.094360, 0.997853
5, 442,17,226.833099, 227.255981, 128.667053, 57.069283,16.808767, 269.094360, 0.998139
5, 442,18,103.626656, 102.978874, 128.667053, 57.069283,16.808767, 269.094360, 1.006290
5, 442,19,159.639130, 159.920944, 128.667053, 57.069283,16.808767, 269.094360, 0.998238
5, 442,20,16.808767, 18.131172, 128.667053, 57.069283,16.808767, 269.094360, 0.927065
5, 442,21,111.761101, 111.110039, 128.667053, 57.069283,16.808767, 269.094360, 1.005860
5, 442,22,130.014450, 129.952698, 128.667053, 57.069283,16.808767, 269.094360, 1.000475
5, 442,23,104.576035, 104.022148, 128.667053, 57.069283,16.808767, 269.094360, 1.005325
5, 442,24,59.187218, 58.301228, 128.667053, 57.069283,16.808767, 269.094360, 1.015197
5, 442,25,269.094360, 269.711700, 128.667053, 57.069283,16.808767, 269.094360, 0.997711
5, 442,26,171.747971, 170.998795, 128.667053, 57.069283,16.808767, 269.094360, 1.004381
5, 442,27,109.181442, 108.689003, 128.667053, 57.069283,16.808767, 269.094360, 1.004531
5, 442,28,105.395256, 105.798103, 128.667053, 57.069283,16.808767, 269.094360, 0.996192
5, 442,29,171.413208, 173.595032, 128.667053, 57.069283,16.808767, 269.094360, 0.987432
5, 442,30,147.714783, 149.520081, 128.667053, 57.069283,16.808767, 269.094360, 0.987926
5, 442,31,48.670399, 49.126781, 128.667053, 57.069283,16.808767, 269.094360, 0.990710
5, 443,0,170.082779, 169.733170, 128.843536, 74.446480,12.745542, 277.099274, 1.002060
5, 443,1,14.359143, 14.902636, 128.843536, 74.446480,12.745542, 277.099274, 0.963530
5, 443,2,63.365425, 63.117409, 128.843536, 74.446480,12.745542, 277.099274, 1.003929
5, 443,3,188.336914, 188.217422, 128.843536, 74.446480,12.745542, 277.099274, 1.000635
5, 443,4,175.723373, 177.020889, 128.843536, 74.446480,12.745542, 277.099274, 0.992670
5, 443,5,74.947205, 75.912292, 128.843536, 74.446480,12.745542, 277.099274, 0.987287
5, 443,6,217.773712, 217.103241, 128.843536, 74.446480,12.745542, 277.099274, 1.003088
5, 443,7,215.164932, 214.602234, 128.843536, 74.446480,12.745542, 277.099274, 1.002622
5, 443,8,104.395424, 104.673874, 128.843536, 74.446480,12.745542, 277.099274, 0.997340
5, 443,9,199.294022, 198.867416, 128.843536, 74.446480,12.745542, 277.099274, 1.002145
5, 443,10,79.774574, 80.218666, 128.843536, 74.446480,12.745542, 277.099274, 0.994464
5, 443,11,81.318779, 80.458824, 128.843536, 74.446480,12.745542, 277.099274, 1.010688
5, 443,12,59.517906, 60.152641, 128.843536, 74.446480,12.745542, 277.099274, 0.989448
5, 443,13,48.789349, 47.689011, 128.843536, 74.446480,12.745542, 277.099274, 1.023073
5, 443,14,23.798990, 23.150990, 128.843536, 74.446480,12.745542, 277.099274, 1.027990
5, 443,15,179.127640, 179.074677, 128.843536, 74.446480,12.745542, 277.099274, 1.000296
5, 443,16,182.640533, 181.898666, 128.843536, 74.446480,12.745542, 277.099274, 1.004079
5, 443,17,273.046967, 272.547729, 128.843536, 74.446480,12.745542, 277.099274, 1.001832
5, 443,18,191.531311, 190.726730, 128.843536, 74.446480,12.745542, 277.099274, 1.004218
5, 443,19,166.695236, 167.273590, 128.843536, 74.446480,12.745542, 277.099274, 0.996542
5, 443,20,277.099274, 275.760956, 128.843536, 74.446480,12.745542, 277.099274, 1.004853
5, 443,21,106.082664, 106.611748, 128.843536, 74.446480,12.745542, 277.099274, 0.995037
5, 443,22,12.745542, 11.391289, 128.843536, 74.446480,12.745542, 277.099274, 1.118885
5, 443,23,199.705963, 199.463669, 128.843536, 74.446480,12.745542, 277.099274, 1.001215
5, 443,24,81.099380, 81.618233, 128.843536, 74.446480,12.745542, 277.099274, 0.993643
5, 443,25,128.316391, 127.903427, 128.843536, 74.446480,12.745542, 277.099274, 1.003229
5, 443,26,121.881371, 122.023575, 128.843536, 74.446480,12.745542, 277.099274, 0.998835
5, 443,27,72.028267, 71.837814, 128.843536, 74.446480,12.745542, 277.099274, 1.002651
5, 443,28,108.874428, 110.851860, 128.843536, 74.446480,12.745542, 277.099274, 0.982161
5, 443,29,50.977726, 52.161011, 128.843536, 74.446480,12.745542, 277.099274, 0.977315
5, 443,30,203.526520, 203.604416, 128.843536, 74.446480,12.745542, 277.099274, 0.999617
5, 443,31,50.971161, 50.430183, 128.843536, 74.446480,12.745542, 277.099274, 1.010727
5, 444,0,133.962006, 132.498535, 128.962753, 78.127907,9.947590, 252.747314, 1.011045
5, 444,1,9.947590, 11.559968, 128.962753, 78.127907,9.947590, 252.747314, 0.860521
5, 444,2,179.651749, 180.335068, 128.962753, 78.127907,9.947590, 252.747314, 0.996211
5, 444,3,214.552109, 214.415497, 128.962753, 78.127907,9.947590, 252.747314, 1.000637
5, 444,4,207.120880, 205.772247, 128.962753, 78.127907,9.947590, 252.747314, 1.006554
5, 444,5,66.785812, 64.979538, 128.962753, 78.127907,9.947590, 252.747314, 1.027798
5, 444,6,34.488071, 33.936924, 128.962753, 78.127907,9.947590, 252.747314, 1.016240
5, 444,7,68.957047, 67.965118, 128.962753, 78.127907,9.947590, 252.747314, 1.014595
5, 444,8,121.007477, 121.071213, 128.962753, 78.127907,9.947590, 252.747314, 0.999474
5, 444,9,173.217148, 173.886200, 128.962753, 78.127907,9.947590, 252.747314, 0.996152
5, 444,10,160.929443, 158.517899, 128.962753, 78.127907,9.947590, 252.747314, 1.015213
5, 444,11,249.180450, 249.637939, 128.962753, 78.127907,9.947590, 252.747314, 0.998167
5, 444,12,252.747314, 252.884750, 128.962753, 78.127907,9.947590, 252.747314, 0.999457
5, 444,13,12.549238, 12.731810, 128.962753, 78.127907,9.947590, 252.747314, 0.985660
5, 444,14,237.521484, 237.762787, 128.962753, 78.127907,9.947590, 252.747314, 0.998985
5, 444,15,83.535484, 84.355980, 128.962753, 78.127907,9.947590, 252.747314, 0.990273
5, 444,16,40.517086, 38.878067, 128.962753, 78.127907,9.947590, 252.747314, 1.042158
5, 444,17,104.513878, 103.956337, 128.962753, 78.127907,9.947590, 252.747314, 1.005363
5, 444,18,120.290131, 118.876801, 128.962753, 78.127907,9.947590, 252.747314, 1.011889
5, 444,19,67.256256, 66.920166, 128.962753, 78.127907,9.947590, 252.747314, 1.005022
5, 444,20,209.592773, 208.899628, 128.962753, 78.127907,9.947590, 252.747314, 1.003318
5, 444,21,54.025799, 53.343224, 128.962753, 78.127907,9.947590, 252.747314, 1.012796
5, 444,22,124.095551, 123.370110, 128.962753, 78.127907,9.947590, 252.747314, 1.005880
5, 444,23,227.117188, 226.514587, 128.962753, 78.127907,9.947590, 252.747314, 1.002660
5, 444,24,19.277800, 17.687881, 128.962753, 78.127907,9.947590, 252.747314, 1.089887
5, 444,25,32.861973, 34.101131, 128.962753, 78.127907,9.947590, 252.747314, 0.963662
5, 444,26,167.573288, 171.706726, 128.962753, 78.127907,9.947590, 252.747314, 0.975927
5, 444,27,93.316292, 92.984322, 128.962753, 78.127907,9.947590, 252.747314, 1.003570
5, 444,28,191.066910, 189.441086, 128.962753, 78.127907,9.947590, 252.747314, 1.008582
5, 444,29,53.376495, 54.933044, 128.962753, 78.127907,9.947590, 252.747314, 0.971665
5, 444,30,174.088272, 175.281952, 128.962753, 78.127907,9.947590, 252.747314, 0.993190
5, 444,31,241.685257, 241.793304, 128.962753, 78.127907,9.947590, 252.747314, 0.999553
5, 445,0,139.922272, 139.129440, 128.746231, 69.746689,9.807672, 238.172668, 1.005699
5, 445,1,216.195374, 216.276596, 128.746231, 69.746689,9.807672, 238.172668, 0.999624
5, 445,2,107.567856, 107.193672, 128.746231, 69.746689,9.807672, 238.172668, 1.003491
5, 445,3,130.098984, 128.640564, 128.746231, 69.746689,9.807672, 238.172668, 1.011337
5, 445,4,223.190903, 224.237793, 128.746231, 69.746689,9.807672, 238.172668, 0.995331
5, 445,5,238.172668, 238.619736, 128.746231, 69.746689,9.807672, 238.172668, 0.998126
5, 445,6,46.883358, 46.494015, 128.746231, 69.746689,9.807672, 238.172668, 1.008374
5, 445,7,68.663742, 68.150955, 128.746231, 69.746689,9.807672, 238.172668, 1.007524
5, 445,8,197.485504, 198.260651, 128.746231, 69.746689,9.807672, 238.172668, 0.996090
5, 445,9,75.072556, 73.521439, 128.746231, 69.746689,9.807672, 238.172668, 1.021097
5, 445,10,196.286743, 195.781982, 128.746231, 69.746689,9.807672, 238.172668, 1.002578
5, 445,11,212.322006, 212.411545, 128.746231, 69.746689,9.807672, 238.172668, 0.999578
5, 445,12,15.642694, 15.090397, 128.746231, 69.746689,9.807672, 238.172668, 1.036599
5, 445,13,220.405014, 220.645798, 128.746231, 69.746689,9.807672, 238.172668, 0.998909
5, 445,14,152.410690, 151.844940, 128.746231, 69.746689,9.807672, 238.172668, 1.003726
5, 445,15,204.066833, 204.520370, 128.746231, 69.746689,9.807672, 238.172668, 0.997782
5, 445,16,52.076832, 53.152843, 128.746231, 69.746689,9.807672, 238.172668, 0.979756
5, 445,17,129.077957, 130.026932, 128.746231, 69.746689,9.807672, 238.172668, 0.992702
5, 445,18,152.124588, 152.671143, 128.746231, 69.746689,9.807672, 238.172668, 0.996420
5, 445,19,10.817817, 10.014004, 128.746231, 69.746689,9.807672, 238.172668, 1.080269
5, 445,20,98.057907, 98.259224, 128.746231, 69.746689,9.807672, 238.172668, 0.997951
5, 445,21,133.145340, 135.180344, 128.746231, 69.746689,9.807672, 238.172668, 0.984946
5, 445,22,9.807672, 10.252069, 128.746231, 69.746689,9.807672, 238.172668, 0.956653
5, 445,23,165.015366, 164.364349, 128.746231, 69.746689,9.807672, 238.172668, 1.003961
5, 445,24,121.569229, 121.064476, 128.746231, 69.746689,9.807672, 238.172668, 1.004169
5, 445,25,67.877304, 66.995644, 128.746231, 69.746689,9.807672, 238.172668, 1.013160
5, 445,26,198.803497, 200.214188, 128.746231, 69.746689,9.807672, 238.172668, 0.992954
5, 445,27,138.353989, 138.779327, 128.746231, 69.746689,9.807672, 238.172668, 0.996935
5, 445,28,44.859135, 45.905857, 128.746231, 69.746689,9.807672, 238.172668, 0.977198
5, 445,29,206.837585, 205.451645, 128.746231, 69.746689,9.807672, 238.172668, 1.006746
5, 445,30,68.471275, 67.821869, 128.746231, 69.746689,9.807672, 238.172668, 1.009575
5, 445,31,78.597000, 80.026222, 128.746231, 69.746689,9.807672, 238.172668, 0.982141
5, 446,0,193.682999, 193.496506, 128.819244, 67.650238,13.773952, 241.295303, 1.000964
5, 446,1,16.568584, 16.705976, 128.819244, 67.650238,13.773952, 241.295303, 0.991776
5, 446,2,165.607422, 165.503738, 128.819244, 67.650238,13.773952, 241.295303, 1.000626
5, 446,3,56.579311, 54.761459, 128.819244, 67.650238,13.773952, 241.295303, 1.033196
5, 446,4,210.343582, 211.404083, 128.819244, 67.650238,13.773952, 241.295303, 0.994984
5, 446,5,106.372620, 106.483643, 128.819244, 67.650238,13.773952, 241.295303, 0.998957
5, 446,6,178.596039, 179.679947, 128.819244, 67.650238,13.773952, 241.295303, 0.993968
5, 446,7,211.054703, 211.366623, 128.819244, 67.650238,13.773952, 241.295303, 0.998524
5, 446,8,169.236679, 168.980362, 128.819244, 67.650238,13.773952, 241.295303, 1.001517
5, 446,9,52.236786, 51.224899, 128.819244, 67.650238,13.773952, 241.295303, 1.019754
5, 446,10,50.065247, 49.606472, 128.819244, 67.650238,13.773952, 241.295303, 1.009248
5, 446,11,91.443993, 91.348373, 128.819244, 67.650238,13.773952, 241.295303, 1.001047
5, 446,12,115.013763, 115.242630, 128.819244, 67.650238,13.773952, 241.295303, 0.998014
5, 446,13,166.741089, 167.182114, 128.819244, 67.650238,13.773952, 241.295303, 0.997362
5, 446,14,13.773952, 14.383236, 128.819244, 67.650238,13.773952, 241.295303, 0.957639
5, 446,15,202.059753, 201.273941, 128.819244, 67.650238,13.773952, 241.295303, 1.003904
5, 446,16,136.129791, 137.555923, 128.819244, 67.650238,13.773952, 241.295303, 0.989632
5, 446,17,159.336777, 158.865173, 128.819244, 67.650238,13.773952, 241.295303, 1.002969
5, 446,18,201.933472, 201.566147, 128.819244, 67.650238,13.773952, 241.295303, 1.001822
5, 446,19,103.264946, 103.036995, 128.819244, 67.650238,13.773952, 241.295303, 1.002212
5, 446,20,120.031609, 120.892136, 128.819244, 67.650238,13.773952, 241.295303, 0.992882
5, 446,21,117.810074, 117.288132, 128.819244, 67.650238,13.773952, 241.295303, 1.004450
5, 446,22,241.295303, 240.865417, 128.819244, 67.650238,13.773952, 241.295303, 1.001785
5, 446,23,94.317467, 94.255539, 128.819244, 67.650238,13.773952, 241.295303, 1.000657
5, 446,24,16.437082, 15.971691, 128.819244, 67.650238,13.773952, 241.295303, 1.029138
5, 446,25,238.360413, 237.433762, 128.819244, 67.650238,13.773952, 241.295303, 1.003903
5, 446,26,19.065639, 19.748016, 128.819244, 67.650238,13.773952, 241.295303, 0.965446
5, 446,27,200.053833, 200.030151, 128.819244, 67.650238,13.773952, 241.295303, 1.000118
5, 446,28,72.421265, 71.327850, 128.819244, 67.650238,13.773952, 241.295303, 1.015329
5, 446,29,153.493439, 152.623749, 128.819244, 67.650238,13.773952, 241.295303, 1.005698
5, 446,30,115.030502, 115.257607, 128.819244, 67.650238,13.773952, 241.295303, 0.998030
5, 446,31,133.858017, 135.637787, 128.819244, 67.650238,13.773952, 241.295303, 0.986879
5, 447,0,122.436211, 122.273201, 128.926682, 66.885201,27.738043, 258.042206, 1.001333
5, 447,1,140.897736, 140.394272, 128.926682, 66.885201,27.738043, 258.042206, 1.003586
5, 447,2,72.047012, 71.606888, 128.926682, 66.885201,27.738043, 258.042206, 1.006146
5, 447,3,99.648880, 99.151855, 128.926682, 66.885201,27.738043, 258.042206, 1.005013
5, 447,4,53.473564, 54.354748, 128.926682, 66.885201,27.738043, 258.042206, 0.983788
5, 447,5,148.198044, 147.432571, 128.926682, 66.885201,27.738043, 258.042206, 1.005192
5, 447,6,164.151138, 163.926376, 128.926682, 66.885201,27.738043, 258.042206, 1.001371
5, 447,7,135.724777, 135.591476, 128.926682, 66.885201,27.738043, 258.042206, 1.000983
5, 447,8,150.700729, 149.976166, 128.926682, 66.885201,27.738043, 258.042206, 1.004831
5, 447,9,211.343491, 210.887909, 128.926682, 66.885201,27.738043, 258.042206, 1.002160
5, 447,10,169.114334, 168.792358, 128.926682, 66.885201,27.738043, 258.042206, 1.001907
5, 447,11,196.031128, 197.135178, 128.926682, 66.885201,27.738043, 258.042206, 0.994400
5, 447,12,81.637573, 81.244072, 128.926682, 66.885201,27.738043, 258.042206, 1.004843
5, 447,13,73.106171, 71.938660, 128.926682, 66.885201,27.738043, 258.042206, 1.016229
5, 447,14,60.603672, 60.429333, 128.926682, 66.885201,27.738043, 258.042206, 1.002885
5, 447,15,50.335133, 49.781036, 128.926682, 66.885201,27.738043, 258.042206, 1.011131
5, 447,16,60.333035, 60.389839, 128.926682, 66.885201,27.738043, 258.042206, 0.999059
5, 447,17,174.177719, 174.874847, 128.926682, 66.885201,27.738043, 258.042206, 0.996014
5, 447,18,51.202690, 51.621578, 128.926682, 66.885201,27.738043, 258.042206, 0.991885
5, 447,19,239.612747, 242.398346, 128.926682, 66.885201,27.738043, 258.042206, 0.988508
5, 447,20,184.298431, 185.649521, 128.926682, 66.885201,27.738043, 258.042206, 0.992722
5, 447,21,38.043667, 38.066322, 128.926682, 66.885201,27.738043, 258.042206, 0.999405
5, 447,22,208.089737, 206.709152, 128.926682, 66.885201,27.738043, 258.042206, 1.006679
5, 447,23,195.158417, 193.833252, 128.926682, 66.885201,27.738043, 258.042206, 1.006837
5, 447,24,128.786438, 129.350998, 128.926682, 66.885201,27.738043, 258.042206, 0.995635
5, 447,25,258.042206, 257.407043, 128.926682, 66.885201,27.738043, 258.042206, 1.002468
5, 447,26,27.738043, 28.832006, 128.926682, 66.885201,27.738043, 258.042206, 0.962057
5, 447,27,238.811874, 240.060135, 128.926682, 66.885201,27.738043, 258.042206, 0.994800
5, 447,28,149.402298, 147.037598, 128.926682, 66.885201,27.738043, 258.042206, 1.016082
5, 447,29,28.892614, 28.966295, 128.926682, 66.885201,27.738043, 258.042206, 0.997456
5, 447,30,101.429771, 100.257759, 128.926682, 66.885201,27.738043, 258.042206, 1.011690
5, 447,31,112.184639, 110.629585, 128.926682, 66.885201,27.738043, 258.042206, 1.014056
5, 448,0,116.741753, 116.224060, 128.902786, 69.106354,11.332208, 254.315765, 1.004454
5, 448,1,67.806816, 67.951248, 128.902786, 69.106354,11.332208, 254.315765, 0.997874
5, 448,2,220.868774, 220.267288, 128.902786, 69.106354,11.332208, 254.315765, 1.002731
5, 448,3,152.994766, 152.820663, 128.902786, 69.106354,11.332208, 254.315765, 1.001139
5, 448,4,168.251358, 167.600967, 128.902786, 69.106354,11.332208, 254.315765, 1.003881
5, 448,5,220.411301, 220.736893, 128.902786, 69.106354,11.332208, 254.315765, 0.998525
5, 448,6,251.633911, 251.674454, 128.902786, 69.106354,11.332208, 254.315765, 0.999839
5, 448,7,95.010765, 95.522072, 128.902786, 69.106354,11.332208, 254.315765, 0.994647
5, 448,8,143.438950, 143.611816, 128.902786, 69.106354,11.332208, 254.315765, 0.998796
5, 448,9,91.679817, 92.290611, 128.902786, 69.106354,11.332208, 254.315765, 0.993382
5, 448,10,211.195267, 211.814575, 128.902786, 69.106354,11.332208, 254.315765, 0.997076
5, 448,11,135.573105, 136.249527, 128.902786, 69.106354,11.332208, 254.315765, 0.995035
5, 448,12,149.626282, 148.466965, 128.902786, 69.106354,11.332208, 254.315765, 1.007809
5, 448,13,25.995146, 25.218075, 128.902786, 69.106354,11.332208, 254.315765, 1.030814
5, 448,14,106.586662, 106.521744, 128.902786, 69.106354,11.332208, 254.315765, 1.000609
5, 448,15,157.088318, 155.757614, 128.902786, 69.106354,11.332208, 254.315765, 1.008543
5, 448,16,193.838333, 193.094421, 128.902786, 69.106354,11.332208, 254.315765, 1.003853
5, 448,17,114.396591, 114.178535, 128.902786, 69.106354,11.332208, 254.315765, 1.001910
5, 448,18,182.705276, 182.214142, 128.902786, 69.106354,11.332208, 254.315765, 1.002695
5, 448,19,39.441242, 40.420227, 128.902786, 69.106354,11.332208, 254.315765, 0.975780
5, 448,20,177.325958, 175.854721, 128.902786, 69.106354,11.332208, 254.315765, 1.008366
5, 448,21,35.623013, 35.644684, 128.902786, 69.106354,11.332208, 254.315765, 0.999392
5, 448,22,35.320671, 34.785084, 128.902786, 69.106354,11.332208, 254.315765, 1.015397
5, 448,23,41.379616, 40.977375, 128.902786, 69.106354,11.332208, 254.315765, 1.009816
5, 448,24,11.332208, 12.459406, 128.902786, 69.106354,11.332208, 254.315765, 0.909530
5, 448,25,254.315765, 255.558578, 128.902786, 69.106354,11.332208, 254.315765, 0.995137
5, 448,26,105.358589, 104.913979, 128.902786, 69.106354,11.332208, 254.315765, 1.004238
5, 448,27,231.812790, 231.243088, 128.902786, 69.106354,11.332208, 254.315765, 1.002464
5, 448,28,118.655472, 118.874489, 128.902786, 69.106354,11.332208, 254.315765, 0.998158
5, 448,29,91.300766, 91.518570, 128.902786, 69.106354,11.332208, 254.315765, 0.997620
5, 448,30,91.271645, 91.120605, 128.902786, 69.106354,11.332208, 254.315765, 1.001658
5, 448,31,85.908379, 85.413834, 128.902786, 69.106354,11.332208, 254.315765, 1.005790
5, 449,0,185.501785, 186.164581, 128.737183, 64.132889,12.383260, 209.831467, 0.996440
5, 449,1,185.585556, 185.751831, 128.737183, 64.132889,12.383260, 209.831467, 0.999105
5, 449,2,123.748199, 125.327164, 128.737183, 64.132889,12.383260, 209.831467, 0.987401
5, 449,3,85.150558, 85.265030, 128.737183, 64.132889,12.383260, 209.831467, 0.998657
5, 449,4,141.835678, 141.718506, 128.737183, 64.132889,12.383260, 209.831467, 1.000827
5, 449,5,194.926895, 195.076309, 128.737183, 64.132889,12.383260, 209.831467, 0.999234
5, 449,6,195.212234, 194.463440, 128.737183, 64.132889,12.383260, 209.831467, 1.003851
5, 449,7,206.447159, 206.508347, 128.737183, 64.132889,12.383260, 209.831467, 0.999704
5, 449,8,209.831467, 210.886032, 128.737183, 64.132889,12.383260, 209.831467, 0.994999
5, 449,9,169.349899, 170.154739, 128.737183, 64.132889,12.383260, 209.831467, 0.995270
5, 449,10,194.878433, 195.726715, 128.737183, 64.132889,12.383260, 209.831467, 0.995666
5, 449,11,25.970699, 24.940437, 128.737183, 64.132889,12.383260, 209.831467, 1.041309
5, 449,12,24.965128, 24.533939, 128.737183, 64.132889,12.383260, 209.831467, 1.017575
5, 449,13,157.760101, 157.878433, 128.737183, 64.132889,12.383260, 209.831467, 0.999250
5, 449,14,199.344254, 198.697281, 128.737183, 64.132889,12.383260, 209.831467, 1.003256
5, 449,15,32.317558, 33.151737, 128.737183, 64.132889,12.383260, 209.831467, 0.974838
5, 449,16,202.522293, 201.886749, 128.737183, 64.132889,12.383260, 209.831467, 1.003148
5, 449,17,102.730972, 104.151642, 128.737183, 64.132889,12.383260, 209.831467, 0.986360
5, 449,18,181.572311, 180.442307, 128.737183, 64.132889,12.383260, 209.831467, 1.006262
5, 449,19,137.759262, 138.360184, 128.737183, 64.132889,12.383260, 209.831467, 0.995657
5, 449,20,173.150024, 174.050888, 128.737183, 64.132889,12.383260, 209.831467, 0.994824
5, 449,21,57.665260, 56.359756, 128.737183, 64.132889,12.383260, 209.831467, 1.023164
5, 449,22,162.721115, 160.992844, 128.737183, 64.132889,12.383260, 209.831467, 1.010735
5, 449,23,101.175552, 101.231102, 128.737183, 64.132889,12.383260, 209.831467, 0.999451
5, 449,24,70.518394, 69.567886, 128.737183, 64.132889,12.383260, 209.831467, 1.013663
5, 449,25,65.311913, 65.233963, 128.737183, 64.132889,12.383260, 209.831467, 1.001195
5, 449,26,12.383260, 11.081915, 128.737183, 64.132889,12.383260, 209.831467, 1.117430
5, 449,27,139.193604, 138.360184, 128.737183, 64.132889,12.383260, 209.831467, 1.006024
5, 449,28,59.470585, 59.655533, 128.737183, 64.132889,12.383260, 209.831467, 0.996900
5, 449,29,126.609886, 125.521042, 128.737183, 64.132889,12.383260, 209.831467, 1.008675
5, 449,30,165.000137, 168.003418, 128.737183, 64.132889,12.383260, 209.831467, 0.982124
5, 449,31,28.979849, 29.855961, 128.737183, 64.132889,12.383260, 209.831467, 0.970655
5, 450,0,101.574844, 102.321449, 128.748489, 68.257790,20.079712, 243.333481, 0.992703
5, 450,1,214.972641, 215.753860, 128.748489, 68.257790,20.079712, 243.333481, 0.996379
5, 450,2,101.696045, 102.335945, 128.748489, 68.257790,20.079712, 243.333481, 0.993747
5, 450,3,107.045372, 107.401711, 128.748489, 68.257790,20.079712, 243.333481, 0.996682
5, 450,4,180.687958, 180.206573, 128.748489, 68.257790,20.079712, 243.333481, 1.002671
5, 450,5,191.660172, 194.403763, 128.748489, 68.257790,20.079712, 243.333481, 0.985887
5, 450,6,220.545670, 220.065918, 128.748489, 68.257790,20.079712, 243.333481, 1.002180
5, 450,7,134.110214, 133.505920, 128.748489, 68.257790,20.079712, 243.333481, 1.004526
5, 450,8,192.376053, 192.671692, 128.748489, 68.257790,20.079712, 243.333481, 0.998466
5, 450,9,237.191803, 235.792221, 128.748489, 68.257790,20.079712, 243.333481, 1.005936
5, 450,10,231.461655, 231.110565, 128.748489, 68.257790,20.079712, 243.333481, 1.001519
5, 450,11,243.333481, 242.495834, 128.748489, 68.257790,20.079712, 243.333481, 1.003454
5, 450,12,172.214096, 170.720078, 128.748489, 68.257790,20.079712, 243.333481, 1.008751
5, 450,13,42.047375, 41.981674, 128.748489, 68.257790,20.079712, 243.333481, 1.001565
5, 450,14,100.192833, 100.357475, 128.748489, 68.257790,20.079712, 243.333481, 0.998359
5, 450,15,122.198563, 120.584274, 128.748489, 68.257790,20.079712, 243.333481, 1.013387
5, 450,16,57.845287, 57.200691, 128.748489, 68.257790,20.079712, 243.333481, 1.011269
5, 450,17,51.070358, 48.917202, 128.748489, 68.257790,20.079712, 243.333481, 1.044016
5, 450,18,218.541336, 219.986191, 128.748489, 68.257790,20.079712, 243.333481, 0.993432
5, 450,19,20.079712, 21.718643, 128.748489, 68.257790,20.079712, 243.333481, 0.924538
5, 450,20,142.175674, 141.905380, 128.748489, 68.257790,20.079712, 243.333481, 1.001905
5, 450,21,150.362686, 150.812149, 128.748489, 68.257790,20.079712, 243.333481, 0.997020
5, 450,22,158.880920, 160.269669, 128.748489, 68.257790,20.079712, 243.333481, 0.991335
5, 450,23,31.832018, 33.002457, 128.748489, 68.257790,20.079712, 243.333481, 0.964535
5, 450,24,89.065720, 88.950455, 128.748489, 68.257790,20.079712, 243.333481, 1.001296
5, 450,25,35.711063, 35.408508, 128.748489, 68.257790,20.079712, 243.333481, 1.008545
5, 450,26,187.318939, 186.946442, 128.748489, 68.257790,20.079712, 243.333481, 1.001993
5, 450,27,63.573486, 64.186943, 128.748489, 68.257790,20.079712, 243.333481, 0.990443
5, 450,28,65.894318, 66.658226, 128.748489, 68.257790,20.079712, 243.333481, 0.988540
5, 450,29,97.485107, 98.545692, 128.748489, 68.257790,20.079712, 243.333481, 0.989238
5, 450,30,92.647095, 90.805725, 128.748489, 68.257790,20.079712, 243.333481, 1.020278
5, 450,31,64.158974, 63.976780, 128.748489, 68.257790,20.079712, 243.333481, 1.002848
5, 451,0,243.906357, 242.252441, 128.912262, 63.971355,14.308929, 243.906357, 1.006827
5, 451,1,121.771896, 123.028526, 128.912262, 63.971355,14.308929, 243.906357, 0.989786
5, 451,2,200.861832, 201.084702, 128.912262, 63.971355,14.308929, 243.906357, 0.998892
5, 451,3,82.720863, 83.053032, 128.912262, 63.971355,14.308929, 243.906357, 0.996001
5, 451,4,48.464458, 47.768433, 128.912262, 63.971355,14.308929, 243.906357, 1.014571
5, 451,5,164.292053, 165.714951, 128.912262, 63.971355,14.308929, 243.906357, 0.991414
5, 451,6,104.244232, 104.307533, 128.912262, 63.971355,14.308929, 243.906357, 0.999393
5, 451,7,169.053253, 169.163925, 128.912262, 63.971355,14.308929, 243.906357, 0.999346
5, 451,8,34.546387, 35.533791, 128.912262, 63.971355,14.308929, 243.906357, 0.972212
5, 451,9,99.639397, 98.630203, 128.912262, 63.971355,14.308929, 243.906357, 1.010232
5, 451,10,109.761406, 108.742950, 128.912262, 63.971355,14.308929, 243.906357, 1.009366
5, 451,11,176.974426, 178.162491, 128.912262, 63.971355,14.308929, 243.906357, 0.993332
5, 451,12,19.121311, 18.416641, 128.912262, 63.971355,14.308929, 243.906357, 1.038263
5, 451,13,119.611641, 122.609825, 128.912262, 63.971355,14.308929, 243.906357, 0.975547
5, 451,14,112.864601, 112.035797, 128.912262, 63.971355,14.308929, 243.906357, 1.007398
5, 451,15,196.593994, 195.542221, 128.912262, 63.971355,14.308929, 243.906357, 1.005379
5, 451,16,55.480564, 55.681210, 128.912262, 63.971355,14.308929, 243.906357, 0.996397
5, 451,17,158.608719, 159.044067, 128.912262, 63.971355,14.308929, 243.906357, 0.997263
5, 451,18,168.327744, 168.915543, 128.912262, 63.971355,14.308929, 243.906357, 0.996520
5, 451,19,19.903349, 19.105017, 128.912262, 63.971355,14.308929, 243.906357, 1.041787
5, 451,20,54.493263, 54.183811, 128.912262, 63.971355,14.308929, 243.906357, 1.005711
5, 451,21,144.185486, 145.013977, 128.912262, 63.971355,14.308929, 243.906357, 0.994287
5, 451,22,215.626587, 216.200592, 128.912262, 63.971355,14.308929, 243.906357, 0.997345
5, 451,23,14.308929, 12.909632, 128.912262, 63.971355,14.308929, 243.906357, 1.108392
5, 451,24,141.062515, 142.217896, 128.912262, 63.971355,14.308929, 243.906357, 0.991876
5, 451,25,103.016640, 103.590767, 128.912262, 63.971355,14.308929, 243.906357, 0.994458
5, 451,26,241.089890, 239.740234, 128.912262, 63.971355,14.308929, 243.906357, 1.005630
5, 451,27,173.438187, 170.476807, 128.912262, 63.971355,14.308929, 243.906357, 1.017371
5, 451,28,137.120010, 137.243134, 128.912262, 63.971355,14.308929, 243.906357, 0.999103
5, 451,29,143.076645, 141.941147, 128.912262, 63.971355,14.308929, 243.906357, 1.008000
5, 451,30,195.328384, 192.916458, 128.912262, 63.971355,14.308929, 243.906357, 1.012502
5, 451,31,155.697525, 155.772522, 128.912262, 63.971355,14.308929, 243.906357, 0.999519
5, 452,0,32.748657, 32.406204, 128.829163, 71.599953,17.183163, 220.909988, 1.010568
5, 452,1,174.731567, 174.761139, 128.829163, 71.599953,17.183163, 220.909988, 0.999831
5, 452,2,22.648941, 22.327854, 128.829163, 71.599953,17.183163, 220.909988, 1.014381
5, 452,3,177.675323, 177.694382, 128.829163, 71.599953,17.183163, 220.909988, 0.999893
5, 452,4,59.921288, 59.783203, 128.829163, 71.599953,17.183163, 220.909988, 1.002310
5, 452,5,33.095688, 33.554886, 128.829163, 71.599953,17.183163, 220.909988, 0.986315
5, 452,6,42.284622, 42.477711, 128.829163, 71.599953,17.183163, 220.909988, 0.995454
5, 452,7,157.076584, 157.065903, 128.829163, 71.599953,17.183163, 220.909988, 1.000068
5, 452,8,155.233124, 153.161743, 128.829163, 71.599953,17.183163, 220.909988, 1.013524
5, 452,9,103.244446, 102.229866, 128.829163, 71.599953,17.183163, 220.909988, 1.009925
5, 452,10,149.055634, 148.799484, 128.829163, 71.599953,17.183163, 220.909988, 1.001721
5, 452,11,201.924210, 202.062927, 128.829163, 71.599953,17.183163, 220.909988, 0.999313
5, 452,12,176.321365, 176.518356, 128.829163, 71.599953,17.183163, 220.909988, 0.998884
5, 452,13,62.137615, 63.407028, 128.829163, 71.599953,17.183163, 220.909988, 0.979980
5, 452,14,220.909988, 220.975204, 128.829163, 71.599953,17.183163, 220.909988, 0.999705
5, 452,15,194.908554, 194.117859, 128.829163, 71.599953,17.183163, 220.909988, 1.004073
5, 452,16,20.950333, 19.627077, 128.829163, 71.599953,17.183163, 220.909988, 1.067420
5, 452,17,188.440506, 189.242783, 128.829163, 71.599953,17.183163, 220.909988, 0.995761
5, 452,18,177.506439, 178.227692, 128.829163, 71.599953,17.183163, 220.909988, 0.995953
5, 452,19,73.465225, 72.870010, 128.829163, 71.599953,17.183163, 220.909988, 1.008168
5, 452,20,211.490585, 211.580612, 128.829163, 71.599953,17.183163, 220.909988, 0.999574
5, 452,21,203.314911, 200.996277, 128.829163, 71.599953,17.183163, 220.909988, 1.011536
5, 452,22,178.922409, 179.978073, 128.829163, 71.599953,17.183163, 220.909988, 0.994134
5, 452,23,157.520218, 158.351349, 128.829163, 71.599953,17.183163, 220.909988, 0.994751
5, 452,24,196.664688, 198.001495, 128.829163, 71.599953,17.183163, 220.909988, 0.993249
5, 452,25,208.289307, 208.428543, 128.829163, 71.599953,17.183163, 220.909988, 0.999332
5, 452,26,187.567764, 188.032562, 128.829163, 71.599953,17.183163, 220.909988, 0.997528
5, 452,27,27.935942, 27.859322, 128.829163, 71.599953,17.183163, 220.909988, 1.002750
5, 452,28,58.675602, 58.210598, 128.829163, 71.599953,17.183163, 220.909988, 1.007988
5, 452,29,67.139496, 67.338547, 128.829163, 71.599953,17.183163, 220.909988, 0.997044
5, 452,30,17.183163, 17.630552, 128.829163, 71.599953,17.183163, 220.909988, 0.974624
5, 452,31,183.549225, 183.280548, 128.829163, 71.599953,17.183163, 220.909988, 1.001466
5, 453,0,136.622757, 136.808701, 128.569962, 74.390259,21.383606, 249.696869, 0.998641
5, 453,1,114.028137, 113.196396, 128.569962, 74.390259,21.383606, 249.696869, 1.007348
5, 453,2,244.987503, 243.751755, 128.569962, 74.390259,21.383606, 249.696869, 1.005070
5, 453,3,112.601860, 112.983604, 128.569962, 74.390259,21.383606, 249.696869, 0.996621
5, 453,4,21.383606, 21.156368, 128.569962, 74.390259,21.383606, 249.696869, 1.010741
5, 453,5,231.320068, 230.893036, 128.569962, 74.390259,21.383606, 249.696869, 1.001850
5, 453,6,242.916748, 244.321732, 128.569962, 74.390259,21.383606, 249.696869, 0.994249
5, 453,7,51.263683, 52.710342, 128.569962, 74.390259,21.383606, 249.696869, 0.972555
5, 453,8,108.969322, 109.601738, 128.569962, 74.390259,21.383606, 249.696869, 0.994230
5, 453,9,51.365772, 50.521629, 128.569962, 74.390259,21.383606, 249.696869, 1.016708
5, 453,10,110.916946, 110.779694, 128.569962, 74.390259,21.383606, 249.696869, 1.001239
5, 453,11,249.696869, 250.211487, 128.569962, 74.390259,21.383606, 249.696869, 0.997943
5, 453,12,83.148499, 84.218727, 128.569962, 74.390259,21.383606, 249.696869, 0.987292
5, 453,13,47.603542, 46.432991, 128.569962, 74.390259,21.383606, 249.696869, 1.025209
5, 453,14,232.304779, 231.957001, 128.569962, 74.390259,21.383606, 249.696869, 1.001499
5, 453,15,204.248062, 204.423264, 128.569962, 74.390259,21.383606, 249.696869, 0.999143
5, 453,16,74.596634, 74.270714, 128.569962, 74.390259,21.383606, 249.696869, 1.004388
5, 453,17,92.006950, 92.639198, 128.569962, 74.390259,21.383606, 249.696869, 0.993175
5, 453,18,75.186958, 75.904648, 128.569962, 74.390259,21.383606, 249.696869, 0.990545
5, 453,19,131.649841, 131.960083, 128.569962, 74.390259,21.383606, 249.696869, 0.997649
5, 453,20,204.055511, 205.836807, 128.569962, 74.390259,21.383606, 249.696869, 0.991346
5, 453,21,96.711433, 97.958992, 128.569962, 74.390259,21.383606, 249.696869, 0.987264
5, 453,22,175.023117, 175.551987, 128.569962, 74.390259,21.383606, 249.696869, 0.996987
5, 453,23,21.850006, 21.695948, 128.569962, 74.390259,21.383606, 249.696869, 1.007101
5, 453,24,106.702911, 107.223030, 128.569962, 74.390259,21.383606, 249.696869, 0.995149
5, 453,25,26.332918, 26.810551, 128.569962, 74.390259,21.383606, 249.696869, 0.982185
5, 453,26,229.938385, 229.669495, 128.569962, 74.390259,21.383606, 249.696869, 1.001171
5, 453,27,134.171112, 133.502808, 128.569962, 74.390259,21.383606, 249.696869, 1.005006
5, 453,28,57.872124, 58.797707, 128.569962, 74.390259,21.383606, 249.696869, 0.984258
5, 453,29,215.438889, 216.286407, 128.569962, 74.390259,21.383606, 249.696869, 0.996081
5, 453,30,49.869316, 50.590031, 128.569962, 74.390259,21.383606, 249.696869, 0.985754
5, 453,31,179.453979, 178.333466, 128.569962, 74.390259,21.383606, 249.696869, 1.006283
5, 454,0,118.724174, 119.190414, 129.072510, 71.469292,20.432070, 248.945038, 0.996088
5, 454,1,36.344658, 35.389496, 129.072510, 71.469292,20.432070, 248.945038, 1.026990
5, 454,2,248.945038, 247.866150, 129.072510, 71.469292,20.432070, 248.945038, 1.004353
5, 454,3,20.432070, 19.983717, 129.072510, 71.469292,20.432070, 248.945038, 1.022436
5, 454,4,177.440475, 176.511490, 129.072510, 71.469292,20.432070, 248.945038, 1.005263
5, 454,5,35.756416, 34.425247, 129.072510, 71.469292,20.432070, 248.945038, 1.038668
5, 454,6,200.741440, 201.500458, 129.072510, 71.469292,20.432070, 248.945038, 0.996233
5, 454,7,132.087753, 130.709518, 129.072510, 71.469292,20.432070, 248.945038, 1.010544
5, 454,8,215.769455, 214.710709, 129.072510, 71.469292,20.432070, 248.945038, 1.004931
5, 454,9,140.778015, 140.263031, 129.072510, 71.469292,20.432070, 248.945038, 1.003672
5, 454,10,90.171257, 89.068665, 129.072510, 71.469292,20.432070, 248.945038, 1.012379
5, 454,11,170.773346, 170.347702, 129.072510, 71.469292,20.432070, 248.945038, 1.002499
5, 454,12,35.558098, 36.049641, 129.072510, 71.469292,20.432070, 248.945038, 0.986365
5, 454,13,68.888634, 67.981216, 129.072510, 71.469292,20.432070, 248.945038, 1.013348
5, 454,14,119.233459, 118.433846, 129.072510, 71.469292,20.432070, 248.945038, 1.006752
5, 454,15,119.148750, 119.234917, 129.072510, 71.469292,20.432070, 248.945038, 0.999277
5, 454,16,197.401184, 196.619858, 129.072510, 71.469292,20.432070, 248.945038, 1.003974
5, 454,17,183.814468, 182.148666, 129.072510, 71.469292,20.432070, 248.945038, 1.009145
5, 454,18,24.660772, 24.337685, 129.072510, 71.469292,20.432070, 248.945038, 1.013275
5, 454,19,109.606842, 110.593735, 129.072510, 71.469292,20.432070, 248.945038, 0.991076
5, 454,20,218.167816, 218.567703, 129.072510, 71.469292,20.432070, 248.945038, 0.998170
5, 454,21,84.399544, 84.996552, 129.072510, 71.469292,20.432070, 248.945038, 0.992976
5, 454,22,54.011456, 53.191074, 129.072510, 71.469292,20.432070, 248.945038, 1.015423
5, 454,23,179.630020, 179.997635, 129.072510, 71.469292,20.432070, 248.945038, 0.997958
5, 454,24,221.517166, 222.691742, 129.072510, 71.469292,20.432070, 248.945038, 0.994726
5, 454,25,67.707481, 68.411423, 129.072510, 71.469292,20.432070, 248.945038, 0.989710
5, 454,26,160.832428, 161.602676, 129.072510, 71.469292,20.432070, 248.945038, 0.995234
5, 454,27,27.424768, 26.740898, 129.072510, 71.469292,20.432070, 248.945038, 1.025574
5, 454,28,95.736015, 94.854179, 129.072510, 71.469292,20.432070, 248.945038, 1.009297
5, 454,29,242.334549, 242.325394, 129.072510, 71.469292,20.432070, 248.945038, 1.000038
5, 454,30,109.596741, 109.636909, 129.072510, 71.469292,20.432070, 248.945038, 0.999634
5, 454,31,222.685684, 222.617569, 129.072510, 71.469292,20.432070, 248.945038, 1.000306
5, 455,0,153.805801, 154.081940, 128.488159, 76.447136,16.075676, 262.257294, 0.998208
5, 455,1,54.468567, 54.093975, 128.488159, 76.447136,16.075676, 262.257294, 1.006925
5, 455,2,97.557816, 98.516174, 128.488159, 76.447136,16.075676, 262.257294, 0.990272
5, 455,3,113.310829, 113.350250, 128.488159, 76.447136,16.075676, 262.257294, 0.999652
5, 455,4,37.252789, 37.370605, 128.488159, 76.447136,16.075676, 262.257294, 0.996847
5, 455,5,39.330223, 39.387978, 128.488159, 76.447136,16.075676, 262.257294, 0.998534
5, 455,6,229.533493, 229.421158, 128.488159, 76.447136,16.075676, 262.257294, 1.000490
5, 455,7,122.013458, 122.772659, 128.488159, 76.447136,16.075676, 262.257294, 0.993816
5, 455,8,225.122742, 225.506516, 128.488159, 76.447136,16.075676, 262.257294, 0.998298
5, 455,9,66.190941, 66.198204, 128.488159, 76.447136,16.075676, 262.257294, 0.999890
5, 455,10,161.702469, 162.895935, 128.488159, 76.447136,16.075676, 262.257294, 0.992673
5, 455,11,163.498917, 164.336914, 128.488159, 76.447136,16.075676, 262.257294, 0.994901
5, 455,12,136.487488, 136.798187, 128.488159, 76.447136,16.075676, 262.257294, 0.997729
5, 455,13,226.413513, 226.915466, 128.488159, 76.447136,16.075676, 262.257294, 0.997788
5, 455,14,251.485046, 251.580231, 128.488159, 76.447136,16.075676, 262.257294, 0.999622
5, 455,15,44.399761, 45.095856, 128.488159, 76.447136,16.075676, 262.257294, 0.984564
5, 455,16,245.816757, 247.257278, 128.488159, 76.447136,16.075676, 262.257294, 0.994174
5, 455,17,57.128185, 57.880550, 128.488159, 76.447136,16.075676, 262.257294, 0.987001
5, 455,18,173.369659, 173.775330, 128.488159, 76.447136,16.075676, 262.257294, 0.997666
5, 455,19,228.633026, 228.156296, 128.488159, 76.447136,16.075676, 262.257294, 1.002090
5, 455,20,18.460859, 17.661207, 128.488159, 76.447136,16.075676, 262.257294, 1.045277
5, 455,21,69.273895, 69.192238, 128.488159, 76.447136,16.075676, 262.257294, 1.001180
5, 455,22,16.075676, 16.852657, 128.488159, 76.447136,16.075676, 262.257294, 0.953896
5, 455,23,189.824081, 189.241852, 128.488159, 76.447136,16.075676, 262.257294, 1.003077
5, 455,24,102.880424, 102.334770, 128.488159, 76.447136,16.075676, 262.257294, 1.005332
5, 455,25,134.922470, 135.277161, 128.488159, 76.447136,16.075676, 262.257294, 0.997378
5, 455,26,21.402382, 22.872749, 128.488159, 76.447136,16.075676, 262.257294, 0.935715
5, 455,27,262.257294, 261.811157, 128.488159, 76.447136,16.075676, 262.257294, 1.001704
5, 455,28,125.279114, 125.574562, 128.488159, 76.447136,16.075676, 262.257294, 0.997647
5, 455,29,165.551590, 164.985367, 128.488159, 76.447136,16.075676, 262.257294, 1.003432
5, 455,30,53.899967, 54.013924, 128.488159, 76.447136,16.075676, 262.257294, 0.997890
5, 455,31,124.272102, 125.790718, 128.488159, 76.447136,16.075676, 262.257294, 0.987927
5, 456,0,194.918686, 196.502609, 128.654907, 63.634583,19.193216, 226.474426, 0.991939
5, 456,1,175.385696, 175.398270, 128.654907, 63.634583,19.193216, 226.474426, 0.999928
5, 456,2,192.792252, 194.049881, 128.654907, 63.634583,19.193216, 226.474426, 0.993519
5, 456,3,67.349648, 68.838821, 128.654907, 63.634583,19.193216, 226.474426, 0.978367
5, 456,4,47.988503, 47.512104, 128.654907, 63.634583,19.193216, 226.474426, 1.010027
5, 456,5,135.541412, 135.696198, 128.654907, 63.634583,19.193216, 226.474426, 0.998859
5, 456,6,98.632515, 96.876877, 128.654907, 63.634583,19.193216, 226.474426, 1.018122
5, 456,7,76.613518, 76.372238, 128.654907, 63.634583,19.193216, 226.474426, 1.003159
5, 456,8,141.240646, 142.427765, 128.654907, 63.634583,19.193216, 226.474426, 0.991665
5, 456,9,156.870941, 156.086304, 128.654907, 63.634583,19.193216, 226.474426, 1.005027
5, 456,10,19.193216, 17.708614, 128.654907, 63.634583,19.193216, 226.474426, 1.083835
5, 456,11,104.254807, 104.383339, 128.654907, 63.634583,19.193216, 226.474426, 0.998769
5, 456,12,153.016434, 152.555435, 128.654907, 63.634583,19.193216, 226.474426, 1.003022
5, 456,13,122.091156, 121.363853, 128.654907, 63.634583,19.193216, 226.474426, 1.005993
5, 456,14,183.914719, 183.672897, 128.654907, 63.634583,19.193216, 226.474426, 1.001317
5, 456,15,156.564362, 158.134750, 128.654907, 63.634583,19.193216, 226.474426, 0.990069
5, 456,16,100.481728, 99.760864, 128.654907, 63.634583,19.193216, 226.474426, 1.007226
5, 456,17,183.840042, 184.218689, 128.654907, 63.634583,19.193216, 226.474426, 0.997945
5, 456,18,34.525066, 33.718811, 128.654907, 63.634583,19.193216, 226.474426, 1.023911
5, 456,19,131.178986, 132.050797, 128.654907, 63.634583,19.193216, 226.474426, 0.993398
5, 456,20,34.798805, 36.535416, 128.654907, 63.634583,19.193216, 226.474426, 0.952468
5, 456,21,207.130539, 207.128906, 128.654907, 63.634583,19.193216, 226.474426, 1.000008
5, 456,22,31.797729, 30.983059, 128.654907, 63.634583,19.193216, 226.474426, 1.026294
5, 456,23,140.855881, 141.039688, 128.654907, 63.634583,19.193216, 226.474426, 0.998697
5, 456,24,72.211555, 73.178284, 128.654907, 63.634583,19.193216, 226.474426, 0.986789
5, 456,25,150.632584, 149.981400, 128.654907, 63.634583,19.193216, 226.474426, 1.004342
5, 456,26,197.261810, 196.327408, 128.654907, 63.634583,19.193216, 226.474426, 1.004759
5, 456,27,89.756325, 89.869041, 128.654907, 63.634583,19.193216, 226.474426, 0.998746
5, 456,28,40.280655, 41.447639, 128.654907, 63.634583,19.193216, 226.474426, 0.971844
5, 456,29,223.028885, 223.482742, 128.654907, 63.634583,19.193216, 226.474426, 0.997969
5, 456,30,226.333084, 227.606598, 128.654907, 63.634583,19.193216, 226.474426, 0.994405
5, 456,31,226.474426, 226.090485, 128.654907, 63.634583,19.193216, 226.474426, 1.001698
5, 457,0,183.117981, 181.604675, 128.961365, 55.700333,17.251347, 224.397812, 1.008333
5, 457,1,181.742538, 180.593781, 128.961365, 55.700333,17.251347, 224.397812, 1.006361
5, 457,2,218.157837, 217.997284, 128.961365, 55.700333,17.251347, 224.397812, 1.000736
5, 457,3,117.877480, 116.886467, 128.961365, 55.700333,17.251347, 224.397812, 1.008478
5, 457,4,153.607040, 154.755020, 128.961365, 55.700333,17.251347, 224.397812, 0.992582
5, 457,5,101.919678, 98.602547, 128.961365, 55.700333,17.251347, 224.397812, 1.033641
5, 457,6,213.508926, 213.636917, 128.961365, 55.700333,17.251347, 224.397812, 0.999401
5, 457,7,224.397812, 224.062729, 128.961365, 55.700333,17.251347, 224.397812, 1.001495
5, 457,8,196.664673, 196.646973, 128.961365, 55.700333,17.251347, 224.397812, 1.000090
5, 457,9,36.821941, 37.280983, 128.961365, 55.700333,17.251347, 224.397812, 0.987687
5, 457,10,52.701141, 53.158947, 128.961365, 55.700333,17.251347, 224.397812, 0.991388
5, 457,11,205.900146, 205.522705, 128.961365, 55.700333,17.251347, 224.397812, 1.001837
5, 457,12,168.424561, 168.813354, 128.961365, 55.700333,17.251347, 224.397812, 0.997697
5, 457,13,42.067665, 42.065941, 128.961365, 55.700333,17.251347, 224.397812, 1.000041
5, 457,14,157.416626, 158.016861, 128.961365, 55.700333,17.251347, 224.397812, 0.996201
5, 457,15,104.686958, 104.796036, 128.961365, 55.700333,17.251347, 224.397812, 0.998959
5, 457,16,101.430405, 102.484428, 128.961365, 55.700333,17.251347, 224.397812, 0.989715
5, 457,17,87.052940, 85.838181, 128.961365, 55.700333,17.251347, 224.397812, 1.014152
5, 457,18,78.845268, 78.734879, 128.961365, 55.700333,17.251347, 224.397812, 1.001402
5, 457,19,101.825249, 102.383339, 128.961365, 55.700333,17.251347, 224.397812, 0.994549
5, 457,20,199.729446, 199.443787, 128.961365, 55.700333,17.251347, 224.397812, 1.001432
5, 457,21,94.133438, 93.831078, 128.961365, 55.700333,17.251347, 224.397812, 1.003222
5, 457,22,104.360710, 104.014267, 128.961365, 55.700333,17.251347, 224.397812, 1.003331
5, 457,23,132.800415, 132.838562, 128.961365, 55.700333,17.251347, 224.397812, 0.999713
5, 457,24,131.720108, 131.221115, 128.961365, 55.700333,17.251347, 224.397812, 1.003803
5, 457,25,85.795921, 86.303192, 128.961365, 55.700333,17.251347, 224.397812, 0.994122
5, 457,26,85.875191, 87.327583, 128.961365, 55.700333,17.251347, 224.397812, 0.983368
5, 457,27,120.980408, 120.000061, 128.961365, 55.700333,17.251347, 224.397812, 1.008170
5, 457,28,17.251347, 17.298742, 128.961365, 55.700333,17.251347, 224.397812, 0.997260
5, 457,29,142.860062, 142.253479, 128.961365, 55.700333,17.251347, 224.397812, 1.004264
5, 457,30,134.951752, 135.554535, 128.961365, 55.700333,17.251347, 224.397812, 0.995553
5, 457,31,148.137497, 147.031693, 128.961365, 55.700333,17.251347, 224.397812, 1.007521
5, 458,0,55.658249, 56.544830, 128.773682, 69.992180,16.635593, 236.078812, 0.984321
5, 458,1,236.078812, 236.098892, 128.773682, 69.992180,16.635593, 236.078812, 0.999915
5, 458,2,200.410889, 199.933868, 128.773682, 69.992180,16.635593, 236.078812, 1.002386
5, 458,3,225.427933, 226.193863, 128.773682, 69.992180,16.635593, 236.078812, 0.996614
5, 458,4,66.339729, 67.691635, 128.773682, 69.992180,16.635593, 236.078812, 0.980028
5, 458,5,206.513443, 205.814056, 128.773682, 69.992180,16.635593, 236.078812, 1.003398
5, 458,6,20.391516, 19.992676, 128.773682, 69.992180,16.635593, 236.078812, 1.019949
5, 458,7,208.853973, 208.188049, 128.773682, 69.992180,16.635593, 236.078812, 1.003199
5, 458,8,163.419006, 161.329132, 128.773682, 69.992180,16.635593, 236.078812, 1.012954
5, 458,9,158.112946, 159.963181, 128.773682, 69.992180,16.635593, 236.078812, 0.988433
5, 458,10,67.223297, 66.150360, 128.773682, 69.992180,16.635593, 236.078812, 1.016220
5, 458,11,177.734146, 177.910538, 128.773682, 69.992180,16.635593, 236.078812, 0.999009
5, 458,12,186.622559, 186.047852, 128.773682, 69.992180,16.635593, 236.078812, 1.003089
5, 458,13,227.307770, 226.602905, 128.773682, 69.992180,16.635593, 236.078812, 1.003111
5, 458,14,95.875763, 95.083832, 128.773682, 69.992180,16.635593, 236.078812, 1.008329
5, 458,15,82.639618, 83.834770, 128.773682, 69.992180,16.635593, 236.078812, 0.985744
5, 458,16,128.621414, 127.830292, 128.773682, 69.992180,16.635593, 236.078812, 1.006189
5, 458,17,115.947479, 115.953033, 128.773682, 69.992180,16.635593, 236.078812, 0.999952
5, 458,18,176.242050, 176.361969, 128.773682, 69.992180,16.635593, 236.078812, 0.999320
5, 458,19,81.478584, 81.972092, 128.773682, 69.992180,16.635593, 236.078812, 0.993980
5, 458,20,219.319977, 219.510162, 128.773682, 69.992180,16.635593, 236.078812, 0.999134
5, 458,21,19.976757, 18.823940, 128.773682, 69.992180,16.635593, 236.078812, 1.061242
5, 458,22,61.636169, 61.628822, 128.773682, 69.992180,16.635593, 236.078812, 1.000119
5, 458,23,64.010506, 64.828232, 128.773682, 69.992180,16.635593, 236.078812, 0.987386
5, 458,24,109.389534, 110.029015, 128.773682, 69.992180,16.635593, 236.078812, 0.994188
5, 458,25,16.991873, 17.048927, 128.773682, 69.992180,16.635593, 236.078812, 0.996653
5, 458,26,145.681808, 145.536621, 128.773682, 69.992180,16.635593, 236.078812, 1.000998
5, 458,27,159.419067, 159.408020, 128.773682, 69.992180,16.635593, 236.078812, 1.000069
5, 458,28,152.107590, 152.906952, 128.773682, 69.992180,16.635593, 236.078812, 0.994772
5, 458,29,77.494453, 77.742744, 128.773682, 69.992180,16.635593, 236.078812, 0.996806
5, 458,30,197.194809, 196.303497, 128.773682, 69.992180,16.635593, 236.078812, 1.004540
5, 458,31,16.635593, 17.735558, 128.773682, 69.992180,16.635593, 236.078812, 0.937980
5, 459,0,89.374664, 90.261162, 128.444504, 61.310070,16.178001, 235.624023, 0.990179
5, 459,1,181.359558, 182.235535, 128.444504, 61.310070,16.178001, 235.624023, 0.995193
5, 459,2,48.531460, 50.214352, 128.444504, 61.310070,16.178001, 235.624023, 0.966486
5, 459,3,104.839775, 104.263947, 128.444504, 61.310070,16.178001, 235.624023, 1.005523
5, 459,4,124.129593, 127.271500, 128.444504, 61.310070,16.178001, 235.624023, 0.975313
5, 459,5,80.841331, 81.200554, 128.444504, 61.310070,16.178001, 235.624023, 0.995576
5, 459,6,130.196030, 130.775665, 128.444504, 61.310070,16.178001, 235.624023, 0.995568
5, 459,7,194.702850, 192.901642, 128.444504, 61.310070,16.178001, 235.624023, 1.009337
5, 459,8,110.581207, 111.014038, 128.444504, 61.310070,16.178001, 235.624023, 0.996101
5, 459,9,235.624023, 233.821030, 128.444504, 61.310070,16.178001, 235.624023, 1.007711
5, 459,10,233.650238, 233.883850, 128.444504, 61.310070,16.178001, 235.624023, 0.999001
5, 459,11,156.401459, 157.922623, 128.444504, 61.310070,16.178001, 235.624023, 0.990368
5, 459,12,154.864822, 154.641830, 128.444504, 61.310070,16.178001, 235.624023, 1.001442
5, 459,13,57.813778, 60.398819, 128.444504, 61.310070,16.178001, 235.624023, 0.957200
5, 459,14,186.893723, 188.839035, 128.444504, 61.310070,16.178001, 235.624023, 0.989699
5, 459,15,178.550552, 179.143204, 128.444504, 61.310070,16.178001, 235.624023, 0.996692
5, 459,16,144.691986, 143.647629, 128.444504, 61.310070,16.178001, 235.624023, 1.007270
5, 459,17,117.213303, 116.333130, 128.444504, 61.310070,16.178001, 235.624023, 1.007566
5, 459,18,96.652824, 95.608192, 128.444504, 61.310070,16.178001, 235.624023, 1.010926
5, 459,19,34.018784, 33.642769, 128.444504, 61.310070,16.178001, 235.624023, 1.011177
5, 459,20,171.190948, 172.818893, 128.444504, 61.310070,16.178001, 235.624023, 0.990580
5, 459,21,121.817329, 123.613739, 128.444504, 61.310070,16.178001, 235.624023, 0.985468
5, 459,22,198.188721, 197.271408, 128.444504, 61.310070,16.178001, 235.624023, 1.004650
5, 459,23,192.070343, 193.132004, 128.444504, 61.310070,16.178001, 235.624023, 0.994503
5, 459,24,142.198563, 141.965332, 128.444504, 61.310070,16.178001, 235.624023, 1.001643
5, 459,25,213.154449, 212.258438, 128.444504, 61.310070,16.178001, 235.624023, 1.004221
5, 459,26,43.706314, 43.561985, 128.444504, 61.310070,16.178001, 235.624023, 1.003313
5, 459,27,16.178001, 16.045067, 128.444504, 61.310070,16.178001, 235.624023, 1.008285
5, 459,28,61.049789, 61.529652, 128.444504, 61.310070,16.178001, 235.624023, 0.992201
5, 459,29,32.515282, 32.121033, 128.444504, 61.310070,16.178001, 235.624023, 1.012274
5, 459,30,154.247833, 154.753510, 128.444504, 61.310070,16.178001, 235.624023, 0.996732
5, 459,31,102.974831, 103.907936, 128.444504, 61.310070,16.178001, 235.624023, 0.991020
5, 460,0,215.232925, 214.895325, 128.690247, 69.166206,13.603880, 234.060928, 1.001571
5, 460,1,115.499771, 115.388527, 128.690247, 69.166206,13.603880, 234.060928, 1.000964
5, 460,2,129.412201, 130.289383, 128.690247, 69.166206,13.603880, 234.060928, 0.993267
5, 460,3,221.741318, 220.087524, 128.690247, 69.166206,13.603880, 234.060928, 1.007514
5, 460,4,226.913834, 227.575867, 128.690247, 69.166206,13.603880, 234.060928, 0.997091
5, 460,5,158.938568, 157.670822, 128.690247, 69.166206,13.603880, 234.060928, 1.008040
5, 460,6,82.243423, 80.670441, 128.690247, 69.166206,13.603880, 234.060928, 1.019499
5, 460,7,85.723663, 86.510803, 128.690247, 69.166206,13.603880, 234.060928, 0.990901
5, 460,8,46.808491, 46.228168, 128.690247, 69.166206,13.603880, 234.060928, 1.012553
5, 460,9,183.609177, 183.652496, 128.690247, 69.166206,13.603880, 234.060928, 0.999764
5, 460,10,217.550186, 215.764145, 128.690247, 69.166206,13.603880, 234.060928, 1.008278
5, 460,11,127.393028, 128.144928, 128.690247, 69.166206,13.603880, 234.060928, 0.994132
5, 460,12,67.496277, 67.334839, 128.690247, 69.166206,13.603880, 234.060928, 1.002398
5, 460,13,192.311996, 192.892258, 128.690247, 69.166206,13.603880, 234.060928, 0.996992
5, 460,14,19.599279, 20.267176, 128.690247, 69.166206,13.603880, 234.060928, 0.967045
5, 460,15,164.666550, 164.635117, 128.690247, 69.166206,13.603880, 234.060928, 1.000191
5, 460,16,23.059673, 23.177013, 128.690247, 69.166206,13.603880, 234.060928, 0.994937
5, 460,17,137.366058, 138.687912, 128.690247, 69.166206,13.603880, 234.060928, 0.990469
5, 460,18,38.827602, 37.257317, 128.690247, 69.166206,13.603880, 234.060928, 1.042147
5, 460,19,181.797821, 181.990707, 128.690247, 69.166206,13.603880, 234.060928, 0.998940
5, 460,20,193.831436, 193.685226, 128.690247, 69.166206,13.603880, 234.060928, 1.000755
5, 460,21,162.669876, 161.932144, 128.690247, 69.166206,13.603880, 234.060928, 1.004556
5, 460,22,178.096359, 178.287903, 128.690247, 69.166206,13.603880, 234.060928, 0.998926
5, 460,23,234.060928, 233.892014, 128.690247, 69.166206,13.603880, 234.060928, 1.000722
5, 460,24,34.100937, 36.236809, 128.690247, 69.166206,13.603880, 234.060928, 0.941058
5, 460,25,208.445236, 211.013245, 128.690247, 69.166206,13.603880, 234.060928, 0.987830
5, 460,26,101.731621, 100.894501, 128.690247, 69.166206,13.603880, 234.060928, 1.008297
5, 460,27,13.603880, 15.061187, 128.690247, 69.166206,13.603880, 234.060928, 0.903241
5, 460,28,57.598427, 58.550159, 128.690247, 69.166206,13.603880, 234.060928, 0.983745
5, 460,29,101.200371, 100.046379, 128.690247, 69.166206,13.603880, 234.060928, 1.011535
5, 460,30,78.302826, 79.146568, 128.690247, 69.166206,13.603880, 234.060928, 0.989339
5, 460,31,118.254318, 119.132706, 128.690247, 69.166206,13.603880, 234.060928, 0.992627
5, 461,0,218.846191, 218.995392, 128.920517, 64.513893,20.417210, 234.003418, 0.999319
5, 461,1,39.997993, 40.369492, 128.920517, 64.513893,20.417210, 234.003418, 0.990798
5, 461,2,226.543350, 226.685608, 128.920517, 64.513893,20.417210, 234.003418, 0.999372
5, 461,3,102.586227, 101.527321, 128.920517, 64.513893,20.417210, 234.003418, 1.010430
5, 461,4,234.003418, 232.844650, 128.920517, 64.513893,20.417210, 234.003418, 1.004977
5, 461,5,211.891647, 212.238983, 128.920517, 64.513893,20.417210, 234.003418, 0.998363
5, 461,6,119.646065, 118.947029, 128.920517, 64.513893,20.417210, 234.003418, 1.005877
5, 461,7,106.830292, 106.862411, 128.920517, 64.513893,20.417210, 234.003418, 0.999699
5, 461,8,28.032097, 28.353527, 128.920517, 64.513893,20.417210, 234.003418, 0.988663
5, 461,9,92.287361, 92.587440, 128.920517, 64.513893,20.417210, 234.003418, 0.996759
5, 461,10,47.807106, 48.066578, 128.920517, 64.513893,20.417210, 234.003418, 0.994602
5, 461,11,47.012367, 46.748253, 128.920517, 64.513893,20.417210, 234.003418, 1.005650
5, 461,12,88.142899, 88.728600, 128.920517, 64.513893,20.417210, 234.003418, 0.993399
5, 461,13,161.657944, 161.078445, 128.920517, 64.513893,20.417210, 234.003418, 1.003598
5, 461,14,99.670326, 99.625366, 128.920517, 64.513893,20.417210, 234.003418, 1.000451
5, 461,15,152.804001, 153.244019, 128.920517, 64.513893,20.417210, 234.003418, 0.997129
5, 461,16,164.103806, 163.927933, 128.920517, 64.513893,20.417210, 234.003418, 1.001073
5, 461,17,166.630661, 166.894150, 128.920517, 64.513893,20.417210, 234.003418, 0.998421
5, 461,18,90.649666, 91.488838, 128.920517, 64.513893,20.417210, 234.003418, 0.990828
5, 461,19,65.401947, 64.058105, 128.920517, 64.513893,20.417210, 234.003418, 1.020978
5, 461,20,130.726013, 129.370026, 128.920517, 64.513893,20.417210, 234.003418, 1.010481
5, 461,21,180.214142, 180.674759, 128.920517, 64.513893,20.417210, 234.003418, 0.997451
5, 461,22,159.325531, 158.537918, 128.920517, 64.513893,20.417210, 234.003418, 1.004968
5, 461,23,20.417210, 21.507862, 128.920517, 64.513893,20.417210, 234.003418, 0.949291
5, 461,24,129.724838, 129.644684, 128.920517, 64.513893,20.417210, 234.003418, 1.000618
5, 461,25,190.007889, 191.495987, 128.920517, 64.513893,20.417210, 234.003418, 0.992229
5, 461,26,76.956497, 77.509117, 128.920517, 64.513893,20.417210, 234.003418, 0.992870
5, 461,27,227.710663, 226.211823, 128.920517, 64.513893,20.417210, 234.003418, 1.006626
5, 461,28,184.472504, 183.071075, 128.920517, 64.513893,20.417210, 234.003418, 1.007655
5, 461,29,197.030869, 196.384781, 128.920517, 64.513893,20.417210, 234.003418, 1.003290
5, 461,30,40.001144, 38.858917, 128.920517, 64.513893,20.417210, 234.003418, 1.029394
5, 461,31,124.324028, 124.460640, 128.920517, 64.513893,20.417210, 234.003418, 0.998902
5, 462,0,218.694580, 218.434082, 128.852020, 62.149261,30.042122, 243.440613, 1.001193
5, 462,1,148.730606, 148.169846, 128.852020, 62.149261,30.042122, 243.440613, 1.003785
5, 462,2,61.612778, 62.460518, 128.852020, 62.149261,30.042122, 243.440613, 0.986428
5, 462,3,202.839218, 203.153320, 128.852020, 62.149261,30.042122, 243.440613, 0.998454
5, 462,4,221.357315, 220.806931, 128.852020, 62.149261,30.042122, 243.440613, 1.002493
5, 462,5,99.159607, 99.547394, 128.852020, 62.149261,30.042122, 243.440613, 0.996104
5, 462,6,77.128014, 77.140884, 128.852020, 62.149261,30.042122, 243.440613, 0.999833
5, 462,7,149.445465, 148.698746, 128.852020, 62.149261,30.042122, 243.440613, 1.005022
5, 462,8,222.416489, 221.900452, 128.852020, 62.149261,30.042122, 243.440613, 1.002326
5, 462,9,227.175735, 226.781998, 128.852020, 62.149261,30.042122, 243.440613, 1.001736
5, 462,10,139.755127, 138.699799, 128.852020, 62.149261,30.042122, 243.440613, 1.007609
5, 462,11,111.372833, 111.304543, 128.852020, 62.149261,30.042122, 243.440613, 1.000614
5, 462,12,146.014343, 145.210907, 128.852020, 62.149261,30.042122, 243.440613, 1.005533
5, 462,13,30.042122, 30.376694, 128.852020, 62.149261,30.042122, 243.440613, 0.988986
5, 462,14,68.358818, 68.328377, 128.852020, 62.149261,30.042122, 243.440613, 1.000445
5, 462,15,156.872375, 155.417114, 128.852020, 62.149261,30.042122, 243.440613, 1.009364
5, 462,16,159.023666, 159.369537, 128.852020, 62.149261,30.042122, 243.440613, 0.997830
5, 462,17,141.778122, 143.524170, 128.852020, 62.149261,30.042122, 243.440613, 0.987834
5, 462,18,53.094574, 52.876110, 128.852020, 62.149261,30.042122, 243.440613, 1.004132
5, 462,19,136.044037, 135.962402, 128.852020, 62.149261,30.042122, 243.440613, 1.000600
5, 462,20,38.418831, 38.717484, 128.852020, 62.149261,30.042122, 243.440613, 0.992286
5, 462,21,64.735619, 64.111526, 128.852020, 62.149261,30.042122, 243.440613, 1.009735
5, 462,22,100.639297, 100.733826, 128.852020, 62.149261,30.042122, 243.440613, 0.999062
5, 462,23,189.962708, 188.887497, 128.852020, 62.149261,30.042122, 243.440613, 1.005692
5, 462,24,179.157196, 180.146469, 128.852020, 62.149261,30.042122, 243.440613, 0.994509
5, 462,25,51.427143, 51.568172, 128.852020, 62.149261,30.042122, 243.440613, 0.997265
5, 462,26,118.383804, 118.501778, 128.852020, 62.149261,30.042122, 243.440613, 0.999004
5, 462,27,61.098049, 62.060272, 128.852020, 62.149261,30.042122, 243.440613, 0.984495
5, 462,28,243.440613, 243.713745, 128.852020, 62.149261,30.042122, 243.440613, 0.998879
5, 462,29,81.159950, 82.015282, 128.852020, 62.149261,30.042122, 243.440613, 0.989571
5, 462,30,147.320892, 147.269302, 128.852020, 62.149261,30.042122, 243.440613, 1.000350
5, 462,31,76.604393, 75.111084, 128.852020, 62.149261,30.042122, 243.440613, 1.019881
5, 463,0,175.624985, 177.050262, 128.746384, 70.685730,13.278589, 239.259064, 0.991950
5, 463,1,121.028816, 120.790482, 128.746384, 70.685730,13.278589, 239.259064, 1.001973
5, 463,2,191.742218, 191.576019, 128.746384, 70.685730,13.278589, 239.259064, 1.000867
5, 463,3,59.428772, 59.069252, 128.746384, 70.685730,13.278589, 239.259064, 1.006086
5, 463,4,235.489532, 235.419968, 128.746384, 70.685730,13.278589, 239.259064, 1.000296
5, 463,5,188.967957, 189.846954, 128.746384, 70.685730,13.278589, 239.259064, 0.995370
5, 463,6,38.806202, 40.156036, 128.746384, 70.685730,13.278589, 239.259064, 0.966385
5, 463,7,227.318665, 227.597214, 128.746384, 70.685730,13.278589, 239.259064, 0.998776
5, 463,8,194.962509, 193.632660, 128.746384, 70.685730,13.278589, 239.259064, 1.006868
5, 463,9,104.278107, 104.124298, 128.746384, 70.685730,13.278589, 239.259064, 1.001477
5, 463,10,133.542633, 135.560013, 128.746384, 70.685730,13.278589, 239.259064, 0.985118
5, 463,11,67.225517, 66.488297, 128.746384, 70.685730,13.278589, 239.259064, 1.011088
5, 463,12,134.708511, 134.493607, 128.746384, 70.685730,13.278589, 239.259064, 1.001598
5, 463,13,164.406982, 164.184998, 128.746384, 70.685730,13.278589, 239.259064, 1.001352
5, 463,14,49.499046, 50.500031, 128.746384, 70.685730,13.278589, 239.259064, 0.980179
5, 463,15,58.431652, 58.193283, 128.746384, 70.685730,13.278589, 239.259064, 1.004096
5, 463,16,133.910797, 135.186768, 128.746384, 70.685730,13.278589, 239.259064, 0.990561
5, 463,17,182.241806, 182.504089, 128.746384, 70.685730,13.278589, 239.259064, 0.998563
5, 463,18,91.299202, 90.824875, 128.746384, 70.685730,13.278589, 239.259064, 1.005222
5, 463,19,179.983612, 180.356064, 128.746384, 70.685730,13.278589, 239.259064, 0.997935
5, 463,20,197.951416, 198.065781, 128.746384, 70.685730,13.278589, 239.259064, 0.999423
5, 463,21,220.790634, 221.381683, 128.746384, 70.685730,13.278589, 239.259064, 0.997330
5, 463,22,235.390854, 235.937912, 128.746384, 70.685730,13.278589, 239.259064, 0.997681
5, 463,23,121.551720, 120.478172, 128.746384, 70.685730,13.278589, 239.259064, 1.008911
5, 463,24,13.278589, 12.269891, 128.746384, 70.685730,13.278589, 239.259064, 1.082209
5, 463,25,92.288605, 91.274277, 128.746384, 70.685730,13.278589, 239.259064, 1.011113
5, 463,26,53.864670, 52.808006, 128.746384, 70.685730,13.278589, 239.259064, 1.020010
5, 463,27,65.680428, 64.347885, 128.746384, 70.685730,13.278589, 239.259064, 1.020708
5, 463,28,239.259064, 238.840027, 128.746384, 70.685730,13.278589, 239.259064, 1.001755
5, 463,29,19.390219, 19.521355, 128.746384, 70.685730,13.278589, 239.259064, 0.993282
5, 463,30,88.735962, 90.474480, 128.746384, 70.685730,13.278589, 239.259064, 0.980784
5, 463,31,38.804691, 38.046101, 128.746384, 70.685730,13.278589, 239.259064, 1.019939
5, 464,0,156.834259, 156.880173, 128.444168, 67.883591,33.425251, 258.449799, 0.999707
5, 464,1,33.425251, 34.086300, 128.444168, 67.883591,33.425251, 258.449799, 0.980607
5, 464,2,153.252365, 154.217438, 128.444168, 67.883591,33.425251, 258.449799, 0.993742
5, 464,3,160.199722, 160.711884, 128.444168, 67.883591,33.425251, 258.449799, 0.996813
5, 464,4,41.922195, 41.116547, 128.444168, 67.883591,33.425251, 258.449799, 1.019594
5, 464,5,228.500717, 225.770050, 128.444168, 67.883591,33.425251, 258.449799, 1.012095
5, 464,6,153.398972, 154.582733, 128.444168, 67.883591,33.425251, 258.449799, 0.992342
5, 464,7,236.429291, 235.730927, 128.444168, 67.883591,33.425251, 258.449799, 1.002963
5, 464,8,34.074905, 32.949768, 128.444168, 67.883591,33.425251, 258.449799, 1.034147
5, 464,9,124.891937, 125.877266, 128.444168, 67.883591,33.425251, 258.449799, 0.992172
5, 464,10,44.283779, 46.555645, 128.444168, 67.883591,33.425251, 258.449799, 0.951201
5, 464,11,134.625046, 135.448456, 128.444168, 67.883591,33.425251, 258.449799, 0.993921
5, 464,12,164.365005, 165.144348, 128.444168, 67.883591,33.425251, 258.449799, 0.995281
5, 464,13,38.800800, 38.396992, 128.444168, 67.883591,33.425251, 258.449799, 1.010517
5, 464,14,239.626358, 238.474838, 128.444168, 67.883591,33.425251, 258.449799, 1.004829
5, 464,15,127.962227, 127.127449, 128.444168, 67.883591,33.425251, 258.449799, 1.006566
5, 464,16,78.945274, 80.213142, 128.444168, 67.883591,33.425251, 258.449799, 0.984194
5, 464,17,100.665245, 101.701668, 128.444168, 67.883591,33.425251, 258.449799, 0.989809
5, 464,18,56.944950, 58.180721, 128.444168, 67.883591,33.425251, 258.449799, 0.978760
5, 464,19,204.472717, 205.280060, 128.444168, 67.883591,33.425251, 258.449799, 0.996067
5, 464,20,141.037415, 141.325958, 128.444168, 67.883591,33.425251, 258.449799, 0.997958
5, 464,21,182.159058, 181.429184, 128.444168, 67.883591,33.425251, 258.449799, 1.004023
5, 464,22,102.699547, 102.732658, 128.444168, 67.883591,33.425251, 258.449799, 0.999678
5, 464,23,258.449799, 258.071838, 128.444168, 67.883591,33.425251, 258.449799, 1.001465
5, 464,24,35.880325, 35.190357, 128.444168, 67.883591,33.425251, 258.449799, 1.019607
5, 464,25,103.484261, 104.656639, 128.444168, 67.883591,33.425251, 258.449799, 0.988798
5, 464,26,104.672188, 105.906822, 128.444168, 67.883591,33.425251, 258.449799, 0.988342
5, 464,27,111.691643, 113.716400, 128.444168, 67.883591,33.425251, 258.449799, 0.982195
5, 464,28,128.387314, 129.205673, 128.444168, 67.883591,33.425251, 258.449799, 0.993666
5, 464,29,141.806564, 144.086090, 128.444168, 67.883591,33.425251, 258.449799, 0.984179
5, 464,30,46.943756, 46.239044, 128.444168, 67.883591,33.425251, 258.449799, 1.015241
5, 464,31,239.380386, 239.992920, 128.444168, 67.883591,33.425251, 258.449799, 0.997448
5, 465,0,64.348717, 65.360580, 128.956055, 72.507339,13.188348, 246.280334, 0.984519
5, 465,1,180.868820, 179.515625, 128.956055, 72.507339,13.188348, 246.280334, 1.007538
5, 465,2,104.649490, 104.454170, 128.956055, 72.507339,13.188348, 246.280334, 1.001870
5, 465,3,13.908041, 12.414000, 128.956055, 72.507339,13.188348, 246.280334, 1.120351
5, 465,4,147.057663, 145.910400, 128.956055, 72.507339,13.188348, 246.280334, 1.007863
5, 465,5,210.735092, 210.288635, 128.956055, 72.507339,13.188348, 246.280334, 1.002123
5, 465,6,74.164749, 74.414909, 128.956055, 72.507339,13.188348, 246.280334, 0.996638
5, 465,7,162.272690, 162.236084, 128.956055, 72.507339,13.188348, 246.280334, 1.000226
5, 465,8,220.636490, 220.318832, 128.956055, 72.507339,13.188348, 246.280334, 1.001442
5, 465,9,154.653503, 153.416534, 128.956055, 72.507339,13.188348, 246.280334, 1.008063
5, 465,10,62.816677, 62.080765, 128.956055, 72.507339,13.188348, 246.280334, 1.011854
5, 465,11,40.930183, 40.450150, 128.956055, 72.507339,13.188348, 246.280334, 1.011867
5, 465,12,61.187832, 59.505344, 128.956055, 72.507339,13.188348, 246.280334, 1.028275
5, 465,13,171.779068, 173.073395, 128.956055, 72.507339,13.188348, 246.280334, 0.992522
5, 465,14,63.595013, 61.978043, 128.956055, 72.507339,13.188348, 246.280334, 1.026089
5, 465,15,246.280334, 245.867599, 128.956055, 72.507339,13.188348, 246.280334, 1.001679
5, 465,16,86.599403, 86.881126, 128.956055, 72.507339,13.188348, 246.280334, 0.996757
5, 465,17,153.315140, 153.453217, 128.956055, 72.507339,13.188348, 246.280334, 0.999100
5, 465,18,202.750427, 204.271973, 128.956055, 72.507339,13.188348, 246.280334, 0.992551
5, 465,19,198.811264, 198.416718, 128.956055, 72.507339,13.188348, 246.280334, 1.001989
5, 465,20,86.616119, 86.954506, 128.956055, 72.507339,13.188348, 246.280334, 0.996108
5, 465,21,237.218842, 236.791260, 128.956055, 72.507339,13.188348, 246.280334, 1.001806
5, 465,22,13.188348, 12.120504, 128.956055, 72.507339,13.188348, 246.280334, 1.088102
5, 465,23,154.967087, 156.615631, 128.956055, 72.507339,13.188348, 246.280334, 0.989474
5, 465,24,35.063400, 35.159897, 128.956055, 72.507339,13.188348, 246.280334, 0.997256
5, 465,25,48.169727, 47.039127, 128.956055, 72.507339,13.188348, 246.280334, 1.024035
5, 465,26,159.696838, 159.645996, 128.956055, 72.507339,13.188348, 246.280334, 1.000319
5, 465,27,61.187897, 61.141579, 128.956055, 72.507339,13.188348, 246.280334, 1.000758
5, 465,28,111.252480, 111.006454, 128.956055, 72.507339,13.188348, 246.280334, 1.002216
5, 465,29,121.617020, 123.025085, 128.956055, 72.507339,13.188348, 246.280334, 0.988555
5, 465,30,245.617676, 246.307846, 128.956055, 72.507339,13.188348, 246.280334, 0.997198
5, 465,31,230.638031, 230.884659, 128.956055, 72.507339,13.188348, 246.280334, 0.998932
5, 466,0,210.199982, 210.593292, 129.073013, 73.960625,39.644829, 257.217102, 0.998132
5, 466,1,72.500816, 70.970764, 129.073013, 73.960625,39.644829, 257.217102, 1.021559
5, 466,2,174.360016, 175.353516, 129.073013, 73.960625,39.644829, 257.217102, 0.994334
5, 466,3,168.781403, 168.609528, 129.073013, 73.960625,39.644829, 257.217102, 1.001019
5, 466,4,53.458229, 54.549984, 129.073013, 73.960625,39.644829, 257.217102, 0.979986
5, 466,5,71.568954, 71.688705, 129.073013, 73.960625,39.644829, 257.217102, 0.998330
5, 466,6,50.905796, 50.891586, 129.073013, 73.960625,39.644829, 257.217102, 1.000279
5, 466,7,229.456863, 227.098114, 129.073013, 73.960625,39.644829, 257.217102, 1.010386
5, 466,8,115.333534, 116.498360, 129.073013, 73.960625,39.644829, 257.217102, 0.990001
5, 466,9,42.904591, 44.132328, 129.073013, 73.960625,39.644829, 257.217102, 0.972181
5, 466,10,49.773697, 50.227112, 129.073013, 73.960625,39.644829, 257.217102, 0.990973
5, 466,11,54.899864, 55.290829, 129.073013, 73.960625,39.644829, 257.217102, 0.992929
5, 466,12,176.040329, 172.260300, 129.073013, 73.960625,39.644829, 257.217102, 1.021944
5, 466,13,195.618515, 194.653687, 129.073013, 73.960625,39.644829, 257.217102, 1.004957
5, 466,14,77.658768, 76.958626, 129.073013, 73.960625,39.644829, 257.217102, 1.009098
5, 466,15,251.334534, 251.477234, 129.073013, 73.960625,39.644829, 257.217102, 0.999433
5, 466,16,128.999069, 127.626312, 129.073013, 73.960625,39.644829, 257.217102, 1.010756
5, 466,17,84.683418, 83.526947, 129.073013, 73.960625,39.644829, 257.217102, 1.013845
5, 466,18,237.233597, 238.661407, 129.073013, 73.960625,39.644829, 257.217102, 0.994017
5, 466,19,248.657898, 248.636063, 129.073013, 73.960625,39.644829, 257.217102, 1.000088
5, 466,20,39.644829, 38.946415, 129.073013, 73.960625,39.644829, 257.217102, 1.017933
5, 466,21,95.273880, 96.144218, 129.073013, 73.960625,39.644829, 257.217102, 0.990948
5, 466,22,92.963387, 93.448151, 129.073013, 73.960625,39.644829, 257.217102, 0.994812
5, 466,23,105.288284, 105.568993, 129.073013, 73.960625,39.644829, 257.217102, 0.997341
5, 466,24,152.475510, 151.768692, 129.073013, 73.960625,39.644829, 257.217102, 1.004657
5, 466,25,106.323448, 106.997215, 129.073013, 73.960625,39.644829, 257.217102, 0.993703
5, 466,26,61.682262, 61.408527, 129.073013, 73.960625,39.644829, 257.217102, 1.004458
5, 466,27,57.216805, 57.864693, 129.073013, 73.960625,39.644829, 257.217102, 0.988803
5, 466,28,153.031342, 152.005463, 129.073013, 73.960625,39.644829, 257.217102, 1.006749
5, 466,29,254.824295, 255.861206, 129.073013, 73.960625,39.644829, 257.217102, 0.995947
5, 466,30,257.217102, 253.730347, 129.073013, 73.960625,39.644829, 257.217102, 1.013742
5, 466,31,60.025200, 57.551552, 129.073013, 73.960625,39.644829, 257.217102, 1.042981
5, 467,0,196.507690, 194.980682, 129.000870, 71.978668,12.045137, 243.825424, 1.007832
5, 467,1,117.039497, 116.627998, 129.000870, 71.978668,12.045137, 243.825424, 1.003528
5, 467,2,102.376877, 102.017502, 129.000870, 71.978668,12.045137, 243.825424, 1.003523
5, 467,3,148.787186, 148.275513, 129.000870, 71.978668,12.045137, 243.825424, 1.003451
5, 467,4,201.220261, 200.090332, 129.000870, 71.978668,12.045137, 243.825424, 1.005647
5, 467,5,199.143005, 200.478882, 129.000870, 71.978668,12.045137, 243.825424, 0.993337
5, 467,6,70.046555, 71.388992, 129.000870, 71.978668,12.045137, 243.825424, 0.981195
5, 467,7,182.952194, 184.035660, 129.000870, 71.978668,12.045137, 243.825424, 0.994113
5, 467,8,123.471695, 122.756630, 129.000870, 71.978668,12.045137, 243.825424, 1.005825
5, 467,9,37.160500, 37.175659, 129.000870, 71.978668,12.045137, 243.825424, 0.999592
5, 467,10,21.467613, 21.113651, 129.000870, 71.978668,12.045137, 243.825424, 1.016765
5, 467,11,167.179031, 167.423828, 129.000870, 71.978668,12.045137, 243.825424, 0.998538
5, 467,12,34.454605, 33.598179, 129.000870, 71.978668,12.045137, 243.825424, 1.025490
5, 467,13,243.825424, 243.540604, 129.000870, 71.978668,12.045137, 243.825424, 1.001169
5, 467,14,58.729259, 58.691864, 129.000870, 71.978668,12.045137, 243.825424, 1.000637
5, 467,15,28.286329, 27.476875, 129.000870, 71.978668,12.045137, 243.825424, 1.029459
5, 467,16,232.889847, 231.466599, 129.000870, 71.978668,12.045137, 243.825424, 1.006149
5, 467,17,25.239697, 25.460876, 129.000870, 71.978668,12.045137, 243.825424, 0.991313
5, 467,18,217.852325, 217.449905, 129.000870, 71.978668,12.045137, 243.825424, 1.001851
5, 467,19,105.544785, 105.419044, 129.000870, 71.978668,12.045137, 243.825424, 1.001193
5, 467,20,171.305725, 170.898682, 129.000870, 71.978668,12.045137, 243.825424, 1.002382
5, 467,21,186.629715, 185.201263, 129.000870, 71.978668,12.045137, 243.825424, 1.007713
5, 467,22,232.564407, 232.478256, 129.000870, 71.978668,12.045137, 243.825424, 1.000371
5, 467,23,175.239914, 175.143280, 129.000870, 71.978668,12.045137, 243.825424, 1.000552
5, 467,24,109.920799, 109.465698, 129.000870, 71.978668,12.045137, 243.825424, 1.004157
5, 467,25,132.162781, 131.267792, 129.000870, 71.978668,12.045137, 243.825424, 1.006818
5, 467,26,12.045137, 13.386877, 129.000870, 71.978668,12.045137, 243.825424, 0.899772
5, 467,27,217.239380, 217.054047, 129.000870, 71.978668,12.045137, 243.825424, 1.000854
5, 467,28,137.535004, 137.535736, 129.000870, 71.978668,12.045137, 243.825424, 0.999995
5, 467,29,99.595901, 98.476677, 129.000870, 71.978668,12.045137, 243.825424, 1.011365
5, 467,30,100.078659, 100.595306, 129.000870, 71.978668,12.045137, 243.825424, 0.994864
5, 467,31,39.536320, 40.027382, 129.000870, 71.978668,12.045137, 243.825424, 0.987732
5, 468,0,20.155350, 20.913227, 128.689651, 61.001091,10.464431, 241.576492, 0.963761
5, 468,1,203.882523, 204.508850, 128.689651, 61.001091,10.464431, 241.576492, 0.996937
5, 468,2,68.751701, 69.799591, 128.689651, 61.001091,10.464431, 241.576492, 0.984987
5, 468,3,10.464431, 11.144593, 128.689651, 61.001091,10.464431, 241.576492, 0.938969
5, 468,4,45.388008, 44.827305, 128.689651, 61.001091,10.464431, 241.576492, 1.012508
5, 468,5,127.441818, 126.784492, 128.689651, 61.001091,10.464431, 241.576492, 1.005185
5, 468,6,182.563431, 181.329041, 128.689651, 61.001091,10.464431, 241.576492, 1.006807
5, 468,7,224.833740, 224.334061, 128.689651, 61.001091,10.464431, 241.576492, 1.002227
5, 468,8,43.345928, 43.790691, 128.689651, 61.001091,10.464431, 241.576492, 0.989843
5, 468,9,96.099388, 96.298012, 128.689651, 61.001091,10.464431, 241.576492, 0.997937
5, 468,10,152.726715, 152.901367, 128.689651, 61.001091,10.464431, 241.576492, 0.998858
5, 468,11,152.496506, 151.936752, 128.689651, 61.001091,10.464431, 241.576492, 1.003684
5, 468,12,162.915161, 163.245911, 128.689651, 61.001091,10.464431, 241.576492, 0.997974
5, 468,13,92.519447, 92.417908, 128.689651, 61.001091,10.464431, 241.576492, 1.001099
5, 468,14,96.045174, 96.708328, 128.689651, 61.001091,10.464431, 241.576492, 0.993143
5, 468,15,132.348419, 131.917175, 128.689651, 61.001091,10.464431, 241.576492, 1.003269
5, 468,16,77.767891, 78.193275, 128.689651, 61.001091,10.464431, 241.576492, 0.994560
5, 468,17,84.400879, 84.945648, 128.689651, 61.001091,10.464431, 241.576492, 0.993587
5, 468,18,170.907562, 170.286224, 128.689651, 61.001091,10.464431, 241.576492, 1.003649
5, 468,19,81.385582, 80.662430, 128.689651, 61.001091,10.464431, 241.576492, 1.008965
5, 468,20,169.974335, 169.933487, 128.689651, 61.001091,10.464431, 241.576492, 1.000240
5, 468,21,71.170746, 71.800827, 128.689651, 61.001091,10.464431, 241.576492, 0.991225
5, 468,22,138.040176, 139.029480, 128.689651, 61.001091,10.464431, 241.576492, 0.992884
5, 468,23,127.284744, 127.130028, 128.689651, 61.001091,10.464431, 241.576492, 1.001217
5, 468,24,241.576492, 242.942703, 128.689651, 61.001091,10.464431, 241.576492, 0.994376
5, 468,25,183.846786, 183.517441, 128.689651, 61.001091,10.464431, 241.576492, 1.001795
5, 468,26,154.843246, 153.707626, 128.689651, 61.001091,10.464431, 241.576492, 1.007388
5, 468,27,195.900223, 196.907028, 128.689651, 61.001091,10.464431, 241.576492, 0.994887
5, 468,28,211.067963, 212.333832, 128.689651, 61.001091,10.464431, 241.576492, 0.994038
5, 468,29,66.596977, 65.804321, 128.689651, 61.001091,10.464431, 241.576492, 1.012046
5, 468,30,156.276382, 155.471313, 128.689651, 61.001091,10.464431, 241.576492, 1.005178
5, 468,31,175.051926, 175.476501, 128.689651, 61.001091,10.464431, 241.576492, 0.997580
5, 469,0,279.936920, 277.423035, 128.909286, 87.331207,9.762260, 289.528809, 1.009062
5, 469,1,203.299255, 203.684753, 128.909286, 87.331207,9.762260, 289.528809, 0.998107
5, 469,2,186.517899, 185.644501, 128.909286, 87.331207,9.762260, 289.528809, 1.004705
5, 469,3,42.908398, 44.416946, 128.909286, 87.331207,9.762260, 289.528809, 0.966037
5, 469,4,264.494049, 262.968445, 128.909286, 87.331207,9.762260, 289.528809, 1.005801
5, 469,5,194.314926, 195.530869, 128.909286, 87.331207,9.762260, 289.528809, 0.993781
5, 469,6,269.263428, 268.105560, 128.909286, 87.331207,9.762260, 289.528809, 1.004319
5, 469,7,195.383240, 195.134384, 128.909286, 87.331207,9.762260, 289.528809, 1.001275
5, 469,8,289.528809, 289.705566, 128.909286, 87.331207,9.762260, 289.528809, 0.999390
5, 469,9,156.022049, 155.425171, 128.909286, 87.331207,9.762260, 289.528809, 1.003840
5, 469,10,74.205605, 74.472519, 128.909286, 87.331207,9.762260, 289.528809, 0.996416
5, 469,11,41.182880, 39.202259, 128.909286, 87.331207,9.762260, 289.528809, 1.050523
5, 469,12,96.448532, 95.512283, 128.909286, 87.331207,9.762260, 289.528809, 1.009802
5, 469,13,43.118069, 43.520538, 128.909286, 87.331207,9.762260, 289.528809, 0.990752
5, 469,14,85.523972, 84.677795, 128.909286, 87.331207,9.762260, 289.528809, 1.009993
5, 469,15,20.174030, 21.446457, 128.909286, 87.331207,9.762260, 289.528809, 0.940670
5, 469,16,174.481323, 176.999329, 128.909286, 87.331207,9.762260, 289.528809, 0.985774
5, 469,17,79.652443, 79.075233, 128.909286, 87.331207,9.762260, 289.528809, 1.007300
5, 469,18,22.489824, 21.127542, 128.909286, 87.331207,9.762260, 289.528809, 1.064479
5, 469,19,259.527130, 257.598572, 128.909286, 87.331207,9.762260, 289.528809, 1.007487
5, 469,20,216.828598, 219.596024, 128.909286, 87.331207,9.762260, 289.528809, 0.987398
5, 469,21,118.708290, 119.232651, 128.909286, 87.331207,9.762260, 289.528809, 0.995602
5, 469,22,40.775913, 41.701859, 128.909286, 87.331207,9.762260, 289.528809, 0.977796
5, 469,23,98.404610, 97.658493, 128.909286, 87.331207,9.762260, 289.528809, 1.007640
5, 469,24,20.386137, 19.351963, 128.909286, 87.331207,9.762260, 289.528809, 1.053440
5, 469,25,37.022633, 35.659718, 128.909286, 87.331207,9.762260, 289.528809, 1.038220
5, 469,26,68.937927, 68.706192, 128.909286, 87.331207,9.762260, 289.528809, 1.003373
5, 469,27,172.212814, 174.215302, 128.909286, 87.331207,9.762260, 289.528809, 0.988506
5, 469,28,9.762260, 10.362011, 128.909286, 87.331207,9.762260, 289.528809, 0.942120
5, 469,29,143.960510, 144.728592, 128.909286, 87.331207,9.762260, 289.528809, 0.994693
5, 469,30,87.622406, 87.073959, 128.909286, 87.331207,9.762260, 289.528809, 1.006299
5, 469,31,132.002579, 131.041107, 128.909286, 87.331207,9.762260, 289.528809, 1.007337
5, 470,0,53.084751, 52.878506, 128.904709, 65.626884,26.822618, 223.950699, 1.003900
5, 470,1,33.820267, 33.960335, 128.904709, 65.626884,26.822618, 223.950699, 0.995876
5, 470,2,116.822533, 118.897148, 128.904709, 65.626884,26.822618, 223.950699, 0.982551
5, 470,3,45.532463, 44.885002, 128.904709, 65.626884,26.822618, 223.950699, 1.014425
5, 470,4,138.413818, 140.047318, 128.904709, 65.626884,26.822618, 223.950699, 0.988336
5, 470,5,200.452881, 200.237244, 128.904709, 65.626884,26.822618, 223.950699, 1.001077
5, 470,6,78.563896, 78.828812, 128.904709, 65.626884,26.822618, 223.950699, 0.996639
5, 470,7,171.512146, 171.221298, 128.904709, 65.626884,26.822618, 223.950699, 1.001699
5, 470,8,221.201645, 221.508423, 128.904709, 65.626884,26.822618, 223.950699, 0.998615
5, 470,9,222.427933, 221.898331, 128.904709, 65.626884,26.822618, 223.950699, 1.002387
5, 470,10,221.234756, 221.239502, 128.904709, 65.626884,26.822618, 223.950699, 0.999979
5, 470,11,70.405182, 70.552940, 128.904709, 65.626884,26.822618, 223.950699, 0.997906
5, 470,12,223.950699, 222.389114, 128.904709, 65.626884,26.822618, 223.950699, 1.007022
5, 470,13,191.432495, 188.566330, 128.904709, 65.626884,26.822618, 223.950699, 1.015200
5, 470,14,130.443085, 131.515991, 128.904709, 65.626884,26.822618, 223.950699, 0.991842
5, 470,15,214.079697, 212.338409, 128.904709, 65.626884,26.822618, 223.950699, 1.008201
5, 470,16,66.272903, 66.062073, 128.904709, 65.626884,26.822618, 223.950699, 1.003191
5, 470,17,189.328674, 189.944504, 128.904709, 65.626884,26.822618, 223.950699, 0.996758
5, 470,18,71.071266, 71.131119, 128.904709, 65.626884,26.822618, 223.950699, 0.999159
5, 470,19,94.550560, 92.785500, 128.904709, 65.626884,26.822618, 223.950699, 1.019023
5, 470,20,91.430779, 91.535049, 128.904709, 65.626884,26.822618, 223.950699, 0.998861
5, 470,21,191.041565, 192.721054, 128.904709, 65.626884,26.822618, 223.950699, 0.991285
5, 470,22,161.670013, 162.972336, 128.904709, 65.626884,26.822618, 223.950699, 0.992009
5, 470,23,46.296150, 45.543846, 128.904709, 65.626884,26.822618, 223.950699, 1.016518
5, 470,24,164.637024, 164.975739, 128.904709, 65.626884,26.822618, 223.950699, 0.997947
5, 470,25,89.579651, 89.928284, 128.904709, 65.626884,26.822618, 223.950699, 0.996123
5, 470,26,162.257034, 160.525208, 128.904709, 65.626884,26.822618, 223.950699, 1.010789
5, 470,27,201.420700, 199.282578, 128.904709, 65.626884,26.822618, 223.950699, 1.010729
5, 470,28,81.118301, 80.744835, 128.904709, 65.626884,26.822618, 223.950699, 1.004625
5, 470,29,69.482162, 67.453705, 128.904709, 65.626884,26.822618, 223.950699, 1.030072
5, 470,30,26.822618, 28.118153, 128.904709, 65.626884,26.822618, 223.950699, 0.953925
5, 470,31,84.593361, 86.311371, 128.904709, 65.626884,26.822618, 223.950699, 0.980095
5, 471,0,228.351547, 229.636917, 128.810898, 75.054893,17.079239, 244.005524, 0.994403
5, 471,1,238.721069, 238.551392, 128.810898, 75.054893,17.079239, 244.005524, 1.000711
5, 471,2,136.934464, 137.450409, 128.810898, 75.054893,17.079239, 244.005524, 0.996246
5, 471,3,102.003189, 100.180405, 128.810898, 75.054893,17.079239, 244.005524, 1.018195
5, 471,4,176.323196, 175.610397, 128.810898, 75.054893,17.079239, 244.005524, 1.004059
5, 471,5,244.005524, 244.635391, 128.810898, 75.054893,17.079239, 244.005524, 0.997425
5, 471,6,146.863190, 146.926575, 128.810898, 75.054893,17.079239, 244.005524, 0.999569
5, 471,7,112.398758, 114.194046, 128.810898, 75.054893,17.079239, 244.005524, 0.984279
5, 471,8,107.918610, 107.599396, 128.810898, 75.054893,17.079239, 244.005524, 1.002967
5, 471,9,222.818314, 222.677536, 128.810898, 75.054893,17.079239, 244.005524, 1.000632
5, 471,10,128.779831, 129.294632, 128.810898, 75.054893,17.079239, 244.005524, 0.996018
5, 471,11,72.743774, 72.598129, 128.810898, 75.054893,17.079239, 244.005524, 1.002006
5, 471,12,116.145325, 116.710808, 128.810898, 75.054893,17.079239, 244.005524, 0.995155
5, 471,13,66.217949, 66.616257, 128.810898, 75.054893,17.079239, 244.005524, 0.994021
5, 471,14,20.672127, 20.482870, 128.810898, 75.054893,17.079239, 244.005524, 1.009240
5, 471,15,238.723175, 238.668106, 128.810898, 75.054893,17.079239, 244.005524, 1.000231
5, 471,16,37.705715, 36.539101, 128.810898, 75.054893,17.079239, 244.005524, 1.031928
5, 471,17,198.176392, 198.297745, 128.810898, 75.054893,17.079239, 244.005524, 0.999388
5, 471,18,100.937042, 101.850952, 128.810898, 75.054893,17.079239, 244.005524, 0.991027
5, 471,19,29.153763, 28.055048, 128.810898, 75.054893,17.079239, 244.005524, 1.039163
5, 471,20,244.004822, 243.402542, 128.810898, 75.054893,17.079239, 244.005524, 1.002474
5, 471,21,152.876770, 152.740677, 128.810898, 75.054893,17.079239, 244.005524, 1.000891
5, 471,22,135.433426, 134.831512, 128.810898, 75.054893,17.079239, 244.005524, 1.004464
5, 471,23,157.000351, 156.592407, 128.810898, 75.054893,17.079239, 244.005524, 1.002605
5, 471,24,145.935318, 143.257202, 128.810898, 75.054893,17.079239, 244.005524, 1.018694
5, 471,25,39.130169, 39.872898, 128.810898, 75.054893,17.079239, 244.005524, 0.981373
5, 471,26,145.106354, 145.073654, 128.810898, 75.054893,17.079239, 244.005524, 1.000225
5, 471,27,77.894653, 78.645660, 128.810898, 75.054893,17.079239, 244.005524, 0.990451
5, 471,28,29.813692, 29.878792, 128.810898, 75.054893,17.079239, 244.005524, 0.997821
5, 471,29,17.079239, 19.636654, 128.810898, 75.054893,17.079239, 244.005524, 0.869763
5, 471,30,234.352417, 234.137939, 128.810898, 75.054893,17.079239, 244.005524, 1.000916
5, 471,31,17.728090, 16.353918, 128.810898, 75.054893,17.079239, 244.005524, 1.084027
5, 472,0,165.777161, 167.559937, 128.586807, 68.420540,11.815024, 246.224167, 0.989360
5, 472,1,218.773331, 219.725006, 128.586807, 68.420540,11.815024, 246.224167, 0.995669
5, 472,2,23.081820, 23.724171, 128.586807, 68.420540,11.815024, 246.224167, 0.972924
5, 472,3,29.598829, 27.520531, 128.586807, 68.420540,11.815024, 246.224167, 1.075518
5, 472,4,147.205307, 147.285767, 128.586807, 68.420540,11.815024, 246.224167, 0.999454
5, 472,5,48.700676, 48.154518, 128.586807, 68.420540,11.815024, 246.224167, 1.011342
5, 472,6,130.319382, 130.749207, 128.586807, 68.420540,11.815024, 246.224167, 0.996713
5, 472,7,153.205795, 153.622833, 128.586807, 68.420540,11.815024, 246.224167, 0.997285
5, 472,8,33.345184, 33.306862, 128.586807, 68.420540,11.815024, 246.224167, 1.001151
5, 472,9,74.652245, 73.142937, 128.586807, 68.420540,11.815024, 246.224167, 1.020635
5, 472,10,58.340855, 59.661083, 128.586807, 68.420540,11.815024, 246.224167, 0.977871
5, 472,11,67.311211, 68.090912, 128.586807, 68.420540,11.815024, 246.224167, 0.988549
5, 472,12,123.185005, 122.774651, 128.586807, 68.420540,11.815024, 246.224167, 1.003342
5, 472,13,128.586975, 128.024933, 128.586807, 68.420540,11.815024, 246.224167, 1.004390
5, 472,14,180.090927, 181.350204, 128.586807, 68.420540,11.815024, 246.224167, 0.993056
5, 472,15,128.716080, 128.399429, 128.586807, 68.420540,11.815024, 246.224167, 1.002466
5, 472,16,106.773956, 106.091232, 128.586807, 68.420540,11.815024, 246.224167, 1.006435
5, 472,17,175.809921, 176.408325, 128.586807, 68.420540,11.815024, 246.224167, 0.996608
5, 472,18,11.815024, 11.542042, 128.586807, 68.420540,11.815024, 246.224167, 1.023651
5, 472,19,78.296326, 78.745689, 128.586807, 68.420540,11.815024, 246.224167, 0.994294
5, 472,20,220.916000, 222.104156, 128.586807, 68.420540,11.815024, 246.224167, 0.994650
5, 472,21,246.224167, 245.374313, 128.586807, 68.420540,11.815024, 246.224167, 1.003464
5, 472,22,243.370560, 245.969101, 128.586807, 68.420540,11.815024, 246.224167, 0.989435
5, 472,23,193.659409, 193.113785, 128.586807, 68.420540,11.815024, 246.224167, 1.002825
5, 472,24,144.062119, 144.781784, 128.586807, 68.420540,11.815024, 246.224167, 0.995029
5, 472,25,186.123734, 186.152573, 128.586807, 68.420540,11.815024, 246.224167, 0.999845
5, 472,26,18.757868, 19.377083, 128.586807, 68.420540,11.815024, 246.224167, 0.968044
5, 472,27,143.181641, 144.231064, 128.586807, 68.420540,11.815024, 246.224167, 0.992724
5, 472,28,121.450897, 120.557053, 128.586807, 68.420540,11.815024, 246.224167, 1.007414
5, 472,29,142.486801, 142.145615, 128.586807, 68.420540,11.815024, 246.224167, 1.002400
5, 472,30,222.900497, 223.697617, 128.586807, 68.420540,11.815024, 246.224167, 0.996437
5, 472,31,148.058289, 147.616211, 128.586807, 68.420540,11.815024, 246.224167, 1.002995
5, 473,0,95.388100, 95.289383, 128.754791, 66.037186,20.284233, 244.554794, 1.001036
5, 473,1,80.171082, 79.455009, 128.754791, 66.037186,20.284233, 244.554794, 1.009012
5, 473,2,20.284233, 20.102547, 128.754791, 66.037186,20.284233, 244.554794, 1.009038
5, 473,3,151.262451, 151.329788, 128.754791, 66.037186,20.284233, 244.554794, 0.999555
5, 473,4,134.138672, 133.196625, 128.754791, 66.037186,20.284233, 244.554794, 1.007073
5, 473,5,213.902237, 214.062378, 128.754791, 66.037186,20.284233, 244.554794, 0.999252
5, 473,6,25.123587, 25.509224, 128.754791, 66.037186,20.284233, 244.554794, 0.984882
5, 473,7,151.725189, 152.600174, 128.754791, 66.037186,20.284233, 244.554794, 0.994266
5, 473,8,58.684547, 58.062714, 128.754791, 66.037186,20.284233, 244.554794, 1.010710
5, 473,9,212.842346, 214.531204, 128.754791, 66.037186,20.284233, 244.554794, 0.992128
5, 473,10,34.086449, 33.502033, 128.754791, 66.037186,20.284233, 244.554794, 1.017444
5, 473,11,114.557396, 114.503891, 128.754791, 66.037186,20.284233, 244.554794, 1.000467
5, 473,12,173.453430, 172.578400, 128.754791, 66.037186,20.284233, 244.554794, 1.005070
5, 473,13,244.554794, 244.362442, 128.754791, 66.037186,20.284233, 244.554794, 1.000787
5, 473,14,180.497833, 179.391571, 128.754791, 66.037186,20.284233, 244.554794, 1.006167
5, 473,15,106.317039, 107.441177, 128.754791, 66.037186,20.284233, 244.554794, 0.989537
5, 473,16,199.014740, 199.384933, 128.754791, 66.037186,20.284233, 244.554794, 0.998143
5, 473,17,218.741608, 219.174118, 128.754791, 66.037186,20.284233, 244.554794, 0.998027
5, 473,18,121.928558, 120.749924, 128.754791, 66.037186,20.284233, 244.554794, 1.009761
5, 473,19,96.353111, 96.075813, 128.754791, 66.037186,20.284233, 244.554794, 1.002886
5, 473,20,87.003273, 87.357079, 128.754791, 66.037186,20.284233, 244.554794, 0.995950
5, 473,21,145.218933, 144.342697, 128.754791, 66.037186,20.284233, 244.554794, 1.006070
5, 473,22,161.483627, 161.417221, 128.754791, 66.037186,20.284233, 244.554794, 1.000411
5, 473,23,68.601929, 67.212479, 128.754791, 66.037186,20.284233, 244.554794, 1.020673
5, 473,24,29.180677, 30.530249, 128.754791, 66.037186,20.284233, 244.554794, 0.955796
5, 473,25,88.388695, 89.323143, 128.754791, 66.037186,20.284233, 244.554794, 0.989539
5, 473,26,243.622452, 244.657364, 128.754791, 66.037186,20.284233, 244.554794, 0.995770
5, 473,27,107.320473, 107.925133, 128.754791, 66.037186,20.284233, 244.554794, 0.994397
5, 473,28,140.168839, 140.939896, 128.754791, 66.037186,20.284233, 244.554794, 0.994529
5, 473,29,210.380661, 208.814484, 128.754791, 66.037186,20.284233, 244.554794, 1.007500
5, 473,30,43.724911, 44.443939, 128.754791, 66.037186,20.284233, 244.554794, 0.983822
5, 473,31,162.031433, 162.732971, 128.754791, 66.037186,20.284233, 244.554794, 0.995689
5, 474,0,117.723625, 116.739662, 128.806503, 81.569031,25.250813, 299.117859, 1.008429
5, 474,1,135.374008, 133.785736, 128.806503, 81.569031,25.250813, 299.117859, 1.011872
5, 474,2,47.562771, 46.785656, 128.806503, 81.569031,25.250813, 299.117859, 1.016610
5, 474,3,82.594681, 82.229408, 128.806503, 81.569031,25.250813, 299.117859, 1.004442
5, 474,4,217.535645, 217.975571, 128.806503, 81.569031,25.250813, 299.117859, 0.997982
5, 474,5,228.703857, 228.817780, 128.806503, 81.569031,25.250813, 299.117859, 0.999502
5, 474,6,129.130066, 129.332169, 128.806503, 81.569031,25.250813, 299.117859, 0.998437
5, 474,7,94.527351, 93.966202, 128.806503, 81.569031,25.250813, 299.117859, 1.005972
5, 474,8,97.163589, 97.350136, 128.806503, 81.569031,25.250813, 299.117859, 0.998084
5, 474,9,41.725796, 43.557308, 128.806503, 81.569031,25.250813, 299.117859, 0.957952
5, 474,10,275.977081, 275.930237, 128.806503, 81.569031,25.250813, 299.117859, 1.000170
5, 474,11,25.250813, 23.506550, 128.806503, 81.569031,25.250813, 299.117859, 1.074203
5, 474,12,183.623108, 182.162323, 128.806503, 81.569031,25.250813, 299.117859, 1.008019
5, 474,13,92.113426, 92.313133, 128.806503, 81.569031,25.250813, 299.117859, 0.997837
5, 474,14,86.833794, 87.042755, 128.806503, 81.569031,25.250813, 299.117859, 0.997599
5, 474,15,29.045002, 29.078365, 128.806503, 81.569031,25.250813, 299.117859, 0.998853
5, 474,16,90.721626, 91.865829, 128.806503, 81.569031,25.250813, 299.117859, 0.987545
5, 474,17,118.736832, 119.083138, 128.806503, 81.569031,25.250813, 299.117859, 0.997092
5, 474,18,221.756241, 221.933228, 128.806503, 81.569031,25.250813, 299.117859, 0.999203
5, 474,19,210.518005, 211.635559, 128.806503, 81.569031,25.250813, 299.117859, 0.994719
5, 474,20,138.114334, 137.957275, 128.806503, 81.569031,25.250813, 299.117859, 1.001138
5, 474,21,54.851185, 54.584255, 128.806503, 81.569031,25.250813, 299.117859, 1.004890
5, 474,22,45.126522, 45.346512, 128.806503, 81.569031,25.250813, 299.117859, 0.995149
5, 474,23,66.175240, 67.458740, 128.806503, 81.569031,25.250813, 299.117859, 0.980974
5, 474,24,299.117859, 297.779907, 128.806503, 81.569031,25.250813, 299.117859, 1.004493
5, 474,25,265.621338, 266.925873, 128.806503, 81.569031,25.250813, 299.117859, 0.995113
5, 474,26,260.837158, 260.945679, 128.806503, 81.569031,25.250813, 299.117859, 0.999584
5, 474,27,186.844269, 186.625610, 128.806503, 81.569031,25.250813, 299.117859, 1.001172
5, 474,28,97.725464, 97.534882, 128.806503, 81.569031,25.250813, 299.117859, 1.001954
5, 474,29,41.421822, 40.562336, 128.806503, 81.569031,25.250813, 299.117859, 1.021189
5, 474,30,25.928501, 26.520969, 128.806503, 81.569031,25.250813, 299.117859, 0.977660
5, 474,31,113.426971, 113.666893, 128.806503, 81.569031,25.250813, 299.117859, 0.997889
5, 475,0,116.129158, 113.781448, 128.913177, 70.066666,11.044006, 256.037109, 1.020633
5, 475,1,59.409538, 60.013153, 128.913177, 70.066666,11.044006, 256.037109, 0.989942
5, 475,2,166.699509, 164.758316, 128.913177, 70.066666,11.044006, 256.037109, 1.011782
5, 475,3,125.735176, 126.974289, 128.913177, 70.066666,11.044006, 256.037109, 0.990241
5, 475,4,45.093445, 43.563644, 128.913177, 70.066666,11.044006, 256.037109, 1.035116
5, 475,5,212.439682, 211.323715, 128.913177, 70.066666,11.044006, 256.037109, 1.005281
5, 475,6,202.218964, 204.162354, 128.913177, 70.066666,11.044006, 256.037109, 0.990481
5, 475,7,32.249416, 32.879768, 128.913177, 70.066666,11.044006, 256.037109, 0.980829
5, 475,8,100.171074, 96.592545, 128.913177, 70.066666,11.044006, 256.037109, 1.037048
5, 475,9,123.982719, 121.607430, 128.913177, 70.066666,11.044006, 256.037109, 1.019532
5, 475,10,213.858063, 214.729919, 128.913177, 70.066666,11.044006, 256.037109, 0.995940
5, 475,11,112.174171, 111.829109, 128.913177, 70.066666,11.044006, 256.037109, 1.003086
5, 475,12,161.588989, 162.149643, 128.913177, 70.066666,11.044006, 256.037109, 0.996542
5, 475,13,107.552872, 109.311836, 128.913177, 70.066666,11.044006, 256.037109, 0.983909
5, 475,14,235.687225, 234.951187, 128.913177, 70.066666,11.044006, 256.037109, 1.003133
5, 475,15,124.440361, 125.088409, 128.913177, 70.066666,11.044006, 256.037109, 0.994819
5, 475,16,99.881073, 101.037224, 128.913177, 70.066666,11.044006, 256.037109, 0.988557
5, 475,17,26.656532, 27.512913, 128.913177, 70.066666,11.044006, 256.037109, 0.968874
5, 475,18,84.819885, 85.244041, 128.913177, 70.066666,11.044006, 256.037109, 0.995024
5, 475,19,157.449905, 158.544052, 128.913177, 70.066666,11.044006, 256.037109, 0.993099
5, 475,20,60.403004, 61.433792, 128.913177, 70.066666,11.044006, 256.037109, 0.983221
5, 475,21,256.037109, 255.953384, 128.913177, 70.066666,11.044006, 256.037109, 1.000327
5, 475,22,100.551643, 100.920921, 128.913177, 70.066666,11.044006, 256.037109, 0.996341
5, 475,23,91.455673, 91.142601, 128.913177, 70.066666,11.044006, 256.037109, 1.003435
5, 475,24,66.407623, 65.787094, 128.913177, 70.066666,11.044006, 256.037109, 1.009432
5, 475,25,253.512711, 252.073624, 128.913177, 70.066666,11.044006, 256.037109, 1.005709
5, 475,26,202.936142, 204.669144, 128.913177, 70.066666,11.044006, 256.037109, 0.991533
5, 475,27,236.609100, 233.655167, 128.913177, 70.066666,11.044006, 256.037109, 1.012642
5, 475,28,170.750504, 170.382706, 128.913177, 70.066666,11.044006, 256.037109, 1.002159
5, 475,29,11.044006, 11.977264, 128.913177, 70.066666,11.044006, 256.037109, 0.922081
5, 475,30,49.185081, 49.345898, 128.913177, 70.066666,11.044006, 256.037109, 0.996741
5, 475,31,118.091698, 117.603058, 128.913177, 70.066666,11.044006, 256.037109, 1.004155
5, 476,0,164.156479, 164.400894, 128.716766, 70.841019,12.664960, 246.627625, 0.998513
5, 476,1,114.158325, 114.342545, 128.716766, 70.841019,12.664960, 246.627625, 0.998389
5, 476,2,92.328392, 92.415016, 128.716766, 70.841019,12.664960, 246.627625, 0.999063
5, 476,3,153.424133, 153.642181, 128.716766, 70.841019,12.664960, 246.627625, 0.998581
5, 476,4,226.379837, 226.301865, 128.716766, 70.841019,12.664960, 246.627625, 1.000345
5, 476,5,69.783836, 71.124649, 128.716766, 70.841019,12.664960, 246.627625, 0.981148
5, 476,6,132.501312, 132.542236, 128.716766, 70.841019,12.664960, 246.627625, 0.999691
5, 476,7,246.627625, 247.943802, 128.716766, 70.841019,12.664960, 246.627625, 0.994692
5, 476,8,180.273453, 181.040634, 128.716766, 70.841019,12.664960, 246.627625, 0.995762
5, 476,9,208.511078, 208.819885, 128.716766, 70.841019,12.664960, 246.627625, 0.998521
5, 476,10,208.782150, 209.149475, 128.716766, 70.841019,12.664960, 246.627625, 0.998244
5, 476,11,183.228836, 182.498077, 128.716766, 70.841019,12.664960, 246.627625, 1.004004
5, 476,12,23.414564, 23.424572, 128.716766, 70.841019,12.664960, 246.627625, 0.999573
5, 476,13,126.639740, 125.965462, 128.716766, 70.841019,12.664960, 246.627625, 1.005353
5, 476,14,17.528585, 17.953676, 128.716766, 70.841019,12.664960, 246.627625, 0.976323
5, 476,15,236.820251, 236.577194, 128.716766, 70.841019,12.664960, 246.627625, 1.001027
5, 476,16,216.914368, 216.473312, 128.716766, 70.841019,12.664960, 246.627625, 1.002037
5, 476,17,169.607407, 170.670105, 128.716766, 70.841019,12.664960, 246.627625, 0.993773
5, 476,18,142.188339, 142.583221, 128.716766, 70.841019,12.664960, 246.627625, 0.997231
5, 476,19,133.174118, 134.951813, 128.716766, 70.841019,12.664960, 246.627625, 0.986827
5, 476,20,158.681519, 158.746902, 128.716766, 70.841019,12.664960, 246.627625, 0.999588
5, 476,21,70.661980, 69.088623, 128.716766, 70.841019,12.664960, 246.627625, 1.022773
5, 476,22,80.443802, 79.656906, 128.716766, 70.841019,12.664960, 246.627625, 1.009879
5, 476,23,203.520828, 202.968170, 128.716766, 70.841019,12.664960, 246.627625, 1.002723
5, 476,24,149.460831, 148.771851, 128.716766, 70.841019,12.664960, 246.627625, 1.004631
5, 476,25,20.006516, 21.630236, 128.716766, 70.841019,12.664960, 246.627625, 0.924933
5, 476,26,141.200516, 139.690308, 128.716766, 70.841019,12.664960, 246.627625, 1.010811
5, 476,27,12.664960, 13.500789, 128.716766, 70.841019,12.664960, 246.627625, 0.938090
5, 476,28,75.341499, 74.515587, 128.716766, 70.841019,12.664960, 246.627625, 1.011084
5, 476,29,105.882782, 104.814255, 128.716766, 70.841019,12.664960, 246.627625, 1.010195
5, 476,30,31.677593, 31.854298, 128.716766, 70.841019,12.664960, 246.627625, 0.994453
5, 476,31,22.951376, 22.941200, 128.716766, 70.841019,12.664960, 246.627625, 1.000444
5, 477,0,194.748459, 197.400986, 128.495560, 78.253426,15.290826, 277.145050, 0.986563
5, 477,1,198.132935, 198.406738, 128.495560, 78.253426,15.290826, 277.145050, 0.998620
5, 477,2,21.969294, 20.921890, 128.495560, 78.253426,15.290826, 277.145050, 1.050063
5, 477,3,58.935318, 60.037876, 128.495560, 78.253426,15.290826, 277.145050, 0.981636
5, 477,4,249.993927, 251.179230, 128.495560, 78.253426,15.290826, 277.145050, 0.995281
5, 477,5,224.168747, 224.123886, 128.495560, 78.253426,15.290826, 277.145050, 1.000200
5, 477,6,107.411674, 106.634605, 128.495560, 78.253426,15.290826, 277.145050, 1.007287
5, 477,7,138.183731, 138.386230, 128.495560, 78.253426,15.290826, 277.145050, 0.998537
5, 477,8,76.924934, 78.440514, 128.495560, 78.253426,15.290826, 277.145050, 0.980679
5, 477,9,73.182411, 72.971252, 128.495560, 78.253426,15.290826, 277.145050, 1.002894
5, 477,10,202.760544, 202.537766, 128.495560, 78.253426,15.290826, 277.145050, 1.001100
5, 477,11,120.813438, 121.621040, 128.495560, 78.253426,15.290826, 277.145050, 0.993360
5, 477,12,86.365601, 86.710884, 128.495560, 78.253426,15.290826, 277.145050, 0.996018
5, 477,13,40.323837, 40.737556, 128.495560, 78.253426,15.290826, 277.145050, 0.989844
5, 477,14,178.618927, 177.360916, 128.495560, 78.253426,15.290826, 277.145050, 1.007093
5, 477,15,177.695831, 178.150543, 128.495560, 78.253426,15.290826, 277.145050, 0.997448
5, 477,16,38.894344, 38.460083, 128.495560, 78.253426,15.290826, 277.145050, 1.011291
5, 477,17,173.352097, 173.030380, 128.495560, 78.253426,15.290826, 277.145050, 1.001859
5, 477,18,122.725487, 124.762947, 128.495560, 78.253426,15.290826, 277.145050, 0.983669
5, 477,19,16.742678, 16.516560, 128.495560, 78.253426,15.290826, 277.145050, 1.013690
5, 477,20,157.900604, 158.725555, 128.495560, 78.253426,15.290826, 277.145050, 0.994803
5, 477,21,242.552765, 244.970230, 128.495560, 78.253426,15.290826, 277.145050, 0.990132
5, 477,22,49.239758, 49.756008, 128.495560, 78.253426,15.290826, 277.145050, 0.989624
5, 477,23,132.070358, 132.443176, 128.495560, 78.253426,15.290826, 277.145050, 0.997185
5, 477,24,15.290826, 15.294706, 128.495560, 78.253426,15.290826, 277.145050, 0.999746
5, 477,25,158.080002, 158.459549, 128.495560, 78.253426,15.290826, 277.145050, 0.997605
5, 477,26,209.414413, 208.979538, 128.495560, 78.253426,15.290826, 277.145050, 1.002081
5, 477,27,277.145050, 277.528107, 128.495560, 78.253426,15.290826, 277.145050, 0.998620
5, 477,28,16.134752, 14.679623, 128.495560, 78.253426,15.290826, 277.145050, 1.099126
5, 477,29,118.463448, 118.728485, 128.495560, 78.253426,15.290826, 277.145050, 0.997768
5, 477,30,206.568787, 206.594009, 128.495560, 78.253426,15.290826, 277.145050, 0.999878
5, 477,31,27.053118, 26.449329, 128.495560, 78.253426,15.290826, 277.145050, 1.022828
5, 478,0,121.349098, 121.025742, 128.685730, 63.579292,13.649840, 234.807404, 1.002672
5, 478,1,73.643372, 75.021835, 128.685730, 63.579292,13.649840, 234.807404, 0.981626
5, 478,2,218.831268, 218.037918, 128.685730, 63.579292,13.649840, 234.807404, 1.003639
5, 478,3,161.544876, 161.678253, 128.685730, 63.579292,13.649840, 234.807404, 0.999175
5, 478,4,212.721985, 210.319702, 128.685730, 63.579292,13.649840, 234.807404, 1.011422
5, 478,5,48.368801, 48.459217, 128.685730, 63.579292,13.649840, 234.807404, 0.998134
5, 478,6,234.807404, 235.209564, 128.685730, 63.579292,13.649840, 234.807404, 0.998290
5, 478,7,132.484421, 132.943176, 128.685730, 63.579292,13.649840, 234.807404, 0.996549
5, 478,8,40.079716, 40.303726, 128.685730, 63.579292,13.649840, 234.807404, 0.994442
5, 478,9,71.903320, 71.357063, 128.685730, 63.579292,13.649840, 234.807404, 1.007655
5, 478,10,165.476181, 164.308838, 128.685730, 63.579292,13.649840, 234.807404, 1.007105
5, 478,11,193.616852, 194.598694, 128.685730, 63.579292,13.649840, 234.807404, 0.994955
5, 478,12,98.989426, 99.273140, 128.685730, 63.579292,13.649840, 234.807404, 0.997142
5, 478,13,18.445843, 17.794567, 128.685730, 63.579292,13.649840, 234.807404, 1.036600
5, 478,14,119.118607, 118.887962, 128.685730, 63.579292,13.649840, 234.807404, 1.001940
5, 478,15,230.925629, 229.962280, 128.685730, 63.579292,13.649840, 234.807404, 1.004189
5, 478,16,179.060730, 178.960968, 128.685730, 63.579292,13.649840, 234.807404, 1.000557
5, 478,17,25.668858, 26.706612, 128.685730, 63.579292,13.649840, 234.807404, 0.961142
5, 478,18,115.705963, 116.271263, 128.685730, 63.579292,13.649840, 234.807404, 0.995138
5, 478,19,135.051468, 135.712570, 128.685730, 63.579292,13.649840, 234.807404, 0.995129
5, 478,20,175.678940, 175.046341, 128.685730, 63.579292,13.649840, 234.807404, 1.003614
5, 478,21,176.426086, 175.740402, 128.685730, 63.579292,13.649840, 234.807404, 1.003902
5, 478,22,60.664959, 60.869446, 128.685730, 63.579292,13.649840, 234.807404, 0.996641
5, 478,23,126.965263, 127.584846, 128.685730, 63.579292,13.649840, 234.807404, 0.995144
5, 478,24,221.123657, 221.772095, 128.685730, 63.579292,13.649840, 234.807404, 0.997076
5, 478,25,105.996811, 105.818352, 128.685730, 63.579292,13.649840, 234.807404, 1.001686
5, 478,26,103.817009, 102.979553, 128.685730, 63.579292,13.649840, 234.807404, 1.008132
5, 478,27,145.530670, 147.525894, 128.685730, 63.579292,13.649840, 234.807404, 0.986475
5, 478,28,110.191536, 110.933754, 128.685730, 63.579292,13.649840, 234.807404, 0.993309
5, 478,29,110.576973, 110.260490, 128.685730, 63.579292,13.649840, 234.807404, 1.002870
5, 478,30,13.649840, 15.302805, 128.685730, 63.579292,13.649840, 234.807404, 0.891983
5, 478,31,169.527435, 170.333511, 128.685730, 63.579292,13.649840, 234.807404, 0.995268
5, 479,0,113.518990, 113.654266, 128.727997, 72.655411,10.567647, 245.951828, 0.998810
5, 479,1,90.329399, 90.839409, 128.727997, 72.655411,10.567647, 245.951828, 0.994386
5, 479,2,226.372192, 225.589188, 128.727997, 72.655411,10.567647, 245.951828, 1.003471
5, 479,3,146.985352, 147.510010, 128.727997, 72.655411,10.567647, 245.951828, 0.996443
5, 479,4,155.812759, 156.658401, 128.727997, 72.655411,10.567647, 245.951828, 0.994602
5, 479,5,137.125900, 137.463989, 128.727997, 72.655411,10.567647, 245.951828, 0.997541
5, 479,6,87.800224, 87.802406, 128.727997, 72.655411,10.567647, 245.951828, 0.999975
5, 479,7,194.678223, 193.139755, 128.727997, 72.655411,10.567647, 245.951828, 1.007966
5, 479,8,245.951828, 246.369431, 128.727997, 72.655411,10.567647, 245.951828, 0.998305
5, 479,9,104.677757, 102.418884, 128.727997, 72.655411,10.567647, 245.951828, 1.022055
5, 479,10,178.825668, 180.557907, 128.727997, 72.655411,10.567647, 245.951828, 0.990406
5, 479,11,88.373283, 88.438232, 128.727997, 72.655411,10.567647, 245.951828, 0.999266
5, 479,12,120.884239, 120.625893, 128.727997, 72.655411,10.567647, 245.951828, 1.002142
5, 479,13,85.733078, 85.782738, 128.727997, 72.655411,10.567647, 245.951828, 0.999421
5, 479,14,180.031067, 179.301224, 128.727997, 72.655411,10.567647, 245.951828, 1.004071
5, 479,15,20.533424, 22.095615, 128.727997, 72.655411,10.567647, 245.951828, 0.929299
5, 479,16,220.168716, 220.255768, 128.727997, 72.655411,10.567647, 245.951828, 0.999605
5, 479,17,32.600006, 33.854622, 128.727997, 72.655411,10.567647, 245.951828, 0.962941
5, 479,18,239.351318, 238.118683, 128.727997, 72.655411,10.567647, 245.951828, 1.005177
5, 479,19,166.738571, 165.814270, 128.727997, 72.655411,10.567647, 245.951828, 1.005574
5, 479,20,211.844666, 211.728241, 128.727997, 72.655411,10.567647, 245.951828, 1.000550
5, 479,21,35.293808, 34.864456, 128.727997, 72.655411,10.567647, 245.951828, 1.012315
5, 479,22,10.567647, 10.516139, 128.727997, 72.655411,10.567647, 245.951828, 1.004898
5, 479,23,210.031631, 211.017609, 128.727997, 72.655411,10.567647, 245.951828, 0.995328
5, 479,24,39.277840, 39.921127, 128.727997, 72.655411,10.567647, 245.951828, 0.983886
5, 479,25,132.037170, 132.714020, 128.727997, 72.655411,10.567647, 245.951828, 0.994900
5, 479,26,96.675385, 96.958275, 128.727997, 72.655411,10.567647, 245.951828, 0.997082
5, 479,27,204.957825, 204.434967, 128.727997, 72.655411,10.567647, 245.951828, 1.002558
5, 479,28,24.777815, 25.813316, 128.727997, 72.655411,10.567647, 245.951828, 0.959885
5, 479,29,65.063217, 64.486374, 128.727997, 72.655411,10.567647, 245.951828, 1.008945
5, 479,30,44.539059, 43.930561, 128.727997, 72.655411,10.567647, 245.951828, 1.013851
5, 479,31,207.738220, 208.324707, 128.727997, 72.655411,10.567647, 245.951828, 0.997185
5, 480,0,76.697273, 77.040695, 128.812515, 54.857162,11.489323, 236.872742, 0.995542
5, 480,1,182.878906, 183.217926, 128.812515, 54.857162,11.489323, 236.872742, 0.998150
5, 480,2,132.920197, 131.529694, 128.812515, 54.857162,11.489323, 236.872742, 1.010572
5, 480,3,109.744194, 109.072227, 128.812515, 54.857162,11.489323, 236.872742, 1.006161
5, 480,4,168.980316, 168.329834, 128.812515, 54.857162,11.489323, 236.872742, 1.003864
5, 480,5,67.219177, 67.142319, 128.812515, 54.857162,11.489323, 236.872742, 1.001145
5, 480,6,104.392868, 104.996429, 128.812515, 54.857162,11.489323, 236.872742, 0.994252
5, 480,7,51.592308, 51.185509, 128.812515, 54.857162,11.489323, 236.872742, 1.007948
5, 480,8,191.574326, 192.696213, 128.812515, 54.857162,11.489323, 236.872742, 0.994178
5, 480,9,195.387939, 195.268448, 128.812515, 54.857162,11.489323, 236.872742, 1.000612
5, 480,10,98.757088, 98.576859, 128.812515, 54.857162,11.489323, 236.872742, 1.001828
5, 480,11,96.114433, 97.412338, 128.812515, 54.857162,11.489323, 236.872742, 0.986676
5, 480,12,114.270714, 113.133286, 128.812515, 54.857162,11.489323, 236.872742, 1.010054
5, 480,13,77.583984, 77.777725, 128.812515, 54.857162,11.489323, 236.872742, 0.997509
5, 480,14,125.800941, 123.812927, 128.812515, 54.857162,11.489323, 236.872742, 1.016057
5, 480,15,117.704552, 118.963234, 128.812515, 54.857162,11.489323, 236.872742, 0.989420
5, 480,16,236.872742, 236.468719, 128.812515, 54.857162,11.489323, 236.872742, 1.001709
5, 480,17,121.173744, 119.788719, 128.812515, 54.857162,11.489323, 236.872742, 1.011562
5, 480,18,180.083893, 181.058426, 128.812515, 54.857162,11.489323, 236.872742, 0.994618
5, 480,19,211.096878, 211.070480, 128.812515, 54.857162,11.489323, 236.872742, 1.000125
5, 480,20,110.024139, 108.681602, 128.812515, 54.857162,11.489323, 236.872742, 1.012353
5, 480,21,134.785919, 135.377014, 128.812515, 54.857162,11.489323, 236.872742, 0.995634
5, 480,22,37.220928, 38.088398, 128.812515, 54.857162,11.489323, 236.872742, 0.977225
5, 480,23,179.612885, 179.989716, 128.812515, 54.857162,11.489323, 236.872742, 0.997906
5, 480,24,205.503143, 205.004684, 128.812515, 54.857162,11.489323, 236.872742, 1.002431
5, 480,25,103.633293, 103.655022, 128.812515, 54.857162,11.489323, 236.872742, 0.999790
5, 480,26,11.489323, 11.002367, 128.812515, 54.857162,11.489323, 236.872742, 1.044259
5, 480,27,127.403870, 128.485718, 128.812515, 54.857162,11.489323, 236.872742, 0.991580
5, 480,28,82.945641, 82.819046, 128.812515, 54.857162,11.489323, 236.872742, 1.001529
5, 480,29,185.792145, 185.650146, 128.812515, 54.857162,11.489323, 236.872742, 1.000765
5, 480,30,99.246017, 98.444183, 128.812515, 54.857162,11.489323, 236.872742, 1.008145
5, 480,31,183.496353, 185.259537, 128.812515, 54.857162,11.489323, 236.872742, 0.990483
5, 481,0,68.874329, 68.671822, 128.593048, 68.155830,12.941676, 248.511353, 1.002949
5, 481,1,38.921574, 39.644169, 128.593048, 68.155830,12.941676, 248.511353, 0.981773
5, 481,2,12.941676, 12.539461, 128.593048, 68.155830,12.941676, 248.511353, 1.032076
5, 481,3,199.952042, 199.997177, 128.593048, 68.155830,12.941676, 248.511353, 0.999774
5, 481,4,149.140732, 148.576767, 128.593048, 68.155830,12.941676, 248.511353, 1.003796
5, 481,5,248.511353, 249.971710, 128.593048, 68.155830,12.941676, 248.511353, 0.994158
5, 481,6,113.802895, 113.677521, 128.593048, 68.155830,12.941676, 248.511353, 1.001103
5, 481,7,110.539452, 111.306870, 128.593048, 68.155830,12.941676, 248.511353, 0.993105
5, 481,8,232.912918, 233.156952, 128.593048, 68.155830,12.941676, 248.511353, 0.998953
5, 481,9,113.052147, 114.705055, 128.593048, 68.155830,12.941676, 248.511353, 0.985590
5, 481,10,239.778824, 239.711121, 128.593048, 68.155830,12.941676, 248.511353, 1.000282
5, 481,11,105.308212, 105.163727, 128.593048, 68.155830,12.941676, 248.511353, 1.001374
5, 481,12,56.366917, 56.869930, 128.593048, 68.155830,12.941676, 248.511353, 0.991155
5, 481,13,147.497360, 147.784088, 128.593048, 68.155830,12.941676, 248.511353, 0.998060
5, 481,14,59.131695, 57.523148, 128.593048, 68.155830,12.941676, 248.511353, 1.027964
5, 481,15,79.736809, 79.981964, 128.593048, 68.155830,12.941676, 248.511353, 0.996935
5, 481,16,222.930191, 221.032120, 128.593048, 68.155830,12.941676, 248.511353, 1.008587
5, 481,17,181.665649, 180.980576, 128.593048, 68.155830,12.941676, 248.511353, 1.003785
5, 481,18,95.607826, 94.932495, 128.593048, 68.155830,12.941676, 248.511353, 1.007114
5, 481,19,185.057037, 186.631973, 128.593048, 68.155830,12.941676, 248.511353, 0.991561
5, 481,20,239.638901, 240.694595, 128.593048, 68.155830,12.941676, 248.511353, 0.995614
5, 481,21,205.072235, 202.734787, 128.593048, 68.155830,12.941676, 248.511353, 1.011530
5, 481,22,94.733826, 95.982033, 128.593048, 68.155830,12.941676, 248.511353, 0.986995
5, 481,23,20.777205, 20.693626, 128.593048, 68.155830,12.941676, 248.511353, 1.004039
5, 481,24,155.100693, 156.356628, 128.593048, 68.155830,12.941676, 248.511353, 0.991967
5, 481,25,121.621887, 122.741783, 128.593048, 68.155830,12.941676, 248.511353, 0.990876
5, 481,26,117.948303, 117.993149, 128.593048, 68.155830,12.941676, 248.511353, 0.999620
5, 481,27,170.899841, 171.285126, 128.593048, 68.155830,12.941676, 248.511353, 0.997751
5, 481,28,125.801376, 126.191345, 128.593048, 68.155830,12.941676, 248.511353, 0.996910
5, 481,29,62.277428, 63.071793, 128.593048, 68.155830,12.941676, 248.511353, 0.987405
5, 481,30,49.409542, 48.950634, 128.593048, 68.155830,12.941676, 248.511353, 1.009375
5, 481,31,89.966705, 91.446236, 128.593048, 68.155830,12.941676, 248.511353, 0.983821
5, 482,0,242.409317, 241.482361, 128.822205, 80.828751,11.053722, 256.831818, 1.003839
5, 482,1,11.053722, 11.044477, 128.822205, 80.828751,11.053722, 256.831818, 1.000837
5, 482,2,80.964989, 81.147362, 128.822205, 80.828751,11.053722, 256.831818, 0.997753
5, 482,3,87.211731, 87.275986, 128.822205, 80.828751,11.053722, 256.831818, 0.999264
5, 482,4,208.410126, 208.850128, 128.822205, 80.828751,11.053722, 256.831818, 0.997893
5, 482,5,202.675156, 202.222290, 128.822205, 80.828751,11.053722, 256.831818, 1.002239
5, 482,6,211.781021, 211.353790, 128.822205, 80.828751,11.053722, 256.831818, 1.002021
5, 482,7,172.204269, 171.341080, 128.822205, 80.828751,11.053722, 256.831818, 1.005038
5, 482,8,86.258972, 86.262222, 128.822205, 80.828751,11.053722, 256.831818, 0.999962
5, 482,9,48.972775, 49.859112, 128.822205, 80.828751,11.053722, 256.831818, 0.982223
5, 482,10,107.268555, 105.907616, 128.822205, 80.828751,11.053722, 256.831818, 1.012850
5, 482,11,239.041428, 239.193710, 128.822205, 80.828751,11.053722, 256.831818, 0.999363
5, 482,12,144.392136, 144.983383, 128.822205, 80.828751,11.053722, 256.831818, 0.995922
5, 482,13,31.650000, 33.016907, 128.822205, 80.828751,11.053722, 256.831818, 0.958600
5, 482,14,110.382584, 111.460251, 128.822205, 80.828751,11.053722, 256.831818, 0.990331
5, 482,15,65.810204, 64.973312, 128.822205, 80.828751,11.053722, 256.831818, 1.012881
5, 482,16,256.831818, 256.128113, 128.822205, 80.828751,11.053722, 256.831818, 1.002747
5, 482,17,62.631512, 63.675400, 128.822205, 80.828751,11.053722, 256.831818, 0.983606
5, 482,18,27.669279, 28.731478, 128.822205, 80.828751,11.053722, 256.831818, 0.963030
5, 482,19,253.406982, 252.503113, 128.822205, 80.828751,11.053722, 256.831818, 1.003580
5, 482,20,225.049332, 225.930389, 128.822205, 80.828751,11.053722, 256.831818, 0.996100
5, 482,21,22.651253, 22.341732, 128.822205, 80.828751,11.053722, 256.831818, 1.013854
5, 482,22,178.978180, 179.428101, 128.822205, 80.828751,11.053722, 256.831818, 0.997492
5, 482,23,72.606003, 72.768501, 128.822205, 80.828751,11.053722, 256.831818, 0.997767
5, 482,24,150.307617, 149.153610, 128.822205, 80.828751,11.053722, 256.831818, 1.007737
5, 482,25,240.416168, 239.209076, 128.822205, 80.828751,11.053722, 256.831818, 1.005046
5, 482,26,119.831917, 120.146309, 128.822205, 80.828751,11.053722, 256.831818, 0.997383
5, 482,27,94.831963, 95.163330, 128.822205, 80.828751,11.053722, 256.831818, 0.996518
5, 482,28,222.403763, 222.389923, 128.822205, 80.828751,11.053722, 256.831818, 1.000062
5, 482,29,74.135384, 72.568817, 128.822205, 80.828751,11.053722, 256.831818, 1.021587
5, 482,30,44.270576, 44.544563, 128.822205, 80.828751,11.053722, 256.831818, 0.993849
5, 482,31,25.801214, 25.943645, 128.822205, 80.828751,11.053722, 256.831818, 0.994510
5, 483,0,94.166702, 93.796494, 128.715225, 74.644173,16.968189, 266.097656, 1.003947
5, 483,1,170.575531, 171.815903, 128.715225, 74.644173,16.968189, 266.097656, 0.992781
5, 483,2,242.857529, 242.099503, 128.715225, 74.644173,16.968189, 266.097656, 1.003131
5, 483,3,171.982986, 172.303528, 128.715225, 74.644173,16.968189, 266.097656, 0.998140
5, 483,4,180.884659, 181.584854, 128.715225, 74.644173,16.968189, 266.097656, 0.996144
5, 483,5,219.647766, 220.189590, 128.715225, 74.644173,16.968189, 266.097656, 0.997539
5, 483,6,18.129381, 17.033318, 128.715225, 74.644173,16.968189, 266.097656, 1.064348
5, 483,7,144.497803, 146.310837, 128.715225, 74.644173,16.968189, 266.097656, 0.987608
5, 483,8,40.877731, 40.513527, 128.715225, 74.644173,16.968189, 266.097656, 1.008990
5, 483,9,144.935486, 143.798340, 128.715225, 74.644173,16.968189, 266.097656, 1.007908
5, 483,10,68.052452, 69.878250, 128.715225, 74.644173,16.968189, 266.097656, 0.973872
5, 483,11,127.197701, 125.872047, 128.715225, 74.644173,16.968189, 266.097656, 1.010532
5, 483,12,47.347401, 47.720402, 128.715225, 74.644173,16.968189, 266.097656, 0.992184
5, 483,13,16.968189, 16.264694, 128.715225, 74.644173,16.968189, 266.097656, 1.043253
5, 483,14,221.805893, 220.611099, 128.715225, 74.644173,16.968189, 266.097656, 1.005416
5, 483,15,121.748238, 122.252083, 128.715225, 74.644173,16.968189, 266.097656, 0.995879
5, 483,16,266.097656, 266.389648, 128.715225, 74.644173,16.968189, 266.097656, 0.998904
5, 483,17,34.593018, 34.323212, 128.715225, 74.644173,16.968189, 266.097656, 1.007861
5, 483,18,209.893311, 209.775986, 128.715225, 74.644173,16.968189, 266.097656, 1.000559
5, 483,19,55.777927, 57.043064, 128.715225, 74.644173,16.968189, 266.097656, 0.977821
5, 483,20,116.850731, 116.764275, 128.715225, 74.644173,16.968189, 266.097656, 1.000740
5, 483,21,184.066925, 184.452744, 128.715225, 74.644173,16.968189, 266.097656, 0.997908
5, 483,22,53.598656, 55.290932, 128.715225, 74.644173,16.968189, 266.097656, 0.969393
5, 483,23,79.209091, 79.721588, 128.715225, 74.644173,16.968189, 266.097656, 0.993571
5, 483,24,30.231327, 30.182564, 128.715225, 74.644173,16.968189, 266.097656, 1.001616
5, 483,25,189.841660, 189.386795, 128.715225, 74.644173,16.968189, 266.097656, 1.002402
5, 483,26,111.116035, 111.474831, 128.715225, 74.644173,16.968189, 266.097656, 0.996781
5, 483,27,154.570862, 153.633423, 128.715225, 74.644173,16.968189, 266.097656, 1.006102
5, 483,28,151.862122, 152.162277, 128.715225, 74.644173,16.968189, 266.097656, 0.998027
5, 483,29,181.284317, 182.923752, 128.715225, 74.644173,16.968189, 266.097656, 0.991038
5, 483,30,26.373369, 26.240271, 128.715225, 74.644173,16.968189, 266.097656, 1.005072
5, 483,31,241.844955, 239.190292, 128.715225, 74.644173,16.968189, 266.097656, 1.011099
5, 484,0,194.506653, 194.069153, 128.831665, 65.323692,13.004684, 231.957642, 1.002254
5, 484,1,216.157227, 216.201691, 128.831665, 65.323692,13.004684, 231.957642, 0.999794
5, 484,2,217.437271, 217.320938, 128.831665, 65.323692,13.004684, 231.957642, 1.000535
5, 484,3,84.827103, 85.126373, 128.831665, 65.323692,13.004684, 231.957642, 0.996484
5, 484,4,88.897194, 88.040520, 128.831665, 65.323692,13.004684, 231.957642, 1.009730
5, 484,5,134.077072, 134.653259, 128.831665, 65.323692,13.004684, 231.957642, 0.995721
5, 484,6,185.331772, 186.807693, 128.831665, 65.323692,13.004684, 231.957642, 0.992099
5, 484,7,57.205269, 57.438538, 128.831665, 65.323692,13.004684, 231.957642, 0.995939
5, 484,8,231.957642, 232.226105, 128.831665, 65.323692,13.004684, 231.957642, 0.998844
5, 484,9,185.098099, 184.760269, 128.831665, 65.323692,13.004684, 231.957642, 1.001828
5, 484,10,168.018570, 168.285416, 128.831665, 65.323692,13.004684, 231.957642, 0.998414
5, 484,11,121.900780, 121.604431, 128.831665, 65.323692,13.004684, 231.957642, 1.002437
5, 484,12,143.860489, 143.641403, 128.831665, 65.323692,13.004684, 231.957642, 1.001525
5, 484,13,196.959869, 196.935547, 128.831665, 65.323692,13.004684, 231.957642, 1.000124
5, 484,14,47.672127, 47.365269, 128.831665, 65.323692,13.004684, 231.957642, 1.006479
5, 484,15,141.874664, 142.228699, 128.831665, 65.323692,13.004684, 231.957642, 0.997511
5, 484,16,210.530289, 210.612259, 128.831665, 65.323692,13.004684, 231.957642, 0.999611
5, 484,17,67.207626, 65.894348, 128.831665, 65.323692,13.004684, 231.957642, 1.019930
5, 484,18,202.762177, 203.330292, 128.831665, 65.323692,13.004684, 231.957642, 0.997206
5, 484,19,21.178547, 21.069675, 128.831665, 65.323692,13.004684, 231.957642, 1.005167
5, 484,20,180.525253, 180.726868, 128.831665, 65.323692,13.004684, 231.957642, 0.998884
5, 484,21,66.280617, 65.928474, 128.831665, 65.323692,13.004684, 231.957642, 1.005341
5, 484,22,33.166664, 32.255371, 128.831665, 65.323692,13.004684, 231.957642, 1.028252
5, 484,23,129.628647, 130.421951, 128.831665, 65.323692,13.004684, 231.957642, 0.993917
5, 484,24,13.004684, 12.982397, 128.831665, 65.323692,13.004684, 231.957642, 1.001717
5, 484,25,111.345970, 111.360550, 128.831665, 65.323692,13.004684, 231.957642, 0.999869
5, 484,26,81.517609, 81.748146, 128.831665, 65.323692,13.004684, 231.957642, 0.997180
5, 484,27,80.691078, 80.239883, 128.831665, 65.323692,13.004684, 231.957642, 1.005623
5, 484,28,138.355026, 138.167984, 128.831665, 65.323692,13.004684, 231.957642, 1.001354
5, 484,29,121.339546, 121.590782, 128.831665, 65.323692,13.004684, 231.957642, 0.997934
5, 484,30,201.716232, 201.009888, 128.831665, 65.323692,13.004684, 231.957642, 1.003514
5, 484,31,47.581627, 46.955788, 128.831665, 65.323692,13.004684, 231.957642, 1.013328
5, 485,0,70.936630, 70.671249, 128.805862, 69.132713,16.089571, 228.020081, 1.003755
5, 485,1,180.484879, 180.064972, 128.805862, 69.132713,16.089571, 228.020081, 1.002332
5, 485,2,84.083488, 84.928406, 128.805862, 69.132713,16.089571, 228.020081, 0.990051
5, 485,3,58.845055, 57.521591, 128.805862, 69.132713,16.089571, 228.020081, 1.023008
5, 485,4,28.435282, 28.566980, 128.805862, 69.132713,16.089571, 228.020081, 0.995390
5, 485,5,210.133118, 209.293121, 128.805862, 69.132713,16.089571, 228.020081, 1.004014
5, 485,6,213.165909, 213.776428, 128.805862, 69.132713,16.089571, 228.020081, 0.997144
5, 485,7,119.391449, 120.007515, 128.805862, 69.132713,16.089571, 228.020081, 0.994866
5, 485,8,226.516388, 226.298965, 128.805862, 69.132713,16.089571, 228.020081, 1.000961
5, 485,9,39.595959, 40.822655, 128.805862, 69.132713,16.089571, 228.020081, 0.969951
5, 485,10,170.575836, 169.610626, 128.805862, 69.132713,16.089571, 228.020081, 1.005691
5, 485,11,164.127762, 164.680344, 128.805862, 69.132713,16.089571, 228.020081, 0.996644
5, 485,12,100.722862, 99.959442, 128.805862, 69.132713,16.089571, 228.020081, 1.007637
5, 485,13,70.511467, 71.004837, 128.805862, 69.132713,16.089571, 228.020081, 0.993052
5, 485,14,135.717941, 135.392166, 128.805862, 69.132713,16.089571, 228.020081, 1.002406
5, 485,15,228.020081, 226.906067, 128.805862, 69.132713,16.089571, 228.020081, 1.004910
5, 485,16,85.526077, 86.256042, 128.805862, 69.132713,16.089571, 228.020081, 0.991537
5, 485,17,94.201607, 94.021751, 128.805862, 69.132713,16.089571, 228.020081, 1.001913
5, 485,18,147.976501, 148.381699, 128.805862, 69.132713,16.089571, 228.020081, 0.997269
5, 485,19,77.117203, 77.122665, 128.805862, 69.132713,16.089571, 228.020081, 0.999929
5, 485,20,25.647820, 24.737497, 128.805862, 69.132713,16.089571, 228.020081, 1.036799
5, 485,21,187.245865, 187.383698, 128.805862, 69.132713,16.089571, 228.020081, 0.999264
5, 485,22,203.041977, 203.769073, 128.805862, 69.132713,16.089571, 228.020081, 0.996432
5, 485,23,29.942715, 30.495062, 128.805862, 69.132713,16.089571, 228.020081, 0.981887
5, 485,24,144.843201, 144.612259, 128.805862, 69.132713,16.089571, 228.020081, 1.001597
5, 485,25,183.793564, 183.654297, 128.805862, 69.132713,16.089571, 228.020081, 1.000758
5, 485,26,227.260117, 227.106216, 128.805862, 69.132713,16.089571, 228.020081, 1.000678
5, 485,27,182.943237, 182.373352, 128.805862, 69.132713,16.089571, 228.020081, 1.003125
5, 485,28,215.762589, 215.911316, 128.805862, 69.132713,16.089571, 228.020081, 0.999311
5, 485,29,58.078758, 58.082001, 128.805862, 69.132713,16.089571, 228.020081, 0.999944
5, 485,30,141.052917, 141.183075, 128.805862, 69.132713,16.089571, 228.020081, 0.999078
5, 485,31,16.089571, 16.404707, 128.805862, 69.132713,16.089571, 228.020081, 0.980790
5, 486,0,182.484467, 183.646545, 128.778107, 52.895878,24.155302, 201.001328, 0.993672
5, 486,1,154.619263, 154.712357, 128.778107, 52.895878,24.155302, 201.001328, 0.999398
5, 486,2,126.926346, 128.292892, 128.778107, 52.895878,24.155302, 201.001328, 0.989348
5, 486,3,199.462173, 199.107681, 128.778107, 52.895878,24.155302, 201.001328, 1.001780
5, 486,4,183.089050, 183.812225, 128.778107, 52.895878,24.155302, 201.001328, 0.996066
5, 486,5,191.174561, 189.149353, 128.778107, 52.895878,24.155302, 201.001328, 1.010707
5, 486,6,96.302620, 96.264114, 128.778107, 52.895878,24.155302, 201.001328, 1.000400
5, 486,7,134.379364, 134.736511, 128.778107, 52.895878,24.155302, 201.001328, 0.997349
5, 486,8,116.238480, 116.476624, 128.778107, 52.895878,24.155302, 201.001328, 0.997955
5, 486,9,101.942604, 101.950363, 128.778107, 52.895878,24.155302, 201.001328, 0.999924
5, 486,10,171.460724, 171.546249, 128.778107, 52.895878,24.155302, 201.001328, 0.999501
5, 486,11,140.789993, 139.487885, 128.778107, 52.895878,24.155302, 201.001328, 1.009335
5, 486,12,201.001328, 201.474503, 128.778107, 52.895878,24.155302, 201.001328, 0.997651
5, 486,13,83.388123, 84.276245, 128.778107, 52.895878,24.155302, 201.001328, 0.989462
5, 486,14,39.927273, 40.164925, 128.778107, 52.895878,24.155302, 201.001328, 0.994083
5, 486,15,85.201660, 85.986259, 128.778107, 52.895878,24.155302, 201.001328, 0.990875
5, 486,16,55.909382, 54.205994, 128.778107, 52.895878,24.155302, 201.001328, 1.031424
5, 486,17,196.856888, 197.095901, 128.778107, 52.895878,24.155302, 201.001328, 0.998787
5, 486,18,180.354614, 180.108170, 128.778107, 52.895878,24.155302, 201.001328, 1.001368
5, 486,19,144.121658, 144.493683, 128.778107, 52.895878,24.155302, 201.001328, 0.997425
5, 486,20,71.094780, 70.927467, 128.778107, 52.895878,24.155302, 201.001328, 1.002359
5, 486,21,117.977165, 117.405602, 128.778107, 52.895878,24.155302, 201.001328, 1.004868
5, 486,22,31.167713, 29.437384, 128.778107, 52.895878,24.155302, 201.001328, 1.058780
5, 486,23,99.112717, 98.370567, 128.778107, 52.895878,24.155302, 201.001328, 1.007544
5, 486,24,113.764359, 113.600960, 128.778107, 52.895878,24.155302, 201.001328, 1.001438
5, 486,25,199.771835, 199.616562, 128.778107, 52.895878,24.155302, 201.001328, 1.000778
5, 486,26,158.403580, 158.292145, 128.778107, 52.895878,24.155302, 201.001328, 1.000704
5, 486,27,24.155302, 26.218529, 128.778107, 52.895878,24.155302, 201.001328, 0.921307
5, 486,28,104.538597, 105.175133, 128.778107, 52.895878,24.155302, 201.001328, 0.993948
5, 486,29,102.445244, 101.613091, 128.778107, 52.895878,24.155302, 201.001328, 1.008189
5, 486,30,113.100082, 113.600960, 128.778107, 52.895878,24.155302, 201.001328, 0.995591
5, 486,31,199.737061, 199.752640, 128.778107, 52.895878,24.155302, 201.001328, 0.999922
5, 487,0,86.492699, 87.415352, 128.691528, 79.156700,16.143642, 260.127777, 0.989445
5, 487,1,56.874081, 57.981789, 128.691528, 79.156700,16.143642, 260.127777, 0.980896
5, 487,2,236.265671, 235.215286, 128.691528, 79.156700,16.143642, 260.127777, 1.004466
5, 487,3,103.910133, 104.167351, 128.691528, 79.156700,16.143642, 260.127777, 0.997531
5, 487,4,199.336288, 198.118835, 128.691528, 79.156700,16.143642, 260.127777, 1.006145
5, 487,5,252.336029, 252.745926, 128.691528, 79.156700,16.143642, 260.127777, 0.998378
5, 487,6,130.568451, 131.149399, 128.691528, 79.156700,16.143642, 260.127777, 0.995570
5, 487,7,117.766937, 118.783905, 128.691528, 79.156700,16.143642, 260.127777, 0.991439
5, 487,8,144.206375, 143.576553, 128.691528, 79.156700,16.143642, 260.127777, 1.004387
5, 487,9,128.364258, 127.240852, 128.691528, 79.156700,16.143642, 260.127777, 1.008829
5, 487,10,66.174797, 65.182144, 128.691528, 79.156700,16.143642, 260.127777, 1.015229
5, 487,11,16.143642, 16.498819, 128.691528, 79.156700,16.143642, 260.127777, 0.978473
5, 487,12,171.134018, 171.283264, 128.691528, 79.156700,16.143642, 260.127777, 0.999129
5, 487,13,125.556671, 126.146156, 128.691528, 79.156700,16.143642, 260.127777, 0.995327
5, 487,14,66.377861, 67.556564, 128.691528, 79.156700,16.143642, 260.127777, 0.982552
5, 487,15,35.087345, 34.330101, 128.691528, 79.156700,16.143642, 260.127777, 1.022058
5, 487,16,227.657059, 228.986313, 128.691528, 79.156700,16.143642, 260.127777, 0.994195
5, 487,17,72.093964, 71.873688, 128.691528, 79.156700,16.143642, 260.127777, 1.003065
5, 487,18,33.297844, 32.233208, 128.691528, 79.156700,16.143642, 260.127777, 1.033029
5, 487,19,260.127777, 259.560852, 128.691528, 79.156700,16.143642, 260.127777, 1.002184
5, 487,20,115.013618, 115.653992, 128.691528, 79.156700,16.143642, 260.127777, 0.994463
5, 487,21,257.821259, 258.766785, 128.691528, 79.156700,16.143642, 260.127777, 0.996346
5, 487,22,129.517410, 128.713287, 128.691528, 79.156700,16.143642, 260.127777, 1.006247
5, 487,23,183.393494, 183.849197, 128.691528, 79.156700,16.143642, 260.127777, 0.997521
5, 487,24,219.503098, 219.141708, 128.691528, 79.156700,16.143642, 260.127777, 1.001649
5, 487,25,28.059673, 29.596678, 128.691528, 79.156700,16.143642, 260.127777, 0.948068
5, 487,26,178.614426, 178.128998, 128.691528, 79.156700,16.143642, 260.127777, 1.002725
5, 487,27,101.214073, 101.191620, 128.691528, 79.156700,16.143642, 260.127777, 1.000222
5, 487,28,259.873138, 259.067444, 128.691528, 79.156700,16.143642, 260.127777, 1.003110
5, 487,29,62.928024, 62.815430, 128.691528, 79.156700,16.143642, 260.127777, 1.001792
5, 487,30,21.018885, 22.581345, 128.691528, 79.156700,16.143642, 260.127777, 0.930807
5, 487,31,31.399715, 31.446875, 128.691528, 79.156700,16.143642, 260.127777, 0.998500
5, 488,0,139.173065, 138.685181, 128.814651, 73.788895,10.663082, 244.475891, 1.003518
5, 488,1,69.601578, 69.548218, 128.814651, 73.788895,10.663082, 244.475891, 1.000767
5, 488,2,10.813408, 11.331772, 128.814651, 73.788895,10.663082, 244.475891, 0.954256
5, 488,3,56.587677, 58.080574, 128.814651, 73.788895,10.663082, 244.475891, 0.974296
5, 488,4,126.029396, 127.253548, 128.814651, 73.788895,10.663082, 244.475891, 0.990380
5, 488,5,168.675385, 168.099350, 128.814651, 73.788895,10.663082, 244.475891, 1.003427
5, 488,6,90.679733, 90.928558, 128.814651, 73.788895,10.663082, 244.475891, 0.997263
5, 488,7,55.454601, 55.870556, 128.814651, 73.788895,10.663082, 244.475891, 0.992555
5, 488,8,56.749676, 54.848328, 128.814651, 73.788895,10.663082, 244.475891, 1.034666
5, 488,9,147.280624, 145.552811, 128.814651, 73.788895,10.663082, 244.475891, 1.011871
5, 488,10,185.905991, 185.405197, 128.814651, 73.788895,10.663082, 244.475891, 1.002701
5, 488,11,118.591682, 118.082314, 128.814651, 73.788895,10.663082, 244.475891, 1.004314
5, 488,12,147.470840, 147.582886, 128.814651, 73.788895,10.663082, 244.475891, 0.999241
5, 488,13,33.872852, 34.094276, 128.814651, 73.788895,10.663082, 244.475891, 0.993506
5, 488,14,71.904999, 71.628662, 128.814651, 73.788895,10.663082, 244.475891, 1.003858
5, 488,15,232.085175, 232.348373, 128.814651, 73.788895,10.663082, 244.475891, 0.998867
5, 488,16,10.663082, 10.950237, 128.814651, 73.788895,10.663082, 244.475891, 0.973776
5, 488,17,72.221565, 71.023956, 128.814651, 73.788895,10.663082, 244.475891, 1.016862
5, 488,18,107.376022, 107.132988, 128.814651, 73.788895,10.663082, 244.475891, 1.002269
5, 488,19,244.475891, 245.802872, 128.814651, 73.788895,10.663082, 244.475891, 0.994601
5, 488,20,55.863808, 57.166336, 128.814651, 73.788895,10.663082, 244.475891, 0.977215
5, 488,21,220.843033, 220.463211, 128.814651, 73.788895,10.663082, 244.475891, 1.001723
5, 488,22,218.012680, 217.698883, 128.814651, 73.788895,10.663082, 244.475891, 1.001441
5, 488,23,102.074783, 101.071617, 128.814651, 73.788895,10.663082, 244.475891, 1.009925
5, 488,24,237.043457, 236.833206, 128.814651, 73.788895,10.663082, 244.475891, 1.000888
5, 488,25,233.680008, 233.600952, 128.814651, 73.788895,10.663082, 244.475891, 1.000338
5, 488,26,100.567047, 99.883827, 128.814651, 73.788895,10.663082, 244.475891, 1.006840
5, 488,27,200.056442, 201.804001, 128.814651, 73.788895,10.663082, 244.475891, 0.991340
5, 488,28,34.388393, 33.410397, 128.814651, 73.788895,10.663082, 244.475891, 1.029272
5, 488,29,166.847824, 166.465240, 128.814651, 73.788895,10.663082, 244.475891, 1.002298
5, 488,30,173.026367, 174.059937, 128.814651, 73.788895,10.663082, 244.475891, 0.994062
5, 488,31,234.051605, 234.292053, 128.814651, 73.788895,10.663082, 244.475891, 0.998974
5, 489,0,23.029612, 22.029549, 128.648315, 63.285221,20.677841, 228.581696, 1.045396
5, 489,1,201.239014, 199.775574, 128.648315, 63.285221,20.677841, 228.581696, 1.007325
5, 489,2,103.826813, 104.402290, 128.648315, 63.285221,20.677841, 228.581696, 0.994488
5, 489,3,75.820534, 74.948769, 128.648315, 63.285221,20.677841, 228.581696, 1.011631
5, 489,4,215.162277, 214.893433, 128.648315, 63.285221,20.677841, 228.581696, 1.001251
5, 489,5,228.581696, 226.700439, 128.648315, 63.285221,20.677841, 228.581696, 1.008298
5, 489,6,119.758446, 120.140488, 128.648315, 63.285221,20.677841, 228.581696, 0.996820
5, 489,7,185.178314, 185.750076, 128.648315, 63.285221,20.677841, 228.581696, 0.996922
5, 489,8,54.076031, 54.517422, 128.648315, 63.285221,20.677841, 228.581696, 0.991904
5, 489,9,20.677841, 21.328274, 128.648315, 63.285221,20.677841, 228.581696, 0.969504
5, 489,10,212.735641, 213.828018, 128.648315, 63.285221,20.677841, 228.581696, 0.994891
5, 489,11,159.134964, 158.804977, 128.648315, 63.285221,20.677841, 228.581696, 1.002078
5, 489,12,220.369156, 219.269638, 128.648315, 63.285221,20.677841, 228.581696, 1.005014
5, 489,13,49.236134, 50.754814, 128.648315, 63.285221,20.677841, 228.581696, 0.970078
5, 489,14,202.117752, 205.116028, 128.648315, 63.285221,20.677841, 228.581696, 0.985383
5, 489,15,75.800758, 76.101822, 128.648315, 63.285221,20.677841, 228.581696, 0.996044
5, 489,16,183.285950, 183.268646, 128.648315, 63.285221,20.677841, 228.581696, 1.000094
5, 489,17,191.683182, 191.616501, 128.648315, 63.285221,20.677841, 228.581696, 1.000348
5, 489,18,154.865204, 153.963486, 128.648315, 63.285221,20.677841, 228.581696, 1.005857
5, 489,19,134.232437, 135.912415, 128.648315, 63.285221,20.677841, 228.581696, 0.987639
5, 489,20,96.556862, 95.332916, 128.648315, 63.285221,20.677841, 228.581696, 1.012839
5, 489,21,86.160789, 86.425392, 128.648315, 63.285221,20.677841, 228.581696, 0.996938
5, 489,22,93.268585, 92.440163, 128.648315, 63.285221,20.677841, 228.581696, 1.008962
5, 489,23,159.882614, 159.270248, 128.648315, 63.285221,20.677841, 228.581696, 1.003845
5, 489,24,186.758423, 188.251740, 128.648315, 63.285221,20.677841, 228.581696, 0.992067
5, 489,25,61.059521, 59.702805, 128.648315, 63.285221,20.677841, 228.581696, 1.022725
5, 489,26,67.137810, 65.987297, 128.648315, 63.285221,20.677841, 228.581696, 1.017435
5, 489,27,153.663727, 156.694412, 128.648315, 63.285221,20.677841, 228.581696, 0.980659
5, 489,28,100.988983, 100.396935, 128.648315, 63.285221,20.677841, 228.581696, 1.005897
5, 489,29,86.416832, 87.349182, 128.648315, 63.285221,20.677841, 228.581696, 0.989326
5, 489,30,48.404236, 49.055576, 128.648315, 63.285221,20.677841, 228.581696, 0.986722
5, 489,31,165.635803, 166.970779, 128.648315, 63.285221,20.677841, 228.581696, 0.992005
5, 490,0,173.034195, 174.763062, 128.499466, 65.831696,15.992183, 234.374680, 0.990107
5, 490,1,183.188400, 183.127441, 128.499466, 65.831696,15.992183, 234.374680, 1.000333
5, 490,2,79.505104, 79.550705, 128.499466, 65.831696,15.992183, 234.374680, 0.999427
5, 490,3,130.379410, 130.918274, 128.499466, 65.831696,15.992183, 234.374680, 0.995884
5, 490,4,181.100952, 183.038849, 128.499466, 65.831696,15.992183, 234.374680, 0.989413
5, 490,5,35.202614, 34.856941, 128.499466, 65.831696,15.992183, 234.374680, 1.009917
5, 490,6,147.583008, 146.724243, 128.499466, 65.831696,15.992183, 234.374680, 1.005853
5, 490,7,160.662735, 161.267807, 128.499466, 65.831696,15.992183, 234.374680, 0.996248
5, 490,8,165.140381, 164.161743, 128.499466, 65.831696,15.992183, 234.374680, 1.005961
5, 490,9,231.445831, 232.686279, 128.499466, 65.831696,15.992183, 234.374680, 0.994669
5, 490,10,234.374680, 233.845352, 128.499466, 65.831696,15.992183, 234.374680, 1.002264
5, 490,11,108.960022, 109.442528, 128.499466, 65.831696,15.992183, 234.374680, 0.995591
5, 490,12,195.573990, 194.238129, 128.499466, 65.831696,15.992183, 234.374680, 1.006877
5, 490,13,218.547089, 218.578293, 128.499466, 65.831696,15.992183, 234.374680, 0.999857
5, 490,14,221.077972, 222.077606, 128.499466, 65.831696,15.992183, 234.374680, 0.995499
5, 490,15,25.278864, 25.879799, 128.499466, 65.831696,15.992183, 234.374680, 0.976780
5, 490,16,193.150253, 193.455582, 128.499466, 65.831696,15.992183, 234.374680, 0.998422
5, 490,17,139.141174, 138.596100, 128.499466, 65.831696,15.992183, 234.374680, 1.003933
5, 490,18,73.767296, 74.486298, 128.499466, 65.831696,15.992183, 234.374680, 0.990347
5, 490,19,147.881500, 148.112152, 128.499466, 65.831696,15.992183, 234.374680, 0.998443
5, 490,20,157.814758, 157.561783, 128.499466, 65.831696,15.992183, 234.374680, 1.001606
5, 490,21,178.289185, 178.505997, 128.499466, 65.831696,15.992183, 234.374680, 0.998785
5, 490,22,46.438595, 45.155556, 128.499466, 65.831696,15.992183, 234.374680, 1.028414
5, 490,23,61.416534, 61.803135, 128.499466, 65.831696,15.992183, 234.374680, 0.993745
5, 490,24,164.115509, 165.032883, 128.499466, 65.831696,15.992183, 234.374680, 0.994441
5, 490,25,88.983215, 88.845299, 128.499466, 65.831696,15.992183, 234.374680, 1.001552
5, 490,26,77.507751, 77.933937, 128.499466, 65.831696,15.992183, 234.374680, 0.994531
5, 490,27,49.468517, 50.766266, 128.499466, 65.831696,15.992183, 234.374680, 0.974437
5, 490,28,105.590881, 106.799583, 128.499466, 65.831696,15.992183, 234.374680, 0.988683
5, 490,29,25.739704, 25.857651, 128.499466, 65.831696,15.992183, 234.374680, 0.995439
5, 490,30,95.631332, 95.910370, 128.499466, 65.831696,15.992183, 234.374680, 0.997091
5, 490,31,15.992183, 17.020775, 128.499466, 65.831696,15.992183, 234.374680, 0.939568
5, 491,0,161.767838, 161.584763, 129.070190, 58.942883,32.907204, 232.090958, 1.001133
5, 491,1,78.760139, 79.196709, 129.070190, 58.942883,32.907204, 232.090958, 0.994488
5, 491,2,93.577187, 93.354607, 129.070190, 58.942883,32.907204, 232.090958, 1.002384
5, 491,3,171.110733, 168.241684, 129.070190, 58.942883,32.907204, 232.090958, 1.017053
5, 491,4,109.967537, 109.751900, 129.070190, 58.942883,32.907204, 232.090958, 1.001965
5, 491,5,128.983231, 127.687492, 129.070190, 58.942883,32.907204, 232.090958, 1.010148
5, 491,6,81.476547, 81.116196, 129.070190, 58.942883,32.907204, 232.090958, 1.004442
5, 491,7,145.451324, 145.446121, 129.070190, 58.942883,32.907204, 232.090958, 1.000036
5, 491,8,228.930878, 228.181320, 129.070190, 58.942883,32.907204, 232.090958, 1.003285
5, 491,9,232.090958, 230.890381, 129.070190, 58.942883,32.907204, 232.090958, 1.005200
5, 491,10,139.770569, 139.027435, 129.070190, 58.942883,32.907204, 232.090958, 1.005345
5, 491,11,109.647751, 108.526695, 129.070190, 58.942883,32.907204, 232.090958, 1.010330
5, 491,12,226.036591, 225.111511, 129.070190, 58.942883,32.907204, 232.090958, 1.004109
5, 491,13,138.776596, 137.632065, 129.070190, 58.942883,32.907204, 232.090958, 1.008316
5, 491,14,49.713459, 50.547390, 129.070190, 58.942883,32.907204, 232.090958, 0.983502
5, 491,15,160.363602, 160.100906, 129.070190, 58.942883,32.907204, 232.090958, 1.001641
5, 491,16,207.189743, 207.141876, 129.070190, 58.942883,32.907204, 232.090958, 1.000231
5, 491,17,180.827332, 180.806824, 129.070190, 58.942883,32.907204, 232.090958, 1.000113
5, 491,18,93.114838, 93.055107, 129.070190, 58.942883,32.907204, 232.090958, 1.000642
5, 491,19,212.407135, 212.165207, 129.070190, 58.942883,32.907204, 232.090958, 1.001140
5, 491,20,101.714737, 101.597496, 129.070190, 58.942883,32.907204, 232.090958, 1.001154
5, 491,21,138.086945, 138.557755, 129.070190, 58.942883,32.907204, 232.090958, 0.996602
5, 491,22,132.078125, 132.874191, 129.070190, 58.942883,32.907204, 232.090958, 0.994009
5, 491,23,52.279224, 52.500908, 129.070190, 58.942883,32.907204, 232.090958, 0.995778
5, 491,24,43.988197, 42.978363, 129.070190, 58.942883,32.907204, 232.090958, 1.023496
5, 491,25,109.941803, 110.221550, 129.070190, 58.942883,32.907204, 232.090958, 0.997462
5, 491,26,35.062305, 36.301010, 129.070190, 58.942883,32.907204, 232.090958, 0.965877
5, 491,27,147.290131, 146.787048, 129.070190, 58.942883,32.907204, 232.090958, 1.003427
5, 491,28,113.854790, 113.332207, 129.070190, 58.942883,32.907204, 232.090958, 1.004611
5, 491,29,207.975388, 207.856567, 129.070190, 58.942883,32.907204, 232.090958, 1.000572
5, 491,30,65.103447, 65.426796, 129.070190, 58.942883,32.907204, 232.090958, 0.995058
5, 491,31,32.907204, 32.999771, 129.070190, 58.942883,32.907204, 232.090958, 0.997195
5, 492,0,195.410873, 195.112717, 128.395309, 79.361595,16.371592, 246.501968, 1.001528
5, 492,1,246.501968, 247.471588, 128.395309, 79.361595,16.371592, 246.501968, 0.996082
5, 492,2,44.480728, 43.745041, 128.395309, 79.361595,16.371592, 246.501968, 1.016818
5, 492,3,231.011032, 229.374573, 128.395309, 79.361595,16.371592, 246.501968, 1.007134
5, 492,4,170.863968, 170.384354, 128.395309, 79.361595,16.371592, 246.501968, 1.002815
5, 492,5,17.170099, 17.346941, 128.395309, 79.361595,16.371592, 246.501968, 0.989806
5, 492,6,189.918381, 190.127274, 128.395309, 79.361595,16.371592, 246.501968, 0.998901
5, 492,7,61.690533, 60.967419, 128.395309, 79.361595,16.371592, 246.501968, 1.011861
5, 492,8,39.744591, 38.990204, 128.395309, 79.361595,16.371592, 246.501968, 1.019348
5, 492,9,230.051849, 231.410080, 128.395309, 79.361595,16.371592, 246.501968, 0.994131
5, 492,10,104.160896, 105.025208, 128.395309, 79.361595,16.371592, 246.501968, 0.991770
5, 492,11,156.611969, 157.861176, 128.395309, 79.361595,16.371592, 246.501968, 0.992087
5, 492,12,115.419785, 114.121422, 128.395309, 79.361595,16.371592, 246.501968, 1.011377
5, 492,13,16.371592, 18.460114, 128.395309, 79.361595,16.371592, 246.501968, 0.886863
5, 492,14,241.026520, 243.034790, 128.395309, 79.361595,16.371592, 246.501968, 0.991737
5, 492,15,29.429054, 31.698921, 128.395309, 79.361595,16.371592, 246.501968, 0.928393
5, 492,16,145.390259, 146.586319, 128.395309, 79.361595,16.371592, 246.501968, 0.991841
5, 492,17,188.609894, 188.218979, 128.395309, 79.361595,16.371592, 246.501968, 1.002077
5, 492,18,203.963043, 202.976471, 128.395309, 79.361595,16.371592, 246.501968, 1.004861
5, 492,19,142.430130, 143.159332, 128.395309, 79.361595,16.371592, 246.501968, 0.994906
5, 492,20,69.940674, 70.922363, 128.395309, 79.361595,16.371592, 246.501968, 0.986158
5, 492,21,243.782883, 244.132065, 128.395309, 79.361595,16.371592, 246.501968, 0.998570
5, 492,22,36.141365, 36.008492, 128.395309, 79.361595,16.371592, 246.501968, 1.003690
5, 492,23,94.202690, 94.617043, 128.395309, 79.361595,16.371592, 246.501968, 0.995621
5, 492,24,117.059792, 118.860359, 128.395309, 79.361595,16.371592, 246.501968, 0.984851
5, 492,25,160.217209, 159.793320, 128.395309, 79.361595,16.371592, 246.501968, 1.002653
5, 492,26,29.835539, 29.663403, 128.395309, 79.361595,16.371592, 246.501968, 1.005803
5, 492,27,90.798691, 92.295280, 128.395309, 79.361595,16.371592, 246.501968, 0.983785
5, 492,28,243.316788, 243.336960, 128.395309, 79.361595,16.371592, 246.501968, 0.999917
5, 492,29,53.542526, 55.163013, 128.395309, 79.361595,16.371592, 246.501968, 0.970624
5, 492,30,18.842472, 18.046650, 128.395309, 79.361595,16.371592, 246.501968, 1.044098
5, 492,31,180.712265, 182.088577, 128.395309, 79.361595,16.371592, 246.501968, 0.992442
5, 493,0,180.983337, 180.325043, 128.943298, 52.222275,17.519863, 203.641129, 1.003651
5, 493,1,126.808411, 125.399635, 128.943298, 52.222275,17.519863, 203.641129, 1.011234
5, 493,2,141.682037, 142.720413, 128.943298, 52.222275,17.519863, 203.641129, 0.992724
5, 493,3,182.145187, 181.859161, 128.943298, 52.222275,17.519863, 203.641129, 1.001573
5, 493,4,135.341614, 135.464249, 128.943298, 52.222275,17.519863, 203.641129, 0.999095
5, 493,5,143.711823, 143.437988, 128.943298, 52.222275,17.519863, 203.641129, 1.001909
5, 493,6,166.274902, 166.239548, 128.943298, 52.222275,17.519863, 203.641129, 1.000213
5, 493,7,86.069595, 86.211395, 128.943298, 52.222275,17.519863, 203.641129, 0.998355
5, 493,8,76.932320, 76.827255, 128.943298, 52.222275,17.519863, 203.641129, 1.001368
5, 493,9,185.653931, 186.201736, 128.943298, 52.222275,17.519863, 203.641129, 0.997058
5, 493,10,95.940247, 95.713074, 128.943298, 52.222275,17.519863, 203.641129, 1.002373
5, 493,11,135.890244, 136.002426, 128.943298, 52.222275,17.519863, 203.641129, 0.999175
5, 493,12,175.358170, 175.685547, 128.943298, 52.222275,17.519863, 203.641129, 0.998137
5, 493,13,59.327785, 59.098198, 128.943298, 52.222275,17.519863, 203.641129, 1.003885
5, 493,14,64.031654, 64.053177, 128.943298, 52.222275,17.519863, 203.641129, 0.999664
5, 493,15,169.884079, 170.136719, 128.943298, 52.222275,17.519863, 203.641129, 0.998515
5, 493,16,99.904633, 101.051582, 128.943298, 52.222275,17.519863, 203.641129, 0.988650
5, 493,17,56.949585, 55.986649, 128.943298, 52.222275,17.519863, 203.641129, 1.017199
5, 493,18,172.178024, 172.035812, 128.943298, 52.222275,17.519863, 203.641129, 1.000827
5, 493,19,81.348015, 81.151253, 128.943298, 52.222275,17.519863, 203.641129, 1.002425
5, 493,20,97.619652, 97.401855, 128.943298, 52.222275,17.519863, 203.641129, 1.002236
5, 493,21,184.307312, 183.900543, 128.943298, 52.222275,17.519863, 203.641129, 1.002212
5, 493,22,104.079292, 102.919754, 128.943298, 52.222275,17.519863, 203.641129, 1.011266
5, 493,23,186.697052, 185.941910, 128.943298, 52.222275,17.519863, 203.641129, 1.004061
5, 493,24,202.793091, 201.969818, 128.943298, 52.222275,17.519863, 203.641129, 1.004076
5, 493,25,103.736641, 103.989929, 128.943298, 52.222275,17.519863, 203.641129, 0.997564
5, 493,26,34.601650, 34.428474, 128.943298, 52.222275,17.519863, 203.641129, 1.005030
5, 493,27,137.323898, 136.707626, 128.943298, 52.222275,17.519863, 203.641129, 1.004508
5, 493,28,193.418503, 192.517624, 128.943298, 52.222275,17.519863, 203.641129, 1.004679
5, 493,29,124.031761, 124.372765, 128.943298, 52.222275,17.519863, 203.641129, 0.997258
5, 493,30,17.519863, 16.612823, 128.943298, 52.222275,17.519863, 203.641129, 1.054599
5, 493,31,203.641129, 204.635986, 128.943298, 52.222275,17.519863, 203.641129, 0.995138
5, 494,0,114.602554, 113.353615, 128.805313, 44.309620,32.383286, 196.649811, 1.011018
5, 494,1,32.987865, 31.960535, 128.805313, 44.309620,32.383286, 196.649811, 1.032144
5, 494,2,144.191269, 144.562836, 128.805313, 44.309620,32.383286, 196.649811, 0.997430
5, 494,3,144.340973, 145.173981, 128.805313, 44.309620,32.383286, 196.649811, 0.994262
5, 494,4,154.835297, 155.394669, 128.805313, 44.309620,32.383286, 196.649811, 0.996400
5, 494,5,154.053253, 153.654373, 128.805313, 44.309620,32.383286, 196.649811, 1.002596
5, 494,6,162.628357, 162.885590, 128.805313, 44.309620,32.383286, 196.649811, 0.998421
5, 494,7,137.115143, 136.862396, 128.805313, 44.309620,32.383286, 196.649811, 1.001847
5, 494,8,73.190285, 73.495224, 128.805313, 44.309620,32.383286, 196.649811, 0.995851
5, 494,9,48.884590, 48.211212, 128.805313, 44.309620,32.383286, 196.649811, 1.013967
5, 494,10,115.278572, 114.535172, 128.805313, 44.309620,32.383286, 196.649811, 1.006491
5, 494,11,98.708176, 99.361275, 128.805313, 44.309620,32.383286, 196.649811, 0.993427
5, 494,12,176.799957, 176.732437, 128.805313, 44.309620,32.383286, 196.649811, 1.000382
5, 494,13,102.823952, 101.933914, 128.805313, 44.309620,32.383286, 196.649811, 1.008731
5, 494,14,143.251816, 144.848038, 128.805313, 44.309620,32.383286, 196.649811, 0.988980
5, 494,15,165.048218, 165.970428, 128.805313, 44.309620,32.383286, 196.649811, 0.994444
5, 494,16,169.615463, 169.218231, 128.805313, 44.309620,32.383286, 196.649811, 1.002347
5, 494,17,32.383286, 32.187531, 128.805313, 44.309620,32.383286, 196.649811, 1.006082
5, 494,18,129.862717, 130.686890, 128.805313, 44.309620,32.383286, 196.649811, 0.993694
5, 494,19,91.772362, 90.781944, 128.805313, 44.309620,32.383286, 196.649811, 1.010910
5, 494,20,58.893173, 59.753151, 128.805313, 44.309620,32.383286, 196.649811, 0.985608
5, 494,21,187.568771, 187.383835, 128.805313, 44.309620,32.383286, 196.649811, 1.000987
5, 494,22,96.020554, 95.653648, 128.805313, 44.309620,32.383286, 196.649811, 1.003836
5, 494,23,125.741196, 124.942123, 128.805313, 44.309620,32.383286, 196.649811, 1.006396
5, 494,24,131.836227, 131.711304, 128.805313, 44.309620,32.383286, 196.649811, 1.000948
5, 494,25,136.779541, 135.459656, 128.805313, 44.309620,32.383286, 196.649811, 1.009744
5, 494,26,177.534607, 177.139862, 128.805313, 44.309620,32.383286, 196.649811, 1.002228
5, 494,27,184.005905, 185.684280, 128.805313, 44.309620,32.383286, 196.649811, 0.990961
5, 494,28,122.666924, 122.037727, 128.805313, 44.309620,32.383286, 196.649811, 1.005156
5, 494,29,196.649811, 197.074875, 128.805313, 44.309620,32.383286, 196.649811, 0.997843
5, 494,30,151.014023, 151.192322, 128.805313, 44.309620,32.383286, 196.649811, 0.998821
5, 494,31,160.684845, 161.156921, 128.805313, 44.309620,32.383286, 196.649811, 0.997071
5, 495,0,160.562744, 160.683777, 128.753342, 66.936707,10.798236, 222.988449, 0.999247
5, 495,1,43.592449, 45.044125, 128.753342, 66.936707,10.798236, 222.988449, 0.967772
5, 495,2,161.035934, 160.604324, 128.753342, 66.936707,10.798236, 222.988449, 1.002687
5, 495,3,104.128326, 104.936279, 128.753342, 66.936707,10.798236, 222.988449, 0.992301
5, 495,4,65.481003, 65.734261, 128.753342, 66.936707,10.798236, 222.988449, 0.996147
5, 495,5,211.077271, 211.624542, 128.753342, 66.936707,10.798236, 222.988449, 0.997414
5, 495,6,51.265091, 50.003136, 128.753342, 66.936707,10.798236, 222.988449, 1.025238
5, 495,7,33.424770, 34.146217, 128.753342, 66.936707,10.798236, 222.988449, 0.978872
5, 495,8,59.302204, 59.166382, 128.753342, 66.936707,10.798236, 222.988449, 1.002296
5, 495,9,177.472519, 178.334946, 128.753342, 66.936707,10.798236, 222.988449, 0.995164
5, 495,10,51.967079, 51.625244, 128.753342, 66.936707,10.798236, 222.988449, 1.006621
5, 495,11,10.798236, 10.880572, 128.753342, 66.936707,10.798236, 222.988449, 0.992433
5, 495,12,37.944687, 38.827152, 128.753342, 66.936707,10.798236, 222.988449, 0.977272
5, 495,13,78.554741, 78.042404, 128.753342, 66.936707,10.798236, 222.988449, 1.006565
5, 495,14,180.217590, 179.268478, 128.753342, 66.936707,10.798236, 222.988449, 1.005294
5, 495,15,165.493164, 166.755096, 128.753342, 66.936707,10.798236, 222.988449, 0.992432
5, 495,16,66.049339, 67.124634, 128.753342, 66.936707,10.798236, 222.988449, 0.983981
5, 495,17,196.418777, 195.615341, 128.753342, 66.936707,10.798236, 222.988449, 1.004107
5, 495,18,222.988449, 222.906464, 128.753342, 66.936707,10.798236, 222.988449, 1.000368
5, 495,19,175.274399, 174.289612, 128.753342, 66.936707,10.798236, 222.988449, 1.005650
5, 495,20,202.180374, 202.467926, 128.753342, 66.936707,10.798236, 222.988449, 0.998580
5, 495,21,199.495163, 199.210464, 128.753342, 66.936707,10.798236, 222.988449, 1.001429
5, 495,22,21.651405, 20.997221, 128.753342, 66.936707,10.798236, 222.988449, 1.031156
5, 495,23,192.452896, 192.801483, 128.753342, 66.936707,10.798236, 222.988449, 0.998192
5, 495,24,185.620819, 183.558807, 128.753342, 66.936707,10.798236, 222.988449, 1.011234
5, 495,25,113.780624, 114.311386, 128.753342, 66.936707,10.798236, 222.988449, 0.995357
5, 495,26,144.993561, 145.045349, 128.753342, 66.936707,10.798236, 222.988449, 0.999643
5, 495,27,143.262299, 143.502686, 128.753342, 66.936707,10.798236, 222.988449, 0.998325
5, 495,28,220.895935, 220.979797, 128.753342, 66.936707,10.798236, 222.988449, 0.999620
5, 495,29,146.014572, 145.740540, 128.753342, 66.936707,10.798236, 222.988449, 1.001880
5, 495,30,182.790237, 182.850357, 128.753342, 66.936707,10.798236, 222.988449, 0.999671
5, 495,31,113.920471, 113.920769, 128.753342, 66.936707,10.798236, 222.988449, 0.999997
5, 496,0,181.805847, 181.658829, 128.857193, 82.389168,7.958722, 300.428833, 1.000809
5, 496,1,41.542408, 40.062511, 128.857193, 82.389168,7.958722, 300.428833, 1.036940
5, 496,2,212.853455, 212.771591, 128.857193, 82.389168,7.958722, 300.428833, 1.000385
5, 496,3,34.982368, 33.114651, 128.857193, 82.389168,7.958722, 300.428833, 1.056402
5, 496,4,76.591362, 74.729996, 128.857193, 82.389168,7.958722, 300.428833, 1.024908
5, 496,5,35.440895, 34.838150, 128.857193, 82.389168,7.958722, 300.428833, 1.017301
5, 496,6,151.298889, 150.025406, 128.857193, 82.389168,7.958722, 300.428833, 1.008488
5, 496,7,93.708679, 96.399429, 128.857193, 82.389168,7.958722, 300.428833, 0.972088
5, 496,8,164.744522, 163.786499, 128.857193, 82.389168,7.958722, 300.428833, 1.005849
5, 496,9,101.618645, 101.201889, 128.857193, 82.389168,7.958722, 300.428833, 1.004118
5, 496,10,145.981628, 145.842346, 128.857193, 82.389168,7.958722, 300.428833, 1.000955
5, 496,11,55.049515, 55.636852, 128.857193, 82.389168,7.958722, 300.428833, 0.989443
5, 496,12,27.294971, 28.339119, 128.857193, 82.389168,7.958722, 300.428833, 0.963155
5, 496,13,179.544937, 180.608566, 128.857193, 82.389168,7.958722, 300.428833, 0.994111
5, 496,14,71.583679, 70.932915, 128.857193, 82.389168,7.958722, 300.428833, 1.009174
5, 496,15,182.300735, 183.956833, 128.857193, 82.389168,7.958722, 300.428833, 0.990997
5, 496,16,223.665359, 222.753525, 128.857193, 82.389168,7.958722, 300.428833, 1.004094
5, 496,17,225.044937, 224.423172, 128.857193, 82.389168,7.958722, 300.428833, 1.002771
5, 496,18,81.624153, 81.130287, 128.857193, 82.389168,7.958722, 300.428833, 1.006087
5, 496,19,130.996872, 131.174622, 128.857193, 82.389168,7.958722, 300.428833, 0.998645
5, 496,20,121.286751, 121.955704, 128.857193, 82.389168,7.958722, 300.428833, 0.994515
5, 496,21,221.225327, 222.502197, 128.857193, 82.389168,7.958722, 300.428833, 0.994261
5, 496,22,125.974976, 127.126198, 128.857193, 82.389168,7.958722, 300.428833, 0.990944
5, 496,23,137.482880, 137.269714, 128.857193, 82.389168,7.958722, 300.428833, 1.001553
5, 496,24,54.972702, 53.419640, 128.857193, 82.389168,7.958722, 300.428833, 1.029073
5, 496,25,19.921703, 21.014244, 128.857193, 82.389168,7.958722, 300.428833, 0.948009
5, 496,26,98.656609, 96.686676, 128.857193, 82.389168,7.958722, 300.428833, 1.020374
5, 496,27,54.453785, 54.236504, 128.857193, 82.389168,7.958722, 300.428833, 1.004006
5, 496,28,296.667908, 297.582184, 128.857193, 82.389168,7.958722, 300.428833, 0.996928
5, 496,29,300.428833, 298.919678, 128.857193, 82.389168,7.958722, 300.428833, 1.005049
5, 496,30,7.958722, 10.287251, 128.857193, 82.389168,7.958722, 300.428833, 0.773649
5, 496,31,266.725647, 266.613007, 128.857193, 82.389168,7.958722, 300.428833, 1.000422
5, 497,0,230.304626, 230.388290, 128.646286, 68.735123,9.995774, 230.304626, 0.999637
5, 497,1,36.225578, 37.464531, 128.646286, 68.735123,9.995774, 230.304626, 0.966930
5, 497,2,110.403152, 111.756157, 128.646286, 68.735123,9.995774, 230.304626, 0.987893
5, 497,3,184.043350, 183.038483, 128.646286, 68.735123,9.995774, 230.304626, 1.005490
5, 497,4,174.871445, 175.287476, 128.646286, 68.735123,9.995774, 230.304626, 0.997627
5, 497,5,107.362518, 107.245941, 128.646286, 68.735123,9.995774, 230.304626, 1.001087
5, 497,6,104.924568, 105.356720, 128.646286, 68.735123,9.995774, 230.304626, 0.995898
5, 497,7,89.086700, 89.040802, 128.646286, 68.735123,9.995774, 230.304626, 1.000515
5, 497,8,44.536934, 44.185051, 128.646286, 68.735123,9.995774, 230.304626, 1.007964
5, 497,9,83.179237, 82.954987, 128.646286, 68.735123,9.995774, 230.304626, 1.002703
5, 497,10,40.013390, 39.824177, 128.646286, 68.735123,9.995774, 230.304626, 1.004751
5, 497,11,226.299774, 225.340439, 128.646286, 68.735123,9.995774, 230.304626, 1.004257
5, 497,12,18.797153, 19.266853, 128.646286, 68.735123,9.995774, 230.304626, 0.975621
5, 497,13,108.056435, 109.224754, 128.646286, 68.735123,9.995774, 230.304626, 0.989304
5, 497,14,221.521408, 221.659073, 128.646286, 68.735123,9.995774, 230.304626, 0.999379
5, 497,15,19.364813, 20.476545, 128.646286, 68.735123,9.995774, 230.304626, 0.945707
5, 497,16,158.726974, 159.128372, 128.646286, 68.735123,9.995774, 230.304626, 0.997478
5, 497,17,206.588364, 206.298965, 128.646286, 68.735123,9.995774, 230.304626, 1.001403
5, 497,18,124.504784, 124.301132, 128.646286, 68.735123,9.995774, 230.304626, 1.001638
5, 497,19,128.680984, 127.116280, 128.646286, 68.735123,9.995774, 230.304626, 1.012309
5, 497,20,184.382919, 185.696823, 128.646286, 68.735123,9.995774, 230.304626, 0.992924
5, 497,21,205.608307, 205.903198, 128.646286, 68.735123,9.995774, 230.304626, 0.998568
5, 497,22,202.406204, 201.557266, 128.646286, 68.735123,9.995774, 230.304626, 1.004212
5, 497,23,193.743958, 193.305954, 128.646286, 68.735123,9.995774, 230.304626, 1.002266
5, 497,24,206.791870, 206.328827, 128.646286, 68.735123,9.995774, 230.304626, 1.002244
5, 497,25,62.662548, 62.278191, 128.646286, 68.735123,9.995774, 230.304626, 1.006172
5, 497,26,127.480949, 128.699341, 128.646286, 68.735123,9.995774, 230.304626, 0.990533
5, 497,27,9.995774, 10.029869, 128.646286, 68.735123,9.995774, 230.304626, 0.996601
5, 497,28,115.119812, 115.556992, 128.646286, 68.735123,9.995774, 230.304626, 0.996217
5, 497,29,209.388168, 209.547211, 128.646286, 68.735123,9.995774, 230.304626, 0.999241
5, 497,30,85.271385, 85.449051, 128.646286, 68.735123,9.995774, 230.304626, 0.997921
5, 497,31,96.337051, 97.292099, 128.646286, 68.735123,9.995774, 230.304626, 0.990184
5, 498,0,189.211975, 189.430649, 128.763123, 66.695129,14.537774, 234.434311, 0.998846
5, 498,1,46.430130, 45.702065, 128.763123, 66.695129,14.537774, 234.434311, 1.015931
5, 498,2,71.553818, 71.479111, 128.763123, 66.695129,14.537774, 234.434311, 1.001045
5, 498,3,113.496925, 113.763481, 128.763123, 66.695129,14.537774, 234.434311, 0.997657
5, 498,4,144.812241, 143.457535, 128.763123, 66.695129,14.537774, 234.434311, 1.009443
5, 498,5,87.510262, 89.260201, 128.763123, 66.695129,14.537774, 234.434311, 0.980395
5, 498,6,202.275345, 201.741211, 128.763123, 66.695129,14.537774, 234.434311, 1.002648
5, 498,7,211.389221, 212.917892, 128.763123, 66.695129,14.537774, 234.434311, 0.992820
5, 498,8,108.556046, 106.930840, 128.763123, 66.695129,14.537774, 234.434311, 1.015199
5, 498,9,14.537774, 14.056886, 128.763123, 66.695129,14.537774, 234.434311, 1.034210
5, 498,10,152.296753, 152.874512, 128.763123, 66.695129,14.537774, 234.434311, 0.996221
5, 498,11,51.093327, 50.620392, 128.763123, 66.695129,14.537774, 234.434311, 1.009343
5, 498,12,93.038086, 92.256844, 128.763123, 66.695129,14.537774, 234.434311, 1.008468
5, 498,13,57.739101, 57.195347, 128.763123, 66.695129,14.537774, 234.434311, 1.009507
5, 498,14,198.764725, 199.944702, 128.763123, 66.695129,14.537774, 234.434311, 0.994098
5, 498,15,64.088593, 64.631744, 128.763123, 66.695129,14.537774, 234.434311, 0.991596
5, 498,16,183.602127, 184.409256, 128.763123, 66.695129,14.537774, 234.434311, 0.995623
5, 498,17,234.434311, 232.517563, 128.763123, 66.695129,14.537774, 234.434311, 1.008243
5, 498,18,97.634399, 98.434204, 128.763123, 66.695129,14.537774, 234.434311, 0.991875
5, 498,19,28.619789, 29.231552, 128.763123, 66.695129,14.537774, 234.434311, 0.979072
5, 498,20,199.594101, 198.788742, 128.763123, 66.695129,14.537774, 234.434311, 1.004051
5, 498,21,180.658310, 180.691055, 128.763123, 66.695129,14.537774, 234.434311, 0.999819
5, 498,22,167.738098, 167.349716, 128.763123, 66.695129,14.537774, 234.434311, 1.002321
5, 498,23,178.805115, 178.762009, 128.763123, 66.695129,14.537774, 234.434311, 1.000241
5, 498,24,79.992111, 80.417511, 128.763123, 66.695129,14.537774, 234.434311, 0.994710
5, 498,25,173.966949, 173.269379, 128.763123, 66.695129,14.537774, 234.434311, 1.004026
5, 498,26,116.289078, 116.627609, 128.763123, 66.695129,14.537774, 234.434311, 0.997097
5, 498,27,170.500198, 171.561218, 128.763123, 66.695129,14.537774, 234.434311, 0.993815
5, 498,28,24.240274, 26.477875, 128.763123, 66.695129,14.537774, 234.434311, 0.915492
5, 498,29,51.522884, 51.408211, 128.763123, 66.695129,14.537774, 234.434311, 1.002231
5, 498,30,210.949783, 210.355637, 128.763123, 66.695129,14.537774, 234.434311, 1.002825
5, 498,31,215.077850, 214.434616, 128.763123, 66.695129,14.537774, 234.434311, 1.003000
5, 499,0,154.989044, 156.709610, 128.662720, 66.487564,15.500551, 234.481644, 0.989021
5, 499,1,234.300888, 235.206833, 128.662720, 66.487564,15.500551, 234.481644, 0.996148
5, 499,2,67.061699, 67.927536, 128.662720, 66.487564,15.500551, 234.481644, 0.987254
5, 499,3,102.516594, 101.612755, 128.662720, 66.487564,15.500551, 234.481644, 1.008895
5, 499,4,172.689529, 173.926010, 128.662720, 66.487564,15.500551, 234.481644, 0.992891
5, 499,5,156.916962, 157.261230, 128.662720, 66.487564,15.500551, 234.481644, 0.997811
5, 499,6,178.887680, 180.487411, 128.662720, 66.487564,15.500551, 234.481644, 0.991137
5, 499,7,15.500551, 14.971853, 128.662720, 66.487564,15.500551, 234.481644, 1.035313
5, 499,8,18.578398, 19.435635, 128.662720, 66.487564,15.500551, 234.481644, 0.955894
5, 499,9,134.714661, 134.601181, 128.662720, 66.487564,15.500551, 234.481644, 1.000843
5, 499,10,234.481644, 235.751190, 128.662720, 66.487564,15.500551, 234.481644, 0.994615
5, 499,11,19.670164, 19.689671, 128.662720, 66.487564,15.500551, 234.481644, 0.999009
5, 499,12,50.021339, 47.894962, 128.662720, 66.487564,15.500551, 234.481644, 1.044397
5, 499,13,162.260086, 161.514511, 128.662720, 66.487564,15.500551, 234.481644, 1.004616
5, 499,14,49.399540, 48.925625, 128.662720, 66.487564,15.500551, 234.481644, 1.009686
5, 499,15,206.058273, 205.774902, 128.662720, 66.487564,15.500551, 234.481644, 1.001377
5, 499,16,74.477562, 74.416351, 128.662720, 66.487564,15.500551, 234.481644, 1.000823
5, 499,17,180.286392, 180.603531, 128.662720, 66.487564,15.500551, 234.481644, 0.998244
5, 499,18,82.751785, 82.676163, 128.662720, 66.487564,15.500551, 234.481644, 1.000915
5, 499,19,98.153503, 97.686081, 128.662720, 66.487564,15.500551, 234.481644, 1.004785
5, 499,20,95.555199, 96.401382, 128.662720, 66.487564,15.500551, 234.481644, 0.991222
5, 499,21,87.293076, 87.321404, 128.662720, 66.487564,15.500551, 234.481644, 0.999676
5, 499,22,156.355469, 155.076508, 128.662720, 66.487564,15.500551, 234.481644, 1.008247
5, 499,23,181.723022, 181.815659, 128.662720, 66.487564,15.500551, 234.481644, 0.999490
5, 499,24,139.682526, 140.792419, 128.662720, 66.487564,15.500551, 234.481644, 0.992117
5, 499,25,217.698990, 218.128326, 128.662720, 66.487564,15.500551, 234.481644, 0.998032
5, 499,26,26.247410, 26.592201, 128.662720, 66.487564,15.500551, 234.481644, 0.987034
5, 499,27,175.110535, 175.377655, 128.662720, 66.487564,15.500551, 234.481644, 0.998477
5, 499,28,136.113342, 135.856857, 128.662720, 66.487564,15.500551, 234.481644, 1.001888
5, 499,29,100.660576, 99.892563, 128.662720, 66.487564,15.500551, 234.481644, 1.007688
5, 499,30,208.598373, 208.612869, 128.662720, 66.487564,15.500551, 234.481644, 0.999931
5, 499,31,198.452347, 198.059464, 128.662720, 66.487564,15.500551, 234.481644, 1.001984
5, 500,0,115.607590, 114.793793, 128.814331, 71.908539,16.352510, 236.131851, 1.007089
5, 500,1,16.352510, 16.782698, 128.814331, 71.908539,16.352510, 236.131851, 0.974367
5, 500,2,27.997318, 28.438835, 128.814331, 71.908539,16.352510, 236.131851, 0.984475
5, 500,3,190.825790, 190.562408, 128.814331, 71.908539,16.352510, 236.131851, 1.001382
5, 500,4,211.061829, 211.111084, 128.814331, 71.908539,16.352510, 236.131851, 0.999767
5, 500,5,80.184952, 81.103172, 128.814331, 71.908539,16.352510, 236.131851, 0.988678
5, 500,6,91.677650, 92.231857, 128.814331, 71.908539,16.352510, 236.131851, 0.993991
5, 500,7,147.705338, 148.008957, 128.814331, 71.908539,16.352510, 236.131851, 0.997949
5, 500,8,55.814350, 56.349674, 128.814331, 71.908539,16.352510, 236.131851, 0.990500
5, 500,9,169.506897, 170.303467, 128.814331, 71.908539,16.352510, 236.131851, 0.995323
5, 500,10,235.071838, 235.307404, 128.814331, 71.908539,16.352510, 236.131851, 0.998999
5, 500,11,144.329132, 143.692703, 128.814331, 71.908539,16.352510, 236.131851, 1.004429
5, 500,12,153.130447, 152.904694, 128.814331, 71.908539,16.352510, 236.131851, 1.001476
5, 500,13,179.954224, 179.894318, 128.814331, 71.908539,16.352510, 236.131851, 1.000333
5, 500,14,92.667290, 92.789024, 128.814331, 71.908539,16.352510, 236.131851, 0.998688
5, 500,15,21.551157, 20.987526, 128.814331, 71.908539,16.352510, 236.131851, 1.026855
5, 500,16,220.049301, 221.021408, 128.814331, 71.908539,16.352510, 236.131851, 0.995602
5, 500,17,155.745865, 155.259689, 128.814331, 71.908539,16.352510, 236.131851, 1.003131
5, 500,18,84.729980, 84.461090, 128.814331, 71.908539,16.352510, 236.131851, 1.003184
5, 500,19,139.110031, 139.108994, 128.814331, 71.908539,16.352510, 236.131851, 1.000008
5, 500,20,49.772438, 47.969734, 128.814331, 71.908539,16.352510, 236.131851, 1.037580
5, 500,21,209.792221, 208.845230, 128.814331, 71.908539,16.352510, 236.131851, 1.004534
5, 500,22,113.227165, 111.317017, 128.814331, 71.908539,16.352510, 236.131851, 1.017160
5, 500,23,201.146072, 201.802505, 128.814331, 71.908539,16.352510, 236.131851, 0.996747
5, 500,24,233.490051, 233.138123, 128.814331, 71.908539,16.352510, 236.131851, 1.001510
5, 500,25,18.505569, 19.382856, 128.814331, 71.908539,16.352510, 236.131851, 0.954739
5, 500,26,236.131851, 236.243469, 128.814331, 71.908539,16.352510, 236.131851, 0.999528
5, 500,27,166.685867, 166.990112, 128.814331, 71.908539,16.352510, 236.131851, 0.998178
5, 500,28,98.291016, 97.929916, 128.814331, 71.908539,16.352510, 236.131851, 1.003687
5, 500,29,19.733126, 20.504639, 128.814331, 71.908539,16.352510, 236.131851, 0.962374
5, 500,30,190.603653, 191.684174, 128.814331, 71.908539,16.352510, 236.131851, 0.994363
5, 500,31,51.606453, 50.079578, 128.814331, 71.908539,16.352510, 236.131851, 1.030489
5, 501,0,129.375580, 128.714172, 128.814072, 72.278336,13.777157, 248.120407, 1.005139
5, 501,1,173.647644, 173.616837, 128.814072, 72.278336,13.777157, 248.120407, 1.000178
5, 501,2,35.473705, 33.958206, 128.814072, 72.278336,13.777157, 248.120407, 1.044628
5, 501,3,175.272446, 175.799438, 128.814072, 72.278336,13.777157, 248.120407, 0.997002
5, 501,4,155.775146, 155.071823, 128.814072, 72.278336,13.777157, 248.120407, 1.004535
5, 501,5,163.245911, 164.221451, 128.814072, 72.278336,13.777157, 248.120407, 0.994060
5, 501,6,248.120407, 245.831116, 128.814072, 72.278336,13.777157, 248.120407, 1.009313
5, 501,7,179.271393, 179.254059, 128.814072, 72.278336,13.777157, 248.120407, 1.000097
5, 501,8,104.304237, 104.054924, 128.814072, 72.278336,13.777157, 248.120407, 1.002396
5, 501,9,19.815905, 19.713371, 128.814072, 72.278336,13.777157, 248.120407, 1.005201
5, 501,10,224.762924, 225.544342, 128.814072, 72.278336,13.777157, 248.120407, 0.996535
5, 501,11,193.009872, 194.012024, 128.814072, 72.278336,13.777157, 248.120407, 0.994835
5, 501,12,158.831757, 157.832596, 128.814072, 72.278336,13.777157, 248.120407, 1.006330
5, 501,13,158.769714, 158.584229, 128.814072, 72.278336,13.777157, 248.120407, 1.001170
5, 501,14,204.466629, 203.898849, 128.814072, 72.278336,13.777157, 248.120407, 1.002785
5, 501,15,161.182571, 160.564499, 128.814072, 72.278336,13.777157, 248.120407, 1.003849
5, 501,16,135.040268, 135.666748, 128.814072, 72.278336,13.777157, 248.120407, 0.995382
5, 501,17,188.399307, 187.897812, 128.814072, 72.278336,13.777157, 248.120407, 1.002669
5, 501,18,19.572927, 20.761318, 128.814072, 72.278336,13.777157, 248.120407, 0.942759
5, 501,19,194.991104, 194.929886, 128.814072, 72.278336,13.777157, 248.120407, 1.000314
5, 501,20,191.906891, 190.542953, 128.814072, 72.278336,13.777157, 248.120407, 1.007158
5, 501,21,158.857071, 158.533646, 128.814072, 72.278336,13.777157, 248.120407, 1.002040
5, 501,22,242.849014, 243.771362, 128.814072, 72.278336,13.777157, 248.120407, 0.996216
5, 501,23,103.713394, 104.062157, 128.814072, 72.278336,13.777157, 248.120407, 0.996648
5, 501,24,41.845573, 42.760948, 128.814072, 72.278336,13.777157, 248.120407, 0.978593
5, 501,25,52.206593, 52.163551, 128.814072, 72.278336,13.777157, 248.120407, 1.000825
5, 501,26,66.441864, 66.314430, 128.814072, 72.278336,13.777157, 248.120407, 1.001922
5, 501,27,37.190845, 37.730812, 128.814072, 72.278336,13.777157, 248.120407, 0.985689
5, 501,28,13.777157, 14.199010, 128.814072, 72.278336,13.777157, 248.120407, 0.970290
5, 501,29,22.511383, 23.522112, 128.814072, 72.278336,13.777157, 248.120407, 0.957031
5, 501,30,43.349293, 44.228073, 128.814072, 72.278336,13.777157, 248.120407, 0.980131
5, 501,31,124.071274, 123.243172, 128.814072, 72.278336,13.777157, 248.120407, 1.006719
5, 502,0,135.372665, 135.754211, 128.804764, 64.948860,13.423955, 228.194916, 0.997189
5, 502,1,13.423955, 13.934163, 128.804764, 64.948860,13.423955, 228.194916, 0.963384
5, 502,2,83.701843, 84.248650, 128.804764, 64.948860,13.423955, 228.194916, 0.993510
5, 502,3,121.492386, 122.068047, 128.804764, 64.948860,13.423955, 228.194916, 0.995284
5, 502,4,148.341660, 147.445496, 128.804764, 64.948860,13.423955, 228.194916, 1.006078
5, 502,5,75.208008, 74.176910, 128.804764, 64.948860,13.423955, 228.194916, 1.013901
5, 502,6,52.631382, 52.198421, 128.804764, 64.948860,13.423955, 228.194916, 1.008294
5, 502,7,63.561764, 62.631596, 128.804764, 64.948860,13.423955, 228.194916, 1.014851
5, 502,8,148.655289, 148.807846, 128.804764, 64.948860,13.423955, 228.194916, 0.998975
5, 502,9,26.296911, 26.633308, 128.804764, 64.948860,13.423955, 228.194916, 0.987369
5, 502,10,227.231644, 225.968872, 128.804764, 64.948860,13.423955, 228.194916, 1.005588
5, 502,11,200.813370, 201.022385, 128.804764, 64.948860,13.423955, 228.194916, 0.998960
5, 502,12,50.805111, 50.425964, 128.804764, 64.948860,13.423955, 228.194916, 1.007519
5, 502,13,228.194916, 227.762207, 128.804764, 64.948860,13.423955, 228.194916, 1.001900
5, 502,14,68.708969, 68.790024, 128.804764, 64.948860,13.423955, 228.194916, 0.998822
5, 502,15,207.293259, 208.098328, 128.804764, 64.948860,13.423955, 228.194916, 0.996131
5, 502,16,167.085052, 166.768753, 128.804764, 64.948860,13.423955, 228.194916, 1.001897
5, 502,17,44.829010, 44.761044, 128.804764, 64.948860,13.423955, 228.194916, 1.001518
5, 502,18,205.753250, 205.547394, 128.804764, 64.948860,13.423955, 228.194916, 1.001001
5, 502,19,93.518806, 93.694801, 128.804764, 64.948860,13.423955, 228.194916, 0.998122
5, 502,20,167.769440, 167.276169, 128.804764, 64.948860,13.423955, 228.194916, 1.002949
5, 502,21,119.340866, 119.795135, 128.804764, 64.948860,13.423955, 228.194916, 0.996208
5, 502,22,98.666573, 100.027008, 128.804764, 64.948860,13.423955, 228.194916, 0.986399
5, 502,23,143.359619, 142.718918, 128.804764, 64.948860,13.423955, 228.194916, 1.004489
5, 502,24,93.556007, 93.729561, 128.804764, 64.948860,13.423955, 228.194916, 0.998148
5, 502,25,29.719961, 29.545704, 128.804764, 64.948860,13.423955, 228.194916, 1.005898
5, 502,26,207.296310, 207.771652, 128.804764, 64.948860,13.423955, 228.194916, 0.997712
5, 502,27,178.635315, 179.036957, 128.804764, 64.948860,13.423955, 228.194916, 0.997757
5, 502,28,203.882416, 205.512634, 128.804764, 64.948860,13.423955, 228.194916, 0.992068
5, 502,29,145.163330, 144.595657, 128.804764, 64.948860,13.423955, 228.194916, 1.003926
5, 502,30,184.366943, 184.514191, 128.804764, 64.948860,13.423955, 228.194916, 0.999202
5, 502,31,187.076447, 185.737549, 128.804764, 64.948860,13.423955, 228.194916, 1.007209
5, 503,0,189.964920, 191.345276, 128.700485, 67.890427,22.554773, 248.474304, 0.992786
5, 503,1,231.044617, 231.420578, 128.700485, 67.890427,22.554773, 248.474304, 0.998375
5, 503,2,115.416237, 115.041306, 128.700485, 67.890427,22.554773, 248.474304, 1.003259
5, 503,3,106.460381, 106.881706, 128.700485, 67.890427,22.554773, 248.474304, 0.996058
5, 503,4,76.814003, 76.193817, 128.700485, 67.890427,22.554773, 248.474304, 1.008140
5, 503,5,22.554773, 22.783379, 128.700485, 67.890427,22.554773, 248.474304, 0.989966
5, 503,6,151.737305, 151.782837, 128.700485, 67.890427,22.554773, 248.474304, 0.999700
5, 503,7,116.456848, 115.460945, 128.700485, 67.890427,22.554773, 248.474304, 1.008626
5, 503,8,56.403805, 56.579685, 128.700485, 67.890427,22.554773, 248.474304, 0.996891
5, 503,9,248.474304, 248.711166, 128.700485, 67.890427,22.554773, 248.474304, 0.999048
5, 503,10,199.160355, 198.712204, 128.700485, 67.890427,22.554773, 248.474304, 1.002255
5, 503,11,232.734833, 234.070526, 128.700485, 67.890427,22.554773, 248.474304, 0.994294
5, 503,12,24.633671, 25.153551, 128.700485, 67.890427,22.554773, 248.474304, 0.979332
5, 503,13,136.016815, 136.225189, 128.700485, 67.890427,22.554773, 248.474304, 0.998470
5, 503,14,130.175049, 130.404663, 128.700485, 67.890427,22.554773, 248.474304, 0.998239
5, 503,15,151.003510, 150.803696, 128.700485, 67.890427,22.554773, 248.474304, 1.001325
5, 503,16,53.592175, 53.820961, 128.700485, 67.890427,22.554773, 248.474304, 0.995749
5, 503,17,151.247543, 151.122299, 128.700485, 67.890427,22.554773, 248.474304, 1.000829
5, 503,18,197.057831, 197.321213, 128.700485, 67.890427,22.554773, 248.474304, 0.998665
5, 503,19,154.956360, 154.829086, 128.700485, 67.890427,22.554773, 248.474304, 1.000822
5, 503,20,101.269691, 100.322929, 128.700485, 67.890427,22.554773, 248.474304, 1.009437
5, 503,21,109.061821, 108.925491, 128.700485, 67.890427,22.554773, 248.474304, 1.001252
5, 503,22,232.977707, 231.373947, 128.700485, 67.890427,22.554773, 248.474304, 1.006931
5, 503,23,240.806076, 241.266495, 128.700485, 67.890427,22.554773, 248.474304, 0.998092
5, 503,24,51.939331, 51.582897, 128.700485, 67.890427,22.554773, 248.474304, 1.006910
5, 503,25,94.552238, 95.396088, 128.700485, 67.890427,22.554773, 248.474304, 0.991154
5, 503,26,100.224854, 99.250534, 128.700485, 67.890427,22.554773, 248.474304, 1.009817
5, 503,27,55.180824, 56.191135, 128.700485, 67.890427,22.554773, 248.474304, 0.982020
5, 503,28,47.739166, 47.953815, 128.700485, 67.890427,22.554773, 248.474304, 0.995524
5, 503,29,33.363098, 34.719719, 128.700485, 67.890427,22.554773, 248.474304, 0.960927
5, 503,30,137.876541, 138.401077, 128.700485, 67.890427,22.554773, 248.474304, 0.996210
5, 503,31,167.518311, 166.951935, 128.700485, 67.890427,22.554773, 248.474304, 1.003392
5, 504,0,140.252640, 139.541214, 128.887329, 76.561104,16.136215, 257.997711, 1.005098
5, 504,1,234.365433, 233.467194, 128.887329, 76.561104,16.136215, 257.997711, 1.003847
5, 504,2,180.300430, 180.273834, 128.887329, 76.561104,16.136215, 257.997711, 1.000148
5, 504,3,176.274658, 175.317093, 128.887329, 76.561104,16.136215, 257.997711, 1.005462
5, 504,4,249.571442, 247.993240, 128.887329, 76.561104,16.136215, 257.997711, 1.006364
5, 504,5,38.171707, 36.130074, 128.887329, 76.561104,16.136215, 257.997711, 1.056508
5, 504,6,238.032089, 239.907944, 128.887329, 76.561104,16.136215, 257.997711, 0.992181
5, 504,7,32.326149, 33.383965, 128.887329, 76.561104,16.136215, 257.997711, 0.968314
5, 504,8,231.289047, 230.468658, 128.887329, 76.561104,16.136215, 257.997711, 1.003560
5, 504,9,160.784775, 159.964890, 128.887329, 76.561104,16.136215, 257.997711, 1.005125
5, 504,10,171.438522, 172.050827, 128.887329, 76.561104,16.136215, 257.997711, 0.996441
5, 504,11,28.457956, 29.498114, 128.887329, 76.561104,16.136215, 257.997711, 0.964738
5, 504,12,257.997711, 257.975647, 128.887329, 76.561104,16.136215, 257.997711, 1.000085
5, 504,13,96.995163, 95.037476, 128.887329, 76.561104,16.136215, 257.997711, 1.020599
5, 504,14,119.622864, 118.758011, 128.887329, 76.561104,16.136215, 257.997711, 1.007282
5, 504,15,16.136215, 15.652847, 128.887329, 76.561104,16.136215, 257.997711, 1.030881
5, 504,16,66.144363, 65.266327, 128.887329, 76.561104,16.136215, 257.997711, 1.013453
5, 504,17,133.526917, 132.916901, 128.887329, 76.561104,16.136215, 257.997711, 1.004589
5, 504,18,88.973724, 91.075127, 128.887329, 76.561104,16.136215, 257.997711, 0.976927
5, 504,19,183.927780, 184.075546, 128.887329, 76.561104,16.136215, 257.997711, 0.999197
5, 504,20,28.149553, 28.932064, 128.887329, 76.561104,16.136215, 257.997711, 0.972953
5, 504,21,168.054001, 169.128769, 128.887329, 76.561104,16.136215, 257.997711, 0.993645
5, 504,22,209.500336, 209.127075, 128.887329, 76.561104,16.136215, 257.997711, 1.001785
5, 504,23,128.327866, 127.462944, 128.887329, 76.561104,16.136215, 257.997711, 1.006786
5, 504,24,132.718597, 132.939850, 128.887329, 76.561104,16.136215, 257.997711, 0.998336
5, 504,25,79.118294, 80.534370, 128.887329, 76.561104,16.136215, 257.997711, 0.982417
5, 504,26,228.894928, 228.097382, 128.887329, 76.561104,16.136215, 257.997711, 1.003497
5, 504,27,42.510601, 41.943558, 128.887329, 76.561104,16.136215, 257.997711, 1.013519
5, 504,28,24.476585, 25.489870, 128.887329, 76.561104,16.136215, 257.997711, 0.960248
5, 504,29,87.108429, 87.487602, 128.887329, 76.561104,16.136215, 257.997711, 0.995666
5, 504,30,111.395737, 112.179596, 128.887329, 76.561104,16.136215, 257.997711, 0.993012
5, 504,31,39.550056, 38.922073, 128.887329, 76.561104,16.136215, 257.997711, 1.016134
5, 505,0,202.865341, 203.839569, 128.930252, 63.688320,25.050817, 213.124771, 0.995221
5, 505,1,117.099907, 118.545990, 128.930252, 63.688320,25.050817, 213.124771, 0.987801
5, 505,2,31.120274, 31.642725, 128.930252, 63.688320,25.050817, 213.124771, 0.983489
5, 505,3,149.536667, 149.814224, 128.930252, 63.688320,25.050817, 213.124771, 0.998147
5, 505,4,213.124771, 211.972687, 128.930252, 63.688320,25.050817, 213.124771, 1.005435
5, 505,5,196.133331, 196.384201, 128.930252, 63.688320,25.050817, 213.124771, 0.998723
5, 505,6,58.854645, 59.065968, 128.930252, 63.688320,25.050817, 213.124771, 0.996422
5, 505,7,144.472458, 144.339996, 128.930252, 63.688320,25.050817, 213.124771, 1.000918
5, 505,8,195.319656, 195.282837, 128.930252, 63.688320,25.050817, 213.124771, 1.000189
5, 505,9,181.074738, 181.056381, 128.930252, 63.688320,25.050817, 213.124771, 1.000101
5, 505,10,156.622452, 154.858322, 128.930252, 63.688320,25.050817, 213.124771, 1.011392
5, 505,11,147.545349, 146.783844, 128.930252, 63.688320,25.050817, 213.124771, 1.005188
5, 505,12,139.330978, 136.441467, 128.930252, 63.688320,25.050817, 213.124771, 1.021178
5, 505,13,194.473434, 193.875183, 128.930252, 63.688320,25.050817, 213.124771, 1.003086
5, 505,14,66.657448, 67.335953, 128.930252, 63.688320,25.050817, 213.124771, 0.989924
5, 505,15,39.845108, 41.379021, 128.930252, 63.688320,25.050817, 213.124771, 0.962930
5, 505,16,111.976791, 112.146362, 128.930252, 63.688320,25.050817, 213.124771, 0.998488
5, 505,17,69.005417, 69.108551, 128.930252, 63.688320,25.050817, 213.124771, 0.998508
5, 505,18,206.165176, 207.521637, 128.930252, 63.688320,25.050817, 213.124771, 0.993464
5, 505,19,29.346649, 28.325609, 128.930252, 63.688320,25.050817, 213.124771, 1.036047
5, 505,20,27.154442, 27.041773, 128.930252, 63.688320,25.050817, 213.124771, 1.004166
5, 505,21,178.886139, 178.847153, 128.930252, 63.688320,25.050817, 213.124771, 1.000218
5, 505,22,162.861954, 162.000870, 128.930252, 63.688320,25.050817, 213.124771, 1.005315
5, 505,23,200.283127, 200.105362, 128.930252, 63.688320,25.050817, 213.124771, 1.000888
5, 505,24,163.221130, 163.864716, 128.930252, 63.688320,25.050817, 213.124771, 0.996072
5, 505,25,25.050817, 22.799252, 128.930252, 63.688320,25.050817, 213.124771, 1.098756
5, 505,26,67.155243, 67.485840, 128.930252, 63.688320,25.050817, 213.124771, 0.995101
5, 505,27,75.583931, 74.960762, 128.930252, 63.688320,25.050817, 213.124771, 1.008313
5, 505,28,155.446121, 154.147995, 128.930252, 63.688320,25.050817, 213.124771, 1.008421
5, 505,29,61.390827, 61.685772, 128.930252, 63.688320,25.050817, 213.124771, 0.995219
5, 505,30,155.118591, 155.594742, 128.930252, 63.688320,25.050817, 213.124771, 0.996940
5, 505,31,203.044617, 202.744736, 128.930252, 63.688320,25.050817, 213.124771, 1.001479
5, 506,0,69.459633, 68.088852, 128.520172, 72.245789,12.553735, 256.162537, 1.020132
5, 506,1,240.011002, 241.129166, 128.520172, 72.245789,12.553735, 256.162537, 0.995363
5, 506,2,85.570442, 87.281693, 128.520172, 72.245789,12.553735, 256.162537, 0.980394
5, 506,3,189.137085, 190.374741, 128.520172, 72.245789,12.553735, 256.162537, 0.993499
5, 506,4,116.262527, 117.007767, 128.520172, 72.245789,12.553735, 256.162537, 0.993631
5, 506,5,26.182245, 26.504332, 128.520172, 72.245789,12.553735, 256.162537, 0.987848
5, 506,6,162.535522, 163.177246, 128.520172, 72.245789,12.553735, 256.162537, 0.996067
5, 506,7,237.974686, 237.945602, 128.520172, 72.245789,12.553735, 256.162537, 1.000122
5, 506,8,190.553650, 190.077698, 128.520172, 72.245789,12.553735, 256.162537, 1.002504
5, 506,9,28.824823, 28.012341, 128.520172, 72.245789,12.553735, 256.162537, 1.029004
5, 506,10,137.385666, 136.474808, 128.520172, 72.245789,12.553735, 256.162537, 1.006674
5, 506,11,210.812164, 211.547791, 128.520172, 72.245789,12.553735, 256.162537, 0.996523
5, 506,12,108.670609, 109.680977, 128.520172, 72.245789,12.553735, 256.162537, 0.990788
5, 506,13,189.938614, 188.843887, 128.520172, 72.245789,12.553735, 256.162537, 1.005797
5, 506,14,75.739494, 74.905357, 128.520172, 72.245789,12.553735, 256.162537, 1.011136
5, 506,15,92.762756, 91.310677, 128.520172, 72.245789,12.553735, 256.162537, 1.015903
5, 506,16,256.162537, 258.730225, 128.520172, 72.245789,12.553735, 256.162537, 0.990076
5, 506,17,12.553735, 12.597128, 128.520172, 72.245789,12.553735, 256.162537, 0.996555
5, 506,18,134.985611, 134.631683, 128.520172, 72.245789,12.553735, 256.162537, 1.002629
5, 506,19,38.906418, 38.697884, 128.520172, 72.245789,12.553735, 256.162537, 1.005389
5, 506,20,135.310837, 134.913483, 128.520172, 72.245789,12.553735, 256.162537, 1.002945
5, 506,21,184.839493, 186.406693, 128.520172, 72.245789,12.553735, 256.162537, 0.991593
5, 506,22,88.635239, 89.581795, 128.520172, 72.245789,12.553735, 256.162537, 0.989434
5, 506,23,93.900513, 92.475952, 128.520172, 72.245789,12.553735, 256.162537, 1.015405
5, 506,24,166.306259, 167.472778, 128.520172, 72.245789,12.553735, 256.162537, 0.993035
5, 506,25,156.356354, 156.794861, 128.520172, 72.245789,12.553735, 256.162537, 0.997203
5, 506,26,22.187006, 21.500481, 128.520172, 72.245789,12.553735, 256.162537, 1.031931
5, 506,27,125.725143, 126.497574, 128.520172, 72.245789,12.553735, 256.162537, 0.993894
5, 506,28,253.368668, 252.919052, 128.520172, 72.245789,12.553735, 256.162537, 1.001778
5, 506,29,58.108292, 57.890739, 128.520172, 72.245789,12.553735, 256.162537, 1.003758
5, 506,30,179.895493, 181.753189, 128.520172, 72.245789,12.553735, 256.162537, 0.989779
5, 506,31,43.582806, 45.773350, 128.520172, 72.245789,12.553735, 256.162537, 0.952144
5, 507,0,65.619583, 65.495888, 128.743729, 49.406925,40.177734, 221.468597, 1.001889
5, 507,1,40.177734, 39.888222, 128.743729, 49.406925,40.177734, 221.468597, 1.007258
5, 507,2,143.451080, 143.406235, 128.743729, 49.406925,40.177734, 221.468597, 1.000313
5, 507,3,66.120560, 66.707108, 128.743729, 49.406925,40.177734, 221.468597, 0.991207
5, 507,4,119.176620, 119.278168, 128.743729, 49.406925,40.177734, 221.468597, 0.999149
5, 507,5,161.425598, 162.359055, 128.743729, 49.406925,40.177734, 221.468597, 0.994251
5, 507,6,88.331375, 87.772697, 128.743729, 49.406925,40.177734, 221.468597, 1.006365
5, 507,7,92.167557, 93.264481, 128.743729, 49.406925,40.177734, 221.468597, 0.988239
5, 507,8,104.768982, 105.170219, 128.743729, 49.406925,40.177734, 221.468597, 0.996185
5, 507,9,172.802719, 172.289673, 128.743729, 49.406925,40.177734, 221.468597, 1.002978
5, 507,10,114.584038, 113.325302, 128.743729, 49.406925,40.177734, 221.468597, 1.011107
5, 507,11,200.495682, 201.634232, 128.743729, 49.406925,40.177734, 221.468597, 0.994353
5, 507,12,201.589920, 201.455307, 128.743729, 49.406925,40.177734, 221.468597, 1.000668
5, 507,13,199.833405, 200.023865, 128.743729, 49.406925,40.177734, 221.468597, 0.999048
5, 507,14,201.883026, 201.303894, 128.743729, 49.406925,40.177734, 221.468597, 1.002877
5, 507,15,120.698898, 120.510040, 128.743729, 49.406925,40.177734, 221.468597, 1.001567
5, 507,16,62.838459, 62.460953, 128.743729, 49.406925,40.177734, 221.468597, 1.006044
5, 507,17,138.293991, 138.389297, 128.743729, 49.406925,40.177734, 221.468597, 0.999311
5, 507,18,160.232880, 159.331009, 128.743729, 49.406925,40.177734, 221.468597, 1.005660
5, 507,19,52.855423, 51.849018, 128.743729, 49.406925,40.177734, 221.468597, 1.019410
5, 507,20,94.017288, 95.026253, 128.743729, 49.406925,40.177734, 221.468597, 0.989382
5, 507,21,125.078918, 126.222046, 128.743729, 49.406925,40.177734, 221.468597, 0.990943
5, 507,22,115.960411, 115.871620, 128.743729, 49.406925,40.177734, 221.468597, 1.000766
5, 507,23,117.779930, 117.805443, 128.743729, 49.406925,40.177734, 221.468597, 0.999783
5, 507,24,101.550262, 101.495262, 128.743729, 49.406925,40.177734, 221.468597, 1.000542
5, 507,25,137.908386, 137.336365, 128.743729, 49.406925,40.177734, 221.468597, 1.004165
5, 507,26,89.252602, 90.112556, 128.743729, 49.406925,40.177734, 221.468597, 0.990457
5, 507,27,101.268173, 100.559326, 128.743729, 49.406925,40.177734, 221.468597, 1.007049
5, 507,28,201.103104, 201.152496, 128.743729, 49.406925,40.177734, 221.468597, 0.999754
5, 507,29,176.413010, 176.005936, 128.743729, 49.406925,40.177734, 221.468597, 1.002313
5, 507,30,221.468597, 223.050797, 128.743729, 49.406925,40.177734, 221.468597, 0.992907
5, 507,31,130.650940, 130.447540, 128.743729, 49.406925,40.177734, 221.468597, 1.001559
5, 508,0,34.726589, 35.576378, 128.923004, 73.920334,12.964501, 241.033890, 0.976114
5, 508,1,221.756866, 221.979370, 128.923004, 73.920334,12.964501, 241.033890, 0.998998
5, 508,2,221.486740, 220.644257, 128.923004, 73.920334,12.964501, 241.033890, 1.003818
5, 508,3,165.962006, 166.114029, 128.923004, 73.920334,12.964501, 241.033890, 0.999085
5, 508,4,36.249382, 34.999031, 128.923004, 73.920334,12.964501, 241.033890, 1.035725
5, 508,5,241.033890, 240.346161, 128.923004, 73.920334,12.964501, 241.033890, 1.002861
5, 508,6,211.590805, 212.186157, 128.923004, 73.920334,12.964501, 241.033890, 0.997194
5, 508,7,234.789627, 234.897461, 128.923004, 73.920334,12.964501, 241.033890, 0.999541
5, 508,8,93.814873, 94.198524, 128.923004, 73.920334,12.964501, 241.033890, 0.995927
5, 508,9,208.056290, 206.881790, 128.923004, 73.920334,12.964501, 241.033890, 1.005677
5, 508,10,131.495544, 131.863052, 128.923004, 73.920334,12.964501, 241.033890, 0.997213
5, 508,11,27.185392, 26.338858, 128.923004, 73.920334,12.964501, 241.033890, 1.032140
5, 508,12,77.123398, 77.354492, 128.923004, 73.920334,12.964501, 241.033890, 0.997013
5, 508,13,117.258652, 118.122246, 128.923004, 73.920334,12.964501, 241.033890, 0.992689
5, 508,14,159.339645, 158.788971, 128.923004, 73.920334,12.964501, 241.033890, 1.003468
5, 508,15,34.148972, 34.075279, 128.923004, 73.920334,12.964501, 241.033890, 1.002163
5, 508,16,21.317513, 21.799484, 128.923004, 73.920334,12.964501, 241.033890, 0.977891
5, 508,17,155.038055, 154.978500, 128.923004, 73.920334,12.964501, 241.033890, 1.000384
5, 508,18,171.281769, 172.031830, 128.923004, 73.920334,12.964501, 241.033890, 0.995640
5, 508,19,183.766876, 183.203445, 128.923004, 73.920334,12.964501, 241.033890, 1.003075
5, 508,20,165.192322, 164.879959, 128.923004, 73.920334,12.964501, 241.033890, 1.001894
5, 508,21,158.140076, 158.904449, 128.923004, 73.920334,12.964501, 241.033890, 0.995190
5, 508,22,52.437153, 51.049217, 128.923004, 73.920334,12.964501, 241.033890, 1.027188
5, 508,23,139.865387, 140.761383, 128.923004, 73.920334,12.964501, 241.033890, 0.993635
5, 508,24,159.496719, 160.124084, 128.923004, 73.920334,12.964501, 241.033890, 0.996082
5, 508,25,121.891869, 120.929581, 128.923004, 73.920334,12.964501, 241.033890, 1.007957
5, 508,26,12.964501, 11.782552, 128.923004, 73.920334,12.964501, 241.033890, 1.100314
5, 508,27,229.769196, 229.030182, 128.923004, 73.920334,12.964501, 241.033890, 1.003227
5, 508,28,32.144554, 32.473145, 128.923004, 73.920334,12.964501, 241.033890, 0.989881
5, 508,29,183.704636, 183.427155, 128.923004, 73.920334,12.964501, 241.033890, 1.001513
5, 508,30,40.585300, 39.675522, 128.923004, 73.920334,12.964501, 241.033890, 1.022931
5, 508,31,81.920670, 81.583542, 128.923004, 73.920334,12.964501, 241.033890, 1.004132
5, 509,0,112.246368, 112.611641, 128.752350, 66.892799,25.475582, 265.162140, 0.996756
5, 509,1,213.524521, 214.305511, 128.752350, 66.892799,25.475582, 265.162140, 0.996356
5, 509,2,224.479004, 224.774597, 128.752350, 66.892799,25.475582, 265.162140, 0.998685
5, 509,3,116.908852, 116.233994, 128.752350, 66.892799,25.475582, 265.162140, 1.005806
5, 509,4,59.062645, 60.777897, 128.752350, 66.892799,25.475582, 265.162140, 0.971778
5, 509,5,147.126434, 147.145813, 128.752350, 66.892799,25.475582, 265.162140, 0.999868
5, 509,6,204.829575, 204.867905, 128.752350, 66.892799,25.475582, 265.162140, 0.999813
5, 509,7,48.995609, 48.416420, 128.752350, 66.892799,25.475582, 265.162140, 1.011963
5, 509,8,94.505226, 94.313080, 128.752350, 66.892799,25.475582, 265.162140, 1.002037
5, 509,9,84.091911, 84.851105, 128.752350, 66.892799,25.475582, 265.162140, 0.991053
5, 509,10,94.340897, 94.369934, 128.752350, 66.892799,25.475582, 265.162140, 0.999692
5, 509,11,222.408035, 222.573578, 128.752350, 66.892799,25.475582, 265.162140, 0.999256
5, 509,12,265.162140, 264.726074, 128.752350, 66.892799,25.475582, 265.162140, 1.001647
5, 509,13,26.284397, 25.862003, 128.752350, 66.892799,25.475582, 265.162140, 1.016333
5, 509,14,103.768188, 104.441040, 128.752350, 66.892799,25.475582, 265.162140, 0.993558
5, 509,15,53.414719, 51.120998, 128.752350, 66.892799,25.475582, 265.162140, 1.044868
5, 509,16,199.224045, 201.139969, 128.752350, 66.892799,25.475582, 265.162140, 0.990475
5, 509,17,165.461197, 164.957062, 128.752350, 66.892799,25.475582, 265.162140, 1.003056
5, 509,18,142.693054, 142.069641, 128.752350, 66.892799,25.475582, 265.162140, 1.004388
5, 509,19,70.694412, 68.972862, 128.752350, 66.892799,25.475582, 265.162140, 1.024960
5, 509,20,60.208248, 59.486523, 128.752350, 66.892799,25.475582, 265.162140, 1.012133
5, 509,21,207.567047, 208.067917, 128.752350, 66.892799,25.475582, 265.162140, 0.997593
5, 509,22,169.891159, 169.017990, 128.752350, 66.892799,25.475582, 265.162140, 1.005166
5, 509,23,91.114861, 91.543526, 128.752350, 66.892799,25.475582, 265.162140, 0.995317
5, 509,24,91.858261, 93.728302, 128.752350, 66.892799,25.475582, 265.162140, 0.980048
5, 509,25,160.655334, 159.685974, 128.752350, 66.892799,25.475582, 265.162140, 1.006070
5, 509,26,133.425552, 135.068604, 128.752350, 66.892799,25.475582, 265.162140, 0.987835
5, 509,27,246.869415, 246.736099, 128.752350, 66.892799,25.475582, 265.162140, 1.000540
5, 509,28,122.261398, 121.480721, 128.752350, 66.892799,25.475582, 265.162140, 1.006426
5, 509,29,96.788597, 96.091766, 128.752350, 66.892799,25.475582, 265.162140, 1.007252
5, 509,30,25.475582, 26.162512, 128.752350, 66.892799,25.475582, 265.162140, 0.973744
5, 509,31,64.738304, 65.399239, 128.752350, 66.892799,25.475582, 265.162140, 0.989894
5, 510,0,22.847290, 21.537441, 129.102264, 74.209511,15.601052, 227.166000, 1.060817
5, 510,1,28.296349, 27.495132, 129.102264, 74.209511,15.601052, 227.166000, 1.029140
5, 510,2,143.810776, 144.298843, 129.102264, 74.209511,15.601052, 227.166000, 0.996618
5, 510,3,224.880234, 223.975235, 129.102264, 74.209511,15.601052, 227.166000, 1.004041
5, 510,4,132.923904, 132.665207, 129.102264, 74.209511,15.601052, 227.166000, 1.001950
5, 510,5,39.909538, 40.324440, 129.102264, 74.209511,15.601052, 227.166000, 0.989711
5, 510,6,172.946350, 172.328156, 129.102264, 74.209511,15.601052, 227.166000, 1.003587
5, 510,7,227.166000, 227.527863, 129.102264, 74.209511,15.601052, 227.166000, 0.998410
5, 510,8,123.977158, 123.429756, 129.102264, 74.209511,15.601052, 227.166000, 1.004435
5, 510,9,170.150406, 171.524185, 129.102264, 74.209511,15.601052, 227.166000, 0.991991
5, 510,10,46.316578, 45.684299, 129.102264, 74.209511,15.601052, 227.166000, 1.013840
5, 510,11,101.138023, 100.801521, 129.102264, 74.209511,15.601052, 227.166000, 1.003338
5, 510,12,15.695402, 15.043766, 129.102264, 74.209511,15.601052, 227.166000, 1.043316
5, 510,13,107.041328, 106.882904, 129.102264, 74.209511,15.601052, 227.166000, 1.001482
5, 510,14,220.972015, 220.264557, 129.102264, 74.209511,15.601052, 227.166000, 1.003212
5, 510,15,49.394779, 48.907085, 129.102264, 74.209511,15.601052, 227.166000, 1.009972
5, 510,16,215.780777, 215.694931, 129.102264, 74.209511,15.601052, 227.166000, 1.000398
5, 510,17,167.790588, 167.346252, 129.102264, 74.209511,15.601052, 227.166000, 1.002655
5, 510,18,163.251801, 163.037735, 129.102264, 74.209511,15.601052, 227.166000, 1.001313
5, 510,19,44.382969, 43.856445, 129.102264, 74.209511,15.601052, 227.166000, 1.012006
5, 510,20,174.755753, 173.963623, 129.102264, 74.209511,15.601052, 227.166000, 1.004553
5, 510,21,199.381561, 198.007401, 129.102264, 74.209511,15.601052, 227.166000, 1.006940
5, 510,22,25.785189, 24.341061, 129.102264, 74.209511,15.601052, 227.166000, 1.059329
5, 510,23,15.601052, 14.700185, 129.102264, 74.209511,15.601052, 227.166000, 1.061283
5, 510,24,202.121689, 200.865997, 129.102264, 74.209511,15.601052, 227.166000, 1.006251
5, 510,25,210.815506, 209.716614, 129.102264, 74.209511,15.601052, 227.166000, 1.005240
5, 510,26,204.597717, 204.954590, 129.102264, 74.209511,15.601052, 227.166000, 0.998259
5, 510,27,48.894653, 48.659710, 129.102264, 74.209511,15.601052, 227.166000, 1.004828
5, 510,28,105.629738, 106.553070, 129.102264, 74.209511,15.601052, 227.166000, 0.991335
5, 510,29,219.539017, 218.883347, 129.102264, 74.209511,15.601052, 227.166000, 1.002995
5, 510,30,174.620178, 175.963242, 129.102264, 74.209511,15.601052, 227.166000, 0.992367
5, 510,31,130.858353, 131.765015, 129.102264, 74.209511,15.601052, 227.166000, 0.993119
5, 511,0,116.278343, 116.604622, 128.992279, 70.089516,20.514933, 229.695023, 0.997202
5, 511,1,216.772476, 216.706406, 128.992279, 70.089516,20.514933, 229.695023, 1.000305
5, 511,2,47.513180, 47.740543, 128.992279, 70.089516,20.514933, 229.695023, 0.995238
5, 511,3,192.271286, 191.911041, 128.992279, 70.089516,20.514933, 229.695023, 1.001877
5, 511,4,203.519775, 203.452209, 128.992279, 70.089516,20.514933, 229.695023, 1.000332
5, 511,5,219.893234, 218.802353, 128.992279, 70.089516,20.514933, 229.695023, 1.004986
5, 511,6,168.369827, 168.882462, 128.992279, 70.089516,20.514933, 229.695023, 0.996965
5, 511,7,223.488663, 222.255310, 128.992279, 70.089516,20.514933, 229.695023, 1.005549
5, 511,8,124.949471, 125.042160, 128.992279, 70.089516,20.514933, 229.695023, 0.999259
5, 511,9,136.875793, 136.287750, 128.992279, 70.089516,20.514933, 229.695023, 1.004315
5, 511,10,229.695023, 228.173676, 128.992279, 70.089516,20.514933, 229.695023, 1.006667
5, 511,11,70.635780, 71.286400, 128.992279, 70.089516,20.514933, 229.695023, 0.990873
5, 511,12,129.463135, 129.623688, 128.992279, 70.089516,20.514933, 229.695023, 0.998761
5, 511,13,148.421600, 148.910461, 128.992279, 70.089516,20.514933, 229.695023, 0.996717
5, 511,14,103.584061, 104.814888, 128.992279, 70.089516,20.514933, 229.695023, 0.988257
5, 511,15,57.608894, 56.796127, 128.992279, 70.089516,20.514933, 229.695023, 1.014310
5, 511,16,168.191849, 168.089767, 128.992279, 70.089516,20.514933, 229.695023, 1.000607
5, 511,17,223.915970, 222.611359, 128.992279, 70.089516,20.514933, 229.695023, 1.005860
5, 511,18,113.946022, 114.757225, 128.992279, 70.089516,20.514933, 229.695023, 0.992931
5, 511,19,20.514933, 20.419292, 128.992279, 70.089516,20.514933, 229.695023, 1.004684
5, 511,20,218.418716, 218.224625, 128.992279, 70.089516,20.514933, 229.695023, 1.000889
5, 511,21,45.517872, 44.979534, 128.992279, 70.089516,20.514933, 229.695023, 1.011968
5, 511,22,21.641598, 21.211992, 128.992279, 70.089516,20.514933, 229.695023, 1.020253
5, 511,23,122.847115, 122.281143, 128.992279, 70.089516,20.514933, 229.695023, 1.004628
5, 511,24,21.016142, 19.431778, 128.992279, 70.089516,20.514933, 229.695023, 1.081535
5, 511,25,69.148926, 68.592575, 128.992279, 70.089516,20.514933, 229.695023, 1.008111
5, 511,26,223.040756, 224.546066, 128.992279, 70.089516,20.514933, 229.695023, 0.993296
5, 511,27,159.782928, 160.579269, 128.992279, 70.089516,20.514933, 229.695023, 0.995041
5, 511,28,150.992493, 151.026566, 128.992279, 70.089516,20.514933, 229.695023, 0.999774
5, 511,29,64.881943, 64.649223, 128.992279, 70.089516,20.514933, 229.695023, 1.003600
5, 511,30,76.720146, 75.444710, 128.992279, 70.089516,20.514933, 229.695023, 1.016906
5, 511,31,37.835026, 36.864445, 128.992279, 70.089516,20.514933, 229.695023, 1.026328
5, 512,0,162.591110, 160.930222, 128.673309, 80.865234,12.346548, 286.496277, 1.010321
5, 512,1,88.373650, 88.805840, 128.673309, 80.865234,12.346548, 286.496277, 0.995133
5, 512,2,40.790058, 42.290409, 128.673309, 80.865234,12.346548, 286.496277, 0.964523
5, 512,3,193.554108, 193.514542, 128.673309, 80.865234,12.346548, 286.496277, 1.000204
5, 512,4,270.896973, 270.155273, 128.673309, 80.865234,12.346548, 286.496277, 1.002746
5, 512,5,123.077461, 123.849152, 128.673309, 80.865234,12.346548, 286.496277, 0.993769
5, 512,6,265.728668, 264.140015, 128.673309, 80.865234,12.346548, 286.496277, 1.006014
5, 512,7,76.961319, 80.047455, 128.673309, 80.865234,12.346548, 286.496277, 0.961446
5, 512,8,133.093689, 133.714600, 128.673309, 80.865234,12.346548, 286.496277, 0.995356
5, 512,9,31.811356, 30.681145, 128.673309, 80.865234,12.346548, 286.496277, 1.036837
5, 512,10,146.265030, 145.666733, 128.673309, 80.865234,12.346548, 286.496277, 1.004107
5, 512,11,283.305878, 283.243866, 128.673309, 80.865234,12.346548, 286.496277, 1.000219
5, 512,12,167.051117, 167.033661, 128.673309, 80.865234,12.346548, 286.496277, 1.000105
5, 512,13,12.346548, 11.567495, 128.673309, 80.865234,12.346548, 286.496277, 1.067348
5, 512,14,30.711088, 31.366924, 128.673309, 80.865234,12.346548, 286.496277, 0.979091
5, 512,15,286.496277, 286.418030, 128.673309, 80.865234,12.346548, 286.496277, 1.000273
5, 512,16,209.048645, 209.248291, 128.673309, 80.865234,12.346548, 286.496277, 0.999046
5, 512,17,62.410698, 63.902256, 128.673309, 80.865234,12.346548, 286.496277, 0.976659
5, 512,18,259.521729, 260.936432, 128.673309, 80.865234,12.346548, 286.496277, 0.994578
5, 512,19,161.902954, 161.616013, 128.673309, 80.865234,12.346548, 286.496277, 1.001776
5, 512,20,139.884918, 141.542267, 128.673309, 80.865234,12.346548, 286.496277, 0.988291
5, 512,21,91.918312, 91.666519, 128.673309, 80.865234,12.346548, 286.496277, 1.002747
5, 512,22,72.949615, 72.356934, 128.673309, 80.865234,12.346548, 286.496277, 1.008191
5, 512,23,46.983849, 48.197903, 128.673309, 80.865234,12.346548, 286.496277, 0.974811
5, 512,24,47.415348, 46.992897, 128.673309, 80.865234,12.346548, 286.496277, 1.008990
5, 512,25,108.298897, 107.831306, 128.673309, 80.865234,12.346548, 286.496277, 1.004336
5, 512,26,83.227119, 84.554008, 128.673309, 80.865234,12.346548, 286.496277, 0.984307
5, 512,27,128.583054, 128.541840, 128.673309, 80.865234,12.346548, 286.496277, 1.000321
5, 512,28,163.539886, 162.997360, 128.673309, 80.865234,12.346548, 286.496277, 1.003328
5, 512,29,97.361839, 96.339607, 128.673309, 80.865234,12.346548, 286.496277, 1.010611
5, 512,30,23.167942, 23.010212, 128.673309, 80.865234,12.346548, 286.496277, 1.006855
5, 512,31,108.276848, 107.841110, 128.673309, 80.865234,12.346548, 286.496277, 1.004041
5, 513,0,62.224091, 60.812416, 128.894669, 71.421234,14.625171, 257.323029, 1.023214
5, 513,1,179.388885, 180.318268, 128.894669, 71.421234,14.625171, 257.323029, 0.994846
5, 513,2,164.426834, 164.270218, 128.894669, 71.421234,14.625171, 257.323029, 1.000953
5, 513,3,203.095551, 203.002106, 128.894669, 71.421234,14.625171, 257.323029, 1.000460
5, 513,4,228.076675, 228.756348, 128.894669, 71.421234,14.625171, 257.323029, 0.997029
5, 513,5,16.515945, 18.089771, 128.894669, 71.421234,14.625171, 257.323029, 0.912999
5, 513,6,45.416622, 46.419430, 128.894669, 71.421234,14.625171, 257.323029, 0.978397
5, 513,7,97.272530, 95.808792, 128.894669, 71.421234,14.625171, 257.323029, 1.015278
5, 513,8,139.532990, 139.312561, 128.894669, 71.421234,14.625171, 257.323029, 1.001582
5, 513,9,57.423775, 56.852608, 128.894669, 71.421234,14.625171, 257.323029, 1.010046
5, 513,10,191.642258, 191.671783, 128.894669, 71.421234,14.625171, 257.323029, 0.999846
5, 513,11,158.009064, 156.938370, 128.894669, 71.421234,14.625171, 257.323029, 1.006822
5, 513,12,196.260147, 196.234848, 128.894669, 71.421234,14.625171, 257.323029, 1.000129
5, 513,13,54.234722, 54.632946, 128.894669, 71.421234,14.625171, 257.323029, 0.992711
5, 513,14,65.055092, 65.375481, 128.894669, 71.421234,14.625171, 257.323029, 0.995099
5, 513,15,69.895409, 69.954010, 128.894669, 71.421234,14.625171, 257.323029, 0.999162
5, 513,16,139.487473, 140.720154, 128.894669, 71.421234,14.625171, 257.323029, 0.991240
5, 513,17,229.598251, 230.635712, 128.894669, 71.421234,14.625171, 257.323029, 0.995502
5, 513,18,48.671864, 48.004902, 128.894669, 71.421234,14.625171, 257.323029, 1.013894
5, 513,19,14.625171, 14.137693, 128.894669, 71.421234,14.625171, 257.323029, 1.034481
5, 513,20,163.030365, 161.161118, 128.894669, 71.421234,14.625171, 257.323029, 1.011599
5, 513,21,248.444839, 248.478073, 128.894669, 71.421234,14.625171, 257.323029, 0.999866
5, 513,22,83.069305, 82.196945, 128.894669, 71.421234,14.625171, 257.323029, 1.010613
5, 513,23,192.756165, 193.442886, 128.894669, 71.421234,14.625171, 257.323029, 0.996450
5, 513,24,184.296997, 183.891373, 128.894669, 71.421234,14.625171, 257.323029, 1.002206
5, 513,25,107.804123, 108.515762, 128.894669, 71.421234,14.625171, 257.323029, 0.993442
5, 513,26,196.259659, 195.167557, 128.894669, 71.421234,14.625171, 257.323029, 1.005596
5, 513,27,60.435127, 60.990295, 128.894669, 71.421234,14.625171, 257.323029, 0.990897
5, 513,28,77.565216, 77.146637, 128.894669, 71.421234,14.625171, 257.323029, 1.005426
5, 513,29,75.227539, 74.524811, 128.894669, 71.421234,14.625171, 257.323029, 1.009429
5, 513,30,117.563599, 116.953560, 128.894669, 71.421234,14.625171, 257.323029, 1.005216
5, 513,31,257.323029, 256.583313, 128.894669, 71.421234,14.625171, 257.323029, 1.002883
5, 514,0,76.187080, 74.332123, 128.915298, 70.348038,10.929209, 243.137909, 1.024955
5, 514,1,170.029144, 168.993988, 128.915298, 70.348038,10.929209, 243.137909, 1.006125
5, 514,2,146.174438, 145.887314, 128.915298, 70.348038,10.929209, 243.137909, 1.001968
5, 514,3,10.929209, 10.661217, 128.915298, 70.348038,10.929209, 243.137909, 1.025137
5, 514,4,120.978737, 119.999222, 128.915298, 70.348038,10.929209, 243.137909, 1.008163
5, 514,5,232.021469, 231.514938, 128.915298, 70.348038,10.929209, 243.137909, 1.002188
5, 514,6,46.252052, 44.692341, 128.915298, 70.348038,10.929209, 243.137909, 1.034899
5, 514,7,119.882866, 120.042343, 128.915298, 70.348038,10.929209, 243.137909, 0.998671
5, 514,8,179.033676, 179.954361, 128.915298, 70.348038,10.929209, 243.137909, 0.994884
5, 514,9,178.268463, 177.604172, 128.915298, 70.348038,10.929209, 243.137909, 1.003740
5, 514,10,197.408081, 196.995087, 128.915298, 70.348038,10.929209, 243.137909, 1.002096
5, 514,11,234.367645, 234.626953, 128.915298, 70.348038,10.929209, 243.137909, 0.998895
5, 514,12,24.535994, 24.604275, 128.915298, 70.348038,10.929209, 243.137909, 0.997225
5, 514,13,21.412123, 21.830036, 128.915298, 70.348038,10.929209, 243.137909, 0.980856
5, 514,14,110.047798, 108.909462, 128.915298, 70.348038,10.929209, 243.137909, 1.010452
5, 514,15,243.137909, 242.870605, 128.915298, 70.348038,10.929209, 243.137909, 1.001101
5, 514,16,176.218475, 175.936768, 128.915298, 70.348038,10.929209, 243.137909, 1.001601
5, 514,17,109.256142, 109.117889, 128.915298, 70.348038,10.929209, 243.137909, 1.001267
5, 514,18,194.955719, 196.060776, 128.915298, 70.348038,10.929209, 243.137909, 0.994364
5, 514,19,82.346825, 81.059288, 128.915298, 70.348038,10.929209, 243.137909, 1.015884
5, 514,20,218.758972, 219.390213, 128.915298, 70.348038,10.929209, 243.137909, 0.997123
5, 514,21,84.639236, 85.263756, 128.915298, 70.348038,10.929209, 243.137909, 0.992675
5, 514,22,72.021866, 73.663712, 128.915298, 70.348038,10.929209, 243.137909, 0.977712
5, 514,23,182.228775, 182.412384, 128.915298, 70.348038,10.929209, 243.137909, 0.998993
5, 514,24,194.327499, 194.458038, 128.915298, 70.348038,10.929209, 243.137909, 0.999329
5, 514,25,172.389374, 171.394485, 128.915298, 70.348038,10.929209, 243.137909, 1.005805
5, 514,26,61.210697, 61.380886, 128.915298, 70.348038,10.929209, 243.137909, 0.997227
5, 514,27,52.770233, 53.561275, 128.915298, 70.348038,10.929209, 243.137909, 0.985231
5, 514,28,64.450386, 66.605942, 128.915298, 70.348038,10.929209, 243.137909, 0.967637
5, 514,29,186.594193, 186.954651, 128.915298, 70.348038,10.929209, 243.137909, 0.998072
5, 514,30,23.540636, 22.577499, 128.915298, 70.348038,10.929209, 243.137909, 1.042659
5, 514,31,138.913635, 137.643677, 128.915298, 70.348038,10.929209, 243.137909, 1.009226
5, 515,0,169.904892, 167.937302, 128.718491, 66.250237,27.290890, 232.420670, 1.011716
5, 515,1,121.496788, 122.262390, 128.718491, 66.250237,27.290890, 232.420670, 0.993738
5, 515,2,134.725723, 133.804688, 128.718491, 66.250237,27.290890, 232.420670, 1.006883
5, 515,3,221.857346, 222.898956, 128.718491, 66.250237,27.290890, 232.420670, 0.995327
5, 515,4,229.232361, 228.600494, 128.718491, 66.250237,27.290890, 232.420670, 1.002764
5, 515,5,82.578102, 83.472488, 128.718491, 66.250237,27.290890, 232.420670, 0.989285
5, 515,6,85.686783, 84.836952, 128.718491, 66.250237,27.290890, 232.420670, 1.010017
5, 515,7,73.640816, 73.245926, 128.718491, 66.250237,27.290890, 232.420670, 1.005391
5, 515,8,67.441010, 67.105820, 128.718491, 66.250237,27.290890, 232.420670, 1.004995
5, 515,9,55.405304, 56.231834, 128.718491, 66.250237,27.290890, 232.420670, 0.985301
5, 515,10,62.735718, 62.580791, 128.718491, 66.250237,27.290890, 232.420670, 1.002476
5, 515,11,122.092415, 122.673126, 128.718491, 66.250237,27.290890, 232.420670, 0.995266
5, 515,12,46.523178, 46.130585, 128.718491, 66.250237,27.290890, 232.420670, 1.008510
5, 515,13,194.336273, 195.679184, 128.718491, 66.250237,27.290890, 232.420670, 0.993137
5, 515,14,92.781425, 92.285843, 128.718491, 66.250237,27.290890, 232.420670, 1.005370
5, 515,15,78.034859, 78.132957, 128.718491, 66.250237,27.290890, 232.420670, 0.998744
5, 515,16,213.396667, 214.002060, 128.718491, 66.250237,27.290890, 232.420670, 0.997171
5, 515,17,226.433884, 225.996857, 128.718491, 66.250237,27.290890, 232.420670, 1.001934
5, 515,18,139.415176, 139.415726, 128.718491, 66.250237,27.290890, 232.420670, 0.999996
5, 515,19,232.420670, 234.030518, 128.718491, 66.250237,27.290890, 232.420670, 0.993121
5, 515,20,141.113144, 141.622528, 128.718491, 66.250237,27.290890, 232.420670, 0.996403
5, 515,21,186.970215, 186.148788, 128.718491, 66.250237,27.290890, 232.420670, 1.004413
5, 515,22,69.110603, 68.024742, 128.718491, 66.250237,27.290890, 232.420670, 1.015963
5, 515,23,27.290890, 28.803221, 128.718491, 66.250237,27.290890, 232.420670, 0.947494
5, 515,24,200.788025, 201.680069, 128.718491, 66.250237,27.290890, 232.420670, 0.995577
5, 515,25,42.508842, 42.621952, 128.718491, 66.250237,27.290890, 232.420670, 0.997346
5, 515,26,32.764107, 32.659935, 128.718491, 66.250237,27.290890, 232.420670, 1.003190
5, 515,27,91.732635, 91.422607, 128.718491, 66.250237,27.290890, 232.420670, 1.003391
5, 515,28,133.870010, 134.027451, 128.718491, 66.250237,27.290890, 232.420670, 0.998825
5, 515,29,144.754517, 143.815430, 128.718491, 66.250237,27.290890, 232.420670, 1.006530
5, 515,30,169.784119, 170.248550, 128.718491, 66.250237,27.290890, 232.420670, 0.997272
5, 515,31,228.164886, 228.600494, 128.718491, 66.250237,27.290890, 232.420670, 0.998094
5, 516,0,183.641418, 184.052658, 128.763382, 57.182678,11.924233, 208.622589, 0.997766
5, 516,1,38.997028, 38.452209, 128.763382, 57.182678,11.924233, 208.622589, 1.014169
5, 516,2,149.711624, 150.193787, 128.763382, 57.182678,11.924233, 208.622589, 0.996790
5, 516,3,54.487240, 54.537613, 128.763382, 57.182678,11.924233, 208.622589, 0.999076
5, 516,4,125.238182, 126.084038, 128.763382, 57.182678,11.924233, 208.622589, 0.993291
5, 516,5,151.736343, 150.114273, 128.763382, 57.182678,11.924233, 208.622589, 1.010806
5, 516,6,85.116096, 83.729874, 128.763382, 57.182678,11.924233, 208.622589, 1.016556
5, 516,7,204.970306, 204.994263, 128.763382, 57.182678,11.924233, 208.622589, 0.999883
5, 516,8,158.409561, 156.952103, 128.763382, 57.182678,11.924233, 208.622589, 1.009286
5, 516,9,208.622589, 209.807648, 128.763382, 57.182678,11.924233, 208.622589, 0.994352
5, 516,10,62.295856, 61.907543, 128.763382, 57.182678,11.924233, 208.622589, 1.006272
5, 516,11,161.199585, 160.744110, 128.763382, 57.182678,11.924233, 208.622589, 1.002833
5, 516,12,135.846924, 133.845383, 128.763382, 57.182678,11.924233, 208.622589, 1.014954
5, 516,13,197.777283, 197.465317, 128.763382, 57.182678,11.924233, 208.622589, 1.001580
5, 516,14,186.835297, 187.697861, 128.763382, 57.182678,11.924233, 208.622589, 0.995404
5, 516,15,184.771561, 186.034286, 128.763382, 57.182678,11.924233, 208.622589, 0.993212
5, 516,16,51.046833, 49.767036, 128.763382, 57.182678,11.924233, 208.622589, 1.025716
5, 516,17,80.932991, 81.760483, 128.763382, 57.182678,11.924233, 208.622589, 0.989879
5, 516,18,11.924233, 10.715587, 128.763382, 57.182678,11.924233, 208.622589, 1.112793
5, 516,19,158.250107, 158.750244, 128.763382, 57.182678,11.924233, 208.622589, 0.996850
5, 516,20,180.482101, 181.483871, 128.763382, 57.182678,11.924233, 208.622589, 0.994480
5, 516,21,202.062637, 202.829163, 128.763382, 57.182678,11.924233, 208.622589, 0.996221
5, 516,22,111.613319, 109.613312, 128.763382, 57.182678,11.924233, 208.622589, 1.018246
5, 516,23,59.130444, 59.075783, 128.763382, 57.182678,11.924233, 208.622589, 1.000925
5, 516,24,148.759979, 149.759552, 128.763382, 57.182678,11.924233, 208.622589, 0.993325
5, 516,25,107.934006, 108.512405, 128.763382, 57.182678,11.924233, 208.622589, 0.994670
5, 516,26,96.628197, 97.160881, 128.763382, 57.182678,11.924233, 208.622589, 0.994518
5, 516,27,164.409317, 167.276138, 128.763382, 57.182678,11.924233, 208.622589, 0.982862
5, 516,28,53.235275, 54.507034, 128.763382, 57.182678,11.924233, 208.622589, 0.976668
5, 516,29,184.326431, 184.162750, 128.763382, 57.182678,11.924233, 208.622589, 1.000889
5, 516,30,68.980057, 68.788177, 128.763382, 57.182678,11.924233, 208.622589, 1.002789
5, 516,31,151.055237, 150.224365, 128.763382, 57.182678,11.924233, 208.622589, 1.005531
5, 517,0,152.502762, 152.841278, 128.962921, 71.179916,10.989435, 238.990158, 0.997785
5, 517,1,108.877953, 108.135506, 128.962921, 71.179916,10.989435, 238.990158, 1.006866
5, 517,2,217.972717, 217.343430, 128.962921, 71.179916,10.989435, 238.990158, 1.002895
5, 517,3,141.433334, 141.733612, 128.962921, 71.179916,10.989435, 238.990158, 0.997881
5, 517,4,119.618889, 120.597267, 128.962921, 71.179916,10.989435, 238.990158, 0.991887
5, 517,5,212.712494, 212.364365, 128.962921, 71.179916,10.989435, 238.990158, 1.001639
5, 517,6,35.061184, 34.246490, 128.962921, 71.179916,10.989435, 238.990158, 1.023789
5, 517,7,77.712700, 77.005783, 128.962921, 71.179916,10.989435, 238.990158, 1.009180
5, 517,8,59.530125, 59.360428, 128.962921, 71.179916,10.989435, 238.990158, 1.002859
5, 517,9,59.576134, 59.677792, 128.962921, 71.179916,10.989435, 238.990158, 0.998297
5, 517,10,187.907776, 187.581894, 128.962921, 71.179916,10.989435, 238.990158, 1.001737
5, 517,11,83.520012, 82.055367, 128.962921, 71.179916,10.989435, 238.990158, 1.017849
5, 517,12,227.661865, 227.456726, 128.962921, 71.179916,10.989435, 238.990158, 1.000902
5, 517,13,47.215412, 47.843704, 128.962921, 71.179916,10.989435, 238.990158, 0.986868
5, 517,14,10.989435, 10.000000, 128.962921, 71.179916,10.989435, 238.990158, 1.098943
5, 517,15,234.095261, 234.445740, 128.962921, 71.179916,10.989435, 238.990158, 0.998505
5, 517,16,41.869274, 41.616348, 128.962921, 71.179916,10.989435, 238.990158, 1.006078
5, 517,17,89.869301, 89.742592, 128.962921, 71.179916,10.989435, 238.990158, 1.001412
5, 517,18,74.031403, 73.959106, 128.962921, 71.179916,10.989435, 238.990158, 1.000978
5, 517,19,79.130943, 78.902901, 128.962921, 71.179916,10.989435, 238.990158, 1.002890
5, 517,20,200.767120, 201.101532, 128.962921, 71.179916,10.989435, 238.990158, 0.998337
5, 517,21,203.387482, 202.751816, 128.962921, 71.179916,10.989435, 238.990158, 1.003135
5, 517,22,106.236923, 105.794075, 128.962921, 71.179916,10.989435, 238.990158, 1.004186
5, 517,23,61.235111, 60.989559, 128.962921, 71.179916,10.989435, 238.990158, 1.004026
5, 517,24,148.369049, 148.856628, 128.962921, 71.179916,10.989435, 238.990158, 0.996724
5, 517,25,66.999924, 65.898102, 128.962921, 71.179916,10.989435, 238.990158, 1.016720
5, 517,26,226.985962, 227.689453, 128.962921, 71.179916,10.989435, 238.990158, 0.996910
5, 517,27,141.340240, 141.105927, 128.962921, 71.179916,10.989435, 238.990158, 1.001661
5, 517,28,61.926689, 62.886684, 128.962921, 71.179916,10.989435, 238.990158, 0.984735
5, 517,29,238.990158, 238.430405, 128.962921, 71.179916,10.989435, 238.990158, 1.002348
5, 517,30,219.938339, 219.438019, 128.962921, 71.179916,10.989435, 238.990158, 1.002280
5, 517,31,189.347321, 189.147537, 128.962921, 71.179916,10.989435, 238.990158, 1.001056
5, 518,0,43.777992, 43.727360, 128.966064, 47.074615,38.915260, 214.020340, 1.001158
5, 518,1,199.516754, 199.251801, 128.966064, 47.074615,38.915260, 214.020340, 1.001330
5, 518,2,142.466293, 141.844452, 128.966064, 47.074615,38.915260, 214.020340, 1.004384
5, 518,3,155.112091, 155.502121, 128.966064, 47.074615,38.915260, 214.020340, 0.997492
5, 518,4,155.710403, 156.091293, 128.966064, 47.074615,38.915260, 214.020340, 0.997560
5, 518,5,201.989227, 202.429611, 128.966064, 47.074615,38.915260, 214.020340, 0.997824
5, 518,6,120.044731, 119.581009, 128.966064, 47.074615,38.915260, 214.020340, 1.003878
5, 518,7,111.076866, 111.683502, 128.966064, 47.074615,38.915260, 214.020340, 0.994568
5, 518,8,38.915260, 38.932446, 128.966064, 47.074615,38.915260, 214.020340, 0.999559
5, 518,9,166.353943, 165.731262, 128.966064, 47.074615,38.915260, 214.020340, 1.003757
5, 518,10,72.646797, 72.427895, 128.966064, 47.074615,38.915260, 214.020340, 1.003022
5, 518,11,171.252823, 171.704544, 128.966064, 47.074615,38.915260, 214.020340, 0.997369
5, 518,12,119.127296, 119.662491, 128.966064, 47.074615,38.915260, 214.020340, 0.995527
5, 518,13,117.718140, 118.766190, 128.966064, 47.074615,38.915260, 214.020340, 0.991176
5, 518,14,185.970825, 186.459091, 128.966064, 47.074615,38.915260, 214.020340, 0.997381
5, 518,15,81.785652, 82.287231, 128.966064, 47.074615,38.915260, 214.020340, 0.993905
5, 518,16,142.201599, 140.509399, 128.966064, 47.074615,38.915260, 214.020340, 1.012043
5, 518,17,89.171722, 88.009796, 128.966064, 47.074615,38.915260, 214.020340, 1.013202
5, 518,18,54.402874, 55.410652, 128.966064, 47.074615,38.915260, 214.020340, 0.981813
5, 518,19,92.453323, 91.588745, 128.966064, 47.074615,38.915260, 214.020340, 1.009440
5, 518,20,112.351379, 112.466988, 128.966064, 47.074615,38.915260, 214.020340, 0.998972
5, 518,21,136.316788, 136.059219, 128.966064, 47.074615,38.915260, 214.020340, 1.001893
5, 518,22,129.255646, 129.001602, 128.966064, 47.074615,38.915260, 214.020340, 1.001969
5, 518,23,122.885941, 121.354820, 128.966064, 47.074615,38.915260, 214.020340, 1.012617
5, 518,24,53.307770, 51.762753, 128.966064, 47.074615,38.915260, 214.020340, 1.029848
5, 518,25,151.692474, 150.957916, 128.966064, 47.074615,38.915260, 214.020340, 1.004866
5, 518,26,214.020340, 214.112900, 128.966064, 47.074615,38.915260, 214.020340, 0.999568
5, 518,27,181.202393, 181.444794, 128.966064, 47.074615,38.915260, 214.020340, 0.998664
5, 518,28,97.294243, 97.010445, 128.966064, 47.074615,38.915260, 214.020340, 1.002925
5, 518,29,136.514557, 136.535568, 128.966064, 47.074615,38.915260, 214.020340, 0.999846
5, 518,30,171.380081, 169.761505, 128.966064, 47.074615,38.915260, 214.020340, 1.009534
5, 518,31,158.997620, 158.930634, 128.966064, 47.074615,38.915260, 214.020340, 1.000422
5, 519,0,40.892300, 41.234138, 128.803558, 62.765160,17.312672, 238.208450, 0.991710
5, 519,1,238.208450, 238.631943, 128.803558, 62.765160,17.312672, 238.208450, 0.998225
5, 519,2,31.641195, 32.068665, 128.803558, 62.765160,17.312672, 238.208450, 0.986670
5, 519,3,101.952217, 101.998360, 128.803558, 62.765160,17.312672, 238.208450, 0.999548
5, 519,4,63.980019, 64.817528, 128.803558, 62.765160,17.312672, 238.208450, 0.987079
5, 519,5,67.009224, 67.292976, 128.803558, 62.765160,17.312672, 238.208450, 0.995783
5, 519,6,195.228287, 194.838226, 128.803558, 62.765160,17.312672, 238.208450, 1.002002
5, 519,7,98.878174, 98.807625, 128.803558, 62.765160,17.312672, 238.208450, 1.000714
5, 519,8,95.018311, 95.196136, 128.803558, 62.765160,17.312672, 238.208450, 0.998132
5, 519,9,81.113396, 81.163910, 128.803558, 62.765160,17.312672, 238.208450, 0.999378
5, 519,10,25.707523, 25.385654, 128.803558, 62.765160,17.312672, 238.208450, 1.012679
5, 519,11,199.494934, 199.452515, 128.803558, 62.765160,17.312672, 238.208450, 1.000213
5, 519,12,173.165131, 173.050049, 128.803558, 62.765160,17.312672, 238.208450, 1.000665
5, 519,13,88.712334, 89.186325, 128.803558, 62.765160,17.312672, 238.208450, 0.994685
5, 519,14,188.761749, 188.982712, 128.803558, 62.765160,17.312672, 238.208450, 0.998831
5, 519,15,84.452263, 85.013832, 128.803558, 62.765160,17.312672, 238.208450, 0.993394
5, 519,16,17.312672, 16.107979, 128.803558, 62.765160,17.312672, 238.208450, 1.074789
5, 519,17,174.162476, 174.424515, 128.803558, 62.765160,17.312672, 238.208450, 0.998498
5, 519,18,85.302727, 85.168106, 128.803558, 62.765160,17.312672, 238.208450, 1.001581
5, 519,19,198.345047, 197.972855, 128.803558, 62.765160,17.312672, 238.208450, 1.001880
5, 519,20,189.980316, 190.574554, 128.803558, 62.765160,17.312672, 238.208450, 0.996882
5, 519,21,195.016159, 195.749863, 128.803558, 62.765160,17.312672, 238.208450, 0.996252
5, 519,22,175.025726, 175.546555, 128.803558, 62.765160,17.312672, 238.208450, 0.997033
5, 519,23,73.235138, 72.783852, 128.803558, 62.765160,17.312672, 238.208450, 1.006200
5, 519,24,139.232880, 139.515808, 128.803558, 62.765160,17.312672, 238.208450, 0.997972
5, 519,25,216.624130, 216.416000, 128.803558, 62.765160,17.312672, 238.208450, 1.000962
5, 519,26,153.143478, 152.447021, 128.803558, 62.765160,17.312672, 238.208450, 1.004569
5, 519,27,181.897507, 181.963089, 128.803558, 62.765160,17.312672, 238.208450, 0.999640
5, 519,28,142.035095, 141.521393, 128.803558, 62.765160,17.312672, 238.208450, 1.003630
5, 519,29,171.666656, 171.836884, 128.803558, 62.765160,17.312672, 238.208450, 0.999009
5, 519,30,80.666756, 79.158302, 128.803558, 62.765160,17.312672, 238.208450, 1.019056
5, 519,31,153.851959, 152.692474, 128.803558, 62.765160,17.312672, 238.208450, 1.007594
5, 520,0,177.900726, 176.913712, 128.917725, 79.822807,12.643491, 281.675507, 1.005579
5, 520,1,241.373901, 241.577774, 128.917725, 79.822807,12.643491, 281.675507, 0.999156
5, 520,2,31.252058, 32.931152, 128.917725, 79.822807,12.643491, 281.675507, 0.949012
5, 520,3,139.518677, 139.140015, 128.917725, 79.822807,12.643491, 281.675507, 1.002721
5, 520,4,281.675507, 282.325348, 128.917725, 79.822807,12.643491, 281.675507, 0.997698
5, 520,5,146.597198, 145.204224, 128.917725, 79.822807,12.643491, 281.675507, 1.009593
5, 520,6,76.436668, 75.837486, 128.917725, 79.822807,12.643491, 281.675507, 1.007901
5, 520,7,97.706871, 96.126183, 128.917725, 79.822807,12.643491, 281.675507, 1.016444
5, 520,8,58.142361, 58.504761, 128.917725, 79.822807,12.643491, 281.675507, 0.993806
5, 520,9,106.837074, 107.851524, 128.917725, 79.822807,12.643491, 281.675507, 0.990594
5, 520,10,279.453949, 278.608002, 128.917725, 79.822807,12.643491, 281.675507, 1.003036
5, 520,11,38.610924, 39.425327, 128.917725, 79.822807,12.643491, 281.675507, 0.979343
5, 520,12,213.756653, 211.606049, 128.917725, 79.822807,12.643491, 281.675507, 1.010163
5, 520,13,69.111534, 69.253738, 128.917725, 79.822807,12.643491, 281.675507, 0.997947
5, 520,14,78.537766, 77.539406, 128.917725, 79.822807,12.643491, 281.675507, 1.012876
5, 520,15,224.381958, 224.818329, 128.917725, 79.822807,12.643491, 281.675507, 0.998059
5, 520,16,24.938765, 24.323013, 128.917725, 79.822807,12.643491, 281.675507, 1.025316
5, 520,17,123.156181, 123.473373, 128.917725, 79.822807,12.643491, 281.675507, 0.997431
5, 520,18,228.104370, 227.639938, 128.917725, 79.822807,12.643491, 281.675507, 1.002040
5, 520,19,118.816216, 118.699036, 128.917725, 79.822807,12.643491, 281.675507, 1.000987
5, 520,20,157.621429, 159.186844, 128.917725, 79.822807,12.643491, 281.675507, 0.990166
5, 520,21,70.934502, 70.489868, 128.917725, 79.822807,12.643491, 281.675507, 1.006308
5, 520,22,220.879883, 222.086288, 128.917725, 79.822807,12.643491, 281.675507, 0.994568
5, 520,23,12.643491, 12.561840, 128.917725, 79.822807,12.643491, 281.675507, 1.006500
5, 520,24,54.263741, 53.094448, 128.917725, 79.822807,12.643491, 281.675507, 1.022023
5, 520,25,225.799271, 225.015381, 128.917725, 79.822807,12.643491, 281.675507, 1.003484
5, 520,26,159.318390, 158.559830, 128.917725, 79.822807,12.643491, 281.675507, 1.004784
5, 520,27,155.623230, 157.010178, 128.917725, 79.822807,12.643491, 281.675507, 0.991167
5, 520,28,111.205002, 111.873436, 128.917725, 79.822807,12.643491, 281.675507, 0.994025
5, 520,29,153.531754, 152.853912, 128.917725, 79.822807,12.643491, 281.675507, 1.004435
5, 520,30,17.673468, 17.219730, 128.917725, 79.822807,12.643491, 281.675507, 1.026350
5, 520,31,29.563278, 29.249628, 128.917725, 79.822807,12.643491, 281.675507, 1.010723
5, 521,0,209.892807, 210.593277, 128.653214, 67.503288,25.114450, 231.316742, 0.996674
5, 521,1,60.508537, 60.703564, 128.653214, 67.503288,25.114450, 231.316742, 0.996787
5, 521,2,25.114450, 23.989525, 128.653214, 67.503288,25.114450, 231.316742, 1.046892
5, 521,3,154.184540, 154.824753, 128.653214, 67.503288,25.114450, 231.316742, 0.995865
5, 521,4,131.976578, 132.621643, 128.653214, 67.503288,25.114450, 231.316742, 0.995136
5, 521,5,119.938980, 120.880196, 128.653214, 67.503288,25.114450, 231.316742, 0.992214
5, 521,6,66.663551, 66.912857, 128.653214, 67.503288,25.114450, 231.316742, 0.996274
5, 521,7,26.794859, 26.982445, 128.653214, 67.503288,25.114450, 231.316742, 0.993048
5, 521,8,53.001217, 52.713421, 128.653214, 67.503288,25.114450, 231.316742, 1.005460
5, 521,9,26.480782, 26.576166, 128.653214, 67.503288,25.114450, 231.316742, 0.996411
5, 521,10,89.508904, 90.416069, 128.653214, 67.503288,25.114450, 231.316742, 0.989967
5, 521,11,83.986946, 81.647224, 128.653214, 67.503288,25.114450, 231.316742, 1.028656
5, 521,12,140.737091, 141.153503, 128.653214, 67.503288,25.114450, 231.316742, 0.997050
5, 521,13,227.244781, 226.485535, 128.653214, 67.503288,25.114450, 231.316742, 1.003352
5, 521,14,196.648911, 196.380280, 128.653214, 67.503288,25.114450, 231.316742, 1.001368
5, 521,15,216.275101, 217.825027, 128.653214, 67.503288,25.114450, 231.316742, 0.992885
5, 521,16,198.224213, 197.897064, 128.653214, 67.503288,25.114450, 231.316742, 1.001653
5, 521,17,56.181709, 56.302212, 128.653214, 67.503288,25.114450, 231.316742, 0.997860
5, 521,18,67.262695, 69.289589, 128.653214, 67.503288,25.114450, 231.316742, 0.970748
5, 521,19,208.507645, 208.629578, 128.653214, 67.503288,25.114450, 231.316742, 0.999416
5, 521,20,97.748001, 97.207695, 128.653214, 67.503288,25.114450, 231.316742, 1.005558
5, 521,21,204.878281, 204.505859, 128.653214, 67.503288,25.114450, 231.316742, 1.001821
5, 521,22,148.548523, 149.143631, 128.653214, 67.503288,25.114450, 231.316742, 0.996010
5, 521,23,204.623184, 204.133438, 128.653214, 67.503288,25.114450, 231.316742, 1.002399
5, 521,24,192.257431, 192.893066, 128.653214, 67.503288,25.114450, 231.316742, 0.996705
5, 521,25,191.066406, 193.069107, 128.653214, 67.503288,25.114450, 231.316742, 0.989627
5, 521,26,231.316742, 230.663422, 128.653214, 67.503288,25.114450, 231.316742, 1.002832
5, 521,27,80.597862, 80.130455, 128.653214, 67.503288,25.114450, 231.316742, 1.005833
5, 521,28,83.219421, 82.378525, 128.653214, 67.503288,25.114450, 231.316742, 1.010208
5, 521,29,115.286118, 116.113190, 128.653214, 67.503288,25.114450, 231.316742, 0.992877
5, 521,30,154.472855, 155.136246, 128.653214, 67.503288,25.114450, 231.316742, 0.995724
5, 521,31,53.753887, 52.801449, 128.653214, 67.503288,25.114450, 231.316742, 1.018038
5, 522,0,238.769440, 238.301804, 128.717529, 68.690758,13.652884, 239.781662, 1.001962
5, 522,1,13.652884, 14.588556, 128.717529, 68.690758,13.652884, 239.781662, 0.935863
5, 522,2,51.885071, 51.944477, 128.717529, 68.690758,13.652884, 239.781662, 0.998856
5, 522,3,216.177368, 216.470978, 128.717529, 68.690758,13.652884, 239.781662, 0.998644
5, 522,4,191.338943, 192.894806, 128.717529, 68.690758,13.652884, 239.781662, 0.991934
5, 522,5,145.328232, 143.032944, 128.717529, 68.690758,13.652884, 239.781662, 1.016047
5, 522,6,129.913437, 129.985107, 128.717529, 68.690758,13.652884, 239.781662, 0.999449
5, 522,7,38.871548, 39.445587, 128.717529, 68.690758,13.652884, 239.781662, 0.985447
5, 522,8,131.164932, 131.540451, 128.717529, 68.690758,13.652884, 239.781662, 0.997145
5, 522,9,139.197845, 139.197433, 128.717529, 68.690758,13.652884, 239.781662, 1.000003
5, 522,10,142.882568, 143.504471, 128.717529, 68.690758,13.652884, 239.781662, 0.995666
5, 522,11,64.897118, 63.493279, 128.717529, 68.690758,13.652884, 239.781662, 1.022110
5, 522,12,114.750153, 114.635986, 128.717529, 68.690758,13.652884, 239.781662, 1.000996
5, 522,13,199.861511, 199.439835, 128.717529, 68.690758,13.652884, 239.781662, 1.002114
5, 522,14,99.679428, 100.405823, 128.717529, 68.690758,13.652884, 239.781662, 0.992765
5, 522,15,203.405838, 203.803177, 128.717529, 68.690758,13.652884, 239.781662, 0.998050
5, 522,16,233.923676, 234.086258, 128.717529, 68.690758,13.652884, 239.781662, 0.999305
5, 522,17,190.451797, 189.587112, 128.717529, 68.690758,13.652884, 239.781662, 1.004561
5, 522,18,92.490433, 93.832649, 128.717529, 68.690758,13.652884, 239.781662, 0.985696
5, 522,19,70.141129, 71.108032, 128.717529, 68.690758,13.652884, 239.781662, 0.986402
5, 522,20,28.213140, 26.883354, 128.717529, 68.690758,13.652884, 239.781662, 1.049465
5, 522,21,48.664192, 49.368690, 128.717529, 68.690758,13.652884, 239.781662, 0.985730
5, 522,22,155.083344, 155.644440, 128.717529, 68.690758,13.652884, 239.781662, 0.996395
5, 522,23,132.652054, 132.061234, 128.717529, 68.690758,13.652884, 239.781662, 1.004474
5, 522,24,211.140244, 211.453110, 128.717529, 68.690758,13.652884, 239.781662, 0.998520
5, 522,25,146.190033, 146.776993, 128.717529, 68.690758,13.652884, 239.781662, 0.996001
5, 522,26,29.322773, 29.205784, 128.717529, 68.690758,13.652884, 239.781662, 1.004006
5, 522,27,113.394440, 113.580338, 128.717529, 68.690758,13.652884, 239.781662, 0.998363
5, 522,28,239.781662, 239.294128, 128.717529, 68.690758,13.652884, 239.781662, 1.002037
5, 522,29,119.581993, 119.541229, 128.717529, 68.690758,13.652884, 239.781662, 1.000341
5, 522,30,22.319889, 21.774010, 128.717529, 68.690758,13.652884, 239.781662, 1.025070
5, 522,31,163.833923, 164.117798, 128.717529, 68.690758,13.652884, 239.781662, 0.998270
5, 523,0,32.825687, 32.864693, 128.942871, 76.374214,26.145521, 289.825012, 0.998813
5, 523,1,193.517151, 194.518600, 128.942871, 76.374214,26.145521, 289.825012, 0.994852
5, 523,2,72.220398, 72.960129, 128.942871, 76.374214,26.145521, 289.825012, 0.989861
5, 523,3,26.145521, 25.785465, 128.942871, 76.374214,26.145521, 289.825012, 1.013964
5, 523,4,76.106735, 76.733406, 128.942871, 76.374214,26.145521, 289.825012, 0.991833
5, 523,5,61.501099, 62.029728, 128.942871, 76.374214,26.145521, 289.825012, 0.991478
5, 523,6,235.026291, 234.414978, 128.942871, 76.374214,26.145521, 289.825012, 1.002608
5, 523,7,115.504204, 114.916229, 128.942871, 76.374214,26.145521, 289.825012, 1.005117
5, 523,8,193.078873, 194.198395, 128.942871, 76.374214,26.145521, 289.825012, 0.994235
5, 523,9,179.173630, 179.555298, 128.942871, 76.374214,26.145521, 289.825012, 0.997874
5, 523,10,119.472481, 120.913673, 128.942871, 76.374214,26.145521, 289.825012, 0.988081
5, 523,11,179.137482, 179.624527, 128.942871, 76.374214,26.145521, 289.825012, 0.997289
5, 523,12,72.053337, 70.277283, 128.942871, 76.374214,26.145521, 289.825012, 1.025272
5, 523,13,61.910503, 59.926731, 128.942871, 76.374214,26.145521, 289.825012, 1.033103
5, 523,14,243.155136, 244.203003, 128.942871, 76.374214,26.145521, 289.825012, 0.995709
5, 523,15,258.221710, 257.868164, 128.942871, 76.374214,26.145521, 289.825012, 1.001371
5, 523,16,116.570206, 117.971207, 128.942871, 76.374214,26.145521, 289.825012, 0.988124
5, 523,17,144.537872, 144.687057, 128.942871, 76.374214,26.145521, 289.825012, 0.998969
5, 523,18,51.797718, 51.367615, 128.942871, 76.374214,26.145521, 289.825012, 1.008373
5, 523,19,118.153717, 118.680855, 128.942871, 76.374214,26.145521, 289.825012, 0.995558
5, 523,20,34.438175, 34.976349, 128.942871, 76.374214,26.145521, 289.825012, 0.984613
5, 523,21,215.320404, 214.328323, 128.942871, 76.374214,26.145521, 289.825012, 1.004629
5, 523,22,36.687805, 35.435024, 128.942871, 76.374214,26.145521, 289.825012, 1.035354
5, 523,23,55.515720, 55.538994, 128.942871, 76.374214,26.145521, 289.825012, 0.999581
5, 523,24,289.825012, 287.500519, 128.942871, 76.374214,26.145521, 289.825012, 1.008085
5, 523,25,78.733551, 76.681480, 128.942871, 76.374214,26.145521, 289.825012, 1.026761
5, 523,26,131.405441, 131.099792, 128.942871, 76.374214,26.145521, 289.825012, 1.002331
5, 523,27,63.038181, 62.877850, 128.942871, 76.374214,26.145521, 289.825012, 1.002550
5, 523,28,220.541992, 220.498840, 128.942871, 76.374214,26.145521, 289.825012, 1.000196
5, 523,29,165.535645, 167.222885, 128.942871, 76.374214,26.145521, 289.825012, 0.989910
5, 523,30,77.267143, 76.162216, 128.942871, 76.374214,26.145521, 289.825012, 1.014508
5, 523,31,207.753342, 205.180710, 128.942871, 76.374214,26.145521, 289.825012, 1.012538
5, 524,0,217.733841, 217.894821, 128.663223, 71.547745,9.368321, 259.543091, 0.999261
5, 524,1,106.228905, 106.843628, 128.663223, 71.547745,9.368321, 259.543091, 0.994247
5, 524,2,165.200760, 165.858551, 128.663223, 71.547745,9.368321, 259.543091, 0.996034
5, 524,3,23.149487, 23.175953, 128.663223, 71.547745,9.368321, 259.543091, 0.998858
5, 524,4,102.463669, 102.390961, 128.663223, 71.547745,9.368321, 259.543091, 1.000710
5, 524,5,32.759129, 32.938446, 128.663223, 71.547745,9.368321, 259.543091, 0.994556
5, 524,6,9.368321, 10.379273, 128.663223, 71.547745,9.368321, 259.543091, 0.902599
5, 524,7,73.389046, 74.051666, 128.663223, 71.547745,9.368321, 259.543091, 0.991052
5, 524,8,119.538086, 121.104309, 128.663223, 71.547745,9.368321, 259.543091, 0.987067
5, 524,9,202.404343, 203.065247, 128.663223, 71.547745,9.368321, 259.543091, 0.996745
5, 524,10,79.848793, 80.006248, 128.663223, 71.547745,9.368321, 259.543091, 0.998032
5, 524,11,66.553154, 65.548355, 128.663223, 71.547745,9.368321, 259.543091, 1.015329
5, 524,12,187.319809, 186.847519, 128.663223, 71.547745,9.368321, 259.543091, 1.002528
5, 524,13,198.359100, 198.271240, 128.663223, 71.547745,9.368321, 259.543091, 1.000443
5, 524,14,68.742714, 69.037674, 128.663223, 71.547745,9.368321, 259.543091, 0.995728
5, 524,15,259.543091, 258.499817, 128.663223, 71.547745,9.368321, 259.543091, 1.004036
5, 524,16,118.817490, 118.722466, 128.663223, 71.547745,9.368321, 259.543091, 1.000800
5, 524,17,125.034546, 123.508896, 128.663223, 71.547745,9.368321, 259.543091, 1.012353
5, 524,18,106.284615, 105.956131, 128.663223, 71.547745,9.368321, 259.543091, 1.003100
5, 524,19,54.379612, 55.922401, 128.663223, 71.547745,9.368321, 259.543091, 0.972412
5, 524,20,230.984665, 229.523346, 128.663223, 71.547745,9.368321, 259.543091, 1.006367
5, 524,21,118.508995, 119.192764, 128.663223, 71.547745,9.368321, 259.543091, 0.994263
5, 524,22,136.610992, 137.139984, 128.663223, 71.547745,9.368321, 259.543091, 0.996143
5, 524,23,131.090515, 131.466034, 128.663223, 71.547745,9.368321, 259.543091, 0.997144
5, 524,24,66.828789, 66.989601, 128.663223, 71.547745,9.368321, 259.543091, 0.997599
5, 524,25,191.045334, 191.671875, 128.663223, 71.547745,9.368321, 259.543091, 0.996731
5, 524,26,92.995827, 93.652504, 128.663223, 71.547745,9.368321, 259.543091, 0.992988
5, 524,27,219.384415, 220.185654, 128.663223, 71.547745,9.368321, 259.543091, 0.996361
5, 524,28,226.234879, 225.571320, 128.663223, 71.547745,9.368321, 259.543091, 1.002942
5, 524,29,28.766443, 28.675415, 128.663223, 71.547745,9.368321, 259.543091, 1.003174
5, 524,30,103.608391, 103.179848, 128.663223, 71.547745,9.368321, 259.543091, 1.004153
5, 524,31,254.045074, 253.728561, 128.663223, 71.547745,9.368321, 259.543091, 1.001247
5, 525,0,73.166710, 72.986526, 128.840225, 43.011223,33.396873, 192.975800, 1.002469
5, 525,1,68.251312, 65.776367, 128.840225, 43.011223,33.396873, 192.975800, 1.037627
5, 525,2,106.036217, 106.610191, 128.840225, 43.011223,33.396873, 192.975800, 0.994616
5, 525,3,171.404297, 172.896179, 128.840225, 43.011223,33.396873, 192.975800, 0.991371
5, 525,4,126.933128, 126.863914, 128.840225, 43.011223,33.396873, 192.975800, 1.000546
5, 525,5,80.164169, 79.460831, 128.840225, 43.011223,33.396873, 192.975800, 1.008851
5, 525,6,56.003101, 56.477341, 128.840225, 43.011223,33.396873, 192.975800, 0.991603
5, 525,7,161.644745, 160.992004, 128.840225, 43.011223,33.396873, 192.975800, 1.004055
5, 525,8,49.849281, 51.338242, 128.840225, 43.011223,33.396873, 192.975800, 0.970997
5, 525,9,100.560341, 100.842072, 128.840225, 43.011223,33.396873, 192.975800, 0.997206
5, 525,10,85.749901, 85.721504, 128.840225, 43.011223,33.396873, 192.975800, 1.000331
5, 525,11,192.975800, 193.025284, 128.840225, 43.011223,33.396873, 192.975800, 0.999744
5, 525,12,146.963715, 146.280899, 128.840225, 43.011223,33.396873, 192.975800, 1.004668
5, 525,13,119.448921, 119.855515, 128.840225, 43.011223,33.396873, 192.975800, 0.996608
5, 525,14,182.361450, 180.949005, 128.840225, 43.011223,33.396873, 192.975800, 1.007806
5, 525,15,147.334198, 148.245148, 128.840225, 43.011223,33.396873, 192.975800, 0.993855
5, 525,16,188.325073, 187.245285, 128.840225, 43.011223,33.396873, 192.975800, 1.005767
5, 525,17,139.269897, 139.242828, 128.840225, 43.011223,33.396873, 192.975800, 1.000194
5, 525,18,109.706345, 109.553596, 128.840225, 43.011223,33.396873, 192.975800, 1.001394
5, 525,19,133.648911, 133.593399, 128.840225, 43.011223,33.396873, 192.975800, 1.000416
5, 525,20,166.327484, 167.579071, 128.840225, 43.011223,33.396873, 192.975800, 0.992531
5, 525,21,111.677109, 111.446640, 128.840225, 43.011223,33.396873, 192.975800, 1.002068
5, 525,22,120.662102, 119.523201, 128.840225, 43.011223,33.396873, 192.975800, 1.009529
5, 525,23,159.942978, 158.731049, 128.840225, 43.011223,33.396873, 192.975800, 1.007635
5, 525,24,33.396873, 33.743080, 128.840225, 43.011223,33.396873, 192.975800, 0.989740
5, 525,25,173.704346, 173.614227, 128.840225, 43.011223,33.396873, 192.975800, 1.000519
5, 525,26,162.001007, 161.454880, 128.840225, 43.011223,33.396873, 192.975800, 1.003383
5, 525,27,160.591263, 160.808029, 128.840225, 43.011223,33.396873, 192.975800, 0.998652
5, 525,28,122.283577, 121.350960, 128.840225, 43.011223,33.396873, 192.975800, 1.007685
5, 525,29,142.205215, 141.646240, 128.840225, 43.011223,33.396873, 192.975800, 1.003946
5, 525,30,164.519485, 166.754196, 128.840225, 43.011223,33.396873, 192.975800, 0.986599
5, 525,31,165.777954, 166.392197, 128.840225, 43.011223,33.396873, 192.975800, 0.996308
5, 526,0,14.777115, 13.934513, 128.939941, 75.473503,13.602513, 249.661041, 1.060469
5, 526,1,52.888813, 52.377987, 128.939941, 75.473503,13.602513, 249.661041, 1.009753
5, 526,2,153.824295, 153.445801, 128.939941, 75.473503,13.602513, 249.661041, 1.002467
5, 526,3,105.714973, 105.605698, 128.939941, 75.473503,13.602513, 249.661041, 1.001035
5, 526,4,67.235809, 65.694229, 128.939941, 75.473503,13.602513, 249.661041, 1.023466
5, 526,5,84.656189, 86.551620, 128.939941, 75.473503,13.602513, 249.661041, 0.978101
5, 526,6,192.981979, 192.679153, 128.939941, 75.473503,13.602513, 249.661041, 1.001572
5, 526,7,118.555244, 118.221474, 128.939941, 75.473503,13.602513, 249.661041, 1.002823
5, 526,8,168.754028, 167.686066, 128.939941, 75.473503,13.602513, 249.661041, 1.006369
5, 526,9,210.914261, 210.414276, 128.939941, 75.473503,13.602513, 249.661041, 1.002376
5, 526,10,133.819992, 134.428986, 128.939941, 75.473503,13.602513, 249.661041, 0.995470
5, 526,11,159.268250, 160.375900, 128.939941, 75.473503,13.602513, 249.661041, 0.993093
5, 526,12,215.940552, 214.400955, 128.939941, 75.473503,13.602513, 249.661041, 1.007181
5, 526,13,224.656113, 224.632172, 128.939941, 75.473503,13.602513, 249.661041, 1.000107
5, 526,14,49.118557, 48.860771, 128.939941, 75.473503,13.602513, 249.661041, 1.005276
5, 526,15,16.230413, 17.869026, 128.939941, 75.473503,13.602513, 249.661041, 0.908299
5, 526,16,249.661041, 249.066391, 128.939941, 75.473503,13.602513, 249.661041, 1.002388
5, 526,17,209.146255, 210.414276, 128.939941, 75.473503,13.602513, 249.661041, 0.993974
5, 526,18,158.493225, 158.431015, 128.939941, 75.473503,13.602513, 249.661041, 1.000393
5, 526,19,190.101746, 189.012894, 128.939941, 75.473503,13.602513, 249.661041, 1.005761
5, 526,20,40.844410, 41.163132, 128.939941, 75.473503,13.602513, 249.661041, 0.992257
5, 526,21,118.080414, 118.295990, 128.939941, 75.473503,13.602513, 249.661041, 0.998178
5, 526,22,25.621359, 26.468323, 128.939941, 75.473503,13.602513, 249.661041, 0.968001
5, 526,23,197.652008, 198.409546, 128.939941, 75.473503,13.602513, 249.661041, 0.996182
5, 526,24,147.716553, 146.642380, 128.939941, 75.473503,13.602513, 249.661041, 1.007325
5, 526,25,36.957592, 36.572868, 128.939941, 75.473503,13.602513, 249.661041, 1.010519
5, 526,26,102.293839, 102.118279, 128.939941, 75.473503,13.602513, 249.661041, 1.001719
5, 526,27,98.402122, 97.006393, 128.939941, 75.473503,13.602513, 249.661041, 1.014388
5, 526,28,247.082413, 246.346527, 128.939941, 75.473503,13.602513, 249.661041, 1.002987
5, 526,29,80.023041, 78.667694, 128.939941, 75.473503,13.602513, 249.661041, 1.017229
5, 526,30,13.602513, 13.323471, 128.939941, 75.473503,13.602513, 249.661041, 1.020944
5, 526,31,241.063110, 241.882919, 128.939941, 75.473503,13.602513, 249.661041, 0.996611
5, 527,0,179.153397, 179.627701, 128.702988, 63.919849,10.566055, 223.812637, 0.997360
5, 527,1,152.132248, 151.845490, 128.702988, 63.919849,10.566055, 223.812637, 1.001889
5, 527,2,77.443466, 76.668167, 128.702988, 63.919849,10.566055, 223.812637, 1.010112
5, 527,3,165.257477, 165.772537, 128.702988, 63.919849,10.566055, 223.812637, 0.996893
5, 527,4,109.453606, 109.397720, 128.702988, 63.919849,10.566055, 223.812637, 1.000511
5, 527,5,134.157532, 133.696533, 128.702988, 63.919849,10.566055, 223.812637, 1.003448
5, 527,6,208.499496, 209.069931, 128.702988, 63.919849,10.566055, 223.812637, 0.997272
5, 527,7,74.993309, 75.511391, 128.702988, 63.919849,10.566055, 223.812637, 0.993139
5, 527,8,193.016632, 192.528687, 128.702988, 63.919849,10.566055, 223.812637, 1.002534
5, 527,9,175.078659, 174.987534, 128.702988, 63.919849,10.566055, 223.812637, 1.000521
5, 527,10,30.603436, 30.044237, 128.702988, 63.919849,10.566055, 223.812637, 1.018613
5, 527,11,40.785778, 40.644745, 128.702988, 63.919849,10.566055, 223.812637, 1.003470
5, 527,12,157.087296, 156.256927, 128.702988, 63.919849,10.566055, 223.812637, 1.005314
5, 527,13,65.687454, 65.989235, 128.702988, 63.919849,10.566055, 223.812637, 0.995427
5, 527,14,146.825531, 147.551697, 128.702988, 63.919849,10.566055, 223.812637, 0.995079
5, 527,15,121.189659, 121.266106, 128.702988, 63.919849,10.566055, 223.812637, 0.999370
5, 527,16,57.470600, 57.617317, 128.702988, 63.919849,10.566055, 223.812637, 0.997454
5, 527,17,101.185631, 101.705490, 128.702988, 63.919849,10.566055, 223.812637, 0.994889
5, 527,18,99.082581, 98.718788, 128.702988, 63.919849,10.566055, 223.812637, 1.003685
5, 527,19,118.520256, 118.325150, 128.702988, 63.919849,10.566055, 223.812637, 1.001649
5, 527,20,223.812637, 224.016525, 128.702988, 63.919849,10.566055, 223.812637, 0.999090
5, 527,21,214.777557, 215.971359, 128.702988, 63.919849,10.566055, 223.812637, 0.994472
5, 527,22,10.566055, 10.607798, 128.702988, 63.919849,10.566055, 223.812637, 0.996065
5, 527,23,185.586166, 186.163162, 128.702988, 63.919849,10.566055, 223.812637, 0.996901
5, 527,24,192.811829, 192.169250, 128.702988, 63.919849,10.566055, 223.812637, 1.003344
5, 527,25,193.626511, 193.463257, 128.702988, 63.919849,10.566055, 223.812637, 1.000844
5, 527,26,98.590187, 98.084846, 128.702988, 63.919849,10.566055, 223.812637, 1.005152
5, 527,27,222.921860, 224.009979, 128.702988, 63.919849,10.566055, 223.812637, 0.995143
5, 527,28,24.647680, 24.802803, 128.702988, 63.919849,10.566055, 223.812637, 0.993746
5, 527,29,29.023348, 29.299194, 128.702988, 63.919849,10.566055, 223.812637, 0.990585
5, 527,30,147.650696, 147.094223, 128.702988, 63.919849,10.566055, 223.812637, 1.003783
5, 527,31,166.857285, 168.092636, 128.702988, 63.919849,10.566055, 223.812637, 0.992651
5, 528,0,254.138809, 255.818817, 128.713608, 78.137405,13.726209, 256.914764, 0.993433
5, 528,1,48.619778, 48.570015, 128.713608, 78.137405,13.726209, 256.914764, 1.001025
5, 528,2,203.679337, 203.274261, 128.713608, 78.137405,13.726209, 256.914764, 1.001993
5, 528,3,243.490128, 243.268951, 128.713608, 78.137405,13.726209, 256.914764, 1.000909
5, 528,4,121.342278, 121.892265, 128.713608, 78.137405,13.726209, 256.914764, 0.995488
5, 528,5,22.631618, 22.381784, 128.713608, 78.137405,13.726209, 256.914764, 1.011162
5, 528,6,99.937401, 99.217674, 128.713608, 78.137405,13.726209, 256.914764, 1.007254
5, 528,7,256.914764, 257.563660, 128.713608, 78.137405,13.726209, 256.914764, 0.997481
5, 528,8,99.890984, 100.258156, 128.713608, 78.137405,13.726209, 256.914764, 0.996338
5, 528,9,18.232250, 17.923700, 128.713608, 78.137405,13.726209, 256.914764, 1.017215
5, 528,10,75.316109, 75.334518, 128.713608, 78.137405,13.726209, 256.914764, 0.999756
5, 528,11,128.427643, 128.023132, 128.713608, 78.137405,13.726209, 256.914764, 1.003160
5, 528,12,195.550323, 195.542664, 128.713608, 78.137405,13.726209, 256.914764, 1.000039
5, 528,13,154.440750, 155.620010, 128.713608, 78.137405,13.726209, 256.914764, 0.992422
5, 528,14,23.513350, 22.990068, 128.713608, 78.137405,13.726209, 256.914764, 1.022761
5, 528,15,78.325783, 78.207855, 128.713608, 78.137405,13.726209, 256.914764, 1.001508
5, 528,16,175.340164, 175.197174, 128.713608, 78.137405,13.726209, 256.914764, 1.000816
5, 528,17,212.596558, 212.318497, 128.713608, 78.137405,13.726209, 256.914764, 1.001310
5, 528,18,95.514061, 95.992172, 128.713608, 78.137405,13.726209, 256.914764, 0.995019
5, 528,19,13.726209, 13.569668, 128.713608, 78.137405,13.726209, 256.914764, 1.011536
5, 528,20,140.544357, 140.092773, 128.713608, 78.137405,13.726209, 256.914764, 1.003223
5, 528,21,39.756042, 40.142082, 128.713608, 78.137405,13.726209, 256.914764, 0.990383
5, 528,22,142.008820, 142.301788, 128.713608, 78.137405,13.726209, 256.914764, 0.997941
5, 528,23,210.611084, 210.069458, 128.713608, 78.137405,13.726209, 256.914764, 1.002578
5, 528,24,195.836502, 196.287018, 128.713608, 78.137405,13.726209, 256.914764, 0.997705
5, 528,25,60.566345, 59.767246, 128.713608, 78.137405,13.726209, 256.914764, 1.013370
5, 528,26,223.645767, 224.212051, 128.713608, 78.137405,13.726209, 256.914764, 0.997474
5, 528,27,48.703072, 48.610035, 128.713608, 78.137405,13.726209, 256.914764, 1.001914
5, 528,28,218.616791, 219.353806, 128.713608, 78.137405,13.726209, 256.914764, 0.996640
5, 528,29,163.872849, 164.055954, 128.713608, 78.137405,13.726209, 256.914764, 0.998884
5, 528,30,137.072021, 137.163391, 128.713608, 78.137405,13.726209, 256.914764, 0.999334
5, 528,31,15.973217, 15.978792, 128.713608, 78.137405,13.726209, 256.914764, 0.999651
5, 529,0,41.981319, 41.689781, 128.672455, 68.485008,18.063673, 230.639359, 1.006993
5, 529,1,185.818176, 187.416901, 128.672455, 68.485008,18.063673, 230.639359, 0.991470
5, 529,2,140.585999, 140.239731, 128.672455, 68.485008,18.063673, 230.639359, 1.002469
5, 529,3,221.504272, 220.678360, 128.672455, 68.485008,18.063673, 230.639359, 1.003743
5, 529,4,39.487778, 40.772408, 128.672455, 68.485008,18.063673, 230.639359, 0.968493
5, 529,5,209.360214, 209.204453, 128.672455, 68.485008,18.063673, 230.639359, 1.000745
5, 529,6,163.075912, 163.201004, 128.672455, 68.485008,18.063673, 230.639359, 0.999233
5, 529,7,113.322205, 113.426865, 128.672455, 68.485008,18.063673, 230.639359, 0.999077
5, 529,8,18.063673, 18.721771, 128.672455, 68.485008,18.063673, 230.639359, 0.964849
5, 529,9,31.746508, 31.113029, 128.672455, 68.485008,18.063673, 230.639359, 1.020361
5, 529,10,173.772049, 173.568649, 128.672455, 68.485008,18.063673, 230.639359, 1.001172
5, 529,11,118.385178, 119.376282, 128.672455, 68.485008,18.063673, 230.639359, 0.991698
5, 529,12,71.774345, 73.183945, 128.672455, 68.485008,18.063673, 230.639359, 0.980739
5, 529,13,204.463547, 205.548477, 128.672455, 68.485008,18.063673, 230.639359, 0.994722
5, 529,14,67.940536, 67.025414, 128.672455, 68.485008,18.063673, 230.639359, 1.013653
5, 529,15,202.332230, 202.782883, 128.672455, 68.485008,18.063673, 230.639359, 0.997778
5, 529,16,141.586868, 141.831635, 128.672455, 68.485008,18.063673, 230.639359, 0.998274
5, 529,17,212.647949, 212.475967, 128.672455, 68.485008,18.063673, 230.639359, 1.000809
5, 529,18,97.666977, 98.775902, 128.672455, 68.485008,18.063673, 230.639359, 0.988773
5, 529,19,89.415100, 86.802856, 128.672455, 68.485008,18.063673, 230.639359, 1.030094
5, 529,20,142.516449, 141.406677, 128.672455, 68.485008,18.063673, 230.639359, 1.007848
5, 529,21,59.770420, 59.173798, 128.672455, 68.485008,18.063673, 230.639359, 1.010083
5, 529,22,199.175095, 200.867188, 128.672455, 68.485008,18.063673, 230.639359, 0.991576
5, 529,23,224.829666, 224.078033, 128.672455, 68.485008,18.063673, 230.639359, 1.003354
5, 529,24,66.704163, 67.443626, 128.672455, 68.485008,18.063673, 230.639359, 0.989036
5, 529,25,230.639359, 229.696930, 128.672455, 68.485008,18.063673, 230.639359, 1.004103
5, 529,26,50.187401, 51.045620, 128.672455, 68.485008,18.063673, 230.639359, 0.983187
5, 529,27,69.839195, 70.526260, 128.672455, 68.485008,18.063673, 230.639359, 0.990258
5, 529,28,226.208954, 227.437241, 128.672455, 68.485008,18.063673, 230.639359, 0.994599
5, 529,29,129.549591, 128.894012, 128.672455, 68.485008,18.063673, 230.639359, 1.005086
5, 529,30,120.601517, 121.177307, 128.672455, 68.485008,18.063673, 230.639359, 0.995248
5, 529,31,52.565697, 51.416615, 128.672455, 68.485008,18.063673, 230.639359, 1.022348
5, 530,0,120.619690, 121.918854, 128.842651, 63.377983,16.098558, 229.156769, 0.989344
5, 530,1,138.305237, 138.949982, 128.842651, 63.377983,16.098558, 229.156769, 0.995360
5, 530,2,64.570389, 64.904221, 128.842651, 63.377983,16.098558, 229.156769, 0.994857
5, 530,3,16.098558, 15.558306, 128.842651, 63.377983,16.098558, 229.156769, 1.034724
5, 530,4,126.995911, 127.134384, 128.842651, 63.377983,16.098558, 229.156769, 0.998911
5, 530,5,141.772583, 142.135757, 128.842651, 63.377983,16.098558, 229.156769, 0.997445
5, 530,6,199.653534, 198.908432, 128.842651, 63.377983,16.098558, 229.156769, 1.003746
5, 530,7,124.511803, 124.459412, 128.842651, 63.377983,16.098558, 229.156769, 1.000421
5, 530,8,68.259384, 67.861481, 128.842651, 63.377983,16.098558, 229.156769, 1.005863
5, 530,9,65.088226, 63.506245, 128.842651, 63.377983,16.098558, 229.156769, 1.024911
5, 530,10,229.156769, 227.271240, 128.842651, 63.377983,16.098558, 229.156769, 1.008296
5, 530,11,67.651009, 68.815872, 128.842651, 63.377983,16.098558, 229.156769, 0.983073
5, 530,12,163.602539, 164.073242, 128.842651, 63.377983,16.098558, 229.156769, 0.997131
5, 530,13,154.121353, 154.327744, 128.842651, 63.377983,16.098558, 229.156769, 0.998663
5, 530,14,76.854729, 76.329994, 128.842651, 63.377983,16.098558, 229.156769, 1.006875
5, 530,15,121.373039, 121.347565, 128.842651, 63.377983,16.098558, 229.156769, 1.000210
5, 530,16,213.019791, 213.291489, 128.842651, 63.377983,16.098558, 229.156769, 0.998726
5, 530,17,166.629166, 166.150055, 128.842651, 63.377983,16.098558, 229.156769, 1.002884
5, 530,18,86.039940, 85.947815, 128.842651, 63.377983,16.098558, 229.156769, 1.001072
5, 530,19,149.429749, 148.688782, 128.842651, 63.377983,16.098558, 229.156769, 1.004983
5, 530,20,49.430103, 49.163532, 128.842651, 63.377983,16.098558, 229.156769, 1.005422
5, 530,21,206.738037, 204.964081, 128.842651, 63.377983,16.098558, 229.156769, 1.008655
5, 530,22,125.420815, 126.200165, 128.842651, 63.377983,16.098558, 229.156769, 0.993824
5, 530,23,85.387764, 86.458618, 128.842651, 63.377983,16.098558, 229.156769, 0.987614
5, 530,24,16.142126, 15.954846, 128.842651, 63.377983,16.098558, 229.156769, 1.011738
5, 530,25,216.014633, 216.268890, 128.842651, 63.377983,16.098558, 229.156769, 0.998824
5, 530,26,178.964035, 178.785629, 128.842651, 63.377983,16.098558, 229.156769, 1.000998
5, 530,27,205.154343, 204.762466, 128.842651, 63.377983,16.098558, 229.156769, 1.001914
5, 530,28,89.514984, 89.328506, 128.842651, 63.377983,16.098558, 229.156769, 1.002088
5, 530,29,227.486389, 227.553528, 128.842651, 63.377983,16.098558, 229.156769, 0.999705
5, 530,30,187.961975, 187.543152, 128.842651, 63.377983,16.098558, 229.156769, 1.002233
5, 530,31,40.996422, 42.435768, 128.842651, 63.377983,16.098558, 229.156769, 0.966082
5, 531,0,136.027832, 136.698547, 128.508942, 67.141068,12.410758, 239.646454, 0.995093
5, 531,1,65.453842, 65.120834, 128.508942, 67.141068,12.410758, 239.646454, 1.005114
5, 531,2,187.744019, 188.370743, 128.508942, 67.141068,12.410758, 239.646454, 0.996673
5, 531,3,66.985336, 67.588287, 128.508942, 67.141068,12.410758, 239.646454, 0.991079
5, 531,4,114.516953, 114.188477, 128.508942, 67.141068,12.410758, 239.646454, 1.002877
5, 531,5,218.821930, 219.185013, 128.508942, 67.141068,12.410758, 239.646454, 0.998343
5, 531,6,213.285904, 213.247253, 128.508942, 67.141068,12.410758, 239.646454, 1.000181
5, 531,7,74.696609, 74.391815, 128.508942, 67.141068,12.410758, 239.646454, 1.004097
5, 531,8,186.740479, 186.054794, 128.508942, 67.141068,12.410758, 239.646454, 1.003685
5, 531,9,134.897217, 135.385468, 128.508942, 67.141068,12.410758, 239.646454, 0.996394
5, 531,10,25.431416, 25.374672, 128.508942, 67.141068,12.410758, 239.646454, 1.002236
5, 531,11,197.749252, 196.162689, 128.508942, 67.141068,12.410758, 239.646454, 1.008088
5, 531,12,40.061970, 42.257233, 128.508942, 67.141068,12.410758, 239.646454, 0.948050
5, 531,13,140.220276, 140.948074, 128.508942, 67.141068,12.410758, 239.646454, 0.994836
5, 531,14,97.795219, 97.183273, 128.508942, 67.141068,12.410758, 239.646454, 1.006297
5, 531,15,208.192535, 208.853470, 128.508942, 67.141068,12.410758, 239.646454, 0.996835
5, 531,16,202.374969, 203.153793, 128.508942, 67.141068,12.410758, 239.646454, 0.996166
5, 531,17,193.593048, 194.048767, 128.508942, 67.141068,12.410758, 239.646454, 0.997652
5, 531,18,132.172638, 133.625061, 128.508942, 67.141068,12.410758, 239.646454, 0.989131
5, 531,19,12.410758, 13.304364, 128.508942, 67.141068,12.410758, 239.646454, 0.932834
5, 531,20,18.371658, 18.347488, 128.508942, 67.141068,12.410758, 239.646454, 1.001317
5, 531,21,239.646454, 242.950470, 128.508942, 67.141068,12.410758, 239.646454, 0.986400
5, 531,22,33.218876, 33.743805, 128.508942, 67.141068,12.410758, 239.646454, 0.984444
5, 531,23,89.210541, 89.780922, 128.508942, 67.141068,12.410758, 239.646454, 0.993647
5, 531,24,234.404404, 233.542404, 128.508942, 67.141068,12.410758, 239.646454, 1.003691
5, 531,25,119.453148, 120.191170, 128.508942, 67.141068,12.410758, 239.646454, 0.993860
5, 531,26,119.768753, 119.541832, 128.508942, 67.141068,12.410758, 239.646454, 1.001898
5, 531,27,129.696609, 131.778091, 128.508942, 67.141068,12.410758, 239.646454, 0.984205
5, 531,28,145.272186, 144.389496, 128.508942, 67.141068,12.410758, 239.646454, 1.006113
5, 531,29,72.529022, 72.537613, 128.508942, 67.141068,12.410758, 239.646454, 0.999882
5, 531,30,168.127853, 166.546066, 128.508942, 67.141068,12.410758, 239.646454, 1.009498
5, 531,31,93.414734, 92.508095, 128.508942, 67.141068,12.410758, 239.646454, 1.009801
5, 532,0,33.849972, 35.968117, 128.626663, 50.233978,26.892570, 193.000320, 0.941110
5, 532,1,60.115620, 60.114010, 128.626663, 50.233978,26.892570, 193.000320, 1.000027
5, 532,2,159.197388, 161.337036, 128.626663, 50.233978,26.892570, 193.000320, 0.986738
5, 532,3,157.927414, 157.368622, 128.626663, 50.233978,26.892570, 193.000320, 1.003551
5, 532,4,124.393974, 125.285942, 128.626663, 50.233978,26.892570, 193.000320, 0.992881
5, 532,5,156.305313, 157.576889, 128.626663, 50.233978,26.892570, 193.000320, 0.991930
5, 532,6,178.440811, 176.985001, 128.626663, 50.233978,26.892570, 193.000320, 1.008226
5, 532,7,93.090614, 91.560364, 128.626663, 50.233978,26.892570, 193.000320, 1.016713
5, 532,8,128.371658, 127.958542, 128.626663, 50.233978,26.892570, 193.000320, 1.003229
5, 532,9,161.273392, 161.053574, 128.626663, 50.233978,26.892570, 193.000320, 1.001365
5, 532,10,145.792984, 144.242844, 128.626663, 50.233978,26.892570, 193.000320, 1.010747
5, 532,11,29.376583, 30.472525, 128.626663, 50.233978,26.892570, 193.000320, 0.964035
5, 532,12,141.950562, 140.870270, 128.626663, 50.233978,26.892570, 193.000320, 1.007669
5, 532,13,112.432320, 113.947678, 128.626663, 50.233978,26.892570, 193.000320, 0.986701
5, 532,14,162.862061, 162.922073, 128.626663, 50.233978,26.892570, 193.000320, 0.999632
5, 532,15,26.892570, 27.244589, 128.626663, 50.233978,26.892570, 193.000320, 0.987079
5, 532,16,179.777573, 179.055969, 128.626663, 50.233978,26.892570, 193.000320, 1.004030
5, 532,17,109.896187, 111.211441, 128.626663, 50.233978,26.892570, 193.000320, 0.988173
5, 532,18,191.212402, 191.522278, 128.626663, 50.233978,26.892570, 193.000320, 0.998382
5, 532,19,139.722656, 139.852158, 128.626663, 50.233978,26.892570, 193.000320, 0.999074
5, 532,20,174.043732, 173.490967, 128.626663, 50.233978,26.892570, 193.000320, 1.003186
5, 532,21,142.284119, 140.054626, 128.626663, 50.233978,26.892570, 193.000320, 1.015919
5, 532,22,73.920570, 74.830627, 128.626663, 50.233978,26.892570, 193.000320, 0.987838
5, 532,23,181.760986, 182.376465, 128.626663, 50.233978,26.892570, 193.000320, 0.996625
5, 532,24,75.962341, 77.393311, 128.626663, 50.233978,26.892570, 193.000320, 0.981510
5, 532,25,165.970139, 163.957550, 128.626663, 50.233978,26.892570, 193.000320, 1.012275
5, 532,26,168.362747, 168.741623, 128.626663, 50.233978,26.892570, 193.000320, 0.997755
5, 532,27,149.593033, 149.084747, 128.626663, 50.233978,26.892570, 193.000320, 1.003409
5, 532,28,38.101662, 39.508434, 128.626663, 50.233978,26.892570, 193.000320, 0.964393
5, 532,29,193.000320, 195.132019, 128.626663, 50.233978,26.892570, 193.000320, 0.989076
5, 532,30,103.120529, 103.853134, 128.626663, 50.233978,26.892570, 193.000320, 0.992946
5, 532,31,157.051010, 156.026550, 128.626663, 50.233978,26.892570, 193.000320, 1.006566
5, 533,0,161.991180, 163.210144, 128.832947, 77.589142,11.217070, 252.988007, 0.992531
5, 533,1,246.915421, 248.891068, 128.832947, 77.589142,11.217070, 252.988007, 0.992062
5, 533,2,189.722931, 188.308380, 128.832947, 77.589142,11.217070, 252.988007, 1.007512
5, 533,3,210.428177, 211.813309, 128.832947, 77.589142,11.217070, 252.988007, 0.993461
5, 533,4,178.384583, 176.626648, 128.832947, 77.589142,11.217070, 252.988007, 1.009953
5, 533,5,153.241776, 152.719666, 128.832947, 77.589142,11.217070, 252.988007, 1.003419
5, 533,6,73.035736, 73.300262, 128.832947, 77.589142,11.217070, 252.988007, 0.996391
5, 533,7,64.554626, 65.862366, 128.832947, 77.589142,11.217070, 252.988007, 0.980144
5, 533,8,118.215614, 117.041603, 128.832947, 77.589142,11.217070, 252.988007, 1.010031
5, 533,9,173.192917, 171.712723, 128.832947, 77.589142,11.217070, 252.988007, 1.008620
5, 533,10,83.865456, 84.393806, 128.832947, 77.589142,11.217070, 252.988007, 0.993739
5, 533,11,87.389328, 86.106232, 128.832947, 77.589142,11.217070, 252.988007, 1.014901
5, 533,12,100.124977, 98.249573, 128.832947, 77.589142,11.217070, 252.988007, 1.019088
5, 533,13,225.880219, 226.666763, 128.832947, 77.589142,11.217070, 252.988007, 0.996530
5, 533,14,38.673882, 38.604984, 128.832947, 77.589142,11.217070, 252.988007, 1.001785
5, 533,15,252.988007, 253.626312, 128.832947, 77.589142,11.217070, 252.988007, 0.997483
5, 533,16,50.538940, 50.807892, 128.832947, 77.589142,11.217070, 252.988007, 0.994707
5, 533,17,50.028694, 50.495186, 128.832947, 77.589142,11.217070, 252.988007, 0.990762
5, 533,18,90.097130, 89.754448, 128.832947, 77.589142,11.217070, 252.988007, 1.003818
5, 533,19,219.385925, 219.549011, 128.832947, 77.589142,11.217070, 252.988007, 0.999257
5, 533,20,74.738518, 73.717194, 128.832947, 77.589142,11.217070, 252.988007, 1.013855
5, 533,21,115.677979, 115.418518, 128.832947, 77.589142,11.217070, 252.988007, 1.002248
5, 533,22,50.182873, 51.135483, 128.832947, 77.589142,11.217070, 252.988007, 0.981371
5, 533,23,148.225189, 147.627060, 128.832947, 77.589142,11.217070, 252.988007, 1.004052
5, 533,24,11.217070, 10.811542, 128.832947, 77.589142,11.217070, 252.988007, 1.037509
5, 533,25,251.104065, 250.536484, 128.832947, 77.589142,11.217070, 252.988007, 1.002265
5, 533,26,35.675076, 35.768311, 128.832947, 77.589142,11.217070, 252.988007, 0.997393
5, 533,27,43.207348, 43.943291, 128.832947, 77.589142,11.217070, 252.988007, 0.983252
5, 533,28,151.335144, 150.329712, 128.832947, 77.589142,11.217070, 252.988007, 1.006688
5, 533,29,11.979047, 13.439746, 128.832947, 77.589142,11.217070, 252.988007, 0.891315
5, 533,30,225.178360, 225.989227, 128.832947, 77.589142,11.217070, 252.988007, 0.996412
5, 533,31,235.478134, 234.543915, 128.832947, 77.589142,11.217070, 252.988007, 1.003983
5, 534,0,173.537277, 173.066376, 128.784790, 65.699890,18.952866, 225.964371, 1.002721
5, 534,1,112.278656, 112.258163, 128.784790, 65.699890,18.952866, 225.964371, 1.000183
5, 534,2,135.600723, 134.329437, 128.784790, 65.699890,18.952866, 225.964371, 1.009464
5, 534,3,148.274170, 149.152435, 128.784790, 65.699890,18.952866, 225.964371, 0.994112
5, 534,4,59.179649, 59.031425, 128.784790, 65.699890,18.952866, 225.964371, 1.002511
5, 534,5,206.553268, 208.172348, 128.784790, 65.699890,18.952866, 225.964371, 0.992222
5, 534,6,118.467339, 119.112083, 128.784790, 65.699890,18.952866, 225.964371, 0.994587
5, 534,7,107.381760, 107.002121, 128.784790, 65.699890,18.952866, 225.964371, 1.003548
5, 534,8,42.180687, 41.971397, 128.784790, 65.699890,18.952866, 225.964371, 1.004987
5, 534,9,128.082932, 128.060272, 128.784790, 65.699890,18.952866, 225.964371, 1.000177
5, 534,10,211.238937, 210.620193, 128.784790, 65.699890,18.952866, 225.964371, 1.002938
5, 534,11,124.019745, 124.476913, 128.784790, 65.699890,18.952866, 225.964371, 0.996327
5, 534,12,22.025707, 22.674328, 128.784790, 65.699890,18.952866, 225.964371, 0.971394
5, 534,13,33.479179, 33.070812, 128.784790, 65.699890,18.952866, 225.964371, 1.012348
5, 534,14,224.762665, 223.620895, 128.784790, 65.699890,18.952866, 225.964371, 1.005106
5, 534,15,197.145523, 196.844330, 128.784790, 65.699890,18.952866, 225.964371, 1.001530
5, 534,16,27.978510, 25.455336, 128.784790, 65.699890,18.952866, 225.964371, 1.099122
5, 534,17,152.901031, 154.061691, 128.784790, 65.699890,18.952866, 225.964371, 0.992466
5, 534,18,225.964371, 225.007996, 128.784790, 65.699890,18.952866, 225.964371, 1.004250
5, 534,19,184.669205, 184.448792, 128.784790, 65.699890,18.952866, 225.964371, 1.001195
5, 534,20,173.064102, 174.745865, 128.784790, 65.699890,18.952866, 225.964371, 0.990376
5, 534,21,220.759064, 221.472244, 128.784790, 65.699890,18.952866, 225.964371, 0.996780
5, 534,22,155.350739, 155.435181, 128.784790, 65.699890,18.952866, 225.964371, 0.999457
5, 534,23,85.673515, 84.454880, 128.784790, 65.699890,18.952866, 225.964371, 1.014429
5, 534,24,18.952866, 19.240564, 128.784790, 65.699890,18.952866, 225.964371, 0.985047
5, 534,25,182.533249, 183.680450, 128.784790, 65.699890,18.952866, 225.964371, 0.993754
5, 534,26,41.491821, 41.468231, 128.784790, 65.699890,18.952866, 225.964371, 1.000569
5, 534,27,90.252815, 90.520058, 128.784790, 65.699890,18.952866, 225.964371, 0.997048
5, 534,28,51.398830, 51.592735, 128.784790, 65.699890,18.952866, 225.964371, 0.996242
5, 534,29,133.018356, 132.099197, 128.784790, 65.699890,18.952866, 225.964371, 1.006958
5, 534,30,136.706528, 136.845261, 128.784790, 65.699890,18.952866, 225.964371, 0.998986
5, 534,31,196.189484, 197.007538, 128.784790, 65.699890,18.952866, 225.964371, 0.995848
5, 535,0,168.806259, 168.101852, 128.566620, 79.142609,11.643855, 268.553986, 1.004190
5, 535,1,164.349182, 164.936798, 128.566620, 79.142609,11.643855, 268.553986, 0.996437
5, 535,2,268.553986, 267.829956, 128.566620, 79.142609,11.643855, 268.553986, 1.002703
5, 535,3,127.999435, 128.342560, 128.566620, 79.142609,11.643855, 268.553986, 0.997326
5, 535,4,196.887543, 196.236481, 128.566620, 79.142609,11.643855, 268.553986, 1.003318
5, 535,5,163.311401, 162.782242, 128.566620, 79.142609,11.643855, 268.553986, 1.003251
5, 535,6,70.280350, 70.854004, 128.566620, 79.142609,11.643855, 268.553986, 0.991904
5, 535,7,105.333641, 105.101624, 128.566620, 79.142609,11.643855, 268.553986, 1.002208
5, 535,8,35.970749, 35.253536, 128.566620, 79.142609,11.643855, 268.553986, 1.020344
5, 535,9,168.656616, 168.953644, 128.566620, 79.142609,11.643855, 268.553986, 0.998242
5, 535,10,62.921459, 63.647068, 128.566620, 79.142609,11.643855, 268.553986, 0.988599
5, 535,11,244.562393, 245.148514, 128.566620, 79.142609,11.643855, 268.553986, 0.997609
5, 535,12,170.686752, 171.074799, 128.566620, 79.142609,11.643855, 268.553986, 0.997732
5, 535,13,11.643855, 11.778771, 128.566620, 79.142609,11.643855, 268.553986, 0.988546
5, 535,14,49.213860, 49.943012, 128.566620, 79.142609,11.643855, 268.553986, 0.985400
5, 535,15,121.470970, 124.075172, 128.566620, 79.142609,11.643855, 268.553986, 0.979011
5, 535,16,127.031822, 127.783035, 128.566620, 79.142609,11.643855, 268.553986, 0.994121
5, 535,17,210.803772, 209.464539, 128.566620, 79.142609,11.643855, 268.553986, 1.006394
5, 535,18,246.528183, 246.000336, 128.566620, 79.142609,11.643855, 268.553986, 1.002146
5, 535,19,209.757278, 211.343521, 128.566620, 79.142609,11.643855, 268.553986, 0.992494
5, 535,20,205.904999, 204.712799, 128.566620, 79.142609,11.643855, 268.553986, 1.005824
5, 535,21,76.428993, 76.850060, 128.566620, 79.142609,11.643855, 268.553986, 0.994521
5, 535,22,15.683546, 16.338438, 128.566620, 79.142609,11.643855, 268.553986, 0.959917
5, 535,23,223.102798, 224.337738, 128.566620, 79.142609,11.643855, 268.553986, 0.994495
5, 535,24,16.198883, 17.908434, 128.566620, 79.142609,11.643855, 268.553986, 0.904539
5, 535,25,219.156082, 219.727966, 128.566620, 79.142609,11.643855, 268.553986, 0.997397
5, 535,26,140.190414, 139.658203, 128.566620, 79.142609,11.643855, 268.553986, 1.003811
5, 535,27,25.423422, 26.944256, 128.566620, 79.142609,11.643855, 268.553986, 0.943556
5, 535,28,81.590965, 80.040154, 128.566620, 79.142609,11.643855, 268.553986, 1.019375
5, 535,29,17.784302, 18.417847, 128.566620, 79.142609,11.643855, 268.553986, 0.965602
5, 535,30,130.880081, 130.396912, 128.566620, 79.142609,11.643855, 268.553986, 1.003705
5, 535,31,37.017670, 37.015606, 128.566620, 79.142609,11.643855, 268.553986, 1.000056
5, 536,0,163.132919, 162.539581, 128.904663, 63.186527,11.588383, 218.571793, 1.003650
5, 536,1,213.832977, 215.546310, 128.904663, 63.186527,11.588383, 218.571793, 0.992051
5, 536,2,54.155273, 53.956470, 128.904663, 63.186527,11.588383, 218.571793, 1.003685
5, 536,3,128.913574, 128.602783, 128.904663, 63.186527,11.588383, 218.571793, 1.002417
5, 536,4,104.927551, 103.981857, 128.904663, 63.186527,11.588383, 218.571793, 1.009095
5, 536,5,170.039581, 170.872726, 128.904663, 63.186527,11.588383, 218.571793, 0.995124
5, 536,6,66.644135, 67.508614, 128.904663, 63.186527,11.588383, 218.571793, 0.987195
5, 536,7,182.919571, 182.930862, 128.904663, 63.186527,11.588383, 218.571793, 0.999938
5, 536,8,18.546980, 20.245445, 128.904663, 63.186527,11.588383, 218.571793, 0.916106
5, 536,9,179.337219, 179.683929, 128.904663, 63.186527,11.588383, 218.571793, 0.998070
5, 536,10,130.727371, 129.558960, 128.904663, 63.186527,11.588383, 218.571793, 1.009018
5, 536,11,125.527763, 124.339951, 128.904663, 63.186527,11.588383, 218.571793, 1.009553
5, 536,12,157.742249, 157.068268, 128.904663, 63.186527,11.588383, 218.571793, 1.004291
5, 536,13,160.412201, 160.129272, 128.904663, 63.186527,11.588383, 218.571793, 1.001767
5, 536,14,150.965927, 151.384476, 128.904663, 63.186527,11.588383, 218.571793, 0.997235
5, 536,15,24.172211, 25.364845, 128.904663, 63.186527,11.588383, 218.571793, 0.952981
5, 536,16,117.539185, 116.378647, 128.904663, 63.186527,11.588383, 218.571793, 1.009972
5, 536,17,217.302200, 216.123978, 128.904663, 63.186527,11.588383, 218.571793, 1.005452
5, 536,18,155.755203, 154.877075, 128.904663, 63.186527,11.588383, 218.571793, 1.005670
5, 536,19,16.844797, 15.902916, 128.904663, 63.186527,11.588383, 218.571793, 1.059227
5, 536,20,118.977272, 118.377274, 128.904663, 63.186527,11.588383, 218.571793, 1.005069
5, 536,21,143.526199, 141.836212, 128.904663, 63.186527,11.588383, 218.571793, 1.011915
5, 536,22,154.252884, 154.657959, 128.904663, 63.186527,11.588383, 218.571793, 0.997381
5, 536,23,11.588383, 11.381109, 128.904663, 63.186527,11.588383, 218.571793, 1.018212
5, 536,24,213.008163, 212.478638, 128.904663, 63.186527,11.588383, 218.571793, 1.002492
5, 536,25,74.741310, 75.576157, 128.904663, 63.186527,11.588383, 218.571793, 0.988954
5, 536,26,71.570854, 72.913528, 128.904663, 63.186527,11.588383, 218.571793, 0.981585
5, 536,27,212.584122, 213.076248, 128.904663, 63.186527,11.588383, 218.571793, 0.997690
5, 536,28,218.571793, 217.817169, 128.904663, 63.186527,11.588383, 218.571793, 1.003464
5, 536,29,54.728313, 52.648403, 128.904663, 63.186527,11.588383, 218.571793, 1.039506
5, 536,30,128.830444, 128.868408, 128.904663, 63.186527,11.588383, 218.571793, 0.999705
5, 536,31,183.130630, 184.371735, 128.904663, 63.186527,11.588383, 218.571793, 0.993268
5, 537,0,19.987589, 20.198624, 128.749298, 70.942871,14.269407, 244.695724, 0.989552
5, 537,1,14.269407, 14.583651, 128.749298, 70.942871,14.269407, 244.695724, 0.978452
5, 537,2,83.216423, 83.295441, 128.749298, 70.942871,14.269407, 244.695724, 0.999051
5, 537,3,78.248672, 77.573036, 128.749298, 70.942871,14.269407, 244.695724, 1.008710
5, 537,4,185.517105, 185.518005, 128.749298, 70.942871,14.269407, 244.695724, 0.999995
5, 537,5,212.469711, 212.181976, 128.749298, 70.942871,14.269407, 244.695724, 1.001356
5, 537,6,144.909210, 145.790665, 128.749298, 70.942871,14.269407, 244.695724, 0.993954
5, 537,7,42.122143, 42.329063, 128.749298, 70.942871,14.269407, 244.695724, 0.995112
5, 537,8,52.461002, 51.324478, 128.749298, 70.942871,14.269407, 244.695724, 1.022144
5, 537,9,214.260880, 214.717300, 128.749298, 70.942871,14.269407, 244.695724, 0.997874
5, 537,10,238.097015, 238.745651, 128.749298, 70.942871,14.269407, 244.695724, 0.997283
5, 537,11,179.733658, 179.115234, 128.749298, 70.942871,14.269407, 244.695724, 1.003453
5, 537,12,231.753342, 231.562225, 128.749298, 70.942871,14.269407, 244.695724, 1.000825
5, 537,13,133.492264, 133.973419, 128.749298, 70.942871,14.269407, 244.695724, 0.996409
5, 537,14,149.350189, 150.223907, 128.749298, 70.942871,14.269407, 244.695724, 0.994184
5, 537,15,166.188416, 166.818146, 128.749298, 70.942871,14.269407, 244.695724, 0.996225
5, 537,16,219.955017, 218.785294, 128.749298, 70.942871,14.269407, 244.695724, 1.005346
5, 537,17,154.327148, 154.950790, 128.749298, 70.942871,14.269407, 244.695724, 0.995975
5, 537,18,169.894608, 169.188751, 128.749298, 70.942871,14.269407, 244.695724, 1.004172
5, 537,19,244.695724, 244.231720, 128.749298, 70.942871,14.269407, 244.695724, 1.001900
5, 537,20,86.514198, 86.482513, 128.749298, 70.942871,14.269407, 244.695724, 1.000366
5, 537,21,152.125549, 151.663467, 128.749298, 70.942871,14.269407, 244.695724, 1.003047
5, 537,22,37.207375, 37.953110, 128.749298, 70.942871,14.269407, 244.695724, 0.980351
5, 537,23,157.599609, 157.772614, 128.749298, 70.942871,14.269407, 244.695724, 0.998903
5, 537,24,36.662144, 37.688118, 128.749298, 70.942871,14.269407, 244.695724, 0.972777
5, 537,25,132.478348, 132.132797, 128.749298, 70.942871,14.269407, 244.695724, 1.002615
5, 537,26,111.578110, 110.740059, 128.749298, 70.942871,14.269407, 244.695724, 1.007568
5, 537,27,174.066498, 174.166321, 128.749298, 70.942871,14.269407, 244.695724, 0.999427
5, 537,28,95.621056, 95.098335, 128.749298, 70.942871,14.269407, 244.695724, 1.005497
5, 537,29,22.789253, 23.765278, 128.749298, 70.942871,14.269407, 244.695724, 0.958931
5, 537,30,32.762886, 31.994362, 128.749298, 70.942871,14.269407, 244.695724, 1.024021
5, 537,31,145.623230, 146.435242, 128.749298, 70.942871,14.269407, 244.695724, 0.994455
5, 538,0,242.659332, 244.118210, 128.930527, 78.001488,13.634936, 254.503998, 0.994024
5, 538,1,254.503998, 254.976395, 128.930527, 78.001488,13.634936, 254.503998, 0.998147
5, 538,2,231.308105, 232.187698, 128.930527, 78.001488,13.634936, 254.503998, 0.996212
5, 538,3,13.634936, 14.326775, 128.930527, 78.001488,13.634936, 254.503998, 0.951710
5, 538,4,209.293137, 208.619156, 128.930527, 78.001488,13.634936, 254.503998, 1.003231
5, 538,5,166.432678, 166.018814, 128.930527, 78.001488,13.634936, 254.503998, 1.002493
5, 538,6,78.644058, 79.955765, 128.930527, 78.001488,13.634936, 254.503998, 0.983595
5, 538,7,76.961403, 75.928932, 128.930527, 78.001488,13.634936, 254.503998, 1.013598
5, 538,8,24.568043, 23.205284, 128.930527, 78.001488,13.634936, 254.503998, 1.058726
5, 538,9,104.973244, 104.536636, 128.930527, 78.001488,13.634936, 254.503998, 1.004177
5, 538,10,44.945099, 44.846649, 128.930527, 78.001488,13.634936, 254.503998, 1.002195
5, 538,11,179.455704, 178.106781, 128.930527, 78.001488,13.634936, 254.503998, 1.007574
5, 538,12,237.100662, 237.181854, 128.930527, 78.001488,13.634936, 254.503998, 0.999658
5, 538,13,53.018295, 53.447704, 128.930527, 78.001488,13.634936, 254.503998, 0.991966
5, 538,14,77.922226, 76.956261, 128.930527, 78.001488,13.634936, 254.503998, 1.012552
5, 538,15,160.436630, 159.727371, 128.930527, 78.001488,13.634936, 254.503998, 1.004440
5, 538,16,177.454590, 177.979309, 128.930527, 78.001488,13.634936, 254.503998, 0.997052
5, 538,17,216.042831, 215.578003, 128.930527, 78.001488,13.634936, 254.503998, 1.002156
5, 538,18,221.579758, 221.074570, 128.930527, 78.001488,13.634936, 254.503998, 1.002285
5, 538,19,15.829890, 15.151636, 128.930527, 78.001488,13.634936, 254.503998, 1.044764
5, 538,20,91.536316, 90.596474, 128.930527, 78.001488,13.634936, 254.503998, 1.010374
5, 538,21,31.439213, 31.671362, 128.930527, 78.001488,13.634936, 254.503998, 0.992670
5, 538,22,30.327820, 30.501558, 128.930527, 78.001488,13.634936, 254.503998, 0.994304
5, 538,23,208.606461, 209.196579, 128.930527, 78.001488,13.634936, 254.503998, 0.997179
5, 538,24,101.330765, 100.569794, 128.930527, 78.001488,13.634936, 254.503998, 1.007567
5, 538,25,93.629906, 93.723450, 128.930527, 78.001488,13.634936, 254.503998, 0.999002
5, 538,26,104.569427, 106.433815, 128.930527, 78.001488,13.634936, 254.503998, 0.982483
5, 538,27,39.859547, 38.397732, 128.930527, 78.001488,13.634936, 254.503998, 1.038070
5, 538,28,125.110054, 123.770905, 128.930527, 78.001488,13.634936, 254.503998, 1.010820
5, 538,29,235.038864, 234.797256, 128.930527, 78.001488,13.634936, 254.503998, 1.001029
5, 538,30,121.245148, 119.024200, 128.930527, 78.001488,13.634936, 254.503998, 1.018660
5, 538,31,156.318542, 158.392593, 128.930527, 78.001488,13.634936, 254.503998, 0.986906
5, 539,0,56.270683, 57.423141, 128.620102, 68.883736,23.108198, 260.347137, 0.979930
5, 539,1,232.579529, 233.775009, 128.620102, 68.883736,23.108198, 260.347137, 0.994886
5, 539,2,78.127907, 78.607162, 128.620102, 68.883736,23.108198, 260.347137, 0.993903
5, 539,3,41.396301, 41.594364, 128.620102, 68.883736,23.108198, 260.347137, 0.995238
5, 539,4,191.567184, 191.019928, 128.620102, 68.883736,23.108198, 260.347137, 1.002865
5, 539,5,23.108198, 23.245937, 128.620102, 68.883736,23.108198, 260.347137, 0.994075
5, 539,6,180.542953, 180.356827, 128.620102, 68.883736,23.108198, 260.347137, 1.001032
5, 539,7,167.019028, 167.742767, 128.620102, 68.883736,23.108198, 260.347137, 0.995685
5, 539,8,181.377548, 181.020294, 128.620102, 68.883736,23.108198, 260.347137, 1.001974
5, 539,9,171.566544, 171.778961, 128.620102, 68.883736,23.108198, 260.347137, 0.998763
5, 539,10,107.526695, 107.642387, 128.620102, 68.883736,23.108198, 260.347137, 0.998925
5, 539,11,188.173981, 187.773605, 128.620102, 68.883736,23.108198, 260.347137, 1.002132
5, 539,12,23.925323, 24.264858, 128.620102, 68.883736,23.108198, 260.347137, 0.986007
5, 539,13,158.383804, 158.161774, 128.620102, 68.883736,23.108198, 260.347137, 1.001404
5, 539,14,39.713211, 39.627617, 128.620102, 68.883736,23.108198, 260.347137, 1.002160
5, 539,15,222.348343, 223.506821, 128.620102, 68.883736,23.108198, 260.347137, 0.994817
5, 539,16,95.837532, 94.925659, 128.620102, 68.883736,23.108198, 260.347137, 1.009606
5, 539,17,133.799881, 134.900436, 128.620102, 68.883736,23.108198, 260.347137, 0.991842
5, 539,18,223.112122, 223.111908, 128.620102, 68.883736,23.108198, 260.347137, 1.000001
5, 539,19,140.115845, 139.236755, 128.620102, 68.883736,23.108198, 260.347137, 1.006314
5, 539,20,151.812576, 150.721298, 128.620102, 68.883736,23.108198, 260.347137, 1.007240
5, 539,21,59.024605, 59.626854, 128.620102, 68.883736,23.108198, 260.347137, 0.989900
5, 539,22,116.736794, 116.528305, 128.620102, 68.883736,23.108198, 260.347137, 1.001789
5, 539,23,71.573364, 71.624817, 128.620102, 68.883736,23.108198, 260.347137, 0.999282
5, 539,24,233.131760, 234.217331, 128.620102, 68.883736,23.108198, 260.347137, 0.995365
5, 539,25,129.554520, 129.268738, 128.620102, 68.883736,23.108198, 260.347137, 1.002211
5, 539,26,96.124229, 96.260513, 128.620102, 68.883736,23.108198, 260.347137, 0.998584
5, 539,27,260.347137, 260.519653, 128.620102, 68.883736,23.108198, 260.347137, 0.999338
5, 539,28,47.352631, 48.094906, 128.620102, 68.883736,23.108198, 260.347137, 0.984566
5, 539,29,98.425507, 98.503723, 128.620102, 68.883736,23.108198, 260.347137, 0.999206
5, 539,30,39.470036, 39.540733, 128.620102, 68.883736,23.108198, 260.347137, 0.998212
5, 539,31,155.797516, 156.376709, 128.620102, 68.883736,23.108198, 260.347137, 0.996296
5, 540,0,247.476135, 248.860779, 128.809036, 81.603470,14.549870, 259.581635, 0.994436
5, 540,1,114.756760, 114.374359, 128.809036, 81.603470,14.549870, 259.581635, 1.003343
5, 540,2,100.952484, 100.311752, 128.809036, 81.603470,14.549870, 259.581635, 1.006387
5, 540,3,14.549870, 15.488245, 128.809036, 81.603470,14.549870, 259.581635, 0.939414
5, 540,4,121.000603, 120.359314, 128.809036, 81.603470,14.549870, 259.581635, 1.005328
5, 540,5,112.286896, 112.159515, 128.809036, 81.603470,14.549870, 259.581635, 1.001136
5, 540,6,44.622242, 44.957024, 128.809036, 81.603470,14.549870, 259.581635, 0.992553
5, 540,7,40.085102, 40.861198, 128.809036, 81.603470,14.549870, 259.581635, 0.981007
5, 540,8,112.681602, 112.493370, 128.809036, 81.603470,14.549870, 259.581635, 1.001673
5, 540,9,190.440048, 192.064758, 128.809036, 81.603470,14.549870, 259.581635, 0.991541
5, 540,10,186.144012, 187.089523, 128.809036, 81.603470,14.549870, 259.581635, 0.994946
5, 540,11,18.396378, 18.191654, 128.809036, 81.603470,14.549870, 259.581635, 1.011254
5, 540,12,193.309235, 191.356354, 128.809036, 81.603470,14.549870, 259.581635, 1.010206
5, 540,13,259.581635, 258.998566, 128.809036, 81.603470,14.549870, 259.581635, 1.002251
5, 540,14,201.853363, 201.941986, 128.809036, 81.603470,14.549870, 259.581635, 0.999561
5, 540,15,217.730408, 217.340012, 128.809036, 81.603470,14.549870, 259.581635, 1.001796
5, 540,16,191.067062, 193.229202, 128.809036, 81.603470,14.549870, 259.581635, 0.988810
5, 540,17,67.510529, 67.325287, 128.809036, 81.603470,14.549870, 259.581635, 1.002751
5, 540,18,235.420746, 235.001740, 128.809036, 81.603470,14.549870, 259.581635, 1.001783
5, 540,19,241.131195, 241.605545, 128.809036, 81.603470,14.549870, 259.581635, 0.998037
5, 540,20,256.275482, 255.090012, 128.809036, 81.603470,14.549870, 259.581635, 1.004647
5, 540,21,98.053673, 97.404770, 128.809036, 81.603470,14.549870, 259.581635, 1.006662
5, 540,22,39.956448, 40.307487, 128.809036, 81.603470,14.549870, 259.581635, 0.991291
5, 540,23,45.469406, 45.201305, 128.809036, 81.603470,14.549870, 259.581635, 1.005931
5, 540,24,63.649727, 63.669170, 128.809036, 81.603470,14.549870, 259.581635, 0.999695
5, 540,25,106.482399, 106.166420, 128.809036, 81.603470,14.549870, 259.581635, 1.002976
5, 540,26,27.021269, 26.684589, 128.809036, 81.603470,14.549870, 259.581635, 1.012617
5, 540,27,30.556751, 29.778852, 128.809036, 81.603470,14.549870, 259.581635, 1.026123
5, 540,28,66.956902, 66.633148, 128.809036, 81.603470,14.549870, 259.581635, 1.004859
5, 540,29,62.892303, 62.993317, 128.809036, 81.603470,14.549870, 259.581635, 0.998396
5, 540,30,217.910812, 217.869293, 128.809036, 81.603470,14.549870, 259.581635, 1.000191
5, 540,31,195.667847, 195.191605, 128.809036, 81.603470,14.549870, 259.581635, 1.002440
5, 541,0,208.459793, 208.541199, 128.816345, 79.854988,16.281242, 267.778870, 0.999610
5, 541,1,50.191078, 48.406448, 128.816345, 79.854988,16.281242, 267.778870, 1.036868
5, 541,2,229.375778, 229.427124, 128.816345, 79.854988,16.281242, 267.778870, 0.999776
5, 541,3,58.439373, 59.528973, 128.816345, 79.854988,16.281242, 267.778870, 0.981696
5, 541,4,267.778870, 267.389771, 128.816345, 79.854988,16.281242, 267.778870, 1.001455
5, 541,5,64.150330, 65.732803, 128.816345, 79.854988,16.281242, 267.778870, 0.975926
5, 541,6,97.709595, 98.231277, 128.816345, 79.854988,16.281242, 267.778870, 0.994689
5, 541,7,91.431747, 92.535965, 128.816345, 79.854988,16.281242, 267.778870, 0.988067
5, 541,8,16.281242, 15.168322, 128.816345, 79.854988,16.281242, 267.778870, 1.073371
5, 541,9,140.515289, 139.365204, 128.816345, 79.854988,16.281242, 267.778870, 1.008252
5, 541,10,204.365753, 203.899872, 128.816345, 79.854988,16.281242, 267.778870, 1.002285
5, 541,11,25.163855, 24.848522, 128.816345, 79.854988,16.281242, 267.778870, 1.012690
5, 541,12,24.754496, 24.719082, 128.816345, 79.854988,16.281242, 267.778870, 1.001433
5, 541,13,239.359436, 239.726776, 128.816345, 79.854988,16.281242, 267.778870, 0.998468
5, 541,14,263.859589, 264.301758, 128.816345, 79.854988,16.281242, 267.778870, 0.998327
5, 541,15,148.419571, 149.128616, 128.816345, 79.854988,16.281242, 267.778870, 0.995245
5, 541,16,18.780703, 18.829601, 128.816345, 79.854988,16.281242, 267.778870, 0.997403
5, 541,17,154.001770, 153.631241, 128.816345, 79.854988,16.281242, 267.778870, 1.002412
5, 541,18,266.641113, 266.465210, 128.816345, 79.854988,16.281242, 267.778870, 1.000660
5, 541,19,189.489609, 189.680054, 128.816345, 79.854988,16.281242, 267.778870, 0.998996
5, 541,20,102.236130, 102.216156, 128.816345, 79.854988,16.281242, 267.778870, 1.000195
5, 541,21,67.171860, 67.637413, 128.816345, 79.854988,16.281242, 267.778870, 0.993117
5, 541,22,118.322777, 117.748863, 128.816345, 79.854988,16.281242, 267.778870, 1.004874
5, 541,23,83.296715, 83.724846, 128.816345, 79.854988,16.281242, 267.778870, 0.994886
5, 541,24,122.932755, 121.946388, 128.816345, 79.854988,16.281242, 267.778870, 1.008088
5, 541,25,101.078659, 101.041962, 128.816345, 79.854988,16.281242, 267.778870, 1.000363
5, 541,26,25.901136, 24.312273, 128.816345, 79.854988,16.281242, 267.778870, 1.065352
5, 541,27,94.410851, 95.781181, 128.816345, 79.854988,16.281242, 267.778870, 0.985693
5, 541,28,118.249176, 119.551758, 128.816345, 79.854988,16.281242, 267.778870, 0.989104
5, 541,29,199.152679, 199.277039, 128.816345, 79.854988,16.281242, 267.778870, 0.999376
5, 541,30,91.166359, 91.435722, 128.816345, 79.854988,16.281242, 267.778870, 0.997054
5, 541,31,239.035004, 236.768158, 128.816345, 79.854988,16.281242, 267.778870, 1.009574
5, 542,0,126.680229, 128.638184, 128.574646, 71.875420,16.178158, 251.565674, 0.984779
5, 542,1,118.859489, 119.440727, 128.574646, 71.875420,16.178158, 251.565674, 0.995134
5, 542,2,194.448212, 194.413757, 128.574646, 71.875420,16.178158, 251.565674, 1.000177
5, 542,3,16.513025, 18.832554, 128.574646, 71.875420,16.178158, 251.565674, 0.876834
5, 542,4,229.611969, 230.739197, 128.574646, 71.875420,16.178158, 251.565674, 0.995115
5, 542,5,88.587326, 88.729980, 128.574646, 71.875420,16.178158, 251.565674, 0.998392
5, 542,6,251.565674, 250.046387, 128.574646, 71.875420,16.178158, 251.565674, 1.006076
5, 542,7,36.636822, 36.257149, 128.574646, 71.875420,16.178158, 251.565674, 1.010472
5, 542,8,216.471268, 216.275375, 128.574646, 71.875420,16.178158, 251.565674, 1.000906
5, 542,9,147.915253, 148.766464, 128.574646, 71.875420,16.178158, 251.565674, 0.994278
5, 542,10,173.119507, 173.439545, 128.574646, 71.875420,16.178158, 251.565674, 0.998155
5, 542,11,39.200104, 38.869595, 128.574646, 71.875420,16.178158, 251.565674, 1.008503
5, 542,12,96.253807, 96.500969, 128.574646, 71.875420,16.178158, 251.565674, 0.997439
5, 542,13,234.442749, 235.076675, 128.574646, 71.875420,16.178158, 251.565674, 0.997303
5, 542,14,113.060257, 114.083138, 128.574646, 71.875420,16.178158, 251.565674, 0.991034
5, 542,15,116.982361, 117.624458, 128.574646, 71.875420,16.178158, 251.565674, 0.994541
5, 542,16,18.547211, 18.533989, 128.574646, 71.875420,16.178158, 251.565674, 1.000713
5, 542,17,140.860489, 141.070114, 128.574646, 71.875420,16.178158, 251.565674, 0.998514
5, 542,18,123.906059, 123.446472, 128.574646, 71.875420,16.178158, 251.565674, 1.003723
5, 542,19,56.893265, 56.692280, 128.574646, 71.875420,16.178158, 251.565674, 1.003545
5, 542,20,135.585907, 134.800232, 128.574646, 71.875420,16.178158, 251.565674, 1.005828
5, 542,21,214.193939, 215.354797, 128.574646, 71.875420,16.178158, 251.565674, 0.994610
5, 542,22,134.564743, 135.098816, 128.574646, 71.875420,16.178158, 251.565674, 0.996047
5, 542,23,242.852234, 242.316895, 128.574646, 71.875420,16.178158, 251.565674, 1.002209
5, 542,24,220.582947, 220.339172, 128.574646, 71.875420,16.178158, 251.565674, 1.001106
5, 542,25,97.651535, 97.877686, 128.574646, 71.875420,16.178158, 251.565674, 0.997689
5, 542,26,122.961594, 121.613625, 128.574646, 71.875420,16.178158, 251.565674, 1.011084
5, 542,27,139.691315, 139.087982, 128.574646, 71.875420,16.178158, 251.565674, 1.004338
5, 542,28,63.932022, 65.665817, 128.574646, 71.875420,16.178158, 251.565674, 0.973597
5, 542,29,21.302757, 21.270836, 128.574646, 71.875420,16.178158, 251.565674, 1.001501
5, 542,30,164.335770, 164.888977, 128.574646, 71.875420,16.178158, 251.565674, 0.996645
5, 542,31,16.178158, 15.208303, 128.574646, 71.875420,16.178158, 251.565674, 1.063771
5, 543,0,177.902069, 178.194809, 128.834641, 77.122383,12.737919, 262.781342, 0.998357
5, 543,1,101.637474, 100.223320, 128.834641, 77.122383,12.737919, 262.781342, 1.014110
5, 543,2,42.094456, 40.957680, 128.834641, 77.122383,12.737919, 262.781342, 1.027755
5, 543,3,49.105068, 48.267246, 128.834641, 77.122383,12.737919, 262.781342, 1.017358
5, 543,4,12.737919, 13.496964, 128.834641, 77.122383,12.737919, 262.781342, 0.943762
5, 543,5,232.968185, 232.244064, 128.834641, 77.122383,12.737919, 262.781342, 1.003118
5, 543,6,229.263031, 229.868484, 128.834641, 77.122383,12.737919, 262.781342, 0.997366
5, 543,7,45.858463, 47.112667, 128.834641, 77.122383,12.737919, 262.781342, 0.973379
5, 543,8,69.946426, 68.709122, 128.834641, 77.122383,12.737919, 262.781342, 1.018008
5, 543,9,109.430771, 109.634384, 128.834641, 77.122383,12.737919, 262.781342, 0.998143
5, 543,10,146.059097, 145.899796, 128.834641, 77.122383,12.737919, 262.781342, 1.001092
5, 543,11,173.801743, 172.804001, 128.834641, 77.122383,12.737919, 262.781342, 1.005774
5, 543,12,161.647675, 160.111923, 128.834641, 77.122383,12.737919, 262.781342, 1.009592
5, 543,13,66.138809, 65.752068, 128.834641, 77.122383,12.737919, 262.781342, 1.005882
5, 543,14,123.620689, 122.924515, 128.834641, 77.122383,12.737919, 262.781342, 1.005663
5, 543,15,184.350479, 185.122269, 128.834641, 77.122383,12.737919, 262.781342, 0.995831
5, 543,16,221.135284, 221.163422, 128.834641, 77.122383,12.737919, 262.781342, 0.999873
5, 543,17,75.898285, 76.035294, 128.834641, 77.122383,12.737919, 262.781342, 0.998198
5, 543,18,226.578949, 226.795135, 128.834641, 77.122383,12.737919, 262.781342, 0.999047
5, 543,19,44.667870, 46.149132, 128.834641, 77.122383,12.737919, 262.781342, 0.967903
5, 543,20,21.266272, 22.899725, 128.834641, 77.122383,12.737919, 262.781342, 0.928669
5, 543,21,87.831757, 86.434814, 128.834641, 77.122383,12.737919, 262.781342, 1.016162
5, 543,22,255.299057, 256.697906, 128.834641, 77.122383,12.737919, 262.781342, 0.994551
5, 543,23,221.851563, 222.342926, 128.834641, 77.122383,12.737919, 262.781342, 0.997790
5, 543,24,69.059196, 70.802307, 128.834641, 77.122383,12.737919, 262.781342, 0.975381
5, 543,25,77.244896, 78.701622, 128.834641, 77.122383,12.737919, 262.781342, 0.981490
5, 543,26,262.781342, 263.791504, 128.834641, 77.122383,12.737919, 262.781342, 0.996171
5, 543,27,163.569000, 162.745026, 128.834641, 77.122383,12.737919, 262.781342, 1.005063
5, 543,28,81.839645, 80.171844, 128.834641, 77.122383,12.737919, 262.781342, 1.020803
5, 543,29,51.665276, 51.157848, 128.834641, 77.122383,12.737919, 262.781342, 1.009919
5, 543,30,236.116287, 234.636307, 128.834641, 77.122383,12.737919, 262.781342, 1.006308
5, 543,31,99.341324, 99.151802, 128.834641, 77.122383,12.737919, 262.781342, 1.001911
5, 544,0,242.392227, 245.766418, 128.558472, 79.367340,16.235224, 242.392227, 0.986271
5, 544,1,202.455826, 203.143509, 128.558472, 79.367340,16.235224, 242.392227, 0.996615
5, 544,2,152.067703, 153.230515, 128.558472, 79.367340,16.235224, 242.392227, 0.992411
5, 544,3,16.235224, 17.640715, 128.558472, 79.367340,16.235224, 242.392227, 0.920327
5, 544,4,24.149719, 26.457485, 128.558472, 79.367340,16.235224, 242.392227, 0.912775
5, 544,5,48.186150, 48.809860, 128.558472, 79.367340,16.235224, 242.392227, 0.987222
5, 544,6,39.022480, 39.116524, 128.558472, 79.367340,16.235224, 242.392227, 0.997596
5, 544,7,122.390396, 122.733406, 128.558472, 79.367340,16.235224, 242.392227, 0.997205
5, 544,8,106.037453, 105.523544, 128.558472, 79.367340,16.235224, 242.392227, 1.004870
5, 544,9,60.617817, 59.650032, 128.558472, 79.367340,16.235224, 242.392227, 1.016224
5, 544,10,234.742844, 235.320724, 128.558472, 79.367340,16.235224, 242.392227, 0.997544
5, 544,11,238.403519, 237.804306, 128.558472, 79.367340,16.235224, 242.392227, 1.002520
5, 544,12,181.510330, 181.689621, 128.558472, 79.367340,16.235224, 242.392227, 0.999013
5, 544,13,66.748413, 65.318481, 128.558472, 79.367340,16.235224, 242.392227, 1.021892
5, 544,14,47.307434, 47.341618, 128.558472, 79.367340,16.235224, 242.392227, 0.999278
5, 544,15,198.322159, 198.738785, 128.558472, 79.367340,16.235224, 242.392227, 0.997904
5, 544,16,189.239441, 189.732086, 128.558472, 79.367340,16.235224, 242.392227, 0.997403
5, 544,17,139.102158, 139.125153, 128.558472, 79.367340,16.235224, 242.392227, 0.999835
5, 544,18,220.827682, 220.740540, 128.558472, 79.367340,16.235224, 242.392227, 1.000395
5, 544,19,18.402098, 18.583021, 128.558472, 79.367340,16.235224, 242.392227, 0.990264
5, 544,20,162.493118, 163.055328, 128.558472, 79.367340,16.235224, 242.392227, 0.996552
5, 544,21,83.546371, 82.791313, 128.558472, 79.367340,16.235224, 242.392227, 1.009120
5, 544,22,89.689468, 88.700813, 128.558472, 79.367340,16.235224, 242.392227, 1.011146
5, 544,23,96.212128, 97.181564, 128.558472, 79.367340,16.235224, 242.392227, 0.990025
5, 544,24,233.438995, 233.275406, 128.558472, 79.367340,16.235224, 242.392227, 1.000701
5, 544,25,175.190781, 175.736298, 128.558472, 79.367340,16.235224, 242.392227, 0.996896
5, 544,26,20.892548, 21.548727, 128.558472, 79.367340,16.235224, 242.392227, 0.969549
5, 544,27,126.424919, 125.910950, 128.558472, 79.367340,16.235224, 242.392227, 1.004082
5, 544,28,235.923523, 235.642120, 128.558472, 79.367340,16.235224, 242.392227, 1.001194
5, 544,29,234.686737, 234.414932, 128.558472, 79.367340,16.235224, 242.392227, 1.001160
5, 544,30,90.618698, 89.942619, 128.558472, 79.367340,16.235224, 242.392227, 1.007517
5, 544,31,16.592625, 16.333174, 128.558472, 79.367340,16.235224, 242.392227, 1.015885
5, 545,0,171.769211, 171.831421, 128.670975, 64.236023,10.931729, 231.685455, 0.999638
5, 545,1,121.996231, 121.855865, 128.670975, 64.236023,10.931729, 231.685455, 1.001152
5, 545,2,87.790344, 89.290489, 128.670975, 64.236023,10.931729, 231.685455, 0.983199
5, 545,3,70.271561, 72.571022, 128.670975, 64.236023,10.931729, 231.685455, 0.968314
5, 545,4,121.673973, 121.761055, 128.670975, 64.236023,10.931729, 231.685455, 0.999285
5, 545,5,10.931729, 11.212144, 128.670975, 64.236023,10.931729, 231.685455, 0.974990
5, 545,6,18.962177, 18.417294, 128.670975, 64.236023,10.931729, 231.685455, 1.029585
5, 545,7,168.019989, 167.781906, 128.670975, 64.236023,10.931729, 231.685455, 1.001419
5, 545,8,171.153366, 171.398010, 128.670975, 64.236023,10.931729, 231.685455, 0.998573
5, 545,9,17.505129, 16.676950, 128.670975, 64.236023,10.931729, 231.685455, 1.049660
5, 545,10,52.517536, 52.479225, 128.670975, 64.236023,10.931729, 231.685455, 1.000730
5, 545,11,147.313110, 148.739731, 128.670975, 64.236023,10.931729, 231.685455, 0.990409
5, 545,12,162.912766, 163.298996, 128.670975, 64.236023,10.931729, 231.685455, 0.997635
5, 545,13,127.655113, 127.889496, 128.670975, 64.236023,10.931729, 231.685455, 0.998167
5, 545,14,227.987335, 228.246918, 128.670975, 64.236023,10.931729, 231.685455, 0.998863
5, 545,15,220.951614, 220.743820, 128.670975, 64.236023,10.931729, 231.685455, 1.000941
5, 545,16,197.450623, 198.925217, 128.670975, 64.236023,10.931729, 231.685455, 0.992587
5, 545,17,217.697037, 218.251816, 128.670975, 64.236023,10.931729, 231.685455, 0.997458
5, 545,18,59.665386, 59.305153, 128.670975, 64.236023,10.931729, 231.685455, 1.006074
5, 545,19,114.685509, 114.745522, 128.670975, 64.236023,10.931729, 231.685455, 0.999477
5, 545,20,168.520630, 168.032471, 128.670975, 64.236023,10.931729, 231.685455, 1.002905
5, 545,21,152.383865, 153.141373, 128.670975, 64.236023,10.931729, 231.685455, 0.995054
5, 545,22,124.942162, 125.133392, 128.670975, 64.236023,10.931729, 231.685455, 0.998472
5, 545,23,117.155846, 117.237526, 128.670975, 64.236023,10.931729, 231.685455, 0.999303
5, 545,24,125.972816, 126.176239, 128.670975, 64.236023,10.931729, 231.685455, 0.998388
5, 545,25,17.502699, 16.521202, 128.670975, 64.236023,10.931729, 231.685455, 1.059408
5, 545,26,199.195251, 198.654343, 128.670975, 64.236023,10.931729, 231.685455, 1.002723
5, 545,27,59.973572, 58.390968, 128.670975, 64.236023,10.931729, 231.685455, 1.027104
5, 545,28,140.994965, 140.430786, 128.670975, 64.236023,10.931729, 231.685455, 1.004017
5, 545,29,157.329498, 157.664902, 128.670975, 64.236023,10.931729, 231.685455, 0.997873
5, 545,30,132.904755, 132.318222, 128.670975, 64.236023,10.931729, 231.685455, 1.004433
5, 545,31,231.685455, 231.876587, 128.670975, 64.236023,10.931729, 231.685455, 0.999176
5, 546,0,131.089386, 130.866653, 128.820465, 81.854324,12.644773, 277.639252, 1.001702
5, 546,1,248.731140, 246.809860, 128.820465, 81.854324,12.644773, 277.639252, 1.007784
5, 546,2,83.670921, 83.177544, 128.820465, 81.854324,12.644773, 277.639252, 1.005932
5, 546,3,144.484802, 143.960190, 128.820465, 81.854324,12.644773, 277.639252, 1.003644
5, 546,4,211.535431, 211.326614, 128.820465, 81.854324,12.644773, 277.639252, 1.000988
5, 546,5,92.391815, 92.621666, 128.820465, 81.854324,12.644773, 277.639252, 0.997518
5, 546,6,257.790985, 259.434875, 128.820465, 81.854324,12.644773, 277.639252, 0.993664
5, 546,7,277.639252, 278.914948, 128.820465, 81.854324,12.644773, 277.639252, 0.995426
5, 546,8,15.427326, 16.739929, 128.820465, 81.854324,12.644773, 277.639252, 0.921588
5, 546,9,175.262665, 174.470718, 128.820465, 81.854324,12.644773, 277.639252, 1.004539
5, 546,10,57.153721, 55.732887, 128.820465, 81.854324,12.644773, 277.639252, 1.025494
5, 546,11,39.577038, 39.137863, 128.820465, 81.854324,12.644773, 277.639252, 1.011221
5, 546,12,78.299133, 78.319870, 128.820465, 81.854324,12.644773, 277.639252, 0.999735
5, 546,13,12.644773, 12.942554, 128.820465, 81.854324,12.644773, 277.639252, 0.976992
5, 546,14,126.378731, 126.066505, 128.820465, 81.854324,12.644773, 277.639252, 1.002477
5, 546,15,218.747650, 219.200836, 128.820465, 81.854324,12.644773, 277.639252, 0.997933
5, 546,16,113.066429, 111.912651, 128.820465, 81.854324,12.644773, 277.639252, 1.010310
5, 546,17,223.055420, 221.880356, 128.820465, 81.854324,12.644773, 277.639252, 1.005296
5, 546,18,18.722210, 18.350937, 128.820465, 81.854324,12.644773, 277.639252, 1.020232
5, 546,19,26.165621, 27.153942, 128.820465, 81.854324,12.644773, 277.639252, 0.963603
5, 546,20,186.029358, 184.712112, 128.820465, 81.854324,12.644773, 277.639252, 1.007131
5, 546,21,119.334175, 118.964920, 128.820465, 81.854324,12.644773, 277.639252, 1.003104
5, 546,22,124.028473, 124.217133, 128.820465, 81.854324,12.644773, 277.639252, 0.998481
5, 546,23,153.654633, 156.733185, 128.820465, 81.854324,12.644773, 277.639252, 0.980358
5, 546,24,15.870053, 16.271421, 128.820465, 81.854324,12.644773, 277.639252, 0.975333
5, 546,25,125.186554, 125.951439, 128.820465, 81.854324,12.644773, 277.639252, 0.993927
5, 546,26,34.162014, 33.310291, 128.820465, 81.854324,12.644773, 277.639252, 1.025569
5, 546,27,215.567291, 216.800735, 128.820465, 81.854324,12.644773, 277.639252, 0.994311
5, 546,28,125.810547, 125.211685, 128.820465, 81.854324,12.644773, 277.639252, 1.004783
5, 546,29,246.778397, 247.294815, 128.820465, 81.854324,12.644773, 277.639252, 0.997912
5, 546,30,33.596832, 33.885651, 128.820465, 81.854324,12.644773, 277.639252, 0.991477
5, 546,31,190.401917, 188.624557, 128.820465, 81.854324,12.644773, 277.639252, 1.009423
5, 547,0,49.151962, 49.420071, 128.713928, 81.616676,11.019330, 268.250000, 0.994575
5, 547,1,54.533760, 55.412575, 128.713928, 81.616676,11.019330, 268.250000, 0.984141
5, 547,2,244.472809, 244.783813, 128.713928, 81.616676,11.019330, 268.250000, 0.998729
5, 547,3,94.144646, 94.449448, 128.713928, 81.616676,11.019330, 268.250000, 0.996773
5, 547,4,46.239117, 46.460510, 128.713928, 81.616676,11.019330, 268.250000, 0.995235
5, 547,5,91.003410, 92.142136, 128.713928, 81.616676,11.019330, 268.250000, 0.987642
5, 547,6,91.923203, 93.299866, 128.713928, 81.616676,11.019330, 268.250000, 0.985245
5, 547,7,11.019330, 11.679531, 128.713928, 81.616676,11.019330, 268.250000, 0.943474
5, 547,8,149.624268, 149.653854, 128.713928, 81.616676,11.019330, 268.250000, 0.999802
5, 547,9,145.225861, 145.446884, 128.713928, 81.616676,11.019330, 268.250000, 0.998480
5, 547,10,131.977737, 130.967041, 128.713928, 81.616676,11.019330, 268.250000, 1.007717
5, 547,11,254.685074, 256.141052, 128.713928, 81.616676,11.019330, 268.250000, 0.994316
5, 547,12,34.499969, 34.980995, 128.713928, 81.616676,11.019330, 268.250000, 0.986249
5, 547,13,240.146667, 238.897308, 128.713928, 81.616676,11.019330, 268.250000, 1.005230
5, 547,14,59.679455, 60.198425, 128.713928, 81.616676,11.019330, 268.250000, 0.991379
5, 547,15,129.785980, 130.339233, 128.713928, 81.616676,11.019330, 268.250000, 0.995755
5, 547,16,20.755196, 20.444077, 128.713928, 81.616676,11.019330, 268.250000, 1.015218
5, 547,17,65.376732, 66.680115, 128.713928, 81.616676,11.019330, 268.250000, 0.980453
5, 547,18,57.156578, 56.048512, 128.713928, 81.616676,11.019330, 268.250000, 1.019770
5, 547,19,134.379181, 134.048889, 128.713928, 81.616676,11.019330, 268.250000, 1.002464
5, 547,20,206.847260, 207.230804, 128.713928, 81.616676,11.019330, 268.250000, 0.998149
5, 547,21,267.809174, 267.718384, 128.713928, 81.616676,11.019330, 268.250000, 1.000339
5, 547,22,50.188732, 49.583130, 128.713928, 81.616676,11.019330, 268.250000, 1.012214
5, 547,23,141.814270, 140.245224, 128.713928, 81.616676,11.019330, 268.250000, 1.011188
5, 547,24,241.440323, 241.294312, 128.713928, 81.616676,11.019330, 268.250000, 1.000605
5, 547,25,234.806244, 235.570847, 128.713928, 81.616676,11.019330, 268.250000, 0.996754
5, 547,26,54.020775, 53.243862, 128.713928, 81.616676,11.019330, 268.250000, 1.014592
5, 547,27,55.936768, 55.379963, 128.713928, 81.616676,11.019330, 268.250000, 1.010054
5, 547,28,172.883545, 171.226868, 128.713928, 81.616676,11.019330, 268.250000, 1.009675
5, 547,29,119.386765, 119.984856, 128.713928, 81.616676,11.019330, 268.250000, 0.995015
5, 547,30,199.680817, 200.789886, 128.713928, 81.616676,11.019330, 268.250000, 0.994476
5, 547,31,268.250000, 267.237366, 128.713928, 81.616676,11.019330, 268.250000, 1.003789
5, 548,0,65.811859, 66.535339, 128.706299, 75.626320,9.681086, 246.672134, 0.989126
5, 548,1,103.367432, 104.603142, 128.706299, 75.626320,9.681086, 246.672134, 0.988187
5, 548,2,98.867249, 99.165924, 128.706299, 75.626320,9.681086, 246.672134, 0.996988
5, 548,3,108.312866, 107.548294, 128.706299, 75.626320,9.681086, 246.672134, 1.007109
5, 548,4,228.208664, 228.635925, 128.706299, 75.626320,9.681086, 246.672134, 0.998131
5, 548,5,138.013443, 136.985260, 128.706299, 75.626320,9.681086, 246.672134, 1.007506
5, 548,6,221.193466, 219.975861, 128.706299, 75.626320,9.681086, 246.672134, 1.005535
5, 548,7,235.896225, 234.825897, 128.706299, 75.626320,9.681086, 246.672134, 1.004558
5, 548,8,213.710510, 215.357147, 128.706299, 75.626320,9.681086, 246.672134, 0.992354
5, 548,9,23.035748, 23.936516, 128.706299, 75.626320,9.681086, 246.672134, 0.962368
5, 548,10,75.608833, 75.400040, 128.706299, 75.626320,9.681086, 246.672134, 1.002769
5, 548,11,157.524261, 157.667145, 128.706299, 75.626320,9.681086, 246.672134, 0.999094
5, 548,12,201.641190, 202.619156, 128.706299, 75.626320,9.681086, 246.672134, 0.995173
5, 548,13,138.968765, 138.563812, 128.706299, 75.626320,9.681086, 246.672134, 1.002923
5, 548,14,33.939667, 34.036285, 128.706299, 75.626320,9.681086, 246.672134, 0.997161
5, 548,15,174.641174, 173.562210, 128.706299, 75.626320,9.681086, 246.672134, 1.006217
5, 548,16,238.247360, 236.791763, 128.706299, 75.626320,9.681086, 246.672134, 1.006147
5, 548,17,39.720303, 39.780437, 128.706299, 75.626320,9.681086, 246.672134, 0.998488
5, 548,18,50.616211, 50.230999, 128.706299, 75.626320,9.681086, 246.672134, 1.007669
5, 548,19,96.174408, 95.913826, 128.706299, 75.626320,9.681086, 246.672134, 1.002717
5, 548,20,52.597984, 52.248028, 128.706299, 75.626320,9.681086, 246.672134, 1.006698
5, 548,21,246.672134, 246.759979, 128.706299, 75.626320,9.681086, 246.672134, 0.999644
5, 548,22,237.151489, 237.778336, 128.706299, 75.626320,9.681086, 246.672134, 0.997364
5, 548,23,195.598587, 197.116165, 128.706299, 75.626320,9.681086, 246.672134, 0.992301
5, 548,24,222.238144, 223.403336, 128.706299, 75.626320,9.681086, 246.672134, 0.994784
5, 548,25,9.681086, 10.131545, 128.706299, 75.626320,9.681086, 246.672134, 0.955539
5, 548,26,41.327785, 42.784061, 128.706299, 75.626320,9.681086, 246.672134, 0.965962
5, 548,27,127.560860, 127.769768, 128.706299, 75.626320,9.681086, 246.672134, 0.998365
5, 548,28,49.283127, 48.798618, 128.706299, 75.626320,9.681086, 246.672134, 1.009929
5, 548,29,97.904007, 97.653152, 128.706299, 75.626320,9.681086, 246.672134, 1.002569
5, 548,30,93.116844, 94.218353, 128.706299, 75.626320,9.681086, 246.672134, 0.988309
5, 548,31,101.969734, 100.203682, 128.706299, 75.626320,9.681086, 246.672134, 1.017625
5, 549,0,149.368378, 149.698822, 128.883591, 68.460579,25.832512, 249.883911, 0.997793
5, 549,1,103.353882, 103.287796, 128.883591, 68.460579,25.832512, 249.883911, 1.000640
5, 549,2,168.298096, 168.415802, 128.883591, 68.460579,25.832512, 249.883911, 0.999301
5, 549,3,133.503235, 134.073242, 128.883591, 68.460579,25.832512, 249.883911, 0.995749
5, 549,4,69.720215, 69.402916, 128.883591, 68.460579,25.832512, 249.883911, 1.004572
5, 549,5,213.960663, 215.011536, 128.883591, 68.460579,25.832512, 249.883911, 0.995112
5, 549,6,130.728592, 130.869446, 128.883591, 68.460579,25.832512, 249.883911, 0.998924
5, 549,7,150.305756, 149.923660, 128.883591, 68.460579,25.832512, 249.883911, 1.002549
5, 549,8,29.305492, 29.094368, 128.883591, 68.460579,25.832512, 249.883911, 1.007257
5, 549,9,110.932991, 111.204971, 128.883591, 68.460579,25.832512, 249.883911, 0.997554
5, 549,10,147.924042, 146.727890, 128.883591, 68.460579,25.832512, 249.883911, 1.008152
5, 549,11,214.277084, 214.545822, 128.883591, 68.460579,25.832512, 249.883911, 0.998747
5, 549,12,243.323715, 243.243561, 128.883591, 68.460579,25.832512, 249.883911, 1.000329
5, 549,13,220.574570, 220.608170, 128.883591, 68.460579,25.832512, 249.883911, 0.999848
5, 549,14,54.291729, 54.877384, 128.883591, 68.460579,25.832512, 249.883911, 0.989328
5, 549,15,197.851746, 198.872055, 128.883591, 68.460579,25.832512, 249.883911, 0.994870
5, 549,16,173.256790, 173.675201, 128.883591, 68.460579,25.832512, 249.883911, 0.997591
5, 549,17,65.218163, 66.295464, 128.883591, 68.460579,25.832512, 249.883911, 0.983750
5, 549,18,61.324490, 61.541946, 128.883591, 68.460579,25.832512, 249.883911, 0.996467
5, 549,19,133.429016, 131.849045, 128.883591, 68.460579,25.832512, 249.883911, 1.011983
5, 549,20,27.507698, 27.103029, 128.883591, 68.460579,25.832512, 249.883911, 1.014931
5, 549,21,120.150032, 120.824417, 128.883591, 68.460579,25.832512, 249.883911, 0.994418
5, 549,22,76.736900, 75.609795, 128.883591, 68.460579,25.832512, 249.883911, 1.014907
5, 549,23,123.054184, 122.502602, 128.883591, 68.460579,25.832512, 249.883911, 1.004503
5, 549,24,101.835770, 100.959213, 128.883591, 68.460579,25.832512, 249.883911, 1.008682
5, 549,25,118.933434, 117.909683, 128.883591, 68.460579,25.832512, 249.883911, 1.008682
5, 549,26,202.440872, 201.738617, 128.883591, 68.460579,25.832512, 249.883911, 1.003481
5, 549,27,229.618896, 229.047256, 128.883591, 68.460579,25.832512, 249.883911, 1.002496
5, 549,28,25.832512, 24.951099, 128.883591, 68.460579,25.832512, 249.883911, 1.035326
5, 549,29,45.252998, 45.249905, 128.883591, 68.460579,25.832512, 249.883911, 1.000068
5, 549,30,32.078793, 31.479156, 128.883591, 68.460579,25.832512, 249.883911, 1.019049
5, 549,31,249.883911, 250.405960, 128.883591, 68.460579,25.832512, 249.883911, 0.997915
5, 550,0,83.159523, 82.646896, 128.759247, 83.918976,15.007545, 291.548645, 1.006203
5, 550,1,190.238754, 189.344574, 128.759247, 83.918976,15.007545, 291.548645, 1.004722
5, 550,2,31.461544, 31.118792, 128.759247, 83.918976,15.007545, 291.548645, 1.011014
5, 550,3,77.241463, 78.457901, 128.759247, 83.918976,15.007545, 291.548645, 0.984496
5, 550,4,46.165401, 46.936157, 128.759247, 83.918976,15.007545, 291.548645, 0.983579
5, 550,5,50.308861, 49.673775, 128.759247, 83.918976,15.007545, 291.548645, 1.012785
5, 550,6,25.631855, 25.330677, 128.759247, 83.918976,15.007545, 291.548645, 1.011890
5, 550,7,26.548565, 24.791843, 128.759247, 83.918976,15.007545, 291.548645, 1.070859
5, 550,8,185.786133, 185.807404, 128.759247, 83.918976,15.007545, 291.548645, 0.999885
5, 550,9,121.104851, 120.486900, 128.759247, 83.918976,15.007545, 291.548645, 1.005129
5, 550,10,220.246216, 220.049408, 128.759247, 83.918976,15.007545, 291.548645, 1.000894
5, 550,11,15.007545, 15.162371, 128.759247, 83.918976,15.007545, 291.548645, 0.989789
5, 550,12,221.631088, 222.543671, 128.759247, 83.918976,15.007545, 291.548645, 0.995899
5, 550,13,203.377625, 203.093536, 128.759247, 83.918976,15.007545, 291.548645, 1.001399
5, 550,14,167.877274, 168.590820, 128.759247, 83.918976,15.007545, 291.548645, 0.995768
5, 550,15,102.286728, 103.861290, 128.759247, 83.918976,15.007545, 291.548645, 0.984840
5, 550,16,291.548645, 291.974945, 128.759247, 83.918976,15.007545, 291.548645, 0.998540
5, 550,17,280.494110, 281.372101, 128.759247, 83.918976,15.007545, 291.548645, 0.996880
5, 550,18,35.024788, 35.698875, 128.759247, 83.918976,15.007545, 291.548645, 0.981117
5, 550,19,159.222717, 159.413284, 128.759247, 83.918976,15.007545, 291.548645, 0.998805
5, 550,20,126.788132, 127.343994, 128.759247, 83.918976,15.007545, 291.548645, 0.995635
5, 550,21,149.690735, 148.992935, 128.759247, 83.918976,15.007545, 291.548645, 1.004683
5, 550,22,184.093704, 185.207748, 128.759247, 83.918976,15.007545, 291.548645, 0.993985
5, 550,23,282.239960, 283.014679, 128.759247, 83.918976,15.007545, 291.548645, 0.997263
5, 550,24,261.590027, 261.200623, 128.759247, 83.918976,15.007545, 291.548645, 1.001491
5, 550,25,114.178474, 114.046974, 128.759247, 83.918976,15.007545, 291.548645, 1.001153
5, 550,26,100.808868, 98.464264, 128.759247, 83.918976,15.007545, 291.548645, 1.023812
5, 550,27,102.824280, 101.740723, 128.759247, 83.918976,15.007545, 291.548645, 1.010650
5, 550,28,52.928295, 51.985546, 128.759247, 83.918976,15.007545, 291.548645, 1.018135
5, 550,29,119.062347, 120.113197, 128.759247, 83.918976,15.007545, 291.548645, 0.991251
5, 550,30,50.064659, 50.021408, 128.759247, 83.918976,15.007545, 291.548645, 1.000865
5, 550,31,41.662941, 42.512508, 128.759247, 83.918976,15.007545, 291.548645, 0.980016
5, 551,0,17.701548, 18.433273, 128.373047, 68.337715,17.701548, 231.532410, 0.960304
5, 551,1,140.935883, 140.606384, 128.373047, 68.337715,17.701548, 231.532410, 1.002343
5, 551,2,222.265442, 222.957214, 128.373047, 68.337715,17.701548, 231.532410, 0.996897
5, 551,3,118.754929, 116.769058, 128.373047, 68.337715,17.701548, 231.532410, 1.017007
5, 551,4,140.534103, 141.221436, 128.373047, 68.337715,17.701548, 231.532410, 0.995133
5, 551,5,230.573166, 228.827698, 128.373047, 68.337715,17.701548, 231.532410, 1.007628
5, 551,6,192.594299, 191.568222, 128.373047, 68.337715,17.701548, 231.532410, 1.005356
5, 551,7,76.076057, 76.591423, 128.373047, 68.337715,17.701548, 231.532410, 0.993271
5, 551,8,87.182648, 87.826668, 128.373047, 68.337715,17.701548, 231.532410, 0.992667
5, 551,9,176.496231, 178.173401, 128.373047, 68.337715,17.701548, 231.532410, 0.990587
5, 551,10,37.540630, 38.744202, 128.373047, 68.337715,17.701548, 231.532410, 0.968935
5, 551,11,231.532410, 230.474716, 128.373047, 68.337715,17.701548, 231.532410, 1.004589
5, 551,12,166.394470, 166.015533, 128.373047, 68.337715,17.701548, 231.532410, 1.002283
5, 551,13,116.652443, 117.807838, 128.373047, 68.337715,17.701548, 231.532410, 0.990193
5, 551,14,135.389557, 138.562988, 128.373047, 68.337715,17.701548, 231.532410, 0.977098
5, 551,15,193.303604, 194.561554, 128.373047, 68.337715,17.701548, 231.532410, 0.993534
5, 551,16,94.859436, 95.890900, 128.373047, 68.337715,17.701548, 231.532410, 0.989243
5, 551,17,143.876373, 143.093979, 128.373047, 68.337715,17.701548, 231.532410, 1.005468
5, 551,18,85.982811, 86.494019, 128.373047, 68.337715,17.701548, 231.532410, 0.994090
5, 551,19,80.915810, 82.099693, 128.373047, 68.337715,17.701548, 231.532410, 0.985580
5, 551,20,37.938751, 39.536957, 128.373047, 68.337715,17.701548, 231.532410, 0.959577
5, 551,21,165.450165, 165.947205, 128.373047, 68.337715,17.701548, 231.532410, 0.997005
5, 551,22,183.963943, 184.119049, 128.373047, 68.337715,17.701548, 231.532410, 0.999158
5, 551,23,108.096207, 108.151268, 128.373047, 68.337715,17.701548, 231.532410, 0.999491
5, 551,24,135.324005, 135.200607, 128.373047, 68.337715,17.701548, 231.532410, 1.000913
5, 551,25,219.147110, 220.435425, 128.373047, 68.337715,17.701548, 231.532410, 0.994156
5, 551,26,212.866150, 214.271072, 128.373047, 68.337715,17.701548, 231.532410, 0.993443
5, 551,27,35.478638, 37.336376, 128.373047, 68.337715,17.701548, 231.532410, 0.950243
5, 551,28,56.377213, 54.735981, 128.373047, 68.337715,17.701548, 231.532410, 1.029984
5, 551,29,25.753771, 27.126240, 128.373047, 68.337715,17.701548, 231.532410, 0.949404
5, 551,30,216.040512, 216.307632, 128.373047, 68.337715,17.701548, 231.532410, 0.998765
5, 551,31,21.938782, 21.112238, 128.373047, 68.337715,17.701548, 231.532410, 1.039150
5, 552,0,205.179962, 206.029297, 128.682220, 68.894470,16.438614, 221.482910, 0.995878
5, 552,1,89.069191, 86.933907, 128.682220, 68.894470,16.438614, 221.482910, 1.024562
5, 552,2,18.845755, 20.936329, 128.682220, 68.894470,16.438614, 221.482910, 0.900146
5, 552,3,219.142380, 219.086136, 128.682220, 68.894470,16.438614, 221.482910, 1.000257
5, 552,4,110.476723, 109.081451, 128.682220, 68.894470,16.438614, 221.482910, 1.012791
5, 552,5,212.234970, 211.690536, 128.682220, 68.894470,16.438614, 221.482910, 1.002572
5, 552,6,16.438614, 17.978088, 128.682220, 68.894470,16.438614, 221.482910, 0.914369
5, 552,7,139.735443, 138.127197, 128.682220, 68.894470,16.438614, 221.482910, 1.011643
5, 552,8,122.524727, 122.616058, 128.682220, 68.894470,16.438614, 221.482910, 0.999255
5, 552,9,210.571854, 211.121155, 128.682220, 68.894470,16.438614, 221.482910, 0.997398
5, 552,10,127.492661, 127.864967, 128.682220, 68.894470,16.438614, 221.482910, 0.997088
5, 552,11,85.362816, 85.834381, 128.682220, 68.894470,16.438614, 221.482910, 0.994506
5, 552,12,215.447159, 215.133087, 128.682220, 68.894470,16.438614, 221.482910, 1.001460
5, 552,13,182.475082, 182.337189, 128.682220, 68.894470,16.438614, 221.482910, 1.000756
5, 552,14,157.531662, 158.638535, 128.682220, 68.894470,16.438614, 221.482910, 0.993023
5, 552,15,18.191099, 18.305328, 128.682220, 68.894470,16.438614, 221.482910, 0.993760
5, 552,16,124.351662, 125.986626, 128.682220, 68.894470,16.438614, 221.482910, 0.987023
5, 552,17,47.945976, 47.036922, 128.682220, 68.894470,16.438614, 221.482910, 1.019326
5, 552,18,31.271671, 30.714233, 128.682220, 68.894470,16.438614, 221.482910, 1.018149
5, 552,19,150.865738, 152.584610, 128.682220, 68.894470,16.438614, 221.482910, 0.988735
5, 552,20,20.740484, 19.666641, 128.682220, 68.894470,16.438614, 221.482910, 1.054602
5, 552,21,190.190430, 188.947418, 128.682220, 68.894470,16.438614, 221.482910, 1.006579
5, 552,22,143.590118, 143.245224, 128.682220, 68.894470,16.438614, 221.482910, 1.002408
5, 552,23,107.137276, 108.970192, 128.682220, 68.894470,16.438614, 221.482910, 0.983180
5, 552,24,191.141525, 190.537796, 128.682220, 68.894470,16.438614, 221.482910, 1.003169
5, 552,25,221.482910, 221.861130, 128.682220, 68.894470,16.438614, 221.482910, 0.998295
5, 552,26,56.643303, 56.991531, 128.682220, 68.894470,16.438614, 221.482910, 0.993890
5, 552,27,101.506104, 101.129539, 128.682220, 68.894470,16.438614, 221.482910, 1.003724
5, 552,28,200.388214, 199.995026, 128.682220, 68.894470,16.438614, 221.482910, 1.001966
5, 552,29,102.667053, 103.734367, 128.682220, 68.894470,16.438614, 221.482910, 0.989711
5, 552,30,218.100708, 218.634552, 128.682220, 68.894470,16.438614, 221.482910, 0.997558
5, 552,31,79.087898, 79.250343, 128.682220, 68.894470,16.438614, 221.482910, 0.997950
5, 553,0,83.234253, 82.889183, 128.952499, 65.295555,11.384753, 231.019348, 1.004163
5, 553,1,206.255081, 207.101074, 128.952499, 65.295555,11.384753, 231.019348, 0.995915
5, 553,2,198.740845, 199.914520, 128.952499, 65.295555,11.384753, 231.019348, 0.994129
5, 553,3,135.617706, 135.310684, 128.952499, 65.295555,11.384753, 231.019348, 1.002269
5, 553,4,129.349609, 128.868042, 128.952499, 65.295555,11.384753, 231.019348, 1.003737
5, 553,5,223.942535, 224.279175, 128.952499, 65.295555,11.384753, 231.019348, 0.998499
5, 553,6,52.852940, 53.863182, 128.952499, 65.295555,11.384753, 231.019348, 0.981244
5, 553,7,191.814407, 191.765686, 128.952499, 65.295555,11.384753, 231.019348, 1.000254
5, 553,8,192.455673, 193.007797, 128.952499, 65.295555,11.384753, 231.019348, 0.997139
5, 553,9,53.367073, 53.351318, 128.952499, 65.295555,11.384753, 231.019348, 1.000295
5, 553,10,124.859222, 125.223595, 128.952499, 65.295555,11.384753, 231.019348, 0.997090
5, 553,11,197.136581, 196.440689, 128.952499, 65.295555,11.384753, 231.019348, 1.003543
5, 553,12,155.152039, 155.607727, 128.952499, 65.295555,11.384753, 231.019348, 0.997072
5, 553,13,126.584290, 126.028923, 128.952499, 65.295555,11.384753, 231.019348, 1.004407
5, 553,14,132.209244, 131.004227, 128.952499, 65.295555,11.384753, 231.019348, 1.009198
5, 553,15,86.346413, 86.417610, 128.952499, 65.295555,11.384753, 231.019348, 0.999176
5, 553,16,146.249725, 145.691254, 128.952499, 65.295555,11.384753, 231.019348, 1.003833
5, 553,17,122.897736, 122.630165, 128.952499, 65.295555,11.384753, 231.019348, 1.002182
5, 553,18,45.195171, 45.393562, 128.952499, 65.295555,11.384753, 231.019348, 0.995630
5, 553,19,99.551682, 98.204094, 128.952499, 65.295555,11.384753, 231.019348, 1.013722
5, 553,20,206.506027, 206.439072, 128.952499, 65.295555,11.384753, 231.019348, 1.000324
5, 553,21,227.506973, 227.323044, 128.952499, 65.295555,11.384753, 231.019348, 1.000809
5, 553,22,52.223305, 51.993176, 128.952499, 65.295555,11.384753, 231.019348, 1.004426
5, 553,23,42.721355, 44.526814, 128.952499, 65.295555,11.384753, 231.019348, 0.959452
5, 553,24,144.743713, 144.544678, 128.952499, 65.295555,11.384753, 231.019348, 1.001377
5, 553,25,43.515144, 42.629509, 128.952499, 65.295555,11.384753, 231.019348, 1.020775
5, 553,26,139.609512, 138.252197, 128.952499, 65.295555,11.384753, 231.019348, 1.009818
5, 553,27,112.280685, 111.655830, 128.952499, 65.295555,11.384753, 231.019348, 1.005596
5, 553,28,186.056244, 185.398117, 128.952499, 65.295555,11.384753, 231.019348, 1.003550
5, 553,29,231.019348, 229.909637, 128.952499, 65.295555,11.384753, 231.019348, 1.004827
5, 553,30,11.384753, 10.136497, 128.952499, 65.295555,11.384753, 231.019348, 1.123145
5, 553,31,25.100636, 25.198895, 128.952499, 65.295555,11.384753, 231.019348, 0.996101
5, 554,0,37.458050, 38.444378, 128.744293, 70.995804,31.082386, 240.664032, 0.974344
5, 554,1,211.290680, 211.288757, 128.744293, 70.995804,31.082386, 240.664032, 1.000009
5, 554,2,122.262337, 121.907486, 128.744293, 70.995804,31.082386, 240.664032, 1.002911
5, 554,3,31.082386, 31.035944, 128.744293, 70.995804,31.082386, 240.664032, 1.001496
5, 554,4,120.022003, 121.384460, 128.744293, 70.995804,31.082386, 240.664032, 0.988776
5, 554,5,67.233673, 66.444534, 128.744293, 70.995804,31.082386, 240.664032, 1.011877
5, 554,6,223.956985, 222.945923, 128.744293, 70.995804,31.082386, 240.664032, 1.004535
5, 554,7,89.116402, 88.691338, 128.744293, 70.995804,31.082386, 240.664032, 1.004793
5, 554,8,78.828262, 80.810020, 128.744293, 70.995804,31.082386, 240.664032, 0.975476
5, 554,9,138.876389, 138.107162, 128.744293, 70.995804,31.082386, 240.664032, 1.005570
5, 554,10,55.201996, 55.883575, 128.744293, 70.995804,31.082386, 240.664032, 0.987804
5, 554,11,48.494289, 48.546787, 128.744293, 70.995804,31.082386, 240.664032, 0.998919
5, 554,12,199.575333, 200.613174, 128.744293, 70.995804,31.082386, 240.664032, 0.994827
5, 554,13,193.884796, 193.749252, 128.744293, 70.995804,31.082386, 240.664032, 1.000700
5, 554,14,222.753967, 221.656265, 128.744293, 70.995804,31.082386, 240.664032, 1.004952
5, 554,15,160.946503, 158.548431, 128.744293, 70.995804,31.082386, 240.664032, 1.015125
5, 554,16,39.663887, 41.066704, 128.744293, 70.995804,31.082386, 240.664032, 0.965841
5, 554,17,52.795055, 53.225426, 128.744293, 70.995804,31.082386, 240.664032, 0.991914
5, 554,18,240.482468, 241.452682, 128.744293, 70.995804,31.082386, 240.664032, 0.995982
5, 554,19,99.360344, 99.889969, 128.744293, 70.995804,31.082386, 240.664032, 0.994698
5, 554,20,72.603195, 72.197891, 128.744293, 70.995804,31.082386, 240.664032, 1.005614
5, 554,21,117.625214, 117.837860, 128.744293, 70.995804,31.082386, 240.664032, 0.998195
5, 554,22,167.059891, 168.349915, 128.744293, 70.995804,31.082386, 240.664032, 0.992337
5, 554,23,51.635014, 50.982834, 128.744293, 70.995804,31.082386, 240.664032, 1.012792
5, 554,24,35.512226, 37.247849, 128.744293, 70.995804,31.082386, 240.664032, 0.953403
5, 554,25,206.972305, 205.098343, 128.744293, 70.995804,31.082386, 240.664032, 1.009137
5, 554,26,240.664032, 238.586761, 128.744293, 70.995804,31.082386, 240.664032, 1.008707
5, 554,27,119.523666, 119.428459, 128.744293, 70.995804,31.082386, 240.664032, 1.000797
5, 554,28,101.244827, 99.087509, 128.744293, 70.995804,31.082386, 240.664032, 1.021772
5, 554,29,129.997543, 130.068237, 128.744293, 70.995804,31.082386, 240.664032, 0.999456
5, 554,30,212.009354, 213.345047, 128.744293, 70.995804,31.082386, 240.664032, 0.993739
5, 554,31,231.684097, 233.076996, 128.744293, 70.995804,31.082386, 240.664032, 0.994024
5, 555,0,153.984924, 153.195206, 128.940903, 75.927727,19.365568, 254.205093, 1.005155
5, 555,1,210.816010, 210.181366, 128.940903, 75.927727,19.365568, 254.205093, 1.003019
5, 555,2,196.051697, 196.327332, 128.940903, 75.927727,19.365568, 254.205093, 0.998596
5, 555,3,126.337517, 126.520653, 128.940903, 75.927727,19.365568, 254.205093, 0.998553
5, 555,4,237.505020, 236.698120, 128.940903, 75.927727,19.365568, 254.205093, 1.003409
5, 555,5,80.899002, 82.063080, 128.940903, 75.927727,19.365568, 254.205093, 0.985815
5, 555,6,254.205093, 254.425903, 128.940903, 75.927727,19.365568, 254.205093, 0.999132
5, 555,7,32.843163, 32.690323, 128.940903, 75.927727,19.365568, 254.205093, 1.004675
5, 555,8,127.233337, 127.798759, 128.940903, 75.927727,19.365568, 254.205093, 0.995576
5, 555,9,217.460342, 217.116257, 128.940903, 75.927727,19.365568, 254.205093, 1.001585
5, 555,10,118.632042, 117.708038, 128.940903, 75.927727,19.365568, 254.205093, 1.007850
5, 555,11,39.305233, 39.956593, 128.940903, 75.927727,19.365568, 254.205093, 0.983698
5, 555,12,108.442497, 107.380623, 128.940903, 75.927727,19.365568, 254.205093, 1.009889
5, 555,13,19.365568, 18.228794, 128.940903, 75.927727,19.365568, 254.205093, 1.062361
5, 555,14,194.228271, 194.607422, 128.940903, 75.927727,19.365568, 254.205093, 0.998052
5, 555,15,99.055656, 98.599564, 128.940903, 75.927727,19.365568, 254.205093, 1.004626
5, 555,16,29.562103, 29.353048, 128.940903, 75.927727,19.365568, 254.205093, 1.007122
5, 555,17,162.977707, 163.112350, 128.940903, 75.927727,19.365568, 254.205093, 0.999175
5, 555,18,189.539444, 189.621216, 128.940903, 75.927727,19.365568, 254.205093, 0.999569
5, 555,19,147.664581, 148.027542, 128.940903, 75.927727,19.365568, 254.205093, 0.997548
5, 555,20,202.791763, 202.331268, 128.940903, 75.927727,19.365568, 254.205093, 1.002276
5, 555,21,251.586426, 250.189240, 128.940903, 75.927727,19.365568, 254.205093, 1.005584
5, 555,22,121.878761, 122.496994, 128.940903, 75.927727,19.365568, 254.205093, 0.994953
5, 555,23,193.273788, 193.723770, 128.940903, 75.927727,19.365568, 254.205093, 0.997677
5, 555,24,29.306658, 27.830368, 128.940903, 75.927727,19.365568, 254.205093, 1.053046
5, 555,25,72.076492, 72.469391, 128.940903, 75.927727,19.365568, 254.205093, 0.994578
5, 555,26,30.219353, 29.140030, 128.940903, 75.927727,19.365568, 254.205093, 1.037039
5, 555,27,201.975937, 202.844086, 128.940903, 75.927727,19.365568, 254.205093, 0.995720
5, 555,28,25.631790, 26.110445, 128.940903, 75.927727,19.365568, 254.205093, 0.981668
5, 555,29,35.386227, 35.522667, 128.940903, 75.927727,19.365568, 254.205093, 0.996159
5, 555,30,162.718460, 161.818466, 128.940903, 75.927727,19.365568, 254.205093, 1.005562
5, 555,31,53.154335, 52.911221, 128.940903, 75.927727,19.365568, 254.205093, 1.004595
5, 556,0,82.511520, 82.434258, 129.114365, 73.993286,16.308439, 260.772156, 1.000937
5, 556,1,240.481125, 239.342789, 129.114365, 73.993286,16.308439, 260.772156, 1.004756
5, 556,2,16.308439, 16.361786, 129.114365, 73.993286,16.308439, 260.772156, 0.996740
5, 556,3,155.009552, 153.260590, 129.114365, 73.993286,16.308439, 260.772156, 1.011412
5, 556,4,67.758400, 68.895073, 129.114365, 73.993286,16.308439, 260.772156, 0.983501
5, 556,5,225.176483, 225.283173, 129.114365, 73.993286,16.308439, 260.772156, 0.999526
5, 556,6,73.921227, 71.947800, 129.114365, 73.993286,16.308439, 260.772156, 1.027429
5, 556,7,143.042130, 143.597534, 129.114365, 73.993286,16.308439, 260.772156, 0.996132
5, 556,8,52.567886, 52.629406, 129.114365, 73.993286,16.308439, 260.772156, 0.998831
5, 556,9,149.017517, 149.842773, 129.114365, 73.993286,16.308439, 260.772156, 0.994493
5, 556,10,179.181229, 178.358200, 129.114365, 73.993286,16.308439, 260.772156, 1.004614
5, 556,11,134.205124, 134.920959, 129.114365, 73.993286,16.308439, 260.772156, 0.994694
5, 556,12,58.873928, 58.206650, 129.114365, 73.993286,16.308439, 260.772156, 1.011464
5, 556,13,260.772156, 260.564270, 129.114365, 73.993286,16.308439, 260.772156, 1.000798
5, 556,14,30.389120, 29.030985, 129.114365, 73.993286,16.308439, 260.772156, 1.046782
5, 556,15,122.453407, 120.418556, 129.114365, 73.993286,16.308439, 260.772156, 1.016898
5, 556,16,213.745178, 213.080048, 129.114365, 73.993286,16.308439, 260.772156, 1.003121
5, 556,17,237.244461, 235.909439, 129.114365, 73.993286,16.308439, 260.772156, 1.005659
5, 556,18,25.177179, 24.463551, 129.114365, 73.993286,16.308439, 260.772156, 1.029171
5, 556,19,209.592636, 209.110718, 129.114365, 73.993286,16.308439, 260.772156, 1.002305
5, 556,20,202.466339, 203.712128, 129.114365, 73.993286,16.308439, 260.772156, 0.993885
5, 556,21,86.175468, 84.943253, 129.114365, 73.993286,16.308439, 260.772156, 1.014506
5, 556,22,259.376862, 259.391357, 129.114365, 73.993286,16.308439, 260.772156, 0.999944
5, 556,23,134.061798, 132.862488, 129.114365, 73.993286,16.308439, 260.772156, 1.009027
5, 556,24,150.021667, 150.114655, 129.114365, 73.993286,16.308439, 260.772156, 0.999381
5, 556,25,101.528854, 101.022484, 129.114365, 73.993286,16.308439, 260.772156, 1.005013
5, 556,26,58.546356, 57.220146, 129.114365, 73.993286,16.308439, 260.772156, 1.023177
5, 556,27,163.618469, 165.704529, 129.114365, 73.993286,16.308439, 260.772156, 0.987411
5, 556,28,43.249619, 43.090611, 129.114365, 73.993286,16.308439, 260.772156, 1.003690
5, 556,29,37.751286, 36.433647, 129.114365, 73.993286,16.308439, 260.772156, 1.036165
5, 556,30,94.505669, 96.035591, 129.114365, 73.993286,16.308439, 260.772156, 0.984069
5, 556,31,122.928947, 122.811020, 129.114365, 73.993286,16.308439, 260.772156, 1.000960
5, 557,0,111.005096, 111.101143, 128.707230, 86.341072,10.139668, 274.938843, 0.999135
5, 557,1,86.485313, 86.536636, 128.707230, 86.341072,10.139668, 274.938843, 0.999407
5, 557,2,139.683975, 140.247131, 128.707230, 86.341072,10.139668, 274.938843, 0.995985
5, 557,3,109.984184, 110.199463, 128.707230, 86.341072,10.139668, 274.938843, 0.998046
5, 557,4,258.971191, 259.292389, 128.707230, 86.341072,10.139668, 274.938843, 0.998761
5, 557,5,274.938843, 275.002594, 128.707230, 86.341072,10.139668, 274.938843, 0.999768
5, 557,6,247.388733, 246.595840, 128.707230, 86.341072,10.139668, 274.938843, 1.003215
5, 557,7,178.828369, 178.255508, 128.707230, 86.341072,10.139668, 274.938843, 1.003214
5, 557,8,204.568253, 204.379654, 128.707230, 86.341072,10.139668, 274.938843, 1.000923
5, 557,9,52.361904, 52.792931, 128.707230, 86.341072,10.139668, 274.938843, 0.991836
5, 557,10,28.599657, 28.325901, 128.707230, 86.341072,10.139668, 274.938843, 1.009665
5, 557,11,42.399548, 42.508980, 128.707230, 86.341072,10.139668, 274.938843, 0.997426
5, 557,12,10.139668, 10.089355, 128.707230, 86.341072,10.139668, 274.938843, 1.004987
5, 557,13,180.101669, 180.245667, 128.707230, 86.341072,10.139668, 274.938843, 0.999201
5, 557,14,71.976837, 72.743469, 128.707230, 86.341072,10.139668, 274.938843, 0.989461
5, 557,15,115.698265, 116.316223, 128.707230, 86.341072,10.139668, 274.938843, 0.994687
5, 557,16,28.089008, 28.918894, 128.707230, 86.341072,10.139668, 274.938843, 0.971303
5, 557,17,12.441412, 12.826868, 128.707230, 86.341072,10.139668, 274.938843, 0.969949
5, 557,18,144.105118, 143.073990, 128.707230, 86.341072,10.139668, 274.938843, 1.007207
5, 557,19,35.342957, 35.027527, 128.707230, 86.341072,10.139668, 274.938843, 1.009005
5, 557,20,189.125305, 187.816498, 128.707230, 86.341072,10.139668, 274.938843, 1.006968
5, 557,21,209.327545, 209.619110, 128.707230, 86.341072,10.139668, 274.938843, 0.998609
5, 557,22,269.090027, 269.454468, 128.707230, 86.341072,10.139668, 274.938843, 0.998648
5, 557,23,207.740250, 207.466461, 128.707230, 86.341072,10.139668, 274.938843, 1.001320
5, 557,24,23.703064, 25.141613, 128.707230, 86.341072,10.139668, 274.938843, 0.942782
5, 557,25,259.926453, 260.161560, 128.707230, 86.341072,10.139668, 274.938843, 0.999096
5, 557,26,83.948662, 83.230499, 128.707230, 86.341072,10.139668, 274.938843, 1.008629
5, 557,27,120.379524, 119.744209, 128.707230, 86.341072,10.139668, 274.938843, 1.005306
5, 557,28,218.985703, 219.171967, 128.707230, 86.341072,10.139668, 274.938843, 0.999150
5, 557,29,55.344055, 54.376949, 128.707230, 86.341072,10.139668, 274.938843, 1.017785
5, 557,30,128.289917, 129.451416, 128.707230, 86.341072,10.139668, 274.938843, 0.991028
5, 557,31,19.660524, 20.885065, 128.707230, 86.341072,10.139668, 274.938843, 0.941368
5, 558,0,82.935349, 83.604050, 128.879303, 67.145386,25.588129, 236.647995, 0.992002
5, 558,1,189.788086, 190.179718, 128.879303, 67.145386,25.588129, 236.647995, 0.997941
5, 558,2,215.811066, 214.822189, 128.879303, 67.145386,25.588129, 236.647995, 1.004603
5, 558,3,216.473083, 215.619888, 128.879303, 67.145386,25.588129, 236.647995, 1.003957
5, 558,4,81.400192, 80.017990, 128.879303, 67.145386,25.588129, 236.647995, 1.017274
5, 558,5,26.125284, 24.897596, 128.879303, 67.145386,25.588129, 236.647995, 1.049309
5, 558,6,39.256332, 39.752075, 128.879303, 67.145386,25.588129, 236.647995, 0.987529
5, 558,7,228.359039, 228.131577, 128.879303, 67.145386,25.588129, 236.647995, 1.000997
5, 558,8,210.305573, 208.620255, 128.879303, 67.145386,25.588129, 236.647995, 1.008078
5, 558,9,195.464417, 195.303680, 128.879303, 67.145386,25.588129, 236.647995, 1.000823
5, 558,10,111.954163, 112.191910, 128.879303, 67.145386,25.588129, 236.647995, 0.997881
5, 558,11,215.991150, 215.921738, 128.879303, 67.145386,25.588129, 236.647995, 1.000322
5, 558,12,119.849480, 119.737732, 128.879303, 67.145386,25.588129, 236.647995, 1.000933
5, 558,13,74.936516, 75.454575, 128.879303, 67.145386,25.588129, 236.647995, 0.993134
5, 558,14,153.259735, 152.565628, 128.879303, 67.145386,25.588129, 236.647995, 1.004550
5, 558,15,73.635880, 72.227837, 128.879303, 67.145386,25.588129, 236.647995, 1.019494
5, 558,16,25.588129, 26.622355, 128.879303, 67.145386,25.588129, 236.647995, 0.961152
5, 558,17,170.836029, 170.927109, 128.879303, 67.145386,25.588129, 236.647995, 0.999467
5, 558,18,37.063938, 35.519234, 128.879303, 67.145386,25.588129, 236.647995, 1.043489
5, 558,19,120.466011, 119.852715, 128.879303, 67.145386,25.588129, 236.647995, 1.005117
5, 558,20,179.161224, 180.240799, 128.879303, 67.145386,25.588129, 236.647995, 0.994010
5, 558,21,191.269684, 191.652954, 128.879303, 67.145386,25.588129, 236.647995, 0.998000
5, 558,22,65.733284, 67.082306, 128.879303, 67.145386,25.588129, 236.647995, 0.979890
5, 558,23,73.850471, 73.722618, 128.879303, 67.145386,25.588129, 236.647995, 1.001734
5, 558,24,127.245880, 125.580353, 128.879303, 67.145386,25.588129, 236.647995, 1.013263
5, 558,25,134.277649, 134.937164, 128.879303, 67.145386,25.588129, 236.647995, 0.995112
5, 558,26,236.647995, 237.502777, 128.879303, 67.145386,25.588129, 236.647995, 0.996401
5, 558,27,132.016327, 134.290375, 128.879303, 67.145386,25.588129, 236.647995, 0.983066
5, 558,28,42.857967, 42.842266, 128.879303, 67.145386,25.588129, 236.647995, 1.000366
5, 558,29,58.002720, 59.098110, 128.879303, 67.145386,25.588129, 236.647995, 0.981465
5, 558,30,106.114792, 105.623459, 128.879303, 67.145386,25.588129, 236.647995, 1.004652
5, 558,31,187.460205, 186.457123, 128.879303, 67.145386,25.588129, 236.647995, 1.005380
5, 559,0,241.034714, 239.723343, 128.554947, 62.517426,25.695812, 241.034714, 1.005470
5, 559,1,235.266190, 236.028137, 128.554947, 62.517426,25.695812, 241.034714, 0.996772
5, 559,2,148.469543, 148.231949, 128.554947, 62.517426,25.695812, 241.034714, 1.001603
5, 559,3,25.695812, 25.764828, 128.554947, 62.517426,25.695812, 241.034714, 0.997321
5, 559,4,134.628647, 135.367920, 128.554947, 62.517426,25.695812, 241.034714, 0.994539
5, 559,5,168.538528, 168.894592, 128.554947, 62.517426,25.695812, 241.034714, 0.997892
5, 559,6,93.799835, 95.121330, 128.554947, 62.517426,25.695812, 241.034714, 0.986107
5, 559,7,119.109932, 118.801369, 128.554947, 62.517426,25.695812, 241.034714, 1.002597
5, 559,8,154.698013, 156.343964, 128.554947, 62.517426,25.695812, 241.034714, 0.989472
5, 559,9,95.553734, 96.127121, 128.554947, 62.517426,25.695812, 241.034714, 0.994035
5, 559,10,58.785606, 59.728809, 128.554947, 62.517426,25.695812, 241.034714, 0.984209
5, 559,11,165.054474, 163.683365, 128.554947, 62.517426,25.695812, 241.034714, 1.008377
5, 559,12,45.346287, 45.603878, 128.554947, 62.517426,25.695812, 241.034714, 0.994352
5, 559,13,122.028183, 120.149719, 128.554947, 62.517426,25.695812, 241.034714, 1.015634
5, 559,14,187.872269, 188.770081, 128.554947, 62.517426,25.695812, 241.034714, 0.995244
5, 559,15,148.947083, 149.514725, 128.554947, 62.517426,25.695812, 241.034714, 0.996203
5, 559,16,100.132782, 100.427292, 128.554947, 62.517426,25.695812, 241.034714, 0.997067
5, 559,17,106.229828, 107.693832, 128.554947, 62.517426,25.695812, 241.034714, 0.986406
5, 559,18,159.156952, 158.690826, 128.554947, 62.517426,25.695812, 241.034714, 1.002937
5, 559,19,231.784698, 231.691528, 128.554947, 62.517426,25.695812, 241.034714, 1.000402
5, 559,20,32.109726, 31.508095, 128.554947, 62.517426,25.695812, 241.034714, 1.019094
5, 559,21,37.405617, 37.688667, 128.554947, 62.517426,25.695812, 241.034714, 0.992490
5, 559,22,191.927826, 191.889526, 128.554947, 62.517426,25.695812, 241.034714, 1.000200
5, 559,23,101.207420, 101.403931, 128.554947, 62.517426,25.695812, 241.034714, 0.998062
5, 559,24,46.882809, 48.460934, 128.554947, 62.517426,25.695812, 241.034714, 0.967435
5, 559,25,117.362991, 118.254738, 128.554947, 62.517426,25.695812, 241.034714, 0.992459
5, 559,26,139.115952, 138.494644, 128.554947, 62.517426,25.695812, 241.034714, 1.004486
5, 559,27,97.621849, 98.277206, 128.554947, 62.517426,25.695812, 241.034714, 0.993332
5, 559,28,58.689987, 59.386261, 128.554947, 62.517426,25.695812, 241.034714, 0.988276
5, 559,29,113.081619, 113.058098, 128.554947, 62.517426,25.695812, 241.034714, 1.000208
5, 559,30,213.520721, 213.660004, 128.554947, 62.517426,25.695812, 241.034714, 0.999348
5, 559,31,222.699142, 222.559158, 128.554947, 62.517426,25.695812, 241.034714, 1.000629
5, 560,0,133.273392, 132.681458, 128.712189, 50.241432,16.231041, 210.095612, 1.004461
5, 560,1,55.326862, 55.028778, 128.712189, 50.241432,16.231041, 210.095612, 1.005417
5, 560,2,147.581680, 147.009338, 128.712189, 50.241432,16.231041, 210.095612, 1.003893
5, 560,3,210.095612, 209.870163, 128.712189, 50.241432,16.231041, 210.095612, 1.001074
5, 560,4,157.058029, 157.375244, 128.712189, 50.241432,16.231041, 210.095612, 0.997984
5, 560,5,151.275040, 149.909103, 128.712189, 50.241432,16.231041, 210.095612, 1.009112
5, 560,6,37.099094, 37.202854, 128.712189, 50.241432,16.231041, 210.095612, 0.997211
5, 560,7,170.139374, 169.883911, 128.712189, 50.241432,16.231041, 210.095612, 1.001504
5, 560,8,119.343468, 120.062897, 128.712189, 50.241432,16.231041, 210.095612, 0.994008
5, 560,9,129.108093, 129.238358, 128.712189, 50.241432,16.231041, 210.095612, 0.998992
5, 560,10,109.630257, 109.880127, 128.712189, 50.241432,16.231041, 210.095612, 0.997726
5, 560,11,80.856026, 81.260971, 128.712189, 50.241432,16.231041, 210.095612, 0.995017
5, 560,12,112.721451, 113.744461, 128.712189, 50.241432,16.231041, 210.095612, 0.991006
5, 560,13,16.231041, 16.489370, 128.712189, 50.241432,16.231041, 210.095612, 0.984334
5, 560,14,87.503654, 87.225334, 128.712189, 50.241432,16.231041, 210.095612, 1.003191
5, 560,15,99.367058, 99.282257, 128.712189, 50.241432,16.231041, 210.095612, 1.000854
5, 560,16,205.834473, 206.787247, 128.712189, 50.241432,16.231041, 210.095612, 0.995393
5, 560,17,104.848320, 104.428566, 128.712189, 50.241432,16.231041, 210.095612, 1.004019
5, 560,18,98.420189, 97.884262, 128.712189, 50.241432,16.231041, 210.095612, 1.005475
5, 560,19,117.927841, 117.840752, 128.712189, 50.241432,16.231041, 210.095612, 1.000739
5, 560,20,177.929352, 178.033783, 128.712189, 50.241432,16.231041, 210.095612, 0.999413
5, 560,21,174.755112, 174.407547, 128.712189, 50.241432,16.231041, 210.095612, 1.001993
5, 560,22,142.822754, 143.492996, 128.712189, 50.241432,16.231041, 210.095612, 0.995329
5, 560,23,194.458740, 194.657074, 128.712189, 50.241432,16.231041, 210.095612, 0.998981
5, 560,24,165.748398, 166.575134, 128.712189, 50.241432,16.231041, 210.095612, 0.995037
5, 560,25,171.555969, 172.588318, 128.712189, 50.241432,16.231041, 210.095612, 0.994018
5, 560,26,195.940262, 195.383530, 128.712189, 50.241432,16.231041, 210.095612, 1.002849
5, 560,27,85.660347, 86.089851, 128.712189, 50.241432,16.231041, 210.095612, 0.995011
5, 560,28,191.800949, 192.007599, 128.712189, 50.241432,16.231041, 210.095612, 0.998924
5, 560,29,74.920403, 73.910828, 128.712189, 50.241432,16.231041, 210.095612, 1.013659
5, 560,30,127.073616, 127.602280, 128.712189, 50.241432,16.231041, 210.095612, 0.995857
5, 560,31,72.483139, 73.166046, 128.712189, 50.241432,16.231041, 210.095612, 0.990666
5, 561,0,225.879120, 226.860611, 128.515518, 72.421730,16.899523, 233.249985, 0.995674
5, 561,1,186.949982, 185.673523, 128.515518, 72.421730,16.899523, 233.249985, 1.006875
5, 561,2,214.998322, 216.605270, 128.515518, 72.421730,16.899523, 233.249985, 0.992581
5, 561,3,179.186172, 179.264816, 128.515518, 72.421730,16.899523, 233.249985, 0.999561
5, 561,4,225.313721, 226.446259, 128.515518, 72.421730,16.899523, 233.249985, 0.994999
5, 561,5,87.926407, 87.968163, 128.515518, 72.421730,16.899523, 233.249985, 0.999525
5, 561,6,49.822617, 50.323837, 128.515518, 72.421730,16.899523, 233.249985, 0.990040
5, 561,7,27.524652, 25.372643, 128.515518, 72.421730,16.899523, 233.249985, 1.084816
5, 561,8,139.386505, 139.880188, 128.515518, 72.421730,16.899523, 233.249985, 0.996471
5, 561,9,233.249985, 233.711319, 128.515518, 72.421730,16.899523, 233.249985, 0.998026
5, 561,10,25.341583, 26.083956, 128.515518, 72.421730,16.899523, 233.249985, 0.971539
5, 561,11,229.308563, 229.719666, 128.515518, 72.421730,16.899523, 233.249985, 0.998210
5, 561,12,225.357880, 224.947662, 128.515518, 72.421730,16.899523, 233.249985, 1.001824
5, 561,13,35.452347, 36.214985, 128.515518, 72.421730,16.899523, 233.249985, 0.978941
5, 561,14,98.942116, 99.411324, 128.515518, 72.421730,16.899523, 233.249985, 0.995280
5, 561,15,116.474678, 116.165154, 128.515518, 72.421730,16.899523, 233.249985, 1.002665
5, 561,16,72.074440, 73.514008, 128.515518, 72.421730,16.899523, 233.249985, 0.980418
5, 561,17,221.703415, 222.268158, 128.515518, 72.421730,16.899523, 233.249985, 0.997459
5, 561,18,148.103912, 148.395218, 128.515518, 72.421730,16.899523, 233.249985, 0.998037
5, 561,19,97.631882, 98.278740, 128.515518, 72.421730,16.899523, 233.249985, 0.993418
5, 561,20,224.800293, 224.864792, 128.515518, 72.421730,16.899523, 233.249985, 0.999713
5, 561,21,57.450127, 57.243599, 128.515518, 72.421730,16.899523, 233.249985, 1.003608
5, 561,22,65.708450, 66.766907, 128.515518, 72.421730,16.899523, 233.249985, 0.984147
5, 561,23,71.065712, 70.654953, 128.515518, 72.421730,16.899523, 233.249985, 1.005814
5, 561,24,116.843575, 117.981422, 128.515518, 72.421730,16.899523, 233.249985, 0.990356
5, 561,25,121.877159, 122.007591, 128.515518, 72.421730,16.899523, 233.249985, 0.998931
5, 561,26,174.686966, 173.878174, 128.515518, 72.421730,16.899523, 233.249985, 1.004652
5, 561,27,16.899523, 17.672510, 128.515518, 72.421730,16.899523, 233.249985, 0.956260
5, 561,28,26.676838, 27.444427, 128.515518, 72.421730,16.899523, 233.249985, 0.972031
5, 561,29,154.232742, 154.210022, 128.515518, 72.421730,16.899523, 233.249985, 1.000147
5, 561,30,138.089279, 138.257294, 128.515518, 72.421730,16.899523, 233.249985, 0.998785
5, 561,31,103.537643, 102.912636, 128.515518, 72.421730,16.899523, 233.249985, 1.006073
5, 562,0,33.183189, 32.984245, 128.529877, 75.128174,10.420068, 243.375076, 1.006032
5, 562,1,143.470978, 144.669495, 128.529877, 75.128174,10.420068, 243.375076, 0.991715
5, 562,2,166.305283, 165.947098, 128.529877, 75.128174,10.420068, 243.375076, 1.002158
5, 562,3,111.298759, 111.489731, 128.529877, 75.128174,10.420068, 243.375076, 0.998287
5, 562,4,37.674232, 37.609169, 128.529877, 75.128174,10.420068, 243.375076, 1.001730
5, 562,5,24.646194, 24.746559, 128.529877, 75.128174,10.420068, 243.375076, 0.995944
5, 562,6,94.505135, 95.309883, 128.529877, 75.128174,10.420068, 243.375076, 0.991557
5, 562,7,228.888000, 228.723419, 128.529877, 75.128174,10.420068, 243.375076, 1.000720
5, 562,8,10.420068, 12.053880, 128.529877, 75.128174,10.420068, 243.375076, 0.864458
5, 562,9,206.545013, 207.253723, 128.529877, 75.128174,10.420068, 243.375076, 0.996580
5, 562,10,91.735207, 93.226448, 128.529877, 75.128174,10.420068, 243.375076, 0.984004
5, 562,11,125.392792, 125.504875, 128.529877, 75.128174,10.420068, 243.375076, 0.999107
5, 562,12,185.291214, 185.333359, 128.529877, 75.128174,10.420068, 243.375076, 0.999773
5, 562,13,38.233913, 38.325806, 128.529877, 75.128174,10.420068, 243.375076, 0.997602
5, 562,14,205.922180, 205.901688, 128.529877, 75.128174,10.420068, 243.375076, 1.000100
5, 562,15,204.594681, 204.232010, 128.529877, 75.128174,10.420068, 243.375076, 1.001776
5, 562,16,26.322390, 27.066412, 128.529877, 75.128174,10.420068, 243.375076, 0.972511
5, 562,17,167.931015, 168.303894, 128.529877, 75.128174,10.420068, 243.375076, 0.997784
5, 562,18,215.784760, 215.417511, 128.529877, 75.128174,10.420068, 243.375076, 1.001705
5, 562,19,155.751617, 156.120972, 128.529877, 75.128174,10.420068, 243.375076, 0.997634
5, 562,20,81.279625, 83.038330, 128.529877, 75.128174,10.420068, 243.375076, 0.978821
5, 562,21,222.902115, 222.428772, 128.529877, 75.128174,10.420068, 243.375076, 1.002128
5, 562,22,243.375076, 242.324829, 128.529877, 75.128174,10.420068, 243.375076, 1.004334
5, 562,23,88.050186, 88.668030, 128.529877, 75.128174,10.420068, 243.375076, 0.993032
5, 562,24,196.726059, 196.880875, 128.529877, 75.128174,10.420068, 243.375076, 0.999214
5, 562,25,50.339886, 50.464382, 128.529877, 75.128174,10.420068, 243.375076, 0.997533
5, 562,26,52.999584, 53.257069, 128.529877, 75.128174,10.420068, 243.375076, 0.995165
5, 562,27,211.947083, 212.240662, 128.529877, 75.128174,10.420068, 243.375076, 0.998617
5, 562,28,117.055229, 117.274582, 128.529877, 75.128174,10.420068, 243.375076, 0.998130
5, 562,29,114.940285, 114.341515, 128.529877, 75.128174,10.420068, 243.375076, 1.005237
5, 562,30,227.292511, 228.124985, 128.529877, 75.128174,10.420068, 243.375076, 0.996351
5, 562,31,32.151863, 31.735662, 128.529877, 75.128174,10.420068, 243.375076, 1.013115
5, 563,0,142.263290, 142.620865, 128.945862, 67.459541,15.453001, 241.193420, 0.997493
5, 563,1,85.739639, 86.116714, 128.945862, 67.459541,15.453001, 241.193420, 0.995621
5, 563,2,241.193420, 240.345963, 128.945862, 67.459541,15.453001, 241.193420, 1.003526
5, 563,3,50.340782, 47.943218, 128.945862, 67.459541,15.453001, 241.193420, 1.050008
5, 563,4,21.860126, 21.483522, 128.945862, 67.459541,15.453001, 241.193420, 1.017530
5, 563,5,159.368271, 158.395355, 128.945862, 67.459541,15.453001, 241.193420, 1.006142
5, 563,6,182.273117, 182.114670, 128.945862, 67.459541,15.453001, 241.193420, 1.000870
5, 563,7,129.809265, 130.469513, 128.945862, 67.459541,15.453001, 241.193420, 0.994939
5, 563,8,156.865524, 157.021332, 128.945862, 67.459541,15.453001, 241.193420, 0.999008
5, 563,9,42.966175, 43.337524, 128.945862, 67.459541,15.453001, 241.193420, 0.991431
5, 563,10,110.075363, 109.045380, 128.945862, 67.459541,15.453001, 241.193420, 1.009445
5, 563,11,236.444916, 235.248993, 128.945862, 67.459541,15.453001, 241.193420, 1.005084
5, 563,12,15.453001, 17.438190, 128.945862, 67.459541,15.453001, 241.193420, 0.886159
5, 563,13,193.322372, 191.771255, 128.945862, 67.459541,15.453001, 241.193420, 1.008088
5, 563,14,217.218857, 215.759247, 128.945862, 67.459541,15.453001, 241.193420, 1.006765
5, 563,15,42.320099, 41.863701, 128.945862, 67.459541,15.453001, 241.193420, 1.010902
5, 563,16,151.712936, 150.972519, 128.945862, 67.459541,15.453001, 241.193420, 1.004904
5, 563,17,71.699249, 72.345703, 128.945862, 67.459541,15.453001, 241.193420, 0.991064
5, 563,18,139.507187, 139.703934, 128.945862, 67.459541,15.453001, 241.193420, 0.998592
5, 563,19,93.196907, 93.785194, 128.945862, 67.459541,15.453001, 241.193420, 0.993727
5, 563,20,182.618790, 182.506149, 128.945862, 67.459541,15.453001, 241.193420, 1.000617
5, 563,21,188.906326, 188.601013, 128.945862, 67.459541,15.453001, 241.193420, 1.001619
5, 563,22,110.844666, 109.997223, 128.945862, 67.459541,15.453001, 241.193420, 1.007704
5, 563,23,143.686783, 143.956528, 128.945862, 67.459541,15.453001, 241.193420, 0.998126
5, 563,24,161.600418, 161.151093, 128.945862, 67.459541,15.453001, 241.193420, 1.002788
5, 563,25,79.671074, 79.868324, 128.945862, 67.459541,15.453001, 241.193420, 0.997530
5, 563,26,57.716877, 59.004551, 128.945862, 67.459541,15.453001, 241.193420, 0.978177
5, 563,27,89.654488, 90.791489, 128.945862, 67.459541,15.453001, 241.193420, 0.987477
5, 563,28,173.983185, 173.179611, 128.945862, 67.459541,15.453001, 241.193420, 1.004640
5, 563,29,17.976751, 17.054384, 128.945862, 67.459541,15.453001, 241.193420, 1.054084
5, 563,30,224.764877, 225.914795, 128.945862, 67.459541,15.453001, 241.193420, 0.994910
5, 563,31,211.212860, 211.191940, 128.945862, 67.459541,15.453001, 241.193420, 1.000099
5, 564,0,46.839897, 48.349571, 129.009323, 69.528976,20.411366, 231.684799, 0.968776
5, 564,1,134.679916, 133.571625, 129.009323, 69.528976,20.411366, 231.684799, 1.008297
5, 564,2,107.543762, 107.508614, 129.009323, 69.528976,20.411366, 231.684799, 1.000327
5, 564,3,36.303829, 35.907677, 129.009323, 69.528976,20.411366, 231.684799, 1.011033
5, 564,4,125.241096, 124.236679, 129.009323, 69.528976,20.411366, 231.684799, 1.008085
5, 564,5,230.323471, 230.833099, 129.009323, 69.528976,20.411366, 231.684799, 0.997792
5, 564,6,92.053375, 92.291649, 129.009323, 69.528976,20.411366, 231.684799, 0.997418
5, 564,7,125.903839, 125.394722, 129.009323, 69.528976,20.411366, 231.684799, 1.004060
5, 564,8,112.630791, 111.568825, 129.009323, 69.528976,20.411366, 231.684799, 1.009519
5, 564,9,190.956787, 190.697037, 129.009323, 69.528976,20.411366, 231.684799, 1.001362
5, 564,10,231.309128, 230.677750, 129.009323, 69.528976,20.411366, 231.684799, 1.002737
5, 564,11,74.282509, 74.349052, 129.009323, 69.528976,20.411366, 231.684799, 0.999105
5, 564,12,231.684799, 232.082932, 129.009323, 69.528976,20.411366, 231.684799, 0.998285
5, 564,13,220.229721, 218.433563, 129.009323, 69.528976,20.411366, 231.684799, 1.008223
5, 564,14,187.231552, 187.590088, 129.009323, 69.528976,20.411366, 231.684799, 0.998089
5, 564,15,160.978592, 161.421158, 129.009323, 69.528976,20.411366, 231.684799, 0.997258
5, 564,16,95.063469, 94.247612, 129.009323, 69.528976,20.411366, 231.684799, 1.008657
5, 564,17,40.149269, 39.932579, 129.009323, 69.528976,20.411366, 231.684799, 1.005426
5, 564,18,155.977097, 156.866653, 129.009323, 69.528976,20.411366, 231.684799, 0.994329
5, 564,19,185.921677, 186.658005, 129.009323, 69.528976,20.411366, 231.684799, 0.996055
5, 564,20,195.313705, 194.524216, 129.009323, 69.528976,20.411366, 231.684799, 1.004059
5, 564,21,212.589783, 211.266418, 129.009323, 69.528976,20.411366, 231.684799, 1.006264
5, 564,22,85.254700, 85.082123, 129.009323, 69.528976,20.411366, 231.684799, 1.002028
5, 564,23,206.969269, 209.190414, 129.009323, 69.528976,20.411366, 231.684799, 0.989382
5, 564,24,80.870178, 80.386406, 129.009323, 69.528976,20.411366, 231.684799, 1.006018
5, 564,25,22.410204, 23.084471, 129.009323, 69.528976,20.411366, 231.684799, 0.970791
5, 564,26,88.513016, 87.129883, 129.009323, 69.528976,20.411366, 231.684799, 1.015874
5, 564,27,23.536171, 23.635246, 129.009323, 69.528976,20.411366, 231.684799, 0.995808
5, 564,28,64.404243, 65.797890, 129.009323, 69.528976,20.411366, 231.684799, 0.978819
5, 564,29,20.411366, 18.586464, 129.009323, 69.528976,20.411366, 231.684799, 1.098184
5, 564,30,210.979767, 209.691772, 129.009323, 69.528976,20.411366, 231.684799, 1.006142
5, 564,31,131.741745, 130.005722, 129.009323, 69.528976,20.411366, 231.684799, 1.013353
5, 565,0,88.078995, 87.446922, 128.908386, 56.705471,33.535927, 222.632111, 1.007228
5, 565,1,140.399948, 140.446808, 128.908386, 56.705471,33.535927, 222.632111, 0.999666
5, 565,2,130.074677, 131.020752, 128.908386, 56.705471,33.535927, 222.632111, 0.992779
5, 565,3,129.831787, 129.170227, 128.908386, 56.705471,33.535927, 222.632111, 1.005122
5, 565,4,33.535927, 35.328915, 128.908386, 56.705471,33.535927, 222.632111, 0.949249
5, 565,5,119.492134, 118.537003, 128.908386, 56.705471,33.535927, 222.632111, 1.008058
5, 565,6,176.776398, 176.922195, 128.908386, 56.705471,33.535927, 222.632111, 0.999176
5, 565,7,57.063988, 56.985718, 128.908386, 56.705471,33.535927, 222.632111, 1.001374
5, 565,8,36.387249, 37.258942, 128.908386, 56.705471,33.535927, 222.632111, 0.976604
5, 565,9,99.466408, 100.096924, 128.908386, 56.705471,33.535927, 222.632111, 0.993701
5, 565,10,108.336258, 107.730293, 128.908386, 56.705471,33.535927, 222.632111, 1.005625
5, 565,11,176.976273, 177.746246, 128.908386, 56.705471,33.535927, 222.632111, 0.995668
5, 565,12,131.371780, 132.039978, 128.908386, 56.705471,33.535927, 222.632111, 0.994939
5, 565,13,222.632111, 223.358521, 128.908386, 56.705471,33.535927, 222.632111, 0.996748
5, 565,14,49.117874, 47.870487, 128.908386, 56.705471,33.535927, 222.632111, 1.026057
5, 565,15,41.736893, 40.555172, 128.908386, 56.705471,33.535927, 222.632111, 1.029139
5, 565,16,129.909286, 128.714844, 128.908386, 56.705471,33.535927, 222.632111, 1.009280
5, 565,17,125.916672, 125.830643, 128.908386, 56.705471,33.535927, 222.632111, 1.000684
5, 565,18,219.456131, 219.324966, 128.908386, 56.705471,33.535927, 222.632111, 1.000598
5, 565,19,37.965240, 36.239716, 128.908386, 56.705471,33.535927, 222.632111, 1.047614
5, 565,20,66.747498, 66.484055, 128.908386, 56.705471,33.535927, 222.632111, 1.003963
5, 565,21,199.348785, 199.829514, 128.908386, 56.705471,33.535927, 222.632111, 0.997594
5, 565,22,164.624451, 165.566086, 128.908386, 56.705471,33.535927, 222.632111, 0.994313
5, 565,23,202.037842, 202.120972, 128.908386, 56.705471,33.535927, 222.632111, 0.999589
5, 565,24,157.625137, 158.764008, 128.908386, 56.705471,33.535927, 222.632111, 0.992827
5, 565,25,130.753281, 131.873718, 128.908386, 56.705471,33.535927, 222.632111, 0.991504
5, 565,26,202.463776, 202.178802, 128.908386, 56.705471,33.535927, 222.632111, 1.001410
5, 565,27,165.068085, 163.368607, 128.908386, 56.705471,33.535927, 222.632111, 1.010403
5, 565,28,169.528305, 169.570724, 128.908386, 56.705471,33.535927, 222.632111, 0.999750
5, 565,29,92.936043, 92.441856, 128.908386, 56.705471,33.535927, 222.632111, 1.005346
5, 565,30,128.002121, 127.305267, 128.908386, 56.705471,33.535927, 222.632111, 1.005474
5, 565,31,191.406326, 188.871017, 128.908386, 56.705471,33.535927, 222.632111, 1.013423
5, 566,0,191.972290, 191.504242, 128.594070, 46.377293,41.101471, 213.535614, 1.002444
5, 566,1,116.836227, 117.303963, 128.594070, 46.377293,41.101471, 213.535614, 0.996013
5, 566,2,56.458878, 57.096909, 128.594070, 46.377293,41.101471, 213.535614, 0.988826
5, 566,3,147.504257, 147.486755, 128.594070, 46.377293,41.101471, 213.535614, 1.000119
5, 566,4,118.693306, 118.866325, 128.594070, 46.377293,41.101471, 213.535614, 0.998544
5, 566,5,181.084061, 179.797943, 128.594070, 46.377293,41.101471, 213.535614, 1.007153
5, 566,6,64.499474, 65.852112, 128.594070, 46.377293,41.101471, 213.535614, 0.979459
5, 566,7,94.850700, 95.265038, 128.594070, 46.377293,41.101471, 213.535614, 0.995651
5, 566,8,148.974930, 149.079300, 128.594070, 46.377293,41.101471, 213.535614, 0.999300
5, 566,9,91.765198, 92.223358, 128.594070, 46.377293,41.101471, 213.535614, 0.995032
5, 566,10,211.135696, 211.686493, 128.594070, 46.377293,41.101471, 213.535614, 0.997398
5, 566,11,85.164497, 84.260651, 128.594070, 46.377293,41.101471, 213.535614, 1.010727
5, 566,12,157.475769, 158.959076, 128.594070, 46.377293,41.101471, 213.535614, 0.990669
5, 566,13,72.420937, 72.569450, 128.594070, 46.377293,41.101471, 213.535614, 0.997953
5, 566,14,168.472946, 171.639008, 128.594070, 46.377293,41.101471, 213.535614, 0.981554
5, 566,15,213.535614, 214.041321, 128.594070, 46.377293,41.101471, 213.535614, 0.997637
5, 566,16,108.848961, 108.367638, 128.594070, 46.377293,41.101471, 213.535614, 1.004442
5, 566,17,84.376305, 83.890831, 128.594070, 46.377293,41.101471, 213.535614, 1.005787
5, 566,18,157.259216, 157.615616, 128.594070, 46.377293,41.101471, 213.535614, 0.997739
5, 566,19,164.739578, 163.910294, 128.594070, 46.377293,41.101471, 213.535614, 1.005059
5, 566,20,139.690491, 137.818298, 128.594070, 46.377293,41.101471, 213.535614, 1.013584
5, 566,21,66.336617, 67.044617, 128.594070, 46.377293,41.101471, 213.535614, 0.989440
5, 566,22,125.869720, 125.470459, 128.594070, 46.377293,41.101471, 213.535614, 1.003182
5, 566,23,112.269760, 112.805618, 128.594070, 46.377293,41.101471, 213.535614, 0.995250
5, 566,24,188.858398, 189.338089, 128.594070, 46.377293,41.101471, 213.535614, 0.997467
5, 566,25,117.534508, 119.787125, 128.594070, 46.377293,41.101471, 213.535614, 0.981195
5, 566,26,134.396088, 134.165268, 128.594070, 46.377293,41.101471, 213.535614, 1.001720
5, 566,27,187.029312, 187.322876, 128.594070, 46.377293,41.101471, 213.535614, 0.998433
5, 566,28,87.661308, 85.672058, 128.594070, 46.377293,41.101471, 213.535614, 1.023219
5, 566,29,41.101471, 42.650837, 128.594070, 46.377293,41.101471, 213.535614, 0.963673
5, 566,30,132.218918, 131.568893, 128.594070, 46.377293,41.101471, 213.535614, 1.004941
5, 566,31,145.974640, 145.939499, 128.594070, 46.377293,41.101471, 213.535614, 1.000241
5, 567,0,132.936905, 134.122375, 128.796539, 76.649712,19.260649, 247.253967, 0.991161
5, 567,1,19.994335, 21.084846, 128.796539, 76.649712,19.260649, 247.253967, 0.948280
5, 567,2,39.574940, 39.434711, 128.796539, 76.649712,19.260649, 247.253967, 1.003556
5, 567,3,139.683838, 138.368240, 128.796539, 76.649712,19.260649, 247.253967, 1.009508
5, 567,4,239.416412, 239.806717, 128.796539, 76.649712,19.260649, 247.253967, 0.998372
5, 567,5,131.799484, 131.771698, 128.796539, 76.649712,19.260649, 247.253967, 1.000211
5, 567,6,147.782654, 147.117142, 128.796539, 76.649712,19.260649, 247.253967, 1.004524
5, 567,7,68.263657, 66.797897, 128.796539, 76.649712,19.260649, 247.253967, 1.021943
5, 567,8,43.115231, 42.843174, 128.796539, 76.649712,19.260649, 247.253967, 1.006350
5, 567,9,208.150146, 207.382263, 128.796539, 76.649712,19.260649, 247.253967, 1.003703
5, 567,10,217.784607, 217.945541, 128.796539, 76.649712,19.260649, 247.253967, 0.999262
5, 567,11,57.567699, 58.151871, 128.796539, 76.649712,19.260649, 247.253967, 0.989954
5, 567,12,19.260649, 18.124481, 128.796539, 76.649712,19.260649, 247.253967, 1.062687
5, 567,13,196.217300, 195.173492, 128.796539, 76.649712,19.260649, 247.253967, 1.005348
5, 567,14,24.183306, 25.220545, 128.796539, 76.649712,19.260649, 247.253967, 0.958873
5, 567,15,142.358810, 141.997101, 128.796539, 76.649712,19.260649, 247.253967, 1.002547
5, 567,16,223.572586, 223.271286, 128.796539, 76.649712,19.260649, 247.253967, 1.001349
5, 567,17,84.720291, 85.052277, 128.796539, 76.649712,19.260649, 247.253967, 0.996097
5, 567,18,193.280701, 194.042236, 128.796539, 76.649712,19.260649, 247.253967, 0.996075
5, 567,19,148.752045, 148.799332, 128.796539, 76.649712,19.260649, 247.253967, 0.999682
5, 567,20,21.655853, 21.283184, 128.796539, 76.649712,19.260649, 247.253967, 1.017510
5, 567,21,49.349766, 49.608677, 128.796539, 76.649712,19.260649, 247.253967, 0.994781
5, 567,22,247.253967, 246.755875, 128.796539, 76.649712,19.260649, 247.253967, 1.002019
5, 567,23,67.680130, 67.378220, 128.796539, 76.649712,19.260649, 247.253967, 1.004481
5, 567,24,45.702137, 47.125790, 128.796539, 76.649712,19.260649, 247.253967, 0.969790
5, 567,25,110.680931, 110.659805, 128.796539, 76.649712,19.260649, 247.253967, 1.000191
5, 567,26,235.048218, 235.068680, 128.796539, 76.649712,19.260649, 247.253967, 0.999913
5, 567,27,232.942535, 233.570129, 128.796539, 76.649712,19.260649, 247.253967, 0.997313
5, 567,28,106.623589, 107.207275, 128.796539, 76.649712,19.260649, 247.253967, 0.994556
5, 567,29,212.647812, 212.531677, 128.796539, 76.649712,19.260649, 247.253967, 1.000546
5, 567,30,189.380753, 189.289490, 128.796539, 76.649712,19.260649, 247.253967, 1.000482
5, 567,31,124.108078, 124.014511, 128.796539, 76.649712,19.260649, 247.253967, 1.000754
5, 568,0,64.393562, 63.638264, 128.739487, 76.411385,15.666848, 262.065338, 1.011869
5, 568,1,18.262249, 18.018539, 128.739487, 76.411385,15.666848, 262.065338, 1.013525
5, 568,2,172.927368, 171.498245, 128.739487, 76.411385,15.666848, 262.065338, 1.008333
5, 568,3,198.632477, 198.471146, 128.739487, 76.411385,15.666848, 262.065338, 1.000813
5, 568,4,15.666848, 14.636087, 128.739487, 76.411385,15.666848, 262.065338, 1.070426
5, 568,5,26.852222, 26.518030, 128.739487, 76.411385,15.666848, 262.065338, 1.012602
5, 568,6,150.233673, 150.288940, 128.739487, 76.411385,15.666848, 262.065338, 0.999632
5, 568,7,191.453674, 191.201614, 128.739487, 76.411385,15.666848, 262.065338, 1.001318
5, 568,8,164.938797, 164.843735, 128.739487, 76.411385,15.666848, 262.065338, 1.000577
5, 568,9,218.455200, 218.537170, 128.739487, 76.411385,15.666848, 262.065338, 0.999625
5, 568,10,245.892075, 246.503510, 128.739487, 76.411385,15.666848, 262.065338, 0.997520
5, 568,11,160.379761, 161.027618, 128.739487, 76.411385,15.666848, 262.065338, 0.995977
5, 568,12,145.873047, 146.567459, 128.739487, 76.411385,15.666848, 262.065338, 0.995262
5, 568,13,149.710754, 150.202209, 128.739487, 76.411385,15.666848, 262.065338, 0.996728
5, 568,14,105.126221, 102.974052, 128.739487, 76.411385,15.666848, 262.065338, 1.020900
5, 568,15,174.009109, 174.383987, 128.739487, 76.411385,15.666848, 262.065338, 0.997850
5, 568,16,62.666103, 62.857697, 128.739487, 76.411385,15.666848, 262.065338, 0.996952
5, 568,17,25.610840, 26.163229, 128.739487, 76.411385,15.666848, 262.065338, 0.978887
5, 568,18,19.109303, 18.696606, 128.739487, 76.411385,15.666848, 262.065338, 1.022073
5, 568,19,82.992775, 83.262779, 128.739487, 76.411385,15.666848, 262.065338, 0.996757
5, 568,20,48.710464, 48.539444, 128.739487, 76.411385,15.666848, 262.065338, 1.003523
5, 568,21,239.493057, 240.322052, 128.739487, 76.411385,15.666848, 262.065338, 0.996551
5, 568,22,162.773636, 162.927795, 128.739487, 76.411385,15.666848, 262.065338, 0.999054
5, 568,23,105.801308, 106.656105, 128.739487, 76.411385,15.666848, 262.065338, 0.991985
5, 568,24,236.188049, 237.483643, 128.739487, 76.411385,15.666848, 262.065338, 0.994545
5, 568,25,214.702789, 214.642242, 128.739487, 76.411385,15.666848, 262.065338, 1.000282
5, 568,26,85.838387, 86.487549, 128.739487, 76.411385,15.666848, 262.065338, 0.992494
5, 568,27,262.065338, 262.051758, 128.739487, 76.411385,15.666848, 262.065338, 1.000052
5, 568,28,44.562038, 46.040058, 128.739487, 76.411385,15.666848, 262.065338, 0.967897
5, 568,29,64.006134, 64.213837, 128.739487, 76.411385,15.666848, 262.065338, 0.996765
5, 568,30,89.203392, 88.576935, 128.739487, 76.411385,15.666848, 262.065338, 1.007072
5, 568,31,173.133194, 172.767654, 128.739487, 76.411385,15.666848, 262.065338, 1.002116
5, 569,0,164.166000, 164.139511, 128.651886, 63.901859,19.324690, 216.572220, 1.000161
5, 569,1,176.372391, 176.953186, 128.651886, 63.901859,19.324690, 216.572220, 0.996718
5, 569,2,147.652161, 148.189728, 128.651886, 63.901859,19.324690, 216.572220, 0.996372
5, 569,3,105.798012, 106.393532, 128.651886, 63.901859,19.324690, 216.572220, 0.994403
5, 569,4,194.166122, 195.325485, 128.651886, 63.901859,19.324690, 216.572220, 0.994064
5, 569,5,171.973984, 171.976700, 128.651886, 63.901859,19.324690, 216.572220, 0.999984
5, 569,6,33.279301, 32.372265, 128.651886, 63.901859,19.324690, 216.572220, 1.028019
5, 569,7,29.869967, 30.826113, 128.651886, 63.901859,19.324690, 216.572220, 0.968983
5, 569,8,35.118767, 34.463013, 128.651886, 63.901859,19.324690, 216.572220, 1.019028
5, 569,9,19.324690, 18.062529, 128.651886, 63.901859,19.324690, 216.572220, 1.069877
5, 569,10,212.286484, 211.832382, 128.651886, 63.901859,19.324690, 216.572220, 1.002144
5, 569,11,145.494431, 145.798523, 128.651886, 63.901859,19.324690, 216.572220, 0.997914
5, 569,12,155.807098, 156.064484, 128.651886, 63.901859,19.324690, 216.572220, 0.998351
5, 569,13,203.186325, 204.326965, 128.651886, 63.901859,19.324690, 216.572220, 0.994418
5, 569,14,146.549408, 147.563751, 128.651886, 63.901859,19.324690, 216.572220, 0.993126
5, 569,15,206.223526, 206.311295, 128.651886, 63.901859,19.324690, 216.572220, 0.999575
5, 569,16,216.572220, 214.749420, 128.651886, 63.901859,19.324690, 216.572220, 1.008488
5, 569,17,188.369522, 187.769989, 128.651886, 63.901859,19.324690, 216.572220, 1.003193
5, 569,18,154.141205, 155.031616, 128.651886, 63.901859,19.324690, 216.572220, 0.994257
5, 569,19,25.967440, 27.264328, 128.651886, 63.901859,19.324690, 216.572220, 0.952433
5, 569,20,21.129829, 20.366108, 128.651886, 63.901859,19.324690, 216.572220, 1.037500
5, 569,21,211.257263, 211.231445, 128.651886, 63.901859,19.324690, 216.572220, 1.000122
5, 569,22,179.631943, 180.884293, 128.651886, 63.901859,19.324690, 216.572220, 0.993077
5, 569,23,103.459259, 102.130661, 128.651886, 63.901859,19.324690, 216.572220, 1.013009
5, 569,24,66.119026, 66.450218, 128.651886, 63.901859,19.324690, 216.572220, 0.995016
5, 569,25,156.281174, 153.911118, 128.651886, 63.901859,19.324690, 216.572220, 1.015399
5, 569,26,98.396965, 97.629921, 128.651886, 63.901859,19.324690, 216.572220, 1.007857
5, 569,27,129.026703, 129.210251, 128.651886, 63.901859,19.324690, 216.572220, 0.998579
5, 569,28,130.343567, 131.269699, 128.651886, 63.901859,19.324690, 216.572220, 0.992945
5, 569,29,58.921467, 61.742901, 128.651886, 63.901859,19.324690, 216.572220, 0.954304
5, 569,30,86.734306, 86.875710, 128.651886, 63.901859,19.324690, 216.572220, 0.998372
5, 569,31,143.239670, 143.883041, 128.651886, 63.901859,19.324690, 216.572220, 0.995529
5, 570,0,129.994629, 130.282440, 128.712173, 65.837616,19.872620, 232.482025, 0.997791
5, 570,1,155.563553, 156.017517, 128.712173, 65.837616,19.872620, 232.482025, 0.997090
5, 570,2,228.465958, 228.462769, 128.712173, 65.837616,19.872620, 232.482025, 1.000014
5, 570,3,35.803219, 37.040009, 128.712173, 65.837616,19.872620, 232.482025, 0.966609
5, 570,4,202.897369, 202.268005, 128.712173, 65.837616,19.872620, 232.482025, 1.003111
5, 570,5,104.637207, 105.540863, 128.712173, 65.837616,19.872620, 232.482025, 0.991438
5, 570,6,102.305023, 104.080246, 128.712173, 65.837616,19.872620, 232.482025, 0.982944
5, 570,7,89.923698, 89.763199, 128.712173, 65.837616,19.872620, 232.482025, 1.001788
5, 570,8,77.797089, 75.757553, 128.712173, 65.837616,19.872620, 232.482025, 1.026922
5, 570,9,19.872620, 20.446770, 128.712173, 65.837616,19.872620, 232.482025, 0.971920
5, 570,10,191.101898, 189.730408, 128.712173, 65.837616,19.872620, 232.482025, 1.007229
5, 570,11,174.004013, 173.270630, 128.712173, 65.837616,19.872620, 232.482025, 1.004233
5, 570,12,37.907265, 38.115082, 128.712173, 65.837616,19.872620, 232.482025, 0.994548
5, 570,13,166.333435, 165.240921, 128.712173, 65.837616,19.872620, 232.482025, 1.006612
5, 570,14,77.527298, 77.796494, 128.712173, 65.837616,19.872620, 232.482025, 0.996540
5, 570,15,232.482025, 231.198669, 128.712173, 65.837616,19.872620, 232.482025, 1.005551
5, 570,16,84.617950, 87.227509, 128.712173, 65.837616,19.872620, 232.482025, 0.970083
5, 570,17,209.993378, 209.489548, 128.712173, 65.837616,19.872620, 232.482025, 1.002405
5, 570,18,190.920258, 190.761002, 128.712173, 65.837616,19.872620, 232.482025, 1.000835
5, 570,19,95.194054, 95.220131, 128.712173, 65.837616,19.872620, 232.482025, 0.999726
5, 570,20,223.265076, 224.763046, 128.712173, 65.837616,19.872620, 232.482025, 0.993335
5, 570,21,79.226669, 79.005028, 128.712173, 65.837616,19.872620, 232.482025, 1.002805
5, 570,22,108.282158, 108.313812, 128.712173, 65.837616,19.872620, 232.482025, 0.999708
5, 570,23,161.901230, 160.866470, 128.712173, 65.837616,19.872620, 232.482025, 1.006432
5, 570,24,37.054890, 38.174397, 128.712173, 65.837616,19.872620, 232.482025, 0.970674
5, 570,25,26.199335, 25.540405, 128.712173, 65.837616,19.872620, 232.482025, 1.025800
5, 570,26,211.521042, 210.861206, 128.712173, 65.837616,19.872620, 232.482025, 1.003129
5, 570,27,131.263260, 131.646667, 128.712173, 65.837616,19.872620, 232.482025, 0.997088
5, 570,28,190.022018, 190.679443, 128.712173, 65.837616,19.872620, 232.482025, 0.996552
5, 570,29,75.309113, 74.319183, 128.712173, 65.837616,19.872620, 232.482025, 1.013320
5, 570,30,86.456596, 87.338715, 128.712173, 65.837616,19.872620, 232.482025, 0.989900
5, 570,31,180.946396, 181.782257, 128.712173, 65.837616,19.872620, 232.482025, 0.995402
5, 571,0,52.206184, 51.955681, 129.035400, 53.801205,19.180849, 212.983292, 1.004822
5, 571,1,93.547653, 92.721741, 129.035400, 53.801205,19.180849, 212.983292, 1.008907
5, 571,2,138.856918, 138.259567, 129.035400, 53.801205,19.180849, 212.983292, 1.004321
5, 571,3,19.583776, 19.045094, 129.035400, 53.801205,19.180849, 212.983292, 1.028285
5, 571,4,177.714249, 177.197998, 129.035400, 53.801205,19.180849, 212.983292, 1.002913
5, 571,5,198.274399, 198.631073, 129.035400, 53.801205,19.180849, 212.983292, 0.998204
5, 571,6,153.999634, 152.235931, 129.035400, 53.801205,19.180849, 212.983292, 1.011585
5, 571,7,185.683914, 185.266144, 129.035400, 53.801205,19.180849, 212.983292, 1.002255
5, 571,8,19.180849, 17.456718, 129.035400, 53.801205,19.180849, 212.983292, 1.098766
5, 571,9,38.815258, 37.474220, 129.035400, 53.801205,19.180849, 212.983292, 1.035786
5, 571,10,122.429611, 120.893784, 129.035400, 53.801205,19.180849, 212.983292, 1.012704
5, 571,11,203.459564, 202.778137, 129.035400, 53.801205,19.180849, 212.983292, 1.003361
5, 571,12,47.064793, 48.599491, 129.035400, 53.801205,19.180849, 212.983292, 0.968422
5, 571,13,129.819443, 130.696503, 129.035400, 53.801205,19.180849, 212.983292, 0.993289
5, 571,14,146.580673, 146.055222, 129.035400, 53.801205,19.180849, 212.983292, 1.003598
5, 571,15,102.962265, 103.069427, 129.035400, 53.801205,19.180849, 212.983292, 0.998960
5, 571,16,146.921875, 145.217834, 129.035400, 53.801205,19.180849, 212.983292, 1.011734
5, 571,17,184.031921, 185.086700, 129.035400, 53.801205,19.180849, 212.983292, 0.994301
5, 571,18,175.398941, 175.509933, 129.035400, 53.801205,19.180849, 212.983292, 0.999368
5, 571,19,116.416473, 116.042267, 129.035400, 53.801205,19.180849, 212.983292, 1.003225
5, 571,20,160.875015, 160.011658, 129.035400, 53.801205,19.180849, 212.983292, 1.005396
5, 571,21,212.983292, 213.085953, 129.035400, 53.801205,19.180849, 212.983292, 0.999518
5, 571,22,44.584057, 44.924297, 129.035400, 53.801205,19.180849, 212.983292, 0.992426
5, 571,23,136.911972, 135.926849, 129.035400, 53.801205,19.180849, 212.983292, 1.007247
5, 571,24,136.897369, 137.747818, 129.035400, 53.801205,19.180849, 212.983292, 0.993826
5, 571,25,137.055511, 135.800568, 129.035400, 53.801205,19.180849, 212.983292, 1.009241
5, 571,26,150.550842, 151.385254, 129.035400, 53.801205,19.180849, 212.983292, 0.994488
5, 571,27,123.189552, 123.366074, 129.035400, 53.801205,19.180849, 212.983292, 0.998569
5, 571,28,116.029022, 116.215057, 129.035400, 53.801205,19.180849, 212.983292, 0.998399
5, 571,29,188.937012, 189.599274, 129.035400, 53.801205,19.180849, 212.983292, 0.996507
5, 571,30,152.247803, 152.129593, 129.035400, 53.801205,19.180849, 212.983292, 1.000777
5, 571,31,115.922905, 116.613808, 129.035400, 53.801205,19.180849, 212.983292, 0.994075
5, 572,0,9.881376, 11.049675, 128.740250, 65.768433,9.881376, 236.092056, 0.894269
5, 572,1,224.385910, 223.622971, 128.740250, 65.768433,9.881376, 236.092056, 1.003412
5, 572,2,171.112717, 169.564728, 128.740250, 65.768433,9.881376, 236.092056, 1.009129
5, 572,3,167.274445, 167.990204, 128.740250, 65.768433,9.881376, 236.092056, 0.995739
5, 572,4,201.462646, 201.735825, 128.740250, 65.768433,9.881376, 236.092056, 0.998646
5, 572,5,122.163719, 121.811630, 128.740250, 65.768433,9.881376, 236.092056, 1.002890
5, 572,6,87.610298, 88.704323, 128.740250, 65.768433,9.881376, 236.092056, 0.987667
5, 572,7,123.241165, 122.797470, 128.740250, 65.768433,9.881376, 236.092056, 1.003613
5, 572,8,196.321320, 195.225006, 128.740250, 65.768433,9.881376, 236.092056, 1.005616
5, 572,9,98.244659, 97.818047, 128.740250, 65.768433,9.881376, 236.092056, 1.004361
5, 572,10,74.196449, 73.895401, 128.740250, 65.768433,9.881376, 236.092056, 1.004074
5, 572,11,149.458572, 150.294693, 128.740250, 65.768433,9.881376, 236.092056, 0.994437
5, 572,12,65.148895, 65.916451, 128.740250, 65.768433,9.881376, 236.092056, 0.988356
5, 572,13,221.917908, 221.743469, 128.740250, 65.768433,9.881376, 236.092056, 1.000787
5, 572,14,80.535484, 80.576431, 128.740250, 65.768433,9.881376, 236.092056, 0.999492
5, 572,15,236.092056, 235.410538, 128.740250, 65.768433,9.881376, 236.092056, 1.002895
5, 572,16,190.518738, 189.139740, 128.740250, 65.768433,9.881376, 236.092056, 1.007291
5, 572,17,120.540634, 120.343491, 128.740250, 65.768433,9.881376, 236.092056, 1.001638
5, 572,18,15.905854, 16.212938, 128.740250, 65.768433,9.881376, 236.092056, 0.981059
5, 572,19,225.472900, 225.545013, 128.740250, 65.768433,9.881376, 236.092056, 0.999680
5, 572,20,103.873840, 105.449471, 128.740250, 65.768433,9.881376, 236.092056, 0.985058
5, 572,21,89.246620, 88.995102, 128.740250, 65.768433,9.881376, 236.092056, 1.002826
5, 572,22,34.960785, 35.610641, 128.740250, 65.768433,9.881376, 236.092056, 0.981751
5, 572,23,136.903595, 135.719803, 128.740250, 65.768433,9.881376, 236.092056, 1.008722
5, 572,24,74.360329, 74.434418, 128.740250, 65.768433,9.881376, 236.092056, 0.999005
5, 572,25,177.154510, 177.898300, 128.740250, 65.768433,9.881376, 236.092056, 0.995819
5, 572,26,172.103195, 173.947815, 128.740250, 65.768433,9.881376, 236.092056, 0.989396
5, 572,27,115.755432, 116.534874, 128.740250, 65.768433,9.881376, 236.092056, 0.993312
5, 572,28,154.560287, 154.202606, 128.740250, 65.768433,9.881376, 236.092056, 1.002320
5, 572,29,194.052902, 193.792343, 128.740250, 65.768433,9.881376, 236.092056, 1.001345
5, 572,30,21.690872, 22.028704, 128.740250, 65.768433,9.881376, 236.092056, 0.984664
5, 572,31,63.540031, 62.987293, 128.740250, 65.768433,9.881376, 236.092056, 1.008775
5, 573,0,138.314407, 138.191040, 128.702148, 70.943420,19.270153, 242.151611, 1.000893
5, 573,1,208.737747, 208.224960, 128.702148, 70.943420,19.270153, 242.151611, 1.002463
5, 573,2,214.545288, 214.108307, 128.702148, 70.943420,19.270153, 242.151611, 1.002041
5, 573,3,133.350739, 132.834671, 128.702148, 70.943420,19.270153, 242.151611, 1.003885
5, 573,4,232.371109, 232.135925, 128.702148, 70.943420,19.270153, 242.151611, 1.001013
5, 573,5,213.619629, 214.139786, 128.702148, 70.943420,19.270153, 242.151611, 0.997571
5, 573,6,19.270153, 18.227257, 128.702148, 70.943420,19.270153, 242.151611, 1.057216
5, 573,7,230.778000, 230.507767, 128.702148, 70.943420,19.270153, 242.151611, 1.001172
5, 573,8,100.191574, 100.751518, 128.702148, 70.943420,19.270153, 242.151611, 0.994442
5, 573,9,182.056152, 182.284714, 128.702148, 70.943420,19.270153, 242.151611, 0.998746
5, 573,10,184.103668, 184.203888, 128.702148, 70.943420,19.270153, 242.151611, 0.999456
5, 573,11,51.420643, 51.395840, 128.702148, 70.943420,19.270153, 242.151611, 1.000483
5, 573,12,153.582977, 153.324158, 128.702148, 70.943420,19.270153, 242.151611, 1.001688
5, 573,13,62.914825, 63.838978, 128.702148, 70.943420,19.270153, 242.151611, 0.985524
5, 573,14,27.413921, 27.539944, 128.702148, 70.943420,19.270153, 242.151611, 0.995424
5, 573,15,146.269211, 146.992462, 128.702148, 70.943420,19.270153, 242.151611, 0.995080
5, 573,16,19.408129, 19.627304, 128.702148, 70.943420,19.270153, 242.151611, 0.988833
5, 573,17,80.614235, 80.663162, 128.702148, 70.943420,19.270153, 242.151611, 0.999393
5, 573,18,131.371567, 131.702042, 128.702148, 70.943420,19.270153, 242.151611, 0.997491
5, 573,19,45.341232, 45.669792, 128.702148, 70.943420,19.270153, 242.151611, 0.992806
5, 573,20,242.151611, 242.298065, 128.702148, 70.943420,19.270153, 242.151611, 0.999396
5, 573,21,61.550175, 61.731037, 128.702148, 70.943420,19.270153, 242.151611, 0.997070
5, 573,22,119.916283, 118.370117, 128.702148, 70.943420,19.270153, 242.151611, 1.013062
5, 573,23,75.846916, 77.100121, 128.702148, 70.943420,19.270153, 242.151611, 0.983746
5, 573,24,58.692867, 57.475830, 128.702148, 70.943420,19.270153, 242.151611, 1.021175
5, 573,25,204.873642, 205.692291, 128.702148, 70.943420,19.270153, 242.151611, 0.996020
5, 573,26,128.473816, 129.185104, 128.702148, 70.943420,19.270153, 242.151611, 0.994494
5, 573,27,51.924397, 52.025074, 128.702148, 70.943420,19.270153, 242.151611, 0.998065
5, 573,28,227.676834, 227.872849, 128.702148, 70.943420,19.270153, 242.151611, 0.999140
5, 573,29,88.335609, 88.080276, 128.702148, 70.943420,19.270153, 242.151611, 1.002899
5, 573,30,98.438904, 99.178421, 128.702148, 70.943420,19.270153, 242.151611, 0.992544
5, 573,31,184.912766, 185.627533, 128.702148, 70.943420,19.270153, 242.151611, 0.996149
5, 574,0,153.529266, 153.767731, 128.723175, 65.091278,9.587200, 218.613998, 0.998449
5, 574,1,67.621773, 68.230453, 128.723175, 65.091278,9.587200, 218.613998, 0.991079
5, 574,2,46.062859, 45.957256, 128.723175, 65.091278,9.587200, 218.613998, 1.002298
5, 574,3,213.558304, 213.898575, 128.723175, 65.091278,9.587200, 218.613998, 0.998409
5, 574,4,162.438828, 162.506714, 128.723175, 65.091278,9.587200, 218.613998, 0.999582
5, 574,5,151.692581, 151.547226, 128.723175, 65.091278,9.587200, 218.613998, 1.000959
5, 574,6,117.214600, 116.529930, 128.723175, 65.091278,9.587200, 218.613998, 1.005875
5, 574,7,218.613998, 218.073929, 128.723175, 65.091278,9.587200, 218.613998, 1.002477
5, 574,8,210.882919, 210.663147, 128.723175, 65.091278,9.587200, 218.613998, 1.001043
5, 574,9,154.334747, 154.986969, 128.723175, 65.091278,9.587200, 218.613998, 0.995792
5, 574,10,9.587200, 11.614296, 128.723175, 65.091278,9.587200, 218.613998, 0.825465
5, 574,11,214.611465, 215.458359, 128.723175, 65.091278,9.587200, 218.613998, 0.996069
5, 574,12,72.310242, 72.542053, 128.723175, 65.091278,9.587200, 218.613998, 0.996804
5, 574,13,60.370205, 60.921852, 128.723175, 65.091278,9.587200, 218.613998, 0.990945
5, 574,14,195.057220, 194.431656, 128.723175, 65.091278,9.587200, 218.613998, 1.003217
5, 574,15,151.855469, 152.139816, 128.723175, 65.091278,9.587200, 218.613998, 0.998131
5, 574,16,34.766323, 31.551197, 128.723175, 65.091278,9.587200, 218.613998, 1.101902
5, 574,17,104.042877, 104.644081, 128.723175, 65.091278,9.587200, 218.613998, 0.994255
5, 574,18,162.819183, 161.920959, 128.723175, 65.091278,9.587200, 218.613998, 1.005547
5, 574,19,147.782104, 147.732849, 128.723175, 65.091278,9.587200, 218.613998, 1.000333
5, 574,20,215.300629, 215.063293, 128.723175, 65.091278,9.587200, 218.613998, 1.001104
5, 574,21,119.381248, 119.540558, 128.723175, 65.091278,9.587200, 218.613998, 0.998667
5, 574,22,100.349480, 102.321404, 128.723175, 65.091278,9.587200, 218.613998, 0.980728
5, 574,23,15.467510, 14.216242, 128.723175, 65.091278,9.587200, 218.613998, 1.088017
5, 574,24,168.458817, 168.480316, 128.723175, 65.091278,9.587200, 218.613998, 0.999872
5, 574,25,173.711075, 173.030304, 128.723175, 65.091278,9.587200, 218.613998, 1.003934
5, 574,26,19.710264, 19.699400, 128.723175, 65.091278,9.587200, 218.613998, 1.000551
5, 574,27,124.792625, 124.873871, 128.723175, 65.091278,9.587200, 218.613998, 0.999349
5, 574,28,181.409470, 182.280151, 128.723175, 65.091278,9.587200, 218.613998, 0.995223
5, 574,29,184.409790, 184.596024, 128.723175, 65.091278,9.587200, 218.613998, 0.998991
5, 574,30,126.361145, 126.501785, 128.723175, 65.091278,9.587200, 218.613998, 0.998888
5, 574,31,40.637211, 41.277843, 128.723175, 65.091278,9.587200, 218.613998, 0.984480
5, 575,0,210.569717, 210.749222, 129.055862, 71.236946,9.778014, 236.769119, 0.999148
5, 575,1,132.891235, 133.559158, 129.055862, 71.236946,9.778014, 236.769119, 0.994999
5, 575,2,181.470032, 182.121765, 129.055862, 71.236946,9.778014, 236.769119, 0.996421
5, 575,3,133.132599, 132.711487, 129.055862, 71.236946,9.778014, 236.769119, 1.003173
5, 575,4,9.778014, 10.089229, 129.055862, 71.236946,9.778014, 236.769119, 0.969154
5, 575,5,39.605003, 40.203846, 129.055862, 71.236946,9.778014, 236.769119, 0.985105
5, 575,6,150.733826, 150.207703, 129.055862, 71.236946,9.778014, 236.769119, 1.003503
5, 575,7,75.537056, 74.214775, 129.055862, 71.236946,9.778014, 236.769119, 1.017817
5, 575,8,22.265686, 20.610756, 129.055862, 71.236946,9.778014, 236.769119, 1.080294
5, 575,9,193.899857, 193.743774, 129.055862, 71.236946,9.778014, 236.769119, 1.000806
5, 575,10,64.233444, 63.693241, 129.055862, 71.236946,9.778014, 236.769119, 1.008481
5, 575,11,78.500755, 78.021858, 129.055862, 71.236946,9.778014, 236.769119, 1.006138
5, 575,12,126.284859, 125.892937, 129.055862, 71.236946,9.778014, 236.769119, 1.003113
5, 575,13,18.386896, 17.450579, 129.055862, 71.236946,9.778014, 236.769119, 1.053655
5, 575,14,166.894485, 166.714966, 129.055862, 71.236946,9.778014, 236.769119, 1.001077
5, 575,15,95.810432, 93.279930, 129.055862, 71.236946,9.778014, 236.769119, 1.027128
5, 575,16,17.725893, 17.487759, 129.055862, 71.236946,9.778014, 236.769119, 1.013617
5, 575,17,236.082321, 236.008331, 129.055862, 71.236946,9.778014, 236.769119, 1.000314
5, 575,18,228.200897, 227.472137, 129.055862, 71.236946,9.778014, 236.769119, 1.003204
5, 575,19,227.957504, 227.368042, 129.055862, 71.236946,9.778014, 236.769119, 1.002593
5, 575,20,40.690975, 41.029205, 129.055862, 71.236946,9.778014, 236.769119, 0.991756
5, 575,21,123.417297, 123.833237, 129.055862, 71.236946,9.778014, 236.769119, 0.996641
5, 575,22,148.328888, 148.512360, 129.055862, 71.236946,9.778014, 236.769119, 0.998765
5, 575,23,164.264633, 163.569672, 129.055862, 71.236946,9.778014, 236.769119, 1.004249
5, 575,24,172.261124, 171.704330, 129.055862, 71.236946,9.778014, 236.769119, 1.003243
5, 575,25,123.335228, 121.922264, 129.055862, 71.236946,9.778014, 236.769119, 1.011589
5, 575,26,64.928223, 65.581909, 129.055862, 71.236946,9.778014, 236.769119, 0.990032
5, 575,27,113.590004, 113.460434, 129.055862, 71.236946,9.778014, 236.769119, 1.001142
5, 575,28,233.311661, 233.182755, 129.055862, 71.236946,9.778014, 236.769119, 1.000553
5, 575,29,236.769119, 236.863434, 129.055862, 71.236946,9.778014, 236.769119, 0.999602
5, 575,30,186.233734, 186.032928, 129.055862, 71.236946,9.778014, 236.769119, 1.001079
5, 575,31,112.696106, 113.705811, 129.055862, 71.236946,9.778014, 236.769119, 0.991120
5, 576,0,185.102585, 184.995255, 128.672287, 59.274857,9.980332, 221.752670, 1.000580
5, 576,1,95.221832, 95.480629, 128.672287, 59.274857,9.980332, 221.752670, 0.997290
5, 576,2,221.752670, 222.126282, 128.672287, 59.274857,9.980332, 221.752670, 0.998318
5, 576,3,178.407776, 178.382339, 128.672287, 59.274857,9.980332, 221.752670, 1.000143
5, 576,4,102.085953, 101.658302, 128.672287, 59.274857,9.980332, 221.752670, 1.004207
5, 576,5,150.442017, 150.287216, 128.672287, 59.274857,9.980332, 221.752670, 1.001030
5, 576,6,91.358055, 91.576538, 128.672287, 59.274857,9.980332, 221.752670, 0.997614
5, 576,7,207.978165, 207.705215, 128.672287, 59.274857,9.980332, 221.752670, 1.001314
5, 576,8,179.723297, 179.765976, 128.672287, 59.274857,9.980332, 221.752670, 0.999763
5, 576,9,52.019058, 51.749676, 128.672287, 59.274857,9.980332, 221.752670, 1.005206
5, 576,10,206.191132, 206.464478, 128.672287, 59.274857,9.980332, 221.752670, 0.998676
5, 576,11,150.858704, 151.255127, 128.672287, 59.274857,9.980332, 221.752670, 0.997379
5, 576,12,34.573311, 33.723328, 128.672287, 59.274857,9.980332, 221.752670, 1.025205
5, 576,13,213.106995, 214.188202, 128.672287, 59.274857,9.980332, 221.752670, 0.994952
5, 576,14,167.623184, 167.430115, 128.672287, 59.274857,9.980332, 221.752670, 1.001153
5, 576,15,59.923855, 59.713749, 128.672287, 59.274857,9.980332, 221.752670, 1.003519
5, 576,16,79.632614, 79.896767, 128.672287, 59.274857,9.980332, 221.752670, 0.996694
5, 576,17,131.010529, 131.156555, 128.672287, 59.274857,9.980332, 221.752670, 0.998887
5, 576,18,9.980332, 10.974398, 128.672287, 59.274857,9.980332, 221.752670, 0.909420
5, 576,19,120.197479, 121.386597, 128.672287, 59.274857,9.980332, 221.752670, 0.990204
5, 576,20,30.715097, 30.787142, 128.672287, 59.274857,9.980332, 221.752670, 0.997660
5, 576,21,151.948822, 152.248993, 128.672287, 59.274857,9.980332, 221.752670, 0.998028
5, 576,22,120.834061, 120.691528, 128.672287, 59.274857,9.980332, 221.752670, 1.001181
5, 576,23,103.925438, 103.555130, 128.672287, 59.274857,9.980332, 221.752670, 1.003576
5, 576,24,63.105148, 65.365250, 128.672287, 59.274857,9.980332, 221.752670, 0.965424
5, 576,25,127.129517, 127.239479, 128.672287, 59.274857,9.980332, 221.752670, 0.999136
5, 576,26,106.161736, 106.244469, 128.672287, 59.274857,9.980332, 221.752670, 0.999221
5, 576,27,188.173233, 187.853485, 128.672287, 59.274857,9.980332, 221.752670, 1.001702
5, 576,28,159.296570, 158.959351, 128.672287, 59.274857,9.980332, 221.752670, 1.002121
5, 576,29,165.812607, 166.059464, 128.672287, 59.274857,9.980332, 221.752670, 0.998513
5, 576,30,63.271626, 62.487530, 128.672287, 59.274857,9.980332, 221.752670, 1.012548
5, 576,31,199.949524, 199.591721, 128.672287, 59.274857,9.980332, 221.752670, 1.001793
5, 577,0,205.559891, 204.852570, 128.626617, 62.930374,23.387127, 237.580551, 1.003453
5, 577,1,153.976456, 155.319489, 128.626617, 62.930374,23.387127, 237.580551, 0.991353
5, 577,2,70.443748, 70.138618, 128.626617, 62.930374,23.387127, 237.580551, 1.004350
5, 577,3,91.830544, 92.409538, 128.626617, 62.930374,23.387127, 237.580551, 0.993734
5, 577,4,127.343048, 126.775490, 128.626617, 62.930374,23.387127, 237.580551, 1.004477
5, 577,5,225.244034, 225.526566, 128.626617, 62.930374,23.387127, 237.580551, 0.998747
5, 577,6,36.002716, 36.710770, 128.626617, 62.930374,23.387127, 237.580551, 0.980713
5, 577,7,137.034546, 136.378479, 128.626617, 62.930374,23.387127, 237.580551, 1.004811
5, 577,8,146.202423, 145.924179, 128.626617, 62.930374,23.387127, 237.580551, 1.001907
5, 577,9,237.580551, 237.850754, 128.626617, 62.930374,23.387127, 237.580551, 0.998864
5, 577,10,98.623863, 98.918945, 128.626617, 62.930374,23.387127, 237.580551, 0.997017
5, 577,11,135.103104, 134.831665, 128.626617, 62.930374,23.387127, 237.580551, 1.002013
5, 577,12,23.943840, 24.751793, 128.626617, 62.930374,23.387127, 237.580551, 0.967358
5, 577,13,160.284149, 159.809464, 128.626617, 62.930374,23.387127, 237.580551, 1.002970
5, 577,14,125.811768, 125.622551, 128.626617, 62.930374,23.387127, 237.580551, 1.001506
5, 577,15,111.130913, 111.013977, 128.626617, 62.930374,23.387127, 237.580551, 1.001053
5, 577,16,217.601608, 217.499023, 128.626617, 62.930374,23.387127, 237.580551, 1.000472
5, 577,17,224.256943, 224.609940, 128.626617, 62.930374,23.387127, 237.580551, 0.998428
5, 577,18,143.937988, 143.704254, 128.626617, 62.930374,23.387127, 237.580551, 1.001626
5, 577,19,33.565735, 33.839184, 128.626617, 62.930374,23.387127, 237.580551, 0.991919
5, 577,20,82.180115, 81.911407, 128.626617, 62.930374,23.387127, 237.580551, 1.003281
5, 577,21,224.521378, 224.373642, 128.626617, 62.930374,23.387127, 237.580551, 1.000658
5, 577,22,23.387127, 23.964077, 128.626617, 62.930374,23.387127, 237.580551, 0.975924
5, 577,23,86.004173, 85.749741, 128.626617, 62.930374,23.387127, 237.580551, 1.002967
5, 577,24,37.693848, 38.329170, 128.626617, 62.930374,23.387127, 237.580551, 0.983425
5, 577,25,101.208015, 101.690269, 128.626617, 62.930374,23.387127, 237.580551, 0.995258
5, 577,26,199.344681, 199.510422, 128.626617, 62.930374,23.387127, 237.580551, 0.999169
5, 577,27,179.180389, 179.258926, 128.626617, 62.930374,23.387127, 237.580551, 0.999562
5, 577,28,114.765648, 115.983757, 128.626617, 62.930374,23.387127, 237.580551, 0.989498
5, 577,29,115.656219, 116.363297, 128.626617, 62.930374,23.387127, 237.580551, 0.993924
5, 577,30,139.310501, 138.963608, 128.626617, 62.930374,23.387127, 237.580551, 1.002496
5, 577,31,107.321579, 108.414513, 128.626617, 62.930374,23.387127, 237.580551, 0.989919
5, 578,0,130.245438, 131.066071, 128.747940, 75.290619,21.639647, 282.421021, 0.993739
5, 578,1,176.472290, 177.131744, 128.747940, 75.290619,21.639647, 282.421021, 0.996277
5, 578,2,108.453995, 109.410507, 128.747940, 75.290619,21.639647, 282.421021, 0.991258
5, 578,3,223.254883, 224.338898, 128.747940, 75.290619,21.639647, 282.421021, 0.995168
5, 578,4,182.071182, 181.160095, 128.747940, 75.290619,21.639647, 282.421021, 1.005029
5, 578,5,244.624756, 243.761093, 128.747940, 75.290619,21.639647, 282.421021, 1.003543
5, 578,6,45.454952, 47.024582, 128.747940, 75.290619,21.639647, 282.421021, 0.966621
5, 578,7,73.920738, 73.626694, 128.747940, 75.290619,21.639647, 282.421021, 1.003994
5, 578,8,67.814812, 67.770264, 128.747940, 75.290619,21.639647, 282.421021, 1.000657
5, 578,9,242.439529, 241.842026, 128.747940, 75.290619,21.639647, 282.421021, 1.002471
5, 578,10,147.746552, 147.824738, 128.747940, 75.290619,21.639647, 282.421021, 0.999471
5, 578,11,112.646210, 111.346107, 128.747940, 75.290619,21.639647, 282.421021, 1.011676
5, 578,12,40.033398, 40.175529, 128.747940, 75.290619,21.639647, 282.421021, 0.996462
5, 578,13,273.787628, 273.886993, 128.747940, 75.290619,21.639647, 282.421021, 0.999637
5, 578,14,127.986267, 128.187500, 128.747940, 75.290619,21.639647, 282.421021, 0.998430
5, 578,15,166.420807, 167.817688, 128.747940, 75.290619,21.639647, 282.421021, 0.991676
5, 578,16,282.421021, 280.901489, 128.747940, 75.290619,21.639647, 282.421021, 1.005409
5, 578,17,96.334641, 94.215202, 128.747940, 75.290619,21.639647, 282.421021, 1.022496
5, 578,18,224.511719, 226.125610, 128.747940, 75.290619,21.639647, 282.421021, 0.992863
5, 578,19,79.906189, 77.613701, 128.747940, 75.290619,21.639647, 282.421021, 1.029537
5, 578,20,45.410358, 47.082481, 128.747940, 75.290619,21.639647, 282.421021, 0.964485
5, 578,21,91.279007, 92.395401, 128.747940, 75.290619,21.639647, 282.421021, 0.987917
5, 578,22,49.201385, 46.437283, 128.747940, 75.290619,21.639647, 282.421021, 1.059523
5, 578,23,196.054840, 196.380219, 128.747940, 75.290619,21.639647, 282.421021, 0.998343
5, 578,24,83.206474, 84.016075, 128.747940, 75.290619,21.639647, 282.421021, 0.990364
5, 578,25,50.809860, 49.696369, 128.747940, 75.290619,21.639647, 282.421021, 1.022406
5, 578,26,21.639647, 21.605337, 128.747940, 75.290619,21.639647, 282.421021, 1.001588
5, 578,27,32.346809, 33.591179, 128.747940, 75.290619,21.639647, 282.421021, 0.962955
5, 578,28,120.672791, 120.097664, 128.747940, 75.290619,21.639647, 282.421021, 1.004789
5, 578,29,183.450333, 182.839264, 128.747940, 75.290619,21.639647, 282.421021, 1.003342
5, 578,30,75.032700, 75.893166, 128.747940, 75.290619,21.639647, 282.421021, 0.988662
5, 578,31,124.281960, 125.739029, 128.747940, 75.290619,21.639647, 282.421021, 0.988412
5, 579,0,138.650330, 140.050003, 128.671143, 55.577080,27.549328, 197.811844, 0.990006
5, 579,1,131.113876, 131.566177, 128.671143, 55.577080,27.549328, 197.811844, 0.996562
5, 579,2,175.641266, 176.707413, 128.671143, 55.577080,27.549328, 197.811844, 0.993967
5, 579,3,153.366348, 154.060364, 128.671143, 55.577080,27.549328, 197.811844, 0.995495
5, 579,4,41.051926, 42.406677, 128.671143, 55.577080,27.549328, 197.811844, 0.968053
5, 579,5,151.703033, 151.085449, 128.671143, 55.577080,27.549328, 197.811844, 1.004088
5, 579,6,197.811844, 198.249146, 128.671143, 55.577080,27.549328, 197.811844, 0.997794
5, 579,7,141.656097, 143.001419, 128.671143, 55.577080,27.549328, 197.811844, 0.990592
5, 579,8,190.247223, 189.153870, 128.671143, 55.577080,27.549328, 197.811844, 1.005780
5, 579,9,87.867424, 88.412163, 128.671143, 55.577080,27.549328, 197.811844, 0.993839
5, 579,10,181.888107, 181.069855, 128.671143, 55.577080,27.549328, 197.811844, 1.004519
5, 579,11,147.208771, 146.787674, 128.671143, 55.577080,27.549328, 197.811844, 1.002869
5, 579,12,192.493835, 191.987701, 128.671143, 55.577080,27.549328, 197.811844, 1.002636
5, 579,13,38.654392, 39.190697, 128.671143, 55.577080,27.549328, 197.811844, 0.986315
5, 579,14,60.081829, 59.938732, 128.671143, 55.577080,27.549328, 197.811844, 1.002387
5, 579,15,177.052109, 177.565781, 128.671143, 55.577080,27.549328, 197.811844, 0.997107
5, 579,16,83.056862, 83.432396, 128.671143, 55.577080,27.549328, 197.811844, 0.995499
5, 579,17,179.177490, 180.623016, 128.671143, 55.577080,27.549328, 197.811844, 0.991997
5, 579,18,117.850563, 116.497551, 128.671143, 55.577080,27.549328, 197.811844, 1.011614
5, 579,19,129.006897, 129.514313, 128.671143, 55.577080,27.549328, 197.811844, 0.996082
5, 579,20,178.302536, 179.153198, 128.671143, 55.577080,27.549328, 197.811844, 0.995252
5, 579,21,53.371441, 52.689560, 128.671143, 55.577080,27.549328, 197.811844, 1.012941
5, 579,22,174.603577, 173.479660, 128.671143, 55.577080,27.549328, 197.811844, 1.006479
5, 579,23,103.326271, 101.058525, 128.671143, 55.577080,27.549328, 197.811844, 1.022440
5, 579,24,39.332321, 39.096630, 128.671143, 55.577080,27.549328, 197.811844, 1.006028
5, 579,25,157.537216, 157.640854, 128.671143, 55.577080,27.549328, 197.811844, 0.999343
5, 579,26,118.517090, 118.320129, 128.671143, 55.577080,27.549328, 197.811844, 1.001665
5, 579,27,197.174774, 196.702881, 128.671143, 55.577080,27.549328, 197.811844, 1.002399
5, 579,28,146.848618, 145.682373, 128.671143, 55.577080,27.549328, 197.811844, 1.008005
5, 579,29,29.633116, 31.900375, 128.671143, 55.577080,27.549328, 197.811844, 0.928927
5, 579,30,27.549328, 28.290487, 128.671143, 55.577080,27.549328, 197.811844, 0.973802
5, 579,31,175.700821, 175.684402, 128.671143, 55.577080,27.549328, 197.811844, 1.000093
5, 580,0,234.429001, 233.940735, 128.686310, 78.192749,12.157708, 248.955002, 1.002087
5, 580,1,173.721542, 174.785614, 128.686310, 78.192749,12.157708, 248.955002, 0.993912
5, 580,2,237.813950, 238.679047, 128.686310, 78.192749,12.157708, 248.955002, 0.996376
5, 580,3,225.270294, 225.556427, 128.686310, 78.192749,12.157708, 248.955002, 0.998731
5, 580,4,94.851196, 94.721367, 128.686310, 78.192749,12.157708, 248.955002, 1.001371
5, 580,5,21.848436, 22.310760, 128.686310, 78.192749,12.157708, 248.955002, 0.979278
5, 580,6,86.520294, 86.757751, 128.686310, 78.192749,12.157708, 248.955002, 0.997263
5, 580,7,36.547626, 36.562611, 128.686310, 78.192749,12.157708, 248.955002, 0.999590
5, 580,8,99.846878, 98.655205, 128.686310, 78.192749,12.157708, 248.955002, 1.012079
5, 580,9,244.075409, 243.409988, 128.686310, 78.192749,12.157708, 248.955002, 1.002734
5, 580,10,190.799820, 191.406616, 128.686310, 78.192749,12.157708, 248.955002, 0.996830
5, 580,11,32.229374, 32.355694, 128.686310, 78.192749,12.157708, 248.955002, 0.996096
5, 580,12,46.322918, 47.913898, 128.686310, 78.192749,12.157708, 248.955002, 0.966795
5, 580,13,166.575226, 164.843994, 128.686310, 78.192749,12.157708, 248.955002, 1.010502
5, 580,14,205.590790, 205.466568, 128.686310, 78.192749,12.157708, 248.955002, 1.000605
5, 580,15,12.157708, 11.269455, 128.686310, 78.192749,12.157708, 248.955002, 1.078820
5, 580,16,44.887310, 44.570511, 128.686310, 78.192749,12.157708, 248.955002, 1.007108
5, 580,17,141.868546, 142.746628, 128.686310, 78.192749,12.157708, 248.955002, 0.993849
5, 580,18,96.656265, 96.536980, 128.686310, 78.192749,12.157708, 248.955002, 1.001236
5, 580,19,228.141098, 227.453217, 128.686310, 78.192749,12.157708, 248.955002, 1.003024
5, 580,20,186.948212, 185.502182, 128.686310, 78.192749,12.157708, 248.955002, 1.007795
5, 580,21,89.071228, 89.724731, 128.686310, 78.192749,12.157708, 248.955002, 0.992717
5, 580,22,120.428261, 121.726807, 128.686310, 78.192749,12.157708, 248.955002, 0.989332
5, 580,23,46.411686, 45.773540, 128.686310, 78.192749,12.157708, 248.955002, 1.013941
5, 580,24,152.648148, 153.817444, 128.686310, 78.192749,12.157708, 248.955002, 0.992398
5, 580,25,246.423752, 247.070740, 128.686310, 78.192749,12.157708, 248.955002, 0.997381
5, 580,26,112.292984, 113.217033, 128.686310, 78.192749,12.157708, 248.955002, 0.991838
5, 580,27,114.559509, 115.239304, 128.686310, 78.192749,12.157708, 248.955002, 0.994101
5, 580,28,104.766060, 105.046761, 128.686310, 78.192749,12.157708, 248.955002, 0.997328
5, 580,29,248.955002, 249.417755, 128.686310, 78.192749,12.157708, 248.955002, 0.998145
5, 580,30,17.496595, 17.055809, 128.686310, 78.192749,12.157708, 248.955002, 1.025844
5, 580,31,57.806866, 57.464336, 128.686310, 78.192749,12.157708, 248.955002, 1.005961
5, 581,0,14.135834, 13.724429, 128.572495, 66.387146,14.135834, 240.898682, 1.029976
5, 581,1,141.491241, 141.714508, 128.572495, 66.387146,14.135834, 240.898682, 0.998425
5, 581,2,116.714264, 116.117912, 128.572495, 66.387146,14.135834, 240.898682, 1.005136
5, 581,3,223.121658, 223.892700, 128.572495, 66.387146,14.135834, 240.898682, 0.996556
5, 581,4,84.256310, 85.741867, 128.572495, 66.387146,14.135834, 240.898682, 0.982674
5, 581,5,152.466400, 154.339340, 128.572495, 66.387146,14.135834, 240.898682, 0.987865
5, 581,6,240.898682, 240.964188, 128.572495, 66.387146,14.135834, 240.898682, 0.999728
5, 581,7,62.031006, 63.062496, 128.572495, 66.387146,14.135834, 240.898682, 0.983643
5, 581,8,140.574326, 141.395889, 128.572495, 66.387146,14.135834, 240.898682, 0.994190
5, 581,9,161.560089, 160.818146, 128.572495, 66.387146,14.135834, 240.898682, 1.004614
5, 581,10,238.110657, 238.252289, 128.572495, 66.387146,14.135834, 240.898682, 0.999406
5, 581,11,32.708744, 34.208790, 128.572495, 66.387146,14.135834, 240.898682, 0.956150
5, 581,12,68.213501, 67.537476, 128.572495, 66.387146,14.135834, 240.898682, 1.010010
5, 581,13,53.003723, 53.864712, 128.572495, 66.387146,14.135834, 240.898682, 0.984016
5, 581,14,30.019085, 29.783375, 128.572495, 66.387146,14.135834, 240.898682, 1.007914
5, 581,15,64.091103, 63.834286, 128.572495, 66.387146,14.135834, 240.898682, 1.004023
5, 581,16,196.135239, 196.681702, 128.572495, 66.387146,14.135834, 240.898682, 0.997222
5, 581,17,239.444031, 239.951630, 128.572495, 66.387146,14.135834, 240.898682, 0.997885
5, 581,18,100.651154, 100.582939, 128.572495, 66.387146,14.135834, 240.898682, 1.000678
5, 581,19,196.997757, 196.058609, 128.572495, 66.387146,14.135834, 240.898682, 1.004790
5, 581,20,191.954681, 191.335800, 128.572495, 66.387146,14.135834, 240.898682, 1.003235
5, 581,21,142.363434, 142.896988, 128.572495, 66.387146,14.135834, 240.898682, 0.996266
5, 581,22,100.463829, 100.682060, 128.572495, 66.387146,14.135834, 240.898682, 0.997832
5, 581,23,175.433548, 175.807907, 128.572495, 66.387146,14.135834, 240.898682, 0.997871
5, 581,24,206.520660, 207.295609, 128.572495, 66.387146,14.135834, 240.898682, 0.996262
5, 581,25,80.729820, 79.397591, 128.572495, 66.387146,14.135834, 240.898682, 1.016779
5, 581,26,93.060204, 91.994095, 128.572495, 66.387146,14.135834, 240.898682, 1.011589
5, 581,27,146.424164, 145.509735, 128.572495, 66.387146,14.135834, 240.898682, 1.006284
5, 581,28,108.857735, 108.796509, 128.572495, 66.387146,14.135834, 240.898682, 1.000563
5, 581,29,161.039444, 162.298004, 128.572495, 66.387146,14.135834, 240.898682, 0.992245
5, 581,30,40.013786, 39.264381, 128.572495, 66.387146,14.135834, 240.898682, 1.019086
5, 581,31,110.833809, 113.193596, 128.572495, 66.387146,14.135834, 240.898682, 0.979153
5, 582,0,54.836926, 55.274635, 128.654678, 77.209297,11.330264, 271.234985, 0.992081
5, 582,1,245.351883, 244.462326, 128.654678, 77.209297,11.330264, 271.234985, 1.003639
5, 582,2,255.394058, 254.021484, 128.654678, 77.209297,11.330264, 271.234985, 1.005403
5, 582,3,162.873581, 163.693954, 128.654678, 77.209297,11.330264, 271.234985, 0.994988
5, 582,4,52.513760, 50.790695, 128.654678, 77.209297,11.330264, 271.234985, 1.033925
5, 582,5,153.632233, 152.935791, 128.654678, 77.209297,11.330264, 271.234985, 1.004554
5, 582,6,11.330264, 11.543921, 128.654678, 77.209297,11.330264, 271.234985, 0.981492
5, 582,7,94.774757, 94.455711, 128.654678, 77.209297,11.330264, 271.234985, 1.003378
5, 582,8,271.234985, 273.328705, 128.654678, 77.209297,11.330264, 271.234985, 0.992340
5, 582,9,109.121529, 107.784340, 128.654678, 77.209297,11.330264, 271.234985, 1.012406
5, 582,10,45.578014, 46.093239, 128.654678, 77.209297,11.330264, 271.234985, 0.988822
5, 582,11,108.419426, 106.938469, 128.654678, 77.209297,11.330264, 271.234985, 1.013849
5, 582,12,178.402283, 178.123047, 128.654678, 77.209297,11.330264, 271.234985, 1.001568
5, 582,13,232.453033, 232.932190, 128.654678, 77.209297,11.330264, 271.234985, 0.997943
5, 582,14,76.865944, 76.938782, 128.654678, 77.209297,11.330264, 271.234985, 0.999053
5, 582,15,95.285408, 97.403946, 128.654678, 77.209297,11.330264, 271.234985, 0.978250
5, 582,16,89.181862, 88.608521, 128.654678, 77.209297,11.330264, 271.234985, 1.006470
5, 582,17,193.143082, 194.112457, 128.654678, 77.209297,11.330264, 271.234985, 0.995006
5, 582,18,139.593124, 140.461243, 128.654678, 77.209297,11.330264, 271.234985, 0.993820
5, 582,19,29.319654, 30.424091, 128.654678, 77.209297,11.330264, 271.234985, 0.963699
5, 582,20,23.835859, 24.461933, 128.654678, 77.209297,11.330264, 271.234985, 0.974406
5, 582,21,57.674332, 57.582302, 128.654678, 77.209297,11.330264, 271.234985, 1.001598
5, 582,22,66.207886, 65.884979, 128.654678, 77.209297,11.330264, 271.234985, 1.004901
5, 582,23,199.026367, 199.778976, 128.654678, 77.209297,11.330264, 271.234985, 0.996233
5, 582,24,163.554871, 163.554352, 128.654678, 77.209297,11.330264, 271.234985, 1.000003
5, 582,25,12.655507, 14.065108, 128.654678, 77.209297,11.330264, 271.234985, 0.899780
5, 582,26,203.010895, 202.513687, 128.654678, 77.209297,11.330264, 271.234985, 1.002455
5, 582,27,156.976456, 156.902359, 128.654678, 77.209297,11.330264, 271.234985, 1.000472
5, 582,28,186.496704, 188.207779, 128.654678, 77.209297,11.330264, 271.234985, 0.990909
5, 582,29,220.648773, 221.016083, 128.654678, 77.209297,11.330264, 271.234985, 0.998338
5, 582,30,178.046677, 177.474274, 128.654678, 77.209297,11.330264, 271.234985, 1.003225
5, 582,31,49.509560, 49.230354, 128.654678, 77.209297,11.330264, 271.234985, 1.005671
5, 583,0,12.881145, 12.561672, 129.088531, 57.555061,12.881145, 219.664124, 1.025432
5, 583,1,219.664124, 219.227783, 129.088531, 57.555061,12.881145, 219.664124, 1.001990
5, 583,2,110.913353, 109.992180, 129.088531, 57.555061,12.881145, 219.664124, 1.008375
5, 583,3,140.170853, 141.942856, 129.088531, 57.555061,12.881145, 219.664124, 0.987516
5, 583,4,182.609116, 182.454727, 129.088531, 57.555061,12.881145, 219.664124, 1.000846
5, 583,5,41.270840, 41.663078, 129.088531, 57.555061,12.881145, 219.664124, 0.990585
5, 583,6,120.713432, 119.335930, 129.088531, 57.555061,12.881145, 219.664124, 1.011543
5, 583,7,46.348400, 45.803219, 129.088531, 57.555061,12.881145, 219.664124, 1.011903
5, 583,8,113.008850, 110.607513, 129.088531, 57.555061,12.881145, 219.664124, 1.021710
5, 583,9,182.635498, 182.695511, 129.088531, 57.555061,12.881145, 219.664124, 0.999672
5, 583,10,98.481178, 98.247269, 129.088531, 57.555061,12.881145, 219.664124, 1.002381
5, 583,11,121.229492, 120.880959, 129.088531, 57.555061,12.881145, 219.664124, 1.002883
5, 583,12,141.370178, 141.461273, 129.088531, 57.555061,12.881145, 219.664124, 0.999356
5, 583,13,200.390671, 200.707489, 129.088531, 57.555061,12.881145, 219.664124, 0.998421
5, 583,14,143.897064, 144.444321, 129.088531, 57.555061,12.881145, 219.664124, 0.996211
5, 583,15,140.018417, 139.187225, 129.088531, 57.555061,12.881145, 219.664124, 1.005972
5, 583,16,215.892517, 215.535751, 129.088531, 57.555061,12.881145, 219.664124, 1.001655
5, 583,17,204.641556, 203.162140, 129.088531, 57.555061,12.881145, 219.664124, 1.007282
5, 583,18,38.452690, 38.807110, 129.088531, 57.555061,12.881145, 219.664124, 0.990867
5, 583,19,120.434227, 119.529892, 129.088531, 57.555061,12.881145, 219.664124, 1.007566
5, 583,20,109.589996, 110.045677, 129.088531, 57.555061,12.881145, 219.664124, 0.995859
5, 583,21,152.303055, 152.202911, 129.088531, 57.555061,12.881145, 219.664124, 1.000658
5, 583,22,151.738739, 150.550873, 129.088531, 57.555061,12.881145, 219.664124, 1.007890
5, 583,23,51.746037, 50.210899, 129.088531, 57.555061,12.881145, 219.664124, 1.030574
5, 583,24,188.501465, 188.474335, 129.088531, 57.555061,12.881145, 219.664124, 1.000144
5, 583,25,54.710709, 54.230652, 129.088531, 57.555061,12.881145, 219.664124, 1.008852
5, 583,26,128.564240, 128.860260, 129.088531, 57.555061,12.881145, 219.664124, 0.997703
5, 583,27,116.830154, 115.663971, 129.088531, 57.555061,12.881145, 219.664124, 1.010082
5, 583,28,199.860168, 200.279434, 129.088531, 57.555061,12.881145, 219.664124, 0.997907
5, 583,29,81.380264, 81.358955, 129.088531, 57.555061,12.881145, 219.664124, 1.000262
5, 583,30,209.432205, 209.596420, 129.088531, 57.555061,12.881145, 219.664124, 0.999216
5, 583,31,91.152313, 91.277924, 129.088531, 57.555061,12.881145, 219.664124, 0.998624
5, 584,0,129.136353, 129.943359, 128.632584, 53.720219,19.550436, 208.292618, 0.993790
5, 584,1,208.292618, 208.282166, 128.632584, 53.720219,19.550436, 208.292618, 1.000050
5, 584,2,201.517960, 200.574142, 128.632584, 53.720219,19.550436, 208.292618, 1.004706
5, 584,3,176.515930, 176.751587, 128.632584, 53.720219,19.550436, 208.292618, 0.998667
5, 584,4,30.193169, 30.563158, 128.632584, 53.720219,19.550436, 208.292618, 0.987894
5, 584,5,33.083706, 32.633316, 128.632584, 53.720219,19.550436, 208.292618, 1.013802
5, 584,6,170.629257, 171.176620, 128.632584, 53.720219,19.550436, 208.292618, 0.996802
5, 584,7,31.517488, 31.972628, 128.632584, 53.720219,19.550436, 208.292618, 0.985765
5, 584,8,66.085335, 65.623718, 128.632584, 53.720219,19.550436, 208.292618, 1.007034
5, 584,9,91.343636, 89.987404, 128.632584, 53.720219,19.550436, 208.292618, 1.015071
5, 584,10,140.596939, 143.389938, 128.632584, 53.720219,19.550436, 208.292618, 0.980522
5, 584,11,55.691177, 55.014938, 128.632584, 53.720219,19.550436, 208.292618, 1.012292
5, 584,12,89.771622, 90.862038, 128.632584, 53.720219,19.550436, 208.292618, 0.987999
5, 584,13,197.101837, 197.056778, 128.632584, 53.720219,19.550436, 208.292618, 1.000229
5, 584,14,144.174286, 144.063217, 128.632584, 53.720219,19.550436, 208.292618, 1.000771
5, 584,15,188.032822, 187.970718, 128.632584, 53.720219,19.550436, 208.292618, 1.000330
5, 584,16,108.753227, 108.996376, 128.632584, 53.720219,19.550436, 208.292618, 0.997769
5, 584,17,137.620773, 137.210938, 128.632584, 53.720219,19.550436, 208.292618, 1.002987
5, 584,18,107.570251, 108.367149, 128.632584, 53.720219,19.550436, 208.292618, 0.992646
5, 584,19,191.201736, 192.104736, 128.632584, 53.720219,19.550436, 208.292618, 0.995299
5, 584,20,175.237152, 177.091370, 128.632584, 53.720219,19.550436, 208.292618, 0.989530
5, 584,21,170.992081, 170.245377, 128.632584, 53.720219,19.550436, 208.292618, 1.004386
5, 584,22,129.921967, 128.898834, 128.632584, 53.720219,19.550436, 208.292618, 1.007937
5, 584,23,163.283859, 163.462311, 128.632584, 53.720219,19.550436, 208.292618, 0.998908
5, 584,24,19.550436, 19.608305, 128.632584, 53.720219,19.550436, 208.292618, 0.997049
5, 584,25,156.997635, 157.201492, 128.632584, 53.720219,19.550436, 208.292618, 0.998703
5, 584,26,116.973892, 117.214081, 128.632584, 53.720219,19.550436, 208.292618, 0.997951
5, 584,27,129.998001, 130.679565, 128.632584, 53.720219,19.550436, 208.292618, 0.994784
5, 584,28,157.849380, 157.585312, 128.632584, 53.720219,19.550436, 208.292618, 1.001676
5, 584,29,115.892578, 116.056297, 128.632584, 53.720219,19.550436, 208.292618, 0.998589
5, 584,30,122.666542, 121.385864, 128.632584, 53.720219,19.550436, 208.292618, 1.010550
5, 584,31,158.049164, 159.026245, 128.632584, 53.720219,19.550436, 208.292618, 0.993856
5, 585,0,97.558083, 98.161942, 128.631622, 88.788925,12.424846, 282.535339, 0.993848
5, 585,1,235.663315, 235.137405, 128.631622, 88.788925,12.424846, 282.535339, 1.002237
5, 585,2,226.087234, 226.437225, 128.631622, 88.788925,12.424846, 282.535339, 0.998454
5, 585,3,13.947606, 14.614884, 128.631622, 88.788925,12.424846, 282.535339, 0.954343
5, 585,4,248.010971, 247.956543, 128.631622, 88.788925,12.424846, 282.535339, 1.000219
5, 585,5,108.340233, 108.072594, 128.631622, 88.788925,12.424846, 282.535339, 1.002476
5, 585,6,96.735138, 97.439018, 128.631622, 88.788925,12.424846, 282.535339, 0.992776
5, 585,7,12.424846, 11.117995, 128.631622, 88.788925,12.424846, 282.535339, 1.117544
5, 585,8,29.796721, 31.729464, 128.631622, 88.788925,12.424846, 282.535339, 0.939087
5, 585,9,122.230598, 122.572914, 128.631622, 88.788925,12.424846, 282.535339, 0.997207
5, 585,10,115.774963, 114.931877, 128.631622, 88.788925,12.424846, 282.535339, 1.007336
5, 585,11,65.220451, 66.673126, 128.631622, 88.788925,12.424846, 282.535339, 0.978212
5, 585,12,44.398552, 45.010914, 128.631622, 88.788925,12.424846, 282.535339, 0.986395
5, 585,13,233.799438, 234.195953, 128.631622, 88.788925,12.424846, 282.535339, 0.998307
5, 585,14,279.124359, 281.672943, 128.631622, 88.788925,12.424846, 282.535339, 0.990952
5, 585,15,152.269684, 151.674423, 128.631622, 88.788925,12.424846, 282.535339, 1.003925
5, 585,16,29.543772, 27.610533, 128.631622, 88.788925,12.424846, 282.535339, 1.070018
5, 585,17,205.682388, 204.682541, 128.631622, 88.788925,12.424846, 282.535339, 1.004885
5, 585,18,98.962105, 99.439651, 128.631622, 88.788925,12.424846, 282.535339, 0.995198
5, 585,19,29.178305, 28.568815, 128.631622, 88.788925,12.424846, 282.535339, 1.021334
5, 585,20,240.698929, 242.005112, 128.631622, 88.788925,12.424846, 282.535339, 0.994603
5, 585,21,183.166428, 183.919769, 128.631622, 88.788925,12.424846, 282.535339, 0.995904
5, 585,22,24.943178, 25.164392, 128.631622, 88.788925,12.424846, 282.535339, 0.991209
5, 585,23,150.742249, 151.565140, 128.631622, 88.788925,12.424846, 282.535339, 0.994571
5, 585,24,48.657154, 48.205189, 128.631622, 88.788925,12.424846, 282.535339, 1.009376
5, 585,25,62.833382, 61.629543, 128.631622, 88.788925,12.424846, 282.535339, 1.019534
5, 585,26,282.535339, 282.799347, 128.631622, 88.788925,12.424846, 282.535339, 0.999066
5, 585,27,32.949944, 31.855553, 128.631622, 88.788925,12.424846, 282.535339, 1.034355
5, 585,28,224.921997, 225.781555, 128.631622, 88.788925,12.424846, 282.535339, 0.996193
5, 585,29,248.509003, 248.368423, 128.631622, 88.788925,12.424846, 282.535339, 1.000566
5, 585,30,68.609909, 69.564789, 128.631622, 88.788925,12.424846, 282.535339, 0.986274
5, 585,31,102.895271, 102.440582, 128.631622, 88.788925,12.424846, 282.535339, 1.004439
5, 586,0,28.812359, 29.110405, 128.609238, 81.106270,21.545799, 255.641556, 0.989762
5, 586,1,66.952103, 68.418091, 128.609238, 81.106270,21.545799, 255.641556, 0.978573
5, 586,2,53.672432, 54.030560, 128.609238, 81.106270,21.545799, 255.641556, 0.993372
5, 586,3,30.956955, 31.190342, 128.609238, 81.106270,21.545799, 255.641556, 0.992517
5, 586,4,205.712769, 204.536728, 128.609238, 81.106270,21.545799, 255.641556, 1.005750
5, 586,5,34.719948, 33.942741, 128.609238, 81.106270,21.545799, 255.641556, 1.022898
5, 586,6,194.960571, 195.865097, 128.609238, 81.106270,21.545799, 255.641556, 0.995382
5, 586,7,75.588921, 73.469376, 128.609238, 81.106270,21.545799, 255.641556, 1.028849
5, 586,8,255.641556, 256.206726, 128.609238, 81.106270,21.545799, 255.641556, 0.997794
5, 586,9,232.759277, 234.648911, 128.609238, 81.106270,21.545799, 255.641556, 0.991947
5, 586,10,208.511734, 208.532394, 128.609238, 81.106270,21.545799, 255.641556, 0.999901
5, 586,11,62.435253, 63.218250, 128.609238, 81.106270,21.545799, 255.641556, 0.987614
5, 586,12,221.295975, 224.217926, 128.609238, 81.106270,21.545799, 255.641556, 0.986968
5, 586,13,200.758698, 201.088394, 128.609238, 81.106270,21.545799, 255.641556, 0.998360
5, 586,14,113.311668, 113.809212, 128.609238, 81.106270,21.545799, 255.641556, 0.995628
5, 586,15,124.509094, 123.411331, 128.609238, 81.106270,21.545799, 255.641556, 1.008895
5, 586,16,69.960167, 71.553650, 128.609238, 81.106270,21.545799, 255.641556, 0.977730
5, 586,17,200.744064, 201.565384, 128.609238, 81.106270,21.545799, 255.641556, 0.995925
5, 586,18,42.627365, 44.217319, 128.609238, 81.106270,21.545799, 255.641556, 0.964042
5, 586,19,247.528519, 246.909576, 128.609238, 81.106270,21.545799, 255.641556, 1.002507
5, 586,20,55.882877, 57.439781, 128.609238, 81.106270,21.545799, 255.641556, 0.972895
5, 586,21,154.990448, 154.094315, 128.609238, 81.106270,21.545799, 255.641556, 1.005816
5, 586,22,79.613495, 80.201813, 128.609238, 81.106270,21.545799, 255.641556, 0.992665
5, 586,23,48.759239, 48.400650, 128.609238, 81.106270,21.545799, 255.641556, 1.007409
5, 586,24,106.543434, 104.371307, 128.609238, 81.106270,21.545799, 255.641556, 1.020812
5, 586,25,21.545799, 20.141651, 128.609238, 81.106270,21.545799, 255.641556, 1.069714
5, 586,26,252.612030, 253.884415, 128.609238, 81.106270,21.545799, 255.641556, 0.994988
5, 586,27,66.120552, 66.213051, 128.609238, 81.106270,21.545799, 255.641556, 0.998603
5, 586,28,152.358734, 152.366241, 128.609238, 81.106270,21.545799, 255.641556, 0.999951
5, 586,29,54.273319, 54.789032, 128.609238, 81.106270,21.545799, 255.641556, 0.990587
5, 586,30,217.226654, 215.061523, 128.609238, 81.106270,21.545799, 255.641556, 1.010067
5, 586,31,234.109283, 234.093735, 128.609238, 81.106270,21.545799, 255.641556, 1.000066
5, 587,0,33.689251, 33.717041, 128.925232, 69.284882,12.186627, 247.580093, 0.999176
5, 587,1,173.152802, 172.431534, 128.925232, 69.284882,12.186627, 247.580093, 1.004183
5, 587,2,215.789749, 217.420410, 128.925232, 69.284882,12.186627, 247.580093, 0.992500
5, 587,3,223.107620, 223.322388, 128.925232, 69.284882,12.186627, 247.580093, 0.999038
5, 587,4,99.653038, 98.704216, 128.925232, 69.284882,12.186627, 247.580093, 1.009613
5, 587,5,204.824921, 203.986343, 128.925232, 69.284882,12.186627, 247.580093, 1.004111
5, 587,6,198.396881, 196.301422, 128.925232, 69.284882,12.186627, 247.580093, 1.010675
5, 587,7,192.754440, 191.381882, 128.925232, 69.284882,12.186627, 247.580093, 1.007172
5, 587,8,104.406181, 104.562523, 128.925232, 69.284882,12.186627, 247.580093, 0.998505
5, 587,9,151.675262, 153.102768, 128.925232, 69.284882,12.186627, 247.580093, 0.990676
5, 587,10,167.262299, 166.202087, 128.925232, 69.284882,12.186627, 247.580093, 1.006379
5, 587,11,247.580093, 247.257751, 128.925232, 69.284882,12.186627, 247.580093, 1.001304
5, 587,12,117.376129, 118.935387, 128.925232, 69.284882,12.186627, 247.580093, 0.986890
5, 587,13,41.677631, 43.286823, 128.925232, 69.284882,12.186627, 247.580093, 0.962825
5, 587,14,212.808136, 211.845932, 128.925232, 69.284882,12.186627, 247.580093, 1.004542
5, 587,15,28.377962, 28.819353, 128.925232, 69.284882,12.186627, 247.580093, 0.984684
5, 587,16,238.699844, 240.417007, 128.925232, 69.284882,12.186627, 247.580093, 0.992858
5, 587,17,36.000301, 38.090759, 128.925232, 69.284882,12.186627, 247.580093, 0.945119
5, 587,18,12.186627, 14.548374, 128.925232, 69.284882,12.186627, 247.580093, 0.837663
5, 587,19,97.090111, 95.465775, 128.925232, 69.284882,12.186627, 247.580093, 1.017015
5, 587,20,101.315384, 100.225189, 128.925232, 69.284882,12.186627, 247.580093, 1.010877
5, 587,21,59.056465, 58.198212, 128.925232, 69.284882,12.186627, 247.580093, 1.014747
5, 587,22,150.897781, 150.031708, 128.925232, 69.284882,12.186627, 247.580093, 1.005773
5, 587,23,211.882202, 210.506912, 128.925232, 69.284882,12.186627, 247.580093, 1.006533
5, 587,24,110.308258, 109.962349, 128.925232, 69.284882,12.186627, 247.580093, 1.003146
5, 587,25,122.042313, 121.802681, 128.925232, 69.284882,12.186627, 247.580093, 1.001967
5, 587,26,25.539959, 24.052658, 128.925232, 69.284882,12.186627, 247.580093, 1.061835
5, 587,27,79.100136, 79.579208, 128.925232, 69.284882,12.186627, 247.580093, 0.993980
5, 587,28,112.957855, 110.959358, 128.925232, 69.284882,12.186627, 247.580093, 1.018011
5, 587,29,133.516022, 133.992325, 128.925232, 69.284882,12.186627, 247.580093, 0.996445
5, 587,30,83.933861, 84.003876, 128.925232, 69.284882,12.186627, 247.580093, 0.999167
5, 587,31,138.547668, 137.885742, 128.925232, 69.284882,12.186627, 247.580093, 1.004801
5, 588,0,22.533173, 23.482964, 128.760162, 62.853783,20.968454, 255.737518, 0.959554
5, 588,1,120.757912, 119.194809, 128.760162, 62.853783,20.968454, 255.737518, 1.013114
5, 588,2,87.973129, 89.222702, 128.760162, 62.853783,20.968454, 255.737518, 0.985995
5, 588,3,100.868408, 101.030579, 128.760162, 62.853783,20.968454, 255.737518, 0.998395
5, 588,4,57.274902, 57.672710, 128.760162, 62.853783,20.968454, 255.737518, 0.993102
5, 588,5,80.271339, 80.764999, 128.760162, 62.853783,20.968454, 255.737518, 0.993888
5, 588,6,111.856888, 112.142998, 128.760162, 62.853783,20.968454, 255.737518, 0.997449
5, 588,7,255.737518, 254.331070, 128.760162, 62.853783,20.968454, 255.737518, 1.005530
5, 588,8,76.871407, 76.824051, 128.760162, 62.853783,20.968454, 255.737518, 1.000616
5, 588,9,49.949097, 51.106968, 128.760162, 62.853783,20.968454, 255.737518, 0.977344
5, 588,10,134.884491, 133.537766, 128.760162, 62.853783,20.968454, 255.737518, 1.010085
5, 588,11,100.956314, 100.522072, 128.760162, 62.853783,20.968454, 255.737518, 1.004320
5, 588,12,215.846634, 214.196259, 128.760162, 62.853783,20.968454, 255.737518, 1.007705
5, 588,13,187.061127, 184.784988, 128.760162, 62.853783,20.968454, 255.737518, 1.012318
5, 588,14,110.373489, 109.525665, 128.760162, 62.853783,20.968454, 255.737518, 1.007741
5, 588,15,103.484360, 104.448059, 128.760162, 62.853783,20.968454, 255.737518, 0.990773
5, 588,16,159.274155, 158.387405, 128.760162, 62.853783,20.968454, 255.737518, 1.005599
5, 588,17,247.455399, 249.305801, 128.760162, 62.853783,20.968454, 255.737518, 0.992578
5, 588,18,193.801239, 194.513977, 128.760162, 62.853783,20.968454, 255.737518, 0.996336
5, 588,19,83.910858, 84.391869, 128.760162, 62.853783,20.968454, 255.737518, 0.994300
5, 588,20,224.011978, 222.564209, 128.760162, 62.853783,20.968454, 255.737518, 1.006505
5, 588,21,123.471626, 123.704094, 128.760162, 62.853783,20.968454, 255.737518, 0.998121
5, 588,22,133.937958, 133.687317, 128.760162, 62.853783,20.968454, 255.737518, 1.001875
5, 588,23,86.029251, 85.169586, 128.760162, 62.853783,20.968454, 255.737518, 1.010094
5, 588,24,103.722733, 103.475906, 128.760162, 62.853783,20.968454, 255.737518, 1.002385
5, 588,25,119.653633, 121.490585, 128.760162, 62.853783,20.968454, 255.737518, 0.984880
5, 588,26,162.001663, 162.507828, 128.760162, 62.853783,20.968454, 255.737518, 0.996885
5, 588,27,159.461411, 160.496201, 128.760162, 62.853783,20.968454, 255.737518, 0.993553
5, 588,28,177.927856, 177.546219, 128.760162, 62.853783,20.968454, 255.737518, 1.002149
5, 588,29,73.837753, 73.593536, 128.760162, 62.853783,20.968454, 255.737518, 1.003318
5, 588,30,234.158905, 235.508759, 128.760162, 62.853783,20.968454, 255.737518, 0.994268
5, 588,31,20.968454, 21.867702, 128.760162, 62.853783,20.968454, 255.737518, 0.958878
5, 589,0,11.001892, 11.603756, 128.709290, 54.023682,11.001892, 202.258713, 0.948132
5, 589,1,124.253510, 124.625725, 128.709290, 54.023682,11.001892, 202.258713, 0.997013
5, 589,2,138.222580, 136.800797, 128.709290, 54.023682,11.001892, 202.258713, 1.010393
5, 589,3,104.510071, 103.060707, 128.709290, 54.023682,11.001892, 202.258713, 1.014063
5, 589,4,135.896332, 135.484741, 128.709290, 54.023682,11.001892, 202.258713, 1.003038
5, 589,5,124.618164, 125.011360, 128.709290, 54.023682,11.001892, 202.258713, 0.996855
5, 589,6,155.111084, 154.491089, 128.709290, 54.023682,11.001892, 202.258713, 1.004013
5, 589,7,197.920303, 199.102448, 128.709290, 54.023682,11.001892, 202.258713, 0.994063
5, 589,8,186.469864, 187.043655, 128.709290, 54.023682,11.001892, 202.258713, 0.996932
5, 589,9,199.934616, 200.565399, 128.709290, 54.023682,11.001892, 202.258713, 0.996855
5, 589,10,100.878502, 102.503677, 128.709290, 54.023682,11.001892, 202.258713, 0.984145
5, 589,11,43.897537, 42.974941, 128.709290, 54.023682,11.001892, 202.258713, 1.021468
5, 589,12,152.810822, 153.585144, 128.709290, 54.023682,11.001892, 202.258713, 0.994958
5, 589,13,102.198311, 103.507545, 128.709290, 54.023682,11.001892, 202.258713, 0.987351
5, 589,14,78.068817, 77.486305, 128.709290, 54.023682,11.001892, 202.258713, 1.007518
5, 589,15,181.408173, 181.595795, 128.709290, 54.023682,11.001892, 202.258713, 0.998967
5, 589,16,196.723145, 196.121414, 128.709290, 54.023682,11.001892, 202.258713, 1.003068
5, 589,17,62.963165, 63.107590, 128.709290, 54.023682,11.001892, 202.258713, 0.997711
5, 589,18,162.579498, 163.109741, 128.709290, 54.023682,11.001892, 202.258713, 0.996749
5, 589,19,156.686218, 155.672470, 128.709290, 54.023682,11.001892, 202.258713, 1.006512
5, 589,20,11.542196, 10.844727, 128.709290, 54.023682,11.001892, 202.258713, 1.064314
5, 589,21,118.625092, 118.841179, 128.709290, 54.023682,11.001892, 202.258713, 0.998182
5, 589,22,149.213715, 148.969772, 128.709290, 54.023682,11.001892, 202.258713, 1.001638
5, 589,23,170.127365, 170.240952, 128.709290, 54.023682,11.001892, 202.258713, 0.999333
5, 589,24,159.910706, 160.728592, 128.709290, 54.023682,11.001892, 202.258713, 0.994911
5, 589,25,162.492630, 162.228287, 128.709290, 54.023682,11.001892, 202.258713, 1.001629
5, 589,26,132.395187, 132.197647, 128.709290, 54.023682,11.001892, 202.258713, 1.001494
5, 589,27,117.284950, 117.390450, 128.709290, 54.023682,11.001892, 202.258713, 0.999101
5, 589,28,117.766960, 118.326996, 128.709290, 54.023682,11.001892, 202.258713, 0.995267
5, 589,29,16.906790, 16.702721, 128.709290, 54.023682,11.001892, 202.258713, 1.012218
5, 589,30,202.258713, 202.664978, 128.709290, 54.023682,11.001892, 202.258713, 0.997995
5, 589,31,144.020050, 144.409454, 128.709290, 54.023682,11.001892, 202.258713, 0.997303
5, 590,0,114.263557, 114.724350, 128.789597, 83.068657,10.591085, 247.104828, 0.995983
5, 590,1,226.248840, 226.103271, 128.789597, 83.068657,10.591085, 247.104828, 1.000644
5, 590,2,144.135025, 144.166031, 128.789597, 83.068657,10.591085, 247.104828, 0.999785
5, 590,3,48.398514, 47.304161, 128.789597, 83.068657,10.591085, 247.104828, 1.023134
5, 590,4,246.892441, 245.563095, 128.789597, 83.068657,10.591085, 247.104828, 1.005413
5, 590,5,10.591085, 10.600245, 128.789597, 83.068657,10.591085, 247.104828, 0.999136
5, 590,6,235.595428, 237.322662, 128.789597, 83.068657,10.591085, 247.104828, 0.992722
5, 590,7,38.099632, 37.803974, 128.789597, 83.068657,10.591085, 247.104828, 1.007821
5, 590,8,233.417450, 234.825348, 128.789597, 83.068657,10.591085, 247.104828, 0.994004
5, 590,9,31.649174, 33.972775, 128.789597, 83.068657,10.591085, 247.104828, 0.931604
5, 590,10,88.688446, 88.002296, 128.789597, 83.068657,10.591085, 247.104828, 1.007797
5, 590,11,69.955994, 69.350220, 128.789597, 83.068657,10.591085, 247.104828, 1.008735
5, 590,12,194.825989, 194.771927, 128.789597, 83.068657,10.591085, 247.104828, 1.000278
5, 590,13,177.168243, 174.837845, 128.789597, 83.068657,10.591085, 247.104828, 1.013329
5, 590,14,20.328821, 21.123070, 128.789597, 83.068657,10.591085, 247.104828, 0.962399
5, 590,15,135.121338, 134.777008, 128.789597, 83.068657,10.591085, 247.104828, 1.002555
5, 590,16,36.032036, 36.559021, 128.789597, 83.068657,10.591085, 247.104828, 0.985585
5, 590,17,180.416565, 181.003342, 128.789597, 83.068657,10.591085, 247.104828, 0.996758
5, 590,18,43.358639, 42.605938, 128.789597, 83.068657,10.591085, 247.104828, 1.017667
5, 590,19,160.673279, 161.447174, 128.789597, 83.068657,10.591085, 247.104828, 0.995207
5, 590,20,22.323359, 21.345385, 128.789597, 83.068657,10.591085, 247.104828, 1.045817
5, 590,21,228.723480, 231.883408, 128.789597, 83.068657,10.591085, 247.104828, 0.986373
5, 590,22,247.104828, 246.519028, 128.789597, 83.068657,10.591085, 247.104828, 1.002376
5, 590,23,33.028957, 34.209908, 128.789597, 83.068657,10.591085, 247.104828, 0.965479
5, 590,24,115.898796, 114.842911, 128.789597, 83.068657,10.591085, 247.104828, 1.009194
5, 590,25,234.288101, 234.121368, 128.789597, 83.068657,10.591085, 247.104828, 1.000712
5, 590,26,166.600342, 166.093521, 128.789597, 83.068657,10.591085, 247.104828, 1.003051
5, 590,27,115.878777, 115.784035, 128.789597, 83.068657,10.591085, 247.104828, 1.000818
5, 590,28,34.962883, 34.773102, 128.789597, 83.068657,10.591085, 247.104828, 1.005458
5, 590,29,195.006973, 195.209152, 128.789597, 83.068657,10.591085, 247.104828, 0.998964
5, 590,30,233.150635, 232.831940, 128.789597, 83.068657,10.591085, 247.104828, 1.001369
5, 590,31,58.439777, 56.522743, 128.789597, 83.068657,10.591085, 247.104828, 1.033916
5, 591,0,60.742142, 61.622028, 128.744141, 65.995987,9.626740, 246.519257, 0.985721
5, 591,1,13.416374, 13.452281, 128.744141, 65.995987,9.626740, 246.519257, 0.997331
5, 591,2,136.350616, 135.695480, 128.744141, 65.995987,9.626740, 246.519257, 1.004828
5, 591,3,124.853104, 124.759384, 128.744141, 65.995987,9.626740, 246.519257, 1.000751
5, 591,4,120.983597, 121.152641, 128.744141, 65.995987,9.626740, 246.519257, 0.998605
5, 591,5,58.860062, 58.702648, 128.744141, 65.995987,9.626740, 246.519257, 1.002681
5, 591,6,126.002304, 127.647865, 128.744141, 65.995987,9.626740, 246.519257, 0.987109
5, 591,7,153.455048, 151.806122, 128.744141, 65.995987,9.626740, 246.519257, 1.010862
5, 591,8,138.557693, 138.560791, 128.744141, 65.995987,9.626740, 246.519257, 0.999978
5, 591,9,148.266678, 148.315216, 128.744141, 65.995987,9.626740, 246.519257, 0.999673
5, 591,10,145.161118, 145.581192, 128.744141, 65.995987,9.626740, 246.519257, 0.997114
5, 591,11,137.306808, 137.857986, 128.744141, 65.995987,9.626740, 246.519257, 0.996002
5, 591,12,144.272507, 144.438156, 128.744141, 65.995987,9.626740, 246.519257, 0.998853
5, 591,13,240.772827, 241.040237, 128.744141, 65.995987,9.626740, 246.519257, 0.998891
5, 591,14,35.345402, 35.030968, 128.744141, 65.995987,9.626740, 246.519257, 1.008976
5, 591,15,241.479416, 241.905258, 128.744141, 65.995987,9.626740, 246.519257, 0.998240
5, 591,16,196.695435, 195.295578, 128.744141, 65.995987,9.626740, 246.519257, 1.007168
5, 591,17,212.184174, 211.985474, 128.744141, 65.995987,9.626740, 246.519257, 1.000937
5, 591,18,163.285751, 163.445007, 128.744141, 65.995987,9.626740, 246.519257, 0.999026
5, 591,19,15.601552, 16.194027, 128.744141, 65.995987,9.626740, 246.519257, 0.963414
5, 591,20,49.838760, 50.307507, 128.744141, 65.995987,9.626740, 246.519257, 0.990682
5, 591,21,94.552551, 94.661980, 128.744141, 65.995987,9.626740, 246.519257, 0.998844
5, 591,22,93.395599, 92.762070, 128.744141, 65.995987,9.626740, 246.519257, 1.006830
5, 591,23,142.418762, 142.329727, 128.744141, 65.995987,9.626740, 246.519257, 1.000626
5, 591,24,194.474899, 195.056168, 128.744141, 65.995987,9.626740, 246.519257, 0.997020
5, 591,25,78.700424, 78.481827, 128.744141, 65.995987,9.626740, 246.519257, 1.002785
5, 591,26,9.626740, 10.671921, 128.744141, 65.995987,9.626740, 246.519257, 0.902062
5, 591,27,195.012390, 193.789566, 128.744141, 65.995987,9.626740, 246.519257, 1.006310
5, 591,28,107.138992, 107.552040, 128.744141, 65.995987,9.626740, 246.519257, 0.996160
5, 591,29,175.378342, 174.473785, 128.744141, 65.995987,9.626740, 246.519257, 1.005185
5, 591,30,119.163658, 119.955544, 128.744141, 65.995987,9.626740, 246.519257, 0.993398
5, 591,31,246.519257, 246.469666, 128.744141, 65.995987,9.626740, 246.519257, 1.000201
5, 592,0,152.105728, 151.326080, 128.958954, 73.262085,11.082165, 238.524200, 1.005152
5, 592,1,88.403931, 87.737099, 128.958954, 73.262085,11.082165, 238.524200, 1.007600
5, 592,2,132.971954, 133.242432, 128.958954, 73.262085,11.082165, 238.524200, 0.997970
5, 592,3,104.023994, 104.212677, 128.958954, 73.262085,11.082165, 238.524200, 0.998189
5, 592,4,45.247471, 44.749657, 128.958954, 73.262085,11.082165, 238.524200, 1.011124
5, 592,5,18.503693, 19.493208, 128.958954, 73.262085,11.082165, 238.524200, 0.949238
5, 592,6,209.178757, 209.540741, 128.958954, 73.262085,11.082165, 238.524200, 0.998272
5, 592,7,208.800735, 208.666183, 128.958954, 73.262085,11.082165, 238.524200, 1.000645
5, 592,8,42.051144, 42.598518, 128.958954, 73.262085,11.082165, 238.524200, 0.987150
5, 592,9,11.082165, 11.763226, 128.958954, 73.262085,11.082165, 238.524200, 0.942103
5, 592,10,59.409245, 59.074104, 128.958954, 73.262085,11.082165, 238.524200, 1.005673
5, 592,11,212.002060, 211.938721, 128.958954, 73.262085,11.082165, 238.524200, 1.000299
5, 592,12,127.154251, 124.581474, 128.958954, 73.262085,11.082165, 238.524200, 1.020651
5, 592,13,12.854061, 12.673050, 128.958954, 73.262085,11.082165, 238.524200, 1.014283
5, 592,14,60.296932, 60.082668, 128.958954, 73.262085,11.082165, 238.524200, 1.003566
5, 592,15,44.079350, 44.700287, 128.958954, 73.262085,11.082165, 238.524200, 0.986109
5, 592,16,191.657761, 191.386566, 128.958954, 73.262085,11.082165, 238.524200, 1.001417
5, 592,17,201.758545, 202.029388, 128.958954, 73.262085,11.082165, 238.524200, 0.998659
5, 592,18,144.265442, 143.158813, 128.958954, 73.262085,11.082165, 238.524200, 1.007730
5, 592,19,238.524200, 238.429443, 128.958954, 73.262085,11.082165, 238.524200, 1.000397
5, 592,20,105.596176, 105.319984, 128.958954, 73.262085,11.082165, 238.524200, 1.002622
5, 592,21,205.233093, 204.885818, 128.958954, 73.262085,11.082165, 238.524200, 1.001695
5, 592,22,215.005035, 214.964417, 128.958954, 73.262085,11.082165, 238.524200, 1.000189
5, 592,23,222.248917, 221.107513, 128.958954, 73.262085,11.082165, 238.524200, 1.005162
5, 592,24,94.617577, 94.338623, 128.958954, 73.262085,11.082165, 238.524200, 1.002957
5, 592,25,219.194260, 219.499451, 128.958954, 73.262085,11.082165, 238.524200, 0.998610
5, 592,26,153.647415, 154.337677, 128.958954, 73.262085,11.082165, 238.524200, 0.995528
5, 592,27,205.309860, 206.402206, 128.958954, 73.262085,11.082165, 238.524200, 0.994708
5, 592,28,83.257294, 82.214676, 128.958954, 73.262085,11.082165, 238.524200, 1.012682
5, 592,29,52.527733, 51.259483, 128.958954, 73.262085,11.082165, 238.524200, 1.024742
5, 592,30,81.332359, 81.657501, 128.958954, 73.262085,11.082165, 238.524200, 0.996018
5, 592,31,184.344925, 183.628387, 128.958954, 73.262085,11.082165, 238.524200, 1.003902
5, 593,0,101.866371, 101.621368, 128.776886, 85.022598,17.627666, 269.634460, 1.002411
5, 593,1,18.351662, 18.780178, 128.776886, 85.022598,17.627666, 269.634460, 0.977183
5, 593,2,112.868652, 112.667397, 128.776886, 85.022598,17.627666, 269.634460, 1.001786
5, 593,3,34.773750, 34.293175, 128.776886, 85.022598,17.627666, 269.634460, 1.014014
5, 593,4,44.697910, 43.736927, 128.776886, 85.022598,17.627666, 269.634460, 1.021972
5, 593,5,203.275040, 202.856415, 128.776886, 85.022598,17.627666, 269.634460, 1.002064
5, 593,6,233.165436, 234.036163, 128.776886, 85.022598,17.627666, 269.634460, 0.996280
5, 593,7,41.625484, 42.612091, 128.776886, 85.022598,17.627666, 269.634460, 0.976847
5, 593,8,207.077515, 207.080627, 128.776886, 85.022598,17.627666, 269.634460, 0.999985
5, 593,9,269.634460, 269.164948, 128.776886, 85.022598,17.627666, 269.634460, 1.001744
5, 593,10,41.025715, 40.499992, 128.776886, 85.022598,17.627666, 269.634460, 1.012981
5, 593,11,91.413452, 91.773003, 128.776886, 85.022598,17.627666, 269.634460, 0.996082
5, 593,12,17.627666, 17.922392, 128.776886, 85.022598,17.627666, 269.634460, 0.983555
5, 593,13,36.890121, 36.243423, 128.776886, 85.022598,17.627666, 269.634460, 1.017843
5, 593,14,83.285843, 83.284142, 128.776886, 85.022598,17.627666, 269.634460, 1.000020
5, 593,15,232.187683, 231.066284, 128.776886, 85.022598,17.627666, 269.634460, 1.004853
5, 593,16,185.521072, 185.595474, 128.776886, 85.022598,17.627666, 269.634460, 0.999599
5, 593,17,241.411514, 240.226807, 128.776886, 85.022598,17.627666, 269.634460, 1.004932
5, 593,18,35.558819, 35.685059, 128.776886, 85.022598,17.627666, 269.634460, 0.996462
5, 593,19,170.639664, 170.843155, 128.776886, 85.022598,17.627666, 269.634460, 0.998809
5, 593,20,216.385834, 217.633011, 128.776886, 85.022598,17.627666, 269.634460, 0.994269
5, 593,21,211.743286, 211.401917, 128.776886, 85.022598,17.627666, 269.634460, 1.001615
5, 593,22,260.932343, 260.530457, 128.776886, 85.022598,17.627666, 269.634460, 1.001543
5, 593,23,182.383926, 181.719254, 128.776886, 85.022598,17.627666, 269.634460, 1.003658
5, 593,24,128.839737, 130.438141, 128.776886, 85.022598,17.627666, 269.634460, 0.987746
5, 593,25,198.661987, 200.040283, 128.776886, 85.022598,17.627666, 269.634460, 0.993110
5, 593,26,34.950912, 36.656136, 128.776886, 85.022598,17.627666, 269.634460, 0.953481
5, 593,27,84.884682, 84.328056, 128.776886, 85.022598,17.627666, 269.634460, 1.006601
5, 593,28,199.917725, 198.656494, 128.776886, 85.022598,17.627666, 269.634460, 1.006349
5, 593,29,39.406693, 40.111565, 128.776886, 85.022598,17.627666, 269.634460, 0.982427
5, 593,30,141.837723, 142.503830, 128.776886, 85.022598,17.627666, 269.634460, 0.995326
5, 593,31,18.016914, 16.991774, 128.776886, 85.022598,17.627666, 269.634460, 1.060332
5, 594,0,129.174850, 129.120972, 128.739960, 62.689564,10.510842, 245.152863, 1.000417
5, 594,1,23.888763, 24.239983, 128.739960, 62.689564,10.510842, 245.152863, 0.985511
5, 594,2,112.788429, 113.871071, 128.739960, 62.689564,10.510842, 245.152863, 0.990492
5, 594,3,154.177567, 154.679367, 128.739960, 62.689564,10.510842, 245.152863, 0.996756
5, 594,4,80.172516, 80.860855, 128.739960, 62.689564,10.510842, 245.152863, 0.991487
5, 594,5,178.589676, 178.138550, 128.739960, 62.689564,10.510842, 245.152863, 1.002532
5, 594,6,74.846207, 75.876137, 128.739960, 62.689564,10.510842, 245.152863, 0.986426
5, 594,7,245.152863, 244.555710, 128.739960, 62.689564,10.510842, 245.152863, 1.002442
5, 594,8,160.971405, 161.049118, 128.739960, 62.689564,10.510842, 245.152863, 0.999517
5, 594,9,183.201797, 183.108826, 128.739960, 62.689564,10.510842, 245.152863, 1.000508
5, 594,10,166.505508, 166.928345, 128.739960, 62.689564,10.510842, 245.152863, 0.997467
5, 594,11,198.753677, 198.748291, 128.739960, 62.689564,10.510842, 245.152863, 1.000027
5, 594,12,108.432007, 108.078415, 128.739960, 62.689564,10.510842, 245.152863, 1.003272
5, 594,13,146.879059, 147.249176, 128.739960, 62.689564,10.510842, 245.152863, 0.997486
5, 594,14,83.430740, 83.602097, 128.739960, 62.689564,10.510842, 245.152863, 0.997950
5, 594,15,37.710499, 37.563812, 128.739960, 62.689564,10.510842, 245.152863, 1.003905
5, 594,16,49.023014, 49.048134, 128.739960, 62.689564,10.510842, 245.152863, 0.999488
5, 594,17,188.839386, 188.944778, 128.739960, 62.689564,10.510842, 245.152863, 0.999442
5, 594,18,217.212463, 217.439148, 128.739960, 62.689564,10.510842, 245.152863, 0.998957
5, 594,19,10.510842, 10.295765, 128.739960, 62.689564,10.510842, 245.152863, 1.020890
5, 594,20,46.101185, 46.415112, 128.739960, 62.689564,10.510842, 245.152863, 0.993237
5, 594,21,172.765518, 171.718277, 128.739960, 62.689564,10.510842, 245.152863, 1.006099
5, 594,22,233.685150, 234.175110, 128.739960, 62.689564,10.510842, 245.152863, 0.997908
5, 594,23,159.982086, 159.577515, 128.739960, 62.689564,10.510842, 245.152863, 1.002535
5, 594,24,135.054367, 134.488037, 128.739960, 62.689564,10.510842, 245.152863, 1.004211
5, 594,25,97.481590, 97.084625, 128.739960, 62.689564,10.510842, 245.152863, 1.004089
5, 594,26,170.220596, 170.477524, 128.739960, 62.689564,10.510842, 245.152863, 0.998493
5, 594,27,134.066193, 133.571869, 128.739960, 62.689564,10.510842, 245.152863, 1.003701
5, 594,28,85.594963, 84.936646, 128.739960, 62.689564,10.510842, 245.152863, 1.007751
5, 594,29,127.571999, 128.450104, 128.739960, 62.689564,10.510842, 245.152863, 0.993164
5, 594,30,37.181213, 37.181484, 128.739960, 62.689564,10.510842, 245.152863, 0.999993
5, 594,31,169.712555, 169.525299, 128.739960, 62.689564,10.510842, 245.152863, 1.001105
5, 595,0,169.113129, 169.484238, 128.530685, 62.484337,40.079659, 260.762604, 0.997810
5, 595,1,51.093311, 51.901474, 128.530685, 62.484337,40.079659, 260.762604, 0.984429
5, 595,2,206.322083, 206.344681, 128.530685, 62.484337,40.079659, 260.762604, 0.999891
5, 595,3,40.181046, 38.854111, 128.530685, 62.484337,40.079659, 260.762604, 1.034152
5, 595,4,146.984116, 146.066528, 128.530685, 62.484337,40.079659, 260.762604, 1.006282
5, 595,5,208.370804, 208.263901, 128.530685, 62.484337,40.079659, 260.762604, 1.000513
5, 595,6,60.493538, 61.398701, 128.530685, 62.484337,40.079659, 260.762604, 0.985258
5, 595,7,185.183685, 182.894028, 128.530685, 62.484337,40.079659, 260.762604, 1.012519
5, 595,8,159.770813, 160.893082, 128.530685, 62.484337,40.079659, 260.762604, 0.993025
5, 595,9,96.197044, 99.181686, 128.530685, 62.484337,40.079659, 260.762604, 0.969907
5, 595,10,260.762604, 262.471405, 128.530685, 62.484337,40.079659, 260.762604, 0.993490
5, 595,11,108.441254, 108.489471, 128.530685, 62.484337,40.079659, 260.762604, 0.999556
5, 595,12,235.847137, 236.376678, 128.530685, 62.484337,40.079659, 260.762604, 0.997760
5, 595,13,48.547127, 48.697292, 128.530685, 62.484337,40.079659, 260.762604, 0.996916
5, 595,14,147.645615, 148.035172, 128.530685, 62.484337,40.079659, 260.762604, 0.997368
5, 595,15,191.968597, 193.486786, 128.530685, 62.484337,40.079659, 260.762604, 0.992154
5, 595,16,145.822021, 145.267548, 128.530685, 62.484337,40.079659, 260.762604, 1.003817
5, 595,17,42.839027, 43.862190, 128.530685, 62.484337,40.079659, 260.762604, 0.976673
5, 595,18,88.410385, 86.595604, 128.530685, 62.484337,40.079659, 260.762604, 1.020957
5, 595,19,98.063858, 98.003799, 128.530685, 62.484337,40.079659, 260.762604, 1.000613
5, 595,20,94.518608, 94.989067, 128.530685, 62.484337,40.079659, 260.762604, 0.995047
5, 595,21,144.371201, 144.740387, 128.530685, 62.484337,40.079659, 260.762604, 0.997449
5, 595,22,145.025696, 145.300507, 128.530685, 62.484337,40.079659, 260.762604, 0.998109
5, 595,23,92.386330, 93.069855, 128.530685, 62.484337,40.079659, 260.762604, 0.992656
5, 595,24,147.853561, 149.295410, 128.530685, 62.484337,40.079659, 260.762604, 0.990342
5, 595,25,94.077347, 93.712349, 128.530685, 62.484337,40.079659, 260.762604, 1.003895
5, 595,26,81.850906, 81.307465, 128.530685, 62.484337,40.079659, 260.762604, 1.006684
5, 595,27,40.079659, 40.666245, 128.530685, 62.484337,40.079659, 260.762604, 0.985576
5, 595,28,217.358185, 217.843491, 128.530685, 62.484337,40.079659, 260.762604, 0.997772
5, 595,29,190.106781, 190.447327, 128.530685, 62.484337,40.079659, 260.762604, 0.998212
5, 595,30,124.366371, 124.378586, 128.530685, 62.484337,40.079659, 260.762604, 0.999902
5, 595,31,48.930588, 48.680820, 128.530685, 62.484337,40.079659, 260.762604, 1.005131
5, 596,0,114.345299, 114.810799, 128.420822, 46.758118,22.239124, 205.966721, 0.995946
5, 596,1,179.530121, 179.759705, 128.420822, 46.758118,22.239124, 205.966721, 0.998723
5, 596,2,201.713318, 201.634216, 128.420822, 46.758118,22.239124, 205.966721, 1.000392
5, 596,3,160.219894, 161.178116, 128.420822, 46.758118,22.239124, 205.966721, 0.994055
5, 596,4,105.258942, 107.915428, 128.420822, 46.758118,22.239124, 205.966721, 0.975384
5, 596,5,175.436829, 176.268677, 128.420822, 46.758118,22.239124, 205.966721, 0.995281
5, 596,6,163.291229, 164.563889, 128.420822, 46.758118,22.239124, 205.966721, 0.992266
5, 596,7,167.023849, 166.625076, 128.420822, 46.758118,22.239124, 205.966721, 1.002393
5, 596,8,138.460266, 139.891602, 128.420822, 46.758118,22.239124, 205.966721, 0.989768
5, 596,9,133.228226, 133.869003, 128.420822, 46.758118,22.239124, 205.966721, 0.995213
5, 596,10,140.348022, 144.304886, 128.420822, 46.758118,22.239124, 205.966721, 0.972580
5, 596,11,22.239124, 22.082365, 128.420822, 46.758118,22.239124, 205.966721, 1.007099
5, 596,12,90.877586, 90.163269, 128.420822, 46.758118,22.239124, 205.966721, 1.007923
5, 596,13,162.593155, 163.171204, 128.420822, 46.758118,22.239124, 205.966721, 0.996457
5, 596,14,55.046848, 55.116985, 128.420822, 46.758118,22.239124, 205.966721, 0.998728
5, 596,15,159.547760, 159.166443, 128.420822, 46.758118,22.239124, 205.966721, 1.002396
5, 596,16,66.663429, 67.527405, 128.420822, 46.758118,22.239124, 205.966721, 0.987206
5, 596,17,88.574600, 87.674995, 128.420822, 46.758118,22.239124, 205.966721, 1.010261
5, 596,18,77.728455, 78.402771, 128.420822, 46.758118,22.239124, 205.966721, 0.991399
5, 596,19,163.628479, 165.319046, 128.420822, 46.758118,22.239124, 205.966721, 0.989774
5, 596,20,205.966721, 204.914780, 128.420822, 46.758118,22.239124, 205.966721, 1.005134
5, 596,21,85.006569, 84.648216, 128.420822, 46.758118,22.239124, 205.966721, 1.004233
5, 596,22,84.675781, 83.744514, 128.420822, 46.758118,22.239124, 205.966721, 1.011120
5, 596,23,140.997772, 140.312500, 128.420822, 46.758118,22.239124, 205.966721, 1.004884
5, 596,24,163.497757, 164.675293, 128.420822, 46.758118,22.239124, 205.966721, 0.992849
5, 596,25,165.844070, 166.501282, 128.420822, 46.758118,22.239124, 205.966721, 0.996053
5, 596,26,94.821411, 94.613693, 128.420822, 46.758118,22.239124, 205.966721, 1.002195
5, 596,27,136.490341, 135.843521, 128.420822, 46.758118,22.239124, 205.966721, 1.004761
5, 596,28,133.981247, 135.274048, 128.420822, 46.758118,22.239124, 205.966721, 0.990443
5, 596,29,56.725613, 55.544075, 128.420822, 46.758118,22.239124, 205.966721, 1.021272
5, 596,30,184.241989, 182.421265, 128.420822, 46.758118,22.239124, 205.966721, 1.009981
5, 596,31,91.461433, 93.060059, 128.420822, 46.758118,22.239124, 205.966721, 0.982822
5, 597,0,150.253860, 148.216797, 128.910934, 68.121124,12.217487, 237.943237, 1.013744
5, 597,1,103.737152, 103.676903, 128.910934, 68.121124,12.217487, 237.943237, 1.000581
5, 597,2,111.215393, 111.975693, 128.910934, 68.121124,12.217487, 237.943237, 0.993210
5, 597,3,175.637299, 178.161545, 128.910934, 68.121124,12.217487, 237.943237, 0.985832
5, 597,4,215.842407, 214.325073, 128.910934, 68.121124,12.217487, 237.943237, 1.007080
5, 597,5,74.181213, 72.582886, 128.910934, 68.121124,12.217487, 237.943237, 1.022021
5, 597,6,88.401169, 86.621025, 128.910934, 68.121124,12.217487, 237.943237, 1.020551
5, 597,7,155.409210, 153.892685, 128.910934, 68.121124,12.217487, 237.943237, 1.009854
5, 597,8,108.093269, 108.471443, 128.910934, 68.121124,12.217487, 237.943237, 0.996514
5, 597,9,56.301044, 54.730263, 128.910934, 68.121124,12.217487, 237.943237, 1.028700
5, 597,10,61.198391, 63.861042, 128.910934, 68.121124,12.217487, 237.943237, 0.958306
5, 597,11,231.004181, 233.136597, 128.910934, 68.121124,12.217487, 237.943237, 0.990853
5, 597,12,29.033258, 29.580065, 128.910934, 68.121124,12.217487, 237.943237, 0.981514
5, 597,13,163.409531, 163.721512, 128.910934, 68.121124,12.217487, 237.943237, 0.998094
5, 597,14,228.686264, 228.715759, 128.910934, 68.121124,12.217487, 237.943237, 0.999871
5, 597,15,17.099926, 16.232904, 128.910934, 68.121124,12.217487, 237.943237, 1.053411
5, 597,16,135.535461, 132.994125, 128.910934, 68.121124,12.217487, 237.943237, 1.019109
5, 597,17,176.515778, 176.398834, 128.910934, 68.121124,12.217487, 237.943237, 1.000663
5, 597,18,176.173859, 175.411728, 128.910934, 68.121124,12.217487, 237.943237, 1.004345
5, 597,19,134.036041, 133.945984, 128.910934, 68.121124,12.217487, 237.943237, 1.000672
5, 597,20,168.932388, 170.405655, 128.910934, 68.121124,12.217487, 237.943237, 0.991354
5, 597,21,181.153854, 179.867813, 128.910934, 68.121124,12.217487, 237.943237, 1.007150
5, 597,22,114.072327, 114.323608, 128.910934, 68.121124,12.217487, 237.943237, 0.997802
5, 597,23,40.864670, 41.918961, 128.910934, 68.121124,12.217487, 237.943237, 0.974849
5, 597,24,12.217487, 12.904929, 128.910934, 68.121124,12.217487, 237.943237, 0.946730
5, 597,25,186.693054, 186.474426, 128.910934, 68.121124,12.217487, 237.943237, 1.001172
5, 597,26,91.094276, 92.000778, 128.910934, 68.121124,12.217487, 237.943237, 0.990147
5, 597,27,158.089447, 158.369934, 128.910934, 68.121124,12.217487, 237.943237, 0.998229
5, 597,28,82.769165, 82.355293, 128.910934, 68.121124,12.217487, 237.943237, 1.005025
5, 597,29,22.754589, 23.629192, 128.910934, 68.121124,12.217487, 237.943237, 0.962986
5, 597,30,236.800827, 235.103775, 128.910934, 68.121124,12.217487, 237.943237, 1.007218
5, 597,31,237.943237, 236.993393, 128.910934, 68.121124,12.217487, 237.943237, 1.004008
5, 598,0,128.780365, 130.440277, 129.010437, 63.666618,13.301933, 217.103790, 0.987275
5, 598,1,216.179047, 213.253647, 129.010437, 63.666618,13.301933, 217.103790, 1.013718
5, 598,2,58.885933, 58.169521, 129.010437, 63.666618,13.301933, 217.103790, 1.012316
5, 598,3,71.060638, 71.728104, 129.010437, 63.666618,13.301933, 217.103790, 0.990695
5, 598,4,65.881889, 66.934204, 129.010437, 63.666618,13.301933, 217.103790, 0.984278
5, 598,5,155.788284, 155.246094, 129.010437, 63.666618,13.301933, 217.103790, 1.003492
5, 598,6,96.264763, 94.920593, 129.010437, 63.666618,13.301933, 217.103790, 1.014161
5, 598,7,217.103790, 216.974182, 129.010437, 63.666618,13.301933, 217.103790, 1.000597
5, 598,8,196.414719, 196.856903, 129.010437, 63.666618,13.301933, 217.103790, 0.997754
5, 598,9,114.340904, 113.727448, 129.010437, 63.666618,13.301933, 217.103790, 1.005394
5, 598,10,161.275909, 159.638306, 129.010437, 63.666618,13.301933, 217.103790, 1.010258
5, 598,11,50.744312, 52.736870, 129.010437, 63.666618,13.301933, 217.103790, 0.962217
5, 598,12,186.454514, 185.583344, 129.010437, 63.666618,13.301933, 217.103790, 1.004694
5, 598,13,97.948792, 97.251694, 129.010437, 63.666618,13.301933, 217.103790, 1.007168
5, 598,14,85.768837, 83.903831, 129.010437, 63.666618,13.301933, 217.103790, 1.022228
5, 598,15,190.222214, 188.875839, 129.010437, 63.666618,13.301933, 217.103790, 1.007128
5, 598,16,157.025543, 155.292191, 129.010437, 63.666618,13.301933, 217.103790, 1.011162
5, 598,17,33.614273, 33.554665, 129.010437, 63.666618,13.301933, 217.103790, 1.001776
5, 598,18,172.929916, 172.716187, 129.010437, 63.666618,13.301933, 217.103790, 1.001238
5, 598,19,201.127106, 201.064758, 129.010437, 63.666618,13.301933, 217.103790, 1.000310
5, 598,20,13.301933, 14.912436, 129.010437, 63.666618,13.301933, 217.103790, 0.892003
5, 598,21,80.058922, 80.473030, 129.010437, 63.666618,13.301933, 217.103790, 0.994854
5, 598,22,190.369629, 190.746002, 129.010437, 63.666618,13.301933, 217.103790, 0.998027
5, 598,23,189.003403, 188.513672, 129.010437, 63.666618,13.301933, 217.103790, 1.002598
5, 598,24,100.319977, 100.313736, 129.010437, 63.666618,13.301933, 217.103790, 1.000062
5, 598,25,28.146763, 27.048653, 129.010437, 63.666618,13.301933, 217.103790, 1.040598
5, 598,26,215.626450, 215.150146, 129.010437, 63.666618,13.301933, 217.103790, 1.002214
5, 598,27,184.485870, 184.542892, 129.010437, 63.666618,13.301933, 217.103790, 0.999691
5, 598,28,57.368866, 56.668133, 129.010437, 63.666618,13.301933, 217.103790, 1.012366
5, 598,29,84.507019, 84.015770, 129.010437, 63.666618,13.301933, 217.103790, 1.005847
5, 598,30,123.757034, 124.994446, 129.010437, 63.666618,13.301933, 217.103790, 0.990100
5, 598,31,203.576065, 204.752365, 129.010437, 63.666618,13.301933, 217.103790, 0.994255
5, 599,0,132.381073, 130.180710, 128.852417, 60.205421,27.456272, 227.818954, 1.016902
5, 599,1,80.826706, 80.647758, 128.852417, 60.205421,27.456272, 227.818954, 1.002219
5, 599,2,227.818954, 227.774796, 128.852417, 60.205421,27.456272, 227.818954, 1.000194
5, 599,3,165.361176, 166.104492, 128.852417, 60.205421,27.456272, 227.818954, 0.995525
5, 599,4,30.388565, 28.833822, 128.852417, 60.205421,27.456272, 227.818954, 1.053921
5, 599,5,214.187653, 214.095840, 128.852417, 60.205421,27.456272, 227.818954, 1.000429
5, 599,6,146.326752, 146.803299, 128.852417, 60.205421,27.456272, 227.818954, 0.996754
5, 599,7,27.456272, 28.171150, 128.852417, 60.205421,27.456272, 227.818954, 0.974624
5, 599,8,82.776321, 82.084709, 128.852417, 60.205421,27.456272, 227.818954, 1.008426
5, 599,9,161.274460, 159.680054, 128.852417, 60.205421,27.456272, 227.818954, 1.009985
5, 599,10,179.723648, 180.201950, 128.852417, 60.205421,27.456272, 227.818954, 0.997346
5, 599,11,217.670868, 216.195480, 128.852417, 60.205421,27.456272, 227.818954, 1.006824
5, 599,12,101.492668, 100.262833, 128.852417, 60.205421,27.456272, 227.818954, 1.012266
5, 599,13,189.435486, 189.200317, 128.852417, 60.205421,27.456272, 227.818954, 1.001243
5, 599,14,61.180962, 61.346581, 128.852417, 60.205421,27.456272, 227.818954, 0.997300
5, 599,15,226.601852, 226.561035, 128.852417, 60.205421,27.456272, 227.818954, 1.000180
5, 599,16,132.565582, 133.173187, 128.852417, 60.205421,27.456272, 227.818954, 0.995438
5, 599,17,78.813393, 79.238708, 128.852417, 60.205421,27.456272, 227.818954, 0.994632
5, 599,18,110.765594, 111.060890, 128.852417, 60.205421,27.456272, 227.818954, 0.997341
5, 599,19,30.422005, 30.870665, 128.852417, 60.205421,27.456272, 227.818954, 0.985466
5, 599,20,93.071495, 92.457260, 128.852417, 60.205421,27.456272, 227.818954, 1.006643
5, 599,21,44.853760, 44.117119, 128.852417, 60.205421,27.456272, 227.818954, 1.016697
5, 599,22,181.073959, 181.583084, 128.852417, 60.205421,27.456272, 227.818954, 0.997196
5, 599,23,72.116920, 72.528290, 128.852417, 60.205421,27.456272, 227.818954, 0.994328
5, 599,24,132.832626, 133.284790, 128.852417, 60.205421,27.456272, 227.818954, 0.996608
5, 599,25,74.156395, 76.434563, 128.852417, 60.205421,27.456272, 227.818954, 0.970195
5, 599,26,178.060349, 177.795395, 128.852417, 60.205421,27.456272, 227.818954, 1.001490
5, 599,27,189.901276, 188.746918, 128.852417, 60.205421,27.456272, 227.818954, 1.006116
5, 599,28,144.989258, 145.491913, 128.852417, 60.205421,27.456272, 227.818954, 0.996545
5, 599,29,130.606186, 130.920105, 128.852417, 60.205421,27.456272, 227.818954, 0.997602
5, 599,30,106.245239, 105.738594, 128.852417, 60.205421,27.456272, 227.818954, 1.004791
5, 599,31,177.899475, 179.413712, 128.852417, 60.205421,27.456272, 227.818954, 0.991560
5, 600,0,17.969517, 18.192255, 128.967239, 58.592831,17.215834, 223.915939, 0.987756
5, 600,1,44.420105, 43.888329, 128.967239, 58.592831,17.215834, 223.915939, 1.012117
5, 600,2,223.915939, 223.438110, 128.967239, 58.592831,17.215834, 223.915939, 1.002138
5, 600,3,57.304550, 57.862545, 128.967239, 58.592831,17.215834, 223.915939, 0.990357
5, 600,4,169.529358, 169.182434, 128.967239, 58.592831,17.215834, 223.915939, 1.002051
5, 600,5,26.943592, 27.545021, 128.967239, 58.592831,17.215834, 223.915939, 0.978166
5, 600,6,180.275665, 179.517197, 128.967239, 58.592831,17.215834, 223.915939, 1.004225
5, 600,7,192.852325, 192.942032, 128.967239, 58.592831,17.215834, 223.915939, 0.999535
5, 600,8,130.091110, 130.693268, 128.967239, 58.592831,17.215834, 223.915939, 0.995393
5, 600,9,160.657394, 163.043411, 128.967239, 58.592831,17.215834, 223.915939, 0.985366
5, 600,10,177.184189, 177.457108, 128.967239, 58.592831,17.215834, 223.915939, 0.998462
5, 600,11,67.621414, 67.366379, 128.967239, 58.592831,17.215834, 223.915939, 1.003786
5, 600,12,133.008331, 133.144760, 128.967239, 58.592831,17.215834, 223.915939, 0.998975
5, 600,13,212.633270, 211.901657, 128.967239, 58.592831,17.215834, 223.915939, 1.003453
5, 600,14,140.239716, 136.921570, 128.967239, 58.592831,17.215834, 223.915939, 1.024234
5, 600,15,170.902328, 171.894882, 128.967239, 58.592831,17.215834, 223.915939, 0.994226
5, 600,16,91.989273, 92.698509, 128.967239, 58.592831,17.215834, 223.915939, 0.992349
5, 600,17,199.207047, 198.099106, 128.967239, 58.592831,17.215834, 223.915939, 1.005593
5, 600,18,106.274216, 106.047829, 128.967239, 58.592831,17.215834, 223.915939, 1.002135
5, 600,19,114.811394, 114.370560, 128.967239, 58.592831,17.215834, 223.915939, 1.003854
5, 600,20,17.215834, 16.475521, 128.967239, 58.592831,17.215834, 223.915939, 1.044934
5, 600,21,121.516701, 120.591995, 128.967239, 58.592831,17.215834, 223.915939, 1.007668
5, 600,22,139.073944, 139.517288, 128.967239, 58.592831,17.215834, 223.915939, 0.996822
5, 600,23,139.846939, 138.706985, 128.967239, 58.592831,17.215834, 223.915939, 1.008218
5, 600,24,85.850342, 86.531998, 128.967239, 58.592831,17.215834, 223.915939, 0.992122
5, 600,25,178.435989, 179.544647, 128.967239, 58.592831,17.215834, 223.915939, 0.993825
5, 600,26,211.130493, 210.459579, 128.967239, 58.592831,17.215834, 223.915939, 1.003188
5, 600,27,67.738655, 67.180969, 128.967239, 58.592831,17.215834, 223.915939, 1.008301
5, 600,28,147.925659, 148.348160, 128.967239, 58.592831,17.215834, 223.915939, 0.997152
5, 600,29,89.739151, 88.901093, 128.967239, 58.592831,17.215834, 223.915939, 1.009427
5, 600,30,164.523239, 163.256287, 128.967239, 58.592831,17.215834, 223.915939, 1.007761
5, 600,31,146.123978, 145.278641, 128.967239, 58.592831,17.215834, 223.915939, 1.005819
5, 601,0,18.201820, 18.149725, 128.811523, 79.033867,11.632915, 254.959351, 1.002870
5, 601,1,240.425781, 238.936722, 128.811523, 79.033867,11.632915, 254.959351, 1.006232
5, 601,2,58.042053, 57.621037, 128.811523, 79.033867,11.632915, 254.959351, 1.007307
5, 601,3,61.543526, 61.554840, 128.811523, 79.033867,11.632915, 254.959351, 0.999816
5, 601,4,115.650658, 115.962097, 128.811523, 79.033867,11.632915, 254.959351, 0.997314
5, 601,5,179.459351, 178.777664, 128.811523, 79.033867,11.632915, 254.959351, 1.003813
5, 601,6,222.191177, 220.866287, 128.811523, 79.033867,11.632915, 254.959351, 1.005999
5, 601,7,143.384491, 143.616287, 128.811523, 79.033867,11.632915, 254.959351, 0.998386
5, 601,8,188.409882, 189.035339, 128.811523, 79.033867,11.632915, 254.959351, 0.996691
5, 601,9,87.006721, 87.547760, 128.811523, 79.033867,11.632915, 254.959351, 0.993820
5, 601,10,190.875061, 191.323547, 128.811523, 79.033867,11.632915, 254.959351, 0.997656
5, 601,11,129.628006, 129.354279, 128.811523, 79.033867,11.632915, 254.959351, 1.002116
5, 601,12,239.601837, 240.104340, 128.811523, 79.033867,11.632915, 254.959351, 0.997907
5, 601,13,39.936947, 40.420410, 128.811523, 79.033867,11.632915, 254.959351, 0.988039
5, 601,14,135.413559, 135.294174, 128.811523, 79.033867,11.632915, 254.959351, 1.000882
5, 601,15,13.163603, 13.463633, 128.811523, 79.033867,11.632915, 254.959351, 0.977716
5, 601,16,216.063217, 216.454483, 128.811523, 79.033867,11.632915, 254.959351, 0.998192
5, 601,17,15.511734, 16.143639, 128.811523, 79.033867,11.632915, 254.959351, 0.960857
5, 601,18,11.632915, 12.875913, 128.811523, 79.033867,11.632915, 254.959351, 0.903463
5, 601,19,99.039658, 98.353981, 128.811523, 79.033867,11.632915, 254.959351, 1.006971
5, 601,20,75.800110, 75.135101, 128.811523, 79.033867,11.632915, 254.959351, 1.008851
5, 601,21,246.996246, 246.984589, 128.811523, 79.033867,11.632915, 254.959351, 1.000047
5, 601,22,229.000427, 229.211914, 128.811523, 79.033867,11.632915, 254.959351, 0.999077
5, 601,23,99.782234, 99.552933, 128.811523, 79.033867,11.632915, 254.959351, 1.002303
5, 601,24,58.768230, 59.345016, 128.811523, 79.033867,11.632915, 254.959351, 0.990281
5, 601,25,164.191376, 164.962311, 128.811523, 79.033867,11.632915, 254.959351, 0.995327
5, 601,26,77.614372, 77.548676, 128.811523, 79.033867,11.632915, 254.959351, 1.000847
5, 601,27,254.959351, 253.715942, 128.811523, 79.033867,11.632915, 254.959351, 1.004901
5, 601,28,102.610229, 102.656105, 128.811523, 79.033867,11.632915, 254.959351, 0.999553
5, 601,29,221.786331, 221.273773, 128.811523, 79.033867,11.632915, 254.959351, 1.002316
5, 601,30,145.706146, 144.807419, 128.811523, 79.033867,11.632915, 254.959351, 1.006206
5, 601,31,39.571785, 39.950241, 128.811523, 79.033867,11.632915, 254.959351, 0.990527
5, 602,0,231.569351, 231.395462, 128.623505, 80.531441,10.013977, 260.973022, 1.000751
5, 602,1,200.355820, 200.138046, 128.623505, 80.531441,10.013977, 260.973022, 1.001088
5, 602,2,86.047653, 85.860313, 128.623505, 80.531441,10.013977, 260.973022, 1.002182
5, 602,3,10.013977, 10.982443, 128.623505, 80.531441,10.013977, 260.973022, 0.911817
5, 602,4,107.058479, 107.348297, 128.623505, 80.531441,10.013977, 260.973022, 0.997300
5, 602,5,98.257172, 97.822525, 128.623505, 80.531441,10.013977, 260.973022, 1.004443
5, 602,6,248.032288, 247.311035, 128.623505, 80.531441,10.013977, 260.973022, 1.002916
5, 602,7,34.081532, 34.058060, 128.623505, 80.531441,10.013977, 260.973022, 1.000689
5, 602,8,105.227600, 105.902138, 128.623505, 80.531441,10.013977, 260.973022, 0.993631
5, 602,9,21.439203, 22.095837, 128.623505, 80.531441,10.013977, 260.973022, 0.970282
5, 602,10,87.378448, 87.424355, 128.623505, 80.531441,10.013977, 260.973022, 0.999475
5, 602,11,207.746948, 208.626358, 128.623505, 80.531441,10.013977, 260.973022, 0.995785
5, 602,12,260.973022, 260.562195, 128.623505, 80.531441,10.013977, 260.973022, 1.001577
5, 602,13,37.166821, 36.557396, 128.623505, 80.531441,10.013977, 260.973022, 1.016670
5, 602,14,81.854050, 82.048424, 128.623505, 80.531441,10.013977, 260.973022, 0.997631
5, 602,15,67.950974, 69.017303, 128.623505, 80.531441,10.013977, 260.973022, 0.984550
5, 602,16,241.918579, 241.628571, 128.623505, 80.531441,10.013977, 260.973022, 1.001200
5, 602,17,258.673096, 258.204346, 128.623505, 80.531441,10.013977, 260.973022, 1.001815
5, 602,18,49.117115, 49.769283, 128.623505, 80.531441,10.013977, 260.973022, 0.986896
5, 602,19,35.955547, 36.887497, 128.623505, 80.531441,10.013977, 260.973022, 0.974735
5, 602,20,52.434040, 53.392536, 128.623505, 80.531441,10.013977, 260.973022, 0.982048
5, 602,21,85.147095, 85.797424, 128.623505, 80.531441,10.013977, 260.973022, 0.992420
5, 602,22,82.038300, 82.755783, 128.623505, 80.531441,10.013977, 260.973022, 0.991330
5, 602,23,206.215988, 206.072006, 128.623505, 80.531441,10.013977, 260.973022, 1.000699
5, 602,24,234.459229, 234.853653, 128.623505, 80.531441,10.013977, 260.973022, 0.998321
5, 602,25,204.983658, 205.191727, 128.623505, 80.531441,10.013977, 260.973022, 0.998986
5, 602,26,100.265755, 99.866013, 128.623505, 80.531441,10.013977, 260.973022, 1.004003
5, 602,27,170.409714, 170.232498, 128.623505, 80.531441,10.013977, 260.973022, 1.001041
5, 602,28,220.156906, 219.991241, 128.623505, 80.531441,10.013977, 260.973022, 1.000753
5, 602,29,72.990509, 72.216141, 128.623505, 80.531441,10.013977, 260.973022, 1.010723
5, 602,30,90.104149, 90.379547, 128.623505, 80.531441,10.013977, 260.973022, 0.996953
5, 602,31,125.928658, 126.612038, 128.623505, 80.531441,10.013977, 260.973022, 0.994603
5, 603,0,77.811668, 78.782425, 128.671432, 68.600586,11.251236, 248.521957, 0.987678
5, 603,1,181.188187, 180.069870, 128.671432, 68.600586,11.251236, 248.521957, 1.006210
5, 603,2,151.003052, 151.230072, 128.671432, 68.600586,11.251236, 248.521957, 0.998499
5, 603,3,11.251236, 12.456242, 128.671432, 68.600586,11.251236, 248.521957, 0.903261
5, 603,4,182.640213, 182.908707, 128.671432, 68.600586,11.251236, 248.521957, 0.998532
5, 603,5,40.042149, 40.247738, 128.671432, 68.600586,11.251236, 248.521957, 0.994892
5, 603,6,92.935722, 92.678177, 128.671432, 68.600586,11.251236, 248.521957, 1.002779
5, 603,7,248.521957, 249.502701, 128.671432, 68.600586,11.251236, 248.521957, 0.996069
5, 603,8,145.809158, 146.026825, 128.671432, 68.600586,11.251236, 248.521957, 0.998509
5, 603,9,65.076790, 65.904373, 128.671432, 68.600586,11.251236, 248.521957, 0.987443
5, 603,10,223.512985, 224.144501, 128.671432, 68.600586,11.251236, 248.521957, 0.997183
5, 603,11,121.801605, 121.563889, 128.671432, 68.600586,11.251236, 248.521957, 1.001956
5, 603,12,63.970104, 63.999062, 128.671432, 68.600586,11.251236, 248.521957, 0.999548
5, 603,13,208.822388, 207.562943, 128.671432, 68.600586,11.251236, 248.521957, 1.006068
5, 603,14,106.663940, 105.074158, 128.671432, 68.600586,11.251236, 248.521957, 1.015130
5, 603,15,83.992004, 84.567223, 128.671432, 68.600586,11.251236, 248.521957, 0.993198
5, 603,16,39.057384, 37.814453, 128.671432, 68.600586,11.251236, 248.521957, 1.032869
5, 603,17,143.758011, 143.800140, 128.671432, 68.600586,11.251236, 248.521957, 0.999707
5, 603,18,127.019211, 128.343414, 128.671432, 68.600586,11.251236, 248.521957, 0.989682
5, 603,19,46.297081, 47.195614, 128.671432, 68.600586,11.251236, 248.521957, 0.980962
5, 603,20,214.481140, 213.730331, 128.671432, 68.600586,11.251236, 248.521957, 1.003513
5, 603,21,194.357010, 194.998627, 128.671432, 68.600586,11.251236, 248.521957, 0.996710
5, 603,22,188.260544, 189.466339, 128.671432, 68.600586,11.251236, 248.521957, 0.993636
5, 603,23,136.043640, 134.977570, 128.671432, 68.600586,11.251236, 248.521957, 1.007898
5, 603,24,151.494888, 152.094727, 128.671432, 68.600586,11.251236, 248.521957, 0.996056
5, 603,25,240.171280, 239.478790, 128.671432, 68.600586,11.251236, 248.521957, 1.002892
5, 603,26,86.057571, 85.990456, 128.671432, 68.600586,11.251236, 248.521957, 1.000780
5, 603,27,24.518734, 24.936399, 128.671432, 68.600586,11.251236, 248.521957, 0.983251
5, 603,28,228.295059, 227.962769, 128.671432, 68.600586,11.251236, 248.521957, 1.001458
5, 603,29,55.864319, 56.247746, 128.671432, 68.600586,11.251236, 248.521957, 0.993183
5, 603,30,149.944824, 150.487854, 128.671432, 68.600586,11.251236, 248.521957, 0.996392
5, 603,31,86.821388, 86.755646, 128.671432, 68.600586,11.251236, 248.521957, 1.000758
5, 604,0,105.183876, 105.250465, 128.709381, 62.188496,22.650446, 219.138443, 0.999367
5, 604,1,115.535301, 114.922157, 128.709381, 62.188496,22.650446, 219.138443, 1.005335
5, 604,2,213.659576, 214.245255, 128.709381, 62.188496,22.650446, 219.138443, 0.997266
5, 604,3,150.421112, 149.322968, 128.709381, 62.188496,22.650446, 219.138443, 1.007354
5, 604,4,84.369217, 84.254036, 128.709381, 62.188496,22.650446, 219.138443, 1.001367
5, 604,5,68.782967, 68.716675, 128.709381, 62.188496,22.650446, 219.138443, 1.000965
5, 604,6,114.742592, 114.395569, 128.709381, 62.188496,22.650446, 219.138443, 1.003034
5, 604,7,22.650446, 23.137766, 128.709381, 62.188496,22.650446, 219.138443, 0.978938
5, 604,8,139.664841, 139.877914, 128.709381, 62.188496,22.650446, 219.138443, 0.998477
5, 604,9,208.999847, 210.739197, 128.709381, 62.188496,22.650446, 219.138443, 0.991746
5, 604,10,83.405281, 86.247032, 128.709381, 62.188496,22.650446, 219.138443, 0.967051
5, 604,11,181.026184, 182.104065, 128.709381, 62.188496,22.650446, 219.138443, 0.994081
5, 604,12,219.138443, 221.324051, 128.709381, 62.188496,22.650446, 219.138443, 0.990125
5, 604,13,96.252579, 95.392143, 128.709381, 62.188496,22.650446, 219.138443, 1.009020
5, 604,14,91.667549, 93.465805, 128.709381, 62.188496,22.650446, 219.138443, 0.980760
5, 604,15,158.005371, 158.594727, 128.709381, 62.188496,22.650446, 219.138443, 0.996284
5, 604,16,77.744652, 75.995445, 128.709381, 62.188496,22.650446, 219.138443, 1.023017
5, 604,17,96.780472, 95.832062, 128.709381, 62.188496,22.650446, 219.138443, 1.009897
5, 604,18,60.398911, 61.457916, 128.709381, 62.188496,22.650446, 219.138443, 0.982769
5, 604,19,210.449493, 208.912842, 128.709381, 62.188496,22.650446, 219.138443, 1.007355
5, 604,20,40.155025, 38.688454, 128.709381, 62.188496,22.650446, 219.138443, 1.037907
5, 604,21,155.500565, 155.621902, 128.709381, 62.188496,22.650446, 219.138443, 0.999220
5, 604,22,47.501060, 45.707260, 128.709381, 62.188496,22.650446, 219.138443, 1.039245
5, 604,23,180.806717, 180.384354, 128.709381, 62.188496,22.650446, 219.138443, 1.002342
5, 604,24,198.302185, 198.521271, 128.709381, 62.188496,22.650446, 219.138443, 0.998896
5, 604,25,129.992935, 131.259369, 128.709381, 62.188496,22.650446, 219.138443, 0.990352
5, 604,26,213.929855, 214.491882, 128.709381, 62.188496,22.650446, 219.138443, 0.997380
5, 604,27,26.380438, 27.257067, 128.709381, 62.188496,22.650446, 219.138443, 0.967838
5, 604,28,80.983170, 79.834785, 128.709381, 62.188496,22.650446, 219.138443, 1.014385
5, 604,29,122.164833, 121.387718, 128.709381, 62.188496,22.650446, 219.138443, 1.006402
5, 604,30,216.063782, 216.098282, 128.709381, 62.188496,22.650446, 219.138443, 0.999840
5, 604,31,208.041046, 207.559723, 128.709381, 62.188496,22.650446, 219.138443, 1.002319
5, 605,0,214.755295, 215.214600, 128.670593, 71.672211,10.564384, 231.305817, 0.997866
5, 605,1,166.630264, 166.347763, 128.670593, 71.672211,10.564384, 231.305817, 1.001698
5, 605,2,12.820242, 12.253067, 128.670593, 71.672211,10.564384, 231.305817, 1.046288
5, 605,3,85.547356, 86.199013, 128.670593, 71.672211,10.564384, 231.305817, 0.992440
5, 605,4,61.320652, 61.257278, 128.670593, 71.672211,10.564384, 231.305817, 1.001034
5, 605,5,86.215988, 86.439430, 128.670593, 71.672211,10.564384, 231.305817, 0.997415
5, 605,6,224.542282, 224.783264, 128.670593, 71.672211,10.564384, 231.305817, 0.998928
5, 605,7,208.963715, 211.175568, 128.670593, 71.672211,10.564384, 231.305817, 0.989526
5, 605,8,82.573265, 82.462219, 128.670593, 71.672211,10.564384, 231.305817, 1.001347
5, 605,9,10.564384, 11.263916, 128.670593, 71.672211,10.564384, 231.305817, 0.937896
5, 605,10,105.048660, 105.583633, 128.670593, 71.672211,10.564384, 231.305817, 0.994933
5, 605,11,40.724209, 40.052345, 128.670593, 71.672211,10.564384, 231.305817, 1.016775
5, 605,12,118.125092, 117.954895, 128.670593, 71.672211,10.564384, 231.305817, 1.001443
5, 605,13,101.011162, 102.623039, 128.670593, 71.672211,10.564384, 231.305817, 0.984293
5, 605,14,20.178835, 19.197735, 128.670593, 71.672211,10.564384, 231.305817, 1.051105
5, 605,15,94.796860, 93.597038, 128.670593, 71.672211,10.564384, 231.305817, 1.012819
5, 605,16,175.977386, 177.200943, 128.670593, 71.672211,10.564384, 231.305817, 0.993095
5, 605,17,231.305817, 231.130310, 128.670593, 71.672211,10.564384, 231.305817, 1.000759
5, 605,18,93.817833, 94.022919, 128.670593, 71.672211,10.564384, 231.305817, 0.997819
5, 605,19,202.963867, 203.021927, 128.670593, 71.672211,10.564384, 231.305817, 0.999714
5, 605,20,230.129196, 229.852661, 128.670593, 71.672211,10.564384, 231.305817, 1.001203
5, 605,21,183.102722, 184.585236, 128.670593, 71.672211,10.564384, 231.305817, 0.991968
5, 605,22,187.917633, 188.246475, 128.670593, 71.672211,10.564384, 231.305817, 0.998253
5, 605,23,90.082268, 90.457855, 128.670593, 71.672211,10.564384, 231.305817, 0.995848
5, 605,24,182.433136, 180.766022, 128.670593, 71.672211,10.564384, 231.305817, 1.009223
5, 605,25,221.158249, 221.300613, 128.670593, 71.672211,10.564384, 231.305817, 0.999357
5, 605,26,171.876740, 171.053101, 128.670593, 71.672211,10.564384, 231.305817, 1.004815
5, 605,27,128.760818, 129.144684, 128.670593, 71.672211,10.564384, 231.305817, 0.997028
5, 605,28,205.538132, 205.845123, 128.670593, 71.672211,10.564384, 231.305817, 0.998509
5, 605,29,91.549843, 90.602112, 128.670593, 71.672211,10.564384, 231.305817, 1.010460
5, 605,30,76.000244, 75.806046, 128.670593, 71.672211,10.564384, 231.305817, 1.002562
5, 605,31,11.026689, 11.559287, 128.670593, 71.672211,10.564384, 231.305817, 0.953925
5, 606,0,180.939041, 180.662781, 128.733566, 75.567825,19.803556, 244.131317, 1.001529
5, 606,1,176.966599, 175.176208, 128.733566, 75.567825,19.803556, 244.131317, 1.010221
5, 606,2,20.655746, 21.143116, 128.733566, 75.567825,19.803556, 244.131317, 0.976949
5, 606,3,159.875458, 160.262054, 128.733566, 75.567825,19.803556, 244.131317, 0.997588
5, 606,4,48.603989, 49.959122, 128.733566, 75.567825,19.803556, 244.131317, 0.972875
5, 606,5,51.956032, 52.571030, 128.733566, 75.567825,19.803556, 244.131317, 0.988302
5, 606,6,139.999619, 137.357635, 128.733566, 75.567825,19.803556, 244.131317, 1.019234
5, 606,7,128.076035, 129.769180, 128.733566, 75.567825,19.803556, 244.131317, 0.986953
5, 606,8,243.536255, 243.935883, 128.733566, 75.567825,19.803556, 244.131317, 0.998362
5, 606,9,42.401100, 44.001186, 128.733566, 75.567825,19.803556, 244.131317, 0.963635
5, 606,10,105.001030, 105.195595, 128.733566, 75.567825,19.803556, 244.131317, 0.998150
5, 606,11,224.086777, 224.253830, 128.733566, 75.567825,19.803556, 244.131317, 0.999255
5, 606,12,240.682236, 239.956207, 128.733566, 75.567825,19.803556, 244.131317, 1.003026
5, 606,13,169.029709, 169.527390, 128.733566, 75.567825,19.803556, 244.131317, 0.997064
5, 606,14,76.075363, 76.804604, 128.733566, 75.567825,19.803556, 244.131317, 0.990505
5, 606,15,236.378525, 236.687454, 128.733566, 75.567825,19.803556, 244.131317, 0.998695
5, 606,16,36.800526, 37.602783, 128.733566, 75.567825,19.803556, 244.131317, 0.978665
5, 606,17,142.579971, 142.674164, 128.733566, 75.567825,19.803556, 244.131317, 0.999340
5, 606,18,130.449677, 128.818695, 128.733566, 75.567825,19.803556, 244.131317, 1.012661
5, 606,19,132.826096, 133.122940, 128.733566, 75.567825,19.803556, 244.131317, 0.997770
5, 606,20,36.223206, 37.046402, 128.733566, 75.567825,19.803556, 244.131317, 0.977779
5, 606,21,19.803556, 20.223537, 128.733566, 75.567825,19.803556, 244.131317, 0.979233
5, 606,22,244.131317, 243.858612, 128.733566, 75.567825,19.803556, 244.131317, 1.001118
5, 606,23,140.791885, 139.907715, 128.733566, 75.567825,19.803556, 244.131317, 1.006320
5, 606,24,175.304733, 176.088074, 128.733566, 75.567825,19.803556, 244.131317, 0.995551
5, 606,25,35.397747, 37.401863, 128.733566, 75.567825,19.803556, 244.131317, 0.946417
5, 606,26,204.655380, 203.489929, 128.733566, 75.567825,19.803556, 244.131317, 1.005727
5, 606,27,83.859024, 83.604843, 128.733566, 75.567825,19.803556, 244.131317, 1.003040
5, 606,28,42.912254, 42.903873, 128.733566, 75.567825,19.803556, 244.131317, 1.000195
5, 606,29,50.077858, 47.973141, 128.733566, 75.567825,19.803556, 244.131317, 1.043873
5, 606,30,159.427780, 160.192520, 128.733566, 75.567825,19.803556, 244.131317, 0.995226
5, 606,31,239.969620, 238.827988, 128.733566, 75.567825,19.803556, 244.131317, 1.004780
5, 607,0,38.458538, 37.385361, 128.869537, 86.757782,12.053430, 273.169189, 1.028706
5, 607,1,133.467484, 134.969254, 128.869537, 86.757782,12.053430, 273.169189, 0.988873
5, 607,2,264.590546, 264.652771, 128.869537, 86.757782,12.053430, 273.169189, 0.999765
5, 607,3,254.475342, 255.527039, 128.869537, 86.757782,12.053430, 273.169189, 0.995884
5, 607,4,235.196075, 235.663239, 128.869537, 86.757782,12.053430, 273.169189, 0.998018
5, 607,5,244.370773, 243.544922, 128.869537, 86.757782,12.053430, 273.169189, 1.003391
5, 607,6,17.554340, 16.637636, 128.869537, 86.757782,12.053430, 273.169189, 1.055098
5, 607,7,102.665535, 102.755028, 128.869537, 86.757782,12.053430, 273.169189, 0.999129
5, 607,8,12.053430, 11.645086, 128.869537, 86.757782,12.053430, 273.169189, 1.035066
5, 607,9,207.558685, 207.893219, 128.869537, 86.757782,12.053430, 273.169189, 0.998391
5, 607,10,50.517952, 51.389053, 128.869537, 86.757782,12.053430, 273.169189, 0.983049
5, 607,11,94.995605, 96.240150, 128.869537, 86.757782,12.053430, 273.169189, 0.987068
5, 607,12,93.298096, 94.693283, 128.869537, 86.757782,12.053430, 273.169189, 0.985266
5, 607,13,38.566315, 39.046818, 128.869537, 86.757782,12.053430, 273.169189, 0.987694
5, 607,14,41.905289, 41.011101, 128.869537, 86.757782,12.053430, 273.169189, 1.021804
5, 607,15,95.182289, 92.540756, 128.869537, 86.757782,12.053430, 273.169189, 1.028545
5, 607,16,139.654800, 139.511658, 128.869537, 86.757782,12.053430, 273.169189, 1.001026
5, 607,17,16.001179, 15.557281, 128.869537, 86.757782,12.053430, 273.169189, 1.028533
5, 607,18,215.704086, 214.882782, 128.869537, 86.757782,12.053430, 273.169189, 1.003822
5, 607,19,98.002708, 97.230484, 128.869537, 86.757782,12.053430, 273.169189, 1.007942
5, 607,20,59.706352, 59.843651, 128.869537, 86.757782,12.053430, 273.169189, 0.997706
5, 607,21,201.883606, 202.556915, 128.869537, 86.757782,12.053430, 273.169189, 0.996676
5, 607,22,21.563705, 19.985100, 128.869537, 86.757782,12.053430, 273.169189, 1.078989
5, 607,23,25.590860, 26.229879, 128.869537, 86.757782,12.053430, 273.169189, 0.975638
5, 607,24,107.156105, 107.551140, 128.869537, 86.757782,12.053430, 273.169189, 0.996327
5, 607,25,249.041672, 247.882706, 128.869537, 86.757782,12.053430, 273.169189, 1.004676
5, 607,26,242.598312, 241.097748, 128.869537, 86.757782,12.053430, 273.169189, 1.006224
5, 607,27,84.120636, 83.595093, 128.869537, 86.757782,12.053430, 273.169189, 1.006287
5, 607,28,174.674774, 174.983292, 128.869537, 86.757782,12.053430, 273.169189, 0.998237
5, 607,29,167.837936, 167.674530, 128.869537, 86.757782,12.053430, 273.169189, 1.000975
5, 607,30,273.169189, 275.178040, 128.869537, 86.757782,12.053430, 273.169189, 0.992700
5, 607,31,122.263000, 121.644867, 128.869537, 86.757782,12.053430, 273.169189, 1.005081
5, 608,0,219.545013, 219.922897, 128.732544, 64.659225,16.826668, 221.799271, 0.998282
5, 608,1,18.065121, 16.292269, 128.732544, 64.659225,16.826668, 221.799271, 1.108816
5, 608,2,73.444717, 73.118515, 128.732544, 64.659225,16.826668, 221.799271, 1.004461
5, 608,3,192.328796, 191.581573, 128.732544, 64.659225,16.826668, 221.799271, 1.003900
5, 608,4,202.421616, 201.640060, 128.732544, 64.659225,16.826668, 221.799271, 1.003876
5, 608,5,189.625854, 190.830933, 128.732544, 64.659225,16.826668, 221.799271, 0.993685
5, 608,6,135.579987, 133.306274, 128.732544, 64.659225,16.826668, 221.799271, 1.017056
5, 608,7,136.584229, 136.556854, 128.732544, 64.659225,16.826668, 221.799271, 1.000201
5, 608,8,133.978867, 134.213562, 128.732544, 64.659225,16.826668, 221.799271, 0.998251
5, 608,9,16.826668, 16.533777, 128.732544, 64.659225,16.826668, 221.799271, 1.017715
5, 608,10,88.472084, 88.594620, 128.732544, 64.659225,16.826668, 221.799271, 0.998617
5, 608,11,221.799271, 221.058624, 128.732544, 64.659225,16.826668, 221.799271, 1.003350
5, 608,12,151.977783, 153.651733, 128.732544, 64.659225,16.826668, 221.799271, 0.989106
5, 608,13,51.052589, 50.501587, 128.732544, 64.659225,16.826668, 221.799271, 1.010911
5, 608,14,184.996033, 184.812805, 128.732544, 64.659225,16.826668, 221.799271, 1.000991
5, 608,15,51.476746, 51.957165, 128.732544, 64.659225,16.826668, 221.799271, 0.990754
5, 608,16,83.196960, 85.533340, 128.732544, 64.659225,16.826668, 221.799271, 0.972685
5, 608,17,65.773674, 64.998611, 128.732544, 64.659225,16.826668, 221.799271, 1.011924
5, 608,18,42.042061, 42.969143, 128.732544, 64.659225,16.826668, 221.799271, 0.978424
5, 608,19,209.480499, 209.877441, 128.732544, 64.659225,16.826668, 221.799271, 0.998109
5, 608,20,178.340591, 177.763397, 128.732544, 64.659225,16.826668, 221.799271, 1.003247
5, 608,21,82.612938, 84.188721, 128.732544, 64.659225,16.826668, 221.799271, 0.981283
5, 608,22,172.556091, 174.232147, 128.732544, 64.659225,16.826668, 221.799271, 0.990380
5, 608,23,83.040924, 83.770981, 128.732544, 64.659225,16.826668, 221.799271, 0.991285
5, 608,24,31.925276, 30.789291, 128.732544, 64.659225,16.826668, 221.799271, 1.036895
5, 608,25,198.284164, 198.193680, 128.732544, 64.659225,16.826668, 221.799271, 1.000457
5, 608,26,104.640205, 104.951912, 128.732544, 64.659225,16.826668, 221.799271, 0.997030
5, 608,27,99.825851, 100.513374, 128.732544, 64.659225,16.826668, 221.799271, 0.993160
5, 608,28,169.776276, 169.969849, 128.732544, 64.659225,16.826668, 221.799271, 0.998861
5, 608,29,150.342651, 150.237976, 128.732544, 64.659225,16.826668, 221.799271, 1.000697
5, 608,30,176.696884, 176.470993, 128.732544, 64.659225,16.826668, 221.799271, 1.001280
5, 608,31,202.730286, 201.966431, 128.732544, 64.659225,16.826668, 221.799271, 1.003782
5, 609,0,120.307068, 121.287056, 128.799591, 61.835232,12.670424, 223.898682, 0.991920
5, 609,1,14.195770, 13.917229, 128.799591, 61.835232,12.670424, 223.898682, 1.020014
5, 609,2,78.843636, 77.523315, 128.799591, 61.835232,12.670424, 223.898682, 1.017031
5, 609,3,223.898682, 224.132843, 128.799591, 61.835232,12.670424, 223.898682, 0.998955
5, 609,4,197.410782, 196.725739, 128.799591, 61.835232,12.670424, 223.898682, 1.003482
5, 609,5,181.813217, 180.328659, 128.799591, 61.835232,12.670424, 223.898682, 1.008232
5, 609,6,92.379837, 92.046051, 128.799591, 61.835232,12.670424, 223.898682, 1.003626
5, 609,7,191.815186, 191.426346, 128.799591, 61.835232,12.670424, 223.898682, 1.002031
5, 609,8,24.544634, 24.556450, 128.799591, 61.835232,12.670424, 223.898682, 0.999519
5, 609,9,12.670424, 11.685555, 128.799591, 61.835232,12.670424, 223.898682, 1.084281
5, 609,10,72.445808, 71.711517, 128.799591, 61.835232,12.670424, 223.898682, 1.010239
5, 609,11,75.994614, 76.296234, 128.799591, 61.835232,12.670424, 223.898682, 0.996047
5, 609,12,197.531204, 197.979797, 128.799591, 61.835232,12.670424, 223.898682, 0.997734
5, 609,13,119.929527, 119.911636, 128.799591, 61.835232,12.670424, 223.898682, 1.000149
5, 609,14,175.710373, 174.827011, 128.799591, 61.835232,12.670424, 223.898682, 1.005053
5, 609,15,160.063431, 159.967163, 128.799591, 61.835232,12.670424, 223.898682, 1.000602
5, 609,16,144.733566, 145.741089, 128.799591, 61.835232,12.670424, 223.898682, 0.993087
5, 609,17,185.995468, 186.497787, 128.799591, 61.835232,12.670424, 223.898682, 0.997307
5, 609,18,54.129818, 52.590595, 128.799591, 61.835232,12.670424, 223.898682, 1.029268
5, 609,19,209.428848, 209.940475, 128.799591, 61.835232,12.670424, 223.898682, 0.997563
5, 609,20,92.786690, 93.778801, 128.799591, 61.835232,12.670424, 223.898682, 0.989421
5, 609,21,174.316650, 174.934891, 128.799591, 61.835232,12.670424, 223.898682, 0.996466
5, 609,22,210.641663, 210.331528, 128.799591, 61.835232,12.670424, 223.898682, 1.001474
5, 609,23,62.636341, 63.553436, 128.799591, 61.835232,12.670424, 223.898682, 0.985570
5, 609,24,115.671715, 115.522453, 128.799591, 61.835232,12.670424, 223.898682, 1.001292
5, 609,25,112.736870, 114.457191, 128.799591, 61.835232,12.670424, 223.898682, 0.984970
5, 609,26,143.220779, 143.206009, 128.799591, 61.835232,12.670424, 223.898682, 1.000103
5, 609,27,168.001129, 167.053223, 128.799591, 61.835232,12.670424, 223.898682, 1.005674
5, 609,28,197.922684, 199.233841, 128.799591, 61.835232,12.670424, 223.898682, 0.993419
5, 609,29,146.795578, 146.550140, 128.799591, 61.835232,12.670424, 223.898682, 1.001675
5, 609,30,102.415497, 102.145897, 128.799591, 61.835232,12.670424, 223.898682, 1.002639
5, 609,31,60.599823, 61.139725, 128.799591, 61.835232,12.670424, 223.898682, 0.991169
5, 610,0,74.149414, 73.892166, 128.923248, 74.935051,14.635441, 248.383530, 1.003481
5, 610,1,222.871826, 222.462280, 128.923248, 74.935051,14.635441, 248.383530, 1.001841
5, 610,2,216.841476, 216.491119, 128.923248, 74.935051,14.635441, 248.383530, 1.001618
5, 610,3,221.984802, 221.475616, 128.923248, 74.935051,14.635441, 248.383530, 1.002299
5, 610,4,39.453938, 38.481789, 128.923248, 74.935051,14.635441, 248.383530, 1.025263
5, 610,5,155.310318, 155.500488, 128.923248, 74.935051,14.635441, 248.383530, 0.998777
5, 610,6,197.121521, 196.487381, 128.923248, 74.935051,14.635441, 248.383530, 1.003227
5, 610,7,51.846912, 52.170879, 128.923248, 74.935051,14.635441, 248.383530, 0.993790
5, 610,8,77.296394, 78.503929, 128.923248, 74.935051,14.635441, 248.383530, 0.984618
5, 610,9,116.460373, 116.750053, 128.923248, 74.935051,14.635441, 248.383530, 0.997519
5, 610,10,204.742386, 203.993347, 128.923248, 74.935051,14.635441, 248.383530, 1.003672
5, 610,11,189.327545, 189.836487, 128.923248, 74.935051,14.635441, 248.383530, 0.997319
5, 610,12,160.527115, 162.078278, 128.923248, 74.935051,14.635441, 248.383530, 0.990430
5, 610,13,234.804245, 234.689651, 128.923248, 74.935051,14.635441, 248.383530, 1.000488
5, 610,14,114.366203, 114.243195, 128.923248, 74.935051,14.635441, 248.383530, 1.001077
5, 610,15,106.489571, 107.073410, 128.923248, 74.935051,14.635441, 248.383530, 0.994547
5, 610,16,146.494400, 145.977325, 128.923248, 74.935051,14.635441, 248.383530, 1.003542
5, 610,17,248.383530, 247.786728, 128.923248, 74.935051,14.635441, 248.383530, 1.002409
5, 610,18,31.399733, 31.341240, 128.923248, 74.935051,14.635441, 248.383530, 1.001866
5, 610,19,215.883987, 215.731018, 128.923248, 74.935051,14.635441, 248.383530, 1.000709
5, 610,20,95.201706, 94.641411, 128.923248, 74.935051,14.635441, 248.383530, 1.005920
5, 610,21,14.635441, 14.282866, 128.923248, 74.935051,14.635441, 248.383530, 1.024685
5, 610,22,106.641823, 106.145210, 128.923248, 74.935051,14.635441, 248.383530, 1.004679
5, 610,23,48.576324, 48.436161, 128.923248, 74.935051,14.635441, 248.383530, 1.002894
5, 610,24,136.739502, 137.565094, 128.923248, 74.935051,14.635441, 248.383530, 0.993999
5, 610,25,210.026932, 209.511368, 128.923248, 74.935051,14.635441, 248.383530, 1.002461
5, 610,26,31.042093, 30.829636, 128.923248, 74.935051,14.635441, 248.383530, 1.006891
5, 610,27,45.220791, 44.145988, 128.923248, 74.935051,14.635441, 248.383530, 1.024347
5, 610,28,52.173008, 52.061249, 128.923248, 74.935051,14.635441, 248.383530, 1.002147
5, 610,29,15.116223, 15.094126, 128.923248, 74.935051,14.635441, 248.383530, 1.001464
5, 610,30,134.775269, 133.735352, 128.923248, 74.935051,14.635441, 248.383530, 1.007776
5, 610,31,209.639328, 209.584473, 128.923248, 74.935051,14.635441, 248.383530, 1.000262
5, 611,0,64.924583, 64.484123, 128.901627, 52.076633,17.215704, 209.811066, 1.006831
5, 611,1,182.116974, 183.551666, 128.901627, 52.076633,17.215704, 209.811066, 0.992184
5, 611,2,108.770470, 109.576942, 128.901627, 52.076633,17.215704, 209.811066, 0.992640
5, 611,3,54.353935, 55.256191, 128.901627, 52.076633,17.215704, 209.811066, 0.983671
5, 611,4,20.911324, 20.595480, 128.901627, 52.076633,17.215704, 209.811066, 1.015336
5, 611,5,127.922035, 128.305099, 128.901627, 52.076633,17.215704, 209.811066, 0.997014
5, 611,6,75.019913, 74.274811, 128.901627, 52.076633,17.215704, 209.811066, 1.010032
5, 611,7,75.174965, 75.339798, 128.901627, 52.076633,17.215704, 209.811066, 0.997812
5, 611,8,102.827637, 103.568199, 128.901627, 52.076633,17.215704, 209.811066, 0.992850
5, 611,9,190.709137, 188.997650, 128.901627, 52.076633,17.215704, 209.811066, 1.009056
5, 611,10,115.522438, 116.287605, 128.901627, 52.076633,17.215704, 209.811066, 0.993420
5, 611,11,181.268188, 180.538208, 128.901627, 52.076633,17.215704, 209.811066, 1.004043
5, 611,12,150.475479, 151.135910, 128.901627, 52.076633,17.215704, 209.811066, 0.995630
5, 611,13,147.638077, 148.443161, 128.901627, 52.076633,17.215704, 209.811066, 0.994576
5, 611,14,123.926704, 123.948303, 128.901627, 52.076633,17.215704, 209.811066, 0.999826
5, 611,15,121.206772, 120.384209, 128.901627, 52.076633,17.215704, 209.811066, 1.006833
5, 611,16,191.046478, 192.519394, 128.901627, 52.076633,17.215704, 209.811066, 0.992349
5, 611,17,201.454422, 201.801788, 128.901627, 52.076633,17.215704, 209.811066, 0.998279
5, 611,18,151.789917, 150.512650, 128.901627, 52.076633,17.215704, 209.811066, 1.008486
5, 611,19,100.139168, 99.271912, 128.901627, 52.076633,17.215704, 209.811066, 1.008736
5, 611,20,209.811066, 207.556381, 128.901627, 52.076633,17.215704, 209.811066, 1.010863
5, 611,21,118.885529, 117.655159, 128.901627, 52.076633,17.215704, 209.811066, 1.010457
5, 611,22,81.160408, 80.519539, 128.901627, 52.076633,17.215704, 209.811066, 1.007959
5, 611,23,17.215704, 17.509418, 128.901627, 52.076633,17.215704, 209.811066, 0.983225
5, 611,24,148.281387, 148.019592, 128.901627, 52.076633,17.215704, 209.811066, 1.001769
5, 611,25,189.678696, 190.256287, 128.901627, 52.076633,17.215704, 209.811066, 0.996964
5, 611,26,71.210594, 69.597305, 128.901627, 52.076633,17.215704, 209.811066, 1.023180
5, 611,27,159.862305, 159.637695, 128.901627, 52.076633,17.215704, 209.811066, 1.001407
5, 611,28,178.351639, 177.760757, 128.901627, 52.076633,17.215704, 209.811066, 1.003324
5, 611,29,147.012436, 147.335815, 128.901627, 52.076633,17.215704, 209.811066, 0.997805
5, 611,30,176.786163, 177.524780, 128.901627, 52.076633,17.215704, 209.811066, 0.995839
5, 611,31,139.397110, 138.834015, 128.901627, 52.076633,17.215704, 209.811066, 1.004056
5, 612,0,223.121948, 226.128494, 128.662598, 66.132622,11.647341, 237.939117, 0.986704
5, 612,1,11.647341, 10.203895, 128.662598, 66.132622,11.647341, 237.939117, 1.141460
5, 612,2,105.814865, 106.568794, 128.662598, 66.132622,11.647341, 237.939117, 0.992925
5, 612,3,165.175858, 165.304565, 128.662598, 66.132622,11.647341, 237.939117, 0.999221
5, 612,4,214.912231, 215.300980, 128.662598, 66.132622,11.647341, 237.939117, 0.998194
5, 612,5,69.287903, 70.127876, 128.662598, 66.132622,11.647341, 237.939117, 0.988022
5, 612,6,168.281189, 168.876236, 128.662598, 66.132622,11.647341, 237.939117, 0.996476
5, 612,7,122.561920, 121.938248, 128.662598, 66.132622,11.647341, 237.939117, 1.005115
5, 612,8,69.279434, 69.994293, 128.662598, 66.132622,11.647341, 237.939117, 0.989787
5, 612,9,175.960388, 175.358688, 128.662598, 66.132622,11.647341, 237.939117, 1.003431
5, 612,10,170.202133, 168.960617, 128.662598, 66.132622,11.647341, 237.939117, 1.007348
5, 612,11,51.124928, 51.369553, 128.662598, 66.132622,11.647341, 237.939117, 0.995238
5, 612,12,165.605865, 165.557678, 128.662598, 66.132622,11.647341, 237.939117, 1.000291
5, 612,13,66.024849, 66.584320, 128.662598, 66.132622,11.647341, 237.939117, 0.991598
5, 612,14,12.007145, 12.355337, 128.662598, 66.132622,11.647341, 237.939117, 0.971819
5, 612,15,205.247406, 204.691422, 128.662598, 66.132622,11.647341, 237.939117, 1.002716
5, 612,16,190.621262, 191.107803, 128.662598, 66.132622,11.647341, 237.939117, 0.997454
5, 612,17,155.551758, 155.510574, 128.662598, 66.132622,11.647341, 237.939117, 1.000265
5, 612,18,141.796860, 142.025406, 128.662598, 66.132622,11.647341, 237.939117, 0.998391
5, 612,19,92.708191, 93.716393, 128.662598, 66.132622,11.647341, 237.939117, 0.989242
5, 612,20,127.945732, 125.988022, 128.662598, 66.132622,11.647341, 237.939117, 1.015539
5, 612,21,237.939117, 236.941956, 128.662598, 66.132622,11.647341, 237.939117, 1.004208
5, 612,22,16.736502, 16.770714, 128.662598, 66.132622,11.647341, 237.939117, 0.997960
5, 612,23,90.394241, 89.385391, 128.662598, 66.132622,11.647341, 237.939117, 1.011286
5, 612,24,195.212891, 196.148926, 128.662598, 66.132622,11.647341, 237.939117, 0.995228
5, 612,25,108.272781, 109.219437, 128.662598, 66.132622,11.647341, 237.939117, 0.991333
5, 612,26,78.715500, 80.167938, 128.662598, 66.132622,11.647341, 237.939117, 0.981883
5, 612,27,150.832397, 151.650650, 128.662598, 66.132622,11.647341, 237.939117, 0.994604
5, 612,28,223.099762, 220.806137, 128.662598, 66.132622,11.647341, 237.939117, 1.010388
5, 612,29,181.014450, 180.681046, 128.662598, 66.132622,11.647341, 237.939117, 1.001845
5, 612,30,84.175308, 85.061417, 128.662598, 66.132622,11.647341, 237.939117, 0.989583
5, 612,31,45.930901, 46.497169, 128.662598, 66.132622,11.647341, 237.939117, 0.987821
5, 613,0,28.490381, 28.301783, 128.703690, 77.538292,11.511154, 252.934509, 1.006664
5, 613,1,26.436516, 25.944679, 128.703690, 77.538292,11.511154, 252.934509, 1.018957
5, 613,2,124.046341, 125.361305, 128.703690, 77.538292,11.511154, 252.934509, 0.989511
5, 613,3,240.818024, 239.475616, 128.703690, 77.538292,11.511154, 252.934509, 1.005606
5, 613,4,203.564636, 204.506821, 128.703690, 77.538292,11.511154, 252.934509, 0.995393
5, 613,5,110.329498, 110.785263, 128.703690, 77.538292,11.511154, 252.934509, 0.995886
5, 613,6,188.420990, 187.695343, 128.703690, 77.538292,11.511154, 252.934509, 1.003866
5, 613,7,103.470749, 104.854492, 128.703690, 77.538292,11.511154, 252.934509, 0.986803
5, 613,8,182.856873, 183.110382, 128.703690, 77.538292,11.511154, 252.934509, 0.998616
5, 613,9,11.511154, 12.767698, 128.703690, 77.538292,11.511154, 252.934509, 0.901584
5, 613,10,48.837635, 50.047981, 128.703690, 77.538292,11.511154, 252.934509, 0.975816
5, 613,11,83.818619, 82.902992, 128.703690, 77.538292,11.511154, 252.934509, 1.011045
5, 613,12,16.345360, 16.356581, 128.703690, 77.538292,11.511154, 252.934509, 0.999314
5, 613,13,93.604515, 92.126122, 128.703690, 77.538292,11.511154, 252.934509, 1.016047
5, 613,14,195.091492, 195.397751, 128.703690, 77.538292,11.511154, 252.934509, 0.998433
5, 613,15,137.136780, 138.013641, 128.703690, 77.538292,11.511154, 252.934509, 0.993647
5, 613,16,181.883377, 180.517563, 128.703690, 77.538292,11.511154, 252.934509, 1.007566
5, 613,17,177.308914, 178.533035, 128.703690, 77.538292,11.511154, 252.934509, 0.993143
5, 613,18,223.935013, 224.352127, 128.703690, 77.538292,11.511154, 252.934509, 0.998141
5, 613,19,87.967041, 88.362350, 128.703690, 77.538292,11.511154, 252.934509, 0.995526
5, 613,20,252.934509, 253.336899, 128.703690, 77.538292,11.511154, 252.934509, 0.998412
5, 613,21,82.996674, 81.960152, 128.703690, 77.538292,11.511154, 252.934509, 1.012647
5, 613,22,218.218231, 219.022034, 128.703690, 77.538292,11.511154, 252.934509, 0.996330
5, 613,23,30.455124, 30.362350, 128.703690, 77.538292,11.511154, 252.934509, 1.003056
5, 613,24,38.987469, 38.589409, 128.703690, 77.538292,11.511154, 252.934509, 1.010315
5, 613,25,237.131256, 236.418991, 128.703690, 77.538292,11.511154, 252.934509, 1.003013
5, 613,26,213.183228, 213.296555, 128.703690, 77.538292,11.511154, 252.934509, 0.999469
5, 613,27,215.275574, 214.771637, 128.703690, 77.538292,11.511154, 252.934509, 1.002346
5, 613,28,92.426155, 93.662033, 128.703690, 77.538292,11.511154, 252.934509, 0.986805
5, 613,29,149.109024, 148.476151, 128.703690, 77.538292,11.511154, 252.934509, 1.004262
5, 613,30,20.393661, 19.907448, 128.703690, 77.538292,11.511154, 252.934509, 1.024424
5, 613,31,101.532944, 101.782639, 128.703690, 77.538292,11.511154, 252.934509, 0.997547
5, 614,0,214.954132, 213.966583, 128.809937, 62.748917,20.768211, 231.016632, 1.004615
5, 614,1,156.883362, 155.802597, 128.809937, 62.748917,20.768211, 231.016632, 1.006937
5, 614,2,42.151615, 41.554855, 128.809937, 62.748917,20.768211, 231.016632, 1.014361
5, 614,3,167.524918, 168.160034, 128.809937, 62.748917,20.768211, 231.016632, 0.996223
5, 614,4,185.593750, 185.373642, 128.809937, 62.748917,20.768211, 231.016632, 1.001187
5, 614,5,34.530624, 35.383026, 128.809937, 62.748917,20.768211, 231.016632, 0.975909
5, 614,6,98.222809, 97.872803, 128.809937, 62.748917,20.768211, 231.016632, 1.003576
5, 614,7,73.609772, 73.385239, 128.809937, 62.748917,20.768211, 231.016632, 1.003060
5, 614,8,60.963943, 60.683395, 128.809937, 62.748917,20.768211, 231.016632, 1.004623
5, 614,9,165.516357, 164.495499, 128.809937, 62.748917,20.768211, 231.016632, 1.006206
5, 614,10,121.706177, 121.402893, 128.809937, 62.748917,20.768211, 231.016632, 1.002498
5, 614,11,192.890289, 193.660156, 128.809937, 62.748917,20.768211, 231.016632, 0.996025
5, 614,12,47.129932, 48.188198, 128.809937, 62.748917,20.768211, 231.016632, 0.978039
5, 614,13,231.016632, 231.373062, 128.809937, 62.748917,20.768211, 231.016632, 0.998460
5, 614,14,221.518509, 220.985641, 128.809937, 62.748917,20.768211, 231.016632, 1.002411
5, 614,15,87.118301, 86.197304, 128.809937, 62.748917,20.768211, 231.016632, 1.010685
5, 614,16,132.884415, 132.189819, 128.809937, 62.748917,20.768211, 231.016632, 1.005255
5, 614,17,139.003662, 139.484436, 128.809937, 62.748917,20.768211, 231.016632, 0.996553
5, 614,18,100.356033, 101.351341, 128.809937, 62.748917,20.768211, 231.016632, 0.990180
5, 614,19,20.768211, 21.503300, 128.809937, 62.748917,20.768211, 231.016632, 0.965815
5, 614,20,105.682571, 105.684021, 128.809937, 62.748917,20.768211, 231.016632, 0.999986
5, 614,21,163.462646, 163.489822, 128.809937, 62.748917,20.768211, 231.016632, 0.999834
5, 614,22,90.504341, 90.529976, 128.809937, 62.748917,20.768211, 231.016632, 0.999717
5, 614,23,185.745880, 186.475754, 128.809937, 62.748917,20.768211, 231.016632, 0.996086
5, 614,24,71.737053, 70.698837, 128.809937, 62.748917,20.768211, 231.016632, 1.014685
5, 614,25,153.677505, 153.453705, 128.809937, 62.748917,20.768211, 231.016632, 1.001458
5, 614,26,56.781178, 56.956875, 128.809937, 62.748917,20.768211, 231.016632, 0.996915
5, 614,27,124.328796, 124.206398, 128.809937, 62.748917,20.768211, 231.016632, 1.000985
5, 614,28,229.088791, 228.500687, 128.809937, 62.748917,20.768211, 231.016632, 1.002574
5, 614,29,192.315552, 192.509827, 128.809937, 62.748917,20.768211, 231.016632, 0.998991
5, 614,30,60.181976, 60.400978, 128.809937, 62.748917,20.768211, 231.016632, 0.996374
5, 614,31,194.068192, 195.079117, 128.809937, 62.748917,20.768211, 231.016632, 0.994818
5, 615,0,20.542416, 21.811264, 128.817215, 47.108913,20.542416, 210.762436, 0.941826
5, 615,1,31.634834, 32.279068, 128.817215, 47.108913,20.542416, 210.762436, 0.980042
5, 615,2,134.321518, 134.711761, 128.817215, 47.108913,20.542416, 210.762436, 0.997103
5, 615,3,169.161346, 168.173904, 128.817215, 47.108913,20.542416, 210.762436, 1.005872
5, 615,4,181.994751, 181.459274, 128.817215, 47.108913,20.542416, 210.762436, 1.002951
5, 615,5,163.641663, 163.104843, 128.817215, 47.108913,20.542416, 210.762436, 1.003291
5, 615,6,186.661621, 187.019699, 128.817215, 47.108913,20.542416, 210.762436, 0.998085
5, 615,7,210.762436, 210.629791, 128.817215, 47.108913,20.542416, 210.762436, 1.000630
5, 615,8,151.993790, 153.756577, 128.817215, 47.108913,20.542416, 210.762436, 0.988535
5, 615,9,96.173325, 95.732742, 128.817215, 47.108913,20.542416, 210.762436, 1.004602
5, 615,10,191.707214, 191.348633, 128.817215, 47.108913,20.542416, 210.762436, 1.001874
5, 615,11,87.895203, 89.202026, 128.817215, 47.108913,20.542416, 210.762436, 0.985350
5, 615,12,94.454269, 95.390656, 128.817215, 47.108913,20.542416, 210.762436, 0.990184
5, 615,13,113.979691, 114.112045, 128.817215, 47.108913,20.542416, 210.762436, 0.998840
5, 615,14,193.847946, 192.797821, 128.817215, 47.108913,20.542416, 210.762436, 1.005447
5, 615,15,137.311142, 136.832703, 128.817215, 47.108913,20.542416, 210.762436, 1.003497
5, 615,16,151.295212, 150.485016, 128.817215, 47.108913,20.542416, 210.762436, 1.005384
5, 615,17,128.231720, 127.503113, 128.817215, 47.108913,20.542416, 210.762436, 1.005714
5, 615,18,150.877472, 151.990189, 128.817215, 47.108913,20.542416, 210.762436, 0.992679
5, 615,19,81.942131, 81.607742, 128.817215, 47.108913,20.542416, 210.762436, 1.004097
5, 615,20,164.296982, 164.815262, 128.817215, 47.108913,20.542416, 210.762436, 0.996855
5, 615,21,146.286880, 145.689606, 128.817215, 47.108913,20.542416, 210.762436, 1.004100
5, 615,22,70.885948, 73.522087, 128.817215, 47.108913,20.542416, 210.762436, 0.964145
5, 615,23,116.128975, 113.676651, 128.817215, 47.108913,20.542416, 210.762436, 1.021573
5, 615,24,77.523903, 77.123306, 128.817215, 47.108913,20.542416, 210.762436, 1.005194
5, 615,25,149.675003, 149.533401, 128.817215, 47.108913,20.542416, 210.762436, 1.000947
5, 615,26,113.689735, 114.018738, 128.817215, 47.108913,20.542416, 210.762436, 0.997114
5, 615,27,179.728577, 178.853195, 128.817215, 47.108913,20.542416, 210.762436, 1.004894
5, 615,28,128.612717, 127.727028, 128.817215, 47.108913,20.542416, 210.762436, 1.006934
5, 615,29,101.318787, 102.051987, 128.817215, 47.108913,20.542416, 210.762436, 0.992815
5, 615,30,65.419235, 64.882889, 128.817215, 47.108913,20.542416, 210.762436, 1.008266
5, 615,31,130.154541, 129.157562, 128.817215, 47.108913,20.542416, 210.762436, 1.007719
5, 616,0,118.395348, 118.189758, 128.793777, 54.377415,14.512684, 197.460739, 1.001740
5, 616,1,123.257011, 123.145279, 128.793777, 54.377415,14.512684, 197.460739, 1.000907
5, 616,2,142.031067, 142.089447, 128.793777, 54.377415,14.512684, 197.460739, 0.999589
5, 616,3,188.132935, 188.161942, 128.793777, 54.377415,14.512684, 197.460739, 0.999846
5, 616,4,169.979370, 169.165771, 128.793777, 54.377415,14.512684, 197.460739, 1.004809
5, 616,5,192.609283, 193.302277, 128.793777, 54.377415,14.512684, 197.460739, 0.996415
5, 616,6,95.979454, 96.658081, 128.793777, 54.377415,14.512684, 197.460739, 0.992979
5, 616,7,166.031189, 165.330719, 128.793777, 54.377415,14.512684, 197.460739, 1.004237
5, 616,8,85.583122, 85.545700, 128.793777, 54.377415,14.512684, 197.460739, 1.000437
5, 616,9,139.317047, 139.409546, 128.793777, 54.377415,14.512684, 197.460739, 0.999336
5, 616,10,49.759426, 49.210991, 128.793777, 54.377415,14.512684, 197.460739, 1.011145
5, 616,11,141.223190, 141.413712, 128.793777, 54.377415,14.512684, 197.460739, 0.998653
5, 616,12,197.460739, 198.096085, 128.793777, 54.377415,14.512684, 197.460739, 0.996793
5, 616,13,107.125931, 107.054283, 128.793777, 54.377415,14.512684, 197.460739, 1.000669
5, 616,14,30.689587, 29.204086, 128.793777, 54.377415,14.512684, 197.460739, 1.050866
5, 616,15,48.919434, 48.829796, 128.793777, 54.377415,14.512684, 197.460739, 1.001836
5, 616,16,174.074036, 174.028885, 128.793777, 54.377415,14.512684, 197.460739, 1.000259
5, 616,17,146.294617, 146.167068, 128.793777, 54.377415,14.512684, 197.460739, 1.000873
5, 616,18,177.367340, 177.113098, 128.793777, 54.377415,14.512684, 197.460739, 1.001436
5, 616,19,14.512684, 14.811129, 128.793777, 54.377415,14.512684, 197.460739, 0.979850
5, 616,20,163.211105, 162.211884, 128.793777, 54.377415,14.512684, 197.460739, 1.006160
5, 616,21,16.595894, 16.514950, 128.793777, 54.377415,14.512684, 197.460739, 1.004901
5, 616,22,120.601418, 121.412575, 128.793777, 54.377415,14.512684, 197.460739, 0.993319
5, 616,23,171.253311, 172.232651, 128.793777, 54.377415,14.512684, 197.460739, 0.994314
5, 616,24,154.565842, 154.045090, 128.793777, 54.377415,14.512684, 197.460739, 1.003381
5, 616,25,181.916382, 182.351624, 128.793777, 54.377415,14.512684, 197.460739, 0.997613
5, 616,26,87.464729, 87.353485, 128.793777, 54.377415,14.512684, 197.460739, 1.001274
5, 616,27,195.955154, 195.855118, 128.793777, 54.377415,14.512684, 197.460739, 1.000511
5, 616,28,167.991714, 168.345627, 128.793777, 54.377415,14.512684, 197.460739, 0.997898
5, 616,29,145.045181, 146.005371, 128.793777, 54.377415,14.512684, 197.460739, 0.993424
5, 616,30,148.061462, 147.541672, 128.793777, 54.377415,14.512684, 197.460739, 1.003523
5, 616,31,59.995499, 60.202084, 128.793777, 54.377415,14.512684, 197.460739, 0.996569
5, 617,0,201.287766, 202.101776, 128.501511, 71.627449,14.270827, 225.957718, 0.995972
5, 617,1,18.752199, 17.929291, 128.501511, 71.627449,14.270827, 225.957718, 1.045897
5, 617,2,197.766724, 199.119202, 128.501511, 71.627449,14.270827, 225.957718, 0.993208
5, 617,3,14.642543, 14.768156, 128.501511, 71.627449,14.270827, 225.957718, 0.991494
5, 617,4,127.618835, 129.144379, 128.501511, 71.627449,14.270827, 225.957718, 0.988187
5, 617,5,160.382202, 160.259720, 128.501511, 71.627449,14.270827, 225.957718, 1.000764
5, 617,6,144.925095, 144.434219, 128.501511, 71.627449,14.270827, 225.957718, 1.003399
5, 617,7,149.400894, 150.954880, 128.501511, 71.627449,14.270827, 225.957718, 0.989706
5, 617,8,223.186707, 221.121506, 128.501511, 71.627449,14.270827, 225.957718, 1.009340
5, 617,9,165.339844, 165.861145, 128.501511, 71.627449,14.270827, 225.957718, 0.996857
5, 617,10,218.217957, 217.940506, 128.501511, 71.627449,14.270827, 225.957718, 1.001273
5, 617,11,103.982048, 105.171326, 128.501511, 71.627449,14.270827, 225.957718, 0.988692
5, 617,12,14.270827, 14.146509, 128.501511, 71.627449,14.270827, 225.957718, 1.008788
5, 617,13,195.637985, 196.586319, 128.501511, 71.627449,14.270827, 225.957718, 0.995176
5, 617,14,47.612274, 48.065884, 128.501511, 71.627449,14.270827, 225.957718, 0.990563
5, 617,15,107.276024, 108.504402, 128.501511, 71.627449,14.270827, 225.957718, 0.988679
5, 617,16,57.899345, 57.324436, 128.501511, 71.627449,14.270827, 225.957718, 1.010029
5, 617,17,187.188278, 187.288086, 128.501511, 71.627449,14.270827, 225.957718, 0.999467
5, 617,18,174.825226, 176.118286, 128.501511, 71.627449,14.270827, 225.957718, 0.992658
5, 617,19,207.298721, 208.119827, 128.501511, 71.627449,14.270827, 225.957718, 0.996055
5, 617,20,72.344589, 71.688431, 128.501511, 71.627449,14.270827, 225.957718, 1.009153
5, 617,21,194.880493, 195.389328, 128.501511, 71.627449,14.270827, 225.957718, 0.997396
5, 617,22,58.744732, 59.625851, 128.501511, 71.627449,14.270827, 225.957718, 0.985223
5, 617,23,216.454071, 216.637711, 128.501511, 71.627449,14.270827, 225.957718, 0.999152
5, 617,24,104.446075, 104.390961, 128.501511, 71.627449,14.270827, 225.957718, 1.000528
5, 617,25,216.121063, 215.797821, 128.501511, 71.627449,14.270827, 225.957718, 1.001498
5, 617,26,62.295307, 63.130875, 128.501511, 71.627449,14.270827, 225.957718, 0.986764
5, 617,27,52.293339, 51.279926, 128.501511, 71.627449,14.270827, 225.957718, 1.019762
5, 617,28,80.584686, 80.107094, 128.501511, 71.627449,14.270827, 225.957718, 1.005962
5, 617,29,35.644840, 36.962234, 128.501511, 71.627449,14.270827, 225.957718, 0.964358
5, 617,30,74.769638, 75.233124, 128.501511, 71.627449,14.270827, 225.957718, 0.993839
5, 617,31,225.957718, 225.797058, 128.501511, 71.627449,14.270827, 225.957718, 1.000712
5, 618,0,195.728256, 195.558517, 128.694351, 56.932564,15.534397, 222.238586, 1.000868
5, 618,1,38.634384, 38.777489, 128.694351, 56.932564,15.534397, 222.238586, 0.996310
5, 618,2,68.230583, 68.354172, 128.694351, 56.932564,15.534397, 222.238586, 0.998192
5, 618,3,200.564728, 200.873138, 128.694351, 56.932564,15.534397, 222.238586, 0.998465
5, 618,4,151.192154, 151.330048, 128.694351, 56.932564,15.534397, 222.238586, 0.999089
5, 618,5,40.305485, 39.663254, 128.694351, 56.932564,15.534397, 222.238586, 1.016192
5, 618,6,222.238586, 222.864166, 128.694351, 56.932564,15.534397, 222.238586, 0.997193
5, 618,7,197.891220, 198.848526, 128.694351, 56.932564,15.534397, 222.238586, 0.995186
5, 618,8,119.485046, 120.208267, 128.694351, 56.932564,15.534397, 222.238586, 0.993984
5, 618,9,131.003479, 130.810837, 128.694351, 56.932564,15.534397, 222.238586, 1.001473
5, 618,10,79.878471, 79.209831, 128.694351, 56.932564,15.534397, 222.238586, 1.008441
5, 618,11,89.694183, 89.126434, 128.694351, 56.932564,15.534397, 222.238586, 1.006370
5, 618,12,124.477638, 124.843552, 128.694351, 56.932564,15.534397, 222.238586, 0.997069
5, 618,13,165.090363, 165.142700, 128.694351, 56.932564,15.534397, 222.238586, 0.999683
5, 618,14,206.539627, 207.046875, 128.694351, 56.932564,15.534397, 222.238586, 0.997550
5, 618,15,68.177002, 68.946899, 128.694351, 56.932564,15.534397, 222.238586, 0.988833
5, 618,16,74.743752, 74.461304, 128.694351, 56.932564,15.534397, 222.238586, 1.003793
5, 618,17,112.213768, 112.442795, 128.694351, 56.932564,15.534397, 222.238586, 0.997963
5, 618,18,186.124313, 186.034851, 128.694351, 56.932564,15.534397, 222.238586, 1.000481
5, 618,19,203.891602, 204.263031, 128.694351, 56.932564,15.534397, 222.238586, 0.998182
5, 618,20,191.674881, 191.988815, 128.694351, 56.932564,15.534397, 222.238586, 0.998365
5, 618,21,114.599319, 114.720482, 128.694351, 56.932564,15.534397, 222.238586, 0.998944
5, 618,22,103.538956, 103.878151, 128.694351, 56.932564,15.534397, 222.238586, 0.996735
5, 618,23,108.595520, 109.359253, 128.694351, 56.932564,15.534397, 222.238586, 0.993016
5, 618,24,147.932419, 147.553864, 128.694351, 56.932564,15.534397, 222.238586, 1.002566
5, 618,25,57.903347, 57.764904, 128.694351, 56.932564,15.534397, 222.238586, 1.002397
5, 618,26,15.534397, 13.922689, 128.694351, 56.932564,15.534397, 222.238586, 1.115761
5, 618,27,164.689133, 164.729782, 128.694351, 56.932564,15.534397, 222.238586, 0.999753
5, 618,28,122.862267, 124.097656, 128.694351, 56.932564,15.534397, 222.238586, 0.990045
5, 618,29,112.394974, 111.503746, 128.694351, 56.932564,15.534397, 222.238586, 1.007993
5, 618,30,195.957245, 196.297775, 128.694351, 56.932564,15.534397, 222.238586, 0.998265
5, 618,31,106.431999, 106.375618, 128.694351, 56.932564,15.534397, 222.238586, 1.000530
5, 619,0,178.914902, 179.192337, 128.888412, 70.262527,18.270294, 245.179291, 0.998452
5, 619,1,99.436974, 97.565659, 128.888412, 70.262527,18.270294, 245.179291, 1.019180
5, 619,2,166.929047, 167.875916, 128.888412, 70.262527,18.270294, 245.179291, 0.994360
5, 619,3,102.298637, 101.345009, 128.888412, 70.262527,18.270294, 245.179291, 1.009410
5, 619,4,180.531403, 179.984207, 128.888412, 70.262527,18.270294, 245.179291, 1.003040
5, 619,5,195.075333, 195.799881, 128.888412, 70.262527,18.270294, 245.179291, 0.996300
5, 619,6,80.083427, 80.447021, 128.888412, 70.262527,18.270294, 245.179291, 0.995480
5, 619,7,101.024925, 101.661751, 128.888412, 70.262527,18.270294, 245.179291, 0.993736
5, 619,8,119.593437, 121.379143, 128.888412, 70.262527,18.270294, 245.179291, 0.985288
5, 619,9,245.179291, 244.650620, 128.888412, 70.262527,18.270294, 245.179291, 1.002161
5, 619,10,35.490658, 35.073265, 128.888412, 70.262527,18.270294, 245.179291, 1.011901
5, 619,11,65.464775, 65.502403, 128.888412, 70.262527,18.270294, 245.179291, 0.999426
5, 619,12,115.851822, 116.843925, 128.888412, 70.262527,18.270294, 245.179291, 0.991509
5, 619,13,128.017349, 127.771629, 128.888412, 70.262527,18.270294, 245.179291, 1.001923
5, 619,14,62.909370, 62.586910, 128.888412, 70.262527,18.270294, 245.179291, 1.005152
5, 619,15,28.734175, 29.515825, 128.888412, 70.262527,18.270294, 245.179291, 0.973518
5, 619,16,22.787800, 22.950562, 128.888412, 70.262527,18.270294, 245.179291, 0.992908
5, 619,17,22.757345, 22.151499, 128.888412, 70.262527,18.270294, 245.179291, 1.027350
5, 619,18,38.358940, 38.010357, 128.888412, 70.262527,18.270294, 245.179291, 1.009171
5, 619,19,211.959351, 212.090652, 128.888412, 70.262527,18.270294, 245.179291, 0.999381
5, 619,20,243.468521, 243.837173, 128.888412, 70.262527,18.270294, 245.179291, 0.998488
5, 619,21,138.428955, 137.288391, 128.888412, 70.262527,18.270294, 245.179291, 1.008308
5, 619,22,139.124115, 138.785736, 128.888412, 70.262527,18.270294, 245.179291, 1.002438
5, 619,23,141.292511, 139.995132, 128.888412, 70.262527,18.270294, 245.179291, 1.009267
5, 619,24,18.270294, 16.882010, 128.888412, 70.262527,18.270294, 245.179291, 1.082235
5, 619,25,226.903687, 226.250595, 128.888412, 70.262527,18.270294, 245.179291, 1.002887
5, 619,26,98.078827, 100.034828, 128.888412, 70.262527,18.270294, 245.179291, 0.980447
5, 619,27,203.216370, 204.359192, 128.888412, 70.262527,18.270294, 245.179291, 0.994408
5, 619,28,205.696701, 204.711945, 128.888412, 70.262527,18.270294, 245.179291, 1.004810
5, 619,29,203.249374, 202.991440, 128.888412, 70.262527,18.270294, 245.179291, 1.001271
5, 619,30,105.589409, 104.958778, 128.888412, 70.262527,18.270294, 245.179291, 1.006008
5, 619,31,199.711700, 198.506607, 128.888412, 70.262527,18.270294, 245.179291, 1.006071
5, 620,0,40.853382, 41.155315, 128.824295, 61.317249,14.010131, 212.991440, 0.992664
5, 620,1,14.010131, 14.941611, 128.824295, 61.317249,14.010131, 212.991440, 0.937659
5, 620,2,118.312462, 120.060226, 128.824295, 61.317249,14.010131, 212.991440, 0.985443
5, 620,3,111.282379, 110.987740, 128.824295, 61.317249,14.010131, 212.991440, 1.002655
5, 620,4,64.429909, 65.084808, 128.824295, 61.317249,14.010131, 212.991440, 0.989938
5, 620,5,97.316223, 98.813881, 128.824295, 61.317249,14.010131, 212.991440, 0.984844
5, 620,6,119.545891, 120.053795, 128.824295, 61.317249,14.010131, 212.991440, 0.995769
5, 620,7,152.354401, 152.200012, 128.824295, 61.317249,14.010131, 212.991440, 1.001014
5, 620,8,171.671448, 170.814697, 128.824295, 61.317249,14.010131, 212.991440, 1.005016
5, 620,9,143.285110, 143.211166, 128.824295, 61.317249,14.010131, 212.991440, 1.000516
5, 620,10,179.734848, 180.730087, 128.824295, 61.317249,14.010131, 212.991440, 0.994493
5, 620,11,191.644257, 191.185974, 128.824295, 61.317249,14.010131, 212.991440, 1.002397
5, 620,12,146.324081, 145.624054, 128.824295, 61.317249,14.010131, 212.991440, 1.004807
5, 620,13,209.282578, 209.060715, 128.824295, 61.317249,14.010131, 212.991440, 1.001061
5, 620,14,59.871864, 58.849884, 128.824295, 61.317249,14.010131, 212.991440, 1.017366
5, 620,15,191.617752, 190.195084, 128.824295, 61.317249,14.010131, 212.991440, 1.007480
5, 620,16,191.929611, 191.436920, 128.824295, 61.317249,14.010131, 212.991440, 1.002574
5, 620,17,162.145294, 162.623718, 128.824295, 61.317249,14.010131, 212.991440, 0.997058
5, 620,18,110.247902, 110.061195, 128.824295, 61.317249,14.010131, 212.991440, 1.001696
5, 620,19,168.511307, 167.867737, 128.824295, 61.317249,14.010131, 212.991440, 1.003834
5, 620,20,52.119480, 52.666435, 128.824295, 61.317249,14.010131, 212.991440, 0.989615
5, 620,21,209.907761, 209.890747, 128.824295, 61.317249,14.010131, 212.991440, 1.000081
5, 620,22,28.761786, 28.202888, 128.824295, 61.317249,14.010131, 212.991440, 1.019817
5, 620,23,212.991440, 212.599625, 128.824295, 61.317249,14.010131, 212.991440, 1.001843
5, 620,24,161.211487, 162.269821, 128.824295, 61.317249,14.010131, 212.991440, 0.993478
5, 620,25,15.641216, 14.864399, 128.824295, 61.317249,14.010131, 212.991440, 1.052260
5, 620,26,146.618362, 146.434784, 128.824295, 61.317249,14.010131, 212.991440, 1.001254
5, 620,27,189.716766, 189.834763, 128.824295, 61.317249,14.010131, 212.991440, 0.999378
5, 620,28,122.555435, 121.424324, 128.824295, 61.317249,14.010131, 212.991440, 1.009315
5, 620,29,124.280914, 124.313370, 128.824295, 61.317249,14.010131, 212.991440, 0.999739
5, 620,30,36.674362, 35.660347, 128.824295, 61.317249,14.010131, 212.991440, 1.028435
5, 620,31,177.528305, 177.879669, 128.824295, 61.317249,14.010131, 212.991440, 0.998025
5, 621,0,61.451096, 60.930511, 128.827011, 74.556252,21.007437, 239.199478, 1.008544
5, 621,1,44.885162, 43.856747, 128.827011, 74.556252,21.007437, 239.199478, 1.023449
5, 621,2,236.865387, 236.089417, 128.827011, 74.556252,21.007437, 239.199478, 1.003287
5, 621,3,34.361008, 34.507187, 128.827011, 74.556252,21.007437, 239.199478, 0.995764
5, 621,4,173.211548, 173.244537, 128.827011, 74.556252,21.007437, 239.199478, 0.999810
5, 621,5,31.802505, 32.151154, 128.827011, 74.556252,21.007437, 239.199478, 0.989156
5, 621,6,188.548782, 189.199936, 128.827011, 74.556252,21.007437, 239.199478, 0.996558
5, 621,7,183.418060, 183.108566, 128.827011, 74.556252,21.007437, 239.199478, 1.001690
5, 621,8,174.455826, 173.654617, 128.827011, 74.556252,21.007437, 239.199478, 1.004614
5, 621,9,214.486298, 214.020279, 128.827011, 74.556252,21.007437, 239.199478, 1.002177
5, 621,10,148.548950, 148.372025, 128.827011, 74.556252,21.007437, 239.199478, 1.001192
5, 621,11,25.915352, 26.611504, 128.827011, 74.556252,21.007437, 239.199478, 0.973840
5, 621,12,217.394775, 217.024948, 128.827011, 74.556252,21.007437, 239.199478, 1.001704
5, 621,13,21.007437, 20.937645, 128.827011, 74.556252,21.007437, 239.199478, 1.003333
5, 621,14,54.583611, 54.302307, 128.827011, 74.556252,21.007437, 239.199478, 1.005180
5, 621,15,29.299423, 29.340322, 128.827011, 74.556252,21.007437, 239.199478, 0.998606
5, 621,16,127.626495, 127.771675, 128.827011, 74.556252,21.007437, 239.199478, 0.998864
5, 621,17,114.961937, 114.358704, 128.827011, 74.556252,21.007437, 239.199478, 1.005275
5, 621,18,83.810692, 83.804871, 128.827011, 74.556252,21.007437, 239.199478, 1.000069
5, 621,19,139.865723, 140.051376, 128.827011, 74.556252,21.007437, 239.199478, 0.998674
5, 621,20,209.025940, 210.076157, 128.827011, 74.556252,21.007437, 239.199478, 0.995001
5, 621,21,228.997131, 229.819092, 128.827011, 74.556252,21.007437, 239.199478, 0.996423
5, 621,22,186.517914, 185.322922, 128.827011, 74.556252,21.007437, 239.199478, 1.006448
5, 621,23,239.199478, 238.684021, 128.827011, 74.556252,21.007437, 239.199478, 1.002160
5, 621,24,60.436695, 60.281857, 128.827011, 74.556252,21.007437, 239.199478, 1.002569
5, 621,25,82.493767, 82.992195, 128.827011, 74.556252,21.007437, 239.199478, 0.993994
5, 621,26,201.277451, 200.868240, 128.827011, 74.556252,21.007437, 239.199478, 1.002037
5, 621,27,45.362255, 45.385185, 128.827011, 74.556252,21.007437, 239.199478, 0.999495
5, 621,28,214.579346, 214.079910, 128.827011, 74.556252,21.007437, 239.199478, 1.002333
5, 621,29,78.057030, 77.683678, 128.827011, 74.556252,21.007437, 239.199478, 1.004806
5, 621,30,92.856339, 93.430305, 128.827011, 74.556252,21.007437, 239.199478, 0.993857
5, 621,31,177.160751, 179.037689, 128.827011, 74.556252,21.007437, 239.199478, 0.989516
5, 622,0,112.439545, 110.329773, 129.182953, 79.476395,12.980828, 264.604919, 1.019122
5, 622,1,158.523758, 157.689911, 129.182953, 79.476395,12.980828, 264.604919, 1.005288
5, 622,2,181.920105, 181.312408, 129.182953, 79.476395,12.980828, 264.604919, 1.003352
5, 622,3,72.233063, 72.773972, 129.182953, 79.476395,12.980828, 264.604919, 0.992567
5, 622,4,76.815384, 76.409470, 129.182953, 79.476395,12.980828, 264.604919, 1.005312
5, 622,5,45.577351, 45.335033, 129.182953, 79.476395,12.980828, 264.604919, 1.005345
5, 622,6,58.146873, 57.878311, 129.182953, 79.476395,12.980828, 264.604919, 1.004640
5, 622,7,12.980828, 12.089176, 129.182953, 79.476395,12.980828, 264.604919, 1.073756
5, 622,8,251.065292, 250.691116, 129.182953, 79.476395,12.980828, 264.604919, 1.001493
5, 622,9,214.994583, 213.826233, 129.182953, 79.476395,12.980828, 264.604919, 1.005464
5, 622,10,56.432034, 56.183941, 129.182953, 79.476395,12.980828, 264.604919, 1.004416
5, 622,11,205.322845, 205.592911, 129.182953, 79.476395,12.980828, 264.604919, 0.998686
5, 622,12,205.590485, 204.556534, 129.182953, 79.476395,12.980828, 264.604919, 1.005055
5, 622,13,31.815989, 32.010372, 129.182953, 79.476395,12.980828, 264.604919, 0.993927
5, 622,14,140.502426, 139.463089, 129.182953, 79.476395,12.980828, 264.604919, 1.007452
5, 622,15,220.773697, 220.505005, 129.182953, 79.476395,12.980828, 264.604919, 1.001219
5, 622,16,36.792801, 35.719891, 129.182953, 79.476395,12.980828, 264.604919, 1.030037
5, 622,17,249.649994, 248.059082, 129.182953, 79.476395,12.980828, 264.604919, 1.006413
5, 622,18,194.145920, 194.768677, 129.182953, 79.476395,12.980828, 264.604919, 0.996803
5, 622,19,65.786201, 65.173981, 129.182953, 79.476395,12.980828, 264.604919, 1.009394
5, 622,20,37.891567, 36.698677, 129.182953, 79.476395,12.980828, 264.604919, 1.032505
5, 622,21,244.984940, 244.637466, 129.182953, 79.476395,12.980828, 264.604919, 1.001420
5, 622,22,81.223152, 80.686523, 129.182953, 79.476395,12.980828, 264.604919, 1.006651
5, 622,23,79.322113, 79.765305, 129.182953, 79.476395,12.980828, 264.604919, 0.994444
5, 622,24,113.426598, 113.093422, 129.182953, 79.476395,12.980828, 264.604919, 1.002946
5, 622,25,86.877357, 87.110321, 129.182953, 79.476395,12.980828, 264.604919, 0.997326
5, 622,26,120.218796, 119.813324, 129.182953, 79.476395,12.980828, 264.604919, 1.003384
5, 622,27,31.652712, 31.508640, 129.182953, 79.476395,12.980828, 264.604919, 1.004572
5, 622,28,240.580307, 240.598923, 129.182953, 79.476395,12.980828, 264.604919, 0.999923
5, 622,29,264.604919, 264.410583, 129.182953, 79.476395,12.980828, 264.604919, 1.000735
5, 622,30,158.740509, 157.805054, 129.182953, 79.476395,12.980828, 264.604919, 1.005928
5, 622,31,82.822380, 84.502960, 129.182953, 79.476395,12.980828, 264.604919, 0.980112
5, 623,0,132.296646, 132.666016, 128.841202, 61.686386,24.618797, 220.790329, 0.997216
5, 623,1,215.707962, 214.503555, 128.841202, 61.686386,24.618797, 220.790329, 1.005615
5, 623,2,24.618797, 25.369366, 128.841202, 61.686386,24.618797, 220.790329, 0.970414
5, 623,3,220.790329, 220.570419, 128.841202, 61.686386,24.618797, 220.790329, 1.000997
5, 623,4,58.461330, 58.989853, 128.841202, 61.686386,24.618797, 220.790329, 0.991040
5, 623,5,47.702610, 47.643391, 128.841202, 61.686386,24.618797, 220.790329, 1.001243
5, 623,6,68.958244, 70.350761, 128.841202, 61.686386,24.618797, 220.790329, 0.980206
5, 623,7,157.945526, 156.767334, 128.841202, 61.686386,24.618797, 220.790329, 1.007516
5, 623,8,136.943451, 137.324493, 128.841202, 61.686386,24.618797, 220.790329, 0.997225
5, 623,9,85.948723, 87.662964, 128.841202, 61.686386,24.618797, 220.790329, 0.980445
5, 623,10,29.672146, 28.012781, 128.841202, 61.686386,24.618797, 220.790329, 1.059236
5, 623,11,183.909958, 182.349228, 128.841202, 61.686386,24.618797, 220.790329, 1.008559
5, 623,12,206.550735, 206.284424, 128.841202, 61.686386,24.618797, 220.790329, 1.001291
5, 623,13,158.362244, 155.936737, 128.841202, 61.686386,24.618797, 220.790329, 1.015554
5, 623,14,175.779205, 174.108414, 128.841202, 61.686386,24.618797, 220.790329, 1.009596
5, 623,15,131.376572, 132.146011, 128.841202, 61.686386,24.618797, 220.790329, 0.994177
5, 623,16,77.006012, 76.973747, 128.841202, 61.686386,24.618797, 220.790329, 1.000419
5, 623,17,150.808167, 150.902695, 128.841202, 61.686386,24.618797, 220.790329, 0.999374
5, 623,18,95.122780, 96.481567, 128.841202, 61.686386,24.618797, 220.790329, 0.985917
5, 623,19,197.069565, 198.036392, 128.841202, 61.686386,24.618797, 220.790329, 0.995118
5, 623,20,58.721771, 58.997074, 128.841202, 61.686386,24.618797, 220.790329, 0.995334
5, 623,21,155.821136, 156.160645, 128.841202, 61.686386,24.618797, 220.790329, 0.997826
5, 623,22,174.454041, 175.444565, 128.841202, 61.686386,24.618797, 220.790329, 0.994354
5, 623,23,68.195763, 67.548447, 128.841202, 61.686386,24.618797, 220.790329, 1.009583
5, 623,24,143.548782, 142.813553, 128.841202, 61.686386,24.618797, 220.790329, 1.005148
5, 623,25,82.380219, 83.033371, 128.841202, 61.686386,24.618797, 220.790329, 0.992134
5, 623,26,201.184631, 200.557007, 128.841202, 61.686386,24.618797, 220.790329, 1.003129
5, 623,27,25.337017, 26.373283, 128.841202, 61.686386,24.618797, 220.790329, 0.960708
5, 623,28,153.323654, 153.213882, 128.841202, 61.686386,24.618797, 220.790329, 1.000716
5, 623,29,186.716278, 186.364914, 128.841202, 61.686386,24.618797, 220.790329, 1.001885
5, 623,30,100.972694, 101.197823, 128.841202, 61.686386,24.618797, 220.790329, 0.997775
5, 623,31,217.231781, 216.215271, 128.841202, 61.686386,24.618797, 220.790329, 1.004701
5, 624,0,285.419861, 286.114838, 128.915253, 80.126862,10.037939, 285.419861, 0.997571
5, 624,1,152.327988, 152.442352, 128.915253, 80.126862,10.037939, 285.419861, 0.999250
5, 624,2,93.891640, 93.557739, 128.915253, 80.126862,10.037939, 285.419861, 1.003569
5, 624,3,44.168690, 44.066818, 128.915253, 80.126862,10.037939, 285.419861, 1.002312
5, 624,4,208.040771, 207.746689, 128.915253, 80.126862,10.037939, 285.419861, 1.001416
5, 624,5,32.460438, 31.391216, 128.915253, 80.126862,10.037939, 285.419861, 1.034061
5, 624,6,165.131073, 164.792480, 128.915253, 80.126862,10.037939, 285.419861, 1.002055
5, 624,7,46.407822, 47.059422, 128.915253, 80.126862,10.037939, 285.419861, 0.986154
5, 624,8,45.872990, 44.564079, 128.915253, 80.126862,10.037939, 285.419861, 1.029371
5, 624,9,88.071037, 88.476646, 128.915253, 80.126862,10.037939, 285.419861, 0.995416
5, 624,10,124.732216, 125.038811, 128.915253, 80.126862,10.037939, 285.419861, 0.997548
5, 624,11,10.037939, 10.786574, 128.915253, 80.126862,10.037939, 285.419861, 0.930596
5, 624,12,198.866821, 199.302307, 128.915253, 80.126862,10.037939, 285.419861, 0.997815
5, 624,13,156.331268, 155.950287, 128.915253, 80.126862,10.037939, 285.419861, 1.002443
5, 624,14,170.553787, 170.425064, 128.915253, 80.126862,10.037939, 285.419861, 1.000755
5, 624,15,119.988716, 120.075249, 128.915253, 80.126862,10.037939, 285.419861, 0.999279
5, 624,16,19.651487, 19.845745, 128.915253, 80.126862,10.037939, 285.419861, 0.990212
5, 624,17,260.883667, 261.206635, 128.915253, 80.126862,10.037939, 285.419861, 0.998764
5, 624,18,228.681137, 228.767212, 128.915253, 80.126862,10.037939, 285.419861, 0.999624
5, 624,19,118.286583, 117.109772, 128.915253, 80.126862,10.037939, 285.419861, 1.010049
5, 624,20,73.483704, 73.224327, 128.915253, 80.126862,10.037939, 285.419861, 1.003542
5, 624,21,63.382797, 63.062149, 128.915253, 80.126862,10.037939, 285.419861, 1.005085
5, 624,22,58.718372, 58.297493, 128.915253, 80.126862,10.037939, 285.419861, 1.007220
5, 624,23,228.080490, 227.411057, 128.915253, 80.126862,10.037939, 285.419861, 1.002944
5, 624,24,145.258347, 145.363174, 128.915253, 80.126862,10.037939, 285.419861, 0.999279
5, 624,25,149.706482, 149.513031, 128.915253, 80.126862,10.037939, 285.419861, 1.001294
5, 624,26,279.758148, 279.677582, 128.915253, 80.126862,10.037939, 285.419861, 1.000288
5, 624,27,175.360748, 174.611099, 128.915253, 80.126862,10.037939, 285.419861, 1.004293
5, 624,28,11.913853, 11.808218, 128.915253, 80.126862,10.037939, 285.419861, 1.008946
5, 624,29,59.100327, 58.749550, 128.915253, 80.126862,10.037939, 285.419861, 1.005971
5, 624,30,203.332397, 202.973007, 128.915253, 80.126862,10.037939, 285.419861, 1.001771
5, 624,31,107.386452, 107.589508, 128.915253, 80.126862,10.037939, 285.419861, 0.998113
5, 625,0,74.896469, 75.094048, 128.627304, 73.427818,12.307061, 222.537613, 0.997369
5, 625,1,130.323334, 132.326508, 128.627304, 73.427818,12.307061, 222.537613, 0.984862
5, 625,2,12.307061, 12.501112, 128.627304, 73.427818,12.307061, 222.537613, 0.984477
5, 625,3,221.133987, 220.028290, 128.627304, 73.427818,12.307061, 222.537613, 1.005025
5, 625,4,149.938385, 149.046204, 128.627304, 73.427818,12.307061, 222.537613, 1.005986
5, 625,5,19.458885, 20.564594, 128.627304, 73.427818,12.307061, 222.537613, 0.946232
5, 625,6,157.822556, 157.956421, 128.627304, 73.427818,12.307061, 222.537613, 0.999153
5, 625,7,145.089706, 145.131699, 128.627304, 73.427818,12.307061, 222.537613, 0.999711
5, 625,8,126.752411, 126.803238, 128.627304, 73.427818,12.307061, 222.537613, 0.999599
5, 625,9,23.489923, 23.195972, 128.627304, 73.427818,12.307061, 222.537613, 1.012673
5, 625,10,195.820511, 196.078827, 128.627304, 73.427818,12.307061, 222.537613, 0.998683
5, 625,11,117.529869, 118.231728, 128.627304, 73.427818,12.307061, 222.537613, 0.994064
5, 625,12,121.684158, 122.237404, 128.627304, 73.427818,12.307061, 222.537613, 0.995474
5, 625,13,187.693588, 188.002319, 128.627304, 73.427818,12.307061, 222.537613, 0.998358
5, 625,14,202.780518, 202.461884, 128.627304, 73.427818,12.307061, 222.537613, 1.001574
5, 625,15,215.281586, 216.126801, 128.627304, 73.427818,12.307061, 222.537613, 0.996089
5, 625,16,166.796097, 168.143219, 128.627304, 73.427818,12.307061, 222.537613, 0.991988
5, 625,17,161.121124, 160.809250, 128.627304, 73.427818,12.307061, 222.537613, 1.001939
5, 625,18,193.124573, 193.024094, 128.627304, 73.427818,12.307061, 222.537613, 1.000521
5, 625,19,222.537613, 222.757355, 128.627304, 73.427818,12.307061, 222.537613, 0.999014
5, 625,20,30.157558, 30.282455, 128.627304, 73.427818,12.307061, 222.537613, 0.995876
5, 625,21,196.348801, 196.691086, 128.627304, 73.427818,12.307061, 222.537613, 0.998260
5, 625,22,212.297562, 211.775909, 128.627304, 73.427818,12.307061, 222.537613, 1.002463
5, 625,23,33.244713, 32.887779, 128.627304, 73.427818,12.307061, 222.537613, 1.010853
5, 625,24,50.950153, 50.766827, 128.627304, 73.427818,12.307061, 222.537613, 1.003611
5, 625,25,151.433380, 150.674530, 128.627304, 73.427818,12.307061, 222.537613, 1.005036
5, 625,26,76.700661, 77.184814, 128.627304, 73.427818,12.307061, 222.537613, 0.993727
5, 625,27,13.128094, 12.781185, 128.627304, 73.427818,12.307061, 222.537613, 1.027142
5, 625,28,197.979950, 199.276855, 128.627304, 73.427818,12.307061, 222.537613, 0.993492
5, 625,29,216.990311, 216.341751, 128.627304, 73.427818,12.307061, 222.537613, 1.002998
5, 625,30,73.646233, 74.403633, 128.627304, 73.427818,12.307061, 222.537613, 0.989820
5, 625,31,17.614029, 17.412151, 128.627304, 73.427818,12.307061, 222.537613, 1.011594
5, 626,0,181.155716, 180.428864, 128.594269, 70.840538,13.184909, 240.544266, 1.004028
5, 626,1,32.471821, 32.574341, 128.594269, 70.840538,13.184909, 240.544266, 0.996853
5, 626,2,156.898193, 157.224899, 128.594269, 70.840538,13.184909, 240.544266, 0.997922
5, 626,3,151.429825, 149.945358, 128.594269, 70.840538,13.184909, 240.544266, 1.009900
5, 626,4,30.315300, 30.628889, 128.594269, 70.840538,13.184909, 240.544266, 0.989762
5, 626,5,138.453873, 137.763275, 128.594269, 70.840538,13.184909, 240.544266, 1.005013
5, 626,6,157.189209, 157.571548, 128.594269, 70.840538,13.184909, 240.544266, 0.997574
5, 626,7,192.503647, 192.243088, 128.594269, 70.840538,13.184909, 240.544266, 1.001355
5, 626,8,45.631546, 45.760986, 128.594269, 70.840538,13.184909, 240.544266, 0.997171
5, 626,9,240.544266, 240.787476, 128.594269, 70.840538,13.184909, 240.544266, 0.998990
5, 626,10,228.576904, 229.503830, 128.594269, 70.840538,13.184909, 240.544266, 0.995961
5, 626,11,62.440296, 63.595497, 128.594269, 70.840538,13.184909, 240.544266, 0.981835
5, 626,12,189.700790, 188.868591, 128.594269, 70.840538,13.184909, 240.544266, 1.004406
5, 626,13,20.089771, 20.717686, 128.594269, 70.840538,13.184909, 240.544266, 0.969692
5, 626,14,197.336685, 197.230530, 128.594269, 70.840538,13.184909, 240.544266, 1.000538
5, 626,15,113.242920, 113.965073, 128.594269, 70.840538,13.184909, 240.544266, 0.993663
5, 626,16,56.440643, 58.020885, 128.594269, 70.840538,13.184909, 240.544266, 0.972764
5, 626,17,13.184909, 14.244627, 128.594269, 70.840538,13.184909, 240.544266, 0.925606
5, 626,18,110.272667, 110.151978, 128.594269, 70.840538,13.184909, 240.544266, 1.001096
5, 626,19,200.391861, 200.732315, 128.594269, 70.840538,13.184909, 240.544266, 0.998304
5, 626,20,179.586975, 180.365189, 128.594269, 70.840538,13.184909, 240.544266, 0.995685
5, 626,21,80.640938, 80.765015, 128.594269, 70.840538,13.184909, 240.544266, 0.998464
5, 626,22,124.332977, 124.442230, 128.594269, 70.840538,13.184909, 240.544266, 0.999122
5, 626,23,71.907341, 72.756813, 128.594269, 70.840538,13.184909, 240.544266, 0.988325
5, 626,24,77.153778, 77.482498, 128.594269, 70.840538,13.184909, 240.544266, 0.995758
5, 626,25,136.193863, 135.266022, 128.594269, 70.840538,13.184909, 240.544266, 1.006859
5, 626,26,72.269234, 71.893738, 128.594269, 70.840538,13.184909, 240.544266, 1.005223
5, 626,27,228.590927, 229.404800, 128.594269, 70.840538,13.184909, 240.544266, 0.996452
5, 626,28,236.953049, 237.632294, 128.594269, 70.840538,13.184909, 240.544266, 0.997142
5, 626,29,56.116089, 55.933941, 128.594269, 70.840538,13.184909, 240.544266, 1.003256
5, 626,30,114.353630, 113.880180, 128.594269, 70.840538,13.184909, 240.544266, 1.004157
5, 626,31,218.646942, 219.217682, 128.594269, 70.840538,13.184909, 240.544266, 0.997396
5, 627,0,163.388824, 163.538635, 128.925308, 54.142845,33.633251, 219.583710, 0.999084
5, 627,1,177.882080, 177.136230, 128.925308, 54.142845,33.633251, 219.583710, 1.004211
5, 627,2,49.962013, 50.044865, 128.925308, 54.142845,33.633251, 219.583710, 0.998344
5, 627,3,33.633251, 33.616867, 128.925308, 54.142845,33.633251, 219.583710, 1.000487
5, 627,4,183.293854, 182.423096, 128.925308, 54.142845,33.633251, 219.583710, 1.004773
5, 627,5,78.140594, 77.310966, 128.925308, 54.142845,33.633251, 219.583710, 1.010731
5, 627,6,90.813087, 89.915649, 128.925308, 54.142845,33.633251, 219.583710, 1.009981
5, 627,7,169.430374, 169.992493, 128.925308, 54.142845,33.633251, 219.583710, 0.996693
5, 627,8,151.003311, 151.211182, 128.925308, 54.142845,33.633251, 219.583710, 0.998625
5, 627,9,35.817806, 36.195831, 128.925308, 54.142845,33.633251, 219.583710, 0.989556
5, 627,10,156.602264, 155.750153, 128.925308, 54.142845,33.633251, 219.583710, 1.005471
5, 627,11,50.334324, 51.321457, 128.925308, 54.142845,33.633251, 219.583710, 0.980766
5, 627,12,129.070328, 129.128799, 128.925308, 54.142845,33.633251, 219.583710, 0.999547
5, 627,13,181.899521, 182.410217, 128.925308, 54.142845,33.633251, 219.583710, 0.997200
5, 627,14,104.999893, 104.854301, 128.925308, 54.142845,33.633251, 219.583710, 1.001389
5, 627,15,115.139442, 115.743980, 128.925308, 54.142845,33.633251, 219.583710, 0.994777
5, 627,16,147.289948, 145.034561, 128.925308, 54.142845,33.633251, 219.583710, 1.015551
5, 627,17,96.960197, 96.878860, 128.925308, 54.142845,33.633251, 219.583710, 1.000840
5, 627,18,184.963455, 184.789307, 128.925308, 54.142845,33.633251, 219.583710, 1.000942
5, 627,19,219.583710, 219.760040, 128.925308, 54.142845,33.633251, 219.583710, 0.999198
5, 627,20,204.801025, 204.879425, 128.925308, 54.142845,33.633251, 219.583710, 0.999617
5, 627,21,86.286690, 84.538513, 128.925308, 54.142845,33.633251, 219.583710, 1.020679
5, 627,22,97.653015, 96.975571, 128.925308, 54.142845,33.633251, 219.583710, 1.006986
5, 627,23,150.071838, 150.076431, 128.925308, 54.142845,33.633251, 219.583710, 0.999969
5, 627,24,154.424179, 155.988724, 128.925308, 54.142845,33.633251, 219.583710, 0.989970
5, 627,25,129.320663, 128.993408, 128.925308, 54.142845,33.633251, 219.583710, 1.002537
5, 627,26,151.955063, 151.855927, 128.925308, 54.142845,33.633251, 219.583710, 1.000653
5, 627,27,199.035645, 198.522278, 128.925308, 54.142845,33.633251, 219.583710, 1.002586
5, 627,28,206.791885, 206.981277, 128.925308, 54.142845,33.633251, 219.583710, 0.999085
5, 627,29,48.271152, 49.290520, 128.925308, 54.142845,33.633251, 219.583710, 0.979319
5, 627,30,86.134811, 85.699043, 128.925308, 54.142845,33.633251, 219.583710, 1.005085
5, 627,31,90.655708, 90.141312, 128.925308, 54.142845,33.633251, 219.583710, 1.005707
5, 628,0,65.062645, 65.602783, 128.889038, 73.325455,30.197847, 300.469757, 0.991767
5, 628,1,61.053036, 60.638088, 128.889038, 73.325455,30.197847, 300.469757, 1.006843
5, 628,2,116.724800, 117.857079, 128.889038, 73.325455,30.197847, 300.469757, 0.990393
5, 628,3,208.776825, 208.248444, 128.889038, 73.325455,30.197847, 300.469757, 1.002537
5, 628,4,176.573059, 178.344208, 128.889038, 73.325455,30.197847, 300.469757, 0.990069
5, 628,5,118.654404, 119.598297, 128.889038, 73.325455,30.197847, 300.469757, 0.992108
5, 628,6,38.342213, 39.279190, 128.889038, 73.325455,30.197847, 300.469757, 0.976146
5, 628,7,82.779305, 83.381035, 128.889038, 73.325455,30.197847, 300.469757, 0.992783
5, 628,8,76.698532, 76.300087, 128.889038, 73.325455,30.197847, 300.469757, 1.005222
5, 628,9,94.478806, 93.739021, 128.889038, 73.325455,30.197847, 300.469757, 1.007892
5, 628,10,254.786148, 253.868271, 128.889038, 73.325455,30.197847, 300.469757, 1.003616
5, 628,11,144.900391, 142.359100, 128.889038, 73.325455,30.197847, 300.469757, 1.017851
5, 628,12,300.469757, 301.622162, 128.889038, 73.325455,30.197847, 300.469757, 0.996179
5, 628,13,41.752693, 42.627682, 128.889038, 73.325455,30.197847, 300.469757, 0.979474
5, 628,14,60.441383, 60.182693, 128.889038, 73.325455,30.197847, 300.469757, 1.004298
5, 628,15,108.388237, 107.740173, 128.889038, 73.325455,30.197847, 300.469757, 1.006015
5, 628,16,200.439636, 200.310287, 128.889038, 73.325455,30.197847, 300.469757, 1.000646
5, 628,17,96.554962, 96.257095, 128.889038, 73.325455,30.197847, 300.469757, 1.003094
5, 628,18,30.197847, 29.072996, 128.889038, 73.325455,30.197847, 300.469757, 1.038691
5, 628,19,212.822372, 212.445206, 128.889038, 73.325455,30.197847, 300.469757, 1.001775
5, 628,20,113.994041, 113.303131, 128.889038, 73.325455,30.197847, 300.469757, 1.006098
5, 628,21,63.678497, 62.870419, 128.889038, 73.325455,30.197847, 300.469757, 1.012853
5, 628,22,143.961563, 144.403900, 128.889038, 73.325455,30.197847, 300.469757, 0.996937
5, 628,23,83.960129, 84.363258, 128.889038, 73.325455,30.197847, 300.469757, 0.995221
5, 628,24,224.060623, 223.830078, 128.889038, 73.325455,30.197847, 300.469757, 1.001030
5, 628,25,290.401550, 290.121216, 128.889038, 73.325455,30.197847, 300.469757, 1.000966
5, 628,26,35.924660, 36.011066, 128.889038, 73.325455,30.197847, 300.469757, 0.997601
5, 628,27,132.695343, 132.385056, 128.889038, 73.325455,30.197847, 300.469757, 1.002344
5, 628,28,93.893715, 93.435432, 128.889038, 73.325455,30.197847, 300.469757, 1.004905
5, 628,29,168.710236, 167.682602, 128.889038, 73.325455,30.197847, 300.469757, 1.006128
5, 628,30,143.637741, 143.510971, 128.889038, 73.325455,30.197847, 300.469757, 1.000883
5, 628,31,139.634064, 139.608871, 128.889038, 73.325455,30.197847, 300.469757, 1.000180
5, 629,0,140.641174, 141.239655, 128.624985, 76.853912,13.157890, 264.750793, 0.995763
5, 629,1,170.736877, 171.431595, 128.624985, 76.853912,13.157890, 264.750793, 0.995948
5, 629,2,165.788727, 165.148392, 128.624985, 76.853912,13.157890, 264.750793, 1.003877
5, 629,3,159.270264, 158.964951, 128.624985, 76.853912,13.157890, 264.750793, 1.001921
5, 629,4,13.157890, 14.551455, 128.624985, 76.853912,13.157890, 264.750793, 0.904232
5, 629,5,17.637077, 16.836250, 128.624985, 76.853912,13.157890, 264.750793, 1.047566
5, 629,6,51.507175, 51.643093, 128.624985, 76.853912,13.157890, 264.750793, 0.997368
5, 629,7,160.087646, 159.246002, 128.624985, 76.853912,13.157890, 264.750793, 1.005285
5, 629,8,121.373779, 120.549583, 128.624985, 76.853912,13.157890, 264.750793, 1.006837
5, 629,9,39.925011, 40.463921, 128.624985, 76.853912,13.157890, 264.750793, 0.986682
5, 629,10,237.019302, 237.745010, 128.624985, 76.853912,13.157890, 264.750793, 0.996948
5, 629,11,34.624744, 35.168999, 128.624985, 76.853912,13.157890, 264.750793, 0.984525
5, 629,12,30.729483, 30.880480, 128.624985, 76.853912,13.157890, 264.750793, 0.995110
5, 629,13,63.269043, 64.037201, 128.624985, 76.853912,13.157890, 264.750793, 0.988005
5, 629,14,152.768448, 151.883896, 128.624985, 76.853912,13.157890, 264.750793, 1.005824
5, 629,15,215.621063, 215.749344, 128.624985, 76.853912,13.157890, 264.750793, 0.999405
5, 629,16,88.038048, 87.474464, 128.624985, 76.853912,13.157890, 264.750793, 1.006443
5, 629,17,264.750793, 265.398254, 128.624985, 76.853912,13.157890, 264.750793, 0.997560
5, 629,18,253.981842, 254.672440, 128.624985, 76.853912,13.157890, 264.750793, 0.997288
5, 629,19,49.427956, 50.400963, 128.624985, 76.853912,13.157890, 264.750793, 0.980695
5, 629,20,197.319077, 196.763794, 128.624985, 76.853912,13.157890, 264.750793, 1.002822
5, 629,21,79.803444, 79.368889, 128.624985, 76.853912,13.157890, 264.750793, 1.005475
5, 629,22,174.278351, 174.287567, 128.624985, 76.853912,13.157890, 264.750793, 0.999947
5, 629,23,172.896851, 172.011841, 128.624985, 76.853912,13.157890, 264.750793, 1.005145
5, 629,24,55.670574, 56.593479, 128.624985, 76.853912,13.157890, 264.750793, 0.983692
5, 629,25,227.801025, 228.016510, 128.624985, 76.853912,13.157890, 264.750793, 0.999055
5, 629,26,227.654556, 228.787170, 128.624985, 76.853912,13.157890, 264.750793, 0.995049
5, 629,27,46.375938, 46.592972, 128.624985, 76.853912,13.157890, 264.750793, 0.995342
5, 629,28,156.748886, 156.671097, 128.624985, 76.853912,13.157890, 264.750793, 1.000497
5, 629,29,52.529194, 53.628689, 128.624985, 76.853912,13.157890, 264.750793, 0.979498
5, 629,30,105.773849, 105.816292, 128.624985, 76.853912,13.157890, 264.750793, 0.999599
5, 629,31,188.791214, 188.975525, 128.624985, 76.853912,13.157890, 264.750793, 0.999025
5, 630,0,53.935661, 53.722618, 128.648026, 65.622589,17.128628, 222.307739, 1.003966
5, 630,1,220.587708, 219.978043, 128.648026, 65.622589,17.128628, 222.307739, 1.002771
5, 630,2,150.974365, 150.187393, 128.648026, 65.622589,17.128628, 222.307739, 1.005240
5, 630,3,184.810257, 184.056290, 128.648026, 65.622589,17.128628, 222.307739, 1.004096
5, 630,4,156.310913, 157.564651, 128.648026, 65.622589,17.128628, 222.307739, 0.992043
5, 630,5,190.151169, 191.329269, 128.648026, 65.622589,17.128628, 222.307739, 0.993843
5, 630,6,222.307739, 222.043945, 128.648026, 65.622589,17.128628, 222.307739, 1.001188
5, 630,7,69.450706, 69.526360, 128.648026, 65.622589,17.128628, 222.307739, 0.998912
5, 630,8,20.105938, 21.600277, 128.648026, 65.622589,17.128628, 222.307739, 0.930818
5, 630,9,218.301712, 218.140259, 128.648026, 65.622589,17.128628, 222.307739, 1.000740
5, 630,10,123.711502, 124.112846, 128.648026, 65.622589,17.128628, 222.307739, 0.996766
5, 630,11,54.291889, 54.237461, 128.648026, 65.622589,17.128628, 222.307739, 1.001004
5, 630,12,158.370529, 157.590729, 128.648026, 65.622589,17.128628, 222.307739, 1.004948
5, 630,13,128.906693, 129.091843, 128.648026, 65.622589,17.128628, 222.307739, 0.998566
5, 630,14,17.128628, 15.461254, 128.648026, 65.622589,17.128628, 222.307739, 1.107842
5, 630,15,191.640671, 191.635574, 128.648026, 65.622589,17.128628, 222.307739, 1.000027
5, 630,16,202.451324, 201.385040, 128.648026, 65.622589,17.128628, 222.307739, 1.005295
5, 630,17,24.660797, 26.598824, 128.648026, 65.622589,17.128628, 222.307739, 0.927139
5, 630,18,102.316330, 103.258408, 128.648026, 65.622589,17.128628, 222.307739, 0.990876
5, 630,19,132.807297, 132.246063, 128.648026, 65.622589,17.128628, 222.307739, 1.004244
5, 630,20,64.174522, 64.925354, 128.648026, 65.622589,17.128628, 222.307739, 0.988435
5, 630,21,59.735523, 60.617615, 128.648026, 65.622589,17.128628, 222.307739, 0.985448
5, 630,22,172.462891, 173.381439, 128.648026, 65.622589,17.128628, 222.307739, 0.994702
5, 630,23,130.377136, 131.503113, 128.648026, 65.622589,17.128628, 222.307739, 0.991438
5, 630,24,36.038376, 35.989838, 128.648026, 65.622589,17.128628, 222.307739, 1.001349
5, 630,25,156.133987, 156.241699, 128.648026, 65.622589,17.128628, 222.307739, 0.999311
5, 630,26,114.159325, 114.063606, 128.648026, 65.622589,17.128628, 222.307739, 1.000839
5, 630,27,146.375320, 146.062134, 128.648026, 65.622589,17.128628, 222.307739, 1.002144
5, 630,28,206.695877, 205.946930, 128.648026, 65.622589,17.128628, 222.307739, 1.003637
5, 630,29,48.013821, 48.639355, 128.648026, 65.622589,17.128628, 222.307739, 0.987139
5, 630,30,158.847412, 158.085999, 128.648026, 65.622589,17.128628, 222.307739, 1.004816
5, 630,31,200.500061, 201.776047, 128.648026, 65.622589,17.128628, 222.307739, 0.993676
5, 631,0,141.481110, 142.818314, 128.685715, 62.802391,20.692417, 219.969955, 0.990637
5, 631,1,85.776085, 87.602318, 128.685715, 62.802391,20.692417, 219.969955, 0.979153
5, 631,2,104.113655, 104.703613, 128.685715, 62.802391,20.692417, 219.969955, 0.994365
5, 631,3,201.943085, 202.499603, 128.685715, 62.802391,20.692417, 219.969955, 0.997252
5, 631,4,24.485546, 23.882309, 128.685715, 62.802391,20.692417, 219.969955, 1.025259
5, 631,5,166.007553, 167.104034, 128.685715, 62.802391,20.692417, 219.969955, 0.993438
5, 631,6,79.078072, 77.492149, 128.685715, 62.802391,20.692417, 219.969955, 1.020466
5, 631,7,202.034149, 201.759827, 128.685715, 62.802391,20.692417, 219.969955, 1.001360
5, 631,8,148.230606, 147.370224, 128.685715, 62.802391,20.692417, 219.969955, 1.005838
5, 631,9,28.240749, 28.647482, 128.685715, 62.802391,20.692417, 219.969955, 0.985802
5, 631,10,193.463562, 193.055878, 128.685715, 62.802391,20.692417, 219.969955, 1.002112
5, 631,11,219.969955, 220.847168, 128.685715, 62.802391,20.692417, 219.969955, 0.996028
5, 631,12,156.668594, 156.767273, 128.685715, 62.802391,20.692417, 219.969955, 0.999371
5, 631,13,20.692417, 21.063194, 128.685715, 62.802391,20.692417, 219.969955, 0.982397
5, 631,14,147.790787, 147.623489, 128.685715, 62.802391,20.692417, 219.969955, 1.001133
5, 631,15,143.265533, 144.111252, 128.685715, 62.802391,20.692417, 219.969955, 0.994132
5, 631,16,96.523903, 94.953339, 128.685715, 62.802391,20.692417, 219.969955, 1.016540
5, 631,17,161.215683, 163.358551, 128.685715, 62.802391,20.692417, 219.969955, 0.986882
5, 631,18,206.951096, 205.472000, 128.685715, 62.802391,20.692417, 219.969955, 1.007199
5, 631,19,70.242409, 71.107498, 128.685715, 62.802391,20.692417, 219.969955, 0.987834
5, 631,20,151.483948, 152.628571, 128.685715, 62.802391,20.692417, 219.969955, 0.992501
5, 631,21,52.988121, 53.333069, 128.685715, 62.802391,20.692417, 219.969955, 0.993532
5, 631,22,81.425720, 80.837769, 128.685715, 62.802391,20.692417, 219.969955, 1.007273
5, 631,23,203.633591, 204.112411, 128.685715, 62.802391,20.692417, 219.969955, 0.997654
5, 631,24,51.275681, 50.240707, 128.685715, 62.802391,20.692417, 219.969955, 1.020600
5, 631,25,93.793236, 93.820366, 128.685715, 62.802391,20.692417, 219.969955, 0.999711
5, 631,26,199.248550, 200.233643, 128.685715, 62.802391,20.692417, 219.969955, 0.995080
5, 631,27,144.636749, 145.730728, 128.685715, 62.802391,20.692417, 219.969955, 0.992493
5, 631,28,189.640396, 189.670288, 128.685715, 62.802391,20.692417, 219.969955, 0.999842
5, 631,29,30.690693, 30.433588, 128.685715, 62.802391,20.692417, 219.969955, 1.008448
5, 631,30,112.201820, 110.895004, 128.685715, 62.802391,20.692417, 219.969955, 1.011784
5, 631,31,208.749985, 206.824905, 128.685715, 62.802391,20.692417, 219.969955, 1.009308
5, 632,0,54.456326, 54.508385, 128.581314, 67.568268,17.531755, 246.447983, 0.999045
5, 632,1,81.662636, 82.026344, 128.581314, 67.568268,17.531755, 246.447983, 0.995566
5, 632,2,49.423653, 50.929165, 128.581314, 67.568268,17.531755, 246.447983, 0.970439
5, 632,3,246.447983, 246.177719, 128.581314, 67.568268,17.531755, 246.447983, 1.001098
5, 632,4,129.366333, 128.817017, 128.581314, 67.568268,17.531755, 246.447983, 1.004264
5, 632,5,196.018707, 195.532501, 128.581314, 67.568268,17.531755, 246.447983, 1.002487
5, 632,6,222.849625, 222.565018, 128.581314, 67.568268,17.531755, 246.447983, 1.001279
5, 632,7,40.192635, 40.800125, 128.581314, 67.568268,17.531755, 246.447983, 0.985111
5, 632,8,213.859879, 213.747406, 128.581314, 67.568268,17.531755, 246.447983, 1.000526
5, 632,9,104.820755, 104.689903, 128.581314, 67.568268,17.531755, 246.447983, 1.001250
5, 632,10,17.531755, 18.520569, 128.581314, 67.568268,17.531755, 246.447983, 0.946610
5, 632,11,136.284698, 137.402802, 128.581314, 67.568268,17.531755, 246.447983, 0.991863
5, 632,12,183.597763, 183.780502, 128.581314, 67.568268,17.531755, 246.447983, 0.999006
5, 632,13,189.026489, 188.982681, 128.581314, 67.568268,17.531755, 246.447983, 1.000232
5, 632,14,69.649292, 72.295792, 128.581314, 67.568268,17.531755, 246.447983, 0.963393
5, 632,15,85.825798, 86.040291, 128.581314, 67.568268,17.531755, 246.447983, 0.997507
5, 632,16,242.150055, 242.127563, 128.581314, 67.568268,17.531755, 246.447983, 1.000093
5, 632,17,73.726662, 73.520264, 128.581314, 67.568268,17.531755, 246.447983, 1.002807
5, 632,18,211.164108, 210.726074, 128.581314, 67.568268,17.531755, 246.447983, 1.002079
5, 632,19,144.997299, 144.836563, 128.581314, 67.568268,17.531755, 246.447983, 1.001110
5, 632,20,41.703243, 42.495541, 128.581314, 67.568268,17.531755, 246.447983, 0.981356
5, 632,21,106.697388, 106.378082, 128.581314, 67.568268,17.531755, 246.447983, 1.003002
5, 632,22,154.963760, 156.233551, 128.581314, 67.568268,17.531755, 246.447983, 0.991872
5, 632,23,152.099991, 152.429718, 128.581314, 67.568268,17.531755, 246.447983, 0.997837
5, 632,24,83.050041, 83.489914, 128.581314, 67.568268,17.531755, 246.447983, 0.994731
5, 632,25,55.606628, 54.059170, 128.581314, 67.568268,17.531755, 246.447983, 1.028625
5, 632,26,27.107103, 27.468616, 128.581314, 67.568268,17.531755, 246.447983, 0.986839
5, 632,27,193.710220, 192.576385, 128.581314, 67.568268,17.531755, 246.447983, 1.005888
5, 632,28,99.545563, 100.509315, 128.581314, 67.568268,17.531755, 246.447983, 0.990411
5, 632,29,156.938873, 156.813187, 128.581314, 67.568268,17.531755, 246.447983, 1.000802
5, 632,30,170.580872, 170.775040, 128.581314, 67.568268,17.531755, 246.447983, 0.998863
5, 632,31,179.546036, 179.744827, 128.581314, 67.568268,17.531755, 246.447983, 0.998894
5, 633,0,208.985687, 207.575317, 128.901978, 67.549072,20.186132, 226.962479, 1.006794
5, 633,1,66.482307, 66.396515, 128.901978, 67.549072,20.186132, 226.962479, 1.001292
5, 633,2,199.009293, 199.379379, 128.901978, 67.549072,20.186132, 226.962479, 0.998144
5, 633,3,117.663986, 117.344978, 128.901978, 67.549072,20.186132, 226.962479, 1.002719
5, 633,4,71.625282, 71.510452, 128.901978, 67.549072,20.186132, 226.962479, 1.001606
5, 633,5,115.036308, 113.744766, 128.901978, 67.549072,20.186132, 226.962479, 1.011355
5, 633,6,169.656281, 169.738998, 128.901978, 67.549072,20.186132, 226.962479, 0.999513
5, 633,7,97.110550, 98.096115, 128.901978, 67.549072,20.186132, 226.962479, 0.989953
5, 633,8,212.472519, 213.309753, 128.901978, 67.549072,20.186132, 226.962479, 0.996075
5, 633,9,157.291473, 157.554184, 128.901978, 67.549072,20.186132, 226.962479, 0.998333
5, 633,10,41.792530, 41.549591, 128.901978, 67.549072,20.186132, 226.962479, 1.005847
5, 633,11,37.947506, 38.794884, 128.901978, 67.549072,20.186132, 226.962479, 0.978157
5, 633,12,121.317368, 120.856552, 128.901978, 67.549072,20.186132, 226.962479, 1.003813
5, 633,13,20.233677, 19.280094, 128.901978, 67.549072,20.186132, 226.962479, 1.049459
5, 633,14,20.186132, 21.032471, 128.901978, 67.549072,20.186132, 226.962479, 0.959760
5, 633,15,196.858109, 197.122437, 128.901978, 67.549072,20.186132, 226.962479, 0.998659
5, 633,16,78.786674, 78.615410, 128.901978, 67.549072,20.186132, 226.962479, 1.002179
5, 633,17,30.759422, 29.964817, 128.901978, 67.549072,20.186132, 226.962479, 1.026518
5, 633,18,140.982346, 141.994156, 128.901978, 67.549072,20.186132, 226.962479, 0.992874
5, 633,19,183.359070, 183.798904, 128.901978, 67.549072,20.186132, 226.962479, 0.997607
5, 633,20,219.652725, 218.975983, 128.901978, 67.549072,20.186132, 226.962479, 1.003091
5, 633,21,107.508286, 105.896584, 128.901978, 67.549072,20.186132, 226.962479, 1.015220
5, 633,22,49.981800, 50.434208, 128.901978, 67.549072,20.186132, 226.962479, 0.991030
5, 633,23,85.078651, 83.374786, 128.901978, 67.549072,20.186132, 226.962479, 1.020436
5, 633,24,205.044861, 204.145569, 128.901978, 67.549072,20.186132, 226.962479, 1.004405
5, 633,25,61.228500, 60.512077, 128.901978, 67.549072,20.186132, 226.962479, 1.011839
5, 633,26,220.843018, 219.303299, 128.901978, 67.549072,20.186132, 226.962479, 1.007021
5, 633,27,189.142166, 189.512878, 128.901978, 67.549072,20.186132, 226.962479, 0.998044
5, 633,28,160.599731, 160.029327, 128.901978, 67.549072,20.186132, 226.962479, 1.003564
5, 633,29,182.024429, 182.101074, 128.901978, 67.549072,20.186132, 226.962479, 0.999579
5, 633,30,129.240189, 131.623108, 128.901978, 67.549072,20.186132, 226.962479, 0.981896
5, 633,31,226.962479, 227.431030, 128.901978, 67.549072,20.186132, 226.962479, 0.997940
5, 634,0,20.569496, 21.174145, 128.711487, 63.444111,20.569496, 245.555710, 0.971444
5, 634,1,107.616959, 108.270851, 128.711487, 63.444111,20.569496, 245.555710, 0.993961
5, 634,2,31.969971, 31.717314, 128.711487, 63.444111,20.569496, 245.555710, 1.007966
5, 634,3,177.340149, 177.127945, 128.711487, 63.444111,20.569496, 245.555710, 1.001198
5, 634,4,146.771027, 146.576965, 128.711487, 63.444111,20.569496, 245.555710, 1.001324
5, 634,5,126.377953, 124.969704, 128.711487, 63.444111,20.569496, 245.555710, 1.011269
5, 634,6,222.726303, 223.321243, 128.711487, 63.444111,20.569496, 245.555710, 0.997336
5, 634,7,146.498718, 145.491089, 128.711487, 63.444111,20.569496, 245.555710, 1.006926
5, 634,8,96.442780, 96.267624, 128.711487, 63.444111,20.569496, 245.555710, 1.001819
5, 634,9,104.016304, 105.358086, 128.711487, 63.444111,20.569496, 245.555710, 0.987265
5, 634,10,207.513168, 208.192505, 128.711487, 63.444111,20.569496, 245.555710, 0.996737
5, 634,11,245.555710, 246.029068, 128.711487, 63.444111,20.569496, 245.555710, 0.998076
5, 634,12,129.943512, 129.269135, 128.711487, 63.444111,20.569496, 245.555710, 1.005217
5, 634,13,145.376709, 146.841080, 128.711487, 63.444111,20.569496, 245.555710, 0.990027
5, 634,14,77.860344, 76.017700, 128.711487, 63.444111,20.569496, 245.555710, 1.024240
5, 634,15,146.334961, 145.938660, 128.711487, 63.444111,20.569496, 245.555710, 1.002716
5, 634,16,112.495392, 112.937134, 128.711487, 63.444111,20.569496, 245.555710, 0.996089
5, 634,17,74.993759, 73.618523, 128.711487, 63.444111,20.569496, 245.555710, 1.018681
5, 634,18,30.315010, 31.695303, 128.711487, 63.444111,20.569496, 245.555710, 0.956451
5, 634,19,77.294998, 77.763893, 128.711487, 63.444111,20.569496, 245.555710, 0.993970
5, 634,20,53.374317, 53.632725, 128.711487, 63.444111,20.569496, 245.555710, 0.995182
5, 634,21,38.691441, 38.621368, 128.711487, 63.444111,20.569496, 245.555710, 1.001814
5, 634,22,182.588425, 182.381180, 128.711487, 63.444111,20.569496, 245.555710, 1.001136
5, 634,23,64.391472, 65.723984, 128.711487, 63.444111,20.569496, 245.555710, 0.979726
5, 634,24,164.452850, 163.862778, 128.711487, 63.444111,20.569496, 245.555710, 1.003601
5, 634,25,111.348885, 111.587143, 128.711487, 63.444111,20.569496, 245.555710, 0.997865
5, 634,26,239.845306, 240.563049, 128.711487, 63.444111,20.569496, 245.555710, 0.997016
5, 634,27,124.859299, 125.387901, 128.711487, 63.444111,20.569496, 245.555710, 0.995784
5, 634,28,173.275330, 173.019257, 128.711487, 63.444111,20.569496, 245.555710, 1.001480
5, 634,29,213.533188, 213.247650, 128.711487, 63.444111,20.569496, 245.555710, 1.001339
5, 634,30,111.799919, 112.181427, 128.711487, 63.444111,20.569496, 245.555710, 0.996599
5, 634,31,212.594406, 212.213135, 128.711487, 63.444111,20.569496, 245.555710, 1.001797
5, 635,0,114.756203, 113.009483, 128.876465, 70.465584,14.013053, 249.942505, 1.015456
5, 635,1,191.245636, 192.793564, 128.876465, 70.465584,14.013053, 249.942505, 0.991971
5, 635,2,56.237907, 55.202904, 128.876465, 70.465584,14.013053, 249.942505, 1.018749
5, 635,3,17.585678, 16.466995, 128.876465, 70.465584,14.013053, 249.942505, 1.067935
5, 635,4,122.180878, 121.847458, 128.876465, 70.465584,14.013053, 249.942505, 1.002736
5, 635,5,206.939606, 205.918396, 128.876465, 70.465584,14.013053, 249.942505, 1.004959
5, 635,6,176.401611, 175.477280, 128.876465, 70.465584,14.013053, 249.942505, 1.005268
5, 635,7,26.630127, 24.600288, 128.876465, 70.465584,14.013053, 249.942505, 1.082513
5, 635,8,53.028820, 54.630344, 128.876465, 70.465584,14.013053, 249.942505, 0.970684
5, 635,9,229.553818, 230.200836, 128.876465, 70.465584,14.013053, 249.942505, 0.997189
5, 635,10,110.629791, 109.045601, 128.876465, 70.465584,14.013053, 249.942505, 1.014528
5, 635,11,99.742241, 98.034828, 128.876465, 70.465584,14.013053, 249.942505, 1.017416
5, 635,12,51.376400, 50.776573, 128.876465, 70.465584,14.013053, 249.942505, 1.011813
5, 635,13,74.169197, 75.807739, 128.876465, 70.465584,14.013053, 249.942505, 0.978386
5, 635,14,100.708557, 100.860924, 128.876465, 70.465584,14.013053, 249.942505, 0.998489
5, 635,15,114.099304, 114.631729, 128.876465, 70.465584,14.013053, 249.942505, 0.995355
5, 635,16,201.697861, 201.998581, 128.876465, 70.465584,14.013053, 249.942505, 0.998511
5, 635,17,171.170425, 171.513397, 128.876465, 70.465584,14.013053, 249.942505, 0.998000
5, 635,18,239.179794, 240.756500, 128.876465, 70.465584,14.013053, 249.942505, 0.993451
5, 635,19,126.778938, 126.317833, 128.876465, 70.465584,14.013053, 249.942505, 1.003650
5, 635,20,230.251404, 230.017319, 128.876465, 70.465584,14.013053, 249.942505, 1.001018
5, 635,21,155.320541, 156.127670, 128.876465, 70.465584,14.013053, 249.942505, 0.994830
5, 635,22,27.260542, 28.718319, 128.876465, 70.465584,14.013053, 249.942505, 0.949239
5, 635,23,249.942505, 250.233093, 128.876465, 70.465584,14.013053, 249.942505, 0.998839
5, 635,24,204.369659, 204.002533, 128.876465, 70.465584,14.013053, 249.942505, 1.001800
5, 635,25,124.533119, 123.888130, 128.876465, 70.465584,14.013053, 249.942505, 1.005206
5, 635,26,82.026329, 80.909401, 128.876465, 70.465584,14.013053, 249.942505, 1.013805
5, 635,27,149.733765, 150.688339, 128.876465, 70.465584,14.013053, 249.942505, 0.993665
5, 635,28,80.432968, 80.204704, 128.876465, 70.465584,14.013053, 249.942505, 1.002846
5, 635,29,110.698296, 111.291794, 128.876465, 70.465584,14.013053, 249.942505, 0.994667
5, 635,30,211.351791, 211.350403, 128.876465, 70.465584,14.013053, 249.942505, 1.000007
5, 635,31,14.013053, 13.677599, 128.876465, 70.465584,14.013053, 249.942505, 1.024526
5, 636,0,48.500744, 47.245228, 128.892609, 59.842171,24.468485, 200.847504, 1.026574
5, 636,1,25.728117, 24.664747, 128.892609, 59.842171,24.468485, 200.847504, 1.043113
5, 636,2,26.022404, 26.471664, 128.892609, 59.842171,24.468485, 200.847504, 0.983029
5, 636,3,185.771118, 185.426529, 128.892609, 59.842171,24.468485, 200.847504, 1.001858
5, 636,4,198.490433, 197.901428, 128.892609, 59.842171,24.468485, 200.847504, 1.002976
5, 636,5,157.037048, 156.258560, 128.892609, 59.842171,24.468485, 200.847504, 1.004982
5, 636,6,117.006203, 117.613281, 128.892609, 59.842171,24.468485, 200.847504, 0.994838
5, 636,7,174.847198, 174.686737, 128.892609, 59.842171,24.468485, 200.847504, 1.000919
5, 636,8,162.905975, 162.337463, 128.892609, 59.842171,24.468485, 200.847504, 1.003502
5, 636,9,69.450989, 69.987244, 128.892609, 59.842171,24.468485, 200.847504, 0.992338
5, 636,10,182.517242, 183.733292, 128.892609, 59.842171,24.468485, 200.847504, 0.993381
5, 636,11,124.734749, 124.416153, 128.892609, 59.842171,24.468485, 200.847504, 1.002561
5, 636,12,178.421997, 178.701447, 128.892609, 59.842171,24.468485, 200.847504, 0.998436
5, 636,13,84.533440, 83.090393, 128.892609, 59.842171,24.468485, 200.847504, 1.017367
5, 636,14,196.672867, 197.183441, 128.892609, 59.842171,24.468485, 200.847504, 0.997411
5, 636,15,189.126678, 188.083054, 128.892609, 59.842171,24.468485, 200.847504, 1.005549
5, 636,16,67.249901, 65.045166, 128.892609, 59.842171,24.468485, 200.847504, 1.033895
5, 636,17,200.847504, 200.043411, 128.892609, 59.842171,24.468485, 200.847504, 1.004020
5, 636,18,101.283188, 102.122856, 128.892609, 59.842171,24.468485, 200.847504, 0.991778
5, 636,19,170.160248, 170.330994, 128.892609, 59.842171,24.468485, 200.847504, 0.998998
5, 636,20,24.468485, 25.783602, 128.892609, 59.842171,24.468485, 200.847504, 0.948994
5, 636,21,69.480644, 70.382141, 128.892609, 59.842171,24.468485, 200.847504, 0.987191
5, 636,22,64.594177, 63.597229, 128.892609, 59.842171,24.468485, 200.847504, 1.015676
5, 636,23,177.557953, 176.505615, 128.892609, 59.842171,24.468485, 200.847504, 1.005962
5, 636,24,198.250275, 197.967255, 128.892609, 59.842171,24.468485, 200.847504, 1.001430
5, 636,25,177.605637, 178.336472, 128.892609, 59.842171,24.468485, 200.847504, 0.995902
5, 636,26,157.273392, 158.011642, 128.892609, 59.842171,24.468485, 200.847504, 0.995328
5, 636,27,193.486588, 193.491837, 128.892609, 59.842171,24.468485, 200.847504, 0.999973
5, 636,28,71.475449, 70.777023, 128.892609, 59.842171,24.468485, 200.847504, 1.009868
5, 636,29,78.871094, 79.811623, 128.892609, 59.842171,24.468485, 200.847504, 0.988216
5, 636,30,96.752899, 99.125298, 128.892609, 59.842171,24.468485, 200.847504, 0.976067
5, 636,31,153.438766, 151.866928, 128.892609, 59.842171,24.468485, 200.847504, 1.010350
5, 637,0,181.642776, 181.031433, 128.893509, 53.617470,21.843952, 196.094513, 1.003377
5, 637,1,182.237518, 181.995972, 128.893509, 53.617470,21.843952, 196.094513, 1.001327
5, 637,2,82.053452, 82.055740, 128.893509, 53.617470,21.843952, 196.094513, 0.999972
5, 637,3,153.398102, 152.664673, 128.893509, 53.617470,21.843952, 196.094513, 1.004804
5, 637,4,189.998550, 190.316559, 128.893509, 53.617470,21.843952, 196.094513, 0.998329
5, 637,5,168.425827, 167.382614, 128.893509, 53.617470,21.843952, 196.094513, 1.006233
5, 637,6,21.843952, 21.080582, 128.893509, 53.617470,21.843952, 196.094513, 1.036212
5, 637,7,82.583328, 83.700104, 128.893509, 53.617470,21.843952, 196.094513, 0.986657
5, 637,8,186.278946, 186.400299, 128.893509, 53.617470,21.843952, 196.094513, 0.999349
5, 637,9,94.611168, 93.484947, 128.893509, 53.617470,21.843952, 196.094513, 1.012047
5, 637,10,179.089798, 178.753723, 128.893509, 53.617470,21.843952, 196.094513, 1.001880
5, 637,11,194.568253, 194.261887, 128.893509, 53.617470,21.843952, 196.094513, 1.001577
5, 637,12,164.764374, 165.964844, 128.893509, 53.617470,21.843952, 196.094513, 0.992767
5, 637,13,79.489723, 79.690872, 128.893509, 53.617470,21.843952, 196.094513, 0.997476
5, 637,14,153.708282, 154.285797, 128.893509, 53.617470,21.843952, 196.094513, 0.996257
5, 637,15,196.094513, 196.371078, 128.893509, 53.617470,21.843952, 196.094513, 0.998592
5, 637,16,38.199821, 37.715981, 128.893509, 53.617470,21.843952, 196.094513, 1.012829
5, 637,17,124.230705, 124.030632, 128.893509, 53.617470,21.843952, 196.094513, 1.001613
5, 637,18,115.607239, 114.669945, 128.893509, 53.617470,21.843952, 196.094513, 1.008174
5, 637,19,152.550812, 152.902893, 128.893509, 53.617470,21.843952, 196.094513, 0.997697
5, 637,20,111.630920, 111.050026, 128.893509, 53.617470,21.843952, 196.094513, 1.005231
5, 637,21,185.815598, 184.215561, 128.893509, 53.617470,21.843952, 196.094513, 1.008686
5, 637,22,99.971420, 99.487167, 128.893509, 53.617470,21.843952, 196.094513, 1.004867
5, 637,23,111.134544, 111.787964, 128.893509, 53.617470,21.843952, 196.094513, 0.994155
5, 637,24,27.402618, 27.681284, 128.893509, 53.617470,21.843952, 196.094513, 0.989933
5, 637,25,170.541229, 169.730042, 128.893509, 53.617470,21.843952, 196.094513, 1.004779
5, 637,26,164.342987, 163.547699, 128.893509, 53.617470,21.843952, 196.094513, 1.004863
5, 637,27,82.166687, 82.718132, 128.893509, 53.617470,21.843952, 196.094513, 0.993333
5, 637,28,92.738609, 92.985245, 128.893509, 53.617470,21.843952, 196.094513, 0.997348
5, 637,29,160.236862, 160.456528, 128.893509, 53.617470,21.843952, 196.094513, 0.998631
5, 637,30,29.651838, 30.540041, 128.893509, 53.617470,21.843952, 196.094513, 0.970917
5, 637,31,147.581909, 148.039520, 128.893509, 53.617470,21.843952, 196.094513, 0.996909
5, 638,0,127.671661, 128.120239, 128.823151, 69.303513,16.511534, 232.209412, 0.996499
5, 638,1,139.862198, 139.528671, 128.823151, 69.303513,16.511534, 232.209412, 1.002390
5, 638,2,83.050949, 83.486832, 128.823151, 69.303513,16.511534, 232.209412, 0.994779
5, 638,3,27.101654, 26.197937, 128.823151, 69.303513,16.511534, 232.209412, 1.034496
5, 638,4,63.871185, 62.951633, 128.823151, 69.303513,16.511534, 232.209412, 1.014607
5, 638,5,209.409805, 210.158264, 128.823151, 69.303513,16.511534, 232.209412, 0.996439
5, 638,6,224.954514, 225.595657, 128.823151, 69.303513,16.511534, 232.209412, 0.997158
5, 638,7,170.816696, 171.383255, 128.823151, 69.303513,16.511534, 232.209412, 0.996694
5, 638,8,196.287933, 197.125931, 128.823151, 69.303513,16.511534, 232.209412, 0.995749
5, 638,9,226.157745, 226.589172, 128.823151, 69.303513,16.511534, 232.209412, 0.998096
5, 638,10,171.465424, 168.854889, 128.823151, 69.303513,16.511534, 232.209412, 1.015460
5, 638,11,207.903397, 208.273987, 128.823151, 69.303513,16.511534, 232.209412, 0.998221
5, 638,12,55.367256, 55.366558, 128.823151, 69.303513,16.511534, 232.209412, 1.000013
5, 638,13,17.224329, 17.591927, 128.823151, 69.303513,16.511534, 232.209412, 0.979104
5, 638,14,166.680420, 166.141525, 128.823151, 69.303513,16.511534, 232.209412, 1.003244
5, 638,15,48.072510, 48.439270, 128.823151, 69.303513,16.511534, 232.209412, 0.992428
5, 638,16,26.213886, 25.423668, 128.823151, 69.303513,16.511534, 232.209412, 1.031082
5, 638,17,184.874496, 185.600983, 128.823151, 69.303513,16.511534, 232.209412, 0.996086
5, 638,18,186.740524, 185.847672, 128.823151, 69.303513,16.511534, 232.209412, 1.004804
5, 638,19,184.417297, 184.943207, 128.823151, 69.303513,16.511534, 232.209412, 0.997156
5, 638,20,16.511534, 15.255423, 128.823151, 69.303513,16.511534, 232.209412, 1.082339
5, 638,21,101.386879, 100.801636, 128.823151, 69.303513,16.511534, 232.209412, 1.005806
5, 638,22,232.209412, 232.310532, 128.823151, 69.303513,16.511534, 232.209412, 0.999565
5, 638,23,83.904839, 85.713707, 128.823151, 69.303513,16.511534, 232.209412, 0.978896
5, 638,24,148.583237, 147.305603, 128.823151, 69.303513,16.511534, 232.209412, 1.008673
5, 638,25,112.280830, 112.538979, 128.823151, 69.303513,16.511534, 232.209412, 0.997706
5, 638,26,138.188766, 138.583115, 128.823151, 69.303513,16.511534, 232.209412, 0.997154
5, 638,27,190.046143, 190.287704, 128.823151, 69.303513,16.511534, 232.209412, 0.998731
5, 638,28,73.536957, 72.647102, 128.823151, 69.303513,16.511534, 232.209412, 1.012249
5, 638,29,42.503223, 42.471245, 128.823151, 69.303513,16.511534, 232.209412, 1.000753
5, 638,30,184.886169, 185.902481, 128.823151, 69.303513,16.511534, 232.209412, 0.994533
5, 638,31,80.159027, 79.560684, 128.823151, 69.303513,16.511534, 232.209412, 1.007521
5, 639,0,156.348907, 157.243607, 128.626556, 76.619980,20.434891, 283.949097, 0.994310
5, 639,1,77.728401, 77.684402, 128.626556, 76.619980,20.434891, 283.949097, 1.000566
5, 639,2,283.949097, 284.262329, 128.626556, 76.619980,20.434891, 283.949097, 0.998898
5, 639,3,132.235214, 132.401825, 128.626556, 76.619980,20.434891, 283.949097, 0.998742
5, 639,4,184.347824, 184.378922, 128.626556, 76.619980,20.434891, 283.949097, 0.999831
5, 639,5,29.183065, 28.596579, 128.626556, 76.619980,20.434891, 283.949097, 1.020509
5, 639,6,60.890858, 60.646641, 128.626556, 76.619980,20.434891, 283.949097, 1.004027
5, 639,7,134.809387, 134.675522, 128.626556, 76.619980,20.434891, 283.949097, 1.000994
5, 639,8,43.342468, 43.678375, 128.626556, 76.619980,20.434891, 283.949097, 0.992310
5, 639,9,112.800316, 113.249245, 128.626556, 76.619980,20.434891, 283.949097, 0.996036
5, 639,10,107.869690, 107.977066, 128.626556, 76.619980,20.434891, 283.949097, 0.999006
5, 639,11,246.274826, 245.967056, 128.626556, 76.619980,20.434891, 283.949097, 1.001251
5, 639,12,34.056324, 33.412033, 128.626556, 76.619980,20.434891, 283.949097, 1.019283
5, 639,13,152.656967, 152.487717, 128.626556, 76.619980,20.434891, 283.949097, 1.001110
5, 639,14,280.062225, 280.757477, 128.626556, 76.619980,20.434891, 283.949097, 0.997524
5, 639,15,185.696487, 186.116455, 128.626556, 76.619980,20.434891, 283.949097, 0.997744
5, 639,16,53.598099, 53.070992, 128.626556, 76.619980,20.434891, 283.949097, 1.009932
5, 639,17,180.396133, 179.861328, 128.626556, 76.619980,20.434891, 283.949097, 1.002973
5, 639,18,143.598358, 143.631271, 128.626556, 76.619980,20.434891, 283.949097, 0.999771
5, 639,19,149.995804, 150.631058, 128.626556, 76.619980,20.434891, 283.949097, 0.995783
5, 639,20,83.579269, 82.499847, 128.626556, 76.619980,20.434891, 283.949097, 1.013084
5, 639,21,20.434891, 20.822357, 128.626556, 76.619980,20.434891, 283.949097, 0.981392
5, 639,22,111.022980, 111.700356, 128.626556, 76.619980,20.434891, 283.949097, 0.993936
5, 639,23,32.748451, 33.034737, 128.626556, 76.619980,20.434891, 283.949097, 0.991334
5, 639,24,114.295547, 115.264778, 128.626556, 76.619980,20.434891, 283.949097, 0.991591
5, 639,25,184.473526, 184.170425, 128.626556, 76.619980,20.434891, 283.949097, 1.001646
5, 639,26,280.046906, 281.055328, 128.626556, 76.619980,20.434891, 283.949097, 0.996412
5, 639,27,46.027241, 45.961994, 128.626556, 76.619980,20.434891, 283.949097, 1.001420
5, 639,28,125.099915, 125.620483, 128.626556, 76.619980,20.434891, 283.949097, 0.995856
5, 639,29,48.693756, 49.605850, 128.626556, 76.619980,20.434891, 283.949097, 0.981613
5, 639,30,213.306442, 213.083008, 128.626556, 76.619980,20.434891, 283.949097, 1.001049
5, 639,31,106.479797, 107.450851, 128.626556, 76.619980,20.434891, 283.949097, 0.990963
5, 640,0,122.937469, 122.669334, 128.795044, 66.609604,17.281301, 236.248642, 1.002186
5, 640,1,176.362274, 177.990555, 128.795044, 66.609604,17.281301, 236.248642, 0.990852
5, 640,2,129.207062, 130.197952, 128.795044, 66.609604,17.281301, 236.248642, 0.992389
5, 640,3,61.003670, 60.049686, 128.795044, 66.609604,17.281301, 236.248642, 1.015887
5, 640,4,122.449814, 123.099976, 128.795044, 66.609604,17.281301, 236.248642, 0.994718
5, 640,5,186.104828, 185.489456, 128.795044, 66.609604,17.281301, 236.248642, 1.003318
5, 640,6,181.382248, 180.641159, 128.795044, 66.609604,17.281301, 236.248642, 1.004103
5, 640,7,123.259895, 121.845207, 128.795044, 66.609604,17.281301, 236.248642, 1.011611
5, 640,8,192.360626, 192.164230, 128.795044, 66.609604,17.281301, 236.248642, 1.001022
5, 640,9,182.316437, 182.898239, 128.795044, 66.609604,17.281301, 236.248642, 0.996819
5, 640,10,78.030899, 76.873978, 128.795044, 66.609604,17.281301, 236.248642, 1.015050
5, 640,11,236.248642, 234.150742, 128.795044, 66.609604,17.281301, 236.248642, 1.008960
5, 640,12,105.424828, 106.787971, 128.795044, 66.609604,17.281301, 236.248642, 0.987235
5, 640,13,234.831467, 234.180435, 128.795044, 66.609604,17.281301, 236.248642, 1.002780
5, 640,14,105.011810, 104.686798, 128.795044, 66.609604,17.281301, 236.248642, 1.003105
5, 640,15,173.779419, 174.545486, 128.795044, 66.609604,17.281301, 236.248642, 0.995611
5, 640,16,210.764389, 210.755600, 128.795044, 66.609604,17.281301, 236.248642, 1.000042
5, 640,17,157.341843, 156.778275, 128.795044, 66.609604,17.281301, 236.248642, 1.003595
5, 640,18,90.438042, 90.060204, 128.795044, 66.609604,17.281301, 236.248642, 1.004195
5, 640,19,75.177353, 75.582092, 128.795044, 66.609604,17.281301, 236.248642, 0.994645
5, 640,20,180.453537, 180.210510, 128.795044, 66.609604,17.281301, 236.248642, 1.001349
5, 640,21,92.283997, 92.703384, 128.795044, 66.609604,17.281301, 236.248642, 0.995476
5, 640,22,27.388508, 27.603888, 128.795044, 66.609604,17.281301, 236.248642, 0.992198
5, 640,23,29.087551, 29.549150, 128.795044, 66.609604,17.281301, 236.248642, 0.984379
5, 640,24,118.030045, 118.028931, 128.795044, 66.609604,17.281301, 236.248642, 1.000009
5, 640,25,174.819443, 175.354782, 128.795044, 66.609604,17.281301, 236.248642, 0.996947
5, 640,26,17.281301, 15.746693, 128.795044, 66.609604,17.281301, 236.248642, 1.097456
5, 640,27,69.864296, 70.132385, 128.795044, 66.609604,17.281301, 236.248642, 0.996177
5, 640,28,31.135277, 31.182579, 128.795044, 66.609604,17.281301, 236.248642, 0.998483
5, 640,29,180.801666, 181.554382, 128.795044, 66.609604,17.281301, 236.248642, 0.995854
5, 640,30,234.300003, 236.066299, 128.795044, 66.609604,17.281301, 236.248642, 0.992518
5, 640,31,21.562811, 21.419140, 128.795044, 66.609604,17.281301, 236.248642, 1.006708
5, 641,0,209.841263, 211.310883, 128.618240, 82.331062,18.225275, 261.582520, 0.993045
5, 641,1,198.116882, 197.881409, 128.618240, 82.331062,18.225275, 261.582520, 1.001190
5, 641,2,142.819260, 145.770477, 128.618240, 82.331062,18.225275, 261.582520, 0.979754
5, 641,3,46.114094, 46.566204, 128.618240, 82.331062,18.225275, 261.582520, 0.990291
5, 641,4,158.027740, 156.740341, 128.618240, 82.331062,18.225275, 261.582520, 1.008214
5, 641,5,160.280304, 161.225021, 128.618240, 82.331062,18.225275, 261.582520, 0.994140
5, 641,6,226.666412, 227.749268, 128.618240, 82.331062,18.225275, 261.582520, 0.995245
5, 641,7,161.477829, 160.142792, 128.618240, 82.331062,18.225275, 261.582520, 1.008337
5, 641,8,60.013577, 60.323624, 128.618240, 82.331062,18.225275, 261.582520, 0.994860
5, 641,9,47.532242, 47.599239, 128.618240, 82.331062,18.225275, 261.582520, 0.998592
5, 641,10,252.114059, 249.803772, 128.618240, 82.331062,18.225275, 261.582520, 1.009248
5, 641,11,258.300598, 259.716003, 128.618240, 82.331062,18.225275, 261.582520, 0.994550
5, 641,12,24.956017, 24.749462, 128.618240, 82.331062,18.225275, 261.582520, 1.008346
5, 641,13,39.441620, 39.154579, 128.618240, 82.331062,18.225275, 261.582520, 1.007331
5, 641,14,208.922333, 209.753143, 128.618240, 82.331062,18.225275, 261.582520, 0.996039
5, 641,15,196.669815, 196.627014, 128.618240, 82.331062,18.225275, 261.582520, 1.000218
5, 641,16,18.225275, 21.232220, 128.618240, 82.331062,18.225275, 261.582520, 0.858378
5, 641,17,168.943436, 168.882614, 128.618240, 82.331062,18.225275, 261.582520, 1.000360
5, 641,18,35.287033, 34.489517, 128.618240, 82.331062,18.225275, 261.582520, 1.023123
5, 641,19,246.327454, 247.008026, 128.618240, 82.331062,18.225275, 261.582520, 0.997245
5, 641,20,261.582520, 259.978394, 128.618240, 82.331062,18.225275, 261.582520, 1.006170
5, 641,21,47.821476, 48.681469, 128.618240, 82.331062,18.225275, 261.582520, 0.982334
5, 641,22,26.113110, 26.307215, 128.618240, 82.331062,18.225275, 261.582520, 0.992622
5, 641,23,75.390808, 75.032089, 128.618240, 82.331062,18.225275, 261.582520, 1.004781
5, 641,24,170.899200, 169.669678, 128.618240, 82.331062,18.225275, 261.582520, 1.007247
5, 641,25,84.361984, 84.034256, 128.618240, 82.331062,18.225275, 261.582520, 1.003900
5, 641,26,73.412498, 73.441544, 128.618240, 82.331062,18.225275, 261.582520, 0.999605
5, 641,27,61.846081, 60.167843, 128.618240, 82.331062,18.225275, 261.582520, 1.027893
5, 641,28,224.043259, 225.568436, 128.618240, 82.331062,18.225275, 261.582520, 0.993239
5, 641,29,54.270260, 52.928394, 128.618240, 82.331062,18.225275, 261.582520, 1.025352
5, 641,30,49.968224, 51.296852, 128.618240, 82.331062,18.225275, 261.582520, 0.974099
5, 641,31,125.996780, 127.167633, 128.618240, 82.331062,18.225275, 261.582520, 0.990793
5, 642,0,195.908630, 195.229294, 128.876953, 63.162815,17.524689, 207.172928, 1.003480
5, 642,1,151.154099, 150.762314, 128.876953, 63.162815,17.524689, 207.172928, 1.002599
5, 642,2,164.128677, 164.440628, 128.876953, 63.162815,17.524689, 207.172928, 0.998103
5, 642,3,167.334717, 167.704758, 128.876953, 63.162815,17.524689, 207.172928, 0.997793
5, 642,4,53.298031, 52.769611, 128.876953, 63.162815,17.524689, 207.172928, 1.010014
5, 642,5,119.420937, 120.446198, 128.876953, 63.162815,17.524689, 207.172928, 0.991488
5, 642,6,183.723434, 183.671082, 128.876953, 63.162815,17.524689, 207.172928, 1.000285
5, 642,7,177.899414, 177.578033, 128.876953, 63.162815,17.524689, 207.172928, 1.001810
5, 642,8,59.965492, 59.652287, 128.876953, 63.162815,17.524689, 207.172928, 1.005251
5, 642,9,87.405975, 87.792320, 128.876953, 63.162815,17.524689, 207.172928, 0.995599
5, 642,10,25.409668, 25.176716, 128.876953, 63.162815,17.524689, 207.172928, 1.009253
5, 642,11,58.344536, 58.750763, 128.876953, 63.162815,17.524689, 207.172928, 0.993086
5, 642,12,178.215439, 178.019455, 128.876953, 63.162815,17.524689, 207.172928, 1.001101
5, 642,13,193.596954, 194.327744, 128.876953, 63.162815,17.524689, 207.172928, 0.996239
5, 642,14,98.736191, 97.329834, 128.876953, 63.162815,17.524689, 207.172928, 1.014449
5, 642,15,60.102661, 60.118595, 128.876953, 63.162815,17.524689, 207.172928, 0.999735
5, 642,16,27.086956, 26.985983, 128.876953, 63.162815,17.524689, 207.172928, 1.003742
5, 642,17,180.429901, 179.772781, 128.876953, 63.162815,17.524689, 207.172928, 1.003655
5, 642,18,192.450592, 194.638626, 128.876953, 63.162815,17.524689, 207.172928, 0.988759
5, 642,19,191.126663, 191.822144, 128.876953, 63.162815,17.524689, 207.172928, 0.996374
5, 642,20,69.990768, 70.831207, 128.876953, 63.162815,17.524689, 207.172928, 0.988135
5, 642,21,121.123039, 121.285545, 128.876953, 63.162815,17.524689, 207.172928, 0.998660
5, 642,22,56.619240, 55.859665, 128.876953, 63.162815,17.524689, 207.172928, 1.013598
5, 642,23,207.172928, 206.283844, 128.876953, 63.162815,17.524689, 207.172928, 1.004310
5, 642,24,173.060471, 173.387497, 128.876953, 63.162815,17.524689, 207.172928, 0.998114
5, 642,25,109.663994, 109.907661, 128.876953, 63.162815,17.524689, 207.172928, 0.997783
5, 642,26,55.250408, 54.616180, 128.876953, 63.162815,17.524689, 207.172928, 1.011612
5, 642,27,199.992722, 200.371078, 128.876953, 63.162815,17.524689, 207.172928, 0.998112
5, 642,28,161.877884, 159.964096, 128.876953, 63.162815,17.524689, 207.172928, 1.011964
5, 642,29,17.524689, 16.478548, 128.876953, 63.162815,17.524689, 207.172928, 1.063485
5, 642,30,195.151688, 195.266586, 128.876953, 63.162815,17.524689, 207.172928, 0.999412
5, 642,31,190.895752, 189.757965, 128.876953, 63.162815,17.524689, 207.172928, 1.005996
5, 643,0,215.628036, 215.089294, 128.679291, 65.418098,18.059031, 225.370804, 1.002505
5, 643,1,205.502274, 205.550110, 128.679291, 65.418098,18.059031, 225.370804, 0.999767
5, 643,2,180.677063, 181.011322, 128.679291, 65.418098,18.059031, 225.370804, 0.998153
5, 643,3,174.098923, 174.096573, 128.679291, 65.418098,18.059031, 225.370804, 1.000013
5, 643,4,181.087357, 181.599670, 128.679291, 65.418098,18.059031, 225.370804, 0.997179
5, 643,5,207.049759, 205.047699, 128.679291, 65.418098,18.059031, 225.370804, 1.009764
5, 643,6,86.045441, 86.419296, 128.679291, 65.418098,18.059031, 225.370804, 0.995674
5, 643,7,210.243500, 210.111465, 128.679291, 65.418098,18.059031, 225.370804, 1.000628
5, 643,8,41.922852, 42.187332, 128.679291, 65.418098,18.059031, 225.370804, 0.993731
5, 643,9,225.370804, 225.355667, 128.679291, 65.418098,18.059031, 225.370804, 1.000067
5, 643,10,95.614838, 95.991547, 128.679291, 65.418098,18.059031, 225.370804, 0.996076
5, 643,11,89.427986, 90.465027, 128.679291, 65.418098,18.059031, 225.370804, 0.988537
5, 643,12,94.238396, 95.555237, 128.679291, 65.418098,18.059031, 225.370804, 0.986219
5, 643,13,116.905716, 117.634865, 128.679291, 65.418098,18.059031, 225.370804, 0.993802
5, 643,14,36.923946, 39.086929, 128.679291, 65.418098,18.059031, 225.370804, 0.944662
5, 643,15,120.943672, 120.735268, 128.679291, 65.418098,18.059031, 225.370804, 1.001726
5, 643,16,152.335800, 152.340851, 128.679291, 65.418098,18.059031, 225.370804, 0.999967
5, 643,17,108.641983, 109.041000, 128.679291, 65.418098,18.059031, 225.370804, 0.996341
5, 643,18,151.055145, 148.605850, 128.679291, 65.418098,18.059031, 225.370804, 1.016482
5, 643,19,215.431976, 216.636185, 128.679291, 65.418098,18.059031, 225.370804, 0.994441
5, 643,20,29.559580, 30.175755, 128.679291, 65.418098,18.059031, 225.370804, 0.979580
5, 643,21,211.345886, 211.189011, 128.679291, 65.418098,18.059031, 225.370804, 1.000743
5, 643,22,155.777405, 154.991745, 128.679291, 65.418098,18.059031, 225.370804, 1.005069
5, 643,23,51.076256, 49.683830, 128.679291, 65.418098,18.059031, 225.370804, 1.028026
5, 643,24,119.280121, 118.494240, 128.679291, 65.418098,18.059031, 225.370804, 1.006632
5, 643,25,69.490288, 69.033249, 128.679291, 65.418098,18.059031, 225.370804, 1.006621
5, 643,26,90.539978, 91.615280, 128.679291, 65.418098,18.059031, 225.370804, 0.988263
5, 643,27,124.000038, 124.067047, 128.679291, 65.418098,18.059031, 225.370804, 0.999460
5, 643,28,18.059031, 16.260300, 128.679291, 65.418098,18.059031, 225.370804, 1.110621
5, 643,29,40.381058, 42.180721, 128.679291, 65.418098,18.059031, 225.370804, 0.957334
5, 643,30,218.059311, 218.817719, 128.679291, 65.418098,18.059031, 225.370804, 0.996534
5, 643,31,81.023354, 81.930656, 128.679291, 65.418098,18.059031, 225.370804, 0.988926
5, 644,0,75.210258, 73.872734, 128.846558, 64.509911,17.071266, 242.425430, 1.018106
5, 644,1,92.093300, 92.870041, 128.846558, 64.509911,17.071266, 242.425430, 0.991636
5, 644,2,196.780975, 195.903275, 128.846558, 64.509911,17.071266, 242.425430, 1.004480
5, 644,3,186.861023, 187.119873, 128.846558, 64.509911,17.071266, 242.425430, 0.998617
5, 644,4,134.540298, 135.499542, 128.846558, 64.509911,17.071266, 242.425430, 0.992921
5, 644,5,47.182842, 47.622684, 128.846558, 64.509911,17.071266, 242.425430, 0.990764
5, 644,6,242.425430, 242.838638, 128.846558, 64.509911,17.071266, 242.425430, 0.998298
5, 644,7,26.476097, 25.707113, 128.846558, 64.509911,17.071266, 242.425430, 1.029913
5, 644,8,135.711060, 136.322098, 128.846558, 64.509911,17.071266, 242.425430, 0.995518
5, 644,9,85.363083, 84.079498, 128.846558, 64.509911,17.071266, 242.425430, 1.015266
5, 644,10,30.857647, 31.729603, 128.846558, 64.509911,17.071266, 242.425430, 0.972519
5, 644,11,215.710266, 215.780350, 128.846558, 64.509911,17.071266, 242.425430, 0.999675
5, 644,12,93.293365, 94.293411, 128.846558, 64.509911,17.071266, 242.425430, 0.989394
5, 644,13,92.627899, 92.719833, 128.846558, 64.509911,17.071266, 242.425430, 0.999008
5, 644,14,177.199219, 175.554123, 128.846558, 64.509911,17.071266, 242.425430, 1.009371
5, 644,15,59.339600, 57.450359, 128.846558, 64.509911,17.071266, 242.425430, 1.032885
5, 644,16,214.804916, 215.444168, 128.846558, 64.509911,17.071266, 242.425430, 0.997033
5, 644,17,98.488411, 97.311806, 128.846558, 64.509911,17.071266, 242.425430, 1.012091
5, 644,18,201.373123, 200.702667, 128.846558, 64.509911,17.071266, 242.425430, 1.003341
5, 644,19,186.061249, 186.111359, 128.846558, 64.509911,17.071266, 242.425430, 0.999731
5, 644,20,129.068542, 129.477051, 128.846558, 64.509911,17.071266, 242.425430, 0.996845
5, 644,21,233.869141, 233.812057, 128.846558, 64.509911,17.071266, 242.425430, 1.000244
5, 644,22,163.051331, 163.158661, 128.846558, 64.509911,17.071266, 242.425430, 0.999342
5, 644,23,97.060257, 97.018555, 128.846558, 64.509911,17.071266, 242.425430, 1.000430
5, 644,24,135.317612, 134.469574, 128.846558, 64.509911,17.071266, 242.425430, 1.006307
5, 644,25,92.467178, 92.448036, 128.846558, 64.509911,17.071266, 242.425430, 1.000207
5, 644,26,189.393845, 190.517349, 128.846558, 64.509911,17.071266, 242.425430, 0.994103
5, 644,27,17.071266, 17.224129, 128.846558, 64.509911,17.071266, 242.425430, 0.991125
5, 644,28,179.916534, 180.632462, 128.846558, 64.509911,17.071266, 242.425430, 0.996037
5, 644,29,154.385208, 155.011856, 128.846558, 64.509911,17.071266, 242.425430, 0.995957
5, 644,30,66.846092, 66.619995, 128.846558, 64.509911,17.071266, 242.425430, 1.003394
5, 644,31,72.242882, 71.676880, 128.846558, 64.509911,17.071266, 242.425430, 1.007897
5, 645,0,187.872757, 187.376709, 128.929001, 66.459885,10.097969, 259.080994, 1.002647
5, 645,1,222.422791, 222.807404, 128.929001, 66.459885,10.097969, 259.080994, 0.998274
5, 645,2,167.708466, 166.173737, 128.929001, 66.459885,10.097969, 259.080994, 1.009236
5, 645,3,129.078705, 128.317871, 128.929001, 66.459885,10.097969, 259.080994, 1.005929
5, 645,4,157.854446, 158.436264, 128.929001, 66.459885,10.097969, 259.080994, 0.996328
5, 645,5,42.261532, 41.881462, 128.929001, 66.459885,10.097969, 259.080994, 1.009075
5, 645,6,165.399826, 164.533859, 128.929001, 66.459885,10.097969, 259.080994, 1.005263
5, 645,7,259.080994, 259.192749, 128.929001, 66.459885,10.097969, 259.080994, 0.999569
5, 645,8,125.770103, 125.561638, 128.929001, 66.459885,10.097969, 259.080994, 1.001660
5, 645,9,128.309952, 128.040710, 128.929001, 66.459885,10.097969, 259.080994, 1.002103
5, 645,10,22.433517, 22.772602, 128.929001, 66.459885,10.097969, 259.080994, 0.985110
5, 645,11,96.092003, 96.320923, 128.929001, 66.459885,10.097969, 259.080994, 0.997623
5, 645,12,65.883049, 65.263260, 128.929001, 66.459885,10.097969, 259.080994, 1.009497
5, 645,13,66.613144, 66.048553, 128.929001, 66.459885,10.097969, 259.080994, 1.008548
5, 645,14,46.192265, 47.109066, 128.929001, 66.459885,10.097969, 259.080994, 0.980539
5, 645,15,152.633926, 152.069214, 128.929001, 66.459885,10.097969, 259.080994, 1.003713
5, 645,16,76.040352, 75.957130, 128.929001, 66.459885,10.097969, 259.080994, 1.001096
5, 645,17,76.845184, 78.097443, 128.929001, 66.459885,10.097969, 259.080994, 0.983965
5, 645,18,162.769226, 162.793884, 128.929001, 66.459885,10.097969, 259.080994, 0.999849
5, 645,19,10.097969, 10.238668, 128.929001, 66.459885,10.097969, 259.080994, 0.986258
5, 645,20,174.627457, 174.042099, 128.929001, 66.459885,10.097969, 259.080994, 1.003363
5, 645,21,154.134079, 153.616699, 128.929001, 66.459885,10.097969, 259.080994, 1.003368
5, 645,22,160.240097, 159.775879, 128.929001, 66.459885,10.097969, 259.080994, 1.002905
5, 645,23,142.699020, 143.438660, 128.929001, 66.459885,10.097969, 259.080994, 0.994844
5, 645,24,45.177910, 45.038040, 128.929001, 66.459885,10.097969, 259.080994, 1.003106
5, 645,25,71.186333, 70.321480, 128.929001, 66.459885,10.097969, 259.080994, 1.012299
5, 645,26,39.019459, 39.363899, 128.929001, 66.459885,10.097969, 259.080994, 0.991250
5, 645,27,148.281921, 147.757782, 128.929001, 66.459885,10.097969, 259.080994, 1.003547
5, 645,28,208.331146, 208.495010, 128.929001, 66.459885,10.097969, 259.080994, 0.999214
5, 645,29,219.550476, 219.935684, 128.929001, 66.459885,10.097969, 259.080994, 0.998249
5, 645,30,218.405991, 217.510498, 128.929001, 66.459885,10.097969, 259.080994, 1.004117
5, 645,31,182.714218, 182.711136, 128.929001, 66.459885,10.097969, 259.080994, 1.000017
5, 646,0,117.515236, 116.328079, 129.056503, 72.241730,11.948007, 239.843613, 1.010205
5, 646,1,230.817215, 229.837067, 129.056503, 72.241730,11.948007, 239.843613, 1.004265
5, 646,2,189.471680, 188.193436, 129.056503, 72.241730,11.948007, 239.843613, 1.006792
5, 646,3,155.444931, 154.989655, 129.056503, 72.241730,11.948007, 239.843613, 1.002937
5, 646,4,11.948007, 11.364443, 129.056503, 72.241730,11.948007, 239.843613, 1.051350
5, 646,5,213.990234, 213.541122, 129.056503, 72.241730,11.948007, 239.843613, 1.002103
5, 646,6,57.763157, 57.129547, 129.056503, 72.241730,11.948007, 239.843613, 1.011091
5, 646,7,230.518677, 229.612015, 129.056503, 72.241730,11.948007, 239.843613, 1.003949
5, 646,8,92.569458, 91.887672, 129.056503, 72.241730,11.948007, 239.843613, 1.007420
5, 646,9,90.746452, 90.959297, 129.056503, 72.241730,11.948007, 239.843613, 0.997660
5, 646,10,199.416718, 198.032898, 129.056503, 72.241730,11.948007, 239.843613, 1.006988
5, 646,11,97.714310, 97.225891, 129.056503, 72.241730,11.948007, 239.843613, 1.005024
5, 646,12,98.943275, 97.486107, 129.056503, 72.241730,11.948007, 239.843613, 1.014947
5, 646,13,43.571159, 41.136024, 129.056503, 72.241730,11.948007, 239.843613, 1.059197
5, 646,14,152.898941, 151.712173, 129.056503, 72.241730,11.948007, 239.843613, 1.007823
5, 646,15,94.186813, 94.799423, 129.056503, 72.241730,11.948007, 239.843613, 0.993538
5, 646,16,179.461456, 180.048981, 129.056503, 72.241730,11.948007, 239.843613, 0.996737
5, 646,17,153.670319, 153.196182, 129.056503, 72.241730,11.948007, 239.843613, 1.003095
5, 646,18,203.773499, 205.903046, 129.056503, 72.241730,11.948007, 239.843613, 0.989658
5, 646,19,113.572350, 113.683594, 129.056503, 72.241730,11.948007, 239.843613, 0.999021
5, 646,20,130.156235, 130.443741, 129.056503, 72.241730,11.948007, 239.843613, 0.997796
5, 646,21,239.843613, 239.929733, 129.056503, 72.241730,11.948007, 239.843613, 0.999641
5, 646,22,23.864656, 24.404016, 129.056503, 72.241730,11.948007, 239.843613, 0.977899
5, 646,23,54.222961, 53.465244, 129.056503, 72.241730,11.948007, 239.843613, 1.014172
5, 646,24,234.836639, 235.154190, 129.056503, 72.241730,11.948007, 239.843613, 0.998650
5, 646,25,60.134705, 62.256756, 129.056503, 72.241730,11.948007, 239.843613, 0.965915
5, 646,26,191.587448, 191.738174, 129.056503, 72.241730,11.948007, 239.843613, 0.999214
5, 646,27,56.260853, 56.637222, 129.056503, 72.241730,11.948007, 239.843613, 0.993355
5, 646,28,23.035915, 24.952606, 129.056503, 72.241730,11.948007, 239.843613, 0.923187
5, 646,29,116.834236, 116.018623, 129.056503, 72.241730,11.948007, 239.843613, 1.007030
5, 646,30,228.745056, 227.417648, 129.056503, 72.241730,11.948007, 239.843613, 1.005837
5, 646,31,42.291973, 41.515816, 129.056503, 72.241730,11.948007, 239.843613, 1.018695
5, 647,0,49.685101, 49.705757, 128.656296, 69.240364,18.464972, 234.513260, 0.999584
5, 647,1,20.393423, 20.614750, 128.656296, 69.240364,18.464972, 234.513260, 0.989264
5, 647,2,104.233521, 104.035973, 128.656296, 69.240364,18.464972, 234.513260, 1.001899
5, 647,3,234.513260, 234.763565, 128.656296, 69.240364,18.464972, 234.513260, 0.998934
5, 647,4,178.268097, 178.565811, 128.656296, 69.240364,18.464972, 234.513260, 0.998333
5, 647,5,190.031128, 189.407120, 128.656296, 69.240364,18.464972, 234.513260, 1.003295
5, 647,6,217.329178, 216.967026, 128.656296, 69.240364,18.464972, 234.513260, 1.001669
5, 647,7,181.973572, 181.106186, 128.656296, 69.240364,18.464972, 234.513260, 1.004789
5, 647,8,30.022997, 29.444355, 128.656296, 69.240364,18.464972, 234.513260, 1.019652
5, 647,9,155.080368, 156.024902, 128.656296, 69.240364,18.464972, 234.513260, 0.993946
5, 647,10,141.087158, 142.711838, 128.656296, 69.240364,18.464972, 234.513260, 0.988616
5, 647,11,151.348267, 152.337891, 128.656296, 69.240364,18.464972, 234.513260, 0.993504
5, 647,12,44.857632, 44.679886, 128.656296, 69.240364,18.464972, 234.513260, 1.003978
5, 647,13,101.873734, 100.781517, 128.656296, 69.240364,18.464972, 234.513260, 1.010837
5, 647,14,104.582474, 105.512154, 128.656296, 69.240364,18.464972, 234.513260, 0.991189
5, 647,15,218.560608, 217.605560, 128.656296, 69.240364,18.464972, 234.513260, 1.004389
5, 647,16,152.172836, 153.553177, 128.656296, 69.240364,18.464972, 234.513260, 0.991011
5, 647,17,164.032471, 162.980103, 128.656296, 69.240364,18.464972, 234.513260, 1.006457
5, 647,18,18.464972, 18.403915, 128.656296, 69.240364,18.464972, 234.513260, 1.003318
5, 647,19,207.120255, 207.258591, 128.656296, 69.240364,18.464972, 234.513260, 0.999333
5, 647,20,19.693802, 19.275890, 128.656296, 69.240364,18.464972, 234.513260, 1.021680
5, 647,21,176.284195, 178.098923, 128.656296, 69.240364,18.464972, 234.513260, 0.989811
5, 647,22,187.654556, 187.450333, 128.656296, 69.240364,18.464972, 234.513260, 1.001089
5, 647,23,103.046822, 103.150269, 128.656296, 69.240364,18.464972, 234.513260, 0.998997
5, 647,24,33.600109, 33.419735, 128.656296, 69.240364,18.464972, 234.513260, 1.005397
5, 647,25,96.349831, 97.327942, 128.656296, 69.240364,18.464972, 234.513260, 0.989950
5, 647,26,194.249710, 193.657150, 128.656296, 69.240364,18.464972, 234.513260, 1.003060
5, 647,27,46.701237, 46.259052, 128.656296, 69.240364,18.464972, 234.513260, 1.009559
5, 647,28,82.278152, 83.815765, 128.656296, 69.240364,18.464972, 234.513260, 0.981655
5, 647,29,111.606232, 112.302574, 128.656296, 69.240364,18.464972, 234.513260, 0.993799
5, 647,30,234.173264, 234.310394, 128.656296, 69.240364,18.464972, 234.513260, 0.999415
5, 647,31,165.732071, 165.472458, 128.656296, 69.240364,18.464972, 234.513260, 1.001569
5, 648,0,211.361786, 211.528534, 128.668610, 69.328651,16.235415, 234.009430, 0.999212
5, 648,1,70.161011, 70.920601, 128.668610, 69.328651,16.235415, 234.009430, 0.989290
5, 648,2,94.237106, 94.815666, 128.668610, 69.328651,16.235415, 234.009430, 0.993898
5, 648,3,95.629486, 95.017456, 128.668610, 69.328651,16.235415, 234.009430, 1.006441
5, 648,4,165.612946, 166.361710, 128.668610, 69.328651,16.235415, 234.009430, 0.995499
5, 648,5,127.740189, 127.826210, 128.668610, 69.328651,16.235415, 234.009430, 0.999327
5, 648,6,24.226482, 24.974430, 128.668610, 69.328651,16.235415, 234.009430, 0.970051
5, 648,7,178.860718, 178.726746, 128.668610, 69.328651,16.235415, 234.009430, 1.000750
5, 648,8,218.537430, 218.257294, 128.668610, 69.328651,16.235415, 234.009430, 1.001284
5, 648,9,198.572205, 198.189331, 128.668610, 69.328651,16.235415, 234.009430, 1.001932
5, 648,10,62.395210, 62.514877, 128.668610, 69.328651,16.235415, 234.009430, 0.998086
5, 648,11,188.896606, 188.245804, 128.668610, 69.328651,16.235415, 234.009430, 1.003457
5, 648,12,182.856247, 183.646301, 128.668610, 69.328651,16.235415, 234.009430, 0.995698
5, 648,13,151.750244, 151.456863, 128.668610, 69.328651,16.235415, 234.009430, 1.001937
5, 648,14,20.967474, 20.688068, 128.668610, 69.328651,16.235415, 234.009430, 1.013506
5, 648,15,25.529171, 24.765678, 128.668610, 69.328651,16.235415, 234.009430, 1.030829
5, 648,16,169.336868, 169.736526, 128.668610, 69.328651,16.235415, 234.009430, 0.997645
5, 648,17,120.612938, 119.483116, 128.668610, 69.328651,16.235415, 234.009430, 1.009456
5, 648,18,81.750771, 81.657379, 128.668610, 69.328651,16.235415, 234.009430, 1.001144
5, 648,19,30.143452, 30.847300, 128.668610, 69.328651,16.235415, 234.009430, 0.977183
5, 648,20,16.235415, 16.067705, 128.668610, 69.328651,16.235415, 234.009430, 1.010438
5, 648,21,147.812790, 148.193375, 128.668610, 69.328651,16.235415, 234.009430, 0.997432
5, 648,22,159.647324, 159.876495, 128.668610, 69.328651,16.235415, 234.009430, 0.998567
5, 648,23,192.379196, 192.448669, 128.668610, 69.328651,16.235415, 234.009430, 0.999639
5, 648,24,234.009430, 234.686020, 128.668610, 69.328651,16.235415, 234.009430, 0.997117
5, 648,25,141.375366, 141.819504, 128.668610, 69.328651,16.235415, 234.009430, 0.996868
5, 648,26,211.334152, 211.876450, 128.668610, 69.328651,16.235415, 234.009430, 0.997441
5, 648,27,149.606171, 150.246109, 128.668610, 69.328651,16.235415, 234.009430, 0.995741
5, 648,28,66.635902, 66.675980, 128.668610, 69.328651,16.235415, 234.009430, 0.999399
5, 648,29,22.122360, 21.369989, 128.668610, 69.328651,16.235415, 234.009430, 1.035207
5, 648,30,130.447525, 131.395859, 128.668610, 69.328651,16.235415, 234.009430, 0.992783
5, 648,31,226.610931, 226.683884, 128.668610, 69.328651,16.235415, 234.009430, 0.999678
5, 649,0,17.535240, 16.722437, 128.755646, 73.780540,17.535240, 270.222687, 1.048606
5, 649,1,153.182602, 154.091843, 128.755646, 73.780540,17.535240, 270.222687, 0.994099
5, 649,2,39.020477, 39.426979, 128.755646, 73.780540,17.535240, 270.222687, 0.989690
5, 649,3,166.372757, 164.004181, 128.755646, 73.780540,17.535240, 270.222687, 1.014442
5, 649,4,167.730423, 167.512268, 128.755646, 73.780540,17.535240, 270.222687, 1.001302
5, 649,5,270.222687, 269.352264, 128.755646, 73.780540,17.535240, 270.222687, 1.003232
5, 649,6,37.610859, 38.056385, 128.755646, 73.780540,17.535240, 270.222687, 0.988293
5, 649,7,211.687927, 211.004135, 128.755646, 73.780540,17.535240, 270.222687, 1.003241
5, 649,8,144.777954, 144.832184, 128.755646, 73.780540,17.535240, 270.222687, 0.999626
5, 649,9,43.132347, 43.546921, 128.755646, 73.780540,17.535240, 270.222687, 0.990480
5, 649,10,77.651642, 77.118317, 128.755646, 73.780540,17.535240, 270.222687, 1.006916
5, 649,11,154.137787, 152.737564, 128.755646, 73.780540,17.535240, 270.222687, 1.009168
5, 649,12,96.477524, 97.465103, 128.755646, 73.780540,17.535240, 270.222687, 0.989867
5, 649,13,186.868454, 186.447662, 128.755646, 73.780540,17.535240, 270.222687, 1.002257
5, 649,14,41.059517, 39.182228, 128.755646, 73.780540,17.535240, 270.222687, 1.047912
5, 649,15,53.146198, 53.402142, 128.755646, 73.780540,17.535240, 270.222687, 0.995207
5, 649,16,28.063053, 28.747766, 128.755646, 73.780540,17.535240, 270.222687, 0.976182
5, 649,17,232.424393, 233.937103, 128.755646, 73.780540,17.535240, 270.222687, 0.993534
5, 649,18,139.801682, 139.333481, 128.755646, 73.780540,17.535240, 270.222687, 1.003360
5, 649,19,260.513123, 259.929443, 128.755646, 73.780540,17.535240, 270.222687, 1.002246
5, 649,20,62.597305, 64.962448, 128.755646, 73.780540,17.535240, 270.222687, 0.963592
5, 649,21,181.912521, 182.172714, 128.755646, 73.780540,17.535240, 270.222687, 0.998572
5, 649,22,199.909653, 199.688568, 128.755646, 73.780540,17.535240, 270.222687, 1.001107
5, 649,23,135.261490, 136.518875, 128.755646, 73.780540,17.535240, 270.222687, 0.990790
5, 649,24,141.910919, 141.585175, 128.755646, 73.780540,17.535240, 270.222687, 1.002301
5, 649,25,124.202667, 125.652023, 128.755646, 73.780540,17.535240, 270.222687, 0.988465
5, 649,26,102.538162, 100.320511, 128.755646, 73.780540,17.535240, 270.222687, 1.022106
5, 649,27,219.461700, 220.647232, 128.755646, 73.780540,17.535240, 270.222687, 0.994627
5, 649,28,116.938599, 118.179024, 128.755646, 73.780540,17.535240, 270.222687, 0.989504
5, 649,29,213.103317, 213.272141, 128.755646, 73.780540,17.535240, 270.222687, 0.999208
5, 649,30,79.019775, 78.154419, 128.755646, 73.780540,17.535240, 270.222687, 1.011072
5, 649,31,21.907730, 22.996166, 128.755646, 73.780540,17.535240, 270.222687, 0.952669
5, 650,0,133.690125, 132.246399, 128.740402, 77.205650,11.271996, 265.262115, 1.010917
5, 650,1,165.443207, 165.155045, 128.740402, 77.205650,11.271996, 265.262115, 1.001745
5, 650,2,219.578735, 218.180099, 128.740402, 77.205650,11.271996, 265.262115, 1.006410
5, 650,3,135.768051, 136.923859, 128.740402, 77.205650,11.271996, 265.262115, 0.991559
5, 650,4,46.037666, 48.035545, 128.740402, 77.205650,11.271996, 265.262115, 0.958408
5, 650,5,111.165550, 110.323952, 128.740402, 77.205650,11.271996, 265.262115, 1.007628
5, 650,6,188.166870, 189.199829, 128.740402, 77.205650,11.271996, 265.262115, 0.994540
5, 650,7,62.540794, 61.285561, 128.740402, 77.205650,11.271996, 265.262115, 1.020482
5, 650,8,265.262115, 264.688324, 128.740402, 77.205650,11.271996, 265.262115, 1.002168
5, 650,9,167.012741, 167.127579, 128.740402, 77.205650,11.271996, 265.262115, 0.999313
5, 650,10,235.624069, 234.268219, 128.740402, 77.205650,11.271996, 265.262115, 1.005788
5, 650,11,181.260788, 181.484543, 128.740402, 77.205650,11.271996, 265.262115, 0.998767
5, 650,12,250.512955, 250.664291, 128.740402, 77.205650,11.271996, 265.262115, 0.999396
5, 650,13,196.237976, 194.892700, 128.740402, 77.205650,11.271996, 265.262115, 1.006903
5, 650,14,117.558197, 117.681366, 128.740402, 77.205650,11.271996, 265.262115, 0.998953
5, 650,15,41.871956, 41.410538, 128.740402, 77.205650,11.271996, 265.262115, 1.011142
5, 650,16,90.314758, 91.214622, 128.740402, 77.205650,11.271996, 265.262115, 0.990135
5, 650,17,103.956413, 105.280289, 128.740402, 77.205650,11.271996, 265.262115, 0.987425
5, 650,18,11.271996, 11.406566, 128.740402, 77.205650,11.271996, 265.262115, 0.988202
5, 650,19,84.961372, 86.237541, 128.740402, 77.205650,11.271996, 265.262115, 0.985202
5, 650,20,67.541771, 67.594307, 128.740402, 77.205650,11.271996, 265.262115, 0.999223
5, 650,21,67.509514, 67.769089, 128.740402, 77.205650,11.271996, 265.262115, 0.996170
5, 650,22,50.485168, 49.000996, 128.740402, 77.205650,11.271996, 265.262115, 1.030289
5, 650,23,33.450478, 34.752235, 128.740402, 77.205650,11.271996, 265.262115, 0.962542
5, 650,24,256.763947, 256.024231, 128.740402, 77.205650,11.271996, 265.262115, 1.002889
5, 650,25,110.594391, 110.598610, 128.740402, 77.205650,11.271996, 265.262115, 0.999962
5, 650,26,57.435532, 56.907726, 128.740402, 77.205650,11.271996, 265.262115, 1.009275
5, 650,27,263.513336, 264.979614, 128.740402, 77.205650,11.271996, 265.262115, 0.994466
5, 650,28,85.669281, 86.645370, 128.740402, 77.205650,11.271996, 265.262115, 0.988735
5, 650,29,113.787598, 114.285645, 128.740402, 77.205650,11.271996, 265.262115, 0.995642
5, 650,30,16.439026, 17.132706, 128.740402, 77.205650,11.271996, 265.262115, 0.959511
5, 650,31,188.266769, 187.601837, 128.740402, 77.205650,11.271996, 265.262115, 1.003544
5, 651,0,90.669281, 90.530350, 128.795319, 64.086716,15.952234, 207.039841, 1.001535
5, 651,1,177.037460, 176.955505, 128.795319, 64.086716,15.952234, 207.039841, 1.000463
5, 651,2,32.495007, 33.555141, 128.795319, 64.086716,15.952234, 207.039841, 0.968406
5, 651,3,193.866440, 193.620316, 128.795319, 64.086716,15.952234, 207.039841, 1.001271
5, 651,4,191.039841, 192.431671, 128.795319, 64.086716,15.952234, 207.039841, 0.992767
5, 651,5,49.892410, 49.791534, 128.795319, 64.086716,15.952234, 207.039841, 1.002026
5, 651,6,108.424217, 108.401848, 128.795319, 64.086716,15.952234, 207.039841, 1.000206
5, 651,7,200.855118, 202.091461, 128.795319, 64.086716,15.952234, 207.039841, 0.993882
5, 651,8,144.086502, 144.953339, 128.795319, 64.086716,15.952234, 207.039841, 0.994020
5, 651,9,205.637192, 204.764328, 128.795319, 64.086716,15.952234, 207.039841, 1.004263
5, 651,10,161.910751, 162.330093, 128.795319, 64.086716,15.952234, 207.039841, 0.997417
5, 651,11,175.990005, 175.483322, 128.795319, 64.086716,15.952234, 207.039841, 1.002887
5, 651,12,82.507172, 82.185890, 128.795319, 64.086716,15.952234, 207.039841, 1.003909
5, 651,13,32.194271, 31.926071, 128.795319, 64.086716,15.952234, 207.039841, 1.008401
5, 651,14,175.401199, 176.780548, 128.795319, 64.086716,15.952234, 207.039841, 0.992197
5, 651,15,80.219795, 80.013802, 128.795319, 64.086716,15.952234, 207.039841, 1.002574
5, 651,16,76.879402, 77.383156, 128.795319, 64.086716,15.952234, 207.039841, 0.993490
5, 651,17,87.243378, 87.791092, 128.795319, 64.086716,15.952234, 207.039841, 0.993761
5, 651,18,206.734390, 206.483917, 128.795319, 64.086716,15.952234, 207.039841, 1.001213
5, 651,19,15.952234, 15.713812, 128.795319, 64.086716,15.952234, 207.039841, 1.015173
5, 651,20,124.255005, 125.211433, 128.795319, 64.086716,15.952234, 207.039841, 0.992361
5, 651,21,196.069580, 196.154404, 128.795319, 64.086716,15.952234, 207.039841, 0.999568
5, 651,22,72.723572, 71.548668, 128.795319, 64.086716,15.952234, 207.039841, 1.016421
5, 651,23,176.372894, 176.352158, 128.795319, 64.086716,15.952234, 207.039841, 1.000118
5, 651,24,187.618332, 187.719437, 128.795319, 64.086716,15.952234, 207.039841, 0.999461
5, 651,25,126.462418, 125.736359, 128.795319, 64.086716,15.952234, 207.039841, 1.005774
5, 651,26,20.492983, 18.374626, 128.795319, 64.086716,15.952234, 207.039841, 1.115287
5, 651,27,78.214005, 77.702934, 128.795319, 64.086716,15.952234, 207.039841, 1.006577
5, 651,28,63.791885, 63.089573, 128.795319, 64.086716,15.952234, 207.039841, 1.011132
5, 651,29,207.039841, 206.387375, 128.795319, 64.086716,15.952234, 207.039841, 1.003161
5, 651,30,180.895065, 180.804947, 128.795319, 64.086716,15.952234, 207.039841, 1.000498
5, 651,31,198.478760, 198.730743, 128.795319, 64.086716,15.952234, 207.039841, 0.998732
5, 652,0,125.654137, 125.738136, 128.739670, 51.992065,21.655066, 207.046021, 0.999332
5, 652,1,141.196579, 140.487839, 128.739670, 51.992065,21.655066, 207.046021, 1.005045
5, 652,2,137.690552, 137.745026, 128.739670, 51.992065,21.655066, 207.046021, 0.999605
5, 652,3,193.323242, 192.074173, 128.739670, 51.992065,21.655066, 207.046021, 1.006503
5, 652,4,99.825691, 98.736755, 128.739670, 51.992065,21.655066, 207.046021, 1.011029
5, 652,5,60.705750, 60.004650, 128.739670, 51.992065,21.655066, 207.046021, 1.011684
5, 652,6,124.134552, 124.909645, 128.739670, 51.992065,21.655066, 207.046021, 0.993795
5, 652,7,125.345200, 124.520500, 128.739670, 51.992065,21.655066, 207.046021, 1.006623
5, 652,8,141.608917, 141.115494, 128.739670, 51.992065,21.655066, 207.046021, 1.003497
5, 652,9,202.424606, 203.647980, 128.739670, 51.992065,21.655066, 207.046021, 0.993993
5, 652,10,129.196838, 128.926590, 128.739670, 51.992065,21.655066, 207.046021, 1.002096
5, 652,11,206.382126, 207.570786, 128.739670, 51.992065,21.655066, 207.046021, 0.994273
5, 652,12,136.656525, 137.349609, 128.739670, 51.992065,21.655066, 207.046021, 0.994954
5, 652,13,149.880890, 149.224701, 128.739670, 51.992065,21.655066, 207.046021, 1.004397
5, 652,14,122.372482, 123.397011, 128.739670, 51.992065,21.655066, 207.046021, 0.991697
5, 652,15,183.362076, 183.054886, 128.739670, 51.992065,21.655066, 207.046021, 1.001678
5, 652,16,127.535019, 125.744415, 128.739670, 51.992065,21.655066, 207.046021, 1.014240
5, 652,17,35.630146, 36.605965, 128.739670, 51.992065,21.655066, 207.046021, 0.973343
5, 652,18,54.047184, 55.560909, 128.739670, 51.992065,21.655066, 207.046021, 0.972756
5, 652,19,33.605671, 34.220901, 128.739670, 51.992065,21.655066, 207.046021, 0.982022
5, 652,20,165.273239, 167.495514, 128.739670, 51.992065,21.655066, 207.046021, 0.986732
5, 652,21,163.388687, 163.535049, 128.739670, 51.992065,21.655066, 207.046021, 0.999105
5, 652,22,159.206558, 159.022263, 128.739670, 51.992065,21.655066, 207.046021, 1.001159
5, 652,23,101.632469, 101.554893, 128.739670, 51.992065,21.655066, 207.046021, 1.000764
5, 652,24,126.914948, 127.790543, 128.739670, 51.992065,21.655066, 207.046021, 0.993148
5, 652,25,21.655066, 22.722408, 128.739670, 51.992065,21.655066, 207.046021, 0.953027
5, 652,26,62.297379, 63.419048, 128.739670, 51.992065,21.655066, 207.046021, 0.982313
5, 652,27,78.537102, 77.459518, 128.739670, 51.992065,21.655066, 207.046021, 1.013912
5, 652,28,147.435333, 146.613678, 128.739670, 51.992065,21.655066, 207.046021, 1.005604
5, 652,29,207.046021, 205.744324, 128.739670, 51.992065,21.655066, 207.046021, 1.006327
5, 652,30,205.405807, 203.792328, 128.739670, 51.992065,21.655066, 207.046021, 1.007917
5, 652,31,150.298798, 151.214340, 128.739670, 51.992065,21.655066, 207.046021, 0.993945
5, 653,0,241.783752, 241.594513, 128.814789, 74.241043,22.474833, 243.013443, 1.000783
5, 653,1,243.013443, 243.424164, 128.814789, 74.241043,22.474833, 243.013443, 0.998313
5, 653,2,96.778412, 97.109970, 128.814789, 74.241043,22.474833, 243.013443, 0.996586
5, 653,3,77.290161, 77.387222, 128.814789, 74.241043,22.474833, 243.013443, 0.998746
5, 653,4,25.542912, 25.177433, 128.814789, 74.241043,22.474833, 243.013443, 1.014516
5, 653,5,138.386627, 139.206268, 128.814789, 74.241043,22.474833, 243.013443, 0.994112
5, 653,6,230.111740, 229.111145, 128.814789, 74.241043,22.474833, 243.013443, 1.004367
5, 653,7,228.531921, 229.370468, 128.814789, 74.241043,22.474833, 243.013443, 0.996344
5, 653,8,31.162537, 31.674845, 128.814789, 74.241043,22.474833, 243.013443, 0.983826
5, 653,9,202.743011, 202.559631, 128.814789, 74.241043,22.474833, 243.013443, 1.000905
5, 653,10,100.369431, 100.754860, 128.814789, 74.241043,22.474833, 243.013443, 0.996175
5, 653,11,207.039536, 206.593506, 128.814789, 74.241043,22.474833, 243.013443, 1.002159
5, 653,12,103.227280, 103.218399, 128.814789, 74.241043,22.474833, 243.013443, 1.000086
5, 653,13,99.080040, 98.579445, 128.814789, 74.241043,22.474833, 243.013443, 1.005078
5, 653,14,191.790680, 191.833862, 128.814789, 74.241043,22.474833, 243.013443, 0.999775
5, 653,15,26.233427, 26.618101, 128.814789, 74.241043,22.474833, 243.013443, 0.985548
5, 653,16,182.961929, 183.117828, 128.814789, 74.241043,22.474833, 243.013443, 0.999149
5, 653,17,127.275429, 127.479248, 128.814789, 74.241043,22.474833, 243.013443, 0.998401
5, 653,18,36.677914, 37.437515, 128.814789, 74.241043,22.474833, 243.013443, 0.979710
5, 653,19,132.084717, 130.900818, 128.814789, 74.241043,22.474833, 243.013443, 1.009044
5, 653,20,35.130852, 36.472267, 128.814789, 74.241043,22.474833, 243.013443, 0.963221
5, 653,21,203.480423, 203.870651, 128.814789, 74.241043,22.474833, 243.013443, 0.998086
5, 653,22,22.474833, 21.568562, 128.814789, 74.241043,22.474833, 243.013443, 1.042018
5, 653,23,46.757942, 46.167961, 128.814789, 74.241043,22.474833, 243.013443, 1.012779
5, 653,24,109.385178, 109.110725, 128.814789, 74.241043,22.474833, 243.013443, 1.002515
5, 653,25,142.066010, 142.015579, 128.814789, 74.241043,22.474833, 243.013443, 1.000355
5, 653,26,197.527649, 196.746536, 128.814789, 74.241043,22.474833, 243.013443, 1.003970
5, 653,27,67.606178, 66.791122, 128.814789, 74.241043,22.474833, 243.013443, 1.012203
5, 653,28,169.731262, 168.523865, 128.814789, 74.241043,22.474833, 243.013443, 1.007165
5, 653,29,221.734589, 221.871780, 128.814789, 74.241043,22.474833, 243.013443, 0.999382
5, 653,30,149.492981, 149.629501, 128.814789, 74.241043,22.474833, 243.013443, 0.999088
5, 653,31,34.600262, 35.082024, 128.814789, 74.241043,22.474833, 243.013443, 0.986268
5, 654,0,45.596790, 45.544014, 128.956467, 78.235527,11.236654, 268.745117, 1.001159
5, 654,1,205.211426, 203.898987, 128.956467, 78.235527,11.236654, 268.745117, 1.006437
5, 654,2,42.106522, 41.245110, 128.956467, 78.235527,11.236654, 268.745117, 1.020885
5, 654,3,39.481026, 39.131683, 128.956467, 78.235527,11.236654, 268.745117, 1.008927
5, 654,4,41.413330, 43.102364, 128.956467, 78.235527,11.236654, 268.745117, 0.960813
5, 654,5,129.728317, 127.839615, 128.956467, 78.235527,11.236654, 268.745117, 1.014774
5, 654,6,233.607208, 233.166763, 128.956467, 78.235527,11.236654, 268.745117, 1.001889
5, 654,7,169.916092, 168.995422, 128.956467, 78.235527,11.236654, 268.745117, 1.005448
5, 654,8,206.280212, 205.428024, 128.956467, 78.235527,11.236654, 268.745117, 1.004148
5, 654,9,209.694214, 209.230591, 128.956467, 78.235527,11.236654, 268.745117, 1.002216
5, 654,10,268.745117, 268.230469, 128.956467, 78.235527,11.236654, 268.745117, 1.001919
5, 654,11,93.750229, 93.496407, 128.956467, 78.235527,11.236654, 268.745117, 1.002715
5, 654,12,101.491760, 101.493813, 128.956467, 78.235527,11.236654, 268.745117, 0.999980
5, 654,13,138.817383, 137.614197, 128.956467, 78.235527,11.236654, 268.745117, 1.008743
5, 654,14,246.878021, 248.457092, 128.956467, 78.235527,11.236654, 268.745117, 0.993644
5, 654,15,26.881660, 27.259661, 128.956467, 78.235527,11.236654, 268.745117, 0.986133
5, 654,16,17.339697, 17.541094, 128.956467, 78.235527,11.236654, 268.745117, 0.988519
5, 654,17,66.947876, 67.839081, 128.956467, 78.235527,11.236654, 268.745117, 0.986863
5, 654,18,210.293335, 209.943085, 128.956467, 78.235527,11.236654, 268.745117, 1.001668
5, 654,19,66.020470, 64.973137, 128.956467, 78.235527,11.236654, 268.745117, 1.016119
5, 654,20,240.500748, 240.811951, 128.956467, 78.235527,11.236654, 268.745117, 0.998708
5, 654,21,177.006592, 178.369751, 128.956467, 78.235527,11.236654, 268.745117, 0.992358
5, 654,22,39.828133, 38.114994, 128.956467, 78.235527,11.236654, 268.745117, 1.044947
5, 654,23,206.582993, 206.244568, 128.956467, 78.235527,11.236654, 268.745117, 1.001641
5, 654,24,99.782448, 99.980789, 128.956467, 78.235527,11.236654, 268.745117, 0.998016
5, 654,25,171.394958, 172.621857, 128.956467, 78.235527,11.236654, 268.745117, 0.992893
5, 654,26,78.622383, 78.182060, 128.956467, 78.235527,11.236654, 268.745117, 1.005632
5, 654,27,131.454437, 130.737579, 128.956467, 78.235527,11.236654, 268.745117, 1.005483
5, 654,28,114.480606, 114.974922, 128.956467, 78.235527,11.236654, 268.745117, 0.995701
5, 654,29,207.411896, 207.285278, 128.956467, 78.235527,11.236654, 268.745117, 1.000611
5, 654,30,88.104080, 88.244858, 128.956467, 78.235527,11.236654, 268.745117, 0.998405
5, 654,31,11.236654, 11.000676, 128.956467, 78.235527,11.236654, 268.745117, 1.021451
5, 655,0,190.620087, 190.652161, 128.949905, 51.239536,17.208057, 202.488693, 0.999832
5, 655,1,109.543983, 109.367218, 128.949905, 51.239536,17.208057, 202.488693, 1.001616
5, 655,2,66.699867, 66.622864, 128.949905, 51.239536,17.208057, 202.488693, 1.001156
5, 655,3,85.061119, 84.839172, 128.949905, 51.239536,17.208057, 202.488693, 1.002616
5, 655,4,176.281372, 175.366302, 128.949905, 51.239536,17.208057, 202.488693, 1.005218
5, 655,5,123.060974, 122.819260, 128.949905, 51.239536,17.208057, 202.488693, 1.001968
5, 655,6,153.526840, 155.090759, 128.949905, 51.239536,17.208057, 202.488693, 0.989916
5, 655,7,137.888336, 136.783066, 128.949905, 51.239536,17.208057, 202.488693, 1.008080
5, 655,8,149.825699, 150.289948, 128.949905, 51.239536,17.208057, 202.488693, 0.996911
5, 655,9,151.839264, 150.838257, 128.949905, 51.239536,17.208057, 202.488693, 1.006636
5, 655,10,175.793015, 175.579544, 128.949905, 51.239536,17.208057, 202.488693, 1.001216
5, 655,11,70.601486, 72.410660, 128.949905, 51.239536,17.208057, 202.488693, 0.975015
5, 655,12,19.760086, 18.693871, 128.949905, 51.239536,17.208057, 202.488693, 1.057036
5, 655,13,124.237907, 124.244888, 128.949905, 51.239536,17.208057, 202.488693, 0.999944
5, 655,14,115.731941, 116.221176, 128.949905, 51.239536,17.208057, 202.488693, 0.995790
5, 655,15,86.417343, 86.551140, 128.949905, 51.239536,17.208057, 202.488693, 0.998454
5, 655,16,17.208057, 16.202074, 128.949905, 51.239536,17.208057, 202.488693, 1.062090
5, 655,17,172.154968, 169.877029, 128.949905, 51.239536,17.208057, 202.488693, 1.013409
5, 655,18,190.527420, 189.653000, 128.949905, 51.239536,17.208057, 202.488693, 1.004611
5, 655,19,55.984791, 57.593914, 128.949905, 51.239536,17.208057, 202.488693, 0.972061
5, 655,20,57.684074, 56.570389, 128.949905, 51.239536,17.208057, 202.488693, 1.019687
5, 655,21,202.488693, 202.666397, 128.949905, 51.239536,17.208057, 202.488693, 0.999123
5, 655,22,184.739182, 185.236008, 128.949905, 51.239536,17.208057, 202.488693, 0.997318
5, 655,23,117.424652, 118.499741, 128.949905, 51.239536,17.208057, 202.488693, 0.990928
5, 655,24,140.139069, 139.938934, 128.949905, 51.239536,17.208057, 202.488693, 1.001430
5, 655,25,125.909058, 123.251816, 128.949905, 51.239536,17.208057, 202.488693, 1.021559
5, 655,26,198.502701, 198.773346, 128.949905, 51.239536,17.208057, 202.488693, 0.998638
5, 655,27,90.133652, 89.548607, 128.949905, 51.239536,17.208057, 202.488693, 1.006533
5, 655,28,180.925110, 182.853867, 128.949905, 51.239536,17.208057, 202.488693, 0.989452
5, 655,29,152.895309, 153.232574, 128.949905, 51.239536,17.208057, 202.488693, 0.997799
5, 655,30,150.532578, 150.813889, 128.949905, 51.239536,17.208057, 202.488693, 0.998135
5, 655,31,152.258728, 149.918304, 128.949905, 51.239536,17.208057, 202.488693, 1.015611
5, 656,0,145.295242, 145.268524, 128.766068, 67.810059,16.326361, 243.957397, 1.000184
5, 656,1,163.935440, 164.969162, 128.766068, 67.810059,16.326361, 243.957397, 0.993734
5, 656,2,229.974121, 229.148819, 128.766068, 67.810059,16.326361, 243.957397, 1.003602
5, 656,3,38.374481, 38.513115, 128.766068, 67.810059,16.326361, 243.957397, 0.996400
5, 656,4,76.931801, 77.813820, 128.766068, 67.810059,16.326361, 243.957397, 0.988665
5, 656,5,196.660812, 196.577789, 128.766068, 67.810059,16.326361, 243.957397, 1.000422
5, 656,6,35.549061, 36.638580, 128.766068, 67.810059,16.326361, 243.957397, 0.970263
5, 656,7,149.997070, 150.173935, 128.766068, 67.810059,16.326361, 243.957397, 0.998822
5, 656,8,121.332298, 122.264114, 128.766068, 67.810059,16.326361, 243.957397, 0.992379
5, 656,9,94.556213, 96.573586, 128.766068, 67.810059,16.326361, 243.957397, 0.979111
5, 656,10,16.326361, 16.392109, 128.766068, 67.810059,16.326361, 243.957397, 0.995989
5, 656,11,184.824875, 184.820602, 128.766068, 67.810059,16.326361, 243.957397, 1.000023
5, 656,12,233.299652, 233.149246, 128.766068, 67.810059,16.326361, 243.957397, 1.000645
5, 656,13,122.255432, 121.955284, 128.766068, 67.810059,16.326361, 243.957397, 1.002461
5, 656,14,95.644463, 94.828316, 128.766068, 67.810059,16.326361, 243.957397, 1.008607
5, 656,15,35.120621, 36.013733, 128.766068, 67.810059,16.326361, 243.957397, 0.975201
5, 656,16,181.203308, 181.538361, 128.766068, 67.810059,16.326361, 243.957397, 0.998154
5, 656,17,133.077408, 133.130707, 128.766068, 67.810059,16.326361, 243.957397, 0.999600
5, 656,18,227.398651, 227.942200, 128.766068, 67.810059,16.326361, 243.957397, 0.997615
5, 656,19,164.788864, 164.983521, 128.766068, 67.810059,16.326361, 243.957397, 0.998820
5, 656,20,67.204254, 67.169884, 128.766068, 67.810059,16.326361, 243.957397, 1.000512
5, 656,21,205.560669, 205.196365, 128.766068, 67.810059,16.326361, 243.957397, 1.001775
5, 656,22,126.326904, 126.695503, 128.766068, 67.810059,16.326361, 243.957397, 0.997091
5, 656,23,101.611816, 100.459129, 128.766068, 67.810059,16.326361, 243.957397, 1.011474
5, 656,24,23.315947, 23.796902, 128.766068, 67.810059,16.326361, 243.957397, 0.979789
5, 656,25,129.527313, 129.094330, 128.766068, 67.810059,16.326361, 243.957397, 1.003354
5, 656,26,197.118423, 194.487762, 128.766068, 67.810059,16.326361, 243.957397, 1.013526
5, 656,27,127.728630, 127.147980, 128.766068, 67.810059,16.326361, 243.957397, 1.004567
5, 656,28,243.957397, 243.168350, 128.766068, 67.810059,16.326361, 243.957397, 1.003245
5, 656,29,76.235695, 75.307243, 128.766068, 67.810059,16.326361, 243.957397, 1.012329
5, 656,30,154.458008, 153.987656, 128.766068, 67.810059,16.326361, 243.957397, 1.003054
5, 656,31,20.923496, 21.793083, 128.766068, 67.810059,16.326361, 243.957397, 0.960098
5, 657,0,194.049042, 194.674362, 128.738144, 51.626377,53.273758, 227.803238, 0.996788
5, 657,1,97.857903, 97.480881, 128.738144, 51.626377,53.273758, 227.803238, 1.003868
5, 657,2,182.765396, 183.621399, 128.738144, 51.626377,53.273758, 227.803238, 0.995338
5, 657,3,104.237541, 103.879623, 128.738144, 51.626377,53.273758, 227.803238, 1.003446
5, 657,4,128.045624, 126.820786, 128.738144, 51.626377,53.273758, 227.803238, 1.009658
5, 657,5,77.943665, 78.675323, 128.738144, 51.626377,53.273758, 227.803238, 0.990700
5, 657,6,170.371002, 169.618256, 128.738144, 51.626377,53.273758, 227.803238, 1.004438
5, 657,7,143.503464, 142.063248, 128.738144, 51.626377,53.273758, 227.803238, 1.010138
5, 657,8,227.803238, 227.631256, 128.738144, 51.626377,53.273758, 227.803238, 1.000756
5, 657,9,64.026154, 63.412643, 128.738144, 51.626377,53.273758, 227.803238, 1.009675
5, 657,10,86.425812, 85.390633, 128.738144, 51.626377,53.273758, 227.803238, 1.012123
5, 657,11,134.493652, 135.186295, 128.738144, 51.626377,53.273758, 227.803238, 0.994876
5, 657,12,106.735222, 106.654648, 128.738144, 51.626377,53.273758, 227.803238, 1.000755
5, 657,13,81.269508, 80.850899, 128.738144, 51.626377,53.273758, 227.803238, 1.005177
5, 657,14,69.301849, 69.878738, 128.738144, 51.626377,53.273758, 227.803238, 0.991744
5, 657,15,201.578125, 201.019226, 128.738144, 51.626377,53.273758, 227.803238, 1.002780
5, 657,16,122.746376, 124.106377, 128.738144, 51.626377,53.273758, 227.803238, 0.989042
5, 657,17,110.230927, 110.029152, 128.738144, 51.626377,53.273758, 227.803238, 1.001834
5, 657,18,206.341736, 207.229385, 128.738144, 51.626377,53.273758, 227.803238, 0.995717
5, 657,19,135.983749, 133.812256, 128.738144, 51.626377,53.273758, 227.803238, 1.016228
5, 657,20,204.019424, 205.457932, 128.738144, 51.626377,53.273758, 227.803238, 0.992999
5, 657,21,129.679581, 132.357391, 128.738144, 51.626377,53.273758, 227.803238, 0.979768
5, 657,22,64.624275, 65.756607, 128.738144, 51.626377,53.273758, 227.803238, 0.982780
5, 657,23,153.179016, 152.786194, 128.738144, 51.626377,53.273758, 227.803238, 1.002571
5, 657,24,163.661285, 161.757904, 128.738144, 51.626377,53.273758, 227.803238, 1.011767
5, 657,25,82.012733, 81.120316, 128.738144, 51.626377,53.273758, 227.803238, 1.011001
5, 657,26,90.921654, 90.987846, 128.738144, 51.626377,53.273758, 227.803238, 0.999273
5, 657,27,59.360470, 61.216862, 128.738144, 51.626377,53.273758, 227.803238, 0.969675
5, 657,28,142.526184, 143.140945, 128.738144, 51.626377,53.273758, 227.803238, 0.995705
5, 657,29,53.273758, 53.484493, 128.738144, 51.626377,53.273758, 227.803238, 0.996060
5, 657,30,224.126328, 224.741714, 128.738144, 51.626377,53.273758, 227.803238, 0.997262
5, 657,31,106.525986, 106.156219, 128.738144, 51.626377,53.273758, 227.803238, 1.003483
5, 658,0,201.265869, 201.548599, 128.658981, 63.025150,20.849348, 240.039093, 0.998597
5, 658,1,172.206924, 172.169647, 128.658981, 63.025150,20.849348, 240.039093, 1.000216
5, 658,2,66.232353, 66.134216, 128.658981, 63.025150,20.849348, 240.039093, 1.001484
5, 658,3,105.710655, 105.726128, 128.658981, 63.025150,20.849348, 240.039093, 0.999854
5, 658,4,126.207756, 126.989532, 128.658981, 63.025150,20.849348, 240.039093, 0.993844
5, 658,5,151.863770, 150.965530, 128.658981, 63.025150,20.849348, 240.039093, 1.005950
5, 658,6,113.538857, 113.500717, 128.658981, 63.025150,20.849348, 240.039093, 1.000336
5, 658,7,80.753075, 79.252472, 128.658981, 63.025150,20.849348, 240.039093, 1.018934
5, 658,8,144.178635, 144.621338, 128.658981, 63.025150,20.849348, 240.039093, 0.996939
5, 658,9,155.362106, 156.813171, 128.658981, 63.025150,20.849348, 240.039093, 0.990747
5, 658,10,56.568947, 56.825459, 128.658981, 63.025150,20.849348, 240.039093, 0.995486
5, 658,11,197.530380, 198.265320, 128.658981, 63.025150,20.849348, 240.039093, 0.996293
5, 658,12,202.731140, 202.904892, 128.658981, 63.025150,20.849348, 240.039093, 0.999144
5, 658,13,134.150330, 134.771545, 128.658981, 63.025150,20.849348, 240.039093, 0.995391
5, 658,14,82.647797, 82.402328, 128.658981, 63.025150,20.849348, 240.039093, 1.002979
5, 658,15,202.605469, 203.779449, 128.658981, 63.025150,20.849348, 240.039093, 0.994239
5, 658,16,56.496048, 57.700008, 128.658981, 63.025150,20.849348, 240.039093, 0.979134
5, 658,17,116.869110, 116.331886, 128.658981, 63.025150,20.849348, 240.039093, 1.004618
5, 658,18,134.638809, 134.312042, 128.658981, 63.025150,20.849348, 240.039093, 1.002433
5, 658,19,25.430637, 26.542328, 128.658981, 63.025150,20.849348, 240.039093, 0.958116
5, 658,20,20.849348, 20.768818, 128.658981, 63.025150,20.849348, 240.039093, 1.003877
5, 658,21,189.262222, 189.920044, 128.658981, 63.025150,20.849348, 240.039093, 0.996536
5, 658,22,154.460556, 154.663849, 128.658981, 63.025150,20.849348, 240.039093, 0.998686
5, 658,23,67.223450, 67.972260, 128.658981, 63.025150,20.849348, 240.039093, 0.988984
5, 658,24,26.188297, 25.860477, 128.658981, 63.025150,20.849348, 240.039093, 1.012676
5, 658,25,176.157959, 175.882782, 128.658981, 63.025150,20.849348, 240.039093, 1.001565
5, 658,26,240.039093, 239.013397, 128.658981, 63.025150,20.849348, 240.039093, 1.004291
5, 658,27,36.393284, 35.858505, 128.658981, 63.025150,20.849348, 240.039093, 1.014914
5, 658,28,116.276390, 116.354118, 128.658981, 63.025150,20.849348, 240.039093, 0.999332
5, 658,29,136.351639, 136.817093, 128.658981, 63.025150,20.849348, 240.039093, 0.996598
5, 658,30,228.302414, 228.667038, 128.658981, 63.025150,20.849348, 240.039093, 0.998405
5, 658,31,198.594086, 197.665009, 128.658981, 63.025150,20.849348, 240.039093, 1.004700
5, 659,0,249.967834, 249.495010, 128.804260, 72.583626,19.793112, 260.680939, 1.001895
5, 659,1,62.005348, 63.834385, 128.804260, 72.583626,19.793112, 260.680939, 0.971347
5, 659,2,87.586754, 87.366409, 128.804260, 72.583626,19.793112, 260.680939, 1.002522
5, 659,3,53.471664, 52.396732, 128.804260, 72.583626,19.793112, 260.680939, 1.020515
5, 659,4,260.680939, 261.472107, 128.804260, 72.583626,19.793112, 260.680939, 0.996974
5, 659,5,98.411118, 97.639191, 128.804260, 72.583626,19.793112, 260.680939, 1.007906
5, 659,6,71.299561, 73.458282, 128.804260, 72.583626,19.793112, 260.680939, 0.970613
5, 659,7,222.193008, 222.390182, 128.804260, 72.583626,19.793112, 260.680939, 0.999113
5, 659,8,244.983871, 243.764450, 128.804260, 72.583626,19.793112, 260.680939, 1.005002
5, 659,9,140.846008, 141.490067, 128.804260, 72.583626,19.793112, 260.680939, 0.995448
5, 659,10,179.777649, 178.382965, 128.804260, 72.583626,19.793112, 260.680939, 1.007818
5, 659,11,108.099937, 109.303574, 128.804260, 72.583626,19.793112, 260.680939, 0.988988
5, 659,12,60.362957, 62.528790, 128.804260, 72.583626,19.793112, 260.680939, 0.965363
5, 659,13,200.574417, 199.749405, 128.804260, 72.583626,19.793112, 260.680939, 1.004130
5, 659,14,172.647156, 171.557892, 128.804260, 72.583626,19.793112, 260.680939, 1.006349
5, 659,15,160.876801, 160.839462, 128.804260, 72.583626,19.793112, 260.680939, 1.000232
5, 659,16,258.668182, 259.619263, 128.804260, 72.583626,19.793112, 260.680939, 0.996337
5, 659,17,36.809696, 36.956284, 128.804260, 72.583626,19.793112, 260.680939, 0.996033
5, 659,18,47.665180, 47.463608, 128.804260, 72.583626,19.793112, 260.680939, 1.004247
5, 659,19,97.484375, 95.426712, 128.804260, 72.583626,19.793112, 260.680939, 1.021563
5, 659,20,141.299469, 140.262634, 128.804260, 72.583626,19.793112, 260.680939, 1.007392
5, 659,21,77.114784, 79.392097, 128.804260, 72.583626,19.793112, 260.680939, 0.971316
5, 659,22,43.421093, 42.968285, 128.804260, 72.583626,19.793112, 260.680939, 1.010538
5, 659,23,165.228210, 163.294312, 128.804260, 72.583626,19.793112, 260.680939, 1.011843
5, 659,24,41.732887, 42.194305, 128.804260, 72.583626,19.793112, 260.680939, 0.989064
5, 659,25,19.793112, 19.483170, 128.804260, 72.583626,19.793112, 260.680939, 1.015908
5, 659,26,116.836853, 116.714989, 128.804260, 72.583626,19.793112, 260.680939, 1.001044
5, 659,27,176.753021, 178.414246, 128.804260, 72.583626,19.793112, 260.680939, 0.990689
5, 659,28,45.501911, 44.766415, 128.804260, 72.583626,19.793112, 260.680939, 1.016430
5, 659,29,158.240112, 158.673904, 128.804260, 72.583626,19.793112, 260.680939, 0.997266
5, 659,30,182.141510, 179.579117, 128.804260, 72.583626,19.793112, 260.680939, 1.014269
5, 659,31,139.260178, 140.121933, 128.804260, 72.583626,19.793112, 260.680939, 0.993850
5, 660,0,47.920372, 46.779533, 128.412399, 47.463799,47.920372, 203.975220, 1.024388
5, 660,1,115.682999, 117.495926, 128.412399, 47.463799,47.920372, 203.975220, 0.984570
5, 660,2,147.366028, 147.307861, 128.412399, 47.463799,47.920372, 203.975220, 1.000395
5, 660,3,189.968445, 190.069122, 128.412399, 47.463799,47.920372, 203.975220, 0.999470
5, 660,4,162.938477, 162.888199, 128.412399, 47.463799,47.920372, 203.975220, 1.000309
5, 660,5,133.143005, 132.646851, 128.412399, 47.463799,47.920372, 203.975220, 1.003740
5, 660,6,81.502304, 83.280853, 128.412399, 47.463799,47.920372, 203.975220, 0.978644
5, 660,7,194.435349, 195.204102, 128.412399, 47.463799,47.920372, 203.975220, 0.996062
5, 660,8,49.019596, 49.156506, 128.412399, 47.463799,47.920372, 203.975220, 0.997215
5, 660,9,169.794205, 170.013062, 128.412399, 47.463799,47.920372, 203.975220, 0.998713
5, 660,10,102.482704, 102.689758, 128.412399, 47.463799,47.920372, 203.975220, 0.997984
5, 660,11,100.027641, 100.470032, 128.412399, 47.463799,47.920372, 203.975220, 0.995597
5, 660,12,161.369019, 161.442657, 128.412399, 47.463799,47.920372, 203.975220, 0.999544
5, 660,13,200.813049, 202.208008, 128.412399, 47.463799,47.920372, 203.975220, 0.993101
5, 660,14,130.787094, 131.830322, 128.412399, 47.463799,47.920372, 203.975220, 0.992087
5, 660,15,98.083145, 99.230141, 128.412399, 47.463799,47.920372, 203.975220, 0.988441
5, 660,16,101.331078, 102.054688, 128.412399, 47.463799,47.920372, 203.975220, 0.992910
5, 660,17,180.596512, 181.395905, 128.412399, 47.463799,47.920372, 203.975220, 0.995593
5, 660,18,169.089615, 172.214630, 128.412399, 47.463799,47.920372, 203.975220, 0.981854
5, 660,19,117.443153, 117.387047, 128.412399, 47.463799,47.920372, 203.975220, 1.000478
5, 660,20,203.515045, 202.957977, 128.412399, 47.463799,47.920372, 203.975220, 1.002745
5, 660,21,72.644508, 71.002853, 128.412399, 47.463799,47.920372, 203.975220, 1.023121
5, 660,22,131.690598, 131.237579, 128.412399, 47.463799,47.920372, 203.975220, 1.003452
5, 660,23,147.578873, 147.924774, 128.412399, 47.463799,47.920372, 203.975220, 0.997662
5, 660,24,52.726227, 51.370174, 128.412399, 47.463799,47.920372, 203.975220, 1.026398
5, 660,25,130.134323, 131.660965, 128.412399, 47.463799,47.920372, 203.975220, 0.988405
5, 660,26,79.120560, 79.071251, 128.412399, 47.463799,47.920372, 203.975220, 1.000624
5, 660,27,98.056610, 99.671669, 128.412399, 47.463799,47.920372, 203.975220, 0.983796
5, 660,28,57.403282, 58.295444, 128.412399, 47.463799,47.920372, 203.975220, 0.984696
5, 660,29,203.975220, 204.270462, 128.412399, 47.463799,47.920372, 203.975220, 0.998555
5, 660,30,146.197586, 145.094177, 128.412399, 47.463799,47.920372, 203.975220, 1.007605
5, 660,31,132.360001, 132.677094, 128.412399, 47.463799,47.920372, 203.975220, 0.997610
5, 661,0,212.937317, 212.779343, 128.773376, 80.831284,11.936697, 237.363266, 1.000742
5, 661,1,237.061005, 238.080765, 128.773376, 80.831284,11.936697, 237.363266, 0.995717
5, 661,2,186.526810, 188.177948, 128.773376, 80.831284,11.936697, 237.363266, 0.991226
5, 661,3,206.197281, 204.805008, 128.773376, 80.831284,11.936697, 237.363266, 1.006798
5, 661,4,129.089569, 128.193542, 128.773376, 80.831284,11.936697, 237.363266, 1.006990
5, 661,5,178.869217, 178.984009, 128.773376, 80.831284,11.936697, 237.363266, 0.999359
5, 661,6,40.586975, 40.829330, 128.773376, 80.831284,11.936697, 237.363266, 0.994064
5, 661,7,208.712677, 207.915359, 128.773376, 80.831284,11.936697, 237.363266, 1.003835
5, 661,8,236.415237, 235.295166, 128.773376, 80.831284,11.936697, 237.363266, 1.004760
5, 661,9,35.278130, 35.351929, 128.773376, 80.831284,11.936697, 237.363266, 0.997912
5, 661,10,11.936697, 13.052624, 128.773376, 80.831284,11.936697, 237.363266, 0.914506
5, 661,11,25.590258, 25.364147, 128.773376, 80.831284,11.936697, 237.363266, 1.008915
5, 661,12,121.498100, 121.575905, 128.773376, 80.831284,11.936697, 237.363266, 0.999360
5, 661,13,115.478935, 116.509857, 128.773376, 80.831284,11.936697, 237.363266, 0.991152
5, 661,14,188.272034, 187.975876, 128.773376, 80.831284,11.936697, 237.363266, 1.001575
5, 661,15,42.028660, 39.717972, 128.773376, 80.831284,11.936697, 237.363266, 1.058177
5, 661,16,172.557510, 172.330276, 128.773376, 80.831284,11.936697, 237.363266, 1.001319
5, 661,17,223.335129, 224.542419, 128.773376, 80.831284,11.936697, 237.363266, 0.994623
5, 661,18,57.316181, 58.849194, 128.773376, 80.831284,11.936697, 237.363266, 0.973950
5, 661,19,225.417465, 225.040359, 128.773376, 80.831284,11.936697, 237.363266, 1.001676
5, 661,20,20.069517, 19.807365, 128.773376, 80.831284,11.936697, 237.363266, 1.013235
5, 661,21,80.237617, 80.044350, 128.773376, 80.831284,11.936697, 237.363266, 1.002414
5, 661,22,237.363266, 237.258072, 128.773376, 80.831284,11.936697, 237.363266, 1.000443
5, 661,23,18.620949, 17.692900, 128.773376, 80.831284,11.936697, 237.363266, 1.052453
5, 661,24,23.661024, 24.397125, 128.773376, 80.831284,11.936697, 237.363266, 0.969828
5, 661,25,109.370224, 110.390175, 128.773376, 80.831284,11.936697, 237.363266, 0.990761
5, 661,26,237.051102, 236.024017, 128.773376, 80.831284,11.936697, 237.363266, 1.004352
5, 661,27,32.260117, 31.404448, 128.773376, 80.831284,11.936697, 237.363266, 1.027247
5, 661,28,61.282169, 60.891487, 128.773376, 80.831284,11.936697, 237.363266, 1.006416
5, 661,29,153.840897, 154.642395, 128.773376, 80.831284,11.936697, 237.363266, 0.994817
5, 661,30,136.773483, 137.661713, 128.773376, 80.831284,11.936697, 237.363266, 0.993548
5, 661,31,155.112930, 155.414566, 128.773376, 80.831284,11.936697, 237.363266, 0.998059
5, 662,0,181.001740, 181.586426, 129.040619, 72.086449,17.429731, 257.791168, 0.996780
5, 662,1,151.286606, 152.090759, 129.040619, 72.086449,17.429731, 257.791168, 0.994713
5, 662,2,134.899002, 134.839600, 129.040619, 72.086449,17.429731, 257.791168, 1.000441
5, 662,3,46.561581, 46.399242, 129.040619, 72.086449,17.429731, 257.791168, 1.003499
5, 662,4,193.375153, 193.846497, 129.040619, 72.086449,17.429731, 257.791168, 0.997568
5, 662,5,65.175346, 64.668831, 129.040619, 72.086449,17.429731, 257.791168, 1.007832
5, 662,6,17.429731, 16.102821, 129.040619, 72.086449,17.429731, 257.791168, 1.082402
5, 662,7,87.173737, 87.276474, 129.040619, 72.086449,17.429731, 257.791168, 0.998823
5, 662,8,44.089848, 42.473225, 129.040619, 72.086449,17.429731, 257.791168, 1.038062
5, 662,9,218.722290, 217.449249, 129.040619, 72.086449,17.429731, 257.791168, 1.005854
5, 662,10,96.924980, 96.139160, 129.040619, 72.086449,17.429731, 257.791168, 1.008174
5, 662,11,92.668015, 93.457031, 129.040619, 72.086449,17.429731, 257.791168, 0.991557
5, 662,12,71.308189, 69.760986, 129.040619, 72.086449,17.429731, 257.791168, 1.022179
5, 662,13,191.879761, 191.630814, 129.040619, 72.086449,17.429731, 257.791168, 1.001299
5, 662,14,190.880249, 189.034195, 129.040619, 72.086449,17.429731, 257.791168, 1.009766
5, 662,15,238.158890, 236.651749, 129.040619, 72.086449,17.429731, 257.791168, 1.006369
5, 662,16,26.711287, 26.901314, 129.040619, 72.086449,17.429731, 257.791168, 0.992936
5, 662,17,60.609417, 62.103313, 129.040619, 72.086449,17.429731, 257.791168, 0.975945
5, 662,18,174.012634, 174.239716, 129.040619, 72.086449,17.429731, 257.791168, 0.998697
5, 662,19,183.983292, 184.058655, 129.040619, 72.086449,17.429731, 257.791168, 0.999591
5, 662,20,67.193474, 66.091522, 129.040619, 72.086449,17.429731, 257.791168, 1.016673
5, 662,21,254.566833, 255.045715, 129.040619, 72.086449,17.429731, 257.791168, 0.998122
5, 662,22,73.429138, 73.461555, 129.040619, 72.086449,17.429731, 257.791168, 0.999559
5, 662,23,173.038956, 173.229065, 129.040619, 72.086449,17.429731, 257.791168, 0.998903
5, 662,24,222.234283, 222.626907, 129.040619, 72.086449,17.429731, 257.791168, 0.998236
5, 662,25,77.687119, 76.571274, 129.040619, 72.086449,17.429731, 257.791168, 1.014573
5, 662,26,39.652931, 38.477234, 129.040619, 72.086449,17.429731, 257.791168, 1.030556
5, 662,27,60.222572, 61.380302, 129.040619, 72.086449,17.429731, 257.791168, 0.981138
5, 662,28,115.171577, 114.424309, 129.040619, 72.086449,17.429731, 257.791168, 1.006531
5, 662,29,174.380173, 174.519592, 129.040619, 72.086449,17.429731, 257.791168, 0.999201
5, 662,30,257.791168, 257.898895, 129.040619, 72.086449,17.429731, 257.791168, 0.999582
5, 662,31,147.079407, 146.563217, 129.040619, 72.086449,17.429731, 257.791168, 1.003522
5, 663,0,202.551254, 201.792450, 128.609665, 76.324081,29.288008, 257.681244, 1.003760
5, 663,1,54.738865, 56.457703, 128.609665, 76.324081,29.288008, 257.681244, 0.969555
5, 663,2,152.420776, 152.027832, 128.609665, 76.324081,29.288008, 257.681244, 1.002585
5, 663,3,42.320919, 42.378452, 128.609665, 76.324081,29.288008, 257.681244, 0.998642
5, 663,4,234.200897, 235.843521, 128.609665, 76.324081,29.288008, 257.681244, 0.993035
5, 663,5,257.681244, 257.725830, 128.609665, 76.324081,29.288008, 257.681244, 0.999827
5, 663,6,187.221634, 186.293762, 128.609665, 76.324081,29.288008, 257.681244, 1.004981
5, 663,7,165.811874, 168.838547, 128.609665, 76.324081,29.288008, 257.681244, 0.982074
5, 663,8,30.407038, 29.480778, 128.609665, 76.324081,29.288008, 257.681244, 1.031419
5, 663,9,37.866951, 38.066437, 128.609665, 76.324081,29.288008, 257.681244, 0.994760
5, 663,10,45.352737, 46.391232, 128.609665, 76.324081,29.288008, 257.681244, 0.977614
5, 663,11,107.248665, 108.094437, 128.609665, 76.324081,29.288008, 257.681244, 0.992176
5, 663,12,227.926071, 227.534088, 128.609665, 76.324081,29.288008, 257.681244, 1.001723
5, 663,13,153.002014, 153.132706, 128.609665, 76.324081,29.288008, 257.681244, 0.999147
5, 663,14,80.260239, 80.365593, 128.609665, 76.324081,29.288008, 257.681244, 0.998689
5, 663,15,147.737076, 147.861618, 128.609665, 76.324081,29.288008, 257.681244, 0.999158
5, 663,16,119.824226, 119.718452, 128.609665, 76.324081,29.288008, 257.681244, 1.000884
5, 663,17,138.744125, 138.155746, 128.609665, 76.324081,29.288008, 257.681244, 1.004259
5, 663,18,40.393555, 41.035744, 128.609665, 76.324081,29.288008, 257.681244, 0.984351
5, 663,19,45.730007, 45.746731, 128.609665, 76.324081,29.288008, 257.681244, 0.999634
5, 663,20,240.231064, 242.303879, 128.609665, 76.324081,29.288008, 257.681244, 0.991445
5, 663,21,88.997467, 88.444855, 128.609665, 76.324081,29.288008, 257.681244, 1.006248
5, 663,22,187.577728, 187.183792, 128.609665, 76.324081,29.288008, 257.681244, 1.002105
5, 663,23,29.288008, 31.168756, 128.609665, 76.324081,29.288008, 257.681244, 0.939659
5, 663,24,31.921646, 32.350338, 128.609665, 76.324081,29.288008, 257.681244, 0.986748
5, 663,25,187.257416, 185.411407, 128.609665, 76.324081,29.288008, 257.681244, 1.009956
5, 663,26,97.077019, 96.984474, 128.609665, 76.324081,29.288008, 257.681244, 1.000954
5, 663,27,122.819183, 122.480583, 128.609665, 76.324081,29.288008, 257.681244, 1.002764
5, 663,28,33.664318, 33.554939, 128.609665, 76.324081,29.288008, 257.681244, 1.003260
5, 663,29,143.797714, 144.524017, 128.609665, 76.324081,29.288008, 257.681244, 0.994974
5, 663,30,230.895416, 229.812851, 128.609665, 76.324081,29.288008, 257.681244, 1.004711
5, 663,31,250.542389, 249.838379, 128.609665, 76.324081,29.288008, 257.681244, 1.002818
5, 664,0,175.256500, 176.724182, 128.647797, 70.960106,12.082510, 255.027145, 0.991695
5, 664,1,132.307968, 133.458893, 128.647797, 70.960106,12.082510, 255.027145, 0.991376
5, 664,2,84.027695, 84.849945, 128.647797, 70.960106,12.082510, 255.027145, 0.990309
5, 664,3,30.074022, 29.087852, 128.647797, 70.960106,12.082510, 255.027145, 1.033903
5, 664,4,109.532295, 110.159248, 128.647797, 70.960106,12.082510, 255.027145, 0.994309
5, 664,5,53.871811, 54.004463, 128.647797, 70.960106,12.082510, 255.027145, 0.997544
5, 664,6,255.027145, 254.476944, 128.647797, 70.960106,12.082510, 255.027145, 1.002162
5, 664,7,174.719193, 174.391144, 128.647797, 70.960106,12.082510, 255.027145, 1.001881
5, 664,8,152.755539, 152.485138, 128.647797, 70.960106,12.082510, 255.027145, 1.001773
5, 664,9,253.677979, 253.037079, 128.647797, 70.960106,12.082510, 255.027145, 1.002533
5, 664,10,208.704041, 209.433014, 128.647797, 70.960106,12.082510, 255.027145, 0.996519
5, 664,11,117.816414, 118.405746, 128.647797, 70.960106,12.082510, 255.027145, 0.995023
5, 664,12,31.095104, 30.858810, 128.647797, 70.960106,12.082510, 255.027145, 1.007657
5, 664,13,39.189445, 38.358433, 128.647797, 70.960106,12.082510, 255.027145, 1.021664
5, 664,14,124.890343, 124.765808, 128.647797, 70.960106,12.082510, 255.027145, 1.000998
5, 664,15,121.175957, 120.677200, 128.647797, 70.960106,12.082510, 255.027145, 1.004133
5, 664,16,17.992226, 18.877892, 128.647797, 70.960106,12.082510, 255.027145, 0.953084
5, 664,17,99.965179, 100.164879, 128.647797, 70.960106,12.082510, 255.027145, 0.998006
5, 664,18,82.297279, 83.025078, 128.647797, 70.960106,12.082510, 255.027145, 0.991234
5, 664,19,160.602753, 160.338959, 128.647797, 70.960106,12.082510, 255.027145, 1.001645
5, 664,20,130.790436, 129.462692, 128.647797, 70.960106,12.082510, 255.027145, 1.010256
5, 664,21,168.984985, 170.179337, 128.647797, 70.960106,12.082510, 255.027145, 0.992982
5, 664,22,189.288803, 189.867767, 128.647797, 70.960106,12.082510, 255.027145, 0.996951
5, 664,23,125.939545, 125.543488, 128.647797, 70.960106,12.082510, 255.027145, 1.003155
5, 664,24,208.863617, 209.001831, 128.647797, 70.960106,12.082510, 255.027145, 0.999339
5, 664,25,32.075066, 32.298676, 128.647797, 70.960106,12.082510, 255.027145, 0.993077
5, 664,26,223.148849, 222.992401, 128.647797, 70.960106,12.082510, 255.027145, 1.000702
5, 664,27,139.621353, 141.258804, 128.647797, 70.960106,12.082510, 255.027145, 0.988408
5, 664,28,121.485405, 120.669495, 128.647797, 70.960106,12.082510, 255.027145, 1.006762
5, 664,29,12.082510, 13.295523, 128.647797, 70.960106,12.082510, 255.027145, 0.908765
5, 664,30,84.760178, 83.779663, 128.647797, 70.960106,12.082510, 255.027145, 1.011703
5, 664,31,254.709793, 255.069839, 128.647797, 70.960106,12.082510, 255.027145, 0.998588
5, 665,0,92.173218, 92.974174, 128.983215, 61.604519,26.814249, 251.786179, 0.991385
5, 665,1,251.786179, 250.648010, 128.983215, 61.604519,26.814249, 251.786179, 1.004541
5, 665,2,187.353470, 187.213089, 128.983215, 61.604519,26.814249, 251.786179, 1.000750
5, 665,3,93.929138, 92.933205, 128.983215, 61.604519,26.814249, 251.786179, 1.010717
5, 665,4,141.383041, 141.941040, 128.983215, 61.604519,26.814249, 251.786179, 0.996069
5, 665,5,65.709114, 66.602341, 128.983215, 61.604519,26.814249, 251.786179, 0.986589
5, 665,6,222.753265, 222.170715, 128.983215, 61.604519,26.814249, 251.786179, 1.002622
5, 665,7,203.791107, 204.163483, 128.983215, 61.604519,26.814249, 251.786179, 0.998176
5, 665,8,212.395966, 213.339142, 128.983215, 61.604519,26.814249, 251.786179, 0.995579
5, 665,9,41.206215, 40.738457, 128.983215, 61.604519,26.814249, 251.786179, 1.011482
5, 665,10,87.589043, 87.616234, 128.983215, 61.604519,26.814249, 251.786179, 0.999690
5, 665,11,185.601471, 185.648315, 128.983215, 61.604519,26.814249, 251.786179, 0.999748
5, 665,12,147.754456, 147.503784, 128.983215, 61.604519,26.814249, 251.786179, 1.001699
5, 665,13,203.750412, 202.352936, 128.983215, 61.604519,26.814249, 251.786179, 1.006906
5, 665,14,105.167595, 105.287567, 128.983215, 61.604519,26.814249, 251.786179, 0.998861
5, 665,15,126.521515, 125.187279, 128.983215, 61.604519,26.814249, 251.786179, 1.010658
5, 665,16,146.688965, 146.225769, 128.983215, 61.604519,26.814249, 251.786179, 1.003168
5, 665,17,26.814249, 26.917620, 128.983215, 61.604519,26.814249, 251.786179, 0.996160
5, 665,18,130.684082, 129.644012, 128.983215, 61.604519,26.814249, 251.786179, 1.008023
5, 665,19,114.361526, 113.471931, 128.983215, 61.604519,26.814249, 251.786179, 1.007840
5, 665,20,35.763054, 35.634495, 128.983215, 61.604519,26.814249, 251.786179, 1.003608
5, 665,21,144.695969, 144.218582, 128.983215, 61.604519,26.814249, 251.786179, 1.003310
5, 665,22,228.437424, 228.749329, 128.983215, 61.604519,26.814249, 251.786179, 0.998636
5, 665,23,115.929398, 114.201065, 128.983215, 61.604519,26.814249, 251.786179, 1.015134
5, 665,24,91.433289, 91.999252, 128.983215, 61.604519,26.814249, 251.786179, 0.993848
5, 665,25,164.017502, 162.848450, 128.983215, 61.604519,26.814249, 251.786179, 1.007179
5, 665,26,131.457809, 130.373169, 128.983215, 61.604519,26.814249, 251.786179, 1.008319
5, 665,27,49.068279, 48.677036, 128.983215, 61.604519,26.814249, 251.786179, 1.008038
5, 665,28,150.435333, 150.436722, 128.983215, 61.604519,26.814249, 251.786179, 0.999991
5, 665,29,34.497501, 35.429680, 128.983215, 61.604519,26.814249, 251.786179, 0.973689
5, 665,30,124.749916, 126.194962, 128.983215, 61.604519,26.814249, 251.786179, 0.988549
5, 665,31,69.563019, 69.658157, 128.983215, 61.604519,26.814249, 251.786179, 0.998634
5, 666,0,23.315029, 24.273680, 128.718338, 79.329216,18.512190, 246.583038, 0.960507
5, 666,1,167.599380, 167.292664, 128.718338, 79.329216,18.512190, 246.583038, 1.001833
5, 666,2,83.547180, 83.578819, 128.718338, 79.329216,18.512190, 246.583038, 0.999621
5, 666,3,57.458176, 57.610287, 128.718338, 79.329216,18.512190, 246.583038, 0.997360
5, 666,4,102.987770, 102.908249, 128.718338, 79.329216,18.512190, 246.583038, 1.000773
5, 666,5,216.388611, 216.729279, 128.718338, 79.329216,18.512190, 246.583038, 0.998428
5, 666,6,83.834198, 83.139877, 128.718338, 79.329216,18.512190, 246.583038, 1.008351
5, 666,7,199.072800, 199.759201, 128.718338, 79.329216,18.512190, 246.583038, 0.996564
5, 666,8,68.874573, 69.093506, 128.718338, 79.329216,18.512190, 246.583038, 0.996831
5, 666,9,34.636929, 33.640533, 128.718338, 79.329216,18.512190, 246.583038, 1.029619
5, 666,10,89.348984, 89.873032, 128.718338, 79.329216,18.512190, 246.583038, 0.994169
5, 666,11,86.467537, 87.983986, 128.718338, 79.329216,18.512190, 246.583038, 0.982764
5, 666,12,186.707367, 186.018539, 128.718338, 79.329216,18.512190, 246.583038, 1.003703
5, 666,13,18.512190, 19.554977, 128.718338, 79.329216,18.512190, 246.583038, 0.946674
5, 666,14,78.246300, 77.700035, 128.718338, 79.329216,18.512190, 246.583038, 1.007030
5, 666,15,245.372284, 246.115356, 128.718338, 79.329216,18.512190, 246.583038, 0.996981
5, 666,16,241.427902, 242.243195, 128.718338, 79.329216,18.512190, 246.583038, 0.996634
5, 666,17,196.501038, 195.879211, 128.718338, 79.329216,18.512190, 246.583038, 1.003175
5, 666,18,150.791580, 151.631577, 128.718338, 79.329216,18.512190, 246.583038, 0.994460
5, 666,19,236.503677, 236.842545, 128.718338, 79.329216,18.512190, 246.583038, 0.998569
5, 666,20,246.583038, 247.071640, 128.718338, 79.329216,18.512190, 246.583038, 0.998022
5, 666,21,204.693069, 204.752243, 128.718338, 79.329216,18.512190, 246.583038, 0.999711
5, 666,22,192.037872, 191.881638, 128.718338, 79.329216,18.512190, 246.583038, 1.000814
5, 666,23,19.356703, 18.293001, 128.718338, 79.329216,18.512190, 246.583038, 1.058148
5, 666,24,117.893364, 117.017326, 128.718338, 79.329216,18.512190, 246.583038, 1.007486
5, 666,25,25.396273, 24.869396, 128.718338, 79.329216,18.512190, 246.583038, 1.021186
5, 666,26,179.044128, 178.736679, 128.718338, 79.329216,18.512190, 246.583038, 1.001720
5, 666,27,29.073515, 29.015896, 128.718338, 79.329216,18.512190, 246.583038, 1.001986
5, 666,28,96.018127, 95.210968, 128.718338, 79.329216,18.512190, 246.583038, 1.008478
5, 666,29,29.707773, 29.556744, 128.718338, 79.329216,18.512190, 246.583038, 1.005110
5, 666,30,177.882263, 178.768036, 128.718338, 79.329216,18.512190, 246.583038, 0.995045
5, 666,31,233.707138, 233.958023, 128.718338, 79.329216,18.512190, 246.583038, 0.998928
5, 667,0,183.617706, 182.955276, 128.915359, 78.647316,12.830565, 275.679535, 1.003621
5, 667,1,175.851120, 175.116043, 128.915359, 78.647316,12.830565, 275.679535, 1.004198
5, 667,2,132.582581, 132.355072, 128.915359, 78.647316,12.830565, 275.679535, 1.001719
5, 667,3,34.104530, 34.525856, 128.915359, 78.647316,12.830565, 275.679535, 0.987797
5, 667,4,33.352909, 34.808136, 128.915359, 78.647316,12.830565, 275.679535, 0.958193
5, 667,5,260.377075, 260.500854, 128.915359, 78.647316,12.830565, 275.679535, 0.999525
5, 667,6,202.392181, 202.351761, 128.915359, 78.647316,12.830565, 275.679535, 1.000200
5, 667,7,42.367653, 42.042500, 128.915359, 78.647316,12.830565, 275.679535, 1.007734
5, 667,8,265.155548, 264.581787, 128.915359, 78.647316,12.830565, 275.679535, 1.002169
5, 667,9,63.826054, 63.826233, 128.915359, 78.647316,12.830565, 275.679535, 0.999997
5, 667,10,58.824802, 58.204884, 128.915359, 78.647316,12.830565, 275.679535, 1.010651
5, 667,11,181.158249, 181.342270, 128.915359, 78.647316,12.830565, 275.679535, 0.998985
5, 667,12,20.263918, 20.492647, 128.915359, 78.647316,12.830565, 275.679535, 0.988838
5, 667,13,12.830565, 12.967943, 128.915359, 78.647316,12.830565, 275.679535, 0.989406
5, 667,14,173.915710, 173.970810, 128.915359, 78.647316,12.830565, 275.679535, 0.999683
5, 667,15,232.322662, 232.039246, 128.915359, 78.647316,12.830565, 275.679535, 1.001221
5, 667,16,191.424652, 190.439667, 128.915359, 78.647316,12.830565, 275.679535, 1.005172
5, 667,17,67.511864, 67.479706, 128.915359, 78.647316,12.830565, 275.679535, 1.000477
5, 667,18,68.601288, 68.705597, 128.915359, 78.647316,12.830565, 275.679535, 0.998482
5, 667,19,141.303879, 140.194305, 128.915359, 78.647316,12.830565, 275.679535, 1.007915
5, 667,20,275.679535, 273.058167, 128.915359, 78.647316,12.830565, 275.679535, 1.009600
5, 667,21,153.013687, 153.154877, 128.915359, 78.647316,12.830565, 275.679535, 0.999078
5, 667,22,74.682251, 75.141518, 128.915359, 78.647316,12.830565, 275.679535, 0.993888
5, 667,23,31.776657, 30.904644, 128.915359, 78.647316,12.830565, 275.679535, 1.028216
5, 667,24,90.415924, 90.916786, 128.915359, 78.647316,12.830565, 275.679535, 0.994491
5, 667,25,76.376686, 76.714211, 128.915359, 78.647316,12.830565, 275.679535, 0.995600
5, 667,26,174.243729, 175.019257, 128.915359, 78.647316,12.830565, 275.679535, 0.995569
5, 667,27,35.872219, 35.509796, 128.915359, 78.647316,12.830565, 275.679535, 1.010206
5, 667,28,208.211090, 209.642578, 128.915359, 78.647316,12.830565, 275.679535, 0.993172
5, 667,29,151.846207, 151.316040, 128.915359, 78.647316,12.830565, 275.679535, 1.003504
5, 667,30,137.830612, 137.653824, 128.915359, 78.647316,12.830565, 275.679535, 1.001284
5, 667,31,173.557388, 173.067520, 128.915359, 78.647316,12.830565, 275.679535, 1.002831
5, 668,0,70.097038, 68.428680, 129.114960, 59.542320,14.232088, 226.895126, 1.024381
5, 668,1,165.685303, 164.237244, 129.114960, 59.542320,14.232088, 226.895126, 1.008817
5, 668,2,40.417992, 39.271301, 129.114960, 59.542320,14.232088, 226.895126, 1.029199
5, 668,3,109.795761, 108.931366, 129.114960, 59.542320,14.232088, 226.895126, 1.007935
5, 668,4,160.556808, 159.405594, 129.114960, 59.542320,14.232088, 226.895126, 1.007222
5, 668,5,211.755600, 210.402527, 129.114960, 59.542320,14.232088, 226.895126, 1.006431
5, 668,6,131.479996, 131.099274, 129.114960, 59.542320,14.232088, 226.895126, 1.002904
5, 668,7,191.062317, 191.149673, 129.114960, 59.542320,14.232088, 226.895126, 0.999543
5, 668,8,84.124168, 85.577316, 129.114960, 59.542320,14.232088, 226.895126, 0.983019
5, 668,9,129.654343, 128.264633, 129.114960, 59.542320,14.232088, 226.895126, 1.010835
5, 668,10,204.129944, 204.572403, 129.114960, 59.542320,14.232088, 226.895126, 0.997837
5, 668,11,226.895126, 227.504257, 129.114960, 59.542320,14.232088, 226.895126, 0.997323
5, 668,12,212.994278, 211.896927, 129.114960, 59.542320,14.232088, 226.895126, 1.005179
5, 668,13,196.404770, 198.092239, 129.114960, 59.542320,14.232088, 226.895126, 0.991481
5, 668,14,14.232088, 14.717719, 129.114960, 59.542320,14.232088, 226.895126, 0.967004
5, 668,15,154.201416, 153.588867, 129.114960, 59.542320,14.232088, 226.895126, 1.003988
5, 668,16,163.443161, 165.168716, 129.114960, 59.542320,14.232088, 226.895126, 0.989553
5, 668,17,54.068817, 54.778122, 129.114960, 59.542320,14.232088, 226.895126, 0.987051
5, 668,18,171.197464, 170.194717, 129.114960, 59.542320,14.232088, 226.895126, 1.005892
5, 668,19,153.149734, 152.442947, 129.114960, 59.542320,14.232088, 226.895126, 1.004636
5, 668,20,66.793358, 66.699738, 129.114960, 59.542320,14.232088, 226.895126, 1.001404
5, 668,21,68.700378, 67.905975, 129.114960, 59.542320,14.232088, 226.895126, 1.011699
5, 668,22,106.567741, 106.606018, 129.114960, 59.542320,14.232088, 226.895126, 0.999641
5, 668,23,174.680008, 174.376312, 129.114960, 59.542320,14.232088, 226.895126, 1.001742
5, 668,24,134.155365, 133.880341, 129.114960, 59.542320,14.232088, 226.895126, 1.002054
5, 668,25,148.410187, 148.944855, 129.114960, 59.542320,14.232088, 226.895126, 0.996410
5, 668,26,46.237186, 45.463306, 129.114960, 59.542320,14.232088, 226.895126, 1.017022
5, 668,27,15.371475, 16.406448, 129.114960, 59.542320,14.232088, 226.895126, 0.936917
5, 668,28,140.958496, 139.837799, 129.114960, 59.542320,14.232088, 226.895126, 1.008014
5, 668,29,85.146584, 82.280273, 129.114960, 59.542320,14.232088, 226.895126, 1.034836
5, 668,30,140.184616, 138.397003, 129.114960, 59.542320,14.232088, 226.895126, 1.012917
5, 668,31,159.127106, 160.477814, 129.114960, 59.542320,14.232088, 226.895126, 0.991583
5, 669,0,125.317383, 126.008392, 128.994690, 71.226669,9.419745, 255.508026, 0.994516
5, 669,1,111.289406, 110.317566, 128.994690, 71.226669,9.419745, 255.508026, 1.008809
5, 669,2,238.505981, 237.710709, 128.994690, 71.226669,9.419745, 255.508026, 1.003345
5, 669,3,190.095734, 189.902466, 128.994690, 71.226669,9.419745, 255.508026, 1.001018
5, 669,4,15.008403, 15.057312, 128.994690, 71.226669,9.419745, 255.508026, 0.996752
5, 669,5,74.110451, 74.211601, 128.994690, 71.226669,9.419745, 255.508026, 0.998637
5, 669,6,96.735924, 97.244446, 128.994690, 71.226669,9.419745, 255.508026, 0.994771
5, 669,7,94.577248, 95.130135, 128.994690, 71.226669,9.419745, 255.508026, 0.994188
5, 669,8,52.333889, 52.084892, 128.994690, 71.226669,9.419745, 255.508026, 1.004781
5, 669,9,255.508026, 255.422928, 128.994690, 71.226669,9.419745, 255.508026, 1.000333
5, 669,10,26.242483, 25.450748, 128.994690, 71.226669,9.419745, 255.508026, 1.031108
5, 669,11,179.114746, 178.347321, 128.994690, 71.226669,9.419745, 255.508026, 1.004303
5, 669,12,156.374405, 155.848846, 128.994690, 71.226669,9.419745, 255.508026, 1.003372
5, 669,13,29.604706, 28.401491, 128.994690, 71.226669,9.419745, 255.508026, 1.042364
5, 669,14,66.731499, 65.552986, 128.994690, 71.226669,9.419745, 255.508026, 1.017978
5, 669,15,101.053558, 99.807953, 128.994690, 71.226669,9.419745, 255.508026, 1.012480
5, 669,16,72.095680, 72.321884, 128.994690, 71.226669,9.419745, 255.508026, 0.996872
5, 669,17,41.370327, 41.366180, 128.994690, 71.226669,9.419745, 255.508026, 1.000100
5, 669,18,9.419745, 10.402726, 128.994690, 71.226669,9.419745, 255.508026, 0.905507
5, 669,19,218.642685, 217.427246, 128.994690, 71.226669,9.419745, 255.508026, 1.005590
5, 669,20,152.698578, 152.929092, 128.994690, 71.226669,9.419745, 255.508026, 0.998493
5, 669,21,166.217941, 167.047745, 128.994690, 71.226669,9.419745, 255.508026, 0.995033
5, 669,22,125.031662, 125.396561, 128.994690, 71.226669,9.419745, 255.508026, 0.997090
5, 669,23,212.112640, 210.960388, 128.994690, 71.226669,9.419745, 255.508026, 1.005462
5, 669,24,57.734917, 57.421017, 128.994690, 71.226669,9.419745, 255.508026, 1.005467
5, 669,25,127.206444, 126.697670, 128.994690, 71.226669,9.419745, 255.508026, 1.004016
5, 669,26,196.981445, 196.609390, 128.994690, 71.226669,9.419745, 255.508026, 1.001892
5, 669,27,193.052429, 192.930649, 128.994690, 71.226669,9.419745, 255.508026, 1.000631
5, 669,28,147.573502, 147.709152, 128.994690, 71.226669,9.419745, 255.508026, 0.999082
5, 669,29,161.949158, 162.083389, 128.994690, 71.226669,9.419745, 255.508026, 0.999172
5, 669,30,211.557266, 211.123047, 128.994690, 71.226669,9.419745, 255.508026, 1.002057
5, 669,31,221.581436, 222.074097, 128.994690, 71.226669,9.419745, 255.508026, 0.997782
5, 670,0,64.806572, 65.276352, 128.898849, 81.416245,10.832363, 278.940491, 0.992803
5, 670,1,20.421131, 19.575960, 128.898849, 81.416245,10.832363, 278.940491, 1.043174
5, 670,2,13.649510, 13.037717, 128.898849, 81.416245,10.832363, 278.940491, 1.046925
5, 670,3,107.980392, 106.415947, 128.898849, 81.416245,10.832363, 278.940491, 1.014701
5, 670,4,263.440918, 262.963562, 128.898849, 81.416245,10.832363, 278.940491, 1.001815
5, 670,5,231.824387, 231.778564, 128.898849, 81.416245,10.832363, 278.940491, 1.000198
5, 670,6,243.907593, 244.148209, 128.898849, 81.416245,10.832363, 278.940491, 0.999014
5, 670,7,193.213333, 194.652786, 128.898849, 81.416245,10.832363, 278.940491, 0.992605
5, 670,8,182.817108, 183.090942, 128.898849, 81.416245,10.832363, 278.940491, 0.998504
5, 670,9,49.591919, 48.808723, 128.898849, 81.416245,10.832363, 278.940491, 1.016046
5, 670,10,10.832363, 10.555372, 128.898849, 81.416245,10.832363, 278.940491, 1.026242
5, 670,11,18.974861, 18.650341, 128.898849, 81.416245,10.832363, 278.940491, 1.017400
5, 670,12,53.563560, 54.673786, 128.898849, 81.416245,10.832363, 278.940491, 0.979694
5, 670,13,132.441177, 131.214142, 128.898849, 81.416245,10.832363, 278.940491, 1.009351
5, 670,14,43.230587, 43.414883, 128.898849, 81.416245,10.832363, 278.940491, 0.995755
5, 670,15,139.294815, 138.147888, 128.898849, 81.416245,10.832363, 278.940491, 1.008302
5, 670,16,278.940491, 279.018829, 128.898849, 81.416245,10.832363, 278.940491, 0.999719
5, 670,17,64.272934, 64.712555, 128.898849, 81.416245,10.832363, 278.940491, 0.993207
5, 670,18,182.241257, 181.660446, 128.898849, 81.416245,10.832363, 278.940491, 1.003197
5, 670,19,147.963364, 146.747742, 128.898849, 81.416245,10.832363, 278.940491, 1.008284
5, 670,20,194.515411, 194.324600, 128.898849, 81.416245,10.832363, 278.940491, 1.000982
5, 670,21,171.044724, 170.721283, 128.898849, 81.416245,10.832363, 278.940491, 1.001895
5, 670,22,179.315948, 179.119202, 128.898849, 81.416245,10.832363, 278.940491, 1.001098
5, 670,23,144.959763, 145.519180, 128.898849, 81.416245,10.832363, 278.940491, 0.996156
5, 670,24,167.753189, 169.072006, 128.898849, 81.416245,10.832363, 278.940491, 0.992200
5, 670,25,223.903870, 223.936035, 128.898849, 81.416245,10.832363, 278.940491, 0.999856
5, 670,26,139.277802, 139.359604, 128.898849, 81.416245,10.832363, 278.940491, 0.999413
5, 670,27,23.802763, 24.237719, 128.898849, 81.416245,10.832363, 278.940491, 0.982055
5, 670,28,70.962189, 70.417740, 128.898849, 81.416245,10.832363, 278.940491, 1.007732
5, 670,29,221.511459, 221.285385, 128.898849, 81.416245,10.832363, 278.940491, 1.001022
5, 670,30,35.847195, 35.614433, 128.898849, 81.416245,10.832363, 278.940491, 1.006536
5, 670,31,108.460793, 108.847801, 128.898849, 81.416245,10.832363, 278.940491, 0.996445
5, 671,0,216.715958, 216.255920, 128.570160, 69.070702,15.500102, 241.497299, 1.002127
5, 671,1,183.180435, 182.788406, 128.570160, 69.070702,15.500102, 241.497299, 1.002145
5, 671,2,101.148407, 101.154739, 128.570160, 69.070702,15.500102, 241.497299, 0.999937
5, 671,3,219.874634, 218.715302, 128.570160, 69.070702,15.500102, 241.497299, 1.005301
5, 671,4,29.410812, 29.804367, 128.570160, 69.070702,15.500102, 241.497299, 0.986795
5, 671,5,170.970184, 170.930252, 128.570160, 69.070702,15.500102, 241.497299, 1.000234
5, 671,6,237.986893, 238.160110, 128.570160, 69.070702,15.500102, 241.497299, 0.999273
5, 671,7,97.775002, 98.522789, 128.570160, 69.070702,15.500102, 241.497299, 0.992410
5, 671,8,87.120438, 89.095215, 128.570160, 69.070702,15.500102, 241.497299, 0.977835
5, 671,9,124.990074, 126.057610, 128.570160, 69.070702,15.500102, 241.497299, 0.991531
5, 671,10,165.818420, 165.731049, 128.570160, 69.070702,15.500102, 241.497299, 1.000527
5, 671,11,125.163971, 125.532661, 128.570160, 69.070702,15.500102, 241.497299, 0.997063
5, 671,12,186.609695, 185.348465, 128.570160, 69.070702,15.500102, 241.497299, 1.006805
5, 671,13,15.500102, 14.609513, 128.570160, 69.070702,15.500102, 241.497299, 1.060959
5, 671,14,196.589264, 196.847076, 128.570160, 69.070702,15.500102, 241.497299, 0.998690
5, 671,15,17.367714, 20.002857, 128.570160, 69.070702,15.500102, 241.497299, 0.868262
5, 671,16,241.497299, 240.712952, 128.570160, 69.070702,15.500102, 241.497299, 1.003258
5, 671,17,111.545364, 111.711311, 128.570160, 69.070702,15.500102, 241.497299, 0.998514
5, 671,18,206.328659, 206.267441, 128.570160, 69.070702,15.500102, 241.497299, 1.000297
5, 671,19,59.196796, 60.201260, 128.570160, 69.070702,15.500102, 241.497299, 0.983315
5, 671,20,65.852440, 66.162704, 128.570160, 69.070702,15.500102, 241.497299, 0.995311
5, 671,21,104.903908, 107.317535, 128.570160, 69.070702,15.500102, 241.497299, 0.977509
5, 671,22,101.715187, 102.988472, 128.570160, 69.070702,15.500102, 241.497299, 0.987637
5, 671,23,166.596893, 165.802979, 128.570160, 69.070702,15.500102, 241.497299, 1.004788
5, 671,24,138.523926, 137.987686, 128.570160, 69.070702,15.500102, 241.497299, 1.003886
5, 671,25,105.506531, 105.289635, 128.570160, 69.070702,15.500102, 241.497299, 1.002060
5, 671,26,42.756081, 43.575378, 128.570160, 69.070702,15.500102, 241.497299, 0.981198
5, 671,27,228.517868, 229.847168, 128.570160, 69.070702,15.500102, 241.497299, 0.994217
5, 671,28,41.216412, 42.187489, 128.570160, 69.070702,15.500102, 241.497299, 0.976982
5, 671,29,136.656311, 135.470795, 128.570160, 69.070702,15.500102, 241.497299, 1.008751
5, 671,30,158.944183, 158.166000, 128.570160, 69.070702,15.500102, 241.497299, 1.004920
5, 671,31,28.265463, 27.754896, 128.570160, 69.070702,15.500102, 241.497299, 1.018396
5, 672,0,72.198769, 71.833893, 128.873199, 53.418053,42.621948, 229.907028, 1.005079
5, 672,1,101.244789, 99.107521, 128.873199, 53.418053,42.621948, 229.907028, 1.021565
5, 672,2,146.729202, 147.428284, 128.873199, 53.418053,42.621948, 229.907028, 0.995258
5, 672,3,209.442703, 209.467133, 128.873199, 53.418053,42.621948, 229.907028, 0.999883
5, 672,4,42.621948, 41.789787, 128.873199, 53.418053,42.621948, 229.907028, 1.019913
5, 672,5,75.333733, 76.378326, 128.873199, 53.418053,42.621948, 229.907028, 0.986323
5, 672,6,186.196045, 185.529388, 128.873199, 53.418053,42.621948, 229.907028, 1.003593
5, 672,7,132.999130, 133.385101, 128.873199, 53.418053,42.621948, 229.907028, 0.997106
5, 672,8,78.639122, 79.827286, 128.873199, 53.418053,42.621948, 229.907028, 0.985116
5, 672,9,66.171165, 64.766357, 128.873199, 53.418053,42.621948, 229.907028, 1.021690
5, 672,10,160.940826, 159.414825, 128.873199, 53.418053,42.621948, 229.907028, 1.009573
5, 672,11,118.130280, 118.196938, 128.873199, 53.418053,42.621948, 229.907028, 0.999436
5, 672,12,77.161964, 77.169884, 128.873199, 53.418053,42.621948, 229.907028, 0.999897
5, 672,13,44.609333, 46.002041, 128.873199, 53.418053,42.621948, 229.907028, 0.969725
5, 672,14,116.005104, 115.419395, 128.873199, 53.418053,42.621948, 229.907028, 1.005075
5, 672,15,166.288376, 166.114853, 128.873199, 53.418053,42.621948, 229.907028, 1.001045
5, 672,16,181.669632, 182.405533, 128.873199, 53.418053,42.621948, 229.907028, 0.995966
5, 672,17,150.346115, 150.721756, 128.873199, 53.418053,42.621948, 229.907028, 0.997508
5, 672,18,131.879776, 132.600586, 128.873199, 53.418053,42.621948, 229.907028, 0.994564
5, 672,19,131.435989, 132.381500, 128.873199, 53.418053,42.621948, 229.907028, 0.992858
5, 672,20,204.971359, 205.311432, 128.873199, 53.418053,42.621948, 229.907028, 0.998344
5, 672,21,158.682587, 159.944901, 128.873199, 53.418053,42.621948, 229.907028, 0.992108
5, 672,22,110.692513, 110.387314, 128.873199, 53.418053,42.621948, 229.907028, 1.002765
5, 672,23,161.372849, 159.584457, 128.873199, 53.418053,42.621948, 229.907028, 1.011207
5, 672,24,80.103043, 79.629387, 128.873199, 53.418053,42.621948, 229.907028, 1.005948
5, 672,25,229.907028, 230.040726, 128.873199, 53.418053,42.621948, 229.907028, 0.999419
5, 672,26,53.345757, 54.271061, 128.873199, 53.418053,42.621948, 229.907028, 0.982950
5, 672,27,80.902176, 81.205452, 128.873199, 53.418053,42.621948, 229.907028, 0.996265
5, 672,28,176.488724, 176.094223, 128.873199, 53.418053,42.621948, 229.907028, 1.002240
5, 672,29,215.753922, 214.167038, 128.873199, 53.418053,42.621948, 229.907028, 1.007410
5, 672,30,171.945923, 171.931442, 128.873199, 53.418053,42.621948, 229.907028, 1.000084
5, 672,31,89.732407, 88.492081, 128.873199, 53.418053,42.621948, 229.907028, 1.014016
5, 673,0,152.911743, 153.446182, 128.836044, 68.864700,17.934809, 254.502518, 0.996517
5, 673,1,179.171829, 177.973892, 128.836044, 68.864700,17.934809, 254.502518, 1.006731
5, 673,2,225.808655, 226.365570, 128.836044, 68.864700,17.934809, 254.502518, 0.997540
5, 673,3,224.682755, 225.423981, 128.836044, 68.864700,17.934809, 254.502518, 0.996712
5, 673,4,161.507935, 161.928253, 128.836044, 68.864700,17.934809, 254.502518, 0.997404
5, 673,5,83.952339, 84.424385, 128.836044, 68.864700,17.934809, 254.502518, 0.994409
5, 673,6,117.971642, 119.085793, 128.836044, 68.864700,17.934809, 254.502518, 0.990644
5, 673,7,201.960434, 200.085876, 128.836044, 68.864700,17.934809, 254.502518, 1.009369
5, 673,8,248.828796, 248.616470, 128.836044, 68.864700,17.934809, 254.502518, 1.000854
5, 673,9,102.690285, 103.063286, 128.836044, 68.864700,17.934809, 254.502518, 0.996381
5, 673,10,65.573044, 65.322411, 128.836044, 68.864700,17.934809, 254.502518, 1.003837
5, 673,11,117.525902, 116.276451, 128.836044, 68.864700,17.934809, 254.502518, 1.010746
5, 673,12,179.966614, 180.698364, 128.836044, 68.864700,17.934809, 254.502518, 0.995950
5, 673,13,130.196838, 129.250366, 128.836044, 68.864700,17.934809, 254.502518, 1.007323
5, 673,14,133.287445, 132.692566, 128.836044, 68.864700,17.934809, 254.502518, 1.004483
5, 673,15,131.888641, 130.925171, 128.836044, 68.864700,17.934809, 254.502518, 1.007359
5, 673,16,51.144485, 52.101528, 128.836044, 68.864700,17.934809, 254.502518, 0.981631
5, 673,17,83.406807, 83.868690, 128.836044, 68.864700,17.934809, 254.502518, 0.994493
5, 673,18,76.977898, 77.007416, 128.836044, 68.864700,17.934809, 254.502518, 0.999617
5, 673,19,17.934809, 18.404869, 128.836044, 68.864700,17.934809, 254.502518, 0.974460
5, 673,20,254.502518, 252.861359, 128.836044, 68.864700,17.934809, 254.502518, 1.006490
5, 673,21,36.668636, 36.773640, 128.836044, 68.864700,17.934809, 254.502518, 0.997145
5, 673,22,142.042130, 141.822937, 128.836044, 68.864700,17.934809, 254.502518, 1.001546
5, 673,23,91.049576, 91.393715, 128.836044, 68.864700,17.934809, 254.502518, 0.996235
5, 673,24,128.468430, 129.057404, 128.836044, 68.864700,17.934809, 254.502518, 0.995436
5, 673,25,211.583099, 212.079605, 128.836044, 68.864700,17.934809, 254.502518, 0.997659
5, 673,26,187.552521, 188.856232, 128.836044, 68.864700,17.934809, 254.502518, 0.993097
5, 673,27,47.978642, 47.671413, 128.836044, 68.864700,17.934809, 254.502518, 1.006445
5, 673,28,83.278221, 83.166351, 128.836044, 68.864700,17.934809, 254.502518, 1.001345
5, 673,29,29.421928, 29.842901, 128.836044, 68.864700,17.934809, 254.502518, 0.985894
5, 673,30,202.317474, 202.077118, 128.836044, 68.864700,17.934809, 254.502518, 1.001189
5, 673,31,20.501347, 18.435741, 128.836044, 68.864700,17.934809, 254.502518, 1.112043
5, 674,0,108.710403, 108.816536, 128.691193, 77.320877,17.266279, 266.923218, 0.999025
5, 674,1,17.266279, 17.372923, 128.691193, 77.320877,17.266279, 266.923218, 0.993861
5, 674,2,24.104774, 24.358646, 128.691193, 77.320877,17.266279, 266.923218, 0.989578
5, 674,3,132.884628, 132.637360, 128.691193, 77.320877,17.266279, 266.923218, 1.001864
5, 674,4,249.158463, 249.063416, 128.691193, 77.320877,17.266279, 266.923218, 1.000382
5, 674,5,184.970200, 186.078964, 128.691193, 77.320877,17.266279, 266.923218, 0.994041
5, 674,6,104.549843, 104.581535, 128.691193, 77.320877,17.266279, 266.923218, 0.999697
5, 674,7,56.040752, 56.004139, 128.691193, 77.320877,17.266279, 266.923218, 1.000654
5, 674,8,32.513939, 32.764107, 128.691193, 77.320877,17.266279, 266.923218, 0.992365
5, 674,9,185.029541, 185.417511, 128.691193, 77.320877,17.266279, 266.923218, 0.997908
5, 674,10,89.953140, 89.787292, 128.691193, 77.320877,17.266279, 266.923218, 1.001847
5, 674,11,233.237961, 231.768509, 128.691193, 77.320877,17.266279, 266.923218, 1.006340
5, 674,12,190.591080, 189.854156, 128.691193, 77.320877,17.266279, 266.923218, 1.003882
5, 674,13,240.208496, 240.827362, 128.691193, 77.320877,17.266279, 266.923218, 0.997430
5, 674,14,120.471909, 120.004990, 128.691193, 77.320877,17.266279, 266.923218, 1.003891
5, 674,15,36.504051, 37.555695, 128.691193, 77.320877,17.266279, 266.923218, 0.971998
5, 674,16,155.129852, 154.385086, 128.691193, 77.320877,17.266279, 266.923218, 1.004824
5, 674,17,228.948532, 229.897049, 128.691193, 77.320877,17.266279, 266.923218, 0.995874
5, 674,18,75.601578, 75.767448, 128.691193, 77.320877,17.266279, 266.923218, 0.997811
5, 674,19,101.763222, 102.435814, 128.691193, 77.320877,17.266279, 266.923218, 0.993434
5, 674,20,266.923218, 266.987549, 128.691193, 77.320877,17.266279, 266.923218, 0.999759
5, 674,21,245.106766, 244.997833, 128.691193, 77.320877,17.266279, 266.923218, 1.000445
5, 674,22,169.920944, 170.026321, 128.691193, 77.320877,17.266279, 266.923218, 0.999380
5, 674,23,35.236847, 35.506767, 128.691193, 77.320877,17.266279, 266.923218, 0.992398
5, 674,24,30.793581, 31.433105, 128.691193, 77.320877,17.266279, 266.923218, 0.979654
5, 674,25,41.522488, 41.298626, 128.691193, 77.320877,17.266279, 266.923218, 1.005421
5, 674,26,125.504555, 126.022713, 128.691193, 77.320877,17.266279, 266.923218, 0.995888
5, 674,27,132.082672, 132.282440, 128.691193, 77.320877,17.266279, 266.923218, 0.998490
5, 674,28,32.991047, 33.143238, 128.691193, 77.320877,17.266279, 266.923218, 0.995408
5, 674,29,187.159103, 186.909836, 128.691193, 77.320877,17.266279, 266.923218, 1.001334
5, 674,30,121.239235, 121.335983, 128.691193, 77.320877,17.266279, 266.923218, 0.999203
5, 674,31,161.999146, 161.677338, 128.691193, 77.320877,17.266279, 266.923218, 1.001990
5, 675,0,155.025528, 157.053314, 128.641632, 55.973976,24.406597, 220.126404, 0.987089
5, 675,1,162.458481, 161.807007, 128.641632, 55.973976,24.406597, 220.126404, 1.004026
5, 675,2,164.765442, 164.729370, 128.641632, 55.973976,24.406597, 220.126404, 1.000219
5, 675,3,79.594299, 81.429047, 128.641632, 55.973976,24.406597, 220.126404, 0.977468
5, 675,4,91.201515, 91.813179, 128.641632, 55.973976,24.406597, 220.126404, 0.993338
5, 675,5,147.716812, 146.967926, 128.641632, 55.973976,24.406597, 220.126404, 1.005096
5, 675,6,24.406597, 23.423388, 128.641632, 55.973976,24.406597, 220.126404, 1.041975
5, 675,7,107.612076, 110.678650, 128.641632, 55.973976,24.406597, 220.126404, 0.972293
5, 675,8,214.430176, 214.305649, 128.641632, 55.973976,24.406597, 220.126404, 1.000581
5, 675,9,156.024292, 154.981674, 128.641632, 55.973976,24.406597, 220.126404, 1.006727
5, 675,10,109.332344, 110.191589, 128.641632, 55.973976,24.406597, 220.126404, 0.992202
5, 675,11,62.136421, 61.959614, 128.641632, 55.973976,24.406597, 220.126404, 1.002854
5, 675,12,220.126404, 221.553101, 128.641632, 55.973976,24.406597, 220.126404, 0.993560
5, 675,13,126.937004, 126.504868, 128.641632, 55.973976,24.406597, 220.126404, 1.003416
5, 675,14,209.049454, 209.610382, 128.641632, 55.973976,24.406597, 220.126404, 0.997324
5, 675,15,166.276825, 166.041199, 128.641632, 55.973976,24.406597, 220.126404, 1.001419
5, 675,16,135.180069, 135.759033, 128.641632, 55.973976,24.406597, 220.126404, 0.995735
5, 675,17,86.838165, 85.604782, 128.641632, 55.973976,24.406597, 220.126404, 1.014408
5, 675,18,84.799637, 83.727974, 128.641632, 55.973976,24.406597, 220.126404, 1.012799
5, 675,19,38.006470, 37.970261, 128.641632, 55.973976,24.406597, 220.126404, 1.000954
5, 675,20,45.908413, 45.847652, 128.641632, 55.973976,24.406597, 220.126404, 1.001325
5, 675,21,91.073738, 90.663712, 128.641632, 55.973976,24.406597, 220.126404, 1.004522
5, 675,22,179.215149, 178.048859, 128.641632, 55.973976,24.406597, 220.126404, 1.006550
5, 675,23,203.660477, 203.343536, 128.641632, 55.973976,24.406597, 220.126404, 1.001559
5, 675,24,129.527786, 130.323441, 128.641632, 55.973976,24.406597, 220.126404, 0.993895
5, 675,25,192.859726, 192.297012, 128.641632, 55.973976,24.406597, 220.126404, 1.002926
5, 675,26,179.447006, 178.295639, 128.641632, 55.973976,24.406597, 220.126404, 1.006458
5, 675,27,69.278625, 70.609818, 128.641632, 55.973976,24.406597, 220.126404, 0.981147
5, 675,28,62.228668, 63.784470, 128.641632, 55.973976,24.406597, 220.126404, 0.975608
5, 675,29,112.138443, 112.445061, 128.641632, 55.973976,24.406597, 220.126404, 0.997273
5, 675,30,106.110802, 106.230164, 128.641632, 55.973976,24.406597, 220.126404, 0.998876
5, 675,31,203.165359, 202.999344, 128.641632, 55.973976,24.406597, 220.126404, 1.000818
5, 676,0,218.871399, 219.307938, 128.755020, 71.188637,23.583914, 227.823120, 0.998009
5, 676,1,180.143448, 176.577454, 128.755020, 71.188637,23.583914, 227.823120, 1.020195
5, 676,2,23.904364, 25.219646, 128.755020, 71.188637,23.583914, 227.823120, 0.947847
5, 676,3,40.036789, 40.666142, 128.755020, 71.188637,23.583914, 227.823120, 0.984524
5, 676,4,73.863724, 73.813904, 128.755020, 71.188637,23.583914, 227.823120, 1.000675
5, 676,5,178.146744, 178.832214, 128.755020, 71.188637,23.583914, 227.823120, 0.996167
5, 676,6,60.294170, 61.570812, 128.755020, 71.188637,23.583914, 227.823120, 0.979265
5, 676,7,202.202881, 202.190994, 128.755020, 71.188637,23.583914, 227.823120, 1.000059
5, 676,8,55.725258, 55.576447, 128.755020, 71.188637,23.583914, 227.823120, 1.002678
5, 676,9,182.851746, 181.217575, 128.755020, 71.188637,23.583914, 227.823120, 1.009018
5, 676,10,227.823120, 225.879745, 128.755020, 71.188637,23.583914, 227.823120, 1.008604
5, 676,11,54.128460, 52.297417, 128.755020, 71.188637,23.583914, 227.823120, 1.035012
5, 676,12,56.012787, 57.329388, 128.755020, 71.188637,23.583914, 227.823120, 0.977034
5, 676,13,225.359940, 226.739044, 128.755020, 71.188637,23.583914, 227.823120, 0.993918
5, 676,14,211.861099, 211.973083, 128.755020, 71.188637,23.583914, 227.823120, 0.999472
5, 676,15,27.458210, 27.440037, 128.755020, 71.188637,23.583914, 227.823120, 1.000662
5, 676,16,103.459679, 103.311417, 128.755020, 71.188637,23.583914, 227.823120, 1.001435
5, 676,17,184.172760, 183.822922, 128.755020, 71.188637,23.583914, 227.823120, 1.001903
5, 676,18,29.207834, 27.941858, 128.755020, 71.188637,23.583914, 227.823120, 1.045308
5, 676,19,23.583914, 24.250374, 128.755020, 71.188637,23.583914, 227.823120, 0.972518
5, 676,20,178.650177, 177.718567, 128.755020, 71.188637,23.583914, 227.823120, 1.005242
5, 676,21,64.345169, 63.894321, 128.755020, 71.188637,23.583914, 227.823120, 1.007056
5, 676,22,85.620399, 85.273315, 128.755020, 71.188637,23.583914, 227.823120, 1.004070
5, 676,23,60.552185, 61.371460, 128.755020, 71.188637,23.583914, 227.823120, 0.986651
5, 676,24,180.081253, 182.069977, 128.755020, 71.188637,23.583914, 227.823120, 0.989077
5, 676,25,176.118179, 177.498596, 128.755020, 71.188637,23.583914, 227.823120, 0.992223
5, 676,26,195.188675, 195.557312, 128.755020, 71.188637,23.583914, 227.823120, 0.998115
5, 676,27,163.887131, 163.887527, 128.755020, 71.188637,23.583914, 227.823120, 0.999998
5, 676,28,195.782547, 197.427124, 128.755020, 71.188637,23.583914, 227.823120, 0.991670
5, 676,29,150.081467, 150.448318, 128.755020, 71.188637,23.583914, 227.823120, 0.997562
5, 676,30,185.249832, 184.909073, 128.755020, 71.188637,23.583914, 227.823120, 1.001843
5, 676,31,125.495338, 124.986000, 128.755020, 71.188637,23.583914, 227.823120, 1.004075
5, 677,0,194.010345, 192.827225, 128.950226, 55.955750,15.552271, 197.511536, 1.006136
5, 677,1,192.920578, 193.086166, 128.950226, 55.955750,15.552271, 197.511536, 0.999142
5, 677,2,197.511536, 196.964035, 128.950226, 55.955750,15.552271, 197.511536, 1.002780
5, 677,3,124.500618, 124.301704, 128.950226, 55.955750,15.552271, 197.511536, 1.001600
5, 677,4,161.621918, 161.434341, 128.950226, 55.955750,15.552271, 197.511536, 1.001162
5, 677,5,168.755615, 169.128433, 128.950226, 55.955750,15.552271, 197.511536, 0.997796
5, 677,6,150.311539, 150.115143, 128.950226, 55.955750,15.552271, 197.511536, 1.001308
5, 677,7,19.477802, 20.080004, 128.950226, 55.955750,15.552271, 197.511536, 0.970010
5, 677,8,182.571091, 182.950684, 128.950226, 55.955750,15.552271, 197.511536, 0.997925
5, 677,9,15.552271, 14.124479, 128.950226, 55.955750,15.552271, 197.511536, 1.101086
5, 677,10,142.476883, 142.001816, 128.950226, 55.955750,15.552271, 197.511536, 1.003345
5, 677,11,60.987938, 61.127506, 128.950226, 55.955750,15.552271, 197.511536, 0.997717
5, 677,12,178.265823, 177.389725, 128.950226, 55.955750,15.552271, 197.511536, 1.004939
5, 677,13,185.982834, 185.077652, 128.950226, 55.955750,15.552271, 197.511536, 1.004891
5, 677,14,69.623680, 69.438118, 128.950226, 55.955750,15.552271, 197.511536, 1.002672
5, 677,15,88.816063, 86.780655, 128.950226, 55.955750,15.552271, 197.511536, 1.023455
5, 677,16,118.197266, 118.241364, 128.950226, 55.955750,15.552271, 197.511536, 0.999627
5, 677,17,165.548264, 165.891739, 128.950226, 55.955750,15.552271, 197.511536, 0.997930
5, 677,18,135.822342, 136.533356, 128.950226, 55.955750,15.552271, 197.511536, 0.994792
5, 677,19,184.997543, 183.980255, 128.950226, 55.955750,15.552271, 197.511536, 1.005529
5, 677,20,172.284500, 172.087692, 128.950226, 55.955750,15.552271, 197.511536, 1.001144
5, 677,21,93.689262, 93.679443, 128.950226, 55.955750,15.552271, 197.511536, 1.000105
5, 677,22,142.132355, 142.334732, 128.950226, 55.955750,15.552271, 197.511536, 0.998578
5, 677,23,19.505648, 21.350023, 128.950226, 55.955750,15.552271, 197.511536, 0.913612
5, 677,24,195.352341, 196.427658, 128.950226, 55.955750,15.552271, 197.511536, 0.994526
5, 677,25,68.964867, 68.618149, 128.950226, 55.955750,15.552271, 197.511536, 1.005053
5, 677,26,61.602959, 61.454262, 128.950226, 55.955750,15.552271, 197.511536, 1.002420
5, 677,27,163.291794, 162.839981, 128.950226, 55.955750,15.552271, 197.511536, 1.002775
5, 677,28,167.179245, 167.340546, 128.950226, 55.955750,15.552271, 197.511536, 0.999036
5, 677,29,108.329353, 108.068886, 128.950226, 55.955750,15.552271, 197.511536, 1.002410
5, 677,30,106.405632, 105.849434, 128.950226, 55.955750,15.552271, 197.511536, 1.005255
5, 677,31,89.717812, 89.474823, 128.950226, 55.955750,15.552271, 197.511536, 1.002716
5, 678,0,198.076279, 197.192001, 129.232788, 63.601540,22.438917, 222.077209, 1.004484
5, 678,1,188.425232, 186.884476, 129.232788, 63.601540,22.438917, 222.077209, 1.008244
5, 678,2,188.702255, 189.559814, 129.232788, 63.601540,22.438917, 222.077209, 0.995476
5, 678,3,90.037804, 89.289063, 129.232788, 63.601540,22.438917, 222.077209, 1.008386
5, 678,4,198.240097, 196.533340, 129.232788, 63.601540,22.438917, 222.077209, 1.008684
5, 678,5,197.288467, 197.653732, 129.232788, 63.601540,22.438917, 222.077209, 0.998152
5, 678,6,111.082619, 110.426926, 129.232788, 63.601540,22.438917, 222.077209, 1.005938
5, 678,7,82.650467, 83.435921, 129.232788, 63.601540,22.438917, 222.077209, 0.990586
5, 678,8,90.814201, 92.507614, 129.232788, 63.601540,22.438917, 222.077209, 0.981694
5, 678,9,89.870453, 90.945877, 129.232788, 63.601540,22.438917, 222.077209, 0.988175
5, 678,10,34.554714, 32.495903, 129.232788, 63.601540,22.438917, 222.077209, 1.063356
5, 678,11,22.438917, 22.147652, 129.232788, 63.601540,22.438917, 222.077209, 1.013151
5, 678,12,68.552597, 66.976494, 129.232788, 63.601540,22.438917, 222.077209, 1.023532
5, 678,13,75.287239, 74.825951, 129.232788, 63.601540,22.438917, 222.077209, 1.006165
5, 678,14,74.147621, 74.343857, 129.232788, 63.601540,22.438917, 222.077209, 0.997360
5, 678,15,103.977623, 102.536728, 129.232788, 63.601540,22.438917, 222.077209, 1.014053
5, 678,16,206.371796, 206.168625, 129.232788, 63.601540,22.438917, 222.077209, 1.000986
5, 678,17,194.496902, 194.061722, 129.232788, 63.601540,22.438917, 222.077209, 1.002242
5, 678,18,194.641953, 192.615402, 129.232788, 63.601540,22.438917, 222.077209, 1.010521
5, 678,19,71.137238, 70.656776, 129.232788, 63.601540,22.438917, 222.077209, 1.006800
5, 678,20,87.909134, 87.842751, 129.232788, 63.601540,22.438917, 222.077209, 1.000756
5, 678,21,37.460835, 38.878685, 129.232788, 63.601540,22.438917, 222.077209, 0.963531
5, 678,22,81.206398, 82.288383, 129.232788, 63.601540,22.438917, 222.077209, 0.986851
5, 678,23,216.203079, 215.898972, 129.232788, 63.601540,22.438917, 222.077209, 1.001409
5, 678,24,164.520432, 164.592285, 129.232788, 63.601540,22.438917, 222.077209, 0.999563
5, 678,25,188.350586, 185.465332, 129.232788, 63.601540,22.438917, 222.077209, 1.015557
5, 678,26,111.743759, 111.676323, 129.232788, 63.601540,22.438917, 222.077209, 1.000604
5, 678,27,151.656036, 151.310669, 129.232788, 63.601540,22.438917, 222.077209, 1.002283
5, 678,28,222.077209, 221.982986, 129.232788, 63.601540,22.438917, 222.077209, 1.000425
5, 678,29,174.248672, 174.288666, 129.232788, 63.601540,22.438917, 222.077209, 0.999771
5, 678,30,186.143173, 184.141251, 129.232788, 63.601540,22.438917, 222.077209, 1.010872
5, 678,31,33.135262, 31.375523, 129.232788, 63.601540,22.438917, 222.077209, 1.056086
5, 679,0,110.703896, 109.174294, 129.000412, 69.765221,29.754015, 253.975082, 1.014011
5, 679,1,218.166641, 217.437851, 129.000412, 69.765221,29.754015, 253.975082, 1.003352
5, 679,2,247.358185, 246.123001, 129.000412, 69.765221,29.754015, 253.975082, 1.005019
5, 679,3,82.789330, 83.109619, 129.000412, 69.765221,29.754015, 253.975082, 0.996146
5, 679,4,148.816574, 147.896347, 129.000412, 69.765221,29.754015, 253.975082, 1.006222
5, 679,5,88.049347, 86.430542, 129.000412, 69.765221,29.754015, 253.975082, 1.018730
5, 679,6,187.061249, 186.297028, 129.000412, 69.765221,29.754015, 253.975082, 1.004102
5, 679,7,142.396805, 142.787262, 129.000412, 69.765221,29.754015, 253.975082, 0.997265
5, 679,8,173.834946, 172.617828, 129.000412, 69.765221,29.754015, 253.975082, 1.007051
5, 679,9,138.193726, 137.760559, 129.000412, 69.765221,29.754015, 253.975082, 1.003144
5, 679,10,145.955124, 145.778534, 129.000412, 69.765221,29.754015, 253.975082, 1.001211
5, 679,11,73.405052, 74.275826, 129.000412, 69.765221,29.754015, 253.975082, 0.988276
5, 679,12,226.571198, 227.450043, 129.000412, 69.765221,29.754015, 253.975082, 0.996136
5, 679,13,159.373230, 157.999207, 129.000412, 69.765221,29.754015, 253.975082, 1.008696
5, 679,14,63.159565, 63.002834, 129.000412, 69.765221,29.754015, 253.975082, 1.002488
5, 679,15,141.783737, 142.523560, 129.000412, 69.765221,29.754015, 253.975082, 0.994809
5, 679,16,221.549210, 221.722900, 129.000412, 69.765221,29.754015, 253.975082, 0.999217
5, 679,17,61.360340, 61.725552, 129.000412, 69.765221,29.754015, 253.975082, 0.994083
5, 679,18,51.391911, 51.416702, 129.000412, 69.765221,29.754015, 253.975082, 0.999518
5, 679,19,31.554472, 30.527060, 129.000412, 69.765221,29.754015, 253.975082, 1.033656
5, 679,20,92.055954, 91.383080, 129.000412, 69.765221,29.754015, 253.975082, 1.007363
5, 679,21,250.602371, 251.133209, 129.000412, 69.765221,29.754015, 253.975082, 0.997886
5, 679,22,29.754015, 29.546444, 129.000412, 69.765221,29.754015, 253.975082, 1.007025
5, 679,23,253.975082, 252.863708, 129.000412, 69.765221,29.754015, 253.975082, 1.004395
5, 679,24,46.435940, 47.436546, 129.000412, 69.765221,29.754015, 253.975082, 0.978906
5, 679,25,93.739075, 94.349655, 129.000412, 69.765221,29.754015, 253.975082, 0.993529
5, 679,26,135.117355, 134.241852, 129.000412, 69.765221,29.754015, 253.975082, 1.006522
5, 679,27,139.100494, 139.664108, 129.000412, 69.765221,29.754015, 253.975082, 0.995965
5, 679,28,40.755722, 42.286240, 129.000412, 69.765221,29.754015, 253.975082, 0.963806
5, 679,29,99.424889, 100.373459, 129.000412, 69.765221,29.754015, 253.975082, 0.990550
5, 679,30,36.229321, 35.347748, 129.000412, 69.765221,29.754015, 253.975082, 1.024940
5, 679,31,197.348846, 196.317474, 129.000412, 69.765221,29.754015, 253.975082, 1.005254
5, 680,0,103.467628, 102.960693, 128.378372, 43.460541,25.808645, 185.355606, 1.004924
5, 680,1,184.303116, 183.918869, 128.378372, 43.460541,25.808645, 185.355606, 1.002089
5, 680,2,180.179260, 179.731934, 128.378372, 43.460541,25.808645, 185.355606, 1.002489
5, 680,3,28.574858, 28.499096, 128.378372, 43.460541,25.808645, 185.355606, 1.002658
5, 680,4,121.973068, 123.714706, 128.378372, 43.460541,25.808645, 185.355606, 0.985922
5, 680,5,144.549698, 145.300629, 128.378372, 43.460541,25.808645, 185.355606, 0.994832
5, 680,6,116.006668, 118.526207, 128.378372, 43.460541,25.808645, 185.355606, 0.978743
5, 680,7,162.225266, 165.014771, 128.378372, 43.460541,25.808645, 185.355606, 0.983095
5, 680,8,154.036621, 155.683105, 128.378372, 43.460541,25.808645, 185.355606, 0.989424
5, 680,9,155.366608, 155.732376, 128.378372, 43.460541,25.808645, 185.355606, 0.997651
5, 680,10,138.409653, 138.464737, 128.378372, 43.460541,25.808645, 185.355606, 0.999602
5, 680,11,96.496582, 96.157623, 128.378372, 43.460541,25.808645, 185.355606, 1.003525
5, 680,12,133.759995, 134.693756, 128.378372, 43.460541,25.808645, 185.355606, 0.993068
5, 680,13,51.873878, 51.228901, 128.378372, 43.460541,25.808645, 185.355606, 1.012590
5, 680,14,95.602615, 97.235825, 128.378372, 43.460541,25.808645, 185.355606, 0.983204
5, 680,15,87.500877, 89.256035, 128.378372, 43.460541,25.808645, 185.355606, 0.980336
5, 680,16,185.355606, 186.053375, 128.378372, 43.460541,25.808645, 185.355606, 0.996250
5, 680,17,170.866379, 171.243149, 128.378372, 43.460541,25.808645, 185.355606, 0.997800
5, 680,18,148.535706, 148.261597, 128.378372, 43.460541,25.808645, 185.355606, 1.001849
5, 680,19,25.808645, 24.574879, 128.378372, 43.460541,25.808645, 185.355606, 1.050204
5, 680,20,96.032784, 95.637680, 128.378372, 43.460541,25.808645, 185.355606, 1.004131
5, 680,21,97.089653, 98.275711, 128.378372, 43.460541,25.808645, 185.355606, 0.987931
5, 680,22,149.513153, 150.357788, 128.378372, 43.460541,25.808645, 185.355606, 0.994383
5, 680,23,112.486313, 112.801331, 128.378372, 43.460541,25.808645, 185.355606, 0.997207
5, 680,24,139.571838, 139.033936, 128.378372, 43.460541,25.808645, 185.355606, 1.003869
5, 680,25,139.382446, 138.459259, 128.378372, 43.460541,25.808645, 185.355606, 1.006668
5, 680,26,179.804184, 180.361343, 128.378372, 43.460541,25.808645, 185.355606, 0.996911
5, 680,27,96.045418, 96.880074, 128.378372, 43.460541,25.808645, 185.355606, 0.991385
5, 680,28,180.109818, 180.640472, 128.378372, 43.460541,25.808645, 185.355606, 0.997062
5, 680,29,100.887451, 101.110779, 128.378372, 43.460541,25.808645, 185.355606, 0.997791
5, 680,30,182.036514, 181.669418, 128.378372, 43.460541,25.808645, 185.355606, 1.002021
5, 680,31,150.255447, 149.520401, 128.378372, 43.460541,25.808645, 185.355606, 1.004916
5, 681,0,186.740982, 186.701431, 128.557602, 67.313148,17.229168, 249.727829, 1.000212
5, 681,1,86.616890, 87.933235, 128.557602, 67.313148,17.229168, 249.727829, 0.985030
5, 681,2,130.646088, 129.500580, 128.557602, 67.313148,17.229168, 249.727829, 1.008846
5, 681,3,173.863983, 172.994614, 128.557602, 67.313148,17.229168, 249.727829, 1.005025
5, 681,4,247.603882, 245.763077, 128.557602, 67.313148,17.229168, 249.727829, 1.007490
5, 681,5,55.181412, 54.746780, 128.557602, 67.313148,17.229168, 249.727829, 1.007939
5, 681,6,195.398376, 195.118927, 128.557602, 67.313148,17.229168, 249.727829, 1.001432
5, 681,7,82.399452, 84.043175, 128.557602, 67.313148,17.229168, 249.727829, 0.980442
5, 681,8,170.124786, 170.650314, 128.557602, 67.313148,17.229168, 249.727829, 0.996920
5, 681,9,160.092728, 160.621109, 128.557602, 67.313148,17.229168, 249.727829, 0.996710
5, 681,10,71.782295, 71.318039, 128.557602, 67.313148,17.229168, 249.727829, 1.006510
5, 681,11,127.856270, 127.632454, 128.557602, 67.313148,17.229168, 249.727829, 1.001754
5, 681,12,21.888634, 22.300236, 128.557602, 67.313148,17.229168, 249.727829, 0.981543
5, 681,13,62.056419, 60.651482, 128.557602, 67.313148,17.229168, 249.727829, 1.023164
5, 681,14,197.378189, 198.877136, 128.557602, 67.313148,17.229168, 249.727829, 0.992463
5, 681,15,161.648972, 163.089966, 128.557602, 67.313148,17.229168, 249.727829, 0.991164
5, 681,16,158.068024, 158.621155, 128.557602, 67.313148,17.229168, 249.727829, 0.996513
5, 681,17,193.766693, 193.741653, 128.557602, 67.313148,17.229168, 249.727829, 1.000129
5, 681,18,124.244354, 124.365097, 128.557602, 67.313148,17.229168, 249.727829, 0.999029
5, 681,19,40.679012, 41.061943, 128.557602, 67.313148,17.229168, 249.727829, 0.990674
5, 681,20,153.844421, 155.236572, 128.557602, 67.313148,17.229168, 249.727829, 0.991032
5, 681,21,249.727829, 249.345444, 128.557602, 67.313148,17.229168, 249.727829, 1.001534
5, 681,22,128.011383, 129.258820, 128.557602, 67.313148,17.229168, 249.727829, 0.990349
5, 681,23,27.509949, 27.530951, 128.557602, 67.313148,17.229168, 249.727829, 0.999237
5, 681,24,83.332916, 84.079803, 128.557602, 67.313148,17.229168, 249.727829, 0.991117
5, 681,25,163.250580, 162.738312, 128.557602, 67.313148,17.229168, 249.727829, 1.003148
5, 681,26,73.826035, 74.431549, 128.557602, 67.313148,17.229168, 249.727829, 0.991865
5, 681,27,217.761200, 219.265182, 128.557602, 67.313148,17.229168, 249.727829, 0.993141
5, 681,28,17.229168, 16.439493, 128.557602, 67.313148,17.229168, 249.727829, 1.048035
5, 681,29,195.180176, 195.631744, 128.557602, 67.313148,17.229168, 249.727829, 0.997692
5, 681,30,28.071348, 28.725077, 128.557602, 67.313148,17.229168, 249.727829, 0.977242
5, 681,31,128.061020, 128.584839, 128.557602, 67.313148,17.229168, 249.727829, 0.995926
5, 682,0,200.331924, 199.780594, 128.736404, 66.107239,13.080801, 222.372330, 1.002760
5, 682,1,126.247055, 127.820145, 128.736404, 66.107239,13.080801, 222.372330, 0.987693
5, 682,2,153.467529, 154.147629, 128.736404, 66.107239,13.080801, 222.372330, 0.995588
5, 682,3,196.705063, 196.833099, 128.736404, 66.107239,13.080801, 222.372330, 0.999350
5, 682,4,60.694439, 61.314583, 128.736404, 66.107239,13.080801, 222.372330, 0.989886
5, 682,5,181.525223, 182.462341, 128.736404, 66.107239,13.080801, 222.372330, 0.994864
5, 682,6,179.765701, 178.334488, 128.736404, 66.107239,13.080801, 222.372330, 1.008025
5, 682,7,56.078907, 57.166737, 128.736404, 66.107239,13.080801, 222.372330, 0.980971
5, 682,8,63.931805, 64.075363, 128.736404, 66.107239,13.080801, 222.372330, 0.997760
5, 682,9,216.254654, 216.358643, 128.736404, 66.107239,13.080801, 222.372330, 0.999519
5, 682,10,74.104111, 73.451355, 128.736404, 66.107239,13.080801, 222.372330, 1.008887
5, 682,11,13.080801, 11.373724, 128.736404, 66.107239,13.080801, 222.372330, 1.150090
5, 682,12,207.839325, 207.682846, 128.736404, 66.107239,13.080801, 222.372330, 1.000753
5, 682,13,150.798965, 151.366837, 128.736404, 66.107239,13.080801, 222.372330, 0.996248
5, 682,14,203.013443, 202.488022, 128.736404, 66.107239,13.080801, 222.372330, 1.002595
5, 682,15,222.372330, 223.667389, 128.736404, 66.107239,13.080801, 222.372330, 0.994210
5, 682,16,62.623871, 64.075363, 128.736404, 66.107239,13.080801, 222.372330, 0.977347
5, 682,17,95.566605, 94.684067, 128.736404, 66.107239,13.080801, 222.372330, 1.009321
5, 682,18,169.773361, 169.305267, 128.736404, 66.107239,13.080801, 222.372330, 1.002765
5, 682,19,30.173380, 30.265759, 128.736404, 66.107239,13.080801, 222.372330, 0.996948
5, 682,20,77.804047, 79.266357, 128.736404, 66.107239,13.080801, 222.372330, 0.981552
5, 682,21,176.188995, 175.687088, 128.736404, 66.107239,13.080801, 222.372330, 1.002857
5, 682,22,101.119614, 100.125610, 128.736404, 66.107239,13.080801, 222.372330, 1.009928
5, 682,23,23.224123, 22.310165, 128.736404, 66.107239,13.080801, 222.372330, 1.040966
5, 682,24,50.217594, 50.124733, 128.736404, 66.107239,13.080801, 222.372330, 1.001853
5, 682,25,117.030327, 116.983734, 128.736404, 66.107239,13.080801, 222.372330, 1.000398
5, 682,26,99.366066, 100.445709, 128.736404, 66.107239,13.080801, 222.372330, 0.989251
5, 682,27,206.622757, 206.055710, 128.736404, 66.107239,13.080801, 222.372330, 1.002752
5, 682,28,192.005814, 191.424881, 128.736404, 66.107239,13.080801, 222.372330, 1.003035
5, 682,29,212.891815, 212.484207, 128.736404, 66.107239,13.080801, 222.372330, 1.001918
5, 682,30,78.024094, 79.446396, 128.736404, 66.107239,13.080801, 222.372330, 0.982097
5, 682,31,120.721291, 119.991257, 128.736404, 66.107239,13.080801, 222.372330, 1.006084
5, 683,0,51.932358, 52.215618, 128.810715, 83.336479,9.742433, 253.449127, 0.994575
5, 683,1,34.851509, 35.113701, 128.810715, 83.336479,9.742433, 253.449127, 0.992533
5, 683,2,64.574913, 64.601593, 128.810715, 83.336479,9.742433, 253.449127, 0.999587
5, 683,3,138.841019, 139.168106, 128.810715, 83.336479,9.742433, 253.449127, 0.997650
5, 683,4,253.449127, 253.466949, 128.810715, 83.336479,9.742433, 253.449127, 0.999930
5, 683,5,23.176514, 23.525097, 128.810715, 83.336479,9.742433, 253.449127, 0.985183
5, 683,6,103.881554, 104.159279, 128.810715, 83.336479,9.742433, 253.449127, 0.997334
5, 683,7,137.196426, 136.829117, 128.810715, 83.336479,9.742433, 253.449127, 1.002684
5, 683,8,17.313755, 16.910633, 128.810715, 83.336479,9.742433, 253.449127, 1.023838
5, 683,9,152.473770, 152.131226, 128.810715, 83.336479,9.742433, 253.449127, 1.002252
5, 683,10,170.727448, 171.139267, 128.810715, 83.336479,9.742433, 253.449127, 0.997594
5, 683,11,209.092102, 209.087006, 128.810715, 83.336479,9.742433, 253.449127, 1.000024
5, 683,12,58.255676, 58.101051, 128.810715, 83.336479,9.742433, 253.449127, 1.002661
5, 683,13,252.981644, 252.502502, 128.810715, 83.336479,9.742433, 253.449127, 1.001898
5, 683,14,186.805603, 186.266724, 128.810715, 83.336479,9.742433, 253.449127, 1.002893
5, 683,15,231.817078, 232.241425, 128.810715, 83.336479,9.742433, 253.449127, 0.998173
5, 683,16,213.763794, 215.055969, 128.810715, 83.336479,9.742433, 253.449127, 0.993991
5, 683,17,44.928490, 45.737850, 128.810715, 83.336479,9.742433, 253.449127, 0.982304
5, 683,18,170.752518, 170.326706, 128.810715, 83.336479,9.742433, 253.449127, 1.002500
5, 683,19,228.368301, 227.707748, 128.810715, 83.336479,9.742433, 253.449127, 1.002901
5, 683,20,48.112522, 48.000893, 128.810715, 83.336479,9.742433, 253.449127, 1.002326
5, 683,21,111.510056, 111.517967, 128.810715, 83.336479,9.742433, 253.449127, 0.999929
5, 683,22,229.347656, 229.811295, 128.810715, 83.336479,9.742433, 253.449127, 0.997983
5, 683,23,187.640656, 187.132446, 128.810715, 83.336479,9.742433, 253.449127, 1.002716
5, 683,24,16.912132, 17.070110, 128.810715, 83.336479,9.742433, 253.449127, 0.990745
5, 683,25,129.023682, 128.126282, 128.810715, 83.336479,9.742433, 253.449127, 1.007004
5, 683,26,19.954393, 20.183693, 128.810715, 83.336479,9.742433, 253.449127, 0.988639
5, 683,27,222.669281, 220.827484, 128.810715, 83.336479,9.742433, 253.449127, 1.008340
5, 683,28,198.128922, 197.285767, 128.810715, 83.336479,9.742433, 253.449127, 1.004274
5, 683,29,19.822468, 21.300026, 128.810715, 83.336479,9.742433, 253.449127, 0.930631
5, 683,30,183.895081, 182.803818, 128.810715, 83.336479,9.742433, 253.449127, 1.005970
5, 683,31,9.742433, 10.653093, 128.810715, 83.336479,9.742433, 253.449127, 0.914517
5, 684,0,73.314629, 73.799889, 128.769653, 55.106453,19.882580, 219.935486, 0.993425
5, 684,1,69.103676, 69.263153, 128.769653, 55.106453,19.882580, 219.935486, 0.997698
5, 684,2,141.642197, 141.987244, 128.769653, 55.106453,19.882580, 219.935486, 0.997570
5, 684,3,135.529022, 135.574799, 128.769653, 55.106453,19.882580, 219.935486, 0.999662
5, 684,4,159.279999, 159.971924, 128.769653, 55.106453,19.882580, 219.935486, 0.995675
5, 684,5,170.274658, 170.460281, 128.769653, 55.106453,19.882580, 219.935486, 0.998911
5, 684,6,121.601021, 122.107368, 128.769653, 55.106453,19.882580, 219.935486, 0.995853
5, 684,7,146.258041, 147.030212, 128.769653, 55.106453,19.882580, 219.935486, 0.994748
5, 684,8,201.060394, 200.776581, 128.769653, 55.106453,19.882580, 219.935486, 1.001414
5, 684,9,30.630709, 30.632740, 128.769653, 55.106453,19.882580, 219.935486, 0.999934
5, 684,10,182.703003, 182.188309, 128.769653, 55.106453,19.882580, 219.935486, 1.002825
5, 684,11,153.177048, 153.183060, 128.769653, 55.106453,19.882580, 219.935486, 0.999961
5, 684,12,171.139328, 171.881668, 128.769653, 55.106453,19.882580, 219.935486, 0.995681
5, 684,13,204.828278, 203.891953, 128.769653, 55.106453,19.882580, 219.935486, 1.004592
5, 684,14,87.731018, 87.663216, 128.769653, 55.106453,19.882580, 219.935486, 1.000773
5, 684,15,84.258156, 83.541862, 128.769653, 55.106453,19.882580, 219.935486, 1.008574
5, 684,16,161.873047, 161.490662, 128.769653, 55.106453,19.882580, 219.935486, 1.002368
5, 684,17,51.032051, 51.051300, 128.769653, 55.106453,19.882580, 219.935486, 0.999623
5, 684,18,219.935486, 221.370392, 128.769653, 55.106453,19.882580, 219.935486, 0.993518
5, 684,19,97.417603, 97.320824, 128.769653, 55.106453,19.882580, 219.935486, 1.000994
5, 684,20,128.561432, 128.617172, 128.769653, 55.106453,19.882580, 219.935486, 0.999567
5, 684,21,191.744247, 192.787003, 128.769653, 55.106453,19.882580, 219.935486, 0.994591
5, 684,22,100.554779, 99.203018, 128.769653, 55.106453,19.882580, 219.935486, 1.013626
5, 684,23,170.342758, 171.518219, 128.769653, 55.106453,19.882580, 219.935486, 0.993147
5, 684,24,209.461777, 208.428680, 128.769653, 55.106453,19.882580, 219.935486, 1.004957
5, 684,25,131.714661, 131.511856, 128.769653, 55.106453,19.882580, 219.935486, 1.001542
5, 684,26,107.911560, 107.887070, 128.769653, 55.106453,19.882580, 219.935486, 1.000227
5, 684,27,19.882580, 18.385498, 128.769653, 55.106453,19.882580, 219.935486, 1.081427
5, 684,28,28.485283, 29.360638, 128.769653, 55.106453,19.882580, 219.935486, 0.970186
5, 684,29,113.996613, 113.845184, 128.769653, 55.106453,19.882580, 219.935486, 1.001330
5, 684,30,91.116653, 91.232895, 128.769653, 55.106453,19.882580, 219.935486, 0.998726
5, 684,31,164.067749, 163.035355, 128.769653, 55.106453,19.882580, 219.935486, 1.006332
5, 685,0,81.825287, 80.491127, 128.756348, 64.013779,13.130514, 217.446533, 1.016575
5, 685,1,36.692051, 36.463028, 128.756348, 64.013779,13.130514, 217.446533, 1.006281
5, 685,2,217.446533, 218.162201, 128.756348, 64.013779,13.130514, 217.446533, 0.996720
5, 685,3,13.130514, 14.214825, 128.756348, 64.013779,13.130514, 217.446533, 0.923720
5, 685,4,186.109695, 185.914505, 128.756348, 64.013779,13.130514, 217.446533, 1.001050
5, 685,5,214.220230, 213.934174, 128.756348, 64.013779,13.130514, 217.446533, 1.001337
5, 685,6,74.321777, 75.854156, 128.756348, 64.013779,13.130514, 217.446533, 0.979798
5, 685,7,140.877045, 140.831055, 128.756348, 64.013779,13.130514, 217.446533, 1.000327
5, 685,8,42.664330, 42.102581, 128.756348, 64.013779,13.130514, 217.446533, 1.013342
5, 685,9,202.467911, 202.846359, 128.756348, 64.013779,13.130514, 217.446533, 0.998134
5, 685,10,207.892532, 207.872482, 128.756348, 64.013779,13.130514, 217.446533, 1.000096
5, 685,11,109.336098, 109.236351, 128.756348, 64.013779,13.130514, 217.446533, 1.000913
5, 685,12,88.023651, 87.482849, 128.756348, 64.013779,13.130514, 217.446533, 1.006182
5, 685,13,108.315224, 108.932945, 128.756348, 64.013779,13.130514, 217.446533, 0.994329
5, 685,14,31.315966, 32.373528, 128.756348, 64.013779,13.130514, 217.446533, 0.967332
5, 685,15,189.041489, 189.225677, 128.756348, 64.013779,13.130514, 217.446533, 0.999027
5, 685,16,157.947617, 157.419907, 128.756348, 64.013779,13.130514, 217.446533, 1.003352
5, 685,17,113.992897, 112.989456, 128.756348, 64.013779,13.130514, 217.446533, 1.008881
5, 685,18,53.947498, 54.476620, 128.756348, 64.013779,13.130514, 217.446533, 0.990287
5, 685,19,153.616516, 153.930649, 128.756348, 64.013779,13.130514, 217.446533, 0.997959
5, 685,20,201.888641, 201.039047, 128.756348, 64.013779,13.130514, 217.446533, 1.004226
5, 685,21,74.707268, 76.441200, 128.756348, 64.013779,13.130514, 217.446533, 0.977317
5, 685,22,158.739426, 158.501648, 128.756348, 64.013779,13.130514, 217.446533, 1.001500
5, 685,23,107.393028, 107.369690, 128.756348, 64.013779,13.130514, 217.446533, 1.000217
5, 685,24,93.557434, 95.107788, 128.756348, 64.013779,13.130514, 217.446533, 0.983699
5, 685,25,127.651360, 126.827812, 128.756348, 64.013779,13.130514, 217.446533, 1.006493
5, 685,26,148.860840, 148.106400, 128.756348, 64.013779,13.130514, 217.446533, 1.005094
5, 685,27,189.124924, 187.807541, 128.756348, 64.013779,13.130514, 217.446533, 1.007015
5, 685,28,21.008175, 20.566742, 128.756348, 64.013779,13.130514, 217.446533, 1.021463
5, 685,29,202.909225, 203.479553, 128.756348, 64.013779,13.130514, 217.446533, 0.997197
5, 685,30,163.723251, 163.620117, 128.756348, 64.013779,13.130514, 217.446533, 1.000630
5, 685,31,207.454926, 207.377792, 128.756348, 64.013779,13.130514, 217.446533, 1.000372
5, 686,0,172.707047, 172.987015, 128.581833, 64.972206,12.108024, 226.656830, 0.998382
5, 686,1,113.716476, 114.797081, 128.581833, 64.972206,12.108024, 226.656830, 0.990587
5, 686,2,12.108024, 10.676065, 128.581833, 64.972206,12.108024, 226.656830, 1.134128
5, 686,3,188.353317, 188.129501, 128.581833, 64.972206,12.108024, 226.656830, 1.001190
5, 686,4,147.433228, 147.786331, 128.581833, 64.972206,12.108024, 226.656830, 0.997611
5, 686,5,226.656830, 226.285828, 128.581833, 64.972206,12.108024, 226.656830, 1.001639
5, 686,6,226.392288, 225.996094, 128.581833, 64.972206,12.108024, 226.656830, 1.001753
5, 686,7,215.598633, 215.599854, 128.581833, 64.972206,12.108024, 226.656830, 0.999994
5, 686,8,118.306335, 118.887970, 128.581833, 64.972206,12.108024, 226.656830, 0.995108
5, 686,9,34.698326, 34.510834, 128.581833, 64.972206,12.108024, 226.656830, 1.005433
5, 686,10,180.479843, 181.879349, 128.581833, 64.972206,12.108024, 226.656830, 0.992305
5, 686,11,13.726441, 15.029100, 128.581833, 64.972206,12.108024, 226.656830, 0.913324
5, 686,12,154.427628, 155.071289, 128.581833, 64.972206,12.108024, 226.656830, 0.995849
5, 686,13,212.218414, 211.915985, 128.581833, 64.972206,12.108024, 226.656830, 1.001427
5, 686,14,83.989761, 85.015701, 128.581833, 64.972206,12.108024, 226.656830, 0.987932
5, 686,15,92.840034, 93.218170, 128.581833, 64.972206,12.108024, 226.656830, 0.995944
5, 686,16,214.369919, 215.558472, 128.581833, 64.972206,12.108024, 226.656830, 0.994486
5, 686,17,172.150955, 171.841858, 128.581833, 64.972206,12.108024, 226.656830, 1.001799
5, 686,18,90.374344, 92.348938, 128.581833, 64.972206,12.108024, 226.656830, 0.978618
5, 686,19,154.260147, 154.284836, 128.581833, 64.972206,12.108024, 226.656830, 0.999840
5, 686,20,98.484375, 97.985123, 128.581833, 64.972206,12.108024, 226.656830, 1.005095
5, 686,21,61.507881, 61.443081, 128.581833, 64.972206,12.108024, 226.656830, 1.001055
5, 686,22,124.772064, 124.993248, 128.581833, 64.972206,12.108024, 226.656830, 0.998230
5, 686,23,138.065186, 138.266220, 128.581833, 64.972206,12.108024, 226.656830, 0.998546
5, 686,24,80.947945, 80.814438, 128.581833, 64.972206,12.108024, 226.656830, 1.001652
5, 686,25,219.008270, 218.980179, 128.581833, 64.972206,12.108024, 226.656830, 1.000128
5, 686,26,55.202419, 55.282604, 128.581833, 64.972206,12.108024, 226.656830, 0.998550
5, 686,27,140.436020, 140.453079, 128.581833, 64.972206,12.108024, 226.656830, 0.999879
5, 686,28,176.729141, 176.325958, 128.581833, 64.972206,12.108024, 226.656830, 1.002287
5, 686,29,52.565140, 52.309296, 128.581833, 64.972206,12.108024, 226.656830, 1.004891
5, 686,30,47.226337, 47.825188, 128.581833, 64.972206,12.108024, 226.656830, 0.987478
5, 686,31,94.865723, 94.501320, 128.581833, 64.972206,12.108024, 226.656830, 1.003856
5, 687,0,100.790634, 102.450417, 128.942566, 71.583443,8.590831, 257.946320, 0.983799
5, 687,1,240.496841, 242.444550, 128.942566, 71.583443,8.590831, 257.946320, 0.991966
5, 687,2,50.281952, 48.802807, 128.942566, 71.583443,8.590831, 257.946320, 1.030309
5, 687,3,242.588745, 240.970917, 128.942566, 71.583443,8.590831, 257.946320, 1.006714
5, 687,4,87.447418, 87.047180, 128.942566, 71.583443,8.590831, 257.946320, 1.004598
5, 687,5,112.227028, 114.363495, 128.942566, 71.583443,8.590831, 257.946320, 0.981319
5, 687,6,234.821930, 233.688141, 128.942566, 71.583443,8.590831, 257.946320, 1.004852
5, 687,7,163.979950, 163.768631, 128.942566, 71.583443,8.590831, 257.946320, 1.001290
5, 687,8,9.645435, 10.573937, 128.942566, 71.583443,8.590831, 257.946320, 0.912190
5, 687,9,183.233871, 182.437088, 128.942566, 71.583443,8.590831, 257.946320, 1.004367
5, 687,10,211.841507, 212.196503, 128.942566, 71.583443,8.590831, 257.946320, 0.998327
5, 687,11,75.782753, 75.653755, 128.942566, 71.583443,8.590831, 257.946320, 1.001705
5, 687,12,55.029121, 54.154385, 128.942566, 71.583443,8.590831, 257.946320, 1.016153
5, 687,13,207.392670, 208.194458, 128.942566, 71.583443,8.590831, 257.946320, 0.996149
5, 687,14,166.680527, 166.266022, 128.942566, 71.583443,8.590831, 257.946320, 1.002493
5, 687,15,141.331497, 141.734085, 128.942566, 71.583443,8.590831, 257.946320, 0.997160
5, 687,16,257.946320, 258.150269, 128.942566, 71.583443,8.590831, 257.946320, 0.999210
5, 687,17,117.968460, 115.348488, 128.942566, 71.583443,8.590831, 257.946320, 1.022714
5, 687,18,63.030529, 63.314110, 128.942566, 71.583443,8.590831, 257.946320, 0.995521
5, 687,19,101.388329, 100.503693, 128.942566, 71.583443,8.590831, 257.946320, 1.008802
5, 687,20,71.324577, 70.503830, 128.942566, 71.583443,8.590831, 257.946320, 1.011641
5, 687,21,107.051193, 105.824242, 128.942566, 71.583443,8.590831, 257.946320, 1.011594
5, 687,22,228.122162, 229.352585, 128.942566, 71.583443,8.590831, 257.946320, 0.994635
5, 687,23,116.715950, 117.729553, 128.942566, 71.583443,8.590831, 257.946320, 0.991390
5, 687,24,8.590831, 10.093071, 128.942566, 71.583443,8.590831, 257.946320, 0.851161
5, 687,25,22.358789, 21.866539, 128.942566, 71.583443,8.590831, 257.946320, 1.022512
5, 687,26,117.447235, 117.721802, 128.942566, 71.583443,8.590831, 257.946320, 0.997668
5, 687,27,191.909744, 191.472733, 128.942566, 71.583443,8.590831, 257.946320, 1.002282
5, 687,28,56.110126, 52.587688, 128.942566, 71.583443,8.590831, 257.946320, 1.066982
5, 687,29,154.130051, 154.027206, 128.942566, 71.583443,8.590831, 257.946320, 1.000668
5, 687,30,110.109512, 110.260620, 128.942566, 71.583443,8.590831, 257.946320, 0.998630
5, 687,31,118.386086, 117.496880, 128.942566, 71.583443,8.590831, 257.946320, 1.007568
5, 688,0,143.477005, 143.154205, 128.870102, 75.404510,12.588952, 249.202164, 1.002255
5, 688,1,225.273209, 224.440933, 128.870102, 75.404510,12.588952, 249.202164, 1.003708
5, 688,2,129.860809, 128.580124, 128.870102, 75.404510,12.588952, 249.202164, 1.009960
5, 688,3,115.820892, 115.120163, 128.870102, 75.404510,12.588952, 249.202164, 1.006087
5, 688,4,12.588952, 13.033760, 128.870102, 75.404510,12.588952, 249.202164, 0.965873
5, 688,5,61.013603, 60.030697, 128.870102, 75.404510,12.588952, 249.202164, 1.016373
5, 688,6,166.929779, 166.776901, 128.870102, 75.404510,12.588952, 249.202164, 1.000917
5, 688,7,76.112312, 76.908340, 128.870102, 75.404510,12.588952, 249.202164, 0.989650
5, 688,8,64.161278, 64.803406, 128.870102, 75.404510,12.588952, 249.202164, 0.990091
5, 688,9,87.936836, 88.079811, 128.870102, 75.404510,12.588952, 249.202164, 0.998377
5, 688,10,42.978668, 41.798019, 128.870102, 75.404510,12.588952, 249.202164, 1.028247
5, 688,11,33.265461, 33.276398, 128.870102, 75.404510,12.588952, 249.202164, 0.999671
5, 688,12,113.356079, 114.442657, 128.870102, 75.404510,12.588952, 249.202164, 0.990505
5, 688,13,249.202164, 246.979584, 128.870102, 75.404510,12.588952, 249.202164, 1.008999
5, 688,14,177.654694, 176.141663, 128.870102, 75.404510,12.588952, 249.202164, 1.008590
5, 688,15,99.943443, 100.553604, 128.870102, 75.404510,12.588952, 249.202164, 0.993932
5, 688,16,225.580505, 225.050690, 128.870102, 75.404510,12.588952, 249.202164, 1.002354
5, 688,17,220.745850, 221.309311, 128.870102, 75.404510,12.588952, 249.202164, 0.997454
5, 688,18,43.785915, 44.304829, 128.870102, 75.404510,12.588952, 249.202164, 0.988288
5, 688,19,227.604477, 226.910095, 128.870102, 75.404510,12.588952, 249.202164, 1.003060
5, 688,20,134.167053, 133.563629, 128.870102, 75.404510,12.588952, 249.202164, 1.004518
5, 688,21,203.489044, 205.892090, 128.870102, 75.404510,12.588952, 249.202164, 0.988329
5, 688,22,228.136490, 228.378036, 128.870102, 75.404510,12.588952, 249.202164, 0.998942
5, 688,23,224.031403, 223.356903, 128.870102, 75.404510,12.588952, 249.202164, 1.003020
5, 688,24,51.837280, 51.968269, 128.870102, 75.404510,12.588952, 249.202164, 0.997479
5, 688,25,13.697668, 12.928370, 128.870102, 75.404510,12.588952, 249.202164, 1.059505
5, 688,26,70.282326, 70.539703, 128.870102, 75.404510,12.588952, 249.202164, 0.996351
5, 688,27,174.401871, 176.804108, 128.870102, 75.404510,12.588952, 249.202164, 0.986413
5, 688,28,75.357582, 75.718925, 128.870102, 75.404510,12.588952, 249.202164, 0.995228
5, 688,29,138.480225, 137.628723, 128.870102, 75.404510,12.588952, 249.202164, 1.006187
5, 688,30,55.920189, 57.215248, 128.870102, 75.404510,12.588952, 249.202164, 0.977365
5, 688,31,236.750381, 235.311295, 128.870102, 75.404510,12.588952, 249.202164, 1.006116
5, 689,0,214.315720, 213.492249, 128.678513, 63.300236,13.905848, 224.866562, 1.003857
5, 689,1,118.387573, 118.763321, 128.678513, 63.300236,13.905848, 224.866562, 0.996836
5, 689,2,164.227936, 164.008759, 128.678513, 63.300236,13.905848, 224.866562, 1.001336
5, 689,3,99.519096, 99.876945, 128.678513, 63.300236,13.905848, 224.866562, 0.996417
5, 689,4,174.169403, 174.524658, 128.678513, 63.300236,13.905848, 224.866562, 0.997964
5, 689,5,121.703911, 120.809731, 128.678513, 63.300236,13.905848, 224.866562, 1.007402
5, 689,6,212.458221, 212.218201, 128.678513, 63.300236,13.905848, 224.866562, 1.001131
5, 689,7,13.905848, 14.040007, 128.678513, 63.300236,13.905848, 224.866562, 0.990445
5, 689,8,22.272549, 22.898977, 128.678513, 63.300236,13.905848, 224.866562, 0.972644
5, 689,9,121.839287, 122.024376, 128.678513, 63.300236,13.905848, 224.866562, 0.998483
5, 689,10,123.903198, 123.384247, 128.678513, 63.300236,13.905848, 224.866562, 1.004206
5, 689,11,114.806305, 115.693710, 128.678513, 63.300236,13.905848, 224.866562, 0.992330
5, 689,12,175.242935, 175.693100, 128.678513, 63.300236,13.905848, 224.866562, 0.997438
5, 689,13,130.494141, 131.134201, 128.678513, 63.300236,13.905848, 224.866562, 0.995119
5, 689,14,92.835495, 93.275635, 128.678513, 63.300236,13.905848, 224.866562, 0.995281
5, 689,15,123.695831, 125.239227, 128.678513, 63.300236,13.905848, 224.866562, 0.987676
5, 689,16,224.866562, 224.212784, 128.678513, 63.300236,13.905848, 224.866562, 1.002916
5, 689,17,33.341393, 33.362068, 128.678513, 63.300236,13.905848, 224.866562, 0.999380
5, 689,18,53.759373, 54.367462, 128.678513, 63.300236,13.905848, 224.866562, 0.988815
5, 689,19,75.138588, 74.666512, 128.678513, 63.300236,13.905848, 224.866562, 1.006323
5, 689,20,43.083073, 43.448883, 128.678513, 63.300236,13.905848, 224.866562, 0.991581
5, 689,21,183.113312, 182.716904, 128.678513, 63.300236,13.905848, 224.866562, 1.002169
5, 689,22,197.732391, 197.437836, 128.678513, 63.300236,13.905848, 224.866562, 1.001492
5, 689,23,67.225174, 67.702126, 128.678513, 63.300236,13.905848, 224.866562, 0.992955
5, 689,24,213.487381, 214.178772, 128.678513, 63.300236,13.905848, 224.866562, 0.996772
5, 689,25,162.688248, 162.728104, 128.678513, 63.300236,13.905848, 224.866562, 0.999755
5, 689,26,66.014847, 65.589706, 128.678513, 63.300236,13.905848, 224.866562, 1.006482
5, 689,27,212.934250, 212.779312, 128.678513, 63.300236,13.905848, 224.866562, 1.000728
5, 689,28,196.134705, 196.170395, 128.678513, 63.300236,13.905848, 224.866562, 0.999818
5, 689,29,183.350800, 183.951355, 128.678513, 63.300236,13.905848, 224.866562, 0.996735
5, 689,30,120.579498, 121.034180, 128.678513, 63.300236,13.905848, 224.866562, 0.996243
5, 689,31,60.485508, 59.575901, 128.678513, 63.300236,13.905848, 224.866562, 1.015268
5, 690,0,159.403687, 159.964783, 128.757797, 66.504257,11.308240, 233.555191, 0.996492
5, 690,1,183.848969, 184.062469, 128.757797, 66.504257,11.308240, 233.555191, 0.998840
5, 690,2,60.869854, 61.356487, 128.757797, 66.504257,11.308240, 233.555191, 0.992069
5, 690,3,231.843704, 231.941010, 128.757797, 66.504257,11.308240, 233.555191, 0.999581
5, 690,4,118.332390, 117.871346, 128.757797, 66.504257,11.308240, 233.555191, 1.003911
5, 690,5,189.884750, 190.357208, 128.757797, 66.504257,11.308240, 233.555191, 0.997518
5, 690,6,156.055176, 156.094284, 128.757797, 66.504257,11.308240, 233.555191, 0.999749
5, 690,7,120.369354, 120.398888, 128.757797, 66.504257,11.308240, 233.555191, 0.999755
5, 690,8,199.392929, 199.372314, 128.757797, 66.504257,11.308240, 233.555191, 1.000103
5, 690,9,136.077896, 136.190796, 128.757797, 66.504257,11.308240, 233.555191, 0.999171
5, 690,10,101.010826, 100.633141, 128.757797, 66.504257,11.308240, 233.555191, 1.003753
5, 690,11,106.555084, 107.168930, 128.757797, 66.504257,11.308240, 233.555191, 0.994272
5, 690,12,118.733398, 119.007706, 128.757797, 66.504257,11.308240, 233.555191, 0.997695
5, 690,13,231.728607, 231.892792, 128.757797, 66.504257,11.308240, 233.555191, 0.999292
5, 690,14,187.029572, 186.638214, 128.757797, 66.504257,11.308240, 233.555191, 1.002097
5, 690,15,46.632366, 47.224327, 128.757797, 66.504257,11.308240, 233.555191, 0.987465
5, 690,16,39.781860, 39.992958, 128.757797, 66.504257,11.308240, 233.555191, 0.994722
5, 690,17,12.992384, 13.512379, 128.757797, 66.504257,11.308240, 233.555191, 0.961517
5, 690,18,35.557125, 36.425484, 128.757797, 66.504257,11.308240, 233.555191, 0.976161
5, 690,19,177.255478, 176.383438, 128.757797, 66.504257,11.308240, 233.555191, 1.004944
5, 690,20,28.342627, 28.560511, 128.757797, 66.504257,11.308240, 233.555191, 0.992371
5, 690,21,233.555191, 233.607666, 128.757797, 66.504257,11.308240, 233.555191, 0.999775
5, 690,22,68.003311, 67.382622, 128.757797, 66.504257,11.308240, 233.555191, 1.009211
5, 690,23,130.322601, 131.142639, 128.757797, 66.504257,11.308240, 233.555191, 0.993747
5, 690,24,202.128479, 201.665680, 128.757797, 66.504257,11.308240, 233.555191, 1.002295
5, 690,25,190.153961, 189.730484, 128.757797, 66.504257,11.308240, 233.555191, 1.002232
5, 690,26,169.206055, 169.517090, 128.757797, 66.504257,11.308240, 233.555191, 0.998165
5, 690,27,11.308240, 10.640492, 128.757797, 66.504257,11.308240, 233.555191, 1.062755
5, 690,28,164.431274, 164.565338, 128.757797, 66.504257,11.308240, 233.555191, 0.999185
5, 690,29,117.666603, 116.776314, 128.757797, 66.504257,11.308240, 233.555191, 1.007624
5, 690,30,116.282028, 116.480171, 128.757797, 66.504257,11.308240, 233.555191, 0.998299
5, 690,31,75.493813, 74.441818, 128.757797, 66.504257,11.308240, 233.555191, 1.014132
5, 691,0,62.322407, 62.381084, 128.941605, 73.087807,10.548626, 239.598694, 0.999059
5, 691,1,109.003883, 110.351288, 128.941605, 73.087807,10.548626, 239.598694, 0.987790
5, 691,2,25.888031, 25.779671, 128.941605, 73.087807,10.548626, 239.598694, 1.004203
5, 691,3,75.803169, 75.220161, 128.941605, 73.087807,10.548626, 239.598694, 1.007751
5, 691,4,10.548626, 10.163366, 128.941605, 73.087807,10.548626, 239.598694, 1.037907
5, 691,5,206.035934, 205.890701, 128.941605, 73.087807,10.548626, 239.598694, 1.000705
5, 691,6,205.276886, 204.375854, 128.941605, 73.087807,10.548626, 239.598694, 1.004409
5, 691,7,219.528412, 218.276810, 128.941605, 73.087807,10.548626, 239.598694, 1.005734
5, 691,8,81.094650, 80.893425, 128.941605, 73.087807,10.548626, 239.598694, 1.002488
5, 691,9,131.730545, 131.239868, 128.941605, 73.087807,10.548626, 239.598694, 1.003739
5, 691,10,213.631317, 213.806534, 128.941605, 73.087807,10.548626, 239.598694, 0.999180
5, 691,11,239.598694, 238.972321, 128.941605, 73.087807,10.548626, 239.598694, 1.002621
5, 691,12,195.396667, 195.472397, 128.941605, 73.087807,10.548626, 239.598694, 0.999613
5, 691,13,233.120361, 233.195114, 128.941605, 73.087807,10.548626, 239.598694, 0.999679
5, 691,14,24.375631, 23.737598, 128.941605, 73.087807,10.548626, 239.598694, 1.026879
5, 691,15,239.080383, 239.863419, 128.941605, 73.087807,10.548626, 239.598694, 0.996736
5, 691,16,134.753525, 133.341354, 128.941605, 73.087807,10.548626, 239.598694, 1.010591
5, 691,17,60.673813, 60.472672, 128.941605, 73.087807,10.548626, 239.598694, 1.003326
5, 691,18,68.673073, 68.529587, 128.941605, 73.087807,10.548626, 239.598694, 1.002094
5, 691,19,95.774170, 94.653297, 128.941605, 73.087807,10.548626, 239.598694, 1.011842
5, 691,20,27.921844, 27.784616, 128.941605, 73.087807,10.548626, 239.598694, 1.004939
5, 691,21,71.730614, 71.648392, 128.941605, 73.087807,10.548626, 239.598694, 1.001148
5, 691,22,168.426819, 168.739792, 128.941605, 73.087807,10.548626, 239.598694, 0.998145
5, 691,23,37.464752, 37.690536, 128.941605, 73.087807,10.548626, 239.598694, 0.994009
5, 691,24,208.913437, 209.559021, 128.941605, 73.087807,10.548626, 239.598694, 0.996919
5, 691,25,189.144638, 187.994705, 128.941605, 73.087807,10.548626, 239.598694, 1.006117
5, 691,26,131.229050, 131.566605, 128.941605, 73.087807,10.548626, 239.598694, 0.997434
5, 691,27,109.917839, 109.475052, 128.941605, 73.087807,10.548626, 239.598694, 1.004045
5, 691,28,102.730698, 102.480011, 128.941605, 73.087807,10.548626, 239.598694, 1.002446
5, 691,29,217.234802, 217.244629, 128.941605, 73.087807,10.548626, 239.598694, 0.999955
5, 691,30,90.473686, 91.452812, 128.941605, 73.087807,10.548626, 239.598694, 0.989294
5, 691,31,138.632996, 138.747284, 128.941605, 73.087807,10.548626, 239.598694, 0.999176
5, 692,0,121.893616, 120.574097, 129.045120, 60.866264,25.929241, 224.998688, 1.010944
5, 692,1,216.763657, 217.560211, 129.045120, 60.866264,25.929241, 224.998688, 0.996339
5, 692,2,212.725922, 211.520370, 129.045120, 60.866264,25.929241, 224.998688, 1.005700
5, 692,3,106.671806, 106.302361, 129.045120, 60.866264,25.929241, 224.998688, 1.003475
5, 692,4,25.929241, 25.605728, 129.045120, 60.866264,25.929241, 224.998688, 1.012634
5, 692,5,131.294891, 131.373413, 129.045120, 60.866264,25.929241, 224.998688, 0.999402
5, 692,6,134.205841, 135.435730, 129.045120, 60.866264,25.929241, 224.998688, 0.990919
5, 692,7,191.804871, 190.826675, 129.045120, 60.866264,25.929241, 224.998688, 1.005126
5, 692,8,131.931335, 131.534302, 129.045120, 60.866264,25.929241, 224.998688, 1.003018
5, 692,9,48.598217, 48.276936, 129.045120, 60.866264,25.929241, 224.998688, 1.006655
5, 692,10,134.746094, 134.061523, 129.045120, 60.866264,25.929241, 224.998688, 1.005106
5, 692,11,26.984749, 25.793427, 129.045120, 60.866264,25.929241, 224.998688, 1.046187
5, 692,12,163.198441, 163.235107, 129.045120, 60.866264,25.929241, 224.998688, 0.999775
5, 692,13,83.081818, 82.498260, 129.045120, 60.866264,25.929241, 224.998688, 1.007074
5, 692,14,130.782471, 131.266174, 129.045120, 60.866264,25.929241, 224.998688, 0.996315
5, 692,15,28.774035, 28.448009, 129.045120, 60.866264,25.929241, 224.998688, 1.011460
5, 692,16,168.987381, 169.429153, 129.045120, 60.866264,25.929241, 224.998688, 0.997393
5, 692,17,30.356184, 30.438946, 129.045120, 60.866264,25.929241, 224.998688, 0.997281
5, 692,18,140.320206, 141.173935, 129.045120, 60.866264,25.929241, 224.998688, 0.993953
5, 692,19,80.076126, 79.334206, 129.045120, 60.866264,25.929241, 224.998688, 1.009352
5, 692,20,190.236359, 190.706024, 129.045120, 60.866264,25.929241, 224.998688, 0.997537
5, 692,21,175.778152, 174.604233, 129.045120, 60.866264,25.929241, 224.998688, 1.006723
5, 692,22,190.826782, 190.290405, 129.045120, 60.866264,25.929241, 224.998688, 1.002819
5, 692,23,224.998688, 222.574417, 129.045120, 60.866264,25.929241, 224.998688, 1.010892
5, 692,24,54.542633, 53.157074, 129.045120, 60.866264,25.929241, 224.998688, 1.026065
5, 692,25,172.626114, 172.774185, 129.045120, 60.866264,25.929241, 224.998688, 0.999143
5, 692,26,54.774166, 53.056522, 129.045120, 60.866264,25.929241, 224.998688, 1.032374
5, 692,27,166.917282, 168.805725, 129.045120, 60.866264,25.929241, 224.998688, 0.988813
5, 692,28,117.887756, 118.335129, 129.045120, 60.866264,25.929241, 224.998688, 0.996219
5, 692,29,130.929962, 130.488556, 129.045120, 60.866264,25.929241, 224.998688, 1.003383
5, 692,30,125.861343, 125.568184, 129.045120, 60.866264,25.929241, 224.998688, 1.002335
5, 692,31,214.937439, 215.951370, 129.045120, 60.866264,25.929241, 224.998688, 0.995305
5, 693,0,185.238388, 185.712143, 128.809036, 59.322102,12.727291, 211.645309, 0.997449
5, 693,1,148.386993, 148.986801, 128.809036, 59.322102,12.727291, 211.645309, 0.995974
5, 693,2,37.647621, 38.075134, 128.809036, 59.322102,12.727291, 211.645309, 0.988772
5, 693,3,153.516449, 154.434418, 128.809036, 59.322102,12.727291, 211.645309, 0.994056
5, 693,4,80.775383, 80.197342, 128.809036, 59.322102,12.727291, 211.645309, 1.007208
5, 693,5,81.289307, 81.827179, 128.809036, 59.322102,12.727291, 211.645309, 0.993427
5, 693,6,72.039749, 72.796463, 128.809036, 59.322102,12.727291, 211.645309, 0.989605
5, 693,7,139.060135, 140.222443, 128.809036, 59.322102,12.727291, 211.645309, 0.991711
5, 693,8,47.624119, 44.943295, 128.809036, 59.322102,12.727291, 211.645309, 1.059649
5, 693,9,52.945763, 53.130554, 128.809036, 59.322102,12.727291, 211.645309, 0.996522
5, 693,10,211.645309, 212.017914, 128.809036, 59.322102,12.727291, 211.645309, 0.998243
5, 693,11,198.100525, 198.383057, 128.809036, 59.322102,12.727291, 211.645309, 0.998576
5, 693,12,71.012596, 70.132912, 128.809036, 59.322102,12.727291, 211.645309, 1.012543
5, 693,13,108.310463, 107.847572, 128.809036, 59.322102,12.727291, 211.645309, 1.004292
5, 693,14,171.691650, 170.390366, 128.809036, 59.322102,12.727291, 211.645309, 1.007637
5, 693,15,78.161919, 77.825508, 128.809036, 59.322102,12.727291, 211.645309, 1.004323
5, 693,16,177.635422, 178.203461, 128.809036, 59.322102,12.727291, 211.645309, 0.996812
5, 693,17,189.270828, 189.358688, 128.809036, 59.322102,12.727291, 211.645309, 0.999536
5, 693,18,190.188736, 189.745529, 128.809036, 59.322102,12.727291, 211.645309, 1.002336
5, 693,19,188.023148, 187.995193, 128.809036, 59.322102,12.727291, 211.645309, 1.000149
5, 693,20,204.524261, 203.856018, 128.809036, 59.322102,12.727291, 211.645309, 1.003278
5, 693,21,200.229874, 201.883728, 128.809036, 59.322102,12.727291, 211.645309, 0.991808
5, 693,22,150.802048, 150.426392, 128.809036, 59.322102,12.727291, 211.645309, 1.002497
5, 693,23,134.903091, 134.654327, 128.809036, 59.322102,12.727291, 211.645309, 1.001847
5, 693,24,160.375244, 160.598633, 128.809036, 59.322102,12.727291, 211.645309, 0.998609
5, 693,25,184.214859, 183.714478, 128.809036, 59.322102,12.727291, 211.645309, 1.002724
5, 693,26,12.727291, 12.720631, 128.809036, 59.322102,12.727291, 211.645309, 1.000524
5, 693,27,123.811951, 123.086914, 128.809036, 59.322102,12.727291, 211.645309, 1.005890
5, 693,28,108.356659, 109.280815, 128.809036, 59.322102,12.727291, 211.645309, 0.991543
5, 693,29,105.527321, 104.232742, 128.809036, 59.322102,12.727291, 211.645309, 1.012420
5, 693,30,140.007843, 140.159027, 128.809036, 59.322102,12.727291, 211.645309, 0.998921
5, 693,31,13.844370, 14.160218, 128.809036, 59.322102,12.727291, 211.645309, 0.977695
5, 694,0,226.742508, 225.937363, 128.847275, 64.866005,18.093758, 234.650192, 1.003564
5, 694,1,158.299026, 158.974854, 128.847275, 64.866005,18.093758, 234.650192, 0.995749
5, 694,2,172.645050, 172.077698, 128.847275, 64.866005,18.093758, 234.650192, 1.003297
5, 694,3,70.618210, 70.335938, 128.847275, 64.866005,18.093758, 234.650192, 1.004013
5, 694,4,90.369331, 89.669128, 128.847275, 64.866005,18.093758, 234.650192, 1.007809
5, 694,5,180.356018, 182.263489, 128.847275, 64.866005,18.093758, 234.650192, 0.989535
5, 694,6,118.795280, 118.935333, 128.847275, 64.866005,18.093758, 234.650192, 0.998822
5, 694,7,18.093758, 17.398531, 128.847275, 64.866005,18.093758, 234.650192, 1.039959
5, 694,8,28.210766, 29.114578, 128.847275, 64.866005,18.093758, 234.650192, 0.968957
5, 694,9,234.650192, 233.786774, 128.847275, 64.866005,18.093758, 234.650192, 1.003693
5, 694,10,33.081974, 33.452591, 128.847275, 64.866005,18.093758, 234.650192, 0.988921
5, 694,11,135.124130, 135.221664, 128.847275, 64.866005,18.093758, 234.650192, 0.999279
5, 694,12,108.434624, 109.405380, 128.847275, 64.866005,18.093758, 234.650192, 0.991127
5, 694,13,203.863983, 204.800659, 128.847275, 64.866005,18.093758, 234.650192, 0.995426
5, 694,14,93.406776, 93.754372, 128.847275, 64.866005,18.093758, 234.650192, 0.996292
5, 694,15,222.859985, 221.865784, 128.847275, 64.866005,18.093758, 234.650192, 1.004481
5, 694,16,50.917130, 51.132549, 128.847275, 64.866005,18.093758, 234.650192, 0.995787
5, 694,17,119.834671, 119.577499, 128.847275, 64.866005,18.093758, 234.650192, 1.002151
5, 694,18,94.323959, 94.649300, 128.847275, 64.866005,18.093758, 234.650192, 0.996563
5, 694,19,58.355896, 58.777016, 128.847275, 64.866005,18.093758, 234.650192, 0.992835
5, 694,20,215.029541, 214.077850, 128.847275, 64.866005,18.093758, 234.650192, 1.004446
5, 694,21,122.817146, 122.207642, 128.847275, 64.866005,18.093758, 234.650192, 1.004987
5, 694,22,75.566025, 74.878899, 128.847275, 64.866005,18.093758, 234.650192, 1.009176
5, 694,23,20.149851, 19.529964, 128.847275, 64.866005,18.093758, 234.650192, 1.031740
5, 694,24,134.302139, 134.770782, 128.847275, 64.866005,18.093758, 234.650192, 0.996523
5, 694,25,191.199524, 190.994156, 128.847275, 64.866005,18.093758, 234.650192, 1.001075
5, 694,26,195.066147, 194.491882, 128.847275, 64.866005,18.093758, 234.650192, 1.002953
5, 694,27,123.659309, 122.508217, 128.847275, 64.866005,18.093758, 234.650192, 1.009396
5, 694,28,164.918365, 165.191528, 128.847275, 64.866005,18.093758, 234.650192, 0.998346
5, 694,29,175.019058, 175.131378, 128.847275, 64.866005,18.093758, 234.650192, 0.999359
5, 694,30,93.722008, 93.262505, 128.847275, 64.866005,18.093758, 234.650192, 1.004927
5, 694,31,192.679993, 192.825012, 128.847275, 64.866005,18.093758, 234.650192, 0.999248
5, 695,0,221.137558, 221.722641, 129.011368, 58.398579,37.221607, 221.137558, 0.997361
5, 695,1,181.174744, 180.583191, 129.011368, 58.398579,37.221607, 221.137558, 1.003276
5, 695,2,84.481560, 84.131973, 129.011368, 58.398579,37.221607, 221.137558, 1.004155
5, 695,3,101.154083, 100.895882, 129.011368, 58.398579,37.221607, 221.137558, 1.002559
5, 695,4,138.537781, 135.455109, 129.011368, 58.398579,37.221607, 221.137558, 1.022758
5, 695,5,157.755005, 157.741714, 129.011368, 58.398579,37.221607, 221.137558, 1.000084
5, 695,6,176.175995, 175.785095, 129.011368, 58.398579,37.221607, 221.137558, 1.002224
5, 695,7,84.462631, 82.839432, 129.011368, 58.398579,37.221607, 221.137558, 1.019595
5, 695,8,151.721375, 151.331207, 129.011368, 58.398579,37.221607, 221.137558, 1.002578
5, 695,9,166.955383, 166.920090, 129.011368, 58.398579,37.221607, 221.137558, 1.000211
5, 695,10,152.990585, 152.068878, 129.011368, 58.398579,37.221607, 221.137558, 1.006061
5, 695,11,45.831497, 47.692673, 129.011368, 58.398579,37.221607, 221.137558, 0.960976
5, 695,12,218.131393, 218.432526, 129.011368, 58.398579,37.221607, 221.137558, 0.998621
5, 695,13,83.570740, 82.702347, 129.011368, 58.398579,37.221607, 221.137558, 1.010500
5, 695,14,47.224976, 47.157379, 129.011368, 58.398579,37.221607, 221.137558, 1.001433
5, 695,15,169.248978, 170.464783, 129.011368, 58.398579,37.221607, 221.137558, 0.992868
5, 695,16,154.544708, 155.691925, 129.011368, 58.398579,37.221607, 221.137558, 0.992631
5, 695,17,165.432587, 165.183624, 129.011368, 58.398579,37.221607, 221.137558, 1.001507
5, 695,18,37.221607, 37.202179, 129.011368, 58.398579,37.221607, 221.137558, 1.000522
5, 695,19,155.282364, 155.104385, 129.011368, 58.398579,37.221607, 221.137558, 1.001148
5, 695,20,46.996265, 47.092098, 129.011368, 58.398579,37.221607, 221.137558, 0.997965
5, 695,21,113.625916, 114.833160, 129.011368, 58.398579,37.221607, 221.137558, 0.989487
5, 695,22,201.292709, 200.748184, 129.011368, 58.398579,37.221607, 221.137558, 1.002712
5, 695,23,195.696396, 193.887253, 129.011368, 58.398579,37.221607, 221.137558, 1.009331
5, 695,24,62.971649, 64.188934, 129.011368, 58.398579,37.221607, 221.137558, 0.981036
5, 695,25,61.109783, 59.684616, 129.011368, 58.398579,37.221607, 221.137558, 1.023878
5, 695,26,43.733086, 43.958660, 129.011368, 58.398579,37.221607, 221.137558, 0.994868
5, 695,27,65.199570, 65.527176, 129.011368, 58.398579,37.221607, 221.137558, 0.995000
5, 695,28,97.935249, 96.776711, 129.011368, 58.398579,37.221607, 221.137558, 1.011971
5, 695,29,191.918030, 192.581635, 129.011368, 58.398579,37.221607, 221.137558, 0.996554
5, 695,30,152.840836, 150.267151, 129.011368, 58.398579,37.221607, 221.137558, 1.017127
5, 695,31,202.008774, 202.347534, 129.011368, 58.398579,37.221607, 221.137558, 0.998326
5, 696,0,125.651291, 125.215202, 128.797791, 70.547653,14.030826, 256.855225, 1.003483
5, 696,1,189.503693, 188.847046, 128.797791, 70.547653,14.030826, 256.855225, 1.003477
5, 696,2,92.259789, 91.103615, 128.797791, 70.547653,14.030826, 256.855225, 1.012691
5, 696,3,123.315041, 124.945580, 128.797791, 70.547653,14.030826, 256.855225, 0.986950
5, 696,4,109.234131, 110.216278, 128.797791, 70.547653,14.030826, 256.855225, 0.991089
5, 696,5,73.856079, 74.825890, 128.797791, 70.547653,14.030826, 256.855225, 0.987039
5, 696,6,256.855225, 255.922379, 128.797791, 70.547653,14.030826, 256.855225, 1.003645
5, 696,7,106.083885, 105.524780, 128.797791, 70.547653,14.030826, 256.855225, 1.005298
5, 696,8,174.978012, 175.612228, 128.797791, 70.547653,14.030826, 256.855225, 0.996389
5, 696,9,104.761650, 104.245979, 128.797791, 70.547653,14.030826, 256.855225, 1.004947
5, 696,10,14.030826, 11.995235, 128.797791, 70.547653,14.030826, 256.855225, 1.169700
5, 696,11,245.200485, 245.776718, 128.797791, 70.547653,14.030826, 256.855225, 0.997655
5, 696,12,160.660538, 161.306625, 128.797791, 70.547653,14.030826, 256.855225, 0.995995
5, 696,13,255.036469, 255.583420, 128.797791, 70.547653,14.030826, 256.855225, 0.997860
5, 696,14,46.597458, 45.713940, 128.797791, 70.547653,14.030826, 256.855225, 1.019327
5, 696,15,28.845592, 28.835329, 128.797791, 70.547653,14.030826, 256.855225, 1.000356
5, 696,16,145.650131, 146.292282, 128.797791, 70.547653,14.030826, 256.855225, 0.995610
5, 696,17,36.987579, 36.592865, 128.797791, 70.547653,14.030826, 256.855225, 1.010787
5, 696,18,202.124344, 201.542587, 128.797791, 70.547653,14.030826, 256.855225, 1.002887
5, 696,19,147.942596, 148.241302, 128.797791, 70.547653,14.030826, 256.855225, 0.997985
5, 696,20,19.609383, 19.752773, 128.797791, 70.547653,14.030826, 256.855225, 0.992741
5, 696,21,55.110073, 54.989090, 128.797791, 70.547653,14.030826, 256.855225, 1.002200
5, 696,22,227.791473, 228.736343, 128.797791, 70.547653,14.030826, 256.855225, 0.995869
5, 696,23,48.634609, 46.861778, 128.797791, 70.547653,14.030826, 256.855225, 1.037831
5, 696,24,205.001663, 206.303406, 128.797791, 70.547653,14.030826, 256.855225, 0.993690
5, 696,25,126.375999, 126.594154, 128.797791, 70.547653,14.030826, 256.855225, 0.998277
5, 696,26,61.745411, 61.151978, 128.797791, 70.547653,14.030826, 256.855225, 1.009704
5, 696,27,138.626160, 138.172684, 128.797791, 70.547653,14.030826, 256.855225, 1.003282
5, 696,28,207.783340, 208.676132, 128.797791, 70.547653,14.030826, 256.855225, 0.995722
5, 696,29,145.003281, 144.982666, 128.797791, 70.547653,14.030826, 256.855225, 1.000142
5, 696,30,142.815842, 142.979736, 128.797791, 70.547653,14.030826, 256.855225, 0.998854
5, 696,31,103.456902, 103.460205, 128.797791, 70.547653,14.030826, 256.855225, 0.999968
5, 697,0,77.522446, 77.486282, 128.880203, 67.760353,17.535357, 224.304565, 1.000467
5, 697,1,191.496094, 191.564453, 128.880203, 67.760353,17.535357, 224.304565, 0.999643
5, 697,2,147.243576, 147.347214, 128.880203, 67.760353,17.535357, 224.304565, 0.999297
5, 697,3,160.744568, 161.279053, 128.880203, 67.760353,17.535357, 224.304565, 0.996686
5, 697,4,23.830717, 23.481110, 128.880203, 67.760353,17.535357, 224.304565, 1.014889
5, 697,5,208.166504, 207.689316, 128.880203, 67.760353,17.535357, 224.304565, 1.002298
5, 697,6,22.224432, 20.440460, 128.880203, 67.760353,17.535357, 224.304565, 1.087276
5, 697,7,122.337067, 121.838058, 128.880203, 67.760353,17.535357, 224.304565, 1.004096
5, 697,8,64.162933, 62.841377, 128.880203, 67.760353,17.535357, 224.304565, 1.021030
5, 697,9,156.397324, 156.435532, 128.880203, 67.760353,17.535357, 224.304565, 0.999756
5, 697,10,43.156246, 43.056973, 128.880203, 67.760353,17.535357, 224.304565, 1.002306
5, 697,11,17.535357, 19.047951, 128.880203, 67.760353,17.535357, 224.304565, 0.920590
5, 697,12,218.480118, 218.149948, 128.880203, 67.760353,17.535357, 224.304565, 1.001513
5, 697,13,42.790806, 41.624100, 128.880203, 67.760353,17.535357, 224.304565, 1.028030
5, 697,14,97.765999, 99.201355, 128.880203, 67.760353,17.535357, 224.304565, 0.985531
5, 697,15,184.328537, 183.754288, 128.880203, 67.760353,17.535357, 224.304565, 1.003125
5, 697,16,99.755821, 99.288811, 128.880203, 67.760353,17.535357, 224.304565, 1.004704
5, 697,17,218.444366, 218.284500, 128.880203, 67.760353,17.535357, 224.304565, 1.000732
5, 697,18,136.792770, 136.967300, 128.880203, 67.760353,17.535357, 224.304565, 0.998726
5, 697,19,48.784622, 46.777061, 128.880203, 67.760353,17.535357, 224.304565, 1.042918
5, 697,20,171.766983, 171.833862, 128.880203, 67.760353,17.535357, 224.304565, 0.999611
5, 697,21,38.660694, 39.801056, 128.880203, 67.760353,17.535357, 224.304565, 0.971348
5, 697,22,176.494019, 176.515930, 128.880203, 67.760353,17.535357, 224.304565, 0.999876
5, 697,23,125.497276, 126.378845, 128.880203, 67.760353,17.535357, 224.304565, 0.993024
5, 697,24,121.091530, 120.593544, 128.880203, 67.760353,17.535357, 224.304565, 1.004129
5, 697,25,150.509247, 149.614258, 128.880203, 67.760353,17.535357, 224.304565, 1.005982
5, 697,26,184.968857, 185.886795, 128.880203, 67.760353,17.535357, 224.304565, 0.995062
5, 697,27,224.304565, 224.042892, 128.880203, 67.760353,17.535357, 224.304565, 1.001168
5, 697,28,212.207260, 211.873566, 128.880203, 67.760353,17.535357, 224.304565, 1.001575
5, 697,29,185.439255, 185.489883, 128.880203, 67.760353,17.535357, 224.304565, 0.999727
5, 697,30,51.600090, 51.983837, 128.880203, 67.760353,17.535357, 224.304565, 0.992618
5, 697,31,199.665878, 200.430771, 128.880203, 67.760353,17.535357, 224.304565, 0.996184
5, 698,0,224.485016, 224.394363, 128.802673, 65.917625,12.053299, 248.893753, 1.000404
5, 698,1,95.288834, 94.425529, 128.802673, 65.917625,12.053299, 248.893753, 1.009143
5, 698,2,224.349518, 223.435394, 128.802673, 65.917625,12.053299, 248.893753, 1.004091
5, 698,3,123.516136, 124.662331, 128.802673, 65.917625,12.053299, 248.893753, 0.990806
5, 698,4,193.886169, 193.427277, 128.802673, 65.917625,12.053299, 248.893753, 1.002372
5, 698,5,88.810425, 87.587395, 128.802673, 65.917625,12.053299, 248.893753, 1.013964
5, 698,6,38.658070, 37.529583, 128.802673, 65.917625,12.053299, 248.893753, 1.030069
5, 698,7,160.717728, 159.657074, 128.802673, 65.917625,12.053299, 248.893753, 1.006643
5, 698,8,248.893753, 248.353668, 128.802673, 65.917625,12.053299, 248.893753, 1.002175
5, 698,9,42.328072, 42.176861, 128.802673, 65.917625,12.053299, 248.893753, 1.003585
5, 698,10,193.212891, 193.825607, 128.802673, 65.917625,12.053299, 248.893753, 0.996839
5, 698,11,188.713959, 188.101349, 128.802673, 65.917625,12.053299, 248.893753, 1.003257
5, 698,12,140.597092, 140.654877, 128.802673, 65.917625,12.053299, 248.893753, 0.999589
5, 698,13,131.996185, 132.599579, 128.802673, 65.917625,12.053299, 248.893753, 0.995449
5, 698,14,70.910179, 69.632675, 128.802673, 65.917625,12.053299, 248.893753, 1.018346
5, 698,15,80.637093, 80.269775, 128.802673, 65.917625,12.053299, 248.893753, 1.004576
5, 698,16,88.800819, 89.173363, 128.802673, 65.917625,12.053299, 248.893753, 0.995822
5, 698,17,93.904724, 92.411713, 128.802673, 65.917625,12.053299, 248.893753, 1.016156
5, 698,18,139.257095, 140.042603, 128.802673, 65.917625,12.053299, 248.893753, 0.994391
5, 698,19,228.766174, 229.550629, 128.802673, 65.917625,12.053299, 248.893753, 0.996583
5, 698,20,105.815460, 105.010994, 128.802673, 65.917625,12.053299, 248.893753, 1.007661
5, 698,21,62.323692, 61.215939, 128.802673, 65.917625,12.053299, 248.893753, 1.018096
5, 698,22,71.231285, 71.860413, 128.802673, 65.917625,12.053299, 248.893753, 0.991245
5, 698,23,48.910534, 49.369072, 128.802673, 65.917625,12.053299, 248.893753, 0.990712
5, 698,24,57.490990, 59.084095, 128.802673, 65.917625,12.053299, 248.893753, 0.973037
5, 698,25,171.810699, 170.485947, 128.802673, 65.917625,12.053299, 248.893753, 1.007770
5, 698,26,114.696136, 117.034897, 128.802673, 65.917625,12.053299, 248.893753, 0.980017
5, 698,27,106.208344, 107.769852, 128.802673, 65.917625,12.053299, 248.893753, 0.985511
5, 698,28,197.215454, 197.690979, 128.802673, 65.917625,12.053299, 248.893753, 0.997595
5, 698,29,234.320206, 235.724869, 128.802673, 65.917625,12.053299, 248.893753, 0.994041
5, 698,30,12.053299, 12.006443, 128.802673, 65.917625,12.053299, 248.893753, 1.003903
5, 698,31,141.879364, 141.835129, 128.802673, 65.917625,12.053299, 248.893753, 1.000312
5, 699,0,312.848206, 314.352509, 128.390656, 83.510666,10.095621, 312.848206, 0.995215
5, 699,1,97.300430, 97.148621, 128.390656, 83.510666,10.095621, 312.848206, 1.001563
5, 699,2,133.345932, 134.060822, 128.390656, 83.510666,10.095621, 312.848206, 0.994667
5, 699,3,76.168457, 76.289871, 128.390656, 83.510666,10.095621, 312.848206, 0.998408
5, 699,4,193.410522, 194.054062, 128.390656, 83.510666,10.095621, 312.848206, 0.996684
5, 699,5,175.906921, 176.304657, 128.390656, 83.510666,10.095621, 312.848206, 0.997744
5, 699,6,151.621613, 153.515961, 128.390656, 83.510666,10.095621, 312.848206, 0.987660
5, 699,7,53.994503, 53.725388, 128.390656, 83.510666,10.095621, 312.848206, 1.005009
5, 699,8,289.373718, 289.750854, 128.390656, 83.510666,10.095621, 312.848206, 0.998698
5, 699,9,38.183071, 37.974113, 128.390656, 83.510666,10.095621, 312.848206, 1.005503
5, 699,10,64.265083, 62.994862, 128.390656, 83.510666,10.095621, 312.848206, 1.020164
5, 699,11,102.144173, 103.279533, 128.390656, 83.510666,10.095621, 312.848206, 0.989007
5, 699,12,273.279572, 273.785156, 128.390656, 83.510666,10.095621, 312.848206, 0.998153
5, 699,13,10.095621, 10.253424, 128.390656, 83.510666,10.095621, 312.848206, 0.984610
5, 699,14,44.611526, 44.270725, 128.390656, 83.510666,10.095621, 312.848206, 1.007698
5, 699,15,175.156006, 173.828888, 128.390656, 83.510666,10.095621, 312.848206, 1.007635
5, 699,16,251.710236, 254.203262, 128.390656, 83.510666,10.095621, 312.848206, 0.990193
5, 699,17,65.573067, 64.856552, 128.390656, 83.510666,10.095621, 312.848206, 1.011048
5, 699,18,91.815361, 93.132828, 128.390656, 83.510666,10.095621, 312.848206, 0.985854
5, 699,19,65.066498, 66.065193, 128.390656, 83.510666,10.095621, 312.848206, 0.984883
5, 699,20,25.961899, 27.447269, 128.390656, 83.510666,10.095621, 312.848206, 0.945883
5, 699,21,182.259613, 182.572021, 128.390656, 83.510666,10.095621, 312.848206, 0.998289
5, 699,22,80.387337, 80.851501, 128.390656, 83.510666,10.095621, 312.848206, 0.994259
5, 699,23,245.551102, 246.200928, 128.390656, 83.510666,10.095621, 312.848206, 0.997361
5, 699,24,30.331379, 30.946472, 128.390656, 83.510666,10.095621, 312.848206, 0.980124
5, 699,25,89.370422, 90.520607, 128.390656, 83.510666,10.095621, 312.848206, 0.987294
5, 699,26,104.135712, 103.230797, 128.390656, 83.510666,10.095621, 312.848206, 1.008766
5, 699,27,199.314148, 199.882813, 128.390656, 83.510666,10.095621, 312.848206, 0.997155
5, 699,28,93.929451, 93.054848, 128.390656, 83.510666,10.095621, 312.848206, 1.009399
5, 699,29,177.876083, 177.786194, 128.390656, 83.510666,10.095621, 312.848206, 1.000506
5, 699,30,168.363968, 169.091797, 128.390656, 83.510666,10.095621, 312.848206, 0.995696
5, 699,31,45.149525, 45.567085, 128.390656, 83.510666,10.095621, 312.848206, 0.990836
5, 700,0,188.325760, 188.244675, 128.810242, 71.587715,13.224292, 255.510483, 1.000431
5, 700,1,107.053650, 107.435730, 128.810242, 71.587715,13.224292, 255.510483, 0.996444
5, 700,2,31.458567, 32.259094, 128.810242, 71.587715,13.224292, 255.510483, 0.975184
5, 700,3,92.390739, 91.840446, 128.810242, 71.587715,13.224292, 255.510483, 1.005992
5, 700,4,145.891113, 145.699432, 128.810242, 71.587715,13.224292, 255.510483, 1.001316
5, 700,5,215.677551, 216.209763, 128.810242, 71.587715,13.224292, 255.510483, 0.997538
5, 700,6,139.663391, 140.288147, 128.810242, 71.587715,13.224292, 255.510483, 0.995547
5, 700,7,14.949231, 14.011385, 128.810242, 71.587715,13.224292, 255.510483, 1.066935
5, 700,8,89.491760, 89.433617, 128.810242, 71.587715,13.224292, 255.510483, 1.000650
5, 700,9,174.692688, 175.481918, 128.810242, 71.587715,13.224292, 255.510483, 0.995502
5, 700,10,103.298569, 103.588066, 128.810242, 71.587715,13.224292, 255.510483, 0.997205
5, 700,11,13.224292, 12.357712, 128.810242, 71.587715,13.224292, 255.510483, 1.070125
5, 700,12,49.858067, 48.738522, 128.810242, 71.587715,13.224292, 255.510483, 1.022970
5, 700,13,235.598251, 235.947403, 128.810242, 71.587715,13.224292, 255.510483, 0.998520
5, 700,14,166.562744, 166.222977, 128.810242, 71.587715,13.224292, 255.510483, 1.002044
5, 700,15,255.510483, 256.004333, 128.810242, 71.587715,13.224292, 255.510483, 0.998071
5, 700,16,165.666824, 165.527130, 128.810242, 71.587715,13.224292, 255.510483, 1.000844
5, 700,17,35.563065, 35.934834, 128.810242, 71.587715,13.224292, 255.510483, 0.989654
5, 700,18,14.473519, 13.904961, 128.810242, 71.587715,13.224292, 255.510483, 1.040889
5, 700,19,118.223938, 118.217354, 128.810242, 71.587715,13.224292, 255.510483, 1.000056
5, 700,20,189.389084, 188.228302, 128.810242, 71.587715,13.224292, 255.510483, 1.006167
5, 700,21,152.986649, 153.214630, 128.810242, 71.587715,13.224292, 255.510483, 0.998512
5, 700,22,188.566437, 187.884476, 128.810242, 71.587715,13.224292, 255.510483, 1.003630
5, 700,23,138.817993, 138.200592, 128.810242, 71.587715,13.224292, 255.510483, 1.004467
5, 700,24,191.831635, 192.231491, 128.810242, 71.587715,13.224292, 255.510483, 0.997920
5, 700,25,245.938370, 245.419189, 128.810242, 71.587715,13.224292, 255.510483, 1.002115
5, 700,26,52.486702, 51.841202, 128.810242, 71.587715,13.224292, 255.510483, 1.012452
5, 700,27,104.575264, 106.240494, 128.810242, 71.587715,13.224292, 255.510483, 0.984326
5, 700,28,53.706608, 53.879642, 128.810242, 71.587715,13.224292, 255.510483, 0.996789
5, 700,29,124.103600, 125.126755, 128.810242, 71.587715,13.224292, 255.510483, 0.991823
5, 700,30,100.339203, 99.593063, 128.810242, 71.587715,13.224292, 255.510483, 1.007492
5, 700,31,221.611954, 221.792953, 128.810242, 71.587715,13.224292, 255.510483, 0.999184
5, 701,0,159.602951, 159.763748, 128.753067, 71.042145,20.771320, 251.330078, 0.998994
5, 701,1,53.955162, 53.386810, 128.753067, 71.042145,20.771320, 251.330078, 1.010646
5, 701,2,154.622910, 154.231628, 128.753067, 71.042145,20.771320, 251.330078, 1.002537
5, 701,3,64.365364, 65.336838, 128.753067, 71.042145,20.771320, 251.330078, 0.985131
5, 701,4,123.019127, 123.626205, 128.753067, 71.042145,20.771320, 251.330078, 0.995089
5, 701,5,166.311737, 167.580215, 128.753067, 71.042145,20.771320, 251.330078, 0.992431
5, 701,6,216.254150, 216.491394, 128.753067, 71.042145,20.771320, 251.330078, 0.998904
5, 701,7,198.853043, 198.131241, 128.753067, 71.042145,20.771320, 251.330078, 1.003643
5, 701,8,23.118862, 20.170727, 128.753067, 71.042145,20.771320, 251.330078, 1.146159
5, 701,9,161.347183, 160.556290, 128.753067, 71.042145,20.771320, 251.330078, 1.004926
5, 701,10,251.330078, 251.447922, 128.753067, 71.042145,20.771320, 251.330078, 0.999531
5, 701,11,65.368301, 66.074966, 128.753067, 71.042145,20.771320, 251.330078, 0.989305
5, 701,12,199.800674, 200.003769, 128.753067, 71.042145,20.771320, 251.330078, 0.998985
5, 701,13,145.410858, 145.187515, 128.753067, 71.042145,20.771320, 251.330078, 1.001538
5, 701,14,118.220085, 117.985291, 128.753067, 71.042145,20.771320, 251.330078, 1.001990
5, 701,15,136.243286, 136.407593, 128.753067, 71.042145,20.771320, 251.330078, 0.998795
5, 701,16,23.508017, 20.908863, 128.753067, 71.042145,20.771320, 251.330078, 1.124309
5, 701,17,151.738419, 151.675339, 128.753067, 71.042145,20.771320, 251.330078, 1.000416
5, 701,18,194.272018, 195.567200, 128.753067, 71.042145,20.771320, 251.330078, 0.993377
5, 701,19,22.302788, 24.762703, 128.753067, 71.042145,20.771320, 251.330078, 0.900660
5, 701,20,28.702650, 28.896263, 128.753067, 71.042145,20.771320, 251.330078, 0.993300
5, 701,21,236.197144, 235.853836, 128.753067, 71.042145,20.771320, 251.330078, 1.001456
5, 701,22,200.677917, 199.957153, 128.753067, 71.042145,20.771320, 251.330078, 1.003605
5, 701,23,42.966530, 42.889751, 128.753067, 71.042145,20.771320, 251.330078, 1.001790
5, 701,24,20.771320, 20.341663, 128.753067, 71.042145,20.771320, 251.330078, 1.021122
5, 701,25,213.962387, 214.043884, 128.753067, 71.042145,20.771320, 251.330078, 0.999619
5, 701,26,138.577515, 137.829483, 128.753067, 71.042145,20.771320, 251.330078, 1.005427
5, 701,27,148.087082, 149.033600, 128.753067, 71.042145,20.771320, 251.330078, 0.993649
5, 701,28,58.621948, 58.476059, 128.753067, 71.042145,20.771320, 251.330078, 1.002495
5, 701,29,209.755859, 209.933640, 128.753067, 71.042145,20.771320, 251.330078, 0.999153
5, 701,30,96.898064, 98.164429, 128.753067, 71.042145,20.771320, 251.330078, 0.987100
5, 701,31,95.234680, 96.284126, 128.753067, 71.042145,20.771320, 251.330078, 0.989101
5, 702,0,179.194351, 180.089127, 128.857788, 79.223885,14.281718, 249.598984, 0.995031
5, 702,1,17.720776, 16.276983, 128.857788, 79.223885,14.281718, 249.598984, 1.088701
5, 702,2,33.220222, 33.201759, 128.857788, 79.223885,14.281718, 249.598984, 1.000556
5, 702,3,113.858368, 113.946243, 128.857788, 79.223885,14.281718, 249.598984, 0.999229
5, 702,4,59.466972, 59.404255, 128.857788, 79.223885,14.281718, 249.598984, 1.001056
5, 702,5,231.253448, 231.205963, 128.857788, 79.223885,14.281718, 249.598984, 1.000205
5, 702,6,50.472855, 51.414688, 128.857788, 79.223885,14.281718, 249.598984, 0.981682
5, 702,7,88.801613, 89.448883, 128.857788, 79.223885,14.281718, 249.598984, 0.992764
5, 702,8,86.142982, 84.869591, 128.857788, 79.223885,14.281718, 249.598984, 1.015004
5, 702,9,171.508026, 171.652786, 128.857788, 79.223885,14.281718, 249.598984, 0.999157
5, 702,10,73.231186, 73.291061, 128.857788, 79.223885,14.281718, 249.598984, 0.999183
5, 702,11,80.573242, 80.997673, 128.857788, 79.223885,14.281718, 249.598984, 0.994760
5, 702,12,202.979385, 202.263321, 128.857788, 79.223885,14.281718, 249.598984, 1.003540
5, 702,13,217.428421, 216.738373, 128.857788, 79.223885,14.281718, 249.598984, 1.003184
5, 702,14,141.385742, 142.017685, 128.857788, 79.223885,14.281718, 249.598984, 0.995550
5, 702,15,199.843414, 199.307266, 128.857788, 79.223885,14.281718, 249.598984, 1.002690
5, 702,16,212.781403, 212.479263, 128.857788, 79.223885,14.281718, 249.598984, 1.001422
5, 702,17,198.909348, 198.599899, 128.857788, 79.223885,14.281718, 249.598984, 1.001558
5, 702,18,249.598984, 250.900650, 128.857788, 79.223885,14.281718, 249.598984, 0.994812
5, 702,19,166.475174, 165.308807, 128.857788, 79.223885,14.281718, 249.598984, 1.007056
5, 702,20,19.821739, 20.275490, 128.857788, 79.223885,14.281718, 249.598984, 0.977621
5, 702,21,150.366684, 150.498703, 128.857788, 79.223885,14.281718, 249.598984, 0.999123
5, 702,22,204.515976, 203.536591, 128.857788, 79.223885,14.281718, 249.598984, 1.004812
5, 702,23,246.736298, 248.100937, 128.857788, 79.223885,14.281718, 249.598984, 0.994500
5, 702,24,144.503204, 144.698257, 128.857788, 79.223885,14.281718, 249.598984, 0.998652
5, 702,25,27.418362, 26.046143, 128.857788, 79.223885,14.281718, 249.598984, 1.052684
5, 702,26,121.039108, 120.647652, 128.857788, 79.223885,14.281718, 249.598984, 1.003245
5, 702,27,18.541189, 18.935207, 128.857788, 79.223885,14.281718, 249.598984, 0.979191
5, 702,28,241.371628, 241.838852, 128.857788, 79.223885,14.281718, 249.598984, 0.998068
5, 702,29,14.281718, 13.618759, 128.857788, 79.223885,14.281718, 249.598984, 1.048680
5, 702,30,136.655502, 137.244812, 128.857788, 79.223885,14.281718, 249.598984, 0.995706
5, 702,31,23.352276, 22.144436, 128.857788, 79.223885,14.281718, 249.598984, 1.054544
5, 703,0,95.026962, 95.221916, 128.641586, 70.124138,12.558785, 239.593170, 0.997953
5, 703,1,17.505140, 19.608009, 128.641586, 70.124138,12.558785, 239.593170, 0.892755
5, 703,2,143.399948, 143.739563, 128.641586, 70.124138,12.558785, 239.593170, 0.997637
5, 703,3,111.191200, 112.204498, 128.641586, 70.124138,12.558785, 239.593170, 0.990969
5, 703,4,122.328079, 121.770363, 128.641586, 70.124138,12.558785, 239.593170, 1.004580
5, 703,5,182.077469, 182.192657, 128.641586, 70.124138,12.558785, 239.593170, 0.999368
5, 703,6,116.652588, 116.432587, 128.641586, 70.124138,12.558785, 239.593170, 1.001889
5, 703,7,83.180893, 84.377792, 128.641586, 70.124138,12.558785, 239.593170, 0.985815
5, 703,8,173.023132, 171.685654, 128.641586, 70.124138,12.558785, 239.593170, 1.007790
5, 703,9,71.219513, 70.618958, 128.641586, 70.124138,12.558785, 239.593170, 1.008504
5, 703,10,64.054977, 63.743046, 128.641586, 70.124138,12.558785, 239.593170, 1.004894
5, 703,11,150.617706, 151.921829, 128.641586, 70.124138,12.558785, 239.593170, 0.991416
5, 703,12,84.844543, 86.484810, 128.641586, 70.124138,12.558785, 239.593170, 0.981034
5, 703,13,206.808899, 206.346130, 128.641586, 70.124138,12.558785, 239.593170, 1.002243
5, 703,14,239.593170, 239.637039, 128.641586, 70.124138,12.558785, 239.593170, 0.999817
5, 703,15,195.701935, 196.681931, 128.641586, 70.124138,12.558785, 239.593170, 0.995017
5, 703,16,15.880332, 15.309689, 128.641586, 70.124138,12.558785, 239.593170, 1.037273
5, 703,17,181.906204, 182.473602, 128.641586, 70.124138,12.558785, 239.593170, 0.996891
5, 703,18,16.511627, 17.023399, 128.641586, 70.124138,12.558785, 239.593170, 0.969937
5, 703,19,163.490616, 163.657913, 128.641586, 70.124138,12.558785, 239.593170, 0.998978
5, 703,20,64.365120, 63.483181, 128.641586, 70.124138,12.558785, 239.593170, 1.013893
5, 703,21,208.379517, 207.273209, 128.641586, 70.124138,12.558785, 239.593170, 1.005337
5, 703,22,75.315002, 75.191185, 128.641586, 70.124138,12.558785, 239.593170, 1.001647
5, 703,23,201.626877, 201.394638, 128.641586, 70.124138,12.558785, 239.593170, 1.001153
5, 703,24,17.074709, 15.183268, 128.641586, 70.124138,12.558785, 239.593170, 1.124574
5, 703,25,121.526299, 123.722870, 128.641586, 70.124138,12.558785, 239.593170, 0.982246
5, 703,26,192.242966, 191.751511, 128.641586, 70.124138,12.558785, 239.593170, 1.002563
5, 703,27,179.548599, 180.703705, 128.641586, 70.124138,12.558785, 239.593170, 0.993608
5, 703,28,231.359894, 230.668167, 128.641586, 70.124138,12.558785, 239.593170, 1.002999
5, 703,29,198.352005, 198.753845, 128.641586, 70.124138,12.558785, 239.593170, 0.997978
5, 703,30,12.558785, 10.575918, 128.641586, 70.124138,12.558785, 239.593170, 1.187489
5, 703,31,179.165939, 181.167252, 128.641586, 70.124138,12.558785, 239.593170, 0.988953
5, 704,0,101.568420, 102.591629, 129.004990, 68.727783,13.314006, 233.266022, 0.990026
5, 704,1,36.002449, 36.427029, 129.004990, 68.727783,13.314006, 233.266022, 0.988344
5, 704,2,149.390671, 149.688797, 129.004990, 68.727783,13.314006, 233.266022, 0.998008
5, 704,3,203.365372, 202.111633, 129.004990, 68.727783,13.314006, 233.266022, 1.006203
5, 704,4,225.298538, 225.067291, 129.004990, 68.727783,13.314006, 233.266022, 1.001027
5, 704,5,137.570724, 137.499451, 129.004990, 68.727783,13.314006, 233.266022, 1.000518
5, 704,6,185.805725, 185.710632, 129.004990, 68.727783,13.314006, 233.266022, 1.000512
5, 704,7,201.927551, 200.983246, 129.004990, 68.727783,13.314006, 233.266022, 1.004698
5, 704,8,65.678986, 66.289497, 129.004990, 68.727783,13.314006, 233.266022, 0.990790
5, 704,9,152.542297, 153.188934, 129.004990, 68.727783,13.314006, 233.266022, 0.995779
5, 704,10,123.344780, 122.658058, 129.004990, 68.727783,13.314006, 233.266022, 1.005599
5, 704,11,157.733170, 157.041229, 129.004990, 68.727783,13.314006, 233.266022, 1.004406
5, 704,12,94.155937, 92.019379, 129.004990, 68.727783,13.314006, 233.266022, 1.023219
5, 704,13,219.984604, 219.935669, 129.004990, 68.727783,13.314006, 233.266022, 1.000222
5, 704,14,13.314006, 13.615120, 129.004990, 68.727783,13.314006, 233.266022, 0.977884
5, 704,15,54.415039, 54.617619, 129.004990, 68.727783,13.314006, 233.266022, 0.996291
5, 704,16,36.269264, 36.139542, 129.004990, 68.727783,13.314006, 233.266022, 1.003590
5, 704,17,73.999512, 73.634735, 129.004990, 68.727783,13.314006, 233.266022, 1.004954
5, 704,18,189.302994, 187.830841, 129.004990, 68.727783,13.314006, 233.266022, 1.007838
5, 704,19,178.025742, 177.481369, 129.004990, 68.727783,13.314006, 233.266022, 1.003067
5, 704,20,61.559341, 60.776981, 129.004990, 68.727783,13.314006, 233.266022, 1.012873
5, 704,21,73.048576, 73.455055, 129.004990, 68.727783,13.314006, 233.266022, 0.994466
5, 704,22,210.289856, 210.477448, 129.004990, 68.727783,13.314006, 233.266022, 0.999109
5, 704,23,18.603420, 19.774479, 129.004990, 68.727783,13.314006, 233.266022, 0.940779
5, 704,24,166.819061, 167.096008, 129.004990, 68.727783,13.314006, 233.266022, 0.998343
5, 704,25,174.210449, 172.809753, 129.004990, 68.727783,13.314006, 233.266022, 1.008105
5, 704,26,233.266022, 232.937180, 129.004990, 68.727783,13.314006, 233.266022, 1.001412
5, 704,27,150.765640, 152.261780, 129.004990, 68.727783,13.314006, 233.266022, 0.990174
5, 704,28,161.381943, 160.340103, 129.004990, 68.727783,13.314006, 233.266022, 1.006498
5, 704,29,54.279663, 53.561115, 129.004990, 68.727783,13.314006, 233.266022, 1.013415
5, 704,30,30.970657, 30.813889, 129.004990, 68.727783,13.314006, 233.266022, 1.005088
5, 704,31,193.269440, 192.164658, 129.004990, 68.727783,13.314006, 233.266022, 1.005749
5, 705,0,254.140030, 255.066071, 128.751511, 82.641701,12.210055, 264.542236, 0.996369
5, 705,1,244.175247, 243.519760, 128.751511, 82.641701,12.210055, 264.542236, 1.002692
5, 705,2,99.957428, 101.143959, 128.751511, 82.641701,12.210055, 264.542236, 0.988269
5, 705,3,39.903408, 39.787598, 128.751511, 82.641701,12.210055, 264.542236, 1.002911
5, 705,4,12.210055, 12.257702, 128.751511, 82.641701,12.210055, 264.542236, 0.996113
5, 705,5,256.906158, 257.058167, 128.751511, 82.641701,12.210055, 264.542236, 0.999409
5, 705,6,70.271194, 69.840805, 128.751511, 82.641701,12.210055, 264.542236, 1.006162
5, 705,7,112.438789, 112.260597, 128.751511, 82.641701,12.210055, 264.542236, 1.001587
5, 705,8,95.603035, 95.612968, 128.751511, 82.641701,12.210055, 264.542236, 0.999896
5, 705,9,187.049515, 187.069412, 128.751511, 82.641701,12.210055, 264.542236, 0.999894
5, 705,10,77.408951, 75.996750, 128.751511, 82.641701,12.210055, 264.542236, 1.018582
5, 705,11,207.191605, 207.701202, 128.751511, 82.641701,12.210055, 264.542236, 0.997546
5, 705,12,192.719116, 192.014481, 128.751511, 82.641701,12.210055, 264.542236, 1.003670
5, 705,13,159.344330, 160.125412, 128.751511, 82.641701,12.210055, 264.542236, 0.995122
5, 705,14,256.980408, 258.534637, 128.751511, 82.641701,12.210055, 264.542236, 0.993988
5, 705,15,15.615788, 17.476194, 128.751511, 82.641701,12.210055, 264.542236, 0.893546
5, 705,16,264.542236, 263.026611, 128.751511, 82.641701,12.210055, 264.542236, 1.005762
5, 705,17,242.007050, 240.644897, 128.751511, 82.641701,12.210055, 264.542236, 1.005660
5, 705,18,193.386017, 192.803513, 128.751511, 82.641701,12.210055, 264.542236, 1.003021
5, 705,19,101.683273, 101.667366, 128.751511, 82.641701,12.210055, 264.542236, 1.000157
5, 705,20,128.700684, 129.955048, 128.751511, 82.641701,12.210055, 264.542236, 0.990348
5, 705,21,172.187881, 171.835800, 128.751511, 82.641701,12.210055, 264.542236, 1.002049
5, 705,22,83.989975, 83.840111, 128.751511, 82.641701,12.210055, 264.542236, 1.001788
5, 705,23,132.982193, 133.298615, 128.751511, 82.641701,12.210055, 264.542236, 0.997626
5, 705,24,37.174110, 37.389275, 128.751511, 82.641701,12.210055, 264.542236, 0.994245
5, 705,25,21.479477, 21.061956, 128.751511, 82.641701,12.210055, 264.542236, 1.019823
5, 705,26,13.885750, 14.148233, 128.751511, 82.641701,12.210055, 264.542236, 0.981448
5, 705,27,163.808975, 162.953415, 128.751511, 82.641701,12.210055, 264.542236, 1.005250
5, 705,28,91.113998, 91.206940, 128.751511, 82.641701,12.210055, 264.542236, 0.998981
5, 705,29,106.048065, 105.768723, 128.751511, 82.641701,12.210055, 264.542236, 1.002641
5, 705,30,70.101196, 70.004852, 128.751511, 82.641701,12.210055, 264.542236, 1.001376
5, 705,31,15.042040, 15.929396, 128.751511, 82.641701,12.210055, 264.542236, 0.944294
5, 706,0,150.143753, 149.218643, 128.809311, 65.802788,20.520603, 217.615585, 1.006200
5, 706,1,199.359039, 199.210571, 128.809311, 65.802788,20.520603, 217.615585, 1.000745
5, 706,2,168.668274, 168.218781, 128.809311, 65.802788,20.520603, 217.615585, 1.002672
5, 706,3,211.116837, 210.719955, 128.809311, 65.802788,20.520603, 217.615585, 1.001884
5, 706,4,52.571091, 52.649052, 128.809311, 65.802788,20.520603, 217.615585, 0.998519
5, 706,5,217.142426, 216.397491, 128.809311, 65.802788,20.520603, 217.615585, 1.003442
5, 706,6,71.824760, 72.125000, 128.809311, 65.802788,20.520603, 217.615585, 0.995837
5, 706,7,59.038612, 58.596642, 128.809311, 65.802788,20.520603, 217.615585, 1.007543
5, 706,8,179.505005, 181.361359, 128.809311, 65.802788,20.520603, 217.615585, 0.989764
5, 706,9,72.067574, 71.340561, 128.809311, 65.802788,20.520603, 217.615585, 1.010191
5, 706,10,115.291885, 113.680984, 128.809311, 65.802788,20.520603, 217.615585, 1.014170
5, 706,11,127.933975, 125.878372, 128.809311, 65.802788,20.520603, 217.615585, 1.016330
5, 706,12,52.518185, 52.591183, 128.809311, 65.802788,20.520603, 217.615585, 0.998612
5, 706,13,189.432022, 187.771881, 128.809311, 65.802788,20.520603, 217.615585, 1.008841
5, 706,14,93.512207, 93.819237, 128.809311, 65.802788,20.520603, 217.615585, 0.996727
5, 706,15,214.819656, 216.493942, 128.809311, 65.802788,20.520603, 217.615585, 0.992266
5, 706,16,210.254013, 211.497971, 128.809311, 65.802788,20.520603, 217.615585, 0.994118
5, 706,17,217.615585, 218.320007, 128.809311, 65.802788,20.520603, 217.615585, 0.996773
5, 706,18,34.972359, 34.594093, 128.809311, 65.802788,20.520603, 217.615585, 1.010934
5, 706,19,59.989223, 58.628796, 128.809311, 65.802788,20.520603, 217.615585, 1.023204
5, 706,20,88.637894, 88.881134, 128.809311, 65.802788,20.520603, 217.615585, 0.997263
5, 706,21,20.520603, 19.754049, 128.809311, 65.802788,20.520603, 217.615585, 1.038805
5, 706,22,123.989777, 124.264481, 128.809311, 65.802788,20.520603, 217.615585, 0.997789
5, 706,23,127.997932, 127.903763, 128.809311, 65.802788,20.520603, 217.615585, 1.000736
5, 706,24,85.999168, 87.948807, 128.809311, 65.802788,20.520603, 217.615585, 0.977832
5, 706,25,161.365295, 161.094528, 128.809311, 65.802788,20.520603, 217.615585, 1.001681
5, 706,26,166.981155, 167.337891, 128.809311, 65.802788,20.520603, 217.615585, 0.997868
5, 706,27,163.058792, 163.203506, 128.809311, 65.802788,20.520603, 217.615585, 0.999113
5, 706,28,58.362057, 58.468044, 128.809311, 65.802788,20.520603, 217.615585, 0.998187
5, 706,29,205.402649, 206.733459, 128.809311, 65.802788,20.520603, 217.615585, 0.993563
5, 706,30,20.977331, 21.001436, 128.809311, 65.802788,20.520603, 217.615585, 0.998852
5, 706,31,200.828873, 201.293823, 128.809311, 65.802788,20.520603, 217.615585, 0.997690
5, 707,0,105.891655, 105.915421, 128.906967, 51.948559,15.527411, 196.786392, 0.999776
5, 707,1,67.748528, 68.061356, 128.906967, 51.948559,15.527411, 196.786392, 0.995404
5, 707,2,70.337112, 69.560760, 128.906967, 51.948559,15.527411, 196.786392, 1.011161
5, 707,3,191.009064, 191.905975, 128.906967, 51.948559,15.527411, 196.786392, 0.995326
5, 707,4,166.040314, 166.889069, 128.906967, 51.948559,15.527411, 196.786392, 0.994914
5, 707,5,168.418243, 166.150909, 128.906967, 51.948559,15.527411, 196.786392, 1.013646
5, 707,6,94.899422, 95.979019, 128.906967, 51.948559,15.527411, 196.786392, 0.988752
5, 707,7,194.879776, 194.726013, 128.906967, 51.948559,15.527411, 196.786392, 1.000790
5, 707,8,182.103287, 181.271759, 128.906967, 51.948559,15.527411, 196.786392, 1.004587
5, 707,9,191.841049, 192.194321, 128.906967, 51.948559,15.527411, 196.786392, 0.998162
5, 707,10,154.317368, 153.158035, 128.906967, 51.948559,15.527411, 196.786392, 1.007570
5, 707,11,100.725418, 100.361877, 128.906967, 51.948559,15.527411, 196.786392, 1.003622
5, 707,12,106.693329, 106.249901, 128.906967, 51.948559,15.527411, 196.786392, 1.004173
5, 707,13,169.799942, 170.631805, 128.906967, 51.948559,15.527411, 196.786392, 0.995125
5, 707,14,196.786392, 196.306137, 128.906967, 51.948559,15.527411, 196.786392, 1.002446
5, 707,15,52.477936, 52.127354, 128.906967, 51.948559,15.527411, 196.786392, 1.006726
5, 707,16,146.873993, 146.456879, 128.906967, 51.948559,15.527411, 196.786392, 1.002848
5, 707,17,134.491013, 135.021072, 128.906967, 51.948559,15.527411, 196.786392, 0.996074
5, 707,18,166.036194, 166.554596, 128.906967, 51.948559,15.527411, 196.786392, 0.996888
5, 707,19,195.286133, 195.723663, 128.906967, 51.948559,15.527411, 196.786392, 0.997765
5, 707,20,52.455120, 52.012012, 128.906967, 51.948559,15.527411, 196.786392, 1.008519
5, 707,21,179.728104, 178.901566, 128.906967, 51.948559,15.527411, 196.786392, 1.004620
5, 707,22,145.312912, 145.430359, 128.906967, 51.948559,15.527411, 196.786392, 0.999192
5, 707,23,50.367634, 50.449177, 128.906967, 51.948559,15.527411, 196.786392, 0.998384
5, 707,24,177.288589, 178.140335, 128.906967, 51.948559,15.527411, 196.786392, 0.995219
5, 707,25,135.446518, 135.003769, 128.906967, 51.948559,15.527411, 196.786392, 1.003280
5, 707,26,112.566521, 112.576210, 128.906967, 51.948559,15.527411, 196.786392, 0.999914
5, 707,27,15.527411, 15.553545, 128.906967, 51.948559,15.527411, 196.786392, 0.998320
5, 707,28,107.116859, 107.812737, 128.906967, 51.948559,15.527411, 196.786392, 0.993545
5, 707,29,140.694504, 140.620743, 128.906967, 51.948559,15.527411, 196.786392, 1.000525
5, 707,30,69.979164, 68.499634, 128.906967, 51.948559,15.527411, 196.786392, 1.021599
5, 707,31,81.883110, 80.754349, 128.906967, 51.948559,15.527411, 196.786392, 1.013978
5, 708,0,248.811707, 248.580231, 128.733185, 79.256851,17.221107, 254.140839, 1.000931
5, 708,1,51.772846, 51.666157, 128.733185, 79.256851,17.221107, 254.140839, 1.002065
5, 708,2,72.815750, 73.665756, 128.733185, 79.256851,17.221107, 254.140839, 0.988461
5, 708,3,225.361557, 224.215500, 128.733185, 79.256851,17.221107, 254.140839, 1.005111
5, 708,4,45.385204, 45.372540, 128.733185, 79.256851,17.221107, 254.140839, 1.000279
5, 708,5,17.221107, 17.343891, 128.733185, 79.256851,17.221107, 254.140839, 0.992921
5, 708,6,114.289032, 114.049149, 128.733185, 79.256851,17.221107, 254.140839, 1.002103
5, 708,7,232.380859, 231.864044, 128.733185, 79.256851,17.221107, 254.140839, 1.002229
5, 708,8,75.773018, 75.798370, 128.733185, 79.256851,17.221107, 254.140839, 0.999665
5, 708,9,22.775286, 23.092329, 128.733185, 79.256851,17.221107, 254.140839, 0.986271
5, 708,10,84.998795, 85.379105, 128.733185, 79.256851,17.221107, 254.140839, 0.995546
5, 708,11,40.263550, 38.605896, 128.733185, 79.256851,17.221107, 254.140839, 1.042938
5, 708,12,70.613274, 69.528809, 128.733185, 79.256851,17.221107, 254.140839, 1.015597
5, 708,13,28.272739, 29.281721, 128.733185, 79.256851,17.221107, 254.140839, 0.965542
5, 708,14,161.441223, 162.650314, 128.733185, 79.256851,17.221107, 254.140839, 0.992566
5, 708,15,131.425720, 133.467148, 128.733185, 79.256851,17.221107, 254.140839, 0.984705
5, 708,16,115.713013, 114.874924, 128.733185, 79.256851,17.221107, 254.140839, 1.007296
5, 708,17,228.946320, 227.783234, 128.733185, 79.256851,17.221107, 254.140839, 1.005106
5, 708,18,107.283028, 107.474915, 128.733185, 79.256851,17.221107, 254.140839, 0.998215
5, 708,19,88.904381, 88.537933, 128.733185, 79.256851,17.221107, 254.140839, 1.004139
5, 708,20,65.526871, 64.622192, 128.733185, 79.256851,17.221107, 254.140839, 1.013999
5, 708,21,229.881332, 230.164383, 128.733185, 79.256851,17.221107, 254.140839, 0.998770
5, 708,22,28.671869, 28.792662, 128.733185, 79.256851,17.221107, 254.140839, 0.995805
5, 708,23,249.445953, 250.368103, 128.733185, 79.256851,17.221107, 254.140839, 0.996317
5, 708,24,142.267868, 143.063919, 128.733185, 79.256851,17.221107, 254.140839, 0.994436
5, 708,25,168.618362, 169.232544, 128.733185, 79.256851,17.221107, 254.140839, 0.996371
5, 708,26,130.681656, 132.216431, 128.733185, 79.256851,17.221107, 254.140839, 0.988392
5, 708,27,159.813385, 160.229065, 128.733185, 79.256851,17.221107, 254.140839, 0.997406
5, 708,28,70.153938, 69.665100, 128.733185, 79.256851,17.221107, 254.140839, 1.007017
5, 708,29,210.123901, 208.413315, 128.733185, 79.256851,17.221107, 254.140839, 1.008208
5, 708,30,254.140839, 254.464966, 128.733185, 79.256851,17.221107, 254.140839, 0.998726
5, 708,31,245.687103, 246.535812, 128.733185, 79.256851,17.221107, 254.140839, 0.996557
5, 709,0,166.859299, 166.445938, 128.791031, 70.676178,16.042599, 238.524994, 1.002483
5, 709,1,66.288521, 68.093430, 128.791031, 70.676178,16.042599, 238.524994, 0.973494
5, 709,2,98.242805, 98.068062, 128.791031, 70.676178,16.042599, 238.524994, 1.001782
5, 709,3,59.753716, 58.708778, 128.791031, 70.676178,16.042599, 238.524994, 1.017799
5, 709,4,72.179565, 70.898277, 128.791031, 70.676178,16.042599, 238.524994, 1.018072
5, 709,5,100.446930, 99.481033, 128.791031, 70.676178,16.042599, 238.524994, 1.009709
5, 709,6,230.210281, 230.261536, 128.791031, 70.676178,16.042599, 238.524994, 0.999777
5, 709,7,140.758881, 140.639908, 128.791031, 70.676178,16.042599, 238.524994, 1.000846
5, 709,8,216.430710, 214.754028, 128.791031, 70.676178,16.042599, 238.524994, 1.007807
5, 709,9,164.268158, 164.013657, 128.791031, 70.676178,16.042599, 238.524994, 1.001552
5, 709,10,232.953720, 233.228073, 128.791031, 70.676178,16.042599, 238.524994, 0.998824
5, 709,11,16.486219, 15.834650, 128.791031, 70.676178,16.042599, 238.524994, 1.041148
5, 709,12,206.153595, 206.754211, 128.791031, 70.676178,16.042599, 238.524994, 0.997095
5, 709,13,70.824242, 70.595993, 128.791031, 70.676178,16.042599, 238.524994, 1.003233
5, 709,14,52.488003, 52.726505, 128.791031, 70.676178,16.042599, 238.524994, 0.995477
5, 709,15,231.727234, 232.187668, 128.791031, 70.676178,16.042599, 238.524994, 0.998017
5, 709,16,127.053413, 126.875771, 128.791031, 70.676178,16.042599, 238.524994, 1.001400
5, 709,17,50.881466, 51.826706, 128.791031, 70.676178,16.042599, 238.524994, 0.981762
5, 709,18,222.625366, 222.479660, 128.791031, 70.676178,16.042599, 238.524994, 1.000655
5, 709,19,214.300171, 216.230255, 128.791031, 70.676178,16.042599, 238.524994, 0.991074
5, 709,20,110.060699, 109.737358, 128.791031, 70.676178,16.042599, 238.524994, 1.002946
5, 709,21,198.168564, 199.717499, 128.791031, 70.676178,16.042599, 238.524994, 0.992244
5, 709,22,16.042599, 15.321482, 128.791031, 70.676178,16.042599, 238.524994, 1.047066
5, 709,23,163.014618, 162.846741, 128.791031, 70.676178,16.042599, 238.524994, 1.001031
5, 709,24,117.226204, 117.463005, 128.791031, 70.676178,16.042599, 238.524994, 0.997984
5, 709,25,24.006351, 24.263256, 128.791031, 70.676178,16.042599, 238.524994, 0.989412
5, 709,26,63.281689, 63.193729, 128.791031, 70.676178,16.042599, 238.524994, 1.001392
5, 709,27,113.731628, 114.433197, 128.791031, 70.676178,16.042599, 238.524994, 0.993869
5, 709,28,81.290237, 81.843513, 128.791031, 70.676178,16.042599, 238.524994, 0.993240
5, 709,29,130.800644, 128.787842, 128.791031, 70.676178,16.042599, 238.524994, 1.015629
5, 709,30,238.524994, 239.315781, 128.791031, 70.676178,16.042599, 238.524994, 0.996696
5, 709,31,124.232452, 123.972504, 128.791031, 70.676178,16.042599, 238.524994, 1.002097
5, 710,0,19.056091, 19.958105, 128.741013, 70.365959,19.056091, 237.366638, 0.954805
5, 710,1,49.454479, 48.743031, 128.741013, 70.365959,19.056091, 237.366638, 1.014596
5, 710,2,64.423668, 65.188568, 128.741013, 70.365959,19.056091, 237.366638, 0.988266
5, 710,3,211.905548, 211.927444, 128.741013, 70.365959,19.056091, 237.366638, 0.999897
5, 710,4,72.081490, 72.772369, 128.741013, 70.365959,19.056091, 237.366638, 0.990506
5, 710,5,236.443527, 237.234711, 128.741013, 70.365959,19.056091, 237.366638, 0.996665
5, 710,6,38.739971, 39.706715, 128.741013, 70.365959,19.056091, 237.366638, 0.975653
5, 710,7,103.382210, 104.343613, 128.741013, 70.365959,19.056091, 237.366638, 0.990786
5, 710,8,72.367340, 72.039124, 128.741013, 70.365959,19.056091, 237.366638, 1.004556
5, 710,9,175.188324, 175.216537, 128.741013, 70.365959,19.056091, 237.366638, 0.999839
5, 710,10,89.731277, 89.902260, 128.741013, 70.365959,19.056091, 237.366638, 0.998098
5, 710,11,203.017914, 202.674637, 128.741013, 70.365959,19.056091, 237.366638, 1.001694
5, 710,12,192.388107, 192.730499, 128.741013, 70.365959,19.056091, 237.366638, 0.998223
5, 710,13,113.901978, 112.870140, 128.741013, 70.365959,19.056091, 237.366638, 1.009142
5, 710,14,230.590820, 229.127167, 128.741013, 70.365959,19.056091, 237.366638, 1.006388
5, 710,15,119.807762, 120.160652, 128.741013, 70.365959,19.056091, 237.366638, 0.997063
5, 710,16,232.988510, 232.576889, 128.741013, 70.365959,19.056091, 237.366638, 1.001770
5, 710,17,53.227650, 53.784931, 128.741013, 70.365959,19.056091, 237.366638, 0.989639
5, 710,18,81.262817, 82.507004, 128.741013, 70.365959,19.056091, 237.366638, 0.984920
5, 710,19,129.605606, 128.798920, 128.741013, 70.365959,19.056091, 237.366638, 1.006263
5, 710,20,218.008560, 217.220749, 128.741013, 70.365959,19.056091, 237.366638, 1.003627
5, 710,21,27.105932, 27.465090, 128.741013, 70.365959,19.056091, 237.366638, 0.986923
5, 710,22,43.797993, 42.925991, 128.741013, 70.365959,19.056091, 237.366638, 1.020314
5, 710,23,237.366638, 237.060120, 128.741013, 70.365959,19.056091, 237.366638, 1.001293
5, 710,24,107.000702, 106.648079, 128.741013, 70.365959,19.056091, 237.366638, 1.003306
5, 710,25,84.009880, 83.491646, 128.741013, 70.365959,19.056091, 237.366638, 1.006207
5, 710,26,58.370773, 58.805885, 128.741013, 70.365959,19.056091, 237.366638, 0.992601
5, 710,27,193.119415, 194.015427, 128.741013, 70.365959,19.056091, 237.366638, 0.995382
5, 710,28,155.785263, 154.525177, 128.741013, 70.365959,19.056091, 237.366638, 1.008155
5, 710,29,155.786636, 157.290558, 128.741013, 70.365959,19.056091, 237.366638, 0.990439
5, 710,30,179.288910, 179.567093, 128.741013, 70.365959,19.056091, 237.366638, 0.998451
5, 710,31,170.506546, 169.720734, 128.741013, 70.365959,19.056091, 237.366638, 1.004630
5, 711,0,177.837112, 178.773376, 128.693344, 83.462791,23.188858, 272.127655, 0.994763
5, 711,1,82.782379, 82.959442, 128.693344, 83.462791,23.188858, 272.127655, 0.997866
5, 711,2,272.127655, 272.740631, 128.693344, 83.462791,23.188858, 272.127655, 0.997753
5, 711,3,167.132690, 168.322571, 128.693344, 83.462791,23.188858, 272.127655, 0.992931
5, 711,4,43.371052, 43.648445, 128.693344, 83.462791,23.188858, 272.127655, 0.993645
5, 711,5,66.945450, 65.734840, 128.693344, 83.462791,23.188858, 272.127655, 1.018417
5, 711,6,27.555122, 28.082569, 128.693344, 83.462791,23.188858, 272.127655, 0.981218
5, 711,7,57.246338, 57.670002, 128.693344, 83.462791,23.188858, 272.127655, 0.992654
5, 711,8,78.041100, 77.697281, 128.693344, 83.462791,23.188858, 272.127655, 1.004425
5, 711,9,248.656311, 249.085388, 128.693344, 83.462791,23.188858, 272.127655, 0.998277
5, 711,10,177.040268, 178.332123, 128.693344, 83.462791,23.188858, 272.127655, 0.992756
5, 711,11,65.272995, 64.811508, 128.693344, 83.462791,23.188858, 272.127655, 1.007120
5, 711,12,110.312935, 109.736023, 128.693344, 83.462791,23.188858, 272.127655, 1.005257
5, 711,13,262.075684, 262.927185, 128.693344, 83.462791,23.188858, 272.127655, 0.996761
5, 711,14,66.556953, 66.813423, 128.693344, 83.462791,23.188858, 272.127655, 0.996161
5, 711,15,98.819550, 97.389549, 128.693344, 83.462791,23.188858, 272.127655, 1.014683
5, 711,16,44.114410, 44.106030, 128.693344, 83.462791,23.188858, 272.127655, 1.000190
5, 711,17,39.447983, 39.824390, 128.693344, 83.462791,23.188858, 272.127655, 0.990548
5, 711,18,23.188858, 21.995125, 128.693344, 83.462791,23.188858, 272.127655, 1.054273
5, 711,19,264.773865, 264.120148, 128.693344, 83.462791,23.188858, 272.127655, 1.002475
5, 711,20,155.320908, 154.595184, 128.693344, 83.462791,23.188858, 272.127655, 1.004694
5, 711,21,37.654446, 37.659058, 128.693344, 83.462791,23.188858, 272.127655, 0.999878
5, 711,22,53.258911, 53.568123, 128.693344, 83.462791,23.188858, 272.127655, 0.994228
5, 711,23,266.971802, 268.352753, 128.693344, 83.462791,23.188858, 272.127655, 0.994854
5, 711,24,125.360352, 125.922913, 128.693344, 83.462791,23.188858, 272.127655, 0.995533
5, 711,25,132.851135, 132.451599, 128.693344, 83.462791,23.188858, 272.127655, 1.003016
5, 711,26,128.316101, 128.300690, 128.693344, 83.462791,23.188858, 272.127655, 1.000120
5, 711,27,219.634705, 220.331406, 128.693344, 83.462791,23.188858, 272.127655, 0.996838
5, 711,28,265.000427, 264.904541, 128.693344, 83.462791,23.188858, 272.127655, 1.000362
5, 711,29,34.291405, 34.529541, 128.693344, 83.462791,23.188858, 272.127655, 0.993103
5, 711,30,160.566925, 159.906372, 128.693344, 83.462791,23.188858, 272.127655, 1.004131
5, 711,31,165.660812, 165.707825, 128.693344, 83.462791,23.188858, 272.127655, 0.999716
5, 712,0,118.372208, 118.417336, 128.617218, 70.235031,10.439661, 235.949066, 0.999619
5, 712,1,169.365295, 171.013702, 128.617218, 70.235031,10.439661, 235.949066, 0.990361
5, 712,2,106.100937, 106.138817, 128.617218, 70.235031,10.439661, 235.949066, 0.999643
5, 712,3,39.776291, 40.184410, 128.617218, 70.235031,10.439661, 235.949066, 0.989844
5, 712,4,166.731659, 166.521561, 128.617218, 70.235031,10.439661, 235.949066, 1.001262
5, 712,5,165.620560, 165.539551, 128.617218, 70.235031,10.439661, 235.949066, 1.000489
5, 712,6,27.132854, 27.390511, 128.617218, 70.235031,10.439661, 235.949066, 0.990593
5, 712,7,53.923084, 54.218006, 128.617218, 70.235031,10.439661, 235.949066, 0.994560
5, 712,8,32.531910, 31.910511, 128.617218, 70.235031,10.439661, 235.949066, 1.019473
5, 712,9,158.559204, 157.321396, 128.617218, 70.235031,10.439661, 235.949066, 1.007868
5, 712,10,162.900940, 161.813522, 128.617218, 70.235031,10.439661, 235.949066, 1.006720
5, 712,11,190.195618, 190.389114, 128.617218, 70.235031,10.439661, 235.949066, 0.998984
5, 712,12,189.475082, 191.433807, 128.617218, 70.235031,10.439661, 235.949066, 0.989768
5, 712,13,88.121208, 87.898628, 128.617218, 70.235031,10.439661, 235.949066, 1.002532
5, 712,14,104.600594, 105.874161, 128.617218, 70.235031,10.439661, 235.949066, 0.987971
5, 712,15,89.118431, 86.833046, 128.617218, 70.235031,10.439661, 235.949066, 1.026319
5, 712,16,171.801071, 172.037506, 128.617218, 70.235031,10.439661, 235.949066, 0.998626
5, 712,17,232.578430, 232.775452, 128.617218, 70.235031,10.439661, 235.949066, 0.999154
5, 712,18,66.857063, 67.736221, 128.617218, 70.235031,10.439661, 235.949066, 0.987021
5, 712,19,235.949066, 237.058640, 128.617218, 70.235031,10.439661, 235.949066, 0.995319
5, 712,20,45.516361, 45.804810, 128.617218, 70.235031,10.439661, 235.949066, 0.993703
5, 712,21,168.533798, 168.109497, 128.617218, 70.235031,10.439661, 235.949066, 1.002524
5, 712,22,229.908447, 230.121948, 128.617218, 70.235031,10.439661, 235.949066, 0.999072
5, 712,23,48.686317, 50.248203, 128.617218, 70.235031,10.439661, 235.949066, 0.968917
5, 712,24,230.704926, 229.836395, 128.617218, 70.235031,10.439661, 235.949066, 1.003779
5, 712,25,83.824875, 84.207405, 128.617218, 70.235031,10.439661, 235.949066, 0.995457
5, 712,26,147.584702, 147.466522, 128.617218, 70.235031,10.439661, 235.949066, 1.000801
5, 712,27,144.961227, 144.680695, 128.617218, 70.235031,10.439661, 235.949066, 1.001939
5, 712,28,224.626663, 225.755157, 128.617218, 70.235031,10.439661, 235.949066, 0.995001
5, 712,29,31.368267, 31.255844, 128.617218, 70.235031,10.439661, 235.949066, 1.003597
5, 712,30,10.439661, 10.264653, 128.617218, 70.235031,10.439661, 235.949066, 1.017050
5, 712,31,179.884323, 180.743210, 128.617218, 70.235031,10.439661, 235.949066, 0.995248
5, 713,0,16.717915, 14.771935, 128.763535, 68.371429,16.717915, 249.362320, 1.131735
5, 713,1,108.265099, 107.202721, 128.763535, 68.371429,16.717915, 249.362320, 1.009910
5, 713,2,19.584005, 18.872932, 128.763535, 68.371429,16.717915, 249.362320, 1.037677
5, 713,3,91.481697, 91.703354, 128.763535, 68.371429,16.717915, 249.362320, 0.997583
5, 713,4,190.211060, 189.976563, 128.763535, 68.371429,16.717915, 249.362320, 1.001234
5, 713,5,94.907822, 94.507721, 128.763535, 68.371429,16.717915, 249.362320, 1.004233
5, 713,6,163.814423, 162.912979, 128.763535, 68.371429,16.717915, 249.362320, 1.005533
5, 713,7,90.268089, 89.057312, 128.763535, 68.371429,16.717915, 249.362320, 1.013595
5, 713,8,125.646545, 125.823067, 128.763535, 68.371429,16.717915, 249.362320, 0.998597
5, 713,9,64.572975, 65.604721, 128.763535, 68.371429,16.717915, 249.362320, 0.984273
5, 713,10,249.362320, 250.285385, 128.763535, 68.371429,16.717915, 249.362320, 0.996312
5, 713,11,85.351677, 85.936325, 128.763535, 68.371429,16.717915, 249.362320, 0.993197
5, 713,12,57.978310, 57.259491, 128.763535, 68.371429,16.717915, 249.362320, 1.012554
5, 713,13,136.212036, 136.950043, 128.763535, 68.371429,16.717915, 249.362320, 0.994611
5, 713,14,60.734501, 61.526337, 128.763535, 68.371429,16.717915, 249.362320, 0.987130
5, 713,15,226.707581, 227.548950, 128.763535, 68.371429,16.717915, 249.362320, 0.996302
5, 713,16,223.768036, 223.764572, 128.763535, 68.371429,16.717915, 249.362320, 1.000015
5, 713,17,158.568741, 158.555679, 128.763535, 68.371429,16.717915, 249.362320, 1.000082
5, 713,18,194.285736, 193.889084, 128.763535, 68.371429,16.717915, 249.362320, 1.002046
5, 713,19,133.534012, 132.954590, 128.763535, 68.371429,16.717915, 249.362320, 1.004358
5, 713,20,128.876358, 129.298370, 128.763535, 68.371429,16.717915, 249.362320, 0.996736
5, 713,21,235.862762, 235.894180, 128.763535, 68.371429,16.717915, 249.362320, 0.999867
5, 713,22,154.972870, 155.909607, 128.763535, 68.371429,16.717915, 249.362320, 0.993992
5, 713,23,195.494720, 195.984818, 128.763535, 68.371429,16.717915, 249.362320, 0.997499
5, 713,24,228.147018, 228.559113, 128.763535, 68.371429,16.717915, 249.362320, 0.998197
5, 713,25,148.498367, 148.491638, 128.763535, 68.371429,16.717915, 249.362320, 1.000045
5, 713,26,18.019087, 19.106630, 128.763535, 68.371429,16.717915, 249.362320, 0.943080
5, 713,27,118.843254, 119.151398, 128.763535, 68.371429,16.717915, 249.362320, 0.997414
5, 713,28,56.360569, 56.935329, 128.763535, 68.371429,16.717915, 249.362320, 0.989905
5, 713,29,51.138927, 50.308899, 128.763535, 68.371429,16.717915, 249.362320, 1.016499
5, 713,30,200.027191, 200.259216, 128.763535, 68.371429,16.717915, 249.362320, 0.998841
5, 713,31,92.219574, 91.997368, 128.763535, 68.371429,16.717915, 249.362320, 1.002415
5, 714,0,36.048771, 36.718922, 128.931519, 73.160858,20.257158, 250.743210, 0.981749
5, 714,1,20.257158, 20.270292, 128.931519, 73.160858,20.257158, 250.743210, 0.999352
5, 714,2,240.675812, 240.236740, 128.931519, 73.160858,20.257158, 250.743210, 1.001828
5, 714,3,21.501919, 20.453953, 128.931519, 73.160858,20.257158, 250.743210, 1.051235
5, 714,4,236.425568, 234.778336, 128.931519, 73.160858,20.257158, 250.743210, 1.007016
5, 714,5,106.561241, 106.304192, 128.931519, 73.160858,20.257158, 250.743210, 1.002418
5, 714,6,86.504974, 85.903183, 128.931519, 73.160858,20.257158, 250.743210, 1.007005
5, 714,7,238.230270, 238.378098, 128.931519, 73.160858,20.257158, 250.743210, 0.999380
5, 714,8,115.605309, 117.331169, 128.931519, 73.160858,20.257158, 250.743210, 0.985291
5, 714,9,170.203033, 168.469574, 128.931519, 73.160858,20.257158, 250.743210, 1.010289
5, 714,10,183.606506, 183.647278, 128.931519, 73.160858,20.257158, 250.743210, 0.999778
5, 714,11,130.744583, 129.195618, 128.931519, 73.160858,20.257158, 250.743210, 1.011989
5, 714,12,152.848740, 152.726212, 128.931519, 73.160858,20.257158, 250.743210, 1.000802
5, 714,13,158.077408, 158.750259, 128.931519, 73.160858,20.257158, 250.743210, 0.995762
5, 714,14,95.789948, 96.922821, 128.931519, 73.160858,20.257158, 250.743210, 0.988312
5, 714,15,215.675644, 216.551880, 128.931519, 73.160858,20.257158, 250.743210, 0.995954
5, 714,16,44.222878, 44.763248, 128.931519, 73.160858,20.257158, 250.743210, 0.987928
5, 714,17,151.223099, 150.559006, 128.931519, 73.160858,20.257158, 250.743210, 1.004411
5, 714,18,244.681839, 245.504120, 128.931519, 73.160858,20.257158, 250.743210, 0.996651
5, 714,19,89.207268, 89.385391, 128.931519, 73.160858,20.257158, 250.743210, 0.998007
5, 714,20,46.482483, 46.416195, 128.931519, 73.160858,20.257158, 250.743210, 1.001428
5, 714,21,39.377316, 38.673069, 128.931519, 73.160858,20.257158, 250.743210, 1.018210
5, 714,22,65.230797, 67.426956, 128.931519, 73.160858,20.257158, 250.743210, 0.967429
5, 714,23,96.553932, 94.726234, 128.931519, 73.160858,20.257158, 250.743210, 1.019295
5, 714,24,125.007454, 124.332298, 128.931519, 73.160858,20.257158, 250.743210, 1.005430
5, 714,25,150.648438, 149.861099, 128.931519, 73.160858,20.257158, 250.743210, 1.005254
5, 714,26,191.013840, 189.032196, 128.931519, 73.160858,20.257158, 250.743210, 1.010483
5, 714,27,153.240326, 153.431458, 128.931519, 73.160858,20.257158, 250.743210, 0.998754
5, 714,28,50.331444, 51.044437, 128.931519, 73.160858,20.257158, 250.743210, 0.986032
5, 714,29,33.812286, 33.545269, 128.931519, 73.160858,20.257158, 250.743210, 1.007960
5, 714,30,185.275024, 185.388382, 128.931519, 73.160858,20.257158, 250.743210, 0.999389
5, 714,31,250.743210, 250.271927, 128.931519, 73.160858,20.257158, 250.743210, 1.001883
5, 715,0,11.430149, 10.991530, 128.625183, 77.650337,10.202079, 237.774796, 1.039905
5, 715,1,42.563770, 42.863174, 128.625183, 77.650337,10.202079, 237.774796, 0.993015
5, 715,2,237.774796, 236.746628, 128.625183, 77.650337,10.202079, 237.774796, 1.004343
5, 715,3,45.754005, 46.993359, 128.625183, 77.650337,10.202079, 237.774796, 0.973627
5, 715,4,217.663940, 217.458145, 128.625183, 77.650337,10.202079, 237.774796, 1.000946
5, 715,5,88.703308, 91.084366, 128.625183, 77.650337,10.202079, 237.774796, 0.973859
5, 715,6,228.428864, 229.891510, 128.625183, 77.650337,10.202079, 237.774796, 0.993638
5, 715,7,10.202079, 10.670531, 128.625183, 77.650337,10.202079, 237.774796, 0.956098
5, 715,8,128.955322, 128.669800, 128.625183, 77.650337,10.202079, 237.774796, 1.002219
5, 715,9,186.912689, 185.993103, 128.625183, 77.650337,10.202079, 237.774796, 1.004944
5, 715,10,183.179443, 182.390778, 128.625183, 77.650337,10.202079, 237.774796, 1.004324
5, 715,11,38.228977, 39.075386, 128.625183, 77.650337,10.202079, 237.774796, 0.978339
5, 715,12,230.035583, 229.135376, 128.625183, 77.650337,10.202079, 237.774796, 1.003929
5, 715,13,30.136387, 31.050406, 128.625183, 77.650337,10.202079, 237.774796, 0.970563
5, 715,14,201.201126, 201.030121, 128.625183, 77.650337,10.202079, 237.774796, 1.000851
5, 715,15,174.635986, 173.538330, 128.625183, 77.650337,10.202079, 237.774796, 1.006325
5, 715,16,128.204605, 127.920792, 128.625183, 77.650337,10.202079, 237.774796, 1.002219
5, 715,17,79.337852, 80.576996, 128.625183, 77.650337,10.202079, 237.774796, 0.984622
5, 715,18,27.302002, 26.392351, 128.625183, 77.650337,10.202079, 237.774796, 1.034467
5, 715,19,103.125900, 102.255135, 128.625183, 77.650337,10.202079, 237.774796, 1.008516
5, 715,20,174.515335, 173.895004, 128.625183, 77.650337,10.202079, 237.774796, 1.003567
5, 715,21,228.036713, 229.442108, 128.625183, 77.650337,10.202079, 237.774796, 0.993875
5, 715,22,71.356995, 71.232361, 128.625183, 77.650337,10.202079, 237.774796, 1.001750
5, 715,23,47.163948, 47.934956, 128.625183, 77.650337,10.202079, 237.774796, 0.983916
5, 715,24,106.836334, 107.633659, 128.625183, 77.650337,10.202079, 237.774796, 0.992592
5, 715,25,147.364120, 146.674271, 128.625183, 77.650337,10.202079, 237.774796, 1.004703
5, 715,26,100.055923, 98.210548, 128.625183, 77.650337,10.202079, 237.774796, 1.018790
5, 715,27,87.099075, 89.094177, 128.625183, 77.650337,10.202079, 237.774796, 0.977607
5, 715,28,74.519188, 74.920280, 128.625183, 77.650337,10.202079, 237.774796, 0.994646
5, 715,29,236.993408, 237.773804, 128.625183, 77.650337,10.202079, 237.774796, 0.996718
5, 715,30,219.734085, 218.984665, 128.625183, 77.650337,10.202079, 237.774796, 1.003422
5, 715,31,228.553497, 230.476440, 128.625183, 77.650337,10.202079, 237.774796, 0.991657
5, 716,0,84.558594, 85.076141, 128.713470, 61.720478,24.957220, 217.487106, 0.993917
5, 716,1,209.537506, 209.665573, 128.713470, 61.720478,24.957220, 217.487106, 0.999389
5, 716,2,119.380463, 118.694695, 128.713470, 61.720478,24.957220, 217.487106, 1.005778
5, 716,3,133.396469, 134.136932, 128.713470, 61.720478,24.957220, 217.487106, 0.994480
5, 716,4,26.684717, 27.213978, 128.713470, 61.720478,24.957220, 217.487106, 0.980552
5, 716,5,209.570648, 209.499863, 128.713470, 61.720478,24.957220, 217.487106, 1.000338
5, 716,6,98.566689, 99.205498, 128.713470, 61.720478,24.957220, 217.487106, 0.993561
5, 716,7,204.844910, 205.650467, 128.713470, 61.720478,24.957220, 217.487106, 0.996083
5, 716,8,122.917007, 123.053963, 128.713470, 61.720478,24.957220, 217.487106, 0.998887
5, 716,9,31.007683, 30.502541, 128.713470, 61.720478,24.957220, 217.487106, 1.016561
5, 716,10,115.762772, 115.227692, 128.713470, 61.720478,24.957220, 217.487106, 1.004644
5, 716,11,217.487106, 218.243881, 128.713470, 61.720478,24.957220, 217.487106, 0.996532
5, 716,12,24.957220, 24.441641, 128.713470, 61.720478,24.957220, 217.487106, 1.021094
5, 716,13,143.811447, 145.404739, 128.713470, 61.720478,24.957220, 217.487106, 0.989042
5, 716,14,150.925354, 150.573380, 128.713470, 61.720478,24.957220, 217.487106, 1.002338
5, 716,15,86.807167, 86.790535, 128.713470, 61.720478,24.957220, 217.487106, 1.000192
5, 716,16,74.446495, 74.547638, 128.713470, 61.720478,24.957220, 217.487106, 0.998643
5, 716,17,200.660309, 201.068130, 128.713470, 61.720478,24.957220, 217.487106, 0.997972
5, 716,18,175.311737, 175.314087, 128.713470, 61.720478,24.957220, 217.487106, 0.999987
5, 716,19,141.143753, 140.988113, 128.713470, 61.720478,24.957220, 217.487106, 1.001104
5, 716,20,131.310608, 130.746399, 128.713470, 61.720478,24.957220, 217.487106, 1.004315
5, 716,21,69.867455, 69.907959, 128.713470, 61.720478,24.957220, 217.487106, 0.999421
5, 716,22,47.539551, 45.702591, 128.713470, 61.720478,24.957220, 217.487106, 1.040194
5, 716,23,197.611038, 198.761047, 128.713470, 61.720478,24.957220, 217.487106, 0.994214
5, 716,24,178.130630, 177.704041, 128.713470, 61.720478,24.957220, 217.487106, 1.002401
5, 716,25,125.110786, 125.182602, 128.713470, 61.720478,24.957220, 217.487106, 0.999426
5, 716,26,63.154099, 61.935101, 128.713470, 61.720478,24.957220, 217.487106, 1.019682
5, 716,27,216.188324, 216.159836, 128.713470, 61.720478,24.957220, 217.487106, 1.000132
5, 716,28,178.154602, 178.914948, 128.713470, 61.720478,24.957220, 217.487106, 0.995750
5, 716,29,41.599442, 41.700233, 128.713470, 61.720478,24.957220, 217.487106, 0.997583
5, 716,30,102.039360, 102.054306, 128.713470, 61.720478,24.957220, 217.487106, 0.999854
5, 716,31,196.347198, 196.931931, 128.713470, 61.720478,24.957220, 217.487106, 0.997031
5, 717,0,67.689102, 67.793823, 128.982178, 71.832375,25.767246, 245.759430, 0.998455
5, 717,1,140.165039, 138.037766, 128.982178, 71.832375,25.767246, 245.759430, 1.015411
5, 717,2,178.070831, 178.011536, 128.982178, 71.832375,25.767246, 245.759430, 1.000333
5, 717,3,82.236290, 81.802032, 128.982178, 71.832375,25.767246, 245.759430, 1.005309
5, 717,4,227.863998, 227.768570, 128.982178, 71.832375,25.767246, 245.759430, 1.000419
5, 717,5,76.037560, 76.294403, 128.982178, 71.832375,25.767246, 245.759430, 0.996634
5, 717,6,215.476456, 214.876389, 128.982178, 71.832375,25.767246, 245.759430, 1.002793
5, 717,7,184.909210, 184.845337, 128.982178, 71.832375,25.767246, 245.759430, 1.000346
5, 717,8,208.362305, 209.477463, 128.982178, 71.832375,25.767246, 245.759430, 0.994676
5, 717,9,25.767246, 25.283659, 128.982178, 71.832375,25.767246, 245.759430, 1.019126
5, 717,10,47.577080, 47.850422, 128.982178, 71.832375,25.767246, 245.759430, 0.994288
5, 717,11,234.794846, 234.812531, 128.982178, 71.832375,25.767246, 245.759430, 0.999925
5, 717,12,186.273422, 185.265656, 128.982178, 71.832375,25.767246, 245.759430, 1.005440
5, 717,13,79.055733, 79.381577, 128.982178, 71.832375,25.767246, 245.759430, 0.995895
5, 717,14,53.335773, 52.937729, 128.982178, 71.832375,25.767246, 245.759430, 1.007519
5, 717,15,94.282211, 94.447823, 128.982178, 71.832375,25.767246, 245.759430, 0.998247
5, 717,16,89.971184, 87.882156, 128.982178, 71.832375,25.767246, 245.759430, 1.023771
5, 717,17,96.758148, 96.310272, 128.982178, 71.832375,25.767246, 245.759430, 1.004650
5, 717,18,146.431351, 145.531036, 128.982178, 71.832375,25.767246, 245.759430, 1.006186
5, 717,19,245.759430, 245.921997, 128.982178, 71.832375,25.767246, 245.759430, 0.999339
5, 717,20,42.252422, 41.857262, 128.982178, 71.832375,25.767246, 245.759430, 1.009441
5, 717,21,95.492027, 94.991348, 128.982178, 71.832375,25.767246, 245.759430, 1.005271
5, 717,22,159.405670, 160.017532, 128.982178, 71.832375,25.767246, 245.759430, 0.996176
5, 717,23,207.866623, 206.593201, 128.982178, 71.832375,25.767246, 245.759430, 1.006164
5, 717,24,39.334305, 40.248451, 128.982178, 71.832375,25.767246, 245.759430, 0.977287
5, 717,25,67.891747, 67.576416, 128.982178, 71.832375,25.767246, 245.759430, 1.004666
5, 717,26,86.108185, 87.092247, 128.982178, 71.832375,25.767246, 245.759430, 0.988701
5, 717,27,222.378098, 221.601471, 128.982178, 71.832375,25.767246, 245.759430, 1.003505
5, 717,28,239.551956, 239.675171, 128.982178, 71.832375,25.767246, 245.759430, 0.999486
5, 717,29,73.200302, 74.033379, 128.982178, 71.832375,25.767246, 245.759430, 0.988747
5, 717,30,176.726700, 176.011398, 128.982178, 71.832375,25.767246, 245.759430, 1.004064
5, 717,31,36.404064, 36.769955, 128.982178, 71.832375,25.767246, 245.759430, 0.990049
5, 718,0,41.391495, 40.448235, 128.809464, 55.728630,35.535568, 225.654678, 1.023320
5, 718,1,181.474380, 180.510101, 128.809464, 55.728630,35.535568, 225.654678, 1.005342
5, 718,2,77.004845, 77.924088, 128.809464, 55.728630,35.535568, 225.654678, 0.988203
5, 718,3,72.223412, 72.361153, 128.809464, 55.728630,35.535568, 225.654678, 0.998096
5, 718,4,174.994705, 174.636917, 128.809464, 55.728630,35.535568, 225.654678, 1.002049
5, 718,5,164.808182, 164.578903, 128.809464, 55.728630,35.535568, 225.654678, 1.001393
5, 718,6,125.316803, 126.294930, 128.809464, 55.728630,35.535568, 225.654678, 0.992255
5, 718,7,225.654678, 227.041077, 128.809464, 55.728630,35.535568, 225.654678, 0.993894
5, 718,8,35.535568, 34.394665, 128.809464, 55.728630,35.535568, 225.654678, 1.033171
5, 718,9,199.987167, 199.868546, 128.809464, 55.728630,35.535568, 225.654678, 1.000594
5, 718,10,127.175232, 128.019379, 128.809464, 55.728630,35.535568, 225.654678, 0.993406
5, 718,11,207.319458, 208.014526, 128.809464, 55.728630,35.535568, 225.654678, 0.996659
5, 718,12,152.157318, 152.031631, 128.809464, 55.728630,35.535568, 225.654678, 1.000827
5, 718,13,81.545029, 81.380180, 128.809464, 55.728630,35.535568, 225.654678, 1.002026
5, 718,14,187.553482, 187.039871, 128.809464, 55.728630,35.535568, 225.654678, 1.002746
5, 718,15,173.954803, 172.674362, 128.809464, 55.728630,35.535568, 225.654678, 1.007415
5, 718,16,184.741821, 184.298080, 128.809464, 55.728630,35.535568, 225.654678, 1.002408
5, 718,17,97.123451, 97.376320, 128.809464, 55.728630,35.535568, 225.654678, 0.997403
5, 718,18,126.400223, 126.258858, 128.809464, 55.728630,35.535568, 225.654678, 1.001120
5, 718,19,125.589935, 126.035187, 128.809464, 55.728630,35.535568, 225.654678, 0.996467
5, 718,20,157.281784, 158.265579, 128.809464, 55.728630,35.535568, 225.654678, 0.993784
5, 718,21,158.129288, 158.417084, 128.809464, 55.728630,35.535568, 225.654678, 0.998183
5, 718,22,121.090179, 120.385666, 128.809464, 55.728630,35.535568, 225.654678, 1.005852
5, 718,23,180.242096, 179.478317, 128.809464, 55.728630,35.535568, 225.654678, 1.004256
5, 718,24,79.923859, 79.345490, 128.809464, 55.728630,35.535568, 225.654678, 1.007289
5, 718,25,56.210968, 57.216408, 128.809464, 55.728630,35.535568, 225.654678, 0.982427
5, 718,26,64.979416, 64.049217, 128.809464, 55.728630,35.535568, 225.654678, 1.014523
5, 718,27,112.069611, 111.720192, 128.809464, 55.728630,35.535568, 225.654678, 1.003128
5, 718,28,213.986237, 213.894943, 128.809464, 55.728630,35.535568, 225.654678, 1.000427
5, 718,29,69.775650, 68.926712, 128.809464, 55.728630,35.535568, 225.654678, 1.012317
5, 718,30,45.974285, 46.761547, 128.809464, 55.728630,35.535568, 225.654678, 0.983164
5, 718,31,100.287270, 101.351913, 128.809464, 55.728630,35.535568, 225.654678, 0.989496
5, 719,0,224.951935, 225.149429, 128.990250, 69.539505,11.291079, 243.441772, 0.999123
5, 719,1,38.410099, 37.572350, 128.990250, 69.539505,11.291079, 243.441772, 1.022297
5, 719,2,172.197662, 171.589508, 128.990250, 69.539505,11.291079, 243.441772, 1.003544
5, 719,3,127.174240, 128.183990, 128.990250, 69.539505,11.291079, 243.441772, 0.992123
5, 719,4,163.904144, 161.824005, 128.990250, 69.539505,11.291079, 243.441772, 1.012854
5, 719,5,178.707260, 177.238983, 128.990250, 69.539505,11.291079, 243.441772, 1.008284
5, 719,6,181.788925, 181.949326, 128.990250, 69.539505,11.291079, 243.441772, 0.999118
5, 719,7,138.071030, 137.443237, 128.990250, 69.539505,11.291079, 243.441772, 1.004568
5, 719,8,114.441231, 114.955414, 128.990250, 69.539505,11.291079, 243.441772, 0.995527
5, 719,9,70.882088, 69.436829, 128.990250, 69.539505,11.291079, 243.441772, 1.020814
5, 719,10,243.441772, 244.328278, 128.990250, 69.539505,11.291079, 243.441772, 0.996372
5, 719,11,145.474594, 145.917450, 128.990250, 69.539505,11.291079, 243.441772, 0.996965
5, 719,12,63.846504, 62.877571, 128.990250, 69.539505,11.291079, 243.441772, 1.015410
5, 719,13,66.158264, 67.558563, 128.990250, 69.539505,11.291079, 243.441772, 0.979273
5, 719,14,236.658539, 236.426361, 128.990250, 69.539505,11.291079, 243.441772, 1.000982
5, 719,15,232.379395, 231.385864, 128.990250, 69.539505,11.291079, 243.441772, 1.004294
5, 719,16,37.908833, 38.614201, 128.990250, 69.539505,11.291079, 243.441772, 0.981733
5, 719,17,115.509094, 114.911392, 128.990250, 69.539505,11.291079, 243.441772, 1.005201
5, 719,18,80.341461, 80.941200, 128.990250, 69.539505,11.291079, 243.441772, 0.992590
5, 719,19,46.363316, 45.503616, 128.990250, 69.539505,11.291079, 243.441772, 1.018893
5, 719,20,63.061207, 63.215073, 128.990250, 69.539505,11.291079, 243.441772, 0.997566
5, 719,21,215.298065, 215.178497, 128.990250, 69.539505,11.291079, 243.441772, 1.000556
5, 719,22,168.199982, 167.495483, 128.990250, 69.539505,11.291079, 243.441772, 1.004206
5, 719,23,224.424500, 222.625519, 128.990250, 69.539505,11.291079, 243.441772, 1.008081
5, 719,24,156.131989, 156.563400, 128.990250, 69.539505,11.291079, 243.441772, 0.997244
5, 719,25,190.095490, 189.543091, 128.990250, 69.539505,11.291079, 243.441772, 1.002914
5, 719,26,67.387428, 67.712639, 128.990250, 69.539505,11.291079, 243.441772, 0.995197
5, 719,27,11.291079, 13.844574, 128.990250, 69.539505,11.291079, 243.441772, 0.815560
5, 719,28,132.369385, 132.688873, 128.990250, 69.539505,11.291079, 243.441772, 0.997592
5, 719,29,81.055458, 80.412941, 128.990250, 69.539505,11.291079, 243.441772, 1.007990
5, 719,30,120.395660, 118.858688, 128.990250, 69.539505,11.291079, 243.441772, 1.012931
5, 719,31,19.367109, 19.053827, 128.990250, 69.539505,11.291079, 243.441772, 1.016442
5, 720,0,225.317810, 225.256134, 128.701492, 91.955406,16.339970, 267.333710, 1.000274
5, 720,1,39.447594, 39.514130, 128.701492, 91.955406,16.339970, 267.333710, 0.998316
5, 720,2,252.422256, 252.204849, 128.701492, 91.955406,16.339970, 267.333710, 1.000862
5, 720,3,17.491962, 17.807425, 128.701492, 91.955406,16.339970, 267.333710, 0.982285
5, 720,4,228.530685, 228.607849, 128.701492, 91.955406,16.339970, 267.333710, 0.999662
5, 720,5,90.404556, 88.677864, 128.701492, 91.955406,16.339970, 267.333710, 1.019472
5, 720,6,32.834671, 33.311073, 128.701492, 91.955406,16.339970, 267.333710, 0.985698
5, 720,7,48.958405, 49.537491, 128.701492, 91.955406,16.339970, 267.333710, 0.988310
5, 720,8,100.916962, 101.631996, 128.701492, 91.955406,16.339970, 267.333710, 0.992964
5, 720,9,38.727840, 38.862846, 128.701492, 91.955406,16.339970, 267.333710, 0.996526
5, 720,10,190.564148, 190.492065, 128.701492, 91.955406,16.339970, 267.333710, 1.000378
5, 720,11,23.894598, 24.892084, 128.701492, 91.955406,16.339970, 267.333710, 0.959928
5, 720,12,26.564064, 26.822100, 128.701492, 91.955406,16.339970, 267.333710, 0.990380
5, 720,13,256.879303, 256.628815, 128.701492, 91.955406,16.339970, 267.333710, 1.000976
5, 720,14,134.723740, 135.117340, 128.701492, 91.955406,16.339970, 267.333710, 0.997087
5, 720,15,47.421143, 46.757637, 128.701492, 91.955406,16.339970, 267.333710, 1.014190
5, 720,16,130.412415, 130.240677, 128.701492, 91.955406,16.339970, 267.333710, 1.001319
5, 720,17,229.931671, 230.776138, 128.701492, 91.955406,16.339970, 267.333710, 0.996341
5, 720,18,107.846725, 108.240112, 128.701492, 91.955406,16.339970, 267.333710, 0.996366
5, 720,19,16.339970, 16.234819, 128.701492, 91.955406,16.339970, 267.333710, 1.006477
5, 720,20,267.333710, 266.993683, 128.701492, 91.955406,16.339970, 267.333710, 1.001274
5, 720,21,28.266684, 29.085695, 128.701492, 91.955406,16.339970, 267.333710, 0.971841
5, 720,22,96.101555, 96.247009, 128.701492, 91.955406,16.339970, 267.333710, 0.998489
5, 720,23,57.139282, 55.700832, 128.701492, 91.955406,16.339970, 267.333710, 1.025825
5, 720,24,215.774979, 215.971420, 128.701492, 91.955406,16.339970, 267.333710, 0.999090
5, 720,25,267.008057, 267.239899, 128.701492, 91.955406,16.339970, 267.333710, 0.999132
5, 720,26,86.599022, 86.724014, 128.701492, 91.955406,16.339970, 267.333710, 0.998559
5, 720,27,33.855747, 33.684372, 128.701492, 91.955406,16.339970, 267.333710, 1.005088
5, 720,28,226.093124, 226.820816, 128.701492, 91.955406,16.339970, 267.333710, 0.996792
5, 720,29,239.045837, 240.140305, 128.701492, 91.955406,16.339970, 267.333710, 0.995442
5, 720,30,111.443527, 111.536224, 128.701492, 91.955406,16.339970, 267.333710, 0.999169
5, 720,31,250.155960, 249.242340, 128.701492, 91.955406,16.339970, 267.333710, 1.003666
5, 721,0,122.301506, 122.436722, 128.835617, 49.113796,34.688442, 188.945755, 0.998896
5, 721,1,171.898514, 172.618683, 128.835617, 49.113796,34.688442, 188.945755, 0.995828
5, 721,2,154.438721, 153.539078, 128.835617, 49.113796,34.688442, 188.945755, 1.005859
5, 721,3,182.633926, 183.918518, 128.835617, 49.113796,34.688442, 188.945755, 0.993015
5, 721,4,73.809021, 72.944321, 128.835617, 49.113796,34.688442, 188.945755, 1.011854
5, 721,5,128.558517, 128.954132, 128.835617, 49.113796,34.688442, 188.945755, 0.996932
5, 721,6,69.569870, 69.785706, 128.835617, 49.113796,34.688442, 188.945755, 0.996907
5, 721,7,173.605713, 172.913406, 128.835617, 49.113796,34.688442, 188.945755, 1.004004
5, 721,8,149.222443, 149.941147, 128.835617, 49.113796,34.688442, 188.945755, 0.995207
5, 721,9,171.031235, 172.079254, 128.835617, 49.113796,34.688442, 188.945755, 0.993910
5, 721,10,86.487114, 86.474098, 128.835617, 49.113796,34.688442, 188.945755, 1.000151
5, 721,11,59.892429, 59.442352, 128.835617, 49.113796,34.688442, 188.945755, 1.007572
5, 721,12,103.773827, 102.945610, 128.835617, 49.113796,34.688442, 188.945755, 1.008045
5, 721,13,109.109062, 110.386154, 128.835617, 49.113796,34.688442, 188.945755, 0.988431
5, 721,14,56.783100, 54.242870, 128.835617, 49.113796,34.688442, 188.945755, 1.046831
5, 721,15,185.650772, 186.315277, 128.835617, 49.113796,34.688442, 188.945755, 0.996433
5, 721,16,41.100250, 39.311733, 128.835617, 49.113796,34.688442, 188.945755, 1.045496
5, 721,17,132.170273, 132.274048, 128.835617, 49.113796,34.688442, 188.945755, 0.999215
5, 721,18,154.246536, 154.312042, 128.835617, 49.113796,34.688442, 188.945755, 0.999575
5, 721,19,47.574966, 48.398319, 128.835617, 49.113796,34.688442, 188.945755, 0.982988
5, 721,20,175.497086, 174.398178, 128.835617, 49.113796,34.688442, 188.945755, 1.006301
5, 721,21,121.101303, 120.612732, 128.835617, 49.113796,34.688442, 188.945755, 1.004051
5, 721,22,153.537552, 153.411179, 128.835617, 49.113796,34.688442, 188.945755, 1.000824
5, 721,23,187.104919, 186.137329, 128.835617, 49.113796,34.688442, 188.945755, 1.005198
5, 721,24,184.979706, 184.936172, 128.835617, 49.113796,34.688442, 188.945755, 1.000235
5, 721,25,156.278412, 157.704224, 128.835617, 49.113796,34.688442, 188.945755, 0.990959
5, 721,26,188.945755, 189.468338, 128.835617, 49.113796,34.688442, 188.945755, 0.997242
5, 721,27,34.688442, 33.533913, 128.835617, 49.113796,34.688442, 188.945755, 1.034429
5, 721,28,131.620956, 130.099701, 128.835617, 49.113796,34.688442, 188.945755, 1.011693
5, 721,29,152.193390, 153.639175, 128.835617, 49.113796,34.688442, 188.945755, 0.990590
5, 721,30,178.671021, 178.151810, 128.835617, 49.113796,34.688442, 188.945755, 1.002914
5, 721,31,84.263451, 85.673325, 128.835617, 49.113796,34.688442, 188.945755, 0.983544
5, 722,0,109.102982, 108.635948, 128.630783, 74.753723,12.142934, 249.678955, 1.004299
5, 722,1,119.596802, 121.014221, 128.630783, 74.753723,12.142934, 249.678955, 0.988287
5, 722,2,180.065582, 179.867035, 128.630783, 74.753723,12.142934, 249.678955, 1.001104
5, 722,3,111.197182, 111.085037, 128.630783, 74.753723,12.142934, 249.678955, 1.001010
5, 722,4,31.314907, 31.153475, 128.630783, 74.753723,12.142934, 249.678955, 1.005182
5, 722,5,66.685486, 66.412025, 128.630783, 74.753723,12.142934, 249.678955, 1.004118
5, 722,6,91.988251, 91.674980, 128.630783, 74.753723,12.142934, 249.678955, 1.003417
5, 722,7,118.723236, 118.365883, 128.630783, 74.753723,12.142934, 249.678955, 1.003019
5, 722,8,12.142934, 12.366067, 128.630783, 74.753723,12.142934, 249.678955, 0.981956
5, 722,9,243.265366, 243.825562, 128.630783, 74.753723,12.142934, 249.678955, 0.997702
5, 722,10,165.560959, 165.952911, 128.630783, 74.753723,12.142934, 249.678955, 0.997638
5, 722,11,63.336136, 63.664070, 128.630783, 74.753723,12.142934, 249.678955, 0.994849
5, 722,12,236.554535, 237.906250, 128.630783, 74.753723,12.142934, 249.678955, 0.994318
5, 722,13,133.627823, 133.699677, 128.630783, 74.753723,12.142934, 249.678955, 0.999463
5, 722,14,81.116463, 81.123154, 128.630783, 74.753723,12.142934, 249.678955, 0.999918
5, 722,15,159.516464, 159.502243, 128.630783, 74.753723,12.142934, 249.678955, 1.000089
5, 722,16,13.170301, 14.532887, 128.630783, 74.753723,12.142934, 249.678955, 0.906241
5, 722,17,214.653168, 214.428223, 128.630783, 74.753723,12.142934, 249.678955, 1.001049
5, 722,18,75.745461, 77.387260, 128.630783, 74.753723,12.142934, 249.678955, 0.978785
5, 722,19,234.311432, 235.863968, 128.630783, 74.753723,12.142934, 249.678955, 0.993418
5, 722,20,241.134293, 240.878372, 128.630783, 74.753723,12.142934, 249.678955, 1.001062
5, 722,21,24.548340, 25.051508, 128.630783, 74.753723,12.142934, 249.678955, 0.979915
5, 722,22,137.948792, 137.734421, 128.630783, 74.753723,12.142934, 249.678955, 1.001556
5, 722,23,55.635551, 54.872257, 128.630783, 74.753723,12.142934, 249.678955, 1.013910
5, 722,24,184.448761, 184.939545, 128.630783, 74.753723,12.142934, 249.678955, 0.997346
5, 722,25,249.678955, 249.529053, 128.630783, 74.753723,12.142934, 249.678955, 1.000601
5, 722,26,162.691849, 161.967941, 128.630783, 74.753723,12.142934, 249.678955, 1.004469
5, 722,27,182.461197, 182.888962, 128.630783, 74.753723,12.142934, 249.678955, 0.997661
5, 722,28,206.843552, 206.657562, 128.630783, 74.753723,12.142934, 249.678955, 1.000900
5, 722,29,24.175562, 23.889231, 128.630783, 74.753723,12.142934, 249.678955, 1.011986
5, 722,30,55.200661, 54.174896, 128.630783, 74.753723,12.142934, 249.678955, 1.018934
5, 722,31,129.742294, 129.955475, 128.630783, 74.753723,12.142934, 249.678955, 0.998360
5, 723,0,150.492645, 150.705231, 128.743332, 72.957977,10.049625, 253.750992, 0.998589
5, 723,1,107.756554, 108.576828, 128.743332, 72.957977,10.049625, 253.750992, 0.992445
5, 723,2,129.017975, 128.446442, 128.743332, 72.957977,10.049625, 253.750992, 1.004450
5, 723,3,113.774750, 113.914719, 128.743332, 72.957977,10.049625, 253.750992, 0.998771
5, 723,4,226.175888, 226.335251, 128.743332, 72.957977,10.049625, 253.750992, 0.999296
5, 723,5,185.612473, 185.265350, 128.743332, 72.957977,10.049625, 253.750992, 1.001874
5, 723,6,17.246210, 17.817799, 128.743332, 72.957977,10.049625, 253.750992, 0.967920
5, 723,7,216.141418, 217.587494, 128.743332, 72.957977,10.049625, 253.750992, 0.993354
5, 723,8,209.573196, 209.437027, 128.743332, 72.957977,10.049625, 253.750992, 1.000650
5, 723,9,29.462078, 29.559616, 128.743332, 72.957977,10.049625, 253.750992, 0.996700
5, 723,10,65.781708, 67.174271, 128.743332, 72.957977,10.049625, 253.750992, 0.979269
5, 723,11,221.841583, 222.002945, 128.743332, 72.957977,10.049625, 253.750992, 0.999273
5, 723,12,68.962044, 68.331055, 128.743332, 72.957977,10.049625, 253.750992, 1.009234
5, 723,13,95.028381, 95.678223, 128.743332, 72.957977,10.049625, 253.750992, 0.993208
5, 723,14,190.122696, 189.968140, 128.743332, 72.957977,10.049625, 253.750992, 1.000814
5, 723,15,150.694336, 150.750610, 128.743332, 72.957977,10.049625, 253.750992, 0.999627
5, 723,16,69.079094, 68.633484, 128.743332, 72.957977,10.049625, 253.750992, 1.006493
5, 723,17,188.350861, 187.835999, 128.743332, 72.957977,10.049625, 253.750992, 1.002741
5, 723,18,37.925701, 37.309368, 128.743332, 72.957977,10.049625, 253.750992, 1.016520
5, 723,19,19.385021, 18.959469, 128.743332, 72.957977,10.049625, 253.750992, 1.022445
5, 723,20,162.157715, 162.658752, 128.743332, 72.957977,10.049625, 253.750992, 0.996920
5, 723,21,85.015633, 84.405174, 128.743332, 72.957977,10.049625, 253.750992, 1.007232
5, 723,22,253.750992, 253.455597, 128.743332, 72.957977,10.049625, 253.750992, 1.001166
5, 723,23,62.816116, 61.859070, 128.743332, 72.957977,10.049625, 253.750992, 1.015471
5, 723,24,202.620163, 201.846039, 128.743332, 72.957977,10.049625, 253.750992, 1.003835
5, 723,25,169.596909, 170.219498, 128.743332, 72.957977,10.049625, 253.750992, 0.996342
5, 723,26,237.722427, 238.061951, 128.743332, 72.957977,10.049625, 253.750992, 0.998574
5, 723,27,46.650414, 46.299076, 128.743332, 72.957977,10.049625, 253.750992, 1.007588
5, 723,28,174.914413, 174.861786, 128.743332, 72.957977,10.049625, 253.750992, 1.000301
5, 723,29,10.049625, 10.000000, 128.743332, 72.957977,10.049625, 253.750992, 1.004963
5, 723,30,101.522087, 103.322128, 128.743332, 72.957977,10.049625, 253.750992, 0.982578
5, 723,31,120.545799, 119.721359, 128.743332, 72.957977,10.049625, 253.750992, 1.006886
5, 724,0,51.435745, 50.795105, 128.770859, 87.422234,13.733135, 291.917114, 1.012612
5, 724,1,119.909348, 118.231560, 128.770859, 87.422234,13.733135, 291.917114, 1.014191
5, 724,2,22.058628, 22.053690, 128.770859, 87.422234,13.733135, 291.917114, 1.000224
5, 724,3,86.849358, 85.949539, 128.770859, 87.422234,13.733135, 291.917114, 1.010469
5, 724,4,146.335693, 144.829514, 128.770859, 87.422234,13.733135, 291.917114, 1.010400
5, 724,5,60.838284, 59.967712, 128.770859, 87.422234,13.733135, 291.917114, 1.014517
5, 724,6,210.001312, 210.191925, 128.770859, 87.422234,13.733135, 291.917114, 0.999093
5, 724,7,272.014893, 270.772797, 128.770859, 87.422234,13.733135, 291.917114, 1.004587
5, 724,8,92.593697, 93.542755, 128.770859, 87.422234,13.733135, 291.917114, 0.989854
5, 724,9,119.294235, 120.001862, 128.770859, 87.422234,13.733135, 291.917114, 0.994103
5, 724,10,45.122341, 45.484192, 128.770859, 87.422234,13.733135, 291.917114, 0.992044
5, 724,11,94.338531, 94.931221, 128.770859, 87.422234,13.733135, 291.917114, 0.993757
5, 724,12,237.650650, 236.659714, 128.770859, 87.422234,13.733135, 291.917114, 1.004187
5, 724,13,64.523834, 64.662491, 128.770859, 87.422234,13.733135, 291.917114, 0.997856
5, 724,14,289.845062, 289.682068, 128.770859, 87.422234,13.733135, 291.917114, 1.000563
5, 724,15,77.524002, 76.915771, 128.770859, 87.422234,13.733135, 291.917114, 1.007908
5, 724,16,132.535233, 133.522125, 128.770859, 87.422234,13.733135, 291.917114, 0.992609
5, 724,17,289.113678, 288.519196, 128.770859, 87.422234,13.733135, 291.917114, 1.002060
5, 724,18,123.071167, 124.097855, 128.770859, 87.422234,13.733135, 291.917114, 0.991727
5, 724,19,13.733135, 13.766236, 128.770859, 87.422234,13.733135, 291.917114, 0.997595
5, 724,20,265.902985, 265.999939, 128.770859, 87.422234,13.733135, 291.917114, 0.999636
5, 724,21,153.516327, 153.698395, 128.770859, 87.422234,13.733135, 291.917114, 0.998815
5, 724,22,34.717152, 34.575989, 128.770859, 87.422234,13.733135, 291.917114, 1.004083
5, 724,23,29.461355, 29.811789, 128.770859, 87.422234,13.733135, 291.917114, 0.988245
5, 724,24,206.027969, 207.336884, 128.770859, 87.422234,13.733135, 291.917114, 0.993687
5, 724,25,105.071304, 106.368782, 128.770859, 87.422234,13.733135, 291.917114, 0.987802
5, 724,26,190.146347, 189.538376, 128.770859, 87.422234,13.733135, 291.917114, 1.003208
5, 724,27,74.447510, 75.345070, 128.770859, 87.422234,13.733135, 291.917114, 0.988087
5, 724,28,19.206284, 19.597828, 128.770859, 87.422234,13.733135, 291.917114, 0.980021
5, 724,29,78.545280, 79.310890, 128.770859, 87.422234,13.733135, 291.917114, 0.990347
5, 724,30,291.917114, 291.443695, 128.770859, 87.422234,13.733135, 291.917114, 1.001624
5, 724,31,122.918724, 123.394943, 128.770859, 87.422234,13.733135, 291.917114, 0.996141
5, 725,0,98.098183, 98.426598, 128.610977, 58.473728,14.505589, 221.812424, 0.996663
5, 725,1,151.804703, 153.009186, 128.610977, 58.473728,14.505589, 221.812424, 0.992128
5, 725,2,154.144287, 155.349686, 128.610977, 58.473728,14.505589, 221.812424, 0.992241
5, 725,3,35.179764, 35.073814, 128.610977, 58.473728,14.505589, 221.812424, 1.003021
5, 725,4,124.295158, 125.322273, 128.610977, 58.473728,14.505589, 221.812424, 0.991804
5, 725,5,210.313171, 209.606476, 128.610977, 58.473728,14.505589, 221.812424, 1.003371
5, 725,6,152.173767, 152.856262, 128.610977, 58.473728,14.505589, 221.812424, 0.995535
5, 725,7,198.742859, 199.858856, 128.610977, 58.473728,14.505589, 221.812424, 0.994416
5, 725,8,14.505589, 13.996119, 128.610977, 58.473728,14.505589, 221.812424, 1.036401
5, 725,9,97.018173, 97.934563, 128.610977, 58.473728,14.505589, 221.812424, 0.990643
5, 725,10,149.399734, 150.369492, 128.610977, 58.473728,14.505589, 221.812424, 0.993551
5, 725,11,144.213318, 142.782837, 128.610977, 58.473728,14.505589, 221.812424, 1.010019
5, 725,12,123.967133, 123.939255, 128.610977, 58.473728,14.505589, 221.812424, 1.000225
5, 725,13,63.526897, 63.000103, 128.610977, 58.473728,14.505589, 221.812424, 1.008362
5, 725,14,126.445465, 126.598900, 128.610977, 58.473728,14.505589, 221.812424, 0.998788
5, 725,15,73.622513, 74.197220, 128.610977, 58.473728,14.505589, 221.812424, 0.992254
5, 725,16,146.872696, 147.184555, 128.610977, 58.473728,14.505589, 221.812424, 0.997881
5, 725,17,169.521225, 168.428482, 128.610977, 58.473728,14.505589, 221.812424, 1.006488
5, 725,18,184.768158, 184.027328, 128.610977, 58.473728,14.505589, 221.812424, 1.004026
5, 725,19,221.812424, 222.984497, 128.610977, 58.473728,14.505589, 221.812424, 0.994744
5, 725,20,75.818100, 75.959236, 128.610977, 58.473728,14.505589, 221.812424, 0.998142
5, 725,21,35.324074, 35.053871, 128.610977, 58.473728,14.505589, 221.812424, 1.007708
5, 725,22,161.924332, 161.879120, 128.610977, 58.473728,14.505589, 221.812424, 1.000279
5, 725,23,62.837685, 63.864491, 128.610977, 58.473728,14.505589, 221.812424, 0.983922
5, 725,24,41.779636, 42.301407, 128.610977, 58.473728,14.505589, 221.812424, 0.987665
5, 725,25,221.021835, 220.916626, 128.610977, 58.473728,14.505589, 221.812424, 1.000476
5, 725,26,208.430893, 207.890991, 128.610977, 58.473728,14.505589, 221.812424, 1.002597
5, 725,27,114.478127, 115.488228, 128.610977, 58.473728,14.505589, 221.812424, 0.991254
5, 725,28,72.049141, 71.291550, 128.610977, 58.473728,14.505589, 221.812424, 1.010627
5, 725,29,154.788483, 156.453430, 128.610977, 58.473728,14.505589, 221.812424, 0.989358
5, 725,30,138.063202, 136.798645, 128.610977, 58.473728,14.505589, 221.812424, 1.009244
5, 725,31,188.610657, 188.156433, 128.610977, 58.473728,14.505589, 221.812424, 1.002414
5, 726,0,28.613119, 28.550848, 128.841171, 69.014793,14.793581, 230.910645, 1.002181
5, 726,1,82.449150, 82.903748, 128.841171, 69.014793,14.793581, 230.910645, 0.994517
5, 726,2,96.018326, 95.268555, 128.841171, 69.014793,14.793581, 230.910645, 1.007870
5, 726,3,57.363533, 56.402531, 128.841171, 69.014793,14.793581, 230.910645, 1.017038
5, 726,4,151.173492, 151.226044, 128.841171, 69.014793,14.793581, 230.910645, 0.999653
5, 726,5,132.936920, 132.268600, 128.841171, 69.014793,14.793581, 230.910645, 1.005053
5, 726,6,99.359978, 100.634148, 128.841171, 69.014793,14.793581, 230.910645, 0.987339
5, 726,7,121.341110, 121.297829, 128.841171, 69.014793,14.793581, 230.910645, 1.000357
5, 726,8,229.411713, 230.795029, 128.841171, 69.014793,14.793581, 230.910645, 0.994006
5, 726,9,137.525269, 136.276459, 128.841171, 69.014793,14.793581, 230.910645, 1.009164
5, 726,10,207.263092, 208.497696, 128.841171, 69.014793,14.793581, 230.910645, 0.994079
5, 726,11,223.606506, 224.717896, 128.841171, 69.014793,14.793581, 230.910645, 0.995054
5, 726,12,86.221596, 86.025803, 128.841171, 69.014793,14.793581, 230.910645, 1.002276
5, 726,13,16.939259, 16.991964, 128.841171, 69.014793,14.793581, 230.910645, 0.996898
5, 726,14,19.126415, 19.431526, 128.841171, 69.014793,14.793581, 230.910645, 0.984298
5, 726,15,14.793581, 14.937212, 128.841171, 69.014793,14.793581, 230.910645, 0.990384
5, 726,16,71.553131, 69.101334, 128.841171, 69.014793,14.793581, 230.910645, 1.035481
5, 726,17,230.910645, 231.905914, 128.841171, 69.014793,14.793581, 230.910645, 0.995708
5, 726,18,162.113525, 161.536102, 128.841171, 69.014793,14.793581, 230.910645, 1.003575
5, 726,19,52.604172, 51.966301, 128.841171, 69.014793,14.793581, 230.910645, 1.012275
5, 726,20,89.238823, 88.901009, 128.841171, 69.014793,14.793581, 230.910645, 1.003800
5, 726,21,214.044312, 213.427658, 128.841171, 69.014793,14.793581, 230.910645, 1.002889
5, 726,22,221.298599, 221.065811, 128.841171, 69.014793,14.793581, 230.910645, 1.001053
5, 726,23,194.244583, 194.266937, 128.841171, 69.014793,14.793581, 230.910645, 0.999885
5, 726,24,80.139130, 78.953972, 128.841171, 69.014793,14.793581, 230.910645, 1.015011
5, 726,25,87.957954, 87.666702, 128.841171, 69.014793,14.793581, 230.910645, 1.003322
5, 726,26,157.956024, 158.559250, 128.841171, 69.014793,14.793581, 230.910645, 0.996196
5, 726,27,138.667618, 138.432861, 128.841171, 69.014793,14.793581, 230.910645, 1.001696
5, 726,28,193.992142, 192.633286, 128.841171, 69.014793,14.793581, 230.910645, 1.007054
5, 726,29,118.942467, 118.596878, 128.841171, 69.014793,14.793581, 230.910645, 1.002914
5, 726,30,220.655090, 221.719269, 128.841171, 69.014793,14.793581, 230.910645, 0.995200
5, 726,31,184.456161, 186.040649, 128.841171, 69.014793,14.793581, 230.910645, 0.991483
5, 727,0,78.100250, 77.148888, 129.048050, 73.739708,12.057222, 243.547012, 1.012331
5, 727,1,54.633747, 54.917206, 129.048050, 73.739708,12.057222, 243.547012, 0.994838
5, 727,2,191.255646, 190.924026, 129.048050, 73.739708,12.057222, 243.547012, 1.001737
5, 727,3,187.841812, 188.902954, 129.048050, 73.739708,12.057222, 243.547012, 0.994383
5, 727,4,38.880424, 39.791157, 129.048050, 73.739708,12.057222, 243.547012, 0.977112
5, 727,5,202.539597, 204.149551, 129.048050, 73.739708,12.057222, 243.547012, 0.992114
5, 727,6,132.881958, 133.263489, 129.048050, 73.739708,12.057222, 243.547012, 0.997137
5, 727,7,12.057222, 11.014076, 129.048050, 73.739708,12.057222, 243.547012, 1.094710
5, 727,8,97.959869, 97.990639, 129.048050, 73.739708,12.057222, 243.547012, 0.999686
5, 727,9,229.936676, 231.040314, 129.048050, 73.739708,12.057222, 243.547012, 0.995223
5, 727,10,104.043159, 102.124947, 129.048050, 73.739708,12.057222, 243.547012, 1.018783
5, 727,11,85.127556, 85.190582, 129.048050, 73.739708,12.057222, 243.547012, 0.999260
5, 727,12,243.547012, 242.280258, 129.048050, 73.739708,12.057222, 243.547012, 1.005229
5, 727,13,94.518257, 94.210899, 129.048050, 73.739708,12.057222, 243.547012, 1.003262
5, 727,14,81.350815, 82.424919, 129.048050, 73.739708,12.057222, 243.547012, 0.986969
5, 727,15,60.638660, 61.015850, 129.048050, 73.739708,12.057222, 243.547012, 0.993818
5, 727,16,39.438408, 38.585609, 129.048050, 73.739708,12.057222, 243.547012, 1.022102
5, 727,17,92.336281, 91.182854, 129.048050, 73.739708,12.057222, 243.547012, 1.012650
5, 727,18,221.822113, 220.594604, 129.048050, 73.739708,12.057222, 243.547012, 1.005565
5, 727,19,216.433487, 216.424850, 129.048050, 73.739708,12.057222, 243.547012, 1.000040
5, 727,20,104.161736, 103.252487, 129.048050, 73.739708,12.057222, 243.547012, 1.008806
5, 727,21,180.162064, 180.237198, 129.048050, 73.739708,12.057222, 243.547012, 0.999583
5, 727,22,216.033524, 215.736969, 129.048050, 73.739708,12.057222, 243.547012, 1.001375
5, 727,23,60.589256, 59.994682, 129.048050, 73.739708,12.057222, 243.547012, 1.009910
5, 727,24,167.038742, 167.430069, 129.048050, 73.739708,12.057222, 243.547012, 0.997663
5, 727,25,239.666000, 239.479141, 129.048050, 73.739708,12.057222, 243.547012, 1.000780
5, 727,26,83.368256, 81.893059, 129.048050, 73.739708,12.057222, 243.547012, 1.018014
5, 727,27,23.182356, 23.502110, 129.048050, 73.739708,12.057222, 243.547012, 0.986395
5, 727,28,188.176254, 186.293289, 129.048050, 73.739708,12.057222, 243.547012, 1.010108
5, 727,29,21.048847, 21.374676, 129.048050, 73.739708,12.057222, 243.547012, 0.984756
5, 727,30,199.076584, 197.363052, 129.048050, 73.739708,12.057222, 243.547012, 1.008682
5, 727,31,181.691116, 181.265457, 129.048050, 73.739708,12.057222, 243.547012, 1.002348
5, 728,0,178.970123, 178.070374, 128.789841, 79.370636,18.780268, 290.107025, 1.005053
5, 728,1,290.107025, 291.203918, 128.789841, 79.370636,18.780268, 290.107025, 0.996233
5, 728,2,81.820793, 82.085014, 128.789841, 79.370636,18.780268, 290.107025, 0.996781
5, 728,3,48.576138, 49.181881, 128.789841, 79.370636,18.780268, 290.107025, 0.987684
5, 728,4,156.218979, 156.501114, 128.789841, 79.370636,18.780268, 290.107025, 0.998197
5, 728,5,18.780268, 18.386549, 128.789841, 79.370636,18.780268, 290.107025, 1.021413
5, 728,6,277.183838, 276.654755, 128.789841, 79.370636,18.780268, 290.107025, 1.001912
5, 728,7,101.479416, 100.840881, 128.789841, 79.370636,18.780268, 290.107025, 1.006332
5, 728,8,48.558598, 48.681728, 128.789841, 79.370636,18.780268, 290.107025, 0.997471
5, 728,9,194.544708, 194.128937, 128.789841, 79.370636,18.780268, 290.107025, 1.002142
5, 728,10,211.351089, 211.428986, 128.789841, 79.370636,18.780268, 290.107025, 0.999632
5, 728,11,23.862125, 24.540257, 128.789841, 79.370636,18.780268, 290.107025, 0.972367
5, 728,12,92.319939, 92.570442, 128.789841, 79.370636,18.780268, 290.107025, 0.997294
5, 728,13,108.644684, 108.128860, 128.789841, 79.370636,18.780268, 290.107025, 1.004770
5, 728,14,103.383202, 104.306252, 128.789841, 79.370636,18.780268, 290.107025, 0.991151
5, 728,15,76.106079, 76.770859, 128.789841, 79.370636,18.780268, 290.107025, 0.991341
5, 728,16,155.042389, 153.964615, 128.789841, 79.370636,18.780268, 290.107025, 1.007000
5, 728,17,161.110901, 159.716415, 128.789841, 79.370636,18.780268, 290.107025, 1.008731
5, 728,18,84.642601, 84.210686, 128.789841, 79.370636,18.780268, 290.107025, 1.005129
5, 728,19,133.920532, 133.860107, 128.789841, 79.370636,18.780268, 290.107025, 1.000451
5, 728,20,253.167023, 253.576096, 128.789841, 79.370636,18.780268, 290.107025, 0.998387
5, 728,21,21.706871, 20.539005, 128.789841, 79.370636,18.780268, 290.107025, 1.056861
5, 728,22,33.438221, 32.462372, 128.789841, 79.370636,18.780268, 290.107025, 1.030061
5, 728,23,204.263260, 204.391083, 128.789841, 79.370636,18.780268, 290.107025, 0.999375
5, 728,24,90.658775, 90.882416, 128.789841, 79.370636,18.780268, 290.107025, 0.997539
5, 728,25,98.528870, 99.581551, 128.789841, 79.370636,18.780268, 290.107025, 0.989429
5, 728,26,52.623234, 53.611835, 128.789841, 79.370636,18.780268, 290.107025, 0.981560
5, 728,27,223.803925, 224.120468, 128.789841, 79.370636,18.780268, 290.107025, 0.998588
5, 728,28,133.606384, 134.815765, 128.789841, 79.370636,18.780268, 290.107025, 0.991029
5, 728,29,64.225922, 63.650688, 128.789841, 79.370636,18.780268, 290.107025, 1.009037
5, 728,30,121.944351, 121.302620, 128.789841, 79.370636,18.780268, 290.107025, 1.005290
5, 728,31,276.684845, 276.833344, 128.789841, 79.370636,18.780268, 290.107025, 0.999464
5, 729,0,183.477219, 182.739059, 128.972183, 59.975430,11.159498, 207.789063, 1.004039
5, 729,1,16.640842, 16.725557, 128.972183, 59.975430,11.159498, 207.789063, 0.994935
5, 729,2,154.915405, 155.288910, 128.972183, 59.975430,11.159498, 207.789063, 0.997595
5, 729,3,130.698441, 130.831253, 128.972183, 59.975430,11.159498, 207.789063, 0.998985
5, 729,4,203.059128, 204.210266, 128.972183, 59.975430,11.159498, 207.789063, 0.994363
5, 729,5,113.856468, 113.038918, 128.972183, 59.975430,11.159498, 207.789063, 1.007232
5, 729,6,107.218521, 105.897911, 128.972183, 59.975430,11.159498, 207.789063, 1.012471
5, 729,7,157.794495, 157.281891, 128.972183, 59.975430,11.159498, 207.789063, 1.003259
5, 729,8,79.936516, 80.380531, 128.972183, 59.975430,11.159498, 207.789063, 0.994476
5, 729,9,71.534332, 71.126114, 128.972183, 59.975430,11.159498, 207.789063, 1.005739
5, 729,10,153.576584, 152.784149, 128.972183, 59.975430,11.159498, 207.789063, 1.005187
5, 729,11,66.958267, 67.043808, 128.972183, 59.975430,11.159498, 207.789063, 0.998724
5, 729,12,166.924194, 166.331604, 128.972183, 59.975430,11.159498, 207.789063, 1.003563
5, 729,13,76.211113, 73.606796, 128.972183, 59.975430,11.159498, 207.789063, 1.035381
5, 729,14,49.593990, 49.167198, 128.972183, 59.975430,11.159498, 207.789063, 1.008680
5, 729,15,190.050171, 190.524338, 128.972183, 59.975430,11.159498, 207.789063, 0.997511
5, 729,16,207.789063, 207.287048, 128.972183, 59.975430,11.159498, 207.789063, 1.002422
5, 729,17,154.396881, 154.999893, 128.972183, 59.975430,11.159498, 207.789063, 0.996110
5, 729,18,203.763062, 203.692459, 128.972183, 59.975430,11.159498, 207.789063, 1.000347
5, 729,19,34.097347, 34.084362, 128.972183, 59.975430,11.159498, 207.789063, 1.000381
5, 729,20,178.486099, 177.976395, 128.972183, 59.975430,11.159498, 207.789063, 1.002864
5, 729,21,76.089211, 76.069427, 128.972183, 59.975430,11.159498, 207.789063, 1.000260
5, 729,22,11.159498, 10.505772, 128.972183, 59.975430,11.159498, 207.789063, 1.062225
5, 729,23,157.895874, 157.546829, 128.972183, 59.975430,11.159498, 207.789063, 1.002216
5, 729,24,100.055626, 100.316360, 128.972183, 59.975430,11.159498, 207.789063, 0.997401
5, 729,25,92.330040, 92.482918, 128.972183, 59.975430,11.159498, 207.789063, 0.998347
5, 729,26,204.851379, 204.402954, 128.972183, 59.975430,11.159498, 207.789063, 1.002194
5, 729,27,65.208275, 66.092484, 128.972183, 59.975430,11.159498, 207.789063, 0.986622
5, 729,28,175.412994, 177.597061, 128.972183, 59.975430,11.159498, 207.789063, 0.987702
5, 729,29,184.795319, 182.528336, 128.972183, 59.975430,11.159498, 207.789063, 1.012420
5, 729,30,172.859009, 171.238770, 128.972183, 59.975430,11.159498, 207.789063, 1.009462
5, 729,31,185.474838, 187.200699, 128.972183, 59.975430,11.159498, 207.789063, 0.990781
5, 730,0,152.119598, 150.848755, 128.640045, 72.016739,13.183544, 269.697144, 1.008425
5, 730,1,172.035782, 171.363022, 128.640045, 72.016739,13.183544, 269.697144, 1.003926
5, 730,2,238.193893, 239.258911, 128.640045, 72.016739,13.183544, 269.697144, 0.995549
5, 730,3,157.022110, 156.478256, 128.640045, 72.016739,13.183544, 269.697144, 1.003476
5, 730,4,208.185593, 207.883209, 128.640045, 72.016739,13.183544, 269.697144, 1.001455
5, 730,5,18.114086, 16.909653, 128.640045, 72.016739,13.183544, 269.697144, 1.071228
5, 730,6,106.709961, 107.609764, 128.640045, 72.016739,13.183544, 269.697144, 0.991638
5, 730,7,62.752956, 63.289394, 128.640045, 72.016739,13.183544, 269.697144, 0.991524
5, 730,8,174.385574, 173.319031, 128.640045, 72.016739,13.183544, 269.697144, 1.006154
5, 730,9,143.879669, 145.457794, 128.640045, 72.016739,13.183544, 269.697144, 0.989151
5, 730,10,54.591503, 55.051884, 128.640045, 72.016739,13.183544, 269.697144, 0.991637
5, 730,11,82.380684, 83.294785, 128.640045, 72.016739,13.183544, 269.697144, 0.989026
5, 730,12,25.490997, 26.093365, 128.640045, 72.016739,13.183544, 269.697144, 0.976915
5, 730,13,263.763458, 265.108459, 128.640045, 72.016739,13.183544, 269.697144, 0.994927
5, 730,14,68.645126, 68.354355, 128.640045, 72.016739,13.183544, 269.697144, 1.004254
5, 730,15,187.319305, 187.098587, 128.640045, 72.016739,13.183544, 269.697144, 1.001180
5, 730,16,191.660431, 191.893188, 128.640045, 72.016739,13.183544, 269.697144, 0.998787
5, 730,17,40.320553, 40.334087, 128.640045, 72.016739,13.183544, 269.697144, 0.999664
5, 730,18,22.196182, 23.016224, 128.640045, 72.016739,13.183544, 269.697144, 0.964371
5, 730,19,102.604431, 103.077545, 128.640045, 72.016739,13.183544, 269.697144, 0.995410
5, 730,20,162.906326, 164.143280, 128.640045, 72.016739,13.183544, 269.697144, 0.992464
5, 730,21,135.082260, 135.049576, 128.640045, 72.016739,13.183544, 269.697144, 1.000242
5, 730,22,103.863190, 103.880615, 128.640045, 72.016739,13.183544, 269.697144, 0.999832
5, 730,23,171.415253, 172.468262, 128.640045, 72.016739,13.183544, 269.697144, 0.993894
5, 730,24,269.697144, 270.356323, 128.640045, 72.016739,13.183544, 269.697144, 0.997562
5, 730,25,72.011650, 72.711655, 128.640045, 72.016739,13.183544, 269.697144, 0.990373
5, 730,26,93.278893, 92.478500, 128.640045, 72.016739,13.183544, 269.697144, 1.008655
5, 730,27,134.466919, 132.783478, 128.640045, 72.016739,13.183544, 269.697144, 1.012678
5, 730,28,13.183544, 13.188458, 128.640045, 72.016739,13.183544, 269.697144, 0.999627
5, 730,29,120.701607, 119.043694, 128.640045, 72.016739,13.183544, 269.697144, 1.013927
5, 730,30,133.815308, 134.707672, 128.640045, 72.016739,13.183544, 269.697144, 0.993376
5, 730,31,233.686844, 234.448395, 128.640045, 72.016739,13.183544, 269.697144, 0.996752
5, 731,0,89.142632, 90.107483, 128.747757, 75.227737,11.691673, 251.069870, 0.989292
5, 731,1,182.954453, 184.280045, 128.747757, 75.227737,11.691673, 251.069870, 0.992807
5, 731,2,249.592224, 248.683273, 128.747757, 75.227737,11.691673, 251.069870, 1.003655
5, 731,3,102.570824, 101.868660, 128.747757, 75.227737,11.691673, 251.069870, 1.006893
5, 731,4,236.695541, 235.789032, 128.747757, 75.227737,11.691673, 251.069870, 1.003845
5, 731,5,140.742920, 141.918625, 128.747757, 75.227737,11.691673, 251.069870, 0.991716
5, 731,6,221.842361, 221.013901, 128.747757, 75.227737,11.691673, 251.069870, 1.003748
5, 731,7,36.991879, 36.634510, 128.747757, 75.227737,11.691673, 251.069870, 1.009755
5, 731,8,238.397369, 238.515945, 128.747757, 75.227737,11.691673, 251.069870, 0.999503
5, 731,9,149.640991, 150.393921, 128.747757, 75.227737,11.691673, 251.069870, 0.994994
5, 731,10,100.591202, 99.685631, 128.747757, 75.227737,11.691673, 251.069870, 1.009084
5, 731,11,84.719704, 83.535721, 128.747757, 75.227737,11.691673, 251.069870, 1.014173
5, 731,12,140.638794, 140.717575, 128.747757, 75.227737,11.691673, 251.069870, 0.999440
5, 731,13,71.561401, 69.976746, 128.747757, 75.227737,11.691673, 251.069870, 1.022645
5, 731,14,219.186890, 217.493851, 128.747757, 75.227737,11.691673, 251.069870, 1.007784
5, 731,15,121.734322, 122.195801, 128.747757, 75.227737,11.691673, 251.069870, 0.996223
5, 731,16,20.197271, 20.809410, 128.747757, 75.227737,11.691673, 251.069870, 0.970584
5, 731,17,142.015472, 142.220779, 128.747757, 75.227737,11.691673, 251.069870, 0.998556
5, 731,18,27.120005, 28.272512, 128.747757, 75.227737,11.691673, 251.069870, 0.959236
5, 731,19,141.697189, 141.752441, 128.747757, 75.227737,11.691673, 251.069870, 0.999610
5, 731,20,31.327143, 32.857635, 128.747757, 75.227737,11.691673, 251.069870, 0.953420
5, 731,21,161.366699, 159.352676, 128.747757, 75.227737,11.691673, 251.069870, 1.012639
5, 731,22,11.691673, 10.936665, 128.747757, 75.227737,11.691673, 251.069870, 1.069035
5, 731,23,251.069870, 252.588562, 128.747757, 75.227737,11.691673, 251.069870, 0.993988
5, 731,24,31.156559, 30.969200, 128.747757, 75.227737,11.691673, 251.069870, 1.006050
5, 731,25,126.507385, 126.947105, 128.747757, 75.227737,11.691673, 251.069870, 0.996536
5, 731,26,82.302986, 83.588593, 128.747757, 75.227737,11.691673, 251.069870, 0.984620
5, 731,27,29.331575, 29.511326, 128.747757, 75.227737,11.691673, 251.069870, 0.993909
5, 731,28,208.869431, 209.418915, 128.747757, 75.227737,11.691673, 251.069870, 0.997376
5, 731,29,107.936539, 107.239372, 128.747757, 75.227737,11.691673, 251.069870, 1.006501
5, 731,30,227.820786, 228.393921, 128.747757, 75.227737,11.691673, 251.069870, 0.997491
5, 731,31,132.514328, 133.330017, 128.747757, 75.227737,11.691673, 251.069870, 0.993882
5, 732,0,108.114883, 107.801743, 128.671417, 70.199562,16.185429, 247.595871, 1.002905
5, 732,1,24.468128, 24.539669, 128.671417, 70.199562,16.185429, 247.595871, 0.997085
5, 732,2,246.937302, 246.967148, 128.671417, 70.199562,16.185429, 247.595871, 0.999879
5, 732,3,127.289536, 126.433601, 128.671417, 70.199562,16.185429, 247.595871, 1.006770
5, 732,4,120.892960, 120.434822, 128.671417, 70.199562,16.185429, 247.595871, 1.003804
5, 732,5,89.933273, 89.805420, 128.671417, 70.199562,16.185429, 247.595871, 1.001424
5, 732,6,98.026749, 99.284103, 128.671417, 70.199562,16.185429, 247.595871, 0.987336
5, 732,7,114.794464, 114.133789, 128.671417, 70.199562,16.185429, 247.595871, 1.005789
5, 732,8,169.580795, 170.703644, 128.671417, 70.199562,16.185429, 247.595871, 0.993422
5, 732,9,147.015182, 147.367310, 128.671417, 70.199562,16.185429, 247.595871, 0.997611
5, 732,10,79.478653, 79.737709, 128.671417, 70.199562,16.185429, 247.595871, 0.996751
5, 732,11,172.718262, 172.129715, 128.671417, 70.199562,16.185429, 247.595871, 1.003419
5, 732,12,146.390808, 145.972244, 128.671417, 70.199562,16.185429, 247.595871, 1.002867
5, 732,13,94.833488, 93.804604, 128.671417, 70.199562,16.185429, 247.595871, 1.010968
5, 732,14,171.200897, 171.873947, 128.671417, 70.199562,16.185429, 247.595871, 0.996084
5, 732,15,186.550201, 187.211899, 128.671417, 70.199562,16.185429, 247.595871, 0.996466
5, 732,16,237.484573, 238.612259, 128.671417, 70.199562,16.185429, 247.595871, 0.995274
5, 732,17,174.531250, 174.485825, 128.671417, 70.199562,16.185429, 247.595871, 1.000260
5, 732,18,91.967346, 92.541290, 128.671417, 70.199562,16.185429, 247.595871, 0.993798
5, 732,19,30.923479, 30.825209, 128.671417, 70.199562,16.185429, 247.595871, 1.003188
5, 732,20,85.834229, 85.961243, 128.671417, 70.199562,16.185429, 247.595871, 0.998522
5, 732,21,40.311493, 40.094635, 128.671417, 70.199562,16.185429, 247.595871, 1.005409
5, 732,22,247.595871, 249.478271, 128.671417, 70.199562,16.185429, 247.595871, 0.992455
5, 732,23,20.197601, 19.486435, 128.671417, 70.199562,16.185429, 247.595871, 1.036495
5, 732,24,86.525536, 87.263306, 128.671417, 70.199562,16.185429, 247.595871, 0.991545
5, 732,25,160.376938, 160.635941, 128.671417, 70.199562,16.185429, 247.595871, 0.998388
5, 732,26,197.193329, 197.512115, 128.671417, 70.199562,16.185429, 247.595871, 0.998386
5, 732,27,244.123032, 244.828033, 128.671417, 70.199562,16.185429, 247.595871, 0.997120
5, 732,28,16.185429, 16.828064, 128.671417, 70.199562,16.185429, 247.595871, 0.961812
5, 732,29,176.870560, 176.632660, 128.671417, 70.199562,16.185429, 247.595871, 1.001347
5, 732,30,189.644943, 188.382202, 128.671417, 70.199562,16.185429, 247.595871, 1.006703
5, 732,31,19.493446, 19.230675, 128.671417, 70.199562,16.185429, 247.595871, 1.013664
5, 733,0,80.274902, 80.068008, 128.667297, 56.420586,23.982727, 233.064590, 1.002584
5, 733,1,64.731453, 64.969101, 128.667297, 56.420586,23.982727, 233.064590, 0.996342
5, 733,2,102.186745, 102.786018, 128.667297, 56.420586,23.982727, 233.064590, 0.994170
5, 733,3,76.406967, 75.983452, 128.667297, 56.420586,23.982727, 233.064590, 1.005574
5, 733,4,64.009636, 64.345779, 128.667297, 56.420586,23.982727, 233.064590, 0.994776
5, 733,5,233.064590, 232.098328, 128.667297, 56.420586,23.982727, 233.064590, 1.004163
5, 733,6,121.314629, 120.510185, 128.667297, 56.420586,23.982727, 233.064590, 1.006675
5, 733,7,152.008469, 153.560562, 128.667297, 56.420586,23.982727, 233.064590, 0.989893
5, 733,8,141.235794, 141.871567, 128.667297, 56.420586,23.982727, 233.064590, 0.995519
5, 733,9,85.685989, 84.805199, 128.667297, 56.420586,23.982727, 233.064590, 1.010386
5, 733,10,141.369019, 141.834915, 128.667297, 56.420586,23.982727, 233.064590, 0.996715
5, 733,11,164.684341, 163.423630, 128.667297, 56.420586,23.982727, 233.064590, 1.007714
5, 733,12,88.436630, 90.224380, 128.667297, 56.420586,23.982727, 233.064590, 0.980186
5, 733,13,188.319458, 188.143600, 128.667297, 56.420586,23.982727, 233.064590, 1.000935
5, 733,14,99.084137, 99.757446, 128.667297, 56.420586,23.982727, 233.064590, 0.993251
5, 733,15,107.442451, 107.721207, 128.667297, 56.420586,23.982727, 233.064590, 0.997412
5, 733,16,139.248871, 139.136322, 128.667297, 56.420586,23.982727, 233.064590, 1.000809
5, 733,17,225.418625, 225.674515, 128.667297, 56.420586,23.982727, 233.064590, 0.998866
5, 733,18,184.182297, 185.767670, 128.667297, 56.420586,23.982727, 233.064590, 0.991466
5, 733,19,123.264366, 123.524094, 128.667297, 56.420586,23.982727, 233.064590, 0.997897
5, 733,20,23.982727, 25.311565, 128.667297, 56.420586,23.982727, 233.064590, 0.947501
5, 733,21,184.505615, 182.966415, 128.667297, 56.420586,23.982727, 233.064590, 1.008412
5, 733,22,92.466019, 92.680969, 128.667297, 56.420586,23.982727, 233.064590, 0.997681
5, 733,23,140.930145, 141.343597, 128.667297, 56.420586,23.982727, 233.064590, 0.997075
5, 733,24,166.055084, 167.178192, 128.667297, 56.420586,23.982727, 233.064590, 0.993282
5, 733,25,214.770523, 217.542084, 128.667297, 56.420586,23.982727, 233.064590, 0.987260
5, 733,26,37.172913, 35.643936, 128.667297, 56.420586,23.982727, 233.064590, 1.042896
5, 733,27,216.241486, 216.090118, 128.667297, 56.420586,23.982727, 233.064590, 1.000700
5, 733,28,101.488457, 101.121399, 128.667297, 56.420586,23.982727, 233.064590, 1.003630
5, 733,29,94.999741, 93.685623, 128.667297, 56.420586,23.982727, 233.064590, 1.014027
5, 733,30,195.670059, 194.831406, 128.667297, 56.420586,23.982727, 233.064590, 1.004305
5, 733,31,66.701035, 66.399063, 128.667297, 56.420586,23.982727, 233.064590, 1.004548
5, 734,0,14.161517, 13.985453, 128.917679, 69.454613,14.161517, 247.981216, 1.012589
5, 734,1,146.477325, 146.543442, 128.917679, 69.454613,14.161517, 247.981216, 0.999549
5, 734,2,153.604446, 153.893021, 128.917679, 69.454613,14.161517, 247.981216, 0.998125
5, 734,3,84.622452, 84.784058, 128.917679, 69.454613,14.161517, 247.981216, 0.998094
5, 734,4,32.682583, 32.617065, 128.917679, 69.454613,14.161517, 247.981216, 1.002009
5, 734,5,59.727348, 59.249889, 128.917679, 69.454613,14.161517, 247.981216, 1.008058
5, 734,6,238.139999, 238.905914, 128.917679, 69.454613,14.161517, 247.981216, 0.996794
5, 734,7,180.086349, 180.487976, 128.917679, 69.454613,14.161517, 247.981216, 0.997775
5, 734,8,226.035690, 226.176712, 128.917679, 69.454613,14.161517, 247.981216, 0.999376
5, 734,9,141.815262, 141.595703, 128.917679, 69.454613,14.161517, 247.981216, 1.001551
5, 734,10,129.684769, 129.093811, 128.917679, 69.454613,14.161517, 247.981216, 1.004578
5, 734,11,174.745895, 174.335510, 128.917679, 69.454613,14.161517, 247.981216, 1.002354
5, 734,12,29.294918, 29.859072, 128.917679, 69.454613,14.161517, 247.981216, 0.981106
5, 734,13,73.604378, 73.805130, 128.917679, 69.454613,14.161517, 247.981216, 0.997280
5, 734,14,247.981216, 247.134430, 128.917679, 69.454613,14.161517, 247.981216, 1.003426
5, 734,15,36.979687, 35.966057, 128.917679, 69.454613,14.161517, 247.981216, 1.028183
5, 734,16,167.133804, 166.751022, 128.917679, 69.454613,14.161517, 247.981216, 1.002295
5, 734,17,136.628265, 135.564484, 128.917679, 69.454613,14.161517, 247.981216, 1.007847
5, 734,18,227.955566, 227.858780, 128.917679, 69.454613,14.161517, 247.981216, 1.000425
5, 734,19,59.222214, 59.893929, 128.917679, 69.454613,14.161517, 247.981216, 0.988785
5, 734,20,46.402943, 45.808456, 128.917679, 69.454613,14.161517, 247.981216, 1.012978
5, 734,21,106.378052, 105.150780, 128.917679, 69.454613,14.161517, 247.981216, 1.011672
5, 734,22,140.021179, 141.512344, 128.917679, 69.454613,14.161517, 247.981216, 0.989463
5, 734,23,205.234726, 206.211563, 128.917679, 69.454613,14.161517, 247.981216, 0.995263
5, 734,24,143.751282, 143.323242, 128.917679, 69.454613,14.161517, 247.981216, 1.002987
5, 734,25,91.434967, 91.027428, 128.917679, 69.454613,14.161517, 247.981216, 1.004477
5, 734,26,141.739517, 140.519791, 128.917679, 69.454613,14.161517, 247.981216, 1.008680
5, 734,27,198.901627, 198.180038, 128.917679, 69.454613,14.161517, 247.981216, 1.003641
5, 734,28,126.015762, 127.267776, 128.917679, 69.454613,14.161517, 247.981216, 0.990162
5, 734,29,231.755173, 231.056244, 128.917679, 69.454613,14.161517, 247.981216, 1.003025
5, 734,30,27.265535, 27.192001, 128.917679, 69.454613,14.161517, 247.981216, 1.002704
5, 734,31,105.881042, 105.249283, 128.917679, 69.454613,14.161517, 247.981216, 1.006003
5, 735,0,222.487549, 221.637787, 128.500748, 71.107895,9.499584, 231.852173, 1.003834
5, 735,1,40.251335, 40.110954, 128.500748, 71.107895,9.499584, 231.852173, 1.003500
5, 735,2,107.111664, 106.105690, 128.500748, 71.107895,9.499584, 231.852173, 1.009481
5, 735,3,20.203722, 21.573189, 128.500748, 71.107895,9.499584, 231.852173, 0.936520
5, 735,4,177.888611, 177.211899, 128.500748, 71.107895,9.499584, 231.852173, 1.003819
5, 735,5,65.651146, 67.087509, 128.500748, 71.107895,9.499584, 231.852173, 0.978590
5, 735,6,154.102249, 154.093094, 128.500748, 71.107895,9.499584, 231.852173, 1.000059
5, 735,7,59.787891, 60.970249, 128.500748, 71.107895,9.499584, 231.852173, 0.980608
5, 735,8,55.371197, 56.099865, 128.500748, 71.107895,9.499584, 231.852173, 0.987011
5, 735,9,152.109207, 152.205551, 128.500748, 71.107895,9.499584, 231.852173, 0.999367
5, 735,10,13.401708, 14.298613, 128.500748, 71.107895,9.499584, 231.852173, 0.937273
5, 735,11,32.593800, 33.559708, 128.500748, 71.107895,9.499584, 231.852173, 0.971218
5, 735,12,197.411545, 198.835861, 128.500748, 71.107895,9.499584, 231.852173, 0.992837
5, 735,13,222.932434, 221.885803, 128.500748, 71.107895,9.499584, 231.852173, 1.004717
5, 735,14,110.477745, 110.858963, 128.500748, 71.107895,9.499584, 231.852173, 0.996561
5, 735,15,201.639343, 201.295166, 128.500748, 71.107895,9.499584, 231.852173, 1.001710
5, 735,16,69.136154, 69.663925, 128.500748, 71.107895,9.499584, 231.852173, 0.992424
5, 735,17,117.579247, 117.306885, 128.500748, 71.107895,9.499584, 231.852173, 1.002322
5, 735,18,9.499584, 10.785323, 128.500748, 71.107895,9.499584, 231.852173, 0.880788
5, 735,19,188.544800, 189.708206, 128.500748, 71.107895,9.499584, 231.852173, 0.993867
5, 735,20,56.198429, 56.258312, 128.500748, 71.107895,9.499584, 231.852173, 0.998936
5, 735,21,92.176193, 92.576080, 128.500748, 71.107895,9.499584, 231.852173, 0.995680
5, 735,22,229.833725, 230.896347, 128.500748, 71.107895,9.499584, 231.852173, 0.995398
5, 735,23,141.214066, 141.417694, 128.500748, 71.107895,9.499584, 231.852173, 0.998560
5, 735,24,182.500763, 181.923843, 128.500748, 71.107895,9.499584, 231.852173, 1.003171
5, 735,25,191.232559, 191.623276, 128.500748, 71.107895,9.499584, 231.852173, 0.997961
5, 735,26,184.710632, 184.913589, 128.500748, 71.107895,9.499584, 231.852173, 0.998902
5, 735,27,132.471420, 131.180939, 128.500748, 71.107895,9.499584, 231.852173, 1.009837
5, 735,28,195.300430, 195.570572, 128.500748, 71.107895,9.499584, 231.852173, 0.998619
5, 735,29,231.852173, 232.308548, 128.500748, 71.107895,9.499584, 231.852173, 0.998035
5, 735,30,177.794586, 178.252121, 128.500748, 71.107895,9.499584, 231.852173, 0.997433
5, 735,31,78.557167, 78.784691, 128.500748, 71.107895,9.499584, 231.852173, 0.997112
5, 736,0,211.105896, 212.407135, 128.852585, 70.475609,11.940409, 232.496262, 0.993874
5, 736,1,221.376602, 219.937668, 128.852585, 70.475609,11.940409, 232.496262, 1.006542
5, 736,2,128.875885, 128.631699, 128.852585, 70.475609,11.940409, 232.496262, 1.001898
5, 736,3,28.749208, 26.587742, 128.852585, 70.475609,11.940409, 232.496262, 1.081296
5, 736,4,199.106964, 200.634232, 128.852585, 70.475609,11.940409, 232.496262, 0.992388
5, 736,5,128.003830, 126.782097, 128.852585, 70.475609,11.940409, 232.496262, 1.009637
5, 736,6,170.718323, 170.159760, 128.852585, 70.475609,11.940409, 232.496262, 1.003283
5, 736,7,80.939247, 80.747444, 128.852585, 70.475609,11.940409, 232.496262, 1.002375
5, 736,8,145.941727, 144.999252, 128.852585, 70.475609,11.940409, 232.496262, 1.006500
5, 736,9,209.249924, 208.473053, 128.852585, 70.475609,11.940409, 232.496262, 1.003726
5, 736,10,195.733307, 196.252441, 128.852585, 70.475609,11.940409, 232.496262, 0.997355
5, 736,11,104.795708, 104.491402, 128.852585, 70.475609,11.940409, 232.496262, 1.002912
5, 736,12,147.498367, 147.692917, 128.852585, 70.475609,11.940409, 232.496262, 0.998683
5, 736,13,40.520550, 41.113022, 128.852585, 70.475609,11.940409, 232.496262, 0.985589
5, 736,14,26.761545, 26.749214, 128.852585, 70.475609,11.940409, 232.496262, 1.000461
5, 736,15,63.151302, 63.484451, 128.852585, 70.475609,11.940409, 232.496262, 0.994752
5, 736,16,232.496262, 232.422516, 128.852585, 70.475609,11.940409, 232.496262, 1.000317
5, 736,17,152.810822, 152.126114, 128.852585, 70.475609,11.940409, 232.496262, 1.004501
5, 736,18,11.940409, 11.497300, 128.852585, 70.475609,11.940409, 232.496262, 1.038540
5, 736,19,205.903244, 206.667480, 128.852585, 70.475609,11.940409, 232.496262, 0.996302
5, 736,20,206.199722, 206.351883, 128.852585, 70.475609,11.940409, 232.496262, 0.999263
5, 736,21,58.217640, 59.513672, 128.852585, 70.475609,11.940409, 232.496262, 0.978223
5, 736,22,89.071495, 88.322021, 128.852585, 70.475609,11.940409, 232.496262, 1.008486
5, 736,23,75.524002, 74.259148, 128.852585, 70.475609,11.940409, 232.496262, 1.017033
5, 736,24,141.620590, 140.639465, 128.852585, 70.475609,11.940409, 232.496262, 1.006976
5, 736,25,228.146072, 227.225998, 128.852585, 70.475609,11.940409, 232.496262, 1.004049
5, 736,26,78.808273, 79.741905, 128.852585, 70.475609,11.940409, 232.496262, 0.988292
5, 736,27,42.045265, 42.955292, 128.852585, 70.475609,11.940409, 232.496262, 0.978815
5, 736,28,214.193161, 214.565002, 128.852585, 70.475609,11.940409, 232.496262, 0.998267
5, 736,29,157.435654, 157.983185, 128.852585, 70.475609,11.940409, 232.496262, 0.996534
5, 736,30,32.901890, 33.252197, 128.852585, 70.475609,11.940409, 232.496262, 0.989465
5, 736,31,93.440140, 94.333244, 128.852585, 70.475609,11.940409, 232.496262, 0.990532
5, 737,0,249.530411, 249.379349, 128.727905, 74.799385,9.994709, 265.387268, 1.000606
5, 737,1,125.382874, 125.412636, 128.727905, 74.799385,9.994709, 265.387268, 0.999763
5, 737,2,10.954274, 11.810892, 128.727905, 74.799385,9.994709, 265.387268, 0.927472
5, 737,3,251.108566, 251.968613, 128.727905, 74.799385,9.994709, 265.387268, 0.996587
5, 737,4,210.444824, 210.500748, 128.727905, 74.799385,9.994709, 265.387268, 0.999734
5, 737,5,160.467575, 159.748108, 128.727905, 74.799385,9.994709, 265.387268, 1.004504
5, 737,6,67.381264, 66.701584, 128.727905, 74.799385,9.994709, 265.387268, 1.010190
5, 737,7,141.838867, 140.749619, 128.727905, 74.799385,9.994709, 265.387268, 1.007739
5, 737,8,103.453979, 103.737518, 128.727905, 74.799385,9.994709, 265.387268, 0.997267
5, 737,9,38.296967, 38.926628, 128.727905, 74.799385,9.994709, 265.387268, 0.983824
5, 737,10,13.850791, 12.541603, 128.727905, 74.799385,9.994709, 265.387268, 1.104388
5, 737,11,265.387268, 266.543121, 128.727905, 74.799385,9.994709, 265.387268, 0.995664
5, 737,12,51.918503, 52.452724, 128.727905, 74.799385,9.994709, 265.387268, 0.989815
5, 737,13,127.790100, 127.986008, 128.727905, 74.799385,9.994709, 265.387268, 0.998469
5, 737,14,62.252262, 62.253780, 128.727905, 74.799385,9.994709, 265.387268, 0.999976
5, 737,15,101.741905, 100.528748, 128.727905, 74.799385,9.994709, 265.387268, 1.012068
5, 737,16,141.734161, 142.115738, 128.727905, 74.799385,9.994709, 265.387268, 0.997315
5, 737,17,117.895798, 118.812408, 128.727905, 74.799385,9.994709, 265.387268, 0.992285
5, 737,18,124.202339, 124.165665, 128.727905, 74.799385,9.994709, 265.387268, 1.000295
5, 737,19,233.548035, 232.986023, 128.727905, 74.799385,9.994709, 265.387268, 1.002412
5, 737,20,127.279755, 128.534042, 128.727905, 74.799385,9.994709, 265.387268, 0.990242
5, 737,21,196.051880, 198.166031, 128.727905, 74.799385,9.994709, 265.387268, 0.989331
5, 737,22,104.551926, 104.285553, 128.727905, 74.799385,9.994709, 265.387268, 1.002554
5, 737,23,198.489685, 197.800674, 128.727905, 74.799385,9.994709, 265.387268, 1.003483
5, 737,24,140.873596, 140.908478, 128.727905, 74.799385,9.994709, 265.387268, 0.999752
5, 737,25,9.994709, 12.104766, 128.727905, 74.799385,9.994709, 265.387268, 0.825684
5, 737,26,52.919434, 52.444782, 128.727905, 74.799385,9.994709, 265.387268, 1.009050
5, 737,27,148.626587, 148.549179, 128.727905, 74.799385,9.994709, 265.387268, 1.000521
5, 737,28,241.451019, 240.634644, 128.727905, 74.799385,9.994709, 265.387268, 1.003393
5, 737,29,23.643177, 22.152042, 128.727905, 74.799385,9.994709, 265.387268, 1.067314
5, 737,30,160.924316, 160.550293, 128.727905, 74.799385,9.994709, 265.387268, 1.002330
5, 737,31,115.306129, 115.548035, 128.727905, 74.799385,9.994709, 265.387268, 0.997906
5, 738,0,196.800079, 197.141647, 128.772385, 66.807426,13.987041, 251.648682, 0.998267
5, 738,1,83.879738, 83.261909, 128.772385, 66.807426,13.987041, 251.648682, 1.007420
5, 738,2,216.132416, 216.100586, 128.772385, 66.807426,13.987041, 251.648682, 1.000147
5, 738,3,68.677635, 68.382553, 128.772385, 66.807426,13.987041, 251.648682, 1.004315
5, 738,4,35.420258, 35.271168, 128.772385, 66.807426,13.987041, 251.648682, 1.004227
5, 738,5,126.201805, 127.276909, 128.772385, 66.807426,13.987041, 251.648682, 0.991553
5, 738,6,172.292831, 171.269669, 128.772385, 66.807426,13.987041, 251.648682, 1.005974
5, 738,7,251.648682, 251.185013, 128.772385, 66.807426,13.987041, 251.648682, 1.001846
5, 738,8,113.261566, 113.369247, 128.772385, 66.807426,13.987041, 251.648682, 0.999050
5, 738,9,72.506485, 74.249741, 128.772385, 66.807426,13.987041, 251.648682, 0.976522
5, 738,10,166.518967, 166.819214, 128.772385, 66.807426,13.987041, 251.648682, 0.998200
5, 738,11,99.733871, 100.500008, 128.772385, 66.807426,13.987041, 251.648682, 0.992377
5, 738,12,104.482895, 104.765030, 128.772385, 66.807426,13.987041, 251.648682, 0.997307
5, 738,13,207.654541, 208.371628, 128.772385, 66.807426,13.987041, 251.648682, 0.996559
5, 738,14,101.102615, 100.811546, 128.772385, 66.807426,13.987041, 251.648682, 1.002887
5, 738,15,221.751404, 222.301544, 128.772385, 66.807426,13.987041, 251.648682, 0.997525
5, 738,16,85.766640, 86.258553, 128.772385, 66.807426,13.987041, 251.648682, 0.994297
5, 738,17,82.636925, 83.825638, 128.772385, 66.807426,13.987041, 251.648682, 0.985819
5, 738,18,133.682755, 133.967438, 128.772385, 66.807426,13.987041, 251.648682, 0.997875
5, 738,19,142.443039, 140.205490, 128.772385, 66.807426,13.987041, 251.648682, 1.015959
5, 738,20,131.989197, 132.765808, 128.772385, 66.807426,13.987041, 251.648682, 0.994151
5, 738,21,13.987041, 14.376281, 128.772385, 66.807426,13.987041, 251.648682, 0.972925
5, 738,22,19.281994, 18.730309, 128.772385, 66.807426,13.987041, 251.648682, 1.029454
5, 738,23,95.597321, 95.752853, 128.772385, 66.807426,13.987041, 251.648682, 0.998376
5, 738,24,173.060181, 172.500946, 128.772385, 66.807426,13.987041, 251.648682, 1.003242
5, 738,25,80.755249, 79.649620, 128.772385, 66.807426,13.987041, 251.648682, 1.013881
5, 738,26,44.877270, 44.631958, 128.772385, 66.807426,13.987041, 251.648682, 1.005496
5, 738,27,187.797394, 186.942688, 128.772385, 66.807426,13.987041, 251.648682, 1.004572
5, 738,28,51.175552, 49.742569, 128.772385, 66.807426,13.987041, 251.648682, 1.028808
5, 738,29,210.352646, 210.552353, 128.772385, 66.807426,13.987041, 251.648682, 0.999052
5, 738,30,204.826599, 205.011536, 128.772385, 66.807426,13.987041, 251.648682, 0.999098
5, 738,31,224.420456, 225.008911, 128.772385, 66.807426,13.987041, 251.648682, 0.997385
5, 739,0,103.409058, 102.403999, 128.629227, 63.009129,23.479742, 239.922577, 1.009815
5, 739,1,169.341278, 169.529938, 128.629227, 63.009129,23.479742, 239.922577, 0.998887
5, 739,2,139.694183, 139.065369, 128.629227, 63.009129,23.479742, 239.922577, 1.004522
5, 739,3,157.616852, 158.836761, 128.629227, 63.009129,23.479742, 239.922577, 0.992320
5, 739,4,39.436314, 40.201340, 128.629227, 63.009129,23.479742, 239.922577, 0.980970
5, 739,5,114.382530, 114.541451, 128.629227, 63.009129,23.479742, 239.922577, 0.998613
5, 739,6,134.454910, 133.224319, 128.629227, 63.009129,23.479742, 239.922577, 1.009237
5, 739,7,111.851074, 111.880608, 128.629227, 63.009129,23.479742, 239.922577, 0.999736
5, 739,8,239.922577, 240.177612, 128.629227, 63.009129,23.479742, 239.922577, 0.998938
5, 739,9,208.552322, 206.454544, 128.629227, 63.009129,23.479742, 239.922577, 1.010161
5, 739,10,69.602036, 69.961571, 128.629227, 63.009129,23.479742, 239.922577, 0.994861
5, 739,11,28.087677, 27.146109, 128.629227, 63.009129,23.479742, 239.922577, 1.034685
5, 739,12,228.289902, 229.270981, 128.629227, 63.009129,23.479742, 239.922577, 0.995721
5, 739,13,101.895973, 104.317818, 128.629227, 63.009129,23.479742, 239.922577, 0.976784
5, 739,14,73.225830, 74.792366, 128.629227, 63.009129,23.479742, 239.922577, 0.979055
5, 739,15,238.360992, 238.505676, 128.629227, 63.009129,23.479742, 239.922577, 0.999393
5, 739,16,23.479742, 21.781723, 128.629227, 63.009129,23.479742, 239.922577, 1.077956
5, 739,17,96.781075, 97.679932, 128.629227, 63.009129,23.479742, 239.922577, 0.990798
5, 739,18,30.386364, 30.020393, 128.629227, 63.009129,23.479742, 239.922577, 1.012191
5, 739,19,128.340973, 128.429077, 128.629227, 63.009129,23.479742, 239.922577, 0.999314
5, 739,20,66.841515, 69.371063, 128.629227, 63.009129,23.479742, 239.922577, 0.963536
5, 739,21,120.836037, 120.268677, 128.629227, 63.009129,23.479742, 239.922577, 1.004717
5, 739,22,115.336487, 114.982559, 128.629227, 63.009129,23.479742, 239.922577, 1.003078
5, 739,23,32.640987, 33.214836, 128.629227, 63.009129,23.479742, 239.922577, 0.982723
5, 739,24,119.138367, 120.467888, 128.629227, 63.009129,23.479742, 239.922577, 0.988964
5, 739,25,170.052277, 170.177383, 128.629227, 63.009129,23.479742, 239.922577, 0.999265
5, 739,26,157.421753, 157.499207, 128.629227, 63.009129,23.479742, 239.922577, 0.999508
5, 739,27,187.218567, 187.238098, 128.629227, 63.009129,23.479742, 239.922577, 0.999896
5, 739,28,202.572403, 201.979492, 128.629227, 63.009129,23.479742, 239.922577, 1.002936
5, 739,29,190.982086, 191.378784, 128.629227, 63.009129,23.479742, 239.922577, 0.997927
5, 739,30,134.736282, 134.974487, 128.629227, 63.009129,23.479742, 239.922577, 0.998235
5, 739,31,181.246674, 181.226288, 128.629227, 63.009129,23.479742, 239.922577, 1.000113
5, 740,0,52.760689, 54.214310, 128.837067, 59.642002,14.029821, 218.939590, 0.973188
5, 740,1,140.336960, 139.008362, 128.837067, 59.642002,14.029821, 218.939590, 1.009558
5, 740,2,76.082123, 77.052887, 128.837067, 59.642002,14.029821, 218.939590, 0.987401
5, 740,3,176.687256, 177.558121, 128.837067, 59.642002,14.029821, 218.939590, 0.995095
5, 740,4,28.259104, 28.907562, 128.837067, 59.642002,14.029821, 218.939590, 0.977568
5, 740,5,218.939590, 220.283798, 128.837067, 59.642002,14.029821, 218.939590, 0.993898
5, 740,6,115.811234, 114.494255, 128.837067, 59.642002,14.029821, 218.939590, 1.011503
5, 740,7,18.413439, 18.628912, 128.837067, 59.642002,14.029821, 218.939590, 0.988433
5, 740,8,153.770340, 154.294220, 128.837067, 59.642002,14.029821, 218.939590, 0.996605
5, 740,9,48.748108, 49.123314, 128.837067, 59.642002,14.029821, 218.939590, 0.992362
5, 740,10,26.518286, 26.548950, 128.837067, 59.642002,14.029821, 218.939590, 0.998845
5, 740,11,146.670227, 145.420425, 128.837067, 59.642002,14.029821, 218.939590, 1.008594
5, 740,12,95.181213, 96.385780, 128.837067, 59.642002,14.029821, 218.939590, 0.987503
5, 740,13,155.519897, 154.983765, 128.837067, 59.642002,14.029821, 218.939590, 1.003459
5, 740,14,171.710968, 170.404953, 128.837067, 59.642002,14.029821, 218.939590, 1.007664
5, 740,15,90.284615, 90.263702, 128.837067, 59.642002,14.029821, 218.939590, 1.000232
5, 740,16,186.189651, 185.568375, 128.837067, 59.642002,14.029821, 218.939590, 1.003348
5, 740,17,125.287621, 124.985558, 128.837067, 59.642002,14.029821, 218.939590, 1.002417
5, 740,18,155.180283, 155.247971, 128.837067, 59.642002,14.029821, 218.939590, 0.999564
5, 740,19,106.950989, 106.812645, 128.837067, 59.642002,14.029821, 218.939590, 1.001295
5, 740,20,199.769745, 199.997162, 128.837067, 59.642002,14.029821, 218.939590, 0.998863
5, 740,21,168.202835, 168.645676, 128.837067, 59.642002,14.029821, 218.939590, 0.997374
5, 740,22,191.861862, 192.766647, 128.837067, 59.642002,14.029821, 218.939590, 0.995306
5, 740,23,101.824776, 101.199669, 128.837067, 59.642002,14.029821, 218.939590, 1.006177
5, 740,24,169.730072, 170.250290, 128.837067, 59.642002,14.029821, 218.939590, 0.996944
5, 740,25,208.217926, 208.355408, 128.837067, 59.642002,14.029821, 218.939590, 0.999340
5, 740,26,155.972977, 156.665726, 128.837067, 59.642002,14.029821, 218.939590, 0.995578
5, 740,27,158.979691, 157.142593, 128.837067, 59.642002,14.029821, 218.939590, 1.011691
5, 740,28,203.358414, 202.832657, 128.837067, 59.642002,14.029821, 218.939590, 1.002592
5, 740,29,14.029821, 12.951488, 128.837067, 59.642002,14.029821, 218.939590, 1.083259
5, 740,30,158.804352, 158.605438, 128.837067, 59.642002,14.029821, 218.939590, 1.001254
5, 740,31,102.731346, 101.399445, 128.837067, 59.642002,14.029821, 218.939590, 1.013135
5, 741,0,15.650653, 15.683194, 128.754913, 63.628616,15.650653, 231.997772, 0.997925
5, 741,1,206.204468, 205.626495, 128.754913, 63.628616,15.650653, 231.997772, 1.002811
5, 741,2,230.691620, 229.639526, 128.754913, 63.628616,15.650653, 231.997772, 1.004581
5, 741,3,100.407448, 100.097931, 128.754913, 63.628616,15.650653, 231.997772, 1.003092
5, 741,4,38.440254, 39.438812, 128.754913, 63.628616,15.650653, 231.997772, 0.974681
5, 741,5,215.743912, 216.132629, 128.754913, 63.628616,15.650653, 231.997772, 0.998201
5, 741,6,98.279816, 98.898972, 128.754913, 63.628616,15.650653, 231.997772, 0.993739
5, 741,7,130.606140, 129.733170, 128.754913, 63.628616,15.650653, 231.997772, 1.006729
5, 741,8,133.288559, 133.512939, 128.754913, 63.628616,15.650653, 231.997772, 0.998319
5, 741,9,102.551170, 101.561058, 128.754913, 63.628616,15.650653, 231.997772, 1.009749
5, 741,10,231.997772, 231.434586, 128.754913, 63.628616,15.650653, 231.997772, 1.002433
5, 741,11,155.973114, 156.245712, 128.754913, 63.628616,15.650653, 231.997772, 0.998255
5, 741,12,75.901291, 75.644615, 128.754913, 63.628616,15.650653, 231.997772, 1.003393
5, 741,13,101.722237, 101.330750, 128.754913, 63.628616,15.650653, 231.997772, 1.003863
5, 741,14,191.858627, 192.207672, 128.754913, 63.628616,15.650653, 231.997772, 0.998184
5, 741,15,81.041252, 80.284645, 128.754913, 63.628616,15.650653, 231.997772, 1.009424
5, 741,16,48.544849, 49.118526, 128.754913, 63.628616,15.650653, 231.997772, 0.988321
5, 741,17,121.169853, 120.920502, 128.754913, 63.628616,15.650653, 231.997772, 1.002062
5, 741,18,119.940201, 119.626709, 128.754913, 63.628616,15.650653, 231.997772, 1.002621
5, 741,19,31.934483, 32.915668, 128.754913, 63.628616,15.650653, 231.997772, 0.970191
5, 741,20,130.259521, 130.329285, 128.754913, 63.628616,15.650653, 231.997772, 0.999465
5, 741,21,187.387054, 187.005402, 128.754913, 63.628616,15.650653, 231.997772, 1.002041
5, 741,22,164.332733, 164.875504, 128.754913, 63.628616,15.650653, 231.997772, 0.996708
5, 741,23,87.736687, 87.898361, 128.754913, 63.628616,15.650653, 231.997772, 0.998161
5, 741,24,181.443558, 180.902237, 128.754913, 63.628616,15.650653, 231.997772, 1.002992
5, 741,25,134.307953, 133.052322, 128.754913, 63.628616,15.650653, 231.997772, 1.009437
5, 741,26,19.576426, 19.998085, 128.754913, 63.628616,15.650653, 231.997772, 0.978915
5, 741,27,150.586227, 151.287323, 128.754913, 63.628616,15.650653, 231.997772, 0.995366
5, 741,28,94.847321, 95.667885, 128.754913, 63.628616,15.650653, 231.997772, 0.991423
5, 741,29,213.519821, 214.852386, 128.754913, 63.628616,15.650653, 231.997772, 0.993798
5, 741,30,95.470322, 95.613693, 128.754913, 63.628616,15.650653, 231.997772, 0.998501
5, 741,31,228.741913, 229.463409, 128.754913, 63.628616,15.650653, 231.997772, 0.996856
5, 742,0,32.187031, 31.401098, 128.840393, 90.245857,12.770989, 307.534698, 1.025029
5, 742,1,33.598774, 34.177094, 128.840393, 90.245857,12.770989, 307.534698, 0.983079
5, 742,2,33.608273, 33.840900, 128.840393, 90.245857,12.770989, 307.534698, 0.993126
5, 742,3,75.477089, 75.259903, 128.840393, 90.245857,12.770989, 307.534698, 1.002886
5, 742,4,108.780823, 108.763947, 128.840393, 90.245857,12.770989, 307.534698, 1.000155
5, 742,5,114.388359, 114.546471, 128.840393, 90.245857,12.770989, 307.534698, 0.998620
5, 742,6,85.316338, 85.528198, 128.840393, 90.245857,12.770989, 307.534698, 0.997523
5, 742,7,72.348923, 72.820099, 128.840393, 90.245857,12.770989, 307.534698, 0.993530
5, 742,8,28.601845, 27.683762, 128.840393, 90.245857,12.770989, 307.534698, 1.033163
5, 742,9,145.005646, 144.064240, 128.840393, 90.245857,12.770989, 307.534698, 1.006535
5, 742,10,185.634644, 186.318924, 128.840393, 90.245857,12.770989, 307.534698, 0.996327
5, 742,11,243.238068, 243.164368, 128.840393, 90.245857,12.770989, 307.534698, 1.000303
5, 742,12,12.770989, 12.218875, 128.840393, 90.245857,12.770989, 307.534698, 1.045185
5, 742,13,201.510452, 201.918274, 128.840393, 90.245857,12.770989, 307.534698, 0.997980
5, 742,14,205.285431, 205.203369, 128.840393, 90.245857,12.770989, 307.534698, 1.000400
5, 742,15,187.206161, 187.682892, 128.840393, 90.245857,12.770989, 307.534698, 0.997460
5, 742,16,12.790934, 13.457987, 128.840393, 90.245857,12.770989, 307.534698, 0.950434
5, 742,17,235.017532, 234.615463, 128.840393, 90.245857,12.770989, 307.534698, 1.001714
5, 742,18,116.817451, 116.496391, 128.840393, 90.245857,12.770989, 307.534698, 1.002756
5, 742,19,69.852158, 69.659882, 128.840393, 90.245857,12.770989, 307.534698, 1.002760
5, 742,20,70.360481, 69.755936, 128.840393, 90.245857,12.770989, 307.534698, 1.008667
5, 742,21,273.115570, 273.556274, 128.840393, 90.245857,12.770989, 307.534698, 0.998389
5, 742,22,173.400284, 173.533966, 128.840393, 90.245857,12.770989, 307.534698, 0.999230
5, 742,23,133.076340, 132.508789, 128.840393, 90.245857,12.770989, 307.534698, 1.004283
5, 742,24,60.182228, 60.275288, 128.840393, 90.245857,12.770989, 307.534698, 0.998456
5, 742,25,267.952209, 269.493103, 128.840393, 90.245857,12.770989, 307.534698, 0.994282
5, 742,26,28.547518, 28.096798, 128.840393, 90.245857,12.770989, 307.534698, 1.016042
5, 742,27,232.829422, 233.337936, 128.840393, 90.245857,12.770989, 307.534698, 0.997821
5, 742,28,42.458492, 41.938354, 128.840393, 90.245857,12.770989, 307.534698, 1.012402
5, 742,29,67.063385, 65.385422, 128.840393, 90.245857,12.770989, 307.534698, 1.025663
5, 742,30,266.934723, 267.639252, 128.840393, 90.245857,12.770989, 307.534698, 0.997368
5, 742,31,307.534698, 306.656860, 128.840393, 90.245857,12.770989, 307.534698, 1.002863
5, 743,0,200.977829, 200.644348, 129.192245, 53.357273,16.734346, 205.081818, 1.001662
5, 743,1,120.051598, 120.543968, 129.192245, 53.357273,16.734346, 205.081818, 0.995915
5, 743,2,156.222275, 155.801392, 129.192245, 53.357273,16.734346, 205.081818, 1.002701
5, 743,3,199.980270, 199.662308, 129.192245, 53.357273,16.734346, 205.081818, 1.001593
5, 743,4,127.112556, 127.297813, 129.192245, 53.357273,16.734346, 205.081818, 0.998545
5, 743,5,124.136948, 123.068367, 129.192245, 53.357273,16.734346, 205.081818, 1.008683
5, 743,6,42.831093, 42.335373, 129.192245, 53.357273,16.734346, 205.081818, 1.011709
5, 743,7,172.480438, 171.773285, 129.192245, 53.357273,16.734346, 205.081818, 1.004117
5, 743,8,16.734346, 17.543114, 129.192245, 53.357273,16.734346, 205.081818, 0.953898
5, 743,9,190.317459, 189.347748, 129.192245, 53.357273,16.734346, 205.081818, 1.005121
5, 743,10,201.164734, 200.993790, 129.192245, 53.357273,16.734346, 205.081818, 1.000850
5, 743,11,115.822777, 115.175819, 129.192245, 53.357273,16.734346, 205.081818, 1.005617
5, 743,12,178.692642, 178.936813, 129.192245, 53.357273,16.734346, 205.081818, 0.998635
5, 743,13,127.447029, 127.105034, 129.192245, 53.357273,16.734346, 205.081818, 1.002691
5, 743,14,103.670891, 103.228546, 129.192245, 53.357273,16.734346, 205.081818, 1.004285
5, 743,15,94.093147, 94.805794, 129.192245, 53.357273,16.734346, 205.081818, 0.992483
5, 743,16,142.310516, 141.865906, 129.192245, 53.357273,16.734346, 205.081818, 1.003134
5, 743,17,98.359100, 96.751823, 129.192245, 53.357273,16.734346, 205.081818, 1.016612
5, 743,18,151.294113, 150.487457, 129.192245, 53.357273,16.734346, 205.081818, 1.005360
5, 743,19,107.507210, 107.927925, 129.192245, 53.357273,16.734346, 205.081818, 0.996102
5, 743,20,158.983078, 159.488586, 129.192245, 53.357273,16.734346, 205.081818, 0.996830
5, 743,21,85.911034, 84.635857, 129.192245, 53.357273,16.734346, 205.081818, 1.015067
5, 743,22,22.386909, 21.778584, 129.192245, 53.357273,16.734346, 205.081818, 1.027932
5, 743,23,130.218582, 130.515091, 129.192245, 53.357273,16.734346, 205.081818, 0.997728
5, 743,24,205.081818, 204.855728, 129.192245, 53.357273,16.734346, 205.081818, 1.001104
5, 743,25,172.378494, 172.472153, 129.192245, 53.357273,16.734346, 205.081818, 0.999457
5, 743,26,161.667282, 160.326050, 129.192245, 53.357273,16.734346, 205.081818, 1.008366
5, 743,27,27.604042, 25.242870, 129.192245, 53.357273,16.734346, 205.081818, 1.093538
5, 743,28,174.738861, 172.978241, 129.192245, 53.357273,16.734346, 205.081818, 1.010178
5, 743,29,153.768646, 153.234787, 129.192245, 53.357273,16.734346, 205.081818, 1.003484
5, 743,30,88.435623, 87.985672, 129.192245, 53.357273,16.734346, 205.081818, 1.005114
5, 743,31,81.770355, 82.189758, 129.192245, 53.357273,16.734346, 205.081818, 0.994897
5, 744,0,160.022644, 160.421875, 128.810623, 55.514236,21.810492, 201.688553, 0.997511
5, 744,1,104.702934, 104.652115, 128.810623, 55.514236,21.810492, 201.688553, 1.000486
5, 744,2,169.033188, 168.883820, 128.810623, 55.514236,21.810492, 201.688553, 1.000884
5, 744,3,101.144661, 101.803055, 128.810623, 55.514236,21.810492, 201.688553, 0.993533
5, 744,4,177.702316, 177.796265, 128.810623, 55.514236,21.810492, 201.688553, 0.999472
5, 744,5,69.439880, 69.464996, 128.810623, 55.514236,21.810492, 201.688553, 0.999638
5, 744,6,104.884651, 105.540924, 128.810623, 55.514236,21.810492, 201.688553, 0.993782
5, 744,7,154.082413, 155.277725, 128.810623, 55.514236,21.810492, 201.688553, 0.992302
5, 744,8,161.766144, 162.503860, 128.810623, 55.514236,21.810492, 201.688553, 0.995460
5, 744,9,75.564056, 74.670021, 128.810623, 55.514236,21.810492, 201.688553, 1.011973
5, 744,10,25.411928, 25.365446, 128.810623, 55.514236,21.810492, 201.688553, 1.001832
5, 744,11,152.320847, 151.990341, 128.810623, 55.514236,21.810492, 201.688553, 1.002174
5, 744,12,21.810492, 22.120682, 128.810623, 55.514236,21.810492, 201.688553, 0.985977
5, 744,13,201.688553, 200.460907, 128.810623, 55.514236,21.810492, 201.688553, 1.006124
5, 744,14,179.081650, 179.147736, 128.810623, 55.514236,21.810492, 201.688553, 0.999631
5, 744,15,160.622192, 159.411301, 128.810623, 55.514236,21.810492, 201.688553, 1.007596
5, 744,16,185.849197, 186.672180, 128.810623, 55.514236,21.810492, 201.688553, 0.995591
5, 744,17,152.394028, 151.929474, 128.810623, 55.514236,21.810492, 201.688553, 1.003058
5, 744,18,161.354156, 161.700287, 128.810623, 55.514236,21.810492, 201.688553, 0.997859
5, 744,19,175.797653, 176.055176, 128.810623, 55.514236,21.810492, 201.688553, 0.998537
5, 744,20,23.063251, 22.924263, 128.810623, 55.514236,21.810492, 201.688553, 1.006063
5, 744,21,51.821865, 51.463570, 128.810623, 55.514236,21.810492, 201.688553, 1.006962
5, 744,22,51.237419, 50.519970, 128.810623, 55.514236,21.810492, 201.688553, 1.014201
5, 744,23,131.477676, 131.596436, 128.810623, 55.514236,21.810492, 201.688553, 0.999098
5, 744,24,153.764252, 153.007004, 128.810623, 55.514236,21.810492, 201.688553, 1.004949
5, 744,25,90.625519, 90.735550, 128.810623, 55.514236,21.810492, 201.688553, 0.998787
5, 744,26,177.418335, 178.100647, 128.810623, 55.514236,21.810492, 201.688553, 0.996169
5, 744,27,196.397598, 195.955978, 128.810623, 55.514236,21.810492, 201.688553, 1.002254
5, 744,28,57.166340, 55.944145, 128.810623, 55.514236,21.810492, 201.688553, 1.021847
5, 744,29,169.998093, 170.630997, 128.810623, 55.514236,21.810492, 201.688553, 0.996291
5, 744,30,143.009491, 142.505646, 128.810623, 55.514236,21.810492, 201.688553, 1.003536
5, 744,31,181.286469, 181.747208, 128.810623, 55.514236,21.810492, 201.688553, 0.997465
5, 745,0,176.469162, 177.275681, 128.650192, 49.942589,16.561951, 199.735306, 0.995450
5, 745,1,153.455154, 152.556335, 128.650192, 49.942589,16.561951, 199.735306, 1.005892
5, 745,2,148.148605, 148.529816, 128.650192, 49.942589,16.561951, 199.735306, 0.997433
5, 745,3,111.565979, 111.596695, 128.650192, 49.942589,16.561951, 199.735306, 0.999725
5, 745,4,168.317520, 168.429001, 128.650192, 49.942589,16.561951, 199.735306, 0.999338
5, 745,5,93.452629, 93.611580, 128.650192, 49.942589,16.561951, 199.735306, 0.998302
5, 745,6,133.645523, 134.005157, 128.650192, 49.942589,16.561951, 199.735306, 0.997316
5, 745,7,160.756287, 160.434311, 128.650192, 49.942589,16.561951, 199.735306, 1.002007
5, 745,8,184.093536, 182.726059, 128.650192, 49.942589,16.561951, 199.735306, 1.007484
5, 745,9,184.974838, 185.626328, 128.650192, 49.942589,16.561951, 199.735306, 0.996490
5, 745,10,86.052048, 87.040756, 128.650192, 49.942589,16.561951, 199.735306, 0.988641
5, 745,11,199.735306, 198.569550, 128.650192, 49.942589,16.561951, 199.735306, 1.005871
5, 745,12,153.218521, 152.912308, 128.650192, 49.942589,16.561951, 199.735306, 1.002003
5, 745,13,118.856285, 118.768570, 128.650192, 49.942589,16.561951, 199.735306, 1.000739
5, 745,14,82.004677, 81.613716, 128.650192, 49.942589,16.561951, 199.735306, 1.004790
5, 745,15,178.583679, 180.415176, 128.650192, 49.942589,16.561951, 199.735306, 0.989848
5, 745,16,164.334305, 164.670914, 128.650192, 49.942589,16.561951, 199.735306, 0.997956
5, 745,17,75.254898, 76.069954, 128.650192, 49.942589,16.561951, 199.735306, 0.989285
5, 745,18,64.826225, 65.040787, 128.650192, 49.942589,16.561951, 199.735306, 0.996701
5, 745,19,16.561951, 17.627048, 128.650192, 49.942589,16.561951, 199.735306, 0.939576
5, 745,20,170.306168, 170.512283, 128.650192, 49.942589,16.561951, 199.735306, 0.998791
5, 745,21,85.750595, 85.791954, 128.650192, 49.942589,16.561951, 199.735306, 0.999518
5, 745,22,198.105042, 199.526566, 128.650192, 49.942589,16.561951, 199.735306, 0.992876
5, 745,23,107.935135, 108.060364, 128.650192, 49.942589,16.561951, 199.735306, 0.998841
5, 745,24,52.870033, 52.202602, 128.650192, 49.942589,16.561951, 199.735306, 1.012785
5, 745,25,50.188148, 49.331520, 128.650192, 49.942589,16.561951, 199.735306, 1.017365
5, 745,26,133.540237, 132.995605, 128.650192, 49.942589,16.561951, 199.735306, 1.004095
5, 745,27,105.664978, 105.288483, 128.650192, 49.942589,16.561951, 199.735306, 1.003576
5, 745,28,181.026611, 180.987076, 128.650192, 49.942589,16.561951, 199.735306, 1.000218
5, 745,29,186.918884, 187.832153, 128.650192, 49.942589,16.561951, 199.735306, 0.995138
5, 745,30,73.125648, 73.397278, 128.650192, 49.942589,16.561951, 199.735306, 0.996299
5, 745,31,117.067429, 117.554787, 128.650192, 49.942589,16.561951, 199.735306, 0.995854
5, 746,0,49.590279, 51.435650, 128.671814, 77.941391,16.038145, 243.936890, 0.964123
5, 746,1,29.534283, 28.699644, 128.671814, 77.941391,16.038145, 243.936890, 1.029082
5, 746,2,162.550262, 164.079605, 128.671814, 77.941391,16.038145, 243.936890, 0.990679
5, 746,3,16.038145, 17.230913, 128.671814, 77.941391,16.038145, 243.936890, 0.930777
5, 746,4,64.893433, 65.674438, 128.671814, 77.941391,16.038145, 243.936890, 0.988108
5, 746,5,58.158245, 57.234772, 128.671814, 77.941391,16.038145, 243.936890, 1.016135
5, 746,6,78.036774, 78.812393, 128.671814, 77.941391,16.038145, 243.936890, 0.990159
5, 746,7,102.563492, 101.159874, 128.671814, 77.941391,16.038145, 243.936890, 1.013875
5, 746,8,135.493881, 134.724258, 128.671814, 77.941391,16.038145, 243.936890, 1.005713
5, 746,9,179.707367, 179.260925, 128.671814, 77.941391,16.038145, 243.936890, 1.002490
5, 746,10,36.805988, 37.160892, 128.671814, 77.941391,16.038145, 243.936890, 0.990450
5, 746,11,32.981415, 32.476990, 128.671814, 77.941391,16.038145, 243.936890, 1.015532
5, 746,12,232.766418, 233.302109, 128.671814, 77.941391,16.038145, 243.936890, 0.997704
5, 746,13,149.232544, 149.294006, 128.671814, 77.941391,16.038145, 243.936890, 0.999588
5, 746,14,207.344955, 206.961441, 128.671814, 77.941391,16.038145, 243.936890, 1.001853
5, 746,15,188.954849, 188.197037, 128.671814, 77.941391,16.038145, 243.936890, 1.004027
5, 746,16,243.936890, 243.080017, 128.671814, 77.941391,16.038145, 243.936890, 1.003525
5, 746,17,232.537766, 231.258743, 128.671814, 77.941391,16.038145, 243.936890, 1.005531
5, 746,18,189.143234, 187.527908, 128.671814, 77.941391,16.038145, 243.936890, 1.008614
5, 746,19,243.690430, 243.562073, 128.671814, 77.941391,16.038145, 243.936890, 1.000527
5, 746,20,177.442337, 178.354370, 128.671814, 77.941391,16.038145, 243.936890, 0.994886
5, 746,21,78.611748, 79.416771, 128.671814, 77.941391,16.038145, 243.936890, 0.989863
5, 746,22,155.657639, 156.474548, 128.671814, 77.941391,16.038145, 243.936890, 0.994779
5, 746,23,239.244965, 240.504242, 128.671814, 77.941391,16.038145, 243.936890, 0.994764
5, 746,24,192.169571, 192.960083, 128.671814, 77.941391,16.038145, 243.936890, 0.995903
5, 746,25,161.150787, 161.618927, 128.671814, 77.941391,16.038145, 243.936890, 0.997103
5, 746,26,48.043617, 48.046837, 128.671814, 77.941391,16.038145, 243.936890, 0.999933
5, 746,27,18.222559, 17.245304, 128.671814, 77.941391,16.038145, 243.936890, 1.056668
5, 746,28,81.295944, 81.143555, 128.671814, 77.941391,16.038145, 243.936890, 1.001878
5, 746,29,221.679764, 221.229004, 128.671814, 77.941391,16.038145, 243.936890, 1.002038
5, 746,30,70.113373, 70.941132, 128.671814, 77.941391,16.038145, 243.936890, 0.988332
5, 746,31,39.904545, 41.931137, 128.671814, 77.941391,16.038145, 243.936890, 0.951669
5, 747,0,224.113113, 223.962875, 128.867767, 70.171349,19.519466, 235.717453, 1.000671
5, 747,1,235.717453, 236.253845, 128.867767, 70.171349,19.519466, 235.717453, 0.997730
5, 747,2,96.641907, 97.147507, 128.867767, 70.171349,19.519466, 235.717453, 0.994796
5, 747,3,209.881897, 208.733582, 128.867767, 70.171349,19.519466, 235.717453, 1.005501
5, 747,4,163.444931, 162.694458, 128.867767, 70.171349,19.519466, 235.717453, 1.004613
5, 747,5,29.313438, 28.526012, 128.867767, 70.171349,19.519466, 235.717453, 1.027604
5, 747,6,53.908619, 53.373085, 128.867767, 70.171349,19.519466, 235.717453, 1.010034
5, 747,7,116.143005, 115.938683, 128.867767, 70.171349,19.519466, 235.717453, 1.001762
5, 747,8,37.739082, 38.745773, 128.867767, 70.171349,19.519466, 235.717453, 0.974018
5, 747,9,135.267059, 134.557861, 128.867767, 70.171349,19.519466, 235.717453, 1.005271
5, 747,10,19.519466, 19.481590, 128.867767, 70.171349,19.519466, 235.717453, 1.001944
5, 747,11,199.243912, 200.240997, 128.867767, 70.171349,19.519466, 235.717453, 0.995021
5, 747,12,149.828613, 150.367676, 128.867767, 70.171349,19.519466, 235.717453, 0.996415
5, 747,13,118.829605, 117.450867, 128.867767, 70.171349,19.519466, 235.717453, 1.011739
5, 747,14,52.013805, 49.997551, 128.867767, 70.171349,19.519466, 235.717453, 1.040327
5, 747,15,191.159439, 191.712570, 128.867767, 70.171349,19.519466, 235.717453, 0.997115
5, 747,16,99.359528, 99.756195, 128.867767, 70.171349,19.519466, 235.717453, 0.996024
5, 747,17,213.766006, 213.958130, 128.867767, 70.171349,19.519466, 235.717453, 0.999102
5, 747,18,73.793892, 73.726608, 128.867767, 70.171349,19.519466, 235.717453, 1.000913
5, 747,19,148.154282, 148.160324, 128.867767, 70.171349,19.519466, 235.717453, 0.999959
5, 747,20,64.961266, 63.578514, 128.867767, 70.171349,19.519466, 235.717453, 1.021749
5, 747,21,135.178818, 135.425018, 128.867767, 70.171349,19.519466, 235.717453, 0.998182
5, 747,22,114.945000, 115.035675, 128.867767, 70.171349,19.519466, 235.717453, 0.999212
5, 747,23,56.689011, 55.293770, 128.867767, 70.171349,19.519466, 235.717453, 1.025233
5, 747,24,25.254049, 25.666485, 128.867767, 70.171349,19.519466, 235.717453, 0.983931
5, 747,25,224.268753, 224.980560, 128.867767, 70.171349,19.519466, 235.717453, 0.996836
5, 747,26,22.036345, 22.140450, 128.867767, 70.171349,19.519466, 235.717453, 0.995298
5, 747,27,200.981750, 201.595505, 128.867767, 70.171349,19.519466, 235.717453, 0.996956
5, 747,28,208.121414, 208.174576, 128.867767, 70.171349,19.519466, 235.717453, 0.999745
5, 747,29,193.390808, 193.289261, 128.867767, 70.171349,19.519466, 235.717453, 1.000525
5, 747,30,117.584068, 118.697884, 128.867767, 70.171349,19.519466, 235.717453, 0.990616
5, 747,31,192.518555, 192.336090, 128.867767, 70.171349,19.519466, 235.717453, 1.000949
5, 748,0,162.598068, 162.574692, 128.551392, 62.347961,11.397938, 211.462891, 1.000144
5, 748,1,148.018845, 147.222977, 128.551392, 62.347961,11.397938, 211.462891, 1.005406
5, 748,2,75.025574, 76.017281, 128.551392, 62.347961,11.397938, 211.462891, 0.986954
5, 748,3,195.658920, 194.672516, 128.551392, 62.347961,11.397938, 211.462891, 1.005067
5, 748,4,125.652328, 125.916557, 128.551392, 62.347961,11.397938, 211.462891, 0.997902
5, 748,5,183.424301, 184.031860, 128.551392, 62.347961,11.397938, 211.462891, 0.996699
5, 748,6,62.979225, 63.278652, 128.551392, 62.347961,11.397938, 211.462891, 0.995268
5, 748,7,100.160088, 99.434265, 128.551392, 62.347961,11.397938, 211.462891, 1.007300
5, 748,8,126.223778, 127.411522, 128.551392, 62.347961,11.397938, 211.462891, 0.990678
5, 748,9,205.445816, 204.515442, 128.551392, 62.347961,11.397938, 211.462891, 1.004549
5, 748,10,145.775726, 146.060928, 128.551392, 62.347961,11.397938, 211.462891, 0.998047
5, 748,11,201.405121, 201.921219, 128.551392, 62.347961,11.397938, 211.462891, 0.997444
5, 748,12,120.791786, 121.795967, 128.551392, 62.347961,11.397938, 211.462891, 0.991755
5, 748,13,191.373260, 192.580826, 128.551392, 62.347961,11.397938, 211.462891, 0.993730
5, 748,14,108.887520, 107.813622, 128.551392, 62.347961,11.397938, 211.462891, 1.009961
5, 748,15,196.409317, 196.732819, 128.551392, 62.347961,11.397938, 211.462891, 0.998356
5, 748,16,83.109894, 82.681831, 128.551392, 62.347961,11.397938, 211.462891, 1.005177
5, 748,17,70.894485, 70.715805, 128.551392, 62.347961,11.397938, 211.462891, 1.002527
5, 748,18,136.879105, 136.532074, 128.551392, 62.347961,11.397938, 211.462891, 1.002542
5, 748,19,167.941467, 168.014359, 128.551392, 62.347961,11.397938, 211.462891, 0.999566
5, 748,20,179.900757, 180.256760, 128.551392, 62.347961,11.397938, 211.462891, 0.998025
5, 748,21,15.908996, 15.910777, 128.551392, 62.347961,11.397938, 211.462891, 0.999888
5, 748,22,211.462891, 211.531738, 128.551392, 62.347961,11.397938, 211.462891, 0.999674
5, 748,23,189.126587, 190.784348, 128.551392, 62.347961,11.397938, 211.462891, 0.991311
5, 748,24,47.263905, 47.638020, 128.551392, 62.347961,11.397938, 211.462891, 0.992147
5, 748,25,11.397938, 10.502510, 128.551392, 62.347961,11.397938, 211.462891, 1.085258
5, 748,26,135.202637, 138.636353, 128.551392, 62.347961,11.397938, 211.462891, 0.975232
5, 748,27,45.245037, 45.244816, 128.551392, 62.347961,11.397938, 211.462891, 1.000005
5, 748,28,178.139877, 178.296967, 128.551392, 62.347961,11.397938, 211.462891, 0.999119
5, 748,29,204.081772, 203.937561, 128.551392, 62.347961,11.397938, 211.462891, 1.000707
5, 748,30,34.415203, 34.447124, 128.551392, 62.347961,11.397938, 211.462891, 0.999073
5, 748,31,52.843533, 53.887993, 128.551392, 62.347961,11.397938, 211.462891, 0.980618
5, 749,0,190.543213, 191.307373, 128.615295, 67.120125,10.233424, 250.000900, 0.996006
5, 749,1,70.621483, 69.159882, 128.615295, 67.120125,10.233424, 250.000900, 1.021134
5, 749,2,159.466354, 159.009521, 128.615295, 67.120125,10.233424, 250.000900, 1.002873
5, 749,3,42.538815, 43.158527, 128.615295, 67.120125,10.233424, 250.000900, 0.985641
5, 749,4,102.223793, 102.446762, 128.615295, 67.120125,10.233424, 250.000900, 0.997824
5, 749,5,148.169846, 147.118668, 128.615295, 67.120125,10.233424, 250.000900, 1.007145
5, 749,6,159.323395, 159.047256, 128.615295, 67.120125,10.233424, 250.000900, 1.001736
5, 749,7,90.654953, 89.755615, 128.615295, 67.120125,10.233424, 250.000900, 1.010020
5, 749,8,51.219540, 51.138618, 128.615295, 67.120125,10.233424, 250.000900, 1.001582
5, 749,9,91.731667, 92.179085, 128.615295, 67.120125,10.233424, 250.000900, 0.995146
5, 749,10,37.515759, 38.734367, 128.615295, 67.120125,10.233424, 250.000900, 0.968539
5, 749,11,82.305260, 83.134491, 128.615295, 67.120125,10.233424, 250.000900, 0.990025
5, 749,12,141.567123, 142.022568, 128.615295, 67.120125,10.233424, 250.000900, 0.996793
5, 749,13,228.437424, 227.342361, 128.615295, 67.120125,10.233424, 250.000900, 1.004817
5, 749,14,10.233424, 10.558681, 128.615295, 67.120125,10.233424, 250.000900, 0.969195
5, 749,15,169.153671, 170.704102, 128.615295, 67.120125,10.233424, 250.000900, 0.990917
5, 749,16,177.460709, 176.034225, 128.615295, 67.120125,10.233424, 250.000900, 1.008103
5, 749,17,49.186340, 49.251179, 128.615295, 67.120125,10.233424, 250.000900, 0.998684
5, 749,18,62.104069, 62.214108, 128.615295, 67.120125,10.233424, 250.000900, 0.998231
5, 749,19,131.116226, 132.426849, 128.615295, 67.120125,10.233424, 250.000900, 0.990103
5, 749,20,222.684906, 223.476883, 128.615295, 67.120125,10.233424, 250.000900, 0.996456
5, 749,21,250.000900, 250.678650, 128.615295, 67.120125,10.233424, 250.000900, 0.997296
5, 749,22,228.779144, 228.467285, 128.615295, 67.120125,10.233424, 250.000900, 1.001365
5, 749,23,80.874001, 80.582664, 128.615295, 67.120125,10.233424, 250.000900, 1.003615
5, 749,24,163.175659, 163.577133, 128.615295, 67.120125,10.233424, 250.000900, 0.997546
5, 749,25,174.311966, 174.539368, 128.615295, 67.120125,10.233424, 250.000900, 0.998697
5, 749,26,218.539886, 219.845459, 128.615295, 67.120125,10.233424, 250.000900, 0.994061
5, 749,27,120.535522, 120.294380, 128.615295, 67.120125,10.233424, 250.000900, 1.002005
5, 749,28,115.279411, 115.515388, 128.615295, 67.120125,10.233424, 250.000900, 0.997957
5, 749,29,14.572061, 15.216881, 128.615295, 67.120125,10.233424, 250.000900, 0.957625
5, 749,30,147.434570, 147.692444, 128.615295, 67.120125,10.233424, 250.000900, 0.998254
5, 749,31,183.928955, 184.369156, 128.615295, 67.120125,10.233424, 250.000900, 0.997612
5, 750,0,99.049431, 99.288887, 128.715546, 71.944435,16.400833, 255.226791, 0.997588
5, 750,1,136.245178, 137.399353, 128.715546, 71.944435,16.400833, 255.226791, 0.991600
5, 750,2,252.532700, 251.837036, 128.715546, 71.944435,16.400833, 255.226791, 1.002762
5, 750,3,143.335663, 143.952316, 128.715546, 71.944435,16.400833, 255.226791, 0.995716
5, 750,4,105.546913, 106.213921, 128.715546, 71.944435,16.400833, 255.226791, 0.993720
5, 750,5,143.559845, 144.430695, 128.715546, 71.944435,16.400833, 255.226791, 0.993970
5, 750,6,124.315079, 124.437691, 128.715546, 71.944435,16.400833, 255.226791, 0.999015
5, 750,7,167.800262, 167.149643, 128.715546, 71.944435,16.400833, 255.226791, 1.003892
5, 750,8,161.627930, 161.636963, 128.715546, 71.944435,16.400833, 255.226791, 0.999944
5, 750,9,219.400345, 219.861908, 128.715546, 71.944435,16.400833, 255.226791, 0.997901
5, 750,10,60.215862, 59.986282, 128.715546, 71.944435,16.400833, 255.226791, 1.003827
5, 750,11,199.383606, 200.127075, 128.715546, 71.944435,16.400833, 255.226791, 0.996285
5, 750,12,66.446068, 66.167175, 128.715546, 71.944435,16.400833, 255.226791, 1.004215
5, 750,13,187.456833, 187.302109, 128.715546, 71.944435,16.400833, 255.226791, 1.000826
5, 750,14,50.195187, 49.788570, 128.715546, 71.944435,16.400833, 255.226791, 1.008167
5, 750,15,17.648888, 16.347946, 128.715546, 71.944435,16.400833, 255.226791, 1.079578
5, 750,16,137.760529, 137.475281, 128.715546, 71.944435,16.400833, 255.226791, 1.002075
5, 750,17,54.190361, 55.141804, 128.715546, 71.944435,16.400833, 255.226791, 0.982746
5, 750,18,47.232571, 45.969170, 128.715546, 71.944435,16.400833, 255.226791, 1.027484
5, 750,19,198.948013, 200.871216, 128.715546, 71.944435,16.400833, 255.226791, 0.990426
5, 750,20,158.566544, 157.665695, 128.715546, 71.944435,16.400833, 255.226791, 1.005714
5, 750,21,218.741898, 219.588547, 128.715546, 71.944435,16.400833, 255.226791, 0.996144
5, 750,22,255.226791, 254.259277, 128.715546, 71.944435,16.400833, 255.226791, 1.003805
5, 750,23,58.606731, 58.839706, 128.715546, 71.944435,16.400833, 255.226791, 0.996041
5, 750,24,79.491478, 80.434875, 128.715546, 71.944435,16.400833, 255.226791, 0.988271
5, 750,25,122.130020, 120.891640, 128.715546, 71.944435,16.400833, 255.226791, 1.010244
5, 750,26,95.458107, 95.788406, 128.715546, 71.944435,16.400833, 255.226791, 0.996552
5, 750,27,16.400833, 14.897638, 128.715546, 71.944435,16.400833, 255.226791, 1.100902
5, 750,28,204.023972, 204.083145, 128.715546, 71.944435,16.400833, 255.226791, 0.999710
5, 750,29,242.928467, 243.446487, 128.715546, 71.944435,16.400833, 255.226791, 0.997872
5, 750,30,74.935684, 75.385376, 128.715546, 71.944435,16.400833, 255.226791, 0.994035
5, 750,31,19.495502, 20.334396, 128.715546, 71.944435,16.400833, 255.226791, 0.958745
5, 751,0,130.945419, 131.400253, 128.723267, 67.780083,10.772083, 241.653000, 0.996539
5, 751,1,34.026081, 33.859222, 128.723267, 67.780083,10.772083, 241.653000, 1.004928
5, 751,2,215.071625, 215.126862, 128.723267, 67.780083,10.772083, 241.653000, 0.999743
5, 751,3,40.854759, 40.008049, 128.723267, 67.780083,10.772083, 241.653000, 1.021163
5, 751,4,208.449005, 208.167603, 128.723267, 67.780083,10.772083, 241.653000, 1.001352
5, 751,5,113.968185, 112.336662, 128.723267, 67.780083,10.772083, 241.653000, 1.014524
5, 751,6,67.085754, 66.491859, 128.723267, 67.780083,10.772083, 241.653000, 1.008932
5, 751,7,108.760185, 109.949997, 128.723267, 67.780083,10.772083, 241.653000, 0.989179
5, 751,8,10.772083, 11.360622, 128.723267, 67.780083,10.772083, 241.653000, 0.948195
5, 751,9,109.349335, 110.292015, 128.723267, 67.780083,10.772083, 241.653000, 0.991453
5, 751,10,99.841362, 99.317802, 128.723267, 67.780083,10.772083, 241.653000, 1.005272
5, 751,11,68.161453, 66.937973, 128.723267, 67.780083,10.772083, 241.653000, 1.018278
5, 751,12,54.345760, 54.380089, 128.723267, 67.780083,10.772083, 241.653000, 0.999369
5, 751,13,241.653000, 241.670151, 128.723267, 67.780083,10.772083, 241.653000, 0.999929
5, 751,14,134.583801, 134.954224, 128.723267, 67.780083,10.772083, 241.653000, 0.997255
5, 751,15,152.699020, 153.965775, 128.723267, 67.780083,10.772083, 241.653000, 0.991772
5, 751,16,121.087585, 121.808975, 128.723267, 67.780083,10.772083, 241.653000, 0.994078
5, 751,17,220.624405, 221.097260, 128.723267, 67.780083,10.772083, 241.653000, 0.997861
5, 751,18,47.113560, 47.941296, 128.723267, 67.780083,10.772083, 241.653000, 0.982734
5, 751,19,160.428650, 159.356216, 128.723267, 67.780083,10.772083, 241.653000, 1.006730
5, 751,20,53.657745, 54.618011, 128.723267, 67.780083,10.772083, 241.653000, 0.982419
5, 751,21,105.220573, 106.061447, 128.723267, 67.780083,10.772083, 241.653000, 0.992072
5, 751,22,74.283813, 71.807953, 128.723267, 67.780083,10.772083, 241.653000, 1.034479
5, 751,23,234.866959, 235.350342, 128.723267, 67.780083,10.772083, 241.653000, 0.997946
5, 751,24,125.897369, 126.604614, 128.723267, 67.780083,10.772083, 241.653000, 0.994414
5, 751,25,174.071655, 172.650162, 128.723267, 67.780083,10.772083, 241.653000, 1.008233
5, 751,26,104.947250, 106.024269, 128.723267, 67.780083,10.772083, 241.653000, 0.989842
5, 751,27,84.622963, 84.127914, 128.723267, 67.780083,10.772083, 241.653000, 1.005885
5, 751,28,225.918442, 227.826019, 128.723267, 67.780083,10.772083, 241.653000, 0.991627
5, 751,29,228.210678, 228.294434, 128.723267, 67.780083,10.772083, 241.653000, 0.999633
5, 751,30,224.045883, 224.450485, 128.723267, 67.780083,10.772083, 241.653000, 0.998197
5, 751,31,143.580368, 142.761078, 128.723267, 67.780083,10.772083, 241.653000, 1.005739
5, 752,0,102.782372, 103.567337, 128.540573, 55.822166,25.198130, 210.078552, 0.992421
5, 752,1,93.910019, 93.718834, 128.540573, 55.822166,25.198130, 210.078552, 1.002040
5, 752,2,68.249931, 70.209290, 128.540573, 55.822166,25.198130, 210.078552, 0.972093
5, 752,3,208.761307, 209.854034, 128.540573, 55.822166,25.198130, 210.078552, 0.994793
5, 752,4,174.485123, 175.253479, 128.540573, 55.822166,25.198130, 210.078552, 0.995616
5, 752,5,30.577387, 29.546602, 128.540573, 55.822166,25.198130, 210.078552, 1.034887
5, 752,6,111.738564, 111.826744, 128.540573, 55.822166,25.198130, 210.078552, 0.999211
5, 752,7,61.125427, 60.929722, 128.540573, 55.822166,25.198130, 210.078552, 1.003212
5, 752,8,194.862396, 195.728699, 128.540573, 55.822166,25.198130, 210.078552, 0.995574
5, 752,9,171.357132, 170.924332, 128.540573, 55.822166,25.198130, 210.078552, 1.002532
5, 752,10,164.760712, 164.509048, 128.540573, 55.822166,25.198130, 210.078552, 1.001530
5, 752,11,147.120148, 145.295975, 128.540573, 55.822166,25.198130, 210.078552, 1.012555
5, 752,12,197.158234, 196.833847, 128.540573, 55.822166,25.198130, 210.078552, 1.001648
5, 752,13,104.075127, 103.547722, 128.540573, 55.822166,25.198130, 210.078552, 1.005093
5, 752,14,179.253891, 177.594604, 128.540573, 55.822166,25.198130, 210.078552, 1.009343
5, 752,15,103.426964, 102.776062, 128.540573, 55.822166,25.198130, 210.078552, 1.006333
5, 752,16,115.894981, 117.025658, 128.540573, 55.822166,25.198130, 210.078552, 0.990338
5, 752,17,114.653900, 116.750999, 128.540573, 55.822166,25.198130, 210.078552, 0.982038
5, 752,18,145.959274, 147.421310, 128.540573, 55.822166,25.198130, 210.078552, 0.990083
5, 752,19,29.184967, 29.801643, 128.540573, 55.822166,25.198130, 210.078552, 0.979307
5, 752,20,159.049774, 160.533035, 128.540573, 55.822166,25.198130, 210.078552, 0.990760
5, 752,21,151.541061, 152.927582, 128.540573, 55.822166,25.198130, 210.078552, 0.990933
5, 752,22,188.208542, 188.737946, 128.540573, 55.822166,25.198130, 210.078552, 0.997195
5, 752,23,77.254990, 77.782043, 128.540573, 55.822166,25.198130, 210.078552, 0.993224
5, 752,24,208.599915, 207.663284, 128.540573, 55.822166,25.198130, 210.078552, 1.004510
5, 752,25,101.971725, 103.351540, 128.540573, 55.822166,25.198130, 210.078552, 0.986649
5, 752,26,210.078552, 209.736313, 128.540573, 55.822166,25.198130, 210.078552, 1.001632
5, 752,27,168.084183, 169.027863, 128.540573, 55.822166,25.198130, 210.078552, 0.994417
5, 752,28,157.282303, 158.028397, 128.540573, 55.822166,25.198130, 210.078552, 0.995279
5, 752,29,91.080185, 91.018013, 128.540573, 55.822166,25.198130, 210.078552, 1.000683
5, 752,30,55.611450, 54.573318, 128.540573, 55.822166,25.198130, 210.078552, 1.019023
5, 752,31,25.198130, 24.504639, 128.540573, 55.822166,25.198130, 210.078552, 1.028300
5, 753,0,227.407349, 228.108490, 128.580002, 87.342171,13.192577, 262.457642, 0.996926
5, 753,1,151.561508, 152.439926, 128.580002, 87.342171,13.192577, 262.457642, 0.994238
5, 753,2,13.192577, 13.483522, 128.580002, 87.342171,13.192577, 262.457642, 0.978422
5, 753,3,20.914820, 20.635126, 128.580002, 87.342171,13.192577, 262.457642, 1.013554
5, 753,4,81.216797, 81.500648, 128.580002, 87.342171,13.192577, 262.457642, 0.996517
5, 753,5,194.406021, 194.657455, 128.580002, 87.342171,13.192577, 262.457642, 0.998708
5, 753,6,237.355972, 237.543991, 128.580002, 87.342171,13.192577, 262.457642, 0.999209
5, 753,7,65.808647, 66.574562, 128.580002, 87.342171,13.192577, 262.457642, 0.988495
5, 753,8,39.729786, 37.983528, 128.580002, 87.342171,13.192577, 262.457642, 1.045974
5, 753,9,100.416962, 99.894875, 128.580002, 87.342171,13.192577, 262.457642, 1.005226
5, 753,10,17.462322, 17.074703, 128.580002, 87.342171,13.192577, 262.457642, 1.022701
5, 753,11,240.022583, 240.666107, 128.580002, 87.342171,13.192577, 262.457642, 0.997326
5, 753,12,179.274414, 178.870102, 128.580002, 87.342171,13.192577, 262.457642, 1.002260
5, 753,13,83.976044, 84.022934, 128.580002, 87.342171,13.192577, 262.457642, 0.999442
5, 753,14,222.215973, 222.864014, 128.580002, 87.342171,13.192577, 262.457642, 0.997092
5, 753,15,51.637405, 52.840405, 128.580002, 87.342171,13.192577, 262.457642, 0.977233
5, 753,16,15.428417, 17.228502, 128.580002, 87.342171,13.192577, 262.457642, 0.895517
5, 753,17,45.588303, 45.842602, 128.580002, 87.342171,13.192577, 262.457642, 0.994453
5, 753,18,175.433044, 174.848282, 128.580002, 87.342171,13.192577, 262.457642, 1.003344
5, 753,19,84.366974, 84.668884, 128.580002, 87.342171,13.192577, 262.457642, 0.996434
5, 753,20,41.276390, 42.328323, 128.580002, 87.342171,13.192577, 262.457642, 0.975148
5, 753,21,256.781006, 256.953308, 128.580002, 87.342171,13.192577, 262.457642, 0.999329
5, 753,22,13.329330, 13.575802, 128.580002, 87.342171,13.192577, 262.457642, 0.981845
5, 753,23,198.075134, 198.125595, 128.580002, 87.342171,13.192577, 262.457642, 0.999745
5, 753,24,195.149368, 195.434143, 128.580002, 87.342171,13.192577, 262.457642, 0.998543
5, 753,25,169.917999, 170.211288, 128.580002, 87.342171,13.192577, 262.457642, 0.998277
5, 753,26,148.255692, 148.771851, 128.580002, 87.342171,13.192577, 262.457642, 0.996531
5, 753,27,214.635971, 213.390030, 128.580002, 87.342171,13.192577, 262.457642, 1.005839
5, 753,28,262.457642, 261.613403, 128.580002, 87.342171,13.192577, 262.457642, 1.003227
5, 753,29,47.785995, 47.634350, 128.580002, 87.342171,13.192577, 262.457642, 1.003183
5, 753,30,59.988426, 60.753311, 128.580002, 87.342171,13.192577, 262.457642, 0.987410
5, 753,31,259.491058, 260.459900, 128.580002, 87.342171,13.192577, 262.457642, 0.996280
5, 754,0,207.738571, 206.954742, 128.850555, 70.062218,10.768961, 226.271957, 1.003787
5, 754,1,138.101395, 138.952225, 128.850555, 70.062218,10.768961, 226.271957, 0.993877
5, 754,2,103.215393, 104.055748, 128.850555, 70.062218,10.768961, 226.271957, 0.991924
5, 754,3,134.529678, 134.602081, 128.850555, 70.062218,10.768961, 226.271957, 0.999462
5, 754,4,73.858665, 72.692490, 128.850555, 70.062218,10.768961, 226.271957, 1.016043
5, 754,5,191.232910, 189.581390, 128.850555, 70.062218,10.768961, 226.271957, 1.008711
5, 754,6,96.332474, 95.818382, 128.850555, 70.062218,10.768961, 226.271957, 1.005365
5, 754,7,12.047277, 12.797981, 128.850555, 70.062218,10.768961, 226.271957, 0.941342
5, 754,8,23.002626, 24.064791, 128.850555, 70.062218,10.768961, 226.271957, 0.955862
5, 754,9,121.851967, 122.783844, 128.850555, 70.062218,10.768961, 226.271957, 0.992410
5, 754,10,167.421829, 167.905533, 128.850555, 70.062218,10.768961, 226.271957, 0.997119
5, 754,11,26.651129, 26.787888, 128.850555, 70.062218,10.768961, 226.271957, 0.994895
5, 754,12,202.458664, 201.515366, 128.850555, 70.062218,10.768961, 226.271957, 1.004681
5, 754,13,215.981415, 217.037018, 128.850555, 70.062218,10.768961, 226.271957, 0.995136
5, 754,14,174.774399, 173.807846, 128.850555, 70.062218,10.768961, 226.271957, 1.005561
5, 754,15,223.218185, 222.313004, 128.850555, 70.062218,10.768961, 226.271957, 1.004072
5, 754,16,198.855637, 199.098602, 128.850555, 70.062218,10.768961, 226.271957, 0.998780
5, 754,17,155.219620, 154.017761, 128.850555, 70.062218,10.768961, 226.271957, 1.007803
5, 754,18,211.464828, 211.604431, 128.850555, 70.062218,10.768961, 226.271957, 0.999340
5, 754,19,88.377769, 87.424431, 128.850555, 70.062218,10.768961, 226.271957, 1.010905
5, 754,20,86.079002, 86.655159, 128.850555, 70.062218,10.768961, 226.271957, 0.993351
5, 754,21,218.876999, 218.412170, 128.850555, 70.062218,10.768961, 226.271957, 1.002128
5, 754,22,63.767445, 63.856033, 128.850555, 70.062218,10.768961, 226.271957, 0.998613
5, 754,23,37.079742, 37.482849, 128.850555, 70.062218,10.768961, 226.271957, 0.989246
5, 754,24,109.285942, 109.617661, 128.850555, 70.062218,10.768961, 226.271957, 0.996974
5, 754,25,217.959595, 218.636826, 128.850555, 70.062218,10.768961, 226.271957, 0.996902
5, 754,26,122.063774, 121.156784, 128.850555, 70.062218,10.768961, 226.271957, 1.007486
5, 754,27,10.768961, 11.007545, 128.850555, 70.062218,10.768961, 226.271957, 0.978325
5, 754,28,132.468018, 133.117996, 128.850555, 70.062218,10.768961, 226.271957, 0.995117
5, 754,29,68.494507, 67.096519, 128.850555, 70.062218,10.768961, 226.271957, 1.020836
5, 754,30,226.271957, 226.846970, 128.850555, 70.062218,10.768961, 226.271957, 0.997465
5, 754,31,63.767124, 63.297798, 128.850555, 70.062218,10.768961, 226.271957, 1.007415
5, 755,0,230.231796, 231.984390, 128.867218, 71.227028,15.689202, 232.335236, 0.992445
5, 755,1,47.335079, 47.233932, 128.867218, 71.227028,15.689202, 232.335236, 1.002141
5, 755,2,130.905731, 131.124573, 128.867218, 71.227028,15.689202, 232.335236, 0.998331
5, 755,3,148.745255, 148.537262, 128.867218, 71.227028,15.689202, 232.335236, 1.001400
5, 755,4,142.955338, 143.979385, 128.867218, 71.227028,15.689202, 232.335236, 0.992888
5, 755,5,20.868834, 21.019390, 128.867218, 71.227028,15.689202, 232.335236, 0.992837
5, 755,6,221.845627, 221.497208, 128.867218, 71.227028,15.689202, 232.335236, 1.001573
5, 755,7,183.549515, 183.253464, 128.867218, 71.227028,15.689202, 232.335236, 1.001616
5, 755,8,111.368538, 111.371552, 128.867218, 71.227028,15.689202, 232.335236, 0.999973
5, 755,9,67.214737, 67.089302, 128.867218, 71.227028,15.689202, 232.335236, 1.001870
5, 755,10,197.541199, 197.097626, 128.867218, 71.227028,15.689202, 232.335236, 1.002251
5, 755,11,39.295715, 39.448723, 128.867218, 71.227028,15.689202, 232.335236, 0.996121
5, 755,12,149.047028, 149.656250, 128.867218, 71.227028,15.689202, 232.335236, 0.995929
5, 755,13,16.844891, 15.881556, 128.867218, 71.227028,15.689202, 232.335236, 1.060658
5, 755,14,152.761047, 153.204285, 128.867218, 71.227028,15.689202, 232.335236, 0.997107
5, 755,15,112.563522, 112.647484, 128.867218, 71.227028,15.689202, 232.335236, 0.999255
5, 755,16,46.983826, 46.599380, 128.867218, 71.227028,15.689202, 232.335236, 1.008250
5, 755,17,152.730301, 152.289993, 128.867218, 71.227028,15.689202, 232.335236, 1.002891
5, 755,18,179.385010, 178.879807, 128.867218, 71.227028,15.689202, 232.335236, 1.002824
5, 755,19,97.785522, 99.042122, 128.867218, 71.227028,15.689202, 232.335236, 0.987312
5, 755,20,41.189949, 40.806526, 128.867218, 71.227028,15.689202, 232.335236, 1.009396
5, 755,21,102.555450, 102.057961, 128.867218, 71.227028,15.689202, 232.335236, 1.004875
5, 755,22,36.241161, 36.746750, 128.867218, 71.227028,15.689202, 232.335236, 0.986241
5, 755,23,208.359421, 207.844086, 128.867218, 71.227028,15.689202, 232.335236, 1.002479
5, 755,24,232.335236, 230.967743, 128.867218, 71.227028,15.689202, 232.335236, 1.005921
5, 755,25,186.149200, 184.972885, 128.867218, 71.227028,15.689202, 232.335236, 1.006359
5, 755,26,163.470871, 161.890167, 128.867218, 71.227028,15.689202, 232.335236, 1.009764
5, 755,27,205.992020, 204.644028, 128.867218, 71.227028,15.689202, 232.335236, 1.006587
5, 755,28,230.951431, 231.745590, 128.867218, 71.227028,15.689202, 232.335236, 0.996573
5, 755,29,15.689202, 15.642746, 128.867218, 71.227028,15.689202, 232.335236, 1.002970
5, 755,30,186.078278, 186.125992, 128.867218, 71.227028,15.689202, 232.335236, 0.999744
5, 755,31,64.780670, 65.717850, 128.867218, 71.227028,15.689202, 232.335236, 0.985739
5, 756,0,38.435974, 37.999466, 128.951660, 82.883499,10.164552, 269.159302, 1.011487
5, 756,1,233.791183, 234.754654, 128.951660, 82.883499,10.164552, 269.159302, 0.995896
5, 756,2,28.743126, 27.923534, 128.951660, 82.883499,10.164552, 269.159302, 1.029351
5, 756,3,115.192848, 114.400551, 128.951660, 82.883499,10.164552, 269.159302, 1.006926
5, 756,4,269.159302, 269.471405, 128.951660, 82.883499,10.164552, 269.159302, 0.998842
5, 756,5,139.386459, 139.186707, 128.951660, 82.883499,10.164552, 269.159302, 1.001435
5, 756,6,213.425201, 213.335236, 128.951660, 82.883499,10.164552, 269.159302, 1.000422
5, 756,7,67.790588, 67.129242, 128.951660, 82.883499,10.164552, 269.159302, 1.009852
5, 756,8,120.345673, 120.867546, 128.951660, 82.883499,10.164552, 269.159302, 0.995682
5, 756,9,128.641617, 127.770538, 128.951660, 82.883499,10.164552, 269.159302, 1.006818
5, 756,10,49.994831, 49.060387, 128.951660, 82.883499,10.164552, 269.159302, 1.019047
5, 756,11,46.719421, 46.186161, 128.951660, 82.883499,10.164552, 269.159302, 1.011546
5, 756,12,27.069994, 26.559084, 128.951660, 82.883499,10.164552, 269.159302, 1.019237
5, 756,13,157.658066, 157.199036, 128.951660, 82.883499,10.164552, 269.159302, 1.002920
5, 756,14,250.850113, 250.538666, 128.951660, 82.883499,10.164552, 269.159302, 1.001243
5, 756,15,249.034546, 249.222656, 128.951660, 82.883499,10.164552, 269.159302, 0.999245
5, 756,16,165.904984, 166.160797, 128.951660, 82.883499,10.164552, 269.159302, 0.998460
5, 756,17,148.542633, 148.657104, 128.951660, 82.883499,10.164552, 269.159302, 0.999230
5, 756,18,71.242439, 71.044975, 128.951660, 82.883499,10.164552, 269.159302, 1.002779
5, 756,19,177.821320, 177.907974, 128.951660, 82.883499,10.164552, 269.159302, 0.999513
5, 756,20,65.069885, 64.594116, 128.951660, 82.883499,10.164552, 269.159302, 1.007365
5, 756,21,162.435089, 162.333893, 128.951660, 82.883499,10.164552, 269.159302, 1.000623
5, 756,22,117.731308, 118.138657, 128.951660, 82.883499,10.164552, 269.159302, 0.996552
5, 756,23,10.164552, 10.435978, 128.951660, 82.883499,10.164552, 269.159302, 0.973991
5, 756,24,195.602432, 195.508575, 128.951660, 82.883499,10.164552, 269.159302, 1.000480
5, 756,25,118.561630, 117.799561, 128.951660, 82.883499,10.164552, 269.159302, 1.006469
5, 756,26,182.828156, 183.196243, 128.951660, 82.883499,10.164552, 269.159302, 0.997991
5, 756,27,265.895935, 267.396484, 128.951660, 82.883499,10.164552, 269.159302, 0.994388
5, 756,28,239.691498, 238.928741, 128.951660, 82.883499,10.164552, 269.159302, 1.003192
5, 756,29,28.518885, 27.439114, 128.951660, 82.883499,10.164552, 269.159302, 1.039352
5, 756,30,29.792965, 29.183025, 128.951660, 82.883499,10.164552, 269.159302, 1.020900
5, 756,31,10.410769, 10.670115, 128.951660, 82.883499,10.164552, 269.159302, 0.975694
5, 757,0,172.892212, 173.230667, 128.642105, 94.712448,11.049520, 305.360291, 0.998046
5, 757,1,289.758392, 291.062439, 128.642105, 94.712448,11.049520, 305.360291, 0.995520
5, 757,2,114.326393, 115.970871, 128.642105, 94.712448,11.049520, 305.360291, 0.985820
5, 757,3,35.805801, 35.451881, 128.642105, 94.712448,11.049520, 305.360291, 1.009983
5, 757,4,33.078442, 32.537544, 128.642105, 94.712448,11.049520, 305.360291, 1.016624
5, 757,5,138.889053, 139.174545, 128.642105, 94.712448,11.049520, 305.360291, 0.997949
5, 757,6,67.619652, 67.833412, 128.642105, 94.712448,11.049520, 305.360291, 0.996849
5, 757,7,183.723587, 183.185669, 128.642105, 94.712448,11.049520, 305.360291, 1.002936
5, 757,8,162.681763, 162.572525, 128.642105, 94.712448,11.049520, 305.360291, 1.000672
5, 757,9,220.362793, 220.803757, 128.642105, 94.712448,11.049520, 305.360291, 0.998003
5, 757,10,19.828484, 18.863287, 128.642105, 94.712448,11.049520, 305.360291, 1.051168
5, 757,11,63.667927, 62.652370, 128.642105, 94.712448,11.049520, 305.360291, 1.016209
5, 757,12,62.044460, 62.310047, 128.642105, 94.712448,11.049520, 305.360291, 0.995738
5, 757,13,242.522903, 242.721420, 128.642105, 94.712448,11.049520, 305.360291, 0.999182
5, 757,14,22.194487, 22.924856, 128.642105, 94.712448,11.049520, 305.360291, 0.968141
5, 757,15,20.175762, 19.251865, 128.642105, 94.712448,11.049520, 305.360291, 1.047990
5, 757,16,55.237553, 54.603245, 128.642105, 94.712448,11.049520, 305.360291, 1.011617
5, 757,17,160.622849, 161.388275, 128.642105, 94.712448,11.049520, 305.360291, 0.995257
5, 757,18,11.049520, 12.405485, 128.642105, 94.712448,11.049520, 305.360291, 0.890696
5, 757,19,92.161827, 92.572906, 128.642105, 94.712448,11.049520, 305.360291, 0.995559
5, 757,20,56.495098, 55.815239, 128.642105, 94.712448,11.049520, 305.360291, 1.012181
5, 757,21,273.651550, 274.066742, 128.642105, 94.712448,11.049520, 305.360291, 0.998485
5, 757,22,16.848795, 17.605034, 128.642105, 94.712448,11.049520, 305.360291, 0.957044
5, 757,23,305.360291, 305.495331, 128.642105, 94.712448,11.049520, 305.360291, 0.999558
5, 757,24,109.903419, 110.530777, 128.642105, 94.712448,11.049520, 305.360291, 0.994324
5, 757,25,258.880096, 258.865906, 128.642105, 94.712448,11.049520, 305.360291, 1.000055
5, 757,26,204.791321, 204.418686, 128.642105, 94.712448,11.049520, 305.360291, 1.001823
5, 757,27,285.549713, 286.029388, 128.642105, 94.712448,11.049520, 305.360291, 0.998323
5, 757,28,200.418777, 199.737259, 128.642105, 94.712448,11.049520, 305.360291, 1.003412
5, 757,29,90.513405, 91.203621, 128.642105, 94.712448,11.049520, 305.360291, 0.992432
5, 757,30,132.322906, 133.308868, 128.642105, 94.712448,11.049520, 305.360291, 0.992604
5, 757,31,13.167824, 12.405485, 128.642105, 94.712448,11.049520, 305.360291, 1.061452
5, 758,0,14.024968, 13.461962, 128.877045, 65.213356,14.024968, 243.214630, 1.041822
5, 758,1,133.038055, 132.498993, 128.877045, 65.213356,14.024968, 243.214630, 1.004068
5, 758,2,111.254234, 110.233513, 128.877045, 65.213356,14.024968, 243.214630, 1.009260
5, 758,3,243.214630, 244.363129, 128.877045, 65.213356,14.024968, 243.214630, 0.995300
5, 758,4,121.318352, 120.852783, 128.877045, 65.213356,14.024968, 243.214630, 1.003852
5, 758,5,123.402611, 124.143593, 128.877045, 65.213356,14.024968, 243.214630, 0.994031
5, 758,6,191.982422, 190.200943, 128.877045, 65.213356,14.024968, 243.214630, 1.009366
5, 758,7,164.876419, 164.909164, 128.877045, 65.213356,14.024968, 243.214630, 0.999801
5, 758,8,177.266830, 177.099930, 128.877045, 65.213356,14.024968, 243.214630, 1.000942
5, 758,9,112.658913, 113.889961, 128.877045, 65.213356,14.024968, 243.214630, 0.989191
5, 758,10,143.879700, 144.285217, 128.877045, 65.213356,14.024968, 243.214630, 0.997189
5, 758,11,101.734741, 100.983452, 128.877045, 65.213356,14.024968, 243.214630, 1.007440
5, 758,12,229.963226, 229.503922, 128.877045, 65.213356,14.024968, 243.214630, 1.002001
5, 758,13,59.002365, 58.576374, 128.877045, 65.213356,14.024968, 243.214630, 1.007272
5, 758,14,186.687363, 188.263794, 128.877045, 65.213356,14.024968, 243.214630, 0.991627
5, 758,15,39.678497, 38.714828, 128.877045, 65.213356,14.024968, 243.214630, 1.024891
5, 758,16,75.260834, 76.368523, 128.877045, 65.213356,14.024968, 243.214630, 0.985496
5, 758,17,146.542236, 146.160110, 128.877045, 65.213356,14.024968, 243.214630, 1.002614
5, 758,18,117.335129, 117.351929, 128.877045, 65.213356,14.024968, 243.214630, 0.999857
5, 758,19,153.573685, 152.422760, 128.877045, 65.213356,14.024968, 243.214630, 1.007551
5, 758,20,134.634506, 132.405624, 128.877045, 65.213356,14.024968, 243.214630, 1.016834
5, 758,21,16.003096, 15.935903, 128.877045, 65.213356,14.024968, 243.214630, 1.004216
5, 758,22,21.242393, 20.487020, 128.877045, 65.213356,14.024968, 243.214630, 1.036871
5, 758,23,223.280838, 223.241272, 128.877045, 65.213356,14.024968, 243.214630, 1.000177
5, 758,24,18.238880, 18.176453, 128.877045, 65.213356,14.024968, 243.214630, 1.003435
5, 758,25,218.680466, 217.779922, 128.877045, 65.213356,14.024968, 243.214630, 1.004135
5, 758,26,139.799683, 140.659866, 128.877045, 65.213356,14.024968, 243.214630, 0.993885
5, 758,27,89.875198, 89.881844, 128.877045, 65.213356,14.024968, 243.214630, 0.999926
5, 758,28,170.485962, 171.374084, 128.877045, 65.213356,14.024968, 243.214630, 0.994818
5, 758,29,213.117218, 214.496887, 128.877045, 65.213356,14.024968, 243.214630, 0.993568
5, 758,30,144.355469, 144.339676, 128.877045, 65.213356,14.024968, 243.214630, 1.000109
5, 758,31,87.656013, 87.936920, 128.877045, 65.213356,14.024968, 243.214630, 0.996806
5, 759,0,151.293701, 150.371536, 129.103043, 59.451698,18.294481, 214.912231, 1.006133
5, 759,1,91.783699, 89.146690, 129.103043, 59.451698,18.294481, 214.912231, 1.029581
5, 759,2,193.665039, 193.012939, 129.103043, 59.451698,18.294481, 214.912231, 1.003379
5, 759,3,45.511726, 44.792889, 129.103043, 59.451698,18.294481, 214.912231, 1.016048
5, 759,4,120.072617, 121.260712, 129.103043, 59.451698,18.294481, 214.912231, 0.990202
5, 759,5,99.321190, 99.226509, 129.103043, 59.451698,18.294481, 214.912231, 1.000954
5, 759,6,214.746155, 215.650360, 129.103043, 59.451698,18.294481, 214.912231, 0.995807
5, 759,7,143.530151, 142.471146, 129.103043, 59.451698,18.294481, 214.912231, 1.007433
5, 759,8,59.314697, 59.186146, 129.103043, 59.451698,18.294481, 214.912231, 1.002172
5, 759,9,172.949677, 172.509521, 129.103043, 59.451698,18.294481, 214.912231, 1.002551
5, 759,10,81.698647, 82.608429, 129.103043, 59.451698,18.294481, 214.912231, 0.988987
5, 759,11,186.379913, 186.889801, 129.103043, 59.451698,18.294481, 214.912231, 0.997272
5, 759,12,209.948547, 209.968307, 129.103043, 59.451698,18.294481, 214.912231, 0.999906
5, 759,13,146.706879, 145.370544, 129.103043, 59.451698,18.294481, 214.912231, 1.009193
5, 759,14,157.022476, 157.461151, 129.103043, 59.451698,18.294481, 214.912231, 0.997214
5, 759,15,212.894623, 213.302307, 129.103043, 59.451698,18.294481, 214.912231, 0.998089
5, 759,16,172.357697, 172.003586, 129.103043, 59.451698,18.294481, 214.912231, 1.002059
5, 759,17,89.284866, 91.086113, 129.103043, 59.451698,18.294481, 214.912231, 0.980225
5, 759,18,106.696663, 107.944191, 129.103043, 59.451698,18.294481, 214.912231, 0.988443
5, 759,19,176.175552, 174.118134, 129.103043, 59.451698,18.294481, 214.912231, 1.011816
5, 759,20,138.907166, 139.176071, 129.103043, 59.451698,18.294481, 214.912231, 0.998068
5, 759,21,18.294481, 18.412823, 129.103043, 59.451698,18.294481, 214.912231, 0.993573
5, 759,22,154.827988, 155.729294, 129.103043, 59.451698,18.294481, 214.912231, 0.994212
5, 759,23,42.187290, 42.042667, 129.103043, 59.451698,18.294481, 214.912231, 1.003440
5, 759,24,87.548004, 86.824570, 129.103043, 59.451698,18.294481, 214.912231, 1.008332
5, 759,25,214.912231, 214.794159, 129.103043, 59.451698,18.294481, 214.912231, 1.000550
5, 759,26,180.452408, 179.599136, 129.103043, 59.451698,18.294481, 214.912231, 1.004751
5, 759,27,191.138321, 189.160049, 129.103043, 59.451698,18.294481, 214.912231, 1.010458
5, 759,28,43.689629, 42.451309, 129.103043, 59.451698,18.294481, 214.912231, 1.029170
5, 759,29,35.712700, 35.783321, 129.103043, 59.451698,18.294481, 214.912231, 0.998026
5, 759,30,80.026672, 79.293900, 129.103043, 59.451698,18.294481, 214.912231, 1.009241
5, 759,31,112.245720, 109.351738, 129.103043, 59.451698,18.294481, 214.912231, 1.026465
5, 760,0,13.948746, 13.248289, 128.896210, 72.093864,13.948746, 235.210159, 1.052871
5, 760,1,64.190903, 65.571884, 128.896210, 72.093864,13.948746, 235.210159, 0.978939
5, 760,2,26.104443, 26.179504, 128.896210, 72.093864,13.948746, 235.210159, 0.997133
5, 760,3,35.723259, 35.084770, 128.896210, 72.093864,13.948746, 235.210159, 1.018198
5, 760,4,169.997742, 169.579041, 128.896210, 72.093864,13.948746, 235.210159, 1.002469
5, 760,5,120.156364, 120.483101, 128.896210, 72.093864,13.948746, 235.210159, 0.997288
5, 760,6,186.023987, 185.820496, 128.896210, 72.093864,13.948746, 235.210159, 1.001095
5, 760,7,111.071075, 110.896515, 128.896210, 72.093864,13.948746, 235.210159, 1.001574
5, 760,8,235.210159, 233.932327, 128.896210, 72.093864,13.948746, 235.210159, 1.005462
5, 760,9,172.585495, 174.768051, 128.896210, 72.093864,13.948746, 235.210159, 0.987512
5, 760,10,198.705505, 197.512955, 128.896210, 72.093864,13.948746, 235.210159, 1.006038
5, 760,11,181.870850, 185.152939, 128.896210, 72.093864,13.948746, 235.210159, 0.982274
5, 760,12,39.648479, 39.516758, 128.896210, 72.093864,13.948746, 235.210159, 1.003333
5, 760,13,55.423962, 55.035591, 128.896210, 72.093864,13.948746, 235.210159, 1.007057
5, 760,14,234.400635, 234.861404, 128.896210, 72.093864,13.948746, 235.210159, 0.998038
5, 760,15,211.614120, 212.790924, 128.896210, 72.093864,13.948746, 235.210159, 0.994470
5, 760,16,211.895325, 210.974091, 128.896210, 72.093864,13.948746, 235.210159, 1.004367
5, 760,17,140.714264, 139.883362, 128.896210, 72.093864,13.948746, 235.210159, 1.005940
5, 760,18,184.686325, 184.478516, 128.896210, 72.093864,13.948746, 235.210159, 1.001127
5, 760,19,60.394547, 60.203953, 128.896210, 72.093864,13.948746, 235.210159, 1.003166
5, 760,20,203.800552, 202.688187, 128.896210, 72.093864,13.948746, 235.210159, 1.005488
5, 760,21,57.870705, 56.969425, 128.896210, 72.093864,13.948746, 235.210159, 1.015820
5, 760,22,88.684288, 87.497833, 128.896210, 72.093864,13.948746, 235.210159, 1.013560
5, 760,23,15.167306, 12.807842, 128.896210, 72.093864,13.948746, 235.210159, 1.184220
5, 760,24,75.342285, 74.236282, 128.896210, 72.093864,13.948746, 235.210159, 1.014898
5, 760,25,150.284668, 150.041138, 128.896210, 72.093864,13.948746, 235.210159, 1.001623
5, 760,26,164.098129, 164.087234, 128.896210, 72.093864,13.948746, 235.210159, 1.000066
5, 760,27,52.151131, 53.260044, 128.896210, 72.093864,13.948746, 235.210159, 0.979179
5, 760,28,91.424393, 90.491486, 128.896210, 72.093864,13.948746, 235.210159, 1.010309
5, 760,29,226.315262, 226.231415, 128.896210, 72.093864,13.948746, 235.210159, 1.000371
5, 760,30,201.694244, 202.350983, 128.896210, 72.093864,13.948746, 235.210159, 0.996754
5, 760,31,143.479706, 144.363525, 128.896210, 72.093864,13.948746, 235.210159, 0.993878
5, 761,0,15.836954, 17.054468, 128.559448, 103.419548,10.753010, 390.122650, 0.928610
5, 761,1,225.590836, 227.456161, 128.559448, 103.419548,10.753010, 390.122650, 0.991799
5, 761,2,10.753010, 10.037724, 128.559448, 103.419548,10.753010, 390.122650, 1.071260
5, 761,3,46.069427, 46.014252, 128.559448, 103.419548,10.753010, 390.122650, 1.001199
5, 761,4,118.099564, 117.577484, 128.559448, 103.419548,10.753010, 390.122650, 1.004440
5, 761,5,44.830128, 45.901081, 128.559448, 103.419548,10.753010, 390.122650, 0.976668
5, 761,6,54.434807, 53.823212, 128.559448, 103.419548,10.753010, 390.122650, 1.011363
5, 761,7,192.125793, 191.605392, 128.559448, 103.419548,10.753010, 390.122650, 1.002716
5, 761,8,54.804352, 54.716022, 128.559448, 103.419548,10.753010, 390.122650, 1.001614
5, 761,9,30.058964, 31.025082, 128.559448, 103.419548,10.753010, 390.122650, 0.968860
5, 761,10,13.095495, 14.250285, 128.559448, 103.419548,10.753010, 390.122650, 0.918964
5, 761,11,172.862762, 174.201859, 128.559448, 103.419548,10.753010, 390.122650, 0.992313
5, 761,12,31.524200, 33.250820, 128.559448, 103.419548,10.753010, 390.122650, 0.948073
5, 761,13,115.311394, 114.345757, 128.559448, 103.419548,10.753010, 390.122650, 1.008445
5, 761,14,313.524994, 313.480438, 128.559448, 103.419548,10.753010, 390.122650, 1.000142
5, 761,15,343.585266, 343.471344, 128.559448, 103.419548,10.753010, 390.122650, 1.000332
5, 761,16,131.809692, 130.366074, 128.559448, 103.419548,10.753010, 390.122650, 1.011074
5, 761,17,189.238541, 188.499420, 128.559448, 103.419548,10.753010, 390.122650, 1.003921
5, 761,18,283.098053, 283.112274, 128.559448, 103.419548,10.753010, 390.122650, 0.999950
5, 761,19,113.409584, 113.478104, 128.559448, 103.419548,10.753010, 390.122650, 0.999396
5, 761,20,194.424240, 194.220947, 128.559448, 103.419548,10.753010, 390.122650, 1.001047
5, 761,21,52.795227, 50.792683, 128.559448, 103.419548,10.753010, 390.122650, 1.039426
5, 761,22,238.973450, 239.263916, 128.559448, 103.419548,10.753010, 390.122650, 0.998786
5, 761,23,28.329071, 29.704725, 128.559448, 103.419548,10.753010, 390.122650, 0.953689
5, 761,24,82.124298, 81.512939, 128.559448, 103.419548,10.753010, 390.122650, 1.007500
5, 761,25,390.122650, 390.513733, 128.559448, 103.419548,10.753010, 390.122650, 0.998999
5, 761,26,13.593878, 14.363459, 128.559448, 103.419548,10.753010, 390.122650, 0.946421
5, 761,27,45.160126, 44.580727, 128.559448, 103.419548,10.753010, 390.122650, 1.012997
5, 761,28,142.238800, 143.569626, 128.559448, 103.419548,10.753010, 390.122650, 0.990730
5, 761,29,146.103958, 145.883392, 128.559448, 103.419548,10.753010, 390.122650, 1.001512
5, 761,30,138.054321, 139.030121, 128.559448, 103.419548,10.753010, 390.122650, 0.992981
5, 761,31,141.917831, 143.896576, 128.559448, 103.419548,10.753010, 390.122650, 0.986249
5, 762,0,15.704925, 15.499516, 128.633865, 93.185265,15.320940, 323.084015, 1.013253
5, 762,1,151.054581, 151.031998, 128.633865, 93.185265,15.320940, 323.084015, 1.000149
5, 762,2,101.699928, 102.524246, 128.633865, 93.185265,15.320940, 323.084015, 0.991960
5, 762,3,160.319992, 159.790497, 128.633865, 93.185265,15.320940, 323.084015, 1.003314
5, 762,4,130.707672, 131.366150, 128.633865, 93.185265,15.320940, 323.084015, 0.994987
5, 762,5,316.423401, 317.534912, 128.633865, 93.185265,15.320940, 323.084015, 0.996500
5, 762,6,32.974010, 32.374878, 128.633865, 93.185265,15.320940, 323.084015, 1.018506
5, 762,7,175.563492, 175.199326, 128.633865, 93.185265,15.320940, 323.084015, 1.002079
5, 762,8,60.073547, 60.850143, 128.633865, 93.185265,15.320940, 323.084015, 0.987238
5, 762,9,95.495621, 94.224045, 128.633865, 93.185265,15.320940, 323.084015, 1.013495
5, 762,10,191.960419, 192.950531, 128.633865, 93.185265,15.320940, 323.084015, 0.994869
5, 762,11,323.084015, 322.749268, 128.633865, 93.185265,15.320940, 323.084015, 1.001037
5, 762,12,93.177414, 93.103775, 128.633865, 93.185265,15.320940, 323.084015, 1.000791
5, 762,13,161.797501, 161.175552, 128.633865, 93.185265,15.320940, 323.084015, 1.003859
5, 762,14,74.854462, 75.199799, 128.633865, 93.185265,15.320940, 323.084015, 0.995408
5, 762,15,38.217007, 38.801163, 128.633865, 93.185265,15.320940, 323.084015, 0.984945
5, 762,16,15.320940, 15.326382, 128.633865, 93.185265,15.320940, 323.084015, 0.999645
5, 762,17,26.194767, 26.712414, 128.633865, 93.185265,15.320940, 323.084015, 0.980622
5, 762,18,38.573322, 39.147430, 128.633865, 93.185265,15.320940, 323.084015, 0.985335
5, 762,19,86.702530, 86.758972, 128.633865, 93.185265,15.320940, 323.084015, 0.999349
5, 762,20,183.286957, 183.102325, 128.633865, 93.185265,15.320940, 323.084015, 1.001008
5, 762,21,197.279800, 197.716782, 128.633865, 93.185265,15.320940, 323.084015, 0.997790
5, 762,22,15.975040, 17.139185, 128.633865, 93.185265,15.320940, 323.084015, 0.932077
5, 762,23,148.535477, 148.261871, 128.633865, 93.185265,15.320940, 323.084015, 1.001845
5, 762,24,277.961426, 278.722595, 128.633865, 93.185265,15.320940, 323.084015, 0.997269
5, 762,25,272.952362, 273.019409, 128.633865, 93.185265,15.320940, 323.084015, 0.999754
5, 762,26,102.316269, 102.839958, 128.633865, 93.185265,15.320940, 323.084015, 0.994908
5, 762,27,100.487831, 101.546555, 128.633865, 93.185265,15.320940, 323.084015, 0.989574
5, 762,28,23.707054, 23.015518, 128.633865, 93.185265,15.320940, 323.084015, 1.030046
5, 762,29,187.157440, 186.911240, 128.633865, 93.185265,15.320940, 323.084015, 1.001317
5, 762,30,32.399990, 32.731331, 128.633865, 93.185265,15.320940, 323.084015, 0.989877
5, 762,31,284.324707, 283.672150, 128.633865, 93.185265,15.320940, 323.084015, 1.002300
5, 763,0,173.563873, 174.174316, 128.759277, 60.235733,16.752611, 220.224106, 0.996495
5, 763,1,207.697830, 206.713776, 128.759277, 60.235733,16.752611, 220.224106, 1.004761
5, 763,2,50.524994, 50.800137, 128.759277, 60.235733,16.752611, 220.224106, 0.994584
5, 763,3,134.781616, 134.968796, 128.759277, 60.235733,16.752611, 220.224106, 0.998613
5, 763,4,31.802589, 31.762686, 128.759277, 60.235733,16.752611, 220.224106, 1.001256
5, 763,5,220.224106, 220.869324, 128.759277, 60.235733,16.752611, 220.224106, 0.997079
5, 763,6,211.944031, 210.726486, 128.759277, 60.235733,16.752611, 220.224106, 1.005778
5, 763,7,16.752611, 17.156200, 128.759277, 60.235733,16.752611, 220.224106, 0.976476
5, 763,8,32.890194, 32.546928, 128.759277, 60.235733,16.752611, 220.224106, 1.010547
5, 763,9,146.800613, 147.595093, 128.759277, 60.235733,16.752611, 220.224106, 0.994617
5, 763,10,174.097641, 175.239578, 128.759277, 60.235733,16.752611, 220.224106, 0.993484
5, 763,11,150.898132, 152.071793, 128.759277, 60.235733,16.752611, 220.224106, 0.992282
5, 763,12,41.934071, 41.336964, 128.759277, 60.235733,16.752611, 220.224106, 1.014445
5, 763,13,168.655487, 167.573624, 128.759277, 60.235733,16.752611, 220.224106, 1.006456
5, 763,14,183.400925, 184.192993, 128.759277, 60.235733,16.752611, 220.224106, 0.995700
5, 763,15,152.052643, 151.594711, 128.759277, 60.235733,16.752611, 220.224106, 1.003021
5, 763,16,121.357147, 121.362213, 128.759277, 60.235733,16.752611, 220.224106, 0.999958
5, 763,17,74.506111, 75.281525, 128.759277, 60.235733,16.752611, 220.224106, 0.989700
5, 763,18,149.726028, 151.928009, 128.759277, 60.235733,16.752611, 220.224106, 0.985506
5, 763,19,130.699326, 130.531311, 128.759277, 60.235733,16.752611, 220.224106, 1.001287
5, 763,20,34.242722, 33.259281, 128.759277, 60.235733,16.752611, 220.224106, 1.029569
5, 763,21,165.913422, 166.527969, 128.759277, 60.235733,16.752611, 220.224106, 0.996310
5, 763,22,136.511597, 136.864044, 128.759277, 60.235733,16.752611, 220.224106, 0.997425
5, 763,23,181.641510, 181.461227, 128.759277, 60.235733,16.752611, 220.224106, 1.000993
5, 763,24,87.306549, 87.875130, 128.759277, 60.235733,16.752611, 220.224106, 0.993530
5, 763,25,205.798233, 205.635452, 128.759277, 60.235733,16.752611, 220.224106, 1.000792
5, 763,26,148.212143, 147.183350, 128.759277, 60.235733,16.752611, 220.224106, 1.006990
5, 763,27,128.112701, 127.662285, 128.759277, 60.235733,16.752611, 220.224106, 1.003528
5, 763,28,94.885712, 94.011818, 128.759277, 60.235733,16.752611, 220.224106, 1.009296
5, 763,29,40.602936, 39.409035, 128.759277, 60.235733,16.752611, 220.224106, 1.030295
5, 763,30,146.556030, 146.131165, 128.759277, 60.235733,16.752611, 220.224106, 1.002907
5, 763,31,176.202927, 176.553177, 128.759277, 60.235733,16.752611, 220.224106, 0.998016
5, 764,0,112.909912, 113.612259, 128.766785, 71.821136,11.507932, 251.047974, 0.993818
5, 764,1,200.541931, 199.900406, 128.766785, 71.821136,11.507932, 251.047974, 1.003209
5, 764,2,174.989395, 175.469330, 128.766785, 71.821136,11.507932, 251.047974, 0.997265
5, 764,3,229.979507, 230.455856, 128.766785, 71.821136,11.507932, 251.047974, 0.997933
5, 764,4,121.552689, 123.142372, 128.766785, 71.821136,11.507932, 251.047974, 0.987091
5, 764,5,143.263260, 142.948746, 128.766785, 71.821136,11.507932, 251.047974, 1.002200
5, 764,6,45.415760, 46.081444, 128.766785, 71.821136,11.507932, 251.047974, 0.985554
5, 764,7,11.507932, 12.474874, 128.766785, 71.821136,11.507932, 251.047974, 0.922489
5, 764,8,96.890297, 95.756233, 128.766785, 71.821136,11.507932, 251.047974, 1.011843
5, 764,9,86.419838, 85.191841, 128.766785, 71.821136,11.507932, 251.047974, 1.014414
5, 764,10,171.946655, 170.549149, 128.766785, 71.821136,11.507932, 251.047974, 1.008194
5, 764,11,223.650269, 222.861313, 128.766785, 71.821136,11.507932, 251.047974, 1.003540
5, 764,12,32.240433, 32.369904, 128.766785, 71.821136,11.507932, 251.047974, 0.996000
5, 764,13,86.318069, 87.371208, 128.766785, 71.821136,11.507932, 251.047974, 0.987946
5, 764,14,55.340744, 55.160912, 128.766785, 71.821136,11.507932, 251.047974, 1.003260
5, 764,15,251.047974, 251.133972, 128.766785, 71.821136,11.507932, 251.047974, 0.999658
5, 764,16,172.429703, 171.672058, 128.766785, 71.821136,11.507932, 251.047974, 1.004413
5, 764,17,214.957458, 217.431381, 128.766785, 71.821136,11.507932, 251.047974, 0.988622
5, 764,18,170.233826, 169.972900, 128.766785, 71.821136,11.507932, 251.047974, 1.001535
5, 764,19,175.713333, 175.676178, 128.766785, 71.821136,11.507932, 251.047974, 1.000211
5, 764,20,49.929111, 49.302475, 128.766785, 71.821136,11.507932, 251.047974, 1.012710
5, 764,21,13.011366, 14.247919, 128.766785, 71.821136,11.507932, 251.047974, 0.913212
5, 764,22,77.825821, 77.641624, 128.766785, 71.821136,11.507932, 251.047974, 1.002372
5, 764,23,113.376732, 113.331535, 128.766785, 71.821136,11.507932, 251.047974, 1.000399
5, 764,24,115.558258, 116.257050, 128.766785, 71.821136,11.507932, 251.047974, 0.993989
5, 764,25,198.296265, 198.681442, 128.766785, 71.821136,11.507932, 251.047974, 0.998061
5, 764,26,230.276886, 229.953491, 128.766785, 71.821136,11.507932, 251.047974, 1.001406
5, 764,27,187.091537, 185.967239, 128.766785, 71.821136,11.507932, 251.047974, 1.006046
5, 764,28,54.789585, 53.860676, 128.766785, 71.821136,11.507932, 251.047974, 1.017246
5, 764,29,12.390300, 12.437936, 128.766785, 71.821136,11.507932, 251.047974, 0.996170
5, 764,30,177.252197, 177.020737, 128.766785, 71.821136,11.507932, 251.047974, 1.001307
5, 764,31,113.389435, 113.065575, 128.766785, 71.821136,11.507932, 251.047974, 1.002864
5, 765,0,181.002518, 180.508102, 128.723694, 89.396164,13.720054, 285.769165, 1.002739
5, 765,1,180.665710, 181.425461, 128.723694, 89.396164,13.720054, 285.769165, 0.995812
5, 765,2,115.225021, 117.054916, 128.723694, 89.396164,13.720054, 285.769165, 0.984367
5, 765,3,273.282471, 274.729279, 128.723694, 89.396164,13.720054, 285.769165, 0.994734
5, 765,4,118.770668, 118.091522, 128.723694, 89.396164,13.720054, 285.769165, 1.005751
5, 765,5,62.382957, 60.830441, 128.723694, 89.396164,13.720054, 285.769165, 1.025522
5, 765,6,96.747292, 97.304337, 128.723694, 89.396164,13.720054, 285.769165, 0.994275
5, 765,7,283.136627, 283.866089, 128.723694, 89.396164,13.720054, 285.769165, 0.997430
5, 765,8,218.401199, 218.147049, 128.723694, 89.396164,13.720054, 285.769165, 1.001165
5, 765,9,49.387062, 48.170994, 128.723694, 89.396164,13.720054, 285.769165, 1.025245
5, 765,10,268.845551, 269.078400, 128.723694, 89.396164,13.720054, 285.769165, 0.999135
5, 765,11,285.769165, 285.966858, 128.723694, 89.396164,13.720054, 285.769165, 0.999309
5, 765,12,111.409332, 111.440727, 128.723694, 89.396164,13.720054, 285.769165, 0.999718
5, 765,13,219.054108, 221.532059, 128.723694, 89.396164,13.720054, 285.769165, 0.988814
5, 765,14,29.532856, 30.154213, 128.723694, 89.396164,13.720054, 285.769165, 0.979394
5, 765,15,36.497959, 35.383118, 128.723694, 89.396164,13.720054, 285.769165, 1.031508
5, 765,16,229.373795, 229.201126, 128.723694, 89.396164,13.720054, 285.769165, 1.000753
5, 765,17,55.136505, 54.133781, 128.723694, 89.396164,13.720054, 285.769165, 1.018523
5, 765,18,13.720054, 12.852962, 128.723694, 89.396164,13.720054, 285.769165, 1.067462
5, 765,19,27.017710, 28.255295, 128.723694, 89.396164,13.720054, 285.769165, 0.956200
5, 765,20,169.853363, 169.839310, 128.723694, 89.396164,13.720054, 285.769165, 1.000083
5, 765,21,44.084980, 45.171253, 128.723694, 89.396164,13.720054, 285.769165, 0.975952
5, 765,22,86.082230, 84.773315, 128.723694, 89.396164,13.720054, 285.769165, 1.015440
5, 765,23,24.062618, 23.246555, 128.723694, 89.396164,13.720054, 285.769165, 1.035105
5, 765,24,18.184053, 18.237816, 128.723694, 89.396164,13.720054, 285.769165, 0.997052
5, 765,25,204.347046, 204.395950, 128.723694, 89.396164,13.720054, 285.769165, 0.999761
5, 765,26,173.489075, 175.095734, 128.723694, 89.396164,13.720054, 285.769165, 0.990824
5, 765,27,206.716751, 207.056274, 128.723694, 89.396164,13.720054, 285.769165, 0.998360
5, 765,28,44.261589, 42.776970, 128.723694, 89.396164,13.720054, 285.769165, 1.034706
5, 765,29,97.360123, 96.625496, 128.723694, 89.396164,13.720054, 285.769165, 1.007603
5, 765,30,28.342972, 28.411243, 128.723694, 89.396164,13.720054, 285.769165, 0.997597
5, 765,31,167.014496, 167.243210, 128.723694, 89.396164,13.720054, 285.769165, 0.998632
5, 766,0,47.539543, 47.403141, 128.887650, 65.617882,11.846149, 242.440125, 1.002877
5, 766,1,155.025253, 154.494324, 128.887650, 65.617882,11.846149, 242.440125, 1.003437
5, 766,2,122.280159, 120.488823, 128.887650, 65.617882,11.846149, 242.440125, 1.014867
5, 766,3,241.791611, 241.998215, 128.887650, 65.617882,11.846149, 242.440125, 0.999146
5, 766,4,149.488953, 148.737213, 128.887650, 65.617882,11.846149, 242.440125, 1.005054
5, 766,5,171.544937, 171.664047, 128.887650, 65.617882,11.846149, 242.440125, 0.999306
5, 766,6,35.512379, 35.170166, 128.887650, 65.617882,11.846149, 242.440125, 1.009730
5, 766,7,187.884415, 189.080597, 128.887650, 65.617882,11.846149, 242.440125, 0.993674
5, 766,8,84.903473, 85.967873, 128.887650, 65.617882,11.846149, 242.440125, 0.987619
5, 766,9,185.331802, 186.815521, 128.887650, 65.617882,11.846149, 242.440125, 0.992058
5, 766,10,167.842026, 167.678345, 128.887650, 65.617882,11.846149, 242.440125, 1.000976
5, 766,11,43.366982, 44.295891, 128.887650, 65.617882,11.846149, 242.440125, 0.979029
5, 766,12,17.263304, 19.038609, 128.887650, 65.617882,11.846149, 242.440125, 0.906752
5, 766,13,169.525803, 169.064987, 128.887650, 65.617882,11.846149, 242.440125, 1.002726
5, 766,14,96.458397, 96.422165, 128.887650, 65.617882,11.846149, 242.440125, 1.000376
5, 766,15,117.666756, 117.258156, 128.887650, 65.617882,11.846149, 242.440125, 1.003485
5, 766,16,100.307114, 100.422386, 128.887650, 65.617882,11.846149, 242.440125, 0.998852
5, 766,17,104.913322, 104.364525, 128.887650, 65.617882,11.846149, 242.440125, 1.005258
5, 766,18,79.855858, 79.702553, 128.887650, 65.617882,11.846149, 242.440125, 1.001923
5, 766,19,54.398258, 55.018806, 128.887650, 65.617882,11.846149, 242.440125, 0.988721
5, 766,20,242.440125, 241.911087, 128.887650, 65.617882,11.846149, 242.440125, 1.002187
5, 766,21,11.846149, 11.212408, 128.887650, 65.617882,11.846149, 242.440125, 1.056521
5, 766,22,204.848801, 205.749390, 128.887650, 65.617882,11.846149, 242.440125, 0.995623
5, 766,23,233.891800, 232.386063, 128.887650, 65.617882,11.846149, 242.440125, 1.006480
5, 766,24,136.365891, 136.475174, 128.887650, 65.617882,11.846149, 242.440125, 0.999199
5, 766,25,142.508804, 142.660645, 128.887650, 65.617882,11.846149, 242.440125, 0.998936
5, 766,26,174.485168, 173.152313, 128.887650, 65.617882,11.846149, 242.440125, 1.007698
5, 766,27,60.159279, 61.276859, 128.887650, 65.617882,11.846149, 242.440125, 0.981762
5, 766,28,198.892166, 196.855988, 128.887650, 65.617882,11.846149, 242.440125, 1.010344
5, 766,29,103.160027, 103.457031, 128.887650, 65.617882,11.846149, 242.440125, 0.997129
5, 766,30,186.425751, 185.116699, 128.887650, 65.617882,11.846149, 242.440125, 1.007071
5, 766,31,96.480789, 95.659874, 128.887650, 65.617882,11.846149, 242.440125, 1.008582
5, 767,0,145.838593, 146.254898, 129.013550, 74.946045,12.287948, 235.681900, 0.997154
5, 767,1,12.792777, 11.952675, 129.013550, 74.946045,12.287948, 235.681900, 1.070286
5, 767,2,226.358673, 227.402588, 129.013550, 74.946045,12.287948, 235.681900, 0.995409
5, 767,3,177.283585, 176.993317, 129.013550, 74.946045,12.287948, 235.681900, 1.001640
5, 767,4,209.027634, 210.549057, 129.013550, 74.946045,12.287948, 235.681900, 0.992774
5, 767,5,57.895481, 56.518337, 129.013550, 74.946045,12.287948, 235.681900, 1.024366
5, 767,6,127.365616, 127.066811, 129.013550, 74.946045,12.287948, 235.681900, 1.002352
5, 767,7,30.389832, 29.706882, 129.013550, 74.946045,12.287948, 235.681900, 1.022990
5, 767,8,207.332901, 208.488297, 129.013550, 74.946045,12.287948, 235.681900, 0.994458
5, 767,9,150.649200, 149.836014, 129.013550, 74.946045,12.287948, 235.681900, 1.005427
5, 767,10,12.287948, 14.114307, 129.013550, 74.946045,12.287948, 235.681900, 0.870602
5, 767,11,235.681900, 235.105209, 129.013550, 74.946045,12.287948, 235.681900, 1.002453
5, 767,12,71.123688, 70.626587, 129.013550, 74.946045,12.287948, 235.681900, 1.007038
5, 767,13,75.102592, 75.194839, 129.013550, 74.946045,12.287948, 235.681900, 0.998773
5, 767,14,43.340763, 43.044159, 129.013550, 74.946045,12.287948, 235.681900, 1.006891
5, 767,15,46.357594, 45.724583, 129.013550, 74.946045,12.287948, 235.681900, 1.013844
5, 767,16,175.643143, 175.941330, 129.013550, 74.946045,12.287948, 235.681900, 0.998305
5, 767,17,155.075653, 153.921494, 129.013550, 74.946045,12.287948, 235.681900, 1.007498
5, 767,18,187.461761, 187.513260, 129.013550, 74.946045,12.287948, 235.681900, 0.999725
5, 767,19,150.741089, 151.284302, 129.013550, 74.946045,12.287948, 235.681900, 0.996409
5, 767,20,49.098969, 46.834221, 129.013550, 74.946045,12.287948, 235.681900, 1.048357
5, 767,21,232.177765, 231.682617, 129.013550, 74.946045,12.287948, 235.681900, 1.002137
5, 767,22,122.772690, 123.449677, 129.013550, 74.946045,12.287948, 235.681900, 0.994516
5, 767,23,224.168579, 225.514755, 129.013550, 74.946045,12.287948, 235.681900, 0.994031
5, 767,24,191.755966, 189.566818, 129.013550, 74.946045,12.287948, 235.681900, 1.011548
5, 767,25,89.060776, 89.274277, 129.013550, 74.946045,12.287948, 235.681900, 0.997608
5, 767,26,33.861759, 33.107853, 129.013550, 74.946045,12.287948, 235.681900, 1.022771
5, 767,27,86.117928, 85.145554, 129.013550, 74.946045,12.287948, 235.681900, 1.011420
5, 767,28,180.791885, 181.489517, 129.013550, 74.946045,12.287948, 235.681900, 0.996156
5, 767,29,17.437435, 16.239912, 129.013550, 74.946045,12.287948, 235.681900, 1.073740
5, 767,30,214.172516, 212.429688, 129.013550, 74.946045,12.287948, 235.681900, 1.008204
5, 767,31,189.266953, 189.026413, 129.013550, 74.946045,12.287948, 235.681900, 1.001273
5, 768,0,136.526642, 136.439484, 128.683380, 56.789356,23.605537, 213.186829, 1.000639
5, 768,1,148.215576, 147.688782, 128.683380, 56.789356,23.605537, 213.186829, 1.003567
5, 768,2,70.024773, 70.664238, 128.683380, 56.789356,23.605537, 213.186829, 0.990951
5, 768,3,138.219498, 138.248199, 128.683380, 56.789356,23.605537, 213.186829, 0.999792
5, 768,4,170.097412, 170.162140, 128.683380, 56.789356,23.605537, 213.186829, 0.999620
5, 768,5,34.301495, 34.622391, 128.683380, 56.789356,23.605537, 213.186829, 0.990732
5, 768,6,116.714783, 116.839890, 128.683380, 56.789356,23.605537, 213.186829, 0.998929
5, 768,7,213.186829, 212.890549, 128.683380, 56.789356,23.605537, 213.186829, 1.001392
5, 768,8,65.464722, 65.414566, 128.683380, 56.789356,23.605537, 213.186829, 1.000767
5, 768,9,191.968948, 193.410690, 128.683380, 56.789356,23.605537, 213.186829, 0.992546
5, 768,10,120.524834, 120.148506, 128.683380, 56.789356,23.605537, 213.186829, 1.003132
5, 768,11,169.827591, 169.576050, 128.683380, 56.789356,23.605537, 213.186829, 1.001483
5, 768,12,208.603378, 208.819366, 128.683380, 56.789356,23.605537, 213.186829, 0.998966
5, 768,13,189.754257, 189.503372, 128.683380, 56.789356,23.605537, 213.186829, 1.001324
5, 768,14,138.301910, 137.636902, 128.683380, 56.789356,23.605537, 213.186829, 1.004832
5, 768,15,169.386032, 169.607574, 128.683380, 56.789356,23.605537, 213.186829, 0.998694
5, 768,16,47.104065, 48.386234, 128.683380, 56.789356,23.605537, 213.186829, 0.973501
5, 768,17,126.556877, 127.692146, 128.683380, 56.789356,23.605537, 213.186829, 0.991109
5, 768,18,67.558990, 68.382874, 128.683380, 56.789356,23.605537, 213.186829, 0.987952
5, 768,19,184.847168, 185.135986, 128.683380, 56.789356,23.605537, 213.186829, 0.998440
5, 768,20,143.883850, 143.340332, 128.683380, 56.789356,23.605537, 213.186829, 1.003792
5, 768,21,104.165543, 104.323875, 128.683380, 56.789356,23.605537, 213.186829, 0.998482
5, 768,22,187.555176, 186.919495, 128.683380, 56.789356,23.605537, 213.186829, 1.003401
5, 768,23,76.066597, 76.695366, 128.683380, 56.789356,23.605537, 213.186829, 0.991802
5, 768,24,201.580017, 201.868134, 128.683380, 56.789356,23.605537, 213.186829, 0.998573
5, 768,25,131.201340, 130.969254, 128.683380, 56.789356,23.605537, 213.186829, 1.001772
5, 768,26,56.336494, 55.684090, 128.683380, 56.789356,23.605537, 213.186829, 1.011716
5, 768,27,196.607895, 197.160446, 128.683380, 56.789356,23.605537, 213.186829, 0.997197
5, 768,28,85.362640, 83.054207, 128.683380, 56.789356,23.605537, 213.186829, 1.027794
5, 768,29,45.781376, 45.644810, 128.683380, 56.789356,23.605537, 213.186829, 1.002992
5, 768,30,158.535645, 159.536774, 128.683380, 56.789356,23.605537, 213.186829, 0.993725
5, 768,31,23.605537, 24.532696, 128.683380, 56.789356,23.605537, 213.186829, 0.962207
5, 769,0,130.677917, 130.804840, 129.065735, 85.134933,15.870678, 275.498535, 0.999030
5, 769,1,78.232254, 78.559647, 129.065735, 85.134933,15.870678, 275.498535, 0.995833
5, 769,2,224.888794, 224.870529, 129.065735, 85.134933,15.870678, 275.498535, 1.000081
5, 769,3,87.880882, 87.597092, 129.065735, 85.134933,15.870678, 275.498535, 1.003240
5, 769,4,244.635376, 245.395416, 129.065735, 85.134933,15.870678, 275.498535, 0.996903
5, 769,5,43.242184, 43.261688, 129.065735, 85.134933,15.870678, 275.498535, 0.999549
5, 769,6,112.973076, 111.967361, 129.065735, 85.134933,15.870678, 275.498535, 1.008982
5, 769,7,27.186523, 26.054852, 129.065735, 85.134933,15.870678, 275.498535, 1.043434
5, 769,8,15.870678, 15.492235, 129.065735, 85.134933,15.870678, 275.498535, 1.024428
5, 769,9,176.603500, 176.486923, 129.065735, 85.134933,15.870678, 275.498535, 1.000661
5, 769,10,138.197052, 136.167267, 129.065735, 85.134933,15.870678, 275.498535, 1.014907
5, 769,11,25.697237, 26.062962, 129.065735, 85.134933,15.870678, 275.498535, 0.985968
5, 769,12,17.822958, 18.299198, 129.065735, 85.134933,15.870678, 275.498535, 0.973975
5, 769,13,30.991499, 29.194429, 129.065735, 85.134933,15.870678, 275.498535, 1.061555
5, 769,14,54.212708, 56.469013, 129.065735, 85.134933,15.870678, 275.498535, 0.960043
5, 769,15,125.165199, 125.385612, 129.065735, 85.134933,15.870678, 275.498535, 0.998242
5, 769,16,203.267792, 202.487839, 129.065735, 85.134933,15.870678, 275.498535, 1.003852
5, 769,17,235.023193, 234.208130, 129.065735, 85.134933,15.870678, 275.498535, 1.003480
5, 769,18,127.358101, 126.594391, 129.065735, 85.134933,15.870678, 275.498535, 1.006033
5, 769,19,150.277451, 150.713165, 129.065735, 85.134933,15.870678, 275.498535, 0.997109
5, 769,20,254.284592, 254.773590, 129.065735, 85.134933,15.870678, 275.498535, 0.998081
5, 769,21,109.942032, 110.539543, 129.065735, 85.134933,15.870678, 275.498535, 0.994595
5, 769,22,208.103165, 207.452744, 129.065735, 85.134933,15.870678, 275.498535, 1.003135
5, 769,23,22.932459, 21.049372, 129.065735, 85.134933,15.870678, 275.498535, 1.089460
5, 769,24,186.031158, 185.110626, 129.065735, 85.134933,15.870678, 275.498535, 1.004973
5, 769,25,196.195892, 194.399567, 129.065735, 85.134933,15.870678, 275.498535, 1.009240
5, 769,26,48.250450, 49.305584, 129.065735, 85.134933,15.870678, 275.498535, 0.978600
5, 769,27,262.570374, 263.486511, 129.065735, 85.134933,15.870678, 275.498535, 0.996523
5, 769,28,275.498535, 274.803589, 129.065735, 85.134933,15.870678, 275.498535, 1.002529
5, 769,29,35.576103, 35.579048, 129.065735, 85.134933,15.870678, 275.498535, 0.999917
5, 769,30,221.270767, 220.449127, 129.065735, 85.134933,15.870678, 275.498535, 1.003727
5, 769,31,59.243660, 57.977962, 129.065735, 85.134933,15.870678, 275.498535, 1.021831
5, 770,0,165.172501, 165.239624, 128.577393, 52.946671,29.348989, 225.459000, 0.999594
5, 770,1,61.801666, 62.669621, 128.577393, 52.946671,29.348989, 225.459000, 0.986150
5, 770,2,86.151367, 86.437820, 128.577393, 52.946671,29.348989, 225.459000, 0.996686
5, 770,3,79.825333, 82.283951, 128.577393, 52.946671,29.348989, 225.459000, 0.970120
5, 770,4,145.107773, 144.787766, 128.577393, 52.946671,29.348989, 225.459000, 1.002210
5, 770,5,49.798882, 48.708591, 128.577393, 52.946671,29.348989, 225.459000, 1.022384
5, 770,6,112.214432, 112.657806, 128.577393, 52.946671,29.348989, 225.459000, 0.996064
5, 770,7,109.790092, 111.597382, 128.577393, 52.946671,29.348989, 225.459000, 0.983805
5, 770,8,214.124542, 214.059311, 128.577393, 52.946671,29.348989, 225.459000, 1.000305
5, 770,9,139.403778, 139.087189, 128.577393, 52.946671,29.348989, 225.459000, 1.002276
5, 770,10,177.832275, 178.477936, 128.577393, 52.946671,29.348989, 225.459000, 0.996382
5, 770,11,78.748970, 77.731590, 128.577393, 52.946671,29.348989, 225.459000, 1.013088
5, 770,12,64.749390, 63.925907, 128.577393, 52.946671,29.348989, 225.459000, 1.012882
5, 770,13,186.217621, 184.962021, 128.577393, 52.946671,29.348989, 225.459000, 1.006788
5, 770,14,85.338890, 86.039322, 128.577393, 52.946671,29.348989, 225.459000, 0.991859
5, 770,15,182.596649, 183.617935, 128.577393, 52.946671,29.348989, 225.459000, 0.994438
5, 770,16,145.881500, 146.874817, 128.577393, 52.946671,29.348989, 225.459000, 0.993237
5, 770,17,182.724121, 181.963135, 128.577393, 52.946671,29.348989, 225.459000, 1.004182
5, 770,18,104.237038, 104.897171, 128.577393, 52.946671,29.348989, 225.459000, 0.993707
5, 770,19,68.774780, 68.525558, 128.577393, 52.946671,29.348989, 225.459000, 1.003637
5, 770,20,92.008423, 90.625450, 128.577393, 52.946671,29.348989, 225.459000, 1.015260
5, 770,21,189.452362, 187.974411, 128.577393, 52.946671,29.348989, 225.459000, 1.007863
5, 770,22,29.348989, 29.060486, 128.577393, 52.946671,29.348989, 225.459000, 1.009928
5, 770,23,113.997833, 115.366257, 128.577393, 52.946671,29.348989, 225.459000, 0.988138
5, 770,24,225.459000, 226.230469, 128.577393, 52.946671,29.348989, 225.459000, 0.996590
5, 770,25,191.860672, 192.965805, 128.577393, 52.946671,29.348989, 225.459000, 0.994273
5, 770,26,146.121445, 148.563400, 128.577393, 52.946671,29.348989, 225.459000, 0.983563
5, 770,27,113.499649, 112.948235, 128.577393, 52.946671,29.348989, 225.459000, 1.004882
5, 770,28,206.730072, 206.541840, 128.577393, 52.946671,29.348989, 225.459000, 1.000911
5, 770,29,86.004326, 86.019058, 128.577393, 52.946671,29.348989, 225.459000, 0.999829
5, 770,30,158.492065, 158.640717, 128.577393, 52.946671,29.348989, 225.459000, 0.999063
5, 770,31,121.010284, 121.519379, 128.577393, 52.946671,29.348989, 225.459000, 0.995811
5, 771,0,104.355995, 104.138435, 128.605194, 80.884727,12.515548, 271.030334, 1.002089
5, 771,1,231.852737, 232.445435, 128.605194, 80.884727,12.515548, 271.030334, 0.997450
5, 771,2,127.960495, 126.531677, 128.605194, 80.884727,12.515548, 271.030334, 1.011292
5, 771,3,105.882782, 105.617386, 128.605194, 80.884727,12.515548, 271.030334, 1.002513
5, 771,4,84.844955, 84.365501, 128.605194, 80.884727,12.515548, 271.030334, 1.005683
5, 771,5,144.128067, 144.327316, 128.605194, 80.884727,12.515548, 271.030334, 0.998619
5, 771,6,84.195801, 84.735245, 128.605194, 80.884727,12.515548, 271.030334, 0.993634
5, 771,7,234.324783, 234.294128, 128.605194, 80.884727,12.515548, 271.030334, 1.000131
5, 771,8,61.662441, 63.499435, 128.605194, 80.884727,12.515548, 271.030334, 0.971071
5, 771,9,93.289009, 93.472305, 128.605194, 80.884727,12.515548, 271.030334, 0.998039
5, 771,10,264.395111, 265.400330, 128.605194, 80.884727,12.515548, 271.030334, 0.996212
5, 771,11,18.454422, 17.965437, 128.605194, 80.884727,12.515548, 271.030334, 1.027218
5, 771,12,85.394127, 85.788193, 128.605194, 80.884727,12.515548, 271.030334, 0.995407
5, 771,13,65.978416, 65.581223, 128.605194, 80.884727,12.515548, 271.030334, 1.006057
5, 771,14,223.204681, 224.415710, 128.605194, 80.884727,12.515548, 271.030334, 0.994604
5, 771,15,12.515548, 11.310158, 128.605194, 80.884727,12.515548, 271.030334, 1.106576
5, 771,16,161.776825, 161.761246, 128.605194, 80.884727,12.515548, 271.030334, 1.000096
5, 771,17,140.945892, 141.369415, 128.605194, 80.884727,12.515548, 271.030334, 0.997004
5, 771,18,40.603577, 41.250870, 128.605194, 80.884727,12.515548, 271.030334, 0.984308
5, 771,19,195.387527, 196.211166, 128.605194, 80.884727,12.515548, 271.030334, 0.995802
5, 771,20,80.022156, 79.944725, 128.605194, 80.884727,12.515548, 271.030334, 1.000969
5, 771,21,41.007072, 40.712341, 128.605194, 80.884727,12.515548, 271.030334, 1.007239
5, 771,22,271.030334, 270.906189, 128.605194, 80.884727,12.515548, 271.030334, 1.000458
5, 771,23,159.757568, 158.867645, 128.605194, 80.884727,12.515548, 271.030334, 1.005602
5, 771,24,93.372879, 93.681282, 128.605194, 80.884727,12.515548, 271.030334, 0.996708
5, 771,25,256.399139, 255.819290, 128.605194, 80.884727,12.515548, 271.030334, 1.002267
5, 771,26,25.803352, 25.922832, 128.605194, 80.884727,12.515548, 271.030334, 0.995391
5, 771,27,135.631088, 135.759033, 128.605194, 80.884727,12.515548, 271.030334, 0.999058
5, 771,28,53.969269, 54.874905, 128.605194, 80.884727,12.515548, 271.030334, 0.983496
5, 771,29,203.678604, 205.358154, 128.605194, 80.884727,12.515548, 271.030334, 0.991821
5, 771,30,43.859680, 44.691040, 128.605194, 80.884727,12.515548, 271.030334, 0.981398
5, 771,31,269.682037, 269.981873, 128.605194, 80.884727,12.515548, 271.030334, 0.998889
5, 772,0,202.019241, 202.218994, 128.753296, 68.885551,16.426552, 235.744003, 0.999012
5, 772,1,32.309925, 32.263905, 128.753296, 68.885551,16.426552, 235.744003, 1.001426
5, 772,2,78.073029, 77.643959, 128.753296, 68.885551,16.426552, 235.744003, 1.005526
5, 772,3,26.769688, 26.255962, 128.753296, 68.885551,16.426552, 235.744003, 1.019566
5, 772,4,43.578304, 44.138927, 128.753296, 68.885551,16.426552, 235.744003, 0.987299
5, 772,5,160.939133, 160.747986, 128.753296, 68.885551,16.426552, 235.744003, 1.001189
5, 772,6,131.192261, 131.222412, 128.753296, 68.885551,16.426552, 235.744003, 0.999770
5, 772,7,111.954216, 112.078705, 128.753296, 68.885551,16.426552, 235.744003, 0.998889
5, 772,8,125.911240, 125.623001, 128.753296, 68.885551,16.426552, 235.744003, 1.002294
5, 772,9,47.473156, 48.414219, 128.753296, 68.885551,16.426552, 235.744003, 0.980562
5, 772,10,87.063812, 86.779137, 128.753296, 68.885551,16.426552, 235.744003, 1.003281
5, 772,11,192.054214, 191.189178, 128.753296, 68.885551,16.426552, 235.744003, 1.004524
5, 772,12,183.602097, 184.850189, 128.753296, 68.885551,16.426552, 235.744003, 0.993248
5, 772,13,194.217102, 195.027771, 128.753296, 68.885551,16.426552, 235.744003, 0.995843
5, 772,14,110.622833, 109.775543, 128.753296, 68.885551,16.426552, 235.744003, 1.007718
5, 772,15,195.913879, 196.436447, 128.753296, 68.885551,16.426552, 235.744003, 0.997340
5, 772,16,173.654755, 174.073929, 128.753296, 68.885551,16.426552, 235.744003, 0.997592
5, 772,17,222.362915, 221.926193, 128.753296, 68.885551,16.426552, 235.744003, 1.001968
5, 772,18,16.426552, 16.923574, 128.753296, 68.885551,16.426552, 235.744003, 0.970631
5, 772,19,134.044525, 135.053986, 128.753296, 68.885551,16.426552, 235.744003, 0.992526
5, 772,20,199.988174, 199.274887, 128.753296, 68.885551,16.426552, 235.744003, 1.003579
5, 772,21,235.744003, 235.942368, 128.753296, 68.885551,16.426552, 235.744003, 0.999159
5, 772,22,177.680206, 175.285385, 128.753296, 68.885551,16.426552, 235.744003, 1.013662
5, 772,23,189.758408, 189.773468, 128.753296, 68.885551,16.426552, 235.744003, 0.999921
5, 772,24,128.866089, 130.243408, 128.753296, 68.885551,16.426552, 235.744003, 0.989425
5, 772,25,180.845459, 181.539856, 128.753296, 68.885551,16.426552, 235.744003, 0.996175
5, 772,26,128.998627, 128.109283, 128.753296, 68.885551,16.426552, 235.744003, 1.006942
5, 772,27,23.730131, 23.417507, 128.753296, 68.885551,16.426552, 235.744003, 1.013350
5, 772,28,215.575439, 215.467468, 128.753296, 68.885551,16.426552, 235.744003, 1.000501
5, 772,29,102.966698, 102.232155, 128.753296, 68.885551,16.426552, 235.744003, 1.007185
5, 772,30,31.736902, 32.172344, 128.753296, 68.885551,16.426552, 235.744003, 0.986465
5, 772,31,34.032604, 34.898102, 128.753296, 68.885551,16.426552, 235.744003, 0.975199
5, 773,0,238.572845, 238.830109, 128.712677, 71.398880,10.928615, 243.973633, 0.998923
5, 773,1,202.686066, 202.327332, 128.712677, 71.398880,10.928615, 243.973633, 1.001773
5, 773,2,191.147873, 191.049637, 128.712677, 71.398880,10.928615, 243.973633, 1.000514
5, 773,3,46.611668, 46.155205, 128.712677, 71.398880,10.928615, 243.973633, 1.009890
5, 773,4,95.759804, 95.888016, 128.712677, 71.398880,10.928615, 243.973633, 0.998663
5, 773,5,109.497330, 108.947960, 128.712677, 71.398880,10.928615, 243.973633, 1.005043
5, 773,6,16.533432, 16.404255, 128.712677, 71.398880,10.928615, 243.973633, 1.007875
5, 773,7,243.973633, 244.287766, 128.712677, 71.398880,10.928615, 243.973633, 0.998714
5, 773,8,219.163574, 218.101334, 128.712677, 71.398880,10.928615, 243.973633, 1.004870
5, 773,9,70.873573, 71.091866, 128.712677, 71.398880,10.928615, 243.973633, 0.996929
5, 773,10,187.803360, 189.097290, 128.712677, 71.398880,10.928615, 243.973633, 0.993157
5, 773,11,46.727840, 47.264484, 128.712677, 71.398880,10.928615, 243.973633, 0.988646
5, 773,12,47.057064, 47.160950, 128.712677, 71.398880,10.928615, 243.973633, 0.997797
5, 773,13,84.090813, 85.556900, 128.712677, 71.398880,10.928615, 243.973633, 0.982864
5, 773,14,58.138607, 58.571770, 128.712677, 71.398880,10.928615, 243.973633, 0.992605
5, 773,15,116.881378, 115.729378, 128.712677, 71.398880,10.928615, 243.973633, 1.009954
5, 773,16,141.170639, 141.427750, 128.712677, 71.398880,10.928615, 243.973633, 0.998182
5, 773,17,185.951035, 185.946945, 128.712677, 71.398880,10.928615, 243.973633, 1.000022
5, 773,18,92.789413, 92.582359, 128.712677, 71.398880,10.928615, 243.973633, 1.002236
5, 773,19,126.870995, 127.524742, 128.712677, 71.398880,10.928615, 243.973633, 0.994874
5, 773,20,40.591190, 41.451847, 128.712677, 71.398880,10.928615, 243.973633, 0.979237
5, 773,21,91.580048, 91.362144, 128.712677, 71.398880,10.928615, 243.973633, 1.002385
5, 773,22,174.287506, 174.558304, 128.712677, 71.398880,10.928615, 243.973633, 0.998449
5, 773,23,38.327724, 38.700825, 128.712677, 71.398880,10.928615, 243.973633, 0.990359
5, 773,24,211.514893, 211.904144, 128.712677, 71.398880,10.928615, 243.973633, 0.998163
5, 773,25,196.497421, 195.997040, 128.712677, 71.398880,10.928615, 243.973633, 1.002553
5, 773,26,178.421677, 178.914078, 128.712677, 71.398880,10.928615, 243.973633, 0.997248
5, 773,27,83.507339, 84.159203, 128.712677, 71.398880,10.928615, 243.973633, 0.992254
5, 773,28,10.928615, 10.251437, 128.712677, 71.398880,10.928615, 243.973633, 1.066057
5, 773,29,180.750122, 181.339722, 128.712677, 71.398880,10.928615, 243.973633, 0.996749
5, 773,30,167.260651, 166.312637, 128.712677, 71.398880,10.928615, 243.973633, 1.005700
5, 773,31,222.837723, 222.102142, 128.712677, 71.398880,10.928615, 243.973633, 1.003312
5, 774,0,198.241165, 198.156448, 128.792099, 58.718563,12.198501, 215.582703, 1.000427
5, 774,1,116.393257, 116.457108, 128.792099, 58.718563,12.198501, 215.582703, 0.999452
5, 774,2,74.225586, 73.909416, 128.792099, 58.718563,12.198501, 215.582703, 1.004278
5, 774,3,78.900658, 78.096390, 128.792099, 58.718563,12.198501, 215.582703, 1.010298
5, 774,4,206.897141, 206.800339, 128.792099, 58.718563,12.198501, 215.582703, 1.000468
5, 774,5,186.987885, 187.045609, 128.792099, 58.718563,12.198501, 215.582703, 0.999691
5, 774,6,171.723923, 170.793610, 128.792099, 58.718563,12.198501, 215.582703, 1.005447
5, 774,7,151.763290, 152.338272, 128.792099, 58.718563,12.198501, 215.582703, 0.996226
5, 774,8,158.321899, 159.331223, 128.792099, 58.718563,12.198501, 215.582703, 0.993665
5, 774,9,106.482002, 107.819511, 128.792099, 58.718563,12.198501, 215.582703, 0.987595
5, 774,10,161.582687, 160.994720, 128.792099, 58.718563,12.198501, 215.582703, 1.003652
5, 774,11,165.273453, 164.453506, 128.792099, 58.718563,12.198501, 215.582703, 1.004986
5, 774,12,190.190109, 191.332993, 128.792099, 58.718563,12.198501, 215.582703, 0.994027
5, 774,13,168.866440, 168.766022, 128.792099, 58.718563,12.198501, 215.582703, 1.000595
5, 774,14,67.837265, 66.954147, 128.792099, 58.718563,12.198501, 215.582703, 1.013190
5, 774,15,147.067200, 146.826797, 128.792099, 58.718563,12.198501, 215.582703, 1.001637
5, 774,16,215.582703, 214.985962, 128.792099, 58.718563,12.198501, 215.582703, 1.002776
5, 774,17,89.620003, 91.071625, 128.792099, 58.718563,12.198501, 215.582703, 0.984061
5, 774,18,193.112030, 192.086288, 128.792099, 58.718563,12.198501, 215.582703, 1.005340
5, 774,19,68.404678, 68.366547, 128.792099, 58.718563,12.198501, 215.582703, 1.000558
5, 774,20,51.942589, 51.675144, 128.792099, 58.718563,12.198501, 215.582703, 1.005175
5, 774,21,94.745247, 94.913338, 128.792099, 58.718563,12.198501, 215.582703, 0.998229
5, 774,22,103.982346, 102.942032, 128.792099, 58.718563,12.198501, 215.582703, 1.010106
5, 774,23,33.310127, 33.916595, 128.792099, 58.718563,12.198501, 215.582703, 0.982119
5, 774,24,195.107239, 196.536911, 128.792099, 58.718563,12.198501, 215.582703, 0.992726
5, 774,25,70.103867, 71.379662, 128.792099, 58.718563,12.198501, 215.582703, 0.982127
5, 774,26,214.006668, 213.554749, 128.792099, 58.718563,12.198501, 215.582703, 1.002116
5, 774,27,84.191956, 82.251984, 128.792099, 58.718563,12.198501, 215.582703, 1.023586
5, 774,28,83.743736, 84.530647, 128.792099, 58.718563,12.198501, 215.582703, 0.990691
5, 774,29,80.206863, 78.943832, 128.792099, 58.718563,12.198501, 215.582703, 1.015999
5, 774,30,12.198501, 13.126106, 128.792099, 58.718563,12.198501, 215.582703, 0.929331
5, 774,31,180.334946, 180.642731, 128.792099, 58.718563,12.198501, 215.582703, 0.998296
5, 775,0,92.870125, 92.258339, 128.778046, 60.582535,20.834274, 225.024429, 1.006631
5, 775,1,147.731308, 148.973618, 128.778046, 60.582535,20.834274, 225.024429, 0.991661
5, 775,2,43.857635, 42.207928, 128.778046, 60.582535,20.834274, 225.024429, 1.039085
5, 775,3,93.521530, 93.502533, 128.778046, 60.582535,20.834274, 225.024429, 1.000203
5, 775,4,210.878616, 211.896423, 128.778046, 60.582535,20.834274, 225.024429, 0.995197
5, 775,5,92.811943, 93.025032, 128.778046, 60.582535,20.834274, 225.024429, 0.997709
5, 775,6,216.436966, 217.532303, 128.778046, 60.582535,20.834274, 225.024429, 0.994965
5, 775,7,101.922935, 101.646988, 128.778046, 60.582535,20.834274, 225.024429, 1.002715
5, 775,8,222.508316, 221.190933, 128.778046, 60.582535,20.834274, 225.024429, 1.005956
5, 775,9,122.079567, 124.520065, 128.778046, 60.582535,20.834274, 225.024429, 0.980401
5, 775,10,124.486481, 124.385567, 128.778046, 60.582535,20.834274, 225.024429, 1.000811
5, 775,11,58.666374, 58.947445, 128.778046, 60.582535,20.834274, 225.024429, 0.995232
5, 775,12,66.203812, 66.183968, 128.778046, 60.582535,20.834274, 225.024429, 1.000300
5, 775,13,119.050232, 118.783302, 128.778046, 60.582535,20.834274, 225.024429, 1.002247
5, 775,14,225.024429, 225.179092, 128.778046, 60.582535,20.834274, 225.024429, 0.999313
5, 775,15,185.499741, 186.373550, 128.778046, 60.582535,20.834274, 225.024429, 0.995311
5, 775,16,99.443611, 99.420891, 128.778046, 60.582535,20.834274, 225.024429, 1.000229
5, 775,17,50.652153, 48.704662, 128.778046, 60.582535,20.834274, 225.024429, 1.039986
5, 775,18,43.734100, 43.902729, 128.778046, 60.582535,20.834274, 225.024429, 0.996159
5, 775,19,166.666122, 167.959412, 128.778046, 60.582535,20.834274, 225.024429, 0.992300
5, 775,20,220.317230, 220.000534, 128.778046, 60.582535,20.834274, 225.024429, 1.001440
5, 775,21,168.099487, 168.060287, 128.778046, 60.582535,20.834274, 225.024429, 1.000233
5, 775,22,178.365753, 178.208923, 128.778046, 60.582535,20.834274, 225.024429, 1.000880
5, 775,23,194.564453, 194.248993, 128.778046, 60.582535,20.834274, 225.024429, 1.001624
5, 775,24,185.587814, 186.487869, 128.778046, 60.582535,20.834274, 225.024429, 0.995174
5, 775,25,102.016838, 100.201035, 128.778046, 60.582535,20.834274, 225.024429, 1.018122
5, 775,26,100.766975, 102.326256, 128.778046, 60.582535,20.834274, 225.024429, 0.984762
5, 775,27,88.626991, 88.283623, 128.778046, 60.582535,20.834274, 225.024429, 1.003889
5, 775,28,173.440414, 173.090897, 128.778046, 60.582535,20.834274, 225.024429, 1.002019
5, 775,29,61.948597, 62.088203, 128.778046, 60.582535,20.834274, 225.024429, 0.997751
5, 775,30,142.282700, 142.073349, 128.778046, 60.582535,20.834274, 225.024429, 1.001474
5, 775,31,20.834274, 19.334852, 128.778046, 60.582535,20.834274, 225.024429, 1.077550
5, 776,0,92.656624, 92.398277, 128.718307, 72.763885,19.511099, 238.088516, 1.002796
5, 776,1,74.171364, 74.160675, 128.718307, 72.763885,19.511099, 238.088516, 1.000144
5, 776,2,27.097200, 26.716030, 128.718307, 72.763885,19.511099, 238.088516, 1.014267
5, 776,3,29.137897, 30.169636, 128.718307, 72.763885,19.511099, 238.088516, 0.965802
5, 776,4,32.737846, 33.191544, 128.718307, 72.763885,19.511099, 238.088516, 0.986331
5, 776,5,151.098129, 150.097595, 128.718307, 72.763885,19.511099, 238.088516, 1.006666
5, 776,6,198.868561, 198.603806, 128.718307, 72.763885,19.511099, 238.088516, 1.001333
5, 776,7,120.025658, 118.491425, 128.718307, 72.763885,19.511099, 238.088516, 1.012948
5, 776,8,199.168396, 199.637054, 128.718307, 72.763885,19.511099, 238.088516, 0.997652
5, 776,9,207.476791, 206.777817, 128.718307, 72.763885,19.511099, 238.088516, 1.003380
5, 776,10,230.857849, 230.705383, 128.718307, 72.763885,19.511099, 238.088516, 1.000661
5, 776,11,66.759872, 66.687302, 128.718307, 72.763885,19.511099, 238.088516, 1.001088
5, 776,12,124.058098, 124.216766, 128.718307, 72.763885,19.511099, 238.088516, 0.998723
5, 776,13,25.815683, 26.263098, 128.718307, 72.763885,19.511099, 238.088516, 0.982964
5, 776,14,188.162689, 188.540222, 128.718307, 72.763885,19.511099, 238.088516, 0.997998
5, 776,15,166.551361, 167.436417, 128.718307, 72.763885,19.511099, 238.088516, 0.994714
5, 776,16,127.465172, 127.932220, 128.718307, 72.763885,19.511099, 238.088516, 0.996349
5, 776,17,33.880219, 34.352184, 128.718307, 72.763885,19.511099, 238.088516, 0.986261
5, 776,18,78.180710, 78.017677, 128.718307, 72.763885,19.511099, 238.088516, 1.002090
5, 776,19,145.509872, 147.698471, 128.718307, 72.763885,19.511099, 238.088516, 0.985182
5, 776,20,55.938423, 56.666172, 128.718307, 72.763885,19.511099, 238.088516, 0.987157
5, 776,21,19.511099, 18.662329, 128.718307, 72.763885,19.511099, 238.088516, 1.045480
5, 776,22,124.514450, 125.561401, 128.718307, 72.763885,19.511099, 238.088516, 0.991662
5, 776,23,212.099640, 212.418243, 128.718307, 72.763885,19.511099, 238.088516, 0.998500
5, 776,24,238.088516, 237.315353, 128.718307, 72.763885,19.511099, 238.088516, 1.003258
5, 776,25,230.961472, 231.462616, 128.718307, 72.763885,19.511099, 238.088516, 0.997835
5, 776,26,164.117310, 165.575134, 128.718307, 72.763885,19.511099, 238.088516, 0.991195
5, 776,27,128.235992, 128.399307, 128.718307, 72.763885,19.511099, 238.088516, 0.998728
5, 776,28,198.194336, 196.976089, 128.718307, 72.763885,19.511099, 238.088516, 1.006185
5, 776,29,159.835831, 159.403946, 128.718307, 72.763885,19.511099, 238.088516, 1.002709
5, 776,30,229.683731, 229.488129, 128.718307, 72.763885,19.511099, 238.088516, 1.000852
5, 776,31,38.124840, 36.977776, 128.718307, 72.763885,19.511099, 238.088516, 1.031020
5, 777,0,85.038567, 85.126495, 128.787079, 65.613945,19.533121, 255.899506, 0.998967
5, 777,1,104.525139, 104.557991, 128.787079, 65.613945,19.533121, 255.899506, 0.999686
5, 777,2,151.524216, 149.900650, 128.787079, 65.613945,19.533121, 255.899506, 1.010831
5, 777,3,80.180374, 79.707809, 128.787079, 65.613945,19.533121, 255.899506, 1.005929
5, 777,4,81.349113, 80.033691, 128.787079, 65.613945,19.533121, 255.899506, 1.016436
5, 777,5,127.193871, 127.180054, 128.787079, 65.613945,19.533121, 255.899506, 1.000109
5, 777,6,223.162491, 223.481125, 128.787079, 65.613945,19.533121, 255.899506, 0.998574
5, 777,7,185.234543, 185.944397, 128.787079, 65.613945,19.533121, 255.899506, 0.996182
5, 777,8,249.489563, 251.491562, 128.787079, 65.613945,19.533121, 255.899506, 0.992040
5, 777,9,185.544968, 185.701874, 128.787079, 65.613945,19.533121, 255.899506, 0.999155
5, 777,10,146.487152, 145.580872, 128.787079, 65.613945,19.533121, 255.899506, 1.006225
5, 777,11,141.153442, 140.677505, 128.787079, 65.613945,19.533121, 255.899506, 1.003383
5, 777,12,188.328018, 188.672684, 128.787079, 65.613945,19.533121, 255.899506, 0.998173
5, 777,13,103.741508, 103.284790, 128.787079, 65.613945,19.533121, 255.899506, 1.004422
5, 777,14,82.605171, 80.670288, 128.787079, 65.613945,19.533121, 255.899506, 1.023985
5, 777,15,176.131012, 176.213501, 128.787079, 65.613945,19.533121, 255.899506, 0.999532
5, 777,16,121.688538, 121.662849, 128.787079, 65.613945,19.533121, 255.899506, 1.000211
5, 777,17,255.899506, 257.812073, 128.787079, 65.613945,19.533121, 255.899506, 0.992582
5, 777,18,36.187149, 36.479568, 128.787079, 65.613945,19.533121, 255.899506, 0.991984
5, 777,19,198.316147, 197.706360, 128.787079, 65.613945,19.533121, 255.899506, 1.003084
5, 777,20,177.842316, 177.471527, 128.787079, 65.613945,19.533121, 255.899506, 1.002089
5, 777,21,119.531784, 119.942505, 128.787079, 65.613945,19.533121, 255.899506, 0.996576
5, 777,22,183.194351, 183.413147, 128.787079, 65.613945,19.533121, 255.899506, 0.998807
5, 777,23,98.244743, 97.623581, 128.787079, 65.613945,19.533121, 255.899506, 1.006363
5, 777,24,87.074860, 88.567177, 128.787079, 65.613945,19.533121, 255.899506, 0.983150
5, 777,25,152.779709, 151.908981, 128.787079, 65.613945,19.533121, 255.899506, 1.005732
5, 777,26,31.799807, 31.720219, 128.787079, 65.613945,19.533121, 255.899506, 1.002509
5, 777,27,19.533121, 20.208351, 128.787079, 65.613945,19.533121, 255.899506, 0.966587
5, 777,28,44.767399, 44.618973, 128.787079, 65.613945,19.533121, 255.899506, 1.003327
5, 777,29,28.122778, 28.317436, 128.787079, 65.613945,19.533121, 255.899506, 0.993126
5, 777,30,198.220642, 199.237228, 128.787079, 65.613945,19.533121, 255.899506, 0.994898
5, 777,31,56.294262, 56.085365, 128.787079, 65.613945,19.533121, 255.899506, 1.003725
5, 778,0,24.965366, 25.501984, 128.361053, 75.137489,11.899763, 249.392624, 0.978958
5, 778,1,169.879471, 170.317780, 128.361053, 75.137489,11.899763, 249.392624, 0.997427
5, 778,2,195.593430, 195.466125, 128.361053, 75.137489,11.899763, 249.392624, 1.000651
5, 778,3,211.412048, 211.691574, 128.361053, 75.137489,11.899763, 249.392624, 0.998680
5, 778,4,44.851723, 45.088593, 128.361053, 75.137489,11.899763, 249.392624, 0.994747
5, 778,5,57.232872, 56.943050, 128.361053, 75.137489,11.899763, 249.392624, 1.005090
5, 778,6,183.931366, 182.888184, 128.361053, 75.137489,11.899763, 249.392624, 1.005704
5, 778,7,140.002319, 140.798462, 128.361053, 75.137489,11.899763, 249.392624, 0.994346
5, 778,8,133.134689, 132.712097, 128.361053, 75.137489,11.899763, 249.392624, 1.003184
5, 778,9,39.631660, 40.438751, 128.361053, 75.137489,11.899763, 249.392624, 0.980042
5, 778,10,126.438423, 126.547478, 128.361053, 75.137489,11.899763, 249.392624, 0.999138
5, 778,11,208.460281, 209.242310, 128.361053, 75.137489,11.899763, 249.392624, 0.996263
5, 778,12,249.392624, 248.890289, 128.361053, 75.137489,11.899763, 249.392624, 1.002018
5, 778,13,150.079895, 149.691177, 128.361053, 75.137489,11.899763, 249.392624, 1.002597
5, 778,14,85.099297, 85.045578, 128.361053, 75.137489,11.899763, 249.392624, 1.000632
5, 778,15,175.469849, 175.751404, 128.361053, 75.137489,11.899763, 249.392624, 0.998398
5, 778,16,201.247116, 202.640579, 128.361053, 75.137489,11.899763, 249.392624, 0.993123
5, 778,17,121.667404, 121.437927, 128.361053, 75.137489,11.899763, 249.392624, 1.001890
5, 778,18,22.603107, 23.097933, 128.361053, 75.137489,11.899763, 249.392624, 0.978577
5, 778,19,26.394979, 28.606903, 128.361053, 75.137489,11.899763, 249.392624, 0.922679
5, 778,20,11.899763, 11.341445, 128.361053, 75.137489,11.899763, 249.392624, 1.049228
5, 778,21,78.728531, 80.184715, 128.361053, 75.137489,11.899763, 249.392624, 0.981840
5, 778,22,148.224014, 148.455246, 128.361053, 75.137489,11.899763, 249.392624, 0.998442
5, 778,23,239.527878, 240.517578, 128.361053, 75.137489,11.899763, 249.392624, 0.995885
5, 778,24,30.119864, 31.448053, 128.361053, 75.137489,11.899763, 249.392624, 0.957766
5, 778,25,177.166656, 176.911972, 128.361053, 75.137489,11.899763, 249.392624, 1.001440
5, 778,26,172.503113, 174.703857, 128.361053, 75.137489,11.899763, 249.392624, 0.987403
5, 778,27,60.012238, 59.882172, 128.361053, 75.137489,11.899763, 249.392624, 1.002172
5, 778,28,64.912376, 65.323318, 128.361053, 75.137489,11.899763, 249.392624, 0.993709
5, 778,29,88.521873, 89.280930, 128.361053, 75.137489,11.899763, 249.392624, 0.991498
5, 778,30,233.486526, 234.111816, 128.361053, 75.137489,11.899763, 249.392624, 0.997329
5, 778,31,234.962524, 236.041077, 128.361053, 75.137489,11.899763, 249.392624, 0.995431
5, 779,0,220.186508, 220.861435, 128.960434, 65.811630,24.937420, 241.355682, 0.996944
5, 779,1,145.399429, 144.897537, 128.960434, 65.811630,24.937420, 241.355682, 1.003464
5, 779,2,111.038612, 110.085274, 128.960434, 65.811630,24.937420, 241.355682, 1.008660
5, 779,3,146.871750, 148.106979, 128.960434, 65.811630,24.937420, 241.355682, 0.991660
5, 779,4,74.437355, 73.104462, 128.960434, 65.811630,24.937420, 241.355682, 1.018233
5, 779,5,68.656151, 69.295059, 128.960434, 65.811630,24.937420, 241.355682, 0.990780
5, 779,6,35.316082, 36.130890, 128.960434, 65.811630,24.937420, 241.355682, 0.977448
5, 779,7,212.414291, 212.389664, 128.960434, 65.811630,24.937420, 241.355682, 1.000116
5, 779,8,216.562637, 216.517120, 128.960434, 65.811630,24.937420, 241.355682, 1.000210
5, 779,9,223.914093, 224.020264, 128.960434, 65.811630,24.937420, 241.355682, 0.999526
5, 779,10,140.151413, 141.717010, 128.960434, 65.811630,24.937420, 241.355682, 0.988953
5, 779,11,212.342300, 213.018555, 128.960434, 65.811630,24.937420, 241.355682, 0.996825
5, 779,12,51.636040, 51.202225, 128.960434, 65.811630,24.937420, 241.355682, 1.008473
5, 779,13,30.073864, 28.244637, 128.960434, 65.811630,24.937420, 241.355682, 1.064764
5, 779,14,192.471863, 191.795807, 128.960434, 65.811630,24.937420, 241.355682, 1.003525
5, 779,15,37.727253, 37.352497, 128.960434, 65.811630,24.937420, 241.355682, 1.010033
5, 779,16,118.604362, 118.289574, 128.960434, 65.811630,24.937420, 241.355682, 1.002661
5, 779,17,211.488907, 209.729599, 128.960434, 65.811630,24.937420, 241.355682, 1.008388
5, 779,18,69.288338, 68.738472, 128.960434, 65.811630,24.937420, 241.355682, 1.007999
5, 779,19,118.295151, 117.957069, 128.960434, 65.811630,24.937420, 241.355682, 1.002866
5, 779,20,183.811142, 183.779434, 128.960434, 65.811630,24.937420, 241.355682, 1.000172
5, 779,21,56.389400, 55.915184, 128.960434, 65.811630,24.937420, 241.355682, 1.008481
5, 779,22,115.474480, 114.024780, 128.960434, 65.811630,24.937420, 241.355682, 1.012714
5, 779,23,197.926178, 200.318146, 128.960434, 65.811630,24.937420, 241.355682, 0.988059
5, 779,24,241.355682, 241.064972, 128.960434, 65.811630,24.937420, 241.355682, 1.001206
5, 779,25,120.493652, 120.580994, 128.960434, 65.811630,24.937420, 241.355682, 0.999276
5, 779,26,24.937420, 25.143625, 128.960434, 65.811630,24.937420, 241.355682, 0.991799
5, 779,27,77.227371, 76.234383, 128.960434, 65.811630,24.937420, 241.355682, 1.013026
5, 779,28,117.317627, 116.829430, 128.960434, 65.811630,24.937420, 241.355682, 1.004179
5, 779,29,121.589859, 119.771408, 128.960434, 65.811630,24.937420, 241.355682, 1.015183
5, 779,30,104.295555, 104.931374, 128.960434, 65.811630,24.937420, 241.355682, 0.993941
5, 779,31,129.039261, 128.951553, 128.960434, 65.811630,24.937420, 241.355682, 1.000680
5, 780,0,117.240158, 118.014786, 129.098328, 72.163307,14.475598, 246.940277, 0.993436
5, 780,1,110.316444, 109.576126, 129.098328, 72.163307,14.475598, 246.940277, 1.006756
5, 780,2,15.944617, 15.196435, 129.098328, 72.163307,14.475598, 246.940277, 1.049234
5, 780,3,131.037781, 130.998474, 129.098328, 72.163307,14.475598, 246.940277, 1.000300
5, 780,4,46.688068, 45.760651, 129.098328, 72.163307,14.475598, 246.940277, 1.020267
5, 780,5,112.251785, 113.144051, 129.098328, 72.163307,14.475598, 246.940277, 0.992114
5, 780,6,14.475598, 15.374090, 129.098328, 72.163307,14.475598, 246.940277, 0.941558
5, 780,7,44.369686, 43.280872, 129.098328, 72.163307,14.475598, 246.940277, 1.025157
5, 780,8,246.940277, 248.739914, 129.098328, 72.163307,14.475598, 246.940277, 0.992765
5, 780,9,165.366302, 164.656845, 129.098328, 72.163307,14.475598, 246.940277, 1.004309
5, 780,10,77.695862, 78.182854, 129.098328, 72.163307,14.475598, 246.940277, 0.993771
5, 780,11,126.010300, 126.194359, 129.098328, 72.163307,14.475598, 246.940277, 0.998541
5, 780,12,55.588928, 54.428776, 129.098328, 72.163307,14.475598, 246.940277, 1.021315
5, 780,13,163.013168, 162.243683, 129.098328, 72.163307,14.475598, 246.940277, 1.004743
5, 780,14,196.522781, 197.123474, 129.098328, 72.163307,14.475598, 246.940277, 0.996953
5, 780,15,245.120972, 243.906189, 129.098328, 72.163307,14.475598, 246.940277, 1.004981
5, 780,16,215.496857, 214.822433, 129.098328, 72.163307,14.475598, 246.940277, 1.003139
5, 780,17,92.374519, 90.840836, 129.098328, 72.163307,14.475598, 246.940277, 1.016883
5, 780,18,123.079292, 122.367348, 129.098328, 72.163307,14.475598, 246.940277, 1.005818
5, 780,19,211.415222, 211.809692, 129.098328, 72.163307,14.475598, 246.940277, 0.998138
5, 780,20,83.553101, 83.897446, 129.098328, 72.163307,14.475598, 246.940277, 0.995896
5, 780,21,31.499866, 30.622887, 129.098328, 72.163307,14.475598, 246.940277, 1.028638
5, 780,22,217.120956, 214.696609, 129.098328, 72.163307,14.475598, 246.940277, 1.011292
5, 780,23,175.241943, 175.641907, 129.098328, 72.163307,14.475598, 246.940277, 0.997723
5, 780,24,27.702648, 27.573130, 129.098328, 72.163307,14.475598, 246.940277, 1.004697
5, 780,25,234.412842, 234.135117, 129.098328, 72.163307,14.475598, 246.940277, 1.001186
5, 780,26,153.849625, 152.909378, 129.098328, 72.163307,14.475598, 246.940277, 1.006149
5, 780,27,154.053940, 153.508957, 129.098328, 72.163307,14.475598, 246.940277, 1.003550
5, 780,28,38.345165, 38.498966, 129.098328, 72.163307,14.475598, 246.940277, 0.996005
5, 780,29,218.843872, 218.508804, 129.098328, 72.163307,14.475598, 246.940277, 1.001533
5, 780,30,111.563072, 110.878937, 129.098328, 72.163307,14.475598, 246.940277, 1.006170
5, 780,31,174.010895, 173.465637, 129.098328, 72.163307,14.475598, 246.940277, 1.003143
5, 781,0,202.777817, 202.881851, 128.596680, 64.430122,27.234110, 222.393021, 0.999487
5, 781,1,63.325893, 63.948250, 128.596680, 64.430122,27.234110, 222.393021, 0.990268
5, 781,2,167.757416, 167.170670, 128.596680, 64.430122,27.234110, 222.393021, 1.003510
5, 781,3,134.541229, 134.889130, 128.596680, 64.430122,27.234110, 222.393021, 0.997421
5, 781,4,53.906887, 54.622311, 128.596680, 64.430122,27.234110, 222.393021, 0.986902
5, 781,5,196.668564, 196.607758, 128.596680, 64.430122,27.234110, 222.393021, 1.000309
5, 781,6,135.901596, 137.140961, 128.596680, 64.430122,27.234110, 222.393021, 0.990963
5, 781,7,97.990944, 98.237206, 128.596680, 64.430122,27.234110, 222.393021, 0.997493
5, 781,8,40.556892, 40.896355, 128.596680, 64.430122,27.234110, 222.393021, 0.991699
5, 781,9,178.525177, 178.866989, 128.596680, 64.430122,27.234110, 222.393021, 0.998089
5, 781,10,200.342117, 200.741104, 128.596680, 64.430122,27.234110, 222.393021, 0.998012
5, 781,11,133.060226, 132.778015, 128.596680, 64.430122,27.234110, 222.393021, 1.002125
5, 781,12,190.278381, 190.896652, 128.596680, 64.430122,27.234110, 222.393021, 0.996761
5, 781,13,62.939358, 62.637138, 128.596680, 64.430122,27.234110, 222.393021, 1.004825
5, 781,14,147.038147, 147.829895, 128.596680, 64.430122,27.234110, 222.393021, 0.994644
5, 781,15,183.634995, 182.615128, 128.596680, 64.430122,27.234110, 222.393021, 1.005585
5, 781,16,182.545303, 182.718842, 128.596680, 64.430122,27.234110, 222.393021, 0.999050
5, 781,17,219.564743, 219.244843, 128.596680, 64.430122,27.234110, 222.393021, 1.001459
5, 781,18,40.117432, 40.770432, 128.596680, 64.430122,27.234110, 222.393021, 0.983984
5, 781,19,50.769543, 51.281559, 128.596680, 64.430122,27.234110, 222.393021, 0.990016
5, 781,20,27.234110, 27.044477, 128.596680, 64.430122,27.234110, 222.393021, 1.007012
5, 781,21,47.972595, 46.955627, 128.596680, 64.430122,27.234110, 222.393021, 1.021658
5, 781,22,116.430435, 117.052055, 128.596680, 64.430122,27.234110, 222.393021, 0.994689
5, 781,23,208.321823, 209.726303, 128.596680, 64.430122,27.234110, 222.393021, 0.993303
5, 781,24,222.393021, 222.133728, 128.596680, 64.430122,27.234110, 222.393021, 1.001167
5, 781,25,205.385498, 206.229996, 128.596680, 64.430122,27.234110, 222.393021, 0.995905
5, 781,26,61.583729, 60.903801, 128.596680, 64.430122,27.234110, 222.393021, 1.011164
5, 781,27,126.722633, 128.178009, 128.596680, 64.430122,27.234110, 222.393021, 0.988646
5, 781,28,114.356369, 113.607605, 128.596680, 64.430122,27.234110, 222.393021, 1.006591
5, 781,29,46.516781, 46.288956, 128.596680, 64.430122,27.234110, 222.393021, 1.004922
5, 781,30,79.085594, 78.740868, 128.596680, 64.430122,27.234110, 222.393021, 1.004378
5, 781,31,176.848389, 177.363281, 128.596680, 64.430122,27.234110, 222.393021, 0.997097
5, 782,0,126.658318, 126.512276, 128.715958, 76.069084,10.483068, 256.617676, 1.001154
5, 782,1,246.863083, 246.907425, 128.715958, 76.069084,10.483068, 256.617676, 0.999820
5, 782,2,26.260309, 26.154156, 128.715958, 76.069084,10.483068, 256.617676, 1.004059
5, 782,3,182.142151, 183.371780, 128.715958, 76.069084,10.483068, 256.617676, 0.993294
5, 782,4,202.051865, 202.855347, 128.715958, 76.069084,10.483068, 256.617676, 0.996039
5, 782,5,184.033386, 184.617096, 128.715958, 76.069084,10.483068, 256.617676, 0.996838
5, 782,6,253.420044, 253.583572, 128.715958, 76.069084,10.483068, 256.617676, 0.999355
5, 782,7,25.084934, 24.234337, 128.715958, 76.069084,10.483068, 256.617676, 1.035099
5, 782,8,10.483068, 10.121070, 128.715958, 76.069084,10.483068, 256.617676, 1.035767
5, 782,9,74.598053, 75.031715, 128.715958, 76.069084,10.483068, 256.617676, 0.994220
5, 782,10,254.833191, 255.252594, 128.715958, 76.069084,10.483068, 256.617676, 0.998357
5, 782,11,237.658142, 237.273743, 128.715958, 76.069084,10.483068, 256.617676, 1.001620
5, 782,12,157.545685, 156.433792, 128.715958, 76.069084,10.483068, 256.617676, 1.007108
5, 782,13,45.006592, 45.473415, 128.715958, 76.069084,10.483068, 256.617676, 0.989734
5, 782,14,170.929810, 170.149246, 128.715958, 76.069084,10.483068, 256.617676, 1.004588
5, 782,15,115.152878, 117.847153, 128.715958, 76.069084,10.483068, 256.617676, 0.977138
5, 782,16,77.218361, 76.510498, 128.715958, 76.069084,10.483068, 256.617676, 1.009252
5, 782,17,52.006718, 52.919201, 128.715958, 76.069084,10.483068, 256.617676, 0.982757
5, 782,18,101.806007, 101.468155, 128.715958, 76.069084,10.483068, 256.617676, 1.003330
5, 782,19,141.676407, 142.415649, 128.715958, 76.069084,10.483068, 256.617676, 0.994809
5, 782,20,90.801414, 91.722031, 128.715958, 76.069084,10.483068, 256.617676, 0.989963
5, 782,21,256.617676, 256.938904, 128.715958, 76.069084,10.483068, 256.617676, 0.998750
5, 782,22,26.090860, 25.064529, 128.715958, 76.069084,10.483068, 256.617676, 1.040948
5, 782,23,12.859454, 11.660384, 128.715958, 76.069084,10.483068, 256.617676, 1.102833
5, 782,24,89.534492, 90.096237, 128.715958, 76.069084,10.483068, 256.617676, 0.993765
5, 782,25,198.110123, 197.683945, 128.715958, 76.069084,10.483068, 256.617676, 1.002156
5, 782,26,165.865051, 165.522659, 128.715958, 76.069084,10.483068, 256.617676, 1.002069
5, 782,27,107.652145, 107.902138, 128.715958, 76.069084,10.483068, 256.617676, 0.997683
5, 782,28,149.462311, 148.477768, 128.715958, 76.069084,10.483068, 256.617676, 1.006631
5, 782,29,82.184372, 82.027809, 128.715958, 76.069084,10.483068, 256.617676, 1.001909
5, 782,30,148.341476, 148.633438, 128.715958, 76.069084,10.483068, 256.617676, 0.998036
5, 782,31,105.962341, 106.137970, 128.715958, 76.069084,10.483068, 256.617676, 0.998345
5, 783,0,43.573975, 44.204590, 128.846069, 54.955585,23.365141, 207.556702, 0.985734
5, 783,1,179.394424, 179.972809, 128.846069, 54.955585,23.365141, 207.556702, 0.996786
5, 783,2,139.303909, 140.211472, 128.846069, 54.955585,23.365141, 207.556702, 0.993527
5, 783,3,167.584824, 168.013214, 128.846069, 54.955585,23.365141, 207.556702, 0.997450
5, 783,4,176.486847, 176.894409, 128.846069, 54.955585,23.365141, 207.556702, 0.997696
5, 783,5,124.113922, 124.813408, 128.846069, 54.955585,23.365141, 207.556702, 0.994396
5, 783,6,95.190750, 94.593353, 128.846069, 54.955585,23.365141, 207.556702, 1.006315
5, 783,7,58.287086, 58.264481, 128.846069, 54.955585,23.365141, 207.556702, 1.000388
5, 783,8,149.736572, 149.494720, 128.846069, 54.955585,23.365141, 207.556702, 1.001618
5, 783,9,44.616322, 43.778534, 128.846069, 54.955585,23.365141, 207.556702, 1.019137
5, 783,10,200.076523, 201.023636, 128.846069, 54.955585,23.365141, 207.556702, 0.995289
5, 783,11,60.784351, 61.792953, 128.846069, 54.955585,23.365141, 207.556702, 0.983678
5, 783,12,23.365141, 21.875595, 128.846069, 54.955585,23.365141, 207.556702, 1.068092
5, 783,13,189.313904, 189.790131, 128.846069, 54.955585,23.365141, 207.556702, 0.997491
5, 783,14,73.220963, 74.514656, 128.846069, 54.955585,23.365141, 207.556702, 0.982638
5, 783,15,114.535004, 113.933952, 128.846069, 54.955585,23.365141, 207.556702, 1.005275
5, 783,16,206.396637, 205.860291, 128.846069, 54.955585,23.365141, 207.556702, 1.002605
5, 783,17,149.291122, 148.570602, 128.846069, 54.955585,23.365141, 207.556702, 1.004850
5, 783,18,166.843185, 165.690903, 128.846069, 54.955585,23.365141, 207.556702, 1.006954
5, 783,19,158.185669, 157.913849, 128.846069, 54.955585,23.365141, 207.556702, 1.001721
5, 783,20,33.700943, 34.279259, 128.846069, 54.955585,23.365141, 207.556702, 0.983129
5, 783,21,207.556702, 206.556381, 128.846069, 54.955585,23.365141, 207.556702, 1.004843
5, 783,22,139.628830, 139.575394, 128.846069, 54.955585,23.365141, 207.556702, 1.000383
5, 783,23,117.215752, 117.288399, 128.846069, 54.955585,23.365141, 207.556702, 0.999381
5, 783,24,130.494949, 129.434021, 128.846069, 54.955585,23.365141, 207.556702, 1.008197
5, 783,25,168.312546, 169.099350, 128.846069, 54.955585,23.365141, 207.556702, 0.995347
5, 783,26,183.913528, 184.239395, 128.846069, 54.955585,23.365141, 207.556702, 0.998231
5, 783,27,122.538818, 123.823273, 128.846069, 54.955585,23.365141, 207.556702, 0.989627
5, 783,28,74.527527, 72.696411, 128.846069, 54.955585,23.365141, 207.556702, 1.025189
5, 783,29,85.195999, 83.953926, 128.846069, 54.955585,23.365141, 207.556702, 1.014795
5, 783,30,143.586441, 143.079865, 128.846069, 54.955585,23.365141, 207.556702, 1.003541
5, 783,31,196.100693, 195.766937, 128.846069, 54.955585,23.365141, 207.556702, 1.001705
5, 784,0,89.453888, 88.644432, 128.766312, 55.905972,28.048449, 223.057037, 1.009132
5, 784,1,157.876816, 159.648483, 128.766312, 55.905972,28.048449, 223.057037, 0.988903
5, 784,2,122.730988, 123.478821, 128.766312, 55.905972,28.048449, 223.057037, 0.993944
5, 784,3,39.064262, 38.626991, 128.766312, 55.905972,28.048449, 223.057037, 1.011320
5, 784,4,183.755051, 182.002945, 128.766312, 55.905972,28.048449, 223.057037, 1.009627
5, 784,5,130.776398, 131.575165, 128.766312, 55.905972,28.048449, 223.057037, 0.993929
5, 784,6,177.955765, 179.143509, 128.766312, 55.905972,28.048449, 223.057037, 0.993370
5, 784,7,122.298592, 122.807930, 128.766312, 55.905972,28.048449, 223.057037, 0.995853
5, 784,8,174.573227, 173.528824, 128.766312, 55.905972,28.048449, 223.057037, 1.006019
5, 784,9,61.253857, 60.532013, 128.766312, 55.905972,28.048449, 223.057037, 1.011925
5, 784,10,54.787003, 55.132290, 128.766312, 55.905972,28.048449, 223.057037, 0.993737
5, 784,11,183.719116, 184.354324, 128.766312, 55.905972,28.048449, 223.057037, 0.996554
5, 784,12,190.607132, 190.385864, 128.766312, 55.905972,28.048449, 223.057037, 1.001162
5, 784,13,102.054100, 101.222076, 128.766312, 55.905972,28.048449, 223.057037, 1.008220
5, 784,14,133.303589, 133.281708, 128.766312, 55.905972,28.048449, 223.057037, 1.000164
5, 784,15,62.370564, 61.704449, 128.766312, 55.905972,28.048449, 223.057037, 1.010795
5, 784,16,220.831146, 220.055023, 128.766312, 55.905972,28.048449, 223.057037, 1.003527
5, 784,17,181.833969, 182.074600, 128.766312, 55.905972,28.048449, 223.057037, 0.998678
5, 784,18,207.832977, 208.597717, 128.766312, 55.905972,28.048449, 223.057037, 0.996334
5, 784,19,28.048449, 28.075062, 128.766312, 55.905972,28.048449, 223.057037, 0.999052
5, 784,20,147.235977, 147.885040, 128.766312, 55.905972,28.048449, 223.057037, 0.995611
5, 784,21,133.098114, 132.747574, 128.766312, 55.905972,28.048449, 223.057037, 1.002641
5, 784,22,93.894913, 93.985535, 128.766312, 55.905972,28.048449, 223.057037, 0.999036
5, 784,23,70.610909, 71.285858, 128.766312, 55.905972,28.048449, 223.057037, 0.990532
5, 784,24,129.902023, 130.213806, 128.766312, 55.905972,28.048449, 223.057037, 0.997606
5, 784,25,85.197159, 85.465828, 128.766312, 55.905972,28.048449, 223.057037, 0.996856
5, 784,26,44.204090, 43.570766, 128.766312, 55.905972,28.048449, 223.057037, 1.014536
5, 784,27,145.805832, 144.374237, 128.766312, 55.905972,28.048449, 223.057037, 1.009916
5, 784,28,189.541550, 189.180862, 128.766312, 55.905972,28.048449, 223.057037, 1.001907
5, 784,29,223.057037, 223.188019, 128.766312, 55.905972,28.048449, 223.057037, 0.999413
5, 784,30,147.516953, 147.670090, 128.766312, 55.905972,28.048449, 223.057037, 0.998963
5, 784,31,85.330078, 86.560097, 128.766312, 55.905972,28.048449, 223.057037, 0.985790
5, 785,0,154.214630, 152.978287, 128.900711, 59.586842,12.122667, 212.944611, 1.008082
5, 785,1,117.903687, 118.598907, 128.900711, 59.586842,12.122667, 212.944611, 0.994138
5, 785,2,91.066551, 91.307739, 128.900711, 59.586842,12.122667, 212.944611, 0.997359
5, 785,3,150.372482, 151.401718, 128.900711, 59.586842,12.122667, 212.944611, 0.993202
5, 785,4,128.737717, 129.901901, 128.900711, 59.586842,12.122667, 212.944611, 0.991038
5, 785,5,166.641724, 166.709702, 128.900711, 59.586842,12.122667, 212.944611, 0.999592
5, 785,6,148.010101, 147.390366, 128.900711, 59.586842,12.122667, 212.944611, 1.004205
5, 785,7,12.122667, 12.091497, 128.900711, 59.586842,12.122667, 212.944611, 1.002578
5, 785,8,26.803562, 28.524685, 128.900711, 59.586842,12.122667, 212.944611, 0.939662
5, 785,9,200.004593, 201.591293, 128.900711, 59.586842,12.122667, 212.944611, 0.992129
5, 785,10,83.012962, 82.776466, 128.900711, 59.586842,12.122667, 212.944611, 1.002857
5, 785,11,98.086250, 97.658516, 128.900711, 59.586842,12.122667, 212.944611, 1.004380
5, 785,12,63.026768, 61.302063, 128.900711, 59.586842,12.122667, 212.944611, 1.028135
5, 785,13,174.119690, 174.274689, 128.900711, 59.586842,12.122667, 212.944611, 0.999111
5, 785,14,47.872890, 49.757515, 128.900711, 59.586842,12.122667, 212.944611, 0.962124
5, 785,15,38.942432, 39.166527, 128.900711, 59.586842,12.122667, 212.944611, 0.994278
5, 785,16,135.540207, 133.690735, 128.900711, 59.586842,12.122667, 212.944611, 1.013834
5, 785,17,118.209061, 118.662483, 128.900711, 59.586842,12.122667, 212.944611, 0.996179
5, 785,18,175.901230, 174.954895, 128.900711, 59.586842,12.122667, 212.944611, 1.005409
5, 785,19,126.084229, 125.769760, 128.900711, 59.586842,12.122667, 212.944611, 1.002500
5, 785,20,183.855865, 183.498871, 128.900711, 59.586842,12.122667, 212.944611, 1.001945
5, 785,21,200.865021, 201.127213, 128.900711, 59.586842,12.122667, 212.944611, 0.998696
5, 785,22,125.677414, 124.148689, 128.900711, 59.586842,12.122667, 212.944611, 1.012314
5, 785,23,136.950439, 136.360748, 128.900711, 59.586842,12.122667, 212.944611, 1.004324
5, 785,24,67.504623, 66.559418, 128.900711, 59.586842,12.122667, 212.944611, 1.014201
5, 785,25,47.222034, 47.856731, 128.900711, 59.586842,12.122667, 212.944611, 0.986738
5, 785,26,209.292511, 208.819351, 128.900711, 59.586842,12.122667, 212.944611, 1.002266
5, 785,27,212.944611, 212.379333, 128.900711, 59.586842,12.122667, 212.944611, 1.002662
5, 785,28,194.271408, 193.098145, 128.900711, 59.586842,12.122667, 212.944611, 1.006076
5, 785,29,196.267273, 194.846359, 128.900711, 59.586842,12.122667, 212.944611, 1.007293
5, 785,30,82.025604, 82.738327, 128.900711, 59.586842,12.122667, 212.944611, 0.991386
5, 785,31,211.272202, 211.057068, 128.900711, 59.586842,12.122667, 212.944611, 1.001019
5, 786,0,71.682297, 71.040802, 128.711990, 72.706177,11.372076, 269.536957, 1.009030
5, 786,1,85.401985, 86.115150, 128.711990, 72.706177,11.372076, 269.536957, 0.991718
5, 786,2,177.289337, 177.602020, 128.711990, 72.706177,11.372076, 269.536957, 0.998239
5, 786,3,158.005692, 157.332184, 128.711990, 72.706177,11.372076, 269.536957, 1.004281
5, 786,4,33.982563, 33.780304, 128.711990, 72.706177,11.372076, 269.536957, 1.005988
5, 786,5,169.526566, 170.267197, 128.711990, 72.706177,11.372076, 269.536957, 0.995650
5, 786,6,253.107300, 253.824539, 128.711990, 72.706177,11.372076, 269.536957, 0.997174
5, 786,7,100.006668, 99.818352, 128.711990, 72.706177,11.372076, 269.536957, 1.001887
5, 786,8,11.372076, 10.578195, 128.711990, 72.706177,11.372076, 269.536957, 1.075049
5, 786,9,144.770828, 144.611893, 128.711990, 72.706177,11.372076, 269.536957, 1.001099
5, 786,10,229.238663, 227.970993, 128.711990, 72.706177,11.372076, 269.536957, 1.005561
5, 786,11,26.179935, 27.486248, 128.711990, 72.706177,11.372076, 269.536957, 0.952474
5, 786,12,158.474670, 157.579956, 128.711990, 72.706177,11.372076, 269.536957, 1.005678
5, 786,13,117.890793, 119.196121, 128.711990, 72.706177,11.372076, 269.536957, 0.989049
5, 786,14,64.730797, 64.490685, 128.711990, 72.706177,11.372076, 269.536957, 1.003723
5, 786,15,110.769241, 110.556252, 128.711990, 72.706177,11.372076, 269.536957, 1.001927
5, 786,16,179.434341, 179.427460, 128.711990, 72.706177,11.372076, 269.536957, 1.000038
5, 786,17,200.456055, 198.896072, 128.711990, 72.706177,11.372076, 269.536957, 1.007843
5, 786,18,32.757774, 33.045174, 128.711990, 72.706177,11.372076, 269.536957, 0.991303
5, 786,19,87.494370, 87.882774, 128.711990, 72.706177,11.372076, 269.536957, 0.995580
5, 786,20,163.990189, 163.485794, 128.711990, 72.706177,11.372076, 269.536957, 1.003085
5, 786,21,179.288589, 179.881744, 128.711990, 72.706177,11.372076, 269.536957, 0.996703
5, 786,22,165.275330, 164.270508, 128.711990, 72.706177,11.372076, 269.536957, 1.006117
5, 786,23,121.075211, 121.376740, 128.711990, 72.706177,11.372076, 269.536957, 0.997516
5, 786,24,80.245766, 80.333206, 128.711990, 72.706177,11.372076, 269.536957, 0.998911
5, 786,25,269.536957, 270.047028, 128.711990, 72.706177,11.372076, 269.536957, 0.998111
5, 786,26,152.479660, 152.326645, 128.711990, 72.706177,11.372076, 269.536957, 1.001005
5, 786,27,40.046032, 39.735706, 128.711990, 72.706177,11.372076, 269.536957, 1.007810
5, 786,28,56.045490, 56.536381, 128.711990, 72.706177,11.372076, 269.536957, 0.991317
5, 786,29,32.445614, 33.755524, 128.711990, 72.706177,11.372076, 269.536957, 0.961194
5, 786,30,252.945786, 253.841049, 128.711990, 72.706177,11.372076, 269.536957, 0.996473
5, 786,31,192.836868, 193.907089, 128.711990, 72.706177,11.372076, 269.536957, 0.994481
5, 787,0,116.273315, 115.854332, 128.931274, 62.986835,15.817754, 219.898605, 1.003616
5, 787,1,165.542786, 165.182281, 128.931274, 62.986835,15.817754, 219.898605, 1.002182
5, 787,2,65.018822, 65.247551, 128.931274, 62.986835,15.817754, 219.898605, 0.996494
5, 787,3,198.065521, 197.634689, 128.931274, 62.986835,15.817754, 219.898605, 1.002180
5, 787,4,48.381458, 48.629116, 128.931274, 62.986835,15.817754, 219.898605, 0.994907
5, 787,5,189.999802, 189.414459, 128.931274, 62.986835,15.817754, 219.898605, 1.003090
5, 787,6,127.244713, 127.067314, 128.931274, 62.986835,15.817754, 219.898605, 1.001396
5, 787,7,154.281265, 154.081345, 128.931274, 62.986835,15.817754, 219.898605, 1.001297
5, 787,8,61.627129, 61.094589, 128.931274, 62.986835,15.817754, 219.898605, 1.008717
5, 787,9,15.817754, 15.926208, 128.931274, 62.986835,15.817754, 219.898605, 0.993190
5, 787,10,151.588425, 151.655487, 128.931274, 62.986835,15.817754, 219.898605, 0.999558
5, 787,11,174.701996, 176.124985, 128.931274, 62.986835,15.817754, 219.898605, 0.991921
5, 787,12,211.529099, 210.858231, 128.931274, 62.986835,15.817754, 219.898605, 1.003182
5, 787,13,216.538269, 217.094269, 128.931274, 62.986835,15.817754, 219.898605, 0.997439
5, 787,14,182.736069, 182.532410, 128.931274, 62.986835,15.817754, 219.898605, 1.001116
5, 787,15,142.148590, 143.428665, 128.931274, 62.986835,15.817754, 219.898605, 0.991075
5, 787,16,73.595879, 72.208694, 128.931274, 62.986835,15.817754, 219.898605, 1.019211
5, 787,17,219.898605, 218.056686, 128.931274, 62.986835,15.817754, 219.898605, 1.008447
5, 787,18,48.720440, 47.976513, 128.931274, 62.986835,15.817754, 219.898605, 1.015506
5, 787,19,102.970627, 103.790970, 128.931274, 62.986835,15.817754, 219.898605, 0.992096
5, 787,20,147.761169, 147.799179, 128.931274, 62.986835,15.817754, 219.898605, 0.999743
5, 787,21,136.103806, 136.928955, 128.931274, 62.986835,15.817754, 219.898605, 0.993974
5, 787,22,23.689137, 23.652031, 128.931274, 62.986835,15.817754, 219.898605, 1.001569
5, 787,23,40.980270, 40.356159, 128.931274, 62.986835,15.817754, 219.898605, 1.015465
5, 787,24,109.393799, 109.809464, 128.931274, 62.986835,15.817754, 219.898605, 0.996215
5, 787,25,40.213287, 40.066113, 128.931274, 62.986835,15.817754, 219.898605, 1.003673
5, 787,26,177.293747, 177.627960, 128.931274, 62.986835,15.817754, 219.898605, 0.998118
5, 787,27,136.251877, 135.491882, 128.931274, 62.986835,15.817754, 219.898605, 1.005609
5, 787,28,87.126297, 87.587837, 128.931274, 62.986835,15.817754, 219.898605, 0.994731
5, 787,29,209.284470, 210.337479, 128.931274, 62.986835,15.817754, 219.898605, 0.994994
5, 787,30,134.226608, 132.683716, 128.931274, 62.986835,15.817754, 219.898605, 1.011628
5, 787,31,216.795380, 214.800232, 128.931274, 62.986835,15.817754, 219.898605, 1.009288
5, 788,0,89.320183, 91.073097, 128.717850, 62.026016,12.230838, 216.283890, 0.980753
5, 788,1,83.470810, 83.019012, 128.717850, 62.026016,12.230838, 216.283890, 1.005442
5, 788,2,216.283890, 216.294724, 128.717850, 62.026016,12.230838, 216.283890, 0.999950
5, 788,3,180.300934, 180.466415, 128.717850, 62.026016,12.230838, 216.283890, 0.999083
5, 788,4,134.697922, 132.705917, 128.717850, 62.026016,12.230838, 216.283890, 1.015011
5, 788,5,111.853981, 111.826126, 128.717850, 62.026016,12.230838, 216.283890, 1.000249
5, 788,6,168.212738, 168.813034, 128.717850, 62.026016,12.230838, 216.283890, 0.996444
5, 788,7,159.538666, 159.491592, 128.717850, 62.026016,12.230838, 216.283890, 1.000295
5, 788,8,202.115585, 202.917725, 128.717850, 62.026016,12.230838, 216.283890, 0.996047
5, 788,9,82.606354, 82.499397, 128.717850, 62.026016,12.230838, 216.283890, 1.001296
5, 788,10,140.907501, 141.526733, 128.717850, 62.026016,12.230838, 216.283890, 0.995625
5, 788,11,131.748642, 131.717361, 128.717850, 62.026016,12.230838, 216.283890, 1.000237
5, 788,12,112.550720, 112.599228, 128.717850, 62.026016,12.230838, 216.283890, 0.999569
5, 788,13,98.649536, 97.726746, 128.717850, 62.026016,12.230838, 216.283890, 1.009443
5, 788,14,77.588356, 78.310768, 128.717850, 62.026016,12.230838, 216.283890, 0.990775
5, 788,15,28.925505, 28.839325, 128.717850, 62.026016,12.230838, 216.283890, 1.002988
5, 788,16,50.248112, 50.156338, 128.717850, 62.026016,12.230838, 216.283890, 1.001830
5, 788,17,161.222092, 160.949051, 128.717850, 62.026016,12.230838, 216.283890, 1.001696
5, 788,18,28.572184, 27.774740, 128.717850, 62.026016,12.230838, 216.283890, 1.028711
5, 788,19,46.680309, 47.361809, 128.717850, 62.026016,12.230838, 216.283890, 0.985611
5, 788,20,162.464966, 163.863983, 128.717850, 62.026016,12.230838, 216.283890, 0.991462
5, 788,21,209.593445, 209.488983, 128.717850, 62.026016,12.230838, 216.283890, 1.000499
5, 788,22,174.409698, 173.559296, 128.717850, 62.026016,12.230838, 216.283890, 1.004900
5, 788,23,168.260086, 168.584915, 128.717850, 62.026016,12.230838, 216.283890, 0.998073
5, 788,24,55.134575, 55.314499, 128.717850, 62.026016,12.230838, 216.283890, 0.996747
5, 788,25,205.976517, 206.586731, 128.717850, 62.026016,12.230838, 216.283890, 0.997046
5, 788,26,65.810677, 65.199913, 128.717850, 62.026016,12.230838, 216.283890, 1.009368
5, 788,27,207.619263, 207.765381, 128.717850, 62.026016,12.230838, 216.283890, 0.999297
5, 788,28,215.365738, 215.135071, 128.717850, 62.026016,12.230838, 216.283890, 1.001072
5, 788,29,12.230838, 13.130383, 128.717850, 62.026016,12.230838, 216.283890, 0.931491
5, 788,30,171.005310, 170.802795, 128.717850, 62.026016,12.230838, 216.283890, 1.001186
5, 788,31,165.605255, 165.498871, 128.717850, 62.026016,12.230838, 216.283890, 1.000643
5, 789,0,74.918373, 73.471298, 128.783997, 69.537811,22.085032, 263.499390, 1.019696
5, 789,1,136.338104, 135.517273, 128.783997, 69.537811,22.085032, 263.499390, 1.006057
5, 789,2,57.674686, 57.577595, 128.783997, 69.537811,22.085032, 263.499390, 1.001686
5, 789,3,166.542343, 166.986160, 128.783997, 69.537811,22.085032, 263.499390, 0.997342
5, 789,4,263.499390, 263.845398, 128.783997, 69.537811,22.085032, 263.499390, 0.998689
5, 789,5,237.215088, 238.428192, 128.783997, 69.537811,22.085032, 263.499390, 0.994912
5, 789,6,246.660675, 246.797089, 128.783997, 69.537811,22.085032, 263.499390, 0.999447
5, 789,7,200.096985, 199.474289, 128.783997, 69.537811,22.085032, 263.499390, 1.003122
5, 789,8,171.199219, 172.552139, 128.783997, 69.537811,22.085032, 263.499390, 0.992159
5, 789,9,31.372326, 31.603014, 128.783997, 69.537811,22.085032, 263.499390, 0.992700
5, 789,10,43.747036, 43.172932, 128.783997, 69.537811,22.085032, 263.499390, 1.013298
5, 789,11,165.327759, 166.349136, 128.783997, 69.537811,22.085032, 263.499390, 0.993860
5, 789,12,71.678490, 72.141518, 128.783997, 69.537811,22.085032, 263.499390, 0.993582
5, 789,13,22.085032, 21.466400, 128.783997, 69.537811,22.085032, 263.499390, 1.028819
5, 789,14,87.466599, 86.777100, 128.783997, 69.537811,22.085032, 263.499390, 1.007946
5, 789,15,148.987045, 149.324707, 128.783997, 69.537811,22.085032, 263.499390, 0.997739
5, 789,16,103.789444, 104.430588, 128.783997, 69.537811,22.085032, 263.499390, 0.993861
5, 789,17,57.958023, 56.916683, 128.783997, 69.537811,22.085032, 263.499390, 1.018296
5, 789,18,138.806458, 138.503296, 128.783997, 69.537811,22.085032, 263.499390, 1.002189
5, 789,19,204.124603, 203.352158, 128.783997, 69.537811,22.085032, 263.499390, 1.003799
5, 789,20,135.256668, 134.736908, 128.783997, 69.537811,22.085032, 263.499390, 1.003858
5, 789,21,59.889847, 59.982353, 128.783997, 69.537811,22.085032, 263.499390, 0.998458
5, 789,22,181.343781, 182.131363, 128.783997, 69.537811,22.085032, 263.499390, 0.995676
5, 789,23,214.234482, 214.101913, 128.783997, 69.537811,22.085032, 263.499390, 1.000619
5, 789,24,81.243515, 81.680923, 128.783997, 69.537811,22.085032, 263.499390, 0.994645
5, 789,25,112.519829, 112.910934, 128.783997, 69.537811,22.085032, 263.499390, 0.996536
5, 789,26,64.735779, 65.381119, 128.783997, 69.537811,22.085032, 263.499390, 0.990130
5, 789,27,223.465179, 224.779984, 128.783997, 69.537811,22.085032, 263.499390, 0.994151
5, 789,28,143.622177, 143.448196, 128.783997, 69.537811,22.085032, 263.499390, 1.001213
5, 789,29,74.419228, 72.754654, 128.783997, 69.537811,22.085032, 263.499390, 1.022879
5, 789,30,35.962471, 36.261238, 128.783997, 69.537811,22.085032, 263.499390, 0.991761
5, 789,31,164.908066, 164.143433, 128.783997, 69.537811,22.085032, 263.499390, 1.004658
5, 790,0,208.591614, 208.372498, 128.935623, 66.019325,11.356985, 248.476395, 1.001052
5, 790,1,56.703346, 58.308128, 128.935623, 66.019325,11.356985, 248.476395, 0.972478
5, 790,2,221.880386, 222.999908, 128.935623, 66.019325,11.356985, 248.476395, 0.994980
5, 790,3,123.816109, 123.778351, 128.935623, 66.019325,11.356985, 248.476395, 1.000305
5, 790,4,236.792847, 236.175568, 128.935623, 66.019325,11.356985, 248.476395, 1.002614
5, 790,5,157.435242, 156.839127, 128.935623, 66.019325,11.356985, 248.476395, 1.003801
5, 790,6,128.843521, 129.436279, 128.935623, 66.019325,11.356985, 248.476395, 0.995420
5, 790,7,126.828583, 126.375816, 128.935623, 66.019325,11.356985, 248.476395, 1.003583
5, 790,8,77.111320, 78.836723, 128.935623, 66.019325,11.356985, 248.476395, 0.978114
5, 790,9,172.836533, 172.000168, 128.935623, 66.019325,11.356985, 248.476395, 1.004863
5, 790,10,57.237225, 56.824986, 128.935623, 66.019325,11.356985, 248.476395, 1.007254
5, 790,11,248.476395, 247.255981, 128.935623, 66.019325,11.356985, 248.476395, 1.004936
5, 790,12,29.010113, 27.632936, 128.935623, 66.019325,11.356985, 248.476395, 1.049838
5, 790,13,102.810730, 100.934792, 128.935623, 66.019325,11.356985, 248.476395, 1.018586
5, 790,14,100.121834, 100.785698, 128.935623, 66.019325,11.356985, 248.476395, 0.993413
5, 790,15,67.050537, 67.112823, 128.935623, 66.019325,11.356985, 248.476395, 0.999072
5, 790,16,66.254341, 66.461502, 128.935623, 66.019325,11.356985, 248.476395, 0.996883
5, 790,17,86.232208, 85.522652, 128.935623, 66.019325,11.356985, 248.476395, 1.008297
5, 790,18,198.246460, 197.888474, 128.935623, 66.019325,11.356985, 248.476395, 1.001809
5, 790,19,104.401276, 103.806915, 128.935623, 66.019325,11.356985, 248.476395, 1.005726
5, 790,20,102.552376, 101.845078, 128.935623, 66.019325,11.356985, 248.476395, 1.006945
5, 790,21,11.356985, 11.530229, 128.935623, 66.019325,11.356985, 248.476395, 0.984975
5, 790,22,203.673492, 203.303131, 128.935623, 66.019325,11.356985, 248.476395, 1.001822
5, 790,23,70.488701, 68.768608, 128.935623, 66.019325,11.356985, 248.476395, 1.025013
5, 790,24,211.735596, 211.621292, 128.935623, 66.019325,11.356985, 248.476395, 1.000540
5, 790,25,79.910454, 80.555290, 128.935623, 66.019325,11.356985, 248.476395, 0.991995
5, 790,26,135.159058, 135.635651, 128.935623, 66.019325,11.356985, 248.476395, 0.996486
5, 790,27,222.182068, 221.689423, 128.935623, 66.019325,11.356985, 248.476395, 1.002222
5, 790,28,85.394821, 84.424019, 128.935623, 66.019325,11.356985, 248.476395, 1.011499
5, 790,29,208.163498, 209.259262, 128.935623, 66.019325,11.356985, 248.476395, 0.994764
5, 790,30,83.446548, 82.823166, 128.935623, 66.019325,11.356985, 248.476395, 1.007527
5, 790,31,141.195496, 142.196014, 128.935623, 66.019325,11.356985, 248.476395, 0.992964
5, 791,0,37.370377, 37.595390, 128.535049, 69.880272,28.239462, 262.824493, 0.994015
5, 791,1,99.067459, 98.664246, 128.535049, 69.880272,28.239462, 262.824493, 1.004087
5, 791,2,166.328308, 167.341431, 128.535049, 69.880272,28.239462, 262.824493, 0.993946
5, 791,3,170.760544, 170.648331, 128.535049, 69.880272,28.239462, 262.824493, 1.000658
5, 791,4,215.428177, 214.592377, 128.535049, 69.880272,28.239462, 262.824493, 1.003895
5, 791,5,126.257111, 127.512863, 128.535049, 69.880272,28.239462, 262.824493, 0.990152
5, 791,6,33.514271, 32.857361, 128.535049, 69.880272,28.239462, 262.824493, 1.019993
5, 791,7,62.438309, 62.255787, 128.535049, 69.880272,28.239462, 262.824493, 1.002932
5, 791,8,66.745361, 68.004486, 128.535049, 69.880272,28.239462, 262.824493, 0.981485
5, 791,9,53.054943, 56.005795, 128.535049, 69.880272,28.239462, 262.824493, 0.947312
5, 791,10,142.095062, 142.389969, 128.535049, 69.880272,28.239462, 262.824493, 0.997929
5, 791,11,194.428711, 196.060699, 128.535049, 69.880272,28.239462, 262.824493, 0.991676
5, 791,12,222.797424, 221.440689, 128.535049, 69.880272,28.239462, 262.824493, 1.006127
5, 791,13,52.571384, 53.272938, 128.535049, 69.880272,28.239462, 262.824493, 0.986831
5, 791,14,94.106903, 94.791344, 128.535049, 69.880272,28.239462, 262.824493, 0.992779
5, 791,15,262.824493, 264.624664, 128.535049, 69.880272,28.239462, 262.824493, 0.993197
5, 791,16,168.817261, 168.610840, 128.535049, 69.880272,28.239462, 262.824493, 1.001224
5, 791,17,228.794662, 227.731110, 128.535049, 69.880272,28.239462, 262.824493, 1.004670
5, 791,18,219.404587, 219.492111, 128.535049, 69.880272,28.239462, 262.824493, 0.999601
5, 791,19,96.714188, 97.378662, 128.535049, 69.880272,28.239462, 262.824493, 0.993176
5, 791,20,219.991684, 220.017670, 128.535049, 69.880272,28.239462, 262.824493, 0.999882
5, 791,21,118.056877, 118.893852, 128.535049, 69.880272,28.239462, 262.824493, 0.992960
5, 791,22,88.174477, 87.514511, 128.535049, 69.880272,28.239462, 262.824493, 1.007541
5, 791,23,186.647690, 186.560379, 128.535049, 69.880272,28.239462, 262.824493, 1.000468
5, 791,24,91.210564, 90.853775, 128.535049, 69.880272,28.239462, 262.824493, 1.003927
5, 791,25,51.746468, 52.448227, 128.535049, 69.880272,28.239462, 262.824493, 0.986620
5, 791,26,176.007523, 175.426819, 128.535049, 69.880272,28.239462, 262.824493, 1.003310
5, 791,27,173.241577, 172.702042, 128.535049, 69.880272,28.239462, 262.824493, 1.003124
5, 791,28,165.167740, 165.708191, 128.535049, 69.880272,28.239462, 262.824493, 0.996739
5, 791,29,28.239462, 28.717648, 128.535049, 69.880272,28.239462, 262.824493, 0.983349
5, 791,30,67.772835, 66.929138, 128.535049, 69.880272,28.239462, 262.824493, 1.012606
5, 791,31,33.344795, 33.956970, 128.535049, 69.880272,28.239462, 262.824493, 0.981972
5, 792,0,187.794540, 187.223038, 128.789856, 64.882195,15.469977, 225.930969, 1.003052
5, 792,1,139.058090, 138.952133, 128.789856, 64.882195,15.469977, 225.930969, 1.000763
5, 792,2,192.099136, 191.957520, 128.789856, 64.882195,15.469977, 225.930969, 1.000738
5, 792,3,96.932816, 98.395683, 128.789856, 64.882195,15.469977, 225.930969, 0.985133
5, 792,4,15.469977, 14.163565, 128.789856, 64.882195,15.469977, 225.930969, 1.092238
5, 792,5,156.839218, 156.170349, 128.789856, 64.882195,15.469977, 225.930969, 1.004283
5, 792,6,140.722702, 142.294128, 128.789856, 64.882195,15.469977, 225.930969, 0.988957
5, 792,7,191.473343, 190.133347, 128.789856, 64.882195,15.469977, 225.930969, 1.007048
5, 792,8,63.430576, 64.446609, 128.789856, 64.882195,15.469977, 225.930969, 0.984235
5, 792,9,164.843170, 164.650665, 128.789856, 64.882195,15.469977, 225.930969, 1.001169
5, 792,10,109.573509, 109.841995, 128.789856, 64.882195,15.469977, 225.930969, 0.997556
5, 792,11,35.954945, 36.248558, 128.789856, 64.882195,15.469977, 225.930969, 0.991900
5, 792,12,44.184570, 43.231930, 128.789856, 64.882195,15.469977, 225.930969, 1.022036
5, 792,13,139.872650, 139.140121, 128.789856, 64.882195,15.469977, 225.930969, 1.005265
5, 792,14,47.495262, 47.910717, 128.789856, 64.882195,15.469977, 225.930969, 0.991329
5, 792,15,30.255665, 30.058912, 128.789856, 64.882195,15.469977, 225.930969, 1.006546
5, 792,16,176.711746, 178.311050, 128.789856, 64.882195,15.469977, 225.930969, 0.991031
5, 792,17,77.871147, 78.120934, 128.789856, 64.882195,15.469977, 225.930969, 0.996803
5, 792,18,81.659164, 82.834534, 128.789856, 64.882195,15.469977, 225.930969, 0.985811
5, 792,19,225.930969, 225.795181, 128.789856, 64.882195,15.469977, 225.930969, 1.000601
5, 792,20,33.273491, 33.985752, 128.789856, 64.882195,15.469977, 225.930969, 0.979042
5, 792,21,169.043777, 168.563583, 128.789856, 64.882195,15.469977, 225.930969, 1.002849
5, 792,22,161.388550, 162.213791, 128.789856, 64.882195,15.469977, 225.930969, 0.994913
5, 792,23,54.715073, 53.522480, 128.789856, 64.882195,15.469977, 225.930969, 1.022282
5, 792,24,195.059113, 193.217728, 128.789856, 64.882195,15.469977, 225.930969, 1.009530
5, 792,25,104.441010, 102.768112, 128.789856, 64.882195,15.469977, 225.930969, 1.016278
5, 792,26,194.213821, 193.760803, 128.789856, 64.882195,15.469977, 225.930969, 1.002338
5, 792,27,211.868515, 212.670914, 128.789856, 64.882195,15.469977, 225.930969, 0.996227
5, 792,28,141.462769, 141.959930, 128.789856, 64.882195,15.469977, 225.930969, 0.996498
5, 792,29,206.488983, 206.523026, 128.789856, 64.882195,15.469977, 225.930969, 0.999835
5, 792,30,225.247345, 225.544540, 128.789856, 64.882195,15.469977, 225.930969, 0.998682
5, 792,31,105.900078, 106.388611, 128.789856, 64.882195,15.469977, 225.930969, 0.995408
5, 793,0,194.859604, 193.745117, 128.831482, 69.032608,13.506870, 245.323746, 1.005752
5, 793,1,86.612686, 86.557266, 128.831482, 69.032608,13.506870, 245.323746, 1.000640
5, 793,2,114.497299, 114.111748, 128.831482, 69.032608,13.506870, 245.323746, 1.003379
5, 793,3,36.345013, 37.953377, 128.831482, 69.032608,13.506870, 245.323746, 0.957623
5, 793,4,233.893845, 234.041245, 128.831482, 69.032608,13.506870, 245.323746, 0.999370
5, 793,5,158.734467, 158.672989, 128.831482, 69.032608,13.506870, 245.323746, 1.000387
5, 793,6,237.505783, 238.321701, 128.831482, 69.032608,13.506870, 245.323746, 0.996576
5, 793,7,158.000519, 158.312439, 128.831482, 69.032608,13.506870, 245.323746, 0.998030
5, 793,8,135.242935, 134.447754, 128.831482, 69.032608,13.506870, 245.323746, 1.005914
5, 793,9,233.001312, 233.197418, 128.831482, 69.032608,13.506870, 245.323746, 0.999159
5, 793,10,13.506870, 12.470084, 128.831482, 69.032608,13.506870, 245.323746, 1.083142
5, 793,11,103.354347, 102.812256, 128.831482, 69.032608,13.506870, 245.323746, 1.005273
5, 793,12,195.186508, 195.141251, 128.831482, 69.032608,13.506870, 245.323746, 1.000232
5, 793,13,245.323746, 245.287018, 128.831482, 69.032608,13.506870, 245.323746, 1.000150
5, 793,14,14.404702, 14.687023, 128.831482, 69.032608,13.506870, 245.323746, 0.980778
5, 793,15,128.845352, 128.441315, 128.831482, 69.032608,13.506870, 245.323746, 1.003146
5, 793,16,80.512604, 80.765602, 128.831482, 69.032608,13.506870, 245.323746, 0.996867
5, 793,17,19.209549, 19.964718, 128.831482, 69.032608,13.506870, 245.323746, 0.962175
5, 793,18,165.911057, 165.669006, 128.831482, 69.032608,13.506870, 245.323746, 1.001461
5, 793,19,150.470886, 149.268250, 128.831482, 69.032608,13.506870, 245.323746, 1.008057
5, 793,20,141.444046, 141.037201, 128.831482, 69.032608,13.506870, 245.323746, 1.002885
5, 793,21,116.284424, 117.479347, 128.831482, 69.032608,13.506870, 245.323746, 0.989829
5, 793,22,114.784164, 114.779129, 128.831482, 69.032608,13.506870, 245.323746, 1.000044
5, 793,23,119.764076, 117.548386, 128.831482, 69.032608,13.506870, 245.323746, 1.018849
5, 793,24,172.922531, 173.171295, 128.831482, 69.032608,13.506870, 245.323746, 0.998563
5, 793,25,48.716454, 47.595905, 128.831482, 69.032608,13.506870, 245.323746, 1.023543
5, 793,26,227.793015, 229.638046, 128.831482, 69.032608,13.506870, 245.323746, 0.991965
5, 793,27,102.327530, 102.965691, 128.831482, 69.032608,13.506870, 245.323746, 0.993802
5, 793,28,95.836327, 95.432693, 128.831482, 69.032608,13.506870, 245.323746, 1.004230
5, 793,29,51.042736, 50.725704, 128.831482, 69.032608,13.506870, 245.323746, 1.006250
5, 793,30,180.389679, 180.474152, 128.831482, 69.032608,13.506870, 245.323746, 0.999532
5, 793,31,45.882648, 46.284157, 128.831482, 69.032608,13.506870, 245.323746, 0.991325
5, 794,0,95.004745, 94.647278, 128.733398, 70.981468,10.601044, 260.843140, 1.003777
5, 794,1,212.826538, 214.220810, 128.733398, 70.981468,10.601044, 260.843140, 0.993491
5, 794,2,29.601372, 30.164278, 128.733398, 70.981468,10.601044, 260.843140, 0.981339
5, 794,3,46.902943, 46.141350, 128.733398, 70.981468,10.601044, 260.843140, 1.016506
5, 794,4,164.001709, 163.711594, 128.733398, 70.981468,10.601044, 260.843140, 1.001772
5, 794,5,10.601044, 11.617412, 128.733398, 70.981468,10.601044, 260.843140, 0.912513
5, 794,6,61.383778, 61.404133, 128.733398, 70.981468,10.601044, 260.843140, 0.999668
5, 794,7,142.019638, 141.979141, 128.733398, 70.981468,10.601044, 260.843140, 1.000285
5, 794,8,163.482285, 161.379883, 128.733398, 70.981468,10.601044, 260.843140, 1.013028
5, 794,9,98.344414, 98.933022, 128.733398, 70.981468,10.601044, 260.843140, 0.994050
5, 794,10,249.353073, 248.465591, 128.733398, 70.981468,10.601044, 260.843140, 1.003572
5, 794,11,200.722015, 199.491684, 128.733398, 70.981468,10.601044, 260.843140, 1.006167
5, 794,12,37.738613, 37.512421, 128.733398, 70.981468,10.601044, 260.843140, 1.006030
5, 794,13,260.843140, 259.894226, 128.733398, 70.981468,10.601044, 260.843140, 1.003651
5, 794,14,54.153698, 53.292446, 128.733398, 70.981468,10.601044, 260.843140, 1.016161
5, 794,15,148.331818, 147.332199, 128.733398, 70.981468,10.601044, 260.843140, 1.006785
5, 794,16,85.126297, 85.616043, 128.733398, 70.981468,10.601044, 260.843140, 0.994280
5, 794,17,47.796139, 48.193905, 128.733398, 70.981468,10.601044, 260.843140, 0.991747
5, 794,18,185.341614, 184.893936, 128.733398, 70.981468,10.601044, 260.843140, 1.002421
5, 794,19,150.695099, 151.675415, 128.733398, 70.981468,10.601044, 260.843140, 0.993537
5, 794,20,55.886002, 56.888519, 128.733398, 70.981468,10.601044, 260.843140, 0.982378
5, 794,21,133.862244, 133.621155, 128.733398, 70.981468,10.601044, 260.843140, 1.001804
5, 794,22,73.938522, 74.318794, 128.733398, 70.981468,10.601044, 260.843140, 0.994883
5, 794,23,153.309723, 153.974274, 128.733398, 70.981468,10.601044, 260.843140, 0.995684
5, 794,24,177.797745, 177.053177, 128.733398, 70.981468,10.601044, 260.843140, 1.004205
5, 794,25,91.785439, 92.405899, 128.733398, 70.981468,10.601044, 260.843140, 0.993285
5, 794,26,98.496712, 98.161255, 128.733398, 70.981468,10.601044, 260.843140, 1.003417
5, 794,27,228.901642, 228.925293, 128.733398, 70.981468,10.601044, 260.843140, 0.999897
5, 794,28,238.496582, 240.501694, 128.733398, 70.981468,10.601044, 260.843140, 0.991663
5, 794,29,81.843987, 82.282700, 128.733398, 70.981468,10.601044, 260.843140, 0.994668
5, 794,30,217.762741, 218.966309, 128.733398, 70.981468,10.601044, 260.843140, 0.994503
5, 794,31,123.117424, 123.333755, 128.733398, 70.981468,10.601044, 260.843140, 0.998246
5, 795,0,80.136871, 81.060539, 128.753021, 84.232231,12.781042, 258.782349, 0.988605
5, 795,1,239.883026, 240.950592, 128.753021, 84.232231,12.781042, 258.782349, 0.995569
5, 795,2,26.981087, 26.922840, 128.753021, 84.232231,12.781042, 258.782349, 1.002163
5, 795,3,222.143021, 222.935471, 128.753021, 84.232231,12.781042, 258.782349, 0.996445
5, 795,4,45.931705, 46.445641, 128.753021, 84.232231,12.781042, 258.782349, 0.988935
5, 795,5,230.302948, 230.766113, 128.753021, 84.232231,12.781042, 258.782349, 0.997993
5, 795,6,187.072372, 187.382111, 128.753021, 84.232231,12.781042, 258.782349, 0.998347
5, 795,7,241.428146, 240.450592, 128.753021, 84.232231,12.781042, 258.782349, 1.004066
5, 795,8,115.021507, 116.406189, 128.753021, 84.232231,12.781042, 258.782349, 0.988105
5, 795,9,88.644432, 89.029655, 128.753021, 84.232231,12.781042, 258.782349, 0.995673
5, 795,10,107.350929, 109.260139, 128.753021, 84.232231,12.781042, 258.782349, 0.982526
5, 795,11,108.844429, 108.583229, 128.753021, 84.232231,12.781042, 258.782349, 1.002406
5, 795,12,181.537384, 181.543732, 128.753021, 84.232231,12.781042, 258.782349, 0.999965
5, 795,13,131.089340, 131.298309, 128.753021, 84.232231,12.781042, 258.782349, 0.998408
5, 795,14,18.760420, 18.238346, 128.753021, 84.232231,12.781042, 258.782349, 1.028625
5, 795,15,46.116497, 44.453362, 128.753021, 84.232231,12.781042, 258.782349, 1.037413
5, 795,16,59.572895, 58.814697, 128.753021, 84.232231,12.781042, 258.782349, 1.012891
5, 795,17,132.358887, 131.921356, 128.753021, 84.232231,12.781042, 258.782349, 1.003317
5, 795,18,16.344305, 16.830673, 128.753021, 84.232231,12.781042, 258.782349, 0.971102
5, 795,19,77.321976, 77.352905, 128.753021, 84.232231,12.781042, 258.782349, 0.999600
5, 795,20,37.444187, 36.053478, 128.753021, 84.232231,12.781042, 258.782349, 1.038574
5, 795,21,242.773087, 242.627502, 128.753021, 84.232231,12.781042, 258.782349, 1.000600
5, 795,22,258.782349, 258.942688, 128.753021, 84.232231,12.781042, 258.782349, 0.999381
5, 795,23,61.388821, 60.753128, 128.753021, 84.232231,12.781042, 258.782349, 1.010464
5, 795,24,237.520172, 237.442947, 128.753021, 84.232231,12.781042, 258.782349, 1.000325
5, 795,25,155.889801, 155.013351, 128.753021, 84.232231,12.781042, 258.782349, 1.005654
5, 795,26,91.670570, 91.106552, 128.753021, 84.232231,12.781042, 258.782349, 1.006191
5, 795,27,13.870994, 11.615362, 128.753021, 84.232231,12.781042, 258.782349, 1.194194
5, 795,28,12.781042, 15.030699, 128.753021, 84.232231,12.781042, 258.782349, 0.850329
5, 795,29,200.187347, 201.258850, 128.753021, 84.232231,12.781042, 258.782349, 0.994676
5, 795,30,200.466141, 201.104996, 128.753021, 84.232231,12.781042, 258.782349, 0.996823
5, 795,31,250.479950, 249.404327, 128.753021, 84.232231,12.781042, 258.782349, 1.004313
5, 796,0,172.660660, 174.086884, 128.663452, 53.408752,15.646940, 208.266022, 0.991807
5, 796,1,121.941704, 122.722534, 128.663452, 53.408752,15.646940, 208.266022, 0.993637
5, 796,2,78.064102, 79.173943, 128.663452, 53.408752,15.646940, 208.266022, 0.985982
5, 796,3,145.749268, 146.889526, 128.663452, 53.408752,15.646940, 208.266022, 0.992237
5, 796,4,135.925446, 134.824982, 128.663452, 53.408752,15.646940, 208.266022, 1.008162
5, 796,5,107.689415, 107.981163, 128.663452, 53.408752,15.646940, 208.266022, 0.997298
5, 796,6,191.361679, 191.675507, 128.663452, 53.408752,15.646940, 208.266022, 0.998363
5, 796,7,179.252167, 178.695541, 128.663452, 53.408752,15.646940, 208.266022, 1.003115
5, 796,8,104.223717, 105.260170, 128.663452, 53.408752,15.646940, 208.266022, 0.990153
5, 796,9,202.121506, 201.568329, 128.663452, 53.408752,15.646940, 208.266022, 1.002744
5, 796,10,115.853348, 116.478767, 128.663452, 53.408752,15.646940, 208.266022, 0.994631
5, 796,11,161.234848, 161.340500, 128.663452, 53.408752,15.646940, 208.266022, 0.999345
5, 796,12,179.137268, 178.689224, 128.663452, 53.408752,15.646940, 208.266022, 1.002507
5, 796,13,177.500748, 177.811676, 128.663452, 53.408752,15.646940, 208.266022, 0.998251
5, 796,14,57.349323, 57.551167, 128.663452, 53.408752,15.646940, 208.266022, 0.996493
5, 796,15,178.167953, 177.975830, 128.663452, 53.408752,15.646940, 208.266022, 1.001079
5, 796,16,192.226089, 192.628815, 128.663452, 53.408752,15.646940, 208.266022, 0.997909
5, 796,17,160.458282, 159.825333, 128.663452, 53.408752,15.646940, 208.266022, 1.003960
5, 796,18,15.646940, 14.558145, 128.663452, 53.408752,15.646940, 208.266022, 1.074789
5, 796,19,53.382122, 53.567528, 128.663452, 53.408752,15.646940, 208.266022, 0.996539
5, 796,20,62.056767, 62.563862, 128.663452, 53.408752,15.646940, 208.266022, 0.991895
5, 796,21,56.310341, 57.803696, 128.663452, 53.408752,15.646940, 208.266022, 0.974165
5, 796,22,149.098068, 149.130722, 128.663452, 53.408752,15.646940, 208.266022, 0.999781
5, 796,23,143.591644, 143.726608, 128.663452, 53.408752,15.646940, 208.266022, 0.999061
5, 796,24,27.378176, 27.247715, 128.663452, 53.408752,15.646940, 208.266022, 1.004788
5, 796,25,100.189354, 100.272720, 128.663452, 53.408752,15.646940, 208.266022, 0.999169
5, 796,26,147.808380, 147.931213, 128.663452, 53.408752,15.646940, 208.266022, 0.999170
5, 796,27,169.448685, 168.354492, 128.663452, 53.408752,15.646940, 208.266022, 1.006499
5, 796,28,139.877045, 139.610397, 128.663452, 53.408752,15.646940, 208.266022, 1.001910
5, 796,29,111.829376, 111.560760, 128.663452, 53.408752,15.646940, 208.266022, 1.002408
5, 796,30,71.430054, 71.364487, 128.663452, 53.408752,15.646940, 208.266022, 1.000919
5, 796,31,208.266022, 208.127762, 128.663452, 53.408752,15.646940, 208.266022, 1.000664
5, 797,0,118.910172, 119.509224, 129.068451, 69.933723,18.881376, 258.550110, 0.994987
5, 797,1,61.743042, 61.449932, 129.068451, 69.933723,18.881376, 258.550110, 1.004770
5, 797,2,135.645233, 135.706573, 129.068451, 69.933723,18.881376, 258.550110, 0.999548
5, 797,3,18.881376, 19.386734, 129.068451, 69.933723,18.881376, 258.550110, 0.973933
5, 797,4,233.007767, 233.301239, 129.068451, 69.933723,18.881376, 258.550110, 0.998742
5, 797,5,102.407112, 103.215271, 129.068451, 69.933723,18.881376, 258.550110, 0.992170
5, 797,6,90.548805, 89.819450, 129.068451, 69.933723,18.881376, 258.550110, 1.008120
5, 797,7,190.008682, 189.314011, 129.068451, 69.933723,18.881376, 258.550110, 1.003669
5, 797,8,135.860168, 134.201141, 129.068451, 69.933723,18.881376, 258.550110, 1.012362
5, 797,9,21.430845, 20.119320, 129.068451, 69.933723,18.881376, 258.550110, 1.065187
5, 797,10,244.975891, 244.249771, 129.068451, 69.933723,18.881376, 258.550110, 1.002973
5, 797,11,25.364107, 25.553320, 129.068451, 69.933723,18.881376, 258.550110, 0.992595
5, 797,12,209.765808, 209.713654, 129.068451, 69.933723,18.881376, 258.550110, 1.000249
5, 797,13,120.472900, 120.274010, 129.068451, 69.933723,18.881376, 258.550110, 1.001654
5, 797,14,143.959183, 143.137070, 129.068451, 69.933723,18.881376, 258.550110, 1.005744
5, 797,15,150.340073, 149.754471, 129.068451, 69.933723,18.881376, 258.550110, 1.003910
5, 797,16,171.868515, 173.100571, 129.068451, 69.933723,18.881376, 258.550110, 0.992882
5, 797,17,89.890511, 90.278328, 129.068451, 69.933723,18.881376, 258.550110, 0.995704
5, 797,18,159.409439, 158.489120, 129.068451, 69.933723,18.881376, 258.550110, 1.005807
5, 797,19,227.422729, 227.070251, 129.068451, 69.933723,18.881376, 258.550110, 1.001552
5, 797,20,135.731064, 136.173492, 129.068451, 69.933723,18.881376, 258.550110, 0.996751
5, 797,21,30.542620, 30.745811, 129.068451, 69.933723,18.881376, 258.550110, 0.993391
5, 797,22,132.584351, 131.351318, 129.068451, 69.933723,18.881376, 258.550110, 1.009387
5, 797,23,173.763824, 173.986084, 129.068451, 69.933723,18.881376, 258.550110, 0.998723
5, 797,24,52.955421, 52.328865, 129.068451, 69.933723,18.881376, 258.550110, 1.011973
5, 797,25,49.304462, 49.672237, 129.068451, 69.933723,18.881376, 258.550110, 0.992596
5, 797,26,231.645035, 228.857452, 129.068451, 69.933723,18.881376, 258.550110, 1.012180
5, 797,27,258.550110, 257.911255, 129.068451, 69.933723,18.881376, 258.550110, 1.002477
5, 797,28,109.745117, 110.211044, 129.068451, 69.933723,18.881376, 258.550110, 0.995772
5, 797,29,169.942413, 169.606705, 129.068451, 69.933723,18.881376, 258.550110, 1.001979
5, 797,30,70.222855, 68.679169, 129.068451, 69.933723,18.881376, 258.550110, 1.022477
5, 797,31,63.290596, 63.832848, 129.068451, 69.933723,18.881376, 258.550110, 0.991505
5, 798,0,36.156670, 36.084000, 129.042114, 52.791904,26.934549, 221.115479, 1.002014
5, 798,1,53.104481, 52.800453, 129.042114, 52.791904,26.934549, 221.115479, 1.005758
5, 798,2,171.789291, 172.058548, 129.042114, 52.791904,26.934549, 221.115479, 0.998435
5, 798,3,107.078346, 106.861740, 129.042114, 52.791904,26.934549, 221.115479, 1.002027
5, 798,4,156.112350, 156.734039, 129.042114, 52.791904,26.934549, 221.115479, 0.996033
5, 798,5,87.260239, 85.705605, 129.042114, 52.791904,26.934549, 221.115479, 1.018139
5, 798,6,167.741547, 165.923462, 129.042114, 52.791904,26.934549, 221.115479, 1.010957
5, 798,7,124.246201, 123.268143, 129.042114, 52.791904,26.934549, 221.115479, 1.007934
5, 798,8,151.701111, 151.100311, 129.042114, 52.791904,26.934549, 221.115479, 1.003976
5, 798,9,75.890945, 75.315544, 129.042114, 52.791904,26.934549, 221.115479, 1.007640
5, 798,10,184.039764, 184.849869, 129.042114, 52.791904,26.934549, 221.115479, 0.995618
5, 798,11,168.578613, 169.479172, 129.042114, 52.791904,26.934549, 221.115479, 0.994686
5, 798,12,153.170364, 153.105759, 129.042114, 52.791904,26.934549, 221.115479, 1.000422
5, 798,13,30.075523, 27.771952, 129.042114, 52.791904,26.934549, 221.115479, 1.082946
5, 798,14,175.485092, 175.495514, 129.042114, 52.791904,26.934549, 221.115479, 0.999941
5, 798,15,184.866882, 186.116455, 129.042114, 52.791904,26.934549, 221.115479, 0.993286
5, 798,16,26.934549, 26.452578, 129.042114, 52.791904,26.934549, 221.115479, 1.018220
5, 798,17,105.777496, 106.373581, 129.042114, 52.791904,26.934549, 221.115479, 0.994396
5, 798,18,60.261940, 60.564957, 129.042114, 52.791904,26.934549, 221.115479, 0.994997
5, 798,19,140.972672, 139.984604, 129.042114, 52.791904,26.934549, 221.115479, 1.007058
5, 798,20,125.735252, 125.438507, 129.042114, 52.791904,26.934549, 221.115479, 1.002366
5, 798,21,104.656342, 105.417030, 129.042114, 52.791904,26.934549, 221.115479, 0.992784
5, 798,22,157.108597, 155.401459, 129.042114, 52.791904,26.934549, 221.115479, 1.010985
5, 798,23,98.358727, 98.496925, 129.042114, 52.791904,26.934549, 221.115479, 0.998597
5, 798,24,127.971420, 125.887093, 129.042114, 52.791904,26.934549, 221.115479, 1.016557
5, 798,25,173.104401, 174.209122, 129.042114, 52.791904,26.934549, 221.115479, 0.993659
5, 798,26,212.373184, 211.864014, 129.042114, 52.791904,26.934549, 221.115479, 1.002403
5, 798,27,96.411469, 98.523308, 129.042114, 52.791904,26.934549, 221.115479, 0.978565
5, 798,28,202.969482, 202.305161, 129.042114, 52.791904,26.934549, 221.115479, 1.003284
5, 798,29,124.202354, 122.898712, 129.042114, 52.791904,26.934549, 221.115479, 1.010607
5, 798,30,124.096184, 122.865730, 129.042114, 52.791904,26.934549, 221.115479, 1.010015
5, 798,31,221.115479, 221.647171, 129.042114, 52.791904,26.934549, 221.115479, 0.997601
5, 799,0,92.835991, 92.590050, 128.786606, 88.882248,15.328554, 279.980377, 1.002656
5, 799,1,199.858139, 200.488388, 128.786606, 88.882248,15.328554, 279.980377, 0.996856
5, 799,2,27.994719, 28.922342, 128.786606, 88.882248,15.328554, 279.980377, 0.967927
5, 799,3,129.377838, 127.817535, 128.786606, 88.882248,15.328554, 279.980377, 1.012207
5, 799,4,240.693695, 241.988434, 128.786606, 88.882248,15.328554, 279.980377, 0.994650
5, 799,5,176.035675, 175.982697, 128.786606, 88.882248,15.328554, 279.980377, 1.000301
5, 799,6,20.512396, 19.997696, 128.786606, 88.882248,15.328554, 279.980377, 1.025738
5, 799,7,266.015900, 266.206238, 128.786606, 88.882248,15.328554, 279.980377, 0.999285
5, 799,8,185.411835, 184.907333, 128.786606, 88.882248,15.328554, 279.980377, 1.002728
5, 799,9,53.344627, 52.948223, 128.786606, 88.882248,15.328554, 279.980377, 1.007487
5, 799,10,74.564873, 75.386330, 128.786606, 88.882248,15.328554, 279.980377, 0.989103
5, 799,11,57.103352, 56.804226, 128.786606, 88.882248,15.328554, 279.980377, 1.005266
5, 799,12,179.380310, 179.524658, 128.786606, 88.882248,15.328554, 279.980377, 0.999196
5, 799,13,257.543457, 257.438660, 128.786606, 88.882248,15.328554, 279.980377, 1.000407
5, 799,14,31.830908, 32.080429, 128.786606, 88.882248,15.328554, 279.980377, 0.992222
5, 799,15,216.790100, 216.610352, 128.786606, 88.882248,15.328554, 279.980377, 1.000830
5, 799,16,106.933395, 106.792717, 128.786606, 88.882248,15.328554, 279.980377, 1.001317
5, 799,17,53.256615, 53.436764, 128.786606, 88.882248,15.328554, 279.980377, 0.996629
5, 799,18,89.131828, 88.777657, 128.786606, 88.882248,15.328554, 279.980377, 1.003989
5, 799,19,31.971855, 31.303991, 128.786606, 88.882248,15.328554, 279.980377, 1.021335
5, 799,20,34.144165, 34.462078, 128.786606, 88.882248,15.328554, 279.980377, 0.990775
5, 799,21,175.380051, 174.778793, 128.786606, 88.882248,15.328554, 279.980377, 1.003440
5, 799,22,235.456009, 235.576309, 128.786606, 88.882248,15.328554, 279.980377, 0.999489
5, 799,23,244.397400, 245.408249, 128.786606, 88.882248,15.328554, 279.980377, 0.995881
5, 799,24,15.328554, 15.487392, 128.786606, 88.882248,15.328554, 279.980377, 0.989744
5, 799,25,34.790516, 35.055309, 128.786606, 88.882248,15.328554, 279.980377, 0.992446
5, 799,26,226.827530, 226.913391, 128.786606, 88.882248,15.328554, 279.980377, 0.999622
5, 799,27,34.672832, 34.584213, 128.786606, 88.882248,15.328554, 279.980377, 1.002562
5, 799,28,202.417038, 201.988937, 128.786606, 88.882248,15.328554, 279.980377, 1.002119
5, 799,29,279.980377, 280.138458, 128.786606, 88.882248,15.328554, 279.980377, 0.999436
5, 799,30,107.338493, 106.766541, 128.786606, 88.882248,15.328554, 279.980377, 1.005357
5, 799,31,39.850403, 39.836060, 128.786606, 88.882248,15.328554, 279.980377, 1.000360
5, 800,0,143.891495, 144.400940, 128.673615, 53.044441,14.174687, 199.422501, 0.996472
5, 800,1,103.169167, 104.109741, 128.673615, 53.044441,14.174687, 199.422501, 0.990966
5, 800,2,199.422501, 199.557083, 128.673615, 53.044441,14.174687, 199.422501, 0.999326
5, 800,3,99.456802, 99.934059, 128.673615, 53.044441,14.174687, 199.422501, 0.995224
5, 800,4,174.478668, 174.282028, 128.673615, 53.044441,14.174687, 199.422501, 1.001128
5, 800,5,93.281265, 94.298637, 128.673615, 53.044441,14.174687, 199.422501, 0.989211
5, 800,6,67.752541, 67.261429, 128.673615, 53.044441,14.174687, 199.422501, 1.007302
5, 800,7,177.781570, 176.910721, 128.673615, 53.044441,14.174687, 199.422501, 1.004923
5, 800,8,78.779846, 78.636948, 128.673615, 53.044441,14.174687, 199.422501, 1.001817
5, 800,9,161.825104, 161.842239, 128.673615, 53.044441,14.174687, 199.422501, 0.999894
5, 800,10,153.523148, 153.927063, 128.673615, 53.044441,14.174687, 199.422501, 0.997376
5, 800,11,154.951248, 155.572906, 128.673615, 53.044441,14.174687, 199.422501, 0.996004
5, 800,12,108.191574, 108.913513, 128.673615, 53.044441,14.174687, 199.422501, 0.993371
5, 800,13,32.072521, 31.163351, 128.673615, 53.044441,14.174687, 199.422501, 1.029174
5, 800,14,135.427429, 135.898376, 128.673615, 53.044441,14.174687, 199.422501, 0.996535
5, 800,15,170.744431, 170.263382, 128.673615, 53.044441,14.174687, 199.422501, 1.002825
5, 800,16,180.300858, 180.411774, 128.673615, 53.044441,14.174687, 199.422501, 0.999385
5, 800,17,49.638504, 49.465374, 128.673615, 53.044441,14.174687, 199.422501, 1.003500
5, 800,18,121.048927, 121.405640, 128.673615, 53.044441,14.174687, 199.422501, 0.997062
5, 800,19,163.179962, 162.889069, 128.673615, 53.044441,14.174687, 199.422501, 1.001786
5, 800,20,144.500458, 144.069443, 128.673615, 53.044441,14.174687, 199.422501, 1.002992
5, 800,21,14.174687, 14.204755, 128.673615, 53.044441,14.174687, 199.422501, 0.997883
5, 800,22,94.782684, 94.688293, 128.673615, 53.044441,14.174687, 199.422501, 1.000997
5, 800,23,49.735397, 49.791054, 128.673615, 53.044441,14.174687, 199.422501, 0.998882
5, 800,24,167.338043, 167.181046, 128.673615, 53.044441,14.174687, 199.422501, 1.000939
5, 800,25,150.315262, 150.844742, 128.673615, 53.044441,14.174687, 199.422501, 0.996490
5, 800,26,151.461166, 151.083176, 128.673615, 53.044441,14.174687, 199.422501, 1.002502
5, 800,27,184.626465, 183.779083, 128.673615, 53.044441,14.174687, 199.422501, 1.004611
5, 800,28,37.417686, 38.200356, 128.673615, 53.044441,14.174687, 199.422501, 0.979511
5, 800,29,172.113525, 173.287552, 128.673615, 53.044441,14.174687, 199.422501, 0.993225
5, 800,30,194.781738, 194.985931, 128.673615, 53.044441,14.174687, 199.422501, 0.998953
5, 800,31,187.391037, 187.739578, 128.673615, 53.044441,14.174687, 199.422501, 0.998143
5, 801,0,135.722641, 136.037659, 128.664917, 57.829742,25.191628, 233.458328, 0.997684
5, 801,1,88.917786, 89.822716, 128.664917, 57.829742,25.191628, 233.458328, 0.989925
5, 801,2,180.193726, 180.628754, 128.664917, 57.829742,25.191628, 233.458328, 0.997592
5, 801,3,56.890980, 55.557186, 128.664917, 57.829742,25.191628, 233.458328, 1.024008
5, 801,4,89.846664, 89.500679, 128.664917, 57.829742,25.191628, 233.458328, 1.003866
5, 801,5,147.708313, 147.925430, 128.664917, 57.829742,25.191628, 233.458328, 0.998532
5, 801,6,175.451263, 174.112747, 128.664917, 57.829742,25.191628, 233.458328, 1.007688
5, 801,7,25.191628, 26.492126, 128.664917, 57.829742,25.191628, 233.458328, 0.950910
5, 801,8,79.988403, 80.922302, 128.664917, 57.829742,25.191628, 233.458328, 0.988459
5, 801,9,64.285591, 63.237980, 128.664917, 57.829742,25.191628, 233.458328, 1.016566
5, 801,10,155.590134, 156.455826, 128.664917, 57.829742,25.191628, 233.458328, 0.994467
5, 801,11,233.458328, 233.729691, 128.664917, 57.829742,25.191628, 233.458328, 0.998839
5, 801,12,80.342705, 80.798981, 128.664917, 57.829742,25.191628, 233.458328, 0.994353
5, 801,13,109.411079, 109.459785, 128.664917, 57.829742,25.191628, 233.458328, 0.999555
5, 801,14,210.424744, 210.488617, 128.664917, 57.829742,25.191628, 233.458328, 0.999697
5, 801,15,75.064606, 74.625565, 128.664917, 57.829742,25.191628, 233.458328, 1.005883
5, 801,16,154.533615, 153.201263, 128.664917, 57.829742,25.191628, 233.458328, 1.008697
5, 801,17,49.820518, 49.726357, 128.664917, 57.829742,25.191628, 233.458328, 1.001894
5, 801,18,169.301331, 170.296341, 128.664917, 57.829742,25.191628, 233.458328, 0.994157
5, 801,19,95.722191, 94.344856, 128.664917, 57.829742,25.191628, 233.458328, 1.014599
5, 801,20,202.658234, 204.123367, 128.664917, 57.829742,25.191628, 233.458328, 0.992822
5, 801,21,143.738754, 144.239197, 128.664917, 57.829742,25.191628, 233.458328, 0.996530
5, 801,22,106.241753, 106.513542, 128.664917, 57.829742,25.191628, 233.458328, 0.997448
5, 801,23,107.827049, 109.158302, 128.664917, 57.829742,25.191628, 233.458328, 0.987804
5, 801,24,137.566177, 138.929092, 128.664917, 57.829742,25.191628, 233.458328, 0.990190
5, 801,25,33.189400, 32.439430, 128.664917, 57.829742,25.191628, 233.458328, 1.023119
5, 801,26,226.738144, 227.892014, 128.664917, 57.829742,25.191628, 233.458328, 0.994937
5, 801,27,203.835297, 203.328552, 128.664917, 57.829742,25.191628, 233.458328, 1.002492
5, 801,28,155.629623, 155.284180, 128.664917, 57.829742,25.191628, 233.458328, 1.002225
5, 801,29,127.631660, 127.363373, 128.664917, 57.829742,25.191628, 233.458328, 1.002106
5, 801,30,205.693451, 206.226837, 128.664917, 57.829742,25.191628, 233.458328, 0.997414
5, 801,31,88.661888, 88.137184, 128.664917, 57.829742,25.191628, 233.458328, 1.005953
5, 802,0,108.276230, 108.038124, 129.095200, 55.639038,21.562418, 216.982727, 1.002204
5, 802,1,162.852859, 162.443848, 129.095200, 55.639038,21.562418, 216.982727, 1.002518
5, 802,2,63.064907, 62.381214, 129.095200, 55.639038,21.562418, 216.982727, 1.010960
5, 802,3,56.349770, 55.617470, 129.095200, 55.639038,21.562418, 216.982727, 1.013167
5, 802,4,165.433899, 164.560410, 129.095200, 55.639038,21.562418, 216.982727, 1.005308
5, 802,5,21.562418, 22.219437, 129.095200, 55.639038,21.562418, 216.982727, 0.970430
5, 802,6,160.050858, 159.860611, 129.095200, 55.639038,21.562418, 216.982727, 1.001190
5, 802,7,146.594986, 145.886169, 129.095200, 55.639038,21.562418, 216.982727, 1.004859
5, 802,8,76.850830, 75.369705, 129.095200, 55.639038,21.562418, 216.982727, 1.019651
5, 802,9,63.598568, 63.386906, 129.095200, 55.639038,21.562418, 216.982727, 1.003339
5, 802,10,189.169571, 190.958069, 129.095200, 55.639038,21.562418, 216.982727, 0.990634
5, 802,11,86.372551, 85.604050, 129.095200, 55.639038,21.562418, 216.982727, 1.008977
5, 802,12,174.198685, 174.426666, 129.095200, 55.639038,21.562418, 216.982727, 0.998693
5, 802,13,176.679581, 175.175995, 129.095200, 55.639038,21.562418, 216.982727, 1.008583
5, 802,14,75.437355, 76.263649, 129.095200, 55.639038,21.562418, 216.982727, 0.989165
5, 802,15,163.327499, 163.574448, 129.095200, 55.639038,21.562418, 216.982727, 0.998490
5, 802,16,197.904022, 197.465469, 129.095200, 55.639038,21.562418, 216.982727, 1.002221
5, 802,17,97.809372, 97.968094, 129.095200, 55.639038,21.562418, 216.982727, 0.998380
5, 802,18,197.791901, 198.004440, 129.095200, 55.639038,21.562418, 216.982727, 0.998927
5, 802,19,100.492607, 99.815147, 129.095200, 55.639038,21.562418, 216.982727, 1.006787
5, 802,20,216.982727, 215.055130, 129.095200, 55.639038,21.562418, 216.982727, 1.008963
5, 802,21,98.774689, 97.179321, 129.095200, 55.639038,21.562418, 216.982727, 1.016417
5, 802,22,160.273438, 159.262482, 129.095200, 55.639038,21.562418, 216.982727, 1.006348
5, 802,23,211.280121, 210.191010, 129.095200, 55.639038,21.562418, 216.982727, 1.005182
5, 802,24,73.097946, 73.575241, 129.095200, 55.639038,21.562418, 216.982727, 0.993513
5, 802,25,83.796120, 82.698738, 129.095200, 55.639038,21.562418, 216.982727, 1.013270
5, 802,26,51.464336, 52.554398, 129.095200, 55.639038,21.562418, 216.982727, 0.979258
5, 802,27,212.819397, 212.176117, 129.095200, 55.639038,21.562418, 216.982727, 1.003032
5, 802,28,96.635933, 96.922974, 129.095200, 55.639038,21.562418, 216.982727, 0.997038
5, 802,29,114.269096, 115.281708, 129.095200, 55.639038,21.562418, 216.982727, 0.991216
5, 802,30,152.800049, 152.156921, 129.095200, 55.639038,21.562418, 216.982727, 1.004227
5, 802,31,175.034210, 174.926224, 129.095200, 55.639038,21.562418, 216.982727, 1.000617
5, 803,0,111.191368, 112.463516, 128.769760, 71.443344,11.147416, 268.881134, 0.988688
5, 803,1,217.044495, 216.623398, 128.769760, 71.443344,11.147416, 268.881134, 1.001944
5, 803,2,268.881134, 267.395081, 128.769760, 71.443344,11.147416, 268.881134, 1.005558
5, 803,3,46.266911, 45.784214, 128.769760, 71.443344,11.147416, 268.881134, 1.010543
5, 803,4,86.061897, 85.689377, 128.769760, 71.443344,11.147416, 268.881134, 1.004347
5, 803,5,11.147416, 12.896665, 128.769760, 71.443344,11.147416, 268.881134, 0.864364
5, 803,6,199.400986, 198.947357, 128.769760, 71.443344,11.147416, 268.881134, 1.002280
5, 803,7,67.603241, 68.005310, 128.769760, 71.443344,11.147416, 268.881134, 0.994088
5, 803,8,155.321304, 155.177307, 128.769760, 71.443344,11.147416, 268.881134, 1.000928
5, 803,9,110.444725, 111.439278, 128.769760, 71.443344,11.147416, 268.881134, 0.991075
5, 803,10,244.638687, 244.701843, 128.769760, 71.443344,11.147416, 268.881134, 0.999742
5, 803,11,101.832840, 101.308952, 128.769760, 71.443344,11.147416, 268.881134, 1.005171
5, 803,12,153.837601, 154.473160, 128.769760, 71.443344,11.147416, 268.881134, 0.995886
5, 803,13,82.741829, 80.648216, 128.769760, 71.443344,11.147416, 268.881134, 1.025960
5, 803,14,166.323944, 165.851746, 128.769760, 71.443344,11.147416, 268.881134, 1.002847
5, 803,15,88.985504, 87.969902, 128.769760, 71.443344,11.147416, 268.881134, 1.011545
5, 803,16,87.636284, 88.433990, 128.769760, 71.443344,11.147416, 268.881134, 0.990980
5, 803,17,17.048283, 17.785788, 128.769760, 71.443344,11.147416, 268.881134, 0.958534
5, 803,18,252.006195, 253.015762, 128.769760, 71.443344,11.147416, 268.881134, 0.996010
5, 803,19,163.459229, 162.034882, 128.769760, 71.443344,11.147416, 268.881134, 1.008790
5, 803,20,75.762077, 76.847336, 128.769760, 71.443344,11.147416, 268.881134, 0.985878
5, 803,21,226.523468, 226.241623, 128.769760, 71.443344,11.147416, 268.881134, 1.001246
5, 803,22,98.336884, 98.492310, 128.769760, 71.443344,11.147416, 268.881134, 0.998422
5, 803,23,169.419357, 170.180771, 128.769760, 71.443344,11.147416, 268.881134, 0.995526
5, 803,24,119.618652, 120.481346, 128.769760, 71.443344,11.147416, 268.881134, 0.992840
5, 803,25,116.366333, 114.952080, 128.769760, 71.443344,11.147416, 268.881134, 1.012303
5, 803,26,227.220245, 226.609711, 128.769760, 71.443344,11.147416, 268.881134, 1.002694
5, 803,27,57.033520, 57.466892, 128.769760, 71.443344,11.147416, 268.881134, 0.992459
5, 803,28,156.878708, 156.385590, 128.769760, 71.443344,11.147416, 268.881134, 1.003153
5, 803,29,162.082474, 162.707031, 128.769760, 71.443344,11.147416, 268.881134, 0.996161
5, 803,30,35.411770, 35.301804, 128.769760, 71.443344,11.147416, 268.881134, 1.003115
5, 803,31,44.105389, 44.687962, 128.769760, 71.443344,11.147416, 268.881134, 0.986964
5, 804,0,174.744812, 175.555405, 128.625366, 68.752388,14.382886, 222.147568, 0.995383
5, 804,1,141.080414, 140.806488, 128.625366, 68.752388,14.382886, 222.147568, 1.001945
5, 804,2,46.625679, 45.942905, 128.625366, 68.752388,14.382886, 222.147568, 1.014861
5, 804,3,149.095016, 147.399368, 128.625366, 68.752388,14.382886, 222.147568, 1.011504
5, 804,4,74.834648, 75.883430, 128.625366, 68.752388,14.382886, 222.147568, 0.986179
5, 804,5,222.141708, 222.627045, 128.625366, 68.752388,14.382886, 222.147568, 0.997820
5, 804,6,113.014191, 113.617317, 128.625366, 68.752388,14.382886, 222.147568, 0.994692
5, 804,7,20.663401, 20.382496, 128.625366, 68.752388,14.382886, 222.147568, 1.013782
5, 804,8,159.034103, 159.566345, 128.625366, 68.752388,14.382886, 222.147568, 0.996664
5, 804,9,222.147568, 221.205948, 128.625366, 68.752388,14.382886, 222.147568, 1.004257
5, 804,10,20.236551, 20.609615, 128.625366, 68.752388,14.382886, 222.147568, 0.981899
5, 804,11,125.188683, 124.856369, 128.625366, 68.752388,14.382886, 222.147568, 1.002662
5, 804,12,66.388290, 67.862953, 128.625366, 68.752388,14.382886, 222.147568, 0.978270
5, 804,13,99.097374, 99.042892, 128.625366, 68.752388,14.382886, 222.147568, 1.000550
5, 804,14,137.102097, 137.399719, 128.625366, 68.752388,14.382886, 222.147568, 0.997834
5, 804,15,169.429367, 170.130554, 128.625366, 68.752388,14.382886, 222.147568, 0.995879
5, 804,16,17.713400, 18.007500, 128.625366, 68.752388,14.382886, 222.147568, 0.983668
5, 804,17,212.653259, 212.043396, 128.625366, 68.752388,14.382886, 222.147568, 1.002876
5, 804,18,94.877975, 94.532990, 128.625366, 68.752388,14.382886, 222.147568, 1.003649
5, 804,19,126.756691, 126.738197, 128.625366, 68.752388,14.382886, 222.147568, 1.000146
5, 804,20,215.681854, 216.040634, 128.625366, 68.752388,14.382886, 222.147568, 0.998339
5, 804,21,120.078331, 120.800705, 128.625366, 68.752388,14.382886, 222.147568, 0.994020
5, 804,22,142.199020, 142.558517, 128.625366, 68.752388,14.382886, 222.147568, 0.997478
5, 804,23,213.813660, 213.282791, 128.625366, 68.752388,14.382886, 222.147568, 1.002489
5, 804,24,177.710846, 178.598770, 128.625366, 68.752388,14.382886, 222.147568, 0.995028
5, 804,25,14.382886, 13.802589, 128.625366, 68.752388,14.382886, 222.147568, 1.042043
5, 804,26,204.789627, 204.957336, 128.625366, 68.752388,14.382886, 222.147568, 0.999182
5, 804,27,149.606171, 149.443420, 128.625366, 68.752388,14.382886, 222.147568, 1.001089
5, 804,28,43.748051, 43.671734, 128.625366, 68.752388,14.382886, 222.147568, 1.001747
5, 804,29,203.348190, 203.971008, 128.625366, 68.752388,14.382886, 222.147568, 0.996947
5, 804,30,31.218012, 32.867451, 128.625366, 68.752388,14.382886, 222.147568, 0.949815
5, 804,31,206.610046, 206.793732, 128.625366, 68.752388,14.382886, 222.147568, 0.999112
5, 805,0,101.206451, 100.985741, 128.870682, 61.741844,18.431637, 217.796906, 1.002186
5, 805,1,217.796906, 216.779953, 128.870682, 61.741844,18.431637, 217.796906, 1.004691
5, 805,2,146.299530, 146.941086, 128.870682, 61.741844,18.431637, 217.796906, 0.995634
5, 805,3,102.364845, 102.248802, 128.870682, 61.741844,18.431637, 217.796906, 1.001135
5, 805,4,204.791687, 204.340622, 128.870682, 61.741844,18.431637, 217.796906, 1.002207
5, 805,5,182.995209, 182.964111, 128.870682, 61.741844,18.431637, 217.796906, 1.000170
5, 805,6,183.619888, 184.335632, 128.870682, 61.741844,18.431637, 217.796906, 0.996117
5, 805,7,188.249893, 187.525208, 128.870682, 61.741844,18.431637, 217.796906, 1.003865
5, 805,8,176.607483, 176.361694, 128.870682, 61.741844,18.431637, 217.796906, 1.001394
5, 805,9,48.937611, 49.174328, 128.870682, 61.741844,18.431637, 217.796906, 0.995186
5, 805,10,49.780533, 50.431015, 128.870682, 61.741844,18.431637, 217.796906, 0.987102
5, 805,11,117.103622, 116.608261, 128.870682, 61.741844,18.431637, 217.796906, 1.004248
5, 805,12,100.477814, 99.250610, 128.870682, 61.741844,18.431637, 217.796906, 1.012365
5, 805,13,211.220795, 211.523560, 128.870682, 61.741844,18.431637, 217.796906, 0.998569
5, 805,14,77.801643, 77.752899, 128.870682, 61.741844,18.431637, 217.796906, 1.000627
5, 805,15,78.996048, 77.631691, 128.870682, 61.741844,18.431637, 217.796906, 1.017575
5, 805,16,135.930130, 136.619629, 128.870682, 61.741844,18.431637, 217.796906, 0.994953
5, 805,17,189.580948, 189.891876, 128.870682, 61.741844,18.431637, 217.796906, 0.998363
5, 805,18,106.952644, 106.790756, 128.870682, 61.741844,18.431637, 217.796906, 1.001516
5, 805,19,18.431637, 18.477882, 128.870682, 61.741844,18.431637, 217.796906, 0.997497
5, 805,20,50.877312, 50.960487, 128.870682, 61.741844,18.431637, 217.796906, 0.998368
5, 805,21,101.420403, 101.661919, 128.870682, 61.741844,18.431637, 217.796906, 0.997624
5, 805,22,211.836380, 212.135941, 128.870682, 61.741844,18.431637, 217.796906, 0.998588
5, 805,23,212.115051, 211.931808, 128.870682, 61.741844,18.431637, 217.796906, 1.000865
5, 805,24,147.353867, 147.157990, 128.870682, 61.741844,18.431637, 217.796906, 1.001331
5, 805,25,156.555084, 156.618256, 128.870682, 61.741844,18.431637, 217.796906, 0.999597
5, 805,26,49.439655, 49.072258, 128.870682, 61.741844,18.431637, 217.796906, 1.007487
5, 805,27,105.928017, 106.541969, 128.870682, 61.741844,18.431637, 217.796906, 0.994237
5, 805,28,42.269394, 42.846214, 128.870682, 61.741844,18.431637, 217.796906, 0.986537
5, 805,29,191.518402, 191.473907, 128.870682, 61.741844,18.431637, 217.796906, 1.000232
5, 805,30,171.754776, 171.692169, 128.870682, 61.741844,18.431637, 217.796906, 1.000365
5, 805,31,43.648041, 42.272091, 128.870682, 61.741844,18.431637, 217.796906, 1.032550
5, 806,0,122.085243, 121.952812, 128.687500, 57.480461,11.513186, 194.213150, 1.001086
5, 806,1,103.661621, 104.259727, 128.687500, 57.480461,11.513186, 194.213150, 0.994263
5, 806,2,191.889542, 191.443390, 128.687500, 57.480461,11.513186, 194.213150, 1.002330
5, 806,3,58.796200, 58.636967, 128.687500, 57.480461,11.513186, 194.213150, 1.002716
5, 806,4,47.054203, 48.985657, 128.687500, 57.480461,11.513186, 194.213150, 0.960571
5, 806,5,119.122887, 120.987091, 128.687500, 57.480461,11.513186, 194.213150, 0.984592
5, 806,6,154.398483, 154.822281, 128.687500, 57.480461,11.513186, 194.213150, 0.997263
5, 806,7,181.640015, 180.580536, 128.687500, 57.480461,11.513186, 194.213150, 1.005867
5, 806,8,61.738472, 63.810860, 128.687500, 57.480461,11.513186, 194.213150, 0.967523
5, 806,9,176.395142, 177.022034, 128.687500, 57.480461,11.513186, 194.213150, 0.996459
5, 806,10,177.712219, 177.016174, 128.687500, 57.480461,11.513186, 194.213150, 1.003932
5, 806,11,177.195633, 177.291260, 128.687500, 57.480461,11.513186, 194.213150, 0.999461
5, 806,12,90.472305, 90.950401, 128.687500, 57.480461,11.513186, 194.213150, 0.994743
5, 806,13,189.617188, 189.494385, 128.687500, 57.480461,11.513186, 194.213150, 1.000648
5, 806,14,188.238998, 187.925842, 128.687500, 57.480461,11.513186, 194.213150, 1.001666
5, 806,15,159.717163, 160.253693, 128.687500, 57.480461,11.513186, 194.213150, 0.996652
5, 806,16,191.167572, 188.241898, 128.687500, 57.480461,11.513186, 194.213150, 1.015542
5, 806,17,54.541279, 54.651192, 128.687500, 57.480461,11.513186, 194.213150, 0.997989
5, 806,18,194.213150, 193.638199, 128.687500, 57.480461,11.513186, 194.213150, 1.002969
5, 806,19,162.195419, 163.777100, 128.687500, 57.480461,11.513186, 194.213150, 0.990342
5, 806,20,191.148468, 191.021973, 128.687500, 57.480461,11.513186, 194.213150, 1.000662
5, 806,21,164.790390, 163.952682, 128.687500, 57.480461,11.513186, 194.213150, 1.005109
5, 806,22,188.480133, 190.430847, 128.687500, 57.480461,11.513186, 194.213150, 0.989756
5, 806,23,43.650967, 43.249889, 128.687500, 57.480461,11.513186, 194.213150, 1.009274
5, 806,24,137.936890, 137.293060, 128.687500, 57.480461,11.513186, 194.213150, 1.004689
5, 806,25,152.022049, 152.510406, 128.687500, 57.480461,11.513186, 194.213150, 0.996798
5, 806,26,11.513186, 11.831934, 128.687500, 57.480461,11.513186, 194.213150, 0.973060
5, 806,27,148.903412, 149.870773, 128.687500, 57.480461,11.513186, 194.213150, 0.993545
5, 806,28,90.076202, 89.446228, 128.687500, 57.480461,11.513186, 194.213150, 1.007043
5, 806,29,34.045570, 33.270828, 128.687500, 57.480461,11.513186, 194.213150, 1.023286
5, 806,30,73.210220, 73.479729, 128.687500, 57.480461,11.513186, 194.213150, 0.996332
5, 806,31,80.370331, 78.899437, 128.687500, 57.480461,11.513186, 194.213150, 1.018643
5, 807,0,222.524719, 223.627655, 128.833191, 64.045540,14.020469, 249.010864, 0.995068
5, 807,1,130.913071, 131.309875, 128.833191, 64.045540,14.020469, 249.010864, 0.996978
5, 807,2,60.820683, 61.129726, 128.833191, 64.045540,14.020469, 249.010864, 0.994944
5, 807,3,221.379608, 221.831879, 128.833191, 64.045540,14.020469, 249.010864, 0.997961
5, 807,4,32.782333, 32.955269, 128.833191, 64.045540,14.020469, 249.010864, 0.994752
5, 807,5,165.627563, 165.299576, 128.833191, 64.045540,14.020469, 249.010864, 1.001984
5, 807,6,110.985031, 110.471329, 128.833191, 64.045540,14.020469, 249.010864, 1.004650
5, 807,7,249.010864, 252.237686, 128.833191, 64.045540,14.020469, 249.010864, 0.987207
5, 807,8,14.020469, 13.308799, 128.833191, 64.045540,14.020469, 249.010864, 1.053474
5, 807,9,191.682861, 191.930435, 128.833191, 64.045540,14.020469, 249.010864, 0.998710
5, 807,10,82.397812, 81.005447, 128.833191, 64.045540,14.020469, 249.010864, 1.017189
5, 807,11,75.958870, 78.300331, 128.833191, 64.045540,14.020469, 249.010864, 0.970096
5, 807,12,153.931442, 152.775055, 128.833191, 64.045540,14.020469, 249.010864, 1.007569
5, 807,13,172.019989, 171.764343, 128.833191, 64.045540,14.020469, 249.010864, 1.001488
5, 807,14,191.830521, 191.471939, 128.833191, 64.045540,14.020469, 249.010864, 1.001873
5, 807,15,121.329002, 119.839890, 128.833191, 64.045540,14.020469, 249.010864, 1.012426
5, 807,16,95.213364, 95.356308, 128.833191, 64.045540,14.020469, 249.010864, 0.998501
5, 807,17,91.269997, 90.144760, 128.833191, 64.045540,14.020469, 249.010864, 1.012483
5, 807,18,103.910004, 103.005516, 128.833191, 64.045540,14.020469, 249.010864, 1.008781
5, 807,19,163.617294, 163.075867, 128.833191, 64.045540,14.020469, 249.010864, 1.003320
5, 807,20,42.494331, 41.827126, 128.833191, 64.045540,14.020469, 249.010864, 1.015952
5, 807,21,41.231289, 40.268250, 128.833191, 64.045540,14.020469, 249.010864, 1.023916
5, 807,22,76.386635, 78.483727, 128.833191, 64.045540,14.020469, 249.010864, 0.973280
5, 807,23,170.975479, 170.702179, 128.833191, 64.045540,14.020469, 249.010864, 1.001601
5, 807,24,227.846451, 228.961487, 128.833191, 64.045540,14.020469, 249.010864, 0.995130
5, 807,25,62.534500, 64.171066, 128.833191, 64.045540,14.020469, 249.010864, 0.974497
5, 807,26,113.767311, 113.741920, 128.833191, 64.045540,14.020469, 249.010864, 1.000223
5, 807,27,164.555389, 165.139099, 128.833191, 64.045540,14.020469, 249.010864, 0.996465
5, 807,28,184.847473, 184.174240, 128.833191, 64.045540,14.020469, 249.010864, 1.003655
5, 807,29,168.019394, 166.285339, 128.833191, 64.045540,14.020469, 249.010864, 1.010428
5, 807,30,54.252930, 53.251274, 128.833191, 64.045540,14.020469, 249.010864, 1.018810
5, 807,31,164.525253, 163.152298, 128.833191, 64.045540,14.020469, 249.010864, 1.008415
5, 808,0,87.675049, 87.564507, 128.967575, 79.948021,13.681728, 282.366760, 1.001262
5, 808,1,40.754211, 41.163322, 128.967575, 79.948021,13.681728, 282.366760, 0.990061
5, 808,2,78.156494, 79.007538, 128.967575, 79.948021,13.681728, 282.366760, 0.989228
5, 808,3,13.681728, 13.505980, 128.967575, 79.948021,13.681728, 282.366760, 1.013013
5, 808,4,137.704971, 138.609192, 128.967575, 79.948021,13.681728, 282.366760, 0.993476
5, 808,5,175.844711, 176.792969, 128.967575, 79.948021,13.681728, 282.366760, 0.994636
5, 808,6,31.825937, 32.063057, 128.967575, 79.948021,13.681728, 282.366760, 0.992605
5, 808,7,125.498505, 124.746559, 128.967575, 79.948021,13.681728, 282.366760, 1.006028
5, 808,8,81.019432, 81.138283, 128.967575, 79.948021,13.681728, 282.366760, 0.998535
5, 808,9,70.733002, 70.807098, 128.967575, 79.948021,13.681728, 282.366760, 0.998954
5, 808,10,90.512833, 90.467758, 128.967575, 79.948021,13.681728, 282.366760, 1.000498
5, 808,11,119.058121, 118.057190, 128.967575, 79.948021,13.681728, 282.366760, 1.008478
5, 808,12,36.834038, 35.110626, 128.967575, 79.948021,13.681728, 282.366760, 1.049085
5, 808,13,199.523880, 201.224457, 128.967575, 79.948021,13.681728, 282.366760, 0.991549
5, 808,14,63.280876, 61.740791, 128.967575, 79.948021,13.681728, 282.366760, 1.024944
5, 808,15,44.834488, 45.153179, 128.967575, 79.948021,13.681728, 282.366760, 0.992942
5, 808,16,172.221542, 170.977951, 128.967575, 79.948021,13.681728, 282.366760, 1.007273
5, 808,17,53.577225, 53.591301, 128.967575, 79.948021,13.681728, 282.366760, 0.999737
5, 808,18,246.763428, 246.870117, 128.967575, 79.948021,13.681728, 282.366760, 0.999568
5, 808,19,88.312958, 87.589966, 128.967575, 79.948021,13.681728, 282.366760, 1.008254
5, 808,20,168.729630, 167.488953, 128.967575, 79.948021,13.681728, 282.366760, 1.007408
5, 808,21,60.436352, 60.433479, 128.967575, 79.948021,13.681728, 282.366760, 1.000048
5, 808,22,247.817871, 246.496597, 128.967575, 79.948021,13.681728, 282.366760, 1.005360
5, 808,23,279.363678, 278.771973, 128.967575, 79.948021,13.681728, 282.366760, 1.002123
5, 808,24,221.135147, 219.560837, 128.967575, 79.948021,13.681728, 282.366760, 1.007170
5, 808,25,282.366760, 281.479980, 128.967575, 79.948021,13.681728, 282.366760, 1.003150
5, 808,26,34.506660, 34.193810, 128.967575, 79.948021,13.681728, 282.366760, 1.009149
5, 808,27,100.716888, 100.467865, 128.967575, 79.948021,13.681728, 282.366760, 1.002479
5, 808,28,198.553131, 197.277054, 128.967575, 79.948021,13.681728, 282.366760, 1.006468
5, 808,29,178.909164, 179.747147, 128.967575, 79.948021,13.681728, 282.366760, 0.995338
5, 808,30,243.743713, 245.842941, 128.967575, 79.948021,13.681728, 282.366760, 0.991461
5, 808,31,152.869858, 153.057556, 128.967575, 79.948021,13.681728, 282.366760, 0.998774
5, 809,0,88.883896, 88.375778, 128.873367, 78.328339,22.490721, 266.336182, 1.005749
5, 809,1,87.741684, 87.513977, 128.873367, 78.328339,22.490721, 266.336182, 1.002602
5, 809,2,153.819443, 153.176331, 128.873367, 78.328339,22.490721, 266.336182, 1.004199
5, 809,3,159.296783, 159.983704, 128.873367, 78.328339,22.490721, 266.336182, 0.995706
5, 809,4,33.752045, 33.054955, 128.873367, 78.328339,22.490721, 266.336182, 1.021089
5, 809,5,127.342438, 125.519875, 128.873367, 78.328339,22.490721, 266.336182, 1.014520
5, 809,6,75.583542, 75.393532, 128.873367, 78.328339,22.490721, 266.336182, 1.002520
5, 809,7,30.573378, 32.106194, 128.873367, 78.328339,22.490721, 266.336182, 0.952258
5, 809,8,183.501587, 185.236633, 128.873367, 78.328339,22.490721, 266.336182, 0.990633
5, 809,9,161.548996, 163.446686, 128.873367, 78.328339,22.490721, 266.336182, 0.988390
5, 809,10,115.627258, 114.118896, 128.873367, 78.328339,22.490721, 266.336182, 1.013217
5, 809,11,251.063080, 250.313904, 128.873367, 78.328339,22.490721, 266.336182, 1.002993
5, 809,12,37.132408, 37.877838, 128.873367, 78.328339,22.490721, 266.336182, 0.980320
5, 809,13,254.093430, 252.084915, 128.873367, 78.328339,22.490721, 266.336182, 1.007968
5, 809,14,254.623184, 253.215561, 128.873367, 78.328339,22.490721, 266.336182, 1.005559
5, 809,15,66.226982, 65.692421, 128.873367, 78.328339,22.490721, 266.336182, 1.008137
5, 809,16,214.615189, 214.071136, 128.873367, 78.328339,22.490721, 266.336182, 1.002541
5, 809,17,153.414764, 154.686447, 128.873367, 78.328339,22.490721, 266.336182, 0.991779
5, 809,18,63.819061, 62.023869, 128.873367, 78.328339,22.490721, 266.336182, 1.028944
5, 809,19,176.113586, 177.274918, 128.873367, 78.328339,22.490721, 266.336182, 0.993449
5, 809,20,266.336182, 265.928986, 128.873367, 78.328339,22.490721, 266.336182, 1.001531
5, 809,21,22.490721, 23.867762, 128.873367, 78.328339,22.490721, 266.336182, 0.942305
5, 809,22,193.639603, 194.479172, 128.873367, 78.328339,22.490721, 266.336182, 0.995683
5, 809,23,79.893585, 80.706604, 128.873367, 78.328339,22.490721, 266.336182, 0.989926
5, 809,24,55.511868, 54.520729, 128.873367, 78.328339,22.490721, 266.336182, 1.018179
5, 809,25,180.716003, 180.445374, 128.873367, 78.328339,22.490721, 266.336182, 1.001500
5, 809,26,105.891876, 105.753960, 128.873367, 78.328339,22.490721, 266.336182, 1.001304
5, 809,27,27.350716, 28.184635, 128.873367, 78.328339,22.490721, 266.336182, 0.970412
5, 809,28,249.142548, 249.807907, 128.873367, 78.328339,22.490721, 266.336182, 0.997337
5, 809,29,165.200745, 164.023865, 128.873367, 78.328339,22.490721, 266.336182, 1.007175
5, 809,30,26.329901, 25.970852, 128.873367, 78.328339,22.490721, 266.336182, 1.013825
5, 809,31,62.670971, 62.142464, 128.873367, 78.328339,22.490721, 266.336182, 1.008505
5, 810,0,198.825745, 198.123672, 128.592957, 63.573978,15.806380, 239.400955, 1.003544
5, 810,1,193.164337, 193.297699, 128.592957, 63.573978,15.806380, 239.400955, 0.999310
5, 810,2,69.312592, 70.662994, 128.592957, 63.573978,15.806380, 239.400955, 0.980890
5, 810,3,108.438919, 107.865356, 128.592957, 63.573978,15.806380, 239.400955, 1.005317
5, 810,4,168.771545, 168.751434, 128.592957, 63.573978,15.806380, 239.400955, 1.000119
5, 810,5,100.022598, 99.983192, 128.592957, 63.573978,15.806380, 239.400955, 1.000394
5, 810,6,140.986984, 141.565369, 128.592957, 63.573978,15.806380, 239.400955, 0.995914
5, 810,7,100.358940, 102.050400, 128.592957, 63.573978,15.806380, 239.400955, 0.983425
5, 810,8,95.518204, 95.186958, 128.592957, 63.573978,15.806380, 239.400955, 1.003480
5, 810,9,223.147934, 223.034317, 128.592957, 63.573978,15.806380, 239.400955, 1.000509
5, 810,10,200.168243, 202.875290, 128.592957, 63.573978,15.806380, 239.400955, 0.986657
5, 810,11,163.687912, 163.427231, 128.592957, 63.573978,15.806380, 239.400955, 1.001595
5, 810,12,168.915802, 169.271957, 128.592957, 63.573978,15.806380, 239.400955, 0.997896
5, 810,13,141.371063, 142.190002, 128.592957, 63.573978,15.806380, 239.400955, 0.994241
5, 810,14,197.018494, 196.770325, 128.592957, 63.573978,15.806380, 239.400955, 1.001261
5, 810,15,157.038101, 157.210724, 128.592957, 63.573978,15.806380, 239.400955, 0.998902
5, 810,16,134.579575, 136.427094, 128.592957, 63.573978,15.806380, 239.400955, 0.986458
5, 810,17,40.553814, 39.781231, 128.592957, 63.573978,15.806380, 239.400955, 1.019421
5, 810,18,223.322525, 224.053070, 128.592957, 63.573978,15.806380, 239.400955, 0.996739
5, 810,19,153.403290, 152.265793, 128.592957, 63.573978,15.806380, 239.400955, 1.007470
5, 810,20,15.806380, 16.157019, 128.592957, 63.573978,15.806380, 239.400955, 0.978298
5, 810,21,32.797497, 31.542128, 128.592957, 63.573978,15.806380, 239.400955, 1.039800
5, 810,22,23.362175, 23.808676, 128.592957, 63.573978,15.806380, 239.400955, 0.981246
5, 810,23,62.842533, 63.450058, 128.592957, 63.573978,15.806380, 239.400955, 0.990425
5, 810,24,108.364326, 109.285637, 128.592957, 63.573978,15.806380, 239.400955, 0.991570
5, 810,25,174.784180, 175.547943, 128.592957, 63.573978,15.806380, 239.400955, 0.995649
5, 810,26,71.476761, 73.458939, 128.592957, 63.573978,15.806380, 239.400955, 0.973017
5, 810,27,36.582531, 36.702721, 128.592957, 63.573978,15.806380, 239.400955, 0.996725
5, 810,28,239.400955, 238.382263, 128.592957, 63.573978,15.806380, 239.400955, 1.004273
5, 810,29,101.879860, 100.905251, 128.592957, 63.573978,15.806380, 239.400955, 1.009659
5, 810,30,174.622208, 174.648193, 128.592957, 63.573978,15.806380, 239.400955, 0.999851
5, 810,31,94.448814, 92.316658, 128.592957, 63.573978,15.806380, 239.400955, 1.023096
5, 811,0,222.972717, 222.460007, 128.689606, 75.456657,9.934921, 234.750671, 1.002305
5, 811,1,225.767807, 226.322800, 128.689606, 75.456657,9.934921, 234.750671, 0.997548
5, 811,2,39.246616, 38.058548, 128.689606, 75.456657,9.934921, 234.750671, 1.031217
5, 811,3,91.765747, 93.191017, 128.689606, 75.456657,9.934921, 234.750671, 0.984706
5, 811,4,175.351318, 176.085953, 128.689606, 75.456657,9.934921, 234.750671, 0.995828
5, 811,5,204.052368, 204.309753, 128.689606, 75.456657,9.934921, 234.750671, 0.998740
5, 811,6,170.602692, 171.899536, 128.689606, 75.456657,9.934921, 234.750671, 0.992456
5, 811,7,58.687241, 58.026596, 128.689606, 75.456657,9.934921, 234.750671, 1.011385
5, 811,8,181.458206, 180.595978, 128.689606, 75.456657,9.934921, 234.750671, 1.004774
5, 811,9,206.525528, 206.843628, 128.689606, 75.456657,9.934921, 234.750671, 0.998462
5, 811,10,75.066238, 74.242027, 128.689606, 75.456657,9.934921, 234.750671, 1.011102
5, 811,11,69.407310, 69.897255, 128.689606, 75.456657,9.934921, 234.750671, 0.992990
5, 811,12,160.544830, 160.311188, 128.689606, 75.456657,9.934921, 234.750671, 1.001457
5, 811,13,224.802505, 223.988602, 128.689606, 75.456657,9.934921, 234.750671, 1.003634
5, 811,14,146.385895, 147.373276, 128.689606, 75.456657,9.934921, 234.750671, 0.993300
5, 811,15,171.925919, 173.524521, 128.689606, 75.456657,9.934921, 234.750671, 0.990787
5, 811,16,173.296616, 174.578018, 128.689606, 75.456657,9.934921, 234.750671, 0.992660
5, 811,17,60.303642, 61.035572, 128.689606, 75.456657,9.934921, 234.750671, 0.988008
5, 811,18,9.934921, 10.006886, 128.689606, 75.456657,9.934921, 234.750671, 0.992809
5, 811,19,234.750671, 234.971024, 128.689606, 75.456657,9.934921, 234.750671, 0.999062
5, 811,20,59.488663, 59.114510, 128.689606, 75.456657,9.934921, 234.750671, 1.006329
5, 811,21,216.928116, 217.137482, 128.689606, 75.456657,9.934921, 234.750671, 0.999036
5, 811,22,64.200142, 63.645191, 128.689606, 75.456657,9.934921, 234.750671, 1.008719
5, 811,23,234.300293, 234.323776, 128.689606, 75.456657,9.934921, 234.750671, 0.999900
5, 811,24,44.425388, 42.513485, 128.689606, 75.456657,9.934921, 234.750671, 1.044972
5, 811,25,63.472801, 63.920609, 128.689606, 75.456657,9.934921, 234.750671, 0.992994
5, 811,26,102.663773, 103.422913, 128.689606, 75.456657,9.934921, 234.750671, 0.992660
5, 811,27,175.261795, 174.653763, 128.689606, 75.456657,9.934921, 234.750671, 1.003481
5, 811,28,31.022964, 32.371098, 128.689606, 75.456657,9.934921, 234.750671, 0.958354
5, 811,29,16.050301, 15.267433, 128.689606, 75.456657,9.934921, 234.750671, 1.051277
5, 811,30,171.028702, 169.709930, 128.689606, 75.456657,9.934921, 234.750671, 1.007771
5, 811,31,36.374813, 37.197857, 128.689606, 75.456657,9.934921, 234.750671, 0.977874
5, 812,0,121.989204, 123.375076, 128.987183, 67.124939,12.745172, 248.617218, 0.988767
5, 812,1,54.418270, 55.088860, 128.987183, 67.124939,12.745172, 248.617218, 0.987827
5, 812,2,160.442078, 159.638382, 128.987183, 67.124939,12.745172, 248.617218, 1.005034
5, 812,3,105.085838, 105.988060, 128.987183, 67.124939,12.745172, 248.617218, 0.991488
5, 812,4,210.246490, 210.787018, 128.987183, 67.124939,12.745172, 248.617218, 0.997436
5, 812,5,176.143127, 176.930023, 128.987183, 67.124939,12.745172, 248.617218, 0.995552
5, 812,6,183.190262, 182.395554, 128.987183, 67.124939,12.745172, 248.617218, 1.004357
5, 812,7,21.275375, 20.821033, 128.987183, 67.124939,12.745172, 248.617218, 1.021821
5, 812,8,197.855652, 198.197922, 128.987183, 67.124939,12.745172, 248.617218, 0.998273
5, 812,9,52.359306, 52.279057, 128.987183, 67.124939,12.745172, 248.617218, 1.001535
5, 812,10,96.425926, 97.514641, 128.987183, 67.124939,12.745172, 248.617218, 0.988835
5, 812,11,164.689911, 163.115768, 128.987183, 67.124939,12.745172, 248.617218, 1.009650
5, 812,12,248.617218, 247.791260, 128.987183, 67.124939,12.745172, 248.617218, 1.003333
5, 812,13,220.360214, 219.194397, 128.987183, 67.124939,12.745172, 248.617218, 1.005319
5, 812,14,144.451828, 145.061157, 128.987183, 67.124939,12.745172, 248.617218, 0.995799
5, 812,15,139.317993, 139.573624, 128.987183, 67.124939,12.745172, 248.617218, 0.998168
5, 812,16,198.151566, 198.227280, 128.987183, 67.124939,12.745172, 248.617218, 0.999618
5, 812,17,18.505445, 17.152885, 128.987183, 67.124939,12.745172, 248.617218, 1.078853
5, 812,18,92.155083, 91.051369, 128.987183, 67.124939,12.745172, 248.617218, 1.012122
5, 812,19,207.435471, 207.162888, 128.987183, 67.124939,12.745172, 248.617218, 1.001316
5, 812,20,12.745172, 12.560366, 128.987183, 67.124939,12.745172, 248.617218, 1.014713
5, 812,21,120.135040, 119.567543, 128.987183, 67.124939,12.745172, 248.617218, 1.004746
5, 812,22,194.261841, 193.986908, 128.987183, 67.124939,12.745172, 248.617218, 1.001417
5, 812,23,86.859383, 86.326790, 128.987183, 67.124939,12.745172, 248.617218, 1.006169
5, 812,24,125.296951, 123.411758, 128.987183, 67.124939,12.745172, 248.617218, 1.015276
5, 812,25,84.893616, 86.048012, 128.987183, 67.124939,12.745172, 248.617218, 0.986584
5, 812,26,46.043766, 43.959702, 128.987183, 67.124939,12.745172, 248.617218, 1.047409
5, 812,27,69.399185, 69.710091, 128.987183, 67.124939,12.745172, 248.617218, 0.995540
5, 812,28,180.921951, 180.282715, 128.987183, 67.124939,12.745172, 248.617218, 1.003546
5, 812,29,227.537277, 227.315674, 128.987183, 67.124939,12.745172, 248.617218, 1.000975
5, 812,30,88.969315, 89.848213, 128.987183, 67.124939,12.745172, 248.617218, 0.990218
5, 812,31,77.410599, 76.635551, 128.987183, 67.124939,12.745172, 248.617218, 1.010113
5, 813,0,106.854111, 106.457932, 128.870178, 63.374561,13.255744, 228.277832, 1.003721
5, 813,1,119.863815, 119.944328, 128.870178, 63.374561,13.255744, 228.277832, 0.999329
5, 813,2,200.200638, 199.715942, 128.870178, 63.374561,13.255744, 228.277832, 1.002427
5, 813,3,109.528191, 109.870735, 128.870178, 63.374561,13.255744, 228.277832, 0.996882
5, 813,4,88.483086, 88.199112, 128.870178, 63.374561,13.255744, 228.277832, 1.003220
5, 813,5,216.736847, 217.638275, 128.870178, 63.374561,13.255744, 228.277832, 0.995858
5, 813,6,149.951538, 151.037201, 128.870178, 63.374561,13.255744, 228.277832, 0.992812
5, 813,7,203.726913, 203.451477, 128.870178, 63.374561,13.255744, 228.277832, 1.001354
5, 813,8,173.009003, 172.701950, 128.870178, 63.374561,13.255744, 228.277832, 1.001778
5, 813,9,45.314651, 44.862740, 128.870178, 63.374561,13.255744, 228.277832, 1.010073
5, 813,10,49.029991, 47.890999, 128.870178, 63.374561,13.255744, 228.277832, 1.023783
5, 813,11,140.771942, 139.919846, 128.870178, 63.374561,13.255744, 228.277832, 1.006090
5, 813,12,92.117455, 93.905426, 128.870178, 63.374561,13.255744, 228.277832, 0.980960
5, 813,13,79.141617, 79.114342, 128.870178, 63.374561,13.255744, 228.277832, 1.000345
5, 813,14,207.917389, 207.461685, 128.870178, 63.374561,13.255744, 228.277832, 1.002197
5, 813,15,131.006805, 131.569824, 128.870178, 63.374561,13.255744, 228.277832, 0.995721
5, 813,16,110.299332, 111.093018, 128.870178, 63.374561,13.255744, 228.277832, 0.992856
5, 813,17,117.195320, 116.572731, 128.870178, 63.374561,13.255744, 228.277832, 1.005341
5, 813,18,82.773857, 81.524582, 128.870178, 63.374561,13.255744, 228.277832, 1.015324
5, 813,19,14.931333, 14.298616, 128.870178, 63.374561,13.255744, 228.277832, 1.044250
5, 813,20,181.182938, 180.111221, 128.870178, 63.374561,13.255744, 228.277832, 1.005950
5, 813,21,212.493134, 211.636703, 128.870178, 63.374561,13.255744, 228.277832, 1.004047
5, 813,22,79.456253, 78.777863, 128.870178, 63.374561,13.255744, 228.277832, 1.008611
5, 813,23,109.949089, 109.101654, 128.870178, 63.374561,13.255744, 228.277832, 1.007767
5, 813,24,208.699707, 209.556061, 128.870178, 63.374561,13.255744, 228.277832, 0.995914
5, 813,25,161.203156, 161.316788, 128.870178, 63.374561,13.255744, 228.277832, 0.999296
5, 813,26,102.122719, 102.049446, 128.870178, 63.374561,13.255744, 228.277832, 1.000718
5, 813,27,13.255744, 13.213662, 128.870178, 63.374561,13.255744, 228.277832, 1.003185
5, 813,28,228.277832, 227.856079, 128.870178, 63.374561,13.255744, 228.277832, 1.001851
5, 813,29,157.931061, 157.347778, 128.870178, 63.374561,13.255744, 228.277832, 1.003707
5, 813,30,206.967941, 207.777557, 128.870178, 63.374561,13.255744, 228.277832, 0.996103
5, 813,31,23.452097, 25.024559, 128.870178, 63.374561,13.255744, 228.277832, 0.937163
5, 814,0,68.690933, 68.744881, 128.786118, 57.434547,15.660433, 213.280029, 0.999215
5, 814,1,153.007553, 152.529892, 128.786118, 57.434547,15.660433, 213.280029, 1.003132
5, 814,2,121.551704, 121.523033, 128.786118, 57.434547,15.660433, 213.280029, 1.000236
5, 814,3,108.902000, 109.520584, 128.786118, 57.434547,15.660433, 213.280029, 0.994352
5, 814,4,129.027435, 128.819885, 128.786118, 57.434547,15.660433, 213.280029, 1.001611
5, 814,5,193.039780, 191.241394, 128.786118, 57.434547,15.660433, 213.280029, 1.009404
5, 814,6,151.510681, 152.046783, 128.786118, 57.434547,15.660433, 213.280029, 0.996474
5, 814,7,45.113163, 45.768932, 128.786118, 57.434547,15.660433, 213.280029, 0.985672
5, 814,8,65.243256, 66.787338, 128.786118, 57.434547,15.660433, 213.280029, 0.976881
5, 814,9,207.122498, 207.623199, 128.786118, 57.434547,15.660433, 213.280029, 0.997588
5, 814,10,112.316559, 111.352638, 128.786118, 57.434547,15.660433, 213.280029, 1.008657
5, 814,11,206.009750, 205.577835, 128.786118, 57.434547,15.660433, 213.280029, 1.002101
5, 814,12,106.909027, 107.406197, 128.786118, 57.434547,15.660433, 213.280029, 0.995371
5, 814,13,121.421516, 120.964630, 128.786118, 57.434547,15.660433, 213.280029, 1.003777
5, 814,14,208.125687, 208.300827, 128.786118, 57.434547,15.660433, 213.280029, 0.999159
5, 814,15,165.562012, 164.858597, 128.786118, 57.434547,15.660433, 213.280029, 1.004267
5, 814,16,196.107346, 195.928192, 128.786118, 57.434547,15.660433, 213.280029, 1.000914
5, 814,17,67.504646, 67.508865, 128.786118, 57.434547,15.660433, 213.280029, 0.999937
5, 814,18,15.660433, 15.433414, 128.786118, 57.434547,15.660433, 213.280029, 1.014710
5, 814,19,131.660751, 131.561676, 128.786118, 57.434547,15.660433, 213.280029, 1.000753
5, 814,20,157.245407, 156.338303, 128.786118, 57.434547,15.660433, 213.280029, 1.005802
5, 814,21,156.085541, 156.990814, 128.786118, 57.434547,15.660433, 213.280029, 0.994234
5, 814,22,150.546600, 150.057877, 128.786118, 57.434547,15.660433, 213.280029, 1.003257
5, 814,23,40.390827, 39.908878, 128.786118, 57.434547,15.660433, 213.280029, 1.012076
5, 814,24,69.595894, 70.031075, 128.786118, 57.434547,15.660433, 213.280029, 0.993786
5, 814,25,184.166977, 184.684921, 128.786118, 57.434547,15.660433, 213.280029, 0.997196
5, 814,26,183.052628, 182.859131, 128.786118, 57.434547,15.660433, 213.280029, 1.001058
5, 814,27,93.317833, 93.803833, 128.786118, 57.434547,15.660433, 213.280029, 0.994819
5, 814,28,213.280029, 213.194656, 128.786118, 57.434547,15.660433, 213.280029, 1.000400
5, 814,29,51.749451, 50.524742, 128.786118, 57.434547,15.660433, 213.280029, 1.024240
5, 814,30,180.816498, 181.629395, 128.786118, 57.434547,15.660433, 213.280029, 0.995524
5, 814,31,66.421257, 67.477493, 128.786118, 57.434547,15.660433, 213.280029, 0.984347
5, 815,0,204.824829, 204.710403, 128.765579, 61.974007,17.226347, 220.301498, 1.000559
5, 815,1,97.727745, 97.451775, 128.765579, 61.974007,17.226347, 220.301498, 1.002832
5, 815,2,38.097351, 38.050568, 128.765579, 61.974007,17.226347, 220.301498, 1.001230
5, 815,3,122.999733, 122.543884, 128.765579, 61.974007,17.226347, 220.301498, 1.003720
5, 815,4,164.066299, 165.799255, 128.765579, 61.974007,17.226347, 220.301498, 0.989548
5, 815,5,48.024826, 49.542793, 128.765579, 61.974007,17.226347, 220.301498, 0.969360
5, 815,6,75.695808, 75.505043, 128.765579, 61.974007,17.226347, 220.301498, 1.002527
5, 815,7,17.226347, 17.554060, 128.765579, 61.974007,17.226347, 220.301498, 0.981331
5, 815,8,125.539604, 125.740829, 128.765579, 61.974007,17.226347, 220.301498, 0.998400
5, 815,9,120.590355, 121.441719, 128.765579, 61.974007,17.226347, 220.301498, 0.992990
5, 815,10,176.611130, 176.685608, 128.765579, 61.974007,17.226347, 220.301498, 0.999578
5, 815,11,149.224365, 148.216080, 128.765579, 61.974007,17.226347, 220.301498, 1.006803
5, 815,12,190.819183, 190.504654, 128.765579, 61.974007,17.226347, 220.301498, 1.001651
5, 815,13,36.861172, 37.406025, 128.765579, 61.974007,17.226347, 220.301498, 0.985434
5, 815,14,92.110367, 91.831345, 128.765579, 61.974007,17.226347, 220.301498, 1.003038
5, 815,15,164.679337, 164.980682, 128.765579, 61.974007,17.226347, 220.301498, 0.998173
5, 815,16,163.320114, 164.278122, 128.765579, 61.974007,17.226347, 220.301498, 0.994168
5, 815,17,210.865646, 210.898010, 128.765579, 61.974007,17.226347, 220.301498, 0.999847
5, 815,18,52.857639, 52.926651, 128.765579, 61.974007,17.226347, 220.301498, 0.998696
5, 815,19,129.587341, 129.382492, 128.765579, 61.974007,17.226347, 220.301498, 1.001583
5, 815,20,19.521780, 18.933384, 128.765579, 61.974007,17.226347, 220.301498, 1.031077
5, 815,21,152.544510, 151.374359, 128.765579, 61.974007,17.226347, 220.301498, 1.007730
5, 815,22,193.892685, 193.927170, 128.765579, 61.974007,17.226347, 220.301498, 0.999822
5, 815,23,167.856476, 167.629761, 128.765579, 61.974007,17.226347, 220.301498, 1.001352
5, 815,24,220.301498, 220.340591, 128.765579, 61.974007,17.226347, 220.301498, 0.999823
5, 815,25,46.915237, 46.184719, 128.765579, 61.974007,17.226347, 220.301498, 1.015817
5, 815,26,161.834000, 161.216553, 128.765579, 61.974007,17.226347, 220.301498, 1.003830
5, 815,27,187.926559, 187.359268, 128.765579, 61.974007,17.226347, 220.301498, 1.003028
5, 815,28,174.894302, 175.718796, 128.765579, 61.974007,17.226347, 220.301498, 0.995308
5, 815,29,165.366913, 164.838882, 128.765579, 61.974007,17.226347, 220.301498, 1.003203
5, 815,30,187.770767, 187.939346, 128.765579, 61.974007,17.226347, 220.301498, 0.999103
5, 815,31,59.944717, 60.087540, 128.765579, 61.974007,17.226347, 220.301498, 0.997623
5, 816,0,144.009201, 142.821426, 128.815140, 72.084206,9.307149, 222.406876, 1.008317
5, 816,1,19.675884, 19.563976, 128.815140, 72.084206,9.307149, 222.406876, 1.005720
5, 816,2,154.422150, 155.660202, 128.815140, 72.084206,9.307149, 222.406876, 0.992046
5, 816,3,145.921402, 145.347519, 128.815140, 72.084206,9.307149, 222.406876, 1.003948
5, 816,4,211.160126, 211.416412, 128.815140, 72.084206,9.307149, 222.406876, 0.998788
5, 816,5,166.143204, 167.327072, 128.815140, 72.084206,9.307149, 222.406876, 0.992925
5, 816,6,19.415888, 18.828285, 128.815140, 72.084206,9.307149, 222.406876, 1.031209
5, 816,7,16.061628, 15.214939, 128.815140, 72.084206,9.307149, 222.406876, 1.055649
5, 816,8,20.165051, 20.742382, 128.815140, 72.084206,9.307149, 222.406876, 0.972167
5, 816,9,130.318832, 131.226166, 128.815140, 72.084206,9.307149, 222.406876, 0.993086
5, 816,10,46.000835, 45.150375, 128.815140, 72.084206,9.307149, 222.406876, 1.018836
5, 816,11,140.815964, 140.933365, 128.815140, 72.084206,9.307149, 222.406876, 0.999167
5, 816,12,222.406876, 220.010315, 128.815140, 72.084206,9.307149, 222.406876, 1.010893
5, 816,13,206.937088, 206.312164, 128.815140, 72.084206,9.307149, 222.406876, 1.003029
5, 816,14,194.912628, 195.016388, 128.815140, 72.084206,9.307149, 222.406876, 0.999468
5, 816,15,131.439514, 131.414963, 128.815140, 72.084206,9.307149, 222.406876, 1.000187
5, 816,16,204.995239, 205.446259, 128.815140, 72.084206,9.307149, 222.406876, 0.997805
5, 816,17,174.443115, 174.801178, 128.815140, 72.084206,9.307149, 222.406876, 0.997952
5, 816,18,62.250393, 62.279594, 128.815140, 72.084206,9.307149, 222.406876, 0.999531
5, 816,19,9.307149, 10.175784, 128.815140, 72.084206,9.307149, 222.406876, 0.914637
5, 816,20,185.277954, 184.534424, 128.815140, 72.084206,9.307149, 222.406876, 1.004029
5, 816,21,180.216782, 180.172348, 128.815140, 72.084206,9.307149, 222.406876, 1.000247
5, 816,22,11.682216, 12.024776, 128.815140, 72.084206,9.307149, 222.406876, 0.971512
5, 816,23,27.843798, 28.776384, 128.815140, 72.084206,9.307149, 222.406876, 0.967592
5, 816,24,161.644485, 162.274887, 128.815140, 72.084206,9.307149, 222.406876, 0.996115
5, 816,25,168.716614, 168.349228, 128.815140, 72.084206,9.307149, 222.406876, 1.002182
5, 816,26,217.451324, 217.015488, 128.815140, 72.084206,9.307149, 222.406876, 1.002008
5, 816,27,169.675598, 170.712555, 128.815140, 72.084206,9.307149, 222.406876, 0.993926
5, 816,28,70.420494, 69.564880, 128.815140, 72.084206,9.307149, 222.406876, 1.012300
5, 816,29,169.146500, 169.273727, 128.815140, 72.084206,9.307149, 222.406876, 0.999248
5, 816,30,160.044754, 159.586060, 128.815140, 72.084206,9.307149, 222.406876, 1.002874
5, 816,31,179.161896, 179.026505, 128.815140, 72.084206,9.307149, 222.406876, 1.000756
5, 817,0,28.204094, 29.674444, 128.436005, 71.676392,9.591272, 254.602493, 0.950451
5, 817,1,198.504044, 198.369766, 128.436005, 71.676392,9.591272, 254.602493, 1.000677
5, 817,2,236.391220, 237.166901, 128.436005, 71.676392,9.591272, 254.602493, 0.996729
5, 817,3,223.896164, 224.045563, 128.436005, 71.676392,9.591272, 254.602493, 0.999333
5, 817,4,66.002312, 64.730179, 128.436005, 71.676392,9.591272, 254.602493, 1.019653
5, 817,5,185.062286, 186.147888, 128.436005, 71.676392,9.591272, 254.602493, 0.994168
5, 817,6,157.955368, 158.045853, 128.436005, 71.676392,9.591272, 254.602493, 0.999427
5, 817,7,72.089043, 72.076920, 128.436005, 71.676392,9.591272, 254.602493, 1.000168
5, 817,8,183.796814, 183.759430, 128.436005, 71.676392,9.591272, 254.602493, 1.000203
5, 817,9,153.250687, 153.261398, 128.436005, 71.676392,9.591272, 254.602493, 0.999930
5, 817,10,104.355743, 104.986076, 128.436005, 71.676392,9.591272, 254.602493, 0.993996
5, 817,11,204.427567, 205.051361, 128.436005, 71.676392,9.591272, 254.602493, 0.996958
5, 817,12,68.470512, 69.046005, 128.436005, 71.676392,9.591272, 254.602493, 0.991665
5, 817,13,18.452845, 18.760155, 128.436005, 71.676392,9.591272, 254.602493, 0.983619
5, 817,14,79.148643, 79.620171, 128.436005, 71.676392,9.591272, 254.602493, 0.994078
5, 817,15,227.879883, 227.356125, 128.436005, 71.676392,9.591272, 254.602493, 1.002304
5, 817,16,220.734802, 222.050156, 128.436005, 71.676392,9.591272, 254.602493, 0.994076
5, 817,17,209.453888, 210.432938, 128.436005, 71.676392,9.591272, 254.602493, 0.995347
5, 817,18,60.562511, 60.746918, 128.436005, 71.676392,9.591272, 254.602493, 0.996964
5, 817,19,254.602493, 254.951752, 128.436005, 71.676392,9.591272, 254.602493, 0.998630
5, 817,20,15.230827, 13.968146, 128.436005, 71.676392,9.591272, 254.602493, 1.090397
5, 817,21,113.844345, 113.882286, 128.436005, 71.676392,9.591272, 254.602493, 0.999667
5, 817,22,105.385117, 106.202972, 128.436005, 71.676392,9.591272, 254.602493, 0.992299
5, 817,23,144.311874, 145.400696, 128.436005, 71.676392,9.591272, 254.602493, 0.992512
5, 817,24,150.961624, 150.411896, 128.436005, 71.676392,9.591272, 254.602493, 1.003655
5, 817,25,121.520607, 121.047623, 128.436005, 71.676392,9.591272, 254.602493, 1.003907
5, 817,26,58.493542, 58.554989, 128.436005, 71.676392,9.591272, 254.602493, 0.998951
5, 817,27,162.399979, 164.107666, 128.436005, 71.676392,9.591272, 254.602493, 0.989594
5, 817,28,83.602753, 84.412186, 128.436005, 71.676392,9.591272, 254.602493, 0.990411
5, 817,29,9.591272, 10.574436, 128.436005, 71.676392,9.591272, 254.602493, 0.907024
5, 817,30,100.353691, 100.670242, 128.436005, 71.676392,9.591272, 254.602493, 0.996856
5, 817,31,91.015640, 91.486816, 128.436005, 71.676392,9.591272, 254.602493, 0.994850
5, 818,0,88.775490, 88.157608, 128.844223, 55.958542,16.869905, 201.104401, 1.007009
5, 818,1,113.920334, 113.629707, 128.844223, 55.958542,16.869905, 201.104401, 1.002558
5, 818,2,53.238701, 53.490139, 128.844223, 55.958542,16.869905, 201.104401, 0.995299
5, 818,3,76.563705, 75.858414, 128.844223, 55.958542,16.869905, 201.104401, 1.009297
5, 818,4,108.943756, 109.737709, 128.844223, 55.958542,16.869905, 201.104401, 0.992765
5, 818,5,125.002556, 123.857643, 128.844223, 55.958542,16.869905, 201.104401, 1.009244
5, 818,6,179.220459, 179.897476, 128.844223, 55.958542,16.869905, 201.104401, 0.996237
5, 818,7,80.894157, 81.314545, 128.844223, 55.958542,16.869905, 201.104401, 0.994830
5, 818,8,175.235504, 175.376175, 128.844223, 55.958542,16.869905, 201.104401, 0.999198
5, 818,9,178.144394, 177.135818, 128.844223, 55.958542,16.869905, 201.104401, 1.005694
5, 818,10,183.989670, 183.319016, 128.844223, 55.958542,16.869905, 201.104401, 1.003658
5, 818,11,43.306416, 43.091122, 128.844223, 55.958542,16.869905, 201.104401, 1.004996
5, 818,12,189.309158, 189.795502, 128.844223, 55.958542,16.869905, 201.104401, 0.997438
5, 818,13,186.081757, 186.337296, 128.844223, 55.958542,16.869905, 201.104401, 0.998629
5, 818,14,141.919418, 142.633316, 128.844223, 55.958542,16.869905, 201.104401, 0.994995
5, 818,15,172.041061, 171.942413, 128.844223, 55.958542,16.869905, 201.104401, 1.000574
5, 818,16,80.054337, 80.379730, 128.844223, 55.958542,16.869905, 201.104401, 0.995952
5, 818,17,192.612534, 191.878967, 128.844223, 55.958542,16.869905, 201.104401, 1.003823
5, 818,18,169.933945, 168.551437, 128.844223, 55.958542,16.869905, 201.104401, 1.008202
5, 818,19,140.548996, 140.580399, 128.844223, 55.958542,16.869905, 201.104401, 0.999777
5, 818,20,113.265282, 113.922981, 128.844223, 55.958542,16.869905, 201.104401, 0.994227
5, 818,21,37.439888, 37.127876, 128.844223, 55.958542,16.869905, 201.104401, 1.008404
5, 818,22,101.407799, 101.122780, 128.844223, 55.958542,16.869905, 201.104401, 1.002819
5, 818,23,16.869905, 15.981575, 128.844223, 55.958542,16.869905, 201.104401, 1.055585
5, 818,24,25.702835, 26.594439, 128.844223, 55.958542,16.869905, 201.104401, 0.966474
5, 818,25,201.104401, 201.593674, 128.844223, 55.958542,16.869905, 201.104401, 0.997573
5, 818,26,139.255234, 138.393051, 128.844223, 55.958542,16.869905, 201.104401, 1.006230
5, 818,27,199.824890, 200.506119, 128.844223, 55.958542,16.869905, 201.104401, 0.996602
5, 818,28,126.437202, 126.717064, 128.844223, 55.958542,16.869905, 201.104401, 0.997791
5, 818,29,118.188751, 119.421883, 128.844223, 55.958542,16.869905, 201.104401, 0.989674
5, 818,30,200.903229, 199.974564, 128.844223, 55.958542,16.869905, 201.104401, 1.004644
5, 818,31,162.878860, 162.679840, 128.844223, 55.958542,16.869905, 201.104401, 1.001223
5, 819,0,24.483877, 26.015945, 128.781113, 79.871422,20.821047, 271.828247, 0.941110
5, 819,1,25.059513, 24.382334, 128.781113, 79.871422,20.821047, 271.828247, 1.027773
5, 819,2,176.529175, 176.825241, 128.781113, 79.871422,20.821047, 271.828247, 0.998326
5, 819,3,53.871151, 54.788822, 128.781113, 79.871422,20.821047, 271.828247, 0.983251
5, 819,4,175.738007, 174.600555, 128.781113, 79.871422,20.821047, 271.828247, 1.006515
5, 819,5,22.584410, 23.815907, 128.781113, 79.871422,20.821047, 271.828247, 0.948291
5, 819,6,231.482605, 230.479889, 128.781113, 79.871422,20.821047, 271.828247, 1.004351
5, 819,7,146.538239, 148.315033, 128.781113, 79.871422,20.821047, 271.828247, 0.988020
5, 819,8,53.287594, 51.554440, 128.781113, 79.871422,20.821047, 271.828247, 1.033618
5, 819,9,115.370003, 116.324196, 128.781113, 79.871422,20.821047, 271.828247, 0.991797
5, 819,10,194.597595, 194.975525, 128.781113, 79.871422,20.821047, 271.828247, 0.998062
5, 819,11,218.256516, 216.524414, 128.781113, 79.871422,20.821047, 271.828247, 1.008000
5, 819,12,50.519871, 50.651440, 128.781113, 79.871422,20.821047, 271.828247, 0.997402
5, 819,13,47.226860, 48.508865, 128.781113, 79.871422,20.821047, 271.828247, 0.973572
5, 819,14,64.756844, 64.097931, 128.781113, 79.871422,20.821047, 271.828247, 1.010280
5, 819,15,20.821047, 21.804680, 128.781113, 79.871422,20.821047, 271.828247, 0.954889
5, 819,16,174.053070, 173.968460, 128.781113, 79.871422,20.821047, 271.828247, 1.000486
5, 819,17,197.795776, 197.815872, 128.781113, 79.871422,20.821047, 271.828247, 0.999898
5, 819,18,108.974358, 109.978569, 128.781113, 79.871422,20.821047, 271.828247, 0.990869
5, 819,19,49.278038, 48.722301, 128.781113, 79.871422,20.821047, 271.828247, 1.011406
5, 819,20,43.528038, 41.358746, 128.781113, 79.871422,20.821047, 271.828247, 1.052451
5, 819,21,234.580246, 232.712753, 128.781113, 79.871422,20.821047, 271.828247, 1.008025
5, 819,22,229.068726, 228.813416, 128.781113, 79.871422,20.821047, 271.828247, 1.001116
5, 819,23,271.828247, 272.617157, 128.781113, 79.871422,20.821047, 271.828247, 0.997106
5, 819,24,62.119450, 62.603882, 128.781113, 79.871422,20.821047, 271.828247, 0.992262
5, 819,25,200.744034, 202.733139, 128.781113, 79.871422,20.821047, 271.828247, 0.990189
5, 819,26,66.650475, 66.659172, 128.781113, 79.871422,20.821047, 271.828247, 0.999870
5, 819,27,84.979530, 84.686340, 128.781113, 79.871422,20.821047, 271.828247, 1.003462
5, 819,28,216.834412, 216.483368, 128.781113, 79.871422,20.821047, 271.828247, 1.001622
5, 819,29,200.550018, 200.073395, 128.781113, 79.871422,20.821047, 271.828247, 1.002382
5, 819,30,203.902267, 202.954773, 128.781113, 79.871422,20.821047, 271.828247, 1.004668
5, 819,31,154.985413, 155.153214, 128.781113, 79.871422,20.821047, 271.828247, 0.998918
5, 820,0,244.842667, 244.278702, 128.627090, 67.529884,31.348131, 244.842667, 1.002309
5, 820,1,218.277252, 218.363235, 128.627090, 67.529884,31.348131, 244.842667, 0.999606
5, 820,2,201.738403, 202.548721, 128.627090, 67.529884,31.348131, 244.842667, 0.995999
5, 820,3,137.144104, 138.286957, 128.627090, 67.529884,31.348131, 244.842667, 0.991736
5, 820,4,81.836777, 81.552498, 128.627090, 67.529884,31.348131, 244.842667, 1.003486
5, 820,5,50.743935, 52.733643, 128.627090, 67.529884,31.348131, 244.842667, 0.962269
5, 820,6,171.962006, 172.719040, 128.627090, 67.529884,31.348131, 244.842667, 0.995617
5, 820,7,109.331657, 110.772812, 128.627090, 67.529884,31.348131, 244.842667, 0.986990
5, 820,8,204.054062, 203.538010, 128.627090, 67.529884,31.348131, 244.842667, 1.002535
5, 820,9,32.667305, 33.219971, 128.627090, 67.529884,31.348131, 244.842667, 0.983363
5, 820,10,146.244385, 146.739044, 128.627090, 67.529884,31.348131, 244.842667, 0.996629
5, 820,11,162.535614, 161.972900, 128.627090, 67.529884,31.348131, 244.842667, 1.003474
5, 820,12,33.694099, 31.520950, 128.627090, 67.529884,31.348131, 244.842667, 1.068943
5, 820,13,195.180923, 195.702438, 128.627090, 67.529884,31.348131, 244.842667, 0.997335
5, 820,14,66.307198, 67.057037, 128.627090, 67.529884,31.348131, 244.842667, 0.988818
5, 820,15,197.345581, 196.706070, 128.627090, 67.529884,31.348131, 244.842667, 1.003251
5, 820,16,68.388069, 67.264938, 128.627090, 67.529884,31.348131, 244.842667, 1.016697
5, 820,17,148.174301, 148.122635, 128.627090, 67.529884,31.348131, 244.842667, 1.000349
5, 820,18,235.785553, 236.887604, 128.627090, 67.529884,31.348131, 244.842667, 0.995348
5, 820,19,162.203445, 162.460373, 128.627090, 67.529884,31.348131, 244.842667, 0.998419
5, 820,20,129.657135, 128.422577, 128.627090, 67.529884,31.348131, 244.842667, 1.009613
5, 820,21,165.763992, 165.062683, 128.627090, 67.529884,31.348131, 244.842667, 1.004249
5, 820,22,61.770687, 62.454628, 128.627090, 67.529884,31.348131, 244.842667, 0.989049
5, 820,23,93.296936, 93.596199, 128.627090, 67.529884,31.348131, 244.842667, 0.996803
5, 820,24,67.403442, 67.558868, 128.627090, 67.529884,31.348131, 244.842667, 0.997699
5, 820,25,233.951691, 234.744110, 128.627090, 67.529884,31.348131, 244.842667, 0.996624
5, 820,26,118.913200, 119.210579, 128.627090, 67.529884,31.348131, 244.842667, 0.997505
5, 820,27,48.363430, 49.521988, 128.627090, 67.529884,31.348131, 244.842667, 0.976605
5, 820,28,104.364777, 104.320831, 128.627090, 67.529884,31.348131, 244.842667, 1.000421
5, 820,29,31.348131, 31.413416, 128.627090, 67.529884,31.348131, 244.842667, 0.997922
5, 820,30,32.087975, 32.424229, 128.627090, 67.529884,31.348131, 244.842667, 0.989630
5, 820,31,160.687958, 159.822235, 128.627090, 67.529884,31.348131, 244.842667, 1.005417
5, 821,0,129.378174, 129.626602, 128.675858, 61.237923,26.293753, 234.593811, 0.998084
5, 821,1,83.685905, 83.149582, 128.675858, 61.237923,26.293753, 234.593811, 1.006450
5, 821,2,48.313625, 48.051533, 128.675858, 61.237923,26.293753, 234.593811, 1.005454
5, 821,3,163.962509, 163.602188, 128.675858, 61.237923,26.293753, 234.593811, 1.002202
5, 821,4,59.785107, 61.710522, 128.675858, 61.237923,26.293753, 234.593811, 0.968799
5, 821,5,71.366364, 70.760391, 128.675858, 61.237923,26.293753, 234.593811, 1.008564
5, 821,6,194.264114, 195.262711, 128.675858, 61.237923,26.293753, 234.593811, 0.994886
5, 821,7,86.028381, 87.281654, 128.675858, 61.237923,26.293753, 234.593811, 0.985641
5, 821,8,96.800034, 96.766479, 128.675858, 61.237923,26.293753, 234.593811, 1.000347
5, 821,9,140.803207, 140.100616, 128.675858, 61.237923,26.293753, 234.593811, 1.005015
5, 821,10,225.136246, 225.611328, 128.675858, 61.237923,26.293753, 234.593811, 0.997894
5, 821,11,214.029709, 213.699188, 128.675858, 61.237923,26.293753, 234.593811, 1.001547
5, 821,12,174.705215, 175.465240, 128.675858, 61.237923,26.293753, 234.593811, 0.995669
5, 821,13,26.293753, 26.598440, 128.675858, 61.237923,26.293753, 234.593811, 0.988545
5, 821,14,77.333839, 76.667351, 128.675858, 61.237923,26.293753, 234.593811, 1.008693
5, 821,15,196.163376, 195.052231, 128.675858, 61.237923,26.293753, 234.593811, 1.005697
5, 821,16,73.165565, 72.970245, 128.675858, 61.237923,26.293753, 234.593811, 1.002677
5, 821,17,187.650330, 186.647781, 128.675858, 61.237923,26.293753, 234.593811, 1.005371
5, 821,18,68.347290, 68.031403, 128.675858, 61.237923,26.293753, 234.593811, 1.004643
5, 821,19,96.574097, 98.169556, 128.675858, 61.237923,26.293753, 234.593811, 0.983748
5, 821,20,74.742279, 75.166061, 128.675858, 61.237923,26.293753, 234.593811, 0.994362
5, 821,21,26.797699, 27.594625, 128.675858, 61.237923,26.293753, 234.593811, 0.971120
5, 821,22,148.502563, 148.154282, 128.675858, 61.237923,26.293753, 234.593811, 1.002351
5, 821,23,163.338852, 163.988052, 128.675858, 61.237923,26.293753, 234.593811, 0.996041
5, 821,24,234.593811, 234.724335, 128.675858, 61.237923,26.293753, 234.593811, 0.999444
5, 821,25,166.537857, 168.302521, 128.675858, 61.237923,26.293753, 234.593811, 0.989515
5, 821,26,152.611938, 152.777435, 128.675858, 61.237923,26.293753, 234.593811, 0.998917
5, 821,27,62.103474, 61.058086, 128.675858, 61.237923,26.293753, 234.593811, 1.017121
5, 821,28,225.742111, 225.639389, 128.675858, 61.237923,26.293753, 234.593811, 1.000455
5, 821,29,145.433594, 145.649780, 128.675858, 61.237923,26.293753, 234.593811, 0.998516
5, 821,30,163.880005, 162.570938, 128.675858, 61.237923,26.293753, 234.593811, 1.008052
5, 821,31,139.556122, 140.149719, 128.675858, 61.237923,26.293753, 234.593811, 0.995765
5, 822,0,90.135284, 90.551445, 128.882462, 69.530167,9.980212, 231.269058, 0.995404
5, 822,1,108.325661, 108.142586, 128.882462, 69.530167,9.980212, 231.269058, 1.001693
5, 822,2,161.855408, 162.097580, 128.882462, 69.530167,9.980212, 231.269058, 0.998506
5, 822,3,184.570404, 185.135254, 128.882462, 69.530167,9.980212, 231.269058, 0.996949
5, 822,4,222.778961, 222.568863, 128.882462, 69.530167,9.980212, 231.269058, 1.000944
5, 822,5,212.630081, 212.472824, 128.882462, 69.530167,9.980212, 231.269058, 1.000740
5, 822,6,160.983536, 159.762360, 128.882462, 69.530167,9.980212, 231.269058, 1.007644
5, 822,7,10.433194, 10.587303, 128.882462, 69.530167,9.980212, 231.269058, 0.985444
5, 822,8,185.568314, 185.184204, 128.882462, 69.530167,9.980212, 231.269058, 1.002074
5, 822,9,55.011440, 55.404140, 128.882462, 69.530167,9.980212, 231.269058, 0.992912
5, 822,10,193.770477, 193.350525, 128.882462, 69.530167,9.980212, 231.269058, 1.002172
5, 822,11,147.656830, 147.408005, 128.882462, 69.530167,9.980212, 231.269058, 1.001688
5, 822,12,225.886215, 225.840973, 128.882462, 69.530167,9.980212, 231.269058, 1.000200
5, 822,13,129.391159, 128.831055, 128.882462, 69.530167,9.980212, 231.269058, 1.004348
5, 822,14,9.980212, 10.223735, 128.882462, 69.530167,9.980212, 231.269058, 0.976181
5, 822,15,89.268578, 89.992119, 128.882462, 69.530167,9.980212, 231.269058, 0.991960
5, 822,16,39.401142, 38.875748, 128.882462, 69.530167,9.980212, 231.269058, 1.013515
5, 822,17,58.298923, 58.459518, 128.882462, 69.530167,9.980212, 231.269058, 0.997253
5, 822,18,139.442963, 139.598282, 128.882462, 69.530167,9.980212, 231.269058, 0.998887
5, 822,19,145.617355, 146.261368, 128.882462, 69.530167,9.980212, 231.269058, 0.995597
5, 822,20,231.269058, 230.567368, 128.882462, 69.530167,9.980212, 231.269058, 1.003043
5, 822,21,195.055588, 193.993744, 128.882462, 69.530167,9.980212, 231.269058, 1.005474
5, 822,22,15.333991, 14.355833, 128.882462, 69.530167,9.980212, 231.269058, 1.068137
5, 822,23,226.331757, 227.812637, 128.882462, 69.530167,9.980212, 231.269058, 0.993500
5, 822,24,134.710770, 135.053650, 128.882462, 69.530167,9.980212, 231.269058, 0.997461
5, 822,25,170.984344, 171.382584, 128.882462, 69.530167,9.980212, 231.269058, 0.997676
5, 822,26,136.377441, 136.584839, 128.882462, 69.530167,9.980212, 231.269058, 0.998482
5, 822,27,27.258310, 25.913124, 128.882462, 69.530167,9.980212, 231.269058, 1.051911
5, 822,28,179.144836, 178.814743, 128.882462, 69.530167,9.980212, 231.269058, 1.001846
5, 822,29,96.864265, 95.809219, 128.882462, 69.530167,9.980212, 231.269058, 1.011012
5, 822,30,45.507832, 46.328911, 128.882462, 69.530167,9.980212, 231.269058, 0.982277
5, 822,31,94.394646, 93.634796, 128.882462, 69.530167,9.980212, 231.269058, 1.008115
5, 823,0,129.856567, 129.372314, 128.721680, 55.273048,22.921721, 197.879517, 1.003743
5, 823,1,25.769747, 25.419365, 128.721680, 55.273048,22.921721, 197.879517, 1.013784
5, 823,2,197.879517, 198.069260, 128.721680, 55.273048,22.921721, 197.879517, 0.999042
5, 823,3,29.830612, 28.826309, 128.721680, 55.273048,22.921721, 197.879517, 1.034840
5, 823,4,176.456512, 178.326584, 128.721680, 55.273048,22.921721, 197.879517, 0.989513
5, 823,5,183.986588, 184.529587, 128.721680, 55.273048,22.921721, 197.879517, 0.997057
5, 823,6,180.329529, 180.664459, 128.721680, 55.273048,22.921721, 197.879517, 0.998146
5, 823,7,148.945297, 149.802231, 128.721680, 55.273048,22.921721, 197.879517, 0.994280
5, 823,8,75.449471, 75.671806, 128.721680, 55.273048,22.921721, 197.879517, 0.997062
5, 823,9,45.328987, 44.345531, 128.721680, 55.273048,22.921721, 197.879517, 1.022177
5, 823,10,177.552307, 177.586472, 128.721680, 55.273048,22.921721, 197.879517, 0.999808
5, 823,11,189.104248, 189.704620, 128.721680, 55.273048,22.921721, 197.879517, 0.996835
5, 823,12,121.179276, 119.967972, 128.721680, 55.273048,22.921721, 197.879517, 1.010097
5, 823,13,190.005493, 191.261230, 128.721680, 55.273048,22.921721, 197.879517, 0.993434
5, 823,14,46.294788, 46.654034, 128.721680, 55.273048,22.921721, 197.879517, 0.992300
5, 823,15,55.375652, 54.883568, 128.721680, 55.273048,22.921721, 197.879517, 1.008966
5, 823,16,131.706741, 131.721924, 128.721680, 55.273048,22.921721, 197.879517, 0.999885
5, 823,17,138.583466, 139.029236, 128.721680, 55.273048,22.921721, 197.879517, 0.996794
5, 823,18,183.049576, 182.461929, 128.721680, 55.273048,22.921721, 197.879517, 1.003221
5, 823,19,117.666321, 118.041283, 128.721680, 55.273048,22.921721, 197.879517, 0.996823
5, 823,20,193.644775, 194.039673, 128.721680, 55.273048,22.921721, 197.879517, 0.997965
5, 823,21,172.299194, 173.010590, 128.721680, 55.273048,22.921721, 197.879517, 0.995888
5, 823,22,146.651978, 145.913620, 128.721680, 55.273048,22.921721, 197.879517, 1.005060
5, 823,23,157.270050, 156.704239, 128.721680, 55.273048,22.921721, 197.879517, 1.003611
5, 823,24,109.308990, 107.902679, 128.721680, 55.273048,22.921721, 197.879517, 1.013033
5, 823,25,120.659378, 121.178024, 128.721680, 55.273048,22.921721, 197.879517, 0.995720
5, 823,26,162.063431, 161.814651, 128.721680, 55.273048,22.921721, 197.879517, 1.001537
5, 823,27,80.503830, 81.528229, 128.721680, 55.273048,22.921721, 197.879517, 0.987435
5, 823,28,22.921721, 22.270878, 128.721680, 55.273048,22.921721, 197.879517, 1.029224
5, 823,29,182.979126, 182.638138, 128.721680, 55.273048,22.921721, 197.879517, 1.001867
5, 823,30,99.000328, 101.018303, 128.721680, 55.273048,22.921721, 197.879517, 0.980024
5, 823,31,127.440659, 126.640877, 128.721680, 55.273048,22.921721, 197.879517, 1.006315
5, 824,0,197.268173, 198.152023, 128.863434, 60.639961,17.475546, 220.743713, 0.995540
5, 824,1,210.882721, 210.323135, 128.863434, 60.639961,17.475546, 220.743713, 1.002661
5, 824,2,102.494217, 102.549629, 128.863434, 60.639961,17.475546, 220.743713, 0.999460
5, 824,3,220.743713, 220.214630, 128.863434, 60.639961,17.475546, 220.743713, 1.002403
5, 824,4,102.983376, 104.429283, 128.863434, 60.639961,17.475546, 220.743713, 0.986154
5, 824,5,114.150597, 115.033989, 128.863434, 60.639961,17.475546, 220.743713, 0.992321
5, 824,6,78.759384, 78.074135, 128.863434, 60.639961,17.475546, 220.743713, 1.008777
5, 824,7,83.076637, 83.546463, 128.863434, 60.639961,17.475546, 220.743713, 0.994376
5, 824,8,199.218430, 199.811722, 128.863434, 60.639961,17.475546, 220.743713, 0.997031
5, 824,9,112.096619, 112.821068, 128.863434, 60.639961,17.475546, 220.743713, 0.993579
5, 824,10,121.417236, 120.659622, 128.863434, 60.639961,17.475546, 220.743713, 1.006279
5, 824,11,23.276352, 24.130732, 128.863434, 60.639961,17.475546, 220.743713, 0.964594
5, 824,12,81.181755, 81.293541, 128.863434, 60.639961,17.475546, 220.743713, 0.998625
5, 824,13,106.729134, 104.862541, 128.863434, 60.639961,17.475546, 220.743713, 1.017800
5, 824,14,191.006027, 191.139984, 128.863434, 60.639961,17.475546, 220.743713, 0.999299
5, 824,15,183.010269, 183.461395, 128.863434, 60.639961,17.475546, 220.743713, 0.997541
5, 824,16,17.475546, 16.885399, 128.863434, 60.639961,17.475546, 220.743713, 1.034950
5, 824,17,159.273056, 158.386017, 128.863434, 60.639961,17.475546, 220.743713, 1.005600
5, 824,18,203.761429, 204.424194, 128.863434, 60.639961,17.475546, 220.743713, 0.996758
5, 824,19,141.079483, 139.502838, 128.863434, 60.639961,17.475546, 220.743713, 1.011302
5, 824,20,136.616653, 137.623169, 128.863434, 60.639961,17.475546, 220.743713, 0.992686
5, 824,21,118.150978, 118.373383, 128.863434, 60.639961,17.475546, 220.743713, 0.998121
5, 824,22,20.067940, 20.344761, 128.863434, 60.639961,17.475546, 220.743713, 0.986394
5, 824,23,54.786079, 53.505322, 128.863434, 60.639961,17.475546, 220.743713, 1.023937
5, 824,24,192.412079, 191.519928, 128.863434, 60.639961,17.475546, 220.743713, 1.004658
5, 824,25,155.888565, 154.793335, 128.863434, 60.639961,17.475546, 220.743713, 1.007075
5, 824,26,122.328201, 122.585938, 128.863434, 60.639961,17.475546, 220.743713, 0.997898
5, 824,27,189.826950, 189.360306, 128.863434, 60.639961,17.475546, 220.743713, 1.002464
5, 824,28,31.034109, 29.849678, 128.863434, 60.639961,17.475546, 220.743713, 1.039680
5, 824,29,203.655243, 204.570847, 128.863434, 60.639961,17.475546, 220.743713, 0.995524
5, 824,30,153.160400, 153.213638, 128.863434, 60.639961,17.475546, 220.743713, 0.999653
5, 824,31,95.818245, 95.557579, 128.863434, 60.639961,17.475546, 220.743713, 1.002728
5, 825,0,15.206461, 13.837874, 128.997314, 75.946953,15.206461, 229.505280, 1.098902
5, 825,1,91.568253, 91.737816, 128.997314, 75.946953,15.206461, 229.505280, 0.998152
5, 825,2,229.505280, 229.395035, 128.997314, 75.946953,15.206461, 229.505280, 1.000481
5, 825,3,162.706467, 163.296036, 128.997314, 75.946953,15.206461, 229.505280, 0.996390
5, 825,4,206.444717, 206.162567, 128.997314, 75.946953,15.206461, 229.505280, 1.001369
5, 825,5,16.682360, 17.894665, 128.997314, 75.946953,15.206461, 229.505280, 0.932253
5, 825,6,210.734848, 209.945694, 128.997314, 75.946953,15.206461, 229.505280, 1.003759
5, 825,7,53.393345, 53.584835, 128.997314, 75.946953,15.206461, 229.505280, 0.996426
5, 825,8,125.720520, 125.758751, 128.997314, 75.946953,15.206461, 229.505280, 0.999696
5, 825,9,194.047150, 193.944305, 128.997314, 75.946953,15.206461, 229.505280, 1.000530
5, 825,10,172.136658, 171.895340, 128.997314, 75.946953,15.206461, 229.505280, 1.001404
5, 825,11,54.818748, 55.124092, 128.997314, 75.946953,15.206461, 229.505280, 0.994461
5, 825,12,197.959824, 196.660217, 128.997314, 75.946953,15.206461, 229.505280, 1.006608
5, 825,13,93.457405, 93.126572, 128.997314, 75.946953,15.206461, 229.505280, 1.003553
5, 825,14,21.910257, 20.070145, 128.997314, 75.946953,15.206461, 229.505280, 1.091684
5, 825,15,212.453079, 211.902267, 128.997314, 75.946953,15.206461, 229.505280, 1.002599
5, 825,16,227.062668, 227.041687, 128.997314, 75.946953,15.206461, 229.505280, 1.000092
5, 825,17,134.612015, 134.262268, 128.997314, 75.946953,15.206461, 229.505280, 1.002605
5, 825,18,199.668442, 200.805954, 128.997314, 75.946953,15.206461, 229.505280, 0.994335
5, 825,19,17.908194, 16.895859, 128.997314, 75.946953,15.206461, 229.505280, 1.059916
5, 825,20,27.697977, 26.603422, 128.997314, 75.946953,15.206461, 229.505280, 1.041143
5, 825,21,81.204483, 81.866066, 128.997314, 75.946953,15.206461, 229.505280, 0.991919
5, 825,22,141.621567, 140.905029, 128.997314, 75.946953,15.206461, 229.505280, 1.005085
5, 825,23,209.540009, 209.063202, 128.997314, 75.946953,15.206461, 229.505280, 1.002281
5, 825,24,207.582489, 208.276474, 128.997314, 75.946953,15.206461, 229.505280, 0.996668
5, 825,25,32.823391, 31.604290, 128.997314, 75.946953,15.206461, 229.505280, 1.038574
5, 825,26,139.173645, 138.866364, 128.997314, 75.946953,15.206461, 229.505280, 1.002213
5, 825,27,41.435726, 41.859138, 128.997314, 75.946953,15.206461, 229.505280, 0.989885
5, 825,28,211.000534, 210.992386, 128.997314, 75.946953,15.206461, 229.505280, 1.000039
5, 825,29,94.155075, 93.215500, 128.997314, 75.946953,15.206461, 229.505280, 1.010080
5, 825,30,214.284042, 214.529251, 128.997314, 75.946953,15.206461, 229.505280, 0.998857
5, 825,31,89.398033, 89.877029, 128.997314, 75.946953,15.206461, 229.505280, 0.994671
5, 826,0,116.356674, 114.630844, 128.725555, 61.439720,14.041466, 246.827667, 1.015056
5, 826,1,161.455948, 161.214188, 128.725555, 61.439720,14.041466, 246.827667, 1.001500
5, 826,2,75.129013, 75.665833, 128.725555, 61.439720,14.041466, 246.827667, 0.992905
5, 826,3,159.017273, 158.792175, 128.725555, 61.439720,14.041466, 246.827667, 1.001418
5, 826,4,102.438789, 102.007034, 128.725555, 61.439720,14.041466, 246.827667, 1.004233
5, 826,5,75.930046, 77.324547, 128.725555, 61.439720,14.041466, 246.827667, 0.981966
5, 826,6,190.757935, 189.595734, 128.725555, 61.439720,14.041466, 246.827667, 1.006130
5, 826,7,54.864460, 55.988838, 128.725555, 61.439720,14.041466, 246.827667, 0.979918
5, 826,8,216.849289, 216.281876, 128.725555, 61.439720,14.041466, 246.827667, 1.002623
5, 826,9,191.667114, 191.445267, 128.725555, 61.439720,14.041466, 246.827667, 1.001159
5, 826,10,54.807667, 55.086090, 128.725555, 61.439720,14.041466, 246.827667, 0.994946
5, 826,11,149.571411, 150.175674, 128.725555, 61.439720,14.041466, 246.827667, 0.995976
5, 826,12,159.862991, 159.482071, 128.725555, 61.439720,14.041466, 246.827667, 1.002388
5, 826,13,108.843208, 107.797836, 128.725555, 61.439720,14.041466, 246.827667, 1.009698
5, 826,14,39.848869, 39.005409, 128.725555, 61.439720,14.041466, 246.827667, 1.021624
5, 826,15,238.903717, 239.004745, 128.725555, 61.439720,14.041466, 246.827667, 0.999577
5, 826,16,129.518585, 128.671173, 128.725555, 61.439720,14.041466, 246.827667, 1.006586
5, 826,17,103.767532, 104.282257, 128.725555, 61.439720,14.041466, 246.827667, 0.995064
5, 826,18,189.186111, 187.540680, 128.725555, 61.439720,14.041466, 246.827667, 1.008774
5, 826,19,68.574997, 69.419983, 128.725555, 61.439720,14.041466, 246.827667, 0.987828
5, 826,20,143.464111, 144.289459, 128.725555, 61.439720,14.041466, 246.827667, 0.994280
5, 826,21,48.191158, 51.115459, 128.725555, 61.439720,14.041466, 246.827667, 0.942790
5, 826,22,14.041466, 13.229347, 128.725555, 61.439720,14.041466, 246.827667, 1.061388
5, 826,23,246.827667, 247.144165, 128.725555, 61.439720,14.041466, 246.827667, 0.998719
5, 826,24,115.918427, 117.368446, 128.725555, 61.439720,14.041466, 246.827667, 0.987646
5, 826,25,199.438370, 201.236053, 128.725555, 61.439720,14.041466, 246.827667, 0.991067
5, 826,26,123.905312, 121.860176, 128.725555, 61.439720,14.041466, 246.827667, 1.016783
5, 826,27,30.227194, 31.526533, 128.725555, 61.439720,14.041466, 246.827667, 0.958786
5, 826,28,121.883545, 121.970276, 128.725555, 61.439720,14.041466, 246.827667, 0.999289
5, 826,29,161.131851, 162.527924, 128.725555, 61.439720,14.041466, 246.827667, 0.991410
5, 826,30,156.331879, 155.379333, 128.725555, 61.439720,14.041466, 246.827667, 1.006130
5, 826,31,170.505005, 169.940750, 128.725555, 61.439720,14.041466, 246.827667, 1.003320
5, 827,0,278.003418, 277.641693, 128.875809, 84.248817,12.903586, 280.970917, 1.001303
5, 827,1,224.519547, 224.592453, 128.875809, 84.248817,12.903586, 280.970917, 0.999675
5, 827,2,191.531006, 192.896301, 128.875809, 84.248817,12.903586, 280.970917, 0.992922
5, 827,3,57.180092, 57.666332, 128.875809, 84.248817,12.903586, 280.970917, 0.991568
5, 827,4,21.420006, 22.635242, 128.875809, 84.248817,12.903586, 280.970917, 0.946312
5, 827,5,73.393372, 73.551979, 128.875809, 84.248817,12.903586, 280.970917, 0.997844
5, 827,6,58.137367, 56.736305, 128.875809, 84.248817,12.903586, 280.970917, 1.024694
5, 827,7,241.001282, 240.938400, 128.875809, 84.248817,12.903586, 280.970917, 1.000261
5, 827,8,279.142853, 278.975647, 128.875809, 84.248817,12.903586, 280.970917, 1.000599
5, 827,9,187.088486, 188.631317, 128.875809, 84.248817,12.903586, 280.970917, 0.991821
5, 827,10,80.529465, 80.456741, 128.875809, 84.248817,12.903586, 280.970917, 1.000904
5, 827,11,158.028061, 157.799454, 128.875809, 84.248817,12.903586, 280.970917, 1.001449
5, 827,12,51.597599, 50.273071, 128.875809, 84.248817,12.903586, 280.970917, 1.026347
5, 827,13,158.049271, 157.329742, 128.875809, 84.248817,12.903586, 280.970917, 1.004573
5, 827,14,163.859879, 162.712646, 128.875809, 84.248817,12.903586, 280.970917, 1.007051
5, 827,15,280.970917, 280.816925, 128.875809, 84.248817,12.903586, 280.970917, 1.000548
5, 827,16,28.928120, 29.868801, 128.875809, 84.248817,12.903586, 280.970917, 0.968506
5, 827,17,31.764713, 31.775829, 128.875809, 84.248817,12.903586, 280.970917, 0.999650
5, 827,18,60.255047, 61.348877, 128.875809, 84.248817,12.903586, 280.970917, 0.982170
5, 827,19,208.792618, 208.678604, 128.875809, 84.248817,12.903586, 280.970917, 1.000546
5, 827,20,34.903160, 33.588921, 128.875809, 84.248817,12.903586, 280.970917, 1.039127
5, 827,21,66.772820, 65.200508, 128.875809, 84.248817,12.903586, 280.970917, 1.024115
5, 827,22,68.736778, 68.347580, 128.875809, 84.248817,12.903586, 280.970917, 1.005694
5, 827,23,65.434776, 66.055382, 128.875809, 84.248817,12.903586, 280.970917, 0.990605
5, 827,24,226.395493, 225.719757, 128.875809, 84.248817,12.903586, 280.970917, 1.002994
5, 827,25,150.877777, 150.922882, 128.875809, 84.248817,12.903586, 280.970917, 0.999701
5, 827,26,113.923500, 114.914787, 128.875809, 84.248817,12.903586, 280.970917, 0.991374
5, 827,27,148.648911, 148.433411, 128.875809, 84.248817,12.903586, 280.970917, 1.001452
5, 827,28,223.436646, 221.980865, 128.875809, 84.248817,12.903586, 280.970917, 1.006558
5, 827,29,90.123756, 89.165192, 128.875809, 84.248817,12.903586, 280.970917, 1.010750
5, 827,30,87.675148, 86.901184, 128.875809, 84.248817,12.903586, 280.970917, 1.008906
5, 827,31,12.903586, 14.443472, 128.875809, 84.248817,12.903586, 280.970917, 0.893385
5, 828,0,123.539215, 124.295547, 128.827667, 66.868546,11.820182, 236.441956, 0.993915
5, 828,1,90.704689, 90.498215, 128.827667, 66.868546,11.820182, 236.441956, 1.002282
5, 828,2,220.295212, 220.607468, 128.827667, 66.868546,11.820182, 236.441956, 0.998585
5, 828,3,180.853333, 179.226227, 128.827667, 66.868546,11.820182, 236.441956, 1.009079
5, 828,4,211.357880, 210.461746, 128.827667, 66.868546,11.820182, 236.441956, 1.004258
5, 828,5,31.265560, 30.813999, 128.827667, 66.868546,11.820182, 236.441956, 1.014654
5, 828,6,138.063614, 138.171555, 128.827667, 66.868546,11.820182, 236.441956, 0.999219
5, 828,7,206.044495, 206.383133, 128.827667, 66.868546,11.820182, 236.441956, 0.998359
5, 828,8,236.441956, 236.261505, 128.827667, 66.868546,11.820182, 236.441956, 1.000764
5, 828,9,101.618423, 102.066376, 128.827667, 66.868546,11.820182, 236.441956, 0.995611
5, 828,10,206.802368, 207.159637, 128.827667, 66.868546,11.820182, 236.441956, 0.998275
5, 828,11,55.817097, 56.410572, 128.827667, 66.868546,11.820182, 236.441956, 0.989479
5, 828,12,176.487045, 177.520752, 128.827667, 66.868546,11.820182, 236.441956, 0.994177
5, 828,13,203.140289, 201.375565, 128.827667, 66.868546,11.820182, 236.441956, 1.008763
5, 828,14,192.642365, 192.470840, 128.827667, 66.868546,11.820182, 236.441956, 1.000891
5, 828,15,45.178524, 44.588394, 128.827667, 66.868546,11.820182, 236.441956, 1.013235
5, 828,16,139.449661, 139.608505, 128.827667, 66.868546,11.820182, 236.441956, 0.998862
5, 828,17,68.569641, 69.415695, 128.827667, 66.868546,11.820182, 236.441956, 0.987812
5, 828,18,107.386925, 107.175529, 128.827667, 66.868546,11.820182, 236.441956, 1.001972
5, 828,19,166.628784, 167.106491, 128.827667, 66.868546,11.820182, 236.441956, 0.997141
5, 828,20,145.721085, 146.590057, 128.827667, 66.868546,11.820182, 236.441956, 0.994072
5, 828,21,190.350021, 190.511368, 128.827667, 66.868546,11.820182, 236.441956, 0.999153
5, 828,22,39.689003, 39.080086, 128.827667, 66.868546,11.820182, 236.441956, 1.015581
5, 828,23,178.012985, 175.539490, 128.827667, 66.868546,11.820182, 236.441956, 1.014091
5, 828,24,66.636597, 66.505508, 128.827667, 66.868546,11.820182, 236.441956, 1.001971
5, 828,25,143.624557, 144.129822, 128.827667, 66.868546,11.820182, 236.441956, 0.996494
5, 828,26,11.820182, 13.033560, 128.827667, 66.868546,11.820182, 236.441956, 0.906904
5, 828,27,19.636175, 19.601437, 128.827667, 66.868546,11.820182, 236.441956, 1.001772
5, 828,28,96.343391, 96.296814, 128.827667, 66.868546,11.820182, 236.441956, 1.000484
5, 828,29,32.648277, 33.484695, 128.827667, 66.868546,11.820182, 236.441956, 0.975021
5, 828,30,135.841751, 134.245346, 128.827667, 66.868546,11.820182, 236.441956, 1.011892
5, 828,31,159.874313, 160.364456, 128.827667, 66.868546,11.820182, 236.441956, 0.996944
5, 829,0,195.312195, 195.562134, 128.707581, 65.443298,20.621399, 226.379379, 0.998722
5, 829,1,33.921402, 32.880028, 128.707581, 65.443298,20.621399, 226.379379, 1.031672
5, 829,2,176.102722, 176.010727, 128.707581, 65.443298,20.621399, 226.379379, 1.000523
5, 829,3,174.367004, 174.234558, 128.707581, 65.443298,20.621399, 226.379379, 1.000760
5, 829,4,161.845566, 162.601318, 128.707581, 65.443298,20.621399, 226.379379, 0.995352
5, 829,5,117.211281, 115.980301, 128.707581, 65.443298,20.621399, 226.379379, 1.010614
5, 829,6,117.542427, 120.271568, 128.707581, 65.443298,20.621399, 226.379379, 0.977309
5, 829,7,209.758133, 210.713791, 128.707581, 65.443298,20.621399, 226.379379, 0.995465
5, 829,8,207.241684, 206.375061, 128.707581, 65.443298,20.621399, 226.379379, 1.004199
5, 829,9,20.621399, 20.094330, 128.707581, 65.443298,20.621399, 226.379379, 1.026230
5, 829,10,148.799820, 149.286835, 128.707581, 65.443298,20.621399, 226.379379, 0.996738
5, 829,11,22.851292, 23.585651, 128.707581, 65.443298,20.621399, 226.379379, 0.968864
5, 829,12,142.213150, 141.660156, 128.707581, 65.443298,20.621399, 226.379379, 1.003904
5, 829,13,207.073303, 206.436066, 128.707581, 65.443298,20.621399, 226.379379, 1.003087
5, 829,14,162.012970, 162.499619, 128.707581, 65.443298,20.621399, 226.379379, 0.997005
5, 829,15,174.559799, 174.987030, 128.707581, 65.443298,20.621399, 226.379379, 0.997558
5, 829,16,55.806774, 55.454990, 128.707581, 65.443298,20.621399, 226.379379, 1.006344
5, 829,17,91.530830, 92.198624, 128.707581, 65.443298,20.621399, 226.379379, 0.992757
5, 829,18,97.443001, 97.018677, 128.707581, 65.443298,20.621399, 226.379379, 1.004374
5, 829,19,179.417648, 178.566498, 128.707581, 65.443298,20.621399, 226.379379, 1.004767
5, 829,20,210.996384, 210.673111, 128.707581, 65.443298,20.621399, 226.379379, 1.001534
5, 829,21,143.843979, 144.337967, 128.707581, 65.443298,20.621399, 226.379379, 0.996578
5, 829,22,226.379379, 227.248428, 128.707581, 65.443298,20.621399, 226.379379, 0.996176
5, 829,23,72.144394, 72.037079, 128.707581, 65.443298,20.621399, 226.379379, 1.001490
5, 829,24,21.728493, 21.829823, 128.707581, 65.443298,20.621399, 226.379379, 0.995358
5, 829,25,93.888123, 93.256187, 128.707581, 65.443298,20.621399, 226.379379, 1.006776
5, 829,26,220.136505, 220.584381, 128.707581, 65.443298,20.621399, 226.379379, 0.997970
5, 829,27,166.764084, 167.801025, 128.707581, 65.443298,20.621399, 226.379379, 0.993820
5, 829,28,52.628128, 52.594139, 128.707581, 65.443298,20.621399, 226.379379, 1.000646
5, 829,29,75.776634, 76.396149, 128.707581, 65.443298,20.621399, 226.379379, 0.991891
5, 829,30,66.749138, 66.152679, 128.707581, 65.443298,20.621399, 226.379379, 1.009016
5, 829,31,71.975075, 71.670990, 128.707581, 65.443298,20.621399, 226.379379, 1.004243
5, 830,0,223.836243, 223.624176, 128.547546, 66.509491,9.891829, 233.229889, 1.000948
5, 830,1,85.152367, 85.854568, 128.547546, 66.509491,9.891829, 233.229889, 0.991821
5, 830,2,110.404457, 112.604347, 128.547546, 66.509491,9.891829, 233.229889, 0.980464
5, 830,3,180.234909, 179.640625, 128.547546, 66.509491,9.891829, 233.229889, 1.003308
5, 830,4,98.889076, 99.082001, 128.547546, 66.509491,9.891829, 233.229889, 0.998053
5, 830,5,59.412571, 59.565128, 128.547546, 66.509491,9.891829, 233.229889, 0.997439
5, 830,6,191.184479, 191.113022, 128.547546, 66.509491,9.891829, 233.229889, 1.000374
5, 830,7,9.891829, 10.057542, 128.547546, 66.509491,9.891829, 233.229889, 0.983523
5, 830,8,215.397629, 215.259033, 128.547546, 66.509491,9.891829, 233.229889, 1.000644
5, 830,9,60.054401, 58.730766, 128.547546, 66.509491,9.891829, 233.229889, 1.022537
5, 830,10,225.735870, 226.321457, 128.547546, 66.509491,9.891829, 233.229889, 0.997413
5, 830,11,114.590790, 114.330597, 128.547546, 66.509491,9.891829, 233.229889, 1.002276
5, 830,12,233.229889, 234.391708, 128.547546, 66.509491,9.891829, 233.229889, 0.995043
5, 830,13,127.188148, 127.313484, 128.547546, 66.509491,9.891829, 233.229889, 0.999016
5, 830,14,47.807182, 48.193417, 128.547546, 66.509491,9.891829, 233.229889, 0.991986
5, 830,15,56.751541, 56.234890, 128.547546, 66.509491,9.891829, 233.229889, 1.009187
5, 830,16,179.761292, 179.561493, 128.547546, 66.509491,9.891829, 233.229889, 1.001113
5, 830,17,163.748154, 163.946060, 128.547546, 66.509491,9.891829, 233.229889, 0.998793
5, 830,18,174.182297, 175.044464, 128.547546, 66.509491,9.891829, 233.229889, 0.995075
5, 830,19,112.836037, 113.050293, 128.547546, 66.509491,9.891829, 233.229889, 0.998105
5, 830,20,202.952026, 203.664352, 128.547546, 66.509491,9.891829, 233.229889, 0.996502
5, 830,21,172.965698, 173.131195, 128.547546, 66.509491,9.891829, 233.229889, 0.999044
5, 830,22,28.339897, 28.629181, 128.547546, 66.509491,9.891829, 233.229889, 0.989896
5, 830,23,60.001781, 60.457024, 128.547546, 66.509491,9.891829, 233.229889, 0.992470
5, 830,24,140.606644, 139.706558, 128.547546, 66.509491,9.891829, 233.229889, 1.006443
5, 830,25,230.204880, 229.745209, 128.547546, 66.509491,9.891829, 233.229889, 1.002001
5, 830,26,73.309036, 73.576569, 128.547546, 66.509491,9.891829, 233.229889, 0.996364
5, 830,27,90.170479, 90.091087, 128.547546, 66.509491,9.891829, 233.229889, 1.000881
5, 830,28,194.453827, 194.968338, 128.547546, 66.509491,9.891829, 233.229889, 0.997361
5, 830,29,74.652008, 75.676842, 128.547546, 66.509491,9.891829, 233.229889, 0.986458
5, 830,30,109.917953, 110.705467, 128.547546, 66.509491,9.891829, 233.229889, 0.992886
5, 830,31,65.657761, 66.729095, 128.547546, 66.509491,9.891829, 233.229889, 0.983945
5, 831,0,27.262787, 27.972963, 128.664566, 68.892380,25.805277, 254.139832, 0.974612
5, 831,1,36.563122, 36.504673, 128.664566, 68.892380,25.805277, 254.139832, 1.001601
5, 831,2,222.454391, 222.330536, 128.664566, 68.892380,25.805277, 254.139832, 1.000557
5, 831,3,49.722393, 50.839447, 128.664566, 68.892380,25.805277, 254.139832, 0.978028
5, 831,4,165.348938, 164.480286, 128.664566, 68.892380,25.805277, 254.139832, 1.005281
5, 831,5,110.202606, 109.433861, 128.664566, 68.892380,25.805277, 254.139832, 1.007025
5, 831,6,73.291542, 72.991821, 128.664566, 68.892380,25.805277, 254.139832, 1.004106
5, 831,7,173.617264, 173.568253, 128.664566, 68.892380,25.805277, 254.139832, 1.000282
5, 831,8,136.697830, 137.547150, 128.664566, 68.892380,25.805277, 254.139832, 0.993825
5, 831,9,86.730789, 84.868553, 128.664566, 68.892380,25.805277, 254.139832, 1.021943
5, 831,10,171.430832, 170.824570, 128.664566, 68.892380,25.805277, 254.139832, 1.003549
5, 831,11,190.337936, 191.142822, 128.664566, 68.892380,25.805277, 254.139832, 0.995789
5, 831,12,217.148651, 218.196228, 128.664566, 68.892380,25.805277, 254.139832, 0.995199
5, 831,13,182.145035, 184.129532, 128.664566, 68.892380,25.805277, 254.139832, 0.989222
5, 831,14,72.424301, 73.713440, 128.664566, 68.892380,25.805277, 254.139832, 0.982511
5, 831,15,148.033905, 148.371521, 128.664566, 68.892380,25.805277, 254.139832, 0.997725
5, 831,16,53.194340, 52.275181, 128.664566, 68.892380,25.805277, 254.139832, 1.017583
5, 831,17,35.557213, 35.249344, 128.664566, 68.892380,25.805277, 254.139832, 1.008734
5, 831,18,150.713303, 151.566208, 128.664566, 68.892380,25.805277, 254.139832, 0.994373
5, 831,19,65.860321, 65.286972, 128.664566, 68.892380,25.805277, 254.139832, 1.008782
5, 831,20,254.139832, 254.751022, 128.664566, 68.892380,25.805277, 254.139832, 0.997601
5, 831,21,78.565521, 78.576889, 128.664566, 68.892380,25.805277, 254.139832, 0.999855
5, 831,22,231.712067, 232.741486, 128.664566, 68.892380,25.805277, 254.139832, 0.995577
5, 831,23,87.649788, 87.401764, 128.664566, 68.892380,25.805277, 254.139832, 1.002838
5, 831,24,143.273209, 142.418106, 128.664566, 68.892380,25.805277, 254.139832, 1.006004
5, 831,25,25.805277, 24.830891, 128.664566, 68.892380,25.805277, 254.139832, 1.039241
5, 831,26,196.466812, 196.607620, 128.664566, 68.892380,25.805277, 254.139832, 0.999284
5, 831,27,217.129715, 216.925873, 128.664566, 68.892380,25.805277, 254.139832, 1.000940
5, 831,28,171.516113, 172.049835, 128.664566, 68.892380,25.805277, 254.139832, 0.996898
5, 831,29,192.131226, 192.398148, 128.664566, 68.892380,25.805277, 254.139832, 0.998613
5, 831,30,56.297344, 56.499691, 128.664566, 68.892380,25.805277, 254.139832, 0.996419
5, 831,31,93.841690, 94.505249, 128.664566, 68.892380,25.805277, 254.139832, 0.992979
5, 832,0,38.487854, 37.885948, 128.846054, 74.131508,13.287655, 239.076859, 1.015887
5, 832,1,91.484306, 91.962646, 128.846054, 74.131508,13.287655, 239.076859, 0.994799
5, 832,2,146.440155, 147.939377, 128.846054, 74.131508,13.287655, 239.076859, 0.989866
5, 832,3,152.236023, 153.879608, 128.846054, 74.131508,13.287655, 239.076859, 0.989319
5, 832,4,23.517204, 22.042942, 128.846054, 74.131508,13.287655, 239.076859, 1.066881
5, 832,5,115.041908, 115.292755, 128.846054, 74.131508,13.287655, 239.076859, 0.997824
5, 832,6,13.287655, 13.517529, 128.846054, 74.131508,13.287655, 239.076859, 0.982994
5, 832,7,237.296188, 235.510284, 128.846054, 74.131508,13.287655, 239.076859, 1.007583
5, 832,8,202.357880, 203.668869, 128.846054, 74.131508,13.287655, 239.076859, 0.993563
5, 832,9,139.566772, 137.556305, 128.846054, 74.131508,13.287655, 239.076859, 1.014616
5, 832,10,112.453468, 111.838799, 128.846054, 74.131508,13.287655, 239.076859, 1.005496
5, 832,11,95.358650, 94.802094, 128.846054, 74.131508,13.287655, 239.076859, 1.005871
5, 832,12,66.742157, 65.849586, 128.846054, 74.131508,13.287655, 239.076859, 1.013555
5, 832,13,207.727585, 207.857437, 128.846054, 74.131508,13.287655, 239.076859, 0.999375
5, 832,14,55.747334, 55.678421, 128.846054, 74.131508,13.287655, 239.076859, 1.001238
5, 832,15,109.560997, 108.745064, 128.846054, 74.131508,13.287655, 239.076859, 1.007503
5, 832,16,20.972292, 21.541447, 128.846054, 74.131508,13.287655, 239.076859, 0.973579
5, 832,17,126.555519, 126.290321, 128.846054, 74.131508,13.287655, 239.076859, 1.002100
5, 832,18,219.633148, 221.051697, 128.846054, 74.131508,13.287655, 239.076859, 0.993583
5, 832,19,167.653259, 167.455292, 128.846054, 74.131508,13.287655, 239.076859, 1.001182
5, 832,20,239.076859, 239.098450, 128.846054, 74.131508,13.287655, 239.076859, 0.999910
5, 832,21,219.913452, 218.734924, 128.846054, 74.131508,13.287655, 239.076859, 1.005388
5, 832,22,29.417286, 30.540106, 128.846054, 74.131508,13.287655, 239.076859, 0.963235
5, 832,23,224.300385, 224.032394, 128.846054, 74.131508,13.287655, 239.076859, 1.001196
5, 832,24,61.680721, 63.285606, 128.846054, 74.131508,13.287655, 239.076859, 0.974641
5, 832,25,94.403969, 94.032196, 128.846054, 74.131508,13.287655, 239.076859, 1.003954
5, 832,26,205.694580, 206.119858, 128.846054, 74.131508,13.287655, 239.076859, 0.997937
5, 832,27,44.441925, 45.606140, 128.846054, 74.131508,13.287655, 239.076859, 0.974472
5, 832,28,63.557518, 63.977810, 128.846054, 74.131508,13.287655, 239.076859, 0.993431
5, 832,29,165.075333, 164.615845, 128.846054, 74.131508,13.287655, 239.076859, 1.002791
5, 832,30,205.080780, 203.591171, 128.846054, 74.131508,13.287655, 239.076859, 1.007317
5, 832,31,228.310364, 226.998993, 128.846054, 74.131508,13.287655, 239.076859, 1.005777
5, 833,0,68.821259, 68.999924, 128.616531, 68.370178,12.853852, 241.226151, 0.997411
5, 833,1,189.928253, 190.599792, 128.616531, 68.370178,12.853852, 241.226151, 0.996477
5, 833,2,221.342773, 221.420746, 128.616531, 68.370178,12.853852, 241.226151, 0.999648
5, 833,3,172.197052, 172.539810, 128.616531, 68.370178,12.853852, 241.226151, 0.998013
5, 833,4,53.747456, 53.215218, 128.616531, 68.370178,12.853852, 241.226151, 1.010002
5, 833,5,19.860630, 20.538105, 128.616531, 68.370178,12.853852, 241.226151, 0.967014
5, 833,6,73.322876, 73.752548, 128.616531, 68.370178,12.853852, 241.226151, 0.994174
5, 833,7,142.123337, 142.834030, 128.616531, 68.370178,12.853852, 241.226151, 0.995024
5, 833,8,71.987999, 70.309708, 128.616531, 68.370178,12.853852, 241.226151, 1.023870
5, 833,9,241.226151, 241.434189, 128.616531, 68.370178,12.853852, 241.226151, 0.999138
5, 833,10,141.220978, 143.155853, 128.616531, 68.370178,12.853852, 241.226151, 0.986484
5, 833,11,203.837784, 204.700485, 128.616531, 68.370178,12.853852, 241.226151, 0.995786
5, 833,12,12.853852, 13.794617, 128.616531, 68.370178,12.853852, 241.226151, 0.931802
5, 833,13,148.281372, 148.746750, 128.616531, 68.370178,12.853852, 241.226151, 0.996871
5, 833,14,96.346939, 97.133980, 128.616531, 68.370178,12.853852, 241.226151, 0.991897
5, 833,15,233.172668, 232.984253, 128.616531, 68.370178,12.853852, 241.226151, 1.000809
5, 833,16,70.594414, 71.020721, 128.616531, 68.370178,12.853852, 241.226151, 0.993997
5, 833,17,114.310097, 112.671700, 128.616531, 68.370178,12.853852, 241.226151, 1.014541
5, 833,18,74.958984, 74.912636, 128.616531, 68.370178,12.853852, 241.226151, 1.000619
5, 833,19,106.740982, 107.080803, 128.616531, 68.370178,12.853852, 241.226151, 0.996827
5, 833,20,78.269058, 80.391258, 128.616531, 68.370178,12.853852, 241.226151, 0.973602
5, 833,21,105.963066, 103.697838, 128.616531, 68.370178,12.853852, 241.226151, 1.021845
5, 833,22,113.254868, 113.899139, 128.616531, 68.370178,12.853852, 241.226151, 0.994343
5, 833,23,233.630005, 236.067841, 128.616531, 68.370178,12.853852, 241.226151, 0.989673
5, 833,24,72.334839, 71.200348, 128.616531, 68.370178,12.853852, 241.226151, 1.015934
5, 833,25,66.673080, 65.661865, 128.616531, 68.370178,12.853852, 241.226151, 1.015400
5, 833,26,165.145676, 164.763474, 128.616531, 68.370178,12.853852, 241.226151, 1.002320
5, 833,27,75.620949, 72.525101, 128.616531, 68.370178,12.853852, 241.226151, 1.042687
5, 833,28,215.642700, 215.784973, 128.616531, 68.370178,12.853852, 241.226151, 0.999341
5, 833,29,89.440041, 89.993805, 128.616531, 68.370178,12.853852, 241.226151, 0.993847
5, 833,30,211.213379, 212.446899, 128.616531, 68.370178,12.853852, 241.226151, 0.994194
5, 833,31,231.665634, 232.722275, 128.616531, 68.370178,12.853852, 241.226151, 0.995460
5, 834,0,17.065926, 16.558620, 128.745529, 60.245361,17.065926, 218.302933, 1.030637
5, 834,1,160.374222, 159.602081, 128.745529, 60.245361,17.065926, 218.302933, 1.004838
5, 834,2,123.338821, 123.956841, 128.745529, 60.245361,17.065926, 218.302933, 0.995014
5, 834,3,197.561890, 198.561966, 128.745529, 60.245361,17.065926, 218.302933, 0.994963
5, 834,4,100.434311, 100.439598, 128.745529, 60.245361,17.065926, 218.302933, 0.999947
5, 834,5,36.988113, 36.947517, 128.745529, 60.245361,17.065926, 218.302933, 1.001099
5, 834,6,86.057854, 85.645760, 128.745529, 60.245361,17.065926, 218.302933, 1.004812
5, 834,7,116.761551, 116.884323, 128.745529, 60.245361,17.065926, 218.302933, 0.998950
5, 834,8,132.163406, 129.924484, 128.745529, 60.245361,17.065926, 218.302933, 1.017233
5, 834,9,64.610344, 64.344696, 128.745529, 60.245361,17.065926, 218.302933, 1.004128
5, 834,10,194.984650, 195.645599, 128.745529, 60.245361,17.065926, 218.302933, 0.996622
5, 834,11,116.655533, 116.794395, 128.745529, 60.245361,17.065926, 218.302933, 0.998811
5, 834,12,209.919464, 209.797043, 128.745529, 60.245361,17.065926, 218.302933, 1.000584
5, 834,13,166.144272, 166.848053, 128.745529, 60.245361,17.065926, 218.302933, 0.995782
5, 834,14,65.673569, 65.963470, 128.745529, 60.245361,17.065926, 218.302933, 0.995605
5, 834,15,149.596848, 148.745987, 128.745529, 60.245361,17.065926, 218.302933, 1.005720
5, 834,16,23.522892, 24.639666, 128.745529, 60.245361,17.065926, 218.302933, 0.954676
5, 834,17,52.171917, 51.683540, 128.745529, 60.245361,17.065926, 218.302933, 1.009449
5, 834,18,186.283798, 187.307602, 128.745529, 60.245361,17.065926, 218.302933, 0.994534
5, 834,19,218.302933, 219.098618, 128.745529, 60.245361,17.065926, 218.302933, 0.996368
5, 834,20,64.946861, 66.464523, 128.745529, 60.245361,17.065926, 218.302933, 0.977166
5, 834,21,182.291580, 182.566895, 128.745529, 60.245361,17.065926, 218.302933, 0.998492
5, 834,22,189.146774, 190.281784, 128.745529, 60.245361,17.065926, 218.302933, 0.994035
5, 834,23,160.366272, 160.051743, 128.745529, 60.245361,17.065926, 218.302933, 1.001965
5, 834,24,141.444138, 141.153152, 128.745529, 60.245361,17.065926, 218.302933, 1.002061
5, 834,25,182.533508, 182.406296, 128.745529, 60.245361,17.065926, 218.302933, 1.000697
5, 834,26,191.228912, 190.384567, 128.745529, 60.245361,17.065926, 218.302933, 1.004435
5, 834,27,41.107738, 41.257835, 128.745529, 60.245361,17.065926, 218.302933, 0.996362
5, 834,28,160.115494, 159.473618, 128.745529, 60.245361,17.065926, 218.302933, 1.004025
5, 834,29,64.456123, 64.948524, 128.745529, 60.245361,17.065926, 218.302933, 0.992419
5, 834,30,172.681763, 171.563065, 128.745529, 60.245361,17.065926, 218.302933, 1.006521
5, 834,31,150.925842, 151.058533, 128.745529, 60.245361,17.065926, 218.302933, 0.999122
5, 835,0,132.871826, 131.731674, 128.805893, 80.922745,15.190685, 251.924957, 1.008655
5, 835,1,136.350647, 136.229736, 128.805893, 80.922745,15.190685, 251.924957, 1.000888
5, 835,2,52.872353, 52.009220, 128.805893, 80.922745,15.190685, 251.924957, 1.016596
5, 835,3,244.663177, 245.125885, 128.805893, 80.922745,15.190685, 251.924957, 0.998112
5, 835,4,45.624180, 46.425949, 128.805893, 80.922745,15.190685, 251.924957, 0.982730
5, 835,5,241.901886, 243.359589, 128.805893, 80.922745,15.190685, 251.924957, 0.994010
5, 835,6,216.341858, 215.780060, 128.805893, 80.922745,15.190685, 251.924957, 1.002604
5, 835,7,144.540955, 143.893631, 128.805893, 80.922745,15.190685, 251.924957, 1.004499
5, 835,8,19.730864, 19.557415, 128.805893, 80.922745,15.190685, 251.924957, 1.008869
5, 835,9,22.033825, 22.887917, 128.805893, 80.922745,15.190685, 251.924957, 0.962684
5, 835,10,18.891769, 18.195278, 128.805893, 80.922745,15.190685, 251.924957, 1.038279
5, 835,11,15.190685, 16.765781, 128.805893, 80.922745,15.190685, 251.924957, 0.906053
5, 835,12,189.858856, 189.091141, 128.805893, 80.922745,15.190685, 251.924957, 1.004060
5, 835,13,152.852951, 152.201172, 128.805893, 80.922745,15.190685, 251.924957, 1.004282
5, 835,14,161.056854, 161.766068, 128.805893, 80.922745,15.190685, 251.924957, 0.995616
5, 835,15,220.690048, 220.255646, 128.805893, 80.922745,15.190685, 251.924957, 1.001972
5, 835,16,63.950108, 63.789459, 128.805893, 80.922745,15.190685, 251.924957, 1.002518
5, 835,17,247.140854, 247.588211, 128.805893, 80.922745,15.190685, 251.924957, 0.998193
5, 835,18,134.860703, 135.166962, 128.805893, 80.922745,15.190685, 251.924957, 0.997734
5, 835,19,42.299107, 41.029793, 128.805893, 80.922745,15.190685, 251.924957, 1.030936
5, 835,20,63.614883, 64.650146, 128.805893, 80.922745,15.190685, 251.924957, 0.983987
5, 835,21,156.143982, 156.474686, 128.805893, 80.922745,15.190685, 251.924957, 0.997887
5, 835,22,130.147263, 130.429428, 128.805893, 80.922745,15.190685, 251.924957, 0.997837
5, 835,23,67.553474, 68.048019, 128.805893, 80.922745,15.190685, 251.924957, 0.992732
5, 835,24,203.318710, 202.450577, 128.805893, 80.922745,15.190685, 251.924957, 1.004288
5, 835,25,32.049995, 31.562187, 128.805893, 80.922745,15.190685, 251.924957, 1.015455
5, 835,26,240.068680, 237.993378, 128.805893, 80.922745,15.190685, 251.924957, 1.008720
5, 835,27,223.265610, 223.578674, 128.805893, 80.922745,15.190685, 251.924957, 0.998600
5, 835,28,251.924957, 252.108704, 128.805893, 80.922745,15.190685, 251.924957, 0.999271
5, 835,29,83.793007, 83.585358, 128.805893, 80.922745,15.190685, 251.924957, 1.002484
5, 835,30,114.596252, 115.558174, 128.805893, 80.922745,15.190685, 251.924957, 0.991676
5, 835,31,51.588440, 51.709846, 128.805893, 80.922745,15.190685, 251.924957, 0.997652
5, 836,0,20.861517, 19.721651, 128.781952, 56.913284,18.653824, 210.299698, 1.057798
5, 836,1,46.535793, 44.862972, 128.781952, 56.913284,18.653824, 210.299698, 1.037287
5, 836,2,206.333801, 207.221558, 128.781952, 56.913284,18.653824, 210.299698, 0.995716
5, 836,3,117.678871, 118.638023, 128.781952, 56.913284,18.653824, 210.299698, 0.991915
5, 836,4,130.429276, 130.008606, 128.781952, 56.913284,18.653824, 210.299698, 1.003236
5, 836,5,18.653824, 17.557041, 128.781952, 56.913284,18.653824, 210.299698, 1.062470
5, 836,6,89.151405, 89.479439, 128.781952, 56.913284,18.653824, 210.299698, 0.996334
5, 836,7,188.503983, 189.497223, 128.781952, 56.913284,18.653824, 210.299698, 0.994759
5, 836,8,70.345406, 70.615486, 128.781952, 56.913284,18.653824, 210.299698, 0.996175
5, 836,9,149.001022, 148.904373, 128.781952, 56.913284,18.653824, 210.299698, 1.000649
5, 836,10,57.264988, 57.984341, 128.781952, 56.913284,18.653824, 210.299698, 0.987594
5, 836,11,198.304260, 199.123367, 128.781952, 56.913284,18.653824, 210.299698, 0.995886
5, 836,12,208.743088, 208.736786, 128.781952, 56.913284,18.653824, 210.299698, 1.000030
5, 836,13,123.277359, 122.196892, 128.781952, 56.913284,18.653824, 210.299698, 1.008842
5, 836,14,63.364315, 64.268082, 128.781952, 56.913284,18.653824, 210.299698, 0.985938
5, 836,15,55.021564, 55.049381, 128.781952, 56.913284,18.653824, 210.299698, 0.999495
5, 836,16,179.364639, 179.329910, 128.781952, 56.913284,18.653824, 210.299698, 1.000194
5, 836,17,143.033569, 143.581985, 128.781952, 56.913284,18.653824, 210.299698, 0.996180
5, 836,18,174.016785, 174.911545, 128.781952, 56.913284,18.653824, 210.299698, 0.994884
5, 836,19,110.716454, 110.138748, 128.781952, 56.913284,18.653824, 210.299698, 1.005245
5, 836,20,83.691666, 82.259819, 128.781952, 56.913284,18.653824, 210.299698, 1.017406
5, 836,21,88.705566, 88.791855, 128.781952, 56.913284,18.653824, 210.299698, 0.999028
5, 836,22,132.545883, 132.529739, 128.781952, 56.913284,18.653824, 210.299698, 1.000122
5, 836,23,210.299698, 210.945969, 128.781952, 56.913284,18.653824, 210.299698, 0.996936
5, 836,24,130.336075, 129.868530, 128.781952, 56.913284,18.653824, 210.299698, 1.003600
5, 836,25,169.055374, 169.219894, 128.781952, 56.913284,18.653824, 210.299698, 0.999028
5, 836,26,198.714981, 199.817322, 128.781952, 56.913284,18.653824, 210.299698, 0.994483
5, 836,27,112.914803, 112.176025, 128.781952, 56.913284,18.653824, 210.299698, 1.006586
5, 836,28,159.404053, 159.676514, 128.781952, 56.913284,18.653824, 210.299698, 0.998294
5, 836,29,126.402618, 125.119125, 128.781952, 56.913284,18.653824, 210.299698, 1.010258
5, 836,30,164.040054, 163.992996, 128.781952, 56.913284,18.653824, 210.299698, 1.000287
5, 836,31,194.309418, 194.775040, 128.781952, 56.913284,18.653824, 210.299698, 0.997609
5, 837,0,126.150063, 124.016670, 128.524567, 64.802544,31.843884, 233.565491, 1.017202
5, 837,1,117.369934, 117.023232, 128.524567, 64.802544,31.843884, 233.565491, 1.002963
5, 837,2,172.384186, 173.187057, 128.524567, 64.802544,31.843884, 233.565491, 0.995364
5, 837,3,74.173203, 74.553146, 128.524567, 64.802544,31.843884, 233.565491, 0.994904
5, 837,4,204.751068, 206.346542, 128.524567, 64.802544,31.843884, 233.565491, 0.992268
5, 837,5,53.605145, 52.546864, 128.524567, 64.802544,31.843884, 233.565491, 1.020140
5, 837,6,196.842896, 198.271271, 128.524567, 64.802544,31.843884, 233.565491, 0.992796
5, 837,7,52.225746, 52.728333, 128.524567, 64.802544,31.843884, 233.565491, 0.990468
5, 837,8,95.021721, 94.102646, 128.524567, 64.802544,31.843884, 233.565491, 1.009767
5, 837,9,58.144047, 59.952087, 128.524567, 64.802544,31.843884, 233.565491, 0.969842
5, 837,10,93.244598, 92.483406, 128.524567, 64.802544,31.843884, 233.565491, 1.008231
5, 837,11,176.814926, 176.390640, 128.524567, 64.802544,31.843884, 233.565491, 1.002405
5, 837,12,34.826691, 36.668564, 128.524567, 64.802544,31.843884, 233.565491, 0.949770
5, 837,13,94.493553, 94.242233, 128.524567, 64.802544,31.843884, 233.565491, 1.002667
5, 837,14,53.681652, 53.900883, 128.524567, 64.802544,31.843884, 233.565491, 0.995933
5, 837,15,233.565491, 233.754929, 128.524567, 64.802544,31.843884, 233.565491, 0.999190
5, 837,16,93.272484, 93.795547, 128.524567, 64.802544,31.843884, 233.565491, 0.994423
5, 837,17,217.153885, 216.599380, 128.524567, 64.802544,31.843884, 233.565491, 1.002560
5, 837,18,206.154007, 206.842072, 128.524567, 64.802544,31.843884, 233.565491, 0.996673
5, 837,19,186.349930, 186.092087, 128.524567, 64.802544,31.843884, 233.565491, 1.001386
5, 837,20,180.014969, 179.384827, 128.524567, 64.802544,31.843884, 233.565491, 1.003513
5, 837,21,34.445591, 34.169914, 128.524567, 64.802544,31.843884, 233.565491, 1.008068
5, 837,22,136.816757, 138.443253, 128.524567, 64.802544,31.843884, 233.565491, 0.988252
5, 837,23,215.036942, 214.386887, 128.524567, 64.802544,31.843884, 233.565491, 1.003032
5, 837,24,64.799484, 64.642288, 128.524567, 64.802544,31.843884, 233.565491, 1.002432
5, 837,25,91.845345, 91.415550, 128.524567, 64.802544,31.843884, 233.565491, 1.004701
5, 837,26,126.607277, 127.715797, 128.524567, 64.802544,31.843884, 233.565491, 0.991320
5, 837,27,31.843884, 33.779064, 128.524567, 64.802544,31.843884, 233.565491, 0.942711
5, 837,28,204.408707, 205.369400, 128.524567, 64.802544,31.843884, 233.565491, 0.995322
5, 837,29,101.743332, 102.903763, 128.524567, 64.802544,31.843884, 233.565491, 0.988723
5, 837,30,185.648193, 186.364304, 128.524567, 64.802544,31.843884, 233.565491, 0.996157
5, 837,31,199.350708, 198.927353, 128.524567, 64.802544,31.843884, 233.565491, 1.002128
5, 838,0,26.481844, 26.676884, 129.029800, 72.209244,12.056258, 232.040207, 0.992689
5, 838,1,232.040207, 232.010162, 129.029800, 72.209244,12.056258, 232.040207, 1.000129
5, 838,2,227.435577, 228.278564, 129.029800, 72.209244,12.056258, 232.040207, 0.996307
5, 838,3,227.093079, 226.758774, 129.029800, 72.209244,12.056258, 232.040207, 1.001474
5, 838,4,22.334259, 21.846151, 129.029800, 72.209244,12.056258, 232.040207, 1.022343
5, 838,5,119.192871, 118.087646, 129.029800, 72.209244,12.056258, 232.040207, 1.009359
5, 838,6,45.198105, 45.606300, 129.029800, 72.209244,12.056258, 232.040207, 0.991050
5, 838,7,186.173325, 186.077515, 129.029800, 72.209244,12.056258, 232.040207, 1.000515
5, 838,8,170.404678, 170.058746, 129.029800, 72.209244,12.056258, 232.040207, 1.002034
5, 838,9,145.357407, 146.040771, 129.029800, 72.209244,12.056258, 232.040207, 0.995321
5, 838,10,226.442825, 225.761429, 129.029800, 72.209244,12.056258, 232.040207, 1.003018
5, 838,11,32.778084, 33.353065, 129.029800, 72.209244,12.056258, 232.040207, 0.982761
5, 838,12,149.807373, 149.758804, 129.029800, 72.209244,12.056258, 232.040207, 1.000324
5, 838,13,32.573231, 32.661022, 129.029800, 72.209244,12.056258, 232.040207, 0.997312
5, 838,14,138.263809, 137.329163, 129.029800, 72.209244,12.056258, 232.040207, 1.006806
5, 838,15,214.170547, 214.376648, 129.029800, 72.209244,12.056258, 232.040207, 0.999039
5, 838,16,188.956345, 189.965149, 129.029800, 72.209244,12.056258, 232.040207, 0.994690
5, 838,17,61.506828, 61.075504, 129.029800, 72.209244,12.056258, 232.040207, 1.007062
5, 838,18,133.119034, 133.427948, 129.029800, 72.209244,12.056258, 232.040207, 0.997685
5, 838,19,176.950089, 175.337265, 129.029800, 72.209244,12.056258, 232.040207, 1.009198
5, 838,20,103.044281, 101.973900, 129.029800, 72.209244,12.056258, 232.040207, 1.010497
5, 838,21,12.056258, 11.580844, 129.029800, 72.209244,12.056258, 232.040207, 1.041052
5, 838,22,229.190186, 229.289490, 129.029800, 72.209244,12.056258, 232.040207, 0.999567
5, 838,23,135.166290, 134.628845, 129.029800, 72.209244,12.056258, 232.040207, 1.003992
5, 838,24,105.834679, 105.685150, 129.029800, 72.209244,12.056258, 232.040207, 1.001415
5, 838,25,45.333076, 45.226357, 129.029800, 72.209244,12.056258, 232.040207, 1.002360
5, 838,26,38.256611, 36.107666, 129.029800, 72.209244,12.056258, 232.040207, 1.059515
5, 838,27,197.496109, 197.570847, 129.029800, 72.209244,12.056258, 232.040207, 0.999622
5, 838,28,68.798271, 67.174980, 129.029800, 72.209244,12.056258, 232.040207, 1.024165
5, 838,29,129.111572, 128.827896, 129.029800, 72.209244,12.056258, 232.040207, 1.002202
5, 838,30,180.461960, 180.283340, 129.029800, 72.209244,12.056258, 232.040207, 1.000991
5, 838,31,127.924652, 128.162979, 129.029800, 72.209244,12.056258, 232.040207, 0.998140
5, 839,0,120.274841, 119.645027, 128.849609, 74.989754,18.147179, 257.380859, 1.005264
5, 839,1,41.921570, 42.885250, 128.849609, 74.989754,18.147179, 257.380859, 0.977529
5, 839,2,257.380859, 256.899414, 128.849609, 74.989754,18.147179, 257.380859, 1.001874
5, 839,3,107.464890, 107.896164, 128.849609, 74.989754,18.147179, 257.380859, 0.996003
5, 839,4,42.744072, 42.654068, 128.849609, 74.989754,18.147179, 257.380859, 1.002110
5, 839,5,91.580452, 92.010841, 128.849609, 74.989754,18.147179, 257.380859, 0.995322
5, 839,6,156.309967, 156.757553, 128.849609, 74.989754,18.147179, 257.380859, 0.997145
5, 839,7,139.015137, 138.238434, 128.849609, 74.989754,18.147179, 257.380859, 1.005619
5, 839,8,64.598190, 64.888565, 128.849609, 74.989754,18.147179, 257.380859, 0.995525
5, 839,9,152.725266, 153.174271, 128.849609, 74.989754,18.147179, 257.380859, 0.997069
5, 839,10,81.888718, 80.608749, 128.849609, 74.989754,18.147179, 257.380859, 1.015879
5, 839,11,194.678055, 195.265411, 128.849609, 74.989754,18.147179, 257.380859, 0.996992
5, 839,12,228.090820, 226.829620, 128.849609, 74.989754,18.147179, 257.380859, 1.005560
5, 839,13,22.416899, 23.639576, 128.849609, 74.989754,18.147179, 257.380859, 0.948278
5, 839,14,204.461578, 204.033707, 128.849609, 74.989754,18.147179, 257.380859, 1.002097
5, 839,15,101.907181, 103.223038, 128.849609, 74.989754,18.147179, 257.380859, 0.987252
5, 839,16,138.543121, 138.032043, 128.849609, 74.989754,18.147179, 257.380859, 1.003703
5, 839,17,247.542953, 246.100082, 128.849609, 74.989754,18.147179, 257.380859, 1.005863
5, 839,18,107.699226, 108.589699, 128.849609, 74.989754,18.147179, 257.380859, 0.991800
5, 839,19,57.732708, 58.621952, 128.849609, 74.989754,18.147179, 257.380859, 0.984831
5, 839,20,88.318787, 85.702950, 128.849609, 74.989754,18.147179, 257.380859, 1.030522
5, 839,21,170.063568, 169.348557, 128.849609, 74.989754,18.147179, 257.380859, 1.004222
5, 839,22,170.742340, 169.728363, 128.849609, 74.989754,18.147179, 257.380859, 1.005974
5, 839,23,18.147179, 17.455532, 128.849609, 74.989754,18.147179, 257.380859, 1.039623
5, 839,24,66.970001, 66.217842, 128.849609, 74.989754,18.147179, 257.380859, 1.011359
5, 839,25,75.382988, 76.034706, 128.849609, 74.989754,18.147179, 257.380859, 0.991429
5, 839,26,212.122589, 212.257095, 128.849609, 74.989754,18.147179, 257.380859, 0.999366
5, 839,27,245.828827, 245.439575, 128.849609, 74.989754,18.147179, 257.380859, 1.001586
5, 839,28,196.686951, 197.255188, 128.849609, 74.989754,18.147179, 257.380859, 0.997119
5, 839,29,249.758118, 250.492477, 128.849609, 74.989754,18.147179, 257.380859, 0.997068
5, 839,30,40.433929, 41.192688, 128.849609, 74.989754,18.147179, 257.380859, 0.981580
5, 839,31,29.755802, 29.881416, 128.849609, 74.989754,18.147179, 257.380859, 0.995796
5, 840,0,153.720169, 153.711411, 128.972946, 85.947205,19.783998, 278.895813, 1.000057
5, 840,1,278.895813, 278.621887, 128.972946, 85.947205,19.783998, 278.895813, 1.000983
5, 840,2,98.937943, 98.888573, 128.972946, 85.947205,19.783998, 278.895813, 1.000499
5, 840,3,75.853889, 74.929703, 128.972946, 85.947205,19.783998, 278.895813, 1.012334
5, 840,4,263.770172, 264.268311, 128.972946, 85.947205,19.783998, 278.895813, 0.998115
5, 840,5,88.213898, 87.945732, 128.972946, 85.947205,19.783998, 278.895813, 1.003049
5, 840,6,86.034828, 85.864174, 128.972946, 85.947205,19.783998, 278.895813, 1.001987
5, 840,7,163.511810, 164.010544, 128.972946, 85.947205,19.783998, 278.895813, 0.996959
5, 840,8,32.329662, 31.509480, 128.972946, 85.947205,19.783998, 278.895813, 1.026030
5, 840,9,131.524918, 128.983459, 128.972946, 85.947205,19.783998, 278.895813, 1.019704
5, 840,10,35.760841, 34.585846, 128.972946, 85.947205,19.783998, 278.895813, 1.033973
5, 840,11,48.731773, 49.390854, 128.972946, 85.947205,19.783998, 278.895813, 0.986656
5, 840,12,242.077606, 243.954254, 128.972946, 85.947205,19.783998, 278.895813, 0.992307
5, 840,13,230.723923, 230.988373, 128.972946, 85.947205,19.783998, 278.895813, 0.998855
5, 840,14,37.777466, 36.366455, 128.972946, 85.947205,19.783998, 278.895813, 1.038800
5, 840,15,35.716633, 35.045628, 128.972946, 85.947205,19.783998, 278.895813, 1.019147
5, 840,16,34.919849, 36.333023, 128.972946, 85.947205,19.783998, 278.895813, 0.961105
5, 840,17,247.484421, 247.398438, 128.972946, 85.947205,19.783998, 278.895813, 1.000347
5, 840,18,130.439438, 129.200806, 128.972946, 85.947205,19.783998, 278.895813, 1.009587
5, 840,19,253.889557, 253.225159, 128.972946, 85.947205,19.783998, 278.895813, 1.002624
5, 840,20,53.663219, 53.729534, 128.972946, 85.947205,19.783998, 278.895813, 0.998766
5, 840,21,186.091904, 185.227432, 128.972946, 85.947205,19.783998, 278.895813, 1.004667
5, 840,22,81.809250, 80.856720, 128.972946, 85.947205,19.783998, 278.895813, 1.011781
5, 840,23,254.054581, 253.710022, 128.972946, 85.947205,19.783998, 278.895813, 1.001358
5, 840,24,19.783998, 19.931309, 128.972946, 85.947205,19.783998, 278.895813, 0.992609
5, 840,25,139.416000, 138.095520, 128.972946, 85.947205,19.783998, 278.895813, 1.009562
5, 840,26,34.939426, 34.920235, 128.972946, 85.947205,19.783998, 278.895813, 1.000550
5, 840,27,113.912094, 113.066605, 128.972946, 85.947205,19.783998, 278.895813, 1.007478
5, 840,28,235.977127, 237.701218, 128.972946, 85.947205,19.783998, 278.895813, 0.992747
5, 840,29,202.686600, 202.623947, 128.972946, 85.947205,19.783998, 278.895813, 1.000309
5, 840,30,110.682335, 110.901443, 128.972946, 85.947205,19.783998, 278.895813, 0.998024
5, 840,31,23.803049, 25.014000, 128.972946, 85.947205,19.783998, 278.895813, 0.951589
5, 841,0,217.959900, 218.146744, 128.969894, 66.486473,13.461472, 243.715240, 0.999143
5, 841,1,129.752899, 129.173340, 128.969894, 66.486473,13.461472, 243.715240, 1.004487
5, 841,2,175.674576, 174.731094, 128.969894, 66.486473,13.461472, 243.715240, 1.005400
5, 841,3,111.030617, 111.353989, 128.969894, 66.486473,13.461472, 243.715240, 0.997096
5, 841,4,68.958450, 69.361572, 128.969894, 66.486473,13.461472, 243.715240, 0.994188
5, 841,5,94.528984, 95.516975, 128.969894, 66.486473,13.461472, 243.715240, 0.989656
5, 841,6,206.959305, 206.739151, 128.969894, 66.486473,13.461472, 243.715240, 1.001065
5, 841,7,229.045670, 228.254547, 128.969894, 66.486473,13.461472, 243.715240, 1.003466
5, 841,8,13.461472, 13.594371, 128.969894, 66.486473,13.461472, 243.715240, 0.990224
5, 841,9,147.257156, 146.281113, 128.969894, 66.486473,13.461472, 243.715240, 1.006672
5, 841,10,243.715240, 240.976440, 128.969894, 66.486473,13.461472, 243.715240, 1.011365
5, 841,11,56.296246, 55.281811, 128.969894, 66.486473,13.461472, 243.715240, 1.018350
5, 841,12,227.488022, 226.940247, 128.969894, 66.486473,13.461472, 243.715240, 1.002414
5, 841,13,68.425438, 68.337723, 128.969894, 66.486473,13.461472, 243.715240, 1.001284
5, 841,14,89.736992, 90.216187, 128.969894, 66.486473,13.461472, 243.715240, 0.994688
5, 841,15,136.347549, 135.686783, 128.969894, 66.486473,13.461472, 243.715240, 1.004870
5, 841,16,206.434921, 205.824203, 128.969894, 66.486473,13.461472, 243.715240, 1.002967
5, 841,17,16.657915, 16.477129, 128.969894, 66.486473,13.461472, 243.715240, 1.010972
5, 841,18,146.455460, 145.714722, 128.969894, 66.486473,13.461472, 243.715240, 1.005083
5, 841,19,178.453644, 178.768402, 128.969894, 66.486473,13.461472, 243.715240, 0.998239
5, 841,20,195.897797, 195.563934, 128.969894, 66.486473,13.461472, 243.715240, 1.001707
5, 841,21,64.258591, 64.438385, 128.969894, 66.486473,13.461472, 243.715240, 0.997210
5, 841,22,17.883360, 17.733343, 128.969894, 66.486473,13.461472, 243.715240, 1.008460
5, 841,23,74.718300, 74.981865, 128.969894, 66.486473,13.461472, 243.715240, 0.996485
5, 841,24,197.149246, 197.277603, 128.969894, 66.486473,13.461472, 243.715240, 0.999349
5, 841,25,120.459473, 120.655785, 128.969894, 66.486473,13.461472, 243.715240, 0.998373
5, 841,26,126.851913, 126.493912, 128.969894, 66.486473,13.461472, 243.715240, 1.002830
5, 841,27,149.529343, 149.345398, 128.969894, 66.486473,13.461472, 243.715240, 1.001232
5, 841,28,69.495750, 70.167587, 128.969894, 66.486473,13.461472, 243.715240, 0.990425
5, 841,29,127.118439, 127.111137, 128.969894, 66.486473,13.461472, 243.715240, 1.000057
5, 841,30,65.521278, 64.823227, 128.969894, 66.486473,13.461472, 243.715240, 1.010769
5, 841,31,153.512970, 155.031036, 128.969894, 66.486473,13.461472, 243.715240, 0.990208
5, 842,0,78.725586, 78.922043, 128.655472, 68.935745,11.577424, 230.458832, 0.997511
5, 842,1,97.967720, 98.201378, 128.655472, 68.935745,11.577424, 230.458832, 0.997621
5, 842,2,42.487984, 43.425358, 128.655472, 68.935745,11.577424, 230.458832, 0.978414
5, 842,3,188.879547, 188.287033, 128.655472, 68.935745,11.577424, 230.458832, 1.003147
5, 842,4,182.939560, 183.534744, 128.655472, 68.935745,11.577424, 230.458832, 0.996757
5, 842,5,177.703644, 177.514740, 128.655472, 68.935745,11.577424, 230.458832, 1.001064
5, 842,6,194.477203, 194.203156, 128.655472, 68.935745,11.577424, 230.458832, 1.001411
5, 842,7,220.809799, 221.324463, 128.655472, 68.935745,11.577424, 230.458832, 0.997675
5, 842,8,30.023020, 29.764259, 128.655472, 68.935745,11.577424, 230.458832, 1.008694
5, 842,9,230.458832, 230.427246, 128.655472, 68.935745,11.577424, 230.458832, 1.000137
5, 842,10,25.666306, 26.820057, 128.655472, 68.935745,11.577424, 230.458832, 0.956982
5, 842,11,137.711411, 137.993134, 128.655472, 68.935745,11.577424, 230.458832, 0.997958
5, 842,12,11.577424, 11.350869, 128.655472, 68.935745,11.577424, 230.458832, 1.019959
5, 842,13,127.332230, 128.329224, 128.655472, 68.935745,11.577424, 230.458832, 0.992231
5, 842,14,61.083721, 60.681847, 128.655472, 68.935745,11.577424, 230.458832, 1.006623
5, 842,15,136.216614, 135.907959, 128.655472, 68.935745,11.577424, 230.458832, 1.002271
5, 842,16,56.597210, 56.504543, 128.655472, 68.935745,11.577424, 230.458832, 1.001640
5, 842,17,225.603943, 225.972839, 128.655472, 68.935745,11.577424, 230.458832, 0.998368
5, 842,18,62.804634, 62.053501, 128.655472, 68.935745,11.577424, 230.458832, 1.012105
5, 842,19,127.196945, 127.179253, 128.655472, 68.935745,11.577424, 230.458832, 1.000139
5, 842,20,184.639801, 185.619934, 128.655472, 68.935745,11.577424, 230.458832, 0.994720
5, 842,21,170.818130, 170.510986, 128.655472, 68.935745,11.577424, 230.458832, 1.001801
5, 842,22,34.928036, 34.821358, 128.655472, 68.935745,11.577424, 230.458832, 1.003064
5, 842,23,200.381470, 199.613571, 128.655472, 68.935745,11.577424, 230.458832, 1.003847
5, 842,24,177.660965, 177.493942, 128.655472, 68.935745,11.577424, 230.458832, 1.000941
5, 842,25,157.938049, 158.373947, 128.655472, 68.935745,11.577424, 230.458832, 0.997248
5, 842,26,223.516693, 223.790649, 128.655472, 68.935745,11.577424, 230.458832, 0.998776
5, 842,27,181.206757, 181.047775, 128.655472, 68.935745,11.577424, 230.458832, 1.000878
5, 842,28,110.312042, 110.241432, 128.655472, 68.935745,11.577424, 230.458832, 1.000641
5, 842,29,21.276886, 21.818375, 128.655472, 68.935745,11.577424, 230.458832, 0.975182
5, 842,30,137.673080, 137.813019, 128.655472, 68.935745,11.577424, 230.458832, 0.998985
5, 842,31,100.359970, 101.457321, 128.655472, 68.935745,11.577424, 230.458832, 0.989184
5, 843,0,29.773888, 29.727308, 128.749176, 86.935745,12.104717, 284.882172, 1.001567
5, 843,1,49.512989, 49.648201, 128.749176, 86.935745,12.104717, 284.882172, 0.997277
5, 843,2,153.863525, 153.954041, 128.749176, 86.935745,12.104717, 284.882172, 0.999412
5, 843,3,71.659294, 71.375900, 128.749176, 86.935745,12.104717, 284.882172, 1.003970
5, 843,4,27.987162, 27.929726, 128.749176, 86.935745,12.104717, 284.882172, 1.002056
5, 843,5,284.882172, 285.352661, 128.749176, 86.935745,12.104717, 284.882172, 0.998351
5, 843,6,12.104717, 11.954294, 128.749176, 86.935745,12.104717, 284.882172, 1.012583
5, 843,7,168.040924, 168.998413, 128.749176, 86.935745,12.104717, 284.882172, 0.994334
5, 843,8,243.675797, 244.137329, 128.749176, 86.935745,12.104717, 284.882172, 0.998110
5, 843,9,141.371048, 142.016251, 128.749176, 86.935745,12.104717, 284.882172, 0.995457
5, 843,10,78.077835, 78.344978, 128.749176, 86.935745,12.104717, 284.882172, 0.996590
5, 843,11,21.019299, 20.610342, 128.749176, 86.935745,12.104717, 284.882172, 1.019842
5, 843,12,32.037571, 32.492821, 128.749176, 86.935745,12.104717, 284.882172, 0.985989
5, 843,13,31.609701, 31.681602, 128.749176, 86.935745,12.104717, 284.882172, 0.997730
5, 843,14,220.275787, 219.736313, 128.749176, 86.935745,12.104717, 284.882172, 1.002455
5, 843,15,192.023987, 191.730911, 128.749176, 86.935745,12.104717, 284.882172, 1.001529
5, 843,16,69.353699, 70.094543, 128.749176, 86.935745,12.104717, 284.882172, 0.989431
5, 843,17,15.653924, 15.236032, 128.749176, 86.935745,12.104717, 284.882172, 1.027428
5, 843,18,168.958694, 169.321045, 128.749176, 86.935745,12.104717, 284.882172, 0.997860
5, 843,19,75.125114, 74.104530, 128.749176, 86.935745,12.104717, 284.882172, 1.013772
5, 843,20,214.169464, 215.477417, 128.749176, 86.935745,12.104717, 284.882172, 0.993930
5, 843,21,223.958755, 223.478973, 128.749176, 86.935745,12.104717, 284.882172, 1.002147
5, 843,22,265.557617, 264.629761, 128.749176, 86.935745,12.104717, 284.882172, 1.003506
5, 843,23,240.708893, 241.086044, 128.749176, 86.935745,12.104717, 284.882172, 0.998436
5, 843,24,184.381454, 182.908920, 128.749176, 86.935745,12.104717, 284.882172, 1.008051
5, 843,25,81.000702, 80.022720, 128.749176, 86.935745,12.104717, 284.882172, 1.012221
5, 843,26,41.406590, 40.835442, 128.749176, 86.935745,12.104717, 284.882172, 1.013987
5, 843,27,59.585804, 60.212448, 128.749176, 86.935745,12.104717, 284.882172, 0.989593
5, 843,28,248.179276, 248.128891, 128.749176, 86.935745,12.104717, 284.882172, 1.000203
5, 843,29,149.125687, 149.012985, 128.749176, 86.935745,12.104717, 284.882172, 1.000756
5, 843,30,125.187637, 126.013161, 128.749176, 86.935745,12.104717, 284.882172, 0.993449
5, 843,31,199.704636, 200.746475, 128.749176, 86.935745,12.104717, 284.882172, 0.994810
5, 844,0,195.157547, 194.586319, 128.607239, 69.969711,14.764195, 234.126678, 1.002936
5, 844,1,234.126678, 234.543274, 128.607239, 69.969711,14.764195, 234.126678, 0.998224
5, 844,2,37.403202, 37.883339, 128.607239, 69.969711,14.764195, 234.126678, 0.987326
5, 844,3,144.685959, 144.712219, 128.607239, 69.969711,14.764195, 234.126678, 0.999819
5, 844,4,152.469009, 150.996277, 128.607239, 69.969711,14.764195, 234.126678, 1.009753
5, 844,5,156.413101, 156.957535, 128.607239, 69.969711,14.764195, 234.126678, 0.996531
5, 844,6,86.345558, 87.359085, 128.607239, 69.969711,14.764195, 234.126678, 0.988398
5, 844,7,45.063148, 45.527214, 128.607239, 69.969711,14.764195, 234.126678, 0.989807
5, 844,8,227.005096, 227.448822, 128.607239, 69.969711,14.764195, 234.126678, 0.998049
5, 844,9,136.098389, 135.990112, 128.607239, 69.969711,14.764195, 234.126678, 1.000796
5, 844,10,214.214645, 214.757095, 128.607239, 69.969711,14.764195, 234.126678, 0.997474
5, 844,11,100.516808, 101.410645, 128.607239, 69.969711,14.764195, 234.126678, 0.991186
5, 844,12,227.391617, 226.315628, 128.607239, 69.969711,14.764195, 234.126678, 1.004754
5, 844,13,147.910614, 148.345306, 128.607239, 69.969711,14.764195, 234.126678, 0.997070
5, 844,14,200.802429, 200.465149, 128.607239, 69.969711,14.764195, 234.126678, 1.001683
5, 844,15,153.247330, 152.060791, 128.607239, 69.969711,14.764195, 234.126678, 1.007803
5, 844,16,48.063938, 47.992764, 128.607239, 69.969711,14.764195, 234.126678, 1.001483
5, 844,17,96.555466, 96.520760, 128.607239, 69.969711,14.764195, 234.126678, 1.000360
5, 844,18,63.006508, 63.211845, 128.607239, 69.969711,14.764195, 234.126678, 0.996752
5, 844,19,174.818924, 174.758942, 128.607239, 69.969711,14.764195, 234.126678, 1.000343
5, 844,20,221.409042, 222.710022, 128.607239, 69.969711,14.764195, 234.126678, 0.994158
5, 844,21,40.588440, 41.722450, 128.607239, 69.969711,14.764195, 234.126678, 0.972820
5, 844,22,177.742783, 177.300034, 128.607239, 69.969711,14.764195, 234.126678, 1.002497
5, 844,23,185.423141, 186.035889, 128.607239, 69.969711,14.764195, 234.126678, 0.996706
5, 844,24,94.842949, 95.717224, 128.607239, 69.969711,14.764195, 234.126678, 0.990866
5, 844,25,49.203953, 50.362160, 128.607239, 69.969711,14.764195, 234.126678, 0.977002
5, 844,26,72.145432, 73.293808, 128.607239, 69.969711,14.764195, 234.126678, 0.984332
5, 844,27,42.478645, 41.825462, 128.607239, 69.969711,14.764195, 234.126678, 1.015617
5, 844,28,142.596542, 142.823578, 128.607239, 69.969711,14.764195, 234.126678, 0.998410
5, 844,29,26.311556, 26.942904, 128.607239, 69.969711,14.764195, 234.126678, 0.976567
5, 844,30,206.629578, 205.238297, 128.607239, 69.969711,14.764195, 234.126678, 1.006779
5, 844,31,14.764195, 15.185202, 128.607239, 69.969711,14.764195, 234.126678, 0.972275
5, 845,0,160.074051, 160.264389, 128.913788, 80.947884,12.197924, 246.042831, 0.998812
5, 845,1,18.111454, 19.026840, 128.913788, 80.947884,12.197924, 246.042831, 0.951890
5, 845,2,56.363251, 54.751465, 128.913788, 80.947884,12.197924, 246.042831, 1.029438
5, 845,3,227.381500, 228.175125, 128.913788, 80.947884,12.197924, 246.042831, 0.996522
5, 845,4,214.369141, 214.620422, 128.913788, 80.947884,12.197924, 246.042831, 0.998829
5, 845,5,12.197924, 13.841824, 128.913788, 80.947884,12.197924, 246.042831, 0.881237
5, 845,6,225.907776, 225.669281, 128.913788, 80.947884,12.197924, 246.042831, 1.001057
5, 845,7,199.818604, 201.925079, 128.913788, 80.947884,12.197924, 246.042831, 0.989568
5, 845,8,235.167206, 235.656570, 128.913788, 80.947884,12.197924, 246.042831, 0.997923
5, 845,9,177.571487, 177.978668, 128.913788, 80.947884,12.197924, 246.042831, 0.997712
5, 845,10,72.647095, 72.436852, 128.913788, 80.947884,12.197924, 246.042831, 1.002902
5, 845,11,130.717926, 130.750244, 128.913788, 80.947884,12.197924, 246.042831, 0.999753
5, 845,12,108.656151, 108.558662, 128.913788, 80.947884,12.197924, 246.042831, 1.000898
5, 845,13,45.014282, 45.349110, 128.913788, 80.947884,12.197924, 246.042831, 0.992617
5, 845,14,231.139328, 230.406570, 128.913788, 80.947884,12.197924, 246.042831, 1.003180
5, 845,15,41.764645, 42.417194, 128.913788, 80.947884,12.197924, 246.042831, 0.984616
5, 845,16,220.839127, 219.249405, 128.913788, 80.947884,12.197924, 246.042831, 1.007251
5, 845,17,246.042831, 245.080612, 128.913788, 80.947884,12.197924, 246.042831, 1.003926
5, 845,18,196.539047, 195.613510, 128.913788, 80.947884,12.197924, 246.042831, 1.004731
5, 845,19,20.285769, 19.936747, 128.913788, 80.947884,12.197924, 246.042831, 1.017506
5, 845,20,227.542328, 227.777954, 128.913788, 80.947884,12.197924, 246.042831, 0.998966
5, 845,21,59.052258, 58.376648, 128.913788, 80.947884,12.197924, 246.042831, 1.011573
5, 845,22,123.613022, 122.857178, 128.913788, 80.947884,12.197924, 246.042831, 1.006152
5, 845,23,42.568832, 42.684383, 128.913788, 80.947884,12.197924, 246.042831, 0.997293
5, 845,24,166.779846, 166.077682, 128.913788, 80.947884,12.197924, 246.042831, 1.004228
5, 845,25,71.933495, 70.869789, 128.913788, 80.947884,12.197924, 246.042831, 1.015009
5, 845,26,116.247810, 115.614037, 128.913788, 80.947884,12.197924, 246.042831, 1.005482
5, 845,27,16.859739, 16.629311, 128.913788, 80.947884,12.197924, 246.042831, 1.013857
5, 845,28,22.648657, 21.958759, 128.913788, 80.947884,12.197924, 246.042831, 1.031418
5, 845,29,138.259903, 137.105133, 128.913788, 80.947884,12.197924, 246.042831, 1.008422
5, 845,30,90.503746, 91.371552, 128.913788, 80.947884,12.197924, 246.042831, 0.990502
5, 845,31,208.623062, 207.969437, 128.913788, 80.947884,12.197924, 246.042831, 1.003143
5, 846,0,308.286865, 308.774658, 128.926544, 94.827652,11.421586, 308.286865, 0.998420
5, 846,1,37.997200, 35.453888, 128.926544, 94.827652,11.421586, 308.286865, 1.071736
5, 846,2,140.257111, 140.238922, 128.926544, 94.827652,11.421586, 308.286865, 1.000130
5, 846,3,57.463364, 57.177387, 128.926544, 94.827652,11.421586, 308.286865, 1.005002
5, 846,4,34.275036, 33.969158, 128.926544, 94.827652,11.421586, 308.286865, 1.009005
5, 846,5,112.436554, 112.288811, 128.926544, 94.827652,11.421586, 308.286865, 1.001316
5, 846,6,298.823914, 300.042572, 128.926544, 94.827652,11.421586, 308.286865, 0.995938
5, 846,7,11.421586, 10.844441, 128.926544, 94.827652,11.421586, 308.286865, 1.053220
5, 846,8,145.850479, 142.809357, 128.926544, 94.827652,11.421586, 308.286865, 1.021295
5, 846,9,21.061050, 21.766508, 128.926544, 94.827652,11.421586, 308.286865, 0.967590
5, 846,10,36.942234, 35.351814, 128.926544, 94.827652,11.421586, 308.286865, 1.044988
5, 846,11,73.384346, 74.428123, 128.926544, 94.827652,11.421586, 308.286865, 0.985976
5, 846,12,41.115349, 39.444111, 128.926544, 94.827652,11.421586, 308.286865, 1.042370
5, 846,13,301.641510, 300.775665, 128.926544, 94.827652,11.421586, 308.286865, 1.002879
5, 846,14,119.066345, 118.877319, 128.926544, 94.827652,11.421586, 308.286865, 1.001590
5, 846,15,51.546391, 53.623310, 128.926544, 94.827652,11.421586, 308.286865, 0.961268
5, 846,16,169.544373, 168.504517, 128.926544, 94.827652,11.421586, 308.286865, 1.006171
5, 846,17,182.467636, 182.164063, 128.926544, 94.827652,11.421586, 308.286865, 1.001666
5, 846,18,87.989601, 87.670090, 128.926544, 94.827652,11.421586, 308.286865, 1.003644
5, 846,19,52.284798, 52.305611, 128.926544, 94.827652,11.421586, 308.286865, 0.999602
5, 846,20,272.708374, 272.630707, 128.926544, 94.827652,11.421586, 308.286865, 1.000285
5, 846,21,122.707008, 123.405754, 128.926544, 94.827652,11.421586, 308.286865, 0.994338
5, 846,22,273.813843, 273.326660, 128.926544, 94.827652,11.421586, 308.286865, 1.001782
5, 846,23,195.649796, 197.057785, 128.926544, 94.827652,11.421586, 308.286865, 0.992855
5, 846,24,102.362068, 104.586769, 128.926544, 94.827652,11.421586, 308.286865, 0.978729
5, 846,25,14.069638, 12.347733, 128.926544, 94.827652,11.421586, 308.286865, 1.139451
5, 846,26,76.903328, 77.091370, 128.926544, 94.827652,11.421586, 308.286865, 0.997561
5, 846,27,71.249588, 72.665009, 128.926544, 94.827652,11.421586, 308.286865, 0.980521
5, 846,28,93.466743, 94.833923, 128.926544, 94.827652,11.421586, 308.286865, 0.985583
5, 846,29,244.342911, 243.214432, 128.926544, 94.827652,11.421586, 308.286865, 1.004640
5, 846,30,101.958046, 101.079086, 128.926544, 94.827652,11.421586, 308.286865, 1.008696
5, 846,31,272.562408, 272.250244, 128.926544, 94.827652,11.421586, 308.286865, 1.001147
5, 847,0,170.740341, 170.261551, 129.068512, 54.315792,22.489487, 220.086349, 1.002812
5, 847,1,172.309402, 171.309433, 129.068512, 54.315792,22.489487, 220.086349, 1.005837
5, 847,2,66.610878, 64.813309, 129.068512, 54.315792,22.489487, 220.086349, 1.027735
5, 847,3,76.592857, 77.150749, 129.068512, 54.315792,22.489487, 220.086349, 0.992769
5, 847,4,112.504929, 113.675392, 129.068512, 54.315792,22.489487, 220.086349, 0.989703
5, 847,5,61.296898, 59.672710, 129.068512, 54.315792,22.489487, 220.086349, 1.027218
5, 847,6,198.639633, 198.264633, 129.068512, 54.315792,22.489487, 220.086349, 1.001891
5, 847,7,178.714478, 178.690811, 129.068512, 54.315792,22.489487, 220.086349, 1.000132
5, 847,8,122.943352, 122.585762, 129.068512, 54.315792,22.489487, 220.086349, 1.002917
5, 847,9,115.302299, 113.484261, 129.068512, 54.315792,22.489487, 220.086349, 1.016020
5, 847,10,186.885757, 187.054184, 129.068512, 54.315792,22.489487, 220.086349, 0.999100
5, 847,11,97.357574, 97.838387, 129.068512, 54.315792,22.489487, 220.086349, 0.995086
5, 847,12,132.955872, 131.990417, 129.068512, 54.315792,22.489487, 220.086349, 1.007315
5, 847,13,139.809494, 138.950012, 129.068512, 54.315792,22.489487, 220.086349, 1.006186
5, 847,14,160.683502, 159.215851, 129.068512, 54.315792,22.489487, 220.086349, 1.009218
5, 847,15,56.121475, 54.617783, 129.068512, 54.315792,22.489487, 220.086349, 1.027531
5, 847,16,153.820816, 152.994400, 129.068512, 54.315792,22.489487, 220.086349, 1.005402
5, 847,17,139.741180, 140.841492, 129.068512, 54.315792,22.489487, 220.086349, 0.992188
5, 847,18,93.645119, 94.239952, 129.068512, 54.315792,22.489487, 220.086349, 0.993688
5, 847,19,22.489487, 21.250008, 129.068512, 54.315792,22.489487, 220.086349, 1.058328
5, 847,20,212.715698, 212.928543, 129.068512, 54.315792,22.489487, 220.086349, 0.999000
5, 847,21,97.304123, 97.159554, 129.068512, 54.315792,22.489487, 220.086349, 1.001488
5, 847,22,202.510666, 202.073959, 129.068512, 54.315792,22.489487, 220.086349, 1.002161
5, 847,23,125.375069, 123.844551, 129.068512, 54.315792,22.489487, 220.086349, 1.012358
5, 847,24,147.930664, 149.125763, 129.068512, 54.315792,22.489487, 220.086349, 0.991986
5, 847,25,171.426483, 172.884567, 129.068512, 54.315792,22.489487, 220.086349, 0.991566
5, 847,26,201.472321, 200.841522, 129.068512, 54.315792,22.489487, 220.086349, 1.003141
5, 847,27,28.362246, 28.789557, 129.068512, 54.315792,22.489487, 220.086349, 0.985157
5, 847,28,73.629105, 72.939407, 129.068512, 54.315792,22.489487, 220.086349, 1.009456
5, 847,29,220.086349, 218.853409, 129.068512, 54.315792,22.489487, 220.086349, 1.005634
5, 847,30,90.405273, 91.491707, 129.068512, 54.315792,22.489487, 220.086349, 0.988125
5, 847,31,99.809021, 101.166588, 129.068512, 54.315792,22.489487, 220.086349, 0.986581
5, 848,0,59.850834, 61.223003, 128.566071, 61.694050,13.013183, 245.898422, 0.977587
5, 848,1,118.704918, 118.574852, 128.566071, 61.694050,13.013183, 245.898422, 1.001097
5, 848,2,198.229462, 199.059174, 128.566071, 61.694050,13.013183, 245.898422, 0.995832
5, 848,3,121.227661, 121.631416, 128.566071, 61.694050,13.013183, 245.898422, 0.996680
5, 848,4,57.764851, 57.852139, 128.566071, 61.694050,13.013183, 245.898422, 0.998491
5, 848,5,163.236984, 163.134705, 128.566071, 61.694050,13.013183, 245.898422, 1.000627
5, 848,6,67.355858, 67.147552, 128.566071, 61.694050,13.013183, 245.898422, 1.003102
5, 848,7,197.205307, 196.788345, 128.566071, 61.694050,13.013183, 245.898422, 1.002119
5, 848,8,194.369476, 195.208984, 128.566071, 61.694050,13.013183, 245.898422, 0.995699
5, 848,9,201.283920, 201.927155, 128.566071, 61.694050,13.013183, 245.898422, 0.996815
5, 848,10,159.546921, 159.583115, 128.566071, 61.694050,13.013183, 245.898422, 0.999773
5, 848,11,16.675671, 15.633823, 128.566071, 61.694050,13.013183, 245.898422, 1.066641
5, 848,12,83.849007, 84.591194, 128.566071, 61.694050,13.013183, 245.898422, 0.991226
5, 848,13,245.898422, 245.583374, 128.566071, 61.694050,13.013183, 245.898422, 1.001283
5, 848,14,177.745285, 177.623901, 128.566071, 61.694050,13.013183, 245.898422, 1.000683
5, 848,15,116.202995, 116.484764, 128.566071, 61.694050,13.013183, 245.898422, 0.997581
5, 848,16,84.843483, 86.052681, 128.566071, 61.694050,13.013183, 245.898422, 0.985948
5, 848,17,112.735687, 112.202423, 128.566071, 61.694050,13.013183, 245.898422, 1.004753
5, 848,18,161.147781, 160.636017, 128.566071, 61.694050,13.013183, 245.898422, 1.003186
5, 848,19,226.444550, 226.473953, 128.566071, 61.694050,13.013183, 245.898422, 0.999870
5, 848,20,67.235329, 66.306801, 128.566071, 61.694050,13.013183, 245.898422, 1.014004
5, 848,21,95.335312, 96.173141, 128.566071, 61.694050,13.013183, 245.898422, 0.991288
5, 848,22,185.991165, 185.638550, 128.566071, 61.694050,13.013183, 245.898422, 1.001899
5, 848,23,195.712753, 195.122559, 128.566071, 61.694050,13.013183, 245.898422, 1.003025
5, 848,24,105.418633, 106.325012, 128.566071, 61.694050,13.013183, 245.898422, 0.991475
5, 848,25,163.468872, 164.894775, 128.566071, 61.694050,13.013183, 245.898422, 0.991353
5, 848,26,106.385826, 105.602127, 128.566071, 61.694050,13.013183, 245.898422, 1.007421
5, 848,27,37.612747, 39.206306, 128.566071, 61.694050,13.013183, 245.898422, 0.959355
5, 848,28,13.013183, 12.561543, 128.566071, 61.694050,13.013183, 245.898422, 1.035954
5, 848,29,169.712341, 169.955002, 128.566071, 61.694050,13.013183, 245.898422, 0.998572
5, 848,30,105.907219, 106.930054, 128.566071, 61.694050,13.013183, 245.898422, 0.990435
5, 848,31,104.002197, 104.871384, 128.566071, 61.694050,13.013183, 245.898422, 0.991712
5, 849,0,21.594122, 21.830093, 128.665588, 75.075363,10.813101, 260.782837, 0.989191
5, 849,1,84.738983, 84.786835, 128.665588, 75.075363,10.813101, 260.782837, 0.999436
5, 849,2,166.415771, 167.097504, 128.665588, 75.075363,10.813101, 260.782837, 0.995920
5, 849,3,169.036835, 168.153900, 128.665588, 75.075363,10.813101, 260.782837, 1.005251
5, 849,4,67.142914, 68.094063, 128.665588, 75.075363,10.813101, 260.782837, 0.986032
5, 849,5,170.311615, 171.081192, 128.665588, 75.075363,10.813101, 260.782837, 0.995502
5, 849,6,199.423447, 199.612106, 128.665588, 75.075363,10.813101, 260.782837, 0.999055
5, 849,7,260.141022, 260.069000, 128.665588, 75.075363,10.813101, 260.782837, 1.000277
5, 849,8,260.782837, 260.754425, 128.665588, 75.075363,10.813101, 260.782837, 1.000109
5, 849,9,98.570068, 97.947510, 128.665588, 75.075363,10.813101, 260.782837, 1.006356
5, 849,10,44.418941, 44.506454, 128.665588, 75.075363,10.813101, 260.782837, 0.998034
5, 849,11,13.830437, 14.112711, 128.665588, 75.075363,10.813101, 260.782837, 0.979999
5, 849,12,179.612045, 180.846863, 128.665588, 75.075363,10.813101, 260.782837, 0.993172
5, 849,13,19.187401, 19.007645, 128.665588, 75.075363,10.813101, 260.782837, 1.009457
5, 849,14,40.648449, 40.514706, 128.665588, 75.075363,10.813101, 260.782837, 1.003301
5, 849,15,109.901138, 111.140442, 128.665588, 75.075363,10.813101, 260.782837, 0.988849
5, 849,16,224.952896, 225.570587, 128.665588, 75.075363,10.813101, 260.782837, 0.997262
5, 849,17,10.813101, 11.338647, 128.665588, 75.075363,10.813101, 260.782837, 0.953650
5, 849,18,246.650070, 246.053497, 128.665588, 75.075363,10.813101, 260.782837, 1.002425
5, 849,19,167.838531, 167.524902, 128.665588, 75.075363,10.813101, 260.782837, 1.001872
5, 849,20,187.339584, 189.064224, 128.665588, 75.075363,10.813101, 260.782837, 0.990878
5, 849,21,139.118637, 138.373032, 128.665588, 75.075363,10.813101, 260.782837, 1.005388
5, 849,22,151.187943, 151.501465, 128.665588, 75.075363,10.813101, 260.782837, 0.997931
5, 849,23,160.214951, 159.799454, 128.665588, 75.075363,10.813101, 260.782837, 1.002600
5, 849,24,175.208664, 174.379440, 128.665588, 75.075363,10.813101, 260.782837, 1.004755
5, 849,25,124.890335, 125.131721, 128.665588, 75.075363,10.813101, 260.782837, 0.998071
5, 849,26,82.923004, 82.803055, 128.665588, 75.075363,10.813101, 260.782837, 1.001449
5, 849,27,210.360428, 210.619675, 128.665588, 75.075363,10.813101, 260.782837, 0.998769
5, 849,28,81.332802, 79.480629, 128.665588, 75.075363,10.813101, 260.782837, 1.023304
5, 849,29,140.843658, 140.606796, 128.665588, 75.075363,10.813101, 260.782837, 1.001685
5, 849,30,75.892494, 76.625923, 128.665588, 75.075363,10.813101, 260.782837, 0.990428
5, 849,31,31.975214, 32.571526, 128.665588, 75.075363,10.813101, 260.782837, 0.981692
5, 850,0,100.493515, 100.445854, 128.779648, 73.039330,14.206905, 244.775543, 1.000474
5, 850,1,79.491310, 78.803185, 128.779648, 73.039330,14.206905, 244.775543, 1.008732
5, 850,2,61.657753, 61.664543, 128.779648, 73.039330,14.206905, 244.775543, 0.999890
5, 850,3,227.347366, 228.598190, 128.779648, 73.039330,14.206905, 244.775543, 0.994528
5, 850,4,132.288528, 132.675873, 128.779648, 73.039330,14.206905, 244.775543, 0.997081
5, 850,5,185.750519, 186.029404, 128.779648, 73.039330,14.206905, 244.775543, 0.998501
5, 850,6,63.682312, 64.633095, 128.779648, 73.039330,14.206905, 244.775543, 0.985290
5, 850,7,29.714417, 30.523970, 128.779648, 73.039330,14.206905, 244.775543, 0.973478
5, 850,8,138.886414, 138.101166, 128.779648, 73.039330,14.206905, 244.775543, 1.005686
5, 850,9,134.756378, 134.108948, 128.779648, 73.039330,14.206905, 244.775543, 1.004828
5, 850,10,222.974884, 222.982788, 128.779648, 73.039330,14.206905, 244.775543, 0.999965
5, 850,11,99.520973, 100.394669, 128.779648, 73.039330,14.206905, 244.775543, 0.991297
5, 850,12,229.597870, 229.665695, 128.779648, 73.039330,14.206905, 244.775543, 0.999705
5, 850,13,97.139412, 96.256241, 128.779648, 73.039330,14.206905, 244.775543, 1.009175
5, 850,14,39.201328, 38.215889, 128.779648, 73.039330,14.206905, 244.775543, 1.025786
5, 850,15,73.252220, 73.202423, 128.779648, 73.039330,14.206905, 244.775543, 1.000680
5, 850,16,15.734430, 15.834744, 128.779648, 73.039330,14.206905, 244.775543, 0.993665
5, 850,17,76.579720, 76.404953, 128.779648, 73.039330,14.206905, 244.775543, 1.002287
5, 850,18,14.206905, 15.776251, 128.779648, 73.039330,14.206905, 244.775543, 0.900525
5, 850,19,115.648643, 115.544533, 128.779648, 73.039330,14.206905, 244.775543, 1.000901
5, 850,20,57.963707, 57.811272, 128.779648, 73.039330,14.206905, 244.775543, 1.002637
5, 850,21,120.116325, 119.675652, 128.779648, 73.039330,14.206905, 244.775543, 1.003682
5, 850,22,225.388458, 224.905762, 128.779648, 73.039330,14.206905, 244.775543, 1.002146
5, 850,23,244.775543, 244.406097, 128.779648, 73.039330,14.206905, 244.775543, 1.001512
5, 850,24,230.776215, 229.395172, 128.779648, 73.039330,14.206905, 244.775543, 1.006020
5, 850,25,231.091629, 231.347382, 128.779648, 73.039330,14.206905, 244.775543, 0.998895
5, 850,26,211.640900, 212.358871, 128.779648, 73.039330,14.206905, 244.775543, 0.996619
5, 850,27,136.700623, 136.872787, 128.779648, 73.039330,14.206905, 244.775543, 0.998742
5, 850,28,197.226196, 198.086426, 128.779648, 73.039330,14.206905, 244.775543, 0.995657
5, 850,29,161.909607, 161.491318, 128.779648, 73.039330,14.206905, 244.775543, 1.002590
5, 850,30,38.164047, 37.791809, 128.779648, 73.039330,14.206905, 244.775543, 1.009850
5, 850,31,127.271011, 126.994667, 128.779648, 73.039330,14.206905, 244.775543, 1.002176
5, 851,0,181.336014, 180.849075, 128.778366, 69.695427,16.137417, 250.525589, 1.002692
5, 851,1,52.007374, 51.844234, 128.778366, 69.695427,16.137417, 250.525589, 1.003147
5, 851,2,164.300644, 164.700226, 128.778366, 69.695427,16.137417, 250.525589, 0.997574
5, 851,3,133.768356, 135.027130, 128.778366, 69.695427,16.137417, 250.525589, 0.990678
5, 851,4,229.392517, 228.901550, 128.778366, 69.695427,16.137417, 250.525589, 1.002145
5, 851,5,180.732010, 183.362106, 128.778366, 69.695427,16.137417, 250.525589, 0.985656
5, 851,6,199.645386, 199.771179, 128.778366, 69.695427,16.137417, 250.525589, 0.999370
5, 851,7,86.194031, 87.101044, 128.778366, 69.695427,16.137417, 250.525589, 0.989587
5, 851,8,59.944733, 60.476276, 128.778366, 69.695427,16.137417, 250.525589, 0.991211
5, 851,9,98.457275, 97.405968, 128.778366, 69.695427,16.137417, 250.525589, 1.010793
5, 851,10,238.368530, 237.161835, 128.778366, 69.695427,16.137417, 250.525589, 1.005088
5, 851,11,40.999233, 41.122948, 128.778366, 69.695427,16.137417, 250.525589, 0.996992
5, 851,12,80.640503, 80.260834, 128.778366, 69.695427,16.137417, 250.525589, 1.004730
5, 851,13,150.738678, 151.183395, 128.778366, 69.695427,16.137417, 250.525589, 0.997058
5, 851,14,218.128723, 216.507385, 128.778366, 69.695427,16.137417, 250.525589, 1.007489
5, 851,15,190.836823, 189.711609, 128.778366, 69.695427,16.137417, 250.525589, 1.005931
5, 851,16,41.017307, 41.286522, 128.778366, 69.695427,16.137417, 250.525589, 0.993479
5, 851,17,215.615173, 214.998077, 128.778366, 69.695427,16.137417, 250.525589, 1.002870
5, 851,18,92.831451, 93.554634, 128.778366, 69.695427,16.137417, 250.525589, 0.992270
5, 851,19,137.258774, 138.521576, 128.778366, 69.695427,16.137417, 250.525589, 0.990884
5, 851,20,148.177917, 149.785614, 128.778366, 69.695427,16.137417, 250.525589, 0.989267
5, 851,21,43.781105, 42.334858, 128.778366, 69.695427,16.137417, 250.525589, 1.034162
5, 851,22,99.115479, 100.216400, 128.778366, 69.695427,16.137417, 250.525589, 0.989015
5, 851,23,104.670013, 105.525009, 128.778366, 69.695427,16.137417, 250.525589, 0.991898
5, 851,24,55.513378, 56.007839, 128.778366, 69.695427,16.137417, 250.525589, 0.991172
5, 851,25,136.191681, 135.346832, 128.778366, 69.695427,16.137417, 250.525589, 1.006242
5, 851,26,250.525589, 249.518829, 128.778366, 69.695427,16.137417, 250.525589, 1.004035
5, 851,27,244.934921, 244.054092, 128.778366, 69.695427,16.137417, 250.525589, 1.003609
5, 851,28,63.114319, 62.877789, 128.778366, 69.695427,16.137417, 250.525589, 1.003762
5, 851,29,97.839920, 98.365082, 128.778366, 69.695427,16.137417, 250.525589, 0.994661
5, 851,30,68.692566, 67.450317, 128.778366, 69.695427,16.137417, 250.525589, 1.018417
5, 851,31,16.137417, 15.769567, 128.778366, 69.695427,16.137417, 250.525589, 1.023327
5, 852,0,229.303879, 230.178177, 128.930969, 68.395035,12.541810, 246.778137, 0.996202
5, 852,1,117.903976, 118.254150, 128.930969, 68.395035,12.541810, 246.778137, 0.997039
5, 852,2,139.276047, 139.809250, 128.930969, 68.395035,12.541810, 246.778137, 0.996186
5, 852,3,144.519150, 145.488129, 128.930969, 68.395035,12.541810, 246.778137, 0.993340
5, 852,4,38.717228, 38.945618, 128.930969, 68.395035,12.541810, 246.778137, 0.994136
5, 852,5,144.925507, 143.776474, 128.930969, 68.395035,12.541810, 246.778137, 1.007992
5, 852,6,140.218338, 141.238037, 128.930969, 68.395035,12.541810, 246.778137, 0.992780
5, 852,7,92.191086, 91.549622, 128.930969, 68.395035,12.541810, 246.778137, 1.007007
5, 852,8,32.666973, 34.586731, 128.930969, 68.395035,12.541810, 246.778137, 0.944494
5, 852,9,175.633575, 174.992203, 128.930969, 68.395035,12.541810, 246.778137, 1.003665
5, 852,10,246.778137, 246.148682, 128.930969, 68.395035,12.541810, 246.778137, 1.002557
5, 852,11,87.254333, 85.819977, 128.930969, 68.395035,12.541810, 246.778137, 1.016714
5, 852,12,212.135498, 213.235825, 128.930969, 68.395035,12.541810, 246.778137, 0.994840
5, 852,13,169.063065, 166.985199, 128.930969, 68.395035,12.541810, 246.778137, 1.012443
5, 852,14,164.599625, 164.700592, 128.930969, 68.395035,12.541810, 246.778137, 0.999387
5, 852,15,12.541810, 13.909219, 128.930969, 68.395035,12.541810, 246.778137, 0.901690
5, 852,16,187.295303, 186.204941, 128.930969, 68.395035,12.541810, 246.778137, 1.005856
5, 852,17,35.990734, 35.486069, 128.930969, 68.395035,12.541810, 246.778137, 1.014222
5, 852,18,217.945419, 217.123291, 128.930969, 68.395035,12.541810, 246.778137, 1.003786
5, 852,19,20.838526, 19.972496, 128.930969, 68.395035,12.541810, 246.778137, 1.043361
5, 852,20,129.493088, 127.820496, 128.930969, 68.395035,12.541810, 246.778137, 1.013085
5, 852,21,170.620514, 170.161896, 128.930969, 68.395035,12.541810, 246.778137, 1.002695
5, 852,22,179.529526, 180.047348, 128.930969, 68.395035,12.541810, 246.778137, 0.997124
5, 852,23,194.453690, 194.915436, 128.930969, 68.395035,12.541810, 246.778137, 0.997631
5, 852,24,195.031265, 195.742264, 128.930969, 68.395035,12.541810, 246.778137, 0.996368
5, 852,25,113.695335, 113.953293, 128.930969, 68.395035,12.541810, 246.778137, 0.997736
5, 852,26,69.809601, 69.849472, 128.930969, 68.395035,12.541810, 246.778137, 0.999429
5, 852,27,157.040924, 157.433380, 128.930969, 68.395035,12.541810, 246.778137, 0.997507
5, 852,28,35.126747, 35.224976, 128.930969, 68.395035,12.541810, 246.778137, 0.997211
5, 852,29,80.641953, 79.916252, 128.930969, 68.395035,12.541810, 246.778137, 1.009081
5, 852,30,18.971827, 18.471180, 128.930969, 68.395035,12.541810, 246.778137, 1.027104
5, 852,31,171.578339, 169.059494, 128.930969, 68.395035,12.541810, 246.778137, 1.014899
5, 853,0,94.086548, 95.491058, 128.734604, 67.356522,16.263464, 226.326202, 0.985292
5, 853,1,111.643730, 111.395386, 128.734604, 67.356522,16.263464, 226.326202, 1.002229
5, 853,2,80.520615, 79.156311, 128.734604, 67.356522,16.263464, 226.326202, 1.017236
5, 853,3,75.438461, 75.564781, 128.734604, 67.356522,16.263464, 226.326202, 0.998328
5, 853,4,201.712509, 202.023239, 128.734604, 67.356522,16.263464, 226.326202, 0.998462
5, 853,5,146.367279, 147.021362, 128.734604, 67.356522,16.263464, 226.326202, 0.995551
5, 853,6,213.799881, 214.844086, 128.734604, 67.356522,16.263464, 226.326202, 0.995140
5, 853,7,103.516678, 102.772903, 128.734604, 67.356522,16.263464, 226.326202, 1.007237
5, 853,8,187.269623, 187.269058, 128.734604, 67.356522,16.263464, 226.326202, 1.000003
5, 853,9,42.411270, 43.480942, 128.734604, 67.356522,16.263464, 226.326202, 0.975399
5, 853,10,116.921448, 116.729759, 128.734604, 67.356522,16.263464, 226.326202, 1.001642
5, 853,11,16.263464, 17.938053, 128.734604, 67.356522,16.263464, 226.326202, 0.906646
5, 853,12,154.079453, 152.757935, 128.734604, 67.356522,16.263464, 226.326202, 1.008651
5, 853,13,208.037827, 207.096542, 128.734604, 67.356522,16.263464, 226.326202, 1.004545
5, 853,14,16.962761, 16.914925, 128.734604, 67.356522,16.263464, 226.326202, 1.002828
5, 853,15,204.663483, 205.050293, 128.734604, 67.356522,16.263464, 226.326202, 0.998114
5, 853,16,213.571442, 214.209045, 128.734604, 67.356522,16.263464, 226.326202, 0.997023
5, 853,17,71.926895, 71.338211, 128.734604, 67.356522,16.263464, 226.326202, 1.008252
5, 853,18,78.049110, 76.538521, 128.734604, 67.356522,16.263464, 226.326202, 1.019736
5, 853,19,55.647827, 56.210049, 128.734604, 67.356522,16.263464, 226.326202, 0.989998
5, 853,20,141.415833, 141.200134, 128.734604, 67.356522,16.263464, 226.326202, 1.001528
5, 853,21,131.339310, 131.610947, 128.734604, 67.356522,16.263464, 226.326202, 0.997936
5, 853,22,205.059784, 206.270996, 128.734604, 67.356522,16.263464, 226.326202, 0.994128
5, 853,23,157.907425, 157.407867, 128.734604, 67.356522,16.263464, 226.326202, 1.003174
5, 853,24,111.144554, 111.783470, 128.734604, 67.356522,16.263464, 226.326202, 0.994284
5, 853,25,172.724380, 172.670090, 128.734604, 67.356522,16.263464, 226.326202, 1.000314
5, 853,26,209.776855, 210.652786, 128.734604, 67.356522,16.263464, 226.326202, 0.995842
5, 853,27,35.363106, 34.837280, 128.734604, 67.356522,16.263464, 226.326202, 1.015094
5, 853,28,219.051514, 219.402298, 128.734604, 67.356522,16.263464, 226.326202, 0.998401
5, 853,29,83.695290, 83.206482, 128.734604, 67.356522,16.263464, 226.326202, 1.005875
5, 853,30,32.812691, 32.170097, 128.734604, 67.356522,16.263464, 226.326202, 1.019975
5, 853,31,226.326202, 225.985565, 128.734604, 67.356522,16.263464, 226.326202, 1.001507
5, 854,0,197.095596, 196.868607, 128.936417, 74.159081,10.784281, 253.589508, 1.001153
5, 854,1,60.830166, 60.090282, 128.936417, 74.159081,10.784281, 253.589508, 1.012313
5, 854,2,234.083008, 233.005005, 128.936417, 74.159081,10.784281, 253.589508, 1.004627
5, 854,3,228.761612, 229.382278, 128.936417, 74.159081,10.784281, 253.589508, 0.997294
5, 854,4,153.100143, 153.645599, 128.936417, 74.159081,10.784281, 253.589508, 0.996450
5, 854,5,106.621315, 105.650276, 128.936417, 74.159081,10.784281, 253.589508, 1.009191
5, 854,6,78.298851, 78.045036, 128.936417, 74.159081,10.784281, 253.589508, 1.003252
5, 854,7,74.374313, 73.855087, 128.936417, 74.159081,10.784281, 253.589508, 1.007030
5, 854,8,45.137470, 46.280102, 128.936417, 74.159081,10.784281, 253.589508, 0.975311
5, 854,9,39.715359, 37.771633, 128.936417, 74.159081,10.784281, 253.589508, 1.051460
5, 854,10,104.282654, 104.523392, 128.936417, 74.159081,10.784281, 253.589508, 0.997697
5, 854,11,105.706474, 106.194824, 128.936417, 74.159081,10.784281, 253.589508, 0.995401
5, 854,12,130.894302, 129.368103, 128.936417, 74.159081,10.784281, 253.589508, 1.011797
5, 854,13,180.474380, 179.934860, 128.936417, 74.159081,10.784281, 253.589508, 1.002998
5, 854,14,168.206223, 169.361679, 128.936417, 74.159081,10.784281, 253.589508, 0.993178
5, 854,15,131.662292, 132.370651, 128.936417, 74.159081,10.784281, 253.589508, 0.994649
5, 854,16,253.589508, 252.812714, 128.936417, 74.159081,10.784281, 253.589508, 1.003073
5, 854,17,81.192490, 81.251785, 128.936417, 74.159081,10.784281, 253.589508, 0.999270
5, 854,18,237.664581, 239.494110, 128.936417, 74.159081,10.784281, 253.589508, 0.992361
5, 854,19,72.518921, 71.601288, 128.936417, 74.159081,10.784281, 253.589508, 1.012816
5, 854,20,85.863052, 83.550964, 128.936417, 74.159081,10.784281, 253.589508, 1.027673
5, 854,21,111.780342, 112.774704, 128.936417, 74.159081,10.784281, 253.589508, 0.991183
5, 854,22,220.224976, 218.892303, 128.936417, 74.159081,10.784281, 253.589508, 1.006088
5, 854,23,10.784281, 10.726056, 128.936417, 74.159081,10.784281, 253.589508, 1.005428
5, 854,24,89.942566, 88.656044, 128.936417, 74.159081,10.784281, 253.589508, 1.014511
5, 854,25,37.382355, 36.062378, 128.936417, 74.159081,10.784281, 253.589508, 1.036603
5, 854,26,185.344711, 184.555908, 128.936417, 74.159081,10.784281, 253.589508, 1.004274
5, 854,27,22.188267, 22.879927, 128.936417, 74.159081,10.784281, 253.589508, 0.969770
5, 854,28,251.320999, 251.700943, 128.936417, 74.159081,10.784281, 253.589508, 0.998491
5, 854,29,157.473175, 158.977570, 128.936417, 74.159081,10.784281, 253.589508, 0.990537
5, 854,30,46.368370, 47.936413, 128.936417, 74.159081,10.784281, 253.589508, 0.967289
5, 854,31,223.083191, 222.779709, 128.936417, 74.159081,10.784281, 253.589508, 1.001362
5, 855,0,59.271271, 59.252747, 128.807007, 71.376648,11.011250, 240.650131, 1.000313
5, 855,1,153.040298, 153.856979, 128.807007, 71.376648,11.011250, 240.650131, 0.994692
5, 855,2,11.011250, 12.531144, 128.807007, 71.376648,11.011250, 240.650131, 0.878711
5, 855,3,160.709290, 160.779755, 128.807007, 71.376648,11.011250, 240.650131, 0.999562
5, 855,4,206.857620, 206.196121, 128.807007, 71.376648,11.011250, 240.650131, 1.003208
5, 855,5,200.879379, 201.249207, 128.807007, 71.376648,11.011250, 240.650131, 0.998162
5, 855,6,95.896156, 97.111748, 128.807007, 71.376648,11.011250, 240.650131, 0.987483
5, 855,7,60.765015, 59.728691, 128.807007, 71.376648,11.011250, 240.650131, 1.017351
5, 855,8,149.782059, 151.361877, 128.807007, 71.376648,11.011250, 240.650131, 0.989563
5, 855,9,193.966385, 194.052414, 128.807007, 71.376648,11.011250, 240.650131, 0.999557
5, 855,10,119.093597, 117.404160, 128.807007, 71.376648,11.011250, 240.650131, 1.014390
5, 855,11,134.240814, 134.357773, 128.807007, 71.376648,11.011250, 240.650131, 0.999129
5, 855,12,71.589790, 71.576752, 128.807007, 71.376648,11.011250, 240.650131, 1.000182
5, 855,13,239.209061, 239.699539, 128.807007, 71.376648,11.011250, 240.650131, 0.997954
5, 855,14,83.075325, 82.061890, 128.807007, 71.376648,11.011250, 240.650131, 1.012350
5, 855,15,192.363312, 192.624573, 128.807007, 71.376648,11.011250, 240.650131, 0.998644
5, 855,16,213.282379, 214.013107, 128.807007, 71.376648,11.011250, 240.650131, 0.996586
5, 855,17,228.244568, 229.070175, 128.807007, 71.376648,11.011250, 240.650131, 0.996396
5, 855,18,193.525421, 193.525986, 128.807007, 71.376648,11.011250, 240.650131, 0.999997
5, 855,19,120.132530, 120.259819, 128.807007, 71.376648,11.011250, 240.650131, 0.998942
5, 855,20,33.663425, 33.191338, 128.807007, 71.376648,11.011250, 240.650131, 1.014223
5, 855,21,93.055611, 92.042244, 128.807007, 71.376648,11.011250, 240.650131, 1.011010
5, 855,22,231.455185, 228.889877, 128.807007, 71.376648,11.011250, 240.650131, 1.011208
5, 855,23,114.893448, 113.495674, 128.807007, 71.376648,11.011250, 240.650131, 1.012316
5, 855,24,240.650131, 239.656281, 128.807007, 71.376648,11.011250, 240.650131, 1.004147
5, 855,25,61.111877, 60.969025, 128.807007, 71.376648,11.011250, 240.650131, 1.002343
5, 855,26,79.138634, 78.751938, 128.807007, 71.376648,11.011250, 240.650131, 1.004910
5, 855,27,35.442276, 37.272896, 128.807007, 71.376648,11.011250, 240.650131, 0.950886
5, 855,28,145.958908, 147.237045, 128.807007, 71.376648,11.011250, 240.650131, 0.991319
5, 855,29,153.857208, 151.808975, 128.807007, 71.376648,11.011250, 240.650131, 1.013492
5, 855,30,33.026028, 33.631226, 128.807007, 71.376648,11.011250, 240.650131, 0.982005
5, 855,31,12.635180, 13.338802, 128.807007, 71.376648,11.011250, 240.650131, 0.947250
5, 856,0,69.595390, 69.713257, 128.600357, 77.675865,13.475141, 230.133408, 0.998309
5, 856,1,76.968819, 77.277573, 128.600357, 77.675865,13.475141, 230.133408, 0.996005
5, 856,2,221.519440, 221.447678, 128.600357, 77.675865,13.475141, 230.133408, 1.000324
5, 856,3,195.497604, 196.079376, 128.600357, 77.675865,13.475141, 230.133408, 0.997033
5, 856,4,219.584213, 221.366180, 128.600357, 77.675865,13.475141, 230.133408, 0.991950
5, 856,5,13.475141, 12.349419, 128.600357, 77.675865,13.475141, 230.133408, 1.091156
5, 856,6,227.589218, 226.974899, 128.600357, 77.675865,13.475141, 230.133408, 1.002707
5, 856,7,29.406990, 29.800303, 128.600357, 77.675865,13.475141, 230.133408, 0.986802
5, 856,8,205.539841, 206.733246, 128.600357, 77.675865,13.475141, 230.133408, 0.994227
5, 856,9,34.483513, 34.336174, 128.600357, 77.675865,13.475141, 230.133408, 1.004291
5, 856,10,18.676693, 18.582848, 128.600357, 77.675865,13.475141, 230.133408, 1.005050
5, 856,11,150.040375, 149.220016, 128.600357, 77.675865,13.475141, 230.133408, 1.005498
5, 856,12,160.836487, 159.792404, 128.600357, 77.675865,13.475141, 230.133408, 1.006534
5, 856,13,188.418060, 189.024338, 128.600357, 77.675865,13.475141, 230.133408, 0.996793
5, 856,14,229.361603, 229.534836, 128.600357, 77.675865,13.475141, 230.133408, 0.999245
5, 856,15,14.180913, 14.013024, 128.600357, 77.675865,13.475141, 230.133408, 1.011981
5, 856,16,181.489166, 181.901398, 128.600357, 77.675865,13.475141, 230.133408, 0.997734
5, 856,17,170.051239, 169.848724, 128.600357, 77.675865,13.475141, 230.133408, 1.001192
5, 856,18,118.147888, 118.249802, 128.600357, 77.675865,13.475141, 230.133408, 0.999138
5, 856,19,46.684452, 46.456730, 128.600357, 77.675865,13.475141, 230.133408, 1.004902
5, 856,20,74.613647, 74.982468, 128.600357, 77.675865,13.475141, 230.133408, 0.995081
5, 856,21,144.857010, 146.130463, 128.600357, 77.675865,13.475141, 230.133408, 0.991286
5, 856,22,118.839790, 117.726952, 128.600357, 77.675865,13.475141, 230.133408, 1.009453
5, 856,23,16.789923, 18.379141, 128.600357, 77.675865,13.475141, 230.133408, 0.913531
5, 856,24,92.112572, 92.073471, 128.600357, 77.675865,13.475141, 230.133408, 1.000425
5, 856,25,98.543701, 96.765518, 128.600357, 77.675865,13.475141, 230.133408, 1.018376
5, 856,26,190.604309, 190.986710, 128.600357, 77.675865,13.475141, 230.133408, 0.997998
5, 856,27,230.133408, 230.363235, 128.600357, 77.675865,13.475141, 230.133408, 0.999002
5, 856,28,207.816910, 209.001175, 128.600357, 77.675865,13.475141, 230.133408, 0.994334
5, 856,29,20.700396, 20.511272, 128.600357, 77.675865,13.475141, 230.133408, 1.009220
5, 856,30,228.328415, 229.337906, 128.600357, 77.675865,13.475141, 230.133408, 0.995598
5, 856,31,120.323929, 122.038750, 128.600357, 77.675865,13.475141, 230.133408, 0.985949
5, 857,0,207.536316, 208.941681, 128.729767, 75.589409,15.442655, 235.898376, 0.993274
5, 857,1,170.804810, 170.850876, 128.729767, 75.589409,15.442655, 235.898376, 0.999730
5, 857,2,167.814453, 167.598648, 128.729767, 75.589409,15.442655, 235.898376, 1.001288
5, 857,3,193.195145, 192.992508, 128.729767, 75.589409,15.442655, 235.898376, 1.001050
5, 857,4,58.189915, 58.242786, 128.729767, 75.589409,15.442655, 235.898376, 0.999092
5, 857,5,104.780205, 105.084816, 128.729767, 75.589409,15.442655, 235.898376, 0.997101
5, 857,6,22.372391, 22.988174, 128.729767, 75.589409,15.442655, 235.898376, 0.973213
5, 857,7,68.014969, 67.687469, 128.729767, 75.589409,15.442655, 235.898376, 1.004838
5, 857,8,49.546021, 49.193359, 128.729767, 75.589409,15.442655, 235.898376, 1.007169
5, 857,9,203.156067, 202.887924, 128.729767, 75.589409,15.442655, 235.898376, 1.001322
5, 857,10,43.913918, 43.514069, 128.729767, 75.589409,15.442655, 235.898376, 1.009189
5, 857,11,213.198776, 213.289551, 128.729767, 75.589409,15.442655, 235.898376, 0.999574
5, 857,12,88.112839, 88.352051, 128.729767, 75.589409,15.442655, 235.898376, 0.997293
5, 857,13,136.808838, 136.684982, 128.729767, 75.589409,15.442655, 235.898376, 1.000906
5, 857,14,194.978638, 195.266983, 128.729767, 75.589409,15.442655, 235.898376, 0.998523
5, 857,15,32.222351, 32.204025, 128.729767, 75.589409,15.442655, 235.898376, 1.000569
5, 857,16,90.134399, 90.016319, 128.729767, 75.589409,15.442655, 235.898376, 1.001312
5, 857,17,230.829422, 232.047180, 128.729767, 75.589409,15.442655, 235.898376, 0.994752
5, 857,18,90.646477, 91.451736, 128.729767, 75.589409,15.442655, 235.898376, 0.991195
5, 857,19,164.763474, 164.811005, 128.729767, 75.589409,15.442655, 235.898376, 0.999712
5, 857,20,34.320187, 33.930695, 128.729767, 75.589409,15.442655, 235.898376, 1.011479
5, 857,21,185.403015, 186.800064, 128.729767, 75.589409,15.442655, 235.898376, 0.992521
5, 857,22,23.649361, 23.106060, 128.729767, 75.589409,15.442655, 235.898376, 1.023513
5, 857,23,106.379822, 107.296898, 128.729767, 75.589409,15.442655, 235.898376, 0.991453
5, 857,24,210.373535, 209.863953, 128.729767, 75.589409,15.442655, 235.898376, 1.002428
5, 857,25,183.379181, 183.575546, 128.729767, 75.589409,15.442655, 235.898376, 0.998930
5, 857,26,36.262360, 35.865398, 128.729767, 75.589409,15.442655, 235.898376, 1.011068
5, 857,27,101.057327, 101.055916, 128.729767, 75.589409,15.442655, 235.898376, 1.000014
5, 857,28,235.898376, 235.944321, 128.729767, 75.589409,15.442655, 235.898376, 0.999805
5, 857,29,227.815491, 227.546738, 128.729767, 75.589409,15.442655, 235.898376, 1.001181
5, 857,30,15.442655, 13.571228, 128.729767, 75.589409,15.442655, 235.898376, 1.137897
5, 857,31,228.351974, 228.337265, 128.729767, 75.589409,15.442655, 235.898376, 1.000064
5, 858,0,92.292862, 92.431229, 128.912735, 56.610367,17.748936, 206.643845, 0.998503
5, 858,1,17.748936, 16.905895, 128.912735, 56.610367,17.748936, 206.643845, 1.049867
5, 858,2,201.274689, 200.181839, 128.912735, 56.610367,17.748936, 206.643845, 1.005459
5, 858,3,206.643845, 206.794739, 128.912735, 56.610367,17.748936, 206.643845, 0.999270
5, 858,4,184.777115, 183.979294, 128.912735, 56.610367,17.748936, 206.643845, 1.004336
5, 858,5,170.647568, 172.205322, 128.912735, 56.610367,17.748936, 206.643845, 0.990954
5, 858,6,168.757813, 170.187485, 128.912735, 56.610367,17.748936, 206.643845, 0.991599
5, 858,7,142.239105, 140.259720, 128.912735, 56.610367,17.748936, 206.643845, 1.014112
5, 858,8,19.620689, 18.197838, 128.912735, 56.610367,17.748936, 206.643845, 1.078188
5, 858,9,125.451775, 124.356842, 128.912735, 56.610367,17.748936, 206.643845, 1.008805
5, 858,10,108.940079, 108.513908, 128.912735, 56.610367,17.748936, 206.643845, 1.003927
5, 858,11,132.122253, 134.965424, 128.912735, 56.610367,17.748936, 206.643845, 0.978934
5, 858,12,186.270172, 186.070389, 128.912735, 56.610367,17.748936, 206.643845, 1.001074
5, 858,13,203.181259, 203.425034, 128.912735, 56.610367,17.748936, 206.643845, 0.998802
5, 858,14,26.446795, 26.242508, 128.912735, 56.610367,17.748936, 206.643845, 1.007785
5, 858,15,100.114479, 99.803284, 128.912735, 56.610367,17.748936, 206.643845, 1.003118
5, 858,16,153.398132, 152.513184, 128.912735, 56.610367,17.748936, 206.643845, 1.005802
5, 858,17,184.667633, 184.645264, 128.912735, 56.610367,17.748936, 206.643845, 1.000121
5, 858,18,87.800690, 86.757339, 128.912735, 56.610367,17.748936, 206.643845, 1.012026
5, 858,19,95.714172, 95.394707, 128.912735, 56.610367,17.748936, 206.643845, 1.003349
5, 858,20,157.043793, 156.428986, 128.912735, 56.610367,17.748936, 206.643845, 1.003930
5, 858,21,161.917007, 162.069565, 128.912735, 56.610367,17.748936, 206.643845, 0.999059
5, 858,22,85.562408, 85.152397, 128.912735, 56.610367,17.748936, 206.643845, 1.004815
5, 858,23,178.550003, 177.386398, 128.912735, 56.610367,17.748936, 206.643845, 1.006560
5, 858,24,70.135834, 71.473785, 128.912735, 56.610367,17.748936, 206.643845, 0.981281
5, 858,25,65.764328, 65.586807, 128.912735, 56.610367,17.748936, 206.643845, 1.002707
5, 858,26,159.525955, 160.664413, 128.912735, 56.610367,17.748936, 206.643845, 0.992914
5, 858,27,33.819160, 32.162796, 128.912735, 56.610367,17.748936, 206.643845, 1.051499
5, 858,28,197.928009, 198.843292, 128.912735, 56.610367,17.748936, 206.643845, 0.995397
5, 858,29,147.053268, 146.752716, 128.912735, 56.610367,17.748936, 206.643845, 1.002048
5, 858,30,129.158890, 130.323761, 128.912735, 56.610367,17.748936, 206.643845, 0.991062
5, 858,31,130.638779, 130.323761, 128.912735, 56.610367,17.748936, 206.643845, 1.002417
5, 859,0,132.925034, 131.524246, 129.088348, 66.377449,18.243801, 234.987747, 1.010650
5, 859,1,70.711311, 69.977280, 129.088348, 66.377449,18.243801, 234.987747, 1.010490
5, 859,2,187.049103, 187.170883, 129.088348, 66.377449,18.243801, 234.987747, 0.999349
5, 859,3,128.302963, 127.964432, 129.088348, 66.377449,18.243801, 234.987747, 1.002645
5, 859,4,191.710281, 191.634674, 129.088348, 66.377449,18.243801, 234.987747, 1.000395
5, 859,5,234.987747, 234.233322, 129.088348, 66.377449,18.243801, 234.987747, 1.003221
5, 859,6,73.597824, 74.644279, 129.088348, 66.377449,18.243801, 234.987747, 0.985981
5, 859,7,134.825607, 134.285202, 129.088348, 66.377449,18.243801, 234.987747, 1.004024
5, 859,8,116.227524, 115.659248, 129.088348, 66.377449,18.243801, 234.987747, 1.004913
5, 859,9,111.560112, 111.657951, 129.088348, 66.377449,18.243801, 234.987747, 0.999124
5, 859,10,74.694885, 73.572144, 129.088348, 66.377449,18.243801, 234.987747, 1.015260
5, 859,11,223.195389, 223.658997, 129.088348, 66.377449,18.243801, 234.987747, 0.997927
5, 859,12,125.171135, 124.145340, 129.088348, 66.377449,18.243801, 234.987747, 1.008263
5, 859,13,175.981018, 177.150162, 129.088348, 66.377449,18.243801, 234.987747, 0.993400
5, 859,14,56.905411, 56.761120, 129.088348, 66.377449,18.243801, 234.987747, 1.002542
5, 859,15,214.216736, 214.458145, 129.088348, 66.377449,18.243801, 234.987747, 0.998874
5, 859,16,40.152817, 40.468658, 129.088348, 66.377449,18.243801, 234.987747, 0.992195
5, 859,17,24.595695, 25.157246, 129.088348, 66.377449,18.243801, 234.987747, 0.977678
5, 859,18,28.416578, 28.808161, 129.088348, 66.377449,18.243801, 234.987747, 0.986407
5, 859,19,171.313248, 170.149643, 129.088348, 66.377449,18.243801, 234.987747, 1.006839
5, 859,20,18.243801, 16.531000, 129.088348, 66.377449,18.243801, 234.987747, 1.103611
5, 859,21,125.054932, 124.860100, 129.088348, 66.377449,18.243801, 234.987747, 1.001560
5, 859,22,54.395699, 55.478745, 129.088348, 66.377449,18.243801, 234.987747, 0.980478
5, 859,23,181.111084, 180.597839, 129.088348, 66.377449,18.243801, 234.987747, 1.002842
5, 859,24,185.278732, 184.283798, 129.088348, 66.377449,18.243801, 234.987747, 1.005399
5, 859,25,139.286850, 138.819061, 129.088348, 66.377449,18.243801, 234.987747, 1.003370
5, 859,26,171.932495, 170.226730, 129.088348, 66.377449,18.243801, 234.987747, 1.010020
5, 859,27,212.769485, 211.914413, 129.088348, 66.377449,18.243801, 234.987747, 1.004035
5, 859,28,102.112244, 101.462029, 129.088348, 66.377449,18.243801, 234.987747, 1.006408
5, 859,29,155.569962, 155.237671, 129.088348, 66.377449,18.243801, 234.987747, 1.002141
5, 859,30,35.071781, 35.395218, 129.088348, 66.377449,18.243801, 234.987747, 0.990862
5, 859,31,233.459305, 233.112122, 129.088348, 66.377449,18.243801, 234.987747, 1.001489
5, 860,0,129.421036, 130.009186, 128.949219, 70.916862,16.597210, 254.807373, 0.995476
5, 860,1,50.430134, 50.466129, 128.949219, 70.916862,16.597210, 254.807373, 0.999287
5, 860,2,92.417938, 92.545509, 128.949219, 70.916862,16.597210, 254.807373, 0.998622
5, 860,3,25.383547, 24.758410, 128.949219, 70.916862,16.597210, 254.807373, 1.025249
5, 860,4,56.034397, 55.522526, 128.949219, 70.916862,16.597210, 254.807373, 1.009219
5, 860,5,106.847252, 105.660782, 128.949219, 70.916862,16.597210, 254.807373, 1.011229
5, 860,6,41.891716, 42.160786, 128.949219, 70.916862,16.597210, 254.807373, 0.993618
5, 860,7,19.142767, 20.082922, 128.949219, 70.916862,16.597210, 254.807373, 0.953186
5, 860,8,212.499557, 212.450134, 128.949219, 70.916862,16.597210, 254.807373, 1.000233
5, 860,9,180.691330, 179.841202, 128.949219, 70.916862,16.597210, 254.807373, 1.004727
5, 860,10,157.838943, 158.398193, 128.949219, 70.916862,16.597210, 254.807373, 0.996469
5, 860,11,76.417061, 76.099152, 128.949219, 70.916862,16.597210, 254.807373, 1.004178
5, 860,12,196.241653, 195.876785, 128.949219, 70.916862,16.597210, 254.807373, 1.001863
5, 860,13,83.573311, 83.478348, 128.949219, 70.916862,16.597210, 254.807373, 1.001138
5, 860,14,206.776291, 205.519058, 128.949219, 70.916862,16.597210, 254.807373, 1.006117
5, 860,15,254.807373, 253.879730, 128.949219, 70.916862,16.597210, 254.807373, 1.003654
5, 860,16,170.795593, 170.176544, 128.949219, 70.916862,16.597210, 254.807373, 1.003638
5, 860,17,116.723747, 116.124619, 128.949219, 70.916862,16.597210, 254.807373, 1.005159
5, 860,18,210.006042, 210.844330, 128.949219, 70.916862,16.597210, 254.807373, 0.996024
5, 860,19,16.597210, 18.447247, 128.949219, 70.916862,16.597210, 254.807373, 0.899712
5, 860,20,40.150703, 40.136730, 128.949219, 70.916862,16.597210, 254.807373, 1.000348
5, 860,21,156.879700, 157.210663, 128.949219, 70.916862,16.597210, 254.807373, 0.997895
5, 860,22,164.552368, 163.865387, 128.949219, 70.916862,16.597210, 254.807373, 1.004192
5, 860,23,151.214279, 150.929367, 128.949219, 70.916862,16.597210, 254.807373, 1.001888
5, 860,24,233.012054, 230.659134, 128.949219, 70.916862,16.597210, 254.807373, 1.010201
5, 860,25,48.534794, 49.741650, 128.949219, 70.916862,16.597210, 254.807373, 0.975738
5, 860,26,242.096619, 241.690598, 128.949219, 70.916862,16.597210, 254.807373, 1.001680
5, 860,27,143.524551, 144.991638, 128.949219, 70.916862,16.597210, 254.807373, 0.989882
5, 860,28,105.319176, 105.511414, 128.949219, 70.916862,16.597210, 254.807373, 0.998178
5, 860,29,214.323441, 214.003647, 128.949219, 70.916862,16.597210, 254.807373, 1.001494
5, 860,30,101.492630, 99.924721, 128.949219, 70.916862,16.597210, 254.807373, 1.015691
5, 860,31,120.737518, 119.993469, 128.949219, 70.916862,16.597210, 254.807373, 1.006201
5, 861,0,177.102417, 177.806534, 128.692474, 61.223289,13.143045, 211.949219, 0.996040
5, 861,1,69.089958, 69.626869, 128.692474, 61.223289,13.143045, 211.949219, 0.992289
5, 861,2,44.319817, 44.162647, 128.692474, 61.223289,13.143045, 211.949219, 1.003559
5, 861,3,211.949219, 211.084473, 128.692474, 61.223289,13.143045, 211.949219, 1.004097
5, 861,4,189.087784, 188.577469, 128.692474, 61.223289,13.143045, 211.949219, 1.002706
5, 861,5,119.709885, 119.515968, 128.692474, 61.223289,13.143045, 211.949219, 1.001623
5, 861,6,186.928619, 186.740036, 128.692474, 61.223289,13.143045, 211.949219, 1.001010
5, 861,7,126.583054, 128.059723, 128.692474, 61.223289,13.143045, 211.949219, 0.988469
5, 861,8,200.243149, 198.927719, 128.692474, 61.223289,13.143045, 211.949219, 1.006613
5, 861,9,41.692898, 40.048531, 128.692474, 61.223289,13.143045, 211.949219, 1.041059
5, 861,10,25.252773, 25.998661, 128.692474, 61.223289,13.143045, 211.949219, 0.971311
5, 861,11,197.925308, 197.461487, 128.692474, 61.223289,13.143045, 211.949219, 1.002349
5, 861,12,180.622055, 181.165863, 128.692474, 61.223289,13.143045, 211.949219, 0.996998
5, 861,13,31.796452, 30.774750, 128.692474, 61.223289,13.143045, 211.949219, 1.033199
5, 861,14,132.356537, 134.153564, 128.692474, 61.223289,13.143045, 211.949219, 0.986605
5, 861,15,155.165787, 156.611069, 128.692474, 61.223289,13.143045, 211.949219, 0.990772
5, 861,16,109.404602, 108.973923, 128.692474, 61.223289,13.143045, 211.949219, 1.003952
5, 861,17,81.381142, 79.717285, 128.692474, 61.223289,13.143045, 211.949219, 1.020872
5, 861,18,109.706596, 110.532959, 128.692474, 61.223289,13.143045, 211.949219, 0.992524
5, 861,19,184.908646, 186.084244, 128.692474, 61.223289,13.143045, 211.949219, 0.993682
5, 861,20,173.427872, 173.587219, 128.692474, 61.223289,13.143045, 211.949219, 0.999082
5, 861,21,149.403656, 150.950302, 128.692474, 61.223289,13.143045, 211.949219, 0.989754
5, 861,22,172.165222, 172.690170, 128.692474, 61.223289,13.143045, 211.949219, 0.996960
5, 861,23,13.143045, 13.439774, 128.692474, 61.223289,13.143045, 211.949219, 0.977922
5, 861,24,154.809189, 153.090866, 128.692474, 61.223289,13.143045, 211.949219, 1.011224
5, 861,25,74.843231, 74.848404, 128.692474, 61.223289,13.143045, 211.949219, 0.999931
5, 861,26,192.270432, 193.297882, 128.692474, 61.223289,13.143045, 211.949219, 0.994685
5, 861,27,206.151733, 206.085678, 128.692474, 61.223289,13.143045, 211.949219, 1.000321
5, 861,28,120.690193, 120.406845, 128.692474, 61.223289,13.143045, 211.949219, 1.002353
5, 861,29,84.173943, 84.938820, 128.692474, 61.223289,13.143045, 211.949219, 0.990995
5, 861,30,41.216377, 40.865166, 128.692474, 61.223289,13.143045, 211.949219, 1.008594
5, 861,31,160.637436, 160.774689, 128.692474, 61.223289,13.143045, 211.949219, 0.999146
5, 862,0,129.829880, 127.716141, 128.673874, 68.490189,13.659987, 235.147675, 1.016550
5, 862,1,235.147675, 234.026657, 128.673874, 68.490189,13.659987, 235.147675, 1.004790
5, 862,2,127.782547, 129.322571, 128.673874, 68.490189,13.659987, 235.147675, 0.988092
5, 862,3,191.655548, 190.862686, 128.673874, 68.490189,13.659987, 235.147675, 1.004154
5, 862,4,165.514893, 165.767487, 128.673874, 68.490189,13.659987, 235.147675, 0.998476
5, 862,5,70.349091, 69.472702, 128.673874, 68.490189,13.659987, 235.147675, 1.012615
5, 862,6,65.161499, 66.581131, 128.673874, 68.490189,13.659987, 235.147675, 0.978678
5, 862,7,50.531078, 51.564541, 128.673874, 68.490189,13.659987, 235.147675, 0.979958
5, 862,8,231.567505, 232.874222, 128.673874, 68.490189,13.659987, 235.147675, 0.994389
5, 862,9,116.121109, 114.606308, 128.673874, 68.490189,13.659987, 235.147675, 1.013217
5, 862,10,235.032257, 236.499161, 128.673874, 68.490189,13.659987, 235.147675, 0.993797
5, 862,11,68.511215, 69.256180, 128.673874, 68.490189,13.659987, 235.147675, 0.989243
5, 862,12,216.032257, 217.836670, 128.673874, 68.490189,13.659987, 235.147675, 0.991717
5, 862,13,218.613724, 219.471039, 128.673874, 68.490189,13.659987, 235.147675, 0.996094
5, 862,14,135.935196, 136.481659, 128.673874, 68.490189,13.659987, 235.147675, 0.995996
5, 862,15,147.658081, 146.217987, 128.673874, 68.490189,13.659987, 235.147675, 1.009849
5, 862,16,81.668304, 80.941193, 128.673874, 68.490189,13.659987, 235.147675, 1.008983
5, 862,17,15.673836, 14.288460, 128.673874, 68.490189,13.659987, 235.147675, 1.096958
5, 862,18,166.081299, 168.365723, 128.673874, 68.490189,13.659987, 235.147675, 0.986432
5, 862,19,167.779938, 169.511169, 128.673874, 68.490189,13.659987, 235.147675, 0.989787
5, 862,20,200.440491, 201.765427, 128.673874, 68.490189,13.659987, 235.147675, 0.993433
5, 862,21,182.778580, 183.333435, 128.673874, 68.490189,13.659987, 235.147675, 0.996974
5, 862,22,19.311842, 19.638559, 128.673874, 68.490189,13.659987, 235.147675, 0.983363
5, 862,23,88.051651, 89.832413, 128.673874, 68.490189,13.659987, 235.147675, 0.980177
5, 862,24,141.574677, 141.433624, 128.673874, 68.490189,13.659987, 235.147675, 1.000997
5, 862,25,28.863506, 27.335438, 128.673874, 68.490189,13.659987, 235.147675, 1.055901
5, 862,26,169.307510, 168.721924, 128.673874, 68.490189,13.659987, 235.147675, 1.003471
5, 862,27,13.659987, 11.466738, 128.673874, 68.490189,13.659987, 235.147675, 1.191271
5, 862,28,118.418159, 117.791222, 128.673874, 68.490189,13.659987, 235.147675, 1.005322
5, 862,29,162.209808, 161.513962, 128.673874, 68.490189,13.659987, 235.147675, 1.004308
5, 862,30,113.258972, 113.349098, 128.673874, 68.490189,13.659987, 235.147675, 0.999205
5, 862,31,43.041420, 43.155251, 128.673874, 68.490189,13.659987, 235.147675, 0.997362
5, 863,0,253.663406, 253.530106, 128.867966, 72.546829,13.622143, 265.221558, 1.000526
5, 863,1,97.555466, 97.028160, 128.867966, 72.546829,13.622143, 265.221558, 1.005435
5, 863,2,90.396080, 90.774162, 128.867966, 72.546829,13.622143, 265.221558, 0.995835
5, 863,3,265.221558, 263.750854, 128.867966, 72.546829,13.622143, 265.221558, 1.005576
5, 863,4,87.101112, 87.663155, 128.867966, 72.546829,13.622143, 265.221558, 0.993589
5, 863,5,185.664825, 184.584137, 128.867966, 72.546829,13.622143, 265.221558, 1.005855
5, 863,6,51.001122, 51.450737, 128.867966, 72.546829,13.622143, 265.221558, 0.991261
5, 863,7,111.738213, 111.407555, 128.867966, 72.546829,13.622143, 265.221558, 1.002968
5, 863,8,155.507462, 156.377167, 128.867966, 72.546829,13.622143, 265.221558, 0.994438
5, 863,9,24.361303, 23.979527, 128.867966, 72.546829,13.622143, 265.221558, 1.015921
5, 863,10,86.361565, 85.999687, 128.867966, 72.546829,13.622143, 265.221558, 1.004208
5, 863,11,186.278275, 185.167953, 128.867966, 72.546829,13.622143, 265.221558, 1.005996
5, 863,12,13.622143, 13.542867, 128.867966, 72.546829,13.622143, 265.221558, 1.005854
5, 863,13,218.760406, 219.716919, 128.867966, 72.546829,13.622143, 265.221558, 0.995647
5, 863,14,190.059357, 189.318619, 128.867966, 72.546829,13.622143, 265.221558, 1.003913
5, 863,15,186.141373, 185.151962, 128.867966, 72.546829,13.622143, 265.221558, 1.005344
5, 863,16,62.966663, 62.927071, 128.867966, 72.546829,13.622143, 265.221558, 1.000629
5, 863,17,132.011108, 130.889313, 128.867966, 72.546829,13.622143, 265.221558, 1.008571
5, 863,18,180.385147, 180.145554, 128.867966, 72.546829,13.622143, 265.221558, 1.001330
5, 863,19,21.204535, 22.635958, 128.867966, 72.546829,13.622143, 265.221558, 0.936763
5, 863,20,238.818695, 240.686203, 128.867966, 72.546829,13.622143, 265.221558, 0.992241
5, 863,21,21.770914, 21.756241, 128.867966, 72.546829,13.622143, 265.221558, 1.000674
5, 863,22,226.974960, 226.506729, 128.867966, 72.546829,13.622143, 265.221558, 1.002067
5, 863,23,111.203880, 110.911713, 128.867966, 72.546829,13.622143, 265.221558, 1.002634
5, 863,24,93.147072, 92.757523, 128.867966, 72.546829,13.622143, 265.221558, 1.004200
5, 863,25,77.811478, 76.426750, 128.867966, 72.546829,13.622143, 265.221558, 1.018118
5, 863,26,34.277325, 34.712093, 128.867966, 72.546829,13.622143, 265.221558, 0.987475
5, 863,27,161.372681, 162.127335, 128.867966, 72.546829,13.622143, 265.221558, 0.995345
5, 863,28,190.379333, 189.566559, 128.867966, 72.546829,13.622143, 265.221558, 1.004288
5, 863,29,117.756432, 118.221382, 128.867966, 72.546829,13.622143, 265.221558, 0.996067
5, 863,30,116.086700, 116.973778, 128.867966, 72.546829,13.622143, 265.221558, 0.992416
5, 863,31,134.174271, 134.312225, 128.867966, 72.546829,13.622143, 265.221558, 0.998973
5, 864,0,263.700958, 264.041565, 128.675201, 69.248062,30.321724, 263.700958, 0.998710
5, 864,1,82.880287, 83.310066, 128.675201, 69.248062,30.321724, 263.700958, 0.994841
5, 864,2,39.176468, 38.915596, 128.675201, 69.248062,30.321724, 263.700958, 1.006703
5, 864,3,30.321724, 30.792122, 128.675201, 69.248062,30.321724, 263.700958, 0.984723
5, 864,4,112.026436, 112.316032, 128.675201, 69.248062,30.321724, 263.700958, 0.997422
5, 864,5,56.033993, 56.472782, 128.675201, 69.248062,30.321724, 263.700958, 0.992230
5, 864,6,206.674896, 205.894135, 128.675201, 69.248062,30.321724, 263.700958, 1.003792
5, 864,7,92.702301, 92.273911, 128.675201, 69.248062,30.321724, 263.700958, 1.004643
5, 864,8,216.979462, 216.701324, 128.675201, 69.248062,30.321724, 263.700958, 1.001284
5, 864,9,54.554329, 54.764961, 128.675201, 69.248062,30.321724, 263.700958, 0.996154
5, 864,10,182.978928, 183.990570, 128.675201, 69.248062,30.321724, 263.700958, 0.994502
5, 864,11,181.160416, 181.803818, 128.675201, 69.248062,30.321724, 263.700958, 0.996461
5, 864,12,47.856403, 48.376415, 128.675201, 69.248062,30.321724, 263.700958, 0.989251
5, 864,13,38.917076, 39.783066, 128.675201, 69.248062,30.321724, 263.700958, 0.978232
5, 864,14,78.343040, 77.572128, 128.675201, 69.248062,30.321724, 263.700958, 1.009938
5, 864,15,165.664063, 166.894211, 128.675201, 69.248062,30.321724, 263.700958, 0.992629
5, 864,16,202.566803, 203.273651, 128.675201, 69.248062,30.321724, 263.700958, 0.996523
5, 864,17,144.598724, 145.026794, 128.675201, 69.248062,30.321724, 263.700958, 0.997048
5, 864,18,87.778145, 88.334152, 128.675201, 69.248062,30.321724, 263.700958, 0.993706
5, 864,19,153.105484, 152.761734, 128.675201, 69.248062,30.321724, 263.700958, 1.002250
5, 864,20,158.952835, 159.430374, 128.675201, 69.248062,30.321724, 263.700958, 0.997005
5, 864,21,38.627579, 38.454754, 128.675201, 69.248062,30.321724, 263.700958, 1.004494
5, 864,22,245.190979, 243.836792, 128.675201, 69.248062,30.321724, 263.700958, 1.005554
5, 864,23,149.559540, 149.382202, 128.675201, 69.248062,30.321724, 263.700958, 1.001187
5, 864,24,52.952782, 53.066166, 128.675201, 69.248062,30.321724, 263.700958, 0.997863
5, 864,25,145.669556, 145.541855, 128.675201, 69.248062,30.321724, 263.700958, 1.000877
5, 864,26,170.849564, 170.562881, 128.675201, 69.248062,30.321724, 263.700958, 1.001681
5, 864,27,195.867462, 197.165237, 128.675201, 69.248062,30.321724, 263.700958, 0.993418
5, 864,28,190.932510, 190.460434, 128.675201, 69.248062,30.321724, 263.700958, 1.002479
5, 864,29,190.416367, 189.493561, 128.675201, 69.248062,30.321724, 263.700958, 1.004870
5, 864,30,104.789001, 105.132309, 128.675201, 69.248062,30.321724, 263.700958, 0.996734
5, 864,31,35.778431, 35.174641, 128.675201, 69.248062,30.321724, 263.700958, 1.017166
5, 865,0,135.220245, 134.641846, 128.722504, 63.104660,28.953819, 256.795959, 1.004296
5, 865,1,111.269569, 111.442062, 128.722504, 63.104660,28.953819, 256.795959, 0.998452
5, 865,2,39.217072, 39.013264, 128.722504, 63.104660,28.953819, 256.795959, 1.005224
5, 865,3,180.956024, 180.090561, 128.722504, 63.104660,28.953819, 256.795959, 1.004806
5, 865,4,98.558945, 99.134811, 128.722504, 63.104660,28.953819, 256.795959, 0.994191
5, 865,5,114.291092, 114.132339, 128.722504, 63.104660,28.953819, 256.795959, 1.001391
5, 865,6,256.795959, 255.874466, 128.722504, 63.104660,28.953819, 256.795959, 1.003601
5, 865,7,127.785637, 127.753815, 128.722504, 63.104660,28.953819, 256.795959, 1.000249
5, 865,8,214.649948, 215.365677, 128.722504, 63.104660,28.953819, 256.795959, 0.996677
5, 865,9,199.473099, 198.961151, 128.722504, 63.104660,28.953819, 256.795959, 1.002573
5, 865,10,45.396275, 47.099560, 128.722504, 63.104660,28.953819, 256.795959, 0.963836
5, 865,11,124.313232, 124.653801, 128.722504, 63.104660,28.953819, 256.795959, 0.997268
5, 865,12,43.259949, 43.342449, 128.722504, 63.104660,28.953819, 256.795959, 0.998097
5, 865,13,122.193230, 121.576988, 128.722504, 63.104660,28.953819, 256.795959, 1.005069
5, 865,14,152.279617, 152.298737, 128.722504, 63.104660,28.953819, 256.795959, 0.999874
5, 865,15,85.495369, 85.528801, 128.722504, 63.104660,28.953819, 256.795959, 0.999609
5, 865,16,149.990768, 151.115936, 128.722504, 63.104660,28.953819, 256.795959, 0.992554
5, 865,17,153.342056, 154.030411, 128.722504, 63.104660,28.953819, 256.795959, 0.995531
5, 865,18,31.908945, 32.998791, 128.722504, 63.104660,28.953819, 256.795959, 0.966973
5, 865,19,159.743362, 159.418701, 128.722504, 63.104660,28.953819, 256.795959, 1.002037
5, 865,20,57.481030, 57.597836, 128.722504, 63.104660,28.953819, 256.795959, 0.997972
5, 865,21,195.384064, 195.088089, 128.722504, 63.104660,28.953819, 256.795959, 1.001517
5, 865,22,193.290115, 193.410522, 128.722504, 63.104660,28.953819, 256.795959, 0.999377
5, 865,23,131.203064, 132.106201, 128.722504, 63.104660,28.953819, 256.795959, 0.993164
5, 865,24,183.653809, 183.414749, 128.722504, 63.104660,28.953819, 256.795959, 1.001303
5, 865,25,28.953819, 28.909258, 128.722504, 63.104660,28.953819, 256.795959, 1.001541
5, 865,26,41.993114, 42.801300, 128.722504, 63.104660,28.953819, 256.795959, 0.981118
5, 865,27,43.054924, 44.223751, 128.722504, 63.104660,28.953819, 256.795959, 0.973570
5, 865,28,156.804840, 154.919449, 128.722504, 63.104660,28.953819, 256.795959, 1.012170
5, 865,29,139.207474, 138.321640, 128.722504, 63.104660,28.953819, 256.795959, 1.006404
5, 865,30,173.975006, 173.666367, 128.722504, 63.104660,28.953819, 256.795959, 1.001777
5, 865,31,227.978333, 228.067184, 128.722504, 63.104660,28.953819, 256.795959, 0.999610
5, 866,0,109.003181, 109.489151, 128.810242, 67.552299,22.261656, 242.602234, 0.995561
5, 866,1,67.722023, 67.207497, 128.810242, 67.552299,22.261656, 242.602234, 1.007656
5, 866,2,67.465248, 65.595421, 128.810242, 67.552299,22.261656, 242.602234, 1.028505
5, 866,3,99.099274, 97.730888, 128.810242, 67.552299,22.261656, 242.602234, 1.014002
5, 866,4,184.316452, 182.661865, 128.810242, 67.552299,22.261656, 242.602234, 1.009058
5, 866,5,97.387001, 100.071228, 128.810242, 67.552299,22.261656, 242.602234, 0.973177
5, 866,6,115.210999, 115.322327, 128.810242, 67.552299,22.261656, 242.602234, 0.999035
5, 866,7,29.366407, 30.801441, 128.810242, 67.552299,22.261656, 242.602234, 0.953410
5, 866,8,178.313004, 176.991302, 128.810242, 67.552299,22.261656, 242.602234, 1.007468
5, 866,9,153.198425, 152.308151, 128.810242, 67.552299,22.261656, 242.602234, 1.005845
5, 866,10,214.686859, 215.419540, 128.810242, 67.552299,22.261656, 242.602234, 0.996599
5, 866,11,189.016113, 189.562683, 128.810242, 67.552299,22.261656, 242.602234, 0.997117
5, 866,12,197.808151, 195.579681, 128.810242, 67.552299,22.261656, 242.602234, 1.011394
5, 866,13,176.488800, 178.058960, 128.810242, 67.552299,22.261656, 242.602234, 0.991182
5, 866,14,60.864571, 60.561218, 128.810242, 67.552299,22.261656, 242.602234, 1.005009
5, 866,15,152.061630, 154.309113, 128.810242, 67.552299,22.261656, 242.602234, 0.985435
5, 866,16,59.959232, 60.045071, 128.810242, 67.552299,22.261656, 242.602234, 0.998570
5, 866,17,43.200516, 43.797039, 128.810242, 67.552299,22.261656, 242.602234, 0.986380
5, 866,18,87.876503, 88.136208, 128.810242, 67.552299,22.261656, 242.602234, 0.997053
5, 866,19,239.441254, 240.208755, 128.810242, 67.552299,22.261656, 242.602234, 0.996805
5, 866,20,83.828079, 82.515160, 128.810242, 67.552299,22.261656, 242.602234, 1.015911
5, 866,21,22.261656, 21.433014, 128.810242, 67.552299,22.261656, 242.602234, 1.038662
5, 866,22,144.117569, 143.597290, 128.810242, 67.552299,22.261656, 242.602234, 1.003623
5, 866,23,203.276871, 201.462341, 128.810242, 67.552299,22.261656, 242.602234, 1.009007
5, 866,24,232.566727, 232.600876, 128.810242, 67.552299,22.261656, 242.602234, 0.999853
5, 866,25,73.120583, 72.856842, 128.810242, 67.552299,22.261656, 242.602234, 1.003620
5, 866,26,149.120056, 149.996094, 128.810242, 67.552299,22.261656, 242.602234, 0.994160
5, 866,27,31.604609, 31.925653, 128.810242, 67.552299,22.261656, 242.602234, 0.989944
5, 866,28,196.321121, 197.128128, 128.810242, 67.552299,22.261656, 242.602234, 0.995906
5, 866,29,161.572617, 162.970474, 128.810242, 67.552299,22.261656, 242.602234, 0.991423
5, 866,30,242.602234, 240.350143, 128.810242, 67.552299,22.261656, 242.602234, 1.009370
5, 866,31,59.050076, 60.306683, 128.810242, 67.552299,22.261656, 242.602234, 0.979163
5, 867,0,175.748245, 175.993607, 129.001038, 71.485176,13.240980, 255.579605, 0.998606
5, 867,1,14.561075, 16.055801, 129.001038, 71.485176,13.240980, 255.579605, 0.906904
5, 867,2,13.240980, 12.779959, 129.001038, 71.485176,13.240980, 255.579605, 1.036074
5, 867,3,213.855881, 214.311951, 129.001038, 71.485176,13.240980, 255.579605, 0.997872
5, 867,4,222.373627, 222.193512, 129.001038, 71.485176,13.240980, 255.579605, 1.000811
5, 867,5,92.953735, 91.610573, 129.001038, 71.485176,13.240980, 255.579605, 1.014662
5, 867,6,167.692245, 167.375717, 129.001038, 71.485176,13.240980, 255.579605, 1.001891
5, 867,7,212.746277, 213.297638, 129.001038, 71.485176,13.240980, 255.579605, 0.997415
5, 867,8,171.634842, 172.259430, 129.001038, 71.485176,13.240980, 255.579605, 0.996374
5, 867,9,87.811165, 87.282860, 129.001038, 71.485176,13.240980, 255.579605, 1.006053
5, 867,10,104.978554, 104.691406, 129.001038, 71.485176,13.240980, 255.579605, 1.002743
5, 867,11,26.350403, 26.807482, 129.001038, 71.485176,13.240980, 255.579605, 0.982950
5, 867,12,212.365707, 213.245056, 129.001038, 71.485176,13.240980, 255.579605, 0.995876
5, 867,13,45.116013, 44.997429, 129.001038, 71.485176,13.240980, 255.579605, 1.002635
5, 867,14,228.819656, 228.482224, 129.001038, 71.485176,13.240980, 255.579605, 1.001477
5, 867,15,178.220795, 178.615784, 129.001038, 71.485176,13.240980, 255.579605, 0.997789
5, 867,16,92.577705, 92.917908, 129.001038, 71.485176,13.240980, 255.579605, 0.996339
5, 867,17,89.028770, 87.823830, 129.001038, 71.485176,13.240980, 255.579605, 1.013720
5, 867,18,223.777374, 224.034286, 129.001038, 71.485176,13.240980, 255.579605, 0.998853
5, 867,19,95.471855, 95.434898, 129.001038, 71.485176,13.240980, 255.579605, 1.000387
5, 867,20,53.491096, 51.676846, 129.001038, 71.485176,13.240980, 255.579605, 1.035108
5, 867,21,117.384262, 116.915718, 129.001038, 71.485176,13.240980, 255.579605, 1.004008
5, 867,22,121.449623, 121.093170, 129.001038, 71.485176,13.240980, 255.579605, 1.002944
5, 867,23,119.409813, 118.951851, 129.001038, 71.485176,13.240980, 255.579605, 1.003850
5, 867,24,112.489754, 110.424133, 129.001038, 71.485176,13.240980, 255.579605, 1.018706
5, 867,25,255.579605, 255.282516, 129.001038, 71.485176,13.240980, 255.579605, 1.001164
5, 867,26,102.617683, 101.355461, 129.001038, 71.485176,13.240980, 255.579605, 1.012453
5, 867,27,144.943634, 144.692764, 129.001038, 71.485176,13.240980, 255.579605, 1.001734
5, 867,28,123.279732, 122.550766, 129.001038, 71.485176,13.240980, 255.579605, 1.005948
5, 867,29,230.740570, 230.255402, 129.001038, 71.485176,13.240980, 255.579605, 1.002107
5, 867,30,42.786430, 42.863621, 129.001038, 71.485176,13.240980, 255.579605, 0.998199
5, 867,31,34.536060, 34.726608, 129.001038, 71.485176,13.240980, 255.579605, 0.994513
5, 868,0,133.580444, 134.130432, 128.704758, 57.780724,16.008957, 203.392944, 0.995900
5, 868,1,156.198868, 156.614151, 128.704758, 57.780724,16.008957, 203.392944, 0.997348
5, 868,2,131.574295, 131.257507, 128.704758, 57.780724,16.008957, 203.392944, 1.002414
5, 868,3,143.784088, 145.294952, 128.704758, 57.780724,16.008957, 203.392944, 0.989601
5, 868,4,191.604813, 194.027542, 128.704758, 57.780724,16.008957, 203.392944, 0.987513
5, 868,5,158.546432, 158.505630, 128.704758, 57.780724,16.008957, 203.392944, 1.000257
5, 868,6,52.495598, 50.214951, 128.704758, 57.780724,16.008957, 203.392944, 1.045418
5, 868,7,181.727371, 180.953674, 128.704758, 57.780724,16.008957, 203.392944, 1.004276
5, 868,8,61.970535, 61.165359, 128.704758, 57.780724,16.008957, 203.392944, 1.013164
5, 868,9,46.879601, 45.878799, 128.704758, 57.780724,16.008957, 203.392944, 1.021814
5, 868,10,180.141327, 180.156631, 128.704758, 57.780724,16.008957, 203.392944, 0.999915
5, 868,11,181.928497, 182.357422, 128.704758, 57.780724,16.008957, 203.392944, 0.997648
5, 868,12,164.128250, 165.768234, 128.704758, 57.780724,16.008957, 203.392944, 0.990107
5, 868,13,41.475986, 40.947845, 128.704758, 57.780724,16.008957, 203.392944, 1.012898
5, 868,14,89.399155, 90.935486, 128.704758, 57.780724,16.008957, 203.392944, 0.983105
5, 868,15,50.324398, 48.275875, 128.704758, 57.780724,16.008957, 203.392944, 1.042434
5, 868,16,16.008957, 16.429871, 128.704758, 57.780724,16.008957, 203.392944, 0.974381
5, 868,17,202.821564, 202.699844, 128.704758, 57.780724,16.008957, 203.392944, 1.000600
5, 868,18,49.099258, 50.708641, 128.704758, 57.780724,16.008957, 203.392944, 0.968262
5, 868,19,74.995972, 75.262299, 128.704758, 57.780724,16.008957, 203.392944, 0.996461
5, 868,20,195.220932, 195.609756, 128.704758, 57.780724,16.008957, 203.392944, 0.998012
5, 868,21,118.275543, 116.952370, 128.704758, 57.780724,16.008957, 203.392944, 1.011314
5, 868,22,129.167740, 128.479736, 128.704758, 57.780724,16.008957, 203.392944, 1.005355
5, 868,23,165.867233, 166.018066, 128.704758, 57.780724,16.008957, 203.392944, 0.999091
5, 868,24,179.590454, 178.788574, 128.704758, 57.780724,16.008957, 203.392944, 1.004485
5, 868,25,199.361008, 200.867828, 128.704758, 57.780724,16.008957, 203.392944, 0.992498
5, 868,26,106.582207, 105.656975, 128.704758, 57.780724,16.008957, 203.392944, 1.008757
5, 868,27,118.488106, 119.159111, 128.704758, 57.780724,16.008957, 203.392944, 0.994369
5, 868,28,120.692940, 120.622345, 128.704758, 57.780724,16.008957, 203.392944, 1.000585
5, 868,29,71.179527, 72.044388, 128.704758, 57.780724,16.008957, 203.392944, 0.987995
5, 868,30,202.048019, 202.551147, 128.704758, 57.780724,16.008957, 203.392944, 0.997516
5, 868,31,203.392944, 202.664169, 128.704758, 57.780724,16.008957, 203.392944, 1.003596
5, 869,0,38.507668, 38.313911, 128.754333, 57.790859,28.815941, 219.780945, 1.005057
5, 869,1,59.738335, 58.569439, 128.754333, 57.790859,28.815941, 219.780945, 1.019957
5, 869,2,203.656723, 204.832169, 128.754333, 57.790859,28.815941, 219.780945, 0.994261
5, 869,3,150.724915, 151.969223, 128.754333, 57.790859,28.815941, 219.780945, 0.991812
5, 869,4,40.241692, 39.757969, 128.754333, 57.790859,28.815941, 219.780945, 1.012167
5, 869,5,112.470482, 112.257568, 128.754333, 57.790859,28.815941, 219.780945, 1.001897
5, 869,6,219.780945, 219.994812, 128.754333, 57.790859,28.815941, 219.780945, 0.999028
5, 869,7,217.692642, 216.900391, 128.754333, 57.790859,28.815941, 219.780945, 1.003653
5, 869,8,131.278229, 131.326904, 128.754333, 57.790859,28.815941, 219.780945, 0.999629
5, 869,9,82.944168, 82.905739, 128.754333, 57.790859,28.815941, 219.780945, 1.000463
5, 869,10,60.553074, 60.858017, 128.754333, 57.790859,28.815941, 219.780945, 0.994989
5, 869,11,181.090332, 180.354065, 128.754333, 57.790859,28.815941, 219.780945, 1.004082
5, 869,12,57.234100, 56.951317, 128.754333, 57.790859,28.815941, 219.780945, 1.004965
5, 869,13,121.149376, 120.805893, 128.754333, 57.790859,28.815941, 219.780945, 1.002843
5, 869,14,180.799149, 179.825439, 128.754333, 57.790859,28.815941, 219.780945, 1.005415
5, 869,15,95.133385, 94.658066, 128.754333, 57.790859,28.815941, 219.780945, 1.005021
5, 869,16,184.016281, 184.131821, 128.754333, 57.790859,28.815941, 219.780945, 0.999373
5, 869,17,190.646057, 190.462479, 128.754333, 57.790859,28.815941, 219.780945, 1.000964
5, 869,18,122.879776, 122.746338, 128.754333, 57.790859,28.815941, 219.780945, 1.001087
5, 869,19,151.248322, 152.207764, 128.754333, 57.790859,28.815941, 219.780945, 0.993697
5, 869,20,171.684525, 171.360916, 128.754333, 57.790859,28.815941, 219.780945, 1.001889
5, 869,21,81.071259, 81.261818, 128.754333, 57.790859,28.815941, 219.780945, 0.997655
5, 869,22,106.260925, 107.770653, 128.754333, 57.790859,28.815941, 219.780945, 0.985991
5, 869,23,200.695190, 200.422653, 128.754333, 57.790859,28.815941, 219.780945, 1.001360
5, 869,24,132.925278, 132.828995, 128.754333, 57.790859,28.815941, 219.780945, 1.000725
5, 869,25,164.228577, 164.475830, 128.754333, 57.790859,28.815941, 219.780945, 0.998497
5, 869,26,153.018082, 153.729187, 128.754333, 57.790859,28.815941, 219.780945, 0.995374
5, 869,27,58.596931, 59.104519, 128.754333, 57.790859,28.815941, 219.780945, 0.991412
5, 869,28,28.815941, 29.514162, 128.754333, 57.790859,28.815941, 219.780945, 0.976343
5, 869,29,77.348747, 77.864418, 128.754333, 57.790859,28.815941, 219.780945, 0.993377
5, 869,30,145.636826, 144.755371, 128.754333, 57.790859,28.815941, 219.780945, 1.006089
5, 869,31,198.070374, 198.082474, 128.754333, 57.790859,28.815941, 219.780945, 0.999939
5, 870,0,122.267433, 120.950951, 128.781784, 71.450882,17.365194, 294.009186, 1.010884
5, 870,1,21.978617, 21.118622, 128.781784, 71.450882,17.365194, 294.009186, 1.040722
5, 870,2,129.378540, 129.333481, 128.781784, 71.450882,17.365194, 294.009186, 1.000348
5, 870,3,151.783707, 151.396454, 128.781784, 71.450882,17.365194, 294.009186, 1.002558
5, 870,4,153.391220, 154.716370, 128.781784, 71.450882,17.365194, 294.009186, 0.991435
5, 870,5,176.034225, 176.491791, 128.781784, 71.450882,17.365194, 294.009186, 0.997407
5, 870,6,294.009186, 294.631500, 128.781784, 71.450882,17.365194, 294.009186, 0.997888
5, 870,7,124.673653, 124.096581, 128.781784, 71.450882,17.365194, 294.009186, 1.004650
5, 870,8,23.577032, 22.573803, 128.781784, 71.450882,17.365194, 294.009186, 1.044442
5, 870,9,210.034149, 209.481674, 128.781784, 71.450882,17.365194, 294.009186, 1.002637
5, 870,10,18.537064, 19.436888, 128.781784, 71.450882,17.365194, 294.009186, 0.953705
5, 870,11,138.758789, 138.238846, 128.781784, 71.450882,17.365194, 294.009186, 1.003761
5, 870,12,152.715851, 153.104340, 128.781784, 71.450882,17.365194, 294.009186, 0.997463
5, 870,13,86.216751, 87.072266, 128.781784, 71.450882,17.365194, 294.009186, 0.990175
5, 870,14,70.585396, 70.490189, 128.781784, 71.450882,17.365194, 294.009186, 1.001351
5, 870,15,30.603903, 30.755924, 128.781784, 71.450882,17.365194, 294.009186, 0.995057
5, 870,16,192.267120, 191.836517, 128.781784, 71.450882,17.365194, 294.009186, 1.002245
5, 870,17,119.526512, 119.887886, 128.781784, 71.450882,17.365194, 294.009186, 0.996986
5, 870,18,203.005844, 203.652237, 128.781784, 71.450882,17.365194, 294.009186, 0.996826
5, 870,19,40.538246, 41.229736, 128.781784, 71.450882,17.365194, 294.009186, 0.983228
5, 870,20,184.793991, 184.743607, 128.781784, 71.450882,17.365194, 294.009186, 1.000273
5, 870,21,17.365194, 17.406605, 128.781784, 71.450882,17.365194, 294.009186, 0.997621
5, 870,22,177.091675, 178.060226, 128.781784, 71.450882,17.365194, 294.009186, 0.994561
5, 870,23,88.975937, 89.329109, 128.781784, 71.450882,17.365194, 294.009186, 0.996046
5, 870,24,68.912201, 69.052429, 128.781784, 71.450882,17.365194, 294.009186, 0.997969
5, 870,25,165.769440, 165.477722, 128.781784, 71.450882,17.365194, 294.009186, 1.001763
5, 870,26,98.649017, 99.428230, 128.781784, 71.450882,17.365194, 294.009186, 0.992163
5, 870,27,209.038010, 208.261765, 128.781784, 71.450882,17.365194, 294.009186, 1.003727
5, 870,28,264.092712, 264.438690, 128.781784, 71.450882,17.365194, 294.009186, 0.998692
5, 870,29,175.438187, 174.051956, 128.781784, 71.450882,17.365194, 294.009186, 1.007964
5, 870,30,100.950089, 101.371376, 128.781784, 71.450882,17.365194, 294.009186, 0.995844
5, 870,31,110.056999, 108.882545, 128.781784, 71.450882,17.365194, 294.009186, 1.010786
5, 871,0,17.271839, 16.688801, 128.830658, 68.255852,11.841726, 234.478653, 1.034936
5, 871,1,134.521591, 132.180695, 128.830658, 68.255852,11.841726, 234.478653, 1.017710
5, 871,2,70.739853, 71.197014, 128.830658, 68.255852,11.841726, 234.478653, 0.993579
5, 871,3,219.496567, 218.928650, 128.830658, 68.255852,11.841726, 234.478653, 1.002594
5, 871,4,11.841726, 10.736319, 128.830658, 68.255852,11.841726, 234.478653, 1.102960
5, 871,5,106.219978, 105.941612, 128.830658, 68.255852,11.841726, 234.478653, 1.002627
5, 871,6,90.665955, 92.364449, 128.830658, 68.255852,11.841726, 234.478653, 0.981611
5, 871,7,220.200775, 220.993103, 128.830658, 68.255852,11.841726, 234.478653, 0.996415
5, 871,8,126.858780, 128.898239, 128.830658, 68.255852,11.841726, 234.478653, 0.984178
5, 871,9,219.953140, 219.148865, 128.830658, 68.255852,11.841726, 234.478653, 1.003670
5, 871,10,112.206131, 111.763344, 128.830658, 68.255852,11.841726, 234.478653, 1.003962
5, 871,11,112.517975, 113.304794, 128.830658, 68.255852,11.841726, 234.478653, 0.993056
5, 871,12,225.061813, 223.931488, 128.830658, 68.255852,11.841726, 234.478653, 1.005048
5, 871,13,169.023514, 169.361343, 128.830658, 68.255852,11.841726, 234.478653, 0.998005
5, 871,14,225.881119, 225.073807, 128.830658, 68.255852,11.841726, 234.478653, 1.003587
5, 871,15,124.198395, 126.820023, 128.830658, 68.255852,11.841726, 234.478653, 0.979328
5, 871,16,190.750351, 191.038010, 128.830658, 68.255852,11.841726, 234.478653, 0.998494
5, 871,17,198.288544, 197.953888, 128.830658, 68.255852,11.841726, 234.478653, 1.001691
5, 871,18,40.916725, 39.941326, 128.830658, 68.255852,11.841726, 234.478653, 1.024421
5, 871,19,104.137146, 105.143356, 128.830658, 68.255852,11.841726, 234.478653, 0.990430
5, 871,20,103.121490, 102.693550, 128.830658, 68.255852,11.841726, 234.478653, 1.004167
5, 871,21,38.592468, 37.408939, 128.830658, 68.255852,11.841726, 234.478653, 1.031638
5, 871,22,170.895630, 170.985367, 128.830658, 68.255852,11.841726, 234.478653, 0.999475
5, 871,23,234.478653, 234.012863, 128.830658, 68.255852,11.841726, 234.478653, 1.001990
5, 871,24,189.172775, 190.604477, 128.830658, 68.255852,11.841726, 234.478653, 0.992489
5, 871,25,120.369209, 121.060219, 128.830658, 68.255852,11.841726, 234.478653, 0.994292
5, 871,26,104.601570, 104.427681, 128.830658, 68.255852,11.841726, 234.478653, 1.001665
5, 871,27,34.455967, 34.174644, 128.830658, 68.255852,11.841726, 234.478653, 1.008232
5, 871,28,174.090851, 174.543091, 128.830658, 68.255852,11.841726, 234.478653, 0.997409
5, 871,29,18.225060, 16.902126, 128.830658, 68.255852,11.841726, 234.478653, 1.078270
5, 871,30,105.824074, 106.285683, 128.830658, 68.255852,11.841726, 234.478653, 0.995657
5, 871,31,108.001144, 106.492126, 128.830658, 68.255852,11.841726, 234.478653, 1.014170
5, 872,0,29.659067, 30.692566, 128.639832, 56.741997,19.825115, 228.358047, 0.966327
5, 872,1,207.513336, 207.005219, 128.639832, 56.741997,19.825115, 228.358047, 1.002455
5, 872,2,76.130783, 77.262764, 128.639832, 56.741997,19.825115, 228.358047, 0.985349
5, 872,3,180.256332, 179.744446, 128.639832, 56.741997,19.825115, 228.358047, 1.002848
5, 872,4,120.149597, 121.093941, 128.639832, 56.741997,19.825115, 228.358047, 0.992202
5, 872,5,157.201340, 157.116852, 128.639832, 56.741997,19.825115, 228.358047, 1.000538
5, 872,6,99.564636, 100.701164, 128.639832, 56.741997,19.825115, 228.358047, 0.988714
5, 872,7,215.521255, 214.745346, 128.639832, 56.741997,19.825115, 228.358047, 1.003613
5, 872,8,75.137619, 73.869644, 128.639832, 56.741997,19.825115, 228.358047, 1.017165
5, 872,9,121.732300, 120.698753, 128.639832, 56.741997,19.825115, 228.358047, 1.008563
5, 872,10,88.923637, 88.838882, 128.639832, 56.741997,19.825115, 228.358047, 1.000954
5, 872,11,124.379677, 123.969223, 128.639832, 56.741997,19.825115, 228.358047, 1.003311
5, 872,12,184.052567, 185.011276, 128.639832, 56.741997,19.825115, 228.358047, 0.994818
5, 872,13,105.273041, 105.545555, 128.639832, 56.741997,19.825115, 228.358047, 0.997418
5, 872,14,122.024734, 121.775276, 128.639832, 56.741997,19.825115, 228.358047, 1.002048
5, 872,15,138.663651, 138.168533, 128.639832, 56.741997,19.825115, 228.358047, 1.003583
5, 872,16,23.936337, 23.586098, 128.639832, 56.741997,19.825115, 228.358047, 1.014849
5, 872,17,62.268974, 62.409359, 128.639832, 56.741997,19.825115, 228.358047, 0.997751
5, 872,18,19.825115, 19.865932, 128.639832, 56.741997,19.825115, 228.358047, 0.997945
5, 872,19,101.237946, 103.930756, 128.639832, 56.741997,19.825115, 228.358047, 0.974090
5, 872,20,228.358047, 229.155869, 128.639832, 56.741997,19.825115, 228.358047, 0.996518
5, 872,21,100.567535, 102.104744, 128.639832, 56.741997,19.825115, 228.358047, 0.984945
5, 872,22,172.644531, 171.602341, 128.639832, 56.741997,19.825115, 228.358047, 1.006073
5, 872,23,152.779541, 153.601089, 128.639832, 56.741997,19.825115, 228.358047, 0.994651
5, 872,24,193.862579, 195.061172, 128.639832, 56.741997,19.825115, 228.358047, 0.993855
5, 872,25,106.909203, 106.002060, 128.639832, 56.741997,19.825115, 228.358047, 1.008558
5, 872,26,163.117599, 162.458633, 128.639832, 56.741997,19.825115, 228.358047, 1.004056
5, 872,27,157.561676, 158.159332, 128.639832, 56.741997,19.825115, 228.358047, 0.996221
5, 872,28,73.132561, 72.568268, 128.639832, 56.741997,19.825115, 228.358047, 1.007776
5, 872,29,216.278381, 216.087616, 128.639832, 56.741997,19.825115, 228.358047, 1.000883
5, 872,30,123.638977, 123.417336, 128.639832, 56.741997,19.825115, 228.358047, 1.001796
5, 872,31,174.171432, 174.750168, 128.639832, 56.741997,19.825115, 228.358047, 0.996688
5, 873,0,15.725303, 14.528211, 129.053360, 72.910942,15.725303, 243.729980, 1.082398
5, 873,1,241.900909, 241.053177, 129.053360, 72.910942,15.725303, 243.729980, 1.003517
5, 873,2,241.197281, 240.287750, 129.053360, 72.910942,15.725303, 243.729980, 1.003785
5, 873,3,203.490753, 202.652817, 129.053360, 72.910942,15.725303, 243.729980, 1.004135
5, 873,4,189.401047, 188.975189, 129.053360, 72.910942,15.725303, 243.729980, 1.002254
5, 873,5,60.266235, 59.781696, 129.053360, 72.910942,15.725303, 243.729980, 1.008105
5, 873,6,146.187164, 146.633194, 129.053360, 72.910942,15.725303, 243.729980, 0.996958
5, 873,7,58.932011, 57.878849, 129.053360, 72.910942,15.725303, 243.729980, 1.018196
5, 873,8,240.849335, 241.725616, 129.053360, 72.910942,15.725303, 243.729980, 0.996375
5, 873,9,161.857361, 162.120682, 129.053360, 72.910942,15.725303, 243.729980, 0.998376
5, 873,10,69.086601, 69.181496, 129.053360, 72.910942,15.725303, 243.729980, 0.998628
5, 873,11,84.155312, 83.688934, 129.053360, 72.910942,15.725303, 243.729980, 1.005573
5, 873,12,40.801300, 40.917732, 129.053360, 72.910942,15.725303, 243.729980, 0.997154
5, 873,13,82.051239, 82.165222, 129.053360, 72.910942,15.725303, 243.729980, 0.998613
5, 873,14,123.003036, 122.425522, 129.053360, 72.910942,15.725303, 243.729980, 1.004717
5, 873,15,154.418106, 152.770966, 129.053360, 72.910942,15.725303, 243.729980, 1.010782
5, 873,16,139.420532, 140.237900, 129.053360, 72.910942,15.725303, 243.729980, 0.994172
5, 873,17,103.776527, 104.749046, 129.053360, 72.910942,15.725303, 243.729980, 0.990716
5, 873,18,62.500813, 60.482746, 129.053360, 72.910942,15.725303, 243.729980, 1.033366
5, 873,19,233.542770, 231.932388, 129.053360, 72.910942,15.725303, 243.729980, 1.006943
5, 873,20,21.230021, 21.810547, 129.053360, 72.910942,15.725303, 243.729980, 0.973383
5, 873,21,236.988327, 237.025711, 129.053360, 72.910942,15.725303, 243.729980, 0.999842
5, 873,22,164.433640, 164.602982, 129.053360, 72.910942,15.725303, 243.729980, 0.998971
5, 873,23,93.518105, 92.824043, 129.053360, 72.910942,15.725303, 243.729980, 1.007477
5, 873,24,47.610279, 47.985458, 129.053360, 72.910942,15.725303, 243.729980, 0.992181
5, 873,25,243.729980, 242.748566, 129.053360, 72.910942,15.725303, 243.729980, 1.004043
5, 873,26,115.940704, 114.899956, 129.053360, 72.910942,15.725303, 243.729980, 1.009058
5, 873,27,148.018951, 147.691925, 129.053360, 72.910942,15.725303, 243.729980, 1.002214
5, 873,28,37.535355, 38.385368, 129.053360, 72.910942,15.725303, 243.729980, 0.977856
5, 873,29,188.363953, 189.747772, 129.053360, 72.910942,15.725303, 243.729980, 0.992707
5, 873,30,74.193672, 72.894196, 129.053360, 72.910942,15.725303, 243.729980, 1.017827
5, 873,31,105.580841, 106.194069, 129.053360, 72.910942,15.725303, 243.729980, 0.994225
5, 874,0,167.377350, 167.893112, 128.654724, 65.199150,15.928722, 243.442520, 0.996928
5, 874,1,144.658157, 144.014557, 128.654724, 65.199150,15.928722, 243.442520, 1.004469
5, 874,2,118.275948, 117.094383, 128.654724, 65.199150,15.928722, 243.442520, 1.010091
5, 874,3,243.442520, 242.467804, 128.654724, 65.199150,15.928722, 243.442520, 1.004020
5, 874,4,125.300507, 125.508308, 128.654724, 65.199150,15.928722, 243.442520, 0.998344
5, 874,5,81.802567, 81.100639, 128.654724, 65.199150,15.928722, 243.442520, 1.008655
5, 874,6,133.674408, 133.585083, 128.654724, 65.199150,15.928722, 243.442520, 1.000669
5, 874,7,55.010094, 55.433758, 128.654724, 65.199150,15.928722, 243.442520, 0.992357
5, 874,8,180.816055, 180.338104, 128.654724, 65.199150,15.928722, 243.442520, 1.002650
5, 874,9,108.595184, 109.303429, 128.654724, 65.199150,15.928722, 243.442520, 0.993520
5, 874,10,84.307617, 86.736801, 128.654724, 65.199150,15.928722, 243.442520, 0.971994
5, 874,11,157.296875, 156.342300, 128.654724, 65.199150,15.928722, 243.442520, 1.006106
5, 874,12,15.928722, 15.826720, 128.654724, 65.199150,15.928722, 243.442520, 1.006445
5, 874,13,131.005325, 130.558136, 128.654724, 65.199150,15.928722, 243.442520, 1.003425
5, 874,14,171.699860, 171.909531, 128.654724, 65.199150,15.928722, 243.442520, 0.998780
5, 874,15,136.181274, 135.549347, 128.654724, 65.199150,15.928722, 243.442520, 1.004662
5, 874,16,211.863388, 211.289352, 128.654724, 65.199150,15.928722, 243.442520, 1.002717
5, 874,17,235.946808, 235.461090, 128.654724, 65.199150,15.928722, 243.442520, 1.002063
5, 874,18,34.117649, 35.351730, 128.654724, 65.199150,15.928722, 243.442520, 0.965091
5, 874,19,217.117905, 219.520065, 128.654724, 65.199150,15.928722, 243.442520, 0.989057
5, 874,20,69.336784, 70.165466, 128.654724, 65.199150,15.928722, 243.442520, 0.988190
5, 874,21,43.351742, 43.677708, 128.654724, 65.199150,15.928722, 243.442520, 0.992537
5, 874,22,181.555725, 182.588181, 128.654724, 65.199150,15.928722, 243.442520, 0.994345
5, 874,23,198.862976, 197.642365, 128.654724, 65.199150,15.928722, 243.442520, 1.006176
5, 874,24,26.383646, 28.726126, 128.654724, 65.199150,15.928722, 243.442520, 0.918455
5, 874,25,155.083160, 153.747742, 128.654724, 65.199150,15.928722, 243.442520, 1.008686
5, 874,26,181.167801, 180.763214, 128.654724, 65.199150,15.928722, 243.442520, 1.002238
5, 874,27,41.558735, 42.116585, 128.654724, 65.199150,15.928722, 243.442520, 0.986755
5, 874,28,186.508896, 186.978378, 128.654724, 65.199150,15.928722, 243.442520, 0.997489
5, 874,29,94.962357, 95.986267, 128.654724, 65.199150,15.928722, 243.442520, 0.989333
5, 874,30,147.299194, 146.777679, 128.654724, 65.199150,15.928722, 243.442520, 1.003553
5, 874,31,36.462067, 36.546391, 128.654724, 65.199150,15.928722, 243.442520, 0.997693
5, 875,0,85.210167, 84.896034, 128.812637, 81.691681,17.504377, 291.306976, 1.003700
5, 875,1,34.989803, 34.927429, 128.812637, 81.691681,17.504377, 291.306976, 1.001786
5, 875,2,147.369751, 147.376480, 128.812637, 81.691681,17.504377, 291.306976, 0.999954
5, 875,3,35.523052, 34.804932, 128.812637, 81.691681,17.504377, 291.306976, 1.020633
5, 875,4,77.035736, 77.686417, 128.812637, 81.691681,17.504377, 291.306976, 0.991624
5, 875,5,123.599640, 125.073906, 128.812637, 81.691681,17.504377, 291.306976, 0.988213
5, 875,6,291.306976, 290.107666, 128.812637, 81.691681,17.504377, 291.306976, 1.004134
5, 875,7,238.440460, 237.907913, 128.812637, 81.691681,17.504377, 291.306976, 1.002239
5, 875,8,276.406799, 276.318390, 128.812637, 81.691681,17.504377, 291.306976, 1.000320
5, 875,9,180.070267, 181.254669, 128.812637, 81.691681,17.504377, 291.306976, 0.993466
5, 875,10,119.442307, 119.141724, 128.812637, 81.691681,17.504377, 291.306976, 1.002523
5, 875,11,56.502884, 57.632473, 128.812637, 81.691681,17.504377, 291.306976, 0.980400
5, 875,12,124.540794, 124.321434, 128.812637, 81.691681,17.504377, 291.306976, 1.001764
5, 875,13,137.761017, 138.189453, 128.812637, 81.691681,17.504377, 291.306976, 0.996900
5, 875,14,17.504377, 16.868385, 128.812637, 81.691681,17.504377, 291.306976, 1.037703
5, 875,15,224.212082, 223.899918, 128.812637, 81.691681,17.504377, 291.306976, 1.001394
5, 875,16,258.444885, 258.206848, 128.812637, 81.691681,17.504377, 291.306976, 1.000922
5, 875,17,71.346718, 72.130463, 128.812637, 81.691681,17.504377, 291.306976, 0.989134
5, 875,18,248.478745, 248.031128, 128.812637, 81.691681,17.504377, 291.306976, 1.001805
5, 875,19,39.928806, 39.004711, 128.812637, 81.691681,17.504377, 291.306976, 1.023692
5, 875,20,45.410751, 44.770660, 128.812637, 81.691681,17.504377, 291.306976, 1.014297
5, 875,21,169.555038, 170.510254, 128.812637, 81.691681,17.504377, 291.306976, 0.994398
5, 875,22,84.419243, 83.058624, 128.812637, 81.691681,17.504377, 291.306976, 1.016381
5, 875,23,43.587055, 43.221992, 128.812637, 81.691681,17.504377, 291.306976, 1.008446
5, 875,24,84.681450, 84.694794, 128.812637, 81.691681,17.504377, 291.306976, 0.999842
5, 875,25,138.205826, 137.681976, 128.812637, 81.691681,17.504377, 291.306976, 1.003805
5, 875,26,46.014694, 46.686806, 128.812637, 81.691681,17.504377, 291.306976, 0.985604
5, 875,27,179.087982, 178.866058, 128.812637, 81.691681,17.504377, 291.306976, 1.001241
5, 875,28,157.943893, 158.663361, 128.812637, 81.691681,17.504377, 291.306976, 0.995465
5, 875,29,231.149490, 231.923233, 128.812637, 81.691681,17.504377, 291.306976, 0.996664
5, 875,30,133.384033, 133.114716, 128.812637, 81.691681,17.504377, 291.306976, 1.002023
5, 875,31,20.450537, 20.026970, 128.812637, 81.691681,17.504377, 291.306976, 1.021150
5, 876,0,136.173264, 135.218842, 128.665756, 78.805984,9.537185, 244.579529, 1.007058
5, 876,1,224.777573, 224.508591, 128.665756, 78.805984,9.537185, 244.579529, 1.001198
5, 876,2,143.696594, 144.059113, 128.665756, 78.805984,9.537185, 244.579529, 0.997484
5, 876,3,33.600029, 34.660896, 128.665756, 78.805984,9.537185, 244.579529, 0.969393
5, 876,4,142.364838, 142.946289, 128.665756, 78.805984,9.537185, 244.579529, 0.995932
5, 876,5,85.903214, 86.776405, 128.665756, 78.805984,9.537185, 244.579529, 0.989937
5, 876,6,240.327942, 240.002380, 128.665756, 78.805984,9.537185, 244.579529, 1.001356
5, 876,7,131.251877, 131.327896, 128.665756, 78.805984,9.537185, 244.579529, 0.999421
5, 876,8,145.643295, 146.261398, 128.665756, 78.805984,9.537185, 244.579529, 0.995774
5, 876,9,210.946671, 211.326019, 128.665756, 78.805984,9.537185, 244.579529, 0.998205
5, 876,10,244.579529, 244.235733, 128.665756, 78.805984,9.537185, 244.579529, 1.001408
5, 876,11,209.967148, 210.625641, 128.665756, 78.805984,9.537185, 244.579529, 0.996874
5, 876,12,35.633797, 35.314583, 128.665756, 78.805984,9.537185, 244.579529, 1.009039
5, 876,13,229.156143, 229.605743, 128.665756, 78.805984,9.537185, 244.579529, 0.998042
5, 876,14,169.246658, 169.373688, 128.665756, 78.805984,9.537185, 244.579529, 0.999250
5, 876,15,70.951645, 71.477158, 128.665756, 78.805984,9.537185, 244.579529, 0.992648
5, 876,16,9.537185, 10.490261, 128.665756, 78.805984,9.537185, 244.579529, 0.909147
5, 876,17,111.008461, 111.328362, 128.665756, 78.805984,9.537185, 244.579529, 0.997127
5, 876,18,52.211128, 51.096310, 128.665756, 78.805984,9.537185, 244.579529, 1.021818
5, 876,19,153.975342, 154.813721, 128.665756, 78.805984,9.537185, 244.579529, 0.994585
5, 876,20,37.088619, 37.594681, 128.665756, 78.805984,9.537185, 244.579529, 0.986539
5, 876,21,44.831776, 45.859077, 128.665756, 78.805984,9.537185, 244.579529, 0.977599
5, 876,22,209.233765, 208.423340, 128.665756, 78.805984,9.537185, 244.579529, 1.003888
5, 876,23,29.395462, 29.633780, 128.665756, 78.805984,9.537185, 244.579529, 0.991958
5, 876,24,214.370789, 213.940720, 128.665756, 78.805984,9.537185, 244.579529, 1.002010
5, 876,25,141.220184, 140.829620, 128.665756, 78.805984,9.537185, 244.579529, 1.002773
5, 876,26,11.449820, 12.319012, 128.665756, 78.805984,9.537185, 244.579529, 0.929443
5, 876,27,79.949013, 79.056740, 128.665756, 78.805984,9.537185, 244.579529, 1.011286
5, 876,28,205.214279, 204.586868, 128.665756, 78.805984,9.537185, 244.579529, 1.003067
5, 876,29,107.087845, 105.250687, 128.665756, 78.805984,9.537185, 244.579529, 1.017455
5, 876,30,14.354150, 15.634109, 128.665756, 78.805984,9.537185, 244.579529, 0.918130
5, 876,31,242.155838, 242.422562, 128.665756, 78.805984,9.537185, 244.579529, 0.998900
5, 877,0,101.836777, 101.551292, 128.974213, 65.279625,12.545512, 232.346558, 1.002811
5, 877,1,202.766357, 202.790039, 128.974213, 65.279625,12.545512, 232.346558, 0.999883
5, 877,2,162.332138, 161.743286, 128.974213, 65.279625,12.545512, 232.346558, 1.003641
5, 877,3,220.187958, 220.077530, 128.974213, 65.279625,12.545512, 232.346558, 1.000502
5, 877,4,172.777496, 172.802139, 128.974213, 65.279625,12.545512, 232.346558, 0.999857
5, 877,5,21.206261, 20.869690, 128.974213, 65.279625,12.545512, 232.346558, 1.016127
5, 877,6,94.268929, 93.606758, 128.974213, 65.279625,12.545512, 232.346558, 1.007074
5, 877,7,58.418293, 58.133335, 128.974213, 65.279625,12.545512, 232.346558, 1.004902
5, 877,8,191.382034, 191.285339, 128.974213, 65.279625,12.545512, 232.346558, 1.000505
5, 877,9,90.775986, 89.803375, 128.974213, 65.279625,12.545512, 232.346558, 1.010830
5, 877,10,26.891764, 25.976891, 128.974213, 65.279625,12.545512, 232.346558, 1.035219
5, 877,11,77.630592, 77.400185, 128.974213, 65.279625,12.545512, 232.346558, 1.002977
5, 877,12,205.197098, 203.952011, 128.974213, 65.279625,12.545512, 232.346558, 1.006105
5, 877,13,173.791656, 174.599106, 128.974213, 65.279625,12.545512, 232.346558, 0.995375
5, 877,14,171.191574, 171.471298, 128.974213, 65.279625,12.545512, 232.346558, 0.998369
5, 877,15,121.110748, 120.966759, 128.974213, 65.279625,12.545512, 232.346558, 1.001190
5, 877,16,12.545512, 13.654756, 128.974213, 65.279625,12.545512, 232.346558, 0.918765
5, 877,17,103.583504, 103.287468, 128.974213, 65.279625,12.545512, 232.346558, 1.002866
5, 877,18,126.826248, 126.499550, 128.974213, 65.279625,12.545512, 232.346558, 1.002583
5, 877,19,64.091217, 62.835201, 128.974213, 65.279625,12.545512, 232.346558, 1.019989
5, 877,20,134.701599, 134.667023, 128.974213, 65.279625,12.545512, 232.346558, 1.000257
5, 877,21,25.567249, 27.091555, 128.974213, 65.279625,12.545512, 232.346558, 0.943735
5, 877,22,221.095520, 221.361069, 128.974213, 65.279625,12.545512, 232.346558, 0.998800
5, 877,23,213.183517, 212.740982, 128.974213, 65.279625,12.545512, 232.346558, 1.002080
5, 877,24,52.987682, 52.512711, 128.974213, 65.279625,12.545512, 232.346558, 1.009045
5, 877,25,134.736755, 134.565704, 128.974213, 65.279625,12.545512, 232.346558, 1.001271
5, 877,26,81.237083, 81.163025, 128.974213, 65.279625,12.545512, 232.346558, 1.000912
5, 877,27,127.036064, 126.891373, 128.974213, 65.279625,12.545512, 232.346558, 1.001140
5, 877,28,158.213821, 159.182938, 128.974213, 65.279625,12.545512, 232.346558, 0.993912
5, 877,29,187.128311, 186.299728, 128.974213, 65.279625,12.545512, 232.346558, 1.004448
5, 877,30,160.128510, 160.067917, 128.974213, 65.279625,12.545512, 232.346558, 1.000378
5, 877,31,232.346558, 231.149872, 128.974213, 65.279625,12.545512, 232.346558, 1.005177
5, 878,0,133.440948, 133.423767, 128.470184, 70.592453,12.543502, 250.381805, 1.000129
5, 878,1,12.543502, 11.801916, 128.470184, 70.592453,12.543502, 250.381805, 1.062836
5, 878,2,186.047440, 185.791962, 128.470184, 70.592453,12.543502, 250.381805, 1.001375
5, 878,3,164.273590, 163.778534, 128.470184, 70.592453,12.543502, 250.381805, 1.003023
5, 878,4,54.794285, 55.085445, 128.470184, 70.592453,12.543502, 250.381805, 0.994714
5, 878,5,250.381805, 251.269089, 128.470184, 70.592453,12.543502, 250.381805, 0.996469
5, 878,6,169.437012, 169.537170, 128.470184, 70.592453,12.543502, 250.381805, 0.999409
5, 878,7,141.798477, 142.035416, 128.470184, 70.592453,12.543502, 250.381805, 0.998332
5, 878,8,127.382118, 128.596130, 128.470184, 70.592453,12.543502, 250.381805, 0.990560
5, 878,9,123.070320, 123.625839, 128.470184, 70.592453,12.543502, 250.381805, 0.995506
5, 878,10,165.358566, 166.631577, 128.470184, 70.592453,12.543502, 250.381805, 0.992360
5, 878,11,153.601273, 153.620239, 128.470184, 70.592453,12.543502, 250.381805, 0.999877
5, 878,12,103.486664, 104.938461, 128.470184, 70.592453,12.543502, 250.381805, 0.986165
5, 878,13,102.521606, 102.190544, 128.470184, 70.592453,12.543502, 250.381805, 1.003240
5, 878,14,193.191452, 193.465118, 128.470184, 70.592453,12.543502, 250.381805, 0.998585
5, 878,15,146.286636, 145.624237, 128.470184, 70.592453,12.543502, 250.381805, 1.004549
5, 878,16,30.740719, 31.022358, 128.470184, 70.592453,12.543502, 250.381805, 0.990921
5, 878,17,13.011480, 12.665335, 128.470184, 70.592453,12.543502, 250.381805, 1.027330
5, 878,18,13.712510, 12.417571, 128.470184, 70.592453,12.543502, 250.381805, 1.104283
5, 878,19,36.459625, 37.253983, 128.470184, 70.592453,12.543502, 250.381805, 0.978677
5, 878,20,192.638626, 193.082199, 128.470184, 70.592453,12.543502, 250.381805, 0.997703
5, 878,21,217.622757, 217.986206, 128.470184, 70.592453,12.543502, 250.381805, 0.998333
5, 878,22,158.604904, 159.423904, 128.470184, 70.592453,12.543502, 250.381805, 0.994863
5, 878,23,110.762184, 112.093575, 128.470184, 70.592453,12.543502, 250.381805, 0.988123
5, 878,24,92.123360, 93.631447, 128.470184, 70.592453,12.543502, 250.381805, 0.983893
5, 878,25,44.031155, 43.575710, 128.470184, 70.592453,12.543502, 250.381805, 1.010452
5, 878,26,179.388306, 179.357605, 128.470184, 70.592453,12.543502, 250.381805, 1.000171
5, 878,27,192.499374, 192.263840, 128.470184, 70.592453,12.543502, 250.381805, 1.001225
5, 878,28,97.857315, 98.736870, 128.470184, 70.592453,12.543502, 250.381805, 0.991092
5, 878,29,245.039932, 247.109650, 128.470184, 70.592453,12.543502, 250.381805, 0.991624
5, 878,30,226.867172, 227.333633, 128.470184, 70.592453,12.543502, 250.381805, 0.997948
5, 878,31,32.070316, 31.630505, 128.470184, 70.592453,12.543502, 250.381805, 1.013905
5, 879,0,180.710983, 180.549942, 128.778702, 77.857887,15.972776, 264.303955, 1.000892
5, 879,1,242.047577, 241.952164, 128.778702, 77.857887,15.972776, 264.303955, 1.000394
5, 879,2,15.972776, 16.775080, 128.778702, 77.857887,15.972776, 264.303955, 0.952173
5, 879,3,47.693012, 47.049679, 128.778702, 77.857887,15.972776, 264.303955, 1.013674
5, 879,4,30.382093, 30.423668, 128.778702, 77.857887,15.972776, 264.303955, 0.998634
5, 879,5,200.973709, 201.432922, 128.778702, 77.857887,15.972776, 264.303955, 0.997720
5, 879,6,39.754093, 40.906174, 128.778702, 77.857887,15.972776, 264.303955, 0.971836
5, 879,7,138.626831, 139.440125, 128.778702, 77.857887,15.972776, 264.303955, 0.994167
5, 879,8,180.166061, 179.180145, 128.778702, 77.857887,15.972776, 264.303955, 1.005502
5, 879,9,17.124569, 17.103172, 128.778702, 77.857887,15.972776, 264.303955, 1.001251
5, 879,10,27.249460, 27.036129, 128.778702, 77.857887,15.972776, 264.303955, 1.007891
5, 879,11,148.874908, 149.873398, 128.778702, 77.857887,15.972776, 264.303955, 0.993338
5, 879,12,61.240562, 61.379063, 128.778702, 77.857887,15.972776, 264.303955, 0.997744
5, 879,13,94.815262, 95.041199, 128.778702, 77.857887,15.972776, 264.303955, 0.997623
5, 879,14,75.033310, 74.125397, 128.778702, 77.857887,15.972776, 264.303955, 1.012248
5, 879,15,264.303955, 264.524841, 128.778702, 77.857887,15.972776, 264.303955, 0.999165
5, 879,16,223.224945, 222.619400, 128.778702, 77.857887,15.972776, 264.303955, 1.002720
5, 879,17,188.967926, 189.744675, 128.778702, 77.857887,15.972776, 264.303955, 0.995906
5, 879,18,105.555206, 104.687080, 128.778702, 77.857887,15.972776, 264.303955, 1.008293
5, 879,19,66.741158, 67.194473, 128.778702, 77.857887,15.972776, 264.303955, 0.993254
5, 879,20,229.176346, 229.189423, 128.778702, 77.857887,15.972776, 264.303955, 0.999943
5, 879,21,63.212425, 64.364685, 128.778702, 77.857887,15.972776, 264.303955, 0.982098
5, 879,22,203.057358, 202.056290, 128.778702, 77.857887,15.972776, 264.303955, 1.004954
5, 879,23,249.332275, 248.678040, 128.778702, 77.857887,15.972776, 264.303955, 1.002631
5, 879,24,157.501709, 158.444809, 128.778702, 77.857887,15.972776, 264.303955, 0.994048
5, 879,25,160.335709, 159.937622, 128.778702, 77.857887,15.972776, 264.303955, 1.002489
5, 879,26,115.189194, 114.644646, 128.778702, 77.857887,15.972776, 264.303955, 1.004750
5, 879,27,96.531860, 96.164909, 128.778702, 77.857887,15.972776, 264.303955, 1.003816
5, 879,28,235.400665, 235.570801, 128.778702, 77.857887,15.972776, 264.303955, 0.999278
5, 879,29,31.868874, 30.981422, 128.778702, 77.857887,15.972776, 264.303955, 1.028645
5, 879,30,84.633270, 85.616783, 128.778702, 77.857887,15.972776, 264.303955, 0.988513
5, 879,31,145.220139, 144.312271, 128.778702, 77.857887,15.972776, 264.303955, 1.006291
5, 880,0,32.648472, 32.278442, 128.898453, 65.561058,15.990704, 228.328522, 1.011464
5, 880,1,200.276871, 199.934692, 128.898453, 65.561058,15.990704, 228.328522, 1.001711
5, 880,2,166.442047, 166.680771, 128.898453, 65.561058,15.990704, 228.328522, 0.998568
5, 880,3,133.722229, 131.378113, 128.898453, 65.561058,15.990704, 228.328522, 1.017843
5, 880,4,130.926514, 131.273605, 128.898453, 65.561058,15.990704, 228.328522, 0.997356
5, 880,5,42.378101, 42.313145, 128.898453, 65.561058,15.990704, 228.328522, 1.001535
5, 880,6,86.251198, 86.298607, 128.898453, 65.561058,15.990704, 228.328522, 0.999451
5, 880,7,153.350723, 154.207077, 128.898453, 65.561058,15.990704, 228.328522, 0.994447
5, 880,8,186.267075, 186.527191, 128.898453, 65.561058,15.990704, 228.328522, 0.998605
5, 880,9,185.897049, 185.447067, 128.898453, 65.561058,15.990704, 228.328522, 1.002427
5, 880,10,114.512726, 115.043861, 128.898453, 65.561058,15.990704, 228.328522, 0.995383
5, 880,11,20.658552, 19.449348, 128.898453, 65.561058,15.990704, 228.328522, 1.062172
5, 880,12,183.647980, 183.774628, 128.898453, 65.561058,15.990704, 228.328522, 0.999311
5, 880,13,103.917450, 104.005684, 128.898453, 65.561058,15.990704, 228.328522, 0.999152
5, 880,14,220.218369, 222.122528, 128.898453, 65.561058,15.990704, 228.328522, 0.991427
5, 880,15,187.492645, 187.105591, 128.898453, 65.561058,15.990704, 228.328522, 1.002069
5, 880,16,39.785133, 37.832371, 128.898453, 65.561058,15.990704, 228.328522, 1.051616
5, 880,17,163.238800, 165.189514, 128.898453, 65.561058,15.990704, 228.328522, 0.988191
5, 880,18,228.328522, 227.021423, 128.898453, 65.561058,15.990704, 228.328522, 1.005758
5, 880,19,149.173843, 148.039917, 128.898453, 65.561058,15.990704, 228.328522, 1.007660
5, 880,20,204.559113, 203.593155, 128.898453, 65.561058,15.990704, 228.328522, 1.004745
5, 880,21,53.907257, 52.501160, 128.898453, 65.561058,15.990704, 228.328522, 1.026782
5, 880,22,103.753807, 103.949928, 128.898453, 65.561058,15.990704, 228.328522, 0.998113
5, 880,23,51.377850, 51.107452, 128.898453, 65.561058,15.990704, 228.328522, 1.005291
5, 880,24,134.949524, 134.270081, 128.898453, 65.561058,15.990704, 228.328522, 1.005060
5, 880,25,222.007736, 222.735764, 128.898453, 65.561058,15.990704, 228.328522, 0.996731
5, 880,26,91.975815, 92.242775, 128.898453, 65.561058,15.990704, 228.328522, 0.997106
5, 880,27,171.886734, 172.095337, 128.898453, 65.561058,15.990704, 228.328522, 0.998788
5, 880,28,15.990704, 17.240318, 128.898453, 65.561058,15.990704, 228.328522, 0.927518
5, 880,29,151.770905, 152.228012, 128.898453, 65.561058,15.990704, 228.328522, 0.996997
5, 880,30,163.885941, 163.196518, 128.898453, 65.561058,15.990704, 228.328522, 1.004225
5, 880,31,29.550343, 29.916103, 128.898453, 65.561058,15.990704, 228.328522, 0.987774
5, 881,0,162.629807, 164.155182, 128.857666, 76.958099,11.413157, 272.110077, 0.990708
5, 881,1,32.205639, 33.467003, 128.857666, 76.958099,11.413157, 272.110077, 0.962310
5, 881,2,122.427971, 121.753006, 128.857666, 76.958099,11.413157, 272.110077, 1.005544
5, 881,3,244.743973, 243.361343, 128.857666, 76.958099,11.413157, 272.110077, 1.005681
5, 881,4,162.565796, 161.481308, 128.857666, 76.958099,11.413157, 272.110077, 1.006716
5, 881,5,127.086014, 128.433624, 128.857666, 76.958099,11.413157, 272.110077, 0.989507
5, 881,6,15.265558, 15.040760, 128.857666, 76.958099,11.413157, 272.110077, 1.014946
5, 881,7,36.663578, 35.704647, 128.857666, 76.958099,11.413157, 272.110077, 1.026857
5, 881,8,231.788040, 230.000122, 128.857666, 76.958099,11.413157, 272.110077, 1.007774
5, 881,9,58.906445, 58.428459, 128.857666, 76.958099,11.413157, 272.110077, 1.008181
5, 881,10,166.170502, 166.320114, 128.857666, 76.958099,11.413157, 272.110077, 0.999100
5, 881,11,37.619598, 37.780731, 128.857666, 76.958099,11.413157, 272.110077, 0.995735
5, 881,12,135.122894, 134.597260, 128.857666, 76.958099,11.413157, 272.110077, 1.003905
5, 881,13,217.167343, 217.737503, 128.857666, 76.958099,11.413157, 272.110077, 0.997381
5, 881,14,194.573547, 193.705017, 128.857666, 76.958099,11.413157, 272.110077, 1.004484
5, 881,15,182.982407, 183.510406, 128.857666, 76.958099,11.413157, 272.110077, 0.997123
5, 881,16,136.463913, 135.122330, 128.857666, 76.958099,11.413157, 272.110077, 1.009929
5, 881,17,39.610626, 38.879356, 128.857666, 76.958099,11.413157, 272.110077, 1.018809
5, 881,18,236.261307, 236.882690, 128.857666, 76.958099,11.413157, 272.110077, 0.997377
5, 881,19,110.054672, 109.805435, 128.857666, 76.958099,11.413157, 272.110077, 1.002270
5, 881,20,226.296173, 226.469955, 128.857666, 76.958099,11.413157, 272.110077, 0.999233
5, 881,21,41.543491, 40.866577, 128.857666, 76.958099,11.413157, 272.110077, 1.016564
5, 881,22,272.110077, 271.852936, 128.857666, 76.958099,11.413157, 272.110077, 1.000946
5, 881,23,185.567017, 186.596252, 128.857666, 76.958099,11.413157, 272.110077, 0.994484
5, 881,24,126.331963, 125.678993, 128.857666, 76.958099,11.413157, 272.110077, 1.005195
5, 881,25,48.488338, 48.048046, 128.857666, 76.958099,11.413157, 272.110077, 1.009164
5, 881,26,60.776592, 61.061935, 128.857666, 76.958099,11.413157, 272.110077, 0.995327
5, 881,27,111.450905, 111.267578, 128.857666, 76.958099,11.413157, 272.110077, 1.001648
5, 881,28,212.454971, 212.882523, 128.857666, 76.958099,11.413157, 272.110077, 0.997992
5, 881,29,105.367722, 106.121811, 128.857666, 76.958099,11.413157, 272.110077, 0.992894
5, 881,30,11.413157, 11.938754, 128.857666, 76.958099,11.413157, 272.110077, 0.955976
5, 881,31,71.335251, 72.048203, 128.857666, 76.958099,11.413157, 272.110077, 0.990104
5, 882,0,50.756931, 50.175987, 129.158646, 57.542046,19.582533, 202.864960, 1.011578
5, 882,1,136.728638, 136.825958, 129.158646, 57.542046,19.582533, 202.864960, 0.999289
5, 882,2,142.360519, 142.080856, 129.158646, 57.542046,19.582533, 202.864960, 1.001968
5, 882,3,73.384224, 73.340813, 129.158646, 57.542046,19.582533, 202.864960, 1.000592
5, 882,4,38.900948, 37.809601, 129.158646, 57.542046,19.582533, 202.864960, 1.028864
5, 882,5,30.963463, 29.386028, 129.158646, 57.542046,19.582533, 202.864960, 1.053680
5, 882,6,19.582533, 18.403893, 129.158646, 57.542046,19.582533, 202.864960, 1.064043
5, 882,7,122.145386, 121.822281, 129.158646, 57.542046,19.582533, 202.864960, 1.002652
5, 882,8,37.562389, 37.527504, 129.158646, 57.542046,19.582533, 202.864960, 1.000930
5, 882,9,128.013138, 127.562645, 129.158646, 57.542046,19.582533, 202.864960, 1.003532
5, 882,10,198.815231, 198.113358, 129.158646, 57.542046,19.582533, 202.864960, 1.003543
5, 882,11,162.385757, 160.607468, 129.158646, 57.542046,19.582533, 202.864960, 1.011072
5, 882,12,141.043762, 139.338593, 129.158646, 57.542046,19.582533, 202.864960, 1.012238
5, 882,13,190.651596, 190.837860, 129.158646, 57.542046,19.582533, 202.864960, 0.999024
5, 882,14,131.171967, 131.938446, 129.158646, 57.542046,19.582533, 202.864960, 0.994191
5, 882,15,168.541611, 168.283157, 129.158646, 57.542046,19.582533, 202.864960, 1.001536
5, 882,16,148.324493, 148.542862, 129.158646, 57.542046,19.582533, 202.864960, 0.998530
5, 882,17,183.069702, 182.860397, 129.158646, 57.542046,19.582533, 202.864960, 1.001145
5, 882,18,177.966400, 178.045044, 129.158646, 57.542046,19.582533, 202.864960, 0.999558
5, 882,19,149.927917, 150.301041, 129.158646, 57.542046,19.582533, 202.864960, 0.997517
5, 882,20,141.527817, 140.827820, 129.158646, 57.542046,19.582533, 202.864960, 1.004971
5, 882,21,138.488556, 137.803452, 129.158646, 57.542046,19.582533, 202.864960, 1.004972
5, 882,22,202.864960, 202.495712, 129.158646, 57.542046,19.582533, 202.864960, 1.001823
5, 882,23,66.531998, 65.225578, 129.158646, 57.542046,19.582533, 202.864960, 1.020029
5, 882,24,172.062103, 173.013214, 129.158646, 57.542046,19.582533, 202.864960, 0.994503
5, 882,25,194.559647, 195.187424, 129.158646, 57.542046,19.582533, 202.864960, 0.996784
5, 882,26,39.252773, 39.200409, 129.158646, 57.542046,19.582533, 202.864960, 1.001336
5, 882,27,191.179474, 191.402054, 129.158646, 57.542046,19.582533, 202.864960, 0.998837
5, 882,28,177.923477, 177.264359, 129.158646, 57.542046,19.582533, 202.864960, 1.003718
5, 882,29,84.004547, 84.158936, 129.158646, 57.542046,19.582533, 202.864960, 0.998165
5, 882,30,97.418388, 96.472839, 129.158646, 57.542046,19.582533, 202.864960, 1.009801
5, 882,31,194.966080, 194.144318, 129.158646, 57.542046,19.582533, 202.864960, 1.004233
5, 883,0,116.081261, 115.153778, 128.726089, 72.088341,13.058179, 243.374741, 1.008054
5, 883,1,27.961462, 28.539276, 128.726089, 72.088341,13.058179, 243.374741, 0.979754
5, 883,2,86.180023, 86.019531, 128.726089, 72.088341,13.058179, 243.374741, 1.001866
5, 883,3,239.634949, 240.114212, 128.726089, 72.088341,13.058179, 243.374741, 0.998004
5, 883,4,19.930021, 19.783545, 128.726089, 72.088341,13.058179, 243.374741, 1.007404
5, 883,5,214.217743, 215.431244, 128.726089, 72.088341,13.058179, 243.374741, 0.994367
5, 883,6,115.880508, 116.328430, 128.726089, 72.088341,13.058179, 243.374741, 0.996149
5, 883,7,28.859800, 28.686106, 128.726089, 72.088341,13.058179, 243.374741, 1.006055
5, 883,8,111.673912, 109.929710, 128.726089, 72.088341,13.058179, 243.374741, 1.015867
5, 883,9,243.374741, 242.455780, 128.726089, 72.088341,13.058179, 243.374741, 1.003790
5, 883,10,109.353989, 108.770523, 128.726089, 72.088341,13.058179, 243.374741, 1.005364
5, 883,11,223.894653, 225.013885, 128.726089, 72.088341,13.058179, 243.374741, 0.995026
5, 883,12,96.545319, 96.521774, 128.726089, 72.088341,13.058179, 243.374741, 1.000244
5, 883,13,77.237427, 77.812477, 128.726089, 72.088341,13.058179, 243.374741, 0.992610
5, 883,14,196.772629, 196.953796, 128.726089, 72.088341,13.058179, 243.374741, 0.999080
5, 883,15,187.409241, 187.000244, 128.726089, 72.088341,13.058179, 243.374741, 1.002187
5, 883,16,224.197754, 223.854691, 128.726089, 72.088341,13.058179, 243.374741, 1.001533
5, 883,17,108.349396, 109.473763, 128.726089, 72.088341,13.058179, 243.374741, 0.989729
5, 883,18,32.500668, 32.689171, 128.726089, 72.088341,13.058179, 243.374741, 0.994233
5, 883,19,157.372299, 158.121002, 128.726089, 72.088341,13.058179, 243.374741, 0.995265
5, 883,20,13.058179, 12.387927, 128.726089, 72.088341,13.058179, 243.374741, 1.054105
5, 883,21,135.959518, 137.101074, 128.726089, 72.088341,13.058179, 243.374741, 0.991674
5, 883,22,195.849411, 195.825531, 128.726089, 72.088341,13.058179, 243.374741, 1.000122
5, 883,23,108.232544, 108.252747, 128.726089, 72.088341,13.058179, 243.374741, 0.999813
5, 883,24,121.807381, 121.900261, 128.726089, 72.088341,13.058179, 243.374741, 0.999238
5, 883,25,146.565979, 145.022186, 128.726089, 72.088341,13.058179, 243.374741, 1.010645
5, 883,26,32.607975, 33.678341, 128.726089, 72.088341,13.058179, 243.374741, 0.968218
5, 883,27,169.546875, 169.550613, 128.726089, 72.088341,13.058179, 243.374741, 0.999978
5, 883,28,189.322998, 189.156326, 128.726089, 72.088341,13.058179, 243.374741, 1.000881
5, 883,29,236.897202, 236.837585, 128.726089, 72.088341,13.058179, 243.374741, 1.000252
5, 883,30,40.014347, 41.259430, 128.726089, 72.088341,13.058179, 243.374741, 0.969823
5, 883,31,111.944908, 111.374832, 128.726089, 72.088341,13.058179, 243.374741, 1.005118
5, 884,0,55.342899, 55.851204, 128.802231, 76.334160,9.590491, 241.016830, 0.990899
5, 884,1,24.677099, 24.759241, 128.802231, 76.334160,9.590491, 241.016830, 0.996682
5, 884,2,54.432137, 54.631760, 128.802231, 76.334160,9.590491, 241.016830, 0.996346
5, 884,3,241.016830, 240.192245, 128.802231, 76.334160,9.590491, 241.016830, 1.003433
5, 884,4,21.740637, 20.951420, 128.802231, 76.334160,9.590491, 241.016830, 1.037669
5, 884,5,173.921783, 173.272141, 128.802231, 76.334160,9.590491, 241.016830, 1.003749
5, 884,6,99.343483, 98.516113, 128.802231, 76.334160,9.590491, 241.016830, 1.008398
5, 884,7,129.273010, 129.191101, 128.802231, 76.334160,9.590491, 241.016830, 1.000634
5, 884,8,207.349808, 207.928040, 128.802231, 76.334160,9.590491, 241.016830, 0.997219
5, 884,9,44.985023, 44.891918, 128.802231, 76.334160,9.590491, 241.016830, 1.002074
5, 884,10,233.988434, 233.796036, 128.802231, 76.334160,9.590491, 241.016830, 1.000823
5, 884,11,164.961792, 165.310318, 128.802231, 76.334160,9.590491, 241.016830, 0.997892
5, 884,12,213.032791, 212.302307, 128.802231, 76.334160,9.590491, 241.016830, 1.003441
5, 884,13,18.685284, 18.378780, 128.802231, 76.334160,9.590491, 241.016830, 1.016677
5, 884,14,151.783875, 152.596603, 128.802231, 76.334160,9.590491, 241.016830, 0.994674
5, 884,15,204.601776, 204.812546, 128.802231, 76.334160,9.590491, 241.016830, 0.998971
5, 884,16,185.894180, 186.937805, 128.802231, 76.334160,9.590491, 241.016830, 0.994417
5, 884,17,84.426254, 83.387108, 128.802231, 76.334160,9.590491, 241.016830, 1.012462
5, 884,18,216.055099, 216.896866, 128.802231, 76.334160,9.590491, 241.016830, 0.996119
5, 884,19,101.793884, 102.473404, 128.802231, 76.334160,9.590491, 241.016830, 0.993369
5, 884,20,195.424622, 194.569183, 128.802231, 76.334160,9.590491, 241.016830, 1.004397
5, 884,21,9.590491, 10.566453, 128.802231, 76.334160,9.590491, 241.016830, 0.907636
5, 884,22,77.627396, 78.163147, 128.802231, 76.334160,9.590491, 241.016830, 0.993146
5, 884,23,17.330708, 17.835930, 128.802231, 76.334160,9.590491, 241.016830, 0.971674
5, 884,24,223.751175, 223.426804, 128.802231, 76.334160,9.590491, 241.016830, 1.001452
5, 884,25,110.830505, 110.230667, 128.802231, 76.334160,9.590491, 241.016830, 1.005442
5, 884,26,170.022629, 171.557037, 128.802231, 76.334160,9.590491, 241.016830, 0.991056
5, 884,27,89.737312, 89.618080, 128.802231, 76.334160,9.590491, 241.016830, 1.001330
5, 884,28,37.715645, 36.237778, 128.802231, 76.334160,9.590491, 241.016830, 1.040782
5, 884,29,170.921753, 170.919800, 128.802231, 76.334160,9.590491, 241.016830, 1.000011
5, 884,30,164.137711, 163.382813, 128.802231, 76.334160,9.590491, 241.016830, 1.004620
5, 884,31,227.274979, 227.415588, 128.802231, 76.334160,9.590491, 241.016830, 0.999382
5, 885,0,174.804047, 174.538910, 128.861267, 50.474674,19.497164, 207.353485, 1.001519
5, 885,1,185.455414, 185.084320, 128.861267, 50.474674,19.497164, 207.353485, 1.002005
5, 885,2,131.922363, 131.234192, 128.861267, 50.474674,19.497164, 207.353485, 1.005244
5, 885,3,103.321960, 103.094055, 128.861267, 50.474674,19.497164, 207.353485, 1.002211
5, 885,4,174.855911, 174.164551, 128.861267, 50.474674,19.497164, 207.353485, 1.003970
5, 885,5,189.267441, 188.884995, 128.861267, 50.474674,19.497164, 207.353485, 1.002025
5, 885,6,40.781445, 40.690834, 128.861267, 50.474674,19.497164, 207.353485, 1.002227
5, 885,7,201.445618, 201.568680, 128.861267, 50.474674,19.497164, 207.353485, 0.999389
5, 885,8,174.170898, 174.399323, 128.861267, 50.474674,19.497164, 207.353485, 0.998690
5, 885,9,181.359940, 180.357300, 128.861267, 50.474674,19.497164, 207.353485, 1.005559
5, 885,10,156.029404, 155.154877, 128.861267, 50.474674,19.497164, 207.353485, 1.005636
5, 885,11,19.497164, 19.124130, 128.861267, 50.474674,19.497164, 207.353485, 1.019506
5, 885,12,204.377472, 203.586395, 128.861267, 50.474674,19.497164, 207.353485, 1.003886
5, 885,13,90.162895, 89.966217, 128.861267, 50.474674,19.497164, 207.353485, 1.002186
5, 885,14,116.756828, 116.856384, 128.861267, 50.474674,19.497164, 207.353485, 0.999148
5, 885,15,145.861618, 145.098038, 128.861267, 50.474674,19.497164, 207.353485, 1.005262
5, 885,16,50.031082, 49.453300, 128.861267, 50.474674,19.497164, 207.353485, 1.011683
5, 885,17,149.439209, 149.374588, 128.861267, 50.474674,19.497164, 207.353485, 1.000433
5, 885,18,134.664597, 134.444763, 128.861267, 50.474674,19.497164, 207.353485, 1.001635
5, 885,19,49.557381, 49.504059, 128.861267, 50.474674,19.497164, 207.353485, 1.001077
5, 885,20,78.417503, 78.589607, 128.861267, 50.474674,19.497164, 207.353485, 0.997810
5, 885,21,121.675644, 122.243294, 128.861267, 50.474674,19.497164, 207.353485, 0.995356
5, 885,22,93.097450, 93.881088, 128.861267, 50.474674,19.497164, 207.353485, 0.991653
5, 885,23,149.532303, 152.489990, 128.861267, 50.474674,19.497164, 207.353485, 0.980604
5, 885,24,148.104858, 147.769302, 128.861267, 50.474674,19.497164, 207.353485, 1.002271
5, 885,25,100.664818, 101.311096, 128.861267, 50.474674,19.497164, 207.353485, 0.993621
5, 885,26,207.353485, 208.021545, 128.861267, 50.474674,19.497164, 207.353485, 0.996789
5, 885,27,111.000275, 109.604034, 128.861267, 50.474674,19.497164, 207.353485, 1.012739
5, 885,28,94.541695, 96.139915, 128.861267, 50.474674,19.497164, 207.353485, 0.983376
5, 885,29,97.156143, 97.345467, 128.861267, 50.474674,19.497164, 207.353485, 0.998055
5, 885,30,93.042336, 92.586700, 128.861267, 50.474674,19.497164, 207.353485, 1.004921
5, 885,31,155.211868, 154.437912, 128.861267, 50.474674,19.497164, 207.353485, 1.005011
5, 886,0,227.855759, 228.551682, 128.645157, 63.962429,13.023710, 231.935730, 0.996955
5, 886,1,124.922150, 123.678223, 128.645157, 63.962429,13.023710, 231.935730, 1.010058
5, 886,2,128.162247, 129.729797, 128.645157, 63.962429,13.023710, 231.935730, 0.987917
5, 886,3,189.518280, 189.734406, 128.645157, 63.962429,13.023710, 231.935730, 0.998861
5, 886,4,196.547592, 196.440186, 128.645157, 63.962429,13.023710, 231.935730, 1.000547
5, 886,5,27.037279, 27.330120, 128.645157, 63.962429,13.023710, 231.935730, 0.989285
5, 886,6,82.034241, 83.034561, 128.645157, 63.962429,13.023710, 231.935730, 0.987953
5, 886,7,59.868168, 58.637459, 128.645157, 63.962429,13.023710, 231.935730, 1.020988
5, 886,8,103.177345, 102.197868, 128.645157, 63.962429,13.023710, 231.935730, 1.009584
5, 886,9,95.059662, 92.991035, 128.645157, 63.962429,13.023710, 231.935730, 1.022245
5, 886,10,215.845001, 216.652985, 128.645157, 63.962429,13.023710, 231.935730, 0.996271
5, 886,11,73.922737, 74.291130, 128.645157, 63.962429,13.023710, 231.935730, 0.995041
5, 886,12,162.438705, 163.463211, 128.645157, 63.962429,13.023710, 231.935730, 0.993733
5, 886,13,199.182465, 200.849396, 128.645157, 63.962429,13.023710, 231.935730, 0.991701
5, 886,14,75.020088, 72.355721, 128.645157, 63.962429,13.023710, 231.935730, 1.036823
5, 886,15,157.483047, 156.484833, 128.645157, 63.962429,13.023710, 231.935730, 1.006379
5, 886,16,183.436584, 184.350677, 128.645157, 63.962429,13.023710, 231.935730, 0.995042
5, 886,17,126.604668, 126.506378, 128.645157, 63.962429,13.023710, 231.935730, 1.000777
5, 886,18,191.154282, 191.274551, 128.645157, 63.962429,13.023710, 231.935730, 0.999371
5, 886,19,82.511620, 82.836929, 128.645157, 63.962429,13.023710, 231.935730, 0.996073
5, 886,20,90.974449, 90.244652, 128.645157, 63.962429,13.023710, 231.935730, 1.008087
5, 886,21,195.605377, 197.748627, 128.645157, 63.962429,13.023710, 231.935730, 0.989162
5, 886,22,60.842480, 59.898205, 128.645157, 63.962429,13.023710, 231.935730, 1.015765
5, 886,23,94.888367, 96.030449, 128.645157, 63.962429,13.023710, 231.935730, 0.988107
5, 886,24,30.755545, 32.032352, 128.645157, 63.962429,13.023710, 231.935730, 0.960140
5, 886,25,117.033768, 116.427238, 128.645157, 63.962429,13.023710, 231.935730, 1.005210
5, 886,26,218.389389, 220.810028, 128.645157, 63.962429,13.023710, 231.935730, 0.989037
5, 886,27,181.208847, 182.135864, 128.645157, 63.962429,13.023710, 231.935730, 0.994910
5, 886,28,13.023710, 11.056299, 128.645157, 63.962429,13.023710, 231.935730, 1.177945
5, 886,29,112.497932, 111.541008, 128.645157, 63.962429,13.023710, 231.935730, 1.008579
5, 886,30,67.706924, 69.561630, 128.645157, 63.962429,13.023710, 231.935730, 0.973337
5, 886,31,231.935730, 232.122650, 128.645157, 63.962429,13.023710, 231.935730, 0.999195
5, 887,0,211.094711, 211.871338, 129.025330, 72.396217,21.638865, 240.065994, 0.996334
5, 887,1,223.266342, 223.881241, 129.025330, 72.396217,21.638865, 240.065994, 0.997253
5, 887,2,171.159531, 171.389313, 129.025330, 72.396217,21.638865, 240.065994, 0.998659
5, 887,3,63.406666, 62.782612, 129.025330, 72.396217,21.638865, 240.065994, 1.009940
5, 887,4,159.428925, 158.585358, 129.025330, 72.396217,21.638865, 240.065994, 1.005319
5, 887,5,44.937572, 45.186043, 129.025330, 72.396217,21.638865, 240.065994, 0.994501
5, 887,6,134.093262, 133.665161, 129.025330, 72.396217,21.638865, 240.065994, 1.003203
5, 887,7,161.355652, 160.932053, 129.025330, 72.396217,21.638865, 240.065994, 1.002632
5, 887,8,240.065994, 240.003159, 129.025330, 72.396217,21.638865, 240.065994, 1.000262
5, 887,9,237.145081, 236.522125, 129.025330, 72.396217,21.638865, 240.065994, 1.002634
5, 887,10,68.279404, 68.369278, 129.025330, 72.396217,21.638865, 240.065994, 0.998685
5, 887,11,122.294144, 121.577271, 129.025330, 72.396217,21.638865, 240.065994, 1.005896
5, 887,12,211.884949, 211.155273, 129.025330, 72.396217,21.638865, 240.065994, 1.003456
5, 887,13,69.837975, 69.092422, 129.025330, 72.396217,21.638865, 240.065994, 1.010791
5, 887,14,164.532700, 164.172028, 129.025330, 72.396217,21.638865, 240.065994, 1.002197
5, 887,15,145.839432, 144.774673, 129.025330, 72.396217,21.638865, 240.065994, 1.007355
5, 887,16,79.832634, 77.748917, 129.025330, 72.396217,21.638865, 240.065994, 1.026801
5, 887,17,146.707047, 147.532562, 129.025330, 72.396217,21.638865, 240.065994, 0.994404
5, 887,18,110.415672, 110.538651, 129.025330, 72.396217,21.638865, 240.065994, 0.998887
5, 887,19,21.638865, 20.627419, 129.025330, 72.396217,21.638865, 240.065994, 1.049034
5, 887,20,60.862606, 60.790417, 129.025330, 72.396217,21.638865, 240.065994, 1.001188
5, 887,21,223.020523, 221.867783, 129.025330, 72.396217,21.638865, 240.065994, 1.005196
5, 887,22,232.895584, 231.431747, 129.025330, 72.396217,21.638865, 240.065994, 1.006325
5, 887,23,171.853394, 171.204971, 129.025330, 72.396217,21.638865, 240.065994, 1.003787
5, 887,24,170.515717, 171.438934, 129.025330, 72.396217,21.638865, 240.065994, 0.994615
5, 887,25,26.113773, 27.312981, 129.025330, 72.396217,21.638865, 240.065994, 0.956094
5, 887,26,40.763412, 40.443054, 129.025330, 72.396217,21.638865, 240.065994, 1.007921
5, 887,27,207.085464, 206.440643, 129.025330, 72.396217,21.638865, 240.065994, 1.003124
5, 887,28,41.824791, 42.258007, 129.025330, 72.396217,21.638865, 240.065994, 0.989748
5, 887,29,51.632629, 51.892876, 129.025330, 72.396217,21.638865, 240.065994, 0.994985
5, 887,30,31.886820, 32.367916, 129.025330, 72.396217,21.638865, 240.065994, 0.985137
5, 887,31,83.139488, 83.144150, 129.025330, 72.396217,21.638865, 240.065994, 0.999944
5, 888,0,237.967239, 237.040665, 128.821686, 70.272072,11.375174, 237.967239, 1.003909
5, 888,1,173.268555, 174.036316, 128.821686, 70.272072,11.375174, 237.967239, 0.995588
5, 888,2,96.165550, 95.876488, 128.821686, 70.272072,11.375174, 237.967239, 1.003015
5, 888,3,11.375174, 12.042032, 128.821686, 70.272072,11.375174, 237.967239, 0.944622
5, 888,4,140.102341, 139.981598, 128.821686, 70.272072,11.375174, 237.967239, 1.000863
5, 888,5,61.768166, 62.273247, 128.821686, 70.272072,11.375174, 237.967239, 0.991889
5, 888,6,139.601685, 139.787140, 128.821686, 70.272072,11.375174, 237.967239, 0.998673
5, 888,7,20.795732, 20.550501, 128.821686, 70.272072,11.375174, 237.967239, 1.011933
5, 888,8,73.497551, 74.664360, 128.821686, 70.272072,11.375174, 237.967239, 0.984373
5, 888,9,145.378937, 145.121429, 128.821686, 70.272072,11.375174, 237.967239, 1.001774
5, 888,10,18.261930, 17.598583, 128.821686, 70.272072,11.375174, 237.967239, 1.037693
5, 888,11,192.011749, 191.629745, 128.821686, 70.272072,11.375174, 237.967239, 1.001993
5, 888,12,52.859558, 52.340912, 128.821686, 70.272072,11.375174, 237.967239, 1.009909
5, 888,13,163.022873, 164.034531, 128.821686, 70.272072,11.375174, 237.967239, 0.993833
5, 888,14,152.952438, 155.234344, 128.821686, 70.272072,11.375174, 237.967239, 0.985300
5, 888,15,182.214951, 182.850403, 128.821686, 70.272072,11.375174, 237.967239, 0.996525
5, 888,16,228.209259, 228.698883, 128.821686, 70.272072,11.375174, 237.967239, 0.997859
5, 888,17,105.280869, 104.600281, 128.821686, 70.272072,11.375174, 237.967239, 1.006507
5, 888,18,35.531479, 34.629410, 128.821686, 70.272072,11.375174, 237.967239, 1.026049
5, 888,19,162.017014, 159.887939, 128.821686, 70.272072,11.375174, 237.967239, 1.013316
5, 888,20,61.430191, 61.953747, 128.821686, 70.272072,11.375174, 237.967239, 0.991549
5, 888,21,19.823841, 19.536430, 128.821686, 70.272072,11.375174, 237.967239, 1.014711
5, 888,22,232.856247, 232.505127, 128.821686, 70.272072,11.375174, 237.967239, 1.001510
5, 888,23,172.036377, 170.737122, 128.821686, 70.272072,11.375174, 237.967239, 1.007610
5, 888,24,103.991570, 104.766968, 128.821686, 70.272072,11.375174, 237.967239, 0.992599
5, 888,25,143.848038, 143.753113, 128.821686, 70.272072,11.375174, 237.967239, 1.000660
5, 888,26,169.369003, 169.146561, 128.821686, 70.272072,11.375174, 237.967239, 1.001315
5, 888,27,99.363319, 100.106407, 128.821686, 70.272072,11.375174, 237.967239, 0.992577
5, 888,28,235.565262, 235.061127, 128.821686, 70.272072,11.375174, 237.967239, 1.002145
5, 888,29,84.852448, 85.249588, 128.821686, 70.272072,11.375174, 237.967239, 0.995341
5, 888,30,223.862946, 222.802002, 128.821686, 70.272072,11.375174, 237.967239, 1.004762
5, 888,31,183.011917, 182.503113, 128.821686, 70.272072,11.375174, 237.967239, 1.002788
5, 889,0,79.164780, 80.803154, 128.905533, 64.604324,19.411104, 239.746002, 0.979724
5, 889,1,88.044998, 87.309731, 128.905533, 64.604324,19.411104, 239.746002, 1.008421
5, 889,2,138.662018, 139.228287, 128.905533, 64.604324,19.411104, 239.746002, 0.995933
5, 889,3,121.616646, 119.983772, 128.905533, 64.604324,19.411104, 239.746002, 1.013609
5, 889,4,218.419388, 218.831543, 128.905533, 64.604324,19.411104, 239.746002, 0.998117
5, 889,5,182.185272, 181.386948, 128.905533, 64.604324,19.411104, 239.746002, 1.004401
5, 889,6,102.886711, 103.435043, 128.905533, 64.604324,19.411104, 239.746002, 0.994699
5, 889,7,187.627686, 187.688889, 128.905533, 64.604324,19.411104, 239.746002, 0.999674
5, 889,8,118.712326, 117.146843, 128.905533, 64.604324,19.411104, 239.746002, 1.013363
5, 889,9,234.082306, 234.985092, 128.905533, 64.604324,19.411104, 239.746002, 0.996158
5, 889,10,76.970024, 76.060837, 128.905533, 64.604324,19.411104, 239.746002, 1.011953
5, 889,11,113.852966, 113.914726, 128.905533, 64.604324,19.411104, 239.746002, 0.999458
5, 889,12,72.339615, 73.125107, 128.905533, 64.604324,19.411104, 239.746002, 0.989258
5, 889,13,124.863029, 124.740204, 128.905533, 64.604324,19.411104, 239.746002, 1.000985
5, 889,14,86.868355, 86.286469, 128.905533, 64.604324,19.411104, 239.746002, 1.006744
5, 889,15,24.761341, 24.417507, 128.905533, 64.604324,19.411104, 239.746002, 1.014081
5, 889,16,110.934845, 110.209785, 128.905533, 64.604324,19.411104, 239.746002, 1.006579
5, 889,17,81.304985, 81.283035, 128.905533, 64.604324,19.411104, 239.746002, 1.000270
5, 889,18,43.643291, 42.631691, 128.905533, 64.604324,19.411104, 239.746002, 1.023729
5, 889,19,126.859634, 126.934944, 128.905533, 64.604324,19.411104, 239.746002, 0.999407
5, 889,20,152.150833, 152.234390, 128.905533, 64.604324,19.411104, 239.746002, 0.999451
5, 889,21,194.179581, 194.999969, 128.905533, 64.604324,19.411104, 239.746002, 0.995793
5, 889,22,204.675400, 203.800079, 128.905533, 64.604324,19.411104, 239.746002, 1.004295
5, 889,23,19.411104, 21.213615, 128.905533, 64.604324,19.411104, 239.746002, 0.915030
5, 889,24,158.285873, 156.715607, 128.905533, 64.604324,19.411104, 239.746002, 1.010020
5, 889,25,45.791313, 45.172226, 128.905533, 64.604324,19.411104, 239.746002, 1.013705
5, 889,26,122.999672, 123.462883, 128.905533, 64.604324,19.411104, 239.746002, 0.996248
5, 889,27,42.855606, 43.683189, 128.905533, 64.604324,19.411104, 239.746002, 0.981055
5, 889,28,155.378891, 156.405075, 128.905533, 64.604324,19.411104, 239.746002, 0.993439
5, 889,29,224.237564, 222.861099, 128.905533, 64.604324,19.411104, 239.746002, 1.006176
5, 889,30,239.746002, 238.513611, 128.905533, 64.604324,19.411104, 239.746002, 1.005167
5, 889,31,231.464569, 231.534210, 128.905533, 64.604324,19.411104, 239.746002, 0.999699
5, 890,0,43.237892, 43.964676, 128.746414, 78.576576,11.006911, 244.675430, 0.983469
5, 890,1,241.687851, 240.329285, 128.746414, 78.576576,11.006911, 244.675430, 1.005653
5, 890,2,218.402618, 217.172882, 128.746414, 78.576576,11.006911, 244.675430, 1.005662
5, 890,3,244.675430, 244.157227, 128.746414, 78.576576,11.006911, 244.675430, 1.002122
5, 890,4,204.300858, 204.098389, 128.746414, 78.576576,11.006911, 244.675430, 1.000992
5, 890,5,104.824875, 104.289017, 128.746414, 78.576576,11.006911, 244.675430, 1.005138
5, 890,6,45.454201, 46.427040, 128.746414, 78.576576,11.006911, 244.675430, 0.979046
5, 890,7,178.400009, 178.450546, 128.746414, 78.576576,11.006911, 244.675430, 0.999717
5, 890,8,34.357479, 34.318588, 128.746414, 78.576576,11.006911, 244.675430, 1.001133
5, 890,9,161.669800, 162.172775, 128.746414, 78.576576,11.006911, 244.675430, 0.996899
5, 890,10,171.232773, 171.448410, 128.746414, 78.576576,11.006911, 244.675430, 0.998742
5, 890,11,170.286652, 170.380676, 128.746414, 78.576576,11.006911, 244.675430, 0.999448
5, 890,12,166.261719, 166.654434, 128.746414, 78.576576,11.006911, 244.675430, 0.997644
5, 890,13,97.748573, 97.613747, 128.746414, 78.576576,11.006911, 244.675430, 1.001381
5, 890,14,13.781290, 15.331495, 128.746414, 78.576576,11.006911, 244.675430, 0.898888
5, 890,15,219.871796, 221.458420, 128.746414, 78.576576,11.006911, 244.675430, 0.992836
5, 890,16,190.859772, 190.885864, 128.746414, 78.576576,11.006911, 244.675430, 0.999863
5, 890,17,98.199493, 97.308678, 128.746414, 78.576576,11.006911, 244.675430, 1.009155
5, 890,18,126.883667, 126.791695, 128.746414, 78.576576,11.006911, 244.675430, 1.000725
5, 890,19,237.878555, 238.353592, 128.746414, 78.576576,11.006911, 244.675430, 0.998007
5, 890,20,132.205276, 131.898026, 128.746414, 78.576576,11.006911, 244.675430, 1.002329
5, 890,21,19.206881, 18.861612, 128.746414, 78.576576,11.006911, 244.675430, 1.018305
5, 890,22,66.220535, 65.225281, 128.746414, 78.576576,11.006911, 244.675430, 1.015259
5, 890,23,220.142365, 219.003326, 128.746414, 78.576576,11.006911, 244.675430, 1.005201
5, 890,24,39.839104, 40.158539, 128.746414, 78.576576,11.006911, 244.675430, 0.992046
5, 890,25,171.839905, 173.046417, 128.746414, 78.576576,11.006911, 244.675430, 0.993028
5, 890,26,11.006911, 10.864370, 128.746414, 78.576576,11.006911, 244.675430, 1.013120
5, 890,27,211.519745, 212.306274, 128.746414, 78.576576,11.006911, 244.675430, 0.996295
5, 890,28,22.267868, 23.379583, 128.746414, 78.576576,11.006911, 244.675430, 0.952449
5, 890,29,69.826721, 68.573807, 128.746414, 78.576576,11.006911, 244.675430, 1.018271
5, 890,30,155.855652, 156.957489, 128.746414, 78.576576,11.006911, 244.675430, 0.992980
5, 890,31,29.939316, 29.117842, 128.746414, 78.576576,11.006911, 244.675430, 1.028212
5, 891,0,71.001785, 73.274376, 128.969711, 73.887871,14.462481, 243.805023, 0.968985
5, 891,1,156.697159, 157.344604, 128.969711, 73.887871,14.462481, 243.805023, 0.995885
5, 891,2,157.497147, 155.142349, 128.969711, 73.887871,14.462481, 243.805023, 1.015178
5, 891,3,233.210770, 233.145279, 128.969711, 73.887871,14.462481, 243.805023, 1.000281
5, 891,4,105.419945, 105.539726, 128.969711, 73.887871,14.462481, 243.805023, 0.998865
5, 891,5,56.663086, 55.057682, 128.969711, 73.887871,14.462481, 243.805023, 1.029159
5, 891,6,31.684559, 32.495586, 128.969711, 73.887871,14.462481, 243.805023, 0.975042
5, 891,7,79.652817, 79.585556, 128.969711, 73.887871,14.462481, 243.805023, 1.000845
5, 891,8,53.667881, 53.904816, 128.969711, 73.887871,14.462481, 243.805023, 0.995605
5, 891,9,227.857864, 228.149536, 128.969711, 73.887871,14.462481, 243.805023, 0.998722
5, 891,10,140.742538, 140.206879, 128.969711, 73.887871,14.462481, 243.805023, 1.003821
5, 891,11,188.625595, 189.713409, 128.969711, 73.887871,14.462481, 243.805023, 0.994266
5, 891,12,198.696747, 198.729385, 128.969711, 73.887871,14.462481, 243.805023, 0.999836
5, 891,13,66.646683, 65.514725, 128.969711, 73.887871,14.462481, 243.805023, 1.017278
5, 891,14,49.514011, 47.615810, 128.969711, 73.887871,14.462481, 243.805023, 1.039865
5, 891,15,50.326614, 50.837910, 128.969711, 73.887871,14.462481, 243.805023, 0.989943
5, 891,16,105.769325, 106.404373, 128.969711, 73.887871,14.462481, 243.805023, 0.994032
5, 891,17,123.423927, 123.682526, 128.969711, 73.887871,14.462481, 243.805023, 0.997909
5, 891,18,197.180099, 197.044418, 128.969711, 73.887871,14.462481, 243.805023, 1.000689
5, 891,19,111.948425, 112.516022, 128.969711, 73.887871,14.462481, 243.805023, 0.994955
5, 891,20,243.805023, 242.168625, 128.969711, 73.887871,14.462481, 243.805023, 1.006757
5, 891,21,225.780228, 224.447067, 128.969711, 73.887871,14.462481, 243.805023, 1.005940
5, 891,22,14.462481, 13.207321, 128.969711, 73.887871,14.462481, 243.805023, 1.095035
5, 891,23,224.363220, 224.033234, 128.969711, 73.887871,14.462481, 243.805023, 1.001473
5, 891,24,30.697947, 28.645323, 128.969711, 73.887871,14.462481, 243.805023, 1.071656
5, 891,25,224.288147, 224.284500, 128.969711, 73.887871,14.462481, 243.805023, 1.000016
5, 891,26,104.394814, 105.081535, 128.969711, 73.887871,14.462481, 243.805023, 0.993465
5, 891,27,82.157181, 81.499603, 128.969711, 73.887871,14.462481, 243.805023, 1.008068
5, 891,28,45.925545, 46.086052, 128.969711, 73.887871,14.462481, 243.805023, 0.996517
5, 891,29,224.219711, 224.262314, 128.969711, 73.887871,14.462481, 243.805023, 0.999810
5, 891,30,92.655457, 92.459183, 128.969711, 73.887871,14.462481, 243.805023, 1.002123
5, 891,31,208.053650, 208.920395, 128.969711, 73.887871,14.462481, 243.805023, 0.995851
5, 892,0,205.385239, 205.164108, 128.798965, 67.194221,15.515478, 242.660904, 1.001078
5, 892,1,15.515478, 16.018755, 128.798965, 67.194221,15.515478, 242.660904, 0.968582
5, 892,2,174.307434, 173.592819, 128.798965, 67.194221,15.515478, 242.660904, 1.004117
5, 892,3,177.533707, 177.989182, 128.798965, 67.194221,15.515478, 242.660904, 0.997441
5, 892,4,159.984283, 160.128479, 128.798965, 67.194221,15.515478, 242.660904, 0.999099
5, 892,5,101.700073, 101.056305, 128.798965, 67.194221,15.515478, 242.660904, 1.006370
5, 892,6,165.206879, 165.560562, 128.798965, 67.194221,15.515478, 242.660904, 0.997864
5, 892,7,120.362167, 119.576118, 128.798965, 67.194221,15.515478, 242.660904, 1.006574
5, 892,8,32.082333, 30.815767, 128.798965, 67.194221,15.515478, 242.660904, 1.041101
5, 892,9,210.401642, 210.900391, 128.798965, 67.194221,15.515478, 242.660904, 0.997635
5, 892,10,212.141708, 210.907639, 128.798965, 67.194221,15.515478, 242.660904, 1.005851
5, 892,11,235.982239, 236.959946, 128.798965, 67.194221,15.515478, 242.660904, 0.995874
5, 892,12,242.660904, 242.717957, 128.798965, 67.194221,15.515478, 242.660904, 0.999765
5, 892,13,80.637039, 80.646141, 128.798965, 67.194221,15.515478, 242.660904, 0.999887
5, 892,14,86.227760, 87.041512, 128.798965, 67.194221,15.515478, 242.660904, 0.990651
5, 892,15,96.446060, 96.652695, 128.798965, 67.194221,15.515478, 242.660904, 0.997862
5, 892,16,59.780838, 60.127327, 128.798965, 67.194221,15.515478, 242.660904, 0.994237
5, 892,17,75.050957, 75.416840, 128.798965, 67.194221,15.515478, 242.660904, 0.995149
5, 892,18,70.896263, 71.237755, 128.798965, 67.194221,15.515478, 242.660904, 0.995206
5, 892,19,89.110153, 88.852211, 128.798965, 67.194221,15.515478, 242.660904, 1.002903
5, 892,20,224.046341, 223.698410, 128.798965, 67.194221,15.515478, 242.660904, 1.001555
5, 892,21,189.941742, 189.990479, 128.798965, 67.194221,15.515478, 242.660904, 0.999743
5, 892,22,55.650455, 55.499184, 128.798965, 67.194221,15.515478, 242.660904, 1.002726
5, 892,23,76.624557, 77.799721, 128.798965, 67.194221,15.515478, 242.660904, 0.984895
5, 892,24,27.966471, 27.882441, 128.798965, 67.194221,15.515478, 242.660904, 1.003014
5, 892,25,66.157761, 64.929291, 128.798965, 67.194221,15.515478, 242.660904, 1.018920
5, 892,26,120.522461, 121.191254, 128.798965, 67.194221,15.515478, 242.660904, 0.994482
5, 892,27,81.447464, 80.993790, 128.798965, 67.194221,15.515478, 242.660904, 1.005601
5, 892,28,178.441437, 178.184738, 128.798965, 67.194221,15.515478, 242.660904, 1.001441
5, 892,29,175.190338, 175.012390, 128.798965, 67.194221,15.515478, 242.660904, 1.001017
5, 892,30,207.313431, 207.351440, 128.798965, 67.194221,15.515478, 242.660904, 0.999817
5, 892,31,106.851761, 107.104034, 128.798965, 67.194221,15.515478, 242.660904, 0.997645
5, 893,0,94.352043, 96.096802, 128.848099, 56.993385,25.796331, 226.369034, 0.981844
5, 893,1,177.924530, 178.591721, 128.848099, 56.993385,25.796331, 226.369034, 0.996264
5, 893,2,171.816360, 172.358749, 128.848099, 56.993385,25.796331, 226.369034, 0.996853
5, 893,3,185.524872, 184.034698, 128.848099, 56.993385,25.796331, 226.369034, 1.008097
5, 893,4,104.728554, 103.970039, 128.848099, 56.993385,25.796331, 226.369034, 1.007295
5, 893,5,129.363144, 129.089417, 128.848099, 56.993385,25.796331, 226.369034, 1.002120
5, 893,6,104.538620, 104.097244, 128.848099, 56.993385,25.796331, 226.369034, 1.004240
5, 893,7,169.046783, 167.143402, 128.848099, 56.993385,25.796331, 226.369034, 1.011388
5, 893,8,145.493515, 144.835892, 128.848099, 56.993385,25.796331, 226.369034, 1.004540
5, 893,9,85.631516, 86.061096, 128.848099, 56.993385,25.796331, 226.369034, 0.995008
5, 893,10,64.354088, 63.459015, 128.848099, 56.993385,25.796331, 226.369034, 1.014105
5, 893,11,153.048157, 152.508286, 128.848099, 56.993385,25.796331, 226.369034, 1.003540
5, 893,12,121.729774, 122.320839, 128.848099, 56.993385,25.796331, 226.369034, 0.995168
5, 893,13,25.796331, 25.940628, 128.848099, 56.993385,25.796331, 226.369034, 0.994437
5, 893,14,73.747437, 71.974960, 128.848099, 56.993385,25.796331, 226.369034, 1.024626
5, 893,15,114.142723, 113.383118, 128.848099, 56.993385,25.796331, 226.369034, 1.006699
5, 893,16,113.408600, 112.907768, 128.848099, 56.993385,25.796331, 226.369034, 1.004436
5, 893,17,59.863567, 59.582653, 128.848099, 56.993385,25.796331, 226.369034, 1.004715
5, 893,18,201.105652, 202.064148, 128.848099, 56.993385,25.796331, 226.369034, 0.995256
5, 893,19,42.522415, 43.387619, 128.848099, 56.993385,25.796331, 226.369034, 0.980059
5, 893,20,53.192173, 51.468395, 128.848099, 56.993385,25.796331, 226.369034, 1.033492
5, 893,21,86.684692, 86.837715, 128.848099, 56.993385,25.796331, 226.369034, 0.998238
5, 893,22,215.012283, 214.844772, 128.848099, 56.993385,25.796331, 226.369034, 1.000780
5, 893,23,190.546951, 193.133118, 128.848099, 56.993385,25.796331, 226.369034, 0.986609
5, 893,24,34.972958, 35.922768, 128.848099, 56.993385,25.796331, 226.369034, 0.973560
5, 893,25,226.369034, 226.239548, 128.848099, 56.993385,25.796331, 226.369034, 1.000572
5, 893,26,163.534897, 163.186707, 128.848099, 56.993385,25.796331, 226.369034, 1.002134
5, 893,27,163.141571, 165.857986, 128.848099, 56.993385,25.796331, 226.369034, 0.983622
5, 893,28,107.094620, 106.199455, 128.848099, 56.993385,25.796331, 226.369034, 1.008429
5, 893,29,188.824127, 189.317001, 128.848099, 56.993385,25.796331, 226.369034, 0.997397
5, 893,30,212.930710, 212.019501, 128.848099, 56.993385,25.796331, 226.369034, 1.004298
5, 893,31,142.696350, 142.164612, 128.848099, 56.993385,25.796331, 226.369034, 1.003740
5, 894,0,247.906082, 248.937561, 128.838745, 76.950043,11.598094, 252.667709, 0.995856
5, 894,1,53.302170, 52.774391, 128.838745, 76.950043,11.598094, 252.667709, 1.010001
5, 894,2,11.598094, 11.976222, 128.838745, 76.950043,11.598094, 252.667709, 0.968427
5, 894,3,177.663437, 176.844070, 128.838745, 76.950043,11.598094, 252.667709, 1.004633
5, 894,4,158.910370, 158.432770, 128.838745, 76.950043,11.598094, 252.667709, 1.003015
5, 894,5,135.876343, 136.192566, 128.838745, 76.950043,11.598094, 252.667709, 0.997678
5, 894,6,49.446075, 49.871819, 128.838745, 76.950043,11.598094, 252.667709, 0.991463
5, 894,7,27.783445, 27.207026, 128.838745, 76.950043,11.598094, 252.667709, 1.021186
5, 894,8,252.667709, 253.221924, 128.838745, 76.950043,11.598094, 252.667709, 0.997811
5, 894,9,23.506826, 23.424412, 128.838745, 76.950043,11.598094, 252.667709, 1.003518
5, 894,10,15.931560, 16.160254, 128.838745, 76.950043,11.598094, 252.667709, 0.985848
5, 894,11,58.017429, 57.174572, 128.838745, 76.950043,11.598094, 252.667709, 1.014742
5, 894,12,144.086487, 144.112869, 128.838745, 76.950043,11.598094, 252.667709, 0.999817
5, 894,13,94.931381, 94.661034, 128.838745, 76.950043,11.598094, 252.667709, 1.002856
5, 894,14,247.754715, 247.115723, 128.838745, 76.950043,11.598094, 252.667709, 1.002586
5, 894,15,14.349831, 12.979772, 128.838745, 76.950043,11.598094, 252.667709, 1.105553
5, 894,16,223.939621, 224.450928, 128.838745, 76.950043,11.598094, 252.667709, 0.997722
5, 894,17,147.676300, 147.223907, 128.838745, 76.950043,11.598094, 252.667709, 1.003073
5, 894,18,62.595085, 62.879368, 128.838745, 76.950043,11.598094, 252.667709, 0.995479
5, 894,19,105.448410, 106.263611, 128.838745, 76.950043,11.598094, 252.667709, 0.992329
5, 894,20,158.011017, 157.367462, 128.838745, 76.950043,11.598094, 252.667709, 1.004089
5, 894,21,171.715256, 171.139252, 128.838745, 76.950043,11.598094, 252.667709, 1.003366
5, 894,22,153.841843, 152.110413, 128.838745, 76.950043,11.598094, 252.667709, 1.011383
5, 894,23,215.530365, 215.820419, 128.838745, 76.950043,11.598094, 252.667709, 0.998656
5, 894,24,163.510361, 163.805634, 128.838745, 76.950043,11.598094, 252.667709, 0.998197
5, 894,25,57.547085, 58.023731, 128.838745, 76.950043,11.598094, 252.667709, 0.991785
5, 894,26,61.757889, 61.906696, 128.838745, 76.950043,11.598094, 252.667709, 0.997596
5, 894,27,114.413239, 113.550926, 128.838745, 76.950043,11.598094, 252.667709, 1.007594
5, 894,28,249.403885, 249.848465, 128.838745, 76.950043,11.598094, 252.667709, 0.998221
5, 894,29,179.498306, 180.063141, 128.838745, 76.950043,11.598094, 252.667709, 0.996863
5, 894,30,160.879120, 160.509369, 128.838745, 76.950043,11.598094, 252.667709, 1.002304
5, 894,31,183.340561, 184.949646, 128.838745, 76.950043,11.598094, 252.667709, 0.991300
5, 895,0,207.710281, 207.452637, 128.759750, 68.512337,16.859650, 238.630737, 1.001242
5, 895,1,88.081520, 88.198578, 128.759750, 68.512337,16.859650, 238.630737, 0.998673
5, 895,2,102.390739, 103.173820, 128.759750, 68.512337,16.859650, 238.630737, 0.992410
5, 895,3,198.869202, 198.644501, 128.759750, 68.512337,16.859650, 238.630737, 1.001131
5, 895,4,198.978699, 198.511032, 128.759750, 68.512337,16.859650, 238.630737, 1.002356
5, 895,5,96.318565, 94.737953, 128.759750, 68.512337,16.859650, 238.630737, 1.016684
5, 895,6,180.843277, 180.831543, 128.759750, 68.512337,16.859650, 238.630737, 1.000065
5, 895,7,24.121170, 24.954170, 128.759750, 68.512337,16.859650, 238.630737, 0.966619
5, 895,8,178.613159, 178.949112, 128.759750, 68.512337,16.859650, 238.630737, 0.998123
5, 895,9,100.707253, 101.705795, 128.759750, 68.512337,16.859650, 238.630737, 0.990182
5, 895,10,41.703503, 42.212223, 128.759750, 68.512337,16.859650, 238.630737, 0.987948
5, 895,11,233.005676, 231.587219, 128.759750, 68.512337,16.859650, 238.630737, 1.006125
5, 895,12,32.570518, 32.512032, 128.759750, 68.512337,16.859650, 238.630737, 1.001799
5, 895,13,44.371525, 43.504642, 128.759750, 68.512337,16.859650, 238.630737, 1.019926
5, 895,14,91.861832, 91.471771, 128.759750, 68.512337,16.859650, 238.630737, 1.004264
5, 895,15,20.148714, 19.791504, 128.759750, 68.512337,16.859650, 238.630737, 1.018049
5, 895,16,109.282173, 108.863281, 128.759750, 68.512337,16.859650, 238.630737, 1.003848
5, 895,17,61.572472, 62.539780, 128.759750, 68.512337,16.859650, 238.630737, 0.984533
5, 895,18,125.053925, 124.892136, 128.759750, 68.512337,16.859650, 238.630737, 1.001295
5, 895,19,134.862625, 135.624847, 128.759750, 68.512337,16.859650, 238.630737, 0.994380
5, 895,20,181.436295, 181.562057, 128.759750, 68.512337,16.859650, 238.630737, 0.999307
5, 895,21,211.484634, 211.568710, 128.759750, 68.512337,16.859650, 238.630737, 0.999603
5, 895,22,136.814468, 137.661835, 128.759750, 68.512337,16.859650, 238.630737, 0.993845
5, 895,23,16.859650, 18.288361, 128.759750, 68.512337,16.859650, 238.630737, 0.921879
5, 895,24,91.899475, 91.422607, 128.759750, 68.512337,16.859650, 238.630737, 1.005216
5, 895,25,164.783600, 163.622665, 128.759750, 68.512337,16.859650, 238.630737, 1.007095
5, 895,26,185.853653, 186.963531, 128.759750, 68.512337,16.859650, 238.630737, 0.994064
5, 895,27,81.320442, 80.717987, 128.759750, 68.512337,16.859650, 238.630737, 1.007464
5, 895,28,185.071533, 183.437469, 128.759750, 68.512337,16.859650, 238.630737, 1.008908
5, 895,29,231.397568, 231.502930, 128.759750, 68.512337,16.859650, 238.630737, 0.999545
5, 895,30,238.630737, 239.419006, 128.759750, 68.512337,16.859650, 238.630737, 0.996708
5, 895,31,123.692894, 124.674393, 128.759750, 68.512337,16.859650, 238.630737, 0.992127
5, 896,0,224.781677, 225.471359, 128.789093, 63.955242,15.478367, 232.714279, 0.996941
5, 896,1,51.028008, 50.920353, 128.789093, 63.955242,15.478367, 232.714279, 1.002114
5, 896,2,126.279671, 127.329857, 128.789093, 63.955242,15.478367, 232.714279, 0.991752
5, 896,3,202.153427, 201.962387, 128.789093, 63.955242,15.478367, 232.714279, 1.000946
5, 896,4,185.006561, 184.343201, 128.789093, 63.955242,15.478367, 232.714279, 1.003598
5, 896,5,138.694916, 138.765488, 128.789093, 63.955242,15.478367, 232.714279, 0.999491
5, 896,6,66.278694, 66.253845, 128.789093, 63.955242,15.478367, 232.714279, 1.000375
5, 896,7,195.265671, 194.653900, 128.789093, 63.955242,15.478367, 232.714279, 1.003143
5, 896,8,232.714279, 231.690720, 128.789093, 63.955242,15.478367, 232.714279, 1.004418
5, 896,9,149.786560, 150.150970, 128.789093, 63.955242,15.478367, 232.714279, 0.997573
5, 896,10,56.778931, 56.523525, 128.789093, 63.955242,15.478367, 232.714279, 1.004519
5, 896,11,106.149170, 105.182274, 128.789093, 63.955242,15.478367, 232.714279, 1.009193
5, 896,12,51.683002, 53.184551, 128.789093, 63.955242,15.478367, 232.714279, 0.971767
5, 896,13,211.003967, 209.163391, 128.789093, 63.955242,15.478367, 232.714279, 1.008800
5, 896,14,187.071411, 186.843857, 128.789093, 63.955242,15.478367, 232.714279, 1.001218
5, 896,15,45.486282, 45.381668, 128.789093, 63.955242,15.478367, 232.714279, 1.002305
5, 896,16,174.290787, 175.028473, 128.789093, 63.955242,15.478367, 232.714279, 0.995785
5, 896,17,26.958685, 25.913870, 128.789093, 63.955242,15.478367, 232.714279, 1.040319
5, 896,18,158.204590, 160.877228, 128.789093, 63.955242,15.478367, 232.714279, 0.983387
5, 896,19,59.344173, 58.802055, 128.789093, 63.955242,15.478367, 232.714279, 1.009219
5, 896,20,66.721275, 68.238602, 128.789093, 63.955242,15.478367, 232.714279, 0.977764
5, 896,21,151.353516, 151.999573, 128.789093, 63.955242,15.478367, 232.714279, 0.995750
5, 896,22,138.768143, 138.507538, 128.789093, 63.955242,15.478367, 232.714279, 1.001881
5, 896,23,208.397919, 208.826630, 128.789093, 63.955242,15.478367, 232.714279, 0.997947
5, 896,24,143.836502, 143.931580, 128.789093, 63.955242,15.478367, 232.714279, 0.999339
5, 896,25,15.478367, 15.438374, 128.789093, 63.955242,15.478367, 232.714279, 1.002591
5, 896,26,203.456802, 203.717850, 128.789093, 63.955242,15.478367, 232.714279, 0.998719
5, 896,27,92.518585, 91.396461, 128.789093, 63.955242,15.478367, 232.714279, 1.012277
5, 896,28,74.149429, 74.973869, 128.789093, 63.955242,15.478367, 232.714279, 0.989004
5, 896,29,167.714539, 167.612518, 128.789093, 63.955242,15.478367, 232.714279, 1.000609
5, 896,30,110.542679, 109.853981, 128.789093, 63.955242,15.478367, 232.714279, 1.006269
5, 896,31,99.352844, 98.060089, 128.789093, 63.955242,15.478367, 232.714279, 1.013183
5, 897,0,83.007545, 82.968536, 128.587570, 64.111961,11.133853, 234.410645, 1.000470
5, 897,1,91.504181, 90.345085, 128.587570, 64.111961,11.133853, 234.410645, 1.012830
5, 897,2,128.387497, 129.569122, 128.587570, 64.111961,11.133853, 234.410645, 0.990880
5, 897,3,63.151344, 62.905186, 128.587570, 64.111961,11.133853, 234.410645, 1.003913
5, 897,4,213.808151, 213.588364, 128.587570, 64.111961,11.133853, 234.410645, 1.001029
5, 897,5,176.383240, 176.063904, 128.587570, 64.111961,11.133853, 234.410645, 1.001814
5, 897,6,208.170074, 209.399384, 128.587570, 64.111961,11.133853, 234.410645, 0.994129
5, 897,7,205.099045, 204.843704, 128.587570, 64.111961,11.133853, 234.410645, 1.001247
5, 897,8,11.133853, 12.362469, 128.587570, 64.111961,11.133853, 234.410645, 0.900617
5, 897,9,158.525803, 158.793198, 128.587570, 64.111961,11.133853, 234.410645, 0.998316
5, 897,10,116.775742, 116.959877, 128.587570, 64.111961,11.133853, 234.410645, 0.998426
5, 897,11,234.410645, 234.758896, 128.587570, 64.111961,11.133853, 234.410645, 0.998517
5, 897,12,162.914398, 163.384140, 128.587570, 64.111961,11.133853, 234.410645, 0.997125
5, 897,13,24.858891, 25.507666, 128.587570, 64.111961,11.133853, 234.410645, 0.974566
5, 897,14,129.814896, 128.391388, 128.587570, 64.111961,11.133853, 234.410645, 1.011087
5, 897,15,115.848602, 115.069908, 128.587570, 64.111961,11.133853, 234.410645, 1.006767
5, 897,16,141.165894, 140.006287, 128.587570, 64.111961,11.133853, 234.410645, 1.008283
5, 897,17,154.395889, 154.815796, 128.587570, 64.111961,11.133853, 234.410645, 0.997288
5, 897,18,52.509701, 54.435562, 128.587570, 64.111961,11.133853, 234.410645, 0.964621
5, 897,19,229.701736, 231.303329, 128.587570, 64.111961,11.133853, 234.410645, 0.993076
5, 897,20,140.177872, 141.099350, 128.587570, 64.111961,11.133853, 234.410645, 0.993469
5, 897,21,158.515289, 158.750900, 128.587570, 64.111961,11.133853, 234.410645, 0.998516
5, 897,22,86.175644, 86.508720, 128.587570, 64.111961,11.133853, 234.410645, 0.996150
5, 897,23,37.561848, 38.264992, 128.587570, 64.111961,11.133853, 234.410645, 0.981624
5, 897,24,213.597992, 213.214600, 128.587570, 64.111961,11.133853, 234.410645, 1.001798
5, 897,25,158.731705, 158.595734, 128.587570, 64.111961,11.133853, 234.410645, 1.000857
5, 897,26,116.944260, 117.643936, 128.587570, 64.111961,11.133853, 234.410645, 0.994053
5, 897,27,126.443153, 125.916100, 128.587570, 64.111961,11.133853, 234.410645, 1.004186
5, 897,28,206.001999, 205.520706, 128.587570, 64.111961,11.133853, 234.410645, 1.002342
5, 897,29,24.422987, 24.774242, 128.587570, 64.111961,11.133853, 234.410645, 0.985822
5, 897,30,86.840332, 87.608849, 128.587570, 64.111961,11.133853, 234.410645, 0.991228
5, 897,31,57.821716, 57.630184, 128.587570, 64.111961,11.133853, 234.410645, 1.003323
5, 898,0,166.045380, 167.436493, 128.751038, 60.476658,31.262426, 248.231079, 0.991692
5, 898,1,85.737129, 86.622490, 128.751038, 60.476658,31.262426, 248.231079, 0.989779
5, 898,2,92.893341, 92.107666, 128.751038, 60.476658,31.262426, 248.231079, 1.008530
5, 898,3,169.312531, 169.957291, 128.751038, 60.476658,31.262426, 248.231079, 0.996206
5, 898,4,171.749176, 170.933090, 128.751038, 60.476658,31.262426, 248.231079, 1.004774
5, 898,5,212.267365, 213.217773, 128.751038, 60.476658,31.262426, 248.231079, 0.995543
5, 898,6,248.231079, 247.747803, 128.751038, 60.476658,31.262426, 248.231079, 1.001951
5, 898,7,101.189781, 101.281670, 128.751038, 60.476658,31.262426, 248.231079, 0.999093
5, 898,8,193.580368, 193.265610, 128.751038, 60.476658,31.262426, 248.231079, 1.001629
5, 898,9,87.276779, 86.533783, 128.751038, 60.476658,31.262426, 248.231079, 1.008586
5, 898,10,217.553101, 216.921371, 128.751038, 60.476658,31.262426, 248.231079, 1.002912
5, 898,11,48.749603, 47.309570, 128.751038, 60.476658,31.262426, 248.231079, 1.030439
5, 898,12,87.196495, 87.228661, 128.751038, 60.476658,31.262426, 248.231079, 0.999631
5, 898,13,181.455109, 181.400772, 128.751038, 60.476658,31.262426, 248.231079, 1.000300
5, 898,14,51.106781, 49.904312, 128.751038, 60.476658,31.262426, 248.231079, 1.024096
5, 898,15,156.052856, 156.347839, 128.751038, 60.476658,31.262426, 248.231079, 0.998113
5, 898,16,85.593300, 85.025726, 128.751038, 60.476658,31.262426, 248.231079, 1.006675
5, 898,17,70.950768, 71.017075, 128.751038, 60.476658,31.262426, 248.231079, 0.999066
5, 898,18,95.986649, 96.602264, 128.751038, 60.476658,31.262426, 248.231079, 0.993627
5, 898,19,111.970917, 111.172729, 128.751038, 60.476658,31.262426, 248.231079, 1.007180
5, 898,20,31.262426, 30.898386, 128.751038, 60.476658,31.262426, 248.231079, 1.011782
5, 898,21,32.899437, 32.606037, 128.751038, 60.476658,31.262426, 248.231079, 1.008998
5, 898,22,217.399750, 216.721786, 128.751038, 60.476658,31.262426, 248.231079, 1.003128
5, 898,23,74.069916, 75.393394, 128.751038, 60.476658,31.262426, 248.231079, 0.982446
5, 898,24,85.222054, 84.670891, 128.751038, 60.476658,31.262426, 248.231079, 1.006509
5, 898,25,177.982864, 178.170273, 128.751038, 60.476658,31.262426, 248.231079, 0.998948
5, 898,26,116.659203, 116.436134, 128.751038, 60.476658,31.262426, 248.231079, 1.001916
5, 898,27,196.750671, 198.248108, 128.751038, 60.476658,31.262426, 248.231079, 0.992447
5, 898,28,178.422150, 178.658173, 128.751038, 60.476658,31.262426, 248.231079, 0.998679
5, 898,29,176.504807, 176.270432, 128.751038, 60.476658,31.262426, 248.231079, 1.001330
5, 898,30,90.203369, 92.373795, 128.751038, 60.476658,31.262426, 248.231079, 0.976504
5, 898,31,107.758133, 108.518845, 128.751038, 60.476658,31.262426, 248.231079, 0.992990
5, 899,0,273.944794, 273.850983, 128.572815, 88.979568,10.519997, 287.309540, 1.000343
5, 899,1,101.010765, 100.674004, 128.572815, 88.979568,10.519997, 287.309540, 1.003345
5, 899,2,152.294052, 153.202042, 128.572815, 88.979568,10.519997, 287.309540, 0.994073
5, 899,3,223.804123, 224.023407, 128.572815, 88.979568,10.519997, 287.309540, 0.999021
5, 899,4,131.834702, 132.391174, 128.572815, 88.979568,10.519997, 287.309540, 0.995797
5, 899,5,53.613686, 53.067760, 128.572815, 88.979568,10.519997, 287.309540, 1.010287
5, 899,6,44.901482, 44.530865, 128.572815, 88.979568,10.519997, 287.309540, 1.008323
5, 899,7,25.742825, 27.308989, 128.572815, 88.979568,10.519997, 287.309540, 0.942650
5, 899,8,126.951538, 128.148865, 128.572815, 88.979568,10.519997, 287.309540, 0.990657
5, 899,9,58.002720, 58.799671, 128.572815, 88.979568,10.519997, 287.309540, 0.986446
5, 899,10,280.622498, 280.793762, 128.572815, 88.979568,10.519997, 287.309540, 0.999390
5, 899,11,143.056320, 144.229599, 128.572815, 88.979568,10.519997, 287.309540, 0.991865
5, 899,12,248.804169, 248.867493, 128.572815, 88.979568,10.519997, 287.309540, 0.999746
5, 899,13,282.699860, 283.006378, 128.572815, 88.979568,10.519997, 287.309540, 0.998917
5, 899,14,124.174408, 124.220154, 128.572815, 88.979568,10.519997, 287.309540, 0.999632
5, 899,15,233.609192, 232.647415, 128.572815, 88.979568,10.519997, 287.309540, 1.004134
5, 899,16,194.753738, 195.973633, 128.572815, 88.979568,10.519997, 287.309540, 0.993775
5, 899,17,30.678843, 30.436279, 128.572815, 88.979568,10.519997, 287.309540, 1.007969
5, 899,18,10.519997, 11.054045, 128.572815, 88.979568,10.519997, 287.309540, 0.951688
5, 899,19,78.926414, 78.887512, 128.572815, 88.979568,10.519997, 287.309540, 1.000493
5, 899,20,37.233360, 36.891216, 128.572815, 88.979568,10.519997, 287.309540, 1.009274
5, 899,21,105.105843, 105.830994, 128.572815, 88.979568,10.519997, 287.309540, 0.993148
5, 899,22,72.210754, 72.249634, 128.572815, 88.979568,10.519997, 287.309540, 0.999462
5, 899,23,75.130234, 75.220131, 128.572815, 88.979568,10.519997, 287.309540, 0.998805
5, 899,24,93.060020, 93.016945, 128.572815, 88.979568,10.519997, 287.309540, 1.000463
5, 899,25,45.919685, 45.776554, 128.572815, 88.979568,10.519997, 287.309540, 1.003127
5, 899,26,52.194721, 52.928379, 128.572815, 88.979568,10.519997, 287.309540, 0.986139
5, 899,27,68.347824, 69.836655, 128.572815, 88.979568,10.519997, 287.309540, 0.978681
5, 899,28,287.309540, 286.334045, 128.572815, 88.979568,10.519997, 287.309540, 1.003407
5, 899,29,114.597229, 114.515976, 128.572815, 88.979568,10.519997, 287.309540, 1.000710
5, 899,30,68.707069, 68.712921, 128.572815, 88.979568,10.519997, 287.309540, 0.999915
5, 899,31,274.567444, 273.572235, 128.572815, 88.979568,10.519997, 287.309540, 1.003638
5, 900,0,134.085022, 134.892365, 129.088028, 66.330505,18.283741, 236.248199, 0.994015
5, 900,1,94.152740, 94.239731, 129.088028, 66.330505,18.283741, 236.248199, 0.999077
5, 900,2,55.970093, 55.293686, 129.088028, 66.330505,18.283741, 236.248199, 1.012233
5, 900,3,49.040985, 47.829144, 129.088028, 66.330505,18.283741, 236.248199, 1.025337
5, 900,4,104.913254, 104.715073, 129.088028, 66.330505,18.283741, 236.248199, 1.001893
5, 900,5,51.769680, 50.257202, 129.088028, 66.330505,18.283741, 236.248199, 1.030095
5, 900,6,230.055313, 228.976135, 129.088028, 66.330505,18.283741, 236.248199, 1.004713
5, 900,7,31.971489, 32.469940, 129.088028, 66.330505,18.283741, 236.248199, 0.984649
5, 900,8,151.407211, 150.764923, 129.088028, 66.330505,18.283741, 236.248199, 1.004260
5, 900,9,133.336563, 134.580200, 129.088028, 66.330505,18.283741, 236.248199, 0.990759
5, 900,10,232.858673, 232.521088, 129.088028, 66.330505,18.283741, 236.248199, 1.001452
5, 900,11,117.288956, 117.611534, 129.088028, 66.330505,18.283741, 236.248199, 0.997257
5, 900,12,194.731750, 194.532410, 129.088028, 66.330505,18.283741, 236.248199, 1.001025
5, 900,13,74.096825, 74.038292, 129.088028, 66.330505,18.283741, 236.248199, 1.000791
5, 900,14,23.698204, 24.665470, 129.088028, 66.330505,18.283741, 236.248199, 0.960785
5, 900,15,167.844711, 167.844574, 129.088028, 66.330505,18.283741, 236.248199, 1.000001
5, 900,16,169.279831, 169.474838, 129.088028, 66.330505,18.283741, 236.248199, 0.998849
5, 900,17,236.248199, 236.239502, 129.088028, 66.330505,18.283741, 236.248199, 1.000037
5, 900,18,158.902618, 158.347397, 129.088028, 66.330505,18.283741, 236.248199, 1.003506
5, 900,19,36.737190, 35.799850, 129.088028, 66.330505,18.283741, 236.248199, 1.026183
5, 900,20,190.118118, 188.836884, 129.088028, 66.330505,18.283741, 236.248199, 1.006785
5, 900,21,18.283741, 17.783661, 129.088028, 66.330505,18.283741, 236.248199, 1.028120
5, 900,22,166.264328, 165.735641, 129.088028, 66.330505,18.283741, 236.248199, 1.003190
5, 900,23,117.254524, 116.348938, 129.088028, 66.330505,18.283741, 236.248199, 1.007783
5, 900,24,161.692795, 161.670380, 129.088028, 66.330505,18.283741, 236.248199, 1.000139
5, 900,25,162.477905, 161.399811, 129.088028, 66.330505,18.283741, 236.248199, 1.006680
5, 900,26,161.062210, 159.929108, 129.088028, 66.330505,18.283741, 236.248199, 1.007085
5, 900,27,207.509216, 207.019562, 129.088028, 66.330505,18.283741, 236.248199, 1.002365
5, 900,28,170.869537, 171.105118, 129.088028, 66.330505,18.283741, 236.248199, 0.998623
5, 900,29,58.861591, 58.144920, 129.088028, 66.330505,18.283741, 236.248199, 1.012326
5, 900,30,203.734558, 204.771866, 129.088028, 66.330505,18.283741, 236.248199, 0.994934
5, 900,31,64.298492, 63.160595, 129.088028, 66.330505,18.283741, 236.248199, 1.018016
5, 901,0,83.083542, 80.976242, 128.820221, 50.519604,36.874249, 215.434021, 1.026024
5, 901,1,66.919807, 67.123199, 128.820221, 50.519604,36.874249, 215.434021, 0.996970
5, 901,2,68.977631, 68.447662, 128.820221, 50.519604,36.874249, 215.434021, 1.007743
5, 901,3,136.875763, 136.806656, 128.820221, 50.519604,36.874249, 215.434021, 1.000505
5, 901,4,172.212952, 171.287170, 128.820221, 50.519604,36.874249, 215.434021, 1.005405
5, 901,5,159.661774, 159.835907, 128.820221, 50.519604,36.874249, 215.434021, 0.998911
5, 901,6,81.623009, 81.964844, 128.820221, 50.519604,36.874249, 215.434021, 0.995829
5, 901,7,56.617794, 57.167515, 128.820221, 50.519604,36.874249, 215.434021, 0.990384
5, 901,8,96.733528, 96.331192, 128.820221, 50.519604,36.874249, 215.434021, 1.004177
5, 901,9,127.573982, 127.852249, 128.820221, 50.519604,36.874249, 215.434021, 0.997824
5, 901,10,183.162277, 183.137680, 128.820221, 50.519604,36.874249, 215.434021, 1.000134
5, 901,11,165.138931, 165.045059, 128.820221, 50.519604,36.874249, 215.434021, 1.000569
5, 901,12,166.243576, 164.481064, 128.820221, 50.519604,36.874249, 215.434021, 1.010716
5, 901,13,100.774673, 99.848320, 128.820221, 50.519604,36.874249, 215.434021, 1.009278
5, 901,14,43.960171, 43.232090, 128.820221, 50.519604,36.874249, 215.434021, 1.016841
5, 901,15,131.814774, 132.668488, 128.820221, 50.519604,36.874249, 215.434021, 0.993565
5, 901,16,212.938217, 213.403961, 128.820221, 50.519604,36.874249, 215.434021, 0.997818
5, 901,17,157.413666, 158.150223, 128.820221, 50.519604,36.874249, 215.434021, 0.995343
5, 901,18,107.982849, 110.127197, 128.820221, 50.519604,36.874249, 215.434021, 0.980528
5, 901,19,166.175568, 165.799194, 128.820221, 50.519604,36.874249, 215.434021, 1.002270
5, 901,20,66.534004, 65.146004, 128.820221, 50.519604,36.874249, 215.434021, 1.021306
5, 901,21,36.874249, 37.712418, 128.820221, 50.519604,36.874249, 215.434021, 0.977775
5, 901,22,148.721100, 149.278198, 128.820221, 50.519604,36.874249, 215.434021, 0.996268
5, 901,23,215.434021, 215.419174, 128.820221, 50.519604,36.874249, 215.434021, 1.000069
5, 901,24,150.153473, 151.977844, 128.820221, 50.519604,36.874249, 215.434021, 0.987996
5, 901,25,180.402115, 181.781509, 128.820221, 50.519604,36.874249, 215.434021, 0.992412
5, 901,26,150.445496, 152.028534, 128.820221, 50.519604,36.874249, 215.434021, 0.989587
5, 901,27,186.213547, 185.938705, 128.820221, 50.519604,36.874249, 215.434021, 1.001478
5, 901,28,191.783432, 190.970413, 128.820221, 50.519604,36.874249, 215.434021, 1.004257
5, 901,29,137.940277, 137.338989, 128.820221, 50.519604,36.874249, 215.434021, 1.004378
5, 901,30,88.716339, 87.623932, 128.820221, 50.519604,36.874249, 215.434021, 1.012467
5, 901,31,83.144691, 82.097923, 128.820221, 50.519604,36.874249, 215.434021, 1.012750
5, 902,0,123.662971, 124.125778, 128.253998, 63.785923,19.089911, 225.398102, 0.996271
5, 902,1,143.611023, 143.293976, 128.253998, 63.785923,19.089911, 225.398102, 1.002213
5, 902,2,65.878151, 65.379204, 128.253998, 63.785923,19.089911, 225.398102, 1.007632
5, 902,3,186.431839, 187.209442, 128.253998, 63.785923,19.089911, 225.398102, 0.995846
5, 902,4,131.971130, 132.720261, 128.253998, 63.785923,19.089911, 225.398102, 0.994356
5, 902,5,199.115021, 199.231064, 128.253998, 63.785923,19.089911, 225.398102, 0.999418
5, 902,6,66.900978, 67.710464, 128.253998, 63.785923,19.089911, 225.398102, 0.988045
5, 902,7,162.234650, 165.025894, 128.253998, 63.785923,19.089911, 225.398102, 0.983086
5, 902,8,64.830429, 65.047104, 128.253998, 63.785923,19.089911, 225.398102, 0.996669
5, 902,9,38.897007, 38.526463, 128.253998, 63.785923,19.089911, 225.398102, 1.009618
5, 902,10,20.836700, 22.732300, 128.253998, 63.785923,19.089911, 225.398102, 0.916612
5, 902,11,208.033722, 206.855835, 128.253998, 63.785923,19.089911, 225.398102, 1.005694
5, 902,12,19.089911, 18.654245, 128.253998, 63.785923,19.089911, 225.398102, 1.023355
5, 902,13,105.639656, 105.728035, 128.253998, 63.785923,19.089911, 225.398102, 0.999164
5, 902,14,195.037643, 193.930939, 128.253998, 63.785923,19.089911, 225.398102, 1.005707
5, 902,15,62.727211, 63.034645, 128.253998, 63.785923,19.089911, 225.398102, 0.995123
5, 902,16,98.489120, 99.557823, 128.253998, 63.785923,19.089911, 225.398102, 0.989266
5, 902,17,160.335693, 161.944092, 128.253998, 63.785923,19.089911, 225.398102, 0.990068
5, 902,18,79.801971, 81.093658, 128.253998, 63.785923,19.089911, 225.398102, 0.984072
5, 902,19,205.598511, 205.633743, 128.253998, 63.785923,19.089911, 225.398102, 0.999829
5, 902,20,125.984566, 127.273987, 128.253998, 63.785923,19.089911, 225.398102, 0.989869
5, 902,21,196.250504, 196.992798, 128.253998, 63.785923,19.089911, 225.398102, 0.996232
5, 902,22,174.628204, 172.670593, 128.253998, 63.785923,19.089911, 225.398102, 1.011337
5, 902,23,79.992599, 80.768211, 128.253998, 63.785923,19.089911, 225.398102, 0.990397
5, 902,24,223.929199, 226.110367, 128.253998, 63.785923,19.089911, 225.398102, 0.990354
5, 902,25,204.160995, 206.158447, 128.253998, 63.785923,19.089911, 225.398102, 0.990311
5, 902,26,139.557220, 139.900024, 128.253998, 63.785923,19.089911, 225.398102, 0.997550
5, 902,27,69.864861, 71.243896, 128.253998, 63.785923,19.089911, 225.398102, 0.980643
5, 902,28,77.085861, 78.788963, 128.253998, 63.785923,19.089911, 225.398102, 0.978384
5, 902,29,62.217487, 62.576366, 128.253998, 63.785923,19.089911, 225.398102, 0.994265
5, 902,30,225.398102, 226.163513, 128.253998, 63.785923,19.089911, 225.398102, 0.996616
5, 902,31,185.935333, 184.918030, 128.253998, 63.785923,19.089911, 225.398102, 1.005501
5, 903,0,156.659225, 158.419296, 128.877090, 57.084541,13.782335, 212.246323, 0.988890
5, 903,1,163.209030, 162.298157, 128.877090, 57.084541,13.782335, 212.246323, 1.005612
5, 903,2,67.276474, 67.334747, 128.877090, 57.084541,13.782335, 212.246323, 0.999135
5, 903,3,119.830093, 120.360352, 128.877090, 57.084541,13.782335, 212.246323, 0.995594
5, 903,4,160.576859, 161.075882, 128.877090, 57.084541,13.782335, 212.246323, 0.996902
5, 903,5,212.144211, 211.750473, 128.877090, 57.084541,13.782335, 212.246323, 1.001859
5, 903,6,188.305328, 187.728989, 128.877090, 57.084541,13.782335, 212.246323, 1.003070
5, 903,7,82.285004, 82.020775, 128.877090, 57.084541,13.782335, 212.246323, 1.003222
5, 903,8,212.246323, 211.582092, 128.877090, 57.084541,13.782335, 212.246323, 1.003139
5, 903,9,197.018845, 198.311661, 128.877090, 57.084541,13.782335, 212.246323, 0.993481
5, 903,10,184.898605, 184.604691, 128.877090, 57.084541,13.782335, 212.246323, 1.001592
5, 903,11,131.087646, 131.136337, 128.877090, 57.084541,13.782335, 212.246323, 0.999629
5, 903,12,13.782335, 12.457026, 128.877090, 57.084541,13.782335, 212.246323, 1.106391
5, 903,13,135.867355, 135.669983, 128.877090, 57.084541,13.782335, 212.246323, 1.001455
5, 903,14,99.114914, 98.795898, 128.877090, 57.084541,13.782335, 212.246323, 1.003229
5, 903,15,206.428665, 205.994537, 128.877090, 57.084541,13.782335, 212.246323, 1.002108
5, 903,16,76.280594, 77.381119, 128.877090, 57.084541,13.782335, 212.246323, 0.985778
5, 903,17,49.705727, 51.389030, 128.877090, 57.084541,13.782335, 212.246323, 0.967244
5, 903,18,148.682205, 148.254440, 128.877090, 57.084541,13.782335, 212.246323, 1.002885
5, 903,19,79.065834, 79.071098, 128.877090, 57.084541,13.782335, 212.246323, 0.999933
5, 903,20,117.288582, 116.425369, 128.877090, 57.084541,13.782335, 212.246323, 1.007414
5, 903,21,157.139450, 156.835327, 128.877090, 57.084541,13.782335, 212.246323, 1.001939
5, 903,22,141.986328, 141.613007, 128.877090, 57.084541,13.782335, 212.246323, 1.002636
5, 903,23,121.016716, 120.216919, 128.877090, 57.084541,13.782335, 212.246323, 1.006653
5, 903,24,144.116425, 143.602310, 128.877090, 57.084541,13.782335, 212.246323, 1.003580
5, 903,25,206.502335, 206.512131, 128.877090, 57.084541,13.782335, 212.246323, 0.999953
5, 903,26,97.300117, 97.423958, 128.877090, 57.084541,13.782335, 212.246323, 0.998729
5, 903,27,77.911095, 77.543251, 128.877090, 57.084541,13.782335, 212.246323, 1.004744
5, 903,28,176.639069, 175.169464, 128.877090, 57.084541,13.782335, 212.246323, 1.008390
5, 903,29,20.510775, 20.065073, 128.877090, 57.084541,13.782335, 212.246323, 1.022213
5, 903,30,32.238075, 32.038395, 128.877090, 57.084541,13.782335, 212.246323, 1.006233
5, 903,31,146.952560, 147.917709, 128.877090, 57.084541,13.782335, 212.246323, 0.993475
5, 904,0,257.011475, 257.272156, 128.505875, 71.692833,13.716830, 257.011475, 0.998987
5, 904,1,214.423599, 215.604691, 128.505875, 71.692833,13.716830, 257.011475, 0.994522
5, 904,2,52.296993, 54.883907, 128.505875, 71.692833,13.716830, 257.011475, 0.952866
5, 904,3,155.115631, 156.488739, 128.505875, 71.692833,13.716830, 257.011475, 0.991226
5, 904,4,52.773064, 52.880367, 128.505875, 71.692833,13.716830, 257.011475, 0.997971
5, 904,5,192.806519, 191.807846, 128.505875, 71.692833,13.716830, 257.011475, 1.005207
5, 904,6,127.906937, 127.510323, 128.505875, 71.692833,13.716830, 257.011475, 1.003110
5, 904,7,130.235733, 129.966766, 128.505875, 71.692833,13.716830, 257.011475, 1.002069
5, 904,8,231.594208, 230.942139, 128.505875, 71.692833,13.716830, 257.011475, 1.002823
5, 904,9,111.156593, 111.366859, 128.505875, 71.692833,13.716830, 257.011475, 0.998112
5, 904,10,30.131670, 29.966314, 128.505875, 71.692833,13.716830, 257.011475, 1.005518
5, 904,11,132.691910, 132.860779, 128.505875, 71.692833,13.716830, 257.011475, 0.998729
5, 904,12,231.448013, 231.279892, 128.505875, 71.692833,13.716830, 257.011475, 1.000727
5, 904,13,148.907013, 148.628098, 128.505875, 71.692833,13.716830, 257.011475, 1.001877
5, 904,14,108.747322, 110.407310, 128.505875, 71.692833,13.716830, 257.011475, 0.984965
5, 904,15,154.576431, 154.454483, 128.505875, 71.692833,13.716830, 257.011475, 1.000790
5, 904,16,127.953674, 128.930450, 128.505875, 71.692833,13.716830, 257.011475, 0.992424
5, 904,17,75.299416, 75.671593, 128.505875, 71.692833,13.716830, 257.011475, 0.995082
5, 904,18,181.070068, 180.692413, 128.505875, 71.692833,13.716830, 257.011475, 1.002090
5, 904,19,230.327423, 230.688797, 128.505875, 71.692833,13.716830, 257.011475, 0.998433
5, 904,20,17.970446, 18.067896, 128.505875, 71.692833,13.716830, 257.011475, 0.994606
5, 904,21,136.208618, 135.731750, 128.505875, 71.692833,13.716830, 257.011475, 1.003513
5, 904,22,70.554878, 71.771988, 128.505875, 71.692833,13.716830, 257.011475, 0.983042
5, 904,23,66.406296, 67.051003, 128.505875, 71.692833,13.716830, 257.011475, 0.990385
5, 904,24,43.404198, 43.031548, 128.505875, 71.692833,13.716830, 257.011475, 1.008660
5, 904,25,226.340637, 227.096252, 128.505875, 71.692833,13.716830, 257.011475, 0.996673
5, 904,26,228.396469, 226.981125, 128.505875, 71.692833,13.716830, 257.011475, 1.006235
5, 904,27,56.865311, 57.102390, 128.505875, 71.692833,13.716830, 257.011475, 0.995848
5, 904,28,13.716830, 15.097130, 128.505875, 71.692833,13.716830, 257.011475, 0.908572
5, 904,29,77.371895, 77.890076, 128.505875, 71.692833,13.716830, 257.011475, 0.993347
5, 904,30,77.039413, 77.107079, 128.505875, 71.692833,13.716830, 257.011475, 0.999122
5, 904,31,151.439423, 151.767746, 128.505875, 71.692833,13.716830, 257.011475, 0.997837
5, 905,0,191.540634, 191.763962, 128.949203, 65.286804,9.579811, 255.297241, 0.998835
5, 905,1,196.382294, 196.119476, 128.949203, 65.286804,9.579811, 255.297241, 1.001340
5, 905,2,113.075523, 114.419518, 128.949203, 65.286804,9.579811, 255.297241, 0.988254
5, 905,3,198.057175, 199.284378, 128.949203, 65.286804,9.579811, 255.297241, 0.993842
5, 905,4,167.023132, 165.819199, 128.949203, 65.286804,9.579811, 255.297241, 1.007261
5, 905,5,9.579811, 11.183075, 128.949203, 65.286804,9.579811, 255.297241, 0.856635
5, 905,6,141.166000, 138.548218, 128.949203, 65.286804,9.579811, 255.297241, 1.018894
5, 905,7,244.248947, 243.676071, 128.949203, 65.286804,9.579811, 255.297241, 1.002351
5, 905,8,161.195526, 157.364365, 128.949203, 65.286804,9.579811, 255.297241, 1.024346
5, 905,9,212.673279, 212.682510, 128.949203, 65.286804,9.579811, 255.297241, 0.999957
5, 905,10,71.715576, 71.014999, 128.949203, 65.286804,9.579811, 255.297241, 1.009865
5, 905,11,83.275703, 84.006210, 128.949203, 65.286804,9.579811, 255.297241, 0.991304
5, 905,12,198.441345, 199.653625, 128.949203, 65.286804,9.579811, 255.297241, 0.993928
5, 905,13,41.754387, 40.247524, 128.949203, 65.286804,9.579811, 255.297241, 1.037440
5, 905,14,100.394402, 100.433617, 128.949203, 65.286804,9.579811, 255.297241, 0.999610
5, 905,15,123.496986, 122.964775, 128.949203, 65.286804,9.579811, 255.297241, 1.004328
5, 905,16,255.297241, 253.329041, 128.949203, 65.286804,9.579811, 255.297241, 1.007769
5, 905,17,179.782120, 180.219559, 128.949203, 65.286804,9.579811, 255.297241, 0.997573
5, 905,18,44.279812, 43.510399, 128.949203, 65.286804,9.579811, 255.297241, 1.017683
5, 905,19,98.343025, 98.414101, 128.949203, 65.286804,9.579811, 255.297241, 0.999278
5, 905,20,208.588669, 207.400131, 128.949203, 65.286804,9.579811, 255.297241, 1.005731
5, 905,21,75.868851, 77.322212, 128.949203, 65.286804,9.579811, 255.297241, 0.981204
5, 905,22,156.188507, 156.490250, 128.949203, 65.286804,9.579811, 255.297241, 0.998072
5, 905,23,136.306473, 136.830109, 128.949203, 65.286804,9.579811, 255.297241, 0.996173
5, 905,24,83.400887, 83.290337, 128.949203, 65.286804,9.579811, 255.297241, 1.001327
5, 905,25,69.726013, 69.628464, 128.949203, 65.286804,9.579811, 255.297241, 1.001401
5, 905,26,68.747925, 70.080589, 128.949203, 65.286804,9.579811, 255.297241, 0.980984
5, 905,27,28.720219, 28.635307, 128.949203, 65.286804,9.579811, 255.297241, 1.002965
5, 905,28,141.576767, 140.959579, 128.949203, 65.286804,9.579811, 255.297241, 1.004378
5, 905,29,113.119621, 113.319328, 128.949203, 65.286804,9.579811, 255.297241, 0.998238
5, 905,30,53.745285, 53.299019, 128.949203, 65.286804,9.579811, 255.297241, 1.008373
5, 905,31,158.662125, 159.089996, 128.949203, 65.286804,9.579811, 255.297241, 0.997311
5, 906,0,224.197174, 223.403809, 128.682510, 67.018417,20.342899, 250.290649, 1.003551
5, 906,1,76.606651, 76.746307, 128.682510, 67.018417,20.342899, 250.290649, 0.998180
5, 906,2,47.245735, 47.119480, 128.682510, 67.018417,20.342899, 250.290649, 1.002679
5, 906,3,250.290649, 253.046265, 128.682510, 67.018417,20.342899, 250.290649, 0.989110
5, 906,4,214.611465, 215.051712, 128.682510, 67.018417,20.342899, 250.290649, 0.997953
5, 906,5,20.342899, 21.156939, 128.682510, 67.018417,20.342899, 250.290649, 0.961524
5, 906,6,177.790894, 176.252441, 128.682510, 67.018417,20.342899, 250.290649, 1.008729
5, 906,7,50.286625, 49.049286, 128.682510, 67.018417,20.342899, 250.290649, 1.025226
5, 906,8,65.398521, 65.362793, 128.682510, 67.018417,20.342899, 250.290649, 1.000547
5, 906,9,60.659840, 61.620373, 128.682510, 67.018417,20.342899, 250.290649, 0.984412
5, 906,10,143.497849, 145.133331, 128.682510, 67.018417,20.342899, 250.290649, 0.988731
5, 906,11,204.954575, 206.144913, 128.682510, 67.018417,20.342899, 250.290649, 0.994226
5, 906,12,189.027313, 191.409637, 128.682510, 67.018417,20.342899, 250.290649, 0.987554
5, 906,13,132.989243, 134.085785, 128.682510, 67.018417,20.342899, 250.290649, 0.991822
5, 906,14,38.712032, 40.517509, 128.682510, 67.018417,20.342899, 250.290649, 0.955440
5, 906,15,140.647751, 140.172089, 128.682510, 67.018417,20.342899, 250.290649, 1.003393
5, 906,16,118.227066, 117.186302, 128.682510, 67.018417,20.342899, 250.290649, 1.008881
5, 906,17,33.796413, 31.602896, 128.682510, 67.018417,20.342899, 250.290649, 1.069409
5, 906,18,140.190781, 139.843948, 128.682510, 67.018417,20.342899, 250.290649, 1.002480
5, 906,19,177.882416, 177.025940, 128.682510, 67.018417,20.342899, 250.290649, 1.004838
5, 906,20,126.341202, 126.718140, 128.682510, 67.018417,20.342899, 250.290649, 0.997025
5, 906,21,108.377907, 109.287376, 128.682510, 67.018417,20.342899, 250.290649, 0.991678
5, 906,22,236.211746, 236.467117, 128.682510, 67.018417,20.342899, 250.290649, 0.998920
5, 906,23,25.668926, 24.704033, 128.682510, 67.018417,20.342899, 250.290649, 1.039058
5, 906,24,120.966705, 119.545822, 128.682510, 67.018417,20.342899, 250.290649, 1.011886
5, 906,25,141.292419, 141.633118, 128.682510, 67.018417,20.342899, 250.290649, 0.997594
5, 906,26,154.636414, 155.462112, 128.682510, 67.018417,20.342899, 250.290649, 0.994689
5, 906,27,75.174385, 74.082077, 128.682510, 67.018417,20.342899, 250.290649, 1.014745
5, 906,28,221.525497, 220.763016, 128.682510, 67.018417,20.342899, 250.290649, 1.003454
5, 906,29,86.196144, 84.481155, 128.682510, 67.018417,20.342899, 250.290649, 1.020300
5, 906,30,186.093369, 187.964111, 128.682510, 67.018417,20.342899, 250.290649, 0.990047
5, 906,31,128.000092, 127.960411, 128.682510, 67.018417,20.342899, 250.290649, 1.000310
5, 907,0,136.943314, 136.806244, 128.733383, 71.555313,14.017444, 249.348648, 1.001002
5, 907,1,208.201523, 207.796692, 128.733383, 71.555313,14.017444, 249.348648, 1.001948
5, 907,2,41.726662, 41.657700, 128.733383, 71.555313,14.017444, 249.348648, 1.001655
5, 907,3,14.546305, 14.466141, 128.733383, 71.555313,14.017444, 249.348648, 1.005541
5, 907,4,72.853256, 73.790527, 128.733383, 71.555313,14.017444, 249.348648, 0.987298
5, 907,5,90.655693, 89.191772, 128.733383, 71.555313,14.017444, 249.348648, 1.016413
5, 907,6,160.362625, 160.701187, 128.733383, 71.555313,14.017444, 249.348648, 0.997893
5, 907,7,14.017444, 14.451523, 128.733383, 71.555313,14.017444, 249.348648, 0.969963
5, 907,8,59.722004, 62.073299, 128.733383, 71.555313,14.017444, 249.348648, 0.962121
5, 907,9,95.600800, 94.622772, 128.733383, 71.555313,14.017444, 249.348648, 1.010336
5, 907,10,189.157562, 189.149994, 128.733383, 71.555313,14.017444, 249.348648, 1.000040
5, 907,11,167.480850, 167.718353, 128.733383, 71.555313,14.017444, 249.348648, 0.998584
5, 907,12,163.548706, 163.054855, 128.733383, 71.555313,14.017444, 249.348648, 1.003029
5, 907,13,29.077858, 27.813396, 128.733383, 71.555313,14.017444, 249.348648, 1.045462
5, 907,14,152.745361, 153.165024, 128.733383, 71.555313,14.017444, 249.348648, 0.997260
5, 907,15,45.734043, 47.863518, 128.733383, 71.555313,14.017444, 249.348648, 0.955509
5, 907,16,184.175354, 184.800812, 128.733383, 71.555313,14.017444, 249.348648, 0.996616
5, 907,17,208.231979, 207.431198, 128.733383, 71.555313,14.017444, 249.348648, 1.003860
5, 907,18,226.270569, 227.590973, 128.733383, 71.555313,14.017444, 249.348648, 0.994198
5, 907,19,169.563858, 169.026779, 128.733383, 71.555313,14.017444, 249.348648, 1.003178
5, 907,20,141.821136, 139.540009, 128.733383, 71.555313,14.017444, 249.348648, 1.016348
5, 907,21,124.321159, 124.350754, 128.733383, 71.555313,14.017444, 249.348648, 0.999762
5, 907,22,123.308159, 123.363960, 128.733383, 71.555313,14.017444, 249.348648, 0.999548
5, 907,23,21.356319, 21.220173, 128.733383, 71.555313,14.017444, 249.348648, 1.006416
5, 907,24,60.673485, 59.909676, 128.733383, 71.555313,14.017444, 249.348648, 1.012749
5, 907,25,220.654190, 220.676117, 128.733383, 71.555313,14.017444, 249.348648, 0.999901
5, 907,26,127.585075, 127.786247, 128.733383, 71.555313,14.017444, 249.348648, 0.998426
5, 907,27,249.348648, 249.066437, 128.733383, 71.555313,14.017444, 249.348648, 1.001133
5, 907,28,79.006599, 79.396957, 128.733383, 71.555313,14.017444, 249.348648, 0.995083
5, 907,29,239.592728, 241.091721, 128.733383, 71.555313,14.017444, 249.348648, 0.993782
5, 907,30,212.664093, 212.131256, 128.733383, 71.555313,14.017444, 249.348648, 1.002512
5, 907,31,88.521210, 89.294106, 128.733383, 71.555313,14.017444, 249.348648, 0.991344
5, 908,0,112.573143, 113.042549, 128.701706, 56.063648,24.500750, 222.521362, 0.995848
5, 908,1,162.645355, 162.774460, 128.701706, 56.063648,24.500750, 222.521362, 0.999207
5, 908,2,186.250580, 186.214767, 128.701706, 56.063648,24.500750, 222.521362, 1.000192
5, 908,3,200.854797, 200.191940, 128.701706, 56.063648,24.500750, 222.521362, 1.003311
5, 908,4,121.209160, 120.602684, 128.701706, 56.063648,24.500750, 222.521362, 1.005029
5, 908,5,145.856094, 145.913559, 128.701706, 56.063648,24.500750, 222.521362, 0.999606
5, 908,6,93.070236, 93.401787, 128.701706, 56.063648,24.500750, 222.521362, 0.996450
5, 908,7,222.521362, 222.580063, 128.701706, 56.063648,24.500750, 222.521362, 0.999736
5, 908,8,112.504471, 113.705032, 128.701706, 56.063648,24.500750, 222.521362, 0.989441
5, 908,9,195.291916, 194.073685, 128.701706, 56.063648,24.500750, 222.521362, 1.006277
5, 908,10,92.265053, 93.044571, 128.701706, 56.063648,24.500750, 222.521362, 0.991622
5, 908,11,175.658218, 175.725418, 128.701706, 56.063648,24.500750, 222.521362, 0.999618
5, 908,12,95.369797, 95.843895, 128.701706, 56.063648,24.500750, 222.521362, 0.995053
5, 908,13,139.750381, 139.743332, 128.701706, 56.063648,24.500750, 222.521362, 1.000050
5, 908,14,200.084442, 201.075241, 128.701706, 56.063648,24.500750, 222.521362, 0.995072
5, 908,15,87.448341, 88.426643, 128.701706, 56.063648,24.500750, 222.521362, 0.988937
5, 908,16,69.653648, 70.084885, 128.701706, 56.063648,24.500750, 222.521362, 0.993847
5, 908,17,24.500750, 24.568195, 128.701706, 56.063648,24.500750, 222.521362, 0.997255
5, 908,18,33.922089, 33.674133, 128.701706, 56.063648,24.500750, 222.521362, 1.007363
5, 908,19,80.101990, 79.703918, 128.701706, 56.063648,24.500750, 222.521362, 1.004994
5, 908,20,114.289352, 116.367973, 128.701706, 56.063648,24.500750, 222.521362, 0.982138
5, 908,21,106.407188, 106.781410, 128.701706, 56.063648,24.500750, 222.521362, 0.996495
5, 908,22,196.129486, 195.047913, 128.701706, 56.063648,24.500750, 222.521362, 1.005545
5, 908,23,50.497627, 52.964161, 128.701706, 56.063648,24.500750, 222.521362, 0.953430
5, 908,24,164.193939, 165.021713, 128.701706, 56.063648,24.500750, 222.521362, 0.994984
5, 908,25,77.326805, 77.567078, 128.701706, 56.063648,24.500750, 222.521362, 0.996902
5, 908,26,79.707619, 79.138863, 128.701706, 56.063648,24.500750, 222.521362, 1.007187
5, 908,27,146.682114, 145.471893, 128.701706, 56.063648,24.500750, 222.521362, 1.008319
5, 908,28,58.876568, 58.309517, 128.701706, 56.063648,24.500750, 222.521362, 1.009725
5, 908,29,181.293564, 179.999100, 128.701706, 56.063648,24.500750, 222.521362, 1.007192
5, 908,30,179.780533, 179.362595, 128.701706, 56.063648,24.500750, 222.521362, 1.002330
5, 908,31,211.738419, 210.577377, 128.701706, 56.063648,24.500750, 222.521362, 1.005514
5, 909,0,178.631073, 178.767151, 128.745193, 65.238533,15.641958, 228.694138, 0.999239
5, 909,1,228.694138, 227.878601, 128.745193, 65.238533,15.641958, 228.694138, 1.003579
5, 909,2,82.173386, 83.360611, 128.745193, 65.238533,15.641958, 228.694138, 0.985758
5, 909,3,127.519089, 125.869080, 128.745193, 65.238533,15.641958, 228.694138, 1.013109
5, 909,4,222.033203, 221.875259, 128.745193, 65.238533,15.641958, 228.694138, 1.000712
5, 909,5,15.641958, 14.736638, 128.745193, 65.238533,15.641958, 228.694138, 1.061433
5, 909,6,15.651176, 15.646234, 128.745193, 65.238533,15.641958, 228.694138, 1.000316
5, 909,7,26.033070, 27.423819, 128.745193, 65.238533,15.641958, 228.694138, 0.949287
5, 909,8,79.138626, 80.436432, 128.745193, 65.238533,15.641958, 228.694138, 0.983865
5, 909,9,34.027493, 33.588860, 128.745193, 65.238533,15.641958, 228.694138, 1.013059
5, 909,10,140.739059, 141.015533, 128.745193, 65.238533,15.641958, 228.694138, 0.998039
5, 909,11,220.574875, 221.956116, 128.745193, 65.238533,15.641958, 228.694138, 0.993777
5, 909,12,175.680679, 175.991196, 128.745193, 65.238533,15.641958, 228.694138, 0.998236
5, 909,13,29.441257, 29.808985, 128.745193, 65.238533,15.641958, 228.694138, 0.987664
5, 909,14,70.539474, 69.959229, 128.745193, 65.238533,15.641958, 228.694138, 1.008294
5, 909,15,150.549988, 149.788071, 128.745193, 65.238533,15.641958, 228.694138, 1.005087
5, 909,16,194.888519, 196.783890, 128.745193, 65.238533,15.641958, 228.694138, 0.990368
5, 909,17,177.442245, 177.271378, 128.745193, 65.238533,15.641958, 228.694138, 1.000964
5, 909,18,128.954697, 130.006042, 128.745193, 65.238533,15.641958, 228.694138, 0.991913
5, 909,19,145.137146, 144.498962, 128.745193, 65.238533,15.641958, 228.694138, 1.004417
5, 909,20,161.778442, 161.127701, 128.745193, 65.238533,15.641958, 228.694138, 1.004039
5, 909,21,123.478355, 123.578232, 128.745193, 65.238533,15.641958, 228.694138, 0.999192
5, 909,22,173.761337, 173.235458, 128.745193, 65.238533,15.641958, 228.694138, 1.003036
5, 909,23,180.600113, 180.822159, 128.745193, 65.238533,15.641958, 228.694138, 0.998772
5, 909,24,116.142754, 116.914604, 128.745193, 65.238533,15.641958, 228.694138, 0.993398
5, 909,25,141.139191, 140.011627, 128.745193, 65.238533,15.641958, 228.694138, 1.008053
5, 909,26,17.270664, 17.620396, 128.745193, 65.238533,15.641958, 228.694138, 0.980152
5, 909,27,124.398506, 123.578232, 128.745193, 65.238533,15.641958, 228.694138, 1.006638
5, 909,28,195.231766, 195.085968, 128.745193, 65.238533,15.641958, 228.694138, 1.000747
5, 909,29,104.262024, 105.514336, 128.745193, 65.238533,15.641958, 228.694138, 0.988131
5, 909,30,205.382767, 204.532303, 128.745193, 65.238533,15.641958, 228.694138, 1.004158
5, 909,31,132.909210, 132.317108, 128.745193, 65.238533,15.641958, 228.694138, 1.004475
5, 910,0,207.114792, 206.146347, 128.608749, 68.984680,13.431028, 237.870895, 1.004698
5, 910,1,118.172874, 117.995865, 128.608749, 68.984680,13.431028, 237.870895, 1.001500
5, 910,2,103.282501, 103.333710, 128.608749, 68.984680,13.431028, 237.870895, 0.999504
5, 910,3,219.438873, 217.954193, 128.608749, 68.984680,13.431028, 237.870895, 1.006812
5, 910,4,216.012863, 217.343536, 128.608749, 68.984680,13.431028, 237.870895, 0.993878
5, 910,5,198.729065, 199.486237, 128.608749, 68.984680,13.431028, 237.870895, 0.996204
5, 910,6,191.191132, 190.241638, 128.608749, 68.984680,13.431028, 237.870895, 1.004991
5, 910,7,191.176102, 190.461731, 128.608749, 68.984680,13.431028, 237.870895, 1.003751
5, 910,8,106.915993, 105.889816, 128.608749, 68.984680,13.431028, 237.870895, 1.009691
5, 910,9,63.308380, 63.678421, 128.608749, 68.984680,13.431028, 237.870895, 0.994189
5, 910,10,45.279911, 45.551304, 128.608749, 68.984680,13.431028, 237.870895, 0.994042
5, 910,11,24.801107, 25.592304, 128.608749, 68.984680,13.431028, 237.870895, 0.969085
5, 910,12,88.957451, 89.331879, 128.608749, 68.984680,13.431028, 237.870895, 0.995809
5, 910,13,192.510117, 194.998840, 128.608749, 68.984680,13.431028, 237.870895, 0.987237
5, 910,14,37.523880, 39.672237, 128.608749, 68.984680,13.431028, 237.870895, 0.945847
5, 910,15,237.870895, 237.231552, 128.608749, 68.984680,13.431028, 237.870895, 1.002695
5, 910,16,147.938217, 148.875168, 128.608749, 68.984680,13.431028, 237.870895, 0.993706
5, 910,17,151.926300, 152.787445, 128.608749, 68.984680,13.431028, 237.870895, 0.994364
5, 910,18,76.950768, 77.382042, 128.608749, 68.984680,13.431028, 237.870895, 0.994427
5, 910,19,128.081116, 127.787209, 128.608749, 68.984680,13.431028, 237.870895, 1.002300
5, 910,20,91.483215, 92.157806, 128.608749, 68.984680,13.431028, 237.870895, 0.992680
5, 910,21,39.113693, 40.779888, 128.608749, 68.984680,13.431028, 237.870895, 0.959142
5, 910,22,221.149963, 220.652298, 128.608749, 68.984680,13.431028, 237.870895, 1.002255
5, 910,23,138.882690, 136.762024, 128.608749, 68.984680,13.431028, 237.870895, 1.015506
5, 910,24,97.923401, 98.079468, 128.608749, 68.984680,13.431028, 237.870895, 0.998409
5, 910,25,64.324570, 64.892578, 128.608749, 68.984680,13.431028, 237.870895, 0.991247
5, 910,26,66.647713, 66.767059, 128.608749, 68.984680,13.431028, 237.870895, 0.998213
5, 910,27,13.431028, 12.783325, 128.608749, 68.984680,13.431028, 237.870895, 1.050668
5, 910,28,62.858974, 64.303253, 128.608749, 68.984680,13.431028, 237.870895, 0.977540
5, 910,29,193.024048, 193.230850, 128.608749, 68.984680,13.431028, 237.870895, 0.998930
5, 910,30,145.778366, 146.432648, 128.608749, 68.984680,13.431028, 237.870895, 0.995532
5, 910,31,233.680130, 232.417511, 128.608749, 68.984680,13.431028, 237.870895, 1.005433
5, 911,0,178.516022, 177.229935, 128.861008, 84.458298,14.211919, 287.880035, 1.007257
5, 911,1,222.618790, 222.722748, 128.861008, 84.458298,14.211919, 287.880035, 0.999533
5, 911,2,135.075134, 134.743301, 128.861008, 84.458298,14.211919, 287.880035, 1.002463
5, 911,3,14.211919, 13.789648, 128.861008, 84.458298,14.211919, 287.880035, 1.030622
5, 911,4,158.044373, 156.629578, 128.861008, 84.458298,14.211919, 287.880035, 1.009033
5, 911,5,186.346878, 186.904205, 128.861008, 84.458298,14.211919, 287.880035, 0.997018
5, 911,6,22.228903, 21.130495, 128.861008, 84.458298,14.211919, 287.880035, 1.051982
5, 911,7,47.701260, 48.262672, 128.861008, 84.458298,14.211919, 287.880035, 0.988368
5, 911,8,252.842270, 253.431686, 128.861008, 84.458298,14.211919, 287.880035, 0.997674
5, 911,9,58.151035, 57.264156, 128.861008, 84.458298,14.211919, 287.880035, 1.015488
5, 911,10,154.332474, 155.045593, 128.861008, 84.458298,14.211919, 287.880035, 0.995401
5, 911,11,287.880035, 287.776978, 128.861008, 84.458298,14.211919, 287.880035, 1.000358
5, 911,12,216.052383, 214.675079, 128.861008, 84.458298,14.211919, 287.880035, 1.006416
5, 911,13,90.717285, 90.280937, 128.861008, 84.458298,14.211919, 287.880035, 1.004833
5, 911,14,18.766752, 18.473484, 128.861008, 84.458298,14.211919, 287.880035, 1.015875
5, 911,15,275.759918, 276.484650, 128.861008, 84.458298,14.211919, 287.880035, 0.997379
5, 911,16,43.039391, 42.727234, 128.861008, 84.458298,14.211919, 287.880035, 1.007306
5, 911,17,50.875900, 49.029118, 128.861008, 84.458298,14.211919, 287.880035, 1.037667
5, 911,18,33.885323, 35.088326, 128.861008, 84.458298,14.211919, 287.880035, 0.965715
5, 911,19,23.339237, 23.199898, 128.861008, 84.458298,14.211919, 287.880035, 1.006006
5, 911,20,195.566895, 196.936111, 128.861008, 84.458298,14.211919, 287.880035, 0.993047
5, 911,21,26.189480, 28.241409, 128.861008, 84.458298,14.211919, 287.880035, 0.927343
5, 911,22,107.080566, 106.665840, 128.861008, 84.458298,14.211919, 287.880035, 1.003888
5, 911,23,240.686752, 241.338852, 128.861008, 84.458298,14.211919, 287.880035, 0.997298
5, 911,24,212.272888, 210.953552, 128.861008, 84.458298,14.211919, 287.880035, 1.006254
5, 911,25,171.968796, 172.460953, 128.861008, 84.458298,14.211919, 287.880035, 0.997146
5, 911,26,75.083290, 74.986076, 128.861008, 84.458298,14.211919, 287.880035, 1.001296
5, 911,27,160.412460, 160.819489, 128.861008, 84.458298,14.211919, 287.880035, 0.997469
5, 911,28,129.283463, 129.454819, 128.861008, 84.458298,14.211919, 287.880035, 0.998676
5, 911,29,29.577112, 28.403214, 128.861008, 84.458298,14.211919, 287.880035, 1.041330
5, 911,30,163.898209, 164.728363, 128.861008, 84.458298,14.211919, 287.880035, 0.994960
5, 911,31,141.147156, 141.121826, 128.861008, 84.458298,14.211919, 287.880035, 1.000180
5, 912,0,79.337418, 79.300003, 128.491257, 50.742813,52.597862, 220.735001, 1.000472
5, 912,1,70.797989, 69.856339, 128.491257, 50.742813,52.597862, 220.735001, 1.013480
5, 912,2,128.643204, 127.169144, 128.491257, 50.742813,52.597862, 220.735001, 1.011591
5, 912,3,212.160416, 212.022614, 128.491257, 50.742813,52.597862, 220.735001, 1.000650
5, 912,4,220.735001, 223.239471, 128.491257, 50.742813,52.597862, 220.735001, 0.988781
5, 912,5,90.863052, 92.197044, 128.491257, 50.742813,52.597862, 220.735001, 0.985531
5, 912,6,92.257027, 92.256813, 128.491257, 50.742813,52.597862, 220.735001, 1.000002
5, 912,7,172.603943, 171.624741, 128.491257, 50.742813,52.597862, 220.735001, 1.005705
5, 912,8,55.763741, 56.036186, 128.491257, 50.742813,52.597862, 220.735001, 0.995138
5, 912,9,148.558838, 148.606659, 128.491257, 50.742813,52.597862, 220.735001, 0.999678
5, 912,10,184.254517, 184.528427, 128.491257, 50.742813,52.597862, 220.735001, 0.998516
5, 912,11,156.194138, 156.283768, 128.491257, 50.742813,52.597862, 220.735001, 0.999426
5, 912,12,96.203156, 96.686432, 128.491257, 50.742813,52.597862, 220.735001, 0.995002
5, 912,13,100.513290, 99.296387, 128.491257, 50.742813,52.597862, 220.735001, 1.012255
5, 912,14,162.102997, 162.552979, 128.491257, 50.742813,52.597862, 220.735001, 0.997232
5, 912,15,151.867233, 152.584671, 128.491257, 50.742813,52.597862, 220.735001, 0.995298
5, 912,16,97.644974, 96.102013, 128.491257, 50.742813,52.597862, 220.735001, 1.016055
5, 912,17,144.740616, 145.033737, 128.491257, 50.742813,52.597862, 220.735001, 0.997979
5, 912,18,84.231216, 84.240982, 128.491257, 50.742813,52.597862, 220.735001, 0.999884
5, 912,19,73.143295, 73.568726, 128.491257, 50.742813,52.597862, 220.735001, 0.994217
5, 912,20,161.089600, 163.509308, 128.491257, 50.742813,52.597862, 220.735001, 0.985201
5, 912,21,86.419151, 86.611870, 128.491257, 50.742813,52.597862, 220.735001, 0.997775
5, 912,22,52.597862, 52.954712, 128.491257, 50.742813,52.597862, 220.735001, 0.993261
5, 912,23,112.867378, 112.525482, 128.491257, 50.742813,52.597862, 220.735001, 1.003038
5, 912,24,56.851501, 58.759045, 128.491257, 50.742813,52.597862, 220.735001, 0.967536
5, 912,25,166.573166, 169.380035, 128.491257, 50.742813,52.597862, 220.735001, 0.983429
5, 912,26,213.712723, 213.888779, 128.491257, 50.742813,52.597862, 220.735001, 0.999177
5, 912,27,127.780525, 128.078979, 128.491257, 50.742813,52.597862, 220.735001, 0.997670
5, 912,28,83.617012, 84.964874, 128.491257, 50.742813,52.597862, 220.735001, 0.984136
5, 912,29,174.197876, 173.530746, 128.491257, 50.742813,52.597862, 220.735001, 1.003844
5, 912,30,137.014297, 137.190582, 128.491257, 50.742813,52.597862, 220.735001, 0.998715
5, 912,31,216.382782, 216.419052, 128.491257, 50.742813,52.597862, 220.735001, 0.999832
5, 913,0,182.387115, 182.287308, 128.818100, 69.908279,12.737761, 245.284668, 1.000548
5, 913,1,52.124287, 54.182663, 128.818100, 69.908279,12.737761, 245.284668, 0.962010
5, 913,2,111.286057, 109.614159, 128.818100, 69.908279,12.737761, 245.284668, 1.015253
5, 913,3,186.937607, 187.581329, 128.818100, 69.908279,12.737761, 245.284668, 0.996568
5, 913,4,80.724586, 79.232414, 128.818100, 69.908279,12.737761, 245.284668, 1.018833
5, 913,5,65.733215, 65.917610, 128.818100, 69.908279,12.737761, 245.284668, 0.997203
5, 913,6,134.526154, 134.975327, 128.818100, 69.908279,12.737761, 245.284668, 0.996672
5, 913,7,185.253723, 184.960907, 128.818100, 69.908279,12.737761, 245.284668, 1.001583
5, 913,8,95.156281, 96.625961, 128.818100, 69.908279,12.737761, 245.284668, 0.984790
5, 913,9,41.588272, 42.045151, 128.818100, 69.908279,12.737761, 245.284668, 0.989134
5, 913,10,199.002014, 199.999863, 128.818100, 69.908279,12.737761, 245.284668, 0.995011
5, 913,11,24.014877, 23.854078, 128.818100, 69.908279,12.737761, 245.284668, 1.006741
5, 913,12,188.120605, 186.920532, 128.818100, 69.908279,12.737761, 245.284668, 1.006420
5, 913,13,81.792038, 81.533821, 128.818100, 69.908279,12.737761, 245.284668, 1.003167
5, 913,14,14.416308, 14.147109, 128.818100, 69.908279,12.737761, 245.284668, 1.019029
5, 913,15,184.566696, 183.175980, 128.818100, 69.908279,12.737761, 245.284668, 1.007592
5, 913,16,216.959976, 215.790771, 128.818100, 69.908279,12.737761, 245.284668, 1.005418
5, 913,17,40.673740, 40.199459, 128.818100, 69.908279,12.737761, 245.284668, 1.011798
5, 913,18,34.678185, 33.978798, 128.818100, 69.908279,12.737761, 245.284668, 1.020583
5, 913,19,92.159889, 92.577599, 128.818100, 69.908279,12.737761, 245.284668, 0.995488
5, 913,20,117.828423, 118.629951, 128.818100, 69.908279,12.737761, 245.284668, 0.993243
5, 913,21,88.106888, 87.625366, 128.818100, 69.908279,12.737761, 245.284668, 1.005495
5, 913,22,197.004913, 196.566727, 128.818100, 69.908279,12.737761, 245.284668, 1.002229
5, 913,23,220.419434, 220.932892, 128.818100, 69.908279,12.737761, 245.284668, 0.997676
5, 913,24,12.737761, 12.916648, 128.818100, 69.908279,12.737761, 245.284668, 0.986151
5, 913,25,153.545776, 152.482803, 128.818100, 69.908279,12.737761, 245.284668, 1.006971
5, 913,26,245.284668, 245.990234, 128.818100, 69.908279,12.737761, 245.284668, 0.997132
5, 913,27,132.921692, 132.514404, 128.818100, 69.908279,12.737761, 245.284668, 1.003074
5, 913,28,210.913223, 211.841141, 128.818100, 69.908279,12.737761, 245.284668, 0.995620
5, 913,29,161.219788, 161.559357, 128.818100, 69.908279,12.737761, 245.284668, 0.997898
5, 913,30,167.213562, 167.210358, 128.818100, 69.908279,12.737761, 245.284668, 1.000019
5, 913,31,202.881790, 203.129181, 128.818100, 69.908279,12.737761, 245.284668, 0.998782
5, 914,0,188.193909, 188.443069, 128.682358, 57.524990,12.079687, 217.581238, 0.998678
5, 914,1,102.031410, 102.853996, 128.682358, 57.524990,12.079687, 217.581238, 0.992002
5, 914,2,99.196747, 100.159584, 128.682358, 57.524990,12.079687, 217.581238, 0.990387
5, 914,3,112.784256, 113.718117, 128.682358, 57.524990,12.079687, 217.581238, 0.991788
5, 914,4,86.960228, 86.348244, 128.682358, 57.524990,12.079687, 217.581238, 1.007087
5, 914,5,149.458603, 148.446045, 128.682358, 57.524990,12.079687, 217.581238, 1.006821
5, 914,6,71.286232, 71.425880, 128.682358, 57.524990,12.079687, 217.581238, 0.998045
5, 914,7,152.588364, 153.828232, 128.682358, 57.524990,12.079687, 217.581238, 0.991940
5, 914,8,141.497635, 142.159103, 128.682358, 57.524990,12.079687, 217.581238, 0.995347
5, 914,9,211.391846, 210.876526, 128.682358, 57.524990,12.079687, 217.581238, 1.002444
5, 914,10,189.885635, 189.653885, 128.682358, 57.524990,12.079687, 217.581238, 1.001222
5, 914,11,39.351238, 39.485481, 128.682358, 57.524990,12.079687, 217.581238, 0.996600
5, 914,12,217.581238, 217.642487, 128.682358, 57.524990,12.079687, 217.581238, 0.999719
5, 914,13,83.127213, 80.719917, 128.682358, 57.524990,12.079687, 217.581238, 1.029823
5, 914,14,12.079687, 12.355113, 128.682358, 57.524990,12.079687, 217.581238, 0.977708
5, 914,15,61.531284, 59.350933, 128.682358, 57.524990,12.079687, 217.581238, 1.036737
5, 914,16,56.371563, 56.177517, 128.682358, 57.524990,12.079687, 217.581238, 1.003454
5, 914,17,116.797043, 116.658684, 128.682358, 57.524990,12.079687, 217.581238, 1.001186
5, 914,18,23.458065, 24.097416, 128.682358, 57.524990,12.079687, 217.581238, 0.973468
5, 914,19,71.891106, 72.922775, 128.682358, 57.524990,12.079687, 217.581238, 0.985853
5, 914,20,172.096222, 172.649170, 128.682358, 57.524990,12.079687, 217.581238, 0.996797
5, 914,21,128.025192, 128.966476, 128.682358, 57.524990,12.079687, 217.581238, 0.992701
5, 914,22,107.726997, 108.216202, 128.682358, 57.524990,12.079687, 217.581238, 0.995479
5, 914,23,198.253128, 198.688461, 128.682358, 57.524990,12.079687, 217.581238, 0.997809
5, 914,24,142.721039, 143.117111, 128.682358, 57.524990,12.079687, 217.581238, 0.997233
5, 914,25,177.851715, 177.805145, 128.682358, 57.524990,12.079687, 217.581238, 1.000262
5, 914,26,121.847847, 122.260391, 128.682358, 57.524990,12.079687, 217.581238, 0.996626
5, 914,27,204.946976, 205.002029, 128.682358, 57.524990,12.079687, 217.581238, 0.999731
5, 914,28,133.843002, 132.552368, 128.682358, 57.524990,12.079687, 217.581238, 1.009737
5, 914,29,159.304169, 159.243652, 128.682358, 57.524990,12.079687, 217.581238, 1.000380
5, 914,30,185.000153, 186.067993, 128.682358, 57.524990,12.079687, 217.581238, 0.994261
5, 914,31,198.755386, 199.107590, 128.682358, 57.524990,12.079687, 217.581238, 0.998231
5, 915,0,53.086117, 54.130058, 128.503433, 65.589722,17.688650, 221.424927, 0.980714
5, 915,1,177.578873, 175.980621, 128.503433, 65.589722,17.688650, 221.424927, 1.009082
5, 915,2,145.416733, 144.856323, 128.503433, 65.589722,17.688650, 221.424927, 1.003869
5, 915,3,85.565742, 87.319504, 128.503433, 65.589722,17.688650, 221.424927, 0.979916
5, 915,4,17.688650, 17.064285, 128.503433, 65.589722,17.688650, 221.424927, 1.036589
5, 915,5,88.802002, 86.724686, 128.503433, 65.589722,17.688650, 221.424927, 1.023953
5, 915,6,172.101349, 172.598846, 128.503433, 65.589722,17.688650, 221.424927, 0.997118
5, 915,7,183.464493, 182.182755, 128.503433, 65.589722,17.688650, 221.424927, 1.007035
5, 915,8,167.580536, 166.991531, 128.503433, 65.589722,17.688650, 221.424927, 1.003527
5, 915,9,25.807280, 25.959803, 128.503433, 65.589722,17.688650, 221.424927, 0.994125
5, 915,10,22.856419, 23.259735, 128.503433, 65.589722,17.688650, 221.424927, 0.982660
5, 915,11,214.786545, 214.055573, 128.503433, 65.589722,17.688650, 221.424927, 1.003415
5, 915,12,76.427559, 78.103172, 128.503433, 65.589722,17.688650, 221.424927, 0.978546
5, 915,13,54.065357, 55.566975, 128.503433, 65.589722,17.688650, 221.424927, 0.972976
5, 915,14,201.936600, 201.203522, 128.503433, 65.589722,17.688650, 221.424927, 1.003644
5, 915,15,212.657043, 213.206772, 128.503433, 65.589722,17.688650, 221.424927, 0.997422
5, 915,16,176.249359, 175.973938, 128.503433, 65.589722,17.688650, 221.424927, 1.001565
5, 915,17,85.814445, 87.185837, 128.503433, 65.589722,17.688650, 221.424927, 0.984270
5, 915,18,143.170105, 143.947388, 128.503433, 65.589722,17.688650, 221.424927, 0.994600
5, 915,19,78.866379, 79.246025, 128.503433, 65.589722,17.688650, 221.424927, 0.995209
5, 915,20,102.621010, 102.771362, 128.503433, 65.589722,17.688650, 221.424927, 0.998537
5, 915,21,212.132492, 214.897675, 128.503433, 65.589722,17.688650, 221.424927, 0.987133
5, 915,22,209.078217, 207.967041, 128.503433, 65.589722,17.688650, 221.424927, 1.005343
5, 915,23,221.424927, 221.106491, 128.503433, 65.589722,17.688650, 221.424927, 1.001440
5, 915,24,219.566422, 219.074753, 128.503433, 65.589722,17.688650, 221.424927, 1.002244
5, 915,25,178.867661, 179.201981, 128.503433, 65.589722,17.688650, 221.424927, 0.998134
5, 915,26,128.432037, 128.642548, 128.503433, 65.589722,17.688650, 221.424927, 0.998364
5, 915,27,70.735603, 72.582748, 128.503433, 65.589722,17.688650, 221.424927, 0.974551
5, 915,28,62.095284, 62.330505, 128.503433, 65.589722,17.688650, 221.424927, 0.996226
5, 915,29,76.350258, 76.967010, 128.503433, 65.589722,17.688650, 221.424927, 0.991987
5, 915,30,91.557228, 93.267662, 128.503433, 65.589722,17.688650, 221.424927, 0.981661
5, 915,31,155.327225, 156.632355, 128.503433, 65.589722,17.688650, 221.424927, 0.991668
5, 916,0,194.006363, 195.107010, 129.160156, 75.505814,14.402268, 243.231186, 0.994359
5, 916,1,181.297073, 180.494476, 129.160156, 75.505814,14.402268, 243.231186, 1.004447
5, 916,2,181.409622, 182.524002, 129.160156, 75.505814,14.402268, 243.231186, 0.993895
5, 916,3,135.127518, 136.747101, 129.160156, 75.505814,14.402268, 243.231186, 0.988156
5, 916,4,25.840441, 26.424055, 129.160156, 75.505814,14.402268, 243.231186, 0.977913
5, 916,5,108.117867, 106.853073, 129.160156, 75.505814,14.402268, 243.231186, 1.011837
5, 916,6,26.365124, 26.296270, 129.160156, 75.505814,14.402268, 243.231186, 1.002618
5, 916,7,205.119110, 203.758759, 129.160156, 75.505814,14.402268, 243.231186, 1.006676
5, 916,8,211.498489, 211.200317, 129.160156, 75.505814,14.402268, 243.231186, 1.001412
5, 916,9,115.722321, 113.978928, 129.160156, 75.505814,14.402268, 243.231186, 1.015296
5, 916,10,61.743187, 60.595112, 129.160156, 75.505814,14.402268, 243.231186, 1.018947
5, 916,11,133.836960, 132.455048, 129.160156, 75.505814,14.402268, 243.231186, 1.010433
5, 916,12,226.643982, 226.827591, 129.160156, 75.505814,14.402268, 243.231186, 0.999191
5, 916,13,233.440231, 233.254410, 129.160156, 75.505814,14.402268, 243.231186, 1.000797
5, 916,14,243.231186, 243.860519, 129.160156, 75.505814,14.402268, 243.231186, 0.997419
5, 916,15,14.402268, 13.074343, 129.160156, 75.505814,14.402268, 243.231186, 1.101567
5, 916,16,29.878990, 29.340548, 129.160156, 75.505814,14.402268, 243.231186, 1.018351
5, 916,17,40.536488, 39.638466, 129.160156, 75.505814,14.402268, 243.231186, 1.022655
5, 916,18,198.959091, 196.941086, 129.160156, 75.505814,14.402268, 243.231186, 1.010247
5, 916,19,157.764343, 157.606033, 129.160156, 75.505814,14.402268, 243.231186, 1.001004
5, 916,20,51.789486, 50.545242, 129.160156, 75.505814,14.402268, 243.231186, 1.024616
5, 916,21,168.948563, 168.843536, 129.160156, 75.505814,14.402268, 243.231186, 1.000622
5, 916,22,225.466721, 224.264389, 129.160156, 75.505814,14.402268, 243.231186, 1.005361
5, 916,23,39.808510, 37.774315, 129.160156, 75.505814,14.402268, 243.231186, 1.053851
5, 916,24,105.717392, 104.575500, 129.160156, 75.505814,14.402268, 243.231186, 1.010919
5, 916,25,209.177765, 209.727020, 129.160156, 75.505814,14.402268, 243.231186, 0.997381
5, 916,26,155.430832, 155.178131, 129.160156, 75.505814,14.402268, 243.231186, 1.001628
5, 916,27,66.747459, 67.548088, 129.160156, 75.505814,14.402268, 243.231186, 0.988147
5, 916,28,104.598099, 105.672943, 129.160156, 75.505814,14.402268, 243.231186, 0.989829
5, 916,29,30.704462, 29.986986, 129.160156, 75.505814,14.402268, 243.231186, 1.023926
5, 916,30,200.414398, 200.504013, 129.160156, 75.505814,14.402268, 243.231186, 0.999553
5, 916,31,49.380737, 49.402699, 129.160156, 75.505814,14.402268, 243.231186, 0.999555
5, 917,0,184.363510, 184.948364, 128.878036, 65.429955,14.636472, 229.936462, 0.996838
5, 917,1,127.896332, 127.817513, 128.878036, 65.429955,14.636472, 229.936462, 1.000617
5, 917,2,14.636472, 13.888950, 128.878036, 65.429955,14.636472, 229.936462, 1.053821
5, 917,3,46.439571, 45.816414, 128.878036, 65.429955,14.636472, 229.936462, 1.013601
5, 917,4,32.384418, 32.769394, 128.878036, 65.429955,14.636472, 229.936462, 0.988252
5, 917,5,25.796423, 25.059483, 128.878036, 65.429955,14.636472, 229.936462, 1.029408
5, 917,6,142.507889, 141.653198, 128.878036, 65.429955,14.636472, 229.936462, 1.006034
5, 917,7,208.659790, 209.757416, 128.878036, 65.429955,14.636472, 229.936462, 0.994767
5, 917,8,110.270500, 110.133659, 128.878036, 65.429955,14.636472, 229.936462, 1.001243
5, 917,9,141.299728, 141.360855, 128.878036, 65.429955,14.636472, 229.936462, 0.999568
5, 917,10,155.677841, 154.278702, 128.878036, 65.429955,14.636472, 229.936462, 1.009069
5, 917,11,213.499313, 213.789139, 128.878036, 65.429955,14.636472, 229.936462, 0.998644
5, 917,12,157.239090, 157.208984, 128.878036, 65.429955,14.636472, 229.936462, 1.000191
5, 917,13,160.398819, 158.983505, 128.878036, 65.429955,14.636472, 229.936462, 1.008902
5, 917,14,175.134888, 175.334778, 128.878036, 65.429955,14.636472, 229.936462, 0.998860
5, 917,15,59.704578, 59.801678, 128.878036, 65.429955,14.636472, 229.936462, 0.998376
5, 917,16,53.602486, 53.125191, 128.878036, 65.429955,14.636472, 229.936462, 1.008984
5, 917,17,229.936462, 229.127380, 128.878036, 65.429955,14.636472, 229.936462, 1.003531
5, 917,18,50.900623, 51.139923, 128.878036, 65.429955,14.636472, 229.936462, 0.995321
5, 917,19,88.939445, 88.860023, 128.878036, 65.429955,14.636472, 229.936462, 1.000894
5, 917,20,137.057877, 137.179535, 128.878036, 65.429955,14.636472, 229.936462, 0.999113
5, 917,21,36.591591, 36.332001, 128.878036, 65.429955,14.636472, 229.936462, 1.007145
5, 917,22,68.877991, 68.952950, 128.878036, 65.429955,14.636472, 229.936462, 0.998913
5, 917,23,190.556305, 191.162521, 128.878036, 65.429955,14.636472, 229.936462, 0.996829
5, 917,24,153.772202, 153.646393, 128.878036, 65.429955,14.636472, 229.936462, 1.000819
5, 917,25,208.774185, 209.505859, 128.878036, 65.429955,14.636472, 229.936462, 0.996508
5, 917,26,205.171463, 204.923416, 128.878036, 65.429955,14.636472, 229.936462, 1.001210
5, 917,27,84.552216, 85.086655, 128.878036, 65.429955,14.636472, 229.936462, 0.993719
5, 917,28,113.264351, 113.363121, 128.878036, 65.429955,14.636472, 229.936462, 0.999129
5, 917,29,210.320755, 210.634476, 128.878036, 65.429955,14.636472, 229.936462, 0.998511
5, 917,30,136.806656, 136.472473, 128.878036, 65.429955,14.636472, 229.936462, 1.002449
5, 917,31,199.063049, 198.886032, 128.878036, 65.429955,14.636472, 229.936462, 1.000890
5, 918,0,15.169187, 15.522818, 128.647034, 68.464783,14.769228, 218.321091, 0.977219
5, 918,1,85.389839, 85.228661, 128.647034, 68.464783,14.769228, 218.321091, 1.001891
5, 918,2,131.481888, 133.421814, 128.647034, 68.464783,14.769228, 218.321091, 0.985460
5, 918,3,122.224358, 122.744370, 128.647034, 68.464783,14.769228, 218.321091, 0.995763
5, 918,4,159.702957, 159.457947, 128.647034, 68.464783,14.769228, 218.321091, 1.001536
5, 918,5,217.991974, 216.546799, 128.647034, 68.464783,14.769228, 218.321091, 1.006674
5, 918,6,184.871246, 184.770874, 128.647034, 68.464783,14.769228, 218.321091, 1.000543
5, 918,7,199.082169, 200.247894, 128.647034, 68.464783,14.769228, 218.321091, 0.994179
5, 918,8,131.457428, 131.541428, 128.647034, 68.464783,14.769228, 218.321091, 0.999361
5, 918,9,218.321091, 220.471924, 128.647034, 68.464783,14.769228, 218.321091, 0.990244
5, 918,10,102.551376, 103.138374, 128.647034, 68.464783,14.769228, 218.321091, 0.994309
5, 918,11,74.339409, 74.413147, 128.647034, 68.464783,14.769228, 218.321091, 0.999009
5, 918,12,130.201370, 130.384277, 128.647034, 68.464783,14.769228, 218.321091, 0.998597
5, 918,13,14.769228, 15.503093, 128.647034, 68.464783,14.769228, 218.321091, 0.952663
5, 918,14,204.578766, 205.961395, 128.647034, 68.464783,14.769228, 218.321091, 0.993287
5, 918,15,190.110809, 190.057007, 128.647034, 68.464783,14.769228, 218.321091, 1.000283
5, 918,16,124.477928, 123.973854, 128.647034, 68.464783,14.769228, 218.321091, 1.004066
5, 918,17,207.455063, 206.941040, 128.647034, 68.464783,14.769228, 218.321091, 1.002484
5, 918,18,57.408836, 58.022213, 128.647034, 68.464783,14.769228, 218.321091, 0.989429
5, 918,19,187.556061, 188.301529, 128.647034, 68.464783,14.769228, 218.321091, 0.996041
5, 918,20,42.644650, 42.413677, 128.647034, 68.464783,14.769228, 218.321091, 1.005446
5, 918,21,26.690901, 27.508646, 128.647034, 68.464783,14.769228, 218.321091, 0.970273
5, 918,22,44.924538, 44.603081, 128.647034, 68.464783,14.769228, 218.321091, 1.007207
5, 918,23,31.818279, 31.032730, 128.647034, 68.464783,14.769228, 218.321091, 1.025314
5, 918,24,202.898163, 201.687790, 128.647034, 68.464783,14.769228, 218.321091, 1.006001
5, 918,25,186.840546, 186.388260, 128.647034, 68.464783,14.769228, 218.321091, 1.002427
5, 918,26,67.978828, 68.522141, 128.647034, 68.464783,14.769228, 218.321091, 0.992071
5, 918,27,59.263699, 58.699413, 128.647034, 68.464783,14.769228, 218.321091, 1.009613
5, 918,28,187.029175, 187.775543, 128.647034, 68.464783,14.769228, 218.321091, 0.996025
5, 918,29,212.029907, 211.484207, 128.647034, 68.464783,14.769228, 218.321091, 1.002580
5, 918,30,117.586639, 117.616043, 128.647034, 68.464783,14.769228, 218.321091, 0.999750
5, 918,31,177.858810, 176.618134, 128.647034, 68.464783,14.769228, 218.321091, 1.007025
5, 919,0,148.819962, 147.995239, 128.706909, 61.040268,13.245143, 223.588181, 1.005573
5, 919,1,13.245143, 13.611196, 128.706909, 61.040268,13.245143, 223.588181, 0.973107
5, 919,2,15.691151, 16.669514, 128.706909, 61.040268,13.245143, 223.588181, 0.941308
5, 919,3,208.632614, 208.398788, 128.706909, 61.040268,13.245143, 223.588181, 1.001122
5, 919,4,79.695641, 79.354546, 128.706909, 61.040268,13.245143, 223.588181, 1.004298
5, 919,5,223.588181, 223.963333, 128.706909, 61.040268,13.245143, 223.588181, 0.998325
5, 919,6,97.106354, 96.591713, 128.706909, 61.040268,13.245143, 223.588181, 1.005328
5, 919,7,20.339178, 20.084753, 128.706909, 61.040268,13.245143, 223.588181, 1.012668
5, 919,8,128.327240, 128.469604, 128.706909, 61.040268,13.245143, 223.588181, 0.998892
5, 919,9,185.366119, 185.877808, 128.706909, 61.040268,13.245143, 223.588181, 0.997247
5, 919,10,68.683655, 69.829666, 128.706909, 61.040268,13.245143, 223.588181, 0.983588
5, 919,11,192.204453, 192.456345, 128.706909, 61.040268,13.245143, 223.588181, 0.998691
5, 919,12,98.304726, 98.789207, 128.706909, 61.040268,13.245143, 223.588181, 0.995096
5, 919,13,191.256714, 190.846710, 128.706909, 61.040268,13.245143, 223.588181, 1.002148
5, 919,14,70.806511, 71.103378, 128.706909, 61.040268,13.245143, 223.588181, 0.995825
5, 919,15,161.008011, 160.207535, 128.706909, 61.040268,13.245143, 223.588181, 1.004997
5, 919,16,220.364685, 220.331146, 128.706909, 61.040268,13.245143, 223.588181, 1.000152
5, 919,17,162.192963, 162.538010, 128.706909, 61.040268,13.245143, 223.588181, 0.997877
5, 919,18,207.687759, 208.188828, 128.706909, 61.040268,13.245143, 223.588181, 0.997593
5, 919,19,78.621529, 78.500740, 128.706909, 61.040268,13.245143, 223.588181, 1.001539
5, 919,20,82.088501, 82.839775, 128.706909, 61.040268,13.245143, 223.588181, 0.990931
5, 919,21,134.937958, 134.117340, 128.706909, 61.040268,13.245143, 223.588181, 1.006119
5, 919,22,190.581573, 190.398804, 128.706909, 61.040268,13.245143, 223.588181, 1.000960
5, 919,23,130.706757, 131.513916, 128.706909, 61.040268,13.245143, 223.588181, 0.993863
5, 919,24,165.923843, 165.407379, 128.706909, 61.040268,13.245143, 223.588181, 1.003122
5, 919,25,45.760937, 45.321129, 128.706909, 61.040268,13.245143, 223.588181, 1.009704
5, 919,26,81.181190, 80.873207, 128.706909, 61.040268,13.245143, 223.588181, 1.003808
5, 919,27,138.490128, 138.897293, 128.706909, 61.040268,13.245143, 223.588181, 0.997069
5, 919,28,179.414383, 179.229294, 128.706909, 61.040268,13.245143, 223.588181, 1.001033
5, 919,29,155.529572, 156.183426, 128.706909, 61.040268,13.245143, 223.588181, 0.995814
5, 919,30,116.523827, 115.879410, 128.706909, 61.040268,13.245143, 223.588181, 1.005561
5, 919,31,125.540260, 126.531036, 128.706909, 61.040268,13.245143, 223.588181, 0.992170
5, 920,0,23.796392, 24.062513, 128.697556, 87.072762,16.171169, 289.107269, 0.988940
5, 920,1,58.654491, 59.415688, 128.697556, 87.072762,16.171169, 289.107269, 0.987189
5, 920,2,213.119965, 212.064392, 128.697556, 87.072762,16.171169, 289.107269, 1.004978
5, 920,3,147.583618, 147.772369, 128.697556, 87.072762,16.171169, 289.107269, 0.998723
5, 920,4,94.050880, 94.803864, 128.697556, 87.072762,16.171169, 289.107269, 0.992057
5, 920,5,49.399258, 49.632309, 128.697556, 87.072762,16.171169, 289.107269, 0.995304
5, 920,6,38.643703, 37.818748, 128.697556, 87.072762,16.171169, 289.107269, 1.021813
5, 920,7,69.014191, 69.864128, 128.697556, 87.072762,16.171169, 289.107269, 0.987834
5, 920,8,29.540829, 29.733023, 128.697556, 87.072762,16.171169, 289.107269, 0.993536
5, 920,9,276.851166, 274.868805, 128.697556, 87.072762,16.171169, 289.107269, 1.007212
5, 920,10,149.956772, 150.817642, 128.697556, 87.072762,16.171169, 289.107269, 0.994292
5, 920,11,175.448441, 176.798737, 128.697556, 87.072762,16.171169, 289.107269, 0.992362
5, 920,12,257.238373, 257.997253, 128.697556, 87.072762,16.171169, 289.107269, 0.997059
5, 920,13,25.354515, 24.605061, 128.697556, 87.072762,16.171169, 289.107269, 1.030459
5, 920,14,233.517395, 234.728928, 128.697556, 87.072762,16.171169, 289.107269, 0.994839
5, 920,15,16.171169, 15.294226, 128.697556, 87.072762,16.171169, 289.107269, 1.057338
5, 920,16,181.985916, 181.042862, 128.697556, 87.072762,16.171169, 289.107269, 1.005209
5, 920,17,230.246262, 231.097351, 128.697556, 87.072762,16.171169, 289.107269, 0.996317
5, 920,18,226.579758, 226.581955, 128.697556, 87.072762,16.171169, 289.107269, 0.999990
5, 920,19,33.258934, 32.113235, 128.697556, 87.072762,16.171169, 289.107269, 1.035677
5, 920,20,123.029671, 122.692619, 128.697556, 87.072762,16.171169, 289.107269, 1.002747
5, 920,21,235.092575, 235.499008, 128.697556, 87.072762,16.171169, 289.107269, 0.998274
5, 920,22,161.687592, 161.318588, 128.697556, 87.072762,16.171169, 289.107269, 1.002287
5, 920,23,68.183350, 68.744026, 128.697556, 87.072762,16.171169, 289.107269, 0.991844
5, 920,24,289.107269, 289.202576, 128.697556, 87.072762,16.171169, 289.107269, 0.999670
5, 920,25,82.966057, 83.445343, 128.697556, 87.072762,16.171169, 289.107269, 0.994256
5, 920,26,59.429726, 59.599453, 128.697556, 87.072762,16.171169, 289.107269, 0.997152
5, 920,27,21.329996, 20.815971, 128.697556, 87.072762,16.171169, 289.107269, 1.024694
5, 920,28,117.974724, 117.354637, 128.697556, 87.072762,16.171169, 289.107269, 1.005284
5, 920,29,221.633850, 222.460327, 128.697556, 87.072762,16.171169, 289.107269, 0.996285
5, 920,30,154.313583, 154.335464, 128.697556, 87.072762,16.171169, 289.107269, 0.999858
5, 920,31,53.161617, 54.418987, 128.697556, 87.072762,16.171169, 289.107269, 0.976895
5, 921,0,82.873970, 83.049553, 128.943863, 65.801041,9.321198, 236.227386, 0.997886
5, 921,1,67.768013, 67.659317, 128.943863, 65.801041,9.321198, 236.227386, 1.001606
5, 921,2,145.555618, 145.771637, 128.943863, 65.801041,9.321198, 236.227386, 0.998518
5, 921,3,174.892807, 174.179398, 128.943863, 65.801041,9.321198, 236.227386, 1.004096
5, 921,4,236.227386, 233.886902, 128.943863, 65.801041,9.321198, 236.227386, 1.010007
5, 921,5,9.321198, 10.778888, 128.943863, 65.801041,9.321198, 236.227386, 0.864764
5, 921,6,228.833008, 230.381897, 128.943863, 65.801041,9.321198, 236.227386, 0.993277
5, 921,7,186.381012, 184.413116, 128.943863, 65.801041,9.321198, 236.227386, 1.010671
5, 921,8,102.136696, 101.915939, 128.943863, 65.801041,9.321198, 236.227386, 1.002166
5, 921,9,55.887276, 55.528866, 128.943863, 65.801041,9.321198, 236.227386, 1.006454
5, 921,10,41.690475, 42.316624, 128.943863, 65.801041,9.321198, 236.227386, 0.985203
5, 921,11,213.563400, 214.515686, 128.943863, 65.801041,9.321198, 236.227386, 0.995561
5, 921,12,155.829880, 155.846695, 128.943863, 65.801041,9.321198, 236.227386, 0.999892
5, 921,13,54.777508, 54.151386, 128.943863, 65.801041,9.321198, 236.227386, 1.011562
5, 921,14,150.657059, 149.096329, 128.943863, 65.801041,9.321198, 236.227386, 1.010468
5, 921,15,199.985413, 197.769608, 128.943863, 65.801041,9.321198, 236.227386, 1.011204
5, 921,16,60.644943, 60.057949, 128.943863, 65.801041,9.321198, 236.227386, 1.009774
5, 921,17,139.020920, 139.396286, 128.943863, 65.801041,9.321198, 236.227386, 0.997307
5, 921,18,57.180202, 57.065002, 128.943863, 65.801041,9.321198, 236.227386, 1.002019
5, 921,19,130.406601, 129.076050, 128.943863, 65.801041,9.321198, 236.227386, 1.010308
5, 921,20,151.611664, 152.594116, 128.943863, 65.801041,9.321198, 236.227386, 0.993562
5, 921,21,103.105377, 101.317360, 128.943863, 65.801041,9.321198, 236.227386, 1.017648
5, 921,22,229.359207, 228.614990, 128.943863, 65.801041,9.321198, 236.227386, 1.003255
5, 921,23,186.795029, 186.966141, 128.943863, 65.801041,9.321198, 236.227386, 0.999085
5, 921,24,45.558697, 45.237450, 128.943863, 65.801041,9.321198, 236.227386, 1.007101
5, 921,25,71.008377, 71.690781, 128.943863, 65.801041,9.321198, 236.227386, 0.990481
5, 921,26,176.810242, 176.703568, 128.943863, 65.801041,9.321198, 236.227386, 1.000604
5, 921,27,98.129646, 99.067230, 128.943863, 65.801041,9.321198, 236.227386, 0.990536
5, 921,28,202.481171, 202.103958, 128.943863, 65.801041,9.321198, 236.227386, 1.001866
5, 921,29,71.669243, 71.575386, 128.943863, 65.801041,9.321198, 236.227386, 1.001311
5, 921,30,206.361053, 206.099365, 128.943863, 65.801041,9.321198, 236.227386, 1.001270
5, 921,31,89.680870, 92.172638, 128.943863, 65.801041,9.321198, 236.227386, 0.972966
5, 922,0,203.110214, 201.899277, 128.616119, 86.089470,10.848536, 268.418610, 1.005998
5, 922,1,124.243904, 124.887642, 128.616119, 86.089470,10.848536, 268.418610, 0.994845
5, 922,2,81.717934, 80.898193, 128.616119, 86.089470,10.848536, 268.418610, 1.010133
5, 922,3,236.608292, 237.296234, 128.616119, 86.089470,10.848536, 268.418610, 0.997101
5, 922,4,124.927620, 124.951828, 128.616119, 86.089470,10.848536, 268.418610, 0.999806
5, 922,5,73.646317, 72.674736, 128.616119, 86.089470,10.848536, 268.418610, 1.013369
5, 922,6,10.848536, 10.954722, 128.616119, 86.089470,10.848536, 268.418610, 0.990307
5, 922,7,148.089157, 147.648560, 128.616119, 86.089470,10.848536, 268.418610, 1.002984
5, 922,8,22.744720, 23.542622, 128.616119, 86.089470,10.848536, 268.418610, 0.966108
5, 922,9,36.582428, 36.379227, 128.616119, 86.089470,10.848536, 268.418610, 1.005586
5, 922,10,237.575653, 238.210815, 128.616119, 86.089470,10.848536, 268.418610, 0.997334
5, 922,11,244.091202, 243.008514, 128.616119, 86.089470,10.848536, 268.418610, 1.004455
5, 922,12,55.161655, 56.139580, 128.616119, 86.089470,10.848536, 268.418610, 0.982580
5, 922,13,232.409698, 233.918579, 128.616119, 86.089470,10.848536, 268.418610, 0.993550
5, 922,14,263.814392, 263.563141, 128.616119, 86.089470,10.848536, 268.418610, 1.000953
5, 922,15,111.262054, 110.663078, 128.616119, 86.089470,10.848536, 268.418610, 1.005413
5, 922,16,224.295517, 224.042419, 128.616119, 86.089470,10.848536, 268.418610, 1.001130
5, 922,17,33.732590, 34.052597, 128.616119, 86.089470,10.848536, 268.418610, 0.990603
5, 922,18,49.953583, 50.748207, 128.616119, 86.089470,10.848536, 268.418610, 0.984342
5, 922,19,259.660187, 260.097229, 128.616119, 86.089470,10.848536, 268.418610, 0.998320
5, 922,20,30.386734, 31.509342, 128.616119, 86.089470,10.848536, 268.418610, 0.964372
5, 922,21,61.631088, 60.479961, 128.616119, 86.089470,10.848536, 268.418610, 1.019033
5, 922,22,188.068558, 187.787018, 128.616119, 86.089470,10.848536, 268.418610, 1.001499
5, 922,23,91.478889, 93.935371, 128.616119, 86.089470,10.848536, 268.418610, 0.973849
5, 922,24,268.418610, 268.031891, 128.616119, 86.089470,10.848536, 268.418610, 1.001443
5, 922,25,31.388197, 32.608475, 128.616119, 86.089470,10.848536, 268.418610, 0.962578
5, 922,26,116.773796, 116.399437, 128.616119, 86.089470,10.848536, 268.418610, 1.003216
5, 922,27,96.781303, 97.994949, 128.616119, 86.089470,10.848536, 268.418610, 0.987615
5, 922,28,21.377123, 20.004532, 128.616119, 86.089470,10.848536, 268.418610, 1.068614
5, 922,29,138.356689, 139.465210, 128.616119, 86.089470,10.848536, 268.418610, 0.992052
5, 922,30,220.112259, 221.001755, 128.616119, 86.089470,10.848536, 268.418610, 0.995975
5, 922,31,76.467270, 76.204811, 128.616119, 86.089470,10.848536, 268.418610, 1.003444
5, 923,0,24.108986, 23.282087, 128.725922, 65.882332,11.749126, 209.965515, 1.035517
5, 923,1,159.490036, 159.587189, 128.725922, 65.882332,11.749126, 209.965515, 0.999391
5, 923,2,24.992273, 25.697575, 128.725922, 65.882332,11.749126, 209.965515, 0.972554
5, 923,3,86.563927, 86.523354, 128.725922, 65.882332,11.749126, 209.965515, 1.000469
5, 923,4,182.237549, 182.376785, 128.725922, 65.882332,11.749126, 209.965515, 0.999237
5, 923,5,179.565079, 179.040817, 128.725922, 65.882332,11.749126, 209.965515, 1.002928
5, 923,6,127.876984, 128.599762, 128.725922, 65.882332,11.749126, 209.965515, 0.994380
5, 923,7,209.965515, 210.114731, 128.725922, 65.882332,11.749126, 209.965515, 0.999290
5, 923,8,17.426844, 17.530636, 128.725922, 65.882332,11.749126, 209.965515, 0.994079
5, 923,9,202.380264, 203.257462, 128.725922, 65.882332,11.749126, 209.965515, 0.995684
5, 923,10,11.749126, 12.316643, 128.725922, 65.882332,11.749126, 209.965515, 0.953923
5, 923,11,195.326004, 195.251144, 128.725922, 65.882332,11.749126, 209.965515, 1.000383
5, 923,12,207.840347, 207.909286, 128.725922, 65.882332,11.749126, 209.965515, 0.999668
5, 923,13,207.676697, 208.885361, 128.725922, 65.882332,11.749126, 209.965515, 0.994214
5, 923,14,79.501564, 81.086967, 128.725922, 65.882332,11.749126, 209.965515, 0.980448
5, 923,15,155.896606, 154.620316, 128.725922, 65.882332,11.749126, 209.965515, 1.008254
5, 923,16,184.593414, 184.248642, 128.725922, 65.882332,11.749126, 209.965515, 1.001871
5, 923,17,67.800407, 66.909111, 128.725922, 65.882332,11.749126, 209.965515, 1.013321
5, 923,18,58.679138, 58.241779, 128.725922, 65.882332,11.749126, 209.965515, 1.007509
5, 923,19,176.186447, 176.606796, 128.725922, 65.882332,11.749126, 209.965515, 0.997620
5, 923,20,185.211746, 185.626266, 128.725922, 65.882332,11.749126, 209.965515, 0.997767
5, 923,21,78.655434, 77.886902, 128.725922, 65.882332,11.749126, 209.965515, 1.009867
5, 923,22,138.318756, 138.552063, 128.725922, 65.882332,11.749126, 209.965515, 0.998316
5, 923,23,133.534348, 132.442322, 128.725922, 65.882332,11.749126, 209.965515, 1.008245
5, 923,24,142.309998, 142.536697, 128.725922, 65.882332,11.749126, 209.965515, 0.998410
5, 923,25,96.930992, 96.938980, 128.725922, 65.882332,11.749126, 209.965515, 0.999918
5, 923,26,95.791161, 96.111168, 128.725922, 65.882332,11.749126, 209.965515, 0.996670
5, 923,27,150.434601, 151.204025, 128.725922, 65.882332,11.749126, 209.965515, 0.994911
5, 923,28,200.581161, 200.434250, 128.725922, 65.882332,11.749126, 209.965515, 1.000733
5, 923,29,12.402534, 12.847927, 128.725922, 65.882332,11.749126, 209.965515, 0.965333
5, 923,30,200.979675, 200.199493, 128.725922, 65.882332,11.749126, 209.965515, 1.003897
5, 923,31,124.221634, 124.133286, 128.725922, 65.882332,11.749126, 209.965515, 1.000712
5, 924,0,114.383263, 113.878021, 128.820068, 61.523685,24.985828, 215.086899, 1.004437
5, 924,1,209.798798, 210.232605, 128.820068, 61.523685,24.985828, 215.086899, 0.997937
5, 924,2,215.086899, 215.268188, 128.820068, 61.523685,24.985828, 215.086899, 0.999158
5, 924,3,153.406525, 152.592819, 128.820068, 61.523685,24.985828, 215.086899, 1.005332
5, 924,4,49.365189, 49.819023, 128.820068, 61.523685,24.985828, 215.086899, 0.990890
5, 924,5,24.985828, 24.361723, 128.820068, 61.523685,24.985828, 215.086899, 1.025618
5, 924,6,36.013065, 34.233326, 128.820068, 61.523685,24.985828, 215.086899, 1.051988
5, 924,7,27.798767, 29.018141, 128.820068, 61.523685,24.985828, 215.086899, 0.957979
5, 924,8,169.706406, 169.774994, 128.820068, 61.523685,24.985828, 215.086899, 0.999596
5, 924,9,196.589249, 194.128067, 128.820068, 61.523685,24.985828, 215.086899, 1.012678
5, 924,10,131.001709, 129.796310, 128.820068, 61.523685,24.985828, 215.086899, 1.009287
5, 924,11,64.288300, 65.338196, 128.820068, 61.523685,24.985828, 215.086899, 0.983931
5, 924,12,89.025002, 90.136948, 128.820068, 61.523685,24.985828, 215.086899, 0.987664
5, 924,13,183.499985, 183.744232, 128.820068, 61.523685,24.985828, 215.086899, 0.998671
5, 924,14,84.599770, 85.088058, 128.820068, 61.523685,24.985828, 215.086899, 0.994261
5, 924,15,64.126274, 64.779419, 128.820068, 61.523685,24.985828, 215.086899, 0.989917
5, 924,16,56.384670, 56.910080, 128.820068, 61.523685,24.985828, 215.086899, 0.990768
5, 924,17,178.999313, 179.114426, 128.820068, 61.523685,24.985828, 215.086899, 0.999357
5, 924,18,166.271072, 167.114182, 128.820068, 61.523685,24.985828, 215.086899, 0.994955
5, 924,19,131.540375, 130.707642, 128.820068, 61.523685,24.985828, 215.086899, 1.006371
5, 924,20,207.748428, 207.538544, 128.820068, 61.523685,24.985828, 215.086899, 1.001011
5, 924,21,59.702370, 60.076447, 128.820068, 61.523685,24.985828, 215.086899, 0.993773
5, 924,22,187.222748, 186.864044, 128.820068, 61.523685,24.985828, 215.086899, 1.001920
5, 924,23,190.038300, 189.950592, 128.820068, 61.523685,24.985828, 215.086899, 1.000462
5, 924,24,175.303146, 175.415909, 128.820068, 61.523685,24.985828, 215.086899, 0.999357
5, 924,25,179.018112, 178.103333, 128.820068, 61.523685,24.985828, 215.086899, 1.005136
5, 924,26,135.599091, 136.035919, 128.820068, 61.523685,24.985828, 215.086899, 0.996789
5, 924,27,70.773079, 71.690887, 128.820068, 61.523685,24.985828, 215.086899, 0.987198
5, 924,28,79.197014, 79.327408, 128.820068, 61.523685,24.985828, 215.086899, 0.998356
5, 924,29,159.041794, 159.085175, 128.820068, 61.523685,24.985828, 215.086899, 0.999727
5, 924,30,210.081116, 209.401093, 128.820068, 61.523685,24.985828, 215.086899, 1.003247
5, 924,31,121.646294, 121.474640, 128.820068, 61.523685,24.985828, 215.086899, 1.001413
5, 925,0,135.964096, 137.039291, 128.460587, 65.747559,14.229328, 247.304840, 0.992154
5, 925,1,135.684830, 136.226440, 128.460587, 65.747559,14.229328, 247.304840, 0.996024
5, 925,2,119.647903, 120.870125, 128.460587, 65.747559,14.229328, 247.304840, 0.989888
5, 925,3,44.272839, 44.440041, 128.460587, 65.747559,14.229328, 247.304840, 0.996238
5, 925,4,89.753746, 89.029747, 128.460587, 65.747559,14.229328, 247.304840, 1.008132
5, 925,5,125.116501, 126.362373, 128.460587, 65.747559,14.229328, 247.304840, 0.990140
5, 925,6,48.295036, 50.225204, 128.460587, 65.747559,14.229328, 247.304840, 0.961570
5, 925,7,82.873619, 83.259232, 128.460587, 65.747559,14.229328, 247.304840, 0.995369
5, 925,8,234.822525, 233.666199, 128.460587, 65.747559,14.229328, 247.304840, 1.004949
5, 925,9,162.546539, 163.790192, 128.460587, 65.747559,14.229328, 247.304840, 0.992407
5, 925,10,39.133087, 39.123547, 128.460587, 65.747559,14.229328, 247.304840, 1.000244
5, 925,11,66.825836, 66.577454, 128.460587, 65.747559,14.229328, 247.304840, 1.003731
5, 925,12,153.567535, 152.937515, 128.460587, 65.747559,14.229328, 247.304840, 1.004120
5, 925,13,200.713379, 200.712723, 128.460587, 65.747559,14.229328, 247.304840, 1.000003
5, 925,14,176.857010, 177.183945, 128.460587, 65.747559,14.229328, 247.304840, 0.998155
5, 925,15,247.304840, 246.818298, 128.460587, 65.747559,14.229328, 247.304840, 1.001971
5, 925,16,44.332584, 45.326122, 128.460587, 65.747559,14.229328, 247.304840, 0.978080
5, 925,17,14.229328, 13.910479, 128.460587, 65.747559,14.229328, 247.304840, 1.022922
5, 925,18,137.430435, 137.288300, 128.460587, 65.747559,14.229328, 247.304840, 1.001035
5, 925,19,155.320053, 156.291443, 128.460587, 65.747559,14.229328, 247.304840, 0.993785
5, 925,20,21.208094, 21.907188, 128.460587, 65.747559,14.229328, 247.304840, 0.968088
5, 925,21,147.104111, 146.705658, 128.460587, 65.747559,14.229328, 247.304840, 1.002716
5, 925,22,99.148277, 99.164780, 128.460587, 65.747559,14.229328, 247.304840, 0.999834
5, 925,23,185.700684, 185.803101, 128.460587, 65.747559,14.229328, 247.304840, 0.999449
5, 925,24,80.536346, 79.656319, 128.460587, 65.747559,14.229328, 247.304840, 1.011048
5, 925,25,99.343124, 99.311234, 128.460587, 65.747559,14.229328, 247.304840, 1.000321
5, 925,26,88.865532, 89.242119, 128.460587, 65.747559,14.229328, 247.304840, 0.995780
5, 925,27,235.549438, 235.562851, 128.460587, 65.747559,14.229328, 247.304840, 0.999943
5, 925,28,219.818588, 219.584076, 128.460587, 65.747559,14.229328, 247.304840, 1.001068
5, 925,29,161.539490, 164.075790, 128.460587, 65.747559,14.229328, 247.304840, 0.984542
5, 925,30,142.697113, 144.047394, 128.460587, 65.747559,14.229328, 247.304840, 0.990626
5, 925,31,214.537247, 214.860764, 128.460587, 65.747559,14.229328, 247.304840, 0.998494
5, 926,0,56.428757, 55.727276, 128.835739, 67.948654,15.596557, 239.396637, 1.012588
5, 926,1,218.072311, 217.089752, 128.835739, 67.948654,15.596557, 239.396637, 1.004526
5, 926,2,217.779282, 217.571228, 128.835739, 67.948654,15.596557, 239.396637, 1.000956
5, 926,3,84.792099, 86.039825, 128.835739, 67.948654,15.596557, 239.396637, 0.985498
5, 926,4,32.953773, 32.382149, 128.835739, 67.948654,15.596557, 239.396637, 1.017653
5, 926,5,225.081436, 225.161758, 128.835739, 67.948654,15.596557, 239.396637, 0.999643
5, 926,6,125.551346, 125.939667, 128.835739, 67.948654,15.596557, 239.396637, 0.996917
5, 926,7,162.563370, 163.021393, 128.835739, 67.948654,15.596557, 239.396637, 0.997190
5, 926,8,205.591812, 203.494781, 128.835739, 67.948654,15.596557, 239.396637, 1.010305
5, 926,9,239.396637, 240.810150, 128.835739, 67.948654,15.596557, 239.396637, 0.994130
5, 926,10,15.596557, 15.098116, 128.835739, 67.948654,15.596557, 239.396637, 1.033013
5, 926,11,61.394661, 62.291103, 128.835739, 67.948654,15.596557, 239.396637, 0.985609
5, 926,12,198.827438, 199.848190, 128.835739, 67.948654,15.596557, 239.396637, 0.994892
5, 926,13,187.120865, 185.424789, 128.835739, 67.948654,15.596557, 239.396637, 1.009147
5, 926,14,83.058372, 83.377480, 128.835739, 67.948654,15.596557, 239.396637, 0.996173
5, 926,15,111.211533, 113.470535, 128.835739, 67.948654,15.596557, 239.396637, 0.980092
5, 926,16,87.786041, 87.229393, 128.835739, 67.948654,15.596557, 239.396637, 1.006381
5, 926,17,61.277359, 62.078682, 128.835739, 67.948654,15.596557, 239.396637, 0.987092
5, 926,18,69.105263, 68.366364, 128.835739, 67.948654,15.596557, 239.396637, 1.010808
5, 926,19,122.459175, 123.213600, 128.835739, 67.948654,15.596557, 239.396637, 0.993877
5, 926,20,24.518776, 22.943552, 128.835739, 67.948654,15.596557, 239.396637, 1.068656
5, 926,21,84.977280, 86.832863, 128.835739, 67.948654,15.596557, 239.396637, 0.978630
5, 926,22,158.138992, 158.064896, 128.835739, 67.948654,15.596557, 239.396637, 1.000469
5, 926,23,151.756638, 151.196594, 128.835739, 67.948654,15.596557, 239.396637, 1.003704
5, 926,24,160.417831, 161.173325, 128.835739, 67.948654,15.596557, 239.396637, 0.995313
5, 926,25,74.820503, 73.726456, 128.835739, 67.948654,15.596557, 239.396637, 1.014839
5, 926,26,198.124832, 196.725601, 128.835739, 67.948654,15.596557, 239.396637, 1.007113
5, 926,27,135.520309, 137.297150, 128.835739, 67.948654,15.596557, 239.396637, 0.987058
5, 926,28,60.608452, 60.209366, 128.835739, 67.948654,15.596557, 239.396637, 1.006628
5, 926,29,80.215828, 81.819717, 128.835739, 67.948654,15.596557, 239.396637, 0.980397
5, 926,30,211.239304, 208.975235, 128.835739, 67.948654,15.596557, 239.396637, 1.010834
5, 926,31,216.357025, 214.399078, 128.835739, 67.948654,15.596557, 239.396637, 1.009132
5, 927,0,235.089111, 235.697205, 128.898300, 78.153496,10.867608, 261.324280, 0.997420
5, 927,1,45.157516, 44.337032, 128.898300, 78.153496,10.867608, 261.324280, 1.018506
5, 927,2,51.263428, 49.895443, 128.898300, 78.153496,10.867608, 261.324280, 1.027417
5, 927,3,200.863113, 199.170486, 128.898300, 78.153496,10.867608, 261.324280, 1.008498
5, 927,4,61.104328, 61.317059, 128.898300, 78.153496,10.867608, 261.324280, 0.996531
5, 927,5,142.279831, 143.931259, 128.898300, 78.153496,10.867608, 261.324280, 0.988526
5, 927,6,10.867608, 12.085407, 128.898300, 78.153496,10.867608, 261.324280, 0.899234
5, 927,7,193.319092, 193.459686, 128.898300, 78.153496,10.867608, 261.324280, 0.999273
5, 927,8,22.055929, 21.646198, 128.898300, 78.153496,10.867608, 261.324280, 1.018929
5, 927,9,99.519363, 99.159172, 128.898300, 78.153496,10.867608, 261.324280, 1.003632
5, 927,10,64.292702, 63.306213, 128.898300, 78.153496,10.867608, 261.324280, 1.015583
5, 927,11,171.954559, 172.533432, 128.898300, 78.153496,10.867608, 261.324280, 0.996645
5, 927,12,34.332539, 35.786861, 128.898300, 78.153496,10.867608, 261.324280, 0.959362
5, 927,13,207.055145, 205.226181, 128.898300, 78.153496,10.867608, 261.324280, 1.008912
5, 927,14,79.288162, 80.390511, 128.898300, 78.153496,10.867608, 261.324280, 0.986288
5, 927,15,191.378220, 189.850327, 128.898300, 78.153496,10.867608, 261.324280, 1.008048
5, 927,16,233.808228, 234.550232, 128.898300, 78.153496,10.867608, 261.324280, 0.996836
5, 927,17,115.561447, 116.042953, 128.898300, 78.153496,10.867608, 261.324280, 0.995851
5, 927,18,44.028992, 42.716827, 128.898300, 78.153496,10.867608, 261.324280, 1.030718
5, 927,19,197.661774, 198.504776, 128.898300, 78.153496,10.867608, 261.324280, 0.995753
5, 927,20,163.920380, 164.817413, 128.898300, 78.153496,10.867608, 261.324280, 0.994557
5, 927,21,212.235458, 212.669495, 128.898300, 78.153496,10.867608, 261.324280, 0.997959
5, 927,22,32.175392, 33.605206, 128.898300, 78.153496,10.867608, 261.324280, 0.957453
5, 927,23,82.304382, 80.173950, 128.898300, 78.153496,10.867608, 261.324280, 1.026573
5, 927,24,180.099762, 181.219955, 128.898300, 78.153496,10.867608, 261.324280, 0.993819
5, 927,25,88.432663, 89.405884, 128.898300, 78.153496,10.867608, 261.324280, 0.989115
5, 927,26,216.391327, 215.356461, 128.898300, 78.153496,10.867608, 261.324280, 1.004805
5, 927,27,16.092712, 15.333830, 128.898300, 78.153496,10.867608, 261.324280, 1.049491
5, 927,28,238.228577, 236.788025, 128.898300, 78.153496,10.867608, 261.324280, 1.006084
5, 927,29,113.560867, 112.176933, 128.898300, 78.153496,10.867608, 261.324280, 1.012337
5, 927,30,261.324280, 260.858459, 128.898300, 78.153496,10.867608, 261.324280, 1.001786
5, 927,31,119.098434, 118.986595, 128.898300, 78.153496,10.867608, 261.324280, 1.000940
5, 928,0,88.974457, 88.691101, 128.921875, 75.107033,21.599800, 243.839966, 1.003195
5, 928,1,45.034298, 45.219517, 128.921875, 75.107033,21.599800, 243.839966, 0.995904
5, 928,2,220.561157, 220.604050, 128.921875, 75.107033,21.599800, 243.839966, 0.999806
5, 928,3,236.847122, 236.771698, 128.921875, 75.107033,21.599800, 243.839966, 1.000319
5, 928,4,74.882736, 73.813339, 128.921875, 75.107033,21.599800, 243.839966, 1.014488
5, 928,5,174.483749, 175.217667, 128.921875, 75.107033,21.599800, 243.839966, 0.995811
5, 928,6,208.237137, 206.703735, 128.921875, 75.107033,21.599800, 243.839966, 1.007418
5, 928,7,142.891251, 141.312073, 128.921875, 75.107033,21.599800, 243.839966, 1.011175
5, 928,8,161.566635, 160.980835, 128.921875, 75.107033,21.599800, 243.839966, 1.003639
5, 928,9,243.839966, 243.221146, 128.921875, 75.107033,21.599800, 243.839966, 1.002544
5, 928,10,80.774399, 81.296288, 128.921875, 75.107033,21.599800, 243.839966, 0.993580
5, 928,11,229.906845, 231.011276, 128.921875, 75.107033,21.599800, 243.839966, 0.995219
5, 928,12,116.091766, 116.131241, 128.921875, 75.107033,21.599800, 243.839966, 0.999660
5, 928,13,36.242367, 35.709606, 128.921875, 75.107033,21.599800, 243.839966, 1.014919
5, 928,14,211.958115, 212.760574, 128.921875, 75.107033,21.599800, 243.839966, 0.996228
5, 928,15,86.793503, 85.895020, 128.921875, 75.107033,21.599800, 243.839966, 1.010460
5, 928,16,62.457741, 62.580914, 128.921875, 75.107033,21.599800, 243.839966, 0.998032
5, 928,17,98.817085, 98.673706, 128.921875, 75.107033,21.599800, 243.839966, 1.001453
5, 928,18,21.599800, 22.089684, 128.921875, 75.107033,21.599800, 243.839966, 0.977823
5, 928,19,236.101349, 235.081238, 128.921875, 75.107033,21.599800, 243.839966, 1.004339
5, 928,20,67.074677, 67.732445, 128.921875, 75.107033,21.599800, 243.839966, 0.990289
5, 928,21,121.706772, 122.348335, 128.921875, 75.107033,21.599800, 243.839966, 0.994756
5, 928,22,104.848816, 104.930855, 128.921875, 75.107033,21.599800, 243.839966, 0.999218
5, 928,23,24.801107, 23.908344, 128.921875, 75.107033,21.599800, 243.839966, 1.037341
5, 928,24,143.619995, 142.617996, 128.921875, 75.107033,21.599800, 243.839966, 1.007026
5, 928,25,25.411510, 25.558760, 128.921875, 75.107033,21.599800, 243.839966, 0.994239
5, 928,26,193.179611, 192.651169, 128.921875, 75.107033,21.599800, 243.839966, 1.002743
5, 928,27,86.492279, 88.130287, 128.921875, 75.107033,21.599800, 243.839966, 0.981414
5, 928,28,72.335678, 71.698242, 128.921875, 75.107033,21.599800, 243.839966, 1.008891
5, 928,29,237.956192, 236.651535, 128.921875, 75.107033,21.599800, 243.839966, 1.005513
5, 928,30,48.839771, 48.969002, 128.921875, 75.107033,21.599800, 243.839966, 0.997361
5, 928,31,221.171707, 222.038162, 128.921875, 75.107033,21.599800, 243.839966, 0.996098
5, 929,0,155.182938, 153.676529, 128.671890, 53.618168,23.364241, 211.224274, 1.009802
5, 929,1,126.757744, 126.706772, 128.671890, 53.618168,23.364241, 211.224274, 1.000402
5, 929,2,23.364241, 24.267242, 128.671890, 53.618168,23.364241, 211.224274, 0.962789
5, 929,3,76.169098, 77.676994, 128.671890, 53.618168,23.364241, 211.224274, 0.980588
5, 929,4,163.783676, 164.161362, 128.671890, 53.618168,23.364241, 211.224274, 0.997699
5, 929,5,205.241852, 204.917862, 128.671890, 53.618168,23.364241, 211.224274, 1.001581
5, 929,6,199.608704, 199.108719, 128.671890, 53.618168,23.364241, 211.224274, 1.002511
5, 929,7,148.050964, 146.567551, 128.671890, 53.618168,23.364241, 211.224274, 1.010121
5, 929,8,180.238312, 180.479980, 128.671890, 53.618168,23.364241, 211.224274, 0.998661
5, 929,9,138.037949, 138.694702, 128.671890, 53.618168,23.364241, 211.224274, 0.995265
5, 929,10,109.331635, 109.347061, 128.671890, 53.618168,23.364241, 211.224274, 0.999859
5, 929,11,81.568230, 81.459412, 128.671890, 53.618168,23.364241, 211.224274, 1.001336
5, 929,12,133.504105, 133.526215, 128.671890, 53.618168,23.364241, 211.224274, 0.999834
5, 929,13,100.726791, 99.971100, 128.671890, 53.618168,23.364241, 211.224274, 1.007559
5, 929,14,50.170845, 51.797596, 128.671890, 53.618168,23.364241, 211.224274, 0.968594
5, 929,15,85.864792, 86.461571, 128.671890, 53.618168,23.364241, 211.224274, 0.993098
5, 929,16,63.365051, 63.576080, 128.671890, 53.618168,23.364241, 211.224274, 0.996681
5, 929,17,130.600830, 129.706833, 128.671890, 53.618168,23.364241, 211.224274, 1.006892
5, 929,18,124.238754, 124.901802, 128.671890, 53.618168,23.364241, 211.224274, 0.994691
5, 929,19,110.019341, 110.800896, 128.671890, 53.618168,23.364241, 211.224274, 0.992946
5, 929,20,94.178642, 95.837540, 128.671890, 53.618168,23.364241, 211.224274, 0.982691
5, 929,21,34.449795, 34.468689, 128.671890, 53.618168,23.364241, 211.224274, 0.999452
5, 929,22,59.864029, 59.405560, 128.671890, 53.618168,23.364241, 211.224274, 1.007718
5, 929,23,180.490601, 180.110352, 128.671890, 53.618168,23.364241, 211.224274, 1.002111
5, 929,24,178.045670, 178.348526, 128.671890, 53.618168,23.364241, 211.224274, 0.998302
5, 929,25,198.366058, 198.160019, 128.671890, 53.618168,23.364241, 211.224274, 1.001040
5, 929,26,139.215775, 139.193695, 128.671890, 53.618168,23.364241, 211.224274, 1.000159
5, 929,27,80.778351, 81.551811, 128.671890, 53.618168,23.364241, 211.224274, 0.990516
5, 929,28,143.365997, 143.450455, 128.671890, 53.618168,23.364241, 211.224274, 0.999411
5, 929,29,211.224274, 211.503220, 128.671890, 53.618168,23.364241, 211.224274, 0.998681
5, 929,30,190.964920, 190.613663, 128.671890, 53.618168,23.364241, 211.224274, 1.001843
5, 929,31,200.730637, 200.550217, 128.671890, 53.618168,23.364241, 211.224274, 1.000900
5, 930,0,164.298111, 165.667297, 128.466232, 60.336319,20.286251, 223.882248, 0.991735
5, 930,1,216.989700, 216.491119, 128.466232, 60.336319,20.286251, 223.882248, 1.002303
5, 930,2,197.466476, 198.386276, 128.466232, 60.336319,20.286251, 223.882248, 0.995364
5, 930,3,176.141647, 176.489044, 128.466232, 60.336319,20.286251, 223.882248, 0.998032
5, 930,4,52.829308, 52.018303, 128.466232, 60.336319,20.286251, 223.882248, 1.015591
5, 930,5,117.910011, 117.545464, 128.466232, 60.336319,20.286251, 223.882248, 1.003101
5, 930,6,220.838730, 221.229919, 128.466232, 60.336319,20.286251, 223.882248, 0.998232
5, 930,7,92.730743, 92.918770, 128.466232, 60.336319,20.286251, 223.882248, 0.997976
5, 930,8,162.465317, 162.156052, 128.466232, 60.336319,20.286251, 223.882248, 1.001907
5, 930,9,91.257278, 91.656921, 128.466232, 60.336319,20.286251, 223.882248, 0.995640
5, 930,10,185.947617, 186.336975, 128.466232, 60.336319,20.286251, 223.882248, 0.997910
5, 930,11,153.269882, 154.790680, 128.466232, 60.336319,20.286251, 223.882248, 0.990175
5, 930,12,123.670975, 122.956329, 128.466232, 60.336319,20.286251, 223.882248, 1.005812
5, 930,13,164.920517, 165.440979, 128.466232, 60.336319,20.286251, 223.882248, 0.996854
5, 930,14,32.440716, 33.680298, 128.466232, 60.336319,20.286251, 223.882248, 0.963196
5, 930,15,145.280380, 145.511948, 128.466232, 60.336319,20.286251, 223.882248, 0.998409
5, 930,16,89.032997, 88.810890, 128.466232, 60.336319,20.286251, 223.882248, 1.002501
5, 930,17,123.603729, 125.987526, 128.466232, 60.336319,20.286251, 223.882248, 0.981079
5, 930,18,212.256668, 212.959305, 128.466232, 60.336319,20.286251, 223.882248, 0.996701
5, 930,19,69.384445, 69.670517, 128.466232, 60.336319,20.286251, 223.882248, 0.995894
5, 930,20,143.470062, 142.144714, 128.466232, 60.336319,20.286251, 223.882248, 1.009324
5, 930,21,223.882248, 223.877075, 128.466232, 60.336319,20.286251, 223.882248, 1.000023
5, 930,22,164.307846, 164.343719, 128.466232, 60.336319,20.286251, 223.882248, 0.999782
5, 930,23,20.286251, 19.806786, 128.466232, 60.336319,20.286251, 223.882248, 1.024207
5, 930,24,159.521683, 159.543198, 128.466232, 60.336319,20.286251, 223.882248, 0.999865
5, 930,25,27.837606, 29.750729, 128.466232, 60.336319,20.286251, 223.882248, 0.935695
5, 930,26,91.517387, 91.451180, 128.466232, 60.336319,20.286251, 223.882248, 1.000724
5, 930,27,53.465385, 54.034523, 128.466232, 60.336319,20.286251, 223.882248, 0.989467
5, 930,28,94.400124, 94.461800, 128.466232, 60.336319,20.286251, 223.882248, 0.999347
5, 930,29,85.542336, 86.300911, 128.466232, 60.336319,20.286251, 223.882248, 0.991210
5, 930,30,191.193893, 190.904327, 128.466232, 60.336319,20.286251, 223.882248, 1.001517
5, 930,31,62.759907, 63.676720, 128.466232, 60.336319,20.286251, 223.882248, 0.985602
5, 931,0,67.880211, 68.139496, 128.746765, 62.796978,14.169178, 247.021027, 0.996195
5, 931,1,102.293076, 102.829025, 128.746765, 62.796978,14.169178, 247.021027, 0.994788
5, 931,2,161.497543, 161.392792, 128.746765, 62.796978,14.169178, 247.021027, 1.000649
5, 931,3,180.189133, 179.312851, 128.746765, 62.796978,14.169178, 247.021027, 1.004887
5, 931,4,212.565964, 210.090454, 128.746765, 62.796978,14.169178, 247.021027, 1.011783
5, 931,5,107.998550, 106.539604, 128.746765, 62.796978,14.169178, 247.021027, 1.013694
5, 931,6,76.373482, 77.013222, 128.746765, 62.796978,14.169178, 247.021027, 0.991693
5, 931,7,69.047569, 69.045563, 128.746765, 62.796978,14.169178, 247.021027, 1.000029
5, 931,8,83.810287, 81.514816, 128.746765, 62.796978,14.169178, 247.021027, 1.028160
5, 931,9,156.288620, 156.970291, 128.746765, 62.796978,14.169178, 247.021027, 0.995657
5, 931,10,180.543365, 180.988358, 128.746765, 62.796978,14.169178, 247.021027, 0.997541
5, 931,11,66.831505, 65.040161, 128.746765, 62.796978,14.169178, 247.021027, 1.027542
5, 931,12,187.020950, 190.056244, 128.746765, 62.796978,14.169178, 247.021027, 0.984029
5, 931,13,14.169178, 15.342937, 128.746765, 62.796978,14.169178, 247.021027, 0.923498
5, 931,14,45.804237, 46.997860, 128.746765, 62.796978,14.169178, 247.021027, 0.974603
5, 931,15,44.152786, 43.625263, 128.746765, 62.796978,14.169178, 247.021027, 1.012092
5, 931,16,49.064285, 48.529549, 128.746765, 62.796978,14.169178, 247.021027, 1.011019
5, 931,17,65.725807, 65.450043, 128.746765, 62.796978,14.169178, 247.021027, 1.004213
5, 931,18,223.924423, 225.234772, 128.746765, 62.796978,14.169178, 247.021027, 0.994182
5, 931,19,199.703369, 200.742111, 128.746765, 62.796978,14.169178, 247.021027, 0.994825
5, 931,20,247.021027, 245.089218, 128.746765, 62.796978,14.169178, 247.021027, 1.007882
5, 931,21,81.845978, 81.076157, 128.746765, 62.796978,14.169178, 247.021027, 1.009495
5, 931,22,196.212952, 196.513779, 128.746765, 62.796978,14.169178, 247.021027, 0.998469
5, 931,23,149.675705, 150.081299, 128.746765, 62.796978,14.169178, 247.021027, 0.997298
5, 931,24,111.647057, 112.148605, 128.746765, 62.796978,14.169178, 247.021027, 0.995528
5, 931,25,122.013351, 121.949982, 128.746765, 62.796978,14.169178, 247.021027, 1.000520
5, 931,26,72.524254, 73.058151, 128.746765, 62.796978,14.169178, 247.021027, 0.992692
5, 931,27,212.081741, 212.283722, 128.746765, 62.796978,14.169178, 247.021027, 0.999049
5, 931,28,132.942780, 132.542358, 128.746765, 62.796978,14.169178, 247.021027, 1.003021
5, 931,29,178.056763, 178.399582, 128.746765, 62.796978,14.169178, 247.021027, 0.998078
5, 931,30,162.191589, 162.464249, 128.746765, 62.796978,14.169178, 247.021027, 0.998322
5, 931,31,158.799042, 160.537064, 128.746765, 62.796978,14.169178, 247.021027, 0.989174
5, 932,0,159.783966, 159.958511, 128.787766, 54.739491,13.873427, 199.535355, 0.998909
5, 932,1,13.873427, 14.225006, 128.787766, 54.739491,13.873427, 199.535355, 0.975284
5, 932,2,140.211868, 139.411224, 128.787766, 54.739491,13.873427, 199.535355, 1.005743
5, 932,3,189.418518, 189.265106, 128.787766, 54.739491,13.873427, 199.535355, 1.000811
5, 932,4,199.535355, 199.810120, 128.787766, 54.739491,13.873427, 199.535355, 0.998625
5, 932,5,63.971684, 63.862984, 128.787766, 54.739491,13.873427, 199.535355, 1.001702
5, 932,6,134.436447, 134.661011, 128.787766, 54.739491,13.873427, 199.535355, 0.998332
5, 932,7,110.227493, 110.524788, 128.787766, 54.739491,13.873427, 199.535355, 0.997310
5, 932,8,79.269569, 78.971466, 128.787766, 54.739491,13.873427, 199.535355, 1.003775
5, 932,9,154.902786, 154.887344, 128.787766, 54.739491,13.873427, 199.535355, 1.000100
5, 932,10,115.070305, 114.726448, 128.787766, 54.739491,13.873427, 199.535355, 1.002997
5, 932,11,139.109634, 138.845169, 128.787766, 54.739491,13.873427, 199.535355, 1.001905
5, 932,12,198.807327, 199.378281, 128.787766, 54.739491,13.873427, 199.535355, 0.997136
5, 932,13,184.008316, 183.365280, 128.787766, 54.739491,13.873427, 199.535355, 1.003507
5, 932,14,49.411354, 49.758236, 128.787766, 54.739491,13.873427, 199.535355, 0.993029
5, 932,15,146.118011, 145.760406, 128.787766, 54.739491,13.873427, 199.535355, 1.002453
5, 932,16,166.718460, 166.296021, 128.787766, 54.739491,13.873427, 199.535355, 1.002540
5, 932,17,135.969009, 136.201599, 128.787766, 54.739491,13.873427, 199.535355, 0.998292
5, 932,18,33.363499, 33.272545, 128.787766, 54.739491,13.873427, 199.535355, 1.002734
5, 932,19,165.410202, 166.039261, 128.787766, 54.739491,13.873427, 199.535355, 0.996211
5, 932,20,172.973587, 172.470123, 128.787766, 54.739491,13.873427, 199.535355, 1.002919
5, 932,21,169.209000, 169.517288, 128.787766, 54.739491,13.873427, 199.535355, 0.998181
5, 932,22,165.845627, 166.593643, 128.787766, 54.739491,13.873427, 199.535355, 0.995510
5, 932,23,194.751740, 194.575546, 128.787766, 54.739491,13.873427, 199.535355, 1.000906
5, 932,24,197.035156, 197.044022, 128.787766, 54.739491,13.873427, 199.535355, 0.999955
5, 932,25,168.314316, 167.463150, 128.787766, 54.739491,13.873427, 199.535355, 1.005083
5, 932,26,89.287827, 89.592331, 128.787766, 54.739491,13.873427, 199.535355, 0.996601
5, 932,27,88.754463, 88.337669, 128.787766, 54.739491,13.873427, 199.535355, 1.004718
5, 932,28,37.155186, 36.937328, 128.787766, 54.739491,13.873427, 199.535355, 1.005898
5, 932,29,54.696095, 54.409245, 128.787766, 54.739491,13.873427, 199.535355, 1.005272
5, 932,30,75.553986, 75.942764, 128.787766, 54.739491,13.873427, 199.535355, 0.994881
5, 932,31,128.014526, 128.895386, 128.787766, 54.739491,13.873427, 199.535355, 0.993166
5, 933,0,38.859463, 37.974911, 129.111221, 71.522316,12.529262, 235.398544, 1.023293
5, 933,1,149.523544, 148.564102, 129.111221, 71.522316,12.529262, 235.398544, 1.006458
5, 933,2,192.099777, 191.640701, 129.111221, 71.522316,12.529262, 235.398544, 1.002396
5, 933,3,32.537708, 32.522888, 129.111221, 71.522316,12.529262, 235.398544, 1.000456
5, 933,4,185.138077, 185.915375, 129.111221, 71.522316,12.529262, 235.398544, 0.995819
5, 933,5,215.952927, 216.321976, 129.111221, 71.522316,12.529262, 235.398544, 0.998294
5, 933,6,211.484848, 212.236465, 129.111221, 71.522316,12.529262, 235.398544, 0.996459
5, 933,7,223.588089, 223.532944, 129.111221, 71.522316,12.529262, 235.398544, 1.000247
5, 933,8,214.426849, 214.808304, 129.111221, 71.522316,12.529262, 235.398544, 0.998224
5, 933,9,213.563446, 213.371704, 129.111221, 71.522316,12.529262, 235.398544, 1.000899
5, 933,10,42.343128, 42.074440, 129.111221, 71.522316,12.529262, 235.398544, 1.006386
5, 933,11,135.883728, 135.880096, 129.111221, 71.522316,12.529262, 235.398544, 1.000027
5, 933,12,167.488113, 166.517944, 129.111221, 71.522316,12.529262, 235.398544, 1.005826
5, 933,13,31.284573, 31.310547, 129.111221, 71.522316,12.529262, 235.398544, 0.999170
5, 933,14,70.380478, 69.769043, 129.111221, 71.522316,12.529262, 235.398544, 1.008764
5, 933,15,137.111374, 135.901123, 129.111221, 71.522316,12.529262, 235.398544, 1.008905
5, 933,16,201.991089, 201.045105, 129.111221, 71.522316,12.529262, 235.398544, 1.004705
5, 933,17,120.879639, 120.399986, 129.111221, 71.522316,12.529262, 235.398544, 1.003984
5, 933,18,173.086380, 172.117126, 129.111221, 71.522316,12.529262, 235.398544, 1.005631
5, 933,19,12.529262, 10.266294, 129.111221, 71.522316,12.529262, 235.398544, 1.220427
5, 933,20,66.529877, 66.447372, 129.111221, 71.522316,12.529262, 235.398544, 1.001242
5, 933,21,123.911171, 123.441345, 129.111221, 71.522316,12.529262, 235.398544, 1.003806
5, 933,22,53.672031, 52.529995, 129.111221, 71.522316,12.529262, 235.398544, 1.021741
5, 933,23,46.388252, 46.082870, 129.111221, 71.522316,12.529262, 235.398544, 1.006627
5, 933,24,135.615768, 135.326477, 129.111221, 71.522316,12.529262, 235.398544, 1.002138
5, 933,25,157.943619, 157.863388, 129.111221, 71.522316,12.529262, 235.398544, 1.000508
5, 933,26,130.861237, 130.645309, 129.111221, 71.522316,12.529262, 235.398544, 1.001653
5, 933,27,228.733521, 227.772644, 129.111221, 71.522316,12.529262, 235.398544, 1.004219
5, 933,28,53.396931, 54.008629, 129.111221, 71.522316,12.529262, 235.398544, 0.988674
5, 933,29,74.996719, 74.786591, 129.111221, 71.522316,12.529262, 235.398544, 1.002810
5, 933,30,235.398544, 234.773361, 129.111221, 71.522316,12.529262, 235.398544, 1.002663
5, 933,31,53.958755, 55.150890, 129.111221, 71.522316,12.529262, 235.398544, 0.978384
5, 934,0,121.149216, 120.769707, 128.956299, 61.554909,20.719202, 232.203690, 1.003142
5, 934,1,174.831390, 175.128052, 128.956299, 61.554909,20.719202, 232.203690, 0.998306
5, 934,2,124.069695, 122.822678, 128.956299, 61.554909,20.719202, 232.203690, 1.010153
5, 934,3,223.847015, 224.007141, 128.956299, 61.554909,20.719202, 232.203690, 0.999285
5, 934,4,61.716190, 61.527637, 128.956299, 61.554909,20.719202, 232.203690, 1.003065
5, 934,5,89.017822, 89.281372, 128.956299, 61.554909,20.719202, 232.203690, 0.997048
5, 934,6,232.203690, 231.595459, 128.956299, 61.554909,20.719202, 232.203690, 1.002626
5, 934,7,178.575745, 177.622467, 128.956299, 61.554909,20.719202, 232.203690, 1.005367
5, 934,8,90.829140, 89.568649, 128.956299, 61.554909,20.719202, 232.203690, 1.014073
5, 934,9,218.512070, 218.752090, 128.956299, 61.554909,20.719202, 232.203690, 0.998903
5, 934,10,20.719202, 20.755360, 128.956299, 61.554909,20.719202, 232.203690, 0.998258
5, 934,11,117.499794, 118.198227, 128.956299, 61.554909,20.719202, 232.203690, 0.994091
5, 934,12,66.933937, 66.096031, 128.956299, 61.554909,20.719202, 232.203690, 1.012677
5, 934,13,149.328613, 150.450287, 128.956299, 61.554909,20.719202, 232.203690, 0.992545
5, 934,14,118.237549, 118.492508, 128.956299, 61.554909,20.719202, 232.203690, 0.997848
5, 934,15,110.360550, 109.236595, 128.956299, 61.554909,20.719202, 232.203690, 1.010289
5, 934,16,41.366703, 40.626503, 128.956299, 61.554909,20.719202, 232.203690, 1.018220
5, 934,17,46.514267, 48.957527, 128.956299, 61.554909,20.719202, 232.203690, 0.950094
5, 934,18,124.373032, 124.917694, 128.956299, 61.554909,20.719202, 232.203690, 0.995640
5, 934,19,35.985096, 35.777832, 128.956299, 61.554909,20.719202, 232.203690, 1.005793
5, 934,20,56.284168, 54.583946, 128.956299, 61.554909,20.719202, 232.203690, 1.031149
5, 934,21,128.492706, 126.389114, 128.956299, 61.554909,20.719202, 232.203690, 1.016644
5, 934,22,117.466507, 116.292389, 128.956299, 61.554909,20.719202, 232.203690, 1.010096
5, 934,23,169.691620, 171.316391, 128.956299, 61.554909,20.719202, 232.203690, 0.990516
5, 934,24,192.235306, 191.138489, 128.956299, 61.554909,20.719202, 232.203690, 1.005738
5, 934,25,63.613182, 62.529602, 128.956299, 61.554909,20.719202, 232.203690, 1.017329
5, 934,26,231.995682, 232.345184, 128.956299, 61.554909,20.719202, 232.203690, 0.998496
5, 934,27,147.404343, 148.852768, 128.956299, 61.554909,20.719202, 232.203690, 0.990269
5, 934,28,131.670380, 132.155670, 128.956299, 61.554909,20.719202, 232.203690, 0.996328
5, 934,29,134.657898, 132.961441, 128.956299, 61.554909,20.719202, 232.203690, 1.012759
5, 934,30,189.536316, 190.367737, 128.956299, 61.554909,20.719202, 232.203690, 0.995633
5, 934,31,217.482590, 217.483871, 128.956299, 61.554909,20.719202, 232.203690, 0.999994
5, 935,0,108.161438, 107.619621, 128.558624, 59.524273,21.189148, 206.687164, 1.005035
5, 935,1,152.995270, 154.287918, 128.558624, 59.524273,21.189148, 206.687164, 0.991622
5, 935,2,194.329620, 195.325684, 128.558624, 59.524273,21.189148, 206.687164, 0.994901
5, 935,3,50.339920, 49.900848, 128.558624, 59.524273,21.189148, 206.687164, 1.008799
5, 935,4,74.756813, 74.829102, 128.558624, 59.524273,21.189148, 206.687164, 0.999034
5, 935,5,203.643417, 204.866287, 128.558624, 59.524273,21.189148, 206.687164, 0.994031
5, 935,6,21.490965, 21.014391, 128.558624, 59.524273,21.189148, 206.687164, 1.022678
5, 935,7,153.094971, 152.772003, 128.558624, 59.524273,21.189148, 206.687164, 1.002114
5, 935,8,124.385742, 124.408897, 128.558624, 59.524273,21.189148, 206.687164, 0.999814
5, 935,9,110.220268, 110.777763, 128.558624, 59.524273,21.189148, 206.687164, 0.994967
5, 935,10,102.533638, 102.753075, 128.558624, 59.524273,21.189148, 206.687164, 0.997864
5, 935,11,27.616297, 27.499105, 128.558624, 59.524273,21.189148, 206.687164, 1.004262
5, 935,12,206.687164, 205.407684, 128.558624, 59.524273,21.189148, 206.687164, 1.006229
5, 935,13,162.909805, 162.811890, 128.558624, 59.524273,21.189148, 206.687164, 1.000601
5, 935,14,41.630272, 41.425003, 128.558624, 59.524273,21.189148, 206.687164, 1.004955
5, 935,15,142.545380, 141.631302, 128.558624, 59.524273,21.189148, 206.687164, 1.006454
5, 935,16,21.189148, 20.623383, 128.558624, 59.524273,21.189148, 206.687164, 1.027433
5, 935,17,202.971695, 203.133835, 128.558624, 59.524273,21.189148, 206.687164, 0.999202
5, 935,18,206.625259, 206.273911, 128.558624, 59.524273,21.189148, 206.687164, 1.001703
5, 935,19,193.145081, 192.901443, 128.558624, 59.524273,21.189148, 206.687164, 1.001263
5, 935,20,130.458908, 130.063477, 128.558624, 59.524273,21.189148, 206.687164, 1.003040
5, 935,21,83.732231, 84.905075, 128.558624, 59.524273,21.189148, 206.687164, 0.986186
5, 935,22,84.912178, 85.079521, 128.558624, 59.524273,21.189148, 206.687164, 0.998033
5, 935,23,140.987885, 141.162079, 128.558624, 59.524273,21.189148, 206.687164, 0.998766
5, 935,24,160.754211, 161.085419, 128.558624, 59.524273,21.189148, 206.687164, 0.997944
5, 935,25,138.147324, 138.425034, 128.558624, 59.524273,21.189148, 206.687164, 0.997994
5, 935,26,161.712372, 162.715652, 128.558624, 59.524273,21.189148, 206.687164, 0.993834
5, 935,27,115.539154, 116.480469, 128.558624, 59.524273,21.189148, 206.687164, 0.991919
5, 935,28,190.804901, 192.901443, 128.558624, 59.524273,21.189148, 206.687164, 0.989132
5, 935,29,194.925720, 196.252075, 128.558624, 59.524273,21.189148, 206.687164, 0.993242
5, 935,30,40.642879, 41.112194, 128.558624, 59.524273,21.189148, 206.687164, 0.988585
5, 935,31,169.986343, 170.553848, 128.558624, 59.524273,21.189148, 206.687164, 0.996673
5, 936,0,53.093605, 53.393505, 128.570526, 69.036102,21.782850, 222.023376, 0.994383
5, 936,1,185.675369, 184.264511, 128.570526, 69.036102,21.782850, 222.023376, 1.007657
5, 936,2,222.023376, 222.073044, 128.570526, 69.036102,21.782850, 222.023376, 0.999776
5, 936,3,165.921143, 166.006744, 128.570526, 69.036102,21.782850, 222.023376, 0.999484
5, 936,4,218.920761, 220.048935, 128.570526, 69.036102,21.782850, 222.023376, 0.994873
5, 936,5,115.871384, 115.599876, 128.570526, 69.036102,21.782850, 222.023376, 1.002349
5, 936,6,112.168884, 111.984886, 128.570526, 69.036102,21.782850, 222.023376, 1.001643
5, 936,7,64.362404, 63.663071, 128.570526, 69.036102,21.782850, 222.023376, 1.010985
5, 936,8,198.158005, 199.760269, 128.570526, 69.036102,21.782850, 222.023376, 0.991979
5, 936,9,44.003757, 44.572639, 128.570526, 69.036102,21.782850, 222.023376, 0.987237
5, 936,10,70.148819, 69.559448, 128.570526, 69.036102,21.782850, 222.023376, 1.008473
5, 936,11,26.521214, 27.249086, 128.570526, 69.036102,21.782850, 222.023376, 0.973288
5, 936,12,40.654545, 41.397671, 128.570526, 69.036102,21.782850, 222.023376, 0.982049
5, 936,13,47.762352, 49.101540, 128.570526, 69.036102,21.782850, 222.023376, 0.972726
5, 936,14,185.564789, 185.652283, 128.570526, 69.036102,21.782850, 222.023376, 0.999529
5, 936,15,29.901638, 30.424055, 128.570526, 69.036102,21.782850, 222.023376, 0.982829
5, 936,16,83.758499, 83.653870, 128.570526, 69.036102,21.782850, 222.023376, 1.001251
5, 936,17,219.626312, 219.757828, 128.570526, 69.036102,21.782850, 222.023376, 0.999402
5, 936,18,84.094330, 85.061966, 128.570526, 69.036102,21.782850, 222.023376, 0.988624
5, 936,19,68.163620, 67.196831, 128.570526, 69.036102,21.782850, 222.023376, 1.014387
5, 936,20,79.927895, 79.009895, 128.570526, 69.036102,21.782850, 222.023376, 1.011619
5, 936,21,209.258408, 210.002762, 128.570526, 69.036102,21.782850, 222.023376, 0.996455
5, 936,22,192.296616, 192.787506, 128.570526, 69.036102,21.782850, 222.023376, 0.997454
5, 936,23,152.483109, 152.074783, 128.570526, 69.036102,21.782850, 222.023376, 1.002685
5, 936,24,218.796036, 219.297485, 128.570526, 69.036102,21.782850, 222.023376, 0.997713
5, 936,25,178.189102, 180.107956, 128.570526, 69.036102,21.782850, 222.023376, 0.989346
5, 936,26,149.523346, 149.813736, 128.570526, 69.036102,21.782850, 222.023376, 0.998062
5, 936,27,219.651031, 220.130157, 128.570526, 69.036102,21.782850, 222.023376, 0.997823
5, 936,28,21.782850, 21.379795, 128.570526, 69.036102,21.782850, 222.023376, 1.018852
5, 936,29,174.303421, 174.976547, 128.570526, 69.036102,21.782850, 222.023376, 0.996153
5, 936,30,153.280365, 153.015778, 128.570526, 69.036102,21.782850, 222.023376, 1.001729
5, 936,31,128.369583, 127.981583, 128.570526, 69.036102,21.782850, 222.023376, 1.003032
5, 937,0,13.994540, 16.177921, 128.765915, 87.814651,13.994540, 254.744705, 0.865039
5, 937,1,207.190201, 207.297089, 128.765915, 87.814651,13.994540, 254.744705, 0.999484
5, 937,2,15.118115, 13.365696, 128.765915, 87.814651,13.994540, 254.744705, 1.131113
5, 937,3,74.800995, 73.746277, 128.765915, 87.814651,13.994540, 254.744705, 1.014302
5, 937,4,217.928665, 218.830215, 128.765915, 87.814651,13.994540, 254.744705, 0.995880
5, 937,5,189.825287, 190.543411, 128.765915, 87.814651,13.994540, 254.744705, 0.996231
5, 937,6,165.270370, 166.833969, 128.765915, 87.814651,13.994540, 254.744705, 0.990628
5, 937,7,45.448463, 45.167782, 128.765915, 87.814651,13.994540, 254.744705, 1.006214
5, 937,8,215.285110, 215.823532, 128.765915, 87.814651,13.994540, 254.744705, 0.997505
5, 937,9,30.918833, 31.667601, 128.765915, 87.814651,13.994540, 254.744705, 0.976355
5, 937,10,244.891327, 243.953278, 128.765915, 87.814651,13.994540, 254.744705, 1.003845
5, 937,11,46.406651, 45.885799, 128.765915, 87.814651,13.994540, 254.744705, 1.011351
5, 937,12,211.378448, 211.029282, 128.765915, 87.814651,13.994540, 254.744705, 1.001655
5, 937,13,179.973969, 178.890610, 128.765915, 87.814651,13.994540, 254.744705, 1.006056
5, 937,14,254.744705, 254.349503, 128.765915, 87.814651,13.994540, 254.744705, 1.001554
5, 937,15,28.914074, 28.010214, 128.765915, 87.814651,13.994540, 254.744705, 1.032269
5, 937,16,36.966305, 37.583748, 128.765915, 87.814651,13.994540, 254.744705, 0.983572
5, 937,17,226.997299, 226.346924, 128.765915, 87.814651,13.994540, 254.744705, 1.002873
5, 937,18,90.952286, 91.232941, 128.765915, 87.814651,13.994540, 254.744705, 0.996924
5, 937,19,241.465942, 241.156006, 128.765915, 87.814651,13.994540, 254.744705, 1.001285
5, 937,20,17.819103, 16.611723, 128.765915, 87.814651,13.994540, 254.744705, 1.072682
5, 937,21,44.168030, 44.621788, 128.765915, 87.814651,13.994540, 254.744705, 0.989831
5, 937,22,213.464523, 214.297745, 128.765915, 87.814651,13.994540, 254.744705, 0.996112
5, 937,23,194.121735, 194.806625, 128.765915, 87.814651,13.994540, 254.744705, 0.996484
5, 937,24,56.523403, 56.887886, 128.765915, 87.814651,13.994540, 254.744705, 0.993593
5, 937,25,61.923740, 61.652214, 128.765915, 87.814651,13.994540, 254.744705, 1.004404
5, 937,26,224.085480, 224.940811, 128.765915, 87.814651,13.994540, 254.744705, 0.996198
5, 937,27,23.250544, 22.228695, 128.765915, 87.814651,13.994540, 254.744705, 1.045970
5, 937,28,128.069260, 127.799355, 128.765915, 87.814651,13.994540, 254.744705, 1.002112
5, 937,29,119.738976, 119.542191, 128.765915, 87.814651,13.994540, 254.744705, 1.001646
5, 937,30,242.637085, 243.205322, 128.765915, 87.814651,13.994540, 254.744705, 0.997664
5, 937,31,56.235580, 56.513916, 128.765915, 87.814651,13.994540, 254.744705, 0.995075
5, 938,0,187.460220, 187.603775, 128.981873, 55.455151,17.378448, 218.361755, 0.999235
5, 938,1,116.544472, 116.021500, 128.981873, 55.455151,17.378448, 218.361755, 1.004508
5, 938,2,61.595665, 62.193096, 128.981873, 55.455151,17.378448, 218.361755, 0.990394
5, 938,3,165.293701, 165.751862, 128.981873, 55.455151,17.378448, 218.361755, 0.997236
5, 938,4,165.601105, 164.657318, 128.981873, 55.455151,17.378448, 218.361755, 1.005732
5, 938,5,218.361755, 219.345718, 128.981873, 55.455151,17.378448, 218.361755, 0.995514
5, 938,6,55.885342, 56.068829, 128.981873, 55.455151,17.378448, 218.361755, 0.996727
5, 938,7,184.618530, 185.258286, 128.981873, 55.455151,17.378448, 218.361755, 0.996547
5, 938,8,140.115738, 139.801895, 128.981873, 55.455151,17.378448, 218.361755, 1.002245
5, 938,9,82.046394, 81.621361, 128.981873, 55.455151,17.378448, 218.361755, 1.005207
5, 938,10,159.114899, 159.230164, 128.981873, 55.455151,17.378448, 218.361755, 0.999276
5, 938,11,17.378448, 17.323061, 128.981873, 55.455151,17.378448, 218.361755, 1.003197
5, 938,12,24.296576, 22.580811, 128.981873, 55.455151,17.378448, 218.361755, 1.075983
5, 938,13,111.120697, 110.190414, 128.981873, 55.455151,17.378448, 218.361755, 1.008443
5, 938,14,129.686539, 129.208221, 128.981873, 55.455151,17.378448, 218.361755, 1.003702
5, 938,15,119.611938, 119.246513, 128.981873, 55.455151,17.378448, 218.361755, 1.003064
5, 938,16,212.688354, 212.061752, 128.981873, 55.455151,17.378448, 218.361755, 1.002955
5, 938,17,94.728172, 92.873070, 128.981873, 55.455151,17.378448, 218.361755, 1.019975
5, 938,18,102.243561, 102.691444, 128.981873, 55.455151,17.378448, 218.361755, 0.995639
5, 938,19,194.309784, 192.796356, 128.981873, 55.455151,17.378448, 218.361755, 1.007850
5, 938,20,92.352425, 93.224884, 128.981873, 55.455151,17.378448, 218.361755, 0.990641
5, 938,21,105.381294, 106.040245, 128.981873, 55.455151,17.378448, 218.361755, 0.993786
5, 938,22,139.738739, 139.619476, 128.981873, 55.455151,17.378448, 218.361755, 1.000854
5, 938,23,151.649048, 151.672562, 128.981873, 55.455151,17.378448, 218.361755, 0.999845
5, 938,24,178.809586, 178.137222, 128.981873, 55.455151,17.378448, 218.361755, 1.003774
5, 938,25,95.206871, 95.498688, 128.981873, 55.455151,17.378448, 218.361755, 0.996944
5, 938,26,119.021828, 119.565758, 128.981873, 55.455151,17.378448, 218.361755, 0.995451
5, 938,27,32.566929, 32.034332, 128.981873, 55.455151,17.378448, 218.361755, 1.016626
5, 938,28,159.059586, 159.568954, 128.981873, 55.455151,17.378448, 218.361755, 0.996808
5, 938,29,193.515579, 191.630157, 128.981873, 55.455151,17.378448, 218.361755, 1.009839
5, 938,30,211.284943, 210.654465, 128.981873, 55.455151,17.378448, 218.361755, 1.002993
5, 938,31,106.131271, 106.828583, 128.981873, 55.455151,17.378448, 218.361755, 0.993473
5, 939,0,189.306854, 189.514862, 128.829056, 56.798477,16.918476, 218.711945, 0.998902
5, 939,1,82.212303, 81.795876, 128.829056, 56.798477,16.918476, 218.711945, 1.005091
5, 939,2,99.732658, 99.883400, 128.829056, 56.798477,16.918476, 218.711945, 0.998491
5, 939,3,218.711945, 216.287170, 128.829056, 56.798477,16.918476, 218.711945, 1.011211
5, 939,4,41.908886, 40.979286, 128.829056, 56.798477,16.918476, 218.711945, 1.022685
5, 939,5,154.348999, 154.322296, 128.829056, 56.798477,16.918476, 218.711945, 1.000173
5, 939,6,208.355042, 208.729721, 128.829056, 56.798477,16.918476, 218.711945, 0.998205
5, 939,7,51.185726, 50.715820, 128.829056, 56.798477,16.918476, 218.711945, 1.009265
5, 939,8,143.690750, 142.224060, 128.829056, 56.798477,16.918476, 218.711945, 1.010313
5, 939,9,155.537964, 155.487411, 128.829056, 56.798477,16.918476, 218.711945, 1.000325
5, 939,10,78.297806, 77.721146, 128.829056, 56.798477,16.918476, 218.711945, 1.007420
5, 939,11,116.068359, 115.684784, 128.829056, 56.798477,16.918476, 218.711945, 1.003316
5, 939,12,175.436478, 174.129150, 128.829056, 56.798477,16.918476, 218.711945, 1.007508
5, 939,13,206.209488, 206.789963, 128.829056, 56.798477,16.918476, 218.711945, 0.997193
5, 939,14,94.601097, 95.770882, 128.829056, 56.798477,16.918476, 218.711945, 0.987786
5, 939,15,183.022141, 182.870605, 128.829056, 56.798477,16.918476, 218.711945, 1.000829
5, 939,16,173.848206, 173.260025, 128.829056, 56.798477,16.918476, 218.711945, 1.003395
5, 939,17,183.709442, 183.355530, 128.829056, 56.798477,16.918476, 218.711945, 1.001930
5, 939,18,168.412247, 167.258148, 128.829056, 56.798477,16.918476, 218.711945, 1.006900
5, 939,19,193.832397, 195.844254, 128.829056, 56.798477,16.918476, 218.711945, 0.989727
5, 939,20,204.947983, 203.766983, 128.829056, 56.798477,16.918476, 218.711945, 1.005796
5, 939,21,104.047363, 104.808334, 128.829056, 56.798477,16.918476, 218.711945, 0.992739
5, 939,22,111.725739, 112.863327, 128.829056, 56.798477,16.918476, 218.711945, 0.989921
5, 939,23,125.406860, 125.125320, 128.829056, 56.798477,16.918476, 218.711945, 1.002250
5, 939,24,95.997322, 95.852745, 128.829056, 56.798477,16.918476, 218.711945, 1.001508
5, 939,25,119.741631, 120.307434, 128.829056, 56.798477,16.918476, 218.711945, 0.995297
5, 939,26,50.267338, 49.922283, 128.829056, 56.798477,16.918476, 218.711945, 1.006912
5, 939,27,90.843109, 91.217506, 128.829056, 56.798477,16.918476, 218.711945, 0.995896
5, 939,28,30.188261, 31.041229, 128.829056, 56.798477,16.918476, 218.711945, 0.972521
5, 939,29,16.918476, 16.713545, 128.829056, 56.798477,16.918476, 218.711945, 1.012261
5, 939,30,136.867523, 139.503387, 128.829056, 56.798477,16.918476, 218.711945, 0.981105
5, 939,31,117.149429, 117.252953, 128.829056, 56.798477,16.918476, 218.711945, 0.999117
5, 940,0,230.681122, 231.010361, 128.676025, 92.066078,13.585982, 283.019623, 0.998575
5, 940,1,183.795959, 183.508179, 128.676025, 92.066078,13.585982, 283.019623, 1.001568
5, 940,2,18.378155, 18.452703, 128.676025, 92.066078,13.585982, 283.019623, 0.995960
5, 940,3,283.019623, 283.498108, 128.676025, 92.066078,13.585982, 283.019623, 0.998312
5, 940,4,181.423386, 181.804138, 128.676025, 92.066078,13.585982, 283.019623, 0.997906
5, 940,5,194.574539, 193.977066, 128.676025, 92.066078,13.585982, 283.019623, 1.003080
5, 940,6,233.703903, 234.840225, 128.676025, 92.066078,13.585982, 283.019623, 0.995161
5, 940,7,210.597504, 210.941513, 128.676025, 92.066078,13.585982, 283.019623, 0.998369
5, 940,8,236.024765, 238.028976, 128.676025, 92.066078,13.585982, 283.019623, 0.991580
5, 940,9,226.722000, 227.264832, 128.676025, 92.066078,13.585982, 283.019623, 0.997611
5, 940,10,100.748886, 99.757256, 128.676025, 92.066078,13.585982, 283.019623, 1.009940
5, 940,11,115.718475, 115.566002, 128.676025, 92.066078,13.585982, 283.019623, 1.001319
5, 940,12,251.781860, 251.441956, 128.676025, 92.066078,13.585982, 283.019623, 1.001352
5, 940,13,248.147079, 247.730179, 128.676025, 92.066078,13.585982, 283.019623, 1.001683
5, 940,14,194.096664, 193.749283, 128.676025, 92.066078,13.585982, 283.019623, 1.001793
5, 940,15,14.186131, 13.728638, 128.676025, 92.066078,13.585982, 283.019623, 1.033324
5, 940,16,13.585982, 12.750081, 128.676025, 92.066078,13.585982, 283.019623, 1.065560
5, 940,17,121.149254, 119.952629, 128.676025, 92.066078,13.585982, 283.019623, 1.009976
5, 940,18,33.403652, 33.966198, 128.676025, 92.066078,13.585982, 283.019623, 0.983438
5, 940,19,14.265929, 13.028463, 128.676025, 92.066078,13.585982, 283.019623, 1.094982
5, 940,20,41.810535, 43.127514, 128.676025, 92.066078,13.585982, 283.019623, 0.969463
5, 940,21,31.145123, 33.029823, 128.676025, 92.066078,13.585982, 283.019623, 0.942939
5, 940,22,15.482460, 14.833732, 128.676025, 92.066078,13.585982, 283.019623, 1.043733
5, 940,23,54.742058, 53.343304, 128.676025, 92.066078,13.585982, 283.019623, 1.026222
5, 940,24,55.845856, 56.110260, 128.676025, 92.066078,13.585982, 283.019623, 0.995288
5, 940,25,174.233521, 173.806976, 128.676025, 92.066078,13.585982, 283.019623, 1.002454
5, 940,26,72.905830, 73.167511, 128.676025, 92.066078,13.585982, 283.019623, 0.996424
5, 940,27,76.211494, 75.951332, 128.676025, 92.066078,13.585982, 283.019623, 1.003425
5, 940,28,280.190826, 281.414459, 128.676025, 92.066078,13.585982, 283.019623, 0.995652
5, 940,29,105.968559, 107.003624, 128.676025, 92.066078,13.585982, 283.019623, 0.990327
5, 940,30,60.027458, 62.141876, 128.676025, 92.066078,13.585982, 283.019623, 0.965974
5, 940,31,43.064823, 42.073032, 128.676025, 92.066078,13.585982, 283.019623, 1.023573
5, 941,0,161.459839, 161.939651, 128.533508, 60.287067,9.245687, 228.326797, 0.997037
5, 941,1,95.232330, 95.310928, 128.533508, 60.287067,9.245687, 228.326797, 0.999175
5, 941,2,38.190456, 38.603340, 128.533508, 60.287067,9.245687, 228.326797, 0.989304
5, 941,3,153.332138, 153.529282, 128.533508, 60.287067,9.245687, 228.326797, 0.998716
5, 941,4,128.611298, 128.763550, 128.533508, 60.287067,9.245687, 228.326797, 0.998818
5, 941,5,214.851318, 216.252945, 128.533508, 60.287067,9.245687, 228.326797, 0.993519
5, 941,6,199.234268, 198.987076, 128.533508, 60.287067,9.245687, 228.326797, 1.001242
5, 941,7,96.311699, 97.394974, 128.533508, 60.287067,9.245687, 228.326797, 0.988878
5, 941,8,108.037369, 110.303909, 128.533508, 60.287067,9.245687, 228.326797, 0.979452
5, 941,9,220.135025, 219.706131, 128.533508, 60.287067,9.245687, 228.326797, 1.001952
5, 941,10,194.040863, 192.890076, 128.533508, 60.287067,9.245687, 228.326797, 1.005966
5, 941,11,115.393684, 115.395988, 128.533508, 60.287067,9.245687, 228.326797, 0.999980
5, 941,12,18.121626, 19.617630, 128.533508, 60.287067,9.245687, 228.326797, 0.923742
5, 941,13,51.407139, 51.505531, 128.533508, 60.287067,9.245687, 228.326797, 0.998090
5, 941,14,132.067108, 133.289093, 128.533508, 60.287067,9.245687, 228.326797, 0.990832
5, 941,15,127.592117, 127.704674, 128.533508, 60.287067,9.245687, 228.326797, 0.999119
5, 941,16,92.880013, 92.383820, 128.533508, 60.287067,9.245687, 228.326797, 1.005371
5, 941,17,9.245687, 10.451880, 128.533508, 60.287067,9.245687, 228.326797, 0.884596
5, 941,18,194.101440, 194.812241, 128.533508, 60.287067,9.245687, 228.326797, 0.996351
5, 941,19,45.118786, 43.931477, 128.533508, 60.287067,9.245687, 228.326797, 1.027026
5, 941,20,73.347855, 72.851807, 128.533508, 60.287067,9.245687, 228.326797, 1.006809
5, 941,21,122.880013, 124.062645, 128.533508, 60.287067,9.245687, 228.326797, 0.990467
5, 941,22,193.541122, 193.544266, 128.533508, 60.287067,9.245687, 228.326797, 0.999984
5, 941,23,168.995804, 167.267776, 128.533508, 60.287067,9.245687, 228.326797, 1.010331
5, 941,24,127.796478, 128.514008, 128.533508, 60.287067,9.245687, 228.326797, 0.994417
5, 941,25,83.340767, 84.196030, 128.533508, 60.287067,9.245687, 228.326797, 0.989842
5, 941,26,140.210220, 139.386108, 128.533508, 60.287067,9.245687, 228.326797, 1.005912
5, 941,27,228.326797, 228.163696, 128.533508, 60.287067,9.245687, 228.326797, 1.000715
5, 941,28,129.839371, 130.166382, 128.533508, 60.287067,9.245687, 228.326797, 0.997488
5, 941,29,107.518936, 108.516617, 128.533508, 60.287067,9.245687, 228.326797, 0.990806
5, 941,30,220.485184, 220.711044, 128.533508, 60.287067,9.245687, 228.326797, 0.998977
5, 941,31,121.425652, 120.845528, 128.533508, 60.287067,9.245687, 228.326797, 1.004801
5, 942,0,11.565051, 11.793814, 128.860931, 77.294815,10.138738, 267.907532, 0.980603
5, 942,1,133.644073, 131.905579, 128.860931, 77.294815,10.138738, 267.907532, 1.013180
5, 942,2,141.568909, 141.030273, 128.860931, 77.294815,10.138738, 267.907532, 1.003819
5, 942,3,267.143799, 268.038788, 128.860931, 77.294815,10.138738, 267.907532, 0.996661
5, 942,4,64.097954, 64.387756, 128.860931, 77.294815,10.138738, 267.907532, 0.995499
5, 942,5,234.794403, 234.816406, 128.860931, 77.294815,10.138738, 267.907532, 0.999906
5, 942,6,98.218735, 99.264732, 128.860931, 77.294815,10.138738, 267.907532, 0.989463
5, 942,7,204.710358, 203.166641, 128.860931, 77.294815,10.138738, 267.907532, 1.007598
5, 942,8,69.739037, 70.924118, 128.860931, 77.294815,10.138738, 267.907532, 0.983291
5, 942,9,103.755264, 102.672165, 128.860931, 77.294815,10.138738, 267.907532, 1.010549
5, 942,10,178.853729, 179.593170, 128.860931, 77.294815,10.138738, 267.907532, 0.995883
5, 942,11,188.278625, 187.571136, 128.860931, 77.294815,10.138738, 267.907532, 1.003772
5, 942,12,267.907532, 268.210815, 128.860931, 77.294815,10.138738, 267.907532, 0.998869
5, 942,13,68.208313, 68.384933, 128.860931, 77.294815,10.138738, 267.907532, 0.997417
5, 942,14,145.391495, 145.133926, 128.860931, 77.294815,10.138738, 267.907532, 1.001775
5, 942,15,123.577477, 122.625259, 128.860931, 77.294815,10.138738, 267.907532, 1.007765
5, 942,16,24.495165, 24.932060, 128.860931, 77.294815,10.138738, 267.907532, 0.982477
5, 942,17,111.557289, 110.584595, 128.860931, 77.294815,10.138738, 267.907532, 1.008796
5, 942,18,36.027016, 35.449211, 128.860931, 77.294815,10.138738, 267.907532, 1.016299
5, 942,19,97.882919, 97.380821, 128.860931, 77.294815,10.138738, 267.907532, 1.005156
5, 942,20,196.662064, 195.360703, 128.860931, 77.294815,10.138738, 267.907532, 1.006661
5, 942,21,72.954491, 72.701553, 128.860931, 77.294815,10.138738, 267.907532, 1.003479
5, 942,22,214.221725, 213.995056, 128.860931, 77.294815,10.138738, 267.907532, 1.001059
5, 942,23,10.138738, 11.285975, 128.860931, 77.294815,10.138738, 267.907532, 0.898348
5, 942,24,124.418190, 124.591080, 128.860931, 77.294815,10.138738, 267.907532, 0.998612
5, 942,25,91.845039, 92.154999, 128.860931, 77.294815,10.138738, 267.907532, 0.996637
5, 942,26,247.479416, 248.208557, 128.860931, 77.294815,10.138738, 267.907532, 0.997062
5, 942,27,14.564500, 15.209431, 128.860931, 77.294815,10.138738, 267.907532, 0.957597
5, 942,28,251.520935, 250.788696, 128.860931, 77.294815,10.138738, 267.907532, 1.002920
5, 942,29,73.826294, 73.954758, 128.860931, 77.294815,10.138738, 267.907532, 0.998263
5, 942,30,120.541649, 119.651947, 128.860931, 77.294815,10.138738, 267.907532, 1.007436
5, 942,31,133.959839, 135.231094, 128.860931, 77.294815,10.138738, 267.907532, 0.990599
5, 943,0,153.530853, 151.948334, 128.923035, 67.437462,14.160837, 232.724045, 1.010415
5, 943,1,109.540466, 109.232422, 128.923035, 67.437462,14.160837, 232.724045, 1.002820
5, 943,2,126.039566, 125.831314, 128.923035, 67.437462,14.160837, 232.724045, 1.001655
5, 943,3,220.403534, 219.297012, 128.923035, 67.437462,14.160837, 232.724045, 1.005046
5, 943,4,194.573700, 194.814011, 128.923035, 67.437462,14.160837, 232.724045, 0.998766
5, 943,5,232.724045, 232.001480, 128.923035, 67.437462,14.160837, 232.724045, 1.003114
5, 943,6,154.057159, 154.208725, 128.923035, 67.437462,14.160837, 232.724045, 0.999017
5, 943,7,178.029144, 176.819412, 128.923035, 67.437462,14.160837, 232.724045, 1.006842
5, 943,8,67.171257, 65.767601, 128.923035, 67.437462,14.160837, 232.724045, 1.021343
5, 943,9,213.498611, 212.577133, 128.923035, 67.437462,14.160837, 232.724045, 1.004335
5, 943,10,53.340927, 52.184845, 128.923035, 67.437462,14.160837, 232.724045, 1.022154
5, 943,11,195.920990, 195.556122, 128.923035, 67.437462,14.160837, 232.724045, 1.001866
5, 943,12,53.707954, 52.783985, 128.923035, 67.437462,14.160837, 232.724045, 1.017505
5, 943,13,124.645981, 123.979424, 128.923035, 67.437462,14.160837, 232.724045, 1.005376
5, 943,14,22.987556, 24.787846, 128.923035, 67.437462,14.160837, 232.724045, 0.927372
5, 943,15,62.051414, 61.423843, 128.923035, 67.437462,14.160837, 232.724045, 1.010217
5, 943,16,152.461304, 152.949158, 128.923035, 67.437462,14.160837, 232.724045, 0.996810
5, 943,17,14.160837, 14.268867, 128.923035, 67.437462,14.160837, 232.724045, 0.992429
5, 943,18,143.581512, 144.513550, 128.923035, 67.437462,14.160837, 232.724045, 0.993551
5, 943,19,133.372208, 133.960541, 128.923035, 67.437462,14.160837, 232.724045, 0.995608
5, 943,20,122.499855, 122.175186, 128.923035, 67.437462,14.160837, 232.724045, 1.002657
5, 943,21,230.230606, 231.524887, 128.923035, 67.437462,14.160837, 232.724045, 0.994410
5, 943,22,186.439606, 185.098434, 128.923035, 67.437462,14.160837, 232.724045, 1.007246
5, 943,23,88.700104, 88.092346, 128.923035, 67.437462,14.160837, 232.724045, 1.006899
5, 943,24,43.402454, 42.959465, 128.923035, 67.437462,14.160837, 232.724045, 1.010312
5, 943,25,194.644257, 194.548477, 128.923035, 67.437462,14.160837, 232.724045, 1.000492
5, 943,26,102.237572, 102.430840, 128.923035, 67.437462,14.160837, 232.724045, 0.998113
5, 943,27,175.584610, 176.587921, 128.923035, 67.437462,14.160837, 232.724045, 0.994318
5, 943,28,21.967257, 22.922344, 128.923035, 67.437462,14.160837, 232.724045, 0.958334
5, 943,29,217.826721, 217.656204, 128.923035, 67.437462,14.160837, 232.724045, 1.000783
5, 943,30,52.213722, 53.893753, 128.923035, 67.437462,14.160837, 232.724045, 0.968827
5, 943,31,83.990730, 84.204750, 128.923035, 67.437462,14.160837, 232.724045, 0.997458
5, 944,0,225.246841, 225.106964, 128.711792, 86.053177,9.836998, 249.365036, 1.000621
5, 944,1,197.264297, 197.632889, 128.711792, 86.053177,9.836998, 249.365036, 0.998135
5, 944,2,82.722137, 82.669930, 128.711792, 86.053177,9.836998, 249.365036, 1.000632
5, 944,3,167.158020, 165.777878, 128.711792, 86.053177,9.836998, 249.365036, 1.008325
5, 944,4,142.892761, 142.859955, 128.711792, 86.053177,9.836998, 249.365036, 1.000230
5, 944,5,85.904335, 85.732773, 128.711792, 86.053177,9.836998, 249.365036, 1.002001
5, 944,6,96.369942, 98.243149, 128.711792, 86.053177,9.836998, 249.365036, 0.980933
5, 944,7,24.361568, 24.712273, 128.711792, 86.053177,9.836998, 249.365036, 0.985808
5, 944,8,18.748566, 18.693268, 128.711792, 86.053177,9.836998, 249.365036, 1.002958
5, 944,9,98.203140, 97.686966, 128.711792, 86.053177,9.836998, 249.365036, 1.005284
5, 944,10,162.139099, 161.511261, 128.711792, 86.053177,9.836998, 249.365036, 1.003887
5, 944,11,240.485992, 238.280212, 128.711792, 86.053177,9.836998, 249.365036, 1.009257
5, 944,12,60.891434, 60.353912, 128.711792, 86.053177,9.836998, 249.365036, 1.008906
5, 944,13,235.910339, 237.434494, 128.711792, 86.053177,9.836998, 249.365036, 0.993581
5, 944,14,249.365036, 251.476303, 128.711792, 86.053177,9.836998, 249.365036, 0.991605
5, 944,15,23.312326, 23.081806, 128.711792, 86.053177,9.836998, 249.365036, 1.009987
5, 944,16,38.277699, 39.142639, 128.711792, 86.053177,9.836998, 249.365036, 0.977903
5, 944,17,65.106613, 64.818634, 128.711792, 86.053177,9.836998, 249.365036, 1.004443
5, 944,18,200.259109, 199.065262, 128.711792, 86.053177,9.836998, 249.365036, 1.005997
5, 944,19,235.574875, 235.575470, 128.711792, 86.053177,9.836998, 249.365036, 0.999997
5, 944,20,208.202576, 207.613754, 128.711792, 86.053177,9.836998, 249.365036, 1.002836
5, 944,21,218.024933, 217.823212, 128.711792, 86.053177,9.836998, 249.365036, 1.000926
5, 944,22,20.684179, 19.973259, 128.711792, 86.053177,9.836998, 249.365036, 1.035594
5, 944,23,158.242615, 157.884613, 128.711792, 86.053177,9.836998, 249.365036, 1.002267
5, 944,24,114.590927, 113.283043, 128.711792, 86.053177,9.836998, 249.365036, 1.011545
5, 944,25,9.860641, 10.959993, 128.711792, 86.053177,9.836998, 249.365036, 0.899694
5, 944,26,35.213203, 35.356003, 128.711792, 86.053177,9.836998, 249.365036, 0.995961
5, 944,27,161.627716, 162.715057, 128.711792, 86.053177,9.836998, 249.365036, 0.993317
5, 944,28,245.683624, 246.744919, 128.711792, 86.053177,9.836998, 249.365036, 0.995699
5, 944,29,9.836998, 11.744749, 128.711792, 86.053177,9.836998, 249.365036, 0.837566
5, 944,30,39.390007, 39.256927, 128.711792, 86.053177,9.836998, 249.365036, 1.003390
5, 944,31,247.226563, 247.788712, 128.711792, 86.053177,9.836998, 249.365036, 0.997731
5, 945,0,110.482338, 110.769684, 128.882813, 72.575806,21.718222, 264.281372, 0.997406
5, 945,1,157.873123, 157.918198, 128.882813, 72.575806,21.718222, 264.281372, 0.999715
5, 945,2,152.833191, 152.299820, 128.882813, 72.575806,21.718222, 264.281372, 1.003502
5, 945,3,35.357090, 35.364914, 128.882813, 72.575806,21.718222, 264.281372, 0.999779
5, 945,4,100.979820, 100.863579, 128.882813, 72.575806,21.718222, 264.281372, 1.001153
5, 945,5,264.281372, 263.386353, 128.882813, 72.575806,21.718222, 264.281372, 1.003398
5, 945,6,54.428051, 54.922520, 128.882813, 72.575806,21.718222, 264.281372, 0.990997
5, 945,7,215.271027, 215.605331, 128.882813, 72.575806,21.718222, 264.281372, 0.998449
5, 945,8,145.000656, 144.504700, 128.882813, 72.575806,21.718222, 264.281372, 1.003432
5, 945,9,55.385750, 55.826061, 128.882813, 72.575806,21.718222, 264.281372, 0.992113
5, 945,10,183.651703, 184.712357, 128.882813, 72.575806,21.718222, 264.281372, 0.994258
5, 945,11,244.177826, 243.541229, 128.882813, 72.575806,21.718222, 264.281372, 1.002614
5, 945,12,108.247635, 108.790115, 128.882813, 72.575806,21.718222, 264.281372, 0.995014
5, 945,13,156.727737, 155.881134, 128.882813, 72.575806,21.718222, 264.281372, 1.005431
5, 945,14,33.146118, 32.465366, 128.882813, 72.575806,21.718222, 264.281372, 1.020969
5, 945,15,145.265015, 145.572525, 128.882813, 72.575806,21.718222, 264.281372, 0.997888
5, 945,16,247.229187, 246.391510, 128.882813, 72.575806,21.718222, 264.281372, 1.003400
5, 945,17,21.718222, 21.236790, 128.882813, 72.575806,21.718222, 264.281372, 1.022670
5, 945,18,174.827438, 174.436630, 128.882813, 72.575806,21.718222, 264.281372, 1.002240
5, 945,19,134.279770, 133.908600, 128.882813, 72.575806,21.718222, 264.281372, 1.002772
5, 945,20,154.205917, 153.630493, 128.882813, 72.575806,21.718222, 264.281372, 1.003746
5, 945,21,29.062431, 29.278322, 128.882813, 72.575806,21.718222, 264.281372, 0.992626
5, 945,22,228.037842, 229.790955, 128.882813, 72.575806,21.718222, 264.281372, 0.992371
5, 945,23,38.593632, 39.044800, 128.882813, 72.575806,21.718222, 264.281372, 0.988445
5, 945,24,103.919113, 103.171715, 128.882813, 72.575806,21.718222, 264.281372, 1.007244
5, 945,25,203.899353, 204.311050, 128.882813, 72.575806,21.718222, 264.281372, 0.997985
5, 945,26,155.877365, 155.708633, 128.882813, 72.575806,21.718222, 264.281372, 1.001084
5, 945,27,34.126789, 33.754967, 128.882813, 72.575806,21.718222, 264.281372, 1.011015
5, 945,28,117.066284, 116.724861, 128.882813, 72.575806,21.718222, 264.281372, 1.002925
5, 945,29,72.355194, 72.377335, 128.882813, 72.575806,21.718222, 264.281372, 0.999694
5, 945,30,43.928135, 43.677513, 128.882813, 72.575806,21.718222, 264.281372, 1.005738
5, 945,31,202.014557, 201.132217, 128.882813, 72.575806,21.718222, 264.281372, 1.004387
5, 946,0,63.550209, 64.143021, 129.078247, 46.698345,37.454758, 205.446060, 0.990758
5, 946,1,168.326797, 168.008118, 129.078247, 46.698345,37.454758, 205.446060, 1.001897
5, 946,2,132.225266, 131.839996, 129.078247, 46.698345,37.454758, 205.446060, 1.002922
5, 946,3,100.400009, 100.553726, 129.078247, 46.698345,37.454758, 205.446060, 0.998471
5, 946,4,48.483051, 44.700535, 129.078247, 46.698345,37.454758, 205.446060, 1.084619
5, 946,5,84.792305, 83.415710, 129.078247, 46.698345,37.454758, 205.446060, 1.016503
5, 946,6,199.738937, 199.997864, 129.078247, 46.698345,37.454758, 205.446060, 0.998705
5, 946,7,111.491302, 110.244637, 129.078247, 46.698345,37.454758, 205.446060, 1.011308
5, 946,8,202.035339, 202.593430, 129.078247, 46.698345,37.454758, 205.446060, 0.997245
5, 946,9,139.560440, 137.522354, 129.078247, 46.698345,37.454758, 205.446060, 1.014820
5, 946,10,157.097244, 156.261368, 129.078247, 46.698345,37.454758, 205.446060, 1.005349
5, 946,11,146.677032, 145.375763, 129.078247, 46.698345,37.454758, 205.446060, 1.008951
5, 946,12,201.151901, 202.623749, 129.078247, 46.698345,37.454758, 205.446060, 0.992736
5, 946,13,170.492126, 170.864441, 129.078247, 46.698345,37.454758, 205.446060, 0.997821
5, 946,14,100.597748, 99.128586, 129.078247, 46.698345,37.454758, 205.446060, 1.014821
5, 946,15,156.078018, 155.867172, 129.078247, 46.698345,37.454758, 205.446060, 1.001353
5, 946,16,153.352768, 154.357147, 129.078247, 46.698345,37.454758, 205.446060, 0.993493
5, 946,17,73.437881, 76.089912, 129.078247, 46.698345,37.454758, 205.446060, 0.965146
5, 946,18,183.801712, 183.484497, 129.078247, 46.698345,37.454758, 205.446060, 1.001729
5, 946,19,78.761719, 79.237335, 129.078247, 46.698345,37.454758, 205.446060, 0.993998
5, 946,20,131.499649, 131.639862, 129.078247, 46.698345,37.454758, 205.446060, 0.998935
5, 946,21,74.027374, 71.875145, 129.078247, 46.698345,37.454758, 205.446060, 1.029944
5, 946,22,123.046227, 121.736702, 129.078247, 46.698345,37.454758, 205.446060, 1.010757
5, 946,23,168.813629, 169.815308, 129.078247, 46.698345,37.454758, 205.446060, 0.994101
5, 946,24,104.121292, 103.943726, 129.078247, 46.698345,37.454758, 205.446060, 1.001708
5, 946,25,139.744370, 138.917160, 129.078247, 46.698345,37.454758, 205.446060, 1.005955
5, 946,26,205.446060, 205.134415, 129.078247, 46.698345,37.454758, 205.446060, 1.001519
5, 946,27,144.375656, 145.424271, 129.078247, 46.698345,37.454758, 205.446060, 0.992789
5, 946,28,37.454758, 37.277702, 129.078247, 46.698345,37.454758, 205.446060, 1.004750
5, 946,29,140.046906, 139.402313, 129.078247, 46.698345,37.454758, 205.446060, 1.004624
5, 946,30,76.396805, 76.011070, 129.078247, 46.698345,37.454758, 205.446060, 1.005075
5, 946,31,113.478920, 113.513367, 129.078247, 46.698345,37.454758, 205.446060, 0.999697
5, 947,0,22.407120, 22.934746, 128.565262, 63.990192,10.335195, 214.184021, 0.976994
5, 947,1,58.529339, 58.654900, 128.565262, 63.990192,10.335195, 214.184021, 0.997859
5, 947,2,134.607712, 135.355911, 128.565262, 63.990192,10.335195, 214.184021, 0.994472
5, 947,3,192.078125, 192.342438, 128.565262, 63.990192,10.335195, 214.184021, 0.998626
5, 947,4,198.271942, 199.496994, 128.565262, 63.990192,10.335195, 214.184021, 0.993859
5, 947,5,80.394043, 80.874786, 128.565262, 63.990192,10.335195, 214.184021, 0.994056
5, 947,6,170.742752, 170.898514, 128.565262, 63.990192,10.335195, 214.184021, 0.999089
5, 947,7,107.922531, 107.763542, 128.565262, 63.990192,10.335195, 214.184021, 1.001475
5, 947,8,47.298809, 47.456184, 128.565262, 63.990192,10.335195, 214.184021, 0.996684
5, 947,9,188.196533, 187.443420, 128.565262, 63.990192,10.335195, 214.184021, 1.004018
5, 947,10,214.184021, 213.404968, 128.565262, 63.990192,10.335195, 214.184021, 1.003651
5, 947,11,91.983360, 90.968750, 128.565262, 63.990192,10.335195, 214.184021, 1.011153
5, 947,12,51.434811, 52.296032, 128.565262, 63.990192,10.335195, 214.184021, 0.983532
5, 947,13,95.214905, 96.249176, 128.565262, 63.990192,10.335195, 214.184021, 0.989254
5, 947,14,62.721840, 64.303574, 128.565262, 63.990192,10.335195, 214.184021, 0.975402
5, 947,15,100.938103, 101.444122, 128.565262, 63.990192,10.335195, 214.184021, 0.995012
5, 947,16,197.316330, 197.142838, 128.565262, 63.990192,10.335195, 214.184021, 1.000880
5, 947,17,164.430344, 165.197235, 128.565262, 63.990192,10.335195, 214.184021, 0.995358
5, 947,18,205.376801, 205.882172, 128.565262, 63.990192,10.335195, 214.184021, 0.997545
5, 947,19,164.797958, 165.414230, 128.565262, 63.990192,10.335195, 214.184021, 0.996274
5, 947,20,186.736084, 185.904663, 128.565262, 63.990192,10.335195, 214.184021, 1.004472
5, 947,21,105.076973, 103.462914, 128.565262, 63.990192,10.335195, 214.184021, 1.015600
5, 947,22,199.953888, 199.786331, 128.565262, 63.990192,10.335195, 214.184021, 1.000839
5, 947,23,36.151115, 35.862915, 128.565262, 63.990192,10.335195, 214.184021, 1.008036
5, 947,24,165.978256, 166.709686, 128.565262, 63.990192,10.335195, 214.184021, 0.995613
5, 947,25,60.492451, 60.154202, 128.565262, 63.990192,10.335195, 214.184021, 1.005623
5, 947,26,81.513168, 80.657776, 128.565262, 63.990192,10.335195, 214.184021, 1.010605
5, 947,27,208.900848, 209.913193, 128.565262, 63.990192,10.335195, 214.184021, 0.995177
5, 947,28,183.921234, 184.845947, 128.565262, 63.990192,10.335195, 214.184021, 0.994997
5, 947,29,136.704315, 137.723206, 128.565262, 63.990192,10.335195, 214.184021, 0.992602
5, 947,30,10.335195, 11.321751, 128.565262, 63.990192,10.335195, 214.184021, 0.912862
5, 947,31,189.477966, 189.133423, 128.565262, 63.990192,10.335195, 214.184021, 1.001822
5, 948,0,162.470016, 163.263474, 128.726974, 67.649422,10.760678, 238.177673, 0.995140
5, 948,1,94.444366, 95.293259, 128.726974, 67.649422,10.760678, 238.177673, 0.991092
5, 948,2,39.688385, 40.340618, 128.726974, 67.649422,10.760678, 238.177673, 0.983832
5, 948,3,113.105644, 112.984726, 128.726974, 67.649422,10.760678, 238.177673, 1.001070
5, 948,4,55.473446, 56.023827, 128.726974, 67.649422,10.760678, 238.177673, 0.990176
5, 948,5,210.532700, 209.438995, 128.726974, 67.649422,10.760678, 238.177673, 1.005222
5, 948,6,181.307129, 180.572067, 128.726974, 67.649422,10.760678, 238.177673, 1.004071
5, 948,7,84.602104, 84.804070, 128.726974, 67.649422,10.760678, 238.177673, 0.997618
5, 948,8,69.855286, 69.352028, 128.726974, 67.649422,10.760678, 238.177673, 1.007257
5, 948,9,140.245163, 141.295410, 128.726974, 67.649422,10.760678, 238.177673, 0.992567
5, 948,10,10.760678, 11.336432, 128.726974, 67.649422,10.760678, 238.177673, 0.949212
5, 948,11,10.997513, 10.765739, 128.726974, 67.649422,10.760678, 238.177673, 1.021529
5, 948,12,43.441753, 43.591400, 128.726974, 67.649422,10.760678, 238.177673, 0.996567
5, 948,13,75.883026, 76.821594, 128.726974, 67.649422,10.760678, 238.177673, 0.987782
5, 948,14,208.994461, 208.824966, 128.726974, 67.649422,10.760678, 238.177673, 1.000812
5, 948,15,196.281631, 196.262497, 128.726974, 67.649422,10.760678, 238.177673, 1.000098
5, 948,16,228.139694, 227.296616, 128.726974, 67.649422,10.760678, 238.177673, 1.003709
5, 948,17,155.600143, 155.382111, 128.726974, 67.649422,10.760678, 238.177673, 1.001403
5, 948,18,185.948074, 185.354324, 128.726974, 67.649422,10.760678, 238.177673, 1.003203
5, 948,19,190.749969, 190.772293, 128.726974, 67.649422,10.760678, 238.177673, 0.999883
5, 948,20,208.739395, 209.272858, 128.726974, 67.649422,10.760678, 238.177673, 0.997451
5, 948,21,152.973755, 152.521439, 128.726974, 67.649422,10.760678, 238.177673, 1.002966
5, 948,22,135.942871, 135.949677, 128.726974, 67.649422,10.760678, 238.177673, 0.999950
5, 948,23,17.479019, 15.974213, 128.726974, 67.649422,10.760678, 238.177673, 1.094202
5, 948,24,116.600090, 116.473900, 128.726974, 67.649422,10.760678, 238.177673, 1.001083
5, 948,25,175.892929, 176.569992, 128.726974, 67.649422,10.760678, 238.177673, 0.996165
5, 948,26,41.991718, 43.150738, 128.726974, 67.649422,10.760678, 238.177673, 0.973140
5, 948,27,103.994034, 103.441879, 128.726974, 67.649422,10.760678, 238.177673, 1.005338
5, 948,28,238.177673, 238.688797, 128.726974, 67.649422,10.760678, 238.177673, 0.997859
5, 948,29,167.543427, 167.424469, 128.726974, 67.649422,10.760678, 238.177673, 1.000710
5, 948,30,145.049271, 145.181900, 128.726974, 67.649422,10.760678, 238.177673, 0.999086
5, 948,31,156.357651, 156.574081, 128.726974, 67.649422,10.760678, 238.177673, 0.998618
5, 949,0,101.038307, 100.390121, 128.689590, 64.302422,14.822769, 239.927673, 1.006457
5, 949,1,139.826828, 138.293365, 128.689590, 64.302422,14.822769, 239.927673, 1.011088
5, 949,2,166.008545, 164.886078, 128.689590, 64.302422,14.822769, 239.927673, 1.006808
5, 949,3,118.467056, 118.694199, 128.689590, 64.302422,14.822769, 239.927673, 0.998086
5, 949,4,209.619125, 207.608673, 128.689590, 64.302422,14.822769, 239.927673, 1.009684
5, 949,5,64.093071, 65.100616, 128.689590, 64.302422,14.822769, 239.927673, 0.984523
5, 949,6,65.930367, 65.524460, 128.689590, 64.302422,14.822769, 239.927673, 1.006195
5, 949,7,92.857162, 94.087296, 128.689590, 64.302422,14.822769, 239.927673, 0.986926
5, 949,8,202.157089, 201.101776, 128.689590, 64.302422,14.822769, 239.927673, 1.005248
5, 949,9,127.506989, 127.179062, 128.689590, 64.302422,14.822769, 239.927673, 1.002578
5, 949,10,89.014458, 89.723206, 128.689590, 64.302422,14.822769, 239.927673, 0.992101
5, 949,11,176.812347, 176.392853, 128.689590, 64.302422,14.822769, 239.927673, 1.002378
5, 949,12,216.762466, 217.420044, 128.689590, 64.302422,14.822769, 239.927673, 0.996976
5, 949,13,191.462418, 191.282578, 128.689590, 64.302422,14.822769, 239.927673, 1.000940
5, 949,14,192.452560, 193.755035, 128.689590, 64.302422,14.822769, 239.927673, 0.993278
5, 949,15,154.987457, 155.286652, 128.689590, 64.302422,14.822769, 239.927673, 0.998073
5, 949,16,239.927673, 240.103912, 128.689590, 64.302422,14.822769, 239.927673, 0.999266
5, 949,17,63.518154, 62.738033, 128.689590, 64.302422,14.822769, 239.927673, 1.012435
5, 949,18,21.807781, 21.875673, 128.689590, 64.302422,14.822769, 239.927673, 0.996896
5, 949,19,188.848511, 187.923157, 128.689590, 64.302422,14.822769, 239.927673, 1.004924
5, 949,20,83.585686, 84.684090, 128.689590, 64.302422,14.822769, 239.927673, 0.987029
5, 949,21,75.874443, 77.117569, 128.689590, 64.302422,14.822769, 239.927673, 0.983880
5, 949,22,120.858467, 121.229454, 128.689590, 64.302422,14.822769, 239.927673, 0.996940
5, 949,23,14.822769, 15.423721, 128.689590, 64.302422,14.822769, 239.927673, 0.961037
5, 949,24,108.953728, 109.463669, 128.689590, 64.302422,14.822769, 239.927673, 0.995341
5, 949,25,26.359173, 28.657286, 128.689590, 64.302422,14.822769, 239.927673, 0.919807
5, 949,26,172.933044, 173.410202, 128.689590, 64.302422,14.822769, 239.927673, 0.997248
5, 949,27,185.796936, 185.230942, 128.689590, 64.302422,14.822769, 239.927673, 1.003056
5, 949,28,24.139961, 24.049871, 128.689590, 64.302422,14.822769, 239.927673, 1.003746
5, 949,29,205.073502, 204.947845, 128.689590, 64.302422,14.822769, 239.927673, 1.000613
5, 949,30,166.221222, 166.196884, 128.689590, 64.302422,14.822769, 239.927673, 1.000146
5, 949,31,110.349831, 111.221863, 128.689590, 64.302422,14.822769, 239.927673, 0.992160
5, 950,0,269.953247, 267.636902, 128.787430, 88.569786,12.502029, 277.763672, 1.008655
5, 950,1,219.130524, 218.028473, 128.787430, 88.569786,12.502029, 277.763672, 1.005055
5, 950,2,12.502029, 12.873176, 128.787430, 88.569786,12.502029, 277.763672, 0.971169
5, 950,3,22.870157, 21.686007, 128.787430, 88.569786,12.502029, 277.763672, 1.054604
5, 950,4,56.307079, 54.925224, 128.787430, 88.569786,12.502029, 277.763672, 1.025159
5, 950,5,15.734311, 18.426226, 128.787430, 88.569786,12.502029, 277.763672, 0.853909
5, 950,6,220.232178, 219.311295, 128.787430, 88.569786,12.502029, 277.763672, 1.004199
5, 950,7,82.248116, 82.945267, 128.787430, 88.569786,12.502029, 277.763672, 0.991595
5, 950,8,182.017456, 182.803497, 128.787430, 88.569786,12.502029, 277.763672, 0.995700
5, 950,9,277.763672, 277.161407, 128.787430, 88.569786,12.502029, 277.763672, 1.002173
5, 950,10,269.717621, 269.728058, 128.787430, 88.569786,12.502029, 277.763672, 0.999961
5, 950,11,128.764374, 131.314789, 128.787430, 88.569786,12.502029, 277.763672, 0.980578
5, 950,12,38.605614, 37.747673, 128.787430, 88.569786,12.502029, 277.763672, 1.022728
5, 950,13,66.414322, 67.129631, 128.787430, 88.569786,12.502029, 277.763672, 0.989344
5, 950,14,163.320847, 163.763214, 128.787430, 88.569786,12.502029, 277.763672, 0.997299
5, 950,15,19.423784, 19.533319, 128.787430, 88.569786,12.502029, 277.763672, 0.994392
5, 950,16,74.789589, 74.650848, 128.787430, 88.569786,12.502029, 277.763672, 1.001858
5, 950,17,142.914795, 143.809158, 128.787430, 88.569786,12.502029, 277.763672, 0.993781
5, 950,18,55.012077, 55.909306, 128.787430, 88.569786,12.502029, 277.763672, 0.983952
5, 950,19,225.470154, 226.762207, 128.787430, 88.569786,12.502029, 277.763672, 0.994302
5, 950,20,202.599274, 202.915741, 128.787430, 88.569786,12.502029, 277.763672, 0.998440
5, 950,21,48.296425, 49.222801, 128.787430, 88.569786,12.502029, 277.763672, 0.981180
5, 950,22,197.968277, 198.425858, 128.787430, 88.569786,12.502029, 277.763672, 0.997694
5, 950,23,52.020908, 50.338684, 128.787430, 88.569786,12.502029, 277.763672, 1.033418
5, 950,24,209.272614, 208.829041, 128.787430, 88.569786,12.502029, 277.763672, 1.002124
5, 950,25,47.694511, 47.878471, 128.787430, 88.569786,12.502029, 277.763672, 0.996158
5, 950,26,208.713333, 207.836166, 128.787430, 88.569786,12.502029, 277.763672, 1.004220
5, 950,27,129.601456, 130.225266, 128.787430, 88.569786,12.502029, 277.763672, 0.995210
5, 950,28,136.623474, 135.716827, 128.787430, 88.569786,12.502029, 277.763672, 1.006680
5, 950,29,22.434269, 22.283485, 128.787430, 88.569786,12.502029, 277.763672, 1.006767
5, 950,30,256.973633, 255.142517, 128.787430, 88.569786,12.502029, 277.763672, 1.007177
5, 950,31,65.807335, 66.040108, 128.787430, 88.569786,12.502029, 277.763672, 0.996475
5, 951,0,107.516182, 108.326653, 128.555862, 74.381630,13.346479, 250.137436, 0.992518
5, 951,1,225.782410, 226.097351, 128.555862, 74.381630,13.346479, 250.137436, 0.998607
5, 951,2,13.346479, 13.348860, 128.555862, 74.381630,13.346479, 250.137436, 0.999822
5, 951,3,143.191055, 143.408554, 128.555862, 74.381630,13.346479, 250.137436, 0.998483
5, 951,4,207.567398, 207.899902, 128.555862, 74.381630,13.346479, 250.137436, 0.998401
5, 951,5,47.132774, 47.228401, 128.555862, 74.381630,13.346479, 250.137436, 0.997975
5, 951,6,228.111023, 228.634796, 128.555862, 74.381630,13.346479, 250.137436, 0.997709
5, 951,7,105.177567, 105.081062, 128.555862, 74.381630,13.346479, 250.137436, 1.000918
5, 951,8,52.442188, 53.011456, 128.555862, 74.381630,13.346479, 250.137436, 0.989261
5, 951,9,47.662506, 47.346424, 128.555862, 74.381630,13.346479, 250.137436, 1.006676
5, 951,10,127.124496, 126.848656, 128.555862, 74.381630,13.346479, 250.137436, 1.002175
5, 951,11,124.948441, 124.156288, 128.555862, 74.381630,13.346479, 250.137436, 1.006380
5, 951,12,209.403503, 209.286652, 128.555862, 74.381630,13.346479, 250.137436, 1.000558
5, 951,13,148.133698, 148.940796, 128.555862, 74.381630,13.346479, 250.137436, 0.994581
5, 951,14,37.653107, 37.410492, 128.555862, 74.381630,13.346479, 250.137436, 1.006485
5, 951,15,250.137436, 251.088409, 128.555862, 74.381630,13.346479, 250.137436, 0.996213
5, 951,16,188.461685, 188.854202, 128.555862, 74.381630,13.346479, 250.137436, 0.997922
5, 951,17,45.314819, 45.406445, 128.555862, 74.381630,13.346479, 250.137436, 0.997982
5, 951,18,27.277283, 27.179502, 128.555862, 74.381630,13.346479, 250.137436, 1.003598
5, 951,19,63.289318, 64.503799, 128.555862, 74.381630,13.346479, 250.137436, 0.981172
5, 951,20,104.545097, 105.516266, 128.555862, 74.381630,13.346479, 250.137436, 0.990796
5, 951,21,66.733879, 66.783089, 128.555862, 74.381630,13.346479, 250.137436, 0.999263
5, 951,22,112.914040, 113.150780, 128.555862, 74.381630,13.346479, 250.137436, 0.997908
5, 951,23,238.879379, 238.637115, 128.555862, 74.381630,13.346479, 250.137436, 1.001015
5, 951,24,232.886993, 232.426239, 128.555862, 74.381630,13.346479, 250.137436, 1.001982
5, 951,25,119.192970, 119.789490, 128.555862, 74.381630,13.346479, 250.137436, 0.995020
5, 951,26,208.737427, 209.397308, 128.555862, 74.381630,13.346479, 250.137436, 0.996849
5, 951,27,73.628983, 74.019279, 128.555862, 74.381630,13.346479, 250.137436, 0.994727
5, 951,28,99.993317, 101.378136, 128.555862, 74.381630,13.346479, 250.137436, 0.986340
5, 951,29,245.451080, 244.825867, 128.555862, 74.381630,13.346479, 250.137436, 1.002554
5, 951,30,57.220093, 57.437263, 128.555862, 74.381630,13.346479, 250.137436, 0.996219
5, 951,31,153.930954, 153.580521, 128.555862, 74.381630,13.346479, 250.137436, 1.002282
5, 952,0,105.528938, 105.945297, 128.642624, 64.457855,20.007891, 230.248489, 0.996070
5, 952,1,159.750214, 159.129730, 128.642624, 64.457855,20.007891, 230.248489, 1.003899
5, 952,2,220.610168, 221.615723, 128.642624, 64.457855,20.007891, 230.248489, 0.995463
5, 952,3,66.540306, 66.924454, 128.642624, 64.457855,20.007891, 230.248489, 0.994260
5, 952,4,37.530548, 38.119392, 128.642624, 64.457855,20.007891, 230.248489, 0.984553
5, 952,5,176.254395, 177.088730, 128.642624, 64.457855,20.007891, 230.248489, 0.995289
5, 952,6,134.383575, 136.045502, 128.642624, 64.457855,20.007891, 230.248489, 0.987784
5, 952,7,139.216858, 140.789795, 128.642624, 64.457855,20.007891, 230.248489, 0.988828
5, 952,8,64.818573, 64.070953, 128.642624, 64.457855,20.007891, 230.248489, 1.011669
5, 952,9,31.601456, 32.564774, 128.642624, 64.457855,20.007891, 230.248489, 0.970418
5, 952,10,102.313538, 103.424255, 128.642624, 64.457855,20.007891, 230.248489, 0.989261
5, 952,11,230.248489, 231.651443, 128.642624, 64.457855,20.007891, 230.248489, 0.993944
5, 952,12,171.798584, 171.070068, 128.642624, 64.457855,20.007891, 230.248489, 1.004259
5, 952,13,220.580170, 220.396759, 128.642624, 64.457855,20.007891, 230.248489, 1.000832
5, 952,14,106.479561, 106.104599, 128.642624, 64.457855,20.007891, 230.248489, 1.003534
5, 952,15,191.155731, 190.435059, 128.642624, 64.457855,20.007891, 230.248489, 1.003784
5, 952,16,165.458511, 164.178757, 128.642624, 64.457855,20.007891, 230.248489, 1.007795
5, 952,17,189.230499, 188.087158, 128.642624, 64.457855,20.007891, 230.248489, 1.006079
5, 952,18,105.876961, 107.088081, 128.642624, 64.457855,20.007891, 230.248489, 0.988690
5, 952,19,104.575577, 105.204224, 128.642624, 64.457855,20.007891, 230.248489, 0.994025
5, 952,20,187.730255, 188.447311, 128.642624, 64.457855,20.007891, 230.248489, 0.996195
5, 952,21,200.181595, 201.862885, 128.642624, 64.457855,20.007891, 230.248489, 0.991671
5, 952,22,38.474510, 40.515770, 128.642624, 64.457855,20.007891, 230.248489, 0.949618
5, 952,23,132.138931, 131.100372, 128.642624, 64.457855,20.007891, 230.248489, 1.007922
5, 952,24,20.007891, 19.246155, 128.642624, 64.457855,20.007891, 230.248489, 1.039579
5, 952,25,102.337944, 99.705009, 128.642624, 64.457855,20.007891, 230.248489, 1.026407
5, 952,26,63.829464, 63.232914, 128.642624, 64.457855,20.007891, 230.248489, 1.009434
5, 952,27,218.555557, 217.861847, 128.642624, 64.457855,20.007891, 230.248489, 1.003184
5, 952,28,22.935839, 21.559423, 128.642624, 64.457855,20.007891, 230.248489, 1.063843
5, 952,29,71.816315, 73.137032, 128.642624, 64.457855,20.007891, 230.248489, 0.981942
5, 952,30,168.266922, 166.789841, 128.642624, 64.457855,20.007891, 230.248489, 1.008856
5, 952,31,166.336075, 167.607101, 128.642624, 64.457855,20.007891, 230.248489, 0.992417
5, 953,0,223.778824, 224.530212, 128.800735, 61.638317,26.009390, 248.021683, 0.996653
5, 953,1,114.796394, 115.969543, 128.800735, 61.638317,26.009390, 248.021683, 0.989884
5, 953,2,189.079010, 189.653687, 128.800735, 61.638317,26.009390, 248.021683, 0.996970
5, 953,3,121.357330, 122.240059, 128.800735, 61.638317,26.009390, 248.021683, 0.992779
5, 953,4,94.691711, 93.737701, 128.800735, 61.638317,26.009390, 248.021683, 1.010177
5, 953,5,59.328548, 59.705151, 128.800735, 61.638317,26.009390, 248.021683, 0.993692
5, 953,6,166.879379, 165.918991, 128.800735, 61.638317,26.009390, 248.021683, 1.005788
5, 953,7,49.184181, 49.473911, 128.800735, 61.638317,26.009390, 248.021683, 0.994144
5, 953,8,240.577866, 240.299042, 128.800735, 61.638317,26.009390, 248.021683, 1.001160
5, 953,9,133.006180, 133.256042, 128.800735, 61.638317,26.009390, 248.021683, 0.998125
5, 953,10,179.397552, 179.977692, 128.800735, 61.638317,26.009390, 248.021683, 0.996777
5, 953,11,44.819241, 44.639618, 128.800735, 61.638317,26.009390, 248.021683, 1.004024
5, 953,12,102.263588, 101.540688, 128.800735, 61.638317,26.009390, 248.021683, 1.007119
5, 953,13,163.460175, 162.683792, 128.800735, 61.638317,26.009390, 248.021683, 1.004772
5, 953,14,152.386642, 153.474213, 128.800735, 61.638317,26.009390, 248.021683, 0.992914
5, 953,15,82.022179, 81.403954, 128.800735, 61.638317,26.009390, 248.021683, 1.007595
5, 953,16,176.215652, 176.794312, 128.800735, 61.638317,26.009390, 248.021683, 0.996727
5, 953,17,178.366241, 178.600693, 128.800735, 61.638317,26.009390, 248.021683, 0.998687
5, 953,18,140.223557, 139.200821, 128.800735, 61.638317,26.009390, 248.021683, 1.007347
5, 953,19,174.187408, 173.973694, 128.800735, 61.638317,26.009390, 248.021683, 1.001228
5, 953,20,26.009390, 27.027384, 128.800735, 61.638317,26.009390, 248.021683, 0.962335
5, 953,21,140.658737, 140.333496, 128.800735, 61.638317,26.009390, 248.021683, 1.002318
5, 953,22,87.974312, 87.326515, 128.800735, 61.638317,26.009390, 248.021683, 1.007418
5, 953,23,139.144089, 138.401260, 128.800735, 61.638317,26.009390, 248.021683, 1.005367
5, 953,24,112.950966, 112.734344, 128.800735, 61.638317,26.009390, 248.021683, 1.001922
5, 953,25,33.369965, 31.994936, 128.800735, 61.638317,26.009390, 248.021683, 1.042976
5, 953,26,193.698364, 193.895737, 128.800735, 61.638317,26.009390, 248.021683, 0.998982
5, 953,27,32.406483, 32.920338, 128.800735, 61.638317,26.009390, 248.021683, 0.984391
5, 953,28,139.192734, 139.467331, 128.800735, 61.638317,26.009390, 248.021683, 0.998031
5, 953,29,248.021683, 247.154434, 128.800735, 61.638317,26.009390, 248.021683, 1.003509
5, 953,30,140.660004, 141.133057, 128.800735, 61.638317,26.009390, 248.021683, 0.996648
5, 953,31,41.515636, 41.537674, 128.800735, 61.638317,26.009390, 248.021683, 0.999469
5, 954,0,45.415592, 45.607121, 128.852585, 79.906265,16.430264, 257.933167, 0.995800
5, 954,1,120.840034, 122.229843, 128.852585, 79.906265,16.430264, 257.933167, 0.988630
5, 954,2,27.445364, 27.706144, 128.852585, 79.906265,16.430264, 257.933167, 0.990588
5, 954,3,150.633438, 148.976105, 128.852585, 79.906265,16.430264, 257.933167, 1.011125
5, 954,4,179.316483, 179.182541, 128.852585, 79.906265,16.430264, 257.933167, 1.000748
5, 954,5,78.323647, 78.985390, 128.852585, 79.906265,16.430264, 257.933167, 0.991622
5, 954,6,82.504715, 83.006683, 128.852585, 79.906265,16.430264, 257.933167, 0.993953
5, 954,7,22.124237, 21.378069, 128.852585, 79.906265,16.430264, 257.933167, 1.034903
5, 954,8,236.733215, 236.166382, 128.852585, 79.906265,16.430264, 257.933167, 1.002400
5, 954,9,241.850250, 241.629425, 128.852585, 79.906265,16.430264, 257.933167, 1.000914
5, 954,10,16.430264, 15.283789, 128.852585, 79.906265,16.430264, 257.933167, 1.075012
5, 954,11,64.364792, 63.656166, 128.852585, 79.906265,16.430264, 257.933167, 1.011132
5, 954,12,102.024864, 101.640213, 128.852585, 79.906265,16.430264, 257.933167, 1.003784
5, 954,13,96.297562, 96.146011, 128.852585, 79.906265,16.430264, 257.933167, 1.001576
5, 954,14,241.149628, 240.024033, 128.852585, 79.906265,16.430264, 257.933167, 1.004689
5, 954,15,239.221024, 238.543320, 128.852585, 79.906265,16.430264, 257.933167, 1.002841
5, 954,16,217.430496, 218.281006, 128.852585, 79.906265,16.430264, 257.933167, 0.996104
5, 954,17,257.933167, 258.829041, 128.852585, 79.906265,16.430264, 257.933167, 0.996539
5, 954,18,96.380730, 98.024170, 128.852585, 79.906265,16.430264, 257.933167, 0.983234
5, 954,19,103.562973, 103.744377, 128.852585, 79.906265,16.430264, 257.933167, 0.998251
5, 954,20,107.092712, 107.033104, 128.852585, 79.906265,16.430264, 257.933167, 1.000557
5, 954,21,50.968655, 51.187050, 128.852585, 79.906265,16.430264, 257.933167, 0.995733
5, 954,22,182.650757, 182.931061, 128.852585, 79.906265,16.430264, 257.933167, 0.998468
5, 954,23,33.717045, 33.106834, 128.852585, 79.906265,16.430264, 257.933167, 1.018432
5, 954,24,227.823685, 226.050827, 128.852585, 79.906265,16.430264, 257.933167, 1.007843
5, 954,25,126.919617, 126.874596, 128.852585, 79.906265,16.430264, 257.933167, 1.000355
5, 954,26,238.168961, 238.216019, 128.852585, 79.906265,16.430264, 257.933167, 0.999802
5, 954,27,150.712158, 151.929718, 128.852585, 79.906265,16.430264, 257.933167, 0.991986
5, 954,28,216.649292, 217.073059, 128.852585, 79.906265,16.430264, 257.933167, 0.998048
5, 954,29,102.481064, 103.417068, 128.852585, 79.906265,16.430264, 257.933167, 0.990949
5, 954,30,38.852764, 37.307365, 128.852585, 79.906265,16.430264, 257.933167, 1.041423
5, 954,31,27.263464, 26.833309, 128.852585, 79.906265,16.430264, 257.933167, 1.016031
5, 955,0,210.687103, 211.257553, 129.024063, 67.872543,15.540479, 222.221588, 0.997300
5, 955,1,149.085007, 149.401855, 129.024063, 67.872543,15.540479, 222.221588, 0.997879
5, 955,2,52.767735, 54.027126, 129.024063, 67.872543,15.540479, 222.221588, 0.976690
5, 955,3,199.662277, 198.696075, 129.024063, 67.872543,15.540479, 222.221588, 1.004863
5, 955,4,44.438179, 44.614162, 129.024063, 67.872543,15.540479, 222.221588, 0.996055
5, 955,5,208.181671, 207.261597, 129.024063, 67.872543,15.540479, 222.221588, 1.004439
5, 955,6,171.710632, 172.451874, 129.024063, 67.872543,15.540479, 222.221588, 0.995702
5, 955,7,148.149063, 147.733063, 129.024063, 67.872543,15.540479, 222.221588, 1.002816
5, 955,8,16.846996, 15.958069, 129.024063, 67.872543,15.540479, 222.221588, 1.055704
5, 955,9,138.533096, 139.063232, 129.024063, 67.872543,15.540479, 222.221588, 0.996188
5, 955,10,160.071472, 159.114670, 129.024063, 67.872543,15.540479, 222.221588, 1.006013
5, 955,11,108.215446, 106.007034, 129.024063, 67.872543,15.540479, 222.221588, 1.020833
5, 955,12,29.758781, 29.647284, 129.024063, 67.872543,15.540479, 222.221588, 1.003761
5, 955,13,222.221588, 220.970383, 129.024063, 67.872543,15.540479, 222.221588, 1.005662
5, 955,14,178.885254, 178.990112, 129.024063, 67.872543,15.540479, 222.221588, 0.999414
5, 955,15,122.553818, 122.740471, 129.024063, 67.872543,15.540479, 222.221588, 0.998479
5, 955,16,122.423660, 121.228142, 129.024063, 67.872543,15.540479, 222.221588, 1.009862
5, 955,17,118.401947, 117.010567, 129.024063, 67.872543,15.540479, 222.221588, 1.011891
5, 955,18,113.440498, 112.440964, 129.024063, 67.872543,15.540479, 222.221588, 1.008889
5, 955,19,202.216446, 201.505615, 129.024063, 67.872543,15.540479, 222.221588, 1.003528
5, 955,20,171.163025, 171.252457, 129.024063, 67.872543,15.540479, 222.221588, 0.999478
5, 955,21,192.340332, 191.479889, 129.024063, 67.872543,15.540479, 222.221588, 1.004494
5, 955,22,22.395061, 23.565361, 129.024063, 67.872543,15.540479, 222.221588, 0.950338
5, 955,23,204.389664, 203.506851, 129.024063, 67.872543,15.540479, 222.221588, 1.004338
5, 955,24,114.180717, 115.146210, 129.024063, 67.872543,15.540479, 222.221588, 0.991615
5, 955,25,50.037605, 51.602180, 129.024063, 67.872543,15.540479, 222.221588, 0.969680
5, 955,26,179.757339, 180.026596, 129.024063, 67.872543,15.540479, 222.221588, 0.998504
5, 955,27,28.225628, 28.402218, 129.024063, 67.872543,15.540479, 222.221588, 0.993783
5, 955,28,174.879730, 175.209290, 129.024063, 67.872543,15.540479, 222.221588, 0.998119
5, 955,29,15.540479, 14.328400, 129.024063, 67.872543,15.540479, 222.221588, 1.084593
5, 955,30,204.365082, 203.904495, 129.024063, 67.872543,15.540479, 222.221588, 1.002259
5, 955,31,53.245541, 52.456123, 129.024063, 67.872543,15.540479, 222.221588, 1.015049
5, 956,0,101.049080, 101.612076, 128.822510, 58.208210,12.992349, 202.239410, 0.994459
5, 956,1,181.644501, 180.876328, 128.822510, 58.208210,12.992349, 202.239410, 1.004247
5, 956,2,30.987024, 29.117218, 128.822510, 58.208210,12.992349, 202.239410, 1.064216
5, 956,3,192.113892, 191.854218, 128.822510, 58.208210,12.992349, 202.239410, 1.001354
5, 956,4,179.936218, 179.099136, 128.822510, 58.208210,12.992349, 202.239410, 1.004674
5, 956,5,98.777588, 98.483475, 128.822510, 58.208210,12.992349, 202.239410, 1.002986
5, 956,6,112.098465, 110.800438, 128.822510, 58.208210,12.992349, 202.239410, 1.011715
5, 956,7,195.953796, 195.606094, 128.822510, 58.208210,12.992349, 202.239410, 1.001778
5, 956,8,164.877594, 164.295334, 128.822510, 58.208210,12.992349, 202.239410, 1.003544
5, 956,9,149.410416, 149.257034, 128.822510, 58.208210,12.992349, 202.239410, 1.001028
5, 956,10,154.383514, 154.687347, 128.822510, 58.208210,12.992349, 202.239410, 0.998036
5, 956,11,42.895123, 42.915184, 128.822510, 58.208210,12.992349, 202.239410, 0.999533
5, 956,12,198.125290, 196.179977, 128.822510, 58.208210,12.992349, 202.239410, 1.009916
5, 956,13,170.916031, 171.447327, 128.822510, 58.208210,12.992349, 202.239410, 0.996901
5, 956,14,183.083801, 183.591492, 128.822510, 58.208210,12.992349, 202.239410, 0.997235
5, 956,15,142.621902, 142.462936, 128.822510, 58.208210,12.992349, 202.239410, 1.001116
5, 956,16,145.258575, 144.764664, 128.822510, 58.208210,12.992349, 202.239410, 1.003412
5, 956,17,200.503143, 198.907486, 128.822510, 58.208210,12.992349, 202.239410, 1.008022
5, 956,18,52.487041, 52.251644, 128.822510, 58.208210,12.992349, 202.239410, 1.004505
5, 956,19,150.621277, 151.367447, 128.822510, 58.208210,12.992349, 202.239410, 0.995070
5, 956,20,38.676846, 38.422821, 128.822510, 58.208210,12.992349, 202.239410, 1.006611
5, 956,21,12.992349, 13.134779, 128.822510, 58.208210,12.992349, 202.239410, 0.989156
5, 956,22,106.373520, 108.615959, 128.822510, 58.208210,12.992349, 202.239410, 0.979354
5, 956,23,49.595932, 49.542652, 128.822510, 58.208210,12.992349, 202.239410, 1.001075
5, 956,24,202.239410, 202.535934, 128.822510, 58.208210,12.992349, 202.239410, 0.998536
5, 956,25,168.518982, 168.059525, 128.822510, 58.208210,12.992349, 202.239410, 1.002734
5, 956,26,65.530685, 65.765747, 128.822510, 58.208210,12.992349, 202.239410, 0.996426
5, 956,27,111.247887, 111.750748, 128.822510, 58.208210,12.992349, 202.239410, 0.995500
5, 956,28,51.917446, 54.176941, 128.822510, 58.208210,12.992349, 202.239410, 0.958294
5, 956,29,170.151505, 171.687973, 128.822510, 58.208210,12.992349, 202.239410, 0.991051
5, 956,30,134.551422, 134.804962, 128.822510, 58.208210,12.992349, 202.239410, 0.998119
5, 956,31,162.779800, 162.925400, 128.822510, 58.208210,12.992349, 202.239410, 0.999106
5, 957,0,73.810295, 73.469719, 128.747772, 71.312881,18.135695, 244.797592, 1.004636
5, 957,1,161.554016, 160.744629, 128.747772, 71.312881,18.135695, 244.797592, 1.005035
5, 957,2,98.949013, 98.930641, 128.747772, 71.312881,18.135695, 244.797592, 1.000186
5, 957,3,19.061840, 21.322283, 128.747772, 71.312881,18.135695, 244.797592, 0.893987
5, 957,4,165.529175, 165.273529, 128.747772, 71.312881,18.135695, 244.797592, 1.001547
5, 957,5,107.499352, 107.460907, 128.747772, 71.312881,18.135695, 244.797592, 1.000358
5, 957,6,33.932938, 33.407501, 128.747772, 71.312881,18.135695, 244.797592, 1.015728
5, 957,7,103.557396, 102.915764, 128.747772, 71.312881,18.135695, 244.797592, 1.006235
5, 957,8,244.797592, 245.195068, 128.747772, 71.312881,18.135695, 244.797592, 0.998379
5, 957,9,18.135695, 18.189381, 128.747772, 71.312881,18.135695, 244.797592, 0.997048
5, 957,10,198.222794, 199.345901, 128.747772, 71.312881,18.135695, 244.797592, 0.994366
5, 957,11,191.808823, 191.732788, 128.747772, 71.312881,18.135695, 244.797592, 1.000397
5, 957,12,35.511181, 35.363537, 128.747772, 71.312881,18.135695, 244.797592, 1.004175
5, 957,13,82.032860, 81.496765, 128.747772, 71.312881,18.135695, 244.797592, 1.006578
5, 957,14,236.745056, 237.411499, 128.747772, 71.312881,18.135695, 244.797592, 0.997193
5, 957,15,81.916214, 81.845772, 128.747772, 71.312881,18.135695, 244.797592, 1.000861
5, 957,16,148.157104, 149.000290, 128.747772, 71.312881,18.135695, 244.797592, 0.994341
5, 957,17,200.161377, 200.108841, 128.747772, 71.312881,18.135695, 244.797592, 1.000262
5, 957,18,131.053329, 132.564728, 128.747772, 71.312881,18.135695, 244.797592, 0.988599
5, 957,19,75.242920, 74.070320, 128.747772, 71.312881,18.135695, 244.797592, 1.015831
5, 957,20,114.030594, 113.393951, 128.747772, 71.312881,18.135695, 244.797592, 1.005614
5, 957,21,104.222092, 104.043930, 128.747772, 71.312881,18.135695, 244.797592, 1.001712
5, 957,22,40.477482, 40.874527, 128.747772, 71.312881,18.135695, 244.797592, 0.990286
5, 957,23,199.673477, 198.988785, 128.747772, 71.312881,18.135695, 244.797592, 1.003441
5, 957,24,69.898392, 69.086899, 128.747772, 71.312881,18.135695, 244.797592, 1.011746
5, 957,25,137.152634, 137.499451, 128.747772, 71.312881,18.135695, 244.797592, 0.997478
5, 957,26,222.510498, 222.793991, 128.747772, 71.312881,18.135695, 244.797592, 0.998728
5, 957,27,183.931763, 184.436203, 128.747772, 71.312881,18.135695, 244.797592, 0.997265
5, 957,28,235.139786, 235.885620, 128.747772, 71.312881,18.135695, 244.797592, 0.996838
5, 957,29,233.142944, 234.392212, 128.747772, 71.312881,18.135695, 244.797592, 0.994670
5, 957,30,27.943224, 27.425762, 128.747772, 71.312881,18.135695, 244.797592, 1.018868
5, 957,31,144.126678, 142.328674, 128.747772, 71.312881,18.135695, 244.797592, 1.012633
5, 958,0,76.231140, 75.925255, 128.829941, 69.156853,14.050385, 249.621521, 1.004029
5, 958,1,46.806755, 46.170467, 128.829941, 69.156853,14.050385, 249.621521, 1.013781
5, 958,2,54.724167, 54.088303, 128.829941, 69.156853,14.050385, 249.621521, 1.011756
5, 958,3,203.656952, 202.706894, 128.829941, 69.156853,14.050385, 249.621521, 1.004687
5, 958,4,61.362759, 60.836967, 128.829941, 69.156853,14.050385, 249.621521, 1.008643
5, 958,5,142.233078, 142.213104, 128.829941, 69.156853,14.050385, 249.621521, 1.000140
5, 958,6,75.580605, 76.287857, 128.829941, 69.156853,14.050385, 249.621521, 0.990729
5, 958,7,241.273697, 241.837296, 128.829941, 69.156853,14.050385, 249.621521, 0.997670
5, 958,8,152.363632, 153.349899, 128.829941, 69.156853,14.050385, 249.621521, 0.993569
5, 958,9,78.552071, 78.426407, 128.829941, 69.156853,14.050385, 249.621521, 1.001602
5, 958,10,249.621521, 248.230759, 128.829941, 69.156853,14.050385, 249.621521, 1.005603
5, 958,11,101.123924, 101.077354, 128.829941, 69.156853,14.050385, 249.621521, 1.000461
5, 958,12,197.516098, 197.275406, 128.829941, 69.156853,14.050385, 249.621521, 1.001220
5, 958,13,53.338627, 53.511116, 128.829941, 69.156853,14.050385, 249.621521, 0.996777
5, 958,14,176.297867, 177.133011, 128.829941, 69.156853,14.050385, 249.621521, 0.995285
5, 958,15,228.213623, 227.673981, 128.829941, 69.156853,14.050385, 249.621521, 1.002370
5, 958,16,195.719620, 195.543839, 128.829941, 69.156853,14.050385, 249.621521, 1.000899
5, 958,17,23.999388, 25.672882, 128.829941, 69.156853,14.050385, 249.621521, 0.934815
5, 958,18,209.478455, 208.693375, 128.829941, 69.156853,14.050385, 249.621521, 1.003762
5, 958,19,14.050385, 14.647106, 128.829941, 69.156853,14.050385, 249.621521, 0.959260
5, 958,20,72.333527, 72.447334, 128.829941, 69.156853,14.050385, 249.621521, 0.998429
5, 958,21,214.202103, 213.614273, 128.829941, 69.156853,14.050385, 249.621521, 1.002752
5, 958,22,75.803818, 75.740265, 128.829941, 69.156853,14.050385, 249.621521, 1.000839
5, 958,23,189.511429, 187.870193, 128.829941, 69.156853,14.050385, 249.621521, 1.008736
5, 958,24,180.406723, 180.899536, 128.829941, 69.156853,14.050385, 249.621521, 0.997276
5, 958,25,90.070564, 90.066376, 128.829941, 69.156853,14.050385, 249.621521, 1.000046
5, 958,26,127.734818, 129.359589, 128.829941, 69.156853,14.050385, 249.621521, 0.987440
5, 958,27,112.235100, 112.872711, 128.829941, 69.156853,14.050385, 249.621521, 0.994351
5, 958,28,76.529716, 76.835442, 128.829941, 69.156853,14.050385, 249.621521, 0.996021
5, 958,29,149.588181, 149.117188, 128.829941, 69.156853,14.050385, 249.621521, 1.003159
5, 958,30,67.937492, 68.022224, 128.829941, 69.156853,14.050385, 249.621521, 0.998754
5, 958,31,184.060425, 182.853088, 128.829941, 69.156853,14.050385, 249.621521, 1.006603
5, 959,0,240.507584, 240.788956, 128.729874, 68.324554,11.541985, 254.161087, 0.998831
5, 959,1,184.375656, 184.533432, 128.729874, 68.324554,11.541985, 254.161087, 0.999145
5, 959,2,145.260956, 146.016968, 128.729874, 68.324554,11.541985, 254.161087, 0.994822
5, 959,3,177.247467, 175.629913, 128.729874, 68.324554,11.541985, 254.161087, 1.009210
5, 959,4,116.685150, 115.247627, 128.729874, 68.324554,11.541985, 254.161087, 1.012473
5, 959,5,32.743763, 32.394882, 128.729874, 68.324554,11.541985, 254.161087, 1.010770
5, 959,6,245.617401, 246.586075, 128.729874, 68.324554,11.541985, 254.161087, 0.996072
5, 959,7,82.062263, 80.880592, 128.729874, 68.324554,11.541985, 254.161087, 1.014610
5, 959,8,130.194641, 131.187836, 128.729874, 68.324554,11.541985, 254.161087, 0.992429
5, 959,9,226.573502, 226.889465, 128.729874, 68.324554,11.541985, 254.161087, 0.998607
5, 959,10,130.565689, 128.527344, 128.729874, 68.324554,11.541985, 254.161087, 1.015859
5, 959,11,167.537430, 167.368805, 128.729874, 68.324554,11.541985, 254.161087, 1.001008
5, 959,12,13.563375, 13.575018, 128.729874, 68.324554,11.541985, 254.161087, 0.999142
5, 959,13,155.405807, 156.613525, 128.729874, 68.324554,11.541985, 254.161087, 0.992289
5, 959,14,115.852478, 115.459251, 128.729874, 68.324554,11.541985, 254.161087, 1.003406
5, 959,15,155.821716, 157.021667, 128.729874, 68.324554,11.541985, 254.161087, 0.992358
5, 959,16,128.125534, 128.005829, 128.729874, 68.324554,11.541985, 254.161087, 1.000935
5, 959,17,254.161087, 254.408783, 128.729874, 68.324554,11.541985, 254.161087, 0.999026
5, 959,18,139.438171, 140.076233, 128.729874, 68.324554,11.541985, 254.161087, 0.995445
5, 959,19,149.004456, 149.312332, 128.729874, 68.324554,11.541985, 254.161087, 0.997938
5, 959,20,113.097412, 111.838890, 128.729874, 68.324554,11.541985, 254.161087, 1.011253
5, 959,21,189.632721, 191.025909, 128.729874, 68.324554,11.541985, 254.161087, 0.992707
5, 959,22,115.825760, 116.887749, 128.729874, 68.324554,11.541985, 254.161087, 0.990914
5, 959,23,29.428724, 29.341377, 128.729874, 68.324554,11.541985, 254.161087, 1.002977
5, 959,24,61.190449, 61.750843, 128.729874, 68.324554,11.541985, 254.161087, 0.990925
5, 959,25,46.725235, 49.007759, 128.729874, 68.324554,11.541985, 254.161087, 0.953425
5, 959,26,43.192947, 42.621098, 128.729874, 68.324554,11.541985, 254.161087, 1.013417
5, 959,27,189.579041, 188.244507, 128.729874, 68.324554,11.541985, 254.161087, 1.007089
5, 959,28,11.541985, 13.280249, 128.729874, 68.324554,11.541985, 254.161087, 0.869109
5, 959,29,181.900772, 181.404358, 128.729874, 68.324554,11.541985, 254.161087, 1.002736
5, 959,30,79.458786, 79.671280, 128.729874, 68.324554,11.541985, 254.161087, 0.997333
5, 959,31,67.038010, 65.401443, 128.729874, 68.324554,11.541985, 254.161087, 1.025023
5, 960,0,10.292652, 11.117202, 128.709930, 80.208382,10.292652, 272.138000, 0.925831
5, 960,1,46.268948, 45.293427, 128.709930, 80.208382,10.292652, 272.138000, 1.021538
5, 960,2,11.558986, 11.404966, 128.709930, 80.208382,10.292652, 272.138000, 1.013505
5, 960,3,68.188805, 67.916763, 128.709930, 80.208382,10.292652, 272.138000, 1.004006
5, 960,4,244.292892, 244.942474, 128.709930, 80.208382,10.292652, 272.138000, 0.997348
5, 960,5,120.424942, 120.856895, 128.709930, 80.208382,10.292652, 272.138000, 0.996426
5, 960,6,62.994205, 62.847034, 128.709930, 80.208382,10.292652, 272.138000, 1.002342
5, 960,7,125.862343, 126.188995, 128.709930, 80.208382,10.292652, 272.138000, 0.997411
5, 960,8,174.045975, 173.830887, 128.709930, 80.208382,10.292652, 272.138000, 1.001237
5, 960,9,16.418051, 17.075611, 128.709930, 80.208382,10.292652, 272.138000, 0.961491
5, 960,10,235.058456, 234.058228, 128.709930, 80.208382,10.292652, 272.138000, 1.004273
5, 960,11,257.172913, 256.740814, 128.709930, 80.208382,10.292652, 272.138000, 1.001683
5, 960,12,229.991211, 229.267807, 128.709930, 80.208382,10.292652, 272.138000, 1.003155
5, 960,13,246.065918, 245.602646, 128.709930, 80.208382,10.292652, 272.138000, 1.001886
5, 960,14,89.408730, 89.211304, 128.709930, 80.208382,10.292652, 272.138000, 1.002213
5, 960,15,271.976593, 272.102325, 128.709930, 80.208382,10.292652, 272.138000, 0.999538
5, 960,16,48.245365, 50.202339, 128.709930, 80.208382,10.292652, 272.138000, 0.961018
5, 960,17,84.651047, 83.752251, 128.709930, 80.208382,10.292652, 272.138000, 1.010732
5, 960,18,142.570938, 141.702866, 128.709930, 80.208382,10.292652, 272.138000, 1.006126
5, 960,19,129.016769, 129.447495, 128.709930, 80.208382,10.292652, 272.138000, 0.996673
5, 960,20,126.308693, 126.561394, 128.709930, 80.208382,10.292652, 272.138000, 0.998003
5, 960,21,166.743027, 166.839920, 128.709930, 80.208382,10.292652, 272.138000, 0.999419
5, 960,22,74.897408, 74.476089, 128.709930, 80.208382,10.292652, 272.138000, 1.005657
5, 960,23,35.753876, 34.747719, 128.709930, 80.208382,10.292652, 272.138000, 1.028956
5, 960,24,272.138000, 273.380341, 128.709930, 80.208382,10.292652, 272.138000, 0.995456
5, 960,25,165.793961, 166.992249, 128.709930, 80.208382,10.292652, 272.138000, 0.992824
5, 960,26,52.730457, 52.800678, 128.709930, 80.208382,10.292652, 272.138000, 0.998670
5, 960,27,145.113190, 144.470474, 128.709930, 80.208382,10.292652, 272.138000, 1.004449
5, 960,28,142.618774, 144.309662, 128.709930, 80.208382,10.292652, 272.138000, 0.988283
5, 960,29,60.172451, 60.578781, 128.709930, 80.208382,10.292652, 272.138000, 0.993293
5, 960,30,145.277817, 146.095505, 128.709930, 80.208382,10.292652, 272.138000, 0.994403
5, 960,31,116.664635, 116.184967, 128.709930, 80.208382,10.292652, 272.138000, 1.004128
5, 961,0,168.762985, 170.069641, 128.362335, 72.212593,14.234761, 244.654358, 0.992317
5, 961,1,31.559538, 31.606958, 128.362335, 72.212593,14.234761, 244.654358, 0.998500
5, 961,2,191.529541, 192.258423, 128.362335, 72.212593,14.234761, 244.654358, 0.996209
5, 961,3,243.082336, 243.122421, 128.362335, 72.212593,14.234761, 244.654358, 0.999835
5, 961,4,244.654358, 245.349213, 128.362335, 72.212593,14.234761, 244.654358, 0.997168
5, 961,5,44.895313, 45.793705, 128.362335, 72.212593,14.234761, 244.654358, 0.980382
5, 961,6,55.627487, 55.282669, 128.362335, 72.212593,14.234761, 244.654358, 1.006237
5, 961,7,236.964005, 237.146027, 128.362335, 72.212593,14.234761, 244.654358, 0.999232
5, 961,8,82.052391, 83.821381, 128.362335, 72.212593,14.234761, 244.654358, 0.978896
5, 961,9,180.695602, 181.095779, 128.362335, 72.212593,14.234761, 244.654358, 0.997790
5, 961,10,64.321373, 65.152336, 128.362335, 72.212593,14.234761, 244.654358, 0.987246
5, 961,11,148.744781, 150.452408, 128.362335, 72.212593,14.234761, 244.654358, 0.988650
5, 961,12,238.139282, 239.760696, 128.362335, 72.212593,14.234761, 244.654358, 0.993237
5, 961,13,144.540695, 145.646881, 128.362335, 72.212593,14.234761, 244.654358, 0.992405
5, 961,14,162.842484, 162.038864, 128.362335, 72.212593,14.234761, 244.654358, 1.004959
5, 961,15,27.394548, 26.585928, 128.362335, 72.212593,14.234761, 244.654358, 1.030415
5, 961,16,164.943298, 166.636093, 128.362335, 72.212593,14.234761, 244.654358, 0.989841
5, 961,17,119.130516, 120.046082, 128.362335, 72.212593,14.234761, 244.654358, 0.992373
5, 961,18,62.665764, 62.135410, 128.362335, 72.212593,14.234761, 244.654358, 1.008536
5, 961,19,59.610226, 60.569477, 128.362335, 72.212593,14.234761, 244.654358, 0.984163
5, 961,20,189.207031, 189.277420, 128.362335, 72.212593,14.234761, 244.654358, 0.999628
5, 961,21,48.854202, 48.401196, 128.362335, 72.212593,14.234761, 244.654358, 1.009359
5, 961,22,120.845726, 119.471428, 128.362335, 72.212593,14.234761, 244.654358, 1.011503
5, 961,23,160.322678, 161.385193, 128.362335, 72.212593,14.234761, 244.654358, 0.993416
5, 961,24,139.096085, 139.059906, 128.362335, 72.212593,14.234761, 244.654358, 1.000260
5, 961,25,231.892105, 231.708359, 128.362335, 72.212593,14.234761, 244.654358, 1.000793
5, 961,26,162.911469, 163.497040, 128.362335, 72.212593,14.234761, 244.654358, 0.996418
5, 961,27,173.741791, 173.258957, 128.362335, 72.212593,14.234761, 244.654358, 1.002787
5, 961,28,14.234761, 14.036938, 128.362335, 72.212593,14.234761, 244.654358, 1.014093
5, 961,29,81.534454, 82.844475, 128.362335, 72.212593,14.234761, 244.654358, 0.984187
5, 961,30,84.677765, 85.976334, 128.362335, 72.212593,14.234761, 244.654358, 0.984896
5, 961,31,28.120041, 27.512556, 128.362335, 72.212593,14.234761, 244.654358, 1.022080
5, 962,0,153.777893, 150.636154, 128.823730, 68.564713,19.336405, 256.523071, 1.020856
5, 962,1,26.469629, 23.788914, 128.823730, 68.564713,19.336405, 256.523071, 1.112688
5, 962,2,196.093643, 196.096481, 128.823730, 68.564713,19.336405, 256.523071, 0.999986
5, 962,3,167.615570, 166.379532, 128.823730, 68.564713,19.336405, 256.523071, 1.007429
5, 962,4,88.006912, 88.955391, 128.823730, 68.564713,19.336405, 256.523071, 0.989338
5, 962,5,86.035957, 87.578033, 128.823730, 68.564713,19.336405, 256.523071, 0.982392
5, 962,6,92.121574, 93.241333, 128.823730, 68.564713,19.336405, 256.523071, 0.987991
5, 962,7,25.844164, 26.689817, 128.823730, 68.564713,19.336405, 256.523071, 0.968315
5, 962,8,131.658585, 131.637924, 128.823730, 68.564713,19.336405, 256.523071, 1.000157
5, 962,9,197.604965, 200.744080, 128.823730, 68.564713,19.336405, 256.523071, 0.984363
5, 962,10,180.132019, 180.968689, 128.823730, 68.564713,19.336405, 256.523071, 0.995377
5, 962,11,74.505806, 72.019333, 128.823730, 68.564713,19.336405, 256.523071, 1.034525
5, 962,12,98.880096, 98.881554, 128.823730, 68.564713,19.336405, 256.523071, 0.999985
5, 962,13,181.556549, 180.899429, 128.823730, 68.564713,19.336405, 256.523071, 1.003633
5, 962,14,19.901228, 20.126234, 128.823730, 68.564713,19.336405, 256.523071, 0.988820
5, 962,15,165.529922, 166.194839, 128.823730, 68.564713,19.336405, 256.523071, 0.995999
5, 962,16,96.239403, 95.465103, 128.823730, 68.564713,19.336405, 256.523071, 1.008111
5, 962,17,248.433807, 246.650711, 128.823730, 68.564713,19.336405, 256.523071, 1.007229
5, 962,18,256.523071, 255.638107, 128.823730, 68.564713,19.336405, 256.523071, 1.003462
5, 962,19,144.061142, 145.457611, 128.823730, 68.564713,19.336405, 256.523071, 0.990399
5, 962,20,217.287918, 216.341248, 128.823730, 68.564713,19.336405, 256.523071, 1.004376
5, 962,21,165.915268, 167.487564, 128.823730, 68.564713,19.336405, 256.523071, 0.990612
5, 962,22,29.934906, 29.382967, 128.823730, 68.564713,19.336405, 256.523071, 1.018784
5, 962,23,45.972363, 47.157738, 128.823730, 68.564713,19.336405, 256.523071, 0.974864
5, 962,24,19.336405, 18.187168, 128.823730, 68.564713,19.336405, 256.523071, 1.063189
5, 962,25,122.469276, 124.027855, 128.823730, 68.564713,19.336405, 256.523071, 0.987434
5, 962,26,103.565414, 104.152420, 128.823730, 68.564713,19.336405, 256.523071, 0.994364
5, 962,27,99.858047, 98.519905, 128.823730, 68.564713,19.336405, 256.523071, 1.013582
5, 962,28,224.821945, 223.428070, 128.823730, 68.564713,19.336405, 256.523071, 1.006239
5, 962,29,165.969635, 166.225632, 128.823730, 68.564713,19.336405, 256.523071, 0.998460
5, 962,30,107.199295, 108.115196, 128.823730, 68.564713,19.336405, 256.523071, 0.991528
5, 962,31,189.037323, 189.925308, 128.823730, 68.564713,19.336405, 256.523071, 0.995325
5, 963,0,173.429581, 173.803741, 129.300293, 71.204391,21.329334, 251.183136, 0.997847
5, 963,1,75.925270, 74.720291, 129.300293, 71.204391,21.329334, 251.183136, 1.016127
5, 963,2,121.036896, 120.750877, 129.300293, 71.204391,21.329334, 251.183136, 1.002369
5, 963,3,197.781357, 197.995926, 129.300293, 71.204391,21.329334, 251.183136, 0.998916
5, 963,4,42.501987, 41.424881, 129.300293, 71.204391,21.329334, 251.183136, 1.026001
5, 963,5,38.599438, 37.582504, 129.300293, 71.204391,21.329334, 251.183136, 1.027059
5, 963,6,42.686485, 43.053799, 129.300293, 71.204391,21.329334, 251.183136, 0.991468
5, 963,7,111.422699, 111.031929, 129.300293, 71.204391,21.329334, 251.183136, 1.003519
5, 963,8,93.219803, 93.737328, 129.300293, 71.204391,21.329334, 251.183136, 0.994479
5, 963,9,181.837296, 181.667755, 129.300293, 71.204391,21.329334, 251.183136, 1.000933
5, 963,10,193.434845, 192.735046, 129.300293, 71.204391,21.329334, 251.183136, 1.003631
5, 963,11,103.507126, 101.492233, 129.300293, 71.204391,21.329334, 251.183136, 1.019853
5, 963,12,164.962418, 165.136963, 129.300293, 71.204391,21.329334, 251.183136, 0.998943
5, 963,13,96.991508, 97.049728, 129.300293, 71.204391,21.329334, 251.183136, 0.999400
5, 963,14,51.289177, 50.356655, 129.300293, 71.204391,21.329334, 251.183136, 1.018518
5, 963,15,208.851532, 207.410919, 129.300293, 71.204391,21.329334, 251.183136, 1.006946
5, 963,16,233.319138, 232.904663, 129.300293, 71.204391,21.329334, 251.183136, 1.001780
5, 963,17,216.288452, 216.163422, 129.300293, 71.204391,21.329334, 251.183136, 1.000578
5, 963,18,164.268631, 162.861160, 129.300293, 71.204391,21.329334, 251.183136, 1.008642
5, 963,19,23.225365, 23.140465, 129.300293, 71.204391,21.329334, 251.183136, 1.003669
5, 963,20,234.668961, 234.650482, 129.300293, 71.204391,21.329334, 251.183136, 1.000079
5, 963,21,94.483742, 94.781708, 129.300293, 71.204391,21.329334, 251.183136, 0.996856
5, 963,22,55.482937, 53.840515, 129.300293, 71.204391,21.329334, 251.183136, 1.030505
5, 963,23,149.555237, 148.052811, 129.300293, 71.204391,21.329334, 251.183136, 1.010148
5, 963,24,225.438248, 223.497467, 129.300293, 71.204391,21.329334, 251.183136, 1.008684
5, 963,25,21.329334, 21.636246, 129.300293, 71.204391,21.329334, 251.183136, 0.985815
5, 963,26,195.077362, 194.574417, 129.300293, 71.204391,21.329334, 251.183136, 1.002585
5, 963,27,135.981461, 136.073639, 129.300293, 71.204391,21.329334, 251.183136, 0.999323
5, 963,28,38.772274, 38.868492, 129.300293, 71.204391,21.329334, 251.183136, 0.997524
5, 963,29,251.183136, 250.090149, 129.300293, 71.204391,21.329334, 251.183136, 1.004370
5, 963,30,127.473526, 126.845688, 129.300293, 71.204391,21.329334, 251.183136, 1.004950
5, 963,31,73.584328, 73.067993, 129.300293, 71.204391,21.329334, 251.183136, 1.007066
5, 964,0,102.191856, 102.853737, 128.838409, 80.111046,13.057557, 278.505890, 0.993565
5, 964,1,201.382706, 202.299561, 128.838409, 80.111046,13.057557, 278.505890, 0.995468
5, 964,2,24.959600, 24.869549, 128.838409, 80.111046,13.057557, 278.505890, 1.003621
5, 964,3,13.057557, 12.000872, 128.838409, 80.111046,13.057557, 278.505890, 1.088051
5, 964,4,192.257370, 192.843140, 128.838409, 80.111046,13.057557, 278.505890, 0.996962
5, 964,5,32.008049, 30.606489, 128.838409, 80.111046,13.057557, 278.505890, 1.045793
5, 964,6,83.433716, 84.040558, 128.838409, 80.111046,13.057557, 278.505890, 0.992779
5, 964,7,52.185364, 52.873455, 128.838409, 80.111046,13.057557, 278.505890, 0.986986
5, 964,8,142.396408, 142.472656, 128.838409, 80.111046,13.057557, 278.505890, 0.999465
5, 964,9,228.965912, 231.191818, 128.838409, 80.111046,13.057557, 278.505890, 0.990372
5, 964,10,168.250961, 167.612244, 128.838409, 80.111046,13.057557, 278.505890, 1.003811
5, 964,11,142.327911, 142.082443, 128.838409, 80.111046,13.057557, 278.505890, 1.001728
5, 964,12,101.309418, 101.126846, 128.838409, 80.111046,13.057557, 278.505890, 1.001805
5, 964,13,18.246601, 19.099400, 128.838409, 80.111046,13.057557, 278.505890, 0.955349
5, 964,14,239.512573, 240.008942, 128.838409, 80.111046,13.057557, 278.505890, 0.997932
5, 964,15,76.619568, 76.145004, 128.838409, 80.111046,13.057557, 278.505890, 1.006232
5, 964,16,113.234238, 113.497375, 128.838409, 80.111046,13.057557, 278.505890, 0.997682
5, 964,17,278.505890, 277.411102, 128.838409, 80.111046,13.057557, 278.505890, 1.003946
5, 964,18,179.203537, 177.641525, 128.838409, 80.111046,13.057557, 278.505890, 1.008793
5, 964,19,130.467590, 130.334579, 128.838409, 80.111046,13.057557, 278.505890, 1.001021
5, 964,20,48.714928, 48.390171, 128.838409, 80.111046,13.057557, 278.505890, 1.006711
5, 964,21,268.271912, 268.070953, 128.838409, 80.111046,13.057557, 278.505890, 1.000750
5, 964,22,13.703408, 12.557131, 128.838409, 80.111046,13.057557, 278.505890, 1.091285
5, 964,23,90.201775, 89.644661, 128.838409, 80.111046,13.057557, 278.505890, 1.006215
5, 964,24,228.552200, 227.339508, 128.838409, 80.111046,13.057557, 278.505890, 1.005334
5, 964,25,133.002563, 132.858505, 128.838409, 80.111046,13.057557, 278.505890, 1.001084
5, 964,26,217.225021, 216.978165, 128.838409, 80.111046,13.057557, 278.505890, 1.001138
5, 964,27,61.275608, 61.399990, 128.838409, 80.111046,13.057557, 278.505890, 0.997974
5, 964,28,243.911560, 245.065079, 128.838409, 80.111046,13.057557, 278.505890, 0.995293
5, 964,29,113.230576, 113.273216, 128.838409, 80.111046,13.057557, 278.505890, 0.999624
5, 964,30,132.265625, 132.983063, 128.838409, 80.111046,13.057557, 278.505890, 0.994605
5, 964,31,51.957439, 51.428841, 128.838409, 80.111046,13.057557, 278.505890, 1.010278
5, 965,0,215.350800, 216.224365, 128.669556, 82.303436,11.761808, 317.124084, 0.995960
5, 965,1,103.309875, 103.515106, 128.669556, 82.303436,11.761808, 317.124084, 0.998017
5, 965,2,206.295242, 206.162704, 128.669556, 82.303436,11.761808, 317.124084, 1.000643
5, 965,3,68.031189, 68.432007, 128.669556, 82.303436,11.761808, 317.124084, 0.994143
5, 965,4,57.667286, 57.388065, 128.669556, 82.303436,11.761808, 317.124084, 1.004866
5, 965,5,16.877506, 16.464422, 128.669556, 82.303436,11.761808, 317.124084, 1.025090
5, 965,6,268.826660, 269.452972, 128.669556, 82.303436,11.761808, 317.124084, 0.997676
5, 965,7,48.639439, 48.175934, 128.669556, 82.303436,11.761808, 317.124084, 1.009621
5, 965,8,11.761808, 11.221205, 128.669556, 82.303436,11.761808, 317.124084, 1.048177
5, 965,9,140.364517, 140.257446, 128.669556, 82.303436,11.761808, 317.124084, 1.000763
5, 965,10,79.715858, 78.931717, 128.669556, 82.303436,11.761808, 317.124084, 1.009934
5, 965,11,102.507439, 101.789490, 128.669556, 82.303436,11.761808, 317.124084, 1.007053
5, 965,12,23.871679, 25.344707, 128.669556, 82.303436,11.761808, 317.124084, 0.941880
5, 965,13,228.818802, 229.591248, 128.669556, 82.303436,11.761808, 317.124084, 0.996636
5, 965,14,55.722832, 55.529709, 128.669556, 82.303436,11.761808, 317.124084, 1.003478
5, 965,15,129.017395, 128.921478, 128.669556, 82.303436,11.761808, 317.124084, 1.000744
5, 965,16,175.905502, 176.017517, 128.669556, 82.303436,11.761808, 317.124084, 0.999364
5, 965,17,76.940239, 78.002533, 128.669556, 82.303436,11.761808, 317.124084, 0.986381
5, 965,18,99.688431, 99.254158, 128.669556, 82.303436,11.761808, 317.124084, 1.004375
5, 965,19,194.440491, 195.238220, 128.669556, 82.303436,11.761808, 317.124084, 0.995914
5, 965,20,317.124084, 316.456085, 128.669556, 82.303436,11.761808, 317.124084, 1.002111
5, 965,21,190.447876, 192.264847, 128.669556, 82.303436,11.761808, 317.124084, 0.990550
5, 965,22,12.934024, 12.774260, 128.669556, 82.303436,11.761808, 317.124084, 1.012507
5, 965,23,185.732971, 186.198639, 128.669556, 82.303436,11.761808, 317.124084, 0.997499
5, 965,24,82.431747, 82.900627, 128.669556, 82.303436,11.761808, 317.124084, 0.994344
5, 965,25,87.498718, 88.873909, 128.669556, 82.303436,11.761808, 317.124084, 0.984527
5, 965,26,99.217323, 99.055046, 128.669556, 82.303436,11.761808, 317.124084, 1.001638
5, 965,27,243.661530, 243.064316, 128.669556, 82.303436,11.761808, 317.124084, 1.002457
5, 965,28,32.819889, 32.977238, 128.669556, 82.303436,11.761808, 317.124084, 0.995229
5, 965,29,152.384018, 152.681885, 128.669556, 82.303436,11.761808, 317.124084, 0.998049
5, 965,30,208.610962, 207.052048, 128.669556, 82.303436,11.761808, 317.124084, 1.007529
5, 965,31,200.810059, 200.786743, 128.669556, 82.303436,11.761808, 317.124084, 1.000116
5, 966,0,73.603294, 74.099861, 128.736206, 69.194473,12.355330, 252.557419, 0.993299
5, 966,1,98.663712, 97.600418, 128.736206, 69.194473,12.355330, 252.557419, 1.010894
5, 966,2,41.371899, 41.391144, 128.736206, 69.194473,12.355330, 252.557419, 0.999535
5, 966,3,216.467606, 217.038605, 128.736206, 69.194473,12.355330, 252.557419, 0.997369
5, 966,4,129.383530, 129.162750, 128.736206, 69.194473,12.355330, 252.557419, 1.001709
5, 966,5,12.355330, 12.583051, 128.736206, 69.194473,12.355330, 252.557419, 0.981903
5, 966,6,33.296326, 33.597324, 128.736206, 69.194473,12.355330, 252.557419, 0.991041
5, 966,7,120.860641, 120.475677, 128.736206, 69.194473,12.355330, 252.557419, 1.003195
5, 966,8,87.200317, 89.270638, 128.736206, 69.194473,12.355330, 252.557419, 0.976808
5, 966,9,17.473938, 18.069242, 128.736206, 69.194473,12.355330, 252.557419, 0.967054
5, 966,10,252.557419, 253.446960, 128.736206, 69.194473,12.355330, 252.557419, 0.996490
5, 966,11,45.901066, 46.423252, 128.736206, 69.194473,12.355330, 252.557419, 0.988752
5, 966,12,37.743595, 38.033920, 128.736206, 69.194473,12.355330, 252.557419, 0.992367
5, 966,13,200.848999, 201.622177, 128.736206, 69.194473,12.355330, 252.557419, 0.996165
5, 966,14,32.929611, 32.949699, 128.736206, 69.194473,12.355330, 252.557419, 0.999390
5, 966,15,166.400635, 165.712555, 128.736206, 69.194473,12.355330, 252.557419, 1.004152
5, 966,16,205.313492, 205.761017, 128.736206, 69.194473,12.355330, 252.557419, 0.997825
5, 966,17,203.875824, 204.986847, 128.736206, 69.194473,12.355330, 252.557419, 0.994580
5, 966,18,59.096428, 58.720657, 128.736206, 69.194473,12.355330, 252.557419, 1.006399
5, 966,19,192.452332, 192.808548, 128.736206, 69.194473,12.355330, 252.557419, 0.998152
5, 966,20,150.705322, 150.995865, 128.736206, 69.194473,12.355330, 252.557419, 0.998076
5, 966,21,245.473633, 246.390091, 128.736206, 69.194473,12.355330, 252.557419, 0.996280
5, 966,22,189.450836, 189.302444, 128.736206, 69.194473,12.355330, 252.557419, 1.000784
5, 966,23,109.889252, 110.031807, 128.736206, 69.194473,12.355330, 252.557419, 0.998704
5, 966,24,153.918381, 155.052811, 128.736206, 69.194473,12.355330, 252.557419, 0.992684
5, 966,25,140.733307, 138.542145, 128.736206, 69.194473,12.355330, 252.557419, 1.015816
5, 966,26,114.475052, 114.356743, 128.736206, 69.194473,12.355330, 252.557419, 1.001035
5, 966,27,173.016266, 172.069702, 128.736206, 69.194473,12.355330, 252.557419, 1.005501
5, 966,28,141.169540, 141.482498, 128.736206, 69.194473,12.355330, 252.557419, 0.997788
5, 966,29,123.062149, 121.354057, 128.736206, 69.194473,12.355330, 252.557419, 1.014075
5, 966,30,181.683197, 180.034729, 128.736206, 69.194473,12.355330, 252.557419, 1.009156
5, 966,31,168.185211, 167.633102, 128.736206, 69.194473,12.355330, 252.557419, 1.003294
5, 967,0,90.102966, 90.412033, 128.627045, 73.903358,22.326097, 242.701492, 0.996582
5, 967,1,129.337784, 129.954254, 128.627045, 73.903358,22.326097, 242.701492, 0.995256
5, 967,2,70.247353, 69.791122, 128.627045, 73.903358,22.326097, 242.701492, 1.006537
5, 967,3,228.711502, 228.375839, 128.627045, 73.903358,22.326097, 242.701492, 1.001470
5, 967,4,194.125290, 194.523117, 128.627045, 73.903358,22.326097, 242.701492, 0.997955
5, 967,5,112.413933, 112.615784, 128.627045, 73.903358,22.326097, 242.701492, 0.998208
5, 967,6,230.297791, 230.761063, 128.627045, 73.903358,22.326097, 242.701492, 0.997992
5, 967,7,22.326097, 22.239784, 128.627045, 73.903358,22.326097, 242.701492, 1.003881
5, 967,8,83.480270, 83.890945, 128.627045, 73.903358,22.326097, 242.701492, 0.995105
5, 967,9,175.903152, 176.520889, 128.627045, 73.903358,22.326097, 242.701492, 0.996500
5, 967,10,80.912659, 81.593254, 128.627045, 73.903358,22.326097, 242.701492, 0.991659
5, 967,11,235.097000, 236.136932, 128.627045, 73.903358,22.326097, 242.701492, 0.995596
5, 967,12,221.642319, 221.920410, 128.627045, 73.903358,22.326097, 242.701492, 0.998747
5, 967,13,57.051769, 54.794109, 128.627045, 73.903358,22.326097, 242.701492, 1.041203
5, 967,14,41.698463, 40.701580, 128.627045, 73.903358,22.326097, 242.701492, 1.024493
5, 967,15,164.351395, 163.930969, 128.627045, 73.903358,22.326097, 242.701492, 1.002565
5, 967,16,242.701492, 243.117538, 128.627045, 73.903358,22.326097, 242.701492, 0.998289
5, 967,17,48.960415, 49.498466, 128.627045, 73.903358,22.326097, 242.701492, 0.989130
5, 967,18,29.388014, 31.576448, 128.627045, 73.903358,22.326097, 242.701492, 0.930694
5, 967,19,55.140965, 55.793419, 128.627045, 73.903358,22.326097, 242.701492, 0.988306
5, 967,20,172.662628, 171.546188, 128.627045, 73.903358,22.326097, 242.701492, 1.006508
5, 967,21,34.192600, 35.318409, 128.627045, 73.903358,22.326097, 242.701492, 0.968124
5, 967,22,231.289688, 230.928818, 128.627045, 73.903358,22.326097, 242.701492, 1.001563
5, 967,23,98.290436, 98.793144, 128.627045, 73.903358,22.326097, 242.701492, 0.994911
5, 967,24,43.307541, 43.203518, 128.627045, 73.903358,22.326097, 242.701492, 1.002408
5, 967,25,143.960281, 144.345856, 128.627045, 73.903358,22.326097, 242.701492, 0.997329
5, 967,26,120.101944, 119.851700, 128.627045, 73.903358,22.326097, 242.701492, 1.002088
5, 967,27,184.454987, 185.952362, 128.627045, 73.903358,22.326097, 242.701492, 0.991948
5, 967,28,30.012041, 31.153381, 128.627045, 73.903358,22.326097, 242.701492, 0.963364
5, 967,29,180.300156, 181.480972, 128.627045, 73.903358,22.326097, 242.701492, 0.993493
5, 967,30,149.858261, 147.905441, 128.627045, 73.903358,22.326097, 242.701492, 1.013203
5, 967,31,213.744629, 212.372208, 128.627045, 73.903358,22.326097, 242.701492, 1.006462
5, 968,0,172.523880, 172.405579, 128.900894, 63.248508,15.702895, 230.771576, 1.000686
5, 968,1,184.132126, 184.964600, 128.900894, 63.248508,15.702895, 230.771576, 0.995499
5, 968,2,150.742279, 150.951431, 128.900894, 63.248508,15.702895, 230.771576, 0.998614
5, 968,3,36.561192, 37.357090, 128.900894, 63.248508,15.702895, 230.771576, 0.978695
5, 968,4,195.149658, 193.825790, 128.900894, 63.248508,15.702895, 230.771576, 1.006830
5, 968,5,215.810242, 214.275757, 128.900894, 63.248508,15.702895, 230.771576, 1.007161
5, 968,6,94.570442, 95.368767, 128.900894, 63.248508,15.702895, 230.771576, 0.991629
5, 968,7,56.111721, 57.121773, 128.900894, 63.248508,15.702895, 230.771576, 0.982318
5, 968,8,56.652405, 58.302361, 128.900894, 63.248508,15.702895, 230.771576, 0.971700
5, 968,9,178.818192, 177.731796, 128.900894, 63.248508,15.702895, 230.771576, 1.006113
5, 968,10,215.605835, 214.662506, 128.900894, 63.248508,15.702895, 230.771576, 1.004395
5, 968,11,71.417107, 71.899490, 128.900894, 63.248508,15.702895, 230.771576, 0.993291
5, 968,12,135.320740, 136.594391, 128.900894, 63.248508,15.702895, 230.771576, 0.990676
5, 968,13,77.854736, 77.442825, 128.900894, 63.248508,15.702895, 230.771576, 1.005319
5, 968,14,160.405212, 160.884659, 128.900894, 63.248508,15.702895, 230.771576, 0.997020
5, 968,15,37.823162, 38.334129, 128.900894, 63.248508,15.702895, 230.771576, 0.986671
5, 968,16,152.707123, 151.962387, 128.900894, 63.248508,15.702895, 230.771576, 1.004901
5, 968,17,74.778893, 74.104607, 128.900894, 63.248508,15.702895, 230.771576, 1.009099
5, 968,18,15.702895, 15.238014, 128.900894, 63.248508,15.702895, 230.771576, 1.030508
5, 968,19,135.051620, 134.979553, 128.900894, 63.248508,15.702895, 230.771576, 1.000534
5, 968,20,190.427368, 192.000641, 128.900894, 63.248508,15.702895, 230.771576, 0.991806
5, 968,21,147.544495, 147.362167, 128.900894, 63.248508,15.702895, 230.771576, 1.001237
5, 968,22,113.276321, 112.059853, 128.900894, 63.248508,15.702895, 230.771576, 1.010856
5, 968,23,208.270996, 206.588379, 128.900894, 63.248508,15.702895, 230.771576, 1.008145
5, 968,24,68.836250, 69.015869, 128.900894, 63.248508,15.702895, 230.771576, 0.997397
5, 968,25,41.171078, 41.421303, 128.900894, 63.248508,15.702895, 230.771576, 0.993959
5, 968,26,230.771576, 229.182388, 128.900894, 63.248508,15.702895, 230.771576, 1.006934
5, 968,27,220.171646, 219.791962, 128.900894, 63.248508,15.702895, 230.771576, 1.001727
5, 968,28,94.304543, 93.007599, 128.900894, 63.248508,15.702895, 230.771576, 1.013945
5, 968,29,86.627258, 86.582214, 128.900894, 63.248508,15.702895, 230.771576, 1.000520
5, 968,30,152.849670, 152.688400, 128.900894, 63.248508,15.702895, 230.771576, 1.001056
5, 968,31,152.838455, 152.891937, 128.900894, 63.248508,15.702895, 230.771576, 0.999650
5, 969,0,191.236649, 191.536514, 129.026382, 58.619423,12.731236, 211.330048, 0.998434
5, 969,1,38.032707, 38.558411, 129.026382, 58.619423,12.731236, 211.330048, 0.986366
5, 969,2,164.593552, 164.596619, 129.026382, 58.619423,12.731236, 211.330048, 0.999981
5, 969,3,72.115349, 71.934883, 129.026382, 58.619423,12.731236, 211.330048, 1.002509
5, 969,4,96.075523, 97.368736, 129.026382, 58.619423,12.731236, 211.330048, 0.986718
5, 969,5,94.139816, 93.544289, 129.026382, 58.619423,12.731236, 211.330048, 1.006366
5, 969,6,203.233978, 202.672424, 129.026382, 58.619423,12.731236, 211.330048, 1.002771
5, 969,7,172.187042, 172.945419, 129.026382, 58.619423,12.731236, 211.330048, 0.995615
5, 969,8,156.413208, 156.935211, 129.026382, 58.619423,12.731236, 211.330048, 0.996674
5, 969,9,103.447784, 102.493011, 129.026382, 58.619423,12.731236, 211.330048, 1.009315
5, 969,10,87.024155, 86.789001, 129.026382, 58.619423,12.731236, 211.330048, 1.002710
5, 969,11,187.205612, 184.968689, 129.026382, 58.619423,12.731236, 211.330048, 1.012094
5, 969,12,67.658737, 69.066544, 129.026382, 58.619423,12.731236, 211.330048, 0.979617
5, 969,13,12.731236, 11.568525, 129.026382, 58.619423,12.731236, 211.330048, 1.100506
5, 969,14,84.930267, 86.157852, 129.026382, 58.619423,12.731236, 211.330048, 0.985752
5, 969,15,103.987442, 103.592850, 129.026382, 58.619423,12.731236, 211.330048, 1.003809
5, 969,16,202.090408, 201.853790, 129.026382, 58.619423,12.731236, 211.330048, 1.001172
5, 969,17,211.330048, 211.564896, 129.026382, 58.619423,12.731236, 211.330048, 0.998890
5, 969,18,174.222549, 174.351471, 129.026382, 58.619423,12.731236, 211.330048, 0.999261
5, 969,19,152.294907, 153.773163, 129.026382, 58.619423,12.731236, 211.330048, 0.990387
5, 969,20,161.347488, 160.103516, 129.026382, 58.619423,12.731236, 211.330048, 1.007770
5, 969,21,127.518066, 127.608162, 129.026382, 58.619423,12.731236, 211.330048, 0.999294
5, 969,22,86.817085, 87.932594, 129.026382, 58.619423,12.731236, 211.330048, 0.987314
5, 969,23,29.741253, 25.260315, 129.026382, 58.619423,12.731236, 211.330048, 1.177390
5, 969,24,182.898010, 183.156464, 129.026382, 58.619423,12.731236, 211.330048, 0.998589
5, 969,25,195.501724, 194.442337, 129.026382, 58.619423,12.731236, 211.330048, 1.005448
5, 969,26,82.447281, 81.377281, 129.026382, 58.619423,12.731236, 211.330048, 1.013149
5, 969,27,113.721092, 114.566277, 129.026382, 58.619423,12.731236, 211.330048, 0.992623
5, 969,28,210.164291, 209.027756, 129.026382, 58.619423,12.731236, 211.330048, 1.005437
5, 969,29,184.177094, 184.556259, 129.026382, 58.619423,12.731236, 211.330048, 0.997946
5, 969,30,134.326920, 132.220001, 129.026382, 58.619423,12.731236, 211.330048, 1.015935
5, 969,31,45.233376, 44.476315, 129.026382, 58.619423,12.731236, 211.330048, 1.017022
5, 970,0,179.009720, 178.735519, 128.856064, 75.243156,19.933619, 267.385803, 1.001534
5, 970,1,79.532959, 78.703186, 128.856064, 75.243156,19.933619, 267.385803, 1.010543
5, 970,2,202.258881, 202.473068, 128.856064, 75.243156,19.933619, 267.385803, 0.998942
5, 970,3,90.348877, 89.798599, 128.856064, 75.243156,19.933619, 267.385803, 1.006128
5, 970,4,76.849831, 75.025764, 128.856064, 75.243156,19.933619, 267.385803, 1.024312
5, 970,5,38.056087, 37.683296, 128.856064, 75.243156,19.933619, 267.385803, 1.009893
5, 970,6,65.113716, 65.303459, 128.856064, 75.243156,19.933619, 267.385803, 0.997094
5, 970,7,60.818066, 60.276588, 128.856064, 75.243156,19.933619, 267.385803, 1.008983
5, 970,8,237.134811, 238.718628, 128.856064, 75.243156,19.933619, 267.385803, 0.993365
5, 970,9,219.646790, 220.757614, 128.856064, 75.243156,19.933619, 267.385803, 0.994968
5, 970,10,226.977173, 225.429382, 128.856064, 75.243156,19.933619, 267.385803, 1.006866
5, 970,11,117.431305, 117.000511, 128.856064, 75.243156,19.933619, 267.385803, 1.003682
5, 970,12,29.098713, 29.468269, 128.856064, 75.243156,19.933619, 267.385803, 0.987459
5, 970,13,128.847000, 127.882858, 128.856064, 75.243156,19.933619, 267.385803, 1.007539
5, 970,14,267.385803, 266.441376, 128.856064, 75.243156,19.933619, 267.385803, 1.003545
5, 970,15,147.676163, 147.714142, 128.856064, 75.243156,19.933619, 267.385803, 0.999743
5, 970,16,118.485588, 119.004951, 128.856064, 75.243156,19.933619, 267.385803, 0.995636
5, 970,17,228.268463, 229.840714, 128.856064, 75.243156,19.933619, 267.385803, 0.993159
5, 970,18,240.020187, 239.255249, 128.856064, 75.243156,19.933619, 267.385803, 1.003197
5, 970,19,134.706604, 135.127228, 128.856064, 75.243156,19.933619, 267.385803, 0.996887
5, 970,20,23.156988, 23.510204, 128.856064, 75.243156,19.933619, 267.385803, 0.984976
5, 970,21,94.344116, 94.391441, 128.856064, 75.243156,19.933619, 267.385803, 0.999499
5, 970,22,239.745087, 239.207901, 128.856064, 75.243156,19.933619, 267.385803, 1.002246
5, 970,23,165.653519, 165.122726, 128.856064, 75.243156,19.933619, 267.385803, 1.003214
5, 970,24,50.383446, 50.593750, 128.856064, 75.243156,19.933619, 267.385803, 0.995843
5, 970,25,76.173126, 76.588272, 128.856064, 75.243156,19.933619, 267.385803, 0.994579
5, 970,26,151.346115, 151.225845, 128.856064, 75.243156,19.933619, 267.385803, 1.000795
5, 970,27,188.657379, 189.049683, 128.856064, 75.243156,19.933619, 267.385803, 0.997925
5, 970,28,105.050003, 105.407936, 128.856064, 75.243156,19.933619, 267.385803, 0.996604
5, 970,29,19.933619, 19.714405, 128.856064, 75.243156,19.933619, 267.385803, 1.011119
5, 970,30,89.596565, 88.551750, 128.856064, 75.243156,19.933619, 267.385803, 1.011799
5, 970,31,31.686947, 32.995758, 128.856064, 75.243156,19.933619, 267.385803, 0.960334
5, 971,0,74.469429, 73.538452, 128.770706, 65.817688,14.906454, 228.858017, 1.012660
5, 971,1,157.940918, 156.858932, 128.770706, 65.817688,14.906454, 228.858017, 1.006898
5, 971,2,97.009918, 97.533493, 128.770706, 65.817688,14.906454, 228.858017, 0.994632
5, 971,3,14.906454, 16.607727, 128.770706, 65.817688,14.906454, 228.858017, 0.897561
5, 971,4,209.904877, 209.521744, 128.770706, 65.817688,14.906454, 228.858017, 1.001829
5, 971,5,124.156158, 124.108490, 128.770706, 65.817688,14.906454, 228.858017, 1.000384
5, 971,6,227.619888, 229.996780, 128.770706, 65.817688,14.906454, 228.858017, 0.989666
5, 971,7,85.391914, 84.448410, 128.770706, 65.817688,14.906454, 228.858017, 1.011173
5, 971,8,54.754459, 54.689632, 128.770706, 65.817688,14.906454, 228.858017, 1.001185
5, 971,9,157.271194, 156.680527, 128.770706, 65.817688,14.906454, 228.858017, 1.003770
5, 971,10,37.228794, 37.261154, 128.770706, 65.817688,14.906454, 228.858017, 0.999132
5, 971,11,175.222992, 173.484589, 128.770706, 65.817688,14.906454, 228.858017, 1.010020
5, 971,12,204.645157, 205.082291, 128.770706, 65.817688,14.906454, 228.858017, 0.997868
5, 971,13,29.112152, 29.061539, 128.770706, 65.817688,14.906454, 228.858017, 1.001742
5, 971,14,118.360168, 117.397835, 128.770706, 65.817688,14.906454, 228.858017, 1.008197
5, 971,15,187.323364, 186.466766, 128.770706, 65.817688,14.906454, 228.858017, 1.004594
5, 971,16,21.090796, 21.170692, 128.770706, 65.817688,14.906454, 228.858017, 0.996226
5, 971,17,68.599258, 69.359741, 128.770706, 65.817688,14.906454, 228.858017, 0.989036
5, 971,18,98.354774, 97.910873, 128.770706, 65.817688,14.906454, 228.858017, 1.004534
5, 971,19,190.098602, 192.347137, 128.770706, 65.817688,14.906454, 228.858017, 0.988310
5, 971,20,80.820442, 80.942139, 128.770706, 65.817688,14.906454, 228.858017, 0.998496
5, 971,21,123.847725, 123.744827, 128.770706, 65.817688,14.906454, 228.858017, 1.000831
5, 971,22,84.682762, 84.242561, 128.770706, 65.817688,14.906454, 228.858017, 1.005225
5, 971,23,155.612686, 155.918884, 128.770706, 65.817688,14.906454, 228.858017, 0.998036
5, 971,24,209.223801, 208.629745, 128.770706, 65.817688,14.906454, 228.858017, 1.002847
5, 971,25,102.371994, 102.219971, 128.770706, 65.817688,14.906454, 228.858017, 1.001487
5, 971,26,62.737476, 62.395214, 128.770706, 65.817688,14.906454, 228.858017, 1.005485
5, 971,27,184.281128, 184.325943, 128.770706, 65.817688,14.906454, 228.858017, 0.999757
5, 971,28,224.819870, 224.768234, 128.770706, 65.817688,14.906454, 228.858017, 1.000230
5, 971,29,228.858017, 229.722305, 128.770706, 65.817688,14.906454, 228.858017, 0.996238
5, 971,30,185.488434, 185.444382, 128.770706, 65.817688,14.906454, 228.858017, 1.000238
5, 971,31,144.456573, 145.118729, 128.770706, 65.817688,14.906454, 228.858017, 0.995437
5, 972,0,131.329102, 132.369049, 128.596069, 80.166786,15.573248, 279.937714, 0.992144
5, 972,1,169.436081, 169.750305, 128.596069, 80.166786,15.573248, 279.937714, 0.998149
5, 972,2,46.815620, 47.389828, 128.596069, 80.166786,15.573248, 279.937714, 0.987883
5, 972,3,116.884300, 117.488274, 128.596069, 80.166786,15.573248, 279.937714, 0.994859
5, 972,4,241.333511, 241.463257, 128.596069, 80.166786,15.573248, 279.937714, 0.999463
5, 972,5,117.981354, 116.924477, 128.596069, 80.166786,15.573248, 279.937714, 1.009039
5, 972,6,56.136013, 56.624096, 128.596069, 80.166786,15.573248, 279.937714, 0.991380
5, 972,7,194.731430, 194.779373, 128.596069, 80.166786,15.573248, 279.937714, 0.999754
5, 972,8,164.144653, 163.215424, 128.596069, 80.166786,15.573248, 279.937714, 1.005693
5, 972,9,163.299194, 164.735962, 128.596069, 80.166786,15.573248, 279.937714, 0.991278
5, 972,10,211.347763, 212.120316, 128.596069, 80.166786,15.573248, 279.937714, 0.996358
5, 972,11,177.077393, 176.960037, 128.596069, 80.166786,15.573248, 279.937714, 1.000663
5, 972,12,150.849136, 152.631454, 128.596069, 80.166786,15.573248, 279.937714, 0.988323
5, 972,13,181.929062, 181.402069, 128.596069, 80.166786,15.573248, 279.937714, 1.002905
5, 972,14,268.071381, 269.148987, 128.596069, 80.166786,15.573248, 279.937714, 0.995996
5, 972,15,58.843285, 59.280766, 128.596069, 80.166786,15.573248, 279.937714, 0.992620
5, 972,16,61.253792, 61.740959, 128.596069, 80.166786,15.573248, 279.937714, 0.992109
5, 972,17,117.527893, 117.838516, 128.596069, 80.166786,15.573248, 279.937714, 0.997364
5, 972,18,34.471516, 34.516518, 128.596069, 80.166786,15.573248, 279.937714, 0.998696
5, 972,19,183.361771, 183.059280, 128.596069, 80.166786,15.573248, 279.937714, 1.001652
5, 972,20,279.937714, 281.074097, 128.596069, 80.166786,15.573248, 279.937714, 0.995957
5, 972,21,15.573248, 17.372040, 128.596069, 80.166786,15.573248, 279.937714, 0.896455
5, 972,22,71.998016, 72.171158, 128.596069, 80.166786,15.573248, 279.937714, 0.997601
5, 972,23,274.407623, 273.625153, 128.596069, 80.166786,15.573248, 279.937714, 1.002860
5, 972,24,43.818123, 42.178997, 128.596069, 80.166786,15.573248, 279.937714, 1.038861
5, 972,25,105.772346, 104.734566, 128.596069, 80.166786,15.573248, 279.937714, 1.009909
5, 972,26,212.264191, 211.556534, 128.596069, 80.166786,15.573248, 279.937714, 1.003345
5, 972,27,31.743000, 31.535240, 128.596069, 80.166786,15.573248, 279.937714, 1.006588
5, 972,28,18.348251, 17.782072, 128.596069, 80.166786,15.573248, 279.937714, 1.031840
5, 972,29,18.484798, 18.405663, 128.596069, 80.166786,15.573248, 279.937714, 1.004300
5, 972,30,65.930008, 66.148804, 128.596069, 80.166786,15.573248, 279.937714, 0.996692
5, 972,31,129.972595, 130.976624, 128.596069, 80.166786,15.573248, 279.937714, 0.992334
5, 973,0,50.730450, 50.601032, 128.601501, 71.138916,20.110003, 225.732574, 1.002558
5, 973,1,25.984407, 25.184731, 128.601501, 71.138916,20.110003, 225.732574, 1.031752
5, 973,2,26.424305, 27.088751, 128.601501, 71.138916,20.110003, 225.732574, 0.975471
5, 973,3,81.320587, 81.695518, 128.601501, 71.138916,20.110003, 225.732574, 0.995411
5, 973,4,114.168900, 114.057083, 128.601501, 71.138916,20.110003, 225.732574, 1.000980
5, 973,5,184.257416, 184.187363, 128.601501, 71.138916,20.110003, 225.732574, 1.000380
5, 973,6,199.699936, 202.346710, 128.601501, 71.138916,20.110003, 225.732574, 0.986920
5, 973,7,47.714699, 47.097904, 128.601501, 71.138916,20.110003, 225.732574, 1.013096
5, 973,8,58.239338, 59.619717, 128.601501, 71.138916,20.110003, 225.732574, 0.976847
5, 973,9,206.372910, 206.859436, 128.601501, 71.138916,20.110003, 225.732574, 0.997648
5, 973,10,181.591827, 181.978439, 128.601501, 71.138916,20.110003, 225.732574, 0.997876
5, 973,11,200.732620, 199.853180, 128.601501, 71.138916,20.110003, 225.732574, 1.004400
5, 973,12,177.832535, 176.794891, 128.601501, 71.138916,20.110003, 225.732574, 1.005869
5, 973,13,20.110003, 18.402082, 128.601501, 71.138916,20.110003, 225.732574, 1.092811
5, 973,14,139.684052, 140.618500, 128.601501, 71.138916,20.110003, 225.732574, 0.993355
5, 973,15,53.442463, 54.320984, 128.601501, 71.138916,20.110003, 225.732574, 0.983827
5, 973,16,142.612732, 142.508972, 128.601501, 71.138916,20.110003, 225.732574, 1.000728
5, 973,17,44.834896, 44.333351, 128.601501, 71.138916,20.110003, 225.732574, 1.011313
5, 973,18,98.244347, 99.766762, 128.601501, 71.138916,20.110003, 225.732574, 0.984740
5, 973,19,203.185394, 203.546021, 128.601501, 71.138916,20.110003, 225.732574, 0.998228
5, 973,20,88.599731, 90.544800, 128.601501, 71.138916,20.110003, 225.732574, 0.978518
5, 973,21,26.963879, 28.254202, 128.601501, 71.138916,20.110003, 225.732574, 0.954332
5, 973,22,61.584869, 60.697083, 128.601501, 71.138916,20.110003, 225.732574, 1.014627
5, 973,23,172.869507, 171.997574, 128.601501, 71.138916,20.110003, 225.732574, 1.005069
5, 973,24,88.315773, 87.272057, 128.601501, 71.138916,20.110003, 225.732574, 1.011959
5, 973,25,188.429428, 188.354523, 128.601501, 71.138916,20.110003, 225.732574, 1.000398
5, 973,26,225.732574, 226.312973, 128.601501, 71.138916,20.110003, 225.732574, 0.997435
5, 973,27,219.596512, 220.085938, 128.601501, 71.138916,20.110003, 225.732574, 0.997776
5, 973,28,184.543106, 185.440918, 128.601501, 71.138916,20.110003, 225.732574, 0.995158
5, 973,29,197.281601, 195.597931, 128.601501, 71.138916,20.110003, 225.732574, 1.008608
5, 973,30,208.984802, 208.695694, 128.601501, 71.138916,20.110003, 225.732574, 1.001385
5, 973,31,195.162720, 196.885345, 128.601501, 71.138916,20.110003, 225.732574, 0.991251
5, 974,0,232.722366, 232.936310, 128.614761, 65.788551,20.448200, 232.722366, 0.999082
5, 974,1,229.950867, 229.529816, 128.614761, 65.788551,20.448200, 232.722366, 1.001834
5, 974,2,228.330399, 229.111740, 128.614761, 65.788551,20.448200, 232.722366, 0.996590
5, 974,3,195.806351, 195.917343, 128.614761, 65.788551,20.448200, 232.722366, 0.999433
5, 974,4,36.748375, 36.408829, 128.614761, 65.788551,20.448200, 232.722366, 1.009326
5, 974,5,20.448200, 21.288696, 128.614761, 65.788551,20.448200, 232.722366, 0.960519
5, 974,6,82.056038, 82.338127, 128.614761, 65.788551,20.448200, 232.722366, 0.996574
5, 974,7,93.089767, 92.831749, 128.614761, 65.788551,20.448200, 232.722366, 1.002779
5, 974,8,219.385712, 218.104034, 128.614761, 65.788551,20.448200, 232.722366, 1.005876
5, 974,9,190.443207, 190.920700, 128.614761, 65.788551,20.448200, 232.722366, 0.997499
5, 974,10,25.813253, 26.580057, 128.614761, 65.788551,20.448200, 232.722366, 0.971151
5, 974,11,91.938278, 92.537018, 128.614761, 65.788551,20.448200, 232.722366, 0.993530
5, 974,12,64.695770, 65.956833, 128.614761, 65.788551,20.448200, 232.722366, 0.980880
5, 974,13,153.225922, 154.155334, 128.614761, 65.788551,20.448200, 232.722366, 0.993971
5, 974,14,206.149796, 206.198486, 128.614761, 65.788551,20.448200, 232.722366, 0.999764
5, 974,15,205.971588, 207.678986, 128.614761, 65.788551,20.448200, 232.722366, 0.991779
5, 974,16,113.736092, 113.675049, 128.614761, 65.788551,20.448200, 232.722366, 1.000537
5, 974,17,75.208633, 76.039207, 128.614761, 65.788551,20.448200, 232.722366, 0.989077
5, 974,18,104.854408, 105.539238, 128.614761, 65.788551,20.448200, 232.722366, 0.993511
5, 974,19,136.972443, 137.732925, 128.614761, 65.788551,20.448200, 232.722366, 0.994479
5, 974,20,181.005127, 179.926727, 128.614761, 65.788551,20.448200, 232.722366, 1.005994
5, 974,21,43.765999, 43.557652, 128.614761, 65.788551,20.448200, 232.722366, 1.004783
5, 974,22,48.691120, 48.485744, 128.614761, 65.788551,20.448200, 232.722366, 1.004236
5, 974,23,188.289032, 188.508057, 128.614761, 65.788551,20.448200, 232.722366, 0.998838
5, 974,24,119.061104, 118.952698, 128.614761, 65.788551,20.448200, 232.722366, 1.000911
5, 974,25,87.771919, 87.924210, 128.614761, 65.788551,20.448200, 232.722366, 0.998268
5, 974,26,149.485870, 149.007919, 128.614761, 65.788551,20.448200, 232.722366, 1.003208
5, 974,27,181.498978, 181.400375, 128.614761, 65.788551,20.448200, 232.722366, 1.000544
5, 974,28,88.481499, 89.027718, 128.614761, 65.788551,20.448200, 232.722366, 0.993865
5, 974,29,82.863396, 80.960449, 128.614761, 65.788551,20.448200, 232.722366, 1.023505
5, 974,30,87.960434, 88.568497, 128.614761, 65.788551,20.448200, 232.722366, 0.993135
5, 974,31,149.250061, 149.199829, 128.614761, 65.788551,20.448200, 232.722366, 1.000337
5, 975,0,164.767776, 164.077454, 128.761856, 67.842743,16.788378, 215.229141, 1.004207
5, 975,1,196.077896, 198.167603, 128.761856, 67.842743,16.788378, 215.229141, 0.989455
5, 975,2,60.566948, 59.965271, 128.761856, 67.842743,16.788378, 215.229141, 1.010034
5, 975,3,198.973740, 198.394684, 128.761856, 67.842743,16.788378, 215.229141, 1.002919
5, 975,4,213.336594, 213.550766, 128.761856, 67.842743,16.788378, 215.229141, 0.998997
5, 975,5,173.899521, 174.440094, 128.761856, 67.842743,16.788378, 215.229141, 0.996901
5, 975,6,202.731827, 203.150269, 128.761856, 67.842743,16.788378, 215.229141, 0.997940
5, 975,7,75.170937, 74.774467, 128.761856, 67.842743,16.788378, 215.229141, 1.005302
5, 975,8,167.408493, 167.565308, 128.761856, 67.842743,16.788378, 215.229141, 0.999064
5, 975,9,60.290867, 60.091412, 128.761856, 67.842743,16.788378, 215.229141, 1.003319
5, 975,10,23.129635, 24.733509, 128.761856, 67.842743,16.788378, 215.229141, 0.935154
5, 975,11,17.174589, 16.073790, 128.761856, 67.842743,16.788378, 215.229141, 1.068484
5, 975,12,127.495003, 126.997696, 128.761856, 67.842743,16.788378, 215.229141, 1.003916
5, 975,13,213.809784, 213.790436, 128.761856, 67.842743,16.788378, 215.229141, 1.000090
5, 975,14,82.516930, 81.579887, 128.761856, 67.842743,16.788378, 215.229141, 1.011486
5, 975,15,169.469696, 169.886337, 128.761856, 67.842743,16.788378, 215.229141, 0.997548
5, 975,16,84.577011, 84.714539, 128.761856, 67.842743,16.788378, 215.229141, 0.998377
5, 975,17,73.463577, 73.374283, 128.761856, 67.842743,16.788378, 215.229141, 1.001217
5, 975,18,193.611465, 194.213028, 128.761856, 67.842743,16.788378, 215.229141, 0.996903
5, 975,19,161.739670, 162.481735, 128.761856, 67.842743,16.788378, 215.229141, 0.995433
5, 975,20,73.945908, 74.938454, 128.761856, 67.842743,16.788378, 215.229141, 0.986755
5, 975,21,215.229141, 213.569687, 128.761856, 67.842743,16.788378, 215.229141, 1.007770
5, 975,22,16.788378, 16.193624, 128.761856, 67.842743,16.788378, 215.229141, 1.036728
5, 975,23,104.186295, 103.244957, 128.761856, 67.842743,16.788378, 215.229141, 1.009117
5, 975,24,181.549301, 182.595261, 128.761856, 67.842743,16.788378, 215.229141, 0.994272
5, 975,25,70.592163, 70.542366, 128.761856, 67.842743,16.788378, 215.229141, 1.000706
5, 975,26,203.420532, 202.948441, 128.761856, 67.842743,16.788378, 215.229141, 1.002326
5, 975,27,205.012161, 204.121582, 128.761856, 67.842743,16.788378, 215.229141, 1.004363
5, 975,28,161.297485, 160.621124, 128.761856, 67.842743,16.788378, 215.229141, 1.004211
5, 975,29,147.625778, 149.009659, 128.761856, 67.842743,16.788378, 215.229141, 0.990713
5, 975,30,53.548954, 53.021091, 128.761856, 67.842743,16.788378, 215.229141, 1.009956
5, 975,31,26.971073, 28.170910, 128.761856, 67.842743,16.788378, 215.229141, 0.957409
5, 976,0,164.157150, 164.202713, 128.865051, 64.999855,31.682869, 215.655167, 0.999723
5, 976,1,65.835800, 65.414078, 128.865051, 64.999855,31.682869, 215.655167, 1.006447
5, 976,2,209.633316, 210.257050, 128.865051, 64.999855,31.682869, 215.655167, 0.997033
5, 976,3,141.281799, 141.165848, 128.865051, 64.999855,31.682869, 215.655167, 1.000821
5, 976,4,49.975334, 49.866287, 128.865051, 64.999855,31.682869, 215.655167, 1.002187
5, 976,5,204.858276, 204.806915, 128.865051, 64.999855,31.682869, 215.655167, 1.000251
5, 976,6,65.225433, 65.271667, 128.865051, 64.999855,31.682869, 215.655167, 0.999292
5, 976,7,132.922394, 133.074768, 128.865051, 64.999855,31.682869, 215.655167, 0.998855
5, 976,8,61.420460, 61.510941, 128.865051, 64.999855,31.682869, 215.655167, 0.998529
5, 976,9,204.456024, 203.272858, 128.865051, 64.999855,31.682869, 215.655167, 1.005821
5, 976,10,194.658188, 195.511902, 128.865051, 64.999855,31.682869, 215.655167, 0.995633
5, 976,11,173.253143, 172.856918, 128.865051, 64.999855,31.682869, 215.655167, 1.002292
5, 976,12,45.529182, 46.280327, 128.865051, 64.999855,31.682869, 215.655167, 0.983770
5, 976,13,204.975220, 203.764786, 128.865051, 64.999855,31.682869, 215.655167, 1.005940
5, 976,14,164.851456, 164.319229, 128.865051, 64.999855,31.682869, 215.655167, 1.003239
5, 976,15,215.655167, 215.131119, 128.865051, 64.999855,31.682869, 215.655167, 1.002436
5, 976,16,69.028130, 70.456429, 128.865051, 64.999855,31.682869, 215.655167, 0.979728
5, 976,17,111.239227, 111.144760, 128.865051, 64.999855,31.682869, 215.655167, 1.000850
5, 976,18,52.112011, 52.177094, 128.865051, 64.999855,31.682869, 215.655167, 0.998753
5, 976,19,102.022934, 103.073120, 128.865051, 64.999855,31.682869, 215.655167, 0.989811
5, 976,20,32.589054, 32.525520, 128.865051, 64.999855,31.682869, 215.655167, 1.001953
5, 976,21,142.731537, 143.042969, 128.865051, 64.999855,31.682869, 215.655167, 0.997823
5, 976,22,208.579391, 209.201981, 128.865051, 64.999855,31.682869, 215.655167, 0.997024
5, 976,23,127.478279, 125.300888, 128.865051, 64.999855,31.682869, 215.655167, 1.017377
5, 976,24,34.383820, 33.988384, 128.865051, 64.999855,31.682869, 215.655167, 1.011634
5, 976,25,168.058899, 168.228836, 128.865051, 64.999855,31.682869, 215.655167, 0.998990
5, 976,26,192.118011, 191.155655, 128.865051, 64.999855,31.682869, 215.655167, 1.005034
5, 976,27,204.908890, 204.522110, 128.865051, 64.999855,31.682869, 215.655167, 1.001891
5, 976,28,189.289825, 188.818985, 128.865051, 64.999855,31.682869, 215.655167, 1.002494
5, 976,29,92.184982, 92.606522, 128.865051, 64.999855,31.682869, 215.655167, 0.995448
5, 976,30,66.585220, 67.064651, 128.865051, 64.999855,31.682869, 215.655167, 0.992851
5, 976,31,31.682869, 30.984982, 128.865051, 64.999855,31.682869, 215.655167, 1.022523
5, 977,0,182.119537, 181.825821, 129.181030, 73.565018,13.853590, 276.649719, 1.001615
5, 977,1,67.540504, 65.974319, 129.181030, 73.565018,13.853590, 276.649719, 1.023739
5, 977,2,232.404434, 230.678253, 129.181030, 73.565018,13.853590, 276.649719, 1.007483
5, 977,3,17.804966, 16.504763, 129.181030, 73.565018,13.853590, 276.649719, 1.078777
5, 977,4,215.213821, 215.100189, 129.181030, 73.565018,13.853590, 276.649719, 1.000528
5, 977,5,173.657562, 173.302917, 129.181030, 73.565018,13.853590, 276.649719, 1.002046
5, 977,6,13.853590, 13.627657, 129.181030, 73.565018,13.853590, 276.649719, 1.016579
5, 977,7,87.846947, 86.489349, 129.181030, 73.565018,13.853590, 276.649719, 1.015697
5, 977,8,88.209000, 88.207268, 129.181030, 73.565018,13.853590, 276.649719, 1.000020
5, 977,9,95.348396, 94.019859, 129.181030, 73.565018,13.853590, 276.649719, 1.014130
5, 977,10,79.952789, 77.699570, 129.181030, 73.565018,13.853590, 276.649719, 1.028999
5, 977,11,156.729614, 157.849930, 129.181030, 73.565018,13.853590, 276.649719, 0.992903
5, 977,12,128.667374, 130.029572, 129.181030, 73.565018,13.853590, 276.649719, 0.989524
5, 977,13,160.099716, 159.901443, 129.181030, 73.565018,13.853590, 276.649719, 1.001240
5, 977,14,253.169739, 254.412323, 129.181030, 73.565018,13.853590, 276.649719, 0.995116
5, 977,15,32.807907, 31.624168, 129.181030, 73.565018,13.853590, 276.649719, 1.037431
5, 977,16,181.863297, 181.325455, 129.181030, 73.565018,13.853590, 276.649719, 1.002966
5, 977,17,247.365005, 247.849182, 129.181030, 73.565018,13.853590, 276.649719, 0.998046
5, 977,18,119.918533, 119.555229, 129.181030, 73.565018,13.853590, 276.649719, 1.003039
5, 977,19,218.901459, 218.435974, 129.181030, 73.565018,13.853590, 276.649719, 1.002131
5, 977,20,38.564865, 39.880215, 129.181030, 73.565018,13.853590, 276.649719, 0.967017
5, 977,21,118.388641, 118.162529, 129.181030, 73.565018,13.853590, 276.649719, 1.001914
5, 977,22,62.464520, 61.988071, 129.181030, 73.565018,13.853590, 276.649719, 1.007686
5, 977,23,133.071808, 132.539734, 129.181030, 73.565018,13.853590, 276.649719, 1.004014
5, 977,24,131.822968, 130.346466, 129.181030, 73.565018,13.853590, 276.649719, 1.011328
5, 977,25,171.368896, 171.793472, 129.181030, 73.565018,13.853590, 276.649719, 0.997529
5, 977,26,276.649719, 275.727936, 129.181030, 73.565018,13.853590, 276.649719, 1.003343
5, 977,27,56.915592, 56.609127, 129.181030, 73.565018,13.853590, 276.649719, 1.005414
5, 977,28,153.498230, 152.938004, 129.181030, 73.565018,13.853590, 276.649719, 1.003663
5, 977,29,73.720695, 73.254654, 129.181030, 73.565018,13.853590, 276.649719, 1.006362
5, 977,30,143.290344, 143.280930, 129.181030, 73.565018,13.853590, 276.649719, 1.000066
5, 977,31,20.562466, 20.065704, 129.181030, 73.565018,13.853590, 276.649719, 1.024757
5, 978,0,159.926163, 161.590073, 128.602158, 74.113441,24.173037, 279.123047, 0.989703
5, 978,1,202.913742, 202.729660, 128.602158, 74.113441,24.173037, 279.123047, 1.000908
5, 978,2,67.474022, 68.880486, 128.602158, 74.113441,24.173037, 279.123047, 0.979581
5, 978,3,75.501999, 74.774437, 128.602158, 74.113441,24.173037, 279.123047, 1.009730
5, 978,4,176.683365, 176.472488, 128.602158, 74.113441,24.173037, 279.123047, 1.001195
5, 978,5,90.099075, 91.031281, 128.602158, 74.113441,24.173037, 279.123047, 0.989760
5, 978,6,27.117239, 27.150639, 128.602158, 74.113441,24.173037, 279.123047, 0.998770
5, 978,7,24.173037, 24.975189, 128.602158, 74.113441,24.173037, 279.123047, 0.967882
5, 978,8,70.444183, 69.917618, 128.602158, 74.113441,24.173037, 279.123047, 1.007531
5, 978,9,205.407089, 205.537521, 128.602158, 74.113441,24.173037, 279.123047, 0.999365
5, 978,10,179.714722, 178.774429, 128.602158, 74.113441,24.173037, 279.123047, 1.005260
5, 978,11,103.615852, 103.535912, 128.602158, 74.113441,24.173037, 279.123047, 1.000772
5, 978,12,189.979279, 190.199768, 128.602158, 74.113441,24.173037, 279.123047, 0.998841
5, 978,13,91.246834, 91.941940, 128.602158, 74.113441,24.173037, 279.123047, 0.992440
5, 978,14,253.163071, 253.245636, 128.602158, 74.113441,24.173037, 279.123047, 0.999674
5, 978,15,80.989250, 81.638069, 128.602158, 74.113441,24.173037, 279.123047, 0.992052
5, 978,16,62.489086, 62.033722, 128.602158, 74.113441,24.173037, 279.123047, 1.007341
5, 978,17,102.041153, 102.321701, 128.602158, 74.113441,24.173037, 279.123047, 0.997258
5, 978,18,66.487366, 67.126633, 128.602158, 74.113441,24.173037, 279.123047, 0.990477
5, 978,19,239.964249, 239.889389, 128.602158, 74.113441,24.173037, 279.123047, 1.000312
5, 978,20,67.219437, 67.109772, 128.602158, 74.113441,24.173037, 279.123047, 1.001634
5, 978,21,255.616272, 256.314880, 128.602158, 74.113441,24.173037, 279.123047, 0.997274
5, 978,22,72.819290, 73.728867, 128.602158, 74.113441,24.173037, 279.123047, 0.987663
5, 978,23,30.556343, 30.177719, 128.602158, 74.113441,24.173037, 279.123047, 1.012546
5, 978,24,105.633072, 105.222305, 128.602158, 74.113441,24.173037, 279.123047, 1.003904
5, 978,25,148.146729, 147.719452, 128.602158, 74.113441,24.173037, 279.123047, 1.002892
5, 978,26,159.117493, 158.326889, 128.602158, 74.113441,24.173037, 279.123047, 1.004993
5, 978,27,66.397415, 66.578552, 128.602158, 74.113441,24.173037, 279.123047, 0.997279
5, 978,28,149.060135, 149.085449, 128.602158, 74.113441,24.173037, 279.123047, 0.999830
5, 978,29,77.020401, 77.624443, 128.602158, 74.113441,24.173037, 279.123047, 0.992218
5, 978,30,279.123047, 279.629303, 128.602158, 74.113441,24.173037, 279.123047, 0.998190
5, 978,31,235.128571, 235.715546, 128.602158, 74.113441,24.173037, 279.123047, 0.997510
5, 979,0,222.114868, 220.856033, 128.765656, 68.597717,9.390321, 222.114868, 1.005700
5, 979,1,111.826729, 111.482620, 128.765656, 68.597717,9.390321, 222.114868, 1.003087
5, 979,2,52.124512, 52.162113, 128.765656, 68.597717,9.390321, 222.114868, 0.999279
5, 979,3,92.864609, 92.616188, 128.765656, 68.597717,9.390321, 222.114868, 1.002682
5, 979,4,133.438614, 133.446930, 128.765656, 68.597717,9.390321, 222.114868, 0.999938
5, 979,5,168.114471, 168.958694, 128.765656, 68.597717,9.390321, 222.114868, 0.995003
5, 979,6,102.144966, 102.052650, 128.765656, 68.597717,9.390321, 222.114868, 1.000905
5, 979,7,26.647943, 26.236181, 128.765656, 68.597717,9.390321, 222.114868, 1.015694
5, 979,8,170.681335, 172.926819, 128.765656, 68.597717,9.390321, 222.114868, 0.987015
5, 979,9,46.726215, 46.135246, 128.765656, 68.597717,9.390321, 222.114868, 1.012810
5, 979,10,19.559479, 18.572704, 128.765656, 68.597717,9.390321, 222.114868, 1.053130
5, 979,11,47.468575, 48.531704, 128.765656, 68.597717,9.390321, 222.114868, 0.978094
5, 979,12,221.485443, 222.304291, 128.765656, 68.597717,9.390321, 222.114868, 0.996317
5, 979,13,189.337097, 189.702042, 128.765656, 68.597717,9.390321, 222.114868, 0.998076
5, 979,14,198.028214, 196.228989, 128.765656, 68.597717,9.390321, 222.114868, 1.009169
5, 979,15,50.121422, 50.103367, 128.765656, 68.597717,9.390321, 222.114868, 1.000360
5, 979,16,46.709431, 47.538048, 128.765656, 68.597717,9.390321, 222.114868, 0.982569
5, 979,17,115.911385, 115.613106, 128.765656, 68.597717,9.390321, 222.114868, 1.002580
5, 979,18,220.018600, 218.959641, 128.765656, 68.597717,9.390321, 222.114868, 1.004836
5, 979,19,179.480515, 180.278580, 128.765656, 68.597717,9.390321, 222.114868, 0.995573
5, 979,20,50.723099, 49.915028, 128.765656, 68.597717,9.390321, 222.114868, 1.016189
5, 979,21,221.987045, 222.031540, 128.765656, 68.597717,9.390321, 222.114868, 0.999800
5, 979,22,150.759232, 151.345703, 128.765656, 68.597717,9.390321, 222.114868, 0.996125
5, 979,23,191.615372, 192.195923, 128.765656, 68.597717,9.390321, 222.114868, 0.996979
5, 979,24,171.588196, 171.653915, 128.765656, 68.597717,9.390321, 222.114868, 0.999617
5, 979,25,203.938766, 204.418518, 128.765656, 68.597717,9.390321, 222.114868, 0.997653
5, 979,26,106.049728, 106.183136, 128.765656, 68.597717,9.390321, 222.114868, 0.998744
5, 979,27,128.919037, 128.348770, 128.765656, 68.597717,9.390321, 222.114868, 1.004443
5, 979,28,100.709045, 100.429031, 128.765656, 68.597717,9.390321, 222.114868, 1.002788
5, 979,29,171.655106, 171.030441, 128.765656, 68.597717,9.390321, 222.114868, 1.003652
5, 979,30,9.390321, 10.253284, 128.765656, 68.597717,9.390321, 222.114868, 0.915835
5, 979,31,198.361389, 198.489059, 128.765656, 68.597717,9.390321, 222.114868, 0.999357
5, 980,0,234.919601, 235.063461, 128.712708, 83.443581,16.347996, 266.402679, 0.999388
5, 980,1,25.765469, 26.034592, 128.712708, 83.443581,16.347996, 266.402679, 0.989663
5, 980,2,127.921684, 128.621063, 128.712708, 83.443581,16.347996, 266.402679, 0.994563
5, 980,3,180.574310, 180.120590, 128.712708, 83.443581,16.347996, 266.402679, 1.002519
5, 980,4,119.726349, 120.663284, 128.712708, 83.443581,16.347996, 266.402679, 0.992235
5, 980,5,265.269226, 265.125366, 128.712708, 83.443581,16.347996, 266.402679, 1.000543
5, 980,6,89.898483, 89.728653, 128.712708, 83.443581,16.347996, 266.402679, 1.001893
5, 980,7,22.439880, 23.114883, 128.712708, 83.443581,16.347996, 266.402679, 0.970798
5, 980,8,28.872087, 28.026024, 128.712708, 83.443581,16.347996, 266.402679, 1.030188
5, 980,9,148.178207, 148.535385, 128.712708, 83.443581,16.347996, 266.402679, 0.997595
5, 980,10,79.482574, 79.874641, 128.712708, 83.443581,16.347996, 266.402679, 0.995091
5, 980,11,40.113304, 41.363060, 128.712708, 83.443581,16.347996, 266.402679, 0.969786
5, 980,12,157.595917, 158.064117, 128.712708, 83.443581,16.347996, 266.402679, 0.997038
5, 980,13,52.423832, 51.621708, 128.712708, 83.443581,16.347996, 266.402679, 1.015538
5, 980,14,69.361603, 68.378296, 128.712708, 83.443581,16.347996, 266.402679, 1.014380
5, 980,15,29.270971, 30.493494, 128.712708, 83.443581,16.347996, 266.402679, 0.959909
5, 980,16,62.565102, 63.221199, 128.712708, 83.443581,16.347996, 266.402679, 0.989622
5, 980,17,208.870071, 209.206604, 128.712708, 83.443581,16.347996, 266.402679, 0.998391
5, 980,18,205.488052, 204.470001, 128.712708, 83.443581,16.347996, 266.402679, 1.004979
5, 980,19,231.037170, 231.477310, 128.712708, 83.443581,16.347996, 266.402679, 0.998099
5, 980,20,203.724075, 204.343063, 128.712708, 83.443581,16.347996, 266.402679, 0.996971
5, 980,21,236.560913, 237.150116, 128.712708, 83.443581,16.347996, 266.402679, 0.997515
5, 980,22,74.723236, 75.225327, 128.712708, 83.443581,16.347996, 266.402679, 0.993326
5, 980,23,209.583069, 209.603302, 128.712708, 83.443581,16.347996, 266.402679, 0.999903
5, 980,24,16.347996, 16.609013, 128.712708, 83.443581,16.347996, 266.402679, 0.984285
5, 980,25,28.095490, 27.462709, 128.712708, 83.443581,16.347996, 266.402679, 1.023041
5, 980,26,83.305588, 82.413521, 128.712708, 83.443581,16.347996, 266.402679, 1.010824
5, 980,27,215.725677, 215.958435, 128.712708, 83.443581,16.347996, 266.402679, 0.998922
5, 980,28,227.288239, 227.026337, 128.712708, 83.443581,16.347996, 266.402679, 1.001154
5, 980,29,110.039490, 107.730881, 128.712708, 83.443581,16.347996, 266.402679, 1.021429
5, 980,30,266.402679, 266.815308, 128.712708, 83.443581,16.347996, 266.402679, 0.998453
5, 980,31,67.236786, 67.457954, 128.712708, 83.443581,16.347996, 266.402679, 0.996721
5, 981,0,128.764252, 130.648529, 128.824997, 66.697159,14.369723, 253.826874, 0.985578
5, 981,1,194.767136, 195.204361, 128.824997, 66.697159,14.369723, 253.826874, 0.997760
5, 981,2,94.906006, 93.083031, 128.824997, 66.697159,14.369723, 253.826874, 1.019584
5, 981,3,67.158852, 67.453110, 128.824997, 66.697159,14.369723, 253.826874, 0.995638
5, 981,4,203.189011, 204.065826, 128.824997, 66.697159,14.369723, 253.826874, 0.995703
5, 981,5,84.944366, 83.973511, 128.824997, 66.697159,14.369723, 253.826874, 1.011561
5, 981,6,14.369723, 15.539370, 128.824997, 66.697159,14.369723, 253.826874, 0.924730
5, 981,7,63.360153, 62.297062, 128.824997, 66.697159,14.369723, 253.826874, 1.017065
5, 981,8,174.927139, 175.339294, 128.824997, 66.697159,14.369723, 253.826874, 0.997649
5, 981,9,113.300201, 112.767708, 128.824997, 66.697159,14.369723, 253.826874, 1.004722
5, 981,10,179.391556, 178.759109, 128.824997, 66.697159,14.369723, 253.826874, 1.003538
5, 981,11,69.237335, 69.226913, 128.824997, 66.697159,14.369723, 253.826874, 1.000151
5, 981,12,101.688683, 100.666786, 128.824997, 66.697159,14.369723, 253.826874, 1.010151
5, 981,13,131.066162, 131.385101, 128.824997, 66.697159,14.369723, 253.826874, 0.997572
5, 981,14,116.771690, 116.127403, 128.824997, 66.697159,14.369723, 253.826874, 1.005548
5, 981,15,176.761871, 175.948090, 128.824997, 66.697159,14.369723, 253.826874, 1.004625
5, 981,16,82.555542, 82.162125, 128.824997, 66.697159,14.369723, 253.826874, 1.004788
5, 981,17,93.420601, 92.429131, 128.824997, 66.697159,14.369723, 253.826874, 1.010727
5, 981,18,55.160488, 55.089115, 128.824997, 66.697159,14.369723, 253.826874, 1.001296
5, 981,19,58.745136, 60.102360, 128.824997, 66.697159,14.369723, 253.826874, 0.977418
5, 981,20,130.016953, 130.280243, 128.824997, 66.697159,14.369723, 253.826874, 0.997979
5, 981,21,248.442642, 248.455963, 128.824997, 66.697159,14.369723, 253.826874, 0.999946
5, 981,22,233.604645, 233.363617, 128.824997, 66.697159,14.369723, 253.826874, 1.001033
5, 981,23,86.030579, 86.130638, 128.824997, 66.697159,14.369723, 253.826874, 0.998838
5, 981,24,228.359741, 228.801346, 128.824997, 66.697159,14.369723, 253.826874, 0.998070
5, 981,25,251.174347, 248.967072, 128.824997, 66.697159,14.369723, 253.826874, 1.008866
5, 981,26,66.228180, 67.543304, 128.824997, 66.697159,14.369723, 253.826874, 0.980529
5, 981,27,136.267792, 136.082672, 128.824997, 66.697159,14.369723, 253.826874, 1.001360
5, 981,28,55.964256, 55.885826, 128.824997, 66.697159,14.369723, 253.826874, 1.001403
5, 981,29,253.826874, 254.393677, 128.824997, 66.697159,14.369723, 253.826874, 0.997772
5, 981,30,136.652664, 137.097351, 128.824997, 66.697159,14.369723, 253.826874, 0.996756
5, 981,31,91.345329, 91.730133, 128.824997, 66.697159,14.369723, 253.826874, 0.995805
5, 982,0,174.804276, 172.688080, 128.918121, 70.069054,11.913038, 265.235657, 1.012254
5, 982,1,182.737137, 184.551804, 128.918121, 70.069054,11.913038, 265.235657, 0.990167
5, 982,2,246.602249, 245.166061, 128.918121, 70.069054,11.913038, 265.235657, 1.005858
5, 982,3,109.754906, 108.974503, 128.918121, 70.069054,11.913038, 265.235657, 1.007161
5, 982,4,71.539650, 71.562683, 128.918121, 70.069054,11.913038, 265.235657, 0.999678
5, 982,5,91.406807, 90.268593, 128.918121, 70.069054,11.913038, 265.235657, 1.012609
5, 982,6,30.606972, 30.653561, 128.918121, 70.069054,11.913038, 265.235657, 0.998480
5, 982,7,99.596230, 101.226242, 128.918121, 70.069054,11.913038, 265.235657, 0.983897
5, 982,8,157.128967, 154.557999, 128.918121, 70.069054,11.913038, 265.235657, 1.016634
5, 982,9,74.355865, 72.333282, 128.918121, 70.069054,11.913038, 265.235657, 1.027962
5, 982,10,104.074387, 102.885979, 128.918121, 70.069054,11.913038, 265.235657, 1.011551
5, 982,11,191.879639, 191.775040, 128.918121, 70.069054,11.913038, 265.235657, 1.000545
5, 982,12,94.390663, 93.240875, 128.918121, 70.069054,11.913038, 265.235657, 1.012331
5, 982,13,112.407860, 113.564186, 128.918121, 70.069054,11.913038, 265.235657, 0.989818
5, 982,14,50.410564, 52.365631, 128.918121, 70.069054,11.913038, 265.235657, 0.962665
5, 982,15,78.988876, 78.828262, 128.918121, 70.069054,11.913038, 265.235657, 1.002038
5, 982,16,249.741699, 250.670303, 128.918121, 70.069054,11.913038, 265.235657, 0.996296
5, 982,17,59.447689, 58.166237, 128.918121, 70.069054,11.913038, 265.235657, 1.022031
5, 982,18,181.588547, 182.417862, 128.918121, 70.069054,11.913038, 265.235657, 0.995454
5, 982,19,37.152554, 38.291737, 128.918121, 70.069054,11.913038, 265.235657, 0.970250
5, 982,20,265.235657, 264.778046, 128.918121, 70.069054,11.913038, 265.235657, 1.001728
5, 982,21,11.913038, 11.558121, 128.918121, 70.069054,11.913038, 265.235657, 1.030707
5, 982,22,203.950806, 205.594894, 128.918121, 70.069054,11.913038, 265.235657, 0.992003
5, 982,23,151.266663, 152.246216, 128.918121, 70.069054,11.913038, 265.235657, 0.993566
5, 982,24,147.442398, 149.062225, 128.918121, 70.069054,11.913038, 265.235657, 0.989133
5, 982,25,126.286972, 125.182335, 128.918121, 70.069054,11.913038, 265.235657, 1.008824
5, 982,26,63.287575, 62.866001, 128.918121, 70.069054,11.913038, 265.235657, 1.006706
5, 982,27,106.925461, 105.841331, 128.918121, 70.069054,11.913038, 265.235657, 1.010243
5, 982,28,241.547028, 242.845840, 128.918121, 70.069054,11.913038, 265.235657, 0.994652
5, 982,29,226.112823, 225.621811, 128.918121, 70.069054,11.913038, 265.235657, 1.002176
5, 982,30,100.646370, 99.490295, 128.918121, 70.069054,11.913038, 265.235657, 1.011620
5, 982,31,82.149208, 81.724335, 128.918121, 70.069054,11.913038, 265.235657, 1.005199
5, 983,0,74.515686, 74.228806, 128.979599, 72.744514,18.141607, 235.388947, 1.003865
5, 983,1,135.029327, 135.580750, 128.979599, 72.744514,18.141607, 235.388947, 0.995933
5, 983,2,157.411743, 156.725906, 128.979599, 72.744514,18.141607, 235.388947, 1.004376
5, 983,3,74.901703, 75.001480, 128.979599, 72.744514,18.141607, 235.388947, 0.998670
5, 983,4,52.876892, 52.635231, 128.979599, 72.744514,18.141607, 235.388947, 1.004591
5, 983,5,194.561386, 194.124878, 128.979599, 72.744514,18.141607, 235.388947, 1.002249
5, 983,6,36.199558, 35.567345, 128.979599, 72.744514,18.141607, 235.388947, 1.017775
5, 983,7,167.051758, 167.750351, 128.979599, 72.744514,18.141607, 235.388947, 0.995836
5, 983,8,230.636459, 230.192352, 128.979599, 72.744514,18.141607, 235.388947, 1.001929
5, 983,9,41.400364, 41.148560, 128.979599, 72.744514,18.141607, 235.388947, 1.006119
5, 983,10,217.389984, 217.719116, 128.979599, 72.744514,18.141607, 235.388947, 0.998488
5, 983,11,125.335991, 125.349686, 128.979599, 72.744514,18.141607, 235.388947, 0.999891
5, 983,12,50.785603, 50.193020, 128.979599, 72.744514,18.141607, 235.388947, 1.011806
5, 983,13,148.796982, 148.571411, 128.979599, 72.744514,18.141607, 235.388947, 1.001518
5, 983,14,56.423752, 56.229565, 128.979599, 72.744514,18.141607, 235.388947, 1.003453
5, 983,15,146.799057, 147.322708, 128.979599, 72.744514,18.141607, 235.388947, 0.996446
5, 983,16,182.157288, 181.810333, 128.979599, 72.744514,18.141607, 235.388947, 1.001908
5, 983,17,18.141607, 18.147606, 128.979599, 72.744514,18.141607, 235.388947, 0.999669
5, 983,18,21.499481, 22.052387, 128.979599, 72.744514,18.141607, 235.388947, 0.974928
5, 983,19,198.455612, 196.760269, 128.979599, 72.744514,18.141607, 235.388947, 1.008616
5, 983,20,111.674789, 112.000313, 128.979599, 72.744514,18.141607, 235.388947, 0.997094
5, 983,21,235.388947, 234.497269, 128.979599, 72.744514,18.141607, 235.388947, 1.003803
5, 983,22,208.154602, 207.474258, 128.979599, 72.744514,18.141607, 235.388947, 1.003279
5, 983,23,223.016602, 222.969193, 128.979599, 72.744514,18.141607, 235.388947, 1.000213
5, 983,24,105.097443, 105.522240, 128.979599, 72.744514,18.141607, 235.388947, 0.995974
5, 983,25,230.543259, 230.440704, 128.979599, 72.744514,18.141607, 235.388947, 1.000445
5, 983,26,163.016144, 163.438553, 128.979599, 72.744514,18.141607, 235.388947, 0.997415
5, 983,27,225.405136, 225.666656, 128.979599, 72.744514,18.141607, 235.388947, 0.998841
5, 983,28,24.259203, 23.376976, 128.979599, 72.744514,18.141607, 235.388947, 1.037739
5, 983,29,51.124699, 51.276146, 128.979599, 72.744514,18.141607, 235.388947, 0.997046
5, 983,30,78.882828, 77.809334, 128.979599, 72.744514,18.141607, 235.388947, 1.013796
5, 983,31,140.413452, 139.416550, 128.979599, 72.744514,18.141607, 235.388947, 1.007151
5, 984,0,45.401199, 44.248871, 128.759415, 94.643227,11.125296, 293.236481, 1.026042
5, 984,1,59.116161, 60.506306, 128.759415, 94.643227,11.125296, 293.236481, 0.977025
5, 984,2,26.932371, 27.472118, 128.759415, 94.643227,11.125296, 293.236481, 0.980353
5, 984,3,102.925667, 102.289757, 128.759415, 94.643227,11.125296, 293.236481, 1.006217
5, 984,4,25.962006, 26.037380, 128.759415, 94.643227,11.125296, 293.236481, 0.997105
5, 984,5,16.954018, 16.839212, 128.759415, 94.643227,11.125296, 293.236481, 1.006818
5, 984,6,282.795959, 282.688263, 128.759415, 94.643227,11.125296, 293.236481, 1.000381
5, 984,7,52.244873, 52.936523, 128.759415, 94.643227,11.125296, 293.236481, 0.986934
5, 984,8,240.193863, 238.572281, 128.759415, 94.643227,11.125296, 293.236481, 1.006797
5, 984,9,47.349125, 44.856216, 128.759415, 94.643227,11.125296, 293.236481, 1.055575
5, 984,10,239.481705, 239.338058, 128.759415, 94.643227,11.125296, 293.236481, 1.000600
5, 984,11,293.236481, 293.514832, 128.759415, 94.643227,11.125296, 293.236481, 0.999052
5, 984,12,218.215225, 217.834595, 128.759415, 94.643227,11.125296, 293.236481, 1.001747
5, 984,13,96.763351, 98.003143, 128.759415, 94.643227,11.125296, 293.236481, 0.987349
5, 984,14,170.822540, 170.761093, 128.759415, 94.643227,11.125296, 293.236481, 1.000360
5, 984,15,34.640503, 35.728462, 128.759415, 94.643227,11.125296, 293.236481, 0.969549
5, 984,16,69.176445, 70.426239, 128.759415, 94.643227,11.125296, 293.236481, 0.982254
5, 984,17,142.505524, 141.670227, 128.759415, 94.643227,11.125296, 293.236481, 1.005896
5, 984,18,45.375084, 46.255745, 128.759415, 94.643227,11.125296, 293.236481, 0.980961
5, 984,19,206.521484, 207.773819, 128.759415, 94.643227,11.125296, 293.236481, 0.993973
5, 984,20,126.568390, 127.692543, 128.759415, 94.643227,11.125296, 293.236481, 0.991196
5, 984,21,71.892464, 73.119675, 128.759415, 94.643227,11.125296, 293.236481, 0.983216
5, 984,22,240.729691, 240.112625, 128.759415, 94.643227,11.125296, 293.236481, 1.002570
5, 984,23,210.754654, 209.701477, 128.759415, 94.643227,11.125296, 293.236481, 1.005022
5, 984,24,187.242584, 188.127579, 128.759415, 94.643227,11.125296, 293.236481, 0.995296
5, 984,25,11.125296, 11.469947, 128.759415, 94.643227,11.125296, 293.236481, 0.969952
5, 984,26,265.249756, 264.987305, 128.759415, 94.643227,11.125296, 293.236481, 1.000990
5, 984,27,18.545412, 18.766867, 128.759415, 94.643227,11.125296, 293.236481, 0.988200
5, 984,28,16.429995, 15.334057, 128.759415, 94.643227,11.125296, 293.236481, 1.071471
5, 984,29,282.275146, 281.825684, 128.759415, 94.643227,11.125296, 293.236481, 1.001595
5, 984,30,153.845245, 153.491425, 128.759415, 94.643227,11.125296, 293.236481, 1.002305
5, 984,31,119.029388, 118.617607, 128.759415, 94.643227,11.125296, 293.236481, 1.003471
5, 985,0,19.662838, 19.163359, 128.870026, 91.662895,14.641084, 291.417725, 1.026064
5, 985,1,273.226257, 273.063995, 128.870026, 91.662895,14.641084, 291.417725, 1.000594
5, 985,2,26.513565, 26.427210, 128.870026, 91.662895,14.641084, 291.417725, 1.003268
5, 985,3,234.605484, 234.607788, 128.870026, 91.662895,14.641084, 291.417725, 0.999990
5, 985,4,39.801262, 37.815453, 128.870026, 91.662895,14.641084, 291.417725, 1.052513
5, 985,5,108.955574, 109.688889, 128.870026, 91.662895,14.641084, 291.417725, 0.993315
5, 985,6,165.197296, 164.027069, 128.870026, 91.662895,14.641084, 291.417725, 1.007134
5, 985,7,23.417915, 22.250053, 128.870026, 91.662895,14.641084, 291.417725, 1.052488
5, 985,8,50.618153, 51.630840, 128.870026, 91.662895,14.641084, 291.417725, 0.980386
5, 985,9,274.499237, 274.884369, 128.870026, 91.662895,14.641084, 291.417725, 0.998599
5, 985,10,291.417725, 291.689697, 128.870026, 91.662895,14.641084, 291.417725, 0.999068
5, 985,11,92.152672, 91.107140, 128.870026, 91.662895,14.641084, 291.417725, 1.011476
5, 985,12,169.045685, 169.514526, 128.870026, 91.662895,14.641084, 291.417725, 0.997234
5, 985,13,246.648453, 247.420654, 128.870026, 91.662895,14.641084, 291.417725, 0.996879
5, 985,14,107.455025, 107.525574, 128.870026, 91.662895,14.641084, 291.417725, 0.999344
5, 985,15,171.017059, 171.862549, 128.870026, 91.662895,14.641084, 291.417725, 0.995080
5, 985,16,256.334656, 257.991089, 128.870026, 91.662895,14.641084, 291.417725, 0.993580
5, 985,17,226.843872, 226.323837, 128.870026, 91.662895,14.641084, 291.417725, 1.002298
5, 985,18,51.205124, 50.760235, 128.870026, 91.662895,14.641084, 291.417725, 1.008765
5, 985,19,15.768253, 16.278923, 128.870026, 91.662895,14.641084, 291.417725, 0.968630
5, 985,20,14.641084, 14.476151, 128.870026, 91.662895,14.641084, 291.417725, 1.011393
5, 985,21,82.958214, 82.779221, 128.870026, 91.662895,14.641084, 291.417725, 1.002162
5, 985,22,17.972588, 15.487462, 128.870026, 91.662895,14.641084, 291.417725, 1.160460
5, 985,23,121.351105, 122.325882, 128.870026, 91.662895,14.641084, 291.417725, 0.992031
5, 985,24,142.683380, 141.883759, 128.870026, 91.662895,14.641084, 291.417725, 1.005636
5, 985,25,193.133682, 194.709366, 128.870026, 91.662895,14.641084, 291.417725, 0.991908
5, 985,26,197.521347, 196.899078, 128.870026, 91.662895,14.641084, 291.417725, 1.003160
5, 985,27,96.065468, 95.987823, 128.870026, 91.662895,14.641084, 291.417725, 1.000809
5, 985,28,240.270248, 239.233429, 128.870026, 91.662895,14.641084, 291.417725, 1.004334
5, 985,29,31.285633, 30.621950, 128.870026, 91.662895,14.641084, 291.417725, 1.021673
5, 985,30,43.579342, 44.709957, 128.870026, 91.662895,14.641084, 291.417725, 0.974712
5, 985,31,97.992538, 97.852150, 128.870026, 91.662895,14.641084, 291.417725, 1.001435
5, 986,0,103.437698, 102.527710, 128.855911, 73.838272,14.095466, 258.913452, 1.008875
5, 986,1,252.598495, 253.091568, 128.855911, 73.838272,14.095466, 258.913452, 0.998052
5, 986,2,76.643227, 77.149719, 128.855911, 73.838272,14.095466, 258.913452, 0.993435
5, 986,3,15.903024, 15.659839, 128.855911, 73.838272,14.095466, 258.913452, 1.015529
5, 986,4,132.603638, 132.470093, 128.855911, 73.838272,14.095466, 258.913452, 1.001008
5, 986,5,133.214371, 132.477692, 128.855911, 73.838272,14.095466, 258.913452, 1.005561
5, 986,6,258.913452, 259.215454, 128.855911, 73.838272,14.095466, 258.913452, 0.998835
5, 986,7,76.577164, 77.446404, 128.855911, 73.838272,14.095466, 258.913452, 0.988776
5, 986,8,160.974670, 160.693207, 128.855911, 73.838272,14.095466, 258.913452, 1.001752
5, 986,9,24.591307, 24.819038, 128.855911, 73.838272,14.095466, 258.913452, 0.990824
5, 986,10,45.359299, 43.959030, 128.855911, 73.838272,14.095466, 258.913452, 1.031854
5, 986,11,170.360413, 170.848953, 128.855911, 73.838272,14.095466, 258.913452, 0.997141
5, 986,12,62.546177, 61.904675, 128.855911, 73.838272,14.095466, 258.913452, 1.010363
5, 986,13,216.756088, 215.633194, 128.855911, 73.838272,14.095466, 258.913452, 1.005207
5, 986,14,217.184097, 217.185089, 128.855911, 73.838272,14.095466, 258.913452, 0.999995
5, 986,15,115.397171, 115.840508, 128.855911, 73.838272,14.095466, 258.913452, 0.996173
5, 986,16,200.732315, 200.525070, 128.855911, 73.838272,14.095466, 258.913452, 1.001034
5, 986,17,14.095466, 13.856906, 128.855911, 73.838272,14.095466, 258.913452, 1.017216
5, 986,18,25.059235, 24.910328, 128.855911, 73.838272,14.095466, 258.913452, 1.005978
5, 986,19,60.972630, 61.516701, 128.855911, 73.838272,14.095466, 258.913452, 0.991156
5, 986,20,111.963196, 111.367401, 128.855911, 73.838272,14.095466, 258.913452, 1.005350
5, 986,21,246.253342, 245.567963, 128.855911, 73.838272,14.095466, 258.913452, 1.002791
5, 986,22,67.305183, 68.507820, 128.855911, 73.838272,14.095466, 258.913452, 0.982445
5, 986,23,57.772591, 57.811943, 128.855911, 73.838272,14.095466, 258.913452, 0.999319
5, 986,24,189.512909, 189.570557, 128.855911, 73.838272,14.095466, 258.913452, 0.999696
5, 986,25,210.246979, 209.433243, 128.855911, 73.838272,14.095466, 258.913452, 1.003885
5, 986,26,126.479042, 127.297112, 128.855911, 73.838272,14.095466, 258.913452, 0.993574
5, 986,27,137.736374, 137.916916, 128.855911, 73.838272,14.095466, 258.913452, 0.998691
5, 986,28,103.539734, 103.417770, 128.855911, 73.838272,14.095466, 258.913452, 1.001179
5, 986,29,224.698624, 225.895447, 128.855911, 73.838272,14.095466, 258.913452, 0.994702
5, 986,30,142.676086, 142.215042, 128.855911, 73.838272,14.095466, 258.913452, 1.003242
5, 986,31,141.284515, 140.267578, 128.855911, 73.838272,14.095466, 258.913452, 1.007250
5, 987,0,224.633759, 225.038483, 128.774612, 57.095047,40.390621, 246.618027, 0.998202
5, 987,1,93.820747, 94.349472, 128.774612, 57.095047,40.390621, 246.618027, 0.994396
5, 987,2,246.618027, 247.736923, 128.774612, 57.095047,40.390621, 246.618027, 0.995484
5, 987,3,113.357498, 115.604393, 128.774612, 57.095047,40.390621, 246.618027, 0.980564
5, 987,4,87.316887, 88.700645, 128.774612, 57.095047,40.390621, 246.618027, 0.984400
5, 987,5,118.368874, 118.933296, 128.774612, 57.095047,40.390621, 246.618027, 0.995254
5, 987,6,158.501175, 158.850723, 128.774612, 57.095047,40.390621, 246.618027, 0.997800
5, 987,7,72.052750, 71.820435, 128.774612, 57.095047,40.390621, 246.618027, 1.003235
5, 987,8,46.325890, 47.008305, 128.774612, 57.095047,40.390621, 246.618027, 0.985483
5, 987,9,215.158295, 215.000229, 128.774612, 57.095047,40.390621, 246.618027, 1.000735
5, 987,10,154.022263, 154.225601, 128.774612, 57.095047,40.390621, 246.618027, 0.998682
5, 987,11,93.738533, 93.281570, 128.774612, 57.095047,40.390621, 246.618027, 1.004899
5, 987,12,40.390621, 39.518265, 128.774612, 57.095047,40.390621, 246.618027, 1.022075
5, 987,13,70.953217, 69.088081, 128.774612, 57.095047,40.390621, 246.618027, 1.026996
5, 987,14,124.598244, 124.692596, 128.774612, 57.095047,40.390621, 246.618027, 0.999243
5, 987,15,156.241043, 156.913773, 128.774612, 57.095047,40.390621, 246.618027, 0.995713
5, 987,16,100.674515, 101.206139, 128.774612, 57.095047,40.390621, 246.618027, 0.994747
5, 987,17,40.695431, 41.145889, 128.774612, 57.095047,40.390621, 246.618027, 0.989052
5, 987,18,128.891693, 129.759613, 128.774612, 57.095047,40.390621, 246.618027, 0.993311
5, 987,19,167.535507, 165.390686, 128.774612, 57.095047,40.390621, 246.618027, 1.012968
5, 987,20,160.638580, 159.808136, 128.774612, 57.095047,40.390621, 246.618027, 1.005196
5, 987,21,115.012306, 113.365486, 128.774612, 57.095047,40.390621, 246.618027, 1.014527
5, 987,22,82.007202, 82.057564, 128.774612, 57.095047,40.390621, 246.618027, 0.999386
5, 987,23,201.496002, 199.946487, 128.774612, 57.095047,40.390621, 246.618027, 1.007750
5, 987,24,150.926636, 152.273926, 128.774612, 57.095047,40.390621, 246.618027, 0.991152
5, 987,25,53.693901, 53.621925, 128.774612, 57.095047,40.390621, 246.618027, 1.001342
5, 987,26,131.935440, 131.755478, 128.774612, 57.095047,40.390621, 246.618027, 1.001366
5, 987,27,123.112816, 121.267952, 128.774612, 57.095047,40.390621, 246.618027, 1.015213
5, 987,28,165.286896, 166.186081, 128.774612, 57.095047,40.390621, 246.618027, 0.994589
5, 987,29,226.772797, 228.021271, 128.774612, 57.095047,40.390621, 246.618027, 0.994525
5, 987,30,70.118591, 69.154373, 128.774612, 57.095047,40.390621, 246.618027, 1.013943
5, 987,31,185.891403, 185.275757, 128.774612, 57.095047,40.390621, 246.618027, 1.003323
5, 988,0,178.423340, 177.166718, 128.819046, 59.518993,19.428375, 225.253586, 1.007093
5, 988,1,190.466324, 188.919128, 128.819046, 59.518993,19.428375, 225.253586, 1.008190
5, 988,2,43.367817, 42.848438, 128.819046, 59.518993,19.428375, 225.253586, 1.012121
5, 988,3,107.958282, 108.586014, 128.819046, 59.518993,19.428375, 225.253586, 0.994219
5, 988,4,141.653961, 141.943359, 128.819046, 59.518993,19.428375, 225.253586, 0.997961
5, 988,5,120.126106, 120.894859, 128.819046, 59.518993,19.428375, 225.253586, 0.993641
5, 988,6,191.920685, 191.769043, 128.819046, 59.518993,19.428375, 225.253586, 1.000791
5, 988,7,222.267517, 222.032196, 128.819046, 59.518993,19.428375, 225.253586, 1.001060
5, 988,8,48.937756, 49.545689, 128.819046, 59.518993,19.428375, 225.253586, 0.987730
5, 988,9,94.262276, 94.119408, 128.819046, 59.518993,19.428375, 225.253586, 1.001518
5, 988,10,85.212303, 86.567184, 128.819046, 59.518993,19.428375, 225.253586, 0.984349
5, 988,11,162.566711, 161.858704, 128.819046, 59.518993,19.428375, 225.253586, 1.004374
5, 988,12,152.061554, 152.270844, 128.819046, 59.518993,19.428375, 225.253586, 0.998626
5, 988,13,77.466599, 77.087891, 128.819046, 59.518993,19.428375, 225.253586, 1.004913
5, 988,14,203.268616, 202.693634, 128.819046, 59.518993,19.428375, 225.253586, 1.002837
5, 988,15,137.618622, 138.170639, 128.819046, 59.518993,19.428375, 225.253586, 0.996005
5, 988,16,136.615234, 135.626099, 128.819046, 59.518993,19.428375, 225.253586, 1.007293
5, 988,17,175.662476, 176.949570, 128.819046, 59.518993,19.428375, 225.253586, 0.992726
5, 988,18,170.168365, 170.652664, 128.819046, 59.518993,19.428375, 225.253586, 0.997162
5, 988,19,180.131683, 180.830856, 128.819046, 59.518993,19.428375, 225.253586, 0.996134
5, 988,20,144.723923, 144.168991, 128.819046, 59.518993,19.428375, 225.253586, 1.003849
5, 988,21,35.536034, 35.737267, 128.819046, 59.518993,19.428375, 225.253586, 0.994369
5, 988,22,57.595879, 59.065697, 128.819046, 59.518993,19.428375, 225.253586, 0.975116
5, 988,23,98.870964, 97.959976, 128.819046, 59.518993,19.428375, 225.253586, 1.009300
5, 988,24,155.401108, 155.683914, 128.819046, 59.518993,19.428375, 225.253586, 0.998183
5, 988,25,68.951447, 68.443207, 128.819046, 59.518993,19.428375, 225.253586, 1.007426
5, 988,26,135.296768, 134.798248, 128.819046, 59.518993,19.428375, 225.253586, 1.003698
5, 988,27,225.253586, 223.396072, 128.819046, 59.518993,19.428375, 225.253586, 1.008315
5, 988,28,100.212173, 101.142365, 128.819046, 59.518993,19.428375, 225.253586, 0.990803
5, 988,29,19.428375, 19.384298, 128.819046, 59.518993,19.428375, 225.253586, 1.002274
5, 988,30,218.447662, 218.727676, 128.819046, 59.518993,19.428375, 225.253586, 0.998720
5, 988,31,42.334980, 41.959534, 128.819046, 59.518993,19.428375, 225.253586, 1.008948
5, 989,0,144.648544, 144.669785, 128.852509, 72.742493,13.019343, 267.157471, 0.999853
5, 989,1,241.100418, 240.623199, 128.852509, 72.742493,13.019343, 267.157471, 1.001983
5, 989,2,101.982567, 102.468933, 128.852509, 72.742493,13.019343, 267.157471, 0.995254
5, 989,3,136.556229, 136.981812, 128.852509, 72.742493,13.019343, 267.157471, 0.996893
5, 989,4,59.231255, 59.667583, 128.852509, 72.742493,13.019343, 267.157471, 0.992687
5, 989,5,59.083691, 58.529797, 128.852509, 72.742493,13.019343, 267.157471, 1.009463
5, 989,6,59.953663, 59.193504, 128.852509, 72.742493,13.019343, 267.157471, 1.012842
5, 989,7,229.678940, 229.695679, 128.852509, 72.742493,13.019343, 267.157471, 0.999927
5, 989,8,132.696640, 132.027710, 128.852509, 72.742493,13.019343, 267.157471, 1.005067
5, 989,9,143.004868, 143.697922, 128.852509, 72.742493,13.019343, 267.157471, 0.995177
5, 989,10,14.076320, 13.990157, 128.852509, 72.742493,13.019343, 267.157471, 1.006159
5, 989,11,267.157471, 266.887115, 128.852509, 72.742493,13.019343, 267.157471, 1.001013
5, 989,12,13.019343, 12.868173, 128.852509, 72.742493,13.019343, 267.157471, 1.011748
5, 989,13,137.994232, 138.127518, 128.852509, 72.742493,13.019343, 267.157471, 0.999035
5, 989,14,205.957855, 206.141922, 128.852509, 72.742493,13.019343, 267.157471, 0.999107
5, 989,15,92.801170, 93.097992, 128.852509, 72.742493,13.019343, 267.157471, 0.996812
5, 989,16,164.644897, 164.130692, 128.852509, 72.742493,13.019343, 267.157471, 1.003133
5, 989,17,93.234314, 93.240211, 128.852509, 72.742493,13.019343, 267.157471, 0.999937
5, 989,18,182.551743, 182.588135, 128.852509, 72.742493,13.019343, 267.157471, 0.999801
5, 989,19,22.140532, 21.907261, 128.852509, 72.742493,13.019343, 267.157471, 1.010648
5, 989,20,64.252548, 63.436504, 128.852509, 72.742493,13.019343, 267.157471, 1.012864
5, 989,21,191.279617, 191.745728, 128.852509, 72.742493,13.019343, 267.157471, 0.997569
5, 989,22,53.197819, 53.291229, 128.852509, 72.742493,13.019343, 267.157471, 0.998247
5, 989,23,209.005005, 209.002182, 128.852509, 72.742493,13.019343, 267.157471, 1.000013
5, 989,24,246.866806, 246.588669, 128.852509, 72.742493,13.019343, 267.157471, 1.001128
5, 989,25,90.494316, 89.566109, 128.852509, 72.742493,13.019343, 267.157471, 1.010363
5, 989,26,37.564621, 37.931103, 128.852509, 72.742493,13.019343, 267.157471, 0.990338
5, 989,27,232.282104, 232.160904, 128.852509, 72.742493,13.019343, 267.157471, 1.000522
5, 989,28,104.684937, 104.823524, 128.852509, 72.742493,13.019343, 267.157471, 0.998678
5, 989,29,119.630745, 119.338211, 128.852509, 72.742493,13.019343, 267.157471, 1.002451
5, 989,30,124.702911, 124.323936, 128.852509, 72.742493,13.019343, 267.157471, 1.003048
5, 989,31,147.804184, 148.256973, 128.852509, 72.742493,13.019343, 267.157471, 0.996946
5, 990,0,53.065338, 53.071678, 128.722916, 83.775482,18.933554, 257.447693, 0.999881
5, 990,1,249.285309, 249.442734, 128.722916, 83.775482,18.933554, 257.447693, 0.999369
5, 990,2,232.511703, 231.692688, 128.722916, 83.775482,18.933554, 257.447693, 1.003535
5, 990,3,24.687578, 25.438881, 128.722916, 83.775482,18.933554, 257.447693, 0.970466
5, 990,4,246.352631, 246.221115, 128.722916, 83.775482,18.933554, 257.447693, 1.000534
5, 990,5,99.138695, 99.909698, 128.722916, 83.775482,18.933554, 257.447693, 0.992283
5, 990,6,131.970215, 132.071442, 128.722916, 83.775482,18.933554, 257.447693, 0.999234
5, 990,7,253.385223, 254.220673, 128.722916, 83.775482,18.933554, 257.447693, 0.996714
5, 990,8,72.365242, 69.459930, 128.722916, 83.775482,18.933554, 257.447693, 1.041827
5, 990,9,243.455536, 243.396362, 128.722916, 83.775482,18.933554, 257.447693, 1.000243
5, 990,10,240.217621, 240.991821, 128.722916, 83.775482,18.933554, 257.447693, 0.996787
5, 990,11,172.467087, 172.473999, 128.722916, 83.775482,18.933554, 257.447693, 0.999960
5, 990,12,109.666481, 110.072594, 128.722916, 83.775482,18.933554, 257.447693, 0.996310
5, 990,13,165.173615, 164.202057, 128.722916, 83.775482,18.933554, 257.447693, 1.005917
5, 990,14,23.725718, 24.388353, 128.722916, 83.775482,18.933554, 257.447693, 0.972830
5, 990,15,102.545433, 103.590439, 128.722916, 83.775482,18.933554, 257.447693, 0.989912
5, 990,16,46.459583, 46.924141, 128.722916, 83.775482,18.933554, 257.447693, 0.990100
5, 990,17,26.143940, 26.061417, 128.722916, 83.775482,18.933554, 257.447693, 1.003166
5, 990,18,242.572983, 242.727127, 128.722916, 83.775482,18.933554, 257.447693, 0.999365
5, 990,19,257.447693, 258.415039, 128.722916, 83.775482,18.933554, 257.447693, 0.996257
5, 990,20,58.060471, 57.880768, 128.722916, 83.775482,18.933554, 257.447693, 1.003105
5, 990,21,51.651386, 51.499775, 128.722916, 83.775482,18.933554, 257.447693, 1.002944
5, 990,22,126.849182, 127.488029, 128.722916, 83.775482,18.933554, 257.447693, 0.994989
5, 990,23,58.009506, 58.090870, 128.722916, 83.775482,18.933554, 257.447693, 0.998599
5, 990,24,207.068909, 205.795212, 128.722916, 83.775482,18.933554, 257.447693, 1.006189
5, 990,25,100.341080, 100.882408, 128.722916, 83.775482,18.933554, 257.447693, 0.994634
5, 990,26,79.443336, 78.229897, 128.722916, 83.775482,18.933554, 257.447693, 1.015511
5, 990,27,18.933554, 19.221308, 128.722916, 83.775482,18.933554, 257.447693, 0.985029
5, 990,28,42.081188, 42.091709, 128.722916, 83.775482,18.933554, 257.447693, 0.999750
5, 990,29,128.456635, 128.546326, 128.722916, 83.775482,18.933554, 257.447693, 0.999302
5, 990,30,197.338882, 198.729431, 128.722916, 83.775482,18.933554, 257.447693, 0.993003
5, 990,31,58.261246, 57.771824, 128.722916, 83.775482,18.933554, 257.447693, 1.008472
5, 991,0,28.184954, 28.156534, 129.067200, 80.045631,12.836172, 241.203308, 1.001009
5, 991,1,25.720263, 24.576878, 129.067200, 80.045631,12.836172, 241.203308, 1.046523
5, 991,2,149.883728, 150.323990, 129.067200, 80.045631,12.836172, 241.203308, 0.997071
5, 991,3,167.422333, 166.687088, 129.067200, 80.045631,12.836172, 241.203308, 1.004411
5, 991,4,129.313538, 129.455795, 129.067200, 80.045631,12.836172, 241.203308, 0.998901
5, 991,5,36.349747, 36.033215, 129.067200, 80.045631,12.836172, 241.203308, 1.008784
5, 991,6,147.637421, 147.339737, 129.067200, 80.045631,12.836172, 241.203308, 1.002020
5, 991,7,205.309372, 204.965744, 129.067200, 80.045631,12.836172, 241.203308, 1.001677
5, 991,8,27.236568, 26.248341, 129.067200, 80.045631,12.836172, 241.203308, 1.037649
5, 991,9,13.156801, 11.865151, 129.067200, 80.045631,12.836172, 241.203308, 1.108861
5, 991,10,236.097733, 237.361984, 129.067200, 80.045631,12.836172, 241.203308, 0.994674
5, 991,11,12.836172, 13.220974, 129.067200, 80.045631,12.836172, 241.203308, 0.970895
5, 991,12,210.485382, 209.047562, 129.067200, 80.045631,12.836172, 241.203308, 1.006878
5, 991,13,172.071732, 172.935349, 129.067200, 80.045631,12.836172, 241.203308, 0.995006
5, 991,14,205.044266, 204.621399, 129.067200, 80.045631,12.836172, 241.203308, 1.002067
5, 991,15,192.390381, 191.127747, 129.067200, 80.045631,12.836172, 241.203308, 1.006606
5, 991,16,80.776466, 79.541466, 129.067200, 80.045631,12.836172, 241.203308, 1.015527
5, 991,17,241.052811, 240.001907, 129.067200, 80.045631,12.836172, 241.203308, 1.004379
5, 991,18,175.054337, 174.850723, 129.067200, 80.045631,12.836172, 241.203308, 1.001165
5, 991,19,30.266302, 29.175194, 129.067200, 80.045631,12.836172, 241.203308, 1.037398
5, 991,20,59.331848, 59.799549, 129.067200, 80.045631,12.836172, 241.203308, 0.992179
5, 991,21,187.737534, 187.512238, 129.067200, 80.045631,12.836172, 241.203308, 1.001202
5, 991,22,145.027481, 146.342590, 129.067200, 80.045631,12.836172, 241.203308, 0.991013
5, 991,23,121.108559, 120.302208, 129.067200, 80.045631,12.836172, 241.203308, 1.006703
5, 991,24,15.491548, 16.155001, 129.067200, 80.045631,12.836172, 241.203308, 0.958932
5, 991,25,64.382095, 64.907196, 129.067200, 80.045631,12.836172, 241.203308, 0.991910
5, 991,26,204.122803, 202.749100, 129.067200, 80.045631,12.836172, 241.203308, 1.006775
5, 991,27,103.373116, 105.302078, 129.067200, 80.045631,12.836172, 241.203308, 0.981682
5, 991,28,56.972061, 58.099392, 129.067200, 80.045631,12.836172, 241.203308, 0.980597
5, 991,29,216.321686, 215.059097, 129.067200, 80.045631,12.836172, 241.203308, 1.005871
5, 991,30,241.203308, 239.729294, 129.067200, 80.045631,12.836172, 241.203308, 1.006149
5, 991,31,228.787399, 227.505386, 129.067200, 80.045631,12.836172, 241.203308, 1.005635
5, 992,0,17.720234, 17.323883, 128.635681, 82.723831,11.590656, 247.591141, 1.022879
5, 992,1,47.342976, 46.772903, 128.635681, 82.723831,11.590656, 247.591141, 1.012188
5, 992,2,35.228764, 35.940578, 128.635681, 82.723831,11.590656, 247.591141, 0.980195
5, 992,3,214.468613, 214.228149, 128.635681, 82.723831,11.590656, 247.591141, 1.001122
5, 992,4,142.504547, 142.853180, 128.635681, 82.723831,11.590656, 247.591141, 0.997559
5, 992,5,215.863770, 215.872726, 128.635681, 82.723831,11.590656, 247.591141, 0.999959
5, 992,6,144.251617, 144.965561, 128.635681, 82.723831,11.590656, 247.591141, 0.995075
5, 992,7,138.379120, 140.009888, 128.635681, 82.723831,11.590656, 247.591141, 0.988352
5, 992,8,247.591141, 247.390259, 128.635681, 82.723831,11.590656, 247.591141, 1.000812
5, 992,9,11.590656, 12.002738, 128.635681, 82.723831,11.590656, 247.591141, 0.965668
5, 992,10,202.856049, 203.308090, 128.635681, 82.723831,11.590656, 247.591141, 0.997777
5, 992,11,141.133331, 141.449814, 128.635681, 82.723831,11.590656, 247.591141, 0.997763
5, 992,12,92.918518, 92.148819, 128.635681, 82.723831,11.590656, 247.591141, 1.008353
5, 992,13,33.620491, 34.683384, 128.635681, 82.723831,11.590656, 247.591141, 0.969354
5, 992,14,79.797577, 80.183548, 128.635681, 82.723831,11.590656, 247.591141, 0.995186
5, 992,15,39.046062, 38.411110, 128.635681, 82.723831,11.590656, 247.591141, 1.016530
5, 992,16,139.208679, 138.591888, 128.635681, 82.723831,11.590656, 247.591141, 1.004450
5, 992,17,213.760208, 214.140427, 128.635681, 82.723831,11.590656, 247.591141, 0.998224
5, 992,18,232.001862, 232.537842, 128.635681, 82.723831,11.590656, 247.591141, 0.997695
5, 992,19,232.246567, 232.230865, 128.635681, 82.723831,11.590656, 247.591141, 1.000068
5, 992,20,212.205231, 213.394897, 128.635681, 82.723831,11.590656, 247.591141, 0.994425
5, 992,21,14.200241, 14.210136, 128.635681, 82.723831,11.590656, 247.591141, 0.999304
5, 992,22,47.840416, 48.329781, 128.635681, 82.723831,11.590656, 247.591141, 0.989874
5, 992,23,238.963608, 238.860367, 128.635681, 82.723831,11.590656, 247.591141, 1.000432
5, 992,24,226.932556, 226.507706, 128.635681, 82.723831,11.590656, 247.591141, 1.001876
5, 992,25,140.081772, 140.192596, 128.635681, 82.723831,11.590656, 247.591141, 0.999209
5, 992,26,57.676117, 58.094955, 128.635681, 82.723831,11.590656, 247.591141, 0.992790
5, 992,27,227.580078, 227.582153, 128.635681, 82.723831,11.590656, 247.591141, 0.999991
5, 992,28,15.589241, 15.891266, 128.635681, 82.723831,11.590656, 247.591141, 0.980994
5, 992,29,159.942322, 160.490448, 128.635681, 82.723831,11.590656, 247.591141, 0.996585
5, 992,30,118.606483, 118.294060, 128.635681, 82.723831,11.590656, 247.591141, 1.002641
5, 992,31,35.192608, 34.105949, 128.635681, 82.723831,11.590656, 247.591141, 1.031861
5, 993,0,53.974876, 55.554996, 128.901459, 54.520416,14.453658, 217.055573, 0.971558
5, 993,1,193.279892, 193.530914, 128.901459, 54.520416,14.453658, 217.055573, 0.998703
5, 993,2,138.944855, 139.769989, 128.901459, 54.520416,14.453658, 217.055573, 0.994096
5, 993,3,49.377792, 50.147388, 128.901459, 54.520416,14.453658, 217.055573, 0.984653
5, 993,4,132.540024, 131.759399, 128.901459, 54.520416,14.453658, 217.055573, 1.005925
5, 993,5,67.999565, 67.410141, 128.901459, 54.520416,14.453658, 217.055573, 1.008744
5, 993,6,140.897949, 140.028366, 128.901459, 54.520416,14.453658, 217.055573, 1.006210
5, 993,7,155.895950, 156.333145, 128.901459, 54.520416,14.453658, 217.055573, 0.997203
5, 993,8,97.342003, 96.212891, 128.901459, 54.520416,14.453658, 217.055573, 1.011736
5, 993,9,199.806412, 198.339798, 128.901459, 54.520416,14.453658, 217.055573, 1.007394
5, 993,10,153.011292, 152.375122, 128.901459, 54.520416,14.453658, 217.055573, 1.004175
5, 993,11,155.228592, 154.713379, 128.901459, 54.520416,14.453658, 217.055573, 1.003330
5, 993,12,166.993439, 166.202957, 128.901459, 54.520416,14.453658, 217.055573, 1.004756
5, 993,13,104.993523, 104.752884, 128.901459, 54.520416,14.453658, 217.055573, 1.002297
5, 993,14,181.066345, 181.196793, 128.901459, 54.520416,14.453658, 217.055573, 0.999280
5, 993,15,120.325493, 119.400063, 128.901459, 54.520416,14.453658, 217.055573, 1.007751
5, 993,16,168.226440, 167.532822, 128.901459, 54.520416,14.453658, 217.055573, 1.004140
5, 993,17,60.895725, 61.687397, 128.901459, 54.520416,14.453658, 217.055573, 0.987166
5, 993,18,40.681080, 40.806980, 128.901459, 54.520416,14.453658, 217.055573, 0.996915
5, 993,19,31.843063, 31.510681, 128.901459, 54.520416,14.453658, 217.055573, 1.010548
5, 993,20,129.950272, 129.087128, 128.901459, 54.520416,14.453658, 217.055573, 1.006687
5, 993,21,167.767151, 168.931976, 128.901459, 54.520416,14.453658, 217.055573, 0.993105
5, 993,22,215.033279, 214.877731, 128.901459, 54.520416,14.453658, 217.055573, 1.000724
5, 993,23,118.240913, 118.152145, 128.901459, 54.520416,14.453658, 217.055573, 1.000751
5, 993,24,14.453658, 14.632391, 128.901459, 54.520416,14.453658, 217.055573, 0.987785
5, 993,25,148.385010, 148.870895, 128.901459, 54.520416,14.453658, 217.055573, 0.996736
5, 993,26,113.996658, 113.702530, 128.901459, 54.520416,14.453658, 217.055573, 1.002587
5, 993,27,115.211761, 117.206764, 128.901459, 54.520416,14.453658, 217.055573, 0.982979
5, 993,28,200.102081, 198.806168, 128.901459, 54.520416,14.453658, 217.055573, 1.006518
5, 993,29,217.055573, 216.050018, 128.901459, 54.520416,14.453658, 217.055573, 1.004654
5, 993,30,138.418869, 138.036758, 128.901459, 54.520416,14.453658, 217.055573, 1.002768
5, 993,31,132.907349, 133.379181, 128.901459, 54.520416,14.453658, 217.055573, 0.996462
5, 994,0,75.490463, 75.728355, 128.822098, 76.585434,15.741588, 269.942444, 0.996859
5, 994,1,203.384750, 204.075043, 128.822098, 76.585434,15.741588, 269.942444, 0.996617
5, 994,2,19.053799, 20.246782, 128.822098, 76.585434,15.741588, 269.942444, 0.941078
5, 994,3,89.559380, 90.018204, 128.822098, 76.585434,15.741588, 269.942444, 0.994903
5, 994,4,22.958477, 21.474432, 128.822098, 76.585434,15.741588, 269.942444, 1.069108
5, 994,5,98.909836, 97.490494, 128.822098, 76.585434,15.741588, 269.942444, 1.014559
5, 994,6,50.027863, 50.741596, 128.822098, 76.585434,15.741588, 269.942444, 0.985934
5, 994,7,136.126419, 135.645844, 128.822098, 76.585434,15.741588, 269.942444, 1.003543
5, 994,8,56.321381, 56.266022, 128.822098, 76.585434,15.741588, 269.942444, 1.000984
5, 994,9,143.506470, 142.839859, 128.822098, 76.585434,15.741588, 269.942444, 1.004667
5, 994,10,152.773331, 153.291275, 128.822098, 76.585434,15.741588, 269.942444, 0.996621
5, 994,11,267.647278, 267.176208, 128.822098, 76.585434,15.741588, 269.942444, 1.001763
5, 994,12,242.010986, 242.885147, 128.822098, 76.585434,15.741588, 269.942444, 0.996401
5, 994,13,189.862579, 188.573914, 128.822098, 76.585434,15.741588, 269.942444, 1.006834
5, 994,14,269.942444, 269.893433, 128.822098, 76.585434,15.741588, 269.942444, 1.000182
5, 994,15,184.794052, 185.259262, 128.822098, 76.585434,15.741588, 269.942444, 0.997489
5, 994,16,82.620575, 83.618050, 128.822098, 76.585434,15.741588, 269.942444, 0.988071
5, 994,17,149.514587, 149.248199, 128.822098, 76.585434,15.741588, 269.942444, 1.001785
5, 994,18,162.750229, 163.046982, 128.822098, 76.585434,15.741588, 269.942444, 0.998180
5, 994,19,73.203697, 72.430069, 128.822098, 76.585434,15.741588, 269.942444, 1.010681
5, 994,20,218.995682, 218.422165, 128.822098, 76.585434,15.741588, 269.942444, 1.002626
5, 994,21,40.020054, 40.020126, 128.822098, 76.585434,15.741588, 269.942444, 0.999998
5, 994,22,15.741588, 16.326488, 128.822098, 76.585434,15.741588, 269.942444, 0.964175
5, 994,23,166.713104, 165.862396, 128.822098, 76.585434,15.741588, 269.942444, 1.005129
5, 994,24,119.953636, 119.743690, 128.822098, 76.585434,15.741588, 269.942444, 1.001753
5, 994,25,220.796829, 221.147552, 128.822098, 76.585434,15.741588, 269.942444, 0.998414
5, 994,26,135.170151, 136.652527, 128.822098, 76.585434,15.741588, 269.942444, 0.989152
5, 994,27,75.333153, 75.049065, 128.822098, 76.585434,15.741588, 269.942444, 1.003785
5, 994,28,40.375328, 38.988899, 128.822098, 76.585434,15.741588, 269.942444, 1.035560
5, 994,29,151.323532, 151.228806, 128.822098, 76.585434,15.741588, 269.942444, 1.000626
5, 994,30,34.466225, 34.773968, 128.822098, 76.585434,15.741588, 269.942444, 0.991150
5, 994,31,232.959396, 232.834763, 128.822098, 76.585434,15.741588, 269.942444, 1.000535
5, 995,0,34.062946, 33.426498, 128.795395, 62.857685,17.990400, 219.191132, 1.019040
5, 995,1,205.028870, 203.828018, 128.795395, 62.857685,17.990400, 219.191132, 1.005891
5, 995,2,198.820801, 199.306412, 128.795395, 62.857685,17.990400, 219.191132, 0.997563
5, 995,3,184.801926, 183.583145, 128.795395, 62.857685,17.990400, 219.191132, 1.006639
5, 995,4,65.042252, 64.179962, 128.795395, 62.857685,17.990400, 219.191132, 1.013435
5, 995,5,62.772243, 63.156826, 128.795395, 62.857685,17.990400, 219.191132, 0.993911
5, 995,6,152.113785, 151.918747, 128.795395, 62.857685,17.990400, 219.191132, 1.001284
5, 995,7,117.371849, 117.224571, 128.795395, 62.857685,17.990400, 219.191132, 1.001256
5, 995,8,113.536720, 115.336716, 128.795395, 62.857685,17.990400, 219.191132, 0.984394
5, 995,9,78.679756, 78.424644, 128.795395, 62.857685,17.990400, 219.191132, 1.003253
5, 995,10,209.104111, 208.620239, 128.795395, 62.857685,17.990400, 219.191132, 1.002319
5, 995,11,191.881332, 192.606522, 128.795395, 62.857685,17.990400, 219.191132, 0.996235
5, 995,12,90.118294, 89.335884, 128.795395, 62.857685,17.990400, 219.191132, 1.008758
5, 995,13,206.261353, 207.042633, 128.795395, 62.857685,17.990400, 219.191132, 0.996226
5, 995,14,97.476563, 97.204124, 128.795395, 62.857685,17.990400, 219.191132, 1.002803
5, 995,15,154.782333, 155.100357, 128.795395, 62.857685,17.990400, 219.191132, 0.997950
5, 995,16,178.905746, 178.566467, 128.795395, 62.857685,17.990400, 219.191132, 1.001900
5, 995,17,179.176804, 180.302505, 128.795395, 62.857685,17.990400, 219.191132, 0.993757
5, 995,18,23.249086, 22.779289, 128.795395, 62.857685,17.990400, 219.191132, 1.020624
5, 995,19,219.191132, 219.221252, 128.795395, 62.857685,17.990400, 219.191132, 0.999863
5, 995,20,170.484390, 170.084351, 128.795395, 62.857685,17.990400, 219.191132, 1.002352
5, 995,21,101.203979, 102.313194, 128.795395, 62.857685,17.990400, 219.191132, 0.989159
5, 995,22,88.595634, 87.520645, 128.795395, 62.857685,17.990400, 219.191132, 1.012283
5, 995,23,24.347130, 24.436108, 128.795395, 62.857685,17.990400, 219.191132, 0.996359
5, 995,24,119.030197, 117.752640, 128.795395, 62.857685,17.990400, 219.191132, 1.010849
5, 995,25,190.467773, 190.982712, 128.795395, 62.857685,17.990400, 219.191132, 0.997304
5, 995,26,121.105408, 121.541542, 128.795395, 62.857685,17.990400, 219.191132, 0.996412
5, 995,27,35.848534, 34.911690, 128.795395, 62.857685,17.990400, 219.191132, 1.026835
5, 995,28,171.407593, 171.582748, 128.795395, 62.857685,17.990400, 219.191132, 0.998979
5, 995,29,17.990400, 19.188416, 128.795395, 62.857685,17.990400, 219.191132, 0.937566
5, 995,30,147.124420, 147.813004, 128.795395, 62.857685,17.990400, 219.191132, 0.995342
5, 995,31,171.469055, 171.708176, 128.795395, 62.857685,17.990400, 219.191132, 0.998607
5, 996,0,56.700108, 56.583725, 128.719879, 63.029568,25.362328, 220.658386, 1.002057
5, 996,1,98.603043, 99.688171, 128.719879, 63.029568,25.362328, 220.658386, 0.989115
5, 996,2,79.841682, 80.300835, 128.719879, 63.029568,25.362328, 220.658386, 0.994282
5, 996,3,88.614754, 89.398514, 128.719879, 63.029568,25.362328, 220.658386, 0.991233
5, 996,4,104.700226, 106.086182, 128.719879, 63.029568,25.362328, 220.658386, 0.986936
5, 996,5,129.641479, 128.076538, 128.719879, 63.029568,25.362328, 220.658386, 1.012219
5, 996,6,183.630951, 183.983459, 128.719879, 63.029568,25.362328, 220.658386, 0.998084
5, 996,7,220.658386, 219.987579, 128.719879, 63.029568,25.362328, 220.658386, 1.003049
5, 996,8,220.066223, 220.696320, 128.719879, 63.029568,25.362328, 220.658386, 0.997145
5, 996,9,161.617004, 160.768906, 128.719879, 63.029568,25.362328, 220.658386, 1.005275
5, 996,10,25.362328, 25.605227, 128.719879, 63.029568,25.362328, 220.658386, 0.990514
5, 996,11,201.829102, 201.824432, 128.719879, 63.029568,25.362328, 220.658386, 1.000023
5, 996,12,189.617218, 188.525848, 128.719879, 63.029568,25.362328, 220.658386, 1.005789
5, 996,13,148.876450, 149.815598, 128.719879, 63.029568,25.362328, 220.658386, 0.993731
5, 996,14,215.665466, 216.302109, 128.719879, 63.029568,25.362328, 220.658386, 0.997057
5, 996,15,73.133972, 72.047195, 128.719879, 63.029568,25.362328, 220.658386, 1.015084
5, 996,16,93.730682, 92.504097, 128.719879, 63.029568,25.362328, 220.658386, 1.013260
5, 996,17,212.854691, 213.544464, 128.719879, 63.029568,25.362328, 220.658386, 0.996770
5, 996,18,37.254311, 38.742737, 128.719879, 63.029568,25.362328, 220.658386, 0.961582
5, 996,19,220.363251, 219.536560, 128.719879, 63.029568,25.362328, 220.658386, 1.003766
5, 996,20,148.614624, 149.570770, 128.719879, 63.029568,25.362328, 220.658386, 0.993607
5, 996,21,88.102943, 89.688454, 128.719879, 63.029568,25.362328, 220.658386, 0.982322
5, 996,22,63.852089, 64.154388, 128.719879, 63.029568,25.362328, 220.658386, 0.995288
5, 996,23,105.514267, 105.074608, 128.719879, 63.029568,25.362328, 220.658386, 1.004184
5, 996,24,38.231915, 37.318810, 128.719879, 63.029568,25.362328, 220.658386, 1.024468
5, 996,25,125.394844, 126.214478, 128.719879, 63.029568,25.362328, 220.658386, 0.993506
5, 996,26,156.439041, 156.368256, 128.719879, 63.029568,25.362328, 220.658386, 1.000453
5, 996,27,53.224556, 53.188202, 128.719879, 63.029568,25.362328, 220.658386, 1.000684
5, 996,28,195.081177, 195.419983, 128.719879, 63.029568,25.362328, 220.658386, 0.998266
5, 996,29,148.677322, 148.063080, 128.719879, 63.029568,25.362328, 220.658386, 1.004148
5, 996,30,48.837307, 47.660011, 128.719879, 63.029568,25.362328, 220.658386, 1.024702
5, 996,31,184.304276, 184.260498, 128.719879, 63.029568,25.362328, 220.658386, 1.000238
5, 997,0,90.574883, 90.340317, 128.795685, 53.906811,13.383821, 206.965912, 1.002596
5, 997,1,31.953297, 32.114498, 128.795685, 53.906811,13.383821, 206.965912, 0.994980
5, 997,2,62.680592, 62.660301, 128.795685, 53.906811,13.383821, 206.965912, 1.000324
5, 997,3,156.296829, 154.974167, 128.795685, 53.906811,13.383821, 206.965912, 1.008535
5, 997,4,170.865860, 172.285721, 128.795685, 53.906811,13.383821, 206.965912, 0.991759
5, 997,5,26.746216, 24.248970, 128.795685, 53.906811,13.383821, 206.965912, 1.102984
5, 997,6,109.768028, 109.527534, 128.795685, 53.906811,13.383821, 206.965912, 1.002196
5, 997,7,151.519882, 151.198242, 128.795685, 53.906811,13.383821, 206.965912, 1.002127
5, 997,8,160.674637, 160.834900, 128.795685, 53.906811,13.383821, 206.965912, 0.999004
5, 997,9,172.697342, 173.023697, 128.795685, 53.906811,13.383821, 206.965912, 0.998114
5, 997,10,190.419922, 189.382034, 128.795685, 53.906811,13.383821, 206.965912, 1.005480
5, 997,11,158.577881, 158.159744, 128.795685, 53.906811,13.383821, 206.965912, 1.002644
5, 997,12,171.167587, 172.218079, 128.795685, 53.906811,13.383821, 206.965912, 0.993900
5, 997,13,145.984207, 144.784042, 128.795685, 53.906811,13.383821, 206.965912, 1.008289
5, 997,14,149.460983, 149.691544, 128.795685, 53.906811,13.383821, 206.965912, 0.998460
5, 997,15,164.567703, 164.383286, 128.795685, 53.906811,13.383821, 206.965912, 1.001122
5, 997,16,136.217239, 136.684830, 128.795685, 53.906811,13.383821, 206.965912, 0.996579
5, 997,17,159.971207, 159.143723, 128.795685, 53.906811,13.383821, 206.965912, 1.005200
5, 997,18,206.965912, 207.449982, 128.795685, 53.906811,13.383821, 206.965912, 0.997667
5, 997,19,13.383821, 14.919800, 128.795685, 53.906811,13.383821, 206.965912, 0.897051
5, 997,20,140.928055, 139.335373, 128.795685, 53.906811,13.383821, 206.965912, 1.011431
5, 997,21,191.990524, 193.078033, 128.795685, 53.906811,13.383821, 206.965912, 0.994368
5, 997,22,37.593079, 37.034294, 128.795685, 53.906811,13.383821, 206.965912, 1.015088
5, 997,23,156.827698, 157.741562, 128.795685, 53.906811,13.383821, 206.965912, 0.994207
5, 997,24,120.701210, 120.664734, 128.795685, 53.906811,13.383821, 206.965912, 1.000302
5, 997,25,98.134300, 98.550240, 128.795685, 53.906811,13.383821, 206.965912, 0.995779
5, 997,26,154.881836, 155.490768, 128.795685, 53.906811,13.383821, 206.965912, 0.996084
5, 997,27,130.960602, 132.847382, 128.795685, 53.906811,13.383821, 206.965912, 0.985797
5, 997,28,101.296028, 101.692757, 128.795685, 53.906811,13.383821, 206.965912, 0.996099
5, 997,29,160.827621, 161.308411, 128.795685, 53.906811,13.383821, 206.965912, 0.997019
5, 997,30,171.242828, 170.477692, 128.795685, 53.906811,13.383821, 206.965912, 1.004488
5, 997,31,25.584467, 24.753248, 128.795685, 53.906811,13.383821, 206.965912, 1.033580
5, 998,0,187.735825, 187.341171, 129.071671, 56.118874,11.715092, 210.101181, 1.002107
5, 998,1,119.794342, 119.080124, 129.071671, 56.118874,11.715092, 210.101181, 1.005998
5, 998,2,44.670792, 44.096138, 129.071671, 56.118874,11.715092, 210.101181, 1.013032
5, 998,3,126.010536, 125.640434, 129.071671, 56.118874,11.715092, 210.101181, 1.002946
5, 998,4,85.496429, 82.976494, 129.071671, 56.118874,11.715092, 210.101181, 1.030369
5, 998,5,187.787766, 187.322418, 129.071671, 56.118874,11.715092, 210.101181, 1.002484
5, 998,6,144.285812, 145.252579, 129.071671, 56.118874,11.715092, 210.101181, 0.993344
5, 998,7,191.855438, 190.511902, 129.071671, 56.118874,11.715092, 210.101181, 1.007052
5, 998,8,47.899475, 48.561401, 129.071671, 56.118874,11.715092, 210.101181, 0.986369
5, 998,9,113.234001, 113.001343, 129.071671, 56.118874,11.715092, 210.101181, 1.002059
5, 998,10,196.717545, 196.928375, 129.071671, 56.118874,11.715092, 210.101181, 0.998929
5, 998,11,202.411041, 202.369263, 129.071671, 56.118874,11.715092, 210.101181, 1.000206
5, 998,12,143.333786, 143.520279, 129.071671, 56.118874,11.715092, 210.101181, 0.998701
5, 998,13,206.448959, 207.009613, 129.071671, 56.118874,11.715092, 210.101181, 0.997292
5, 998,14,155.140472, 155.452667, 129.071671, 56.118874,11.715092, 210.101181, 0.997992
5, 998,15,187.919434, 186.665756, 129.071671, 56.118874,11.715092, 210.101181, 1.006716
5, 998,16,97.274696, 95.859474, 129.071671, 56.118874,11.715092, 210.101181, 1.014763
5, 998,17,129.429565, 130.355865, 129.071671, 56.118874,11.715092, 210.101181, 0.992894
5, 998,18,97.863495, 96.960159, 129.071671, 56.118874,11.715092, 210.101181, 1.009317
5, 998,19,175.448273, 176.084198, 129.071671, 56.118874,11.715092, 210.101181, 0.996388
5, 998,20,152.832413, 151.487717, 129.071671, 56.118874,11.715092, 210.101181, 1.008877
5, 998,21,61.481068, 60.362469, 129.071671, 56.118874,11.715092, 210.101181, 1.018531
5, 998,22,125.981148, 125.552879, 129.071671, 56.118874,11.715092, 210.101181, 1.003411
5, 998,23,102.791588, 101.744370, 129.071671, 56.118874,11.715092, 210.101181, 1.010293
5, 998,24,93.688446, 94.045845, 129.071671, 56.118874,11.715092, 210.101181, 0.996200
5, 998,25,172.082016, 173.094849, 129.071671, 56.118874,11.715092, 210.101181, 0.994149
5, 998,26,210.101181, 209.836365, 129.071671, 56.118874,11.715092, 210.101181, 1.001262
5, 998,27,103.792168, 104.358490, 129.071671, 56.118874,11.715092, 210.101181, 0.994573
5, 998,28,80.617050, 79.067810, 129.071671, 56.118874,11.715092, 210.101181, 1.019594
5, 998,29,11.715092, 10.900558, 129.071671, 56.118874,11.715092, 210.101181, 1.074724
5, 998,30,159.418152, 159.129959, 129.071671, 56.118874,11.715092, 210.101181, 1.001811
5, 998,31,15.035688, 16.428986, 129.071671, 56.118874,11.715092, 210.101181, 0.915193
5, 999,0,70.921577, 71.436783, 128.647415, 69.897659,22.836315, 246.162094, 0.992788
5, 999,1,22.836315, 23.513391, 128.647415, 69.897659,22.836315, 246.162094, 0.971205
5, 999,2,61.594444, 61.757565, 128.647415, 69.897659,22.836315, 246.162094, 0.997359
5, 999,3,175.124115, 175.627213, 128.647415, 69.897659,22.836315, 246.162094, 0.997135
5, 999,4,25.650419, 26.867353, 128.647415, 69.897659,22.836315, 246.162094, 0.954706
5, 999,5,85.746849, 86.098183, 128.647415, 69.897659,22.836315, 246.162094, 0.995919
5, 999,6,125.867279, 126.300705, 128.647415, 69.897659,22.836315, 246.162094, 0.996568
5, 999,7,92.743988, 91.920715, 128.647415, 69.897659,22.836315, 246.162094, 1.008956
5, 999,8,54.521980, 52.446007, 128.647415, 69.897659,22.836315, 246.162094, 1.039583
5, 999,9,126.927803, 127.478714, 128.647415, 69.897659,22.836315, 246.162094, 0.995678
5, 999,10,93.607254, 93.939102, 128.647415, 69.897659,22.836315, 246.162094, 0.996467
5, 999,11,49.727715, 50.510162, 128.647415, 69.897659,22.836315, 246.162094, 0.984509
5, 999,12,181.624695, 181.607315, 128.647415, 69.897659,22.836315, 246.162094, 1.000096
5, 999,13,218.446365, 219.363785, 128.647415, 69.897659,22.836315, 246.162094, 0.995818
5, 999,14,93.556114, 93.991623, 128.647415, 69.897659,22.836315, 246.162094, 0.995367
5, 999,15,227.737518, 228.285187, 128.647415, 69.897659,22.836315, 246.162094, 0.997601
5, 999,16,33.186699, 33.110077, 128.647415, 69.897659,22.836315, 246.162094, 1.002314
5, 999,17,197.531708, 196.583862, 128.647415, 69.897659,22.836315, 246.162094, 1.004822
5, 999,18,246.162094, 246.090439, 128.647415, 69.897659,22.836315, 246.162094, 1.000291
5, 999,19,40.845654, 41.746338, 128.647415, 69.897659,22.836315, 246.162094, 0.978425
5, 999,20,187.156509, 187.309799, 128.647415, 69.897659,22.836315, 246.162094, 0.999182
5, 999,21,230.855835, 230.371078, 128.647415, 69.897659,22.836315, 246.162094, 1.002104
5, 999,22,77.854385, 77.469414, 128.647415, 69.897659,22.836315, 246.162094, 1.004969
5, 999,23,171.515579, 171.703003, 128.647415, 69.897659,22.836315, 246.162094, 0.998908
5, 999,24,199.544846, 199.585159, 128.647415, 69.897659,22.836315, 246.162094, 0.999798
5, 999,25,181.062149, 180.466812, 128.647415, 69.897659,22.836315, 246.162094, 1.003299
5, 999,26,128.480820, 128.589203, 128.647415, 69.897659,22.836315, 246.162094, 0.999157
5, 999,27,236.030960, 235.818451, 128.647415, 69.897659,22.836315, 246.162094, 1.000901
5, 999,28,80.244545, 81.326103, 128.647415, 69.897659,22.836315, 246.162094, 0.986701
5, 999,29,101.156784, 100.219337, 128.647415, 69.897659,22.836315, 246.162094, 1.009354
5, 999,30,100.559654, 99.799156, 128.647415, 69.897659,22.836315, 246.162094, 1.007620
5, 999,31,197.894165, 199.667694, 128.647415, 69.897659,22.836315, 246.162094, 0.991118
