5, 0,0,464.983643, 464.985016, 476.499512, 319.414673,78.941383, 1054.663574, 0.999997
5, 0,1,528.487000, 528.488220, 476.499512, 319.414673,78.941383, 1054.663574, 0.999998
5, 0,2,210.005402, 210.002182, 476.499512, 319.414673,78.941383, 1054.663574, 1.000015
5, 0,3,78.941383, 78.942375, 476.499512, 319.414673,78.941383, 1054.663574, 0.999987
5, 0,4,764.450134, 764.451294, 476.499512, 319.414673,78.941383, 1054.663574, 0.999999
5, 0,5,488.785004, 488.785736, 476.499512, 319.414673,78.941383, 1054.663574, 0.999999
5, 0,6,1054.663574, 1054.667480, 476.499512, 319.414673,78.941383, 1054.663574, 0.999996
5, 0,7,221.679977, 221.677338, 476.499512, 319.414673,78.941383, 1054.663574, 1.000012
5, 1,0,382.390045, 382.387512, 476.503693, 222.748306,159.766647, 894.487061, 1.000007
5, 1,1,424.744690, 424.741608, 476.503693, 222.748306,159.766647, 894.487061, 1.000007
5, 1,2,894.487061, 894.478943, 476.503693, 222.748306,159.766647, 894.487061, 1.000009
5, 1,3,399.284973, 399.282227, 476.503693, 222.748306,159.766647, 894.487061, 1.000007
5, 1,4,159.766647, 159.764542, 476.503693, 222.748306,159.766647, 894.487061, 1.000013
5, 1,5,600.147156, 600.141541, 476.503693, 222.748306,159.766647, 894.487061, 1.000009
5, 1,6,616.133301, 616.127014, 476.503693, 222.748306,159.766647, 894.487061, 1.000010
5, 1,7,335.075653, 335.076447, 476.503693, 222.748306,159.766647, 894.487061, 0.999998
5, 2,0,513.366211, 513.364441, 476.502563, 139.174210,274.957397, 691.318909, 1.000003
5, 2,1,624.406128, 624.398315, 476.502563, 139.174210,274.957397, 691.318909, 1.000013
5, 2,2,388.669098, 388.664154, 476.502563, 139.174210,274.957397, 691.318909, 1.000013
5, 2,3,356.887939, 356.886169, 476.502563, 139.174210,274.957397, 691.318909, 1.000005
5, 2,4,523.151855, 523.153259, 476.502563, 139.174210,274.957397, 691.318909, 0.999997
5, 2,5,439.263000, 439.263092, 476.502563, 139.174210,274.957397, 691.318909, 1.000000
5, 2,6,274.957397, 274.958527, 476.502563, 139.174210,274.957397, 691.318909, 0.999996
5, 2,7,691.318909, 691.311768, 476.502563, 139.174210,274.957397, 691.318909, 1.000010
5, 3,0,274.652069, 274.647186, 476.505981, 295.622253,48.337551, 861.572937, 1.000018
5, 3,1,139.023331, 139.024429, 476.505981, 295.622253,48.337551, 861.572937, 0.999992
5, 3,2,732.923157, 732.915039, 476.505981, 295.622253,48.337551, 861.572937, 1.000011
5, 3,3,500.842987, 500.839172, 476.505981, 295.622253,48.337551, 861.572937, 1.000008
5, 3,4,544.719910, 544.715881, 476.505981, 295.622253,48.337551, 861.572937, 1.000007
5, 3,5,709.975708, 709.968018, 476.505981, 295.622253,48.337551, 861.572937, 1.000011
5, 3,6,861.572937, 861.561218, 476.505981, 295.622253,48.337551, 861.572937, 1.000014
5, 3,7,48.337551, 48.329079, 476.505981, 295.622253,48.337551, 861.572937, 1.000175
5, 4,0,645.045959, 645.043091, 476.501526, 203.622482,176.167603, 693.059570, 1.000004
5, 4,1,693.059570, 693.055542, 476.501526, 203.622482,176.167603, 693.059570, 1.000006
5, 4,2,433.875153, 433.874359, 476.501526, 203.622482,176.167603, 693.059570, 1.000002
5, 4,3,692.687195, 692.686646, 476.501526, 203.622482,176.167603, 693.059570, 1.000001
5, 4,4,539.521973, 539.520203, 476.501526, 203.622482,176.167603, 693.059570, 1.000003
5, 4,5,417.248840, 417.245209, 476.501526, 203.622482,176.167603, 693.059570, 1.000009
5, 4,6,176.167603, 176.168579, 476.501526, 203.622482,176.167603, 693.059570, 0.999994
5, 4,7,214.406143, 214.406418, 476.501526, 203.622482,176.167603, 693.059570, 0.999999
5, 5,0,88.622696, 88.620735, 476.493317, 233.292160,88.622696, 767.938782, 1.000022
5, 5,1,748.789856, 748.803040, 476.493317, 233.292160,88.622696, 767.938782, 0.999982
5, 5,2,404.351990, 404.358002, 476.493317, 233.292160,88.622696, 767.938782, 0.999985
5, 5,3,601.938416, 601.951233, 476.493317, 233.292160,88.622696, 767.938782, 0.999979
5, 5,4,767.938782, 767.949341, 476.493317, 233.292160,88.622696, 767.938782, 0.999986
5, 5,5,524.291931, 524.300842, 476.493317, 233.292160,88.622696, 767.938782, 0.999983
5, 5,6,267.776855, 267.777527, 476.493317, 233.292160,88.622696, 767.938782, 0.999997
5, 5,7,408.236115, 408.239349, 476.493317, 233.292160,88.622696, 767.938782, 0.999992
5, 6,0,710.556885, 710.557251, 476.497925, 251.598145,147.035202, 779.634338, 0.999999
5, 6,1,694.504456, 694.506348, 476.497925, 251.598145,147.035202, 779.634338, 0.999997
5, 6,2,779.634338, 779.637573, 476.497925, 251.598145,147.035202, 779.634338, 0.999996
5, 6,3,290.980865, 290.983887, 476.497925, 251.598145,147.035202, 779.634338, 0.999990
5, 6,4,628.181030, 628.185974, 476.497925, 251.598145,147.035202, 779.634338, 0.999992
5, 6,5,147.035202, 147.035263, 476.497925, 251.598145,147.035202, 779.634338, 1.000000
5, 6,6,225.117569, 225.119095, 476.497925, 251.598145,147.035202, 779.634338, 0.999993
5, 6,7,335.973206, 335.974548, 476.497925, 251.598145,147.035202, 779.634338, 0.999996
5, 7,0,137.251038, 137.245026, 476.503876, 334.375153,94.966393, 991.208008, 1.000044
5, 7,1,991.208008, 991.201172, 476.503876, 334.375153,94.966393, 991.208008, 1.000007
5, 7,2,808.341919, 808.337097, 476.503876, 334.375153,94.966393, 991.208008, 1.000006
5, 7,3,94.966393, 94.960152, 476.503876, 334.375153,94.966393, 991.208008, 1.000066
5, 7,4,696.442261, 696.438354, 476.503876, 334.375153,94.966393, 991.208008, 1.000006
5, 7,5,292.057556, 292.059296, 476.503876, 334.375153,94.966393, 991.208008, 0.999994
5, 7,6,556.434204, 556.429810, 476.503876, 334.375153,94.966393, 991.208008, 1.000008
5, 7,7,235.329819, 235.329102, 476.503876, 334.375153,94.966393, 991.208008, 1.000003
5, 8,0,470.254089, 470.256561, 476.501343, 253.049500,67.653542, 794.199951, 0.999995
5, 8,1,67.653542, 67.653336, 476.501343, 253.049500,67.653542, 794.199951, 1.000003
5, 8,2,794.199951, 794.196289, 476.501343, 253.049500,67.653542, 794.199951, 1.000005
5, 8,3,584.761292, 584.759399, 476.501343, 253.049500,67.653542, 794.199951, 1.000003
5, 8,4,535.119812, 535.116577, 476.501343, 253.049500,67.653542, 794.199951, 1.000006
5, 8,5,189.724777, 189.723206, 476.501343, 253.049500,67.653542, 794.199951, 1.000008
5, 8,6,757.056702, 757.054199, 476.501343, 253.049500,67.653542, 794.199951, 1.000003
5, 8,7,413.240570, 413.240784, 476.501343, 253.049500,67.653542, 794.199951, 0.999999
5, 9,0,693.420532, 693.412964, 476.506592, 249.319183,104.534477, 760.565491, 1.000011
5, 9,1,760.565491, 760.554810, 476.506592, 249.319183,104.534477, 760.565491, 1.000014
5, 9,2,499.550262, 499.548859, 476.506592, 249.319183,104.534477, 760.565491, 1.000003
5, 9,3,271.400970, 271.393738, 476.506592, 249.319183,104.534477, 760.565491, 1.000027
5, 9,4,751.894592, 751.885132, 476.506592, 249.319183,104.534477, 760.565491, 1.000013
5, 9,5,104.534477, 104.536064, 476.506592, 249.319183,104.534477, 760.565491, 0.999985
5, 9,6,479.061279, 479.051758, 476.506592, 249.319183,104.534477, 760.565491, 1.000020
5, 9,7,251.625305, 251.616776, 476.506592, 249.319183,104.534477, 760.565491, 1.000034
5, 10,0,129.494843, 129.494598, 476.497772, 239.397202,129.494843, 836.354980, 1.000002
5, 10,1,374.611053, 374.605621, 476.497772, 239.397202,129.494843, 836.354980, 1.000015
5, 10,2,546.324951, 546.334351, 476.497772, 239.397202,129.494843, 836.354980, 0.999983
5, 10,3,174.203369, 174.202377, 476.497772, 239.397202,129.494843, 836.354980, 1.000006
5, 10,4,518.530518, 518.534424, 476.497772, 239.397202,129.494843, 836.354980, 0.999992
5, 10,5,659.892517, 659.892700, 476.497772, 239.397202,129.494843, 836.354980, 1.000000
5, 10,6,572.569885, 572.570740, 476.497772, 239.397202,129.494843, 836.354980, 0.999999
5, 10,7,836.354980, 836.365173, 476.497772, 239.397202,129.494843, 836.354980, 0.999988
5, 11,0,76.706779, 76.703148, 476.496613, 591.223999,10.590114, 1765.399780, 1.000047
5, 11,1,507.031006, 507.033752, 476.496613, 591.223999,10.590114, 1765.399780, 0.999995
5, 11,2,170.796585, 170.795425, 476.496613, 591.223999,10.590114, 1765.399780, 1.000007
5, 11,3,826.825806, 826.827759, 476.496613, 591.223999,10.590114, 1765.399780, 0.999998
5, 11,4,410.814087, 410.817871, 476.496613, 591.223999,10.590114, 1765.399780, 0.999991
5, 11,5,1765.399780, 1765.409180, 476.496613, 591.223999,10.590114, 1765.399780, 0.999995
5, 11,6,43.808884, 43.814411, 476.496613, 591.223999,10.590114, 1765.399780, 0.999874
5, 11,7,10.590114, 10.598967, 476.496613, 591.223999,10.590114, 1765.399780, 0.999165
5, 12,0,268.625916, 268.624481, 476.500885, 231.074951,133.891510, 862.090942, 1.000005
5, 12,1,346.344635, 346.340271, 476.500885, 231.074951,133.891510, 862.090942, 1.000013
5, 12,2,862.090942, 862.090515, 476.500885, 231.074951,133.891510, 862.090942, 1.000000
5, 12,3,596.007874, 596.008545, 476.500885, 231.074951,133.891510, 862.090942, 0.999999
5, 12,4,413.990662, 413.993683, 476.500885, 231.074951,133.891510, 862.090942, 0.999993
5, 12,5,572.815674, 572.815063, 476.500885, 231.074951,133.891510, 862.090942, 1.000001
5, 12,6,133.891510, 133.888535, 476.500885, 231.074951,133.891510, 862.090942, 1.000022
5, 12,7,618.239807, 618.238464, 476.500885, 231.074951,133.891510, 862.090942, 1.000002
5, 13,0,735.353210, 735.346375, 476.502808, 222.147156,57.392284, 735.353210, 1.000009
5, 13,1,57.392284, 57.393799, 476.502808, 222.147156,57.392284, 735.353210, 0.999974
5, 13,2,273.982666, 273.984619, 476.502808, 222.147156,57.392284, 735.353210, 0.999993
5, 13,3,427.116119, 427.112030, 476.502808, 222.147156,57.392284, 735.353210, 1.000010
5, 13,4,535.724304, 535.727661, 476.502808, 222.147156,57.392284, 735.353210, 0.999994
5, 13,5,545.424072, 545.421814, 476.502808, 222.147156,57.392284, 735.353210, 1.000004
5, 13,6,545.225708, 545.218079, 476.502808, 222.147156,57.392284, 735.353210, 1.000014
5, 13,7,691.804260, 691.795349, 476.502808, 222.147156,57.392284, 735.353210, 1.000013
5, 14,0,606.521973, 606.510315, 476.505951, 229.379791,169.331497, 839.387878, 1.000019
5, 14,1,305.804291, 305.800903, 476.505951, 229.379791,169.331497, 839.387878, 1.000011
5, 14,2,290.368530, 290.364990, 476.505951, 229.379791,169.331497, 839.387878, 1.000012
5, 14,3,693.516357, 693.506775, 476.505951, 229.379791,169.331497, 839.387878, 1.000014
5, 14,4,839.387878, 839.372742, 476.505951, 229.379791,169.331497, 839.387878, 1.000018
5, 14,5,169.331497, 169.332062, 476.505951, 229.379791,169.331497, 839.387878, 0.999997
5, 14,6,371.616028, 371.613373, 476.505951, 229.379791,169.331497, 839.387878, 1.000007
5, 14,7,535.500916, 535.498718, 476.505951, 229.379791,169.331497, 839.387878, 1.000004
5, 15,0,565.383667, 565.385803, 476.498779, 202.501556,243.327744, 903.103210, 0.999996
5, 15,1,344.849976, 344.851532, 476.498779, 202.501556,243.327744, 903.103210, 0.999995
5, 15,2,478.397644, 478.395020, 476.498779, 202.501556,243.327744, 903.103210, 1.000005
5, 15,3,469.347107, 469.349243, 476.498779, 202.501556,243.327744, 903.103210, 0.999995
5, 15,4,317.684601, 317.682678, 476.498779, 202.501556,243.327744, 903.103210, 1.000006
5, 15,5,903.103210, 903.105591, 476.498779, 202.501556,243.327744, 903.103210, 0.999997
5, 15,6,489.896118, 489.899292, 476.498779, 202.501556,243.327744, 903.103210, 0.999994
5, 15,7,243.327744, 243.330780, 476.498779, 202.501556,243.327744, 903.103210, 0.999988
5, 16,0,325.522034, 325.524017, 476.503235, 240.011658,192.419846, 772.111267, 0.999994
5, 16,1,694.985718, 694.973572, 476.503235, 240.011658,192.419846, 772.111267, 1.000018
5, 16,2,772.111267, 772.106323, 476.503235, 240.011658,192.419846, 772.111267, 1.000006
5, 16,3,765.039063, 765.035339, 476.503235, 240.011658,192.419846, 772.111267, 1.000005
5, 16,4,228.783295, 228.784393, 476.503235, 240.011658,192.419846, 772.111267, 0.999995
5, 16,5,192.419846, 192.419617, 476.503235, 240.011658,192.419846, 772.111267, 1.000001
5, 16,6,336.511475, 336.505981, 476.503235, 240.011658,192.419846, 772.111267, 1.000016
5, 16,7,496.652954, 496.650909, 476.503235, 240.011658,192.419846, 772.111267, 1.000004
5, 17,0,590.575378, 590.582336, 476.494751, 142.110855,253.419754, 621.498474, 0.999988
5, 17,1,253.419754, 253.423004, 476.494751, 142.110855,253.419754, 621.498474, 0.999987
5, 17,2,402.359924, 402.362122, 476.494751, 142.110855,253.419754, 621.498474, 0.999995
5, 17,3,439.055481, 439.064331, 476.494751, 142.110855,253.419754, 621.498474, 0.999980
5, 17,4,597.906555, 597.907837, 476.494751, 142.110855,253.419754, 621.498474, 0.999998
5, 17,5,585.624573, 585.630127, 476.494751, 142.110855,253.419754, 621.498474, 0.999991
5, 17,6,621.498474, 621.510071, 476.494751, 142.110855,253.419754, 621.498474, 0.999981
5, 17,7,321.518188, 321.520111, 476.494751, 142.110855,253.419754, 621.498474, 0.999994
5, 18,0,442.324036, 442.319580, 476.500732, 252.155579,41.891563, 818.510864, 1.000010
5, 18,1,818.510864, 818.509705, 476.500732, 252.155579,41.891563, 818.510864, 1.000001
5, 18,2,41.891563, 41.894150, 476.500732, 252.155579,41.891563, 818.510864, 0.999938
5, 18,3,368.630707, 368.634308, 476.500732, 252.155579,41.891563, 818.510864, 0.999990
5, 18,4,791.132996, 791.126892, 476.500732, 252.155579,41.891563, 818.510864, 1.000008
5, 18,5,541.118530, 541.114563, 476.500732, 252.155579,41.891563, 818.510864, 1.000007
5, 18,6,324.220825, 324.220337, 476.500732, 252.155579,41.891563, 818.510864, 1.000002
5, 18,7,484.176331, 484.180664, 476.500732, 252.155579,41.891563, 818.510864, 0.999991
5, 19,0,798.659668, 798.652649, 476.503754, 265.284943,72.686638, 798.659668, 1.000009
5, 19,1,371.013336, 371.005524, 476.503754, 265.284943,72.686638, 798.659668, 1.000021
5, 19,2,788.745850, 788.740540, 476.503754, 265.284943,72.686638, 798.659668, 1.000007
5, 19,3,72.686638, 72.691345, 476.503754, 265.284943,72.686638, 798.659668, 0.999935
5, 19,4,192.147827, 192.148682, 476.503754, 265.284943,72.686638, 798.659668, 0.999996
5, 19,5,579.895569, 579.891357, 476.503754, 265.284943,72.686638, 798.659668, 1.000007
5, 19,6,614.093628, 614.089905, 476.503754, 265.284943,72.686638, 798.659668, 1.000006
5, 19,7,394.787445, 394.779968, 476.503754, 265.284943,72.686638, 798.659668, 1.000019
5, 20,0,740.374939, 740.371704, 476.502167, 222.200012,149.882645, 740.374939, 1.000004
5, 20,1,661.924561, 661.920837, 476.502167, 222.200012,149.882645, 740.374939, 1.000006
5, 20,2,699.205688, 699.201172, 476.502167, 222.200012,149.882645, 740.374939, 1.000006
5, 20,3,340.893951, 340.892517, 476.502167, 222.200012,149.882645, 740.374939, 1.000004
5, 20,4,504.026184, 504.023224, 476.502167, 222.200012,149.882645, 740.374939, 1.000006
5, 20,5,495.733002, 495.733551, 476.502167, 222.200012,149.882645, 740.374939, 0.999999
5, 20,6,149.882645, 149.882568, 476.502167, 222.200012,149.882645, 740.374939, 1.000000
5, 20,7,219.976410, 219.974335, 476.502167, 222.200012,149.882645, 740.374939, 1.000009
5, 21,0,485.810303, 485.806366, 476.503571, 167.620331,190.840195, 731.365417, 1.000008
5, 21,1,382.660431, 382.653015, 476.503571, 167.620331,190.840195, 731.365417, 1.000019
5, 21,2,190.840195, 190.843582, 476.503571, 167.620331,190.840195, 731.365417, 0.999982
5, 21,3,531.105103, 531.103577, 476.503571, 167.620331,190.840195, 731.365417, 1.000003
5, 21,4,646.875732, 646.868958, 476.503571, 167.620331,190.840195, 731.365417, 1.000010
5, 21,5,381.643585, 381.644043, 476.503571, 167.620331,190.840195, 731.365417, 0.999999
5, 21,6,461.727875, 461.723969, 476.503571, 167.620331,190.840195, 731.365417, 1.000008
5, 21,7,731.365417, 731.356445, 476.503571, 167.620331,190.840195, 731.365417, 1.000012
5, 22,0,243.867996, 243.867233, 476.502136, 222.975693,66.652977, 701.180542, 1.000003
5, 22,1,686.728882, 686.724792, 476.502136, 222.975693,66.652977, 701.180542, 1.000006
5, 22,2,642.200623, 642.196533, 476.502136, 222.975693,66.652977, 701.180542, 1.000006
5, 22,3,701.180542, 701.175903, 476.502136, 222.975693,66.652977, 701.180542, 1.000007
5, 22,4,475.736572, 475.734283, 476.502136, 222.975693,66.652977, 701.180542, 1.000005
5, 22,5,66.652977, 66.654167, 476.502136, 222.975693,66.652977, 701.180542, 0.999982
5, 22,6,459.807831, 459.808136, 476.502136, 222.975693,66.652977, 701.180542, 0.999999
5, 22,7,535.841614, 535.838745, 476.502136, 222.975693,66.652977, 701.180542, 1.000005
5, 23,0,767.573730, 767.581909, 476.495056, 321.393646,85.945450, 854.709290, 0.999989
5, 23,1,153.950592, 153.941391, 476.495056, 321.393646,85.945450, 854.709290, 1.000060
5, 23,2,85.945450, 85.944374, 476.495056, 321.393646,85.945450, 854.709290, 1.000013
5, 23,3,298.493317, 298.494110, 476.495056, 321.393646,85.945450, 854.709290, 0.999997
5, 23,4,854.709290, 854.724792, 476.495056, 321.393646,85.945450, 854.709290, 0.999982
5, 23,5,595.951721, 595.963745, 476.495056, 321.393646,85.945450, 854.709290, 0.999980
5, 23,6,833.877686, 833.883850, 476.495056, 321.393646,85.945450, 854.709290, 0.999993
5, 23,7,221.458740, 221.466019, 476.495056, 321.393646,85.945450, 854.709290, 0.999967
5, 24,0,330.899811, 330.896729, 476.500458, 228.885818,158.377182, 767.306152, 1.000009
5, 24,1,377.626068, 377.625488, 476.500458, 228.885818,158.377182, 767.306152, 1.000002
5, 24,2,767.306152, 767.306580, 476.500458, 228.885818,158.377182, 767.306152, 0.999999
5, 24,3,653.103882, 653.102295, 476.500458, 228.885818,158.377182, 767.306152, 1.000002
5, 24,4,619.849792, 619.849182, 476.500458, 228.885818,158.377182, 767.306152, 1.000001
5, 24,5,232.105270, 232.107056, 476.500458, 228.885818,158.377182, 767.306152, 0.999992
5, 24,6,158.377182, 158.378387, 476.500458, 228.885818,158.377182, 767.306152, 0.999992
5, 24,7,672.735291, 672.734131, 476.500458, 228.885818,158.377182, 767.306152, 1.000002
5, 25,0,196.314468, 196.319534, 476.491516, 242.318619,196.314468, 942.259033, 0.999974
5, 25,1,473.055756, 473.067444, 476.491516, 242.318619,196.314468, 942.259033, 0.999975
5, 25,2,212.795227, 212.795761, 476.491516, 242.318619,196.314468, 942.259033, 0.999997
5, 25,3,668.359863, 668.373962, 476.491516, 242.318619,196.314468, 942.259033, 0.999979
5, 25,4,453.500153, 453.507416, 476.491516, 242.318619,196.314468, 942.259033, 0.999984
5, 25,5,482.251770, 482.260101, 476.491516, 242.318619,196.314468, 942.259033, 0.999983
5, 25,6,942.259033, 942.273071, 476.491516, 242.318619,196.314468, 942.259033, 0.999985
5, 25,7,383.395874, 383.402618, 476.491516, 242.318619,196.314468, 942.259033, 0.999982
5, 26,0,363.637543, 363.637024, 476.500824, 230.591721,26.031036, 822.060730, 1.000001
5, 26,1,494.361877, 494.361084, 476.500824, 230.591721,26.031036, 822.060730, 1.000002
5, 26,2,26.031036, 26.031689, 476.500824, 230.591721,26.031036, 822.060730, 0.999975
5, 26,3,822.060730, 822.057434, 476.500824, 230.591721,26.031036, 822.060730, 1.000004
5, 26,4,573.069092, 573.069397, 476.500824, 230.591721,26.031036, 822.060730, 0.999999
5, 26,5,565.201050, 565.201233, 476.500824, 230.591721,26.031036, 822.060730, 1.000000
5, 26,6,385.040894, 385.039459, 476.500824, 230.591721,26.031036, 822.060730, 1.000004
5, 26,7,582.604187, 582.602478, 476.500824, 230.591721,26.031036, 822.060730, 1.000003
5, 27,0,706.162048, 706.168457, 476.495270, 151.950195,246.708069, 706.162048, 0.999991
5, 27,1,493.210938, 493.214203, 476.495270, 151.950195,246.708069, 706.162048, 0.999993
5, 27,2,640.736328, 640.740295, 476.495270, 151.950195,246.708069, 706.162048, 0.999994
5, 27,3,246.708069, 246.707657, 476.495270, 151.950195,246.708069, 706.162048, 1.000002
5, 27,4,530.110291, 530.119324, 476.495270, 151.950195,246.708069, 706.162048, 0.999983
5, 27,5,379.399292, 379.405640, 476.495270, 151.950195,246.708069, 706.162048, 0.999983
5, 27,6,467.328094, 467.335724, 476.495270, 151.950195,246.708069, 706.162048, 0.999984
5, 27,7,348.306793, 348.308960, 476.495270, 151.950195,246.708069, 706.162048, 0.999994
5, 28,0,362.331451, 362.328644, 476.505524, 184.465927,168.181625, 684.854004, 1.000008
5, 28,1,297.291565, 297.292999, 476.505524, 184.465927,168.181625, 684.854004, 0.999995
5, 28,2,616.930115, 616.915161, 476.505524, 184.465927,168.181625, 684.854004, 1.000024
5, 28,3,498.484924, 498.479919, 476.505524, 184.465927,168.181625, 684.854004, 1.000010
5, 28,4,529.959473, 529.949402, 476.505524, 184.465927,168.181625, 684.854004, 1.000019
5, 28,5,654.010986, 654.003479, 476.505524, 184.465927,168.181625, 684.854004, 1.000011
5, 28,6,168.181625, 168.186234, 476.505524, 184.465927,168.181625, 684.854004, 0.999973
5, 28,7,684.854004, 684.844055, 476.505524, 184.465927,168.181625, 684.854004, 1.000015
5, 29,0,706.554138, 706.565186, 476.495117, 152.552231,271.266571, 706.554138, 0.999984
5, 29,1,515.831360, 515.833496, 476.495117, 152.552231,271.266571, 706.554138, 0.999996
5, 29,2,412.502045, 412.503510, 476.495117, 152.552231,271.266571, 706.554138, 0.999996
5, 29,3,413.341644, 413.347839, 476.495117, 152.552231,271.266571, 706.554138, 0.999985
5, 29,4,493.736572, 493.743561, 476.495117, 152.552231,271.266571, 706.554138, 0.999986
5, 29,5,668.013733, 668.021790, 476.495117, 152.552231,271.266571, 706.554138, 0.999988
5, 29,6,271.266571, 271.269012, 476.495117, 152.552231,271.266571, 706.554138, 0.999991
5, 29,7,330.714813, 330.715729, 476.495117, 152.552231,271.266571, 706.554138, 0.999997
5, 30,0,246.728470, 246.726059, 476.503235, 318.471741,99.818657, 968.972900, 1.000010
5, 30,1,557.353271, 557.344727, 476.503235, 318.471741,99.818657, 968.972900, 1.000015
5, 30,2,918.805237, 918.799316, 476.503235, 318.471741,99.818657, 968.972900, 1.000006
5, 30,3,266.321167, 266.321259, 476.503235, 318.471741,99.818657, 968.972900, 1.000000
5, 30,4,968.972900, 968.960632, 476.503235, 318.471741,99.818657, 968.972900, 1.000013
5, 30,5,99.818657, 99.820976, 476.503235, 318.471741,99.818657, 968.972900, 0.999977
5, 30,6,319.502930, 319.503967, 476.503235, 318.471741,99.818657, 968.972900, 0.999997
5, 30,7,434.523224, 434.522888, 476.503235, 318.471741,99.818657, 968.972900, 1.000001
5, 31,0,131.994278, 131.997375, 476.495239, 327.903564,131.994278, 1080.622925, 0.999977
5, 31,1,249.640701, 249.638947, 476.495239, 327.903564,131.994278, 1080.622925, 1.000007
5, 31,2,646.946899, 646.951538, 476.495239, 327.903564,131.994278, 1080.622925, 0.999993
5, 31,3,144.271484, 144.269730, 476.495239, 327.903564,131.994278, 1080.622925, 1.000012
5, 31,4,393.928223, 393.933960, 476.495239, 327.903564,131.994278, 1080.622925, 0.999985
5, 31,5,425.902283, 425.911163, 476.495239, 327.903564,131.994278, 1080.622925, 0.999979
5, 31,6,738.654907, 738.665588, 476.495239, 327.903564,131.994278, 1080.622925, 0.999986
5, 31,7,1080.622925, 1080.631714, 476.495239, 327.903564,131.994278, 1080.622925, 0.999992
5, 32,0,428.765503, 428.769806, 476.496033, 232.834045,176.964584, 817.515747, 0.999990
5, 32,1,260.634857, 260.632690, 476.496033, 232.834045,176.964584, 817.515747, 1.000008
5, 32,2,176.964584, 176.963608, 476.496033, 232.834045,176.964584, 817.515747, 1.000005
5, 32,3,723.143372, 723.147034, 476.496033, 232.834045,176.964584, 817.515747, 0.999995
5, 32,4,560.547852, 560.552979, 476.496033, 232.834045,176.964584, 817.515747, 0.999991
5, 32,5,581.568604, 581.576355, 476.496033, 232.834045,176.964584, 817.515747, 0.999987
5, 32,6,262.827545, 262.829895, 476.496033, 232.834045,176.964584, 817.515747, 0.999991
5, 32,7,817.515747, 817.527588, 476.496033, 232.834045,176.964584, 817.515747, 0.999986
5, 33,0,152.340912, 152.340179, 476.504547, 143.401596,152.340912, 630.391357, 1.000005
5, 33,1,630.391357, 630.384033, 476.504547, 143.401596,152.340912, 630.391357, 1.000012
5, 33,2,508.372864, 508.366333, 476.504547, 143.401596,152.340912, 630.391357, 1.000013
5, 33,3,537.939392, 537.930115, 476.504547, 143.401596,152.340912, 630.391357, 1.000017
5, 33,4,481.947021, 481.945038, 476.504547, 143.401596,152.340912, 630.391357, 1.000004
5, 33,5,433.695587, 433.691986, 476.504547, 143.401596,152.340912, 630.391357, 1.000008
5, 33,6,565.265869, 565.261108, 476.504547, 143.401596,152.340912, 630.391357, 1.000008
5, 33,7,502.083282, 502.081451, 476.504547, 143.401596,152.340912, 630.391357, 1.000004
5, 34,0,589.237671, 589.239319, 476.498566, 125.531563,286.075409, 639.185059, 0.999997
5, 34,1,286.075409, 286.076935, 476.498566, 125.531563,286.075409, 639.185059, 0.999995
5, 34,2,311.500000, 311.500702, 476.498566, 125.531563,286.075409, 639.185059, 0.999998
5, 34,3,494.069275, 494.072327, 476.498566, 125.531563,286.075409, 639.185059, 0.999994
5, 34,4,515.482483, 515.484253, 476.498566, 125.531563,286.075409, 639.185059, 0.999997
5, 34,5,540.857239, 540.860535, 476.498566, 125.531563,286.075409, 639.185059, 0.999994
5, 34,6,639.185059, 639.184814, 476.498566, 125.531563,286.075409, 639.185059, 1.000000
5, 34,7,435.581573, 435.581024, 476.498566, 125.531563,286.075409, 639.185059, 1.000001
5, 35,0,104.768188, 104.769180, 476.493469, 298.200592,104.768188, 870.326294, 0.999991
5, 35,1,194.865555, 194.867950, 476.493469, 298.200592,104.768188, 870.326294, 0.999988
5, 35,2,620.266785, 620.275085, 476.493469, 298.200592,104.768188, 870.326294, 0.999987
5, 35,3,783.671326, 783.685852, 476.493469, 298.200592,104.768188, 870.326294, 0.999981
5, 35,4,698.598816, 698.604431, 476.493469, 298.200592,104.768188, 870.326294, 0.999992
5, 35,5,870.326294, 870.341858, 476.493469, 298.200592,104.768188, 870.326294, 0.999982
5, 35,6,270.447174, 270.448425, 476.493469, 298.200592,104.768188, 870.326294, 0.999995
5, 35,7,269.003510, 269.007263, 476.493469, 298.200592,104.768188, 870.326294, 0.999986
5, 36,0,44.345585, 44.342064, 476.506226, 371.156342,44.345585, 1067.873047, 1.000079
5, 36,1,567.498108, 567.494263, 476.506226, 371.156342,44.345585, 1067.873047, 1.000007
5, 36,2,98.582222, 98.581001, 476.506226, 371.156342,44.345585, 1067.873047, 1.000012
5, 36,3,72.026711, 72.017120, 476.506226, 371.156342,44.345585, 1067.873047, 1.000133
5, 36,4,553.061951, 553.049133, 476.506226, 371.156342,44.345585, 1067.873047, 1.000023
5, 36,5,1067.873047, 1067.867554, 476.506226, 371.156342,44.345585, 1067.873047, 1.000005
5, 36,6,662.841309, 662.846436, 476.506226, 371.156342,44.345585, 1067.873047, 0.999992
5, 36,7,745.820801, 745.802124, 476.506226, 371.156342,44.345585, 1067.873047, 1.000025
5, 37,0,822.927979, 822.920349, 476.505035, 376.936249,13.924870, 857.600952, 1.000009
5, 37,1,820.130432, 820.117371, 476.505035, 376.936249,13.924870, 857.600952, 1.000016
5, 37,2,13.924870, 13.924172, 476.505035, 376.936249,13.924870, 857.600952, 1.000050
5, 37,3,55.578388, 55.576458, 476.505035, 376.936249,13.924870, 857.600952, 1.000035
5, 37,4,857.600952, 857.593140, 476.505035, 376.936249,13.924870, 857.600952, 1.000009
5, 37,5,45.680813, 45.681938, 476.505035, 376.936249,13.924870, 857.600952, 0.999975
5, 37,6,647.627136, 647.621887, 476.505035, 376.936249,13.924870, 857.600952, 1.000008
5, 37,7,548.569641, 548.564636, 476.505035, 376.936249,13.924870, 857.600952, 1.000009
5, 38,0,221.018250, 221.023270, 476.503510, 305.326996,38.395473, 842.952454, 0.999977
5, 38,1,157.328979, 157.328720, 476.503510, 305.326996,38.395473, 842.952454, 1.000002
5, 38,2,778.576721, 778.575256, 476.503510, 305.326996,38.395473, 842.952454, 1.000002
5, 38,3,717.187195, 717.183472, 476.503510, 305.326996,38.395473, 842.952454, 1.000005
5, 38,4,479.993378, 479.985931, 476.503510, 305.326996,38.395473, 842.952454, 1.000015
5, 38,5,842.952454, 842.943726, 476.503510, 305.326996,38.395473, 842.952454, 1.000010
5, 38,6,576.575623, 576.566833, 476.503510, 305.326996,38.395473, 842.952454, 1.000015
5, 38,7,38.395473, 38.392937, 476.503510, 305.326996,38.395473, 842.952454, 1.000066
5, 39,0,693.077209, 693.072998, 476.503174, 194.172577,188.813324, 693.077209, 1.000006
5, 39,1,506.016754, 506.012939, 476.503174, 194.172577,188.813324, 693.077209, 1.000008
5, 39,2,188.813324, 188.813797, 476.503174, 194.172577,188.813324, 693.077209, 0.999997
5, 39,3,554.606384, 554.600830, 476.503174, 194.172577,188.813324, 693.077209, 1.000010
5, 39,4,567.168396, 567.165527, 476.503174, 194.172577,188.813324, 693.077209, 1.000005
5, 39,5,208.930756, 208.930328, 476.503174, 194.172577,188.813324, 693.077209, 1.000002
5, 39,6,683.833740, 683.828491, 476.503174, 194.172577,188.813324, 693.077209, 1.000008
5, 39,7,409.578888, 409.575043, 476.503174, 194.172577,188.813324, 693.077209, 1.000009
5, 40,0,261.787292, 261.790253, 476.499390, 306.978241,100.970222, 817.583130, 0.999989
5, 40,1,284.997375, 284.998077, 476.499390, 306.978241,100.970222, 817.583130, 0.999998
5, 40,2,798.174988, 798.174072, 476.499390, 306.978241,100.970222, 817.583130, 1.000001
5, 40,3,141.213760, 141.213577, 476.499390, 306.978241,100.970222, 817.583130, 1.000001
5, 40,4,100.970222, 100.971779, 476.499390, 306.978241,100.970222, 817.583130, 0.999985
5, 40,5,688.756287, 688.755066, 476.499390, 306.978241,100.970222, 817.583130, 1.000002
5, 40,6,817.583130, 817.588318, 476.499390, 306.978241,100.970222, 817.583130, 0.999994
5, 40,7,718.512329, 718.508728, 476.499390, 306.978241,100.970222, 817.583130, 1.000005
5, 41,0,278.553375, 278.549988, 476.494141, 377.002563,43.553581, 1050.517944, 1.000012
5, 41,1,58.268314, 58.267685, 476.494141, 377.002563,43.553581, 1050.517944, 1.000011
5, 41,2,258.245758, 258.244507, 476.494141, 377.002563,43.553581, 1050.517944, 1.000005
5, 41,3,43.553581, 43.554668, 476.494141, 377.002563,43.553581, 1050.517944, 0.999975
5, 41,4,679.541626, 679.554626, 476.494141, 377.002563,43.553581, 1050.517944, 0.999981
5, 41,5,887.214661, 887.225708, 476.494141, 377.002563,43.553581, 1050.517944, 0.999988
5, 41,6,556.057983, 556.070435, 476.494141, 377.002563,43.553581, 1050.517944, 0.999978
5, 41,7,1050.517944, 1050.532593, 476.494141, 377.002563,43.553581, 1050.517944, 0.999986
5, 42,0,481.422913, 481.426422, 476.498810, 196.095779,30.856871, 683.986816, 0.999993
5, 42,1,30.856871, 30.853193, 476.498810, 196.095779,30.856871, 683.986816, 1.000119
5, 42,2,477.194092, 477.196747, 476.498810, 196.095779,30.856871, 683.986816, 0.999994
5, 42,3,563.134155, 563.134277, 476.498810, 196.095779,30.856871, 683.986816, 1.000000
5, 42,4,440.702026, 440.703705, 476.498810, 196.095779,30.856871, 683.986816, 0.999996
5, 42,5,600.575867, 600.578125, 476.498810, 196.095779,30.856871, 683.986816, 0.999996
5, 42,6,683.986816, 683.990906, 476.498810, 196.095779,30.856871, 683.986816, 0.999994
5, 42,7,534.117737, 534.116821, 476.498810, 196.095779,30.856871, 683.986816, 1.000002
5, 43,0,117.590042, 117.587555, 476.500641, 295.085632,117.590042, 840.202332, 1.000021
5, 43,1,445.876617, 445.876648, 476.500641, 295.085632,117.590042, 840.202332, 1.000000
5, 43,2,765.013916, 765.014099, 476.500641, 295.085632,117.590042, 840.202332, 1.000000
5, 43,3,802.988586, 802.989258, 476.500641, 295.085632,117.590042, 840.202332, 0.999999
5, 43,4,840.202332, 840.203735, 476.500641, 295.085632,117.590042, 840.202332, 0.999998
5, 43,5,415.944061, 415.937683, 476.500641, 295.085632,117.590042, 840.202332, 1.000015
5, 43,6,127.700500, 127.702393, 476.500641, 295.085632,117.590042, 840.202332, 0.999985
5, 43,7,296.688995, 296.688873, 476.500641, 295.085632,117.590042, 840.202332, 1.000000
5, 44,0,224.347321, 224.349609, 476.494812, 376.307922,65.722664, 977.143066, 0.999990
5, 44,1,134.012726, 134.021423, 476.494812, 376.307922,65.722664, 977.143066, 0.999935
5, 44,2,525.383057, 525.393005, 476.494812, 376.307922,65.722664, 977.143066, 0.999981
5, 44,3,872.240967, 872.244202, 476.494812, 376.307922,65.722664, 977.143066, 0.999996
5, 44,4,167.300232, 167.298248, 476.494812, 376.307922,65.722664, 977.143066, 1.000012
5, 44,5,845.808289, 845.819580, 476.494812, 376.307922,65.722664, 977.143066, 0.999987
5, 44,6,65.722664, 65.726349, 476.494812, 376.307922,65.722664, 977.143066, 0.999944
5, 44,7,977.143066, 977.147583, 476.494812, 376.307922,65.722664, 977.143066, 0.999995
5, 45,0,600.165405, 600.161194, 476.503082, 112.460381,292.644318, 600.165405, 1.000007
5, 45,1,435.297363, 435.296692, 476.503082, 112.460381,292.644318, 600.165405, 1.000002
5, 45,2,575.987183, 575.982117, 476.503082, 112.460381,292.644318, 600.165405, 1.000009
5, 45,3,292.644318, 292.642456, 476.503082, 112.460381,292.644318, 600.165405, 1.000006
5, 45,4,471.457733, 471.452423, 476.503082, 112.460381,292.644318, 600.165405, 1.000011
5, 45,5,361.408447, 361.406067, 476.503082, 112.460381,292.644318, 600.165405, 1.000007
5, 45,6,477.871979, 477.871429, 476.503082, 112.460381,292.644318, 600.165405, 1.000001
5, 45,7,597.192078, 597.187500, 476.503082, 112.460381,292.644318, 600.165405, 1.000008
5, 46,0,428.233154, 428.224152, 476.505829, 288.046875,45.697090, 809.285034, 1.000021
5, 46,1,614.518127, 614.512329, 476.505829, 288.046875,45.697090, 809.285034, 1.000009
5, 46,2,809.285034, 809.279419, 476.505829, 288.046875,45.697090, 809.285034, 1.000007
5, 46,3,577.444336, 577.442078, 476.505829, 288.046875,45.697090, 809.285034, 1.000004
5, 46,4,48.077873, 48.080879, 476.505829, 288.046875,45.697090, 809.285034, 0.999937
5, 46,5,563.871704, 563.861084, 476.505829, 288.046875,45.697090, 809.285034, 1.000019
5, 46,6,724.919495, 724.909912, 476.505829, 288.046875,45.697090, 809.285034, 1.000013
5, 46,7,45.697090, 45.690041, 476.505829, 288.046875,45.697090, 809.285034, 1.000154
5, 47,0,613.768433, 613.767151, 476.501709, 374.495453,25.226366, 977.986206, 1.000002
5, 47,1,418.270416, 418.269196, 476.501709, 374.495453,25.226366, 977.986206, 1.000003
5, 47,2,25.226366, 25.227705, 476.501709, 374.495453,25.226366, 977.986206, 0.999947
5, 47,3,847.681519, 847.675354, 476.501709, 374.495453,25.226366, 977.986206, 1.000007
5, 47,4,26.668367, 26.667139, 476.501709, 374.495453,25.226366, 977.986206, 1.000046
5, 47,5,165.763840, 165.762009, 476.501709, 374.495453,25.226366, 977.986206, 1.000011
5, 47,6,736.648376, 736.649414, 476.501709, 374.495453,25.226366, 977.986206, 0.999999
5, 47,7,977.986206, 977.982056, 476.501709, 374.495453,25.226366, 977.986206, 1.000004
5, 48,0,112.484283, 112.481453, 476.495422, 273.640900,112.484283, 997.510254, 1.000025
5, 48,1,196.557465, 196.553070, 476.495422, 273.640900,112.484283, 997.510254, 1.000022
5, 48,2,583.939636, 583.953918, 476.495422, 273.640900,112.484283, 997.510254, 0.999976
5, 48,3,997.510254, 997.525635, 476.495422, 273.640900,112.484283, 997.510254, 0.999985
5, 48,4,513.415222, 513.418945, 476.495422, 273.640900,112.484283, 997.510254, 0.999993
5, 48,5,395.414856, 395.415497, 476.495422, 273.640900,112.484283, 997.510254, 0.999998
5, 48,6,404.908325, 404.909180, 476.495422, 273.640900,112.484283, 997.510254, 0.999998
5, 48,7,607.733398, 607.742310, 476.495422, 273.640900,112.484283, 997.510254, 0.999985
5, 49,0,788.559265, 788.569031, 476.496521, 259.456207,89.271103, 813.432861, 0.999988
5, 49,1,581.621460, 581.623657, 476.496521, 259.456207,89.271103, 813.432861, 0.999996
5, 49,2,89.271103, 89.271286, 476.496521, 259.456207,89.271103, 813.432861, 0.999998
5, 49,3,813.432861, 813.440918, 476.496521, 259.456207,89.271103, 813.432861, 0.999990
5, 49,4,325.971222, 325.971832, 476.496521, 259.456207,89.271103, 813.432861, 0.999998
5, 49,5,526.843079, 526.844727, 476.496521, 259.456207,89.271103, 813.432861, 0.999997
5, 49,6,204.291016, 204.294342, 476.496521, 259.456207,89.271103, 813.432861, 0.999984
5, 49,7,481.982208, 481.984192, 476.496521, 259.456207,89.271103, 813.432861, 0.999996
5, 50,0,27.075401, 27.074900, 476.497131, 360.937897,27.075401, 947.795959, 1.000018
5, 50,1,933.652527, 933.656494, 476.497131, 360.937897,27.075401, 947.795959, 0.999996
5, 50,2,947.795959, 947.806030, 476.497131, 360.937897,27.075401, 947.795959, 0.999989
5, 50,3,209.497101, 209.495728, 476.497131, 360.937897,27.075401, 947.795959, 1.000007
5, 50,4,90.720093, 90.717705, 476.497131, 360.937897,27.075401, 947.795959, 1.000026
5, 50,5,659.709839, 659.711853, 476.497131, 360.937897,27.075401, 947.795959, 0.999997
5, 50,6,583.823364, 583.830017, 476.497131, 360.937897,27.075401, 947.795959, 0.999989
5, 50,7,359.702667, 359.707092, 476.497131, 360.937897,27.075401, 947.795959, 0.999988
5, 51,0,335.107056, 335.105438, 476.504578, 286.629852,157.713531, 1048.022827, 1.000005
5, 51,1,565.050964, 565.043213, 476.504578, 286.629852,157.713531, 1048.022827, 1.000014
5, 51,2,599.161316, 599.153320, 476.504578, 286.629852,157.713531, 1048.022827, 1.000013
5, 51,3,201.266998, 201.266846, 476.504578, 286.629852,157.713531, 1048.022827, 1.000001
5, 51,4,336.488647, 336.486572, 476.504578, 286.629852,157.713531, 1048.022827, 1.000006
5, 51,5,1048.022827, 1048.012085, 476.504578, 286.629852,157.713531, 1048.022827, 1.000010
5, 51,6,157.713531, 157.713882, 476.504578, 286.629852,157.713531, 1048.022827, 0.999998
5, 51,7,569.225464, 569.218689, 476.504578, 286.629852,157.713531, 1048.022827, 1.000012
5, 52,0,98.631966, 98.633797, 476.496490, 256.145477,98.631966, 882.654053, 0.999981
5, 52,1,703.230774, 703.236084, 476.496490, 256.145477,98.631966, 882.654053, 0.999992
5, 52,2,296.822571, 296.822388, 476.496490, 256.145477,98.631966, 882.654053, 1.000001
5, 52,3,333.684448, 333.687012, 476.496490, 256.145477,98.631966, 882.654053, 0.999992
5, 52,4,475.890686, 475.894897, 476.496490, 256.145477,98.631966, 882.654053, 0.999991
5, 52,5,660.736572, 660.737793, 476.496490, 256.145477,98.631966, 882.654053, 0.999998
5, 52,6,882.654053, 882.664185, 476.496490, 256.145477,98.631966, 882.654053, 0.999988
5, 52,7,360.320831, 360.323639, 476.496490, 256.145477,98.631966, 882.654053, 0.999992
5, 53,0,739.768616, 739.768066, 476.502869, 262.949677,23.993523, 836.122681, 1.000001
5, 53,1,23.993523, 23.994652, 476.502869, 262.949677,23.993523, 836.122681, 0.999953
5, 53,2,662.593262, 662.595398, 476.502869, 262.949677,23.993523, 836.122681, 0.999997
5, 53,3,377.049225, 377.043854, 476.502869, 262.949677,23.993523, 836.122681, 1.000014
5, 53,4,478.048584, 478.037750, 476.502869, 262.949677,23.993523, 836.122681, 1.000023
5, 53,5,383.613647, 383.611725, 476.502869, 262.949677,23.993523, 836.122681, 1.000005
5, 53,6,836.122681, 836.113892, 476.502869, 262.949677,23.993523, 836.122681, 1.000010
5, 53,7,310.833405, 310.834503, 476.502869, 262.949677,23.993523, 836.122681, 0.999996
5, 54,0,819.613342, 819.613159, 476.503143, 359.788727,51.936531, 901.008057, 1.000000
5, 54,1,901.008057, 900.996826, 476.503143, 359.788727,51.936531, 901.008057, 1.000013
5, 54,2,424.015869, 424.013336, 476.503143, 359.788727,51.936531, 901.008057, 1.000006
5, 54,3,844.516846, 844.514099, 476.503143, 359.788727,51.936531, 901.008057, 1.000003
5, 54,4,51.936531, 51.934135, 476.503143, 359.788727,51.936531, 901.008057, 1.000046
5, 54,5,115.929214, 115.925797, 476.503143, 359.788727,51.936531, 901.008057, 1.000029
5, 54,6,87.351799, 87.353157, 476.503143, 359.788727,51.936531, 901.008057, 0.999984
5, 54,7,567.653625, 567.649475, 476.503143, 359.788727,51.936531, 901.008057, 1.000007
5, 55,0,299.760345, 299.763519, 476.496948, 297.560944,163.180176, 860.608887, 0.999989
5, 55,1,338.745728, 338.751343, 476.496948, 297.560944,163.180176, 860.608887, 0.999983
5, 55,2,222.609482, 222.606598, 476.496948, 297.560944,163.180176, 860.608887, 1.000013
5, 55,3,795.890137, 795.898071, 476.496948, 297.560944,163.180176, 860.608887, 0.999990
5, 55,4,299.572601, 299.574524, 476.496948, 297.560944,163.180176, 860.608887, 0.999994
5, 55,5,163.180176, 163.180054, 476.496948, 297.560944,163.180176, 860.608887, 1.000001
5, 55,6,860.608887, 860.615356, 476.496948, 297.560944,163.180176, 860.608887, 0.999992
5, 55,7,831.608032, 831.610657, 476.496948, 297.560944,163.180176, 860.608887, 0.999997
5, 56,0,661.996521, 661.992554, 476.500580, 237.558044,154.802216, 686.047729, 1.000006
5, 56,1,172.168152, 172.163422, 476.500580, 237.558044,154.802216, 686.047729, 1.000027
5, 56,2,282.417328, 282.414429, 476.500580, 237.558044,154.802216, 686.047729, 1.000010
5, 56,3,154.802216, 154.805923, 476.500580, 237.558044,154.802216, 686.047729, 0.999976
5, 56,4,686.047729, 686.050659, 476.500580, 237.558044,154.802216, 686.047729, 0.999996
5, 56,5,495.164429, 495.163879, 476.500580, 237.558044,154.802216, 686.047729, 1.000001
5, 56,6,681.931885, 681.934265, 476.500580, 237.558044,154.802216, 686.047729, 0.999996
5, 56,7,677.476379, 677.474792, 476.500580, 237.558044,154.802216, 686.047729, 1.000002
5, 57,0,758.445435, 758.457275, 476.495789, 326.186798,115.094872, 925.070190, 0.999984
5, 57,1,267.883331, 267.884125, 476.495789, 326.186798,115.094872, 925.070190, 0.999997
5, 57,2,519.092224, 519.103455, 476.495789, 326.186798,115.094872, 925.070190, 0.999978
5, 57,3,825.061035, 825.066406, 476.495789, 326.186798,115.094872, 925.070190, 0.999994
5, 57,4,115.638908, 115.634644, 476.495789, 326.186798,115.094872, 925.070190, 1.000037
5, 57,5,925.070190, 925.076416, 476.495789, 326.186798,115.094872, 925.070190, 0.999993
5, 57,6,115.094872, 115.095299, 476.495789, 326.186798,115.094872, 925.070190, 0.999996
5, 57,7,285.680450, 285.682526, 476.495789, 326.186798,115.094872, 925.070190, 0.999993
5, 58,0,448.909332, 448.902405, 476.503845, 275.160553,35.548153, 827.917175, 1.000015
5, 58,1,35.548153, 35.541824, 476.503845, 275.160553,35.548153, 827.917175, 1.000178
5, 58,2,230.439362, 230.441605, 476.503845, 275.160553,35.548153, 827.917175, 0.999990
5, 58,3,687.357727, 687.353638, 476.503845, 275.160553,35.548153, 827.917175, 1.000006
5, 58,4,338.136047, 338.134308, 476.503845, 275.160553,35.548153, 827.917175, 1.000005
5, 58,5,827.917175, 827.911865, 476.503845, 275.160553,35.548153, 827.917175, 1.000006
5, 58,6,771.675110, 771.667786, 476.503845, 275.160553,35.548153, 827.917175, 1.000010
5, 58,7,472.047974, 472.046478, 476.503845, 275.160553,35.548153, 827.917175, 1.000003
5, 59,0,420.579620, 420.574036, 476.501251, 233.984131,194.973389, 819.681519, 1.000013
5, 59,1,579.089111, 579.086304, 476.501251, 233.984131,194.973389, 819.681519, 1.000005
5, 59,2,228.358109, 228.358475, 476.501251, 233.984131,194.973389, 819.681519, 0.999998
5, 59,3,620.606567, 620.604492, 476.501251, 233.984131,194.973389, 819.681519, 1.000003
5, 59,4,194.973389, 194.986145, 476.501251, 233.984131,194.973389, 819.681519, 0.999935
5, 59,5,819.681519, 819.667603, 476.501251, 233.984131,194.973389, 819.681519, 1.000017
5, 59,6,686.737122, 686.738159, 476.501251, 233.984131,194.973389, 819.681519, 0.999999
5, 59,7,261.984680, 261.985352, 476.501251, 233.984131,194.973389, 819.681519, 0.999997
5, 60,0,415.503387, 415.504059, 476.497803, 288.322388,134.735550, 870.450256, 0.999998
5, 60,1,475.878326, 475.880280, 476.497803, 288.322388,134.735550, 870.450256, 0.999996
5, 60,2,631.653809, 631.659729, 476.497803, 288.322388,134.735550, 870.450256, 0.999991
5, 60,3,254.525696, 254.527466, 476.497803, 288.322388,134.735550, 870.450256, 0.999993
5, 60,4,853.687500, 853.701965, 476.497803, 288.322388,134.735550, 870.450256, 0.999983
5, 60,5,134.735550, 134.729706, 476.497803, 288.322388,134.735550, 870.450256, 1.000043
5, 60,6,175.547913, 175.537292, 476.497803, 288.322388,134.735550, 870.450256, 1.000061
5, 60,7,870.450256, 870.459839, 476.497803, 288.322388,134.735550, 870.450256, 0.999989
5, 61,0,353.649200, 353.650879, 476.498779, 204.107300,84.321754, 706.750549, 0.999995
5, 61,1,593.928650, 593.934326, 476.498779, 204.107300,84.321754, 706.750549, 0.999990
5, 61,2,84.321754, 84.316826, 476.498779, 204.107300,84.321754, 706.750549, 1.000058
5, 61,3,393.989014, 393.989410, 476.498779, 204.107300,84.321754, 706.750549, 0.999999
5, 61,4,654.068420, 654.069641, 476.498779, 204.107300,84.321754, 706.750549, 0.999998
5, 61,5,426.135315, 426.134155, 476.498779, 204.107300,84.321754, 706.750549, 1.000003
5, 61,6,706.750549, 706.756104, 476.498779, 204.107300,84.321754, 706.750549, 0.999992
5, 61,7,599.147400, 599.148499, 476.498779, 204.107300,84.321754, 706.750549, 0.999998
5, 62,0,593.861389, 593.847778, 476.504333, 235.494629,28.009251, 724.471375, 1.000023
5, 62,1,28.009251, 28.010941, 476.504333, 235.494629,28.009251, 724.471375, 0.999940
5, 62,2,724.471375, 724.461731, 476.504333, 235.494629,28.009251, 724.471375, 1.000013
5, 62,3,718.791992, 718.789978, 476.504333, 235.494629,28.009251, 724.471375, 1.000003
5, 62,4,416.015686, 416.007019, 476.504333, 235.494629,28.009251, 724.471375, 1.000021
5, 62,5,355.106567, 355.112885, 476.504333, 235.494629,28.009251, 724.471375, 0.999982
5, 62,6,619.108521, 619.107361, 476.504333, 235.494629,28.009251, 724.471375, 1.000002
5, 62,7,356.669800, 356.662201, 476.504333, 235.494629,28.009251, 724.471375, 1.000021
5, 63,0,534.898132, 534.889954, 476.505493, 200.516495,120.836777, 838.990112, 1.000015
5, 63,1,463.164368, 463.160004, 476.505493, 200.516495,120.836777, 838.990112, 1.000009
5, 63,2,838.990112, 838.976929, 476.505493, 200.516495,120.836777, 838.990112, 1.000016
5, 63,3,537.841980, 537.842224, 476.505493, 200.516495,120.836777, 838.990112, 1.000000
5, 63,4,412.498016, 412.497040, 476.505493, 200.516495,120.836777, 838.990112, 1.000002
5, 63,5,120.836777, 120.838860, 476.505493, 200.516495,120.836777, 838.990112, 0.999983
5, 63,6,525.716980, 525.705017, 476.505493, 200.516495,120.836777, 838.990112, 1.000023
5, 63,7,378.097595, 378.089996, 476.505493, 200.516495,120.836777, 838.990112, 1.000020
5, 64,0,538.792175, 538.783997, 476.505524, 339.138580,55.991276, 897.930725, 1.000015
5, 64,1,834.857849, 834.847717, 476.505524, 339.138580,55.991276, 897.930725, 1.000012
5, 64,2,202.977509, 202.974487, 476.505524, 339.138580,55.991276, 897.930725, 1.000015
5, 64,3,897.930725, 897.923523, 476.505524, 339.138580,55.991276, 897.930725, 1.000008
5, 64,4,55.991276, 55.990913, 476.505524, 339.138580,55.991276, 897.930725, 1.000006
5, 64,5,813.665588, 813.658936, 476.505524, 339.138580,55.991276, 897.930725, 1.000008
5, 64,6,155.869385, 155.868378, 476.505524, 339.138580,55.991276, 897.930725, 1.000006
5, 64,7,311.959747, 311.951996, 476.505524, 339.138580,55.991276, 897.930725, 1.000025
5, 65,0,765.869507, 765.866882, 476.500916, 237.841766,34.438892, 765.869507, 1.000003
5, 65,1,363.911163, 363.907593, 476.500916, 237.841766,34.438892, 765.869507, 1.000010
5, 65,2,523.000610, 522.995605, 476.500916, 237.841766,34.438892, 765.869507, 1.000010
5, 65,3,511.962280, 511.956055, 476.500916, 237.841766,34.438892, 765.869507, 1.000012
5, 65,4,34.438892, 34.435684, 476.500916, 237.841766,34.438892, 765.869507, 1.000093
5, 65,5,754.439514, 754.443054, 476.500916, 237.841766,34.438892, 765.869507, 0.999995
5, 65,6,331.710052, 331.710876, 476.500916, 237.841766,34.438892, 765.869507, 0.999997
5, 65,7,526.675232, 526.684021, 476.500916, 237.841766,34.438892, 765.869507, 0.999983
5, 66,0,377.540314, 377.541931, 476.500214, 239.422440,115.015564, 745.424805, 0.999996
5, 66,1,549.181091, 549.179810, 476.500214, 239.422440,115.015564, 745.424805, 1.000002
5, 66,2,115.015564, 115.015457, 476.500214, 239.422440,115.015564, 745.424805, 1.000001
5, 66,3,715.858276, 715.857544, 476.500214, 239.422440,115.015564, 745.424805, 1.000001
5, 66,4,404.677765, 404.677216, 476.500214, 239.422440,115.015564, 745.424805, 1.000001
5, 66,5,696.649353, 696.648865, 476.500214, 239.422440,115.015564, 745.424805, 1.000001
5, 66,6,207.654221, 207.654709, 476.500214, 239.422440,115.015564, 745.424805, 0.999998
5, 66,7,745.424805, 745.424316, 476.500214, 239.422440,115.015564, 745.424805, 1.000001
5, 67,0,38.297401, 38.300499, 476.495667, 365.758209,38.297401, 1079.105103, 0.999919
5, 67,1,1079.105103, 1079.114868, 476.495667, 365.758209,38.297401, 1079.105103, 0.999991
5, 67,2,151.707565, 151.708084, 476.495667, 365.758209,38.297401, 1079.105103, 0.999997
5, 67,3,314.829651, 314.829956, 476.495667, 365.758209,38.297401, 1079.105103, 0.999999
5, 67,4,836.287964, 836.299194, 476.495667, 365.758209,38.297401, 1079.105103, 0.999987
5, 67,5,499.498779, 499.502716, 476.495667, 365.758209,38.297401, 1079.105103, 0.999992
5, 67,6,203.375427, 203.375336, 476.495667, 365.758209,38.297401, 1079.105103, 1.000000
5, 67,7,688.863403, 688.869385, 476.495667, 365.758209,38.297401, 1079.105103, 0.999991
5, 68,0,560.025574, 560.023682, 476.503021, 381.962708,41.839500, 1166.315918, 1.000003
5, 68,1,1166.315918, 1166.309570, 476.503021, 381.962708,41.839500, 1166.315918, 1.000005
5, 68,2,42.341938, 42.342972, 476.503021, 381.962708,41.839500, 1166.315918, 0.999976
5, 68,3,243.310104, 243.317627, 476.503021, 381.962708,41.839500, 1166.315918, 0.999969
5, 68,4,383.087616, 383.084076, 476.503021, 381.962708,41.839500, 1166.315918, 1.000009
5, 68,5,621.090881, 621.077332, 476.503021, 381.962708,41.839500, 1166.315918, 1.000022
5, 68,6,41.839500, 41.840630, 476.503021, 381.962708,41.839500, 1166.315918, 0.999973
5, 68,7,754.012695, 754.004211, 476.503021, 381.962708,41.839500, 1166.315918, 1.000011
5, 69,0,291.896820, 291.893463, 476.506470, 194.002808,111.205322, 698.860413, 1.000011
5, 69,1,510.110931, 510.103302, 476.506470, 194.002808,111.205322, 698.860413, 1.000015
5, 69,2,430.566925, 430.562775, 476.506470, 194.002808,111.205322, 698.860413, 1.000010
5, 69,3,111.205322, 111.204941, 476.506470, 194.002808,111.205322, 698.860413, 1.000003
5, 69,4,640.156921, 640.146729, 476.506470, 194.002808,111.205322, 698.860413, 1.000016
5, 69,5,586.317932, 586.313049, 476.506470, 194.002808,111.205322, 698.860413, 1.000008
5, 69,6,542.936646, 542.927307, 476.506470, 194.002808,111.205322, 698.860413, 1.000017
5, 69,7,698.860413, 698.848389, 476.506470, 194.002808,111.205322, 698.860413, 1.000017
5, 70,0,661.278992, 661.282288, 476.496277, 294.112518,45.357151, 831.130676, 0.999995
5, 70,1,608.478088, 608.483459, 476.496277, 294.112518,45.357151, 831.130676, 0.999991
5, 70,2,45.357151, 45.356361, 476.496277, 294.112518,45.357151, 831.130676, 1.000017
5, 70,3,169.225067, 169.230530, 476.496277, 294.112518,45.357151, 831.130676, 0.999968
5, 70,4,831.130676, 831.137878, 476.496277, 294.112518,45.357151, 831.130676, 0.999991
5, 70,5,197.947021, 197.950790, 476.496277, 294.112518,45.357151, 831.130676, 0.999981
5, 70,6,722.055420, 722.058960, 476.496277, 294.112518,45.357151, 831.130676, 0.999995
5, 70,7,576.497803, 576.499573, 476.496277, 294.112518,45.357151, 831.130676, 0.999997
5, 71,0,464.996582, 465.003662, 476.494934, 159.225266,175.233032, 692.925415, 0.999985
5, 71,1,600.427124, 600.434998, 476.494934, 159.225266,175.233032, 692.925415, 0.999987
5, 71,2,692.925415, 692.928345, 476.494934, 159.225266,175.233032, 692.925415, 0.999996
5, 71,3,525.227295, 525.231323, 476.494934, 159.225266,175.233032, 692.925415, 0.999992
5, 71,4,364.247162, 364.251038, 476.494934, 159.225266,175.233032, 692.925415, 0.999989
5, 71,5,175.233032, 175.234238, 476.494934, 159.225266,175.233032, 692.925415, 0.999993
5, 71,6,560.622498, 560.631531, 476.494934, 159.225266,175.233032, 692.925415, 0.999984
5, 71,7,428.280182, 428.284912, 476.494934, 159.225266,175.233032, 692.925415, 0.999989
5, 72,0,677.732483, 677.743042, 476.495270, 217.394089,48.594738, 682.401367, 0.999984
5, 72,1,682.401367, 682.406982, 476.495270, 217.394089,48.594738, 682.401367, 0.999992
5, 72,2,329.834564, 329.837677, 476.495270, 217.394089,48.594738, 682.401367, 0.999991
5, 72,3,48.594738, 48.593128, 476.495270, 217.394089,48.594738, 682.401367, 1.000033
5, 72,4,614.418518, 614.422607, 476.495270, 217.394089,48.594738, 682.401367, 0.999993
5, 72,5,588.032776, 588.035583, 476.495270, 217.394089,48.594738, 682.401367, 0.999995
5, 72,6,370.318573, 370.321594, 476.495270, 217.394089,48.594738, 682.401367, 0.999992
5, 72,7,500.629120, 500.639069, 476.495270, 217.394089,48.594738, 682.401367, 0.999980
5, 73,0,112.350471, 112.360802, 476.502747, 424.565704,43.508835, 1082.281860, 0.999908
5, 73,1,850.021118, 850.015076, 476.502747, 424.565704,43.508835, 1082.281860, 1.000007
5, 73,2,882.513977, 882.500366, 476.502747, 424.565704,43.508835, 1082.281860, 1.000015
5, 73,3,1082.281860, 1082.279419, 476.502747, 424.565704,43.508835, 1082.281860, 1.000002
5, 73,4,126.583488, 126.584908, 476.502747, 424.565704,43.508835, 1082.281860, 0.999989
5, 73,5,601.869019, 601.866516, 476.502747, 424.565704,43.508835, 1082.281860, 1.000004
5, 73,6,43.508835, 43.504017, 476.502747, 424.565704,43.508835, 1082.281860, 1.000111
5, 73,7,112.892998, 112.889023, 476.502747, 424.565704,43.508835, 1082.281860, 1.000035
5, 74,0,638.153625, 638.147339, 476.501404, 213.841629,84.189926, 638.153625, 1.000010
5, 74,1,562.316345, 562.317932, 476.501404, 213.841629,84.189926, 638.153625, 0.999997
5, 74,2,628.143433, 628.142639, 476.501404, 213.841629,84.189926, 638.153625, 1.000001
5, 74,3,422.148529, 422.145203, 476.501404, 213.841629,84.189926, 638.153625, 1.000008
5, 74,4,84.189926, 84.197731, 476.501404, 213.841629,84.189926, 638.153625, 0.999907
5, 74,5,226.776749, 226.775040, 476.501404, 213.841629,84.189926, 638.153625, 1.000008
5, 74,6,615.286316, 615.282593, 476.501404, 213.841629,84.189926, 638.153625, 1.000006
5, 74,7,634.996033, 634.991333, 476.501404, 213.841629,84.189926, 638.153625, 1.000007
5, 75,0,467.780457, 467.785919, 476.496460, 111.960800,225.611694, 597.014343, 0.999988
5, 75,1,496.202850, 496.208710, 476.496460, 111.960800,225.611694, 597.014343, 0.999988
5, 75,2,474.435913, 474.441986, 476.496460, 111.960800,225.611694, 597.014343, 0.999987
5, 75,3,597.014343, 597.013916, 476.496460, 111.960800,225.611694, 597.014343, 1.000001
5, 75,4,225.611694, 225.608612, 476.496460, 111.960800,225.611694, 597.014343, 1.000014
5, 75,5,542.498474, 542.504517, 476.496460, 111.960800,225.611694, 597.014343, 0.999989
5, 75,6,459.956085, 459.961792, 476.496460, 111.960800,225.611694, 597.014343, 0.999988
5, 75,7,548.471558, 548.474609, 476.496460, 111.960800,225.611694, 597.014343, 0.999994
5, 76,0,537.824463, 537.813293, 476.504761, 225.910583,149.174698, 753.572083, 1.000021
5, 76,1,753.572083, 753.554932, 476.504761, 225.910583,149.174698, 753.572083, 1.000023
5, 76,2,149.174698, 149.175613, 476.504761, 225.910583,149.174698, 753.572083, 0.999994
5, 76,3,248.458588, 248.457794, 476.504761, 225.910583,149.174698, 753.572083, 1.000003
5, 76,4,653.760559, 653.760376, 476.504761, 225.910583,149.174698, 753.572083, 1.000000
5, 76,5,649.545593, 649.539246, 476.504761, 225.910583,149.174698, 753.572083, 1.000010
5, 76,6,256.025665, 256.021667, 476.504761, 225.910583,149.174698, 753.572083, 1.000016
5, 76,7,563.676453, 563.676880, 476.504761, 225.910583,149.174698, 753.572083, 0.999999
5, 77,0,175.161774, 175.159958, 476.496887, 265.373505,153.645111, 865.862854, 1.000010
5, 77,1,366.663666, 366.665192, 476.496887, 265.373505,153.645111, 865.862854, 0.999996
5, 77,2,153.645111, 153.644608, 476.496887, 265.373505,153.645111, 865.862854, 1.000003
5, 77,3,865.862854, 865.877319, 476.496887, 265.373505,153.645111, 865.862854, 0.999983
5, 77,4,689.007996, 689.018799, 476.496887, 265.373505,153.645111, 865.862854, 0.999984
5, 77,5,620.550110, 620.552368, 476.496887, 265.373505,153.645111, 865.862854, 0.999996
5, 77,6,655.302673, 655.303040, 476.496887, 265.373505,153.645111, 865.862854, 0.999999
5, 77,7,285.780853, 285.778870, 476.496887, 265.373505,153.645111, 865.862854, 1.000007
5, 78,0,710.364197, 710.372559, 476.494659, 154.028824,263.858826, 710.364197, 0.999988
5, 78,1,471.440033, 471.450439, 476.494659, 154.028824,263.858826, 710.364197, 0.999978
5, 78,2,585.336975, 585.342896, 476.494659, 154.028824,263.858826, 710.364197, 0.999990
5, 78,3,271.556427, 271.556610, 476.494659, 154.028824,263.858826, 710.364197, 0.999999
5, 78,4,572.686890, 572.693481, 476.494659, 154.028824,263.858826, 710.364197, 0.999988
5, 78,5,506.488007, 506.494263, 476.494659, 154.028824,263.858826, 710.364197, 0.999988
5, 78,6,263.858826, 263.851746, 476.494659, 154.028824,263.858826, 710.364197, 1.000027
5, 78,7,430.226105, 430.237946, 476.494659, 154.028824,263.858826, 710.364197, 0.999972
5, 79,0,914.154907, 914.148621, 476.502380, 322.212982,91.661743, 933.061035, 1.000007
5, 79,1,91.661743, 91.657745, 476.502380, 322.212982,91.661743, 933.061035, 1.000044
5, 79,2,625.111938, 625.107300, 476.502380, 322.212982,91.661743, 933.061035, 1.000007
5, 79,3,933.061035, 933.056458, 476.502380, 322.212982,91.661743, 933.061035, 1.000005
5, 79,4,411.473053, 411.471344, 476.502380, 322.212982,91.661743, 933.061035, 1.000004
5, 79,5,284.312683, 284.314301, 476.502380, 322.212982,91.661743, 933.061035, 0.999994
5, 79,6,408.608032, 408.608826, 476.502380, 322.212982,91.661743, 933.061035, 0.999998
5, 79,7,143.635315, 143.635468, 476.502380, 322.212982,91.661743, 933.061035, 0.999999
5, 80,0,728.667664, 728.664673, 476.500946, 383.554504,17.311493, 991.762756, 1.000004
5, 80,1,879.236877, 879.236816, 476.500946, 383.554504,17.311493, 991.762756, 1.000000
5, 80,2,647.833374, 647.830811, 476.500946, 383.554504,17.311493, 991.762756, 1.000004
5, 80,3,30.911900, 30.917852, 476.500946, 383.554504,17.311493, 991.762756, 0.999807
5, 80,4,17.311493, 17.312155, 476.500946, 383.554504,17.311493, 991.762756, 0.999962
5, 80,5,991.762756, 991.756714, 476.500946, 383.554504,17.311493, 991.762756, 1.000006
5, 80,6,305.037994, 305.032684, 476.500946, 383.554504,17.311493, 991.762756, 1.000017
5, 80,7,211.245560, 211.247940, 476.500946, 383.554504,17.311493, 991.762756, 0.999989
5, 81,0,690.274170, 690.269775, 476.502991, 225.491531,146.897186, 796.330627, 1.000006
5, 81,1,654.874573, 654.868774, 476.502991, 225.491531,146.897186, 796.330627, 1.000009
5, 81,2,146.897186, 146.898560, 476.502991, 225.491531,146.897186, 796.330627, 0.999991
5, 81,3,796.330627, 796.328125, 476.502991, 225.491531,146.897186, 796.330627, 1.000003
5, 81,4,528.931946, 528.925903, 476.502991, 225.491531,146.897186, 796.330627, 1.000011
5, 81,5,302.066345, 302.064728, 476.502991, 225.491531,146.897186, 796.330627, 1.000005
5, 81,6,331.989929, 331.987946, 476.502991, 225.491531,146.897186, 796.330627, 1.000006
5, 81,7,360.659241, 360.656250, 476.502991, 225.491531,146.897186, 796.330627, 1.000008
5, 82,0,347.581757, 347.587830, 476.493896, 176.114899,303.769745, 755.957336, 0.999983
5, 82,1,755.957336, 755.966064, 476.493896, 176.114899,303.769745, 755.957336, 0.999988
5, 82,2,303.769745, 303.769531, 476.493896, 176.114899,303.769745, 755.957336, 1.000001
5, 82,3,500.227661, 500.228668, 476.493896, 176.114899,303.769745, 755.957336, 0.999998
5, 82,4,408.910187, 408.915405, 476.493896, 176.114899,303.769745, 755.957336, 0.999987
5, 82,5,729.248901, 729.265198, 476.493896, 176.114899,303.769745, 755.957336, 0.999978
5, 82,6,438.413269, 438.418915, 476.493896, 176.114899,303.769745, 755.957336, 0.999987
5, 82,7,327.842163, 327.848511, 476.493896, 176.114899,303.769745, 755.957336, 0.999981
5, 83,0,53.203060, 53.204445, 476.502899, 353.570953,53.203060, 1018.226257, 0.999974
5, 83,1,367.165527, 367.156769, 476.502899, 353.570953,53.203060, 1018.226257, 1.000024
5, 83,2,553.290710, 553.281494, 476.502899, 353.570953,53.203060, 1018.226257, 1.000017
5, 83,3,920.172485, 920.173706, 476.502899, 353.570953,53.203060, 1018.226257, 0.999999
5, 83,4,161.738663, 161.734009, 476.502899, 353.570953,53.203060, 1018.226257, 1.000029
5, 83,5,550.227173, 550.228394, 476.502899, 353.570953,53.203060, 1018.226257, 0.999998
5, 83,6,1018.226257, 1018.218811, 476.502899, 353.570953,53.203060, 1018.226257, 1.000007
5, 83,7,187.998978, 188.002319, 476.502899, 353.570953,53.203060, 1018.226257, 0.999982
5, 84,0,385.575897, 385.573914, 476.503113, 211.569458,149.097015, 820.347961, 1.000005
5, 84,1,149.097015, 149.095825, 476.503113, 211.569458,149.097015, 820.347961, 1.000008
5, 84,2,736.848022, 736.840149, 476.503113, 211.569458,149.097015, 820.347961, 1.000011
5, 84,3,447.238190, 447.234131, 476.503113, 211.569458,149.097015, 820.347961, 1.000009
5, 84,4,404.002167, 404.003723, 476.503113, 211.569458,149.097015, 820.347961, 0.999996
5, 84,5,820.347961, 820.343140, 476.503113, 211.569458,149.097015, 820.347961, 1.000006
5, 84,6,467.712555, 467.711731, 476.503113, 211.569458,149.097015, 820.347961, 1.000002
5, 84,7,401.203064, 401.197510, 476.503113, 211.569458,149.097015, 820.347961, 1.000014
5, 85,0,879.844421, 879.832031, 476.504303, 269.642975,146.081619, 879.844421, 1.000014
5, 85,1,146.081619, 146.083099, 476.504303, 269.642975,146.081619, 879.844421, 0.999990
5, 85,2,851.151611, 851.143188, 476.504303, 269.642975,146.081619, 879.844421, 1.000010
5, 85,3,365.593231, 365.585144, 476.504303, 269.642975,146.081619, 879.844421, 1.000022
5, 85,4,266.135620, 266.134186, 476.504303, 269.642975,146.081619, 879.844421, 1.000005
5, 85,5,478.424988, 478.420349, 476.504303, 269.642975,146.081619, 879.844421, 1.000010
5, 85,6,538.793823, 538.795044, 476.504303, 269.642975,146.081619, 879.844421, 0.999998
5, 85,7,286.009033, 286.006897, 476.504303, 269.642975,146.081619, 879.844421, 1.000008
5, 86,0,319.623291, 319.625580, 476.497894, 183.999283,167.445755, 664.520508, 0.999993
5, 86,1,636.572327, 636.572205, 476.497894, 183.999283,167.445755, 664.520508, 1.000000
5, 86,2,652.061768, 652.066956, 476.497894, 183.999283,167.445755, 664.520508, 0.999992
5, 86,3,167.445755, 167.443802, 476.497894, 183.999283,167.445755, 664.520508, 1.000012
5, 86,4,664.520508, 664.525269, 476.497894, 183.999283,167.445755, 664.520508, 0.999993
5, 86,5,338.178589, 338.177734, 476.497894, 183.999283,167.445755, 664.520508, 1.000003
5, 86,6,553.458435, 553.461853, 476.497894, 183.999283,167.445755, 664.520508, 0.999994
5, 86,7,480.122223, 480.126740, 476.497894, 183.999283,167.445755, 664.520508, 0.999991
5, 87,0,603.933838, 603.925720, 476.500427, 246.282150,49.638180, 760.428467, 1.000013
5, 87,1,667.232239, 667.226746, 476.500427, 246.282150,49.638180, 760.428467, 1.000008
5, 87,2,49.638180, 49.636169, 476.500427, 246.282150,49.638180, 760.428467, 1.000041
5, 87,3,760.428467, 760.425293, 476.500427, 246.282150,49.638180, 760.428467, 1.000004
5, 87,4,287.712921, 287.712860, 476.500427, 246.282150,49.638180, 760.428467, 1.000000
5, 87,5,430.868134, 430.870544, 476.500427, 246.282150,49.638180, 760.428467, 0.999994
5, 87,6,692.729797, 692.741943, 476.500427, 246.282150,49.638180, 760.428467, 0.999982
5, 87,7,319.459900, 319.460754, 476.500427, 246.282150,49.638180, 760.428467, 0.999997
5, 88,0,600.088440, 600.082397, 476.503296, 244.762344,25.214682, 762.049072, 1.000010
5, 88,1,536.850769, 536.848694, 476.503296, 244.762344,25.214682, 762.049072, 1.000004
5, 88,2,25.214682, 25.215944, 476.503296, 244.762344,25.214682, 762.049072, 0.999950
5, 88,3,425.142609, 425.139435, 476.503296, 244.762344,25.214682, 762.049072, 1.000008
5, 88,4,433.948059, 433.945831, 476.503296, 244.762344,25.214682, 762.049072, 1.000005
5, 88,5,282.061279, 282.055695, 476.503296, 244.762344,25.214682, 762.049072, 1.000020
5, 88,6,762.049072, 762.044678, 476.503296, 244.762344,25.214682, 762.049072, 1.000006
5, 88,7,746.671326, 746.667114, 476.503296, 244.762344,25.214682, 762.049072, 1.000006
5, 89,0,480.860992, 480.862457, 476.499084, 392.670349,29.314993, 1047.495239, 0.999997
5, 89,1,184.118134, 184.119064, 476.499084, 392.670349,29.314993, 1047.495239, 0.999995
5, 89,2,1047.495239, 1047.493652, 476.499084, 392.670349,29.314993, 1047.495239, 1.000002
5, 89,3,31.152540, 31.155241, 476.499084, 392.670349,29.314993, 1047.495239, 0.999913
5, 89,4,624.228821, 624.230408, 476.499084, 392.670349,29.314993, 1047.495239, 0.999997
5, 89,5,972.944397, 972.943604, 476.499084, 392.670349,29.314993, 1047.495239, 1.000001
5, 89,6,441.877563, 441.877289, 476.499084, 392.670349,29.314993, 1047.495239, 1.000001
5, 89,7,29.314993, 29.318409, 476.499084, 392.670349,29.314993, 1047.495239, 0.999883
5, 90,0,869.389954, 869.396484, 476.494873, 318.082703,65.264450, 869.389954, 0.999992
5, 90,1,508.483643, 508.493591, 476.494873, 318.082703,65.264450, 869.389954, 0.999980
5, 90,2,711.818665, 711.824890, 476.494873, 318.082703,65.264450, 869.389954, 0.999991
5, 90,3,746.572693, 746.581055, 476.494873, 318.082703,65.264450, 869.389954, 0.999989
5, 90,4,92.019806, 92.012047, 476.494873, 318.082703,65.264450, 869.389954, 1.000084
5, 90,5,65.264450, 65.266953, 476.494873, 318.082703,65.264450, 869.389954, 0.999962
5, 90,6,187.236862, 187.240768, 476.494873, 318.082703,65.264450, 869.389954, 0.999979
5, 90,7,631.173096, 631.184387, 476.494873, 318.082703,65.264450, 869.389954, 0.999982
5, 91,0,664.194275, 664.193665, 476.501160, 293.216644,77.650169, 959.315552, 1.000001
5, 91,1,570.618408, 570.611450, 476.501160, 293.216644,77.650169, 959.315552, 1.000012
5, 91,2,306.328064, 306.329071, 476.501160, 293.216644,77.650169, 959.315552, 0.999997
5, 91,3,959.315552, 959.317444, 476.501160, 293.216644,77.650169, 959.315552, 0.999998
5, 91,4,409.287598, 409.290100, 476.501160, 293.216644,77.650169, 959.315552, 0.999994
5, 91,5,163.474930, 163.471359, 476.501160, 293.216644,77.650169, 959.315552, 1.000022
5, 91,6,77.650169, 77.650879, 476.501160, 293.216644,77.650169, 959.315552, 0.999991
5, 91,7,661.140015, 661.136047, 476.501160, 293.216644,77.650169, 959.315552, 1.000006
5, 92,0,38.093800, 38.096786, 476.502777, 497.063019,38.093800, 1448.920166, 0.999922
5, 92,1,732.875732, 732.866089, 476.502777, 497.063019,38.093800, 1448.920166, 1.000013
5, 92,2,281.442383, 281.450470, 476.502777, 497.063019,38.093800, 1448.920166, 0.999971
5, 92,3,865.986877, 865.972961, 476.502777, 497.063019,38.093800, 1448.920166, 1.000016
5, 92,4,226.122925, 226.122131, 476.502777, 497.063019,38.093800, 1448.920166, 1.000003
5, 92,5,153.164719, 153.170654, 476.502777, 497.063019,38.093800, 1448.920166, 0.999961
5, 92,6,65.415665, 65.419434, 476.502777, 497.063019,38.093800, 1448.920166, 0.999942
5, 92,7,1448.920166, 1448.901611, 476.502777, 497.063019,38.093800, 1448.920166, 1.000013
5, 93,0,36.571758, 36.570290, 476.501587, 331.711029,29.143578, 899.362610, 1.000040
5, 93,1,499.491180, 499.489594, 476.501587, 331.711029,29.143578, 899.362610, 1.000003
5, 93,2,886.030518, 886.030212, 476.501587, 331.711029,29.143578, 899.362610, 1.000000
5, 93,3,29.143578, 29.145807, 476.501587, 331.711029,29.143578, 899.362610, 0.999924
5, 93,4,609.838745, 609.833740, 476.501587, 331.711029,29.143578, 899.362610, 1.000008
5, 93,5,899.362610, 899.359192, 476.501587, 331.711029,29.143578, 899.362610, 1.000004
5, 93,6,483.151764, 483.149872, 476.501587, 331.711029,29.143578, 899.362610, 1.000004
5, 93,7,368.422729, 368.421173, 476.501587, 331.711029,29.143578, 899.362610, 1.000004
5, 94,0,512.778503, 512.776855, 476.500061, 225.113724,185.849106, 866.527222, 1.000003
5, 94,1,637.062134, 637.062439, 476.500061, 225.113724,185.849106, 866.527222, 1.000000
5, 94,2,212.379395, 212.378540, 476.500061, 225.113724,185.849106, 866.527222, 1.000004
5, 94,3,185.849106, 185.848648, 476.500061, 225.113724,185.849106, 866.527222, 1.000003
5, 94,4,361.435120, 361.433136, 476.500061, 225.113724,185.849106, 866.527222, 1.000005
5, 94,5,866.527222, 866.528381, 476.500061, 225.113724,185.849106, 866.527222, 0.999999
5, 94,6,470.045776, 470.047272, 476.500061, 225.113724,185.849106, 866.527222, 0.999997
5, 94,7,565.923401, 565.924683, 476.500061, 225.113724,185.849106, 866.527222, 0.999998
5, 95,0,130.095596, 130.091675, 476.493408, 315.847198,94.466278, 919.344238, 1.000030
5, 95,1,94.466278, 94.463448, 476.493408, 315.847198,94.466278, 919.344238, 1.000030
5, 95,2,298.894989, 298.906860, 476.493408, 315.847198,94.466278, 919.344238, 0.999960
5, 95,3,852.472229, 852.484497, 476.493408, 315.847198,94.466278, 919.344238, 0.999986
5, 95,4,919.344238, 919.357178, 476.493408, 315.847198,94.466278, 919.344238, 0.999986
5, 95,5,437.285675, 437.287323, 476.493408, 315.847198,94.466278, 919.344238, 0.999996
5, 95,6,375.627014, 375.635986, 476.493408, 315.847198,94.466278, 919.344238, 0.999976
5, 95,7,703.761353, 703.772949, 476.493408, 315.847198,94.466278, 919.344238, 0.999984
5, 96,0,76.180397, 76.179588, 476.503876, 291.485870,76.180397, 792.007874, 1.000011
5, 96,1,759.035461, 759.028992, 476.503876, 291.485870,76.180397, 792.007874, 1.000009
5, 96,2,84.403465, 84.408623, 476.503876, 291.485870,76.180397, 792.007874, 0.999939
5, 96,3,792.007874, 791.998535, 476.503876, 291.485870,76.180397, 792.007874, 1.000012
5, 96,4,767.535034, 767.525208, 476.503876, 291.485870,76.180397, 792.007874, 1.000013
5, 96,5,535.589905, 535.589417, 476.503876, 291.485870,76.180397, 792.007874, 1.000001
5, 96,6,375.579315, 375.577484, 476.503876, 291.485870,76.180397, 792.007874, 1.000005
5, 96,7,421.699707, 421.692108, 476.503876, 291.485870,76.180397, 792.007874, 1.000018
5, 97,0,599.594360, 599.594055, 476.499664, 218.214996,33.854050, 688.596619, 1.000000
5, 97,1,589.792053, 589.793701, 476.499664, 218.214996,33.854050, 688.596619, 0.999997
5, 97,2,688.596619, 688.598694, 476.499664, 218.214996,33.854050, 688.596619, 0.999997
5, 97,3,501.065704, 501.066437, 476.499664, 218.214996,33.854050, 688.596619, 0.999999
5, 97,4,290.914917, 290.913177, 476.499664, 218.214996,33.854050, 688.596619, 1.000006
5, 97,5,33.854050, 33.853737, 476.499664, 218.214996,33.854050, 688.596619, 1.000009
5, 97,6,461.000732, 461.002014, 476.499664, 218.214996,33.854050, 688.596619, 0.999997
5, 97,7,647.178711, 647.178223, 476.499664, 218.214996,33.854050, 688.596619, 1.000001
5, 98,0,640.250061, 640.240234, 476.504486, 152.496658,230.793777, 640.250061, 1.000015
5, 98,1,271.315704, 271.310547, 476.504486, 152.496658,230.793777, 640.250061, 1.000019
5, 98,2,586.856323, 586.846680, 476.504486, 152.496658,230.793777, 640.250061, 1.000016
5, 98,3,598.560974, 598.557068, 476.504486, 152.496658,230.793777, 640.250061, 1.000007
5, 98,4,230.793777, 230.792099, 476.504486, 152.496658,230.793777, 640.250061, 1.000007
5, 98,5,498.719727, 498.717041, 476.504486, 152.496658,230.793777, 640.250061, 1.000005
5, 98,6,544.730591, 544.726685, 476.504486, 152.496658,230.793777, 640.250061, 1.000007
5, 98,7,440.808929, 440.809814, 476.504486, 152.496658,230.793777, 640.250061, 0.999998
5, 99,0,75.055161, 75.050865, 476.494873, 313.046783,75.055161, 915.446777, 1.000057
5, 99,1,915.446777, 915.457581, 476.494873, 313.046783,75.055161, 915.446777, 0.999988
5, 99,2,909.491394, 909.498535, 476.494873, 313.046783,75.055161, 915.446777, 0.999992
5, 99,3,146.439301, 146.442444, 476.494873, 313.046783,75.055161, 915.446777, 0.999979
5, 99,4,355.333435, 355.333221, 476.494873, 313.046783,75.055161, 915.446777, 1.000001
5, 99,5,481.257660, 481.266541, 476.494873, 313.046783,75.055161, 915.446777, 0.999982
5, 99,6,362.632874, 362.642639, 476.494873, 313.046783,75.055161, 915.446777, 0.999973
5, 99,7,566.302429, 566.308228, 476.494873, 313.046783,75.055161, 915.446777, 0.999990
5, 100,0,777.474609, 777.486938, 476.493500, 200.465637,91.556961, 777.474609, 0.999984
5, 100,1,464.175873, 464.182495, 476.493500, 200.465637,91.556961, 777.474609, 0.999986
5, 100,2,318.267059, 318.272186, 476.493500, 200.465637,91.556961, 777.474609, 0.999984
5, 100,3,558.649292, 558.657654, 476.493500, 200.465637,91.556961, 777.474609, 0.999985
5, 100,4,91.556961, 91.555916, 476.493500, 200.465637,91.556961, 777.474609, 1.000011
5, 100,5,555.361511, 555.367371, 476.493500, 200.465637,91.556961, 777.474609, 0.999989
5, 100,6,520.619690, 520.625732, 476.493500, 200.465637,91.556961, 777.474609, 0.999988
5, 100,7,525.842957, 525.851440, 476.493500, 200.465637,91.556961, 777.474609, 0.999984
5, 101,0,501.854462, 501.853943, 476.499603, 310.348175,35.704285, 1012.059387, 1.000001
5, 101,1,565.924133, 565.924011, 476.499603, 310.348175,35.704285, 1012.059387, 1.000000
5, 101,2,1012.059387, 1012.058472, 476.499603, 310.348175,35.704285, 1012.059387, 1.000001
5, 101,3,591.690125, 591.690430, 476.499603, 310.348175,35.704285, 1012.059387, 0.999999
5, 101,4,381.157623, 381.160706, 476.499603, 310.348175,35.704285, 1012.059387, 0.999992
5, 101,5,35.704285, 35.703476, 476.499603, 310.348175,35.704285, 1012.059387, 1.000023
5, 101,6,101.248123, 101.250481, 476.499603, 310.348175,35.704285, 1012.059387, 0.999977
5, 101,7,622.358704, 622.358643, 476.499603, 310.348175,35.704285, 1012.059387, 1.000000
5, 102,0,945.824646, 945.825806, 476.500916, 258.583344,54.346085, 945.824646, 0.999999
5, 102,1,473.221771, 473.219360, 476.500916, 258.583344,54.346085, 945.824646, 1.000005
5, 102,2,632.996887, 632.996155, 476.500916, 258.583344,54.346085, 945.824646, 1.000001
5, 102,3,54.346085, 54.337311, 476.500916, 258.583344,54.346085, 945.824646, 1.000162
5, 102,4,403.839294, 403.838776, 476.500916, 258.583344,54.346085, 945.824646, 1.000001
5, 102,5,585.057678, 585.053406, 476.500916, 258.583344,54.346085, 945.824646, 1.000007
5, 102,6,351.375763, 351.381073, 476.500916, 258.583344,54.346085, 945.824646, 0.999985
5, 102,7,365.345245, 365.348145, 476.500916, 258.583344,54.346085, 945.824646, 0.999992
5, 103,0,46.652298, 46.652447, 476.498230, 214.350037,46.652298, 684.222351, 0.999997
5, 103,1,558.139343, 558.143372, 476.498230, 214.350037,46.652298, 684.222351, 0.999993
5, 103,2,552.521057, 552.522888, 476.498230, 214.350037,46.652298, 684.222351, 0.999997
5, 103,3,251.848816, 251.848984, 476.498230, 214.350037,46.652298, 684.222351, 0.999999
5, 103,4,615.344299, 615.348816, 476.498230, 214.350037,46.652298, 684.222351, 0.999993
5, 103,5,541.017761, 541.019836, 476.498230, 214.350037,46.652298, 684.222351, 0.999996
5, 103,6,684.222351, 684.223999, 476.498230, 214.350037,46.652298, 684.222351, 0.999998
5, 103,7,562.239868, 562.239685, 476.498230, 214.350037,46.652298, 684.222351, 1.000000
5, 104,0,321.323792, 321.324463, 476.504761, 160.852249,312.311493, 713.325073, 0.999998
5, 104,1,386.408936, 386.409119, 476.504761, 160.852249,312.311493, 713.325073, 1.000000
5, 104,2,563.471741, 563.465698, 476.504761, 160.852249,312.311493, 713.325073, 1.000011
5, 104,3,365.139130, 365.137756, 476.504761, 160.852249,312.311493, 713.325073, 1.000004
5, 104,4,312.311493, 312.307678, 476.504761, 160.852249,312.311493, 713.325073, 1.000012
5, 104,5,690.122070, 690.110291, 476.504761, 160.852249,312.311493, 713.325073, 1.000017
5, 104,6,713.325073, 713.307983, 476.504761, 160.852249,312.311493, 713.325073, 1.000024
5, 104,7,459.935638, 459.936798, 476.504761, 160.852249,312.311493, 713.325073, 0.999997
5, 105,0,584.012329, 584.010925, 476.497284, 240.535202,41.143562, 744.043884, 1.000002
5, 105,1,463.621429, 463.626190, 476.497284, 240.535202,41.143562, 744.043884, 0.999990
5, 105,2,224.416443, 224.417831, 476.497284, 240.535202,41.143562, 744.043884, 0.999994
5, 105,3,537.399597, 537.403137, 476.497284, 240.535202,41.143562, 744.043884, 0.999993
5, 105,4,731.078796, 731.081665, 476.497284, 240.535202,41.143562, 744.043884, 0.999996
5, 105,5,41.143562, 41.146149, 476.497284, 240.535202,41.143562, 744.043884, 0.999937
5, 105,6,486.261993, 486.261047, 476.497284, 240.535202,41.143562, 744.043884, 1.000002
5, 105,7,744.043884, 744.053040, 476.497284, 240.535202,41.143562, 744.043884, 0.999988
5, 106,0,625.180115, 625.176086, 476.499817, 298.981293,36.676941, 821.390198, 1.000006
5, 106,1,346.532196, 346.530975, 476.499817, 298.981293,36.676941, 821.390198, 1.000004
5, 106,2,82.905975, 82.905525, 476.499817, 298.981293,36.676941, 821.390198, 1.000005
5, 106,3,36.676941, 36.674950, 476.499817, 298.981293,36.676941, 821.390198, 1.000054
5, 106,4,821.390198, 821.393188, 476.499817, 298.981293,36.676941, 821.390198, 0.999996
5, 106,5,648.573364, 648.576721, 476.499817, 298.981293,36.676941, 821.390198, 0.999995
5, 106,6,474.559052, 474.558685, 476.499817, 298.981293,36.676941, 821.390198, 1.000001
5, 106,7,776.180603, 776.183960, 476.499817, 298.981293,36.676941, 821.390198, 0.999996
5, 107,0,41.758167, 41.755585, 476.502991, 318.641113,41.758167, 878.619507, 1.000062
5, 107,1,684.282532, 684.277893, 476.502991, 318.641113,41.758167, 878.619507, 1.000007
5, 107,2,731.815857, 731.812622, 476.502991, 318.641113,41.758167, 878.619507, 1.000004
5, 107,3,118.567932, 118.566345, 476.502991, 318.641113,41.758167, 878.619507, 1.000013
5, 107,4,394.141754, 394.138336, 476.502991, 318.641113,41.758167, 878.619507, 1.000009
5, 107,5,722.995483, 722.993164, 476.502991, 318.641113,41.758167, 878.619507, 1.000003
5, 107,6,878.619507, 878.615295, 476.502991, 318.641113,41.758167, 878.619507, 1.000005
5, 107,7,239.842865, 239.840561, 476.502991, 318.641113,41.758167, 878.619507, 1.000010
5, 108,0,733.401245, 733.397461, 476.502014, 303.789276,27.344336, 847.461121, 1.000005
5, 108,1,370.418060, 370.415039, 476.502014, 303.789276,27.344336, 847.461121, 1.000008
5, 108,2,125.994438, 125.995956, 476.502014, 303.789276,27.344336, 847.461121, 0.999988
5, 108,3,847.461121, 847.454224, 476.502014, 303.789276,27.344336, 847.461121, 1.000008
5, 108,4,462.542908, 462.539948, 476.502014, 303.789276,27.344336, 847.461121, 1.000006
5, 108,5,443.859680, 443.858185, 476.502014, 303.789276,27.344336, 847.461121, 1.000003
5, 108,6,27.344336, 27.343405, 476.502014, 303.789276,27.344336, 847.461121, 1.000034
5, 108,7,800.994324, 800.995789, 476.502014, 303.789276,27.344336, 847.461121, 0.999998
5, 109,0,669.724731, 669.724304, 476.499664, 172.006256,274.998322, 745.659424, 1.000001
5, 109,1,745.659424, 745.658264, 476.499664, 172.006256,274.998322, 745.659424, 1.000002
5, 109,2,274.998322, 274.999634, 476.499664, 172.006256,274.998322, 745.659424, 0.999995
5, 109,3,278.983521, 278.983124, 476.499664, 172.006256,274.998322, 745.659424, 1.000001
5, 109,4,548.571228, 548.570618, 476.499664, 172.006256,274.998322, 745.659424, 1.000001
5, 109,5,369.860901, 369.862122, 476.499664, 172.006256,274.998322, 745.659424, 0.999997
5, 109,6,443.075012, 443.076324, 476.499664, 172.006256,274.998322, 745.659424, 0.999997
5, 109,7,481.124176, 481.125671, 476.499664, 172.006256,274.998322, 745.659424, 0.999997
5, 110,0,624.506775, 624.495239, 476.506958, 181.644852,132.556412, 705.942566, 1.000018
5, 110,1,329.296051, 329.289276, 476.506958, 181.644852,132.556412, 705.942566, 1.000021
5, 110,2,478.909576, 478.903076, 476.506958, 181.644852,132.556412, 705.942566, 1.000014
5, 110,3,132.556412, 132.555008, 476.506958, 181.644852,132.556412, 705.942566, 1.000011
5, 110,4,705.942566, 705.927429, 476.506958, 181.644852,132.556412, 705.942566, 1.000021
5, 110,5,476.212585, 476.206482, 476.506958, 181.644852,132.556412, 705.942566, 1.000013
5, 110,6,603.769043, 603.759460, 476.506958, 181.644852,132.556412, 705.942566, 1.000016
5, 110,7,460.862579, 460.863861, 476.506958, 181.644852,132.556412, 705.942566, 0.999997
5, 111,0,418.539459, 418.541473, 476.504089, 315.682159,47.545536, 861.552307, 0.999995
5, 111,1,173.921112, 173.919998, 476.504089, 315.682159,47.545536, 861.552307, 1.000006
5, 111,2,47.545536, 47.538456, 476.504089, 315.682159,47.545536, 861.552307, 1.000149
5, 111,3,304.062469, 304.061615, 476.504089, 315.682159,47.545536, 861.552307, 1.000003
5, 111,4,375.010071, 375.005554, 476.504089, 315.682159,47.545536, 861.552307, 1.000012
5, 111,5,804.377014, 804.367188, 476.504089, 315.682159,47.545536, 861.552307, 1.000012
5, 111,6,827.024902, 827.020813, 476.504089, 315.682159,47.545536, 861.552307, 1.000005
5, 111,7,861.552307, 861.544983, 476.504089, 315.682159,47.545536, 861.552307, 1.000008
5, 112,0,138.326035, 138.324875, 476.500183, 267.314575,138.326035, 948.959290, 1.000008
5, 112,1,422.927948, 422.927399, 476.500183, 267.314575,138.326035, 948.959290, 1.000001
5, 112,2,495.946899, 495.948700, 476.500183, 267.314575,138.326035, 948.959290, 0.999996
5, 112,3,186.489304, 186.489716, 476.500183, 267.314575,138.326035, 948.959290, 0.999998
5, 112,4,360.658356, 360.657166, 476.500183, 267.314575,138.326035, 948.959290, 1.000003
5, 112,5,948.959290, 948.956177, 476.500183, 267.314575,138.326035, 948.959290, 1.000003
5, 112,6,716.301453, 716.302856, 476.500183, 267.314575,138.326035, 948.959290, 0.999998
5, 112,7,542.392029, 542.393433, 476.500183, 267.314575,138.326035, 948.959290, 0.999997
5, 113,0,553.189758, 553.188965, 476.500427, 144.091263,270.075134, 658.040466, 1.000001
5, 113,1,270.075134, 270.075409, 476.500427, 144.091263,270.075134, 658.040466, 0.999999
5, 113,2,658.040466, 658.039246, 476.500427, 144.091263,270.075134, 658.040466, 1.000002
5, 113,3,270.767303, 270.768738, 476.500427, 144.091263,270.075134, 658.040466, 0.999995
5, 113,4,601.026184, 601.028259, 476.500427, 144.091263,270.075134, 658.040466, 0.999997
5, 113,5,531.203125, 531.200806, 476.500427, 144.091263,270.075134, 658.040466, 1.000004
5, 113,6,426.827820, 426.825897, 476.500427, 144.091263,270.075134, 658.040466, 1.000005
5, 113,7,500.873474, 500.872803, 476.500427, 144.091263,270.075134, 658.040466, 1.000001
5, 114,0,354.669617, 354.662445, 476.504822, 215.150436,132.552429, 692.009583, 1.000020
5, 114,1,563.741821, 563.738525, 476.504822, 215.150436,132.552429, 692.009583, 1.000006
5, 114,2,132.552429, 132.556488, 476.504822, 215.150436,132.552429, 692.009583, 0.999969
5, 114,3,601.065979, 601.058472, 476.504822, 215.150436,132.552429, 692.009583, 1.000013
5, 114,4,568.858398, 568.848755, 476.504822, 215.150436,132.552429, 692.009583, 1.000017
5, 114,5,213.633270, 213.634033, 476.504822, 215.150436,132.552429, 692.009583, 0.999996
5, 114,6,692.009583, 692.002563, 476.504822, 215.150436,132.552429, 692.009583, 1.000010
5, 114,7,685.507568, 685.498596, 476.504822, 215.150436,132.552429, 692.009583, 1.000013
5, 115,0,648.420593, 648.428894, 476.496887, 216.869583,10.211790, 671.759583, 0.999987
5, 115,1,639.241150, 639.245544, 476.496887, 216.869583,10.211790, 671.759583, 0.999993
5, 115,2,671.759583, 671.766235, 476.496887, 216.869583,10.211790, 671.759583, 0.999990
5, 115,3,409.369354, 409.368195, 476.496887, 216.869583,10.211790, 671.759583, 1.000003
5, 115,4,415.496796, 415.497437, 476.496887, 216.869583,10.211790, 671.759583, 0.999998
5, 115,5,10.211790, 10.210627, 476.496887, 216.869583,10.211790, 671.759583, 1.000114
5, 115,6,569.269165, 569.275574, 476.496887, 216.869583,10.211790, 671.759583, 0.999989
5, 115,7,448.206573, 448.207642, 476.496887, 216.869583,10.211790, 671.759583, 0.999998
5, 116,0,767.929016, 767.925232, 476.499023, 337.148743,45.937431, 909.532959, 1.000005
5, 116,1,552.403137, 552.407776, 476.499023, 337.148743,45.937431, 909.532959, 0.999992
5, 116,2,909.532959, 909.536804, 476.499023, 337.148743,45.937431, 909.532959, 0.999996
5, 116,3,45.937431, 45.941685, 476.499023, 337.148743,45.937431, 909.532959, 0.999907
5, 116,4,192.096939, 192.095703, 476.499023, 337.148743,45.937431, 909.532959, 1.000006
5, 116,5,56.819324, 56.817028, 476.499023, 337.148743,45.937431, 909.532959, 1.000040
5, 116,6,545.644470, 545.643799, 476.499023, 337.148743,45.937431, 909.532959, 1.000001
5, 116,7,741.628723, 741.632141, 476.499023, 337.148743,45.937431, 909.532959, 0.999995
5, 117,0,823.063538, 823.056824, 476.506500, 342.830719,23.380302, 1038.786621, 1.000008
5, 117,1,468.504974, 468.497559, 476.506500, 342.830719,23.380302, 1038.786621, 1.000016
5, 117,2,663.908875, 663.901428, 476.506500, 342.830719,23.380302, 1038.786621, 1.000011
5, 117,3,23.380302, 23.382050, 476.506500, 342.830719,23.380302, 1038.786621, 0.999925
5, 117,4,1038.786621, 1038.761230, 476.506500, 342.830719,23.380302, 1038.786621, 1.000024
5, 117,5,193.032990, 193.028732, 476.506500, 342.830719,23.380302, 1038.786621, 1.000022
5, 117,6,344.165161, 344.161469, 476.506500, 342.830719,23.380302, 1038.786621, 1.000011
5, 117,7,257.209747, 257.210632, 476.506500, 342.830719,23.380302, 1038.786621, 0.999997
5, 118,0,101.545174, 101.541939, 476.505646, 255.570694,101.545174, 847.882935, 1.000032
5, 118,1,273.134918, 273.131744, 476.505646, 255.570694,101.545174, 847.882935, 1.000012
5, 118,2,372.191437, 372.189056, 476.505646, 255.570694,101.545174, 847.882935, 1.000006
5, 118,3,417.794891, 417.786377, 476.505646, 255.570694,101.545174, 847.882935, 1.000020
5, 118,4,460.732849, 460.731171, 476.505646, 255.570694,101.545174, 847.882935, 1.000004
5, 118,5,824.879456, 824.877991, 476.505646, 255.570694,101.545174, 847.882935, 1.000002
5, 118,6,847.882935, 847.866150, 476.505646, 255.570694,101.545174, 847.882935, 1.000020
5, 118,7,513.883484, 513.875366, 476.505646, 255.570694,101.545174, 847.882935, 1.000016
5, 119,0,627.239685, 627.233093, 476.502747, 241.259598,17.968653, 787.059570, 1.000010
5, 119,1,542.289551, 542.287537, 476.502747, 241.259598,17.968653, 787.059570, 1.000004
5, 119,2,558.844116, 558.842529, 476.502747, 241.259598,17.968653, 787.059570, 1.000003
5, 119,3,614.621155, 614.614136, 476.502747, 241.259598,17.968653, 787.059570, 1.000011
5, 119,4,787.059570, 787.057739, 476.502747, 241.259598,17.968653, 787.059570, 1.000002
5, 119,5,17.968653, 17.967377, 476.502747, 241.259598,17.968653, 787.059570, 1.000071
5, 119,6,387.115936, 387.114532, 476.502747, 241.259598,17.968653, 787.059570, 1.000004
5, 119,7,276.883148, 276.883240, 476.502747, 241.259598,17.968653, 787.059570, 1.000000
5, 120,0,1011.823425, 1011.835144, 476.495361, 364.944977,53.065166, 1011.823425, 0.999988
5, 120,1,258.764771, 258.764771, 476.495361, 364.944977,53.065166, 1011.823425, 1.000000
5, 120,2,53.065166, 53.069427, 476.495361, 364.944977,53.065166, 1011.823425, 0.999920
5, 120,3,298.400360, 298.396576, 476.495361, 364.944977,53.065166, 1011.823425, 1.000013
5, 120,4,689.811951, 689.822571, 476.495361, 364.944977,53.065166, 1011.823425, 0.999985
5, 120,5,970.933899, 970.947266, 476.495361, 364.944977,53.065166, 1011.823425, 0.999986
5, 120,6,203.295700, 203.300079, 476.495361, 364.944977,53.065166, 1011.823425, 0.999978
5, 120,7,325.867767, 325.864471, 476.495361, 364.944977,53.065166, 1011.823425, 1.000010
5, 121,0,895.528320, 895.526794, 476.500580, 356.873383,100.838760, 989.365234, 1.000002
5, 121,1,989.365234, 989.363586, 476.500580, 356.873383,100.838760, 989.365234, 1.000002
5, 121,2,133.013870, 133.016479, 476.500580, 356.873383,100.838760, 989.365234, 0.999980
5, 121,3,435.850067, 435.849396, 476.500580, 356.873383,100.838760, 989.365234, 1.000002
5, 121,4,118.561935, 118.561607, 476.500580, 356.873383,100.838760, 989.365234, 1.000003
5, 121,5,722.310608, 722.308044, 476.500580, 356.873383,100.838760, 989.365234, 1.000004
5, 121,6,100.838760, 100.837875, 476.500580, 356.873383,100.838760, 989.365234, 1.000009
5, 121,7,416.535706, 416.536224, 476.500580, 356.873383,100.838760, 989.365234, 0.999999
5, 122,0,474.389069, 474.385193, 476.503571, 143.213654,312.607452, 787.932983, 1.000008
5, 122,1,511.323547, 511.310059, 476.503571, 143.213654,312.607452, 787.932983, 1.000026
5, 122,2,402.235962, 402.232819, 476.503571, 143.213654,312.607452, 787.932983, 1.000008
5, 122,3,312.607452, 312.605835, 476.503571, 143.213654,312.607452, 787.932983, 1.000005
5, 122,4,787.932983, 787.926575, 476.503571, 143.213654,312.607452, 787.932983, 1.000008
5, 122,5,507.116577, 507.108368, 476.503571, 143.213654,312.607452, 787.932983, 1.000016
5, 122,6,371.309662, 371.318329, 476.503571, 143.213654,312.607452, 787.932983, 0.999977
5, 122,7,445.113586, 445.112396, 476.503571, 143.213654,312.607452, 787.932983, 1.000003
5, 123,0,552.945129, 552.951721, 476.493866, 264.120178,82.026711, 889.995117, 0.999988
5, 123,1,889.995117, 890.003113, 476.493866, 264.120178,82.026711, 889.995117, 0.999991
5, 123,2,82.026711, 82.031143, 476.493866, 264.120178,82.026711, 889.995117, 0.999946
5, 123,3,651.105469, 651.116760, 476.493866, 264.120178,82.026711, 889.995117, 0.999983
5, 123,4,358.229950, 358.235443, 476.493866, 264.120178,82.026711, 889.995117, 0.999985
5, 123,5,630.101929, 630.107666, 476.493866, 264.120178,82.026711, 889.995117, 0.999991
5, 123,6,467.240845, 467.244873, 476.493866, 264.120178,82.026711, 889.995117, 0.999991
5, 123,7,180.305923, 180.309479, 476.493866, 264.120178,82.026711, 889.995117, 0.999980
5, 124,0,281.150543, 281.149689, 476.502502, 235.311447,205.974304, 834.902588, 1.000003
5, 124,1,828.265930, 828.258423, 476.502502, 235.311447,205.974304, 834.902588, 1.000009
5, 124,2,385.774048, 385.773376, 476.502502, 235.311447,205.974304, 834.902588, 1.000002
5, 124,3,205.974304, 205.972519, 476.502502, 235.311447,205.974304, 834.902588, 1.000009
5, 124,4,381.611755, 381.610931, 476.502502, 235.311447,205.974304, 834.902588, 1.000002
5, 124,5,396.634888, 396.629486, 476.502502, 235.311447,205.974304, 834.902588, 1.000014
5, 124,6,834.902588, 834.895813, 476.502502, 235.311447,205.974304, 834.902588, 1.000008
5, 124,7,497.705872, 497.709473, 476.502502, 235.311447,205.974304, 834.902588, 0.999993
5, 125,0,42.676247, 42.677578, 476.505035, 301.320129,42.676247, 792.901672, 0.999969
5, 125,1,770.364319, 770.352600, 476.505035, 301.320129,42.676247, 792.901672, 1.000015
5, 125,2,143.154129, 143.153931, 476.505035, 301.320129,42.676247, 792.901672, 1.000001
5, 125,3,792.901672, 792.896301, 476.505035, 301.320129,42.676247, 792.901672, 1.000007
5, 125,4,475.054626, 475.056519, 476.505035, 301.320129,42.676247, 792.901672, 0.999996
5, 125,5,764.277100, 764.267456, 476.505035, 301.320129,42.676247, 792.901672, 1.000013
5, 125,6,582.948853, 582.935730, 476.505035, 301.320129,42.676247, 792.901672, 1.000023
5, 125,7,240.663422, 240.659622, 476.505035, 301.320129,42.676247, 792.901672, 1.000016
5, 126,0,19.074541, 19.074444, 476.497925, 416.124084,19.074541, 1038.924927, 1.000005
5, 126,1,116.990135, 116.992363, 476.497925, 416.124084,19.074541, 1038.924927, 0.999981
5, 126,2,406.653778, 406.657257, 476.497925, 416.124084,19.074541, 1038.924927, 0.999991
5, 126,3,121.403656, 121.404045, 476.497925, 416.124084,19.074541, 1038.924927, 0.999997
5, 126,4,1038.924927, 1038.927246, 476.497925, 416.124084,19.074541, 1038.924927, 0.999998
5, 126,5,301.994385, 301.996277, 476.497925, 416.124084,19.074541, 1038.924927, 0.999994
5, 126,6,1028.520752, 1028.525635, 476.497925, 416.124084,19.074541, 1038.924927, 0.999995
5, 126,7,778.421387, 778.422546, 476.497925, 416.124084,19.074541, 1038.924927, 0.999999
5, 127,0,286.507355, 286.510406, 476.495667, 288.643127,113.041458, 885.486084, 0.999989
5, 127,1,885.486084, 885.502075, 476.495667, 288.643127,113.041458, 885.486084, 0.999982
5, 127,2,505.812256, 505.817413, 476.495667, 288.643127,113.041458, 885.486084, 0.999990
5, 127,3,171.613144, 171.610519, 476.495667, 288.643127,113.041458, 885.486084, 1.000015
5, 127,4,400.144257, 400.150055, 476.495667, 288.643127,113.041458, 885.486084, 0.999986
5, 127,5,113.041458, 113.037315, 476.495667, 288.643127,113.041458, 885.486084, 1.000037
5, 127,6,613.095276, 613.101135, 476.495667, 288.643127,113.041458, 885.486084, 0.999990
5, 127,7,836.265686, 836.271057, 476.495667, 288.643127,113.041458, 885.486084, 0.999994
5, 128,0,797.133972, 797.134766, 476.498596, 222.993607,200.122787, 824.324951, 0.999999
5, 128,1,824.324951, 824.326355, 476.498596, 222.993607,200.122787, 824.324951, 0.999998
5, 128,2,200.122787, 200.124710, 476.498596, 222.993607,200.122787, 824.324951, 0.999990
5, 128,3,367.902893, 367.903564, 476.498596, 222.993607,200.122787, 824.324951, 0.999998
5, 128,4,312.655243, 312.656311, 476.498596, 222.993607,200.122787, 824.324951, 0.999997
5, 128,5,490.618561, 490.620453, 476.498596, 222.993607,200.122787, 824.324951, 0.999996
5, 128,6,401.698273, 401.700104, 476.498596, 222.993607,200.122787, 824.324951, 0.999995
5, 128,7,417.532104, 417.533539, 476.498596, 222.993607,200.122787, 824.324951, 0.999997
5, 129,0,451.145905, 451.141052, 476.501678, 378.081390,59.144081, 1154.135010, 1.000011
5, 129,1,1154.135010, 1154.126587, 476.501678, 378.081390,59.144081, 1154.135010, 1.000007
5, 129,2,59.144081, 59.143925, 476.501678, 378.081390,59.144081, 1154.135010, 1.000003
5, 129,3,88.980515, 88.980057, 476.501678, 378.081390,59.144081, 1154.135010, 1.000005
5, 129,4,662.024292, 662.022705, 476.501678, 378.081390,59.144081, 1154.135010, 1.000002
5, 129,5,766.922119, 766.921387, 476.501678, 378.081390,59.144081, 1154.135010, 1.000001
5, 129,6,164.180084, 164.182526, 476.501678, 378.081390,59.144081, 1154.135010, 0.999985
5, 129,7,465.481476, 465.481995, 476.501678, 378.081390,59.144081, 1154.135010, 0.999999
5, 130,0,315.587311, 315.587952, 476.504730, 313.667023,127.608757, 1037.210571, 0.999998
5, 130,1,127.608757, 127.611153, 476.504730, 313.667023,127.608757, 1037.210571, 0.999981
5, 130,2,782.021912, 782.011658, 476.504730, 313.667023,127.608757, 1037.210571, 1.000013
5, 130,3,221.886017, 221.886765, 476.504730, 313.667023,127.608757, 1037.210571, 0.999997
5, 130,4,316.487946, 316.485474, 476.504730, 313.667023,127.608757, 1037.210571, 1.000008
5, 130,5,1037.210571, 1037.194824, 476.504730, 313.667023,127.608757, 1037.210571, 1.000015
5, 130,6,649.185242, 649.178528, 476.504730, 313.667023,127.608757, 1037.210571, 1.000010
5, 130,7,362.050110, 362.043610, 476.504730, 313.667023,127.608757, 1037.210571, 1.000018
5, 131,0,352.125031, 352.125305, 476.501221, 326.858643,15.614963, 808.828247, 0.999999
5, 131,1,772.145447, 772.147156, 476.501221, 326.858643,15.614963, 808.828247, 0.999998
5, 131,2,246.675095, 246.671173, 476.501221, 326.858643,15.614963, 808.828247, 1.000016
5, 131,3,124.483932, 124.485626, 476.501221, 326.858643,15.614963, 808.828247, 0.999986
5, 131,4,751.281799, 751.276306, 476.501221, 326.858643,15.614963, 808.828247, 1.000007
5, 131,5,740.855347, 740.855408, 476.501221, 326.858643,15.614963, 808.828247, 1.000000
5, 131,6,15.614963, 15.615730, 476.501221, 326.858643,15.614963, 808.828247, 0.999951
5, 131,7,808.828247, 808.823120, 476.501221, 326.858643,15.614963, 808.828247, 1.000006
5, 132,0,1112.361694, 1112.377441, 476.496826, 365.193451,49.272984, 1112.361694, 0.999986
5, 132,1,147.090454, 147.085510, 476.496826, 365.193451,49.272984, 1112.361694, 1.000034
5, 132,2,436.782959, 436.779877, 476.496826, 365.193451,49.272984, 1112.361694, 1.000007
5, 132,3,305.786255, 305.788055, 476.496826, 365.193451,49.272984, 1112.361694, 0.999994
5, 132,4,49.272984, 49.275314, 476.496826, 365.193451,49.272984, 1112.361694, 0.999953
5, 132,5,258.863739, 258.862274, 476.496826, 365.193451,49.272984, 1112.361694, 1.000006
5, 132,6,819.915588, 819.925476, 476.496826, 365.193451,49.272984, 1112.361694, 0.999988
5, 132,7,681.900940, 681.905884, 476.496826, 365.193451,49.272984, 1112.361694, 0.999993
5, 133,0,518.963135, 518.959106, 476.502197, 288.828857,51.712334, 849.722839, 1.000008
5, 133,1,501.710480, 501.709137, 476.502197, 288.828857,51.712334, 849.722839, 1.000003
5, 133,2,670.442810, 670.445740, 476.502197, 288.828857,51.712334, 849.722839, 0.999996
5, 133,3,51.712334, 51.706566, 476.502197, 288.828857,51.712334, 849.722839, 1.000112
5, 133,4,107.362518, 107.363571, 476.502197, 288.828857,51.712334, 849.722839, 0.999990
5, 133,5,849.722839, 849.717346, 476.502197, 288.828857,51.712334, 849.722839, 1.000006
5, 133,6,362.089111, 362.089111, 476.502197, 288.828857,51.712334, 849.722839, 1.000000
5, 133,7,750.014404, 750.009460, 476.502197, 288.828857,51.712334, 849.722839, 1.000007
5, 134,0,322.502533, 322.499451, 476.502594, 237.650665,114.641487, 823.549133, 1.000010
5, 134,1,531.100647, 531.097595, 476.502594, 237.650665,114.641487, 823.549133, 1.000006
5, 134,2,573.395874, 573.393188, 476.502594, 237.650665,114.641487, 823.549133, 1.000005
5, 134,3,114.641487, 114.641922, 476.502594, 237.650665,114.641487, 823.549133, 0.999996
5, 134,4,614.624695, 614.619080, 476.502594, 237.650665,114.641487, 823.549133, 1.000009
5, 134,5,617.970703, 617.965454, 476.502594, 237.650665,114.641487, 823.549133, 1.000008
5, 134,6,823.549133, 823.546326, 476.502594, 237.650665,114.641487, 823.549133, 1.000003
5, 134,7,214.235855, 214.236877, 476.502594, 237.650665,114.641487, 823.549133, 0.999995
5, 135,0,433.867859, 433.871002, 476.494324, 201.368362,207.146561, 738.501465, 0.999993
5, 135,1,207.146561, 207.148758, 476.494324, 201.368362,207.146561, 738.501465, 0.999989
5, 135,2,738.501465, 738.510681, 476.494324, 201.368362,207.146561, 738.501465, 0.999988
5, 135,3,335.865326, 335.870758, 476.494324, 201.368362,207.146561, 738.501465, 0.999984
5, 135,4,725.563538, 725.575195, 476.494324, 201.368362,207.146561, 738.501465, 0.999984
5, 135,5,269.549866, 269.553009, 476.494324, 201.368362,207.146561, 738.501465, 0.999988
5, 135,6,499.878998, 499.884094, 476.494324, 201.368362,207.146561, 738.501465, 0.999990
5, 135,7,601.581116, 601.586853, 476.494324, 201.368362,207.146561, 738.501465, 0.999990
5, 136,0,24.249731, 24.250908, 476.493469, 316.383942,24.249731, 945.776245, 0.999951
5, 136,1,681.297363, 681.309326, 476.493469, 316.383942,24.249731, 945.776245, 0.999982
5, 136,2,311.186798, 311.196564, 476.493469, 316.383942,24.249731, 945.776245, 0.999969
5, 136,3,324.779510, 324.783905, 476.493469, 316.383942,24.249731, 945.776245, 0.999986
5, 136,4,220.885391, 220.888153, 476.493469, 316.383942,24.249731, 945.776245, 0.999987
5, 136,5,945.776245, 945.788574, 476.493469, 316.383942,24.249731, 945.776245, 0.999987
5, 136,6,483.375580, 483.376587, 476.493469, 316.383942,24.249731, 945.776245, 0.999998
5, 136,7,820.397217, 820.405823, 476.493469, 316.383942,24.249731, 945.776245, 0.999990
5, 137,0,465.235992, 465.234528, 476.503021, 287.926575,36.480244, 885.692688, 1.000003
5, 137,1,675.053650, 675.050842, 476.503021, 287.926575,36.480244, 885.692688, 1.000004
5, 137,2,670.063110, 670.054565, 476.503021, 287.926575,36.480244, 885.692688, 1.000013
5, 137,3,322.645721, 322.635834, 476.503021, 287.926575,36.480244, 885.692688, 1.000031
5, 137,4,155.568924, 155.574554, 476.503021, 287.926575,36.480244, 885.692688, 0.999964
5, 137,5,885.692688, 885.686157, 476.503021, 287.926575,36.480244, 885.692688, 1.000007
5, 137,6,601.283875, 601.280579, 476.503021, 287.926575,36.480244, 885.692688, 1.000005
5, 137,7,36.480244, 36.482994, 476.503021, 287.926575,36.480244, 885.692688, 0.999925
5, 138,0,731.098572, 731.104614, 476.492645, 238.105240,148.580750, 752.658447, 0.999992
5, 138,1,308.723175, 308.732574, 476.492645, 238.105240,148.580750, 752.658447, 0.999970
5, 138,2,148.580750, 148.580414, 476.492645, 238.105240,148.580750, 752.658447, 1.000002
5, 138,3,449.849640, 449.861084, 476.492645, 238.105240,148.580750, 752.658447, 0.999975
5, 138,4,657.523987, 657.528992, 476.492645, 238.105240,148.580750, 752.658447, 0.999992
5, 138,5,196.468475, 196.472610, 476.492645, 238.105240,148.580750, 752.658447, 0.999979
5, 138,6,567.037964, 567.043518, 476.492645, 238.105240,148.580750, 752.658447, 0.999990
5, 138,7,752.658447, 752.676392, 476.492645, 238.105240,148.580750, 752.658447, 0.999976
5, 139,0,123.608711, 123.601547, 476.504028, 467.990692,49.460449, 1109.289673, 1.000058
5, 139,1,1109.289673, 1109.278809, 476.504028, 467.990692,49.460449, 1109.289673, 1.000010
5, 139,2,110.356857, 110.356361, 476.504028, 467.990692,49.460449, 1109.289673, 1.000005
5, 139,3,49.460449, 49.449940, 476.504028, 467.990692,49.460449, 1109.289673, 1.000213
5, 139,4,370.222198, 370.226166, 476.504028, 467.990692,49.460449, 1109.289673, 0.999989
5, 139,5,946.915833, 946.909363, 476.504028, 467.990692,49.460449, 1109.289673, 1.000007
5, 139,6,1024.383667, 1024.381104, 476.504028, 467.990692,49.460449, 1109.289673, 1.000003
5, 139,7,77.794838, 77.796776, 476.504028, 467.990692,49.460449, 1109.289673, 0.999975
5, 140,0,798.033813, 798.037720, 476.496704, 296.795563,161.963379, 1049.027710, 0.999995
5, 140,1,161.963379, 161.969452, 476.496704, 296.795563,161.963379, 1049.027710, 0.999963
5, 140,2,442.152679, 442.157043, 476.496704, 296.795563,161.963379, 1049.027710, 0.999990
5, 140,3,256.870605, 256.877441, 476.496704, 296.795563,161.963379, 1049.027710, 0.999973
5, 140,4,385.025330, 385.030823, 476.496704, 296.795563,161.963379, 1049.027710, 0.999986
5, 140,5,385.160309, 385.160400, 476.496704, 296.795563,161.963379, 1049.027710, 1.000000
5, 140,6,333.739502, 333.737030, 476.496704, 296.795563,161.963379, 1049.027710, 1.000007
5, 140,7,1049.027710, 1049.030273, 476.496704, 296.795563,161.963379, 1049.027710, 0.999998
5, 141,0,665.666687, 665.659180, 476.503601, 143.230545,250.351685, 665.666687, 1.000011
5, 141,1,618.872742, 618.868103, 476.503601, 143.230545,250.351685, 665.666687, 1.000008
5, 141,2,402.681793, 402.678223, 476.503601, 143.230545,250.351685, 665.666687, 1.000009
5, 141,3,414.159790, 414.160522, 476.503601, 143.230545,250.351685, 665.666687, 0.999998
5, 141,4,578.754944, 578.749573, 476.503601, 143.230545,250.351685, 665.666687, 1.000009
5, 141,5,524.625183, 524.618652, 476.503601, 143.230545,250.351685, 665.666687, 1.000012
5, 141,6,356.916107, 356.915833, 476.503601, 143.230545,250.351685, 665.666687, 1.000001
5, 141,7,250.351685, 250.349991, 476.503601, 143.230545,250.351685, 665.666687, 1.000007
5, 142,0,297.411224, 297.411255, 476.504150, 182.933060,195.776993, 649.276611, 1.000000
5, 142,1,649.276611, 649.271545, 476.504150, 182.933060,195.776993, 649.276611, 1.000008
5, 142,2,572.932434, 572.927246, 476.504150, 182.933060,195.776993, 649.276611, 1.000009
5, 142,3,606.511047, 606.507080, 476.504150, 182.933060,195.776993, 649.276611, 1.000007
5, 142,4,572.798584, 572.792908, 476.504150, 182.933060,195.776993, 649.276611, 1.000010
5, 142,5,195.776993, 195.775620, 476.504150, 182.933060,195.776993, 649.276611, 1.000007
5, 142,6,289.237946, 289.234711, 476.504150, 182.933060,195.776993, 649.276611, 1.000011
5, 142,7,628.088135, 628.079773, 476.504150, 182.933060,195.776993, 649.276611, 1.000013
5, 143,0,596.201721, 596.197632, 476.501373, 261.271271,151.065659, 886.069641, 1.000007
5, 143,1,236.286453, 236.289841, 476.501373, 261.271271,151.065659, 886.069641, 0.999986
5, 143,2,724.741882, 724.744385, 476.501373, 261.271271,151.065659, 886.069641, 0.999997
5, 143,3,886.069641, 886.065369, 476.501373, 261.271271,151.065659, 886.069641, 1.000005
5, 143,4,235.913269, 235.913132, 476.501373, 261.271271,151.065659, 886.069641, 1.000001
5, 143,5,412.654877, 412.650452, 476.501373, 261.271271,151.065659, 886.069641, 1.000011
5, 143,6,151.065659, 151.065308, 476.501373, 261.271271,151.065659, 886.069641, 1.000002
5, 143,7,569.077698, 569.074158, 476.501373, 261.271271,151.065659, 886.069641, 1.000006
5, 144,0,549.066650, 549.062317, 476.502228, 261.749390,44.607742, 914.578064, 1.000008
5, 144,1,44.607742, 44.606091, 476.502228, 261.749390,44.607742, 914.578064, 1.000037
5, 144,2,531.838562, 531.835449, 476.502228, 261.749390,44.607742, 914.578064, 1.000006
5, 144,3,604.616150, 604.614990, 476.502228, 261.749390,44.607742, 914.578064, 1.000002
5, 144,4,914.578064, 914.575806, 476.502228, 261.749390,44.607742, 914.578064, 1.000003
5, 144,5,489.151764, 489.149536, 476.502228, 261.749390,44.607742, 914.578064, 1.000005
5, 144,6,477.778625, 477.776764, 476.502228, 261.749390,44.607742, 914.578064, 1.000004
5, 144,7,200.380112, 200.379242, 476.502228, 261.749390,44.607742, 914.578064, 1.000004
5, 145,0,1042.737061, 1042.737183, 476.502563, 378.164185,76.796509, 1042.737061, 1.000000
5, 145,1,82.699791, 82.697601, 476.502563, 378.164185,76.796509, 1042.737061, 1.000026
5, 145,2,733.619629, 733.613770, 476.502563, 378.164185,76.796509, 1042.737061, 1.000008
5, 145,3,858.082825, 858.075195, 476.502563, 378.164185,76.796509, 1042.737061, 1.000009
5, 145,4,289.500427, 289.498779, 476.502563, 378.164185,76.796509, 1042.737061, 1.000006
5, 145,5,580.769714, 580.764954, 476.502563, 378.164185,76.796509, 1042.737061, 1.000008
5, 145,6,76.796509, 76.798050, 476.502563, 378.164185,76.796509, 1042.737061, 0.999980
5, 145,7,147.814331, 147.814590, 476.502563, 378.164185,76.796509, 1042.737061, 0.999998
5, 146,0,421.842102, 421.838959, 476.505402, 188.131088,186.365005, 727.865356, 1.000008
5, 146,1,460.924408, 460.915222, 476.505402, 188.131088,186.365005, 727.865356, 1.000020
5, 146,2,539.531921, 539.530396, 476.505402, 188.131088,186.365005, 727.865356, 1.000003
5, 146,3,605.752808, 605.744751, 476.505402, 188.131088,186.365005, 727.865356, 1.000013
5, 146,4,243.809387, 243.809586, 476.505402, 188.131088,186.365005, 727.865356, 0.999999
5, 146,5,727.865356, 727.855164, 476.505402, 188.131088,186.365005, 727.865356, 1.000014
5, 146,6,186.365005, 186.363586, 476.505402, 188.131088,186.365005, 727.865356, 1.000008
5, 146,7,625.952209, 625.942322, 476.505402, 188.131088,186.365005, 727.865356, 1.000016
5, 147,0,146.412491, 146.411316, 476.507141, 344.092010,101.437492, 940.540161, 1.000008
5, 147,1,321.157104, 321.148438, 476.507141, 344.092010,101.437492, 940.540161, 1.000027
5, 147,2,688.834656, 688.820679, 476.507141, 344.092010,101.437492, 940.540161, 1.000020
5, 147,3,103.516762, 103.513741, 476.507141, 344.092010,101.437492, 940.540161, 1.000029
5, 147,4,940.540161, 940.535950, 476.507141, 344.092010,101.437492, 940.540161, 1.000005
5, 147,5,743.126160, 743.118042, 476.507141, 344.092010,101.437492, 940.540161, 1.000011
5, 147,6,101.437492, 101.435661, 476.507141, 344.092010,101.437492, 940.540161, 1.000018
5, 147,7,767.032104, 767.015930, 476.507141, 344.092010,101.437492, 940.540161, 1.000021
5, 148,0,632.119385, 632.123474, 476.497894, 315.436127,55.288311, 860.519958, 0.999994
5, 148,1,860.519958, 860.522583, 476.497894, 315.436127,55.288311, 860.519958, 0.999997
5, 148,2,274.244720, 274.242737, 476.497894, 315.436127,55.288311, 860.519958, 1.000007
5, 148,3,55.288311, 55.290813, 476.497894, 315.436127,55.288311, 860.519958, 0.999955
5, 148,4,308.139893, 308.141357, 476.497894, 315.436127,55.288311, 860.519958, 0.999995
5, 148,5,805.130127, 805.136230, 476.497894, 315.436127,55.288311, 860.519958, 0.999992
5, 148,6,727.422913, 727.428650, 476.497894, 315.436127,55.288311, 860.519958, 0.999992
5, 148,7,149.117676, 149.114120, 476.497894, 315.436127,55.288311, 860.519958, 1.000024
5, 149,0,498.986389, 498.978119, 476.504669, 279.291870,105.659760, 869.821472, 1.000017
5, 149,1,450.748688, 450.739471, 476.504669, 279.291870,105.659760, 869.821472, 1.000021
5, 149,2,105.659760, 105.653465, 476.504669, 279.291870,105.659760, 869.821472, 1.000060
5, 149,3,869.821472, 869.818054, 476.504669, 279.291870,105.659760, 869.821472, 1.000004
5, 149,4,693.052246, 693.049194, 476.504669, 279.291870,105.659760, 869.821472, 1.000004
5, 149,5,113.122292, 113.121826, 476.504669, 279.291870,105.659760, 869.821472, 1.000004
5, 149,6,359.285126, 359.285339, 476.504669, 279.291870,105.659760, 869.821472, 0.999999
5, 149,7,721.361267, 721.354553, 476.504669, 279.291870,105.659760, 869.821472, 1.000009
5, 150,0,772.008118, 772.014832, 476.497986, 238.392670,40.403782, 772.008118, 0.999991
5, 150,1,517.823364, 517.825012, 476.497986, 238.392670,40.403782, 772.008118, 0.999997
5, 150,2,676.142517, 676.142212, 476.497986, 238.392670,40.403782, 772.008118, 1.000000
5, 150,3,40.403782, 40.402950, 476.497986, 238.392670,40.403782, 772.008118, 1.000021
5, 150,4,503.126801, 503.127777, 476.497986, 238.392670,40.403782, 772.008118, 0.999998
5, 150,5,555.255493, 555.261475, 476.497986, 238.392670,40.403782, 772.008118, 0.999989
5, 150,6,214.450928, 214.450989, 476.497986, 238.392670,40.403782, 772.008118, 1.000000
5, 150,7,532.772583, 532.774414, 476.497986, 238.392670,40.403782, 772.008118, 0.999997
5, 151,0,118.940918, 118.941589, 476.497955, 234.281540,118.940918, 684.430664, 0.999994
5, 151,1,155.200104, 155.199860, 476.497955, 234.281540,118.940918, 684.430664, 1.000002
5, 151,2,365.907318, 365.911407, 476.497955, 234.281540,118.940918, 684.430664, 0.999989
5, 151,3,655.608704, 655.610657, 476.497955, 234.281540,118.940918, 684.430664, 0.999997
5, 151,4,670.917053, 670.921265, 476.497955, 234.281540,118.940918, 684.430664, 0.999994
5, 151,5,684.430664, 684.430542, 476.497955, 234.281540,118.940918, 684.430664, 1.000000
5, 151,6,524.985474, 524.987488, 476.497955, 234.281540,118.940918, 684.430664, 0.999996
5, 151,7,635.993347, 635.997192, 476.497955, 234.281540,118.940918, 684.430664, 0.999994
5, 152,0,795.314514, 795.317627, 476.497986, 356.164093,10.472117, 921.216370, 0.999996
5, 152,1,770.182678, 770.186218, 476.497986, 356.164093,10.472117, 921.216370, 0.999995
5, 152,2,581.680908, 581.684875, 476.497986, 356.164093,10.472117, 921.216370, 0.999993
5, 152,3,221.590683, 221.593384, 476.497986, 356.164093,10.472117, 921.216370, 0.999988
5, 152,4,492.017426, 492.015015, 476.497986, 356.164093,10.472117, 921.216370, 1.000005
5, 152,5,19.509171, 19.506641, 476.497986, 356.164093,10.472117, 921.216370, 1.000130
5, 152,6,10.472117, 10.470626, 476.497986, 356.164093,10.472117, 921.216370, 1.000142
5, 152,7,921.216370, 921.225769, 476.497986, 356.164093,10.472117, 921.216370, 0.999990
5, 153,0,72.950134, 72.947929, 476.499573, 351.260834,39.965740, 958.025940, 1.000030
5, 153,1,341.021301, 341.020386, 476.499573, 351.260834,39.965740, 958.025940, 1.000003
5, 153,2,958.025940, 958.025269, 476.499573, 351.260834,39.965740, 958.025940, 1.000001
5, 153,3,544.033875, 544.033875, 476.499573, 351.260834,39.965740, 958.025940, 1.000000
5, 153,4,811.208496, 811.210754, 476.499573, 351.260834,39.965740, 958.025940, 0.999997
5, 153,5,786.260498, 786.261841, 476.499573, 351.260834,39.965740, 958.025940, 0.999998
5, 153,6,258.530609, 258.529175, 476.499573, 351.260834,39.965740, 958.025940, 1.000006
5, 153,7,39.965740, 39.970634, 476.499573, 351.260834,39.965740, 958.025940, 0.999878
5, 154,0,521.699341, 521.695496, 476.504639, 226.287689,54.512367, 678.925903, 1.000007
5, 154,1,678.925903, 678.921631, 476.504639, 226.287689,54.512367, 678.925903, 1.000006
5, 154,2,497.530273, 497.520020, 476.504639, 226.287689,54.512367, 678.925903, 1.000021
5, 154,3,209.333557, 209.332855, 476.504639, 226.287689,54.512367, 678.925903, 1.000003
5, 154,4,669.085876, 669.081360, 476.504639, 226.287689,54.512367, 678.925903, 1.000007
5, 154,5,54.512367, 54.512165, 476.504639, 226.287689,54.512367, 678.925903, 1.000004
5, 154,6,555.403931, 555.395508, 476.504639, 226.287689,54.512367, 678.925903, 1.000015
5, 154,7,625.545898, 625.541077, 476.504639, 226.287689,54.512367, 678.925903, 1.000008
5, 155,0,439.061981, 439.067291, 476.496857, 234.052963,167.067886, 900.661499, 0.999988
5, 155,1,530.132385, 530.138245, 476.496857, 234.052963,167.067886, 900.661499, 0.999989
5, 155,2,900.661499, 900.662659, 476.496857, 234.052963,167.067886, 900.661499, 0.999999
5, 155,3,615.663757, 615.670898, 476.496857, 234.052963,167.067886, 900.661499, 0.999988
5, 155,4,303.178772, 303.182312, 476.496857, 234.052963,167.067886, 900.661499, 0.999988
5, 155,5,167.067886, 167.063339, 476.496857, 234.052963,167.067886, 900.661499, 1.000027
5, 155,6,270.885925, 270.888184, 476.496857, 234.052963,167.067886, 900.661499, 0.999992
5, 155,7,585.322754, 585.326904, 476.496857, 234.052963,167.067886, 900.661499, 0.999993
5, 156,0,325.638367, 325.637085, 476.504578, 180.641876,244.198151, 681.806030, 1.000004
5, 156,1,290.624054, 290.622650, 476.504578, 180.641876,244.198151, 681.806030, 1.000005
5, 156,2,401.245148, 401.244324, 476.504578, 180.641876,244.198151, 681.806030, 1.000002
5, 156,3,631.987000, 631.984680, 476.504578, 180.641876,244.198151, 681.806030, 1.000004
5, 156,4,668.070068, 668.059448, 476.504578, 180.641876,244.198151, 681.806030, 1.000016
5, 156,5,568.467407, 568.456177, 476.504578, 180.641876,244.198151, 681.806030, 1.000020
5, 156,6,681.806030, 681.797791, 476.504578, 180.641876,244.198151, 681.806030, 1.000012
5, 156,7,244.198151, 244.197983, 476.504578, 180.641876,244.198151, 681.806030, 1.000001
5, 157,0,447.098022, 447.095245, 476.502197, 280.052094,19.392799, 805.262268, 1.000006
5, 157,1,518.386169, 518.387695, 476.502197, 280.052094,19.392799, 805.262268, 0.999997
5, 157,2,805.262268, 805.260437, 476.502197, 280.052094,19.392799, 805.262268, 1.000002
5, 157,3,802.612671, 802.606079, 476.502197, 280.052094,19.392799, 805.262268, 1.000008
5, 157,4,592.261353, 592.259399, 476.502197, 280.052094,19.392799, 805.262268, 1.000003
5, 157,5,145.474075, 145.473236, 476.502197, 280.052094,19.392799, 805.262268, 1.000006
5, 157,6,481.530090, 481.526978, 476.502197, 280.052094,19.392799, 805.262268, 1.000006
5, 157,7,19.392799, 19.390472, 476.502197, 280.052094,19.392799, 805.262268, 1.000120
5, 158,0,288.292542, 288.287659, 476.494507, 458.970215,108.281387, 1206.299438, 1.000017
5, 158,1,1206.299438, 1206.321777, 476.494507, 458.970215,108.281387, 1206.299438, 0.999981
5, 158,2,376.050415, 376.052094, 476.494507, 458.970215,108.281387, 1206.299438, 0.999996
5, 158,3,187.312347, 187.313004, 476.494507, 458.970215,108.281387, 1206.299438, 0.999996
5, 158,4,137.997681, 138.002457, 476.494507, 458.970215,108.281387, 1206.299438, 0.999965
5, 158,5,108.281387, 108.279465, 476.494507, 458.970215,108.281387, 1206.299438, 1.000018
5, 158,6,1205.967041, 1205.980103, 476.494507, 458.970215,108.281387, 1206.299438, 0.999989
5, 158,7,301.754822, 301.763580, 476.494507, 458.970215,108.281387, 1206.299438, 0.999971
5, 159,0,91.125763, 91.120781, 476.499451, 209.780869,91.125763, 733.084229, 1.000055
5, 159,1,569.225708, 569.223877, 476.499451, 209.780869,91.125763, 733.084229, 1.000003
5, 159,2,462.623901, 462.630432, 476.499451, 209.780869,91.125763, 733.084229, 0.999986
5, 159,3,733.084229, 733.085266, 476.499451, 209.780869,91.125763, 733.084229, 0.999999
5, 159,4,681.249817, 681.251587, 476.499451, 209.780869,91.125763, 733.084229, 0.999997
5, 159,5,575.938354, 575.938293, 476.499451, 209.780869,91.125763, 733.084229, 1.000000
5, 159,6,329.572662, 329.571472, 476.499451, 209.780869,91.125763, 733.084229, 1.000004
5, 159,7,369.175232, 369.178284, 476.499451, 209.780869,91.125763, 733.084229, 0.999992
5, 160,0,588.893005, 588.905334, 476.495667, 254.450256,47.056915, 787.931702, 0.999979
5, 160,1,47.056915, 47.061344, 476.495667, 254.450256,47.056915, 787.931702, 0.999906
5, 160,2,560.779297, 560.782654, 476.495667, 254.450256,47.056915, 787.931702, 0.999994
5, 160,3,607.964722, 607.970581, 476.495667, 254.450256,47.056915, 787.931702, 0.999990
5, 160,4,456.129150, 456.131866, 476.495667, 254.450256,47.056915, 787.931702, 0.999994
5, 160,5,787.931702, 787.931885, 476.495667, 254.450256,47.056915, 787.931702, 1.000000
5, 160,6,140.399612, 140.397720, 476.495667, 254.450256,47.056915, 787.931702, 1.000013
5, 160,7,622.810669, 622.818787, 476.495667, 254.450256,47.056915, 787.931702, 0.999987
5, 161,0,397.595581, 397.595856, 476.498535, 268.349518,33.703278, 887.846924, 0.999999
5, 161,1,298.299957, 298.303589, 476.498535, 268.349518,33.703278, 887.846924, 0.999988
5, 161,2,777.521362, 777.522095, 476.498535, 268.349518,33.703278, 887.846924, 0.999999
5, 161,3,887.846924, 887.849854, 476.498535, 268.349518,33.703278, 887.846924, 0.999997
5, 161,4,33.703278, 33.698830, 476.498535, 268.349518,33.703278, 887.846924, 1.000132
5, 161,5,391.774933, 391.774597, 476.498535, 268.349518,33.703278, 887.846924, 1.000001
5, 161,6,527.146729, 527.153198, 476.498535, 268.349518,33.703278, 887.846924, 0.999988
5, 161,7,498.099487, 498.102081, 476.498535, 268.349518,33.703278, 887.846924, 0.999995
5, 162,0,472.392578, 472.391144, 476.505127, 135.045456,346.252991, 756.655334, 1.000003
5, 162,1,362.883118, 362.876160, 476.505127, 135.045456,346.252991, 756.655334, 1.000019
5, 162,2,546.580811, 546.577881, 476.505127, 135.045456,346.252991, 756.655334, 1.000005
5, 162,3,370.105194, 370.104034, 476.505127, 135.045456,346.252991, 756.655334, 1.000003
5, 162,4,346.252991, 346.249786, 476.505127, 135.045456,346.252991, 756.655334, 1.000009
5, 162,5,756.655334, 756.638611, 476.505127, 135.045456,346.252991, 756.655334, 1.000022
5, 162,6,517.598999, 517.594971, 476.505127, 135.045456,346.252991, 756.655334, 1.000008
5, 162,7,439.572144, 439.567657, 476.505127, 135.045456,346.252991, 756.655334, 1.000010
5, 163,0,53.981567, 53.988274, 476.506897, 526.919373,41.718826, 1364.089844, 0.999876
5, 163,1,255.812546, 255.803345, 476.506897, 526.919373,41.718826, 1364.089844, 1.000036
5, 163,2,301.576569, 301.576782, 476.506897, 526.919373,41.718826, 1364.089844, 0.999999
5, 163,3,1259.533813, 1259.523315, 476.506897, 526.919373,41.718826, 1364.089844, 1.000008
5, 163,4,202.580292, 202.568848, 476.506897, 526.919373,41.718826, 1364.089844, 1.000057
5, 163,5,1364.089844, 1364.069824, 476.506897, 526.919373,41.718826, 1364.089844, 1.000015
5, 163,6,332.761658, 332.748505, 476.506897, 526.919373,41.718826, 1364.089844, 1.000040
5, 163,7,41.718826, 41.720993, 476.506897, 526.919373,41.718826, 1364.089844, 0.999948
5, 164,0,775.309265, 775.314941, 476.498291, 267.390320,94.189102, 775.309265, 0.999993
5, 164,1,94.189102, 94.186913, 476.498291, 267.390320,94.189102, 775.309265, 1.000023
5, 164,2,724.255493, 724.261963, 476.498291, 267.390320,94.189102, 775.309265, 0.999991
5, 164,3,293.116547, 293.116730, 476.498291, 267.390320,94.189102, 775.309265, 0.999999
5, 164,4,168.869476, 168.870895, 476.498291, 267.390320,94.189102, 775.309265, 0.999992
5, 164,5,470.463654, 470.462769, 476.498291, 267.390320,94.189102, 775.309265, 1.000002
5, 164,6,742.834167, 742.838135, 476.498291, 267.390320,94.189102, 775.309265, 0.999995
5, 164,7,542.948547, 542.947937, 476.498291, 267.390320,94.189102, 775.309265, 1.000001
5, 165,0,583.283508, 583.275940, 476.503845, 330.457611,35.754059, 883.209106, 1.000013
5, 165,1,101.832520, 101.819160, 476.503845, 330.457611,35.754059, 883.209106, 1.000131
5, 165,2,717.442688, 717.442017, 476.503845, 330.457611,35.754059, 883.209106, 1.000001
5, 165,3,171.917709, 171.914536, 476.503845, 330.457611,35.754059, 883.209106, 1.000018
5, 165,4,35.754059, 35.749916, 476.503845, 330.457611,35.754059, 883.209106, 1.000116
5, 165,5,792.178284, 792.171753, 476.503845, 330.457611,35.754059, 883.209106, 1.000008
5, 165,6,526.412964, 526.417603, 476.503845, 330.457611,35.754059, 883.209106, 0.999991
5, 165,7,883.209106, 883.208923, 476.503845, 330.457611,35.754059, 883.209106, 1.000000
5, 166,0,81.796898, 81.796623, 476.501099, 286.963531,81.796898, 909.821289, 1.000003
5, 166,1,524.585876, 524.584412, 476.501099, 286.963531,81.796898, 909.821289, 1.000003
5, 166,2,265.604004, 265.602722, 476.501099, 286.963531,81.796898, 909.821289, 1.000005
5, 166,3,909.821289, 909.817566, 476.501099, 286.963531,81.796898, 909.821289, 1.000004
5, 166,4,672.506897, 672.506104, 476.501099, 286.963531,81.796898, 909.821289, 1.000001
5, 166,5,185.289398, 185.288773, 476.501099, 286.963531,81.796898, 909.821289, 1.000003
5, 166,6,446.922424, 446.923370, 476.501099, 286.963531,81.796898, 909.821289, 0.999998
5, 166,7,725.482178, 725.480896, 476.501099, 286.963531,81.796898, 909.821289, 1.000002
5, 167,0,273.117401, 273.123230, 476.498810, 419.024414,26.440439, 1072.174316, 0.999979
5, 167,1,26.440439, 26.442669, 476.498810, 419.024414,26.440439, 1072.174316, 0.999916
5, 167,2,969.996826, 969.992615, 476.498810, 419.024414,26.440439, 1072.174316, 1.000004
5, 167,3,806.944458, 806.942993, 476.498810, 419.024414,26.440439, 1072.174316, 1.000002
5, 167,4,47.332199, 47.340248, 476.498810, 419.024414,26.440439, 1072.174316, 0.999830
5, 167,5,1072.174316, 1072.172241, 476.498810, 419.024414,26.440439, 1072.174316, 1.000002
5, 167,6,172.683868, 172.685226, 476.498810, 419.024414,26.440439, 1072.174316, 0.999992
5, 167,7,443.300995, 443.300751, 476.498810, 419.024414,26.440439, 1072.174316, 1.000001
5, 168,0,345.950653, 345.953705, 476.497070, 173.397766,182.170929, 725.319275, 0.999991
5, 168,1,547.983521, 547.986328, 476.497070, 173.397766,182.170929, 725.319275, 0.999995
5, 168,2,182.170929, 182.174240, 476.497070, 173.397766,182.170929, 725.319275, 0.999982
5, 168,3,619.396179, 619.400024, 476.497070, 173.397766,182.170929, 725.319275, 0.999994
5, 168,4,725.319275, 725.323059, 476.497070, 173.397766,182.170929, 725.319275, 0.999995
5, 168,5,510.426422, 510.430786, 476.497070, 173.397766,182.170929, 725.319275, 0.999991
5, 168,6,352.069824, 352.069550, 476.497070, 173.397766,182.170929, 725.319275, 1.000001
5, 168,7,528.659607, 528.662109, 476.497070, 173.397766,182.170929, 725.319275, 0.999995
5, 169,0,233.932953, 233.932816, 476.500275, 226.358612,178.848511, 701.037781, 1.000001
5, 169,1,301.496704, 301.496552, 476.500275, 226.358612,178.848511, 701.037781, 1.000000
5, 169,2,370.573425, 370.574463, 476.500275, 226.358612,178.848511, 701.037781, 0.999997
5, 169,3,178.848511, 178.845337, 476.500275, 226.358612,178.848511, 701.037781, 1.000018
5, 169,4,660.790405, 660.791382, 476.500275, 226.358612,178.848511, 701.037781, 0.999999
5, 169,5,683.271973, 683.269958, 476.500275, 226.358612,178.848511, 701.037781, 1.000003
5, 169,6,682.050415, 682.054321, 476.500275, 226.358612,178.848511, 701.037781, 0.999994
5, 169,7,701.037781, 701.035278, 476.500275, 226.358612,178.848511, 701.037781, 1.000004
5, 170,0,433.175751, 433.177765, 476.493591, 182.630493,229.720535, 815.219849, 0.999995
5, 170,1,339.049347, 339.053467, 476.493591, 182.630493,229.720535, 815.219849, 0.999988
5, 170,2,229.720535, 229.725159, 476.493591, 182.630493,229.720535, 815.219849, 0.999980
5, 170,3,530.535889, 530.538208, 476.493591, 182.630493,229.720535, 815.219849, 0.999996
5, 170,4,815.219849, 815.231445, 476.493591, 182.630493,229.720535, 815.219849, 0.999986
5, 170,5,586.678040, 586.683105, 476.493591, 182.630493,229.720535, 815.219849, 0.999991
5, 170,6,340.875641, 340.885284, 476.493591, 182.630493,229.720535, 815.219849, 0.999972
5, 170,7,536.693970, 536.705383, 476.493591, 182.630493,229.720535, 815.219849, 0.999979
5, 171,0,79.395439, 79.400948, 476.499268, 356.485229,65.652153, 986.214905, 0.999931
5, 171,1,65.652153, 65.654099, 476.499268, 356.485229,65.652153, 986.214905, 0.999970
5, 171,2,843.896667, 843.890869, 476.499268, 356.485229,65.652153, 986.214905, 1.000007
5, 171,3,363.318054, 363.322601, 476.499268, 356.485229,65.652153, 986.214905, 0.999987
5, 171,4,171.722198, 171.723907, 476.499268, 356.485229,65.652153, 986.214905, 0.999990
5, 171,5,621.182190, 621.179199, 476.499268, 356.485229,65.652153, 986.214905, 1.000005
5, 171,6,680.612427, 680.611328, 476.499268, 356.485229,65.652153, 986.214905, 1.000002
5, 171,7,986.214905, 986.216736, 476.499268, 356.485229,65.652153, 986.214905, 0.999998
5, 172,0,601.546265, 601.552368, 476.493713, 290.854797,40.880901, 830.056763, 0.999990
5, 172,1,792.409851, 792.420349, 476.493713, 290.854797,40.880901, 830.056763, 0.999987
5, 172,2,142.361237, 142.361816, 476.493713, 290.854797,40.880901, 830.056763, 0.999996
5, 172,3,830.056763, 830.071106, 476.493713, 290.854797,40.880901, 830.056763, 0.999983
5, 172,4,486.595490, 486.600922, 476.493713, 290.854797,40.880901, 830.056763, 0.999989
5, 172,5,40.880901, 40.883396, 476.493713, 290.854797,40.880901, 830.056763, 0.999939
5, 172,6,301.547272, 301.546631, 476.493713, 290.854797,40.880901, 830.056763, 1.000002
5, 172,7,616.552002, 616.563416, 476.493713, 290.854797,40.880901, 830.056763, 0.999981
5, 173,0,214.927704, 214.930176, 476.494110, 233.161255,105.529503, 752.673340, 0.999988
5, 173,1,447.340271, 447.343567, 476.494110, 233.161255,105.529503, 752.673340, 0.999993
5, 173,2,571.571960, 571.576721, 476.494110, 233.161255,105.529503, 752.673340, 0.999992
5, 173,3,752.673340, 752.681396, 476.494110, 233.161255,105.529503, 752.673340, 0.999989
5, 173,4,728.999329, 729.008240, 476.494110, 233.161255,105.529503, 752.673340, 0.999988
5, 173,5,604.713806, 604.724243, 476.494110, 233.161255,105.529503, 752.673340, 0.999983
5, 173,6,386.197052, 386.204865, 476.494110, 233.161255,105.529503, 752.673340, 0.999980
5, 173,7,105.529503, 105.530785, 476.494110, 233.161255,105.529503, 752.673340, 0.999988
5, 174,0,678.377319, 678.379517, 476.499268, 257.379181,165.723969, 802.310547, 0.999997
5, 174,1,502.096771, 502.098358, 476.499268, 257.379181,165.723969, 802.310547, 0.999997
5, 174,2,279.429840, 279.428864, 476.499268, 257.379181,165.723969, 802.310547, 1.000003
5, 174,3,802.310547, 802.311523, 476.499268, 257.379181,165.723969, 802.310547, 0.999999
5, 174,4,356.971588, 356.972412, 476.499268, 257.379181,165.723969, 802.310547, 0.999998
5, 174,5,165.723969, 165.722977, 476.499268, 257.379181,165.723969, 802.310547, 1.000006
5, 174,6,227.450790, 227.450546, 476.499268, 257.379181,165.723969, 802.310547, 1.000001
5, 174,7,799.633484, 799.635803, 476.499268, 257.379181,165.723969, 802.310547, 0.999997
5, 175,0,401.757599, 401.757568, 476.495667, 246.198486,78.700241, 777.252563, 1.000000
5, 175,1,724.859741, 724.866577, 476.495667, 246.198486,78.700241, 777.252563, 0.999991
5, 175,2,606.981628, 606.994324, 476.495667, 246.198486,78.700241, 777.252563, 0.999979
5, 175,3,222.399307, 222.396973, 476.495667, 246.198486,78.700241, 777.252563, 1.000010
5, 175,4,78.700241, 78.695816, 476.495667, 246.198486,78.700241, 777.252563, 1.000056
5, 175,5,613.215698, 613.232910, 476.495667, 246.198486,78.700241, 777.252563, 0.999972
5, 175,6,386.798798, 386.799042, 476.495667, 246.198486,78.700241, 777.252563, 0.999999
5, 175,7,777.252563, 777.256897, 476.495667, 246.198486,78.700241, 777.252563, 0.999994
5, 176,0,242.940628, 242.938995, 476.501038, 384.857086,30.642717, 994.877441, 1.000007
5, 176,1,30.642717, 30.650021, 476.501038, 384.857086,30.642717, 994.877441, 0.999762
5, 176,2,797.276001, 797.273499, 476.501038, 384.857086,30.642717, 994.877441, 1.000003
5, 176,3,276.316254, 276.317535, 476.501038, 384.857086,30.642717, 994.877441, 0.999995
5, 176,4,535.901306, 535.898438, 476.501038, 384.857086,30.642717, 994.877441, 1.000005
5, 176,5,994.877441, 994.870483, 476.501038, 384.857086,30.642717, 994.877441, 1.000007
5, 176,6,38.032753, 38.029861, 476.501038, 384.857086,30.642717, 994.877441, 1.000076
5, 176,7,896.021301, 896.021301, 476.501038, 384.857086,30.642717, 994.877441, 1.000000
5, 177,0,410.854553, 410.856873, 476.496368, 239.472641,183.721954, 768.257385, 0.999994
5, 177,1,404.253204, 404.254639, 476.496368, 239.472641,183.721954, 768.257385, 0.999996
5, 177,2,354.544159, 354.550110, 476.496368, 239.472641,183.721954, 768.257385, 0.999983
5, 177,3,768.257385, 768.262451, 476.496368, 239.472641,183.721954, 768.257385, 0.999993
5, 177,4,763.179199, 763.190063, 476.496368, 239.472641,183.721954, 768.257385, 0.999986
5, 177,5,214.916092, 214.910416, 476.496368, 239.472641,183.721954, 768.257385, 1.000026
5, 177,6,712.244263, 712.250916, 476.496368, 239.472641,183.721954, 768.257385, 0.999991
5, 177,7,183.721954, 183.724335, 476.496368, 239.472641,183.721954, 768.257385, 0.999987
5, 178,0,816.270325, 816.267090, 476.499786, 377.128021,22.919668, 1060.239380, 1.000004
5, 178,1,1060.239380, 1060.243408, 476.499786, 377.128021,22.919668, 1060.239380, 0.999996
5, 178,2,22.919668, 22.922005, 476.499786, 377.128021,22.919668, 1060.239380, 0.999898
5, 178,3,49.433624, 49.426804, 476.499786, 377.128021,22.919668, 1060.239380, 1.000138
5, 178,4,180.148651, 180.151978, 476.499786, 377.128021,22.919668, 1060.239380, 0.999982
5, 178,5,432.531433, 432.534912, 476.499786, 377.128021,22.919668, 1060.239380, 0.999992
5, 178,6,532.315125, 532.313354, 476.499786, 377.128021,22.919668, 1060.239380, 1.000003
5, 178,7,718.139893, 718.140564, 476.499786, 377.128021,22.919668, 1060.239380, 0.999999
5, 179,0,917.180603, 917.184082, 476.499359, 317.575378,54.241730, 917.180603, 0.999996
5, 179,1,54.241730, 54.235867, 476.499359, 317.575378,54.241730, 917.180603, 1.000108
5, 179,2,729.981201, 729.984070, 476.499359, 317.575378,54.241730, 917.180603, 0.999996
5, 179,3,764.061218, 764.067993, 476.499359, 317.575378,54.241730, 917.180603, 0.999991
5, 179,4,367.306366, 367.305786, 476.499359, 317.575378,54.241730, 917.180603, 1.000002
5, 179,5,205.602814, 205.607651, 476.499359, 317.575378,54.241730, 917.180603, 0.999976
5, 179,6,593.130920, 593.125000, 476.499359, 317.575378,54.241730, 917.180603, 1.000010
5, 179,7,180.489914, 180.489487, 476.499359, 317.575378,54.241730, 917.180603, 1.000002
5, 180,0,424.885834, 424.893494, 476.495239, 189.104645,153.092514, 721.007385, 0.999982
5, 180,1,686.838135, 686.846497, 476.495239, 189.104645,153.092514, 721.007385, 0.999988
5, 180,2,560.217590, 560.222412, 476.495239, 189.104645,153.092514, 721.007385, 0.999991
5, 180,3,721.007385, 721.015259, 476.495239, 189.104645,153.092514, 721.007385, 0.999989
5, 180,4,398.662415, 398.666809, 476.495239, 189.104645,153.092514, 721.007385, 0.999989
5, 180,5,539.218811, 539.223145, 476.495239, 189.104645,153.092514, 721.007385, 0.999992
5, 180,6,328.039307, 328.040894, 476.495239, 189.104645,153.092514, 721.007385, 0.999995
5, 180,7,153.092514, 153.091492, 476.495239, 189.104645,153.092514, 721.007385, 1.000007
5, 181,0,266.700775, 266.703217, 476.497009, 132.374374,266.700775, 603.244873, 0.999991
5, 181,1,603.244873, 603.252686, 476.497009, 132.374374,266.700775, 603.244873, 0.999987
5, 181,2,304.713745, 304.713104, 476.497009, 132.374374,266.700775, 603.244873, 1.000002
5, 181,3,560.538086, 560.541687, 476.497009, 132.374374,266.700775, 603.244873, 0.999994
5, 181,4,515.568298, 515.571289, 476.497009, 132.374374,266.700775, 603.244873, 0.999994
5, 181,5,580.546997, 580.548828, 476.497009, 132.374374,266.700775, 603.244873, 0.999997
5, 181,6,571.796814, 571.802551, 476.497009, 132.374374,266.700775, 603.244873, 0.999990
5, 181,7,408.866089, 408.866699, 476.497009, 132.374374,266.700775, 603.244873, 0.999999
5, 182,0,82.080223, 82.084564, 476.504211, 227.073608,82.080223, 705.255432, 0.999947
5, 182,1,564.791809, 564.785950, 476.504211, 227.073608,82.080223, 705.255432, 1.000010
5, 182,2,396.811005, 396.805145, 476.504211, 227.073608,82.080223, 705.255432, 1.000015
5, 182,3,705.255432, 705.247986, 476.504211, 227.073608,82.080223, 705.255432, 1.000011
5, 182,4,514.920288, 514.916626, 476.504211, 227.073608,82.080223, 705.255432, 1.000007
5, 182,5,652.037720, 652.023499, 476.504211, 227.073608,82.080223, 705.255432, 1.000022
5, 182,6,218.951981, 218.947830, 476.504211, 227.073608,82.080223, 705.255432, 1.000019
5, 182,7,677.185303, 677.188049, 476.504211, 227.073608,82.080223, 705.255432, 0.999996
5, 183,0,526.972595, 526.965942, 476.505188, 238.329239,37.572792, 718.888184, 1.000013
5, 183,1,514.392151, 514.389587, 476.505188, 238.329239,37.572792, 718.888184, 1.000005
5, 183,2,37.572792, 37.570145, 476.505188, 238.329239,37.572792, 718.888184, 1.000070
5, 183,3,669.039734, 669.034485, 476.505188, 238.329239,37.572792, 718.888184, 1.000008
5, 183,4,193.581253, 193.578064, 476.505188, 238.329239,37.572792, 718.888184, 1.000016
5, 183,5,718.888184, 718.876770, 476.505188, 238.329239,37.572792, 718.888184, 1.000016
5, 183,6,627.657043, 627.653503, 476.505188, 238.329239,37.572792, 718.888184, 1.000006
5, 183,7,523.937622, 523.931152, 476.505188, 238.329239,37.572792, 718.888184, 1.000012
5, 184,0,316.315369, 316.307434, 476.504730, 276.044464,137.285782, 911.890320, 1.000025
5, 184,1,751.300842, 751.286865, 476.504730, 276.044464,137.285782, 911.890320, 1.000019
5, 184,2,691.970581, 691.964600, 476.504730, 276.044464,137.285782, 911.890320, 1.000009
5, 184,3,911.890320, 911.878479, 476.504730, 276.044464,137.285782, 911.890320, 1.000013
5, 184,4,137.285782, 137.286804, 476.504730, 276.044464,137.285782, 911.890320, 0.999993
5, 184,5,305.396088, 305.406586, 476.504730, 276.044464,137.285782, 911.890320, 0.999966
5, 184,6,447.302795, 447.298126, 476.504730, 276.044464,137.285782, 911.890320, 1.000010
5, 184,7,250.576157, 250.571182, 476.504730, 276.044464,137.285782, 911.890320, 1.000020
5, 185,0,52.428875, 52.430820, 476.505859, 218.267914,52.428875, 755.000061, 0.999963
5, 185,1,583.243896, 583.235657, 476.505859, 218.267914,52.428875, 755.000061, 1.000014
5, 185,2,363.560669, 363.551300, 476.505859, 218.267914,52.428875, 755.000061, 1.000026
5, 185,3,677.597290, 677.585938, 476.505859, 218.267914,52.428875, 755.000061, 1.000017
5, 185,4,528.547729, 528.541870, 476.505859, 218.267914,52.428875, 755.000061, 1.000011
5, 185,5,468.582733, 468.579193, 476.505859, 218.267914,52.428875, 755.000061, 1.000008
5, 185,6,755.000061, 754.987183, 476.505859, 218.267914,52.428875, 755.000061, 1.000017
5, 185,7,383.085602, 383.088104, 476.505859, 218.267914,52.428875, 755.000061, 0.999993
5, 186,0,571.273376, 571.267273, 476.501251, 449.260101,165.518341, 1517.077515, 1.000011
5, 186,1,1517.077515, 1517.071167, 476.501251, 449.260101,165.518341, 1517.077515, 1.000004
5, 186,2,559.068787, 559.070923, 476.501251, 449.260101,165.518341, 1517.077515, 0.999996
5, 186,3,165.518341, 165.515579, 476.501251, 449.260101,165.518341, 1517.077515, 1.000017
5, 186,4,207.944443, 207.945908, 476.501251, 449.260101,165.518341, 1517.077515, 0.999993
5, 186,5,333.514496, 333.507935, 476.501251, 449.260101,165.518341, 1517.077515, 1.000020
5, 186,6,262.428040, 262.432434, 476.501251, 449.260101,165.518341, 1517.077515, 0.999983
5, 186,7,195.185364, 195.188766, 476.501251, 449.260101,165.518341, 1517.077515, 0.999983
5, 187,0,90.886543, 90.887367, 476.494598, 450.986908,90.886543, 1404.415283, 0.999991
5, 187,1,856.711426, 856.721680, 476.494598, 450.986908,90.886543, 1404.415283, 0.999988
5, 187,2,432.271698, 432.273743, 476.494598, 450.986908,90.886543, 1404.415283, 0.999995
5, 187,3,1404.415283, 1404.430664, 476.494598, 450.986908,90.886543, 1404.415283, 0.999989
5, 187,4,157.794647, 157.798035, 476.494598, 450.986908,90.886543, 1404.415283, 0.999979
5, 187,5,224.932404, 224.930573, 476.494598, 450.986908,90.886543, 1404.415283, 1.000008
5, 187,6,488.566895, 488.579895, 476.494598, 450.986908,90.886543, 1404.415283, 0.999973
5, 187,7,156.377914, 156.378174, 476.494598, 450.986908,90.886543, 1404.415283, 0.999998
5, 188,0,470.191925, 470.184692, 476.507874, 264.761444,37.776180, 843.002869, 1.000015
5, 188,1,510.920898, 510.913574, 476.507874, 264.761444,37.776180, 843.002869, 1.000014
5, 188,2,579.993896, 579.986267, 476.507874, 264.761444,37.776180, 843.002869, 1.000013
5, 188,3,37.776180, 37.770943, 476.507874, 264.761444,37.776180, 843.002869, 1.000139
5, 188,4,612.298401, 612.285645, 476.507874, 264.761444,37.776180, 843.002869, 1.000021
5, 188,5,618.182617, 618.178101, 476.507874, 264.761444,37.776180, 843.002869, 1.000007
5, 188,6,139.696335, 139.688660, 476.507874, 264.761444,37.776180, 843.002869, 1.000055
5, 188,7,843.002869, 842.991760, 476.507874, 264.761444,37.776180, 843.002869, 1.000013
5, 189,0,1035.062866, 1035.051758, 476.507355, 356.183319,155.849030, 1035.062866, 1.000011
5, 189,1,155.849030, 155.843353, 476.507355, 356.183319,155.849030, 1035.062866, 1.000036
5, 189,2,727.831909, 727.821167, 476.507355, 356.183319,155.849030, 1035.062866, 1.000015
5, 189,3,912.264160, 912.249512, 476.507355, 356.183319,155.849030, 1035.062866, 1.000016
5, 189,4,178.284241, 178.284622, 476.507355, 356.183319,155.849030, 1035.062866, 0.999998
5, 189,5,282.447449, 282.444183, 476.507355, 356.183319,155.849030, 1035.062866, 1.000012
5, 189,6,261.361328, 261.352356, 476.507355, 356.183319,155.849030, 1035.062866, 1.000034
5, 189,7,258.958008, 258.953278, 476.507355, 356.183319,155.849030, 1035.062866, 1.000018
5, 190,0,263.437927, 263.440643, 476.494781, 349.743622,16.300209, 825.014221, 0.999990
5, 190,1,771.986572, 771.995483, 476.494781, 349.743622,16.300209, 825.014221, 0.999988
5, 190,2,186.326447, 186.325867, 476.494781, 349.743622,16.300209, 825.014221, 1.000003
5, 190,3,825.014221, 825.026672, 476.494781, 349.743622,16.300209, 825.014221, 0.999985
5, 190,4,158.007370, 158.005997, 476.494781, 349.743622,16.300209, 825.014221, 1.000009
5, 190,5,16.300209, 16.302021, 476.494781, 349.743622,16.300209, 825.014221, 0.999889
5, 190,6,770.914246, 770.923401, 476.494781, 349.743622,16.300209, 825.014221, 0.999988
5, 190,7,819.971130, 819.979797, 476.494781, 349.743622,16.300209, 825.014221, 0.999989
5, 191,0,501.016754, 501.009827, 476.505554, 181.124344,143.340881, 711.487549, 1.000014
5, 191,1,608.379761, 608.370422, 476.505554, 181.124344,143.340881, 711.487549, 1.000015
5, 191,2,304.713684, 304.712830, 476.505554, 181.124344,143.340881, 711.487549, 1.000003
5, 191,3,439.838593, 439.831085, 476.505554, 181.124344,143.340881, 711.487549, 1.000017
5, 191,4,143.340881, 143.343887, 476.505554, 181.124344,143.340881, 711.487549, 0.999979
5, 191,5,592.192078, 592.182373, 476.505554, 181.124344,143.340881, 711.487549, 1.000016
5, 191,6,511.075195, 511.072601, 476.505554, 181.124344,143.340881, 711.487549, 1.000005
5, 191,7,711.487549, 711.477356, 476.505554, 181.124344,143.340881, 711.487549, 1.000014
5, 192,0,666.361511, 666.359985, 476.503540, 249.095856,190.968933, 799.869751, 1.000002
5, 192,1,190.968933, 190.967102, 476.503540, 249.095856,190.968933, 799.869751, 1.000010
5, 192,2,357.219513, 357.212921, 476.503540, 249.095856,190.968933, 799.869751, 1.000018
5, 192,3,312.803589, 312.802673, 476.503540, 249.095856,190.968933, 799.869751, 1.000003
5, 192,4,482.229614, 482.220673, 476.503540, 249.095856,190.968933, 799.869751, 1.000019
5, 192,5,209.815887, 209.815292, 476.503540, 249.095856,190.968933, 799.869751, 1.000003
5, 192,6,799.869751, 799.867859, 476.503540, 249.095856,190.968933, 799.869751, 1.000002
5, 192,7,792.759827, 792.753540, 476.503540, 249.095856,190.968933, 799.869751, 1.000008
5, 193,0,600.467896, 600.460449, 476.504700, 212.973602,123.273613, 666.463562, 1.000012
5, 193,1,123.273613, 123.272179, 476.504700, 212.973602,123.273613, 666.463562, 1.000012
5, 193,2,161.244217, 161.243988, 476.504700, 212.973602,123.273613, 666.463562, 1.000001
5, 193,3,584.448303, 584.444153, 476.504700, 212.973602,123.273613, 666.463562, 1.000007
5, 193,4,554.625977, 554.619873, 476.504700, 212.973602,123.273613, 666.463562, 1.000011
5, 193,5,666.463562, 666.455444, 476.504700, 212.973602,123.273613, 666.463562, 1.000012
5, 193,6,631.255310, 631.249573, 476.504700, 212.973602,123.273613, 666.463562, 1.000009
5, 193,7,490.258484, 490.254303, 476.504700, 212.973602,123.273613, 666.463562, 1.000009
5, 194,0,83.673477, 83.672668, 476.497253, 547.138245,23.087925, 1576.621460, 1.000010
5, 194,1,112.676796, 112.672546, 476.497253, 547.138245,23.087925, 1576.621460, 1.000038
5, 194,2,111.425079, 111.424713, 476.497253, 547.138245,23.087925, 1576.621460, 1.000003
5, 194,3,550.114929, 550.116516, 476.497253, 547.138245,23.087925, 1576.621460, 0.999997
5, 194,4,1576.621460, 1576.642334, 476.497253, 547.138245,23.087925, 1576.621460, 0.999987
5, 194,5,971.927246, 971.937500, 476.497253, 547.138245,23.087925, 1576.621460, 0.999989
5, 194,6,382.451080, 382.456299, 476.497253, 547.138245,23.087925, 1576.621460, 0.999986
5, 194,7,23.087925, 23.077398, 476.497253, 547.138245,23.087925, 1576.621460, 1.000456
5, 195,0,173.206146, 173.205231, 476.505524, 240.299500,108.118553, 752.949219, 1.000005
5, 195,1,542.111084, 542.103760, 476.505524, 240.299500,108.118553, 752.949219, 1.000013
5, 195,2,745.371155, 745.364075, 476.505524, 240.299500,108.118553, 752.949219, 1.000010
5, 195,3,752.949219, 752.938721, 476.505524, 240.299500,108.118553, 752.949219, 1.000014
5, 195,4,441.259705, 441.251099, 476.505524, 240.299500,108.118553, 752.949219, 1.000020
5, 195,5,430.594757, 430.591461, 476.505524, 240.299500,108.118553, 752.949219, 1.000008
5, 195,6,108.118553, 108.118774, 476.505524, 240.299500,108.118553, 752.949219, 0.999998
5, 195,7,618.433350, 618.426758, 476.505524, 240.299500,108.118553, 752.949219, 1.000011
5, 196,0,499.713379, 499.714539, 476.505310, 196.937073,191.231644, 685.994507, 0.999998
5, 196,1,191.231644, 191.230988, 476.505310, 196.937073,191.231644, 685.994507, 1.000003
5, 196,2,192.883469, 192.884918, 476.505310, 196.937073,191.231644, 685.994507, 0.999992
5, 196,3,612.591980, 612.583008, 476.505310, 196.937073,191.231644, 685.994507, 1.000015
5, 196,4,603.371704, 603.361084, 476.505310, 196.937073,191.231644, 685.994507, 1.000018
5, 196,5,394.921356, 394.915344, 476.505310, 196.937073,191.231644, 685.994507, 1.000015
5, 196,6,631.334595, 631.327515, 476.505310, 196.937073,191.231644, 685.994507, 1.000011
5, 196,7,685.994507, 685.982544, 476.505310, 196.937073,191.231644, 685.994507, 1.000017
5, 197,0,660.741211, 660.751465, 476.492554, 195.143860,208.215408, 737.505066, 0.999985
5, 197,1,737.505066, 737.518066, 476.492554, 195.143860,208.215408, 737.505066, 0.999982
5, 197,2,208.215408, 208.221100, 476.492554, 195.143860,208.215408, 737.505066, 0.999973
5, 197,3,470.715240, 470.722809, 476.492554, 195.143860,208.215408, 737.505066, 0.999984
5, 197,4,219.272308, 219.275879, 476.492554, 195.143860,208.215408, 737.505066, 0.999984
5, 197,5,386.795502, 386.800201, 476.492554, 195.143860,208.215408, 737.505066, 0.999988
5, 197,6,602.043091, 602.047668, 476.492554, 195.143860,208.215408, 737.505066, 0.999992
5, 197,7,526.652954, 526.662903, 476.492554, 195.143860,208.215408, 737.505066, 0.999981
5, 198,0,233.329849, 233.325027, 476.500336, 317.888947,19.014694, 817.519592, 1.000021
5, 198,1,19.014694, 19.014828, 476.500336, 317.888947,19.014694, 817.519592, 0.999993
5, 198,2,768.697449, 768.701721, 476.500336, 317.888947,19.014694, 817.519592, 0.999994
5, 198,3,313.730194, 313.730347, 476.500336, 317.888947,19.014694, 817.519592, 1.000000
5, 198,4,747.311707, 747.308899, 476.500336, 317.888947,19.014694, 817.519592, 1.000004
5, 198,5,817.519592, 817.520508, 476.500336, 317.888947,19.014694, 817.519592, 0.999999
5, 198,6,194.839478, 194.838638, 476.500336, 317.888947,19.014694, 817.519592, 1.000004
5, 198,7,717.559753, 717.559937, 476.500336, 317.888947,19.014694, 817.519592, 1.000000
5, 199,0,166.712067, 166.710587, 476.504700, 355.658600,11.208797, 989.689758, 1.000009
5, 199,1,850.757568, 850.754395, 476.504700, 355.658600,11.208797, 989.689758, 1.000004
5, 199,2,213.984589, 213.982773, 476.504700, 355.658600,11.208797, 989.689758, 1.000008
5, 199,3,665.387512, 665.378296, 476.504700, 355.658600,11.208797, 989.689758, 1.000014
5, 199,4,277.966217, 277.962128, 476.504700, 355.658600,11.208797, 989.689758, 1.000015
5, 199,5,989.689758, 989.678650, 476.504700, 355.658600,11.208797, 989.689758, 1.000011
5, 199,6,636.331055, 636.324280, 476.504700, 355.658600,11.208797, 989.689758, 1.000011
5, 199,7,11.208797, 11.208787, 476.504700, 355.658600,11.208797, 989.689758, 1.000001
5, 200,0,660.905884, 660.913940, 476.493256, 202.767380,89.812637, 677.032715, 0.999988
5, 200,1,89.812637, 89.815559, 476.493256, 202.767380,89.812637, 677.032715, 0.999967
5, 200,2,359.110687, 359.115204, 476.493256, 202.767380,89.812637, 677.032715, 0.999987
5, 200,3,394.224731, 394.229126, 476.493256, 202.767380,89.812637, 677.032715, 0.999989
5, 200,4,576.380920, 576.397827, 476.493256, 202.767380,89.812637, 677.032715, 0.999971
5, 200,5,408.114044, 408.112793, 476.493256, 202.767380,89.812637, 677.032715, 1.000003
5, 200,6,646.364563, 646.376526, 476.493256, 202.767380,89.812637, 677.032715, 0.999981
5, 200,7,677.032715, 677.038940, 476.493256, 202.767380,89.812637, 677.032715, 0.999991
5, 201,0,55.104546, 55.103172, 476.501434, 449.361755,37.201275, 1076.305786, 1.000025
5, 201,1,37.201275, 37.203682, 476.501434, 449.361755,37.201275, 1076.305786, 0.999935
5, 201,2,932.758667, 932.754211, 476.501434, 449.361755,37.201275, 1076.305786, 1.000005
5, 201,3,1076.305786, 1076.304565, 476.501434, 449.361755,37.201275, 1076.305786, 1.000001
5, 201,4,42.874908, 42.874809, 476.501434, 449.361755,37.201275, 1076.305786, 1.000002
5, 201,5,887.437683, 887.429443, 476.501434, 449.361755,37.201275, 1076.305786, 1.000009
5, 201,6,617.295715, 617.297852, 476.501434, 449.361755,37.201275, 1076.305786, 0.999997
5, 201,7,163.033066, 163.031784, 476.501434, 449.361755,37.201275, 1076.305786, 1.000008
5, 202,0,669.315552, 669.307373, 476.504517, 254.806976,18.172428, 748.710876, 1.000012
5, 202,1,18.172428, 18.168507, 476.504517, 254.806976,18.172428, 748.710876, 1.000216
5, 202,2,384.557281, 384.553253, 476.504517, 254.806976,18.172428, 748.710876, 1.000010
5, 202,3,743.644104, 743.640747, 476.504517, 254.806976,18.172428, 748.710876, 1.000005
5, 202,4,292.471558, 292.466949, 476.504517, 254.806976,18.172428, 748.710876, 1.000016
5, 202,5,378.948456, 378.944183, 476.504517, 254.806976,18.172428, 748.710876, 1.000011
5, 202,6,748.710876, 748.705261, 476.504517, 254.806976,18.172428, 748.710876, 1.000008
5, 202,7,576.215637, 576.213623, 476.504517, 254.806976,18.172428, 748.710876, 1.000003
5, 203,0,88.660606, 88.649620, 476.500732, 345.204254,72.449730, 883.702148, 1.000124
5, 203,1,814.138977, 814.142151, 476.500732, 345.204254,72.449730, 883.702148, 0.999996
5, 203,2,72.449730, 72.447723, 476.500732, 345.204254,72.449730, 883.702148, 1.000028
5, 203,3,772.081238, 772.087646, 476.500732, 345.204254,72.449730, 883.702148, 0.999992
5, 203,4,106.584984, 106.577362, 476.500732, 345.204254,72.449730, 883.702148, 1.000072
5, 203,5,883.702148, 883.704651, 476.500732, 345.204254,72.449730, 883.702148, 0.999997
5, 203,6,469.743256, 469.746277, 476.500732, 345.204254,72.449730, 883.702148, 0.999994
5, 203,7,604.644958, 604.644653, 476.500732, 345.204254,72.449730, 883.702148, 1.000000
5, 204,0,477.199341, 477.194092, 476.504333, 330.095795,107.450897, 999.345947, 1.000011
5, 204,1,936.799561, 936.791321, 476.504333, 330.095795,107.450897, 999.345947, 1.000009
5, 204,2,437.413300, 437.409515, 476.504333, 330.095795,107.450897, 999.345947, 1.000009
5, 204,3,313.909882, 313.906494, 476.504333, 330.095795,107.450897, 999.345947, 1.000011
5, 204,4,999.345947, 999.336060, 476.504333, 330.095795,107.450897, 999.345947, 1.000010
5, 204,5,151.596786, 151.595230, 476.504333, 330.095795,107.450897, 999.345947, 1.000010
5, 204,6,107.450897, 107.447784, 476.504333, 330.095795,107.450897, 999.345947, 1.000029
5, 204,7,388.319122, 388.319550, 476.504333, 330.095795,107.450897, 999.345947, 0.999999
5, 205,0,503.485504, 503.481903, 476.503540, 302.322601,25.289404, 934.858643, 1.000007
5, 205,1,25.289404, 25.287884, 476.503540, 302.322601,25.289404, 934.858643, 1.000060
5, 205,2,179.786163, 179.785034, 476.503540, 302.322601,25.289404, 934.858643, 1.000006
5, 205,3,314.408112, 314.414825, 476.503540, 302.322601,25.289404, 934.858643, 0.999979
5, 205,4,508.581696, 508.577881, 476.503540, 302.322601,25.289404, 934.858643, 1.000008
5, 205,5,544.427307, 544.421692, 476.503540, 302.322601,25.289404, 934.858643, 1.000010
5, 205,6,934.858643, 934.848206, 476.503540, 302.322601,25.289404, 934.858643, 1.000011
5, 205,7,801.191589, 801.182434, 476.503540, 302.322601,25.289404, 934.858643, 1.000011
5, 206,0,108.123886, 108.123352, 476.497406, 456.623932,33.446690, 1385.289185, 1.000005
5, 206,1,203.778641, 203.784668, 476.497406, 456.623932,33.446690, 1385.289185, 0.999970
5, 206,2,554.325867, 554.333923, 476.497406, 456.623932,33.446690, 1385.289185, 0.999985
5, 206,3,136.335785, 136.324860, 476.497406, 456.623932,33.446690, 1385.289185, 1.000080
5, 206,4,1385.289185, 1385.293701, 476.497406, 456.623932,33.446690, 1385.289185, 0.999997
5, 206,5,33.446690, 33.456497, 476.497406, 456.623932,33.446690, 1385.289185, 0.999707
5, 206,6,765.038879, 765.039551, 476.497406, 456.623932,33.446690, 1385.289185, 0.999999
5, 206,7,625.640137, 625.643433, 476.497406, 456.623932,33.446690, 1385.289185, 0.999995
5, 207,0,175.387711, 175.389999, 476.504822, 315.049408,40.859039, 844.557495, 0.999987
5, 207,1,734.057678, 734.041260, 476.504822, 315.049408,40.859039, 844.557495, 1.000022
5, 207,2,196.521317, 196.523758, 476.504822, 315.049408,40.859039, 844.557495, 0.999988
5, 207,3,844.557495, 844.546631, 476.504822, 315.049408,40.859039, 844.557495, 1.000013
5, 207,4,40.859039, 40.859482, 476.504822, 315.049408,40.859039, 844.557495, 0.999989
5, 207,5,414.882385, 414.879547, 476.504822, 315.049408,40.859039, 844.557495, 1.000007
5, 207,6,820.896057, 820.889404, 476.504822, 315.049408,40.859039, 844.557495, 1.000008
5, 207,7,584.876831, 584.869568, 476.504822, 315.049408,40.859039, 844.557495, 1.000012
5, 208,0,171.111832, 171.109680, 476.499878, 303.779327,51.512005, 856.819031, 1.000013
5, 208,1,651.084167, 651.085083, 476.499878, 303.779327,51.512005, 856.819031, 0.999999
5, 208,2,771.817932, 771.815918, 476.499878, 303.779327,51.512005, 856.819031, 1.000003
5, 208,3,561.648071, 561.645874, 476.499878, 303.779327,51.512005, 856.819031, 1.000004
5, 208,4,856.819031, 856.819763, 476.499878, 303.779327,51.512005, 856.819031, 0.999999
5, 208,5,172.136566, 172.137421, 476.499878, 303.779327,51.512005, 856.819031, 0.999995
5, 208,6,51.512005, 51.514751, 476.499878, 303.779327,51.512005, 856.819031, 0.999947
5, 208,7,575.869263, 575.871765, 476.499878, 303.779327,51.512005, 856.819031, 0.999996
5, 209,0,360.491974, 360.483521, 476.505188, 304.173279,171.833694, 986.181641, 1.000023
5, 209,1,171.833694, 171.834869, 476.505188, 304.173279,171.833694, 986.181641, 0.999993
5, 209,2,221.407715, 221.408112, 476.505188, 304.173279,171.833694, 986.181641, 0.999998
5, 209,3,176.473785, 176.472763, 476.505188, 304.173279,171.833694, 986.181641, 1.000006
5, 209,4,813.255737, 813.246460, 476.505188, 304.173279,171.833694, 986.181641, 1.000011
5, 209,5,492.562653, 492.556000, 476.505188, 304.173279,171.833694, 986.181641, 1.000013
5, 209,6,986.181641, 986.169250, 476.505188, 304.173279,171.833694, 986.181641, 1.000013
5, 209,7,589.834229, 589.828918, 476.505188, 304.173279,171.833694, 986.181641, 1.000009
5, 210,0,1003.350037, 1003.344727, 476.502563, 342.994263,130.455856, 1003.350037, 1.000005
5, 210,1,236.430664, 236.429855, 476.502563, 342.994263,130.455856, 1003.350037, 1.000003
5, 210,2,243.626083, 243.626434, 476.502563, 342.994263,130.455856, 1003.350037, 0.999999
5, 210,3,193.407578, 193.404785, 476.502563, 342.994263,130.455856, 1003.350037, 1.000014
5, 210,4,409.765045, 409.765594, 476.502563, 342.994263,130.455856, 1003.350037, 0.999999
5, 210,5,130.455856, 130.457855, 476.502563, 342.994263,130.455856, 1003.350037, 0.999985
5, 210,6,688.709900, 688.702698, 476.502563, 342.994263,130.455856, 1003.350037, 1.000010
5, 210,7,906.275146, 906.268066, 476.502563, 342.994263,130.455856, 1003.350037, 1.000008
5, 211,0,17.972637, 17.961962, 476.496552, 277.965729,17.972637, 721.233948, 1.000594
5, 211,1,561.389404, 561.390137, 476.496552, 277.965729,17.972637, 721.233948, 0.999999
5, 211,2,709.821289, 709.827271, 476.496552, 277.965729,17.972637, 721.233948, 0.999992
5, 211,3,721.233948, 721.236267, 476.496552, 277.965729,17.972637, 721.233948, 0.999997
5, 211,4,630.801941, 630.814575, 476.496552, 277.965729,17.972637, 721.233948, 0.999980
5, 211,5,708.195313, 708.200928, 476.496552, 277.965729,17.972637, 721.233948, 0.999992
5, 211,6,156.082657, 156.082581, 476.496552, 277.965729,17.972637, 721.233948, 1.000000
5, 211,7,306.475067, 306.485992, 476.496552, 277.965729,17.972637, 721.233948, 0.999964
5, 212,0,334.517822, 334.515717, 476.502686, 199.861038,242.608322, 777.562073, 1.000006
5, 212,1,242.608322, 242.608871, 476.502686, 199.861038,242.608322, 777.562073, 0.999998
5, 212,2,777.562073, 777.553833, 476.502686, 199.861038,242.608322, 777.562073, 1.000011
5, 212,3,543.770142, 543.766602, 476.502686, 199.861038,242.608322, 777.562073, 1.000007
5, 212,4,338.464813, 338.466431, 476.502686, 199.861038,242.608322, 777.562073, 0.999995
5, 212,5,300.381256, 300.379883, 476.502686, 199.861038,242.608322, 777.562073, 1.000005
5, 212,6,575.065979, 575.060730, 476.502686, 199.861038,242.608322, 777.562073, 1.000009
5, 212,7,699.651001, 699.647827, 476.502686, 199.861038,242.608322, 777.562073, 1.000005
5, 213,0,552.199463, 552.200256, 476.497833, 262.212494,74.239525, 986.961792, 0.999999
5, 213,1,578.589966, 578.578857, 476.497833, 262.212494,74.239525, 986.961792, 1.000019
5, 213,2,986.961792, 986.978149, 476.497833, 262.212494,74.239525, 986.961792, 0.999983
5, 213,3,494.784698, 494.790070, 476.497833, 262.212494,74.239525, 986.961792, 0.999989
5, 213,4,315.997864, 315.998199, 476.497833, 262.212494,74.239525, 986.961792, 0.999999
5, 213,5,348.403442, 348.402344, 476.497833, 262.212494,74.239525, 986.961792, 1.000003
5, 213,6,74.239525, 74.239204, 476.497833, 262.212494,74.239525, 986.961792, 1.000004
5, 213,7,460.806183, 460.812561, 476.497833, 262.212494,74.239525, 986.961792, 0.999986
5, 214,0,560.118530, 560.109558, 476.506531, 189.444672,218.165222, 737.307190, 1.000016
5, 214,1,737.307190, 737.298950, 476.506531, 189.444672,218.165222, 737.307190, 1.000011
5, 214,2,300.656036, 300.651917, 476.506531, 189.444672,218.165222, 737.307190, 1.000014
5, 214,3,218.165222, 218.164673, 476.506531, 189.444672,218.165222, 737.307190, 1.000003
5, 214,4,391.222656, 391.217560, 476.506531, 189.444672,218.165222, 737.307190, 1.000013
5, 214,5,492.130371, 492.124512, 476.506531, 189.444672,218.165222, 737.307190, 1.000012
5, 214,6,726.997131, 726.981934, 476.506531, 189.444672,218.165222, 737.307190, 1.000021
5, 214,7,385.454956, 385.450714, 476.506531, 189.444672,218.165222, 737.307190, 1.000011
5, 215,0,363.277802, 363.275635, 476.504608, 265.409363,70.195496, 763.523804, 1.000006
5, 215,1,554.727356, 554.716064, 476.504608, 265.409363,70.195496, 763.523804, 1.000020
5, 215,2,744.894287, 744.879578, 476.504608, 265.409363,70.195496, 763.523804, 1.000020
5, 215,3,763.523804, 763.512817, 476.504608, 265.409363,70.195496, 763.523804, 1.000014
5, 215,4,752.733582, 752.730103, 476.504608, 265.409363,70.195496, 763.523804, 1.000005
5, 215,5,248.353317, 248.354660, 476.504608, 265.409363,70.195496, 763.523804, 0.999995
5, 215,6,314.331085, 314.327820, 476.504608, 265.409363,70.195496, 763.523804, 1.000010
5, 215,7,70.195496, 70.203461, 476.504608, 265.409363,70.195496, 763.523804, 0.999887
5, 216,0,534.993713, 534.997986, 476.493866, 232.056046,22.106653, 763.018494, 0.999992
5, 216,1,687.659546, 687.662598, 476.493866, 232.056046,22.106653, 763.018494, 0.999996
5, 216,2,443.913727, 443.924316, 476.493866, 232.056046,22.106653, 763.018494, 0.999976
5, 216,3,22.106653, 22.104439, 476.493866, 232.056046,22.106653, 763.018494, 1.000100
5, 216,4,568.147827, 568.151611, 476.493866, 232.056046,22.106653, 763.018494, 0.999993
5, 216,5,301.265625, 301.273193, 476.493866, 232.056046,22.106653, 763.018494, 0.999975
5, 216,6,490.845184, 490.855133, 476.493866, 232.056046,22.106653, 763.018494, 0.999980
5, 216,7,763.018494, 763.030701, 476.493866, 232.056046,22.106653, 763.018494, 0.999984
5, 217,0,19.866722, 19.858429, 476.498932, 305.859131,19.866722, 775.343262, 1.000418
5, 217,1,733.742920, 733.747009, 476.498932, 305.859131,19.866722, 775.343262, 0.999994
5, 217,2,733.505981, 733.508362, 476.498932, 305.859131,19.866722, 775.343262, 0.999997
5, 217,3,128.468979, 128.468216, 476.498932, 305.859131,19.866722, 775.343262, 1.000006
5, 217,4,775.343262, 775.352966, 476.498932, 305.859131,19.866722, 775.343262, 0.999987
5, 217,5,736.487122, 736.492188, 476.498932, 305.859131,19.866722, 775.343262, 0.999993
5, 217,6,347.620667, 347.621307, 476.498932, 305.859131,19.866722, 775.343262, 0.999998
5, 217,7,336.955963, 336.951294, 476.498932, 305.859131,19.866722, 775.343262, 1.000014
5, 218,0,572.940002, 572.928650, 476.507660, 180.813995,111.739563, 681.134888, 1.000020
5, 218,1,433.956177, 433.949951, 476.507660, 180.813995,111.739563, 681.134888, 1.000014
5, 218,2,564.617310, 564.614197, 476.507660, 180.813995,111.739563, 681.134888, 1.000005
5, 218,3,366.649902, 366.645782, 476.507660, 180.813995,111.739563, 681.134888, 1.000011
5, 218,4,626.514526, 626.503296, 476.507660, 180.813995,111.739563, 681.134888, 1.000018
5, 218,5,454.509338, 454.501495, 476.507660, 180.813995,111.739563, 681.134888, 1.000017
5, 218,6,681.134888, 681.122620, 476.507660, 180.813995,111.739563, 681.134888, 1.000018
5, 218,7,111.739563, 111.734337, 476.507660, 180.813995,111.739563, 681.134888, 1.000047
5, 219,0,664.171021, 664.172302, 476.496155, 278.921265,84.986687, 756.646545, 0.999998
5, 219,1,84.986687, 84.978279, 476.496155, 278.921265,84.986687, 756.646545, 1.000099
5, 219,2,749.396179, 749.409302, 476.496155, 278.921265,84.986687, 756.646545, 0.999982
5, 219,3,590.174561, 590.180908, 476.496155, 278.921265,84.986687, 756.646545, 0.999989
5, 219,4,98.078209, 98.082840, 476.496155, 278.921265,84.986687, 756.646545, 0.999953
5, 219,5,286.900787, 286.894104, 476.496155, 278.921265,84.986687, 756.646545, 1.000023
5, 219,6,756.646545, 756.661621, 476.496155, 278.921265,84.986687, 756.646545, 0.999980
5, 219,7,581.615112, 581.620422, 476.496155, 278.921265,84.986687, 756.646545, 0.999991
5, 220,0,567.631226, 567.624878, 476.503021, 288.373627,25.389284, 745.088623, 1.000011
5, 220,1,72.364151, 72.365784, 476.503021, 288.373627,25.389284, 745.088623, 0.999977
5, 220,2,710.308228, 710.308777, 476.503021, 288.373627,25.389284, 745.088623, 0.999999
5, 220,3,371.667114, 371.659210, 476.503021, 288.373627,25.389284, 745.088623, 1.000021
5, 220,4,745.088623, 745.086914, 476.503021, 288.373627,25.389284, 745.088623, 1.000002
5, 220,5,691.402649, 691.397705, 476.503021, 288.373627,25.389284, 745.088623, 1.000007
5, 220,6,628.172974, 628.169067, 476.503021, 288.373627,25.389284, 745.088623, 1.000006
5, 220,7,25.389284, 25.387714, 476.503021, 288.373627,25.389284, 745.088623, 1.000062
5, 221,0,432.099548, 432.097351, 476.504944, 254.224045,11.903922, 858.328735, 1.000005
5, 221,1,11.903922, 11.904980, 476.504944, 254.224045,11.903922, 858.328735, 0.999911
5, 221,2,673.928040, 673.914307, 476.504944, 254.224045,11.903922, 858.328735, 1.000020
5, 221,3,366.751801, 366.750763, 476.504944, 254.224045,11.903922, 858.328735, 1.000003
5, 221,4,858.328735, 858.322144, 476.504944, 254.224045,11.903922, 858.328735, 1.000008
5, 221,5,567.671997, 567.668396, 476.504944, 254.224045,11.903922, 858.328735, 1.000006
5, 221,6,569.266296, 569.255920, 476.504944, 254.224045,11.903922, 858.328735, 1.000018
5, 221,7,332.089020, 332.085907, 476.504944, 254.224045,11.903922, 858.328735, 1.000009
5, 222,0,411.798035, 411.800079, 476.497406, 260.746429,177.741501, 898.148804, 0.999995
5, 222,1,584.105713, 584.110596, 476.497406, 260.746429,177.741501, 898.148804, 0.999992
5, 222,2,236.817688, 236.818649, 476.497406, 260.746429,177.741501, 898.148804, 0.999996
5, 222,3,177.741501, 177.741776, 476.497406, 260.746429,177.741501, 898.148804, 0.999998
5, 222,4,251.790665, 251.789948, 476.497406, 260.746429,177.741501, 898.148804, 1.000003
5, 222,5,768.258179, 768.264526, 476.497406, 260.746429,177.741501, 898.148804, 0.999992
5, 222,6,898.148804, 898.156433, 476.497406, 260.746429,177.741501, 898.148804, 0.999991
5, 222,7,483.318695, 483.317932, 476.497406, 260.746429,177.741501, 898.148804, 1.000002
5, 223,0,617.127014, 617.120117, 476.504608, 163.994370,132.357758, 617.127014, 1.000011
5, 223,1,553.959045, 553.956116, 476.504608, 163.994370,132.357758, 617.127014, 1.000005
5, 223,2,132.357758, 132.355804, 476.504608, 163.994370,132.357758, 617.127014, 1.000015
5, 223,3,551.360962, 551.357605, 476.504608, 163.994370,132.357758, 617.127014, 1.000006
5, 223,4,441.573242, 441.567719, 476.504608, 163.994370,132.357758, 617.127014, 1.000013
5, 223,5,587.447632, 587.440674, 476.504608, 163.994370,132.357758, 617.127014, 1.000012
5, 223,6,353.180725, 353.179047, 476.504608, 163.994370,132.357758, 617.127014, 1.000005
5, 223,7,575.030457, 575.023193, 476.504608, 163.994370,132.357758, 617.127014, 1.000013
5, 224,0,89.441368, 89.444168, 476.498840, 313.066925,50.399521, 981.977539, 0.999969
5, 224,1,981.977539, 981.983826, 476.498840, 313.066925,50.399521, 981.977539, 0.999994
5, 224,2,746.567017, 746.569275, 476.498840, 313.066925,50.399521, 981.977539, 0.999997
5, 224,3,50.399521, 50.399460, 476.498840, 313.066925,50.399521, 981.977539, 1.000001
5, 224,4,525.150818, 525.153931, 476.498840, 313.066925,50.399521, 981.977539, 0.999994
5, 224,5,346.814270, 346.812683, 476.498840, 313.066925,50.399521, 981.977539, 1.000005
5, 224,6,531.721252, 531.719238, 476.498840, 313.066925,50.399521, 981.977539, 1.000004
5, 224,7,539.919067, 539.917297, 476.498840, 313.066925,50.399521, 981.977539, 1.000003
5, 225,0,740.192993, 740.191467, 476.504303, 308.950745,157.153259, 932.239075, 1.000002
5, 225,1,157.153259, 157.157150, 476.504303, 308.950745,157.153259, 932.239075, 0.999975
5, 225,2,271.488007, 271.496368, 476.504303, 308.950745,157.153259, 932.239075, 0.999969
5, 225,3,239.043274, 239.037460, 476.504303, 308.950745,157.153259, 932.239075, 1.000024
5, 225,4,932.239075, 932.222778, 476.504303, 308.950745,157.153259, 932.239075, 1.000018
5, 225,5,815.324707, 815.310791, 476.504303, 308.950745,157.153259, 932.239075, 1.000017
5, 225,6,202.214905, 202.210770, 476.504303, 308.950745,157.153259, 932.239075, 1.000021
5, 225,7,454.378448, 454.373322, 476.504303, 308.950745,157.153259, 932.239075, 1.000011
5, 226,0,602.432922, 602.433777, 476.496185, 203.079453,248.142761, 779.957886, 0.999999
5, 226,1,454.413818, 454.416260, 476.496185, 203.079453,248.142761, 779.957886, 0.999995
5, 226,2,731.766968, 731.770142, 476.496185, 203.079453,248.142761, 779.957886, 0.999996
5, 226,3,338.960236, 338.957336, 476.496185, 203.079453,248.142761, 779.957886, 1.000009
5, 226,4,779.957886, 779.977051, 476.496185, 203.079453,248.142761, 779.957886, 0.999975
5, 226,5,325.611420, 325.613708, 476.496185, 203.079453,248.142761, 779.957886, 0.999993
5, 226,6,330.683472, 330.684265, 476.496185, 203.079453,248.142761, 779.957886, 0.999998
5, 226,7,248.142761, 248.147736, 476.496185, 203.079453,248.142761, 779.957886, 0.999980
5, 227,0,738.048401, 738.039124, 476.506775, 251.278229,79.977646, 738.048401, 1.000013
5, 227,1,654.280029, 654.263367, 476.506775, 251.278229,79.977646, 738.048401, 1.000026
5, 227,2,358.545441, 358.543640, 476.506775, 251.278229,79.977646, 738.048401, 1.000005
5, 227,3,712.327698, 712.320435, 476.506775, 251.278229,79.977646, 738.048401, 1.000010
5, 227,4,79.977646, 79.977097, 476.506775, 251.278229,79.977646, 738.048401, 1.000007
5, 227,5,172.967316, 172.966782, 476.506775, 251.278229,79.977646, 738.048401, 1.000003
5, 227,6,628.174316, 628.164551, 476.506775, 251.278229,79.977646, 738.048401, 1.000015
5, 227,7,467.733704, 467.724915, 476.506775, 251.278229,79.977646, 738.048401, 1.000019
5, 228,0,921.805115, 921.808899, 476.498291, 318.545349,13.931423, 921.805115, 0.999996
5, 228,1,87.354279, 87.360153, 476.498291, 318.545349,13.931423, 921.805115, 0.999933
5, 228,2,516.203857, 516.202515, 476.498291, 318.545349,13.931423, 921.805115, 1.000003
5, 228,3,13.931423, 13.934618, 476.498291, 318.545349,13.931423, 921.805115, 0.999771
5, 228,4,765.505127, 765.508484, 476.498291, 318.545349,13.931423, 921.805115, 0.999996
5, 228,5,552.042603, 552.047729, 476.498291, 318.545349,13.931423, 921.805115, 0.999991
5, 228,6,310.557281, 310.549011, 476.498291, 318.545349,13.931423, 921.805115, 1.000027
5, 228,7,644.586792, 644.588684, 476.498291, 318.545349,13.931423, 921.805115, 0.999997
5, 229,0,257.233612, 257.237854, 476.492798, 275.214813,66.717567, 874.058350, 0.999983
5, 229,1,527.331299, 527.336365, 476.492798, 275.214813,66.717567, 874.058350, 0.999990
5, 229,2,310.326691, 310.331696, 476.492798, 275.214813,66.717567, 874.058350, 0.999984
5, 229,3,821.455872, 821.467163, 476.492798, 275.214813,66.717567, 874.058350, 0.999986
5, 229,4,874.058350, 874.075134, 476.492798, 275.214813,66.717567, 874.058350, 0.999981
5, 229,5,418.431793, 418.433960, 476.492798, 275.214813,66.717567, 874.058350, 0.999995
5, 229,6,66.717567, 66.722969, 476.492798, 275.214813,66.717567, 874.058350, 0.999919
5, 229,7,536.387207, 536.394897, 476.492798, 275.214813,66.717567, 874.058350, 0.999986
5, 230,0,656.842651, 656.855774, 476.494385, 216.902344,77.139984, 727.359924, 0.999980
5, 230,1,433.559113, 433.559265, 476.494385, 216.902344,77.139984, 727.359924, 1.000000
5, 230,2,727.359924, 727.365417, 476.494385, 216.902344,77.139984, 727.359924, 0.999992
5, 230,3,474.155029, 474.160797, 476.494385, 216.902344,77.139984, 727.359924, 0.999988
5, 230,4,457.826691, 457.834229, 476.494385, 216.902344,77.139984, 727.359924, 0.999984
5, 230,5,681.839050, 681.846863, 476.494385, 216.902344,77.139984, 727.359924, 0.999989
5, 230,6,77.139984, 77.144112, 476.494385, 216.902344,77.139984, 727.359924, 0.999946
5, 230,7,303.232788, 303.233337, 476.494385, 216.902344,77.139984, 727.359924, 0.999998
5, 231,0,366.597412, 366.592438, 476.506531, 118.508522,299.126007, 632.412231, 1.000014
5, 231,1,549.899536, 549.889771, 476.506531, 118.508522,299.126007, 632.412231, 1.000018
5, 231,2,299.126007, 299.122620, 476.506531, 118.508522,299.126007, 632.412231, 1.000011
5, 231,3,558.586853, 558.579529, 476.506531, 118.508522,299.126007, 632.412231, 1.000013
5, 231,4,475.232452, 475.226715, 476.506531, 118.508522,299.126007, 632.412231, 1.000012
5, 231,5,560.161621, 560.154663, 476.506531, 118.508522,299.126007, 632.412231, 1.000012
5, 231,6,632.412231, 632.402466, 476.506531, 118.508522,299.126007, 632.412231, 1.000015
5, 231,7,370.036224, 370.031555, 476.506531, 118.508522,299.126007, 632.412231, 1.000013
5, 232,0,711.299683, 711.306396, 476.494507, 256.477264,112.766090, 744.255249, 0.999991
5, 232,1,384.440552, 384.442169, 476.494507, 256.477264,112.766090, 744.255249, 0.999996
5, 232,2,744.255249, 744.265259, 476.494507, 256.477264,112.766090, 744.255249, 0.999987
5, 232,3,643.396545, 643.396484, 476.494507, 256.477264,112.766090, 744.255249, 1.000000
5, 232,4,181.122772, 181.122513, 476.494507, 256.477264,112.766090, 744.255249, 1.000001
5, 232,5,710.243713, 710.251648, 476.494507, 256.477264,112.766090, 744.255249, 0.999989
5, 232,6,112.766090, 112.773117, 476.494507, 256.477264,112.766090, 744.255249, 0.999938
5, 232,7,324.431488, 324.442352, 476.494507, 256.477264,112.766090, 744.255249, 0.999967
5, 233,0,1008.416626, 1008.425598, 476.495667, 335.714386,15.609595, 1008.416626, 0.999991
5, 233,1,235.804550, 235.811630, 476.495667, 335.714386,15.609595, 1008.416626, 0.999970
5, 233,2,298.958954, 298.959320, 476.495667, 335.714386,15.609595, 1008.416626, 0.999999
5, 233,3,600.647949, 600.651611, 476.495667, 335.714386,15.609595, 1008.416626, 0.999994
5, 233,4,742.657959, 742.664307, 476.495667, 335.714386,15.609595, 1008.416626, 0.999991
5, 233,5,696.736145, 696.745972, 476.495667, 335.714386,15.609595, 1008.416626, 0.999986
5, 233,6,213.133499, 213.130997, 476.495667, 335.714386,15.609595, 1008.416626, 1.000012
5, 233,7,15.609595, 15.610474, 476.495667, 335.714386,15.609595, 1008.416626, 0.999944
5, 234,0,597.481873, 597.484314, 476.494873, 224.730316,153.696716, 711.503906, 0.999996
5, 234,1,701.666077, 701.677246, 476.494873, 224.730316,153.696716, 711.503906, 0.999984
5, 234,2,624.791565, 624.802673, 476.494873, 224.730316,153.696716, 711.503906, 0.999982
5, 234,3,711.503906, 711.515259, 476.494873, 224.730316,153.696716, 711.503906, 0.999984
5, 234,4,251.662918, 251.667252, 476.494873, 224.730316,153.696716, 711.503906, 0.999983
5, 234,5,244.714355, 244.713882, 476.494873, 224.730316,153.696716, 711.503906, 1.000002
5, 234,6,153.696716, 153.695770, 476.494873, 224.730316,153.696716, 711.503906, 1.000006
5, 234,7,526.441528, 526.443726, 476.494873, 224.730316,153.696716, 711.503906, 0.999996
5, 235,0,214.677902, 214.679077, 476.503143, 274.089447,206.675766, 885.299072, 0.999995
5, 235,1,456.905212, 456.901031, 476.503143, 274.089447,206.675766, 885.299072, 1.000009
5, 235,2,885.299072, 885.292664, 476.503143, 274.089447,206.675766, 885.299072, 1.000007
5, 235,3,571.104126, 571.102051, 476.503143, 274.089447,206.675766, 885.299072, 1.000004
5, 235,4,206.675766, 206.679489, 476.503143, 274.089447,206.675766, 885.299072, 0.999982
5, 235,5,854.686401, 854.673584, 476.503143, 274.089447,206.675766, 885.299072, 1.000015
5, 235,6,238.926376, 238.926086, 476.503143, 274.089447,206.675766, 885.299072, 1.000001
5, 235,7,383.750275, 383.746185, 476.503143, 274.089447,206.675766, 885.299072, 1.000011
5, 236,0,536.240540, 536.244507, 476.498535, 319.208099,39.434452, 976.046753, 0.999993
5, 236,1,238.246933, 238.240372, 476.498535, 319.208099,39.434452, 976.046753, 1.000028
5, 236,2,445.320984, 445.321045, 476.498535, 319.208099,39.434452, 976.046753, 1.000000
5, 236,3,350.126801, 350.134033, 476.498535, 319.208099,39.434452, 976.046753, 0.999979
5, 236,4,39.434452, 39.434067, 476.498535, 319.208099,39.434452, 976.046753, 1.000010
5, 236,5,332.228119, 332.227264, 476.498535, 319.208099,39.434452, 976.046753, 1.000003
5, 236,6,894.343689, 894.348572, 476.498535, 319.208099,39.434452, 976.046753, 0.999995
5, 236,7,976.046753, 976.050171, 476.498535, 319.208099,39.434452, 976.046753, 0.999996
5, 237,0,351.684601, 351.686554, 476.495880, 193.010986,174.349686, 813.310181, 0.999994
5, 237,1,628.937866, 628.950073, 476.495880, 193.010986,174.349686, 813.310181, 0.999981
5, 237,2,813.310181, 813.318665, 476.495880, 193.010986,174.349686, 813.310181, 0.999990
5, 237,3,174.349686, 174.348633, 476.495880, 193.010986,174.349686, 813.310181, 1.000006
5, 237,4,404.971100, 404.965240, 476.495880, 193.010986,174.349686, 813.310181, 1.000014
5, 237,5,391.772888, 391.776459, 476.495880, 193.010986,174.349686, 813.310181, 0.999991
5, 237,6,507.453094, 507.458771, 476.495880, 193.010986,174.349686, 813.310181, 0.999989
5, 237,7,539.487610, 539.495728, 476.495880, 193.010986,174.349686, 813.310181, 0.999985
5, 238,0,408.079620, 408.075623, 476.505890, 328.536163,82.304863, 984.437317, 1.000010
5, 238,1,197.214127, 197.215698, 476.505890, 328.536163,82.304863, 984.437317, 0.999992
5, 238,2,82.304863, 82.304199, 476.505890, 328.536163,82.304863, 984.437317, 1.000008
5, 238,3,945.946777, 945.929382, 476.505890, 328.536163,82.304863, 984.437317, 1.000018
5, 238,4,503.790283, 503.785553, 476.505890, 328.536163,82.304863, 984.437317, 1.000009
5, 238,5,388.969452, 388.963470, 476.505890, 328.536163,82.304863, 984.437317, 1.000015
5, 238,6,301.304657, 301.303925, 476.505890, 328.536163,82.304863, 984.437317, 1.000002
5, 238,7,984.437317, 984.422180, 476.505890, 328.536163,82.304863, 984.437317, 1.000015
5, 239,0,870.999512, 871.001038, 476.499573, 282.340027,141.378052, 870.999512, 0.999998
5, 239,1,672.044128, 672.045959, 476.499573, 282.340027,141.378052, 870.999512, 0.999997
5, 239,2,240.693039, 240.692078, 476.499573, 282.340027,141.378052, 870.999512, 1.000004
5, 239,3,689.012878, 689.013916, 476.499573, 282.340027,141.378052, 870.999512, 0.999999
5, 239,4,229.664276, 229.664551, 476.499573, 282.340027,141.378052, 870.999512, 0.999999
5, 239,5,141.378052, 141.378632, 476.499573, 282.340027,141.378052, 870.999512, 0.999996
5, 239,6,696.266296, 696.267151, 476.499573, 282.340027,141.378052, 870.999512, 0.999999
5, 239,7,271.938293, 271.936768, 476.499573, 282.340027,141.378052, 870.999512, 1.000006
5, 240,0,516.276794, 516.269653, 476.506287, 243.501205,94.742905, 874.043457, 1.000014
5, 240,1,685.578979, 685.576599, 476.506287, 243.501205,94.742905, 874.043457, 1.000003
5, 240,2,94.742905, 94.733437, 476.506287, 243.501205,94.742905, 874.043457, 1.000100
5, 240,3,330.560150, 330.553955, 476.506287, 243.501205,94.742905, 874.043457, 1.000019
5, 240,4,424.323547, 424.317474, 476.506287, 243.501205,94.742905, 874.043457, 1.000014
5, 240,5,874.043457, 874.035950, 476.506287, 243.501205,94.742905, 874.043457, 1.000009
5, 240,6,584.230469, 584.221497, 476.506287, 243.501205,94.742905, 874.043457, 1.000015
5, 240,7,302.293945, 302.291718, 476.506287, 243.501205,94.742905, 874.043457, 1.000007
5, 241,0,606.023621, 606.021301, 476.501862, 218.439758,173.889999, 694.074951, 1.000004
5, 241,1,633.288208, 633.283508, 476.501862, 218.439758,173.889999, 694.074951, 1.000007
5, 241,2,216.648438, 216.649048, 476.501862, 218.439758,173.889999, 694.074951, 0.999997
5, 241,3,272.474213, 272.476044, 476.501862, 218.439758,173.889999, 694.074951, 0.999993
5, 241,4,173.889999, 173.893280, 476.501862, 218.439758,173.889999, 694.074951, 0.999981
5, 241,5,694.074951, 694.069397, 476.501862, 218.439758,173.889999, 694.074951, 1.000008
5, 241,6,536.716125, 536.711670, 476.501862, 218.439758,173.889999, 694.074951, 1.000008
5, 241,7,678.899414, 678.895691, 476.501862, 218.439758,173.889999, 694.074951, 1.000005
5, 242,0,620.792175, 620.789429, 476.505951, 303.998383,77.729683, 898.124756, 1.000004
5, 242,1,285.814362, 285.804413, 476.505951, 303.998383,77.729683, 898.124756, 1.000035
5, 242,2,500.917664, 500.910797, 476.505951, 303.998383,77.729683, 898.124756, 1.000014
5, 242,3,878.797974, 878.787048, 476.505951, 303.998383,77.729683, 898.124756, 1.000012
5, 242,4,206.956985, 206.958923, 476.505951, 303.998383,77.729683, 898.124756, 0.999991
5, 242,5,898.124756, 898.111328, 476.505951, 303.998383,77.729683, 898.124756, 1.000015
5, 242,6,77.729683, 77.727852, 476.505951, 303.998383,77.729683, 898.124756, 1.000024
5, 242,7,342.913818, 342.910126, 476.505951, 303.998383,77.729683, 898.124756, 1.000011
5, 243,0,838.802551, 838.804810, 476.497162, 264.728699,77.062592, 838.802551, 0.999997
5, 243,1,833.217896, 833.218262, 476.497162, 264.728699,77.062592, 838.802551, 1.000000
5, 243,2,529.076660, 529.081604, 476.497162, 264.728699,77.062592, 838.802551, 0.999991
5, 243,3,394.889374, 394.893097, 476.497162, 264.728699,77.062592, 838.802551, 0.999991
5, 243,4,449.843445, 449.846252, 476.497162, 264.728699,77.062592, 838.802551, 0.999994
5, 243,5,461.903137, 461.904419, 476.497162, 264.728699,77.062592, 838.802551, 0.999997
5, 243,6,227.181564, 227.185150, 476.497162, 264.728699,77.062592, 838.802551, 0.999984
5, 243,7,77.062592, 77.066597, 476.497162, 264.728699,77.062592, 838.802551, 0.999948
5, 244,0,648.135376, 648.140808, 476.495056, 328.964996,44.589001, 881.285217, 0.999992
5, 244,1,44.589001, 44.593468, 476.495056, 328.964996,44.589001, 881.285217, 0.999900
5, 244,2,84.395546, 84.395447, 476.495056, 328.964996,44.589001, 881.285217, 1.000001
5, 244,3,159.183029, 159.180847, 476.495056, 328.964996,44.589001, 881.285217, 1.000014
5, 244,4,560.453796, 560.459473, 476.495056, 328.964996,44.589001, 881.285217, 0.999990
5, 244,5,700.474548, 700.476624, 476.495056, 328.964996,44.589001, 881.285217, 0.999997
5, 244,6,733.443848, 733.454651, 476.495056, 328.964996,44.589001, 881.285217, 0.999985
5, 244,7,881.285217, 881.298584, 476.495056, 328.964996,44.589001, 881.285217, 0.999985
5, 245,0,702.470398, 702.477844, 476.497131, 226.870255,145.335114, 702.470398, 0.999989
5, 245,1,565.262756, 565.270020, 476.497131, 226.870255,145.335114, 702.470398, 0.999987
5, 245,2,345.393982, 345.391541, 476.497131, 226.870255,145.335114, 702.470398, 1.000007
5, 245,3,145.335114, 145.333847, 476.497131, 226.870255,145.335114, 702.470398, 1.000009
5, 245,4,172.097565, 172.097900, 476.497131, 226.870255,145.335114, 702.470398, 0.999998
5, 245,5,641.497559, 641.501953, 476.497131, 226.870255,145.335114, 702.470398, 0.999993
5, 245,6,701.947327, 701.949280, 476.497131, 226.870255,145.335114, 702.470398, 0.999997
5, 245,7,537.972351, 537.977356, 476.497131, 226.870255,145.335114, 702.470398, 0.999991
5, 246,0,838.901001, 838.889282, 476.503204, 305.091980,97.896683, 889.552246, 1.000014
5, 246,1,104.096924, 104.097183, 476.503204, 305.091980,97.896683, 889.552246, 0.999997
5, 246,2,689.796326, 689.793518, 476.503204, 305.091980,97.896683, 889.552246, 1.000004
5, 246,3,97.896683, 97.899330, 476.503204, 305.091980,97.896683, 889.552246, 0.999973
5, 246,4,435.102203, 435.102631, 476.503204, 305.091980,97.896683, 889.552246, 0.999999
5, 246,5,889.552246, 889.543640, 476.503204, 305.091980,97.896683, 889.552246, 1.000010
5, 246,6,354.709076, 354.704407, 476.503204, 305.091980,97.896683, 889.552246, 1.000013
5, 246,7,401.971130, 401.970215, 476.503204, 305.091980,97.896683, 889.552246, 1.000002
5, 247,0,623.109619, 623.098755, 476.506256, 242.486130,68.083954, 785.840210, 1.000017
5, 247,1,68.083954, 68.083565, 476.506256, 242.486130,68.083954, 785.840210, 1.000006
5, 247,2,171.194870, 171.191223, 476.506256, 242.486130,68.083954, 785.840210, 1.000021
5, 247,3,651.589600, 651.580872, 476.506256, 242.486130,68.083954, 785.840210, 1.000013
5, 247,4,785.840210, 785.832214, 476.506256, 242.486130,68.083954, 785.840210, 1.000010
5, 247,5,532.807861, 532.801819, 476.506256, 242.486130,68.083954, 785.840210, 1.000011
5, 247,6,479.225464, 479.220673, 476.506256, 242.486130,68.083954, 785.840210, 1.000010
5, 247,7,500.198486, 500.190460, 476.506256, 242.486130,68.083954, 785.840210, 1.000016
5, 248,0,34.746738, 34.748688, 476.498535, 300.491272,34.746738, 836.779663, 0.999944
5, 248,1,740.636108, 740.643005, 476.498535, 300.491272,34.746738, 836.779663, 0.999991
5, 248,2,307.066711, 307.069916, 476.498535, 300.491272,34.746738, 836.779663, 0.999990
5, 248,3,137.628143, 137.625580, 476.498535, 300.491272,34.746738, 836.779663, 1.000019
5, 248,4,389.993927, 389.993744, 476.498535, 300.491272,34.746738, 836.779663, 1.000000
5, 248,5,836.779663, 836.783264, 476.498535, 300.491272,34.746738, 836.779663, 0.999996
5, 248,6,656.146973, 656.149231, 476.498535, 300.491272,34.746738, 836.779663, 0.999997
5, 248,7,708.989868, 708.986389, 476.498535, 300.491272,34.746738, 836.779663, 1.000005
5, 249,0,59.699890, 59.699528, 476.495087, 254.589432,59.699890, 865.623779, 1.000006
5, 249,1,421.845215, 421.850098, 476.495087, 254.589432,59.699890, 865.623779, 0.999988
5, 249,2,378.114868, 378.116638, 476.495087, 254.589432,59.699890, 865.623779, 0.999995
5, 249,3,865.623779, 865.636353, 476.495087, 254.589432,59.699890, 865.623779, 0.999985
5, 249,4,707.561829, 707.575134, 476.495087, 254.589432,59.699890, 865.623779, 0.999981
5, 249,5,320.671478, 320.669312, 476.495087, 254.589432,59.699890, 865.623779, 1.000007
5, 249,6,657.035645, 657.038757, 476.495087, 254.589432,59.699890, 865.623779, 0.999995
5, 249,7,401.408173, 401.414154, 476.495087, 254.589432,59.699890, 865.623779, 0.999985
5, 250,0,142.924240, 142.921722, 476.502716, 466.067078,77.308578, 1494.953003, 1.000018
5, 250,1,527.560181, 527.560364, 476.502716, 466.067078,77.308578, 1494.953003, 1.000000
5, 250,2,77.308578, 77.314133, 476.502716, 466.067078,77.308578, 1494.953003, 0.999928
5, 250,3,168.797516, 168.804474, 476.502716, 466.067078,77.308578, 1494.953003, 0.999959
5, 250,4,340.081635, 340.076263, 476.502716, 466.067078,77.308578, 1494.953003, 1.000016
5, 250,5,1494.953003, 1494.940308, 476.502716, 466.067078,77.308578, 1494.953003, 1.000008
5, 250,6,316.900909, 316.895569, 476.502716, 466.067078,77.308578, 1494.953003, 1.000017
5, 250,7,743.495605, 743.487061, 476.502716, 466.067078,77.308578, 1494.953003, 1.000011
5, 251,0,830.953613, 830.940735, 476.503448, 261.493103,58.552578, 830.953613, 1.000015
5, 251,1,540.594788, 540.591797, 476.503448, 261.493103,58.552578, 830.953613, 1.000005
5, 251,2,827.951782, 827.946045, 476.503448, 261.493103,58.552578, 830.953613, 1.000007
5, 251,3,497.196289, 497.196136, 476.503448, 261.493103,58.552578, 830.953613, 1.000000
5, 251,4,374.135468, 374.135406, 476.503448, 261.493103,58.552578, 830.953613, 1.000000
5, 251,5,381.654144, 381.649963, 476.503448, 261.493103,58.552578, 830.953613, 1.000011
5, 251,6,300.989227, 300.986694, 476.503448, 261.493103,58.552578, 830.953613, 1.000008
5, 251,7,58.552578, 58.553238, 476.503448, 261.493103,58.552578, 830.953613, 0.999989
5, 252,0,112.618767, 112.618294, 476.504242, 251.935303,112.618767, 761.346008, 1.000004
5, 252,1,452.319366, 452.314331, 476.504242, 251.935303,112.618767, 761.346008, 1.000011
5, 252,2,333.634216, 333.629181, 476.504242, 251.935303,112.618767, 761.346008, 1.000015
5, 252,3,598.554504, 598.549683, 476.504242, 251.935303,112.618767, 761.346008, 1.000008
5, 252,4,635.318970, 635.315796, 476.504242, 251.935303,112.618767, 761.346008, 1.000005
5, 252,5,749.838074, 749.831848, 476.504242, 251.935303,112.618767, 761.346008, 1.000008
5, 252,6,761.346008, 761.339539, 476.504242, 251.935303,112.618767, 761.346008, 1.000008
5, 252,7,168.403961, 168.401306, 476.504242, 251.935303,112.618767, 761.346008, 1.000016
5, 253,0,183.997543, 183.993820, 476.492889, 566.630859,29.298395, 1449.552979, 1.000020
5, 253,1,1449.552979, 1449.569946, 476.492889, 566.630859,29.298395, 1449.552979, 0.999988
5, 253,2,1305.716431, 1305.729004, 476.492889, 566.630859,29.298395, 1449.552979, 0.999990
5, 253,3,112.208824, 112.207405, 476.492889, 566.630859,29.298395, 1449.552979, 1.000013
5, 253,4,327.773071, 327.789978, 476.492889, 566.630859,29.298395, 1449.552979, 0.999948
5, 253,5,97.642937, 97.644638, 476.492889, 566.630859,29.298395, 1449.552979, 0.999983
5, 253,6,29.298395, 29.297901, 476.492889, 566.630859,29.298395, 1449.552979, 1.000017
5, 253,7,305.752960, 305.767151, 476.492889, 566.630859,29.298395, 1449.552979, 0.999954
5, 254,0,528.639709, 528.645752, 476.493500, 168.891037,272.076477, 761.312744, 0.999989
5, 254,1,433.106110, 433.114746, 476.493500, 168.891037,272.076477, 761.312744, 0.999980
5, 254,2,410.995544, 410.999634, 476.493500, 168.891037,272.076477, 761.312744, 0.999990
5, 254,3,368.292206, 368.295685, 476.493500, 168.891037,272.076477, 761.312744, 0.999991
5, 254,4,356.607697, 356.615173, 476.493500, 168.891037,272.076477, 761.312744, 0.999979
5, 254,5,680.917480, 680.928406, 476.493500, 168.891037,272.076477, 761.312744, 0.999984
5, 254,6,761.312744, 761.321411, 476.493500, 168.891037,272.076477, 761.312744, 0.999989
5, 254,7,272.076477, 272.079437, 476.493500, 168.891037,272.076477, 761.312744, 0.999989
5, 255,0,377.030823, 377.030151, 476.495209, 270.671326,158.048828, 956.886536, 1.000002
5, 255,1,721.590210, 721.590881, 476.495209, 270.671326,158.048828, 956.886536, 0.999999
5, 255,2,158.048828, 158.046021, 476.495209, 270.671326,158.048828, 956.886536, 1.000018
5, 255,3,533.937500, 533.947327, 476.495209, 270.671326,158.048828, 956.886536, 0.999982
5, 255,4,548.647278, 548.650574, 476.495209, 270.671326,158.048828, 956.886536, 0.999994
5, 255,5,956.886536, 956.905212, 476.495209, 270.671326,158.048828, 956.886536, 0.999981
5, 255,6,315.476837, 315.484955, 476.495209, 270.671326,158.048828, 956.886536, 0.999974
5, 255,7,200.343719, 200.344894, 476.495209, 270.671326,158.048828, 956.886536, 0.999994
5, 256,0,807.484619, 807.499695, 476.495239, 184.999588,243.176392, 807.484619, 0.999981
5, 256,1,569.987061, 569.991577, 476.495239, 184.999588,243.176392, 807.484619, 0.999992
5, 256,2,499.373627, 499.373688, 476.495239, 184.999588,243.176392, 807.484619, 1.000000
5, 256,3,373.557495, 373.565308, 476.495239, 184.999588,243.176392, 807.484619, 0.999979
5, 256,4,448.208862, 448.214264, 476.495239, 184.999588,243.176392, 807.484619, 0.999988
5, 256,5,595.543213, 595.546448, 476.495239, 184.999588,243.176392, 807.484619, 0.999995
5, 256,6,243.176392, 243.178467, 476.495239, 184.999588,243.176392, 807.484619, 0.999991
5, 256,7,274.630371, 274.630554, 476.495239, 184.999588,243.176392, 807.484619, 0.999999
5, 257,0,226.070953, 226.070557, 476.505798, 219.627274,113.847855, 746.626404, 1.000002
5, 257,1,746.626404, 746.609741, 476.505798, 219.627274,113.847855, 746.626404, 1.000022
5, 257,2,113.847855, 113.851112, 476.505798, 219.627274,113.847855, 746.626404, 0.999971
5, 257,3,692.827209, 692.820496, 476.505798, 219.627274,113.847855, 746.626404, 1.000010
5, 257,4,534.155029, 534.143250, 476.505798, 219.627274,113.847855, 746.626404, 1.000022
5, 257,5,583.317749, 583.316406, 476.505798, 219.627274,113.847855, 746.626404, 1.000002
5, 257,6,521.660950, 521.652527, 476.505798, 219.627274,113.847855, 746.626404, 1.000016
5, 257,7,393.540375, 393.535736, 476.505798, 219.627274,113.847855, 746.626404, 1.000012
5, 258,0,1022.321350, 1022.332397, 476.498779, 339.604919,18.357679, 1022.321350, 0.999989
5, 258,1,710.178040, 710.182373, 476.498779, 339.604919,18.357679, 1022.321350, 0.999994
5, 258,2,442.534027, 442.533478, 476.498779, 339.604919,18.357679, 1022.321350, 1.000001
5, 258,3,426.690430, 426.691498, 476.498779, 339.604919,18.357679, 1022.321350, 0.999997
5, 258,4,737.592896, 737.593872, 476.498779, 339.604919,18.357679, 1022.321350, 0.999999
5, 258,5,18.357679, 18.355759, 476.498779, 339.604919,18.357679, 1022.321350, 1.000105
5, 258,6,383.286926, 383.286957, 476.498779, 339.604919,18.357679, 1022.321350, 1.000000
5, 258,7,71.028831, 71.023514, 476.498779, 339.604919,18.357679, 1022.321350, 1.000075
5, 259,0,495.430206, 495.428589, 476.501740, 237.993607,65.829437, 879.846985, 1.000003
5, 259,1,445.984772, 445.978638, 476.501740, 237.993607,65.829437, 879.846985, 1.000014
5, 259,2,65.829437, 65.827034, 476.501740, 237.993607,65.829437, 879.846985, 1.000036
5, 259,3,569.615417, 569.617249, 476.501740, 237.993607,65.829437, 879.846985, 0.999997
5, 259,4,879.846985, 879.840637, 476.501740, 237.993607,65.829437, 879.846985, 1.000007
5, 259,5,604.196777, 604.196472, 476.501740, 237.993607,65.829437, 879.846985, 1.000000
5, 259,6,471.735718, 471.734344, 476.501740, 237.993607,65.829437, 879.846985, 1.000003
5, 259,7,279.374756, 279.377106, 476.501740, 237.993607,65.829437, 879.846985, 0.999992
5, 260,0,736.937256, 736.927551, 476.506317, 182.077515,233.240524, 736.937256, 1.000013
5, 260,1,233.240524, 233.242706, 476.506317, 182.077515,233.240524, 736.937256, 0.999991
5, 260,2,630.881531, 630.872742, 476.506317, 182.077515,233.240524, 736.937256, 1.000014
5, 260,3,601.734009, 601.726807, 476.506317, 182.077515,233.240524, 736.937256, 1.000012
5, 260,4,300.675232, 300.668732, 476.506317, 182.077515,233.240524, 736.937256, 1.000022
5, 260,5,296.813965, 296.810516, 476.506317, 182.077515,233.240524, 736.937256, 1.000012
5, 260,6,488.314758, 488.304199, 476.506317, 182.077515,233.240524, 736.937256, 1.000022
5, 260,7,523.453186, 523.446594, 476.506317, 182.077515,233.240524, 736.937256, 1.000013
5, 261,0,140.846222, 140.845566, 476.505096, 319.208618,129.164246, 851.546631, 1.000005
5, 261,1,844.157349, 844.154419, 476.505096, 319.208618,129.164246, 851.546631, 1.000003
5, 261,2,129.164246, 129.164917, 476.505096, 319.208618,129.164246, 851.546631, 0.999995
5, 261,3,851.546631, 851.529724, 476.505096, 319.208618,129.164246, 851.546631, 1.000020
5, 261,4,186.633850, 186.632156, 476.505096, 319.208618,129.164246, 851.546631, 1.000009
5, 261,5,451.138062, 451.131104, 476.505096, 319.208618,129.164246, 851.546631, 1.000015
5, 261,6,812.606079, 812.594299, 476.505096, 319.208618,129.164246, 851.546631, 1.000015
5, 261,7,395.948395, 395.947571, 476.505096, 319.208618,129.164246, 851.546631, 1.000002
5, 262,0,109.971321, 109.970604, 476.494080, 271.324463,109.971321, 841.229736, 1.000007
5, 262,1,841.229736, 841.243103, 476.494080, 271.324463,109.971321, 841.229736, 0.999984
5, 262,2,170.904572, 170.899246, 476.494080, 271.324463,109.971321, 841.229736, 1.000031
5, 262,3,628.768860, 628.781372, 476.494080, 271.324463,109.971321, 841.229736, 0.999980
5, 262,4,663.728394, 663.735657, 476.494080, 271.324463,109.971321, 841.229736, 0.999989
5, 262,5,285.512299, 285.514618, 476.494080, 271.324463,109.971321, 841.229736, 0.999992
5, 262,6,402.250275, 402.254303, 476.494080, 271.324463,109.971321, 841.229736, 0.999990
5, 262,7,709.587097, 709.601196, 476.494080, 271.324463,109.971321, 841.229736, 0.999980
5, 263,0,310.497589, 310.496582, 476.501160, 322.157440,125.088287, 969.526794, 1.000003
5, 263,1,954.591919, 954.585449, 476.501160, 322.157440,125.088287, 969.526794, 1.000007
5, 263,2,553.468750, 553.467102, 476.501160, 322.157440,125.088287, 969.526794, 1.000003
5, 263,3,969.526794, 969.524170, 476.501160, 322.157440,125.088287, 969.526794, 1.000003
5, 263,4,275.574188, 275.574219, 476.501160, 322.157440,125.088287, 969.526794, 1.000000
5, 263,5,351.283325, 351.284973, 476.501160, 322.157440,125.088287, 969.526794, 0.999995
5, 263,6,125.088287, 125.091286, 476.501160, 322.157440,125.088287, 969.526794, 0.999976
5, 263,7,271.978546, 271.976410, 476.501160, 322.157440,125.088287, 969.526794, 1.000008
5, 264,0,887.823914, 887.835449, 476.494568, 329.403015,34.435730, 981.209412, 0.999987
5, 264,1,287.445068, 287.443634, 476.494568, 329.403015,34.435730, 981.209412, 1.000005
5, 264,2,654.269287, 654.275574, 476.494568, 329.403015,34.435730, 981.209412, 0.999990
5, 264,3,295.354889, 295.356110, 476.494568, 329.403015,34.435730, 981.209412, 0.999996
5, 264,4,981.209412, 981.227539, 476.494568, 329.403015,34.435730, 981.209412, 0.999982
5, 264,5,321.510132, 321.508392, 476.494568, 329.403015,34.435730, 981.209412, 1.000005
5, 264,6,34.435730, 34.436394, 476.494568, 329.403015,34.435730, 981.209412, 0.999981
5, 264,7,349.907990, 349.916901, 476.494568, 329.403015,34.435730, 981.209412, 0.999975
5, 265,0,763.780273, 763.766968, 476.504913, 244.740448,35.856327, 792.318115, 1.000017
5, 265,1,596.707397, 596.700012, 476.504913, 244.740448,35.856327, 792.318115, 1.000012
5, 265,2,473.201202, 473.197266, 476.504913, 244.740448,35.856327, 792.318115, 1.000008
5, 265,3,35.856327, 35.855179, 476.504913, 244.740448,35.856327, 792.318115, 1.000032
5, 265,4,792.318115, 792.313843, 476.504913, 244.740448,35.856327, 792.318115, 1.000005
5, 265,5,422.482178, 422.478607, 476.504913, 244.740448,35.856327, 792.318115, 1.000008
5, 265,6,357.243286, 357.238525, 476.504913, 244.740448,35.856327, 792.318115, 1.000013
5, 265,7,370.450348, 370.449493, 476.504913, 244.740448,35.856327, 792.318115, 1.000002
5, 266,0,622.721008, 622.725891, 476.496948, 222.357483,15.793406, 718.300720, 0.999992
5, 266,1,651.030579, 651.032959, 476.496948, 222.357483,15.793406, 718.300720, 0.999996
5, 266,2,526.869507, 526.874084, 476.496948, 222.357483,15.793406, 718.300720, 0.999991
5, 266,3,498.831268, 498.837494, 476.496948, 222.357483,15.793406, 718.300720, 0.999988
5, 266,4,15.793406, 15.792128, 476.496948, 222.357483,15.793406, 718.300720, 1.000081
5, 266,5,718.300720, 718.307251, 476.496948, 222.357483,15.793406, 718.300720, 0.999991
5, 266,6,440.532074, 440.533081, 476.496948, 222.357483,15.793406, 718.300720, 0.999998
5, 266,7,337.896942, 337.897522, 476.496948, 222.357483,15.793406, 718.300720, 0.999998
5, 267,0,592.213379, 592.215515, 476.498993, 240.218628,72.424355, 748.855286, 0.999996
5, 267,1,72.424355, 72.422119, 476.498993, 240.218628,72.424355, 748.855286, 1.000031
5, 267,2,594.614258, 594.614380, 476.498993, 240.218628,72.424355, 748.855286, 1.000000
5, 267,3,748.855286, 748.857178, 476.498993, 240.218628,72.424355, 748.855286, 0.999997
5, 267,4,605.802856, 605.808716, 476.498993, 240.218628,72.424355, 748.855286, 0.999990
5, 267,5,660.579834, 660.581360, 476.498993, 240.218628,72.424355, 748.855286, 0.999998
5, 267,6,302.036621, 302.040649, 476.498993, 240.218628,72.424355, 748.855286, 0.999987
5, 267,7,235.465332, 235.460587, 476.498993, 240.218628,72.424355, 748.855286, 1.000020
5, 268,0,731.388306, 731.383301, 476.501892, 245.013626,152.290863, 780.239197, 1.000007
5, 268,1,253.290314, 253.289337, 476.501892, 245.013626,152.290863, 780.239197, 1.000004
5, 268,2,213.474731, 213.474518, 476.501892, 245.013626,152.290863, 780.239197, 1.000001
5, 268,3,452.653625, 452.653229, 476.501892, 245.013626,152.290863, 780.239197, 1.000001
5, 268,4,626.828247, 626.826599, 476.501892, 245.013626,152.290863, 780.239197, 1.000003
5, 268,5,152.290863, 152.289871, 476.501892, 245.013626,152.290863, 780.239197, 1.000007
5, 268,6,601.849792, 601.846802, 476.501892, 245.013626,152.290863, 780.239197, 1.000005
5, 268,7,780.239197, 780.236145, 476.501892, 245.013626,152.290863, 780.239197, 1.000004
5, 269,0,368.641724, 368.647614, 476.494080, 287.563629,139.721771, 1089.737915, 0.999984
5, 269,1,447.400360, 447.409149, 476.494080, 287.563629,139.721771, 1089.737915, 0.999980
5, 269,2,350.821106, 350.823334, 476.494080, 287.563629,139.721771, 1089.737915, 0.999994
5, 269,3,365.852386, 365.857117, 476.494080, 287.563629,139.721771, 1089.737915, 0.999987
5, 269,4,139.721771, 139.722855, 476.494080, 287.563629,139.721771, 1089.737915, 0.999992
5, 269,5,376.281189, 376.286560, 476.494080, 287.563629,139.721771, 1089.737915, 0.999986
5, 269,6,1089.737915, 1089.744873, 476.494080, 287.563629,139.721771, 1089.737915, 0.999994
5, 269,7,673.496216, 673.508484, 476.494080, 287.563629,139.721771, 1089.737915, 0.999982
5, 270,0,839.151978, 839.152344, 476.498901, 279.032593,148.500092, 842.243774, 1.000000
5, 270,1,345.056213, 345.056488, 476.498901, 279.032593,148.500092, 842.243774, 0.999999
5, 270,2,502.242706, 502.246277, 476.498901, 279.032593,148.500092, 842.243774, 0.999993
5, 270,3,148.500092, 148.500336, 476.498901, 279.032593,148.500092, 842.243774, 0.999998
5, 270,4,216.353821, 216.356369, 476.498901, 279.032593,148.500092, 842.243774, 0.999988
5, 270,5,842.243774, 842.244263, 476.498901, 279.032593,148.500092, 842.243774, 0.999999
5, 270,6,666.503723, 666.503174, 476.498901, 279.032593,148.500092, 842.243774, 1.000001
5, 270,7,251.938690, 251.940765, 476.498901, 279.032593,148.500092, 842.243774, 0.999992
5, 271,0,335.775299, 335.776855, 476.494965, 167.398819,255.553726, 644.778381, 0.999995
5, 271,1,632.852356, 632.859924, 476.494965, 167.398819,255.553726, 644.778381, 0.999988
5, 271,2,644.778381, 644.790283, 476.494965, 167.398819,255.553726, 644.778381, 0.999982
5, 271,3,642.581482, 642.591431, 476.494965, 167.398819,255.553726, 644.778381, 0.999985
5, 271,4,522.893860, 522.896118, 476.494965, 167.398819,255.553726, 644.778381, 0.999996
5, 271,5,267.023010, 267.024994, 476.494965, 167.398819,255.553726, 644.778381, 0.999993
5, 271,6,510.501678, 510.508545, 476.494965, 167.398819,255.553726, 644.778381, 0.999987
5, 271,7,255.553726, 255.551788, 476.494965, 167.398819,255.553726, 644.778381, 1.000008
5, 272,0,443.627533, 443.632111, 476.495270, 268.313477,91.459145, 815.158936, 0.999990
5, 272,1,661.292419, 661.297729, 476.495270, 268.313477,91.459145, 815.158936, 0.999992
5, 272,2,457.928772, 457.924927, 476.495270, 268.313477,91.459145, 815.158936, 1.000008
5, 272,3,91.459145, 91.459076, 476.495270, 268.313477,91.459145, 815.158936, 1.000001
5, 272,4,138.185699, 138.185593, 476.495270, 268.313477,91.459145, 815.158936, 1.000001
5, 272,5,774.477112, 774.490845, 476.495270, 268.313477,91.459145, 815.158936, 0.999982
5, 272,6,815.158936, 815.170410, 476.495270, 268.313477,91.459145, 815.158936, 0.999986
5, 272,7,429.832703, 429.839081, 476.495270, 268.313477,91.459145, 815.158936, 0.999985
5, 273,0,1132.716431, 1132.707397, 476.503235, 434.337921,61.803547, 1132.716431, 1.000008
5, 273,1,117.019119, 117.016342, 476.503235, 434.337921,61.803547, 1132.716431, 1.000024
5, 273,2,878.302734, 878.293335, 476.503235, 434.337921,61.803547, 1132.716431, 1.000011
5, 273,3,61.803547, 61.802433, 476.503235, 434.337921,61.803547, 1132.716431, 1.000018
5, 273,4,306.203278, 306.204620, 476.503235, 434.337921,61.803547, 1132.716431, 0.999996
5, 273,5,204.715302, 204.713364, 476.503235, 434.337921,61.803547, 1132.716431, 1.000009
5, 273,6,160.734619, 160.735062, 476.503235, 434.337921,61.803547, 1132.716431, 0.999997
5, 273,7,950.530823, 950.527527, 476.503235, 434.337921,61.803547, 1132.716431, 1.000003
5, 274,0,492.947296, 492.944672, 476.502869, 137.552643,190.052856, 668.057251, 1.000005
5, 274,1,482.439636, 482.438049, 476.502869, 137.552643,190.052856, 668.057251, 1.000003
5, 274,2,668.057251, 668.054749, 476.502869, 137.552643,190.052856, 668.057251, 1.000004
5, 274,3,512.101379, 512.094482, 476.502869, 137.552643,190.052856, 668.057251, 1.000013
5, 274,4,498.265411, 498.265320, 476.502869, 137.552643,190.052856, 668.057251, 1.000000
5, 274,5,190.052856, 190.049088, 476.502869, 137.552643,190.052856, 668.057251, 1.000020
5, 274,6,560.030518, 560.025330, 476.502869, 137.552643,190.052856, 668.057251, 1.000009
5, 274,7,408.128784, 408.128510, 476.502869, 137.552643,190.052856, 668.057251, 1.000001
5, 275,0,435.639160, 435.642609, 476.495300, 132.636887,218.170700, 601.048279, 0.999992
5, 275,1,218.170700, 218.167740, 476.495300, 132.636887,218.170700, 601.048279, 1.000014
5, 275,2,571.320984, 571.325562, 476.495300, 132.636887,218.170700, 601.048279, 0.999992
5, 275,3,599.913940, 599.924988, 476.495300, 132.636887,218.170700, 601.048279, 0.999982
5, 275,4,381.748718, 381.751587, 476.495300, 132.636887,218.170700, 601.048279, 0.999992
5, 275,5,453.452667, 453.455597, 476.495300, 132.636887,218.170700, 601.048279, 0.999994
5, 275,6,550.668030, 550.677246, 476.495300, 132.636887,218.170700, 601.048279, 0.999983
5, 275,7,601.048279, 601.054993, 476.495300, 132.636887,218.170700, 601.048279, 0.999989
5, 276,0,783.636169, 783.640625, 476.497498, 285.470764,47.408276, 783.636169, 0.999994
5, 276,1,47.408276, 47.409649, 476.497498, 285.470764,47.408276, 783.636169, 0.999971
5, 276,2,85.149246, 85.149452, 476.497498, 285.470764,47.408276, 783.636169, 0.999998
5, 276,3,569.590027, 569.595459, 476.497498, 285.470764,47.408276, 783.636169, 0.999990
5, 276,4,505.468109, 505.468292, 476.497498, 285.470764,47.408276, 783.636169, 1.000000
5, 276,5,715.117188, 715.119812, 476.497498, 285.470764,47.408276, 783.636169, 0.999996
5, 276,6,378.508057, 378.509155, 476.497498, 285.470764,47.408276, 783.636169, 0.999997
5, 276,7,727.102661, 727.107117, 476.497498, 285.470764,47.408276, 783.636169, 0.999994
5, 277,0,822.414978, 822.425049, 476.495758, 348.665894,80.387131, 870.165710, 0.999988
5, 277,1,215.190445, 215.190262, 476.495758, 348.665894,80.387131, 870.165710, 1.000001
5, 277,2,266.811798, 266.810425, 476.495758, 348.665894,80.387131, 870.165710, 1.000005
5, 277,3,852.237549, 852.246216, 476.495758, 348.665894,80.387131, 870.165710, 0.999990
5, 277,4,870.165710, 870.173706, 476.495758, 348.665894,80.387131, 870.165710, 0.999991
5, 277,5,80.387131, 80.384827, 476.495758, 348.665894,80.387131, 870.165710, 1.000029
5, 277,6,612.376770, 612.386719, 476.495758, 348.665894,80.387131, 870.165710, 0.999984
5, 277,7,92.381523, 92.383026, 476.495758, 348.665894,80.387131, 870.165710, 0.999984
5, 278,0,578.867737, 578.865112, 476.502106, 184.076736,163.291275, 689.397278, 1.000005
5, 278,1,620.159912, 620.158691, 476.502106, 184.076736,163.291275, 689.397278, 1.000002
5, 278,2,473.453918, 473.451721, 476.502106, 184.076736,163.291275, 689.397278, 1.000005
5, 278,3,689.397278, 689.394287, 476.502106, 184.076736,163.291275, 689.397278, 1.000004
5, 278,4,463.980072, 463.977112, 476.502106, 184.076736,163.291275, 689.397278, 1.000006
5, 278,5,247.095169, 247.094040, 476.502106, 184.076736,163.291275, 689.397278, 1.000005
5, 278,6,575.771606, 575.768066, 476.502106, 184.076736,163.291275, 689.397278, 1.000006
5, 278,7,163.291275, 163.290985, 476.502106, 184.076736,163.291275, 689.397278, 1.000002
5, 279,0,506.423889, 506.427582, 476.495361, 190.227798,265.418579, 726.947571, 0.999993
5, 279,1,269.876617, 269.881653, 476.495361, 190.227798,265.418579, 726.947571, 0.999981
5, 279,2,726.947571, 726.957336, 476.495361, 190.227798,265.418579, 726.947571, 0.999987
5, 279,3,683.511292, 683.522949, 476.495361, 190.227798,265.418579, 726.947571, 0.999983
5, 279,4,265.418579, 265.412567, 476.495361, 190.227798,265.418579, 726.947571, 1.000023
5, 279,5,380.032837, 380.037842, 476.495361, 190.227798,265.418579, 726.947571, 0.999987
5, 279,6,331.887482, 331.892822, 476.495361, 190.227798,265.418579, 726.947571, 0.999984
5, 279,7,647.864868, 647.867126, 476.495361, 190.227798,265.418579, 726.947571, 0.999997
5, 280,0,556.510986, 556.510315, 476.499359, 385.173889,70.251244, 1113.789063, 1.000001
5, 280,1,70.251244, 70.249649, 476.499359, 385.173889,70.251244, 1113.789063, 1.000023
5, 280,2,82.254967, 82.254700, 476.499359, 385.173889,70.251244, 1113.789063, 1.000003
5, 280,3,1113.789063, 1113.791504, 476.499359, 385.173889,70.251244, 1113.789063, 0.999998
5, 280,4,344.944519, 344.944672, 476.499359, 385.173889,70.251244, 1113.789063, 1.000000
5, 280,5,534.892517, 534.893738, 476.499359, 385.173889,70.251244, 1113.789063, 0.999998
5, 280,6,923.841675, 923.842407, 476.499359, 385.173889,70.251244, 1113.789063, 0.999999
5, 280,7,185.510101, 185.513092, 476.499359, 385.173889,70.251244, 1113.789063, 0.999984
5, 281,0,284.794647, 284.799225, 476.498108, 347.616455,64.012360, 892.416321, 0.999984
5, 281,1,889.350464, 889.352112, 476.498108, 347.616455,64.012360, 892.416321, 0.999998
5, 281,2,64.012360, 64.011612, 476.498108, 347.616455,64.012360, 892.416321, 1.000012
5, 281,3,845.259033, 845.253784, 476.498108, 347.616455,64.012360, 892.416321, 1.000006
5, 281,4,216.586136, 216.591034, 476.498108, 347.616455,64.012360, 892.416321, 0.999977
5, 281,5,444.697479, 444.705933, 476.498108, 347.616455,64.012360, 892.416321, 0.999981
5, 281,6,892.416321, 892.423096, 476.498108, 347.616455,64.012360, 892.416321, 0.999992
5, 281,7,174.868317, 174.863373, 476.498108, 347.616455,64.012360, 892.416321, 1.000028
5, 282,0,351.181183, 351.181396, 476.501038, 306.560364,10.537554, 830.328857, 0.999999
5, 282,1,822.931030, 822.930237, 476.501038, 306.560364,10.537554, 830.328857, 1.000001
5, 282,2,249.131226, 249.132294, 476.501038, 306.560364,10.537554, 830.328857, 0.999996
5, 282,3,527.456726, 527.453735, 476.501038, 306.560364,10.537554, 830.328857, 1.000006
5, 282,4,261.974731, 261.974976, 476.501038, 306.560364,10.537554, 830.328857, 0.999999
5, 282,5,830.328857, 830.327332, 476.501038, 306.560364,10.537554, 830.328857, 1.000002
5, 282,6,10.537554, 10.535112, 476.501038, 306.560364,10.537554, 830.328857, 1.000232
5, 282,7,758.467102, 758.464966, 476.501038, 306.560364,10.537554, 830.328857, 1.000003
5, 283,0,272.535400, 272.533447, 476.504517, 290.196136,82.352539, 845.060974, 1.000007
5, 283,1,625.736816, 625.728210, 476.504517, 290.196136,82.352539, 845.060974, 1.000014
5, 283,2,165.279999, 165.277039, 476.504517, 290.196136,82.352539, 845.060974, 1.000018
5, 283,3,829.123718, 829.111206, 476.504517, 290.196136,82.352539, 845.060974, 1.000015
5, 283,4,82.352539, 82.358238, 476.504517, 290.196136,82.352539, 845.060974, 0.999931
5, 283,5,845.060974, 845.051636, 476.504517, 290.196136,82.352539, 845.060974, 1.000011
5, 283,6,416.998322, 416.993744, 476.504517, 290.196136,82.352539, 845.060974, 1.000011
5, 283,7,574.948364, 574.946472, 476.504517, 290.196136,82.352539, 845.060974, 1.000003
5, 284,0,859.255249, 859.242432, 476.507019, 240.895767,98.160278, 859.255249, 1.000015
5, 284,1,586.906189, 586.893127, 476.507019, 240.895767,98.160278, 859.255249, 1.000022
5, 284,2,297.407745, 297.404297, 476.507019, 240.895767,98.160278, 859.255249, 1.000012
5, 284,3,469.848633, 469.841064, 476.507019, 240.895767,98.160278, 859.255249, 1.000016
5, 284,4,331.684296, 331.683197, 476.507019, 240.895767,98.160278, 859.255249, 1.000003
5, 284,5,466.054199, 466.048401, 476.507019, 240.895767,98.160278, 859.255249, 1.000012
5, 284,6,702.739563, 702.729187, 476.507019, 240.895767,98.160278, 859.255249, 1.000015
5, 284,7,98.160278, 98.158165, 476.507019, 240.895767,98.160278, 859.255249, 1.000022
5, 285,0,938.341675, 938.346313, 476.498444, 292.697693,146.459015, 938.341675, 0.999995
5, 285,1,805.237000, 805.240906, 476.498444, 292.697693,146.459015, 938.341675, 0.999995
5, 285,2,146.459015, 146.459717, 476.498444, 292.697693,146.459015, 938.341675, 0.999995
5, 285,3,316.537140, 316.536743, 476.498444, 292.697693,146.459015, 938.341675, 1.000001
5, 285,4,237.399216, 237.395996, 476.498444, 292.697693,146.459015, 938.341675, 1.000014
5, 285,5,254.167374, 254.167770, 476.498444, 292.697693,146.459015, 938.341675, 0.999998
5, 285,6,667.118225, 667.122437, 476.498444, 292.697693,146.459015, 938.341675, 0.999994
5, 285,7,446.728027, 446.730042, 476.498444, 292.697693,146.459015, 938.341675, 0.999995
5, 286,0,738.529663, 738.533081, 476.498627, 276.079041,97.182182, 754.789551, 0.999995
5, 286,1,222.727097, 222.719788, 476.498627, 276.079041,97.182182, 754.789551, 1.000033
5, 286,2,754.789551, 754.791443, 476.498627, 276.079041,97.182182, 754.789551, 0.999997
5, 286,3,165.904785, 165.902130, 476.498627, 276.079041,97.182182, 754.789551, 1.000016
5, 286,4,566.786438, 566.793274, 476.498627, 276.079041,97.182182, 754.789551, 0.999988
5, 286,5,520.067810, 520.072144, 476.498627, 276.079041,97.182182, 754.789551, 0.999992
5, 286,6,746.001404, 746.006531, 476.498627, 276.079041,97.182182, 754.789551, 0.999993
5, 286,7,97.182182, 97.181458, 476.498627, 276.079041,97.182182, 754.789551, 1.000008
5, 287,0,722.412231, 722.413391, 476.499512, 284.295044,58.333370, 833.214050, 0.999998
5, 287,1,700.455200, 700.454895, 476.499512, 284.295044,58.333370, 833.214050, 1.000000
5, 287,2,291.947327, 291.947998, 476.499512, 284.295044,58.333370, 833.214050, 0.999998
5, 287,3,58.333370, 58.334682, 476.499512, 284.295044,58.333370, 833.214050, 0.999978
5, 287,4,662.038269, 662.040283, 476.499512, 284.295044,58.333370, 833.214050, 0.999997
5, 287,5,291.014771, 291.017975, 476.499512, 284.295044,58.333370, 833.214050, 0.999989
5, 287,6,833.214050, 833.213745, 476.499512, 284.295044,58.333370, 833.214050, 1.000000
5, 287,7,252.580795, 252.577576, 476.499512, 284.295044,58.333370, 833.214050, 1.000013
5, 288,0,529.568909, 529.563232, 476.502106, 327.268158,103.189217, 1025.356934, 1.000011
5, 288,1,324.711060, 324.711060, 476.502106, 327.268158,103.189217, 1025.356934, 1.000000
5, 288,2,350.987396, 350.987183, 476.502106, 327.268158,103.189217, 1025.356934, 1.000001
5, 288,3,172.220764, 172.220901, 476.502106, 327.268158,103.189217, 1025.356934, 0.999999
5, 288,4,890.301636, 890.297180, 476.502106, 327.268158,103.189217, 1025.356934, 1.000005
5, 288,5,103.189217, 103.186684, 476.502106, 327.268158,103.189217, 1025.356934, 1.000025
5, 288,6,415.681061, 415.679016, 476.502106, 327.268158,103.189217, 1025.356934, 1.000005
5, 288,7,1025.356934, 1025.354492, 476.502106, 327.268158,103.189217, 1025.356934, 1.000002
5, 289,0,736.981079, 736.981018, 476.497040, 391.389130,39.801449, 1273.890991, 1.000000
5, 289,1,102.592781, 102.592323, 476.497040, 391.389130,39.801449, 1273.890991, 1.000004
5, 289,2,1273.890991, 1273.899780, 476.497040, 391.389130,39.801449, 1273.890991, 0.999993
5, 289,3,384.450531, 384.454834, 476.497040, 391.389130,39.801449, 1273.890991, 0.999989
5, 289,4,39.801449, 39.807976, 476.497040, 391.389130,39.801449, 1273.890991, 0.999836
5, 289,5,312.122162, 312.123596, 476.497040, 391.389130,39.801449, 1273.890991, 0.999995
5, 289,6,445.233917, 445.238098, 476.497040, 391.389130,39.801449, 1273.890991, 0.999991
5, 289,7,516.903503, 516.902344, 476.497040, 391.389130,39.801449, 1273.890991, 1.000002
5, 290,0,349.874695, 349.869232, 476.504333, 307.446808,47.352970, 837.428589, 1.000016
5, 290,1,632.224976, 632.219604, 476.504333, 307.446808,47.352970, 837.428589, 1.000008
5, 290,2,459.989807, 459.985840, 476.504333, 307.446808,47.352970, 837.428589, 1.000009
5, 290,3,646.961609, 646.955627, 476.504333, 307.446808,47.352970, 837.428589, 1.000009
5, 290,4,837.428589, 837.421143, 476.504333, 307.446808,47.352970, 837.428589, 1.000009
5, 290,5,47.352970, 47.350922, 476.504333, 307.446808,47.352970, 837.428589, 1.000043
5, 290,6,50.980881, 50.981144, 476.504333, 307.446808,47.352970, 837.428589, 0.999995
5, 290,7,787.221130, 787.216553, 476.504333, 307.446808,47.352970, 837.428589, 1.000006
5, 291,0,980.156982, 980.152893, 476.500916, 291.515442,97.981018, 980.156982, 1.000004
5, 291,1,97.981018, 97.982651, 476.500916, 291.515442,97.981018, 980.156982, 0.999983
5, 291,2,797.004089, 797.002197, 476.500916, 291.515442,97.981018, 980.156982, 1.000002
5, 291,3,533.181824, 533.177612, 476.500916, 291.515442,97.981018, 980.156982, 1.000008
5, 291,4,273.116241, 273.115326, 476.500916, 291.515442,97.981018, 980.156982, 1.000003
5, 291,5,463.448120, 463.451447, 476.500916, 291.515442,97.981018, 980.156982, 0.999993
5, 291,6,264.324921, 264.326294, 476.500916, 291.515442,97.981018, 980.156982, 0.999995
5, 291,7,402.794220, 402.791809, 476.500916, 291.515442,97.981018, 980.156982, 1.000006
5, 292,0,646.875671, 646.866760, 476.503326, 141.540131,222.759659, 646.875671, 1.000014
5, 292,1,365.187439, 365.185333, 476.503326, 141.540131,222.759659, 646.875671, 1.000006
5, 292,2,222.759659, 222.761932, 476.503326, 141.540131,222.759659, 646.875671, 0.999990
5, 292,3,495.058685, 495.056091, 476.503326, 141.540131,222.759659, 646.875671, 1.000005
5, 292,4,553.631348, 553.627869, 476.503326, 141.540131,222.759659, 646.875671, 1.000006
5, 292,5,454.760010, 454.756653, 476.503326, 141.540131,222.759659, 646.875671, 1.000007
5, 292,6,637.811768, 637.807007, 476.503326, 141.540131,222.759659, 646.875671, 1.000008
5, 292,7,435.942108, 435.938629, 476.503326, 141.540131,222.759659, 646.875671, 1.000008
5, 293,0,366.989624, 366.986969, 476.501892, 210.202271,46.981350, 717.505432, 1.000007
5, 293,1,717.505432, 717.500061, 476.501892, 210.202271,46.981350, 717.505432, 1.000008
5, 293,2,555.421082, 555.417236, 476.501892, 210.202271,46.981350, 717.505432, 1.000007
5, 293,3,519.219788, 519.216370, 476.501892, 210.202271,46.981350, 717.505432, 1.000007
5, 293,4,46.981350, 46.986317, 476.501892, 210.202271,46.981350, 717.505432, 0.999894
5, 293,5,681.706543, 681.703857, 476.501892, 210.202271,46.981350, 717.505432, 1.000004
5, 293,6,507.671692, 507.672974, 476.501892, 210.202271,46.981350, 717.505432, 0.999997
5, 293,7,416.519653, 416.516235, 476.501892, 210.202271,46.981350, 717.505432, 1.000008
5, 294,0,139.974396, 139.972198, 476.501495, 334.651978,127.597336, 963.133484, 1.000016
5, 294,1,398.004730, 398.010864, 476.501495, 334.651978,127.597336, 963.133484, 0.999985
5, 294,2,529.227722, 529.221802, 476.501495, 334.651978,127.597336, 963.133484, 1.000011
5, 294,3,917.607971, 917.613770, 476.501495, 334.651978,127.597336, 963.133484, 0.999994
5, 294,4,963.133484, 963.129456, 476.501495, 334.651978,127.597336, 963.133484, 1.000004
5, 294,5,574.615662, 574.610413, 476.501495, 334.651978,127.597336, 963.133484, 1.000009
5, 294,6,161.850571, 161.856567, 476.501495, 334.651978,127.597336, 963.133484, 0.999963
5, 294,7,127.597336, 127.584824, 476.501495, 334.651978,127.597336, 963.133484, 1.000098
5, 295,0,605.437988, 605.441101, 476.498932, 209.468140,179.411163, 851.896912, 0.999995
5, 295,1,478.971710, 478.971649, 476.498932, 209.468140,179.411163, 851.896912, 1.000000
5, 295,2,466.379547, 466.382111, 476.498932, 209.468140,179.411163, 851.896912, 0.999995
5, 295,3,370.731995, 370.733337, 476.498932, 209.468140,179.411163, 851.896912, 0.999996
5, 295,4,278.533875, 278.532257, 476.498932, 209.468140,179.411163, 851.896912, 1.000006
5, 295,5,179.411163, 179.409607, 476.498932, 209.468140,179.411163, 851.896912, 1.000009
5, 295,6,580.628113, 580.627808, 476.498932, 209.468140,179.411163, 851.896912, 1.000000
5, 295,7,851.896912, 851.902649, 476.498932, 209.468140,179.411163, 851.896912, 0.999993
5, 296,0,110.293732, 110.294159, 476.498016, 340.287628,38.773869, 949.502747, 0.999996
5, 296,1,340.929657, 340.931213, 476.498016, 340.287628,38.773869, 949.502747, 0.999995
5, 296,2,38.773869, 38.772667, 476.498016, 340.287628,38.773869, 949.502747, 1.000031
5, 296,3,850.787109, 850.787659, 476.498016, 340.287628,38.773869, 949.502747, 0.999999
5, 296,4,949.502747, 949.501953, 476.498016, 340.287628,38.773869, 949.502747, 1.000001
5, 296,5,731.287231, 731.291504, 476.498016, 340.287628,38.773869, 949.502747, 0.999994
5, 296,6,505.934998, 505.941101, 476.498016, 340.287628,38.773869, 949.502747, 0.999988
5, 296,7,284.474884, 284.479675, 476.498016, 340.287628,38.773869, 949.502747, 0.999983
5, 297,0,660.616455, 660.617615, 476.499512, 233.542892,64.210190, 794.594666, 0.999998
5, 297,1,526.372253, 526.371765, 476.499512, 233.542892,64.210190, 794.594666, 1.000001
5, 297,2,246.146561, 246.147736, 476.499512, 233.542892,64.210190, 794.594666, 0.999995
5, 297,3,64.210190, 64.209946, 476.499512, 233.542892,64.210190, 794.594666, 1.000004
5, 297,4,400.165344, 400.168915, 476.499512, 233.542892,64.210190, 794.594666, 0.999991
5, 297,5,586.655945, 586.656982, 476.499512, 233.542892,64.210190, 794.594666, 0.999998
5, 297,6,794.594666, 794.592896, 476.499512, 233.542892,64.210190, 794.594666, 1.000002
5, 297,7,533.234375, 533.234131, 476.499512, 233.542892,64.210190, 794.594666, 1.000000
5, 298,0,928.553711, 928.565430, 476.494598, 342.962250,42.050117, 996.458435, 0.999987
5, 298,1,328.904572, 328.906219, 476.494598, 342.962250,42.050117, 996.458435, 0.999995
5, 298,2,42.050117, 42.051373, 476.494598, 342.962250,42.050117, 996.458435, 0.999970
5, 298,3,493.332581, 493.329376, 476.494598, 342.962250,42.050117, 996.458435, 1.000006
5, 298,4,480.197662, 480.207031, 476.494598, 342.962250,42.050117, 996.458435, 0.999981
5, 298,5,996.458435, 996.473572, 476.494598, 342.962250,42.050117, 996.458435, 0.999985
5, 298,6,107.595345, 107.597565, 476.494598, 342.962250,42.050117, 996.458435, 0.999979
5, 298,7,434.864014, 434.869293, 476.494598, 342.962250,42.050117, 996.458435, 0.999988
5, 299,0,420.791168, 420.791443, 476.501343, 236.972992,52.368172, 778.548828, 0.999999
5, 299,1,52.368172, 52.370266, 476.501343, 236.972992,52.368172, 778.548828, 0.999960
5, 299,2,235.642426, 235.641190, 476.501343, 236.972992,52.368172, 778.548828, 1.000005
5, 299,3,778.548828, 778.546814, 476.501343, 236.972992,52.368172, 778.548828, 1.000003
5, 299,4,491.866180, 491.864136, 476.501343, 236.972992,52.368172, 778.548828, 1.000004
5, 299,5,660.397339, 660.393311, 476.501343, 236.972992,52.368172, 778.548828, 1.000006
5, 299,6,623.174255, 623.172913, 476.501343, 236.972992,52.368172, 778.548828, 1.000002
5, 299,7,549.222168, 549.220154, 476.501343, 236.972992,52.368172, 778.548828, 1.000004
5, 300,0,448.272339, 448.269592, 476.506348, 212.174149,141.836304, 772.726563, 1.000006
5, 300,1,572.507507, 572.496216, 476.506348, 212.174149,141.836304, 772.726563, 1.000020
5, 300,2,772.726563, 772.719360, 476.506348, 212.174149,141.836304, 772.726563, 1.000009
5, 300,3,377.737152, 377.733032, 476.506348, 212.174149,141.836304, 772.726563, 1.000011
5, 300,4,141.836304, 141.833206, 476.506348, 212.174149,141.836304, 772.726563, 1.000022
5, 300,5,259.996155, 259.993103, 476.506348, 212.174149,141.836304, 772.726563, 1.000012
5, 300,6,556.869873, 556.862854, 476.506348, 212.174149,141.836304, 772.726563, 1.000013
5, 300,7,682.105286, 682.092773, 476.506348, 212.174149,141.836304, 772.726563, 1.000018
5, 301,0,283.384613, 283.388672, 476.495117, 306.308838,145.456863, 1055.283203, 0.999986
5, 301,1,574.125061, 574.136414, 476.495117, 306.308838,145.456863, 1055.283203, 0.999980
5, 301,2,251.716568, 251.720108, 476.495117, 306.308838,145.456863, 1055.283203, 0.999986
5, 301,3,257.451111, 257.450623, 476.495117, 306.308838,145.456863, 1055.283203, 1.000002
5, 301,4,511.901886, 511.905151, 476.495117, 306.308838,145.456863, 1055.283203, 0.999994
5, 301,5,732.641846, 732.646912, 476.495117, 306.308838,145.456863, 1055.283203, 0.999993
5, 301,6,1055.283203, 1055.297729, 476.495117, 306.308838,145.456863, 1055.283203, 0.999986
5, 301,7,145.456863, 145.454407, 476.495117, 306.308838,145.456863, 1055.283203, 1.000017
5, 302,0,611.662903, 611.663696, 476.498718, 267.652496,203.008698, 781.617981, 0.999999
5, 302,1,255.463303, 255.464508, 476.498718, 267.652496,203.008698, 781.617981, 0.999995
5, 302,2,768.269287, 768.269897, 476.498718, 267.652496,203.008698, 781.617981, 0.999999
5, 302,3,258.121002, 258.119263, 476.498718, 267.652496,203.008698, 781.617981, 1.000007
5, 302,4,203.008698, 203.007202, 476.498718, 267.652496,203.008698, 781.617981, 1.000007
5, 302,5,208.619049, 208.623047, 476.498718, 267.652496,203.008698, 781.617981, 0.999981
5, 302,6,781.617981, 781.620300, 476.498718, 267.652496,203.008698, 781.617981, 0.999997
5, 302,7,725.227661, 725.231934, 476.498718, 267.652496,203.008698, 781.617981, 0.999994
5, 303,0,304.302734, 304.300110, 476.500519, 227.177856,255.741119, 845.298096, 1.000009
5, 303,1,255.741119, 255.743423, 476.500519, 227.177856,255.741119, 845.298096, 0.999991
5, 303,2,389.228607, 389.227051, 476.500519, 227.177856,255.741119, 845.298096, 1.000004
5, 303,3,381.516388, 381.512177, 476.500519, 227.177856,255.741119, 845.298096, 1.000011
5, 303,4,737.469299, 737.468506, 476.500519, 227.177856,255.741119, 845.298096, 1.000001
5, 303,5,845.298096, 845.288269, 476.500519, 227.177856,255.741119, 845.298096, 1.000012
5, 303,6,275.099091, 275.109436, 476.500519, 227.177856,255.741119, 845.298096, 0.999962
5, 303,7,623.348816, 623.350891, 476.500519, 227.177856,255.741119, 845.298096, 0.999997
5, 304,0,199.909760, 199.905396, 476.506012, 297.870331,163.933273, 982.962463, 1.000022
5, 304,1,513.659302, 513.645874, 476.506012, 297.870331,163.933273, 982.962463, 1.000026
5, 304,2,418.304291, 418.302185, 476.506012, 297.870331,163.933273, 982.962463, 1.000005
5, 304,3,552.015259, 552.006836, 476.506012, 297.870331,163.933273, 982.962463, 1.000015
5, 304,4,163.933273, 163.928009, 476.506012, 297.870331,163.933273, 982.962463, 1.000032
5, 304,5,790.226074, 790.217224, 476.506012, 297.870331,163.933273, 982.962463, 1.000011
5, 304,6,191.037918, 191.041397, 476.506012, 297.870331,163.933273, 982.962463, 0.999982
5, 304,7,982.962463, 982.953125, 476.506012, 297.870331,163.933273, 982.962463, 1.000010
5, 305,0,545.887207, 545.889771, 476.497375, 130.980377,233.061325, 633.714355, 0.999995
5, 305,1,355.588165, 355.585205, 476.497375, 130.980377,233.061325, 633.714355, 1.000008
5, 305,2,416.853241, 416.858093, 476.497375, 130.980377,233.061325, 633.714355, 0.999988
5, 305,3,551.757446, 551.765259, 476.497375, 130.980377,233.061325, 633.714355, 0.999986
5, 305,4,633.714355, 633.716858, 476.497375, 130.980377,233.061325, 633.714355, 0.999996
5, 305,5,537.927795, 537.934998, 476.497375, 130.980377,233.061325, 633.714355, 0.999987
5, 305,6,233.061325, 233.058502, 476.497375, 130.980377,233.061325, 633.714355, 1.000012
5, 305,7,537.189636, 537.191040, 476.497375, 130.980377,233.061325, 633.714355, 0.999997
5, 306,0,216.990250, 216.988007, 476.505005, 253.654724,124.825470, 745.114014, 1.000010
5, 306,1,745.114014, 745.113525, 476.505005, 253.654724,124.825470, 745.114014, 1.000001
5, 306,2,460.337463, 460.335571, 476.505005, 253.654724,124.825470, 745.114014, 1.000004
5, 306,3,228.554077, 228.554825, 476.505005, 253.654724,124.825470, 745.114014, 0.999997
5, 306,4,721.244080, 721.232117, 476.505005, 253.654724,124.825470, 745.114014, 1.000017
5, 306,5,662.972290, 662.953918, 476.505005, 253.654724,124.825470, 745.114014, 1.000028
5, 306,6,652.002747, 651.994629, 476.505005, 253.654724,124.825470, 745.114014, 1.000012
5, 306,7,124.825470, 124.827164, 476.505005, 253.654724,124.825470, 745.114014, 0.999986
5, 307,0,226.358475, 226.358780, 476.500763, 253.427322,89.578850, 760.504578, 0.999999
5, 307,1,401.201538, 401.197449, 476.500763, 253.427322,89.578850, 760.504578, 1.000010
5, 307,2,601.805359, 601.805542, 476.500763, 253.427322,89.578850, 760.504578, 1.000000
5, 307,3,666.481567, 666.481628, 476.500763, 253.427322,89.578850, 760.504578, 1.000000
5, 307,4,89.578850, 89.578400, 476.500763, 253.427322,89.578850, 760.504578, 1.000005
5, 307,5,748.424927, 748.421509, 476.500763, 253.427322,89.578850, 760.504578, 1.000005
5, 307,6,760.504578, 760.503845, 476.500763, 253.427322,89.578850, 760.504578, 1.000001
5, 307,7,317.650818, 317.652679, 476.500763, 253.427322,89.578850, 760.504578, 0.999994
5, 308,0,95.182243, 95.175247, 476.500580, 267.362915,95.182243, 805.553772, 1.000074
5, 308,1,720.021851, 720.022949, 476.500580, 267.362915,95.182243, 805.553772, 0.999998
5, 308,2,700.210083, 700.212402, 476.500580, 267.362915,95.182243, 805.553772, 0.999997
5, 308,3,528.945435, 528.945129, 476.500580, 267.362915,95.182243, 805.553772, 1.000001
5, 308,4,336.212799, 336.212311, 476.500580, 267.362915,95.182243, 805.553772, 1.000001
5, 308,5,137.701599, 137.699203, 476.500580, 267.362915,95.182243, 805.553772, 1.000017
5, 308,6,488.176697, 488.178162, 476.500580, 267.362915,95.182243, 805.553772, 0.999997
5, 308,7,805.553772, 805.554626, 476.500580, 267.362915,95.182243, 805.553772, 0.999999
5, 309,0,151.643845, 151.643051, 476.498169, 354.084625,65.251564, 965.416748, 1.000005
5, 309,1,719.590576, 719.592712, 476.498169, 354.084625,65.251564, 965.416748, 0.999997
5, 309,2,526.141602, 526.143921, 476.498169, 354.084625,65.251564, 965.416748, 0.999996
5, 309,3,965.416748, 965.421082, 476.498169, 354.084625,65.251564, 965.416748, 0.999996
5, 309,4,65.251564, 65.249207, 476.498169, 354.084625,65.251564, 965.416748, 1.000036
5, 309,5,902.360779, 902.366577, 476.498169, 354.084625,65.251564, 965.416748, 0.999994
5, 309,6,170.427139, 170.429321, 476.498169, 354.084625,65.251564, 965.416748, 0.999987
5, 309,7,311.153076, 311.154114, 476.498169, 354.084625,65.251564, 965.416748, 0.999997
5, 310,0,634.744995, 634.747803, 476.497131, 260.883636,105.475914, 916.695007, 0.999996
5, 310,1,916.695007, 916.710754, 476.497131, 260.883636,105.475914, 916.695007, 0.999983
5, 310,2,265.639740, 265.632751, 476.497131, 260.883636,105.475914, 916.695007, 1.000026
5, 310,3,439.478912, 439.485931, 476.497131, 260.883636,105.475914, 916.695007, 0.999984
5, 310,4,105.475914, 105.477776, 476.497131, 260.883636,105.475914, 916.695007, 0.999982
5, 310,5,541.607849, 541.607788, 476.497131, 260.883636,105.475914, 916.695007, 1.000000
5, 310,6,268.586151, 268.585632, 476.497131, 260.883636,105.475914, 916.695007, 1.000002
5, 310,7,639.748535, 639.751404, 476.497131, 260.883636,105.475914, 916.695007, 0.999996
5, 311,0,355.290649, 355.294891, 476.492920, 401.930817,27.918373, 1333.155884, 0.999988
5, 311,1,176.324371, 176.325150, 476.492920, 401.930817,27.918373, 1333.155884, 0.999996
5, 311,2,340.950317, 340.960938, 476.492920, 401.930817,27.918373, 1333.155884, 0.999969
5, 311,3,1333.155884, 1333.178223, 476.492920, 401.930817,27.918373, 1333.155884, 0.999983
5, 311,4,338.910400, 338.913208, 476.492920, 401.930817,27.918373, 1333.155884, 0.999992
5, 311,5,699.199585, 699.207581, 476.492920, 401.930817,27.918373, 1333.155884, 0.999989
5, 311,6,27.918373, 27.917452, 476.492920, 401.930817,27.918373, 1333.155884, 1.000033
5, 311,7,540.193909, 540.203003, 476.492920, 401.930817,27.918373, 1333.155884, 0.999983
5, 312,0,63.798252, 63.793213, 476.500336, 237.137146,63.798252, 697.404358, 1.000079
5, 312,1,245.078857, 245.081299, 476.500336, 237.137146,63.798252, 697.404358, 0.999990
5, 312,2,686.751404, 686.751892, 476.500336, 237.137146,63.798252, 697.404358, 0.999999
5, 312,3,697.404358, 697.402649, 476.500336, 237.137146,63.798252, 697.404358, 1.000003
5, 312,4,348.242371, 348.241119, 476.500336, 237.137146,63.798252, 697.404358, 1.000004
5, 312,5,481.823181, 481.825378, 476.500336, 237.137146,63.798252, 697.404358, 0.999995
5, 312,6,688.390320, 688.392212, 476.500336, 237.137146,63.798252, 697.404358, 0.999997
5, 312,7,600.513733, 600.512024, 476.500336, 237.137146,63.798252, 697.404358, 1.000003
5, 313,0,712.297607, 712.295593, 476.501923, 261.750732,120.581947, 776.215637, 1.000003
5, 313,1,120.581947, 120.581467, 476.501923, 261.750732,120.581947, 776.215637, 1.000004
5, 313,2,776.215637, 776.213989, 476.501923, 261.750732,120.581947, 776.215637, 1.000002
5, 313,3,564.882080, 564.877319, 476.501923, 261.750732,120.581947, 776.215637, 1.000008
5, 313,4,352.119446, 352.116608, 476.501923, 261.750732,120.581947, 776.215637, 1.000008
5, 313,5,770.332092, 770.327759, 476.501923, 261.750732,120.581947, 776.215637, 1.000006
5, 313,6,290.975708, 290.975189, 476.501923, 261.750732,120.581947, 776.215637, 1.000002
5, 313,7,224.611084, 224.612076, 476.501923, 261.750732,120.581947, 776.215637, 0.999996
5, 314,0,633.495789, 633.498901, 476.498810, 194.197845,106.220200, 739.079529, 0.999995
5, 314,1,568.255676, 568.259705, 476.498810, 194.197845,106.220200, 739.079529, 0.999993
5, 314,2,463.246246, 463.248688, 476.498810, 194.197845,106.220200, 739.079529, 0.999995
5, 314,3,322.347809, 322.349030, 476.498810, 194.197845,106.220200, 739.079529, 0.999996
5, 314,4,106.220200, 106.217201, 476.498810, 194.197845,106.220200, 739.079529, 1.000028
5, 314,5,739.079529, 739.080872, 476.498810, 194.197845,106.220200, 739.079529, 0.999998
5, 314,6,472.612854, 472.613464, 476.498810, 194.197845,106.220200, 739.079529, 0.999999
5, 314,7,506.732330, 506.732056, 476.498810, 194.197845,106.220200, 739.079529, 1.000001
5, 315,0,141.899231, 141.898193, 476.499054, 338.374908,52.850739, 986.256531, 1.000007
5, 315,1,986.256531, 986.265381, 476.499054, 338.374908,52.850739, 986.256531, 0.999991
5, 315,2,938.912781, 938.913330, 476.499054, 338.374908,52.850739, 986.256531, 0.999999
5, 315,3,442.638580, 442.638580, 476.499054, 338.374908,52.850739, 986.256531, 1.000000
5, 315,4,289.174500, 289.174072, 476.499054, 338.374908,52.850739, 986.256531, 1.000001
5, 315,5,472.862762, 472.862640, 476.499054, 338.374908,52.850739, 986.256531, 1.000000
5, 315,6,487.396912, 487.396454, 476.499054, 338.374908,52.850739, 986.256531, 1.000001
5, 315,7,52.850739, 52.851284, 476.499054, 338.374908,52.850739, 986.256531, 0.999990
5, 316,0,152.533340, 152.533386, 476.496948, 299.091003,152.533340, 925.052002, 1.000000
5, 316,1,925.052002, 925.058533, 476.496948, 299.091003,152.533340, 925.052002, 0.999993
5, 316,2,758.896179, 758.903748, 476.496948, 299.091003,152.533340, 925.052002, 0.999990
5, 316,3,357.494720, 357.499542, 476.496948, 299.091003,152.533340, 925.052002, 0.999987
5, 316,4,779.852966, 779.854126, 476.496948, 299.091003,152.533340, 925.052002, 0.999999
5, 316,5,175.155930, 175.157227, 476.496948, 299.091003,152.533340, 925.052002, 0.999993
5, 316,6,306.587494, 306.587891, 476.496948, 299.091003,152.533340, 925.052002, 0.999999
5, 316,7,356.402985, 356.405365, 476.496948, 299.091003,152.533340, 925.052002, 0.999993
5, 317,0,435.392853, 435.391266, 476.502075, 149.950043,262.449524, 774.515564, 1.000004
5, 317,1,542.691895, 542.686829, 476.502075, 149.950043,262.449524, 774.515564, 1.000009
5, 317,2,427.063019, 427.060974, 476.502075, 149.950043,262.449524, 774.515564, 1.000005
5, 317,3,462.828156, 462.826202, 476.502075, 149.950043,262.449524, 774.515564, 1.000004
5, 317,4,774.515564, 774.512085, 476.502075, 149.950043,262.449524, 774.515564, 1.000005
5, 317,5,534.184021, 534.182007, 476.502075, 149.950043,262.449524, 774.515564, 1.000004
5, 317,6,262.449524, 262.451324, 476.502075, 149.950043,262.449524, 774.515564, 0.999993
5, 317,7,372.891602, 372.889465, 476.502075, 149.950043,262.449524, 774.515564, 1.000006
5, 318,0,600.016724, 600.017090, 476.499786, 210.777359,191.593246, 832.461426, 0.999999
5, 318,1,620.205566, 620.206482, 476.499786, 210.777359,191.593246, 832.461426, 0.999999
5, 318,2,832.461426, 832.460815, 476.499786, 210.777359,191.593246, 832.461426, 1.000001
5, 318,3,279.334015, 279.331940, 476.499786, 210.777359,191.593246, 832.461426, 1.000007
5, 318,4,354.140259, 354.141754, 476.499786, 210.777359,191.593246, 832.461426, 0.999996
5, 318,5,191.593246, 191.593124, 476.499786, 210.777359,191.593246, 832.461426, 1.000001
5, 318,6,385.946594, 385.947784, 476.499786, 210.777359,191.593246, 832.461426, 0.999997
5, 318,7,548.300720, 548.300903, 476.499786, 210.777359,191.593246, 832.461426, 1.000000
5, 319,0,404.713989, 404.708801, 476.505615, 178.971985,98.262558, 640.558228, 1.000013
5, 319,1,612.032166, 612.023987, 476.505615, 178.971985,98.262558, 640.558228, 1.000013
5, 319,2,640.558228, 640.545654, 476.505615, 178.971985,98.262558, 640.558228, 1.000020
5, 319,3,98.262558, 98.264633, 476.505615, 178.971985,98.262558, 640.558228, 0.999979
5, 319,4,394.432526, 394.432312, 476.505615, 178.971985,98.262558, 640.558228, 1.000001
5, 319,5,542.296692, 542.287598, 476.505615, 178.971985,98.262558, 640.558228, 1.000017
5, 319,6,506.259766, 506.254517, 476.505615, 178.971985,98.262558, 640.558228, 1.000010
5, 319,7,613.489136, 613.482727, 476.505615, 178.971985,98.262558, 640.558228, 1.000010
5, 320,0,666.606567, 666.597290, 476.503387, 318.406860,40.741390, 834.895020, 1.000014
5, 320,1,292.515259, 292.515503, 476.503387, 318.406860,40.741390, 834.895020, 0.999999
5, 320,2,834.895020, 834.885315, 476.503387, 318.406860,40.741390, 834.895020, 1.000012
5, 320,3,692.579041, 692.574707, 476.503387, 318.406860,40.741390, 834.895020, 1.000006
5, 320,4,448.013611, 448.012238, 476.503387, 318.406860,40.741390, 834.895020, 1.000003
5, 320,5,40.741390, 40.741394, 476.503387, 318.406860,40.741390, 834.895020, 1.000000
5, 320,6,783.776001, 783.772461, 476.503387, 318.406860,40.741390, 834.895020, 1.000005
5, 320,7,52.900135, 52.901093, 476.503387, 318.406860,40.741390, 834.895020, 0.999982
5, 321,0,606.347107, 606.352600, 476.498169, 285.619141,143.198120, 892.108398, 0.999991
5, 321,1,231.043793, 231.042648, 476.498169, 285.619141,143.198120, 892.108398, 1.000005
5, 321,2,711.467651, 711.469055, 476.498169, 285.619141,143.198120, 892.108398, 0.999998
5, 321,3,143.198120, 143.194824, 476.498169, 285.619141,143.198120, 892.108398, 1.000023
5, 321,4,177.949677, 177.950821, 476.498169, 285.619141,143.198120, 892.108398, 0.999994
5, 321,5,892.108398, 892.118103, 476.498169, 285.619141,143.198120, 892.108398, 0.999989
5, 321,6,350.171844, 350.170868, 476.498169, 285.619141,143.198120, 892.108398, 1.000003
5, 321,7,699.698608, 699.701233, 476.498169, 285.619141,143.198120, 892.108398, 0.999996
5, 322,0,649.050537, 649.058472, 476.494812, 263.396729,153.054047, 857.638794, 0.999988
5, 322,1,683.478760, 683.491394, 476.494812, 263.396729,153.054047, 857.638794, 0.999982
5, 322,2,584.214172, 584.221497, 476.494812, 263.396729,153.054047, 857.638794, 0.999987
5, 322,3,230.105576, 230.106949, 476.494812, 263.396729,153.054047, 857.638794, 0.999994
5, 322,4,175.125549, 175.122543, 476.494812, 263.396729,153.054047, 857.638794, 1.000017
5, 322,5,153.054047, 153.047516, 476.494812, 263.396729,153.054047, 857.638794, 1.000043
5, 322,6,857.638794, 857.653870, 476.494812, 263.396729,153.054047, 857.638794, 0.999982
5, 322,7,479.291382, 479.297394, 476.494812, 263.396729,153.054047, 857.638794, 0.999987
5, 323,0,529.578735, 529.584045, 476.493958, 283.124115,152.182251, 1032.367798, 0.999990
5, 323,1,436.411499, 436.416962, 476.493958, 283.124115,152.182251, 1032.367798, 0.999987
5, 323,2,1032.367798, 1032.387207, 476.493958, 283.124115,152.182251, 1032.367798, 0.999981
5, 323,3,381.170532, 381.172974, 476.493958, 283.124115,152.182251, 1032.367798, 0.999994
5, 323,4,152.182251, 152.180527, 476.493958, 283.124115,152.182251, 1032.367798, 1.000011
5, 323,5,301.834869, 301.837677, 476.493958, 283.124115,152.182251, 1032.367798, 0.999991
5, 323,6,262.706757, 262.710022, 476.493958, 283.124115,152.182251, 1032.367798, 0.999988
5, 323,7,715.699036, 715.710510, 476.493958, 283.124115,152.182251, 1032.367798, 0.999984
5, 324,0,1190.170410, 1190.174072, 476.497742, 500.511932,15.816641, 1280.658081, 0.999997
5, 324,1,452.404083, 452.402679, 476.497742, 500.511932,15.816641, 1280.658081, 1.000003
5, 324,2,109.854454, 109.858208, 476.497742, 500.511932,15.816641, 1280.658081, 0.999966
5, 324,3,482.054626, 482.060944, 476.497742, 500.511932,15.816641, 1280.658081, 0.999987
5, 324,4,15.816641, 15.810247, 476.497742, 500.511932,15.816641, 1280.658081, 1.000404
5, 324,5,1280.658081, 1280.666504, 476.497742, 500.511932,15.816641, 1280.658081, 0.999993
5, 324,6,251.290497, 251.298706, 476.497742, 500.511932,15.816641, 1280.658081, 0.999967
5, 324,7,29.732801, 29.728827, 476.497742, 500.511932,15.816641, 1280.658081, 1.000134
5, 325,0,401.578674, 401.572083, 476.506226, 235.779114,131.539749, 770.702271, 1.000016
5, 325,1,770.702271, 770.689087, 476.506226, 235.779114,131.539749, 770.702271, 1.000017
5, 325,2,233.443848, 233.442780, 476.506226, 235.779114,131.539749, 770.702271, 1.000005
5, 325,3,357.504395, 357.499634, 476.506226, 235.779114,131.539749, 770.702271, 1.000013
5, 325,4,681.311157, 681.301147, 476.506226, 235.779114,131.539749, 770.702271, 1.000015
5, 325,5,511.314789, 511.307404, 476.506226, 235.779114,131.539749, 770.702271, 1.000014
5, 325,6,131.539749, 131.543793, 476.506226, 235.779114,131.539749, 770.702271, 0.999969
5, 325,7,724.654846, 724.643982, 476.506226, 235.779114,131.539749, 770.702271, 1.000015
5, 326,0,64.228310, 64.222931, 476.497070, 392.130219,64.228310, 1189.092651, 1.000084
5, 326,1,1189.092651, 1189.104492, 476.497070, 392.130219,64.228310, 1189.092651, 0.999990
5, 326,2,113.994034, 113.989189, 476.497070, 392.130219,64.228310, 1189.092651, 1.000043
5, 326,3,105.432343, 105.427666, 476.497070, 392.130219,64.228310, 1189.092651, 1.000044
5, 326,4,759.845398, 759.855896, 476.497070, 392.130219,64.228310, 1189.092651, 0.999986
5, 326,5,429.905212, 429.905243, 476.497070, 392.130219,64.228310, 1189.092651, 1.000000
5, 326,6,692.525208, 692.536560, 476.497070, 392.130219,64.228310, 1189.092651, 0.999984
5, 326,7,456.953491, 456.958038, 476.497070, 392.130219,64.228310, 1189.092651, 0.999990
5, 327,0,745.761597, 745.761292, 476.497620, 258.503632,57.304703, 795.279846, 1.000000
5, 327,1,555.989807, 555.995667, 476.497620, 258.503632,57.304703, 795.279846, 0.999989
5, 327,2,638.424683, 638.425232, 476.497620, 258.503632,57.304703, 795.279846, 0.999999
5, 327,3,233.842117, 233.841675, 476.497620, 258.503632,57.304703, 795.279846, 1.000002
5, 327,4,795.279846, 795.282227, 476.497620, 258.503632,57.304703, 795.279846, 0.999997
5, 327,5,57.304703, 57.307625, 476.497620, 258.503632,57.304703, 795.279846, 0.999949
5, 327,6,471.594727, 471.595947, 476.497620, 258.503632,57.304703, 795.279846, 0.999997
5, 327,7,313.783417, 313.790344, 476.497620, 258.503632,57.304703, 795.279846, 0.999978
5, 328,0,545.459412, 545.467896, 476.494385, 255.465073,112.511055, 858.608398, 0.999984
5, 328,1,191.416611, 191.418457, 476.494385, 255.465073,112.511055, 858.608398, 0.999990
5, 328,2,112.511055, 112.512611, 476.494385, 255.465073,112.511055, 858.608398, 0.999986
5, 328,3,858.608398, 858.621399, 476.494385, 255.465073,112.511055, 858.608398, 0.999985
5, 328,4,296.296051, 296.296936, 476.494385, 255.465073,112.511055, 858.608398, 0.999997
5, 328,5,547.056458, 547.053772, 476.494385, 255.465073,112.511055, 858.608398, 1.000005
5, 328,6,568.857300, 568.866577, 476.494385, 255.465073,112.511055, 858.608398, 0.999984
5, 328,7,691.750000, 691.762146, 476.494385, 255.465073,112.511055, 858.608398, 0.999982
5, 329,0,654.977234, 654.965637, 476.506287, 328.858765,60.230095, 1152.793823, 1.000018
5, 329,1,370.898712, 370.890991, 476.506287, 328.858765,60.230095, 1152.793823, 1.000021
5, 329,2,60.230095, 60.219852, 476.506287, 328.858765,60.230095, 1152.793823, 1.000170
5, 329,3,387.167633, 387.162445, 476.506287, 328.858765,60.230095, 1152.793823, 1.000013
5, 329,4,217.262085, 217.258240, 476.506287, 328.858765,60.230095, 1152.793823, 1.000018
5, 329,5,420.843567, 420.840546, 476.506287, 328.858765,60.230095, 1152.793823, 1.000007
5, 329,6,547.877197, 547.876770, 476.506287, 328.858765,60.230095, 1152.793823, 1.000001
5, 329,7,1152.793823, 1152.785400, 476.506287, 328.858765,60.230095, 1152.793823, 1.000007
5, 330,0,31.713522, 31.709255, 476.496643, 244.952087,31.713522, 673.818909, 1.000135
5, 330,1,609.945129, 609.951782, 476.496643, 244.952087,31.713522, 673.818909, 0.999989
5, 330,2,673.818909, 673.826721, 476.496643, 244.952087,31.713522, 673.818909, 0.999988
5, 330,3,671.251648, 671.259338, 476.496643, 244.952087,31.713522, 673.818909, 0.999989
5, 330,4,518.964722, 518.966003, 476.496643, 244.952087,31.713522, 673.818909, 0.999998
5, 330,5,570.844238, 570.846375, 476.496643, 244.952087,31.713522, 673.818909, 0.999996
5, 330,6,583.511169, 583.518677, 476.496643, 244.952087,31.713522, 673.818909, 0.999987
5, 330,7,151.923874, 151.921432, 476.496643, 244.952087,31.713522, 673.818909, 1.000016
5, 331,0,783.074402, 783.081299, 476.498291, 298.299500,65.352913, 816.940491, 0.999991
5, 331,1,65.352913, 65.350372, 476.498291, 298.299500,65.352913, 816.940491, 1.000039
5, 331,2,816.940491, 816.941711, 476.498291, 298.299500,65.352913, 816.940491, 0.999999
5, 331,3,521.661743, 521.660461, 476.498291, 298.299500,65.352913, 816.940491, 1.000003
5, 331,4,99.632652, 99.633759, 476.498291, 298.299500,65.352913, 816.940491, 0.999989
5, 331,5,672.164490, 672.169067, 476.498291, 298.299500,65.352913, 816.940491, 0.999993
5, 331,6,594.822876, 594.826599, 476.498291, 298.299500,65.352913, 816.940491, 0.999994
5, 331,7,258.336853, 258.336548, 476.498291, 298.299500,65.352913, 816.940491, 1.000001
5, 332,0,747.850525, 747.847351, 476.501495, 260.862274,69.986458, 758.170227, 1.000004
5, 332,1,190.652740, 190.652267, 476.501495, 260.862274,69.986458, 758.170227, 1.000003
5, 332,2,734.499146, 734.497253, 476.501495, 260.862274,69.986458, 758.170227, 1.000003
5, 332,3,758.170227, 758.165771, 476.501495, 260.862274,69.986458, 758.170227, 1.000006
5, 332,4,469.731476, 469.728485, 476.501495, 260.862274,69.986458, 758.170227, 1.000006
5, 332,5,378.460052, 378.458252, 476.501495, 260.862274,69.986458, 758.170227, 1.000005
5, 332,6,69.986458, 69.995804, 476.501495, 260.862274,69.986458, 758.170227, 0.999866
5, 332,7,462.661316, 462.654510, 476.501495, 260.862274,69.986458, 758.170227, 1.000015
5, 333,0,272.026398, 272.027832, 476.499329, 206.317322,89.037163, 687.271362, 0.999995
5, 333,1,592.690002, 592.691650, 476.499329, 206.317322,89.037163, 687.271362, 0.999997
5, 333,2,666.568604, 666.571045, 476.499329, 206.317322,89.037163, 687.271362, 0.999996
5, 333,3,436.771576, 436.772339, 476.499329, 206.317322,89.037163, 687.271362, 0.999998
5, 333,4,490.043121, 490.044373, 476.499329, 206.317322,89.037163, 687.271362, 0.999997
5, 333,5,89.037163, 89.037003, 476.499329, 206.317322,89.037163, 687.271362, 1.000002
5, 333,6,577.586365, 577.585632, 476.499329, 206.317322,89.037163, 687.271362, 1.000001
5, 333,7,687.271362, 687.270142, 476.499329, 206.317322,89.037163, 687.271362, 1.000002
5, 334,0,926.988831, 926.986023, 476.501892, 362.104095,23.062449, 950.973328, 1.000003
5, 334,1,581.053650, 581.059692, 476.501892, 362.104095,23.062449, 950.973328, 0.999990
5, 334,2,288.897247, 288.895142, 476.501892, 362.104095,23.062449, 950.973328, 1.000007
5, 334,3,23.183672, 23.180132, 476.501892, 362.104095,23.062449, 950.973328, 1.000153
5, 334,4,632.296997, 632.292603, 476.501892, 362.104095,23.062449, 950.973328, 1.000007
5, 334,5,950.973328, 950.966187, 476.501892, 362.104095,23.062449, 950.973328, 1.000008
5, 334,6,23.062449, 23.061123, 476.501892, 362.104095,23.062449, 950.973328, 1.000057
5, 334,7,385.558929, 385.559326, 476.501892, 362.104095,23.062449, 950.973328, 0.999999
5, 335,0,433.257355, 433.255035, 476.502014, 230.589600,107.551834, 805.165955, 1.000005
5, 335,1,355.549194, 355.551483, 476.502014, 230.589600,107.551834, 805.165955, 0.999994
5, 335,2,805.165955, 805.157898, 476.502014, 230.589600,107.551834, 805.165955, 1.000010
5, 335,3,705.944214, 705.939819, 476.502014, 230.589600,107.551834, 805.165955, 1.000006
5, 335,4,305.768433, 305.769714, 476.502014, 230.589600,107.551834, 805.165955, 0.999996
5, 335,5,107.551834, 107.553436, 476.502014, 230.589600,107.551834, 805.165955, 0.999985
5, 335,6,451.568146, 451.565918, 476.502014, 230.589600,107.551834, 805.165955, 1.000005
5, 335,7,647.211243, 647.206726, 476.502014, 230.589600,107.551834, 805.165955, 1.000007
5, 336,0,586.193848, 586.207336, 476.495453, 262.997467,35.910358, 813.805420, 0.999977
5, 336,1,257.883301, 257.881073, 476.495453, 262.997467,35.910358, 813.805420, 1.000009
5, 336,2,587.799072, 587.805969, 476.495453, 262.997467,35.910358, 813.805420, 0.999988
5, 336,3,35.910358, 35.910175, 476.495453, 262.997467,35.910358, 813.805420, 1.000005
5, 336,4,512.514099, 512.518616, 476.495453, 262.997467,35.910358, 813.805420, 0.999991
5, 336,5,733.278564, 733.283020, 476.495453, 262.997467,35.910358, 813.805420, 0.999994
5, 336,6,284.578827, 284.575439, 476.495453, 262.997467,35.910358, 813.805420, 1.000012
5, 336,7,813.805420, 813.818665, 476.495453, 262.997467,35.910358, 813.805420, 0.999984
5, 337,0,584.780579, 584.780823, 476.495148, 157.471786,177.324860, 689.109314, 1.000000
5, 337,1,689.109314, 689.113892, 476.495148, 157.471786,177.324860, 689.109314, 0.999993
5, 337,2,177.324860, 177.327087, 476.495148, 157.471786,177.324860, 689.109314, 0.999987
5, 337,3,366.936737, 366.941742, 476.495148, 157.471786,177.324860, 689.109314, 0.999986
5, 337,4,493.122894, 493.124390, 476.495148, 157.471786,177.324860, 689.109314, 0.999997
5, 337,5,481.608368, 481.615662, 476.495148, 157.471786,177.324860, 689.109314, 0.999985
5, 337,6,429.982025, 429.984436, 476.495148, 157.471786,177.324860, 689.109314, 0.999994
5, 337,7,589.096436, 589.111816, 476.495148, 157.471786,177.324860, 689.109314, 0.999974
5, 338,0,529.872009, 529.875610, 476.498749, 235.880646,114.790611, 787.743530, 0.999993
5, 338,1,787.743530, 787.747742, 476.498749, 235.880646,114.790611, 787.743530, 0.999995
5, 338,2,640.751831, 640.751160, 476.498749, 235.880646,114.790611, 787.743530, 1.000001
5, 338,3,275.100708, 275.101959, 476.498749, 235.880646,114.790611, 787.743530, 0.999995
5, 338,4,114.790611, 114.790215, 476.498749, 235.880646,114.790611, 787.743530, 1.000003
5, 338,5,306.477631, 306.477600, 476.498749, 235.880646,114.790611, 787.743530, 1.000000
5, 338,6,434.378784, 434.380859, 476.498749, 235.880646,114.790611, 787.743530, 0.999995
5, 338,7,722.875305, 722.874939, 476.498749, 235.880646,114.790611, 787.743530, 1.000000
5, 339,0,20.765417, 20.765202, 476.498627, 495.336090,20.765417, 1496.450562, 1.000010
5, 339,1,272.082245, 272.080261, 476.498627, 495.336090,20.765417, 1496.450562, 1.000007
5, 339,2,883.594604, 883.600891, 476.498627, 495.336090,20.765417, 1496.450562, 0.999993
5, 339,3,76.260979, 76.258385, 476.498627, 495.336090,20.765417, 1496.450562, 1.000034
5, 339,4,433.941742, 433.939362, 476.498627, 495.336090,20.765417, 1496.450562, 1.000005
5, 339,5,160.378647, 160.379395, 476.498627, 495.336090,20.765417, 1496.450562, 0.999995
5, 339,6,1496.450562, 1496.455200, 476.498627, 495.336090,20.765417, 1496.450562, 0.999997
5, 339,7,468.514984, 468.521393, 476.498627, 495.336090,20.765417, 1496.450562, 0.999986
5, 340,0,427.415894, 427.418243, 476.495361, 315.278229,108.878662, 1054.755615, 0.999995
5, 340,1,108.878662, 108.872032, 476.495361, 315.278229,108.878662, 1054.755615, 1.000061
5, 340,2,519.941467, 519.949951, 476.495361, 315.278229,108.878662, 1054.755615, 0.999984
5, 340,3,788.511475, 788.519348, 476.495361, 315.278229,108.878662, 1054.755615, 0.999990
5, 340,4,150.423080, 150.419922, 476.495361, 315.278229,108.878662, 1054.755615, 1.000021
5, 340,5,375.088196, 375.091797, 476.495361, 315.278229,108.878662, 1054.755615, 0.999990
5, 340,6,386.948486, 386.951935, 476.495361, 315.278229,108.878662, 1054.755615, 0.999991
5, 340,7,1054.755615, 1054.776489, 476.495361, 315.278229,108.878662, 1054.755615, 0.999980
5, 341,0,213.292404, 213.293198, 476.499329, 295.008606,117.848595, 850.155945, 0.999996
5, 341,1,481.633636, 481.636688, 476.499329, 295.008606,117.848595, 850.155945, 0.999994
5, 341,2,117.848595, 117.848869, 476.499329, 295.008606,117.848595, 850.155945, 0.999998
5, 341,3,850.155945, 850.157104, 476.499329, 295.008606,117.848595, 850.155945, 0.999999
5, 341,4,207.737778, 207.737625, 476.499329, 295.008606,117.848595, 850.155945, 1.000001
5, 341,5,373.758057, 373.758453, 476.499329, 295.008606,117.848595, 850.155945, 0.999999
5, 341,6,786.960815, 786.958679, 476.499329, 295.008606,117.848595, 850.155945, 1.000003
5, 341,7,780.607483, 780.609436, 476.499329, 295.008606,117.848595, 850.155945, 0.999997
5, 342,0,95.371323, 95.371574, 476.504150, 216.311478,95.371323, 687.194519, 0.999997
5, 342,1,227.682419, 227.681625, 476.504150, 216.311478,95.371323, 687.194519, 1.000003
5, 342,2,400.868744, 400.863953, 476.504150, 216.311478,95.371323, 687.194519, 1.000012
5, 342,3,680.678833, 680.670593, 476.504150, 216.311478,95.371323, 687.194519, 1.000012
5, 342,4,687.194519, 687.182190, 476.504150, 216.311478,95.371323, 687.194519, 1.000018
5, 342,5,560.640503, 560.641357, 476.504150, 216.311478,95.371323, 687.194519, 0.999998
5, 342,6,571.332642, 571.331360, 476.504150, 216.311478,95.371323, 687.194519, 1.000002
5, 342,7,588.264099, 588.257202, 476.504150, 216.311478,95.371323, 687.194519, 1.000012
5, 343,0,746.184875, 746.193787, 476.497833, 348.317078,20.589136, 918.804626, 0.999988
5, 343,1,20.589136, 20.587181, 476.497833, 348.317078,20.589136, 918.804626, 1.000095
5, 343,2,247.059418, 247.057617, 476.497833, 348.317078,20.589136, 918.804626, 1.000007
5, 343,3,281.088623, 281.090485, 476.497833, 348.317078,20.589136, 918.804626, 0.999993
5, 343,4,846.751648, 846.753723, 476.497833, 348.317078,20.589136, 918.804626, 0.999998
5, 343,5,125.911865, 125.909500, 476.497833, 348.317078,20.589136, 918.804626, 1.000019
5, 343,6,625.592590, 625.595215, 476.497833, 348.317078,20.589136, 918.804626, 0.999996
5, 343,7,918.804626, 918.812561, 476.497833, 348.317078,20.589136, 918.804626, 0.999991
5, 344,0,69.485336, 69.498779, 476.503418, 496.941711,51.818909, 1568.642212, 0.999807
5, 344,1,402.272583, 402.271637, 476.503418, 496.941711,51.818909, 1568.642212, 1.000002
5, 344,2,51.818909, 51.803974, 476.503418, 496.941711,51.818909, 1568.642212, 1.000288
5, 344,3,1568.642212, 1568.635620, 476.503418, 496.941711,51.818909, 1568.642212, 1.000004
5, 344,4,171.967194, 171.962738, 476.503418, 496.941711,51.818909, 1568.642212, 1.000026
5, 344,5,275.262695, 275.256165, 476.503418, 496.941711,51.818909, 1568.642212, 1.000024
5, 344,6,630.976746, 630.976990, 476.503418, 496.941711,51.818909, 1568.642212, 1.000000
5, 344,7,641.601563, 641.593872, 476.503418, 496.941711,51.818909, 1568.642212, 1.000012
5, 345,0,733.769958, 733.758484, 476.504578, 205.969269,246.993134, 733.769958, 1.000016
5, 345,1,410.031555, 410.027130, 476.504578, 205.969269,246.993134, 733.769958, 1.000011
5, 345,2,246.993134, 246.994934, 476.504578, 205.969269,246.993134, 733.769958, 0.999993
5, 345,3,686.577637, 686.567383, 476.504578, 205.969269,246.993134, 733.769958, 1.000015
5, 345,4,411.992554, 411.990540, 476.504578, 205.969269,246.993134, 733.769958, 1.000005
5, 345,5,336.692932, 336.688019, 476.504578, 205.969269,246.993134, 733.769958, 1.000015
5, 345,6,722.445801, 722.440002, 476.504578, 205.969269,246.993134, 733.769958, 1.000008
5, 345,7,263.533081, 263.533752, 476.504578, 205.969269,246.993134, 733.769958, 0.999997
5, 346,0,189.820786, 189.822296, 476.502686, 238.476364,189.820786, 775.506775, 0.999992
5, 346,1,327.344727, 327.343842, 476.502686, 238.476364,189.820786, 775.506775, 1.000003
5, 346,2,775.506775, 775.499634, 476.502686, 238.476364,189.820786, 775.506775, 1.000009
5, 346,3,194.939102, 194.942780, 476.502686, 238.476364,189.820786, 775.506775, 0.999981
5, 346,4,764.813477, 764.804688, 476.502686, 238.476364,189.820786, 775.506775, 1.000011
5, 346,5,450.490143, 450.487701, 476.502686, 238.476364,189.820786, 775.506775, 1.000005
5, 346,6,674.963379, 674.956543, 476.502686, 238.476364,189.820786, 775.506775, 1.000010
5, 346,7,434.143036, 434.142517, 476.502686, 238.476364,189.820786, 775.506775, 1.000001
5, 347,0,537.566284, 537.559204, 476.503845, 303.973663,91.555321, 922.644409, 1.000013
5, 347,1,91.555321, 91.558044, 476.503845, 303.973663,91.555321, 922.644409, 0.999970
5, 347,2,238.133820, 238.136749, 476.503845, 303.973663,91.555321, 922.644409, 0.999988
5, 347,3,744.194946, 744.191772, 476.503845, 303.973663,91.555321, 922.644409, 1.000004
5, 347,4,112.474182, 112.469635, 476.503845, 303.973663,91.555321, 922.644409, 1.000040
5, 347,5,661.088074, 661.081543, 476.503845, 303.973663,91.555321, 922.644409, 1.000010
5, 347,6,504.373718, 504.371582, 476.503845, 303.973663,91.555321, 922.644409, 1.000004
5, 347,7,922.644409, 922.631653, 476.503845, 303.973663,91.555321, 922.644409, 1.000014
5, 348,0,672.082397, 672.081482, 476.501709, 200.501114,64.821808, 672.082397, 1.000001
5, 348,1,661.311523, 661.308716, 476.501709, 200.501114,64.821808, 672.082397, 1.000004
5, 348,2,521.346191, 521.345215, 476.501709, 200.501114,64.821808, 672.082397, 1.000002
5, 348,3,619.527588, 619.525146, 476.501709, 200.501114,64.821808, 672.082397, 1.000004
5, 348,4,64.821808, 64.818863, 476.501709, 200.501114,64.821808, 672.082397, 1.000045
5, 348,5,403.613281, 403.612305, 476.501709, 200.501114,64.821808, 672.082397, 1.000002
5, 348,6,498.825897, 498.824036, 476.501709, 200.501114,64.821808, 672.082397, 1.000004
5, 348,7,370.485077, 370.484344, 476.501709, 200.501114,64.821808, 672.082397, 1.000002
5, 349,0,635.735657, 635.733032, 476.499146, 305.154877,13.323137, 756.131714, 1.000004
5, 349,1,747.299133, 747.303162, 476.499146, 305.154877,13.323137, 756.131714, 0.999995
5, 349,2,263.254883, 263.259247, 476.499146, 305.154877,13.323137, 756.131714, 0.999983
5, 349,3,756.131714, 756.132446, 476.499146, 305.154877,13.323137, 756.131714, 0.999999
5, 349,4,740.956543, 740.958374, 476.499146, 305.154877,13.323137, 756.131714, 0.999998
5, 349,5,13.323137, 13.325317, 476.499146, 305.154877,13.323137, 756.131714, 0.999836
5, 349,6,552.029419, 552.026733, 476.499146, 305.154877,13.323137, 756.131714, 1.000005
5, 349,7,103.262627, 103.261780, 476.499146, 305.154877,13.323137, 756.131714, 1.000008
5, 350,0,806.874390, 806.880432, 476.495300, 253.087906,241.292328, 915.072021, 0.999992
5, 350,1,241.292328, 241.296600, 476.495300, 253.087906,241.292328, 915.072021, 0.999982
5, 350,2,429.206207, 429.211151, 476.495300, 253.087906,241.292328, 915.072021, 0.999988
5, 350,3,267.924683, 267.922485, 476.495300, 253.087906,241.292328, 915.072021, 1.000008
5, 350,4,496.901245, 496.904999, 476.495300, 253.087906,241.292328, 915.072021, 0.999992
5, 350,5,915.072021, 915.084595, 476.495300, 253.087906,241.292328, 915.072021, 0.999986
5, 350,6,348.659607, 348.664398, 476.495300, 253.087906,241.292328, 915.072021, 0.999986
5, 350,7,306.031952, 306.035126, 476.495300, 253.087906,241.292328, 915.072021, 0.999990
5, 351,0,460.419159, 460.427795, 476.493622, 166.955658,259.189240, 706.482727, 0.999981
5, 351,1,310.639069, 310.644501, 476.493622, 166.955658,259.189240, 706.482727, 0.999983
5, 351,2,676.371582, 676.380615, 476.493622, 166.955658,259.189240, 706.482727, 0.999987
5, 351,3,259.189240, 259.191528, 476.493622, 166.955658,259.189240, 706.482727, 0.999991
5, 351,4,706.482727, 706.495667, 476.493622, 166.955658,259.189240, 706.482727, 0.999982
5, 351,5,592.959412, 592.964783, 476.493622, 166.955658,259.189240, 706.482727, 0.999991
5, 351,6,441.038513, 441.047668, 476.493622, 166.955658,259.189240, 706.482727, 0.999979
5, 351,7,364.849121, 364.847168, 476.493622, 166.955658,259.189240, 706.482727, 1.000005
5, 352,0,702.096130, 702.101440, 476.496246, 254.792694,139.598877, 772.640442, 0.999992
5, 352,1,310.992065, 310.996582, 476.496246, 254.792694,139.598877, 772.640442, 0.999985
5, 352,2,486.057922, 486.065491, 476.496246, 254.792694,139.598877, 772.640442, 0.999984
5, 352,3,772.640442, 772.643799, 476.496246, 254.792694,139.598877, 772.640442, 0.999996
5, 352,4,512.443298, 512.447388, 476.496246, 254.792694,139.598877, 772.640442, 0.999992
5, 352,5,151.273300, 151.275360, 476.496246, 254.792694,139.598877, 772.640442, 0.999986
5, 352,6,736.868042, 736.872131, 476.496246, 254.792694,139.598877, 772.640442, 0.999994
5, 352,7,139.598877, 139.597733, 476.496246, 254.792694,139.598877, 772.640442, 1.000008
5, 353,0,766.025879, 766.029785, 476.494263, 331.629395,78.697556, 908.532715, 0.999995
5, 353,1,78.697556, 78.692841, 476.494263, 331.629395,78.697556, 908.532715, 1.000060
5, 353,2,798.291687, 798.304321, 476.494263, 331.629395,78.697556, 908.532715, 0.999984
5, 353,3,98.331413, 98.331879, 476.494263, 331.629395,78.697556, 908.532715, 0.999995
5, 353,4,267.578461, 267.583557, 476.494263, 331.629395,78.697556, 908.532715, 0.999981
5, 353,5,604.093872, 604.102661, 476.494263, 331.629395,78.697556, 908.532715, 0.999985
5, 353,6,908.532715, 908.551392, 476.494263, 331.629395,78.697556, 908.532715, 0.999979
5, 353,7,290.402405, 290.403381, 476.494263, 331.629395,78.697556, 908.532715, 0.999997
5, 354,0,445.370728, 445.362915, 476.498718, 195.893921,262.132019, 767.715881, 1.000018
5, 354,1,767.715881, 767.728271, 476.498718, 195.893921,262.132019, 767.715881, 0.999984
5, 354,2,429.920288, 429.927063, 476.498718, 195.893921,262.132019, 767.715881, 0.999984
5, 354,3,339.176483, 339.176819, 476.498718, 195.893921,262.132019, 767.715881, 0.999999
5, 354,4,299.967346, 299.965668, 476.498718, 195.893921,262.132019, 767.715881, 1.000006
5, 354,5,766.481079, 766.485107, 476.498718, 195.893921,262.132019, 767.715881, 0.999995
5, 354,6,501.225891, 501.227112, 476.498718, 195.893921,262.132019, 767.715881, 0.999998
5, 354,7,262.132019, 262.127167, 476.498718, 195.893921,262.132019, 767.715881, 1.000018
5, 355,0,818.260742, 818.250000, 476.505737, 226.280853,100.485138, 818.260742, 1.000013
5, 355,1,695.274658, 695.272095, 476.505737, 226.280853,100.485138, 818.260742, 1.000004
5, 355,2,100.485138, 100.481087, 476.505737, 226.280853,100.485138, 818.260742, 1.000040
5, 355,3,454.741699, 454.732635, 476.505737, 226.280853,100.485138, 818.260742, 1.000020
5, 355,4,551.996216, 551.983826, 476.505737, 226.280853,100.485138, 818.260742, 1.000022
5, 355,5,516.147339, 516.141907, 476.505737, 226.280853,100.485138, 818.260742, 1.000010
5, 355,6,392.447418, 392.447205, 476.505737, 226.280853,100.485138, 818.260742, 1.000001
5, 355,7,282.692505, 282.691101, 476.505737, 226.280853,100.485138, 818.260742, 1.000005
5, 356,0,823.899475, 823.895996, 476.502411, 227.529037,226.056976, 823.899475, 1.000004
5, 356,1,337.799103, 337.798126, 476.502411, 227.529037,226.056976, 823.899475, 1.000003
5, 356,2,243.933594, 243.932678, 476.502411, 227.529037,226.056976, 823.899475, 1.000004
5, 356,3,339.428314, 339.425537, 476.502411, 227.529037,226.056976, 823.899475, 1.000008
5, 356,4,226.056976, 226.058823, 476.502411, 227.529037,226.056976, 823.899475, 0.999992
5, 356,5,750.613831, 750.607605, 476.502411, 227.529037,226.056976, 823.899475, 1.000008
5, 356,6,579.070679, 579.067932, 476.502411, 227.529037,226.056976, 823.899475, 1.000005
5, 356,7,511.217010, 511.213409, 476.502411, 227.529037,226.056976, 823.899475, 1.000007
5, 357,0,217.414810, 217.411224, 476.499451, 331.538635,121.297745, 997.266785, 1.000016
5, 357,1,190.124893, 190.125671, 476.499451, 331.538635,121.297745, 997.266785, 0.999996
5, 357,2,997.266785, 997.271912, 476.499451, 331.538635,121.297745, 997.266785, 0.999995
5, 357,3,603.341492, 603.341064, 476.499451, 331.538635,121.297745, 997.266785, 1.000001
5, 357,4,459.387360, 459.390991, 476.499451, 331.538635,121.297745, 997.266785, 0.999992
5, 357,5,121.297745, 121.296326, 476.499451, 331.538635,121.297745, 997.266785, 1.000012
5, 357,6,319.993286, 319.988464, 476.499451, 331.538635,121.297745, 997.266785, 1.000015
5, 357,7,903.169067, 903.174377, 476.499451, 331.538635,121.297745, 997.266785, 0.999994
5, 358,0,812.412720, 812.415161, 476.499359, 329.552490,30.151709, 832.217712, 0.999997
5, 358,1,56.301559, 56.301418, 476.499359, 329.552490,30.151709, 832.217712, 1.000003
5, 358,2,30.151709, 30.152956, 476.499359, 329.552490,30.151709, 832.217712, 0.999959
5, 358,3,686.127502, 686.131653, 476.499359, 329.552490,30.151709, 832.217712, 0.999994
5, 358,4,632.068420, 632.071411, 476.499359, 329.552490,30.151709, 832.217712, 0.999995
5, 358,5,209.866348, 209.866959, 476.499359, 329.552490,30.151709, 832.217712, 0.999997
5, 358,6,552.848633, 552.845093, 476.499359, 329.552490,30.151709, 832.217712, 1.000006
5, 358,7,832.217712, 832.215454, 476.499359, 329.552490,30.151709, 832.217712, 1.000003
5, 359,0,50.249802, 50.256592, 476.503754, 359.710815,31.135559, 926.196167, 0.999865
5, 359,1,754.241821, 754.233032, 476.503754, 359.710815,31.135559, 926.196167, 1.000012
5, 359,2,312.970428, 312.966797, 476.503754, 359.710815,31.135559, 926.196167, 1.000012
5, 359,3,925.840149, 925.830017, 476.503754, 359.710815,31.135559, 926.196167, 1.000011
5, 359,4,343.799530, 343.797882, 476.503754, 359.710815,31.135559, 926.196167, 1.000005
5, 359,5,467.596619, 467.592041, 476.503754, 359.710815,31.135559, 926.196167, 1.000010
5, 359,6,926.196167, 926.182434, 476.503754, 359.710815,31.135559, 926.196167, 1.000015
5, 359,7,31.135559, 31.141315, 476.503754, 359.710815,31.135559, 926.196167, 0.999815
5, 360,0,601.354614, 601.350464, 476.502808, 232.667755,29.305756, 698.274048, 1.000007
5, 360,1,581.558289, 581.553711, 476.502808, 232.667755,29.305756, 698.274048, 1.000008
5, 360,2,29.305756, 29.305929, 476.502808, 232.667755,29.305756, 698.274048, 0.999994
5, 360,3,389.512604, 389.508759, 476.502808, 232.667755,29.305756, 698.274048, 1.000010
5, 360,4,261.926361, 261.926025, 476.502808, 232.667755,29.305756, 698.274048, 1.000001
5, 360,5,698.274048, 698.272827, 476.502808, 232.667755,29.305756, 698.274048, 1.000002
5, 360,6,677.042664, 677.036255, 476.502808, 232.667755,29.305756, 698.274048, 1.000009
5, 360,7,573.048218, 573.045959, 476.502808, 232.667755,29.305756, 698.274048, 1.000004
5, 361,0,367.529785, 367.536224, 476.494080, 215.930756,77.751846, 751.990173, 0.999982
5, 361,1,668.544617, 668.552246, 476.494080, 215.930756,77.751846, 751.990173, 0.999989
5, 361,2,596.625183, 596.632996, 476.494080, 215.930756,77.751846, 751.990173, 0.999987
5, 361,3,77.751846, 77.750671, 476.494080, 215.930756,77.751846, 751.990173, 1.000015
5, 361,4,570.656433, 570.665588, 476.494080, 215.930756,77.751846, 751.990173, 0.999984
5, 361,5,435.650818, 435.654663, 476.494080, 215.930756,77.751846, 751.990173, 0.999991
5, 361,6,343.203705, 343.211670, 476.494080, 215.930756,77.751846, 751.990173, 0.999977
5, 361,7,751.990173, 751.996094, 476.494080, 215.930756,77.751846, 751.990173, 0.999992
5, 362,0,436.101013, 436.098633, 476.505951, 269.428955,88.023132, 876.281677, 1.000005
5, 362,1,252.175339, 252.175369, 476.505951, 269.428955,88.023132, 876.281677, 1.000000
5, 362,2,616.409180, 616.397766, 476.505951, 269.428955,88.023132, 876.281677, 1.000018
5, 362,3,783.386169, 783.372986, 476.505951, 269.428955,88.023132, 876.281677, 1.000017
5, 362,4,88.023132, 88.024811, 476.505951, 269.428955,88.023132, 876.281677, 0.999981
5, 362,5,299.185944, 299.182129, 476.505951, 269.428955,88.023132, 876.281677, 1.000013
5, 362,6,876.281677, 876.267273, 476.505951, 269.428955,88.023132, 876.281677, 1.000016
5, 362,7,460.484833, 460.481354, 476.505951, 269.428955,88.023132, 876.281677, 1.000008
5, 363,0,834.833130, 834.837952, 476.496704, 253.514740,174.298187, 834.833130, 0.999994
5, 363,1,657.981079, 657.982361, 476.496704, 253.514740,174.298187, 834.833130, 0.999998
5, 363,2,670.069946, 670.076477, 476.496704, 253.514740,174.298187, 834.833130, 0.999990
5, 363,3,330.111023, 330.113464, 476.496704, 253.514740,174.298187, 834.833130, 0.999993
5, 363,4,285.583893, 285.587769, 476.496704, 253.514740,174.298187, 834.833130, 0.999986
5, 363,5,208.791168, 208.793045, 476.496704, 253.514740,174.298187, 834.833130, 0.999991
5, 363,6,174.298187, 174.300522, 476.496704, 253.514740,174.298187, 834.833130, 0.999987
5, 363,7,650.304810, 650.308289, 476.496704, 253.514740,174.298187, 834.833130, 0.999995
5, 364,0,653.826660, 653.829102, 476.497894, 268.758148,73.829590, 755.894287, 0.999996
5, 364,1,275.139496, 275.144562, 476.497894, 268.758148,73.829590, 755.894287, 0.999982
5, 364,2,720.696289, 720.700195, 476.497894, 268.758148,73.829590, 755.894287, 0.999995
5, 364,3,232.954239, 232.953918, 476.497894, 268.758148,73.829590, 755.894287, 1.000001
5, 364,4,755.894287, 755.896790, 476.497894, 268.758148,73.829590, 755.894287, 0.999997
5, 364,5,73.829590, 73.826904, 476.497894, 268.758148,73.829590, 755.894287, 1.000036
5, 364,6,728.318909, 728.323181, 476.497894, 268.758148,73.829590, 755.894287, 0.999994
5, 364,7,371.323639, 371.325226, 476.497894, 268.758148,73.829590, 755.894287, 0.999996
5, 365,0,563.884338, 563.883423, 476.500366, 175.241119,225.168396, 733.768250, 1.000002
5, 365,1,605.433838, 605.433289, 476.500366, 175.241119,225.168396, 733.768250, 1.000001
5, 365,2,298.926910, 298.925934, 476.500366, 175.241119,225.168396, 733.768250, 1.000003
5, 365,3,733.768250, 733.768494, 476.500366, 175.241119,225.168396, 733.768250, 1.000000
5, 365,4,598.612305, 598.611389, 476.500366, 175.241119,225.168396, 733.768250, 1.000002
5, 365,5,225.168396, 225.166382, 476.500366, 175.241119,225.168396, 733.768250, 1.000009
5, 365,6,370.761261, 370.762512, 476.500366, 175.241119,225.168396, 733.768250, 0.999997
5, 365,7,415.447754, 415.448639, 476.500366, 175.241119,225.168396, 733.768250, 0.999998
5, 366,0,513.925354, 513.923096, 476.500092, 185.464020,98.174637, 673.448425, 1.000004
5, 366,1,633.091553, 633.097168, 476.500092, 185.464020,98.174637, 673.448425, 0.999991
5, 366,2,587.059570, 587.058105, 476.500092, 185.464020,98.174637, 673.448425, 1.000003
5, 366,3,673.448425, 673.446777, 476.500092, 185.464020,98.174637, 673.448425, 1.000003
5, 366,4,421.255219, 421.256348, 476.500092, 185.464020,98.174637, 673.448425, 0.999997
5, 366,5,530.140808, 530.141357, 476.500092, 185.464020,98.174637, 673.448425, 0.999999
5, 366,6,98.174637, 98.176186, 476.500092, 185.464020,98.174637, 673.448425, 0.999984
5, 366,7,354.905334, 354.900757, 476.500092, 185.464020,98.174637, 673.448425, 1.000013
5, 367,0,850.894836, 850.883728, 476.504822, 280.954010,48.044998, 850.894836, 1.000013
5, 367,1,702.957642, 702.947021, 476.504822, 280.954010,48.044998, 850.894836, 1.000015
5, 367,2,211.546494, 211.544724, 476.504822, 280.954010,48.044998, 850.894836, 1.000008
5, 367,3,413.279694, 413.276611, 476.504822, 280.954010,48.044998, 850.894836, 1.000008
5, 367,4,527.847656, 527.845398, 476.504822, 280.954010,48.044998, 850.894836, 1.000004
5, 367,5,746.939148, 746.929688, 476.504822, 280.954010,48.044998, 850.894836, 1.000013
5, 367,6,310.528015, 310.525696, 476.504822, 280.954010,48.044998, 850.894836, 1.000008
5, 367,7,48.044998, 48.046982, 476.504822, 280.954010,48.044998, 850.894836, 0.999959
5, 368,0,752.024841, 752.019775, 476.503052, 220.031082,157.239334, 752.024841, 1.000007
5, 368,1,750.380127, 750.376038, 476.503052, 220.031082,157.239334, 752.024841, 1.000005
5, 368,2,344.362793, 344.363373, 476.503052, 220.031082,157.239334, 752.024841, 0.999998
5, 368,3,382.875153, 382.871246, 476.503052, 220.031082,157.239334, 752.024841, 1.000010
5, 368,4,349.394867, 349.391388, 476.503052, 220.031082,157.239334, 752.024841, 1.000010
5, 368,5,672.277954, 672.272461, 476.503052, 220.031082,157.239334, 752.024841, 1.000008
5, 368,6,403.469147, 403.466797, 476.503052, 220.031082,157.239334, 752.024841, 1.000006
5, 368,7,157.239334, 157.238815, 476.503052, 220.031082,157.239334, 752.024841, 1.000003
5, 369,0,755.536011, 755.539490, 476.499084, 326.745667,40.443039, 894.150879, 0.999995
5, 369,1,720.507690, 720.513367, 476.499084, 326.745667,40.443039, 894.150879, 0.999992
5, 369,2,611.843750, 611.843689, 476.499084, 326.745667,40.443039, 894.150879, 1.000000
5, 369,3,488.524963, 488.523560, 476.499084, 326.745667,40.443039, 894.150879, 1.000003
5, 369,4,235.160004, 235.162445, 476.499084, 326.745667,40.443039, 894.150879, 0.999990
5, 369,5,40.443039, 40.438889, 476.499084, 326.745667,40.443039, 894.150879, 1.000103
5, 369,6,894.150879, 894.150208, 476.499084, 326.745667,40.443039, 894.150879, 1.000001
5, 369,7,65.826363, 65.828339, 476.499084, 326.745667,40.443039, 894.150879, 0.999970
5, 370,0,693.027283, 693.033264, 476.495483, 297.222778,64.978752, 958.175659, 0.999991
5, 370,1,958.175659, 958.187622, 476.495483, 297.222778,64.978752, 958.175659, 0.999988
5, 370,2,337.444641, 337.447479, 476.495483, 297.222778,64.978752, 958.175659, 0.999992
5, 370,3,334.237061, 334.238678, 476.495483, 297.222778,64.978752, 958.175659, 0.999995
5, 370,4,359.567657, 359.569366, 476.495483, 297.222778,64.978752, 958.175659, 0.999995
5, 370,5,297.025787, 297.029480, 476.495483, 297.222778,64.978752, 958.175659, 0.999988
5, 370,6,767.507141, 767.513428, 476.495483, 297.222778,64.978752, 958.175659, 0.999992
5, 370,7,64.978752, 64.980820, 476.495483, 297.222778,64.978752, 958.175659, 0.999968
5, 371,0,904.395020, 904.389771, 476.504517, 355.754608,16.934206, 904.395020, 1.000006
5, 371,1,867.093506, 867.086182, 476.504517, 355.754608,16.934206, 904.395020, 1.000008
5, 371,2,278.803070, 278.800751, 476.504517, 355.754608,16.934206, 904.395020, 1.000008
5, 371,3,16.934206, 16.929087, 476.504517, 355.754608,16.934206, 904.395020, 1.000302
5, 371,4,180.508743, 180.509293, 476.504517, 355.754608,16.934206, 904.395020, 0.999997
5, 371,5,620.630371, 620.625732, 476.504517, 355.754608,16.934206, 904.395020, 1.000008
5, 371,6,781.318420, 781.308899, 476.504517, 355.754608,16.934206, 904.395020, 1.000012
5, 371,7,162.352753, 162.350296, 476.504517, 355.754608,16.934206, 904.395020, 1.000015
5, 372,0,561.879944, 561.882690, 476.499573, 218.924622,146.362198, 713.563782, 0.999995
5, 372,1,266.868958, 266.866943, 476.499573, 218.924622,146.362198, 713.563782, 1.000008
5, 372,2,713.563782, 713.562744, 476.499573, 218.924622,146.362198, 713.563782, 1.000001
5, 372,3,254.625656, 254.622757, 476.499573, 218.924622,146.362198, 713.563782, 1.000011
5, 372,4,646.934265, 646.938538, 476.499573, 218.924622,146.362198, 713.563782, 0.999993
5, 372,5,659.245850, 659.248169, 476.499573, 218.924622,146.362198, 713.563782, 0.999996
5, 372,6,562.515747, 562.514526, 476.499573, 218.924622,146.362198, 713.563782, 1.000002
5, 372,7,146.362198, 146.363892, 476.499573, 218.924622,146.362198, 713.563782, 0.999988
5, 373,0,132.608261, 132.609665, 476.499634, 190.438339,132.608261, 662.834839, 0.999989
5, 373,1,552.564941, 552.566528, 476.499634, 190.438339,132.608261, 662.834839, 0.999997
5, 373,2,434.731659, 434.732300, 476.499634, 190.438339,132.608261, 662.834839, 0.999999
5, 373,3,662.834839, 662.834656, 476.499634, 190.438339,132.608261, 662.834839, 1.000000
5, 373,4,350.527405, 350.528076, 476.499634, 190.438339,132.608261, 662.834839, 0.999998
5, 373,5,655.096130, 655.096008, 476.499634, 190.438339,132.608261, 662.834839, 1.000000
5, 373,6,658.606628, 658.605713, 476.499634, 190.438339,132.608261, 662.834839, 1.000001
5, 373,7,365.027191, 365.027191, 476.499634, 190.438339,132.608261, 662.834839, 1.000000
5, 374,0,683.302368, 683.303650, 476.494873, 225.459686,112.680351, 733.321045, 0.999998
5, 374,1,287.173401, 287.179138, 476.494873, 225.459686,112.680351, 733.321045, 0.999980
5, 374,2,685.148682, 685.152771, 476.494873, 225.459686,112.680351, 733.321045, 0.999994
5, 374,3,375.889404, 375.889862, 476.494873, 225.459686,112.680351, 733.321045, 0.999999
5, 374,4,355.279846, 355.285126, 476.494873, 225.459686,112.680351, 733.321045, 0.999985
5, 374,5,112.680351, 112.687393, 476.494873, 225.459686,112.680351, 733.321045, 0.999938
5, 374,6,579.163757, 579.175354, 476.494873, 225.459686,112.680351, 733.321045, 0.999980
5, 374,7,733.321045, 733.326538, 476.494873, 225.459686,112.680351, 733.321045, 0.999992
5, 375,0,842.756653, 842.761353, 476.497498, 345.979797,36.726868, 842.756653, 0.999994
5, 375,1,593.046265, 593.045105, 476.497498, 345.979797,36.726868, 842.756653, 1.000002
5, 375,2,36.726868, 36.732025, 476.497498, 345.979797,36.726868, 842.756653, 0.999860
5, 375,3,682.572205, 682.577820, 476.497498, 345.979797,36.726868, 842.756653, 0.999992
5, 375,4,822.341492, 822.340698, 476.497498, 345.979797,36.726868, 842.756653, 1.000001
5, 375,5,137.789658, 137.792130, 476.497498, 345.979797,36.726868, 842.756653, 0.999982
5, 375,6,42.467285, 42.469635, 476.497498, 345.979797,36.726868, 842.756653, 0.999945
5, 375,7,654.279663, 654.281006, 476.497498, 345.979797,36.726868, 842.756653, 0.999998
5, 376,0,566.652283, 566.649414, 476.503387, 168.144745,176.654953, 714.827332, 1.000005
5, 376,1,462.212067, 462.209290, 476.503387, 168.144745,176.654953, 714.827332, 1.000006
5, 376,2,622.987427, 622.982239, 476.503387, 168.144745,176.654953, 714.827332, 1.000008
5, 376,3,387.694244, 387.690063, 476.503387, 168.144745,176.654953, 714.827332, 1.000011
5, 376,4,366.563873, 366.560516, 476.503387, 168.144745,176.654953, 714.827332, 1.000009
5, 376,5,714.827332, 714.820190, 476.503387, 168.144745,176.654953, 714.827332, 1.000010
5, 376,6,176.654953, 176.659027, 476.503387, 168.144745,176.654953, 714.827332, 0.999977
5, 376,7,514.434814, 514.429443, 476.503387, 168.144745,176.654953, 714.827332, 1.000010
5, 377,0,490.997131, 490.988251, 476.504852, 253.032043,100.758514, 808.056335, 1.000018
5, 377,1,639.684082, 639.676147, 476.504852, 253.032043,100.758514, 808.056335, 1.000012
5, 377,2,147.159760, 147.161331, 476.504852, 253.032043,100.758514, 808.056335, 0.999989
5, 377,3,100.758514, 100.759476, 476.504852, 253.032043,100.758514, 808.056335, 0.999990
5, 377,4,520.622437, 520.617493, 476.504852, 253.032043,100.758514, 808.056335, 1.000010
5, 377,5,396.979797, 396.977692, 476.504852, 253.032043,100.758514, 808.056335, 1.000005
5, 377,6,707.780701, 707.776611, 476.504852, 253.032043,100.758514, 808.056335, 1.000006
5, 377,7,808.056335, 808.043030, 476.504852, 253.032043,100.758514, 808.056335, 1.000016
5, 378,0,107.019394, 107.022133, 476.493713, 282.446869,59.395023, 721.735413, 0.999974
5, 378,1,699.022278, 699.033508, 476.493713, 282.446869,59.395023, 721.735413, 0.999984
5, 378,2,616.415283, 616.422241, 476.493713, 282.446869,59.395023, 721.735413, 0.999989
5, 378,3,718.237915, 718.247986, 476.493713, 282.446869,59.395023, 721.735413, 0.999986
5, 378,4,721.735413, 721.748962, 476.493713, 282.446869,59.395023, 721.735413, 0.999981
5, 378,5,615.787903, 615.798035, 476.493713, 282.446869,59.395023, 721.735413, 0.999984
5, 378,6,59.395023, 59.393082, 476.493713, 282.446869,59.395023, 721.735413, 1.000033
5, 378,7,274.336761, 274.334412, 476.493713, 282.446869,59.395023, 721.735413, 1.000009
5, 379,0,663.673950, 663.668640, 476.500977, 236.958435,68.872589, 695.168884, 1.000008
5, 379,1,626.659668, 626.664368, 476.500977, 236.958435,68.872589, 695.168884, 0.999992
5, 379,2,287.625854, 287.627136, 476.500977, 236.958435,68.872589, 695.168884, 0.999996
5, 379,3,561.987183, 561.981934, 476.500977, 236.958435,68.872589, 695.168884, 1.000009
5, 379,4,650.852173, 650.852112, 476.500977, 236.958435,68.872589, 695.168884, 1.000000
5, 379,5,257.167603, 257.167480, 476.500977, 236.958435,68.872589, 695.168884, 1.000000
5, 379,6,695.168884, 695.164490, 476.500977, 236.958435,68.872589, 695.168884, 1.000006
5, 379,7,68.872589, 68.874077, 476.500977, 236.958435,68.872589, 695.168884, 0.999978
5, 380,0,538.493286, 538.482666, 476.506104, 187.601135,175.429367, 809.808350, 1.000020
5, 380,1,506.530579, 506.524658, 476.506104, 187.601135,175.429367, 809.808350, 1.000012
5, 380,2,556.187988, 556.180115, 476.506104, 187.601135,175.429367, 809.808350, 1.000014
5, 380,3,809.808350, 809.794006, 476.506104, 187.601135,175.429367, 809.808350, 1.000018
5, 380,4,519.491882, 519.488770, 476.506104, 187.601135,175.429367, 809.808350, 1.000006
5, 380,5,377.546997, 377.547058, 476.506104, 187.601135,175.429367, 809.808350, 1.000000
5, 380,6,175.429367, 175.427826, 476.506104, 187.601135,175.429367, 809.808350, 1.000009
5, 380,7,328.560364, 328.554840, 476.506104, 187.601135,175.429367, 809.808350, 1.000017
5, 381,0,941.266174, 941.272583, 476.500061, 440.345276,14.137230, 1031.026855, 0.999993
5, 381,1,115.430176, 115.424507, 476.500061, 440.345276,14.137230, 1031.026855, 1.000049
5, 381,2,361.581940, 361.574677, 476.500061, 440.345276,14.137230, 1031.026855, 1.000020
5, 381,3,14.137230, 14.138989, 476.500061, 440.345276,14.137230, 1031.026855, 0.999876
5, 381,4,298.980927, 298.976715, 476.500061, 440.345276,14.137230, 1031.026855, 1.000014
5, 381,5,1031.026855, 1031.030518, 476.500061, 440.345276,14.137230, 1031.026855, 0.999996
5, 381,6,55.594398, 55.597298, 476.500061, 440.345276,14.137230, 1031.026855, 0.999948
5, 381,7,993.982788, 993.984863, 476.500061, 440.345276,14.137230, 1031.026855, 0.999998
5, 382,0,478.554901, 478.551208, 476.504059, 135.559128,197.355194, 633.880066, 1.000008
5, 382,1,439.013947, 439.005554, 476.504059, 135.559128,197.355194, 633.880066, 1.000019
5, 382,2,490.388306, 490.382538, 476.504059, 135.559128,197.355194, 633.880066, 1.000012
5, 382,3,528.553101, 528.550598, 476.504059, 135.559128,197.355194, 633.880066, 1.000005
5, 382,4,197.355194, 197.355667, 476.504059, 135.559128,197.355194, 633.880066, 0.999998
5, 382,5,428.695129, 428.693726, 476.504059, 135.559128,197.355194, 633.880066, 1.000003
5, 382,6,615.591675, 615.583374, 476.504059, 135.559128,197.355194, 633.880066, 1.000013
5, 382,7,633.880066, 633.877319, 476.504059, 135.559128,197.355194, 633.880066, 1.000004
5, 383,0,218.578430, 218.582138, 476.493530, 342.377808,176.601852, 987.493103, 0.999983
5, 383,1,194.273178, 194.280289, 476.493530, 342.377808,176.601852, 987.493103, 0.999963
5, 383,2,676.413452, 676.424866, 476.493530, 342.377808,176.601852, 987.493103, 0.999983
5, 383,3,409.979950, 409.981140, 476.493530, 342.377808,176.601852, 987.493103, 0.999997
5, 383,4,213.882248, 213.883087, 476.493530, 342.377808,176.601852, 987.493103, 0.999996
5, 383,5,176.601852, 176.606216, 476.493530, 342.377808,176.601852, 987.493103, 0.999975
5, 383,6,934.726074, 934.732849, 476.493530, 342.377808,176.601852, 987.493103, 0.999993
5, 383,7,987.493103, 987.509583, 476.493530, 342.377808,176.601852, 987.493103, 0.999983
5, 384,0,10.154018, 10.154510, 476.503967, 388.220428,10.154018, 1213.994995, 0.999952
5, 384,1,138.663483, 138.668335, 476.503967, 388.220428,10.154018, 1213.994995, 0.999965
5, 384,2,532.482483, 532.476135, 476.503967, 388.220428,10.154018, 1213.994995, 1.000012
5, 384,3,436.181091, 436.177673, 476.503967, 388.220428,10.154018, 1213.994995, 1.000008
5, 384,4,489.947388, 489.947174, 476.503967, 388.220428,10.154018, 1213.994995, 1.000000
5, 384,5,200.476196, 200.472397, 476.503967, 388.220428,10.154018, 1213.994995, 1.000019
5, 384,6,790.132263, 790.121826, 476.503967, 388.220428,10.154018, 1213.994995, 1.000013
5, 384,7,1213.994995, 1213.981812, 476.503967, 388.220428,10.154018, 1213.994995, 1.000011
5, 385,0,53.081280, 53.079472, 476.500793, 361.006470,53.081280, 968.423767, 1.000034
5, 385,1,223.085220, 223.085388, 476.500793, 361.006470,53.081280, 968.423767, 0.999999
5, 385,2,233.219666, 233.219467, 476.500793, 361.006470,53.081280, 968.423767, 1.000001
5, 385,3,932.626831, 932.625000, 476.500793, 361.006470,53.081280, 968.423767, 1.000002
5, 385,4,506.337402, 506.338715, 476.500793, 361.006470,53.081280, 968.423767, 0.999997
5, 385,5,968.423767, 968.421875, 476.500793, 361.006470,53.081280, 968.423767, 1.000002
5, 385,6,167.444336, 167.444275, 476.500793, 361.006470,53.081280, 968.423767, 1.000000
5, 385,7,727.787720, 727.785645, 476.500793, 361.006470,53.081280, 968.423767, 1.000003
5, 386,0,286.868988, 286.868561, 476.496246, 266.357758,121.276680, 831.666992, 1.000001
5, 386,1,172.228806, 172.228912, 476.496246, 266.357758,121.276680, 831.666992, 0.999999
5, 386,2,498.282349, 498.288818, 476.496246, 266.357758,121.276680, 831.666992, 0.999987
5, 386,3,798.631775, 798.636780, 476.496246, 266.357758,121.276680, 831.666992, 0.999994
5, 386,4,562.944519, 562.949219, 476.496246, 266.357758,121.276680, 831.666992, 0.999992
5, 386,5,831.666992, 831.676147, 476.496246, 266.357758,121.276680, 831.666992, 0.999989
5, 386,6,540.069946, 540.073792, 476.496246, 266.357758,121.276680, 831.666992, 0.999993
5, 386,7,121.276680, 121.277946, 476.496246, 266.357758,121.276680, 831.666992, 0.999990
5, 387,0,635.617004, 635.628601, 476.494263, 317.513824,126.391914, 838.136230, 0.999982
5, 387,1,126.391914, 126.396011, 476.494263, 317.513824,126.391914, 838.136230, 0.999968
5, 387,2,838.136230, 838.139832, 476.494263, 317.513824,126.391914, 838.136230, 0.999996
5, 387,3,748.547913, 748.557922, 476.494263, 317.513824,126.391914, 838.136230, 0.999987
5, 387,4,819.743713, 819.755920, 476.494263, 317.513824,126.391914, 838.136230, 0.999985
5, 387,5,161.355637, 161.351578, 476.494263, 317.513824,126.391914, 838.136230, 1.000025
5, 387,6,129.179489, 129.179855, 476.494263, 317.513824,126.391914, 838.136230, 0.999997
5, 387,7,352.982086, 352.990051, 476.494263, 317.513824,126.391914, 838.136230, 0.999977
5, 388,0,235.330536, 235.325531, 476.505310, 324.189392,31.956190, 1000.063477, 1.000021
5, 388,1,285.998047, 285.999298, 476.505310, 324.189392,31.956190, 1000.063477, 0.999996
5, 388,2,1000.063477, 1000.049988, 476.505310, 324.189392,31.956190, 1000.063477, 1.000013
5, 388,3,410.592133, 410.588898, 476.505310, 324.189392,31.956190, 1000.063477, 1.000008
5, 388,4,601.123169, 601.112549, 476.505310, 324.189392,31.956190, 1000.063477, 1.000018
5, 388,5,31.956190, 31.957619, 476.505310, 324.189392,31.956190, 1000.063477, 0.999955
5, 388,6,392.824066, 392.820984, 476.505310, 324.189392,31.956190, 1000.063477, 1.000008
5, 388,7,854.154907, 854.145020, 476.505310, 324.189392,31.956190, 1000.063477, 1.000012
5, 389,0,976.420654, 976.409973, 476.504272, 367.498688,112.126526, 976.420654, 1.000011
5, 389,1,530.650208, 530.640198, 476.504272, 367.498688,112.126526, 976.420654, 1.000019
5, 389,2,856.517212, 856.508362, 476.504272, 367.498688,112.126526, 976.420654, 1.000010
5, 389,3,830.889282, 830.885193, 476.504272, 367.498688,112.126526, 976.420654, 1.000005
5, 389,4,130.672348, 130.664948, 476.504272, 367.498688,112.126526, 976.420654, 1.000057
5, 389,5,112.126526, 112.129074, 476.504272, 367.498688,112.126526, 976.420654, 0.999977
5, 389,6,225.997528, 225.997528, 476.504272, 367.498688,112.126526, 976.420654, 1.000000
5, 389,7,148.760864, 148.764694, 476.504272, 367.498688,112.126526, 976.420654, 0.999974
5, 390,0,43.142612, 43.141075, 476.504211, 221.607941,43.142612, 780.646423, 1.000036
5, 390,1,352.597046, 352.595520, 476.504211, 221.607941,43.142612, 780.646423, 1.000004
5, 390,2,393.976074, 393.976685, 476.504211, 221.607941,43.142612, 780.646423, 0.999998
5, 390,3,628.556091, 628.547302, 476.504211, 221.607941,43.142612, 780.646423, 1.000014
5, 390,4,471.732758, 471.727722, 476.504211, 221.607941,43.142612, 780.646423, 1.000011
5, 390,5,780.646423, 780.639709, 476.504211, 221.607941,43.142612, 780.646423, 1.000009
5, 390,6,556.252319, 556.246521, 476.504211, 221.607941,43.142612, 780.646423, 1.000010
5, 390,7,585.130310, 585.125488, 476.504211, 221.607941,43.142612, 780.646423, 1.000008
5, 391,0,233.668259, 233.662018, 476.499298, 366.493622,85.309296, 1162.677124, 1.000027
5, 391,1,564.574341, 564.578308, 476.499298, 366.493622,85.309296, 1162.677124, 0.999993
5, 391,2,310.400879, 310.404602, 476.499298, 366.493622,85.309296, 1162.677124, 0.999988
5, 391,3,85.309296, 85.313583, 476.499298, 366.493622,85.309296, 1162.677124, 0.999950
5, 391,4,672.685364, 672.682251, 476.499298, 366.493622,85.309296, 1162.677124, 1.000005
5, 391,5,100.610161, 100.608025, 476.499298, 366.493622,85.309296, 1162.677124, 1.000021
5, 391,6,1162.677124, 1162.683838, 476.499298, 366.493622,85.309296, 1162.677124, 0.999994
5, 391,7,682.069031, 682.067444, 476.499298, 366.493622,85.309296, 1162.677124, 1.000002
5, 392,0,745.273499, 745.273010, 476.497437, 228.479797,65.683945, 745.273499, 1.000001
5, 392,1,688.433472, 688.442871, 476.497437, 228.479797,65.683945, 745.273499, 0.999986
5, 392,2,636.146240, 636.147339, 476.497437, 228.479797,65.683945, 745.273499, 0.999998
5, 392,3,411.345520, 411.353363, 476.497437, 228.479797,65.683945, 745.273499, 0.999981
5, 392,4,575.745056, 575.752563, 476.497437, 228.479797,65.683945, 745.273499, 0.999987
5, 392,5,293.884338, 293.880249, 476.497437, 228.479797,65.683945, 745.273499, 1.000014
5, 392,6,395.467621, 395.470673, 476.497437, 228.479797,65.683945, 745.273499, 0.999992
5, 392,7,65.683945, 65.679604, 476.497437, 228.479797,65.683945, 745.273499, 1.000066
5, 393,0,300.852356, 300.851990, 476.502655, 249.939148,191.485489, 880.278809, 1.000001
5, 393,1,198.539841, 198.538681, 476.502655, 249.939148,191.485489, 880.278809, 1.000006
5, 393,2,880.278809, 880.272217, 476.502655, 249.939148,191.485489, 880.278809, 1.000008
5, 393,3,519.589600, 519.587341, 476.502655, 249.939148,191.485489, 880.278809, 1.000004
5, 393,4,594.446960, 594.444519, 476.502655, 249.939148,191.485489, 880.278809, 1.000004
5, 393,5,399.057587, 399.054504, 476.502655, 249.939148,191.485489, 880.278809, 1.000008
5, 393,6,727.770569, 727.766479, 476.502655, 249.939148,191.485489, 880.278809, 1.000006
5, 393,7,191.485489, 191.484329, 476.502655, 249.939148,191.485489, 880.278809, 1.000006
5, 394,0,363.631470, 363.628693, 476.503662, 332.183533,46.903172, 964.219604, 1.000008
5, 394,1,91.014442, 91.012665, 476.503662, 332.183533,46.903172, 964.219604, 1.000020
5, 394,2,294.792633, 294.789734, 476.503662, 332.183533,46.903172, 964.219604, 1.000010
5, 394,3,809.949097, 809.945557, 476.503662, 332.183533,46.903172, 964.219604, 1.000004
5, 394,4,583.132568, 583.128845, 476.503662, 332.183533,46.903172, 964.219604, 1.000006
5, 394,5,46.903172, 46.894699, 476.503662, 332.183533,46.903172, 964.219604, 1.000181
5, 394,6,658.386292, 658.381470, 476.503662, 332.183533,46.903172, 964.219604, 1.000007
5, 394,7,964.219604, 964.218323, 476.503662, 332.183533,46.903172, 964.219604, 1.000001
5, 395,0,531.261780, 531.260925, 476.498718, 139.138489,252.843033, 635.138977, 1.000002
5, 395,1,480.994598, 480.994537, 476.498718, 139.138489,252.843033, 635.138977, 1.000000
5, 395,2,597.607666, 597.607544, 476.498718, 139.138489,252.843033, 635.138977, 1.000000
5, 395,3,635.138977, 635.142090, 476.498718, 139.138489,252.843033, 635.138977, 0.999995
5, 395,4,252.843033, 252.844223, 476.498718, 139.138489,252.843033, 635.138977, 0.999995
5, 395,5,580.139038, 580.141174, 476.498718, 139.138489,252.843033, 635.138977, 0.999996
5, 395,6,304.068817, 304.070343, 476.498718, 139.138489,252.843033, 635.138977, 0.999995
5, 395,7,429.936066, 429.939056, 476.498718, 139.138489,252.843033, 635.138977, 0.999993
5, 396,0,527.344421, 527.359131, 476.494598, 255.387589,231.695419, 955.598389, 0.999972
5, 396,1,736.595215, 736.609436, 476.494598, 255.387589,231.695419, 955.598389, 0.999981
5, 396,2,231.695419, 231.698303, 476.494598, 255.387589,231.695419, 955.598389, 0.999988
5, 396,3,362.795776, 362.794952, 476.494598, 255.387589,231.695419, 955.598389, 1.000002
5, 396,4,453.080383, 453.081451, 476.494598, 255.387589,231.695419, 955.598389, 0.999998
5, 396,5,955.598389, 955.597595, 476.494598, 255.387589,231.695419, 955.598389, 1.000001
5, 396,6,265.750519, 265.764526, 476.494598, 255.387589,231.695419, 955.598389, 0.999947
5, 396,7,279.096649, 279.094788, 476.494598, 255.387589,231.695419, 955.598389, 1.000007
5, 397,0,602.437073, 602.433838, 476.504700, 377.278168,30.427582, 968.939880, 1.000005
5, 397,1,220.444290, 220.450638, 476.504700, 377.278168,30.427582, 968.939880, 0.999971
5, 397,2,968.939880, 968.923218, 476.504700, 377.278168,30.427582, 968.939880, 1.000017
5, 397,3,54.054142, 54.049358, 476.504700, 377.278168,30.427582, 968.939880, 1.000088
5, 397,4,30.427582, 30.425306, 476.504700, 377.278168,30.427582, 968.939880, 1.000075
5, 397,5,914.031555, 914.011414, 476.504700, 377.278168,30.427582, 968.939880, 1.000022
5, 397,6,285.890381, 285.891602, 476.504700, 377.278168,30.427582, 968.939880, 0.999996
5, 397,7,735.812439, 735.814758, 476.504700, 377.278168,30.427582, 968.939880, 0.999997
5, 398,0,151.984802, 151.978943, 476.505157, 286.780029,151.984802, 805.310364, 1.000039
5, 398,1,805.310364, 805.294128, 476.505157, 286.780029,151.984802, 805.310364, 1.000020
5, 398,2,619.996277, 619.991699, 476.505157, 286.780029,151.984802, 805.310364, 1.000007
5, 398,3,692.144653, 692.135193, 476.505157, 286.780029,151.984802, 805.310364, 1.000014
5, 398,4,181.785324, 181.796997, 476.505157, 286.780029,151.984802, 805.310364, 0.999936
5, 398,5,164.771439, 164.767029, 476.505157, 286.780029,151.984802, 805.310364, 1.000027
5, 398,6,396.019714, 396.013031, 476.505157, 286.780029,151.984802, 805.310364, 1.000017
5, 398,7,800.028625, 800.022949, 476.505157, 286.780029,151.984802, 805.310364, 1.000007
5, 399,0,69.188156, 69.195946, 476.500488, 318.649780,69.188156, 927.707092, 0.999887
5, 399,1,252.580383, 252.580322, 476.500488, 318.649780,69.188156, 927.707092, 1.000000
5, 399,2,927.707092, 927.699097, 476.500488, 318.649780,69.188156, 927.707092, 1.000009
5, 399,3,367.867828, 367.863464, 476.500488, 318.649780,69.188156, 927.707092, 1.000012
5, 399,4,796.323853, 796.321655, 476.500488, 318.649780,69.188156, 927.707092, 1.000003
5, 399,5,724.692810, 724.690674, 476.500488, 318.649780,69.188156, 927.707092, 1.000003
5, 399,6,141.341461, 141.345062, 476.500488, 318.649780,69.188156, 927.707092, 0.999975
5, 399,7,532.302246, 532.303833, 476.500488, 318.649780,69.188156, 927.707092, 0.999997
5, 400,0,340.169373, 340.166901, 476.500580, 337.526184,20.819157, 948.784424, 1.000007
5, 400,1,96.343033, 96.343178, 476.500580, 337.526184,20.819157, 948.784424, 0.999999
5, 400,2,948.784424, 948.783203, 476.500580, 337.526184,20.819157, 948.784424, 1.000001
5, 400,3,398.812469, 398.809509, 476.500580, 337.526184,20.819157, 948.784424, 1.000007
5, 400,4,20.819157, 20.814999, 476.500580, 337.526184,20.819157, 948.784424, 1.000200
5, 400,5,567.396606, 567.399780, 476.500580, 337.526184,20.819157, 948.784424, 0.999994
5, 400,6,908.172607, 908.175354, 476.500580, 337.526184,20.819157, 948.784424, 0.999997
5, 400,7,531.506775, 531.506958, 476.500580, 337.526184,20.819157, 948.784424, 1.000000
5, 401,0,618.023132, 618.015991, 476.505981, 198.355713,156.418915, 737.781250, 1.000012
5, 401,1,381.773621, 381.768982, 476.505981, 198.355713,156.418915, 737.781250, 1.000012
5, 401,2,582.449890, 582.440857, 476.505981, 198.355713,156.418915, 737.781250, 1.000015
5, 401,3,323.123657, 323.121460, 476.505981, 198.355713,156.418915, 737.781250, 1.000007
5, 401,4,737.781250, 737.771423, 476.505981, 198.355713,156.418915, 737.781250, 1.000013
5, 401,5,646.193604, 646.184875, 476.505981, 198.355713,156.418915, 737.781250, 1.000013
5, 401,6,156.418915, 156.417923, 476.505981, 198.355713,156.418915, 737.781250, 1.000006
5, 401,7,366.283813, 366.278595, 476.505981, 198.355713,156.418915, 737.781250, 1.000014
5, 402,0,578.403076, 578.392639, 476.504150, 224.120148,12.444412, 682.109863, 1.000018
5, 402,1,682.109863, 682.099670, 476.504150, 224.120148,12.444412, 682.109863, 1.000015
5, 402,2,498.296997, 498.296112, 476.504150, 224.120148,12.444412, 682.109863, 1.000002
5, 402,3,12.444412, 12.443295, 476.504150, 224.120148,12.444412, 682.109863, 1.000090
5, 402,4,602.563477, 602.559570, 476.504150, 224.120148,12.444412, 682.109863, 1.000006
5, 402,5,293.059784, 293.059357, 476.504150, 224.120148,12.444412, 682.109863, 1.000001
5, 402,6,659.532654, 659.529419, 476.504150, 224.120148,12.444412, 682.109863, 1.000005
5, 402,7,485.622833, 485.619995, 476.504150, 224.120148,12.444412, 682.109863, 1.000006
5, 403,0,164.561295, 164.568420, 476.502930, 349.169067,76.472954, 1093.144287, 0.999957
5, 403,1,320.689209, 320.686066, 476.502930, 349.169067,76.472954, 1093.144287, 1.000010
5, 403,2,76.472954, 76.474983, 476.502930, 349.169067,76.472954, 1093.144287, 0.999973
5, 403,3,463.105530, 463.107269, 476.502930, 349.169067,76.472954, 1093.144287, 0.999996
5, 403,4,1093.144287, 1093.140991, 476.502930, 349.169067,76.472954, 1093.144287, 1.000003
5, 403,5,230.031479, 230.022354, 476.502930, 349.169067,76.472954, 1093.144287, 1.000040
5, 403,6,738.427612, 738.408081, 476.502930, 349.169067,76.472954, 1093.144287, 1.000026
5, 403,7,725.591309, 725.591980, 476.502930, 349.169067,76.472954, 1093.144287, 0.999999
5, 404,0,497.310669, 497.323151, 476.494202, 218.772263,98.312248, 802.166199, 0.999975
5, 404,1,302.134949, 302.137268, 476.494202, 218.772263,98.312248, 802.166199, 0.999992
5, 404,2,623.755920, 623.759094, 476.494202, 218.772263,98.312248, 802.166199, 0.999995
5, 404,3,349.946808, 349.957123, 476.494202, 218.772263,98.312248, 802.166199, 0.999970
5, 404,4,802.166199, 802.178162, 476.494202, 218.772263,98.312248, 802.166199, 0.999985
5, 404,5,580.012634, 580.016968, 476.494202, 218.772263,98.312248, 802.166199, 0.999993
5, 404,6,98.312248, 98.311279, 476.494202, 218.772263,98.312248, 802.166199, 1.000010
5, 404,7,558.314209, 558.316956, 476.494202, 218.772263,98.312248, 802.166199, 0.999995
5, 405,0,719.991943, 719.997437, 476.495575, 176.261139,193.192001, 719.991943, 0.999992
5, 405,1,330.181030, 330.188080, 476.495575, 176.261139,193.192001, 719.991943, 0.999979
5, 405,2,404.227264, 404.230103, 476.495575, 176.261139,193.192001, 719.991943, 0.999993
5, 405,3,615.070801, 615.075562, 476.495575, 176.261139,193.192001, 719.991943, 0.999992
5, 405,4,464.523560, 464.530762, 476.495575, 176.261139,193.192001, 719.991943, 0.999985
5, 405,5,193.192001, 193.188614, 476.495575, 176.261139,193.192001, 719.991943, 1.000018
5, 405,6,650.239807, 650.245544, 476.495575, 176.261139,193.192001, 719.991943, 0.999991
5, 405,7,434.538391, 434.543793, 476.495575, 176.261139,193.192001, 719.991943, 0.999988
5, 406,0,1025.876953, 1025.898071, 476.493713, 331.887299,55.380173, 1025.876953, 0.999979
5, 406,1,547.117126, 547.132019, 476.493713, 331.887299,55.380173, 1025.876953, 0.999973
5, 406,2,270.409180, 270.404999, 476.493713, 331.887299,55.380173, 1025.876953, 1.000015
5, 406,3,582.998596, 583.001099, 476.493713, 331.887299,55.380173, 1025.876953, 0.999996
5, 406,4,769.577148, 769.583435, 476.493713, 331.887299,55.380173, 1025.876953, 0.999992
5, 406,5,55.380173, 55.387005, 476.493713, 331.887299,55.380173, 1025.876953, 0.999877
5, 406,6,92.947395, 92.947311, 476.493713, 331.887299,55.380173, 1025.876953, 1.000001
5, 406,7,467.642944, 467.645752, 476.493713, 331.887299,55.380173, 1025.876953, 0.999994
5, 407,0,396.660675, 396.656219, 476.506958, 321.910492,86.207916, 879.276306, 1.000011
5, 407,1,704.752808, 704.739563, 476.506958, 321.910492,86.207916, 879.276306, 1.000019
5, 407,2,778.681152, 778.670410, 476.506958, 321.910492,86.207916, 879.276306, 1.000014
5, 407,3,100.877861, 100.875755, 476.506958, 321.910492,86.207916, 879.276306, 1.000021
5, 407,4,86.207916, 86.209183, 476.506958, 321.910492,86.207916, 879.276306, 0.999985
5, 407,5,191.833389, 191.836945, 476.506958, 321.910492,86.207916, 879.276306, 0.999981
5, 407,6,673.765442, 673.754639, 476.506958, 321.910492,86.207916, 879.276306, 1.000016
5, 407,7,879.276306, 879.257446, 476.506958, 321.910492,86.207916, 879.276306, 1.000021
5, 408,0,435.961548, 435.964111, 476.496429, 192.768021,181.539291, 856.085693, 0.999994
5, 408,1,380.936707, 380.939514, 476.496429, 192.768021,181.539291, 856.085693, 0.999993
5, 408,2,447.307007, 447.309662, 476.496429, 192.768021,181.539291, 856.085693, 0.999994
5, 408,3,856.085693, 856.096619, 476.496429, 192.768021,181.539291, 856.085693, 0.999987
5, 408,4,181.539291, 181.540390, 476.496429, 192.768021,181.539291, 856.085693, 0.999994
5, 408,5,517.831421, 517.836975, 476.496429, 192.768021,181.539291, 856.085693, 0.999989
5, 408,6,409.782043, 409.779785, 476.496429, 192.768021,181.539291, 856.085693, 1.000005
5, 408,7,582.527832, 582.532715, 476.496429, 192.768021,181.539291, 856.085693, 0.999992
5, 409,0,611.337708, 611.324341, 476.505798, 156.252319,172.718903, 641.139709, 1.000022
5, 409,1,341.507996, 341.501312, 476.505798, 156.252319,172.718903, 641.139709, 1.000020
5, 409,2,442.121552, 442.115936, 476.505798, 156.252319,172.718903, 641.139709, 1.000013
5, 409,3,641.139709, 641.136841, 476.505798, 156.252319,172.718903, 641.139709, 1.000005
5, 409,4,562.032104, 562.024353, 476.505798, 156.252319,172.718903, 641.139709, 1.000014
5, 409,5,483.688293, 483.686737, 476.505798, 156.252319,172.718903, 641.139709, 1.000003
5, 409,6,172.718903, 172.719055, 476.505798, 156.252319,172.718903, 641.139709, 0.999999
5, 409,7,557.499939, 557.491516, 476.505798, 156.252319,172.718903, 641.139709, 1.000015
5, 410,0,355.616882, 355.618835, 476.496490, 163.844910,286.285583, 669.345764, 0.999995
5, 410,1,302.351898, 302.352692, 476.496490, 163.844910,286.285583, 669.345764, 0.999997
5, 410,2,660.098755, 660.100098, 476.496490, 163.844910,286.285583, 669.345764, 0.999998
5, 410,3,511.834503, 511.841980, 476.496490, 163.844910,286.285583, 669.345764, 0.999985
5, 410,4,669.345764, 669.354919, 476.496490, 163.844910,286.285583, 669.345764, 0.999986
5, 410,5,639.613770, 639.621887, 476.496490, 163.844910,286.285583, 669.345764, 0.999987
5, 410,6,286.285583, 286.286896, 476.496490, 163.844910,286.285583, 669.345764, 0.999995
5, 410,7,386.824707, 386.822723, 476.496490, 163.844910,286.285583, 669.345764, 1.000005
5, 411,0,686.350952, 686.353210, 476.498566, 250.315414,208.938522, 839.435608, 0.999997
5, 411,1,362.389130, 362.390442, 476.498566, 250.315414,208.938522, 839.435608, 0.999996
5, 411,2,215.523056, 215.519073, 476.498566, 250.315414,208.938522, 839.435608, 1.000018
5, 411,3,486.122589, 486.127625, 476.498566, 250.315414,208.938522, 839.435608, 0.999990
5, 411,4,208.938522, 208.937317, 476.498566, 250.315414,208.938522, 839.435608, 1.000006
5, 411,5,739.229126, 739.231384, 476.498566, 250.315414,208.938522, 839.435608, 0.999997
5, 411,6,273.999725, 273.998749, 476.498566, 250.315414,208.938522, 839.435608, 1.000004
5, 411,7,839.435608, 839.442261, 476.498566, 250.315414,208.938522, 839.435608, 0.999992
5, 412,0,1043.599487, 1043.607910, 476.495575, 351.276947,149.868317, 1043.599487, 0.999992
5, 412,1,149.868317, 149.864441, 476.495575, 351.276947,149.868317, 1043.599487, 1.000026
5, 412,2,270.695160, 270.697418, 476.495575, 351.276947,149.868317, 1043.599487, 0.999992
5, 412,3,770.148376, 770.156067, 476.495575, 351.276947,149.868317, 1043.599487, 0.999990
5, 412,4,185.561157, 185.556763, 476.495575, 351.276947,149.868317, 1043.599487, 1.000024
5, 412,5,186.749588, 186.758743, 476.495575, 351.276947,149.868317, 1043.599487, 0.999951
5, 412,6,833.381348, 833.393860, 476.495575, 351.276947,149.868317, 1043.599487, 0.999985
5, 412,7,371.961212, 371.964783, 476.495575, 351.276947,149.868317, 1043.599487, 0.999990
5, 413,0,526.878784, 526.875427, 476.504150, 266.784943,77.089790, 811.375732, 1.000006
5, 413,1,651.092590, 651.085510, 476.504150, 266.784943,77.089790, 811.375732, 1.000011
5, 413,2,794.004578, 793.998474, 476.504150, 266.784943,77.089790, 811.375732, 1.000008
5, 413,3,335.826111, 335.823029, 476.504150, 266.784943,77.089790, 811.375732, 1.000009
5, 413,4,77.089790, 77.089195, 476.504150, 266.784943,77.089790, 811.375732, 1.000008
5, 413,5,811.375732, 811.369141, 476.504150, 266.784943,77.089790, 811.375732, 1.000008
5, 413,6,218.253937, 218.250397, 476.504150, 266.784943,77.089790, 811.375732, 1.000016
5, 413,7,397.511383, 397.508545, 476.504150, 266.784943,77.089790, 811.375732, 1.000007
5, 414,0,283.574463, 283.579956, 476.496796, 291.058258,71.284744, 837.680420, 0.999981
5, 414,1,486.610077, 486.611389, 476.496796, 291.058258,71.284744, 837.680420, 0.999997
5, 414,2,837.680420, 837.686646, 476.496796, 291.058258,71.284744, 837.680420, 0.999993
5, 414,3,430.666260, 430.666595, 476.496796, 291.058258,71.284744, 837.680420, 0.999999
5, 414,4,767.663147, 767.662964, 476.496796, 291.058258,71.284744, 837.680420, 1.000000
5, 414,5,762.191101, 762.198242, 476.496796, 291.058258,71.284744, 837.680420, 0.999991
5, 414,6,172.304169, 172.307846, 476.496796, 291.058258,71.284744, 837.680420, 0.999979
5, 414,7,71.284744, 71.286102, 476.496796, 291.058258,71.284744, 837.680420, 0.999981
5, 415,0,302.478973, 302.480682, 476.497833, 198.452148,259.895264, 829.362183, 0.999994
5, 415,1,597.013062, 597.012451, 476.497833, 198.452148,259.895264, 829.362183, 1.000001
5, 415,2,829.362183, 829.371521, 476.497833, 198.452148,259.895264, 829.362183, 0.999989
5, 415,3,645.025391, 645.032776, 476.497833, 198.452148,259.895264, 829.362183, 0.999989
5, 415,4,259.895264, 259.895630, 476.497833, 198.452148,259.895264, 829.362183, 0.999999
5, 415,5,329.070526, 329.067474, 476.497833, 198.452148,259.895264, 829.362183, 1.000009
5, 415,6,380.315125, 380.318268, 476.497833, 198.452148,259.895264, 829.362183, 0.999992
5, 415,7,468.822083, 468.821381, 476.497833, 198.452148,259.895264, 829.362183, 1.000002
5, 416,0,309.861755, 309.861298, 476.505188, 379.503967,50.209274, 1115.711426, 1.000001
5, 416,1,143.142578, 143.142273, 476.505188, 379.503967,50.209274, 1115.711426, 1.000002
5, 416,2,656.200500, 656.191833, 476.505188, 379.503967,50.209274, 1115.711426, 1.000013
5, 416,3,663.716675, 663.702454, 476.505188, 379.503967,50.209274, 1115.711426, 1.000021
5, 416,4,1115.711426, 1115.703369, 476.505188, 379.503967,50.209274, 1115.711426, 1.000007
5, 416,5,759.419983, 759.412292, 476.505188, 379.503967,50.209274, 1115.711426, 1.000010
5, 416,6,113.779510, 113.782692, 476.505188, 379.503967,50.209274, 1115.711426, 0.999972
5, 416,7,50.209274, 50.203747, 476.505188, 379.503967,50.209274, 1115.711426, 1.000110
5, 417,0,594.936707, 594.933472, 476.502472, 390.026337,34.669216, 1094.002930, 1.000005
5, 417,1,192.470001, 192.467957, 476.502472, 390.026337,34.669216, 1094.002930, 1.000011
5, 417,2,1094.002930, 1094.001831, 476.502472, 390.026337,34.669216, 1094.002930, 1.000001
5, 417,3,783.958618, 783.953796, 476.502472, 390.026337,34.669216, 1094.002930, 1.000006
5, 417,4,778.262451, 778.259155, 476.502472, 390.026337,34.669216, 1094.002930, 1.000004
5, 417,5,34.669216, 34.665253, 476.502472, 390.026337,34.669216, 1094.002930, 1.000114
5, 417,6,76.654625, 76.654495, 476.502472, 390.026337,34.669216, 1094.002930, 1.000002
5, 417,7,257.065338, 257.064148, 476.502472, 390.026337,34.669216, 1094.002930, 1.000005
5, 418,0,159.165451, 159.168274, 476.499359, 418.812561,10.359344, 1117.629517, 0.999982
5, 418,1,149.711090, 149.715485, 476.499359, 418.812561,10.359344, 1117.629517, 0.999971
5, 418,2,1019.377686, 1019.374451, 476.499359, 418.812561,10.359344, 1117.629517, 1.000003
5, 418,3,489.730286, 489.730377, 476.499359, 418.812561,10.359344, 1117.629517, 1.000000
5, 418,4,216.993011, 216.995163, 476.499359, 418.812561,10.359344, 1117.629517, 0.999990
5, 418,5,1117.629517, 1117.626465, 476.499359, 418.812561,10.359344, 1117.629517, 1.000003
5, 418,6,10.359344, 10.358061, 476.499359, 418.812561,10.359344, 1117.629517, 1.000124
5, 418,7,649.028625, 649.031799, 476.499359, 418.812561,10.359344, 1117.629517, 0.999995
5, 419,0,698.312012, 698.317139, 476.496979, 228.052017,150.169983, 759.797485, 0.999993
5, 419,1,759.797485, 759.805664, 476.496979, 228.052017,150.169983, 759.797485, 0.999989
5, 419,2,354.833221, 354.835052, 476.496979, 228.052017,150.169983, 759.797485, 0.999995
5, 419,3,727.541748, 727.545227, 476.496979, 228.052017,150.169983, 759.797485, 0.999995
5, 419,4,150.169983, 150.168701, 476.496979, 228.052017,150.169983, 759.797485, 1.000009
5, 419,5,485.131958, 485.136627, 476.496979, 228.052017,150.169983, 759.797485, 0.999990
5, 419,6,321.337830, 321.338226, 476.496979, 228.052017,150.169983, 759.797485, 0.999999
5, 419,7,314.851715, 314.853485, 476.496979, 228.052017,150.169983, 759.797485, 0.999994
5, 420,0,1025.800659, 1025.803467, 476.497803, 325.261566,78.996025, 1025.800659, 0.999997
5, 420,1,747.856873, 747.861816, 476.497803, 325.261566,78.996025, 1025.800659, 0.999993
5, 420,2,428.663818, 428.664673, 476.497803, 325.261566,78.996025, 1025.800659, 0.999998
5, 420,3,78.996025, 78.993050, 476.497803, 325.261566,78.996025, 1025.800659, 1.000038
5, 420,4,208.564255, 208.567825, 476.497803, 325.261566,78.996025, 1025.800659, 0.999983
5, 420,5,148.815460, 148.820572, 476.497803, 325.261566,78.996025, 1025.800659, 0.999966
5, 420,6,613.777710, 613.781006, 476.497803, 325.261566,78.996025, 1025.800659, 0.999995
5, 420,7,559.507751, 559.507813, 476.497803, 325.261566,78.996025, 1025.800659, 1.000000
5, 421,0,370.242615, 370.240967, 476.504761, 258.662079,131.406677, 804.206543, 1.000004
5, 421,1,262.922607, 262.922577, 476.504761, 258.662079,131.406677, 804.206543, 1.000000
5, 421,2,709.301514, 709.294189, 476.504761, 258.662079,131.406677, 804.206543, 1.000010
5, 421,3,410.897461, 410.891907, 476.504761, 258.662079,131.406677, 804.206543, 1.000013
5, 421,4,804.206543, 804.195618, 476.504761, 258.662079,131.406677, 804.206543, 1.000014
5, 421,5,131.406677, 131.410706, 476.504761, 258.662079,131.406677, 804.206543, 0.999969
5, 421,6,798.168274, 798.159607, 476.504761, 258.662079,131.406677, 804.206543, 1.000011
5, 421,7,324.892426, 324.884430, 476.504761, 258.662079,131.406677, 804.206543, 1.000025
5, 422,0,394.479736, 394.479401, 476.507172, 312.879456,35.224438, 1009.245483, 1.000001
5, 422,1,626.978516, 626.975342, 476.507172, 312.879456,35.224438, 1009.245483, 1.000005
5, 422,2,525.174377, 525.164856, 476.507172, 312.879456,35.224438, 1009.245483, 1.000018
5, 422,3,463.346436, 463.339966, 476.507172, 312.879456,35.224438, 1009.245483, 1.000014
5, 422,4,99.778542, 99.776596, 476.507172, 312.879456,35.224438, 1009.245483, 1.000020
5, 422,5,1009.245483, 1009.226196, 476.507172, 312.879456,35.224438, 1009.245483, 1.000019
5, 422,6,657.830017, 657.824036, 476.507172, 312.879456,35.224438, 1009.245483, 1.000009
5, 422,7,35.224438, 35.213852, 476.507172, 312.879456,35.224438, 1009.245483, 1.000301
5, 423,0,444.147583, 444.147430, 476.503326, 150.882004,229.333633, 662.812805, 1.000000
5, 423,1,301.616516, 301.615997, 476.503326, 150.882004,229.333633, 662.812805, 1.000002
5, 423,2,662.812805, 662.800903, 476.503326, 150.882004,229.333633, 662.812805, 1.000018
5, 423,3,229.333633, 229.326355, 476.503326, 150.882004,229.333633, 662.812805, 1.000032
5, 423,4,623.864990, 623.862244, 476.503326, 150.882004,229.333633, 662.812805, 1.000004
5, 423,5,462.899689, 462.899994, 476.503326, 150.882004,229.333633, 662.812805, 0.999999
5, 423,6,565.996948, 565.995361, 476.503326, 150.882004,229.333633, 662.812805, 1.000003
5, 423,7,521.354736, 521.351868, 476.503326, 150.882004,229.333633, 662.812805, 1.000005
5, 424,0,110.273430, 110.271942, 476.495056, 420.138824,73.081818, 1210.511719, 1.000013
5, 424,1,1210.511719, 1210.530396, 476.495056, 420.138824,73.081818, 1210.511719, 0.999985
5, 424,2,896.143433, 896.160217, 476.495056, 420.138824,73.081818, 1210.511719, 0.999981
5, 424,3,237.616501, 237.615463, 476.495056, 420.138824,73.081818, 1210.511719, 1.000004
5, 424,4,73.081818, 73.080841, 476.495056, 420.138824,73.081818, 1210.511719, 1.000013
5, 424,5,592.941895, 592.943787, 476.495056, 420.138824,73.081818, 1210.511719, 0.999997
5, 424,6,589.653809, 589.656738, 476.495056, 420.138824,73.081818, 1210.511719, 0.999995
5, 424,7,101.737862, 101.740524, 476.495056, 420.138824,73.081818, 1210.511719, 0.999974
5, 425,0,526.516663, 526.514465, 476.502106, 179.800766,164.434845, 747.660156, 1.000004
5, 425,1,550.177246, 550.175049, 476.502106, 179.800766,164.434845, 747.660156, 1.000004
5, 425,2,415.482697, 415.479553, 476.502106, 179.800766,164.434845, 747.660156, 1.000008
5, 425,3,393.628632, 393.630127, 476.502106, 179.800766,164.434845, 747.660156, 0.999996
5, 425,4,164.434845, 164.431915, 476.502106, 179.800766,164.434845, 747.660156, 1.000018
5, 425,5,747.660156, 747.655579, 476.502106, 179.800766,164.434845, 747.660156, 1.000006
5, 425,6,374.775940, 374.776031, 476.502106, 179.800766,164.434845, 747.660156, 1.000000
5, 425,7,639.340820, 639.337341, 476.502106, 179.800766,164.434845, 747.660156, 1.000005
5, 426,0,592.546570, 592.555908, 476.495911, 255.062698,84.746628, 742.987549, 0.999984
5, 426,1,742.987549, 743.001648, 476.495911, 255.062698,84.746628, 742.987549, 0.999981
5, 426,2,697.554932, 697.564880, 476.495911, 255.062698,84.746628, 742.987549, 0.999986
5, 426,3,250.519257, 250.519211, 476.495911, 255.062698,84.746628, 742.987549, 1.000000
5, 426,4,247.101563, 247.100540, 476.495911, 255.062698,84.746628, 742.987549, 1.000004
5, 426,5,465.513458, 465.507507, 476.495911, 255.062698,84.746628, 742.987549, 1.000013
5, 426,6,730.997192, 731.000000, 476.495911, 255.062698,84.746628, 742.987549, 0.999996
5, 426,7,84.746628, 84.750076, 476.495911, 255.062698,84.746628, 742.987549, 0.999959
5, 427,0,480.651184, 480.645203, 476.503052, 191.350784,176.020996, 829.124634, 1.000012
5, 427,1,533.473999, 533.471741, 476.503052, 191.350784,176.020996, 829.124634, 1.000004
5, 427,2,360.793488, 360.792969, 476.503052, 191.350784,176.020996, 829.124634, 1.000001
5, 427,3,829.124634, 829.117493, 476.503052, 191.350784,176.020996, 829.124634, 1.000009
5, 427,4,350.779022, 350.777283, 476.503052, 191.350784,176.020996, 829.124634, 1.000005
5, 427,5,176.020996, 176.022064, 476.503052, 191.350784,176.020996, 829.124634, 0.999994
5, 427,6,518.208862, 518.203979, 476.503052, 191.350784,176.020996, 829.124634, 1.000009
5, 427,7,562.972290, 562.969177, 476.503052, 191.350784,176.020996, 829.124634, 1.000005
5, 428,0,148.801773, 148.800705, 476.497681, 341.534790,24.979450, 1040.280884, 1.000007
5, 428,1,1040.280884, 1040.287476, 476.497681, 341.534790,24.979450, 1040.280884, 0.999994
5, 428,2,24.979450, 24.975948, 476.497681, 341.534790,24.979450, 1040.280884, 1.000140
5, 428,3,744.139832, 744.142883, 476.497681, 341.534790,24.979450, 1040.280884, 0.999996
5, 428,4,247.461456, 247.461990, 476.497681, 341.534790,24.979450, 1040.280884, 0.999998
5, 428,5,602.572327, 602.578369, 476.497681, 341.534790,24.979450, 1040.280884, 0.999990
5, 428,6,349.976990, 349.979767, 476.497681, 341.534790,24.979450, 1040.280884, 0.999992
5, 428,7,653.768860, 653.773010, 476.497681, 341.534790,24.979450, 1040.280884, 0.999994
5, 429,0,779.824463, 779.821411, 476.500183, 215.074265,180.161072, 791.106323, 1.000004
5, 429,1,529.042175, 529.044434, 476.500183, 215.074265,180.161072, 791.106323, 0.999996
5, 429,2,425.452148, 425.452881, 476.500183, 215.074265,180.161072, 791.106323, 0.999998
5, 429,3,374.466644, 374.465363, 476.500183, 215.074265,180.161072, 791.106323, 1.000003
5, 429,4,414.911163, 414.905518, 476.500183, 215.074265,180.161072, 791.106323, 1.000014
5, 429,5,317.037231, 317.038147, 476.500183, 215.074265,180.161072, 791.106323, 0.999997
5, 429,6,180.161072, 180.161560, 476.500183, 215.074265,180.161072, 791.106323, 0.999997
5, 429,7,791.106323, 791.110779, 476.500183, 215.074265,180.161072, 791.106323, 0.999994
5, 430,0,233.564438, 233.563171, 476.494995, 123.361984,233.564438, 577.070618, 1.000005
5, 430,1,577.070618, 577.083435, 476.494995, 123.361984,233.564438, 577.070618, 0.999978
5, 430,2,485.329712, 485.335052, 476.494995, 123.361984,233.564438, 577.070618, 0.999989
5, 430,3,531.971497, 531.982971, 476.494995, 123.361984,233.564438, 577.070618, 0.999978
5, 430,4,340.114716, 340.115051, 476.494995, 123.361984,233.564438, 577.070618, 0.999999
5, 430,5,535.391785, 535.394836, 476.494995, 123.361984,233.564438, 577.070618, 0.999994
5, 430,6,560.508057, 560.508667, 476.494995, 123.361984,233.564438, 577.070618, 0.999999
5, 430,7,548.008972, 548.017029, 476.494995, 123.361984,233.564438, 577.070618, 0.999985
5, 431,0,579.825623, 579.824158, 476.502655, 196.659180,159.996933, 654.384827, 1.000003
5, 431,1,199.302963, 199.301437, 476.502655, 196.659180,159.996933, 654.384827, 1.000008
5, 431,2,564.428711, 564.423523, 476.502655, 196.659180,159.996933, 654.384827, 1.000009
5, 431,3,654.384827, 654.380188, 476.502655, 196.659180,159.996933, 654.384827, 1.000007
5, 431,4,606.133606, 606.131897, 476.502655, 196.659180,159.996933, 654.384827, 1.000003
5, 431,5,159.996933, 159.998138, 476.502655, 196.659180,159.996933, 654.384827, 0.999992
5, 431,6,629.682068, 629.675842, 476.502655, 196.659180,159.996933, 654.384827, 1.000010
5, 431,7,418.266693, 418.264954, 476.502655, 196.659180,159.996933, 654.384827, 1.000004
5, 432,0,823.611084, 823.610718, 476.500916, 176.866226,309.542847, 823.611084, 1.000000
5, 432,1,309.542847, 309.541901, 476.500916, 176.866226,309.542847, 823.611084, 1.000003
5, 432,2,326.989990, 326.991180, 476.500916, 176.866226,309.542847, 823.611084, 0.999996
5, 432,3,403.836456, 403.832672, 476.500916, 176.866226,309.542847, 823.611084, 1.000009
5, 432,4,346.241302, 346.241913, 476.500916, 176.866226,309.542847, 823.611084, 0.999998
5, 432,5,521.193420, 521.192017, 476.500916, 176.866226,309.542847, 823.611084, 1.000003
5, 432,6,629.382813, 629.383057, 476.500916, 176.866226,309.542847, 823.611084, 1.000000
5, 432,7,451.209351, 451.206543, 476.500916, 176.866226,309.542847, 823.611084, 1.000006
5, 433,0,124.467033, 124.464355, 476.495605, 293.700195,12.481922, 793.214905, 1.000021
5, 433,1,12.481922, 12.481480, 476.495605, 293.700195,12.481922, 793.214905, 1.000035
5, 433,2,705.829590, 705.836243, 476.495605, 293.700195,12.481922, 793.214905, 0.999991
5, 433,3,793.214905, 793.223267, 476.495605, 293.700195,12.481922, 793.214905, 0.999989
5, 433,4,651.869385, 651.876221, 476.495605, 293.700195,12.481922, 793.214905, 0.999990
5, 433,5,375.210510, 375.215485, 476.495605, 293.700195,12.481922, 793.214905, 0.999987
5, 433,6,734.878967, 734.884155, 476.495605, 293.700195,12.481922, 793.214905, 0.999993
5, 433,7,414.012817, 414.019012, 476.495605, 293.700195,12.481922, 793.214905, 0.999985
5, 434,0,748.896973, 748.887817, 476.505859, 314.587250,47.317245, 879.259521, 1.000012
5, 434,1,195.491135, 195.487228, 476.505859, 314.587250,47.317245, 879.259521, 1.000020
5, 434,2,634.392090, 634.385376, 476.505859, 314.587250,47.317245, 879.259521, 1.000011
5, 434,3,879.259521, 879.247314, 476.505859, 314.587250,47.317245, 879.259521, 1.000014
5, 434,4,411.971130, 411.971741, 476.505859, 314.587250,47.317245, 879.259521, 0.999999
5, 434,5,162.416626, 162.421616, 476.505859, 314.587250,47.317245, 879.259521, 0.999969
5, 434,6,732.301941, 732.286011, 476.505859, 314.587250,47.317245, 879.259521, 1.000022
5, 434,7,47.317245, 47.312550, 476.505859, 314.587250,47.317245, 879.259521, 1.000099
5, 435,0,645.114624, 645.113770, 476.495575, 247.597717,36.888443, 790.405090, 1.000001
5, 435,1,790.405090, 790.417542, 476.495575, 247.597717,36.888443, 790.405090, 0.999984
5, 435,2,36.888443, 36.888172, 476.495575, 247.597717,36.888443, 790.405090, 1.000007
5, 435,3,670.919739, 670.925476, 476.495575, 247.597717,36.888443, 790.405090, 0.999991
5, 435,4,563.414734, 563.421692, 476.495575, 247.597717,36.888443, 790.405090, 0.999988
5, 435,5,348.067108, 348.071686, 476.495575, 247.597717,36.888443, 790.405090, 0.999987
5, 435,6,496.647308, 496.653931, 476.495575, 247.597717,36.888443, 790.405090, 0.999987
5, 435,7,260.507629, 260.507721, 476.495575, 247.597717,36.888443, 790.405090, 1.000000
5, 436,0,802.465088, 802.467957, 476.500122, 281.889984,38.530907, 802.465088, 0.999996
5, 436,1,638.187988, 638.186951, 476.500122, 281.889984,38.530907, 802.465088, 1.000002
5, 436,2,629.185608, 629.186646, 476.500122, 281.889984,38.530907, 802.465088, 0.999998
5, 436,3,372.320648, 372.321503, 476.500122, 281.889984,38.530907, 802.465088, 0.999998
5, 436,4,128.840210, 128.837921, 476.500122, 281.889984,38.530907, 802.465088, 1.000018
5, 436,5,38.530907, 38.529251, 476.500122, 281.889984,38.530907, 802.465088, 1.000043
5, 436,6,449.793488, 449.792023, 476.500122, 281.889984,38.530907, 802.465088, 1.000003
5, 436,7,752.677124, 752.677551, 476.500122, 281.889984,38.530907, 802.465088, 0.999999
5, 437,0,751.108215, 751.107971, 476.499603, 259.488098,73.660744, 777.032898, 1.000000
5, 437,1,594.458496, 594.459900, 476.499603, 259.488098,73.660744, 777.032898, 0.999998
5, 437,2,442.064240, 442.063904, 476.499603, 259.488098,73.660744, 777.032898, 1.000001
5, 437,3,777.032898, 777.033691, 476.499603, 259.488098,73.660744, 777.032898, 0.999999
5, 437,4,135.328049, 135.328171, 476.499603, 259.488098,73.660744, 777.032898, 0.999999
5, 437,5,583.160950, 583.161377, 476.499603, 259.488098,73.660744, 777.032898, 0.999999
5, 437,6,455.183350, 455.184723, 476.499603, 259.488098,73.660744, 777.032898, 0.999997
5, 437,7,73.660744, 73.660301, 476.499603, 259.488098,73.660744, 777.032898, 1.000006
5, 438,0,54.554230, 54.554626, 476.493591, 330.218475,54.554230, 941.553772, 0.999993
5, 438,1,138.486694, 138.488632, 476.493591, 330.218475,54.554230, 941.553772, 0.999986
5, 438,2,711.293274, 711.304077, 476.493591, 330.218475,54.554230, 941.553772, 0.999985
5, 438,3,525.408447, 525.411926, 476.493591, 330.218475,54.554230, 941.553772, 0.999993
5, 438,4,547.153259, 547.153870, 476.493591, 330.218475,54.554230, 941.553772, 0.999999
5, 438,5,138.154739, 138.161453, 476.493591, 330.218475,54.554230, 941.553772, 0.999951
5, 438,6,941.553772, 941.572327, 476.493591, 330.218475,54.554230, 941.553772, 0.999980
5, 438,7,755.344299, 755.353088, 476.493591, 330.218475,54.554230, 941.553772, 0.999988
5, 439,0,53.230923, 53.232105, 476.500702, 235.254181,53.230923, 692.135681, 0.999978
5, 439,1,621.757141, 621.757080, 476.500702, 235.254181,53.230923, 692.135681, 1.000000
5, 439,2,531.743530, 531.743286, 476.500702, 235.254181,53.230923, 692.135681, 1.000000
5, 439,3,592.952698, 592.950745, 476.500702, 235.254181,53.230923, 692.135681, 1.000003
5, 439,4,170.550598, 170.550385, 476.500702, 235.254181,53.230923, 692.135681, 1.000001
5, 439,5,649.335388, 649.334595, 476.500702, 235.254181,53.230923, 692.135681, 1.000001
5, 439,6,500.299561, 500.297607, 476.500702, 235.254181,53.230923, 692.135681, 1.000004
5, 439,7,692.135681, 692.134338, 476.500702, 235.254181,53.230923, 692.135681, 1.000002
5, 440,0,163.537628, 163.540970, 476.500732, 323.167389,56.187931, 904.786316, 0.999980
5, 440,1,904.786316, 904.785400, 476.500732, 323.167389,56.187931, 904.786316, 1.000001
5, 440,2,56.187931, 56.186874, 476.500732, 323.167389,56.187931, 904.786316, 1.000019
5, 440,3,254.993408, 254.995132, 476.500732, 323.167389,56.187931, 904.786316, 0.999993
5, 440,4,878.267517, 878.265747, 476.500732, 323.167389,56.187931, 904.786316, 1.000002
5, 440,5,662.908081, 662.905029, 476.500732, 323.167389,56.187931, 904.786316, 1.000005
5, 440,6,331.883972, 331.884247, 476.500732, 323.167389,56.187931, 904.786316, 0.999999
5, 440,7,559.440735, 559.436890, 476.500732, 323.167389,56.187931, 904.786316, 1.000007
5, 441,0,146.501801, 146.505768, 476.505066, 316.665710,146.501801, 989.902649, 0.999973
5, 441,1,393.362061, 393.356262, 476.505066, 316.665710,146.501801, 989.902649, 1.000015
5, 441,2,989.902649, 989.883423, 476.505066, 316.665710,146.501801, 989.902649, 1.000019
5, 441,3,175.932785, 175.933090, 476.505066, 316.665710,146.501801, 989.902649, 0.999998
5, 441,4,380.569153, 380.568481, 476.505066, 316.665710,146.501801, 989.902649, 1.000002
5, 441,5,875.205750, 875.193909, 476.505066, 316.665710,146.501801, 989.902649, 1.000013
5, 441,6,253.831665, 253.830734, 476.505066, 316.665710,146.501801, 989.902649, 1.000004
5, 441,7,596.734497, 596.728333, 476.505066, 316.665710,146.501801, 989.902649, 1.000010
5, 442,0,317.162659, 317.162292, 476.505005, 156.855209,236.480545, 664.107910, 1.000001
5, 442,1,654.203918, 654.195435, 476.505005, 156.855209,236.480545, 664.107910, 1.000013
5, 442,2,482.114990, 482.109283, 476.505005, 156.855209,236.480545, 664.107910, 1.000012
5, 442,3,373.870728, 373.867096, 476.505005, 156.855209,236.480545, 664.107910, 1.000010
5, 442,4,236.480545, 236.479202, 476.505005, 156.855209,236.480545, 664.107910, 1.000006
5, 442,5,501.467163, 501.464172, 476.505005, 156.855209,236.480545, 664.107910, 1.000006
5, 442,6,664.107910, 664.099487, 476.505005, 156.855209,236.480545, 664.107910, 1.000013
5, 442,7,582.632446, 582.623230, 476.505005, 156.855209,236.480545, 664.107910, 1.000016
5, 443,0,726.841064, 726.849426, 476.495300, 347.589233,122.192352, 899.370483, 0.999988
5, 443,1,810.442871, 810.454285, 476.495300, 347.589233,122.192352, 899.370483, 0.999986
5, 443,2,122.192352, 122.190231, 476.495300, 347.589233,122.192352, 899.370483, 1.000017
5, 443,3,133.007584, 133.009674, 476.495300, 347.589233,122.192352, 899.370483, 0.999984
5, 443,4,749.802979, 749.810059, 476.495300, 347.589233,122.192352, 899.370483, 0.999991
5, 443,5,899.370483, 899.376526, 476.495300, 347.589233,122.192352, 899.370483, 0.999993
5, 443,6,233.824432, 233.827194, 476.495300, 347.589233,122.192352, 899.370483, 0.999988
5, 443,7,136.480774, 136.482941, 476.495300, 347.589233,122.192352, 899.370483, 0.999984
5, 444,0,371.133698, 371.133118, 476.498169, 301.307922,164.021973, 1038.017944, 1.000002
5, 444,1,514.898132, 514.900391, 476.498169, 301.307922,164.021973, 1038.017944, 0.999996
5, 444,2,1038.017944, 1038.024048, 476.498169, 301.307922,164.021973, 1038.017944, 0.999994
5, 444,3,204.839569, 204.839050, 476.498169, 301.307922,164.021973, 1038.017944, 1.000003
5, 444,4,164.021973, 164.022049, 476.498169, 301.307922,164.021973, 1038.017944, 1.000000
5, 444,5,640.543945, 640.545593, 476.498169, 301.307922,164.021973, 1038.017944, 0.999997
5, 444,6,670.025818, 670.032043, 476.498169, 301.307922,164.021973, 1038.017944, 0.999991
5, 444,7,208.504166, 208.503845, 476.498169, 301.307922,164.021973, 1038.017944, 1.000002
5, 445,0,75.597641, 75.599678, 476.504761, 329.266815,75.597641, 1151.729492, 0.999973
5, 445,1,417.882507, 417.881561, 476.504761, 329.266815,75.597641, 1151.729492, 1.000002
5, 445,2,398.106995, 398.101318, 476.504761, 329.266815,75.597641, 1151.729492, 1.000014
5, 445,3,560.359985, 560.355225, 476.504761, 329.266815,75.597641, 1151.729492, 1.000008
5, 445,4,252.135788, 252.137054, 476.504761, 329.266815,75.597641, 1151.729492, 0.999995
5, 445,5,1151.729492, 1151.715210, 476.504761, 329.266815,75.597641, 1151.729492, 1.000012
5, 445,6,284.076202, 284.074249, 476.504761, 329.266815,75.597641, 1151.729492, 1.000007
5, 445,7,672.149475, 672.135437, 476.504761, 329.266815,75.597641, 1151.729492, 1.000021
5, 446,0,611.754395, 611.756348, 476.500031, 291.474182,60.490459, 840.703796, 0.999997
5, 446,1,317.095001, 317.096069, 476.500031, 291.474182,60.490459, 840.703796, 0.999997
5, 446,2,765.163818, 765.158264, 476.500031, 291.474182,60.490459, 840.703796, 1.000007
5, 446,3,716.474487, 716.477783, 476.500031, 291.474182,60.490459, 840.703796, 0.999995
5, 446,4,60.490459, 60.487373, 476.500031, 291.474182,60.490459, 840.703796, 1.000051
5, 446,5,840.703796, 840.703247, 476.500031, 291.474182,60.490459, 840.703796, 1.000001
5, 446,6,219.229660, 219.230301, 476.500031, 291.474182,60.490459, 840.703796, 0.999997
5, 446,7,281.088348, 281.090637, 476.500031, 291.474182,60.490459, 840.703796, 0.999992
5, 447,0,347.621979, 347.626312, 476.497742, 278.556702,196.759293, 898.284363, 0.999988
5, 447,1,898.284363, 898.290466, 476.497742, 278.556702,196.759293, 898.284363, 0.999993
5, 447,2,328.398712, 328.401733, 476.497742, 278.556702,196.759293, 898.284363, 0.999991
5, 447,3,272.337494, 272.336945, 476.497742, 278.556702,196.759293, 898.284363, 1.000002
5, 447,4,620.068848, 620.070618, 476.497742, 278.556702,196.759293, 898.284363, 0.999997
5, 447,5,196.759293, 196.758835, 476.497742, 278.556702,196.759293, 898.284363, 1.000002
5, 447,6,863.262329, 863.265503, 476.497742, 278.556702,196.759293, 898.284363, 0.999996
5, 447,7,285.249084, 285.249603, 476.497742, 278.556702,196.759293, 898.284363, 0.999998
5, 448,0,1071.897095, 1071.892822, 476.497894, 550.705688,23.764660, 1491.973267, 1.000004
5, 448,1,23.764660, 23.765362, 476.497894, 550.705688,23.764660, 1491.973267, 0.999970
5, 448,2,1491.973267, 1491.992920, 476.497894, 550.705688,23.764660, 1491.973267, 0.999987
5, 448,3,134.874557, 134.868179, 476.497894, 550.705688,23.764660, 1491.973267, 1.000047
5, 448,4,241.392487, 241.398087, 476.497894, 550.705688,23.764660, 1491.973267, 0.999977
5, 448,5,105.891525, 105.890915, 476.497894, 550.705688,23.764660, 1491.973267, 1.000006
5, 448,6,687.899231, 687.909119, 476.497894, 550.705688,23.764660, 1491.973267, 0.999986
5, 448,7,54.290344, 54.282471, 476.497894, 550.705688,23.764660, 1491.973267, 1.000145
5, 449,0,359.671173, 359.673676, 476.498688, 281.638824,42.635120, 824.636719, 0.999993
5, 449,1,642.730408, 642.736145, 476.498688, 281.638824,42.635120, 824.636719, 0.999991
5, 449,2,301.470062, 301.470764, 476.498688, 281.638824,42.635120, 824.636719, 0.999998
5, 449,3,561.733154, 561.730774, 476.498688, 281.638824,42.635120, 824.636719, 1.000004
5, 449,4,257.890808, 257.889832, 476.498688, 281.638824,42.635120, 824.636719, 1.000004
5, 449,5,42.635120, 42.635830, 476.498688, 281.638824,42.635120, 824.636719, 0.999983
5, 449,6,821.222168, 821.221375, 476.498688, 281.638824,42.635120, 824.636719, 1.000001
5, 449,7,824.636719, 824.641724, 476.498688, 281.638824,42.635120, 824.636719, 0.999994
5, 450,0,79.106735, 79.106071, 476.505615, 345.854034,79.106735, 1101.446655, 1.000008
5, 450,1,404.188324, 404.192200, 476.505615, 345.854034,79.106735, 1101.446655, 0.999990
5, 450,2,644.939819, 644.936279, 476.505615, 345.854034,79.106735, 1101.446655, 1.000005
5, 450,3,634.537659, 634.519897, 476.505615, 345.854034,79.106735, 1101.446655, 1.000028
5, 450,4,97.024208, 97.023895, 476.505615, 345.854034,79.106735, 1101.446655, 1.000003
5, 450,5,626.677307, 626.668640, 476.505615, 345.854034,79.106735, 1101.446655, 1.000014
5, 450,6,1101.446655, 1101.432739, 476.505615, 345.854034,79.106735, 1101.446655, 1.000013
5, 450,7,224.124603, 224.119980, 476.505615, 345.854034,79.106735, 1101.446655, 1.000021
5, 451,0,445.262390, 445.255951, 476.503967, 173.116684,291.066071, 729.419495, 1.000014
5, 451,1,729.419495, 729.416992, 476.503967, 173.116684,291.066071, 729.419495, 1.000003
5, 451,2,536.745056, 536.740356, 476.503967, 173.116684,291.066071, 729.419495, 1.000009
5, 451,3,296.148987, 296.148834, 476.503967, 173.116684,291.066071, 729.419495, 1.000000
5, 451,4,369.930847, 369.928070, 476.503967, 173.116684,291.066071, 729.419495, 1.000008
5, 451,5,422.053558, 422.049683, 476.503967, 173.116684,291.066071, 729.419495, 1.000009
5, 451,6,291.066071, 291.063782, 476.503967, 173.116684,291.066071, 729.419495, 1.000008
5, 451,7,721.405212, 721.396484, 476.503967, 173.116684,291.066071, 729.419495, 1.000012
5, 452,0,170.304535, 170.303650, 476.497803, 383.258698,170.304535, 1154.842407, 1.000005
5, 452,1,226.553696, 226.556168, 476.497803, 383.258698,170.304535, 1154.842407, 0.999989
5, 452,2,674.220032, 674.222107, 476.497803, 383.258698,170.304535, 1154.842407, 0.999997
5, 452,3,1154.842407, 1154.847778, 476.497803, 383.258698,170.304535, 1154.842407, 0.999995
5, 452,4,172.548431, 172.550903, 476.497803, 383.258698,170.304535, 1154.842407, 0.999986
5, 452,5,897.585876, 897.591370, 476.497803, 383.258698,170.304535, 1154.842407, 0.999994
5, 452,6,319.298798, 319.299713, 476.497803, 383.258698,170.304535, 1154.842407, 0.999997
5, 452,7,196.628616, 196.628540, 476.497803, 383.258698,170.304535, 1154.842407, 1.000000
5, 453,0,220.632919, 220.633179, 476.497772, 267.851685,180.455994, 912.222412, 0.999999
5, 453,1,416.904114, 416.904297, 476.497772, 267.851685,180.455994, 912.222412, 1.000000
5, 453,2,474.168427, 474.172577, 476.497772, 267.851685,180.455994, 912.222412, 0.999991
5, 453,3,576.355469, 576.355835, 476.497772, 267.851685,180.455994, 912.222412, 0.999999
5, 453,4,180.455994, 180.455444, 476.497772, 267.851685,180.455994, 912.222412, 1.000003
5, 453,5,912.222412, 912.229553, 476.497772, 267.851685,180.455994, 912.222412, 0.999992
5, 453,6,782.696777, 782.701477, 476.497772, 267.851685,180.455994, 912.222412, 0.999994
5, 453,7,248.546219, 248.547684, 476.497772, 267.851685,180.455994, 912.222412, 0.999994
5, 454,0,115.230850, 115.231728, 476.501221, 324.684204,21.443361, 885.052124, 0.999992
5, 454,1,307.363281, 307.366180, 476.501221, 324.684204,21.443361, 885.052124, 0.999991
5, 454,2,342.934296, 342.932678, 476.501221, 324.684204,21.443361, 885.052124, 1.000005
5, 454,3,695.056213, 695.059998, 476.501221, 324.684204,21.443361, 885.052124, 0.999995
5, 454,4,627.016541, 627.013123, 476.501221, 324.684204,21.443361, 885.052124, 1.000005
5, 454,5,21.443361, 21.441504, 476.501221, 324.684204,21.443361, 885.052124, 1.000087
5, 454,6,885.052124, 885.049133, 476.501221, 324.684204,21.443361, 885.052124, 1.000003
5, 454,7,817.913208, 817.905579, 476.501221, 324.684204,21.443361, 885.052124, 1.000009
5, 455,0,798.402344, 798.400635, 476.498657, 301.350800,77.115097, 799.385620, 1.000002
5, 455,1,799.385620, 799.391785, 476.498657, 301.350800,77.115097, 799.385620, 0.999992
5, 455,2,620.494629, 620.501038, 476.498657, 301.350800,77.115097, 799.385620, 0.999990
5, 455,3,77.115097, 77.108215, 476.498657, 301.350800,77.115097, 799.385620, 1.000089
5, 455,4,661.275879, 661.283264, 476.498657, 301.350800,77.115097, 799.385620, 0.999989
5, 455,5,250.102158, 250.100403, 476.498657, 301.350800,77.115097, 799.385620, 1.000007
5, 455,6,77.116875, 77.108215, 476.498657, 301.350800,77.115097, 799.385620, 1.000112
5, 455,7,528.096741, 528.106323, 476.498657, 301.350800,77.115097, 799.385620, 0.999982
5, 456,0,775.797058, 775.786743, 476.503723, 246.834137,133.377930, 775.797058, 1.000013
5, 456,1,319.852631, 319.845398, 476.503723, 246.834137,133.377930, 775.797058, 1.000023
5, 456,2,659.889343, 659.883301, 476.503723, 246.834137,133.377930, 775.797058, 1.000009
5, 456,3,753.973328, 753.961731, 476.503723, 246.834137,133.377930, 775.797058, 1.000015
5, 456,4,189.316101, 189.317551, 476.503723, 246.834137,133.377930, 775.797058, 0.999992
5, 456,5,465.597565, 465.593719, 476.503723, 246.834137,133.377930, 775.797058, 1.000008
5, 456,6,514.225647, 514.234375, 476.503723, 246.834137,133.377930, 775.797058, 0.999983
5, 456,7,133.377930, 133.377029, 476.503723, 246.834137,133.377930, 775.797058, 1.000007
5, 457,0,94.244812, 94.238052, 476.504639, 281.251007,94.244812, 919.455994, 1.000072
5, 457,1,251.190842, 251.191467, 476.504639, 281.251007,94.244812, 919.455994, 0.999997
5, 457,2,919.455994, 919.444458, 476.504639, 281.251007,94.244812, 919.455994, 1.000013
5, 457,3,321.457581, 321.457886, 476.504639, 281.251007,94.244812, 919.455994, 0.999999
5, 457,4,398.257782, 398.254822, 476.504639, 281.251007,94.244812, 919.455994, 1.000007
5, 457,5,381.868591, 381.865631, 476.504639, 281.251007,94.244812, 919.455994, 1.000008
5, 457,6,712.826660, 712.821045, 476.504639, 281.251007,94.244812, 919.455994, 1.000008
5, 457,7,732.734863, 732.726746, 476.504639, 281.251007,94.244812, 919.455994, 1.000011
5, 458,0,666.698120, 666.701233, 476.498260, 219.091614,66.607010, 802.814453, 0.999995
5, 458,1,377.008118, 377.015198, 476.498260, 219.091614,66.607010, 802.814453, 0.999981
5, 458,2,501.389984, 501.384918, 476.498260, 219.091614,66.607010, 802.814453, 1.000010
5, 458,3,66.607010, 66.609497, 476.498260, 219.091614,66.607010, 802.814453, 0.999963
5, 458,4,370.637512, 370.635925, 476.498260, 219.091614,66.607010, 802.814453, 1.000004
5, 458,5,492.335175, 492.334656, 476.498260, 219.091614,66.607010, 802.814453, 1.000001
5, 458,6,802.814453, 802.818176, 476.498260, 219.091614,66.607010, 802.814453, 0.999995
5, 458,7,534.495667, 534.500000, 476.498260, 219.091614,66.607010, 802.814453, 0.999992
5, 459,0,203.667587, 203.671021, 476.493378, 241.035141,181.535370, 780.419495, 0.999983
5, 459,1,780.419495, 780.434265, 476.493378, 241.035141,181.535370, 780.419495, 0.999981
5, 459,2,349.203278, 349.211121, 476.493378, 241.035141,181.535370, 780.419495, 0.999978
5, 459,3,657.122742, 657.134521, 476.493378, 241.035141,181.535370, 780.419495, 0.999982
5, 459,4,363.964142, 363.968475, 476.493378, 241.035141,181.535370, 780.419495, 0.999988
5, 459,5,778.031311, 778.035522, 476.493378, 241.035141,181.535370, 780.419495, 0.999995
5, 459,6,498.003143, 498.010345, 476.493378, 241.035141,181.535370, 780.419495, 0.999986
5, 459,7,181.535370, 181.534973, 476.493378, 241.035141,181.535370, 780.419495, 1.000002
5, 460,0,700.254089, 700.243408, 476.506256, 259.092255,109.868065, 841.700317, 1.000015
5, 460,1,676.398926, 676.391907, 476.506256, 259.092255,109.868065, 841.700317, 1.000010
5, 460,2,343.400513, 343.393799, 476.506256, 259.092255,109.868065, 841.700317, 1.000020
5, 460,3,841.700317, 841.690430, 476.506256, 259.092255,109.868065, 841.700317, 1.000012
5, 460,4,372.263489, 372.258362, 476.506256, 259.092255,109.868065, 841.700317, 1.000014
5, 460,5,566.322449, 566.315918, 476.506256, 259.092255,109.868065, 841.700317, 1.000012
5, 460,6,201.841965, 201.841263, 476.506256, 259.092255,109.868065, 841.700317, 1.000003
5, 460,7,109.868065, 109.865112, 476.506256, 259.092255,109.868065, 841.700317, 1.000027
5, 461,0,733.996948, 734.000427, 476.496307, 197.409500,214.099335, 733.996948, 0.999995
5, 461,1,522.568848, 522.569275, 476.496307, 197.409500,214.099335, 733.996948, 0.999999
5, 461,2,261.274170, 261.273499, 476.496307, 197.409500,214.099335, 733.996948, 1.000003
5, 461,3,598.764221, 598.773376, 476.496307, 197.409500,214.099335, 733.996948, 0.999985
5, 461,4,214.099335, 214.099533, 476.496307, 197.409500,214.099335, 733.996948, 0.999999
5, 461,5,405.306915, 405.313232, 476.496307, 197.409500,214.099335, 733.996948, 0.999984
5, 461,6,362.461151, 362.459290, 476.496307, 197.409500,214.099335, 733.996948, 1.000005
5, 461,7,713.498779, 713.511475, 476.496307, 197.409500,214.099335, 733.996948, 0.999982
5, 462,0,425.357361, 425.363220, 476.495148, 219.724030,103.200996, 779.410339, 0.999986
5, 462,1,779.410339, 779.420593, 476.495148, 219.724030,103.200996, 779.410339, 0.999987
5, 462,2,396.868073, 396.866150, 476.495148, 219.724030,103.200996, 779.410339, 1.000005
5, 462,3,103.200996, 103.197777, 476.495148, 219.724030,103.200996, 779.410339, 1.000031
5, 462,4,673.806641, 673.808044, 476.495148, 219.724030,103.200996, 779.410339, 0.999998
5, 462,5,398.792694, 398.799011, 476.495148, 219.724030,103.200996, 779.410339, 0.999984
5, 462,6,674.735413, 674.749634, 476.495148, 219.724030,103.200996, 779.410339, 0.999979
5, 462,7,359.789551, 359.795197, 476.495148, 219.724030,103.200996, 779.410339, 0.999984
5, 463,0,383.067474, 383.071655, 476.497559, 342.256683,86.439674, 931.002686, 0.999989
5, 463,1,537.312927, 537.312317, 476.497559, 342.256683,86.439674, 931.002686, 1.000001
5, 463,2,169.198380, 169.200195, 476.497559, 342.256683,86.439674, 931.002686, 0.999989
5, 463,3,841.555054, 841.563538, 476.497559, 342.256683,86.439674, 931.002686, 0.999990
5, 463,4,86.439674, 86.434761, 476.497559, 342.256683,86.439674, 931.002686, 1.000057
5, 463,5,102.220284, 102.217659, 476.497559, 342.256683,86.439674, 931.002686, 1.000026
5, 463,6,761.184143, 761.190308, 476.497559, 342.256683,86.439674, 931.002686, 0.999992
5, 463,7,931.002686, 931.009705, 476.497559, 342.256683,86.439674, 931.002686, 0.999992
5, 464,0,633.757202, 633.750732, 476.504578, 189.776199,186.959946, 737.409241, 1.000010
5, 464,1,250.840744, 250.837418, 476.504578, 189.776199,186.959946, 737.409241, 1.000013
5, 464,2,559.121338, 559.113037, 476.504578, 189.776199,186.959946, 737.409241, 1.000015
5, 464,3,186.959946, 186.963455, 476.504578, 189.776199,186.959946, 737.409241, 0.999981
5, 464,4,524.254272, 524.249084, 476.504578, 189.776199,186.959946, 737.409241, 1.000010
5, 464,5,373.578125, 373.581177, 476.504578, 189.776199,186.959946, 737.409241, 0.999992
5, 464,6,737.409241, 737.398438, 476.504578, 189.776199,186.959946, 737.409241, 1.000015
5, 464,7,546.115784, 546.106934, 476.504578, 189.776199,186.959946, 737.409241, 1.000016
5, 465,0,797.266602, 797.260986, 476.503571, 319.707214,72.569244, 797.266602, 1.000007
5, 465,1,724.902710, 724.894775, 476.503571, 319.707214,72.569244, 797.266602, 1.000011
5, 465,2,148.837524, 148.838837, 476.503571, 319.707214,72.569244, 797.266602, 0.999991
5, 465,3,686.983154, 686.980591, 476.503571, 319.707214,72.569244, 797.266602, 1.000004
5, 465,4,74.239510, 74.238136, 476.503571, 319.707214,72.569244, 797.266602, 1.000018
5, 465,5,577.736328, 577.731506, 476.503571, 319.707214,72.569244, 797.266602, 1.000008
5, 465,6,72.569244, 72.568336, 476.503571, 319.707214,72.569244, 797.266602, 1.000013
5, 465,7,729.493408, 729.486755, 476.503571, 319.707214,72.569244, 797.266602, 1.000009
5, 466,0,106.680893, 106.679016, 476.500916, 294.770447,13.023527, 785.507141, 1.000018
5, 466,1,608.895264, 608.897583, 476.500916, 294.770447,13.023527, 785.507141, 0.999996
5, 466,2,645.422607, 645.422058, 476.500916, 294.770447,13.023527, 785.507141, 1.000001
5, 466,3,785.507141, 785.504517, 476.500916, 294.770447,13.023527, 785.507141, 1.000003
5, 466,4,540.624512, 540.626465, 476.500916, 294.770447,13.023527, 785.507141, 0.999996
5, 466,5,334.146637, 334.143829, 476.500916, 294.770447,13.023527, 785.507141, 1.000008
5, 466,6,777.706726, 777.704529, 476.500916, 294.770447,13.023527, 785.507141, 1.000003
5, 466,7,13.023527, 13.022119, 476.500916, 294.770447,13.023527, 785.507141, 1.000108
5, 467,0,19.945351, 19.942663, 476.499512, 242.148254,19.945351, 702.663452, 1.000135
5, 467,1,461.052948, 461.055756, 476.499512, 242.148254,19.945351, 702.663452, 0.999994
5, 467,2,250.845779, 250.845871, 476.499512, 242.148254,19.945351, 702.663452, 1.000000
5, 467,3,691.821899, 691.824280, 476.499512, 242.148254,19.945351, 702.663452, 0.999997
5, 467,4,417.245819, 417.245239, 476.499512, 242.148254,19.945351, 702.663452, 1.000001
5, 467,5,702.663452, 702.664673, 476.499512, 242.148254,19.945351, 702.663452, 0.999998
5, 467,6,627.878296, 627.881531, 476.499512, 242.148254,19.945351, 702.663452, 0.999995
5, 467,7,640.542542, 640.539917, 476.499512, 242.148254,19.945351, 702.663452, 1.000004
5, 468,0,340.327362, 340.330872, 476.495972, 191.261826,50.464565, 609.903320, 0.999990
5, 468,1,530.673218, 530.676819, 476.495972, 191.261826,50.464565, 609.903320, 0.999993
5, 468,2,579.101074, 579.105896, 476.495972, 191.261826,50.464565, 609.903320, 0.999992
5, 468,3,609.903320, 609.910706, 476.495972, 191.261826,50.464565, 609.903320, 0.999988
5, 468,4,568.561462, 568.565735, 476.495972, 191.261826,50.464565, 609.903320, 0.999992
5, 468,5,559.529114, 559.528137, 476.495972, 191.261826,50.464565, 609.903320, 1.000002
5, 468,6,573.407776, 573.417175, 476.495972, 191.261826,50.464565, 609.903320, 0.999984
5, 468,7,50.464565, 50.464886, 476.495972, 191.261826,50.464565, 609.903320, 0.999994
5, 469,0,80.121902, 80.119652, 476.494934, 353.323853,63.363728, 904.934021, 1.000028
5, 469,1,73.490273, 73.487183, 476.494934, 353.323853,63.363728, 904.934021, 1.000042
5, 469,2,621.859131, 621.863281, 476.494934, 353.323853,63.363728, 904.934021, 0.999993
5, 469,3,753.746033, 753.760681, 476.494934, 353.323853,63.363728, 904.934021, 0.999981
5, 469,4,63.363728, 63.367523, 476.494934, 353.323853,63.363728, 904.934021, 0.999940
5, 469,5,792.829651, 792.837646, 476.494934, 353.323853,63.363728, 904.934021, 0.999990
5, 469,6,904.934021, 904.940186, 476.494934, 353.323853,63.363728, 904.934021, 0.999993
5, 469,7,521.614746, 521.623901, 476.494934, 353.323853,63.363728, 904.934021, 0.999982
5, 470,0,803.153809, 803.152039, 476.500977, 279.229065,56.677452, 824.467712, 1.000002
5, 470,1,138.929825, 138.934616, 476.500977, 279.229065,56.677452, 824.467712, 0.999965
5, 470,2,574.152649, 574.149231, 476.500977, 279.229065,56.677452, 824.467712, 1.000006
5, 470,3,370.960236, 370.959076, 476.500977, 279.229065,56.677452, 824.467712, 1.000003
5, 470,4,483.048767, 483.049591, 476.500977, 279.229065,56.677452, 824.467712, 0.999998
5, 470,5,56.677452, 56.674911, 476.500977, 279.229065,56.677452, 824.467712, 1.000045
5, 470,6,560.617249, 560.616150, 476.500977, 279.229065,56.677452, 824.467712, 1.000002
5, 470,7,824.467712, 824.464355, 476.500977, 279.229065,56.677452, 824.467712, 1.000004
5, 471,0,43.469883, 43.471004, 476.500427, 323.618530,12.219742, 874.669556, 0.999974
5, 471,1,600.100891, 600.098816, 476.500427, 323.618530,12.219742, 874.669556, 1.000003
5, 471,2,874.669556, 874.661987, 476.500427, 323.618530,12.219742, 874.669556, 1.000009
5, 471,3,523.129395, 523.132324, 476.500427, 323.618530,12.219742, 874.669556, 0.999994
5, 471,4,535.309814, 535.309692, 476.500427, 323.618530,12.219742, 874.669556, 1.000000
5, 471,5,850.407898, 850.408020, 476.500427, 323.618530,12.219742, 874.669556, 1.000000
5, 471,6,12.219742, 12.220187, 476.500427, 323.618530,12.219742, 874.669556, 0.999964
5, 471,7,372.695953, 372.697815, 476.500427, 323.618530,12.219742, 874.669556, 0.999995
5, 472,0,564.295776, 564.301086, 476.497589, 244.503723,12.634762, 792.201050, 0.999991
5, 472,1,467.233521, 467.234192, 476.497589, 244.503723,12.634762, 792.201050, 0.999999
5, 472,2,308.902618, 308.903992, 476.497589, 244.503723,12.634762, 792.201050, 0.999996
5, 472,3,12.634762, 12.640451, 476.497589, 244.503723,12.634762, 792.201050, 0.999550
5, 472,4,445.914795, 445.916779, 476.497589, 244.503723,12.634762, 792.201050, 0.999996
5, 472,5,485.980011, 485.983826, 476.497589, 244.503723,12.634762, 792.201050, 0.999992
5, 472,6,792.201050, 792.203552, 476.497589, 244.503723,12.634762, 792.201050, 0.999997
5, 472,7,734.818054, 734.816162, 476.497589, 244.503723,12.634762, 792.201050, 1.000003
5, 473,0,270.701447, 270.695190, 476.501495, 307.234436,160.333435, 905.293945, 1.000023
5, 473,1,905.293945, 905.297546, 476.501495, 307.234436,160.333435, 905.293945, 0.999996
5, 473,2,160.333435, 160.334396, 476.501495, 307.234436,160.333435, 905.293945, 0.999994
5, 473,3,236.758331, 236.759506, 476.501495, 307.234436,160.333435, 905.293945, 0.999995
5, 473,4,238.741669, 238.744217, 476.501495, 307.234436,160.333435, 905.293945, 0.999989
5, 473,5,409.711914, 409.708374, 476.501495, 307.234436,160.333435, 905.293945, 1.000009
5, 473,6,875.615662, 875.610901, 476.501495, 307.234436,160.333435, 905.293945, 1.000005
5, 473,7,714.855469, 714.849792, 476.501495, 307.234436,160.333435, 905.293945, 1.000008
5, 474,0,78.457237, 78.458038, 476.496521, 308.774261,78.457237, 779.952698, 0.999990
5, 474,1,742.724792, 742.730164, 476.496521, 308.774261,78.457237, 779.952698, 0.999993
5, 474,2,84.902283, 84.899857, 476.496521, 308.774261,78.457237, 779.952698, 1.000029
5, 474,3,779.952698, 779.961792, 476.496521, 308.774261,78.457237, 779.952698, 0.999988
5, 474,4,164.222931, 164.221649, 476.496521, 308.774261,78.457237, 779.952698, 1.000008
5, 474,5,675.467712, 675.473267, 476.496521, 308.774261,78.457237, 779.952698, 0.999992
5, 474,6,640.503662, 640.507263, 476.496521, 308.774261,78.457237, 779.952698, 0.999994
5, 474,7,645.740845, 645.748047, 476.496521, 308.774261,78.457237, 779.952698, 0.999989
5, 475,0,952.126953, 952.131226, 476.498047, 329.055664,73.624619, 952.126953, 0.999996
5, 475,1,670.427124, 670.427063, 476.498047, 329.055664,73.624619, 952.126953, 1.000000
5, 475,2,128.371124, 128.373917, 476.498047, 329.055664,73.624619, 952.126953, 0.999978
5, 475,3,73.624619, 73.623672, 476.498047, 329.055664,73.624619, 952.126953, 1.000013
5, 475,4,487.142120, 487.140747, 476.498047, 329.055664,73.624619, 952.126953, 1.000003
5, 475,5,211.317719, 211.327713, 476.498047, 329.055664,73.624619, 952.126953, 0.999953
5, 475,6,849.106384, 849.110901, 476.498047, 329.055664,73.624619, 952.126953, 0.999995
5, 475,7,439.868408, 439.864838, 476.498047, 329.055664,73.624619, 952.126953, 1.000008
5, 476,0,651.579712, 651.589111, 476.494446, 228.602783,104.303169, 708.323853, 0.999986
5, 476,1,104.303169, 104.303658, 476.494446, 228.602783,104.303169, 708.323853, 0.999995
5, 476,2,614.518982, 614.516235, 476.494446, 228.602783,104.303169, 708.323853, 1.000004
5, 476,3,708.323853, 708.335876, 476.494446, 228.602783,104.303169, 708.323853, 0.999983
5, 476,4,468.901031, 468.910583, 476.494446, 228.602783,104.303169, 708.323853, 0.999980
5, 476,5,191.807251, 191.807388, 476.494446, 228.602783,104.303169, 708.323853, 0.999999
5, 476,6,669.657349, 669.665833, 476.494446, 228.602783,104.303169, 708.323853, 0.999987
5, 476,7,402.864288, 402.871399, 476.494446, 228.602783,104.303169, 708.323853, 0.999982
5, 477,0,243.603195, 243.603806, 476.500732, 314.006805,32.869385, 864.410034, 0.999997
5, 477,1,347.431335, 347.431946, 476.500732, 314.006805,32.869385, 864.410034, 0.999998
5, 477,2,527.010681, 527.013184, 476.500732, 314.006805,32.869385, 864.410034, 0.999995
5, 477,3,850.999451, 850.996521, 476.500732, 314.006805,32.869385, 864.410034, 1.000003
5, 477,4,864.410034, 864.407104, 476.500732, 314.006805,32.869385, 864.410034, 1.000003
5, 477,5,218.683472, 218.682007, 476.500732, 314.006805,32.869385, 864.410034, 1.000007
5, 477,6,32.869385, 32.870300, 476.500732, 314.006805,32.869385, 864.410034, 0.999972
5, 477,7,726.998291, 726.995422, 476.500732, 314.006805,32.869385, 864.410034, 1.000004
5, 478,0,88.549484, 88.547783, 476.493866, 291.673187,88.549484, 852.308594, 1.000019
5, 478,1,784.554321, 784.562683, 476.493866, 291.673187,88.549484, 852.308594, 0.999989
5, 478,2,852.308594, 852.324341, 476.493866, 291.673187,88.549484, 852.308594, 0.999982
5, 478,3,511.207642, 511.219543, 476.493866, 291.673187,88.549484, 852.308594, 0.999977
5, 478,4,292.811707, 292.813324, 476.493866, 291.673187,88.549484, 852.308594, 0.999994
5, 478,5,760.322937, 760.332581, 476.493866, 291.673187,88.549484, 852.308594, 0.999987
5, 478,6,244.068512, 244.069290, 476.493866, 291.673187,88.549484, 852.308594, 0.999997
5, 478,7,278.127350, 278.130737, 476.493866, 291.673187,88.549484, 852.308594, 0.999988
5, 479,0,23.234158, 23.226604, 476.497253, 314.413086,23.234158, 900.052551, 1.000325
5, 479,1,779.556763, 779.560791, 476.497253, 314.413086,23.234158, 900.052551, 0.999995
5, 479,2,575.789185, 575.792847, 476.497253, 314.413086,23.234158, 900.052551, 0.999994
5, 479,3,345.145172, 345.145081, 476.497253, 314.413086,23.234158, 900.052551, 1.000000
5, 479,4,900.052551, 900.057983, 476.497253, 314.413086,23.234158, 900.052551, 0.999994
5, 479,5,62.509613, 62.515305, 476.497253, 314.413086,23.234158, 900.052551, 0.999909
5, 479,6,593.566223, 593.570496, 476.497253, 314.413086,23.234158, 900.052551, 0.999993
5, 479,7,532.124634, 532.130859, 476.497253, 314.413086,23.234158, 900.052551, 0.999988
5, 480,0,421.298859, 421.303497, 476.494446, 182.850266,210.043076, 771.894714, 0.999989
5, 480,1,362.699249, 362.702972, 476.494446, 182.850266,210.043076, 771.894714, 0.999990
5, 480,2,771.894714, 771.902466, 476.494446, 182.850266,210.043076, 771.894714, 0.999990
5, 480,3,571.350464, 571.355225, 476.494446, 182.850266,210.043076, 771.894714, 0.999992
5, 480,4,352.965271, 352.972076, 476.494446, 182.850266,210.043076, 771.894714, 0.999981
5, 480,5,210.043076, 210.045105, 476.494446, 182.850266,210.043076, 771.894714, 0.999990
5, 480,6,664.042297, 664.049744, 476.494446, 182.850266,210.043076, 771.894714, 0.999989
5, 480,7,457.661957, 457.668823, 476.494446, 182.850266,210.043076, 771.894714, 0.999985
5, 481,0,912.260803, 912.266541, 476.497864, 289.979675,88.111145, 912.260803, 0.999994
5, 481,1,434.381714, 434.389404, 476.497864, 289.979675,88.111145, 912.260803, 0.999982
5, 481,2,441.565643, 441.566925, 476.497864, 289.979675,88.111145, 912.260803, 0.999997
5, 481,3,88.111145, 88.112701, 476.497864, 289.979675,88.111145, 912.260803, 0.999982
5, 481,4,340.280304, 340.280029, 476.497864, 289.979675,88.111145, 912.260803, 1.000001
5, 481,5,539.263672, 539.265076, 476.497864, 289.979675,88.111145, 912.260803, 0.999997
5, 481,6,857.512268, 857.518982, 476.497864, 289.979675,88.111145, 912.260803, 0.999992
5, 481,7,198.607315, 198.600555, 476.497864, 289.979675,88.111145, 912.260803, 1.000034
5, 482,0,247.433090, 247.433426, 476.497009, 216.646698,218.465881, 828.011536, 0.999999
5, 482,1,410.626862, 410.625244, 476.497009, 216.646698,218.465881, 828.011536, 1.000004
5, 482,2,641.985962, 641.991028, 476.497009, 216.646698,218.465881, 828.011536, 0.999992
5, 482,3,828.011536, 828.023926, 476.497009, 216.646698,218.465881, 828.011536, 0.999985
5, 482,4,471.459778, 471.460815, 476.497009, 216.646698,218.465881, 828.011536, 0.999998
5, 482,5,218.465881, 218.461090, 476.497009, 216.646698,218.465881, 828.011536, 1.000022
5, 482,6,333.677307, 333.683319, 476.497009, 216.646698,218.465881, 828.011536, 0.999982
5, 482,7,660.315979, 660.321106, 476.497009, 216.646698,218.465881, 828.011536, 0.999992
5, 483,0,606.434021, 606.441467, 476.493408, 169.043060,115.601814, 652.185059, 0.999988
5, 483,1,464.903748, 464.913300, 476.493408, 169.043060,115.601814, 652.185059, 0.999979
5, 483,2,569.481628, 569.493042, 476.493408, 169.043060,115.601814, 652.185059, 0.999980
5, 483,3,555.935791, 555.941772, 476.493408, 169.043060,115.601814, 652.185059, 0.999989
5, 483,4,652.185059, 652.195068, 476.493408, 169.043060,115.601814, 652.185059, 0.999985
5, 483,5,397.548401, 397.552673, 476.493408, 169.043060,115.601814, 652.185059, 0.999989
5, 483,6,115.601814, 115.599678, 476.493408, 169.043060,115.601814, 652.185059, 1.000018
5, 483,7,449.856964, 449.863342, 476.493408, 169.043060,115.601814, 652.185059, 0.999986
5, 484,0,728.263306, 728.255188, 476.507172, 132.393600,328.501068, 728.263306, 1.000011
5, 484,1,328.501068, 328.495209, 476.507172, 132.393600,328.501068, 728.263306, 1.000018
5, 484,2,503.079346, 503.074066, 476.507172, 132.393600,328.501068, 728.263306, 1.000010
5, 484,3,580.077942, 580.067688, 476.507172, 132.393600,328.501068, 728.263306, 1.000018
5, 484,4,442.728088, 442.715546, 476.507172, 132.393600,328.501068, 728.263306, 1.000028
5, 484,5,410.957153, 410.951477, 476.507172, 132.393600,328.501068, 728.263306, 1.000014
5, 484,6,485.004517, 485.000214, 476.507172, 132.393600,328.501068, 728.263306, 1.000009
5, 484,7,333.446075, 333.440765, 476.507172, 132.393600,328.501068, 728.263306, 1.000016
5, 485,0,255.693649, 255.692932, 476.498016, 277.066467,24.717232, 820.935852, 1.000003
5, 485,1,381.851807, 381.852875, 476.498016, 277.066467,24.717232, 820.935852, 0.999997
5, 485,2,677.225342, 677.231934, 476.498016, 277.066467,24.717232, 820.935852, 0.999990
5, 485,3,574.686646, 574.686218, 476.498016, 277.066467,24.717232, 820.935852, 1.000001
5, 485,4,820.935852, 820.939148, 476.498016, 277.066467,24.717232, 820.935852, 0.999996
5, 485,5,24.717232, 24.716064, 476.498016, 277.066467,24.717232, 820.935852, 1.000047
5, 485,6,761.259216, 761.265930, 476.498016, 277.066467,24.717232, 820.935852, 0.999991
5, 485,7,315.614288, 315.615021, 476.498016, 277.066467,24.717232, 820.935852, 0.999998
5, 486,0,256.753571, 256.752869, 476.500763, 284.470490,38.260860, 778.237610, 1.000003
5, 486,1,778.237610, 778.234558, 476.500763, 284.470490,38.260860, 778.237610, 1.000004
5, 486,2,721.925781, 721.923523, 476.500763, 284.470490,38.260860, 778.237610, 1.000003
5, 486,3,573.948303, 573.948425, 476.500763, 284.470490,38.260860, 778.237610, 1.000000
5, 486,4,726.713074, 726.713928, 476.500763, 284.470490,38.260860, 778.237610, 0.999999
5, 486,5,551.338501, 551.337769, 476.500763, 284.470490,38.260860, 778.237610, 1.000001
5, 486,6,38.260860, 38.263290, 476.500763, 284.470490,38.260860, 778.237610, 0.999937
5, 486,7,164.828308, 164.825348, 476.500763, 284.470490,38.260860, 778.237610, 1.000018
5, 487,0,1028.523315, 1028.539185, 476.496063, 304.846222,163.624939, 1028.523315, 0.999985
5, 487,1,163.624939, 163.627487, 476.496063, 304.846222,163.624939, 1028.523315, 0.999984
5, 487,2,702.470520, 702.478088, 476.496063, 304.846222,163.624939, 1028.523315, 0.999989
5, 487,3,286.671631, 286.669983, 476.496063, 304.846222,163.624939, 1028.523315, 1.000006
5, 487,4,222.787933, 222.789612, 476.496063, 304.846222,163.624939, 1028.523315, 0.999992
5, 487,5,216.765945, 216.766327, 476.496063, 304.846222,163.624939, 1028.523315, 0.999998
5, 487,6,613.131042, 613.132629, 476.496063, 304.846222,163.624939, 1028.523315, 0.999997
5, 487,7,577.993347, 577.996643, 476.496063, 304.846222,163.624939, 1028.523315, 0.999994
5, 488,0,738.717712, 738.730713, 476.492676, 315.710602,82.113579, 983.142578, 0.999982
5, 488,1,753.926941, 753.935242, 476.492676, 315.710602,82.113579, 983.142578, 0.999989
5, 488,2,189.955444, 189.957993, 476.492676, 315.710602,82.113579, 983.142578, 0.999987
5, 488,3,373.883179, 373.885193, 476.492676, 315.710602,82.113579, 983.142578, 0.999995
5, 488,4,424.447174, 424.460388, 476.492676, 315.710602,82.113579, 983.142578, 0.999969
5, 488,5,265.754700, 265.756744, 476.492676, 315.710602,82.113579, 983.142578, 0.999992
5, 488,6,82.113579, 82.117645, 476.492676, 315.710602,82.113579, 983.142578, 0.999950
5, 488,7,983.142578, 983.156006, 476.492676, 315.710602,82.113579, 983.142578, 0.999986
5, 489,0,566.763184, 566.760376, 476.504211, 335.613342,48.025658, 1103.597412, 1.000005
5, 489,1,351.027039, 351.026978, 476.504211, 335.613342,48.025658, 1103.597412, 1.000000
5, 489,2,777.393799, 777.385742, 476.504211, 335.613342,48.025658, 1103.597412, 1.000010
5, 489,3,367.687439, 367.686066, 476.504211, 335.613342,48.025658, 1103.597412, 1.000004
5, 489,4,1103.597412, 1103.589844, 476.504211, 335.613342,48.025658, 1103.597412, 1.000007
5, 489,5,48.025658, 48.025425, 476.504211, 335.613342,48.025658, 1103.597412, 1.000005
5, 489,6,193.488098, 193.483536, 476.504211, 335.613342,48.025658, 1103.597412, 1.000024
5, 489,7,404.050964, 404.042236, 476.504211, 335.613342,48.025658, 1103.597412, 1.000022
5, 490,0,598.806519, 598.808105, 476.499329, 285.733948,74.499489, 844.892761, 0.999997
5, 490,1,241.777893, 241.779495, 476.499329, 285.733948,74.499489, 844.892761, 0.999993
5, 490,2,551.294678, 551.295654, 476.499329, 285.733948,74.499489, 844.892761, 0.999998
5, 490,3,708.897278, 708.899658, 476.499329, 285.733948,74.499489, 844.892761, 0.999997
5, 490,4,74.499489, 74.496483, 476.499329, 285.733948,74.499489, 844.892761, 1.000040
5, 490,5,652.374512, 652.377747, 476.499329, 285.733948,74.499489, 844.892761, 0.999995
5, 490,6,844.892761, 844.893188, 476.499329, 285.733948,74.499489, 844.892761, 1.000000
5, 490,7,139.451538, 139.449524, 476.499329, 285.733948,74.499489, 844.892761, 1.000014
5, 491,0,170.362015, 170.362656, 476.502869, 296.629730,130.657547, 853.347229, 0.999996
5, 491,1,508.405670, 508.404602, 476.502869, 296.629730,130.657547, 853.347229, 1.000002
5, 491,2,130.657547, 130.656799, 476.502869, 296.629730,130.657547, 853.347229, 1.000006
5, 491,3,395.232361, 395.234161, 476.502869, 296.629730,130.657547, 853.347229, 0.999995
5, 491,4,805.244995, 805.236450, 476.502869, 296.629730,130.657547, 853.347229, 1.000011
5, 491,5,743.531921, 743.526184, 476.502869, 296.629730,130.657547, 853.347229, 1.000008
5, 491,6,853.347229, 853.338196, 476.502869, 296.629730,130.657547, 853.347229, 1.000011
5, 491,7,205.241150, 205.240829, 476.502869, 296.629730,130.657547, 853.347229, 1.000002
5, 492,0,603.858765, 603.870117, 476.492920, 262.853851,76.245163, 753.054382, 0.999981
5, 492,1,679.986084, 679.990173, 476.492920, 262.853851,76.245163, 753.054382, 0.999994
5, 492,2,440.818298, 440.825958, 476.492920, 262.853851,76.245163, 753.054382, 0.999983
5, 492,3,732.347778, 732.359070, 476.492920, 262.853851,76.245163, 753.054382, 0.999985
5, 492,4,137.757828, 137.764771, 476.492920, 262.853851,76.245163, 753.054382, 0.999950
5, 492,5,753.054382, 753.069092, 476.492920, 262.853851,76.245163, 753.054382, 0.999980
5, 492,6,76.245163, 76.243034, 476.492920, 262.853851,76.245163, 753.054382, 1.000028
5, 492,7,387.875122, 387.877869, 476.492920, 262.853851,76.245163, 753.054382, 0.999993
5, 493,0,602.573364, 602.568909, 476.501312, 248.206863,92.943466, 801.121582, 1.000007
5, 493,1,801.121582, 801.117859, 476.501312, 248.206863,92.943466, 801.121582, 1.000005
5, 493,2,437.278259, 437.276703, 476.501312, 248.206863,92.943466, 801.121582, 1.000004
5, 493,3,514.171448, 514.171387, 476.501312, 248.206863,92.943466, 801.121582, 1.000000
5, 493,4,438.975372, 438.972137, 476.501312, 248.206863,92.943466, 801.121582, 1.000007
5, 493,5,743.630371, 743.629456, 476.501312, 248.206863,92.943466, 801.121582, 1.000001
5, 493,6,92.943466, 92.946091, 476.501312, 248.206863,92.943466, 801.121582, 0.999972
5, 493,7,181.316986, 181.317596, 476.501312, 248.206863,92.943466, 801.121582, 0.999997
5, 494,0,849.852661, 849.859070, 476.495575, 364.770142,68.083908, 989.276123, 0.999992
5, 494,1,562.730713, 562.737122, 476.495575, 364.770142,68.083908, 989.276123, 0.999989
5, 494,2,989.276123, 989.286926, 476.495575, 364.770142,68.083908, 989.276123, 0.999989
5, 494,3,98.081299, 98.075104, 476.495575, 364.770142,68.083908, 989.276123, 1.000063
5, 494,4,159.301239, 159.303391, 476.495575, 364.770142,68.083908, 989.276123, 0.999986
5, 494,5,768.537903, 768.550537, 476.495575, 364.770142,68.083908, 989.276123, 0.999984
5, 494,6,316.100861, 316.104919, 476.495575, 364.770142,68.083908, 989.276123, 0.999987
5, 494,7,68.083908, 68.082756, 476.495575, 364.770142,68.083908, 989.276123, 1.000017
5, 495,0,661.522644, 661.516663, 476.503845, 239.326736,71.887123, 704.764282, 1.000009
5, 495,1,519.331360, 519.329712, 476.503845, 239.326736,71.887123, 704.764282, 1.000003
5, 495,2,71.887123, 71.884354, 476.503845, 239.326736,71.887123, 704.764282, 1.000039
5, 495,3,584.995911, 584.992737, 476.503845, 239.326736,71.887123, 704.764282, 1.000005
5, 495,4,394.704010, 394.701233, 476.503845, 239.326736,71.887123, 704.764282, 1.000007
5, 495,5,704.764282, 704.756592, 476.503845, 239.326736,71.887123, 704.764282, 1.000011
5, 495,6,689.939148, 689.936035, 476.503845, 239.326736,71.887123, 704.764282, 1.000005
5, 495,7,184.886063, 184.882706, 476.503845, 239.326736,71.887123, 704.764282, 1.000018
5, 496,0,103.290939, 103.292625, 476.501892, 265.274078,103.290939, 804.271057, 0.999984
5, 496,1,516.495789, 516.494873, 476.501892, 265.274078,103.290939, 804.271057, 1.000002
5, 496,2,128.916779, 128.914902, 476.501892, 265.274078,103.290939, 804.271057, 1.000015
5, 496,3,310.560883, 310.557648, 476.501892, 265.274078,103.290939, 804.271057, 1.000010
5, 496,4,804.271057, 804.265991, 476.501892, 265.274078,103.290939, 804.271057, 1.000006
5, 496,5,712.401733, 712.399536, 476.501892, 265.274078,103.290939, 804.271057, 1.000003
5, 496,6,628.230835, 628.229614, 476.501892, 265.274078,103.290939, 804.271057, 1.000002
5, 496,7,607.847229, 607.844910, 476.501892, 265.274078,103.290939, 804.271057, 1.000004
5, 497,0,322.114685, 322.117920, 476.497620, 230.822220,129.109451, 716.064392, 0.999990
5, 497,1,630.741638, 630.746338, 476.497620, 230.822220,129.109451, 716.064392, 0.999993
5, 497,2,619.783081, 619.786682, 476.497620, 230.822220,129.109451, 716.064392, 0.999994
5, 497,3,503.078491, 503.081726, 476.497620, 230.822220,129.109451, 716.064392, 0.999994
5, 497,4,716.064392, 716.071533, 476.497620, 230.822220,129.109451, 716.064392, 0.999990
5, 497,5,129.109451, 129.108856, 476.497620, 230.822220,129.109451, 716.064392, 1.000005
5, 497,6,694.645752, 694.643311, 476.497620, 230.822220,129.109451, 716.064392, 1.000003
5, 497,7,196.443481, 196.443619, 476.497620, 230.822220,129.109451, 716.064392, 0.999999
5, 498,0,630.503418, 630.500305, 476.500854, 279.398224,108.646416, 890.528259, 1.000005
5, 498,1,688.953125, 688.948242, 476.500854, 279.398224,108.646416, 890.528259, 1.000007
5, 498,2,624.088257, 624.084595, 476.500854, 279.398224,108.646416, 890.528259, 1.000006
5, 498,3,196.276794, 196.272430, 476.500854, 279.398224,108.646416, 890.528259, 1.000022
5, 498,4,211.305176, 211.305801, 476.500854, 279.398224,108.646416, 890.528259, 0.999997
5, 498,5,461.705322, 461.707916, 476.500854, 279.398224,108.646416, 890.528259, 0.999994
5, 498,6,890.528259, 890.525940, 476.500854, 279.398224,108.646416, 890.528259, 1.000003
5, 498,7,108.646416, 108.654793, 476.500854, 279.398224,108.646416, 890.528259, 0.999923
5, 499,0,776.658142, 776.653809, 476.503326, 253.600327,63.511711, 776.658142, 1.000006
5, 499,1,686.009521, 686.005920, 476.503326, 253.600327,63.511711, 776.658142, 1.000005
5, 499,2,63.511711, 63.511642, 476.503326, 253.600327,63.511711, 776.658142, 1.000001
5, 499,3,280.626923, 280.625427, 476.503326, 253.600327,63.511711, 776.658142, 1.000005
5, 499,4,553.337158, 553.329529, 476.503326, 253.600327,63.511711, 776.658142, 1.000014
5, 499,5,322.447968, 322.451202, 476.503326, 253.600327,63.511711, 776.658142, 0.999990
5, 499,6,388.540863, 388.535950, 476.503326, 253.600327,63.511711, 776.658142, 1.000013
5, 499,7,740.894287, 740.886475, 476.503326, 253.600327,63.511711, 776.658142, 1.000010
5, 500,0,900.923462, 900.908264, 476.506653, 236.006683,43.666130, 900.923462, 1.000017
5, 500,1,460.620270, 460.615753, 476.506653, 236.006683,43.666130, 900.923462, 1.000010
5, 500,2,533.273010, 533.263306, 476.506653, 236.006683,43.666130, 900.923462, 1.000018
5, 500,3,563.142639, 563.138672, 476.506653, 236.006683,43.666130, 900.923462, 1.000007
5, 500,4,43.666130, 43.661598, 476.506653, 236.006683,43.666130, 900.923462, 1.000104
5, 500,5,496.324371, 496.318359, 476.506653, 236.006683,43.666130, 900.923462, 1.000012
5, 500,6,433.435852, 433.432098, 476.506653, 236.006683,43.666130, 900.923462, 1.000009
5, 500,7,380.667786, 380.662109, 476.506653, 236.006683,43.666130, 900.923462, 1.000015
5, 501,0,472.053253, 472.053009, 476.501007, 223.463333,47.221188, 743.912537, 1.000000
5, 501,1,47.221188, 47.218201, 476.501007, 223.463333,47.221188, 743.912537, 1.000063
5, 501,2,626.948181, 626.946350, 476.501007, 223.463333,47.221188, 743.912537, 1.000003
5, 501,3,525.197998, 525.198364, 476.501007, 223.463333,47.221188, 743.912537, 0.999999
5, 501,4,397.918549, 397.917633, 476.501007, 223.463333,47.221188, 743.912537, 1.000002
5, 501,5,743.912537, 743.910034, 476.501007, 223.463333,47.221188, 743.912537, 1.000003
5, 501,6,674.754150, 674.755371, 476.501007, 223.463333,47.221188, 743.912537, 0.999998
5, 501,7,324.002136, 324.001190, 476.501007, 223.463333,47.221188, 743.912537, 1.000003
5, 502,0,53.162716, 53.163368, 476.506439, 422.652283,16.638269, 1103.716064, 0.999988
5, 502,1,26.624166, 26.612833, 476.506439, 422.652283,16.638269, 1103.716064, 1.000426
5, 502,2,962.376892, 962.369141, 476.506439, 422.652283,16.638269, 1103.716064, 1.000008
5, 502,3,638.107422, 638.100098, 476.506439, 422.652283,16.638269, 1103.716064, 1.000011
5, 502,4,511.588074, 511.572540, 476.506439, 422.652283,16.638269, 1103.716064, 1.000030
5, 502,5,499.838013, 499.834808, 476.506439, 422.652283,16.638269, 1103.716064, 1.000006
5, 502,6,1103.716064, 1103.709473, 476.506439, 422.652283,16.638269, 1103.716064, 1.000006
5, 502,7,16.638269, 16.637634, 476.506439, 422.652283,16.638269, 1103.716064, 1.000038
5, 503,0,341.442474, 341.444763, 476.497925, 188.197189,157.178162, 729.054504, 0.999993
5, 503,1,383.167389, 383.168976, 476.497925, 188.197189,157.178162, 729.054504, 0.999996
5, 503,2,157.178162, 157.175842, 476.497925, 188.197189,157.178162, 729.054504, 1.000015
5, 503,3,571.465759, 571.470764, 476.497925, 188.197189,157.178162, 729.054504, 0.999991
5, 503,4,729.054504, 729.061035, 476.497925, 188.197189,157.178162, 729.054504, 0.999991
5, 503,5,398.215271, 398.214508, 476.497925, 188.197189,157.178162, 729.054504, 1.000002
5, 503,6,641.309326, 641.313904, 476.497925, 188.197189,157.178162, 729.054504, 0.999993
5, 503,7,590.150452, 590.150269, 476.497925, 188.197189,157.178162, 729.054504, 1.000000
5, 504,0,171.634979, 171.634720, 476.500305, 255.187973,171.634979, 820.082825, 1.000002
5, 504,1,820.082825, 820.083740, 476.500305, 255.187973,171.634979, 820.082825, 0.999999
5, 504,2,483.042633, 483.041046, 476.500305, 255.187973,171.634979, 820.082825, 1.000003
5, 504,3,646.887817, 646.887512, 476.500305, 255.187973,171.634979, 820.082825, 1.000000
5, 504,4,235.671982, 235.675354, 476.500305, 255.187973,171.634979, 820.082825, 0.999986
5, 504,5,788.845520, 788.842529, 476.500305, 255.187973,171.634979, 820.082825, 1.000004
5, 504,6,430.362000, 430.360840, 476.500305, 255.187973,171.634979, 820.082825, 1.000003
5, 504,7,235.474976, 235.474258, 476.500305, 255.187973,171.634979, 820.082825, 1.000003
5, 505,0,493.988922, 493.992157, 476.497009, 297.404846,59.064510, 884.459229, 0.999993
5, 505,1,884.459229, 884.465820, 476.497009, 297.404846,59.064510, 884.459229, 0.999993
5, 505,2,369.515594, 369.518402, 476.497009, 297.404846,59.064510, 884.459229, 0.999992
5, 505,3,817.949951, 817.958740, 476.497009, 297.404846,59.064510, 884.459229, 0.999989
5, 505,4,607.651550, 607.655701, 476.497009, 297.404846,59.064510, 884.459229, 0.999993
5, 505,5,112.028030, 112.030479, 476.497009, 297.404846,59.064510, 884.459229, 0.999978
5, 505,6,467.318359, 467.321259, 476.497009, 297.404846,59.064510, 884.459229, 0.999994
5, 505,7,59.064510, 59.057476, 476.497009, 297.404846,59.064510, 884.459229, 1.000119
5, 506,0,405.306305, 405.306641, 476.503357, 161.712738,245.755417, 671.291199, 0.999999
5, 506,1,606.178101, 606.173950, 476.503357, 161.712738,245.755417, 671.291199, 1.000007
5, 506,2,245.755417, 245.752777, 476.503357, 161.712738,245.755417, 671.291199, 1.000011
5, 506,3,292.498535, 292.495605, 476.503357, 161.712738,245.755417, 671.291199, 1.000010
5, 506,4,430.376831, 430.373444, 476.503357, 161.712738,245.755417, 671.291199, 1.000008
5, 506,5,501.416565, 501.413391, 476.503357, 161.712738,245.755417, 671.291199, 1.000006
5, 506,6,671.291199, 671.285217, 476.503357, 161.712738,245.755417, 671.291199, 1.000009
5, 506,7,659.203918, 659.199097, 476.503357, 161.712738,245.755417, 671.291199, 1.000007
5, 507,0,90.144279, 90.141685, 476.499908, 355.670380,90.144279, 1090.936646, 1.000029
5, 507,1,318.470642, 318.473175, 476.499908, 355.670380,90.144279, 1090.936646, 0.999992
5, 507,2,367.098694, 367.094147, 476.499908, 355.670380,90.144279, 1090.936646, 1.000012
5, 507,3,1090.936646, 1090.943115, 476.499908, 355.670380,90.144279, 1090.936646, 0.999994
5, 507,4,385.074280, 385.075775, 476.499908, 355.670380,90.144279, 1090.936646, 0.999996
5, 507,5,323.271484, 323.268311, 476.499908, 355.670380,90.144279, 1090.936646, 1.000010
5, 507,6,971.770874, 971.770752, 476.499908, 355.670380,90.144279, 1090.936646, 1.000000
5, 507,7,265.232086, 265.233459, 476.499908, 355.670380,90.144279, 1090.936646, 0.999995
5, 508,0,367.124817, 367.122772, 476.501434, 115.457863,309.838562, 636.841797, 1.000006
5, 508,1,520.811707, 520.808838, 476.501434, 115.457863,309.838562, 636.841797, 1.000005
5, 508,2,601.599731, 601.597961, 476.501434, 115.457863,309.838562, 636.841797, 1.000003
5, 508,3,309.838562, 309.840576, 476.501434, 115.457863,309.838562, 636.841797, 0.999994
5, 508,4,428.690094, 428.690521, 476.501434, 115.457863,309.838562, 636.841797, 0.999999
5, 508,5,536.594177, 536.593262, 476.501434, 115.457863,309.838562, 636.841797, 1.000002
5, 508,6,410.510529, 410.508728, 476.501434, 115.457863,309.838562, 636.841797, 1.000004
5, 508,7,636.841797, 636.837158, 476.501434, 115.457863,309.838562, 636.841797, 1.000007
5, 509,0,171.913452, 171.913712, 476.498718, 220.559296,171.913452, 750.518127, 0.999999
5, 509,1,283.805817, 283.806641, 476.498718, 220.559296,171.913452, 750.518127, 0.999997
5, 509,2,424.772583, 424.771729, 476.498718, 220.559296,171.913452, 750.518127, 1.000002
5, 509,3,738.274841, 738.277832, 476.498718, 220.559296,171.913452, 750.518127, 0.999996
5, 509,4,661.378479, 661.382690, 476.498718, 220.559296,171.913452, 750.518127, 0.999994
5, 509,5,478.461670, 478.464752, 476.498718, 220.559296,171.913452, 750.518127, 0.999994
5, 509,6,750.518127, 750.518738, 476.498718, 220.559296,171.913452, 750.518127, 0.999999
5, 509,7,302.864899, 302.863495, 476.498718, 220.559296,171.913452, 750.518127, 1.000005
5, 510,0,560.636963, 560.637634, 476.494690, 201.123077,164.462219, 730.590271, 0.999999
5, 510,1,730.590271, 730.598206, 476.494690, 201.123077,164.462219, 730.590271, 0.999989
5, 510,2,312.266144, 312.270264, 476.494690, 201.123077,164.462219, 730.590271, 0.999987
5, 510,3,362.925323, 362.928314, 476.494690, 201.123077,164.462219, 730.590271, 0.999992
5, 510,4,654.724731, 654.736938, 476.494690, 201.123077,164.462219, 730.590271, 0.999981
5, 510,5,164.462219, 164.463837, 476.494690, 201.123077,164.462219, 730.590271, 0.999990
5, 510,6,372.075348, 372.075348, 476.494690, 201.123077,164.462219, 730.590271, 1.000000
5, 510,7,654.276367, 654.289368, 476.494690, 201.123077,164.462219, 730.590271, 0.999980
5, 511,0,603.036011, 603.035889, 476.500244, 210.970764,146.867142, 717.869263, 1.000000
5, 511,1,271.320679, 271.321655, 476.500244, 210.970764,146.867142, 717.869263, 0.999996
5, 511,2,675.556152, 675.553650, 476.500244, 210.970764,146.867142, 717.869263, 1.000004
5, 511,3,527.677673, 527.676697, 476.500244, 210.970764,146.867142, 717.869263, 1.000002
5, 511,4,291.974365, 291.976196, 476.500244, 210.970764,146.867142, 717.869263, 0.999994
5, 511,5,577.700623, 577.701233, 476.500244, 210.970764,146.867142, 717.869263, 0.999999
5, 511,6,146.867142, 146.869141, 476.500244, 210.970764,146.867142, 717.869263, 0.999986
5, 511,7,717.869263, 717.865540, 476.500244, 210.970764,146.867142, 717.869263, 1.000005
5, 512,0,838.380249, 838.395264, 476.493500, 331.246002,35.839306, 838.380249, 0.999982
5, 512,1,58.740257, 58.739704, 476.493500, 331.246002,35.839306, 838.380249, 1.000009
5, 512,2,623.902832, 623.916687, 476.493500, 331.246002,35.839306, 838.380249, 0.999978
5, 512,3,35.839306, 35.836834, 476.493500, 331.246002,35.839306, 838.380249, 1.000069
5, 512,4,818.740662, 818.755737, 476.493500, 331.246002,35.839306, 838.380249, 0.999982
5, 512,5,767.640930, 767.650879, 476.493500, 331.246002,35.839306, 838.380249, 0.999987
5, 512,6,381.115509, 381.116302, 476.493500, 331.246002,35.839306, 838.380249, 0.999998
5, 512,7,287.588409, 287.588776, 476.493500, 331.246002,35.839306, 838.380249, 0.999999
5, 513,0,494.581970, 494.585144, 476.495697, 143.128967,142.889771, 583.218018, 0.999994
5, 513,1,555.858276, 555.864502, 476.495697, 143.128967,142.889771, 583.218018, 0.999989
5, 513,2,142.889771, 142.886826, 476.495697, 143.128967,142.889771, 583.218018, 1.000021
5, 513,3,524.790710, 524.793518, 476.495697, 143.128967,142.889771, 583.218018, 0.999995
5, 513,4,578.216003, 578.224304, 476.495697, 143.128967,142.889771, 583.218018, 0.999986
5, 513,5,583.218018, 583.226685, 476.495697, 143.128967,142.889771, 583.218018, 0.999985
5, 513,6,441.690247, 441.693481, 476.495697, 143.128967,142.889771, 583.218018, 0.999993
5, 513,7,490.720734, 490.725555, 476.495697, 143.128967,142.889771, 583.218018, 0.999990
5, 514,0,571.127014, 571.125916, 476.501129, 173.089203,235.614166, 713.660950, 1.000002
5, 514,1,713.660950, 713.659729, 476.501129, 173.089203,235.614166, 713.660950, 1.000002
5, 514,2,235.614166, 235.610291, 476.501129, 173.089203,235.614166, 713.660950, 1.000016
5, 514,3,677.512695, 677.511597, 476.501129, 173.089203,235.614166, 713.660950, 1.000002
5, 514,4,319.196533, 319.195892, 476.501129, 173.089203,235.614166, 713.660950, 1.000002
5, 514,5,530.241943, 530.240662, 476.501129, 173.089203,235.614166, 713.660950, 1.000002
5, 514,6,363.379578, 363.379395, 476.501129, 173.089203,235.614166, 713.660950, 1.000000
5, 514,7,401.276154, 401.276245, 476.501129, 173.089203,235.614166, 713.660950, 1.000000
5, 515,0,635.866272, 635.875977, 476.495911, 202.183960,105.173172, 653.324341, 0.999985
5, 515,1,522.440308, 522.444702, 476.495911, 202.183960,105.173172, 653.324341, 0.999992
5, 515,2,653.324341, 653.328613, 476.495911, 202.183960,105.173172, 653.324341, 0.999993
5, 515,3,572.732422, 572.737000, 476.495911, 202.183960,105.173172, 653.324341, 0.999992
5, 515,4,488.630096, 488.634186, 476.495911, 202.183960,105.173172, 653.324341, 0.999992
5, 515,5,225.879593, 225.874878, 476.495911, 202.183960,105.173172, 653.324341, 1.000021
5, 515,6,607.921082, 607.931213, 476.495911, 202.183960,105.173172, 653.324341, 0.999983
5, 515,7,105.173172, 105.173309, 476.495911, 202.183960,105.173172, 653.324341, 0.999999
5, 516,0,535.223511, 535.226929, 476.497681, 348.234406,47.874634, 903.702698, 0.999994
5, 516,1,47.874634, 47.873272, 476.497681, 348.234406,47.874634, 903.702698, 1.000028
5, 516,2,760.655151, 760.658997, 476.497681, 348.234406,47.874634, 903.702698, 0.999995
5, 516,3,76.054222, 76.059349, 476.497681, 348.234406,47.874634, 903.702698, 0.999933
5, 516,4,613.062927, 613.063354, 476.497681, 348.234406,47.874634, 903.702698, 0.999999
5, 516,5,108.736481, 108.735992, 476.497681, 348.234406,47.874634, 903.702698, 1.000005
5, 516,6,766.671814, 766.674683, 476.497681, 348.234406,47.874634, 903.702698, 0.999996
5, 516,7,903.702698, 903.707520, 476.497681, 348.234406,47.874634, 903.702698, 0.999995
5, 517,0,587.200378, 587.190369, 476.504852, 338.576080,57.808006, 874.125732, 1.000017
5, 517,1,710.462585, 710.458496, 476.504852, 338.576080,57.808006, 874.125732, 1.000006
5, 517,2,486.358276, 486.351776, 476.504852, 338.576080,57.808006, 874.125732, 1.000013
5, 517,3,57.808006, 57.808342, 476.504852, 338.576080,57.808006, 874.125732, 0.999994
5, 517,4,874.125732, 874.121521, 476.504852, 338.576080,57.808006, 874.125732, 1.000005
5, 517,5,66.599976, 66.601616, 476.504852, 338.576080,57.808006, 874.125732, 0.999975
5, 517,6,854.590210, 854.586975, 476.504852, 338.576080,57.808006, 874.125732, 1.000004
5, 517,7,174.893234, 174.880600, 476.504852, 338.576080,57.808006, 874.125732, 1.000072
5, 518,0,189.249023, 189.241516, 476.506317, 176.660980,189.249023, 729.217957, 1.000040
5, 518,1,435.902496, 435.895294, 476.506317, 176.660980,189.249023, 729.217957, 1.000017
5, 518,2,535.600769, 535.591553, 476.506317, 176.660980,189.249023, 729.217957, 1.000017
5, 518,3,553.995361, 553.987793, 476.506317, 176.660980,189.249023, 729.217957, 1.000014
5, 518,4,455.872040, 455.864838, 476.506317, 176.660980,189.249023, 729.217957, 1.000016
5, 518,5,628.849548, 628.843201, 476.506317, 176.660980,189.249023, 729.217957, 1.000010
5, 518,6,729.217957, 729.205139, 476.506317, 176.660980,189.249023, 729.217957, 1.000018
5, 518,7,283.363373, 283.370575, 476.506317, 176.660980,189.249023, 729.217957, 0.999975
5, 519,0,366.065796, 366.066589, 476.495422, 250.918167,104.874329, 838.233032, 0.999998
5, 519,1,348.416504, 348.422485, 476.495422, 250.918167,104.874329, 838.233032, 0.999983
5, 519,2,375.246704, 375.247284, 476.495422, 250.918167,104.874329, 838.233032, 0.999998
5, 519,3,345.174774, 345.180573, 476.495422, 250.918167,104.874329, 838.233032, 0.999983
5, 519,4,838.233032, 838.239990, 476.495422, 250.918167,104.874329, 838.233032, 0.999992
5, 519,5,718.676208, 718.690430, 476.495422, 250.918167,104.874329, 838.233032, 0.999980
5, 519,6,104.874329, 104.876503, 476.495422, 250.918167,104.874329, 838.233032, 0.999979
5, 519,7,715.276245, 715.276367, 476.495422, 250.918167,104.874329, 838.233032, 1.000000
5, 520,0,447.404053, 447.406097, 476.500031, 347.874451,37.297634, 920.975952, 0.999995
5, 520,1,572.333130, 572.330383, 476.500031, 347.874451,37.297634, 920.975952, 1.000005
5, 520,2,920.975952, 920.972961, 476.500031, 347.874451,37.297634, 920.975952, 1.000003
5, 520,3,113.291725, 113.296219, 476.500031, 347.874451,37.297634, 920.975952, 0.999960
5, 520,4,664.917114, 664.912292, 476.500031, 347.874451,37.297634, 920.975952, 1.000007
5, 520,5,157.805832, 157.806198, 476.500031, 347.874451,37.297634, 920.975952, 0.999998
5, 520,6,897.974854, 897.977051, 476.500031, 347.874451,37.297634, 920.975952, 0.999998
5, 520,7,37.297634, 37.298698, 476.500031, 347.874451,37.297634, 920.975952, 0.999971
5, 521,0,150.688156, 150.687378, 476.495483, 366.868958,106.180565, 1026.034790, 1.000005
5, 521,1,947.417053, 947.427979, 476.495483, 366.868958,106.180565, 1026.034790, 0.999988
5, 521,2,192.517120, 192.520157, 476.495483, 366.868958,106.180565, 1026.034790, 0.999984
5, 521,3,343.804657, 343.804504, 476.495483, 366.868958,106.180565, 1026.034790, 1.000000
5, 521,4,332.144653, 332.147858, 476.495483, 366.868958,106.180565, 1026.034790, 0.999990
5, 521,5,1026.034790, 1026.047363, 476.495483, 366.868958,106.180565, 1026.034790, 0.999988
5, 521,6,106.180565, 106.180107, 476.495483, 366.868958,106.180565, 1026.034790, 1.000004
5, 521,7,713.176636, 713.184570, 476.495483, 366.868958,106.180565, 1026.034790, 0.999989
5, 522,0,254.364182, 254.366165, 476.496368, 224.826797,211.824509, 756.098511, 0.999992
5, 522,1,756.098511, 756.102539, 476.496368, 224.826797,211.824509, 756.098511, 0.999995
5, 522,2,704.800354, 704.806030, 476.496368, 224.826797,211.824509, 756.098511, 0.999992
5, 522,3,662.597290, 662.602844, 476.496368, 224.826797,211.824509, 756.098511, 0.999992
5, 522,4,280.588531, 280.590240, 476.496368, 224.826797,211.824509, 756.098511, 0.999994
5, 522,5,346.232513, 346.234406, 476.496368, 224.826797,211.824509, 756.098511, 0.999995
5, 522,6,595.465149, 595.471069, 476.496368, 224.826797,211.824509, 756.098511, 0.999990
5, 522,7,211.824509, 211.827011, 476.496368, 224.826797,211.824509, 756.098511, 0.999988
5, 523,0,532.534058, 532.545715, 476.495392, 401.525360,31.473381, 1175.771729, 0.999978
5, 523,1,1175.771729, 1175.788818, 476.495392, 401.525360,31.473381, 1175.771729, 0.999985
5, 523,2,946.432495, 946.440002, 476.495392, 401.525360,31.473381, 1175.771729, 0.999992
5, 523,3,289.962097, 289.960724, 476.495392, 401.525360,31.473381, 1175.771729, 1.000005
5, 523,4,484.025330, 484.028687, 476.495392, 401.525360,31.473381, 1175.771729, 0.999993
5, 523,5,31.473381, 31.473177, 476.495392, 401.525360,31.473381, 1175.771729, 1.000006
5, 523,6,207.162170, 207.162811, 476.495392, 401.525360,31.473381, 1175.771729, 0.999997
5, 523,7,144.601807, 144.600159, 476.495392, 401.525360,31.473381, 1175.771729, 1.000011
5, 524,0,638.038818, 638.031494, 476.502655, 237.095749,81.573868, 852.863281, 1.000011
5, 524,1,357.412842, 357.416168, 476.502655, 237.095749,81.573868, 852.863281, 0.999991
5, 524,2,302.542755, 302.548676, 476.502655, 237.095749,81.573868, 852.863281, 0.999980
5, 524,3,621.620850, 621.610168, 476.502655, 237.095749,81.573868, 852.863281, 1.000017
5, 524,4,432.752808, 432.751953, 476.502655, 237.095749,81.573868, 852.863281, 1.000002
5, 524,5,525.215942, 525.209473, 476.502655, 237.095749,81.573868, 852.863281, 1.000012
5, 524,6,852.863281, 852.857788, 476.502655, 237.095749,81.573868, 852.863281, 1.000006
5, 524,7,81.573868, 81.574173, 476.502655, 237.095749,81.573868, 852.863281, 0.999996
5, 525,0,603.238281, 603.239136, 476.498352, 286.029053,137.687683, 931.076538, 0.999999
5, 525,1,153.867233, 153.864166, 476.498352, 286.029053,137.687683, 931.076538, 1.000020
5, 525,2,260.066101, 260.068726, 476.498352, 286.029053,137.687683, 931.076538, 0.999990
5, 525,3,931.076538, 931.078247, 476.498352, 286.029053,137.687683, 931.076538, 0.999998
5, 525,4,506.435150, 506.438324, 476.498352, 286.029053,137.687683, 931.076538, 0.999994
5, 525,5,137.687683, 137.686127, 476.498352, 286.029053,137.687683, 931.076538, 1.000011
5, 525,6,455.181763, 455.185577, 476.498352, 286.029053,137.687683, 931.076538, 0.999992
5, 525,7,764.434143, 764.440125, 476.498352, 286.029053,137.687683, 931.076538, 0.999992
5, 526,0,69.617226, 69.623169, 476.497192, 344.790771,69.617226, 975.452576, 0.999915
5, 526,1,105.891930, 105.888489, 476.497192, 344.790771,69.617226, 975.452576, 1.000033
5, 526,2,952.641418, 952.649536, 476.497192, 344.790771,69.617226, 975.452576, 0.999991
5, 526,3,372.370300, 372.373291, 476.497192, 344.790771,69.617226, 975.452576, 0.999992
5, 526,4,607.776794, 607.786804, 476.497192, 344.790771,69.617226, 975.452576, 0.999984
5, 526,5,975.452576, 975.447510, 476.497192, 344.790771,69.617226, 975.452576, 1.000005
5, 526,6,352.745361, 352.747711, 476.497192, 344.790771,69.617226, 975.452576, 0.999993
5, 526,7,375.481781, 375.483521, 476.497192, 344.790771,69.617226, 975.452576, 0.999995
5, 527,0,565.247375, 565.245483, 476.499908, 240.885406,53.932125, 917.548462, 1.000003
5, 527,1,418.167664, 418.168976, 476.499908, 240.885406,53.932125, 917.548462, 0.999997
5, 527,2,917.548462, 917.550720, 476.499908, 240.885406,53.932125, 917.548462, 0.999998
5, 527,3,377.020172, 377.016998, 476.499908, 240.885406,53.932125, 917.548462, 1.000008
5, 527,4,417.228271, 417.229034, 476.499908, 240.885406,53.932125, 917.548462, 0.999998
5, 527,5,496.997589, 496.999390, 476.499908, 240.885406,53.932125, 917.548462, 0.999996
5, 527,6,565.857605, 565.858459, 476.499908, 240.885406,53.932125, 917.548462, 0.999999
5, 527,7,53.932125, 53.930885, 476.499908, 240.885406,53.932125, 917.548462, 1.000023
5, 528,0,792.690857, 792.704041, 476.495697, 221.153610,228.355713, 792.690857, 0.999983
5, 528,1,744.683472, 744.688477, 476.495697, 221.153610,228.355713, 792.690857, 0.999993
5, 528,2,649.411011, 649.415771, 476.495697, 221.153610,228.355713, 792.690857, 0.999993
5, 528,3,414.472656, 414.474915, 476.495697, 221.153610,228.355713, 792.690857, 0.999995
5, 528,4,386.194366, 386.198853, 476.495697, 221.153610,228.355713, 792.690857, 0.999988
5, 528,5,338.815460, 338.819336, 476.495697, 221.153610,228.355713, 792.690857, 0.999989
5, 528,6,257.342377, 257.342194, 476.495697, 221.153610,228.355713, 792.690857, 1.000001
5, 528,7,228.355713, 228.356781, 476.495697, 221.153610,228.355713, 792.690857, 0.999995
5, 529,0,558.607727, 558.602417, 476.505188, 318.066101,147.057724, 1047.337036, 1.000010
5, 529,1,211.787277, 211.787460, 476.505188, 318.066101,147.057724, 1047.337036, 0.999999
5, 529,2,809.948425, 809.940430, 476.505188, 318.066101,147.057724, 1047.337036, 1.000010
5, 529,3,1047.337036, 1047.317139, 476.505188, 318.066101,147.057724, 1047.337036, 1.000019
5, 529,4,249.398117, 249.398483, 476.505188, 318.066101,147.057724, 1047.337036, 0.999999
5, 529,5,495.365967, 495.357971, 476.505188, 318.066101,147.057724, 1047.337036, 1.000016
5, 529,6,292.539124, 292.540558, 476.505188, 318.066101,147.057724, 1047.337036, 0.999995
5, 529,7,147.057724, 147.055252, 476.505188, 318.066101,147.057724, 1047.337036, 1.000017
5, 530,0,570.380859, 570.376892, 476.506348, 213.347260,173.696976, 774.568848, 1.000007
5, 530,1,173.696976, 173.693939, 476.506348, 213.347260,173.696976, 774.568848, 1.000018
5, 530,2,677.073669, 677.068115, 476.506348, 213.347260,173.696976, 774.568848, 1.000008
5, 530,3,587.865112, 587.859924, 476.506348, 213.347260,173.696976, 774.568848, 1.000009
5, 530,4,442.839447, 442.828674, 476.506348, 213.347260,173.696976, 774.568848, 1.000024
5, 530,5,229.472046, 229.469742, 476.506348, 213.347260,173.696976, 774.568848, 1.000010
5, 530,6,356.153717, 356.144928, 476.506348, 213.347260,173.696976, 774.568848, 1.000025
5, 530,7,774.568848, 774.557739, 476.506348, 213.347260,173.696976, 774.568848, 1.000014
5, 531,0,837.717712, 837.724487, 476.496002, 314.771973,16.570574, 837.756470, 0.999992
5, 531,1,266.509491, 266.511627, 476.496002, 314.771973,16.570574, 837.756470, 0.999992
5, 531,2,483.613342, 483.617126, 476.496002, 314.771973,16.570574, 837.756470, 0.999992
5, 531,3,837.756470, 837.763672, 476.496002, 314.771973,16.570574, 837.756470, 0.999991
5, 531,4,159.289352, 159.289383, 476.496002, 314.771973,16.570574, 837.756470, 1.000000
5, 531,5,458.413544, 458.415985, 476.496002, 314.771973,16.570574, 837.756470, 0.999995
5, 531,6,752.097473, 752.103149, 476.496002, 314.771973,16.570574, 837.756470, 0.999992
5, 531,7,16.570574, 16.574211, 476.496002, 314.771973,16.570574, 837.756470, 0.999781
5, 532,0,183.840820, 183.834427, 476.502960, 311.716583,107.415977, 902.512634, 1.000035
5, 532,1,350.216156, 350.215118, 476.502960, 311.716583,107.415977, 902.512634, 1.000003
5, 532,2,827.708801, 827.710083, 476.502960, 311.716583,107.415977, 902.512634, 0.999998
5, 532,3,107.415977, 107.412392, 476.502960, 311.716583,107.415977, 902.512634, 1.000033
5, 532,4,902.512634, 902.504272, 476.502960, 311.716583,107.415977, 902.512634, 1.000009
5, 532,5,770.111206, 770.107971, 476.502960, 311.716583,107.415977, 902.512634, 1.000004
5, 532,6,410.361298, 410.358917, 476.502960, 311.716583,107.415977, 902.512634, 1.000006
5, 532,7,259.856750, 259.856628, 476.502960, 311.716583,107.415977, 902.512634, 1.000000
5, 533,0,495.904602, 495.910217, 476.494446, 205.524734,119.279869, 836.312195, 0.999989
5, 533,1,378.133484, 378.140991, 476.494446, 205.524734,119.279869, 836.312195, 0.999980
5, 533,2,119.279869, 119.277855, 476.494446, 205.524734,119.279869, 836.312195, 1.000017
5, 533,3,385.945770, 385.951630, 476.494446, 205.524734,119.279869, 836.312195, 0.999985
5, 533,4,523.418457, 523.426758, 476.494446, 205.524734,119.279869, 836.312195, 0.999984
5, 533,5,836.312195, 836.319702, 476.494446, 205.524734,119.279869, 836.312195, 0.999991
5, 533,6,610.516357, 610.526611, 476.494446, 205.524734,119.279869, 836.312195, 0.999983
5, 533,7,462.444702, 462.446136, 476.494446, 205.524734,119.279869, 836.312195, 0.999997
5, 534,0,29.232056, 29.226301, 476.504364, 325.766205,29.232056, 933.592285, 1.000197
5, 534,1,494.755066, 494.750397, 476.504364, 325.766205,29.232056, 933.592285, 1.000009
5, 534,2,644.474609, 644.467896, 476.504364, 325.766205,29.232056, 933.592285, 1.000010
5, 534,3,752.984619, 752.981323, 476.504364, 325.766205,29.232056, 933.592285, 1.000004
5, 534,4,633.709351, 633.702515, 476.504364, 325.766205,29.232056, 933.592285, 1.000011
5, 534,5,933.592285, 933.584717, 476.504364, 325.766205,29.232056, 933.592285, 1.000008
5, 534,6,215.988586, 215.986237, 476.504364, 325.766205,29.232056, 933.592285, 1.000011
5, 534,7,107.298302, 107.300903, 476.504364, 325.766205,29.232056, 933.592285, 0.999976
5, 535,0,413.380463, 413.379425, 476.499268, 269.061249,79.594330, 840.423767, 1.000003
5, 535,1,343.446594, 343.441101, 476.499268, 269.061249,79.594330, 840.423767, 1.000016
5, 535,2,79.594330, 79.591415, 476.499268, 269.061249,79.594330, 840.423767, 1.000037
5, 535,3,298.743561, 298.745697, 476.499268, 269.061249,79.594330, 840.423767, 0.999993
5, 535,4,780.920044, 780.922424, 476.499268, 269.061249,79.594330, 840.423767, 0.999997
5, 535,5,708.816345, 708.822754, 476.499268, 269.061249,79.594330, 840.423767, 0.999991
5, 535,6,346.669037, 346.669830, 476.499268, 269.061249,79.594330, 840.423767, 0.999998
5, 535,7,840.423767, 840.427368, 476.499268, 269.061249,79.594330, 840.423767, 0.999996
5, 536,0,880.923584, 880.907166, 476.504303, 342.773102,44.895744, 880.923584, 1.000019
5, 536,1,871.240112, 871.225464, 476.504303, 342.773102,44.895744, 880.923584, 1.000017
5, 536,2,868.671204, 868.659668, 476.504303, 342.773102,44.895744, 880.923584, 1.000013
5, 536,3,219.571686, 219.576035, 476.504303, 342.773102,44.895744, 880.923584, 0.999980
5, 536,4,226.178680, 226.178741, 476.504303, 342.773102,44.895744, 880.923584, 1.000000
5, 536,5,385.329803, 385.327911, 476.504303, 342.773102,44.895744, 880.923584, 1.000005
5, 536,6,44.895744, 44.895126, 476.504303, 342.773102,44.895744, 880.923584, 1.000014
5, 536,7,315.223480, 315.229736, 476.504303, 342.773102,44.895744, 880.923584, 0.999980
5, 537,0,810.145142, 810.141296, 476.504059, 296.948883,15.928359, 810.145142, 1.000005
5, 537,1,748.922668, 748.923767, 476.504059, 296.948883,15.928359, 810.145142, 0.999999
5, 537,2,640.792480, 640.790405, 476.504059, 296.948883,15.928359, 810.145142, 1.000003
5, 537,3,550.297058, 550.288330, 476.504059, 296.948883,15.928359, 810.145142, 1.000016
5, 537,4,564.861145, 564.842346, 476.504059, 296.948883,15.928359, 810.145142, 1.000033
5, 537,5,424.924957, 424.927307, 476.504059, 296.948883,15.928359, 810.145142, 0.999994
5, 537,6,15.928359, 15.927533, 476.504059, 296.948883,15.928359, 810.145142, 1.000052
5, 537,7,56.160419, 56.159088, 476.504059, 296.948883,15.928359, 810.145142, 1.000024
5, 538,0,56.251453, 56.249264, 476.495300, 297.928772,56.251453, 770.487915, 1.000039
5, 538,1,635.034851, 635.045593, 476.495300, 297.928772,56.251453, 770.487915, 0.999983
5, 538,2,529.131531, 529.138611, 476.495300, 297.928772,56.251453, 770.487915, 0.999987
5, 538,3,746.183594, 746.194458, 476.495300, 297.928772,56.251453, 770.487915, 0.999985
5, 538,4,733.823608, 733.828552, 476.495300, 297.928772,56.251453, 770.487915, 0.999993
5, 538,5,216.368103, 216.369614, 476.495300, 297.928772,56.251453, 770.487915, 0.999993
5, 538,6,770.487915, 770.492004, 476.495300, 297.928772,56.251453, 770.487915, 0.999995
5, 538,7,124.681259, 124.681961, 476.495300, 297.928772,56.251453, 770.487915, 0.999994
5, 539,0,522.228455, 522.223938, 476.504456, 138.939926,261.259155, 644.107178, 1.000009
5, 539,1,432.001526, 432.000397, 476.504456, 138.939926,261.259155, 644.107178, 1.000003
5, 539,2,644.107178, 644.102478, 476.504456, 138.939926,261.259155, 644.107178, 1.000007
5, 539,3,298.681549, 298.679688, 476.504456, 138.939926,261.259155, 644.107178, 1.000006
5, 539,4,481.938995, 481.931641, 476.504456, 138.939926,261.259155, 644.107178, 1.000015
5, 539,5,608.804260, 608.796692, 476.504456, 138.939926,261.259155, 644.107178, 1.000012
5, 539,6,563.014404, 563.005981, 476.504456, 138.939926,261.259155, 644.107178, 1.000015
5, 539,7,261.259155, 261.259094, 476.504456, 138.939926,261.259155, 644.107178, 1.000000
5, 540,0,493.531799, 493.526917, 476.506989, 278.910095,30.342518, 826.470642, 1.000010
5, 540,1,804.415833, 804.401062, 476.506989, 278.910095,30.342518, 826.470642, 1.000018
5, 540,2,286.529572, 286.520630, 476.506989, 278.910095,30.342518, 826.470642, 1.000031
5, 540,3,397.240601, 397.238251, 476.506989, 278.910095,30.342518, 826.470642, 1.000006
5, 540,4,296.237427, 296.235413, 476.506989, 278.910095,30.342518, 826.470642, 1.000007
5, 540,5,677.287659, 677.274963, 476.506989, 278.910095,30.342518, 826.470642, 1.000019
5, 540,6,826.470642, 826.461182, 476.506989, 278.910095,30.342518, 826.470642, 1.000011
5, 540,7,30.342518, 30.341208, 476.506989, 278.910095,30.342518, 826.470642, 1.000043
5, 541,0,182.794235, 182.792603, 476.502014, 264.710938,37.619648, 863.838867, 1.000009
5, 541,1,37.619648, 37.614758, 476.502014, 264.710938,37.619648, 863.838867, 1.000130
5, 541,2,653.700745, 653.700684, 476.502014, 264.710938,37.619648, 863.838867, 1.000000
5, 541,3,503.643768, 503.641113, 476.502014, 264.710938,37.619648, 863.838867, 1.000005
5, 541,4,480.000275, 479.997314, 476.502014, 264.710938,37.619648, 863.838867, 1.000006
5, 541,5,645.213257, 645.212280, 476.502014, 264.710938,37.619648, 863.838867, 1.000002
5, 541,6,863.838867, 863.835205, 476.502014, 264.710938,37.619648, 863.838867, 1.000004
5, 541,7,445.205322, 445.205658, 476.502014, 264.710938,37.619648, 863.838867, 0.999999
5, 542,0,307.586914, 307.586731, 476.495605, 262.823578,92.081818, 880.080200, 1.000001
5, 542,1,525.192993, 525.202087, 476.495605, 262.823578,92.081818, 880.080200, 0.999983
5, 542,2,880.080200, 880.086975, 476.495605, 262.823578,92.081818, 880.080200, 0.999992
5, 542,3,722.434082, 722.443542, 476.495605, 262.823578,92.081818, 880.080200, 0.999987
5, 542,4,263.821777, 263.817719, 476.495605, 262.823578,92.081818, 880.080200, 1.000015
5, 542,5,380.066864, 380.071716, 476.495605, 262.823578,92.081818, 880.080200, 0.999987
5, 542,6,640.700134, 640.707458, 476.495605, 262.823578,92.081818, 880.080200, 0.999989
5, 542,7,92.081818, 92.083679, 476.495605, 262.823578,92.081818, 880.080200, 0.999980
5, 543,0,524.160095, 524.166931, 476.494995, 223.924759,175.919312, 797.349976, 0.999987
5, 543,1,263.121979, 263.125549, 476.494995, 223.924759,175.919312, 797.349976, 0.999986
5, 543,2,391.075409, 391.079987, 476.494995, 223.924759,175.919312, 797.349976, 0.999988
5, 543,3,797.349976, 797.362732, 476.494995, 223.924759,175.919312, 797.349976, 0.999984
5, 543,4,315.957520, 315.956848, 476.494995, 223.924759,175.919312, 797.349976, 1.000002
5, 543,5,683.193115, 683.197083, 476.494995, 223.924759,175.919312, 797.349976, 0.999994
5, 543,6,661.182617, 661.186157, 476.494995, 223.924759,175.919312, 797.349976, 0.999995
5, 543,7,175.919312, 175.924530, 476.494995, 223.924759,175.919312, 797.349976, 0.999970
5, 544,0,824.697876, 824.705627, 476.494324, 285.934357,66.649529, 836.045532, 0.999991
5, 544,1,463.102570, 463.100861, 476.494324, 285.934357,66.649529, 836.045532, 1.000004
5, 544,2,66.649529, 66.649597, 476.494324, 285.934357,66.649529, 836.045532, 0.999999
5, 544,3,676.324646, 676.336121, 476.494324, 285.934357,66.649529, 836.045532, 0.999983
5, 544,4,466.990845, 467.001129, 476.494324, 285.934357,66.649529, 836.045532, 0.999978
5, 544,5,259.964142, 259.967957, 476.494324, 285.934357,66.649529, 836.045532, 0.999985
5, 544,6,218.179459, 218.184067, 476.494324, 285.934357,66.649529, 836.045532, 0.999979
5, 544,7,836.045532, 836.054749, 476.494324, 285.934357,66.649529, 836.045532, 0.999989
5, 545,0,387.079041, 387.077026, 476.504150, 347.957489,20.621449, 936.534973, 1.000005
5, 545,1,587.751038, 587.743896, 476.504150, 347.957489,20.621449, 936.534973, 1.000012
5, 545,2,936.534973, 936.526245, 476.504150, 347.957489,20.621449, 936.534973, 1.000009
5, 545,3,215.377441, 215.377792, 476.504150, 347.957489,20.621449, 936.534973, 0.999998
5, 545,4,20.621449, 20.621475, 476.504150, 347.957489,20.621449, 936.534973, 0.999999
5, 545,5,800.705566, 800.700073, 476.504150, 347.957489,20.621449, 936.534973, 1.000007
5, 545,6,771.417236, 771.410583, 476.504150, 347.957489,20.621449, 936.534973, 1.000009
5, 545,7,92.546745, 92.543205, 476.504150, 347.957489,20.621449, 936.534973, 1.000038
5, 546,0,670.371826, 670.379944, 476.493896, 167.611053,125.185188, 670.371826, 0.999988
5, 546,1,568.673828, 568.678467, 476.493896, 167.611053,125.185188, 670.371826, 0.999992
5, 546,2,605.181824, 605.189209, 476.493896, 167.611053,125.185188, 670.371826, 0.999988
5, 546,3,429.867523, 429.873474, 476.493896, 167.611053,125.185188, 670.371826, 0.999986
5, 546,4,125.185188, 125.189148, 476.493896, 167.611053,125.185188, 670.371826, 0.999968
5, 546,5,544.334106, 544.346252, 476.493896, 167.611053,125.185188, 670.371826, 0.999978
5, 546,6,423.424591, 423.426056, 476.493896, 167.611053,125.185188, 670.371826, 0.999997
5, 546,7,444.912384, 444.917450, 476.493896, 167.611053,125.185188, 670.371826, 0.999989
5, 547,0,792.752258, 792.755371, 476.498688, 327.485931,57.422607, 835.657471, 0.999996
5, 547,1,787.951904, 787.953979, 476.498688, 327.485931,57.422607, 835.657471, 0.999997
5, 547,2,204.468826, 204.467438, 476.498688, 327.485931,57.422607, 835.657471, 1.000007
5, 547,3,98.415802, 98.417267, 476.498688, 327.485931,57.422607, 835.657471, 0.999985
5, 547,4,835.657471, 835.658264, 476.498688, 327.485931,57.422607, 835.657471, 0.999999
5, 547,5,397.755066, 397.755615, 476.498688, 327.485931,57.422607, 835.657471, 0.999999
5, 547,6,637.565613, 637.568787, 476.498688, 327.485931,57.422607, 835.657471, 0.999995
5, 547,7,57.422607, 57.423550, 476.498688, 327.485931,57.422607, 835.657471, 0.999984
5, 548,0,57.672909, 57.669048, 476.503357, 365.918762,57.672909, 1106.133667, 1.000067
5, 548,1,777.614258, 777.604248, 476.503357, 365.918762,57.672909, 1106.133667, 1.000013
5, 548,2,153.078827, 153.080811, 476.503357, 365.918762,57.672909, 1106.133667, 0.999987
5, 548,3,609.839966, 609.841614, 476.503357, 365.918762,57.672909, 1106.133667, 0.999997
5, 548,4,561.295471, 561.288452, 476.503357, 365.918762,57.672909, 1106.133667, 1.000013
5, 548,5,96.397911, 96.386330, 476.503357, 365.918762,57.672909, 1106.133667, 1.000120
5, 548,6,1106.133667, 1106.130127, 476.503357, 365.918762,57.672909, 1106.133667, 1.000003
5, 548,7,449.993683, 449.999268, 476.503357, 365.918762,57.672909, 1106.133667, 0.999988
5, 549,0,488.147217, 488.146149, 476.499634, 165.886475,216.505188, 712.047729, 1.000002
5, 549,1,274.593048, 274.594727, 476.499634, 165.886475,216.505188, 712.047729, 0.999994
5, 549,2,216.505188, 216.504807, 476.499634, 165.886475,216.505188, 712.047729, 1.000002
5, 549,3,599.047668, 599.047302, 476.499634, 165.886475,216.505188, 712.047729, 1.000001
5, 549,4,712.047729, 712.049744, 476.499634, 165.886475,216.505188, 712.047729, 0.999997
5, 549,5,590.615540, 590.617004, 476.499634, 165.886475,216.505188, 712.047729, 0.999997
5, 549,6,479.025269, 479.023956, 476.499634, 165.886475,216.505188, 712.047729, 1.000003
5, 549,7,452.015717, 452.016144, 476.499634, 165.886475,216.505188, 712.047729, 0.999999
5, 550,0,755.305542, 755.309814, 476.496552, 245.124817,210.972198, 841.082275, 0.999994
5, 550,1,210.972198, 210.972626, 476.496552, 245.124817,210.972198, 841.082275, 0.999998
5, 550,2,253.203232, 253.201340, 476.496552, 245.124817,210.972198, 841.082275, 1.000008
5, 550,3,627.690491, 627.696533, 476.496552, 245.124817,210.972198, 841.082275, 0.999990
5, 550,4,226.254761, 226.257004, 476.496552, 245.124817,210.972198, 841.082275, 0.999990
5, 550,5,412.950500, 412.956757, 476.496552, 245.124817,210.972198, 841.082275, 0.999985
5, 550,6,841.082275, 841.087708, 476.496552, 245.124817,210.972198, 841.082275, 0.999994
5, 550,7,484.513489, 484.517944, 476.496552, 245.124817,210.972198, 841.082275, 0.999991
5, 551,0,524.197266, 524.201172, 476.501068, 405.204926,18.752745, 1077.846436, 0.999993
5, 551,1,317.702179, 317.699127, 476.501068, 405.204926,18.752745, 1077.846436, 1.000010
5, 551,2,192.320892, 192.321655, 476.501068, 405.204926,18.752745, 1077.846436, 0.999996
5, 551,3,34.551613, 34.547798, 476.501068, 405.204926,18.752745, 1077.846436, 1.000110
5, 551,4,18.752745, 18.750370, 476.501068, 405.204926,18.752745, 1077.846436, 1.000127
5, 551,5,692.833557, 692.829468, 476.501068, 405.204926,18.752745, 1077.846436, 1.000006
5, 551,6,953.803955, 953.804382, 476.501068, 405.204926,18.752745, 1077.846436, 1.000000
5, 551,7,1077.846436, 1077.845825, 476.501068, 405.204926,18.752745, 1077.846436, 1.000001
5, 552,0,380.237335, 380.235535, 476.496704, 281.836182,87.465240, 897.573303, 1.000005
5, 552,1,664.716980, 664.717896, 476.496704, 281.836182,87.465240, 897.573303, 0.999999
5, 552,2,331.208099, 331.217041, 476.496704, 281.836182,87.465240, 897.573303, 0.999973
5, 552,3,804.005188, 804.012085, 476.496704, 281.836182,87.465240, 897.573303, 0.999991
5, 552,4,262.474518, 262.474426, 476.496704, 281.836182,87.465240, 897.573303, 1.000000
5, 552,5,897.573303, 897.584900, 476.496704, 281.836182,87.465240, 897.573303, 0.999987
5, 552,6,384.292603, 384.291229, 476.496704, 281.836182,87.465240, 897.573303, 1.000004
5, 552,7,87.465240, 87.466736, 476.496704, 281.836182,87.465240, 897.573303, 0.999983
5, 553,0,848.222168, 848.207397, 476.505157, 238.560593,88.736221, 848.222168, 1.000017
5, 553,1,570.115356, 570.099548, 476.505157, 238.560593,88.736221, 848.222168, 1.000028
5, 553,2,221.286255, 221.288651, 476.505157, 238.560593,88.736221, 848.222168, 0.999989
5, 553,3,505.200104, 505.194946, 476.505157, 238.560593,88.736221, 848.222168, 1.000010
5, 553,4,88.736221, 88.744339, 476.505157, 238.560593,88.736221, 848.222168, 0.999909
5, 553,5,660.254272, 660.249329, 476.505157, 238.560593,88.736221, 848.222168, 1.000008
5, 553,6,439.772491, 439.770691, 476.505157, 238.560593,88.736221, 848.222168, 1.000004
5, 553,7,478.454407, 478.445374, 476.505157, 238.560593,88.736221, 848.222168, 1.000019
5, 554,0,74.910675, 74.913071, 476.496216, 313.282349,74.910675, 865.229797, 0.999968
5, 554,1,236.426041, 236.426926, 476.496216, 313.282349,74.910675, 865.229797, 0.999996
5, 554,2,805.600098, 805.602905, 476.496216, 313.282349,74.910675, 865.229797, 0.999997
5, 554,3,97.273819, 97.274979, 476.496216, 313.282349,74.910675, 865.229797, 0.999988
5, 554,4,434.973755, 434.976685, 476.496216, 313.282349,74.910675, 865.229797, 0.999993
5, 554,5,605.203857, 605.214722, 476.496216, 313.282349,74.910675, 865.229797, 0.999982
5, 554,6,865.229797, 865.234741, 476.496216, 313.282349,74.910675, 865.229797, 0.999994
5, 554,7,692.351807, 692.356018, 476.496216, 313.282349,74.910675, 865.229797, 0.999994
5, 555,0,741.844543, 741.834351, 476.505493, 248.643646,15.387394, 741.844543, 1.000014
5, 555,1,372.496826, 372.496246, 476.505493, 248.643646,15.387394, 741.844543, 1.000002
5, 555,2,15.387394, 15.387621, 476.505493, 248.643646,15.387394, 741.844543, 0.999985
5, 555,3,722.889099, 722.882263, 476.505493, 248.643646,15.387394, 741.844543, 1.000009
5, 555,4,298.739868, 298.738312, 476.505493, 248.643646,15.387394, 741.844543, 1.000005
5, 555,5,514.327637, 514.314697, 476.505493, 248.643646,15.387394, 741.844543, 1.000025
5, 555,6,688.256348, 688.244202, 476.505493, 248.643646,15.387394, 741.844543, 1.000018
5, 555,7,458.102051, 458.102234, 476.505493, 248.643646,15.387394, 741.844543, 1.000000
5, 556,0,275.564056, 275.566467, 476.505798, 259.532684,123.358566, 817.575012, 0.999991
5, 556,1,519.783936, 519.781433, 476.505798, 259.532684,123.358566, 817.575012, 1.000005
5, 556,2,193.243607, 193.246094, 476.505798, 259.532684,123.358566, 817.575012, 0.999987
5, 556,3,477.303131, 477.294525, 476.505798, 259.532684,123.358566, 817.575012, 1.000018
5, 556,4,649.105103, 649.093567, 476.505798, 259.532684,123.358566, 817.575012, 1.000018
5, 556,5,756.112854, 756.097656, 476.505798, 259.532684,123.358566, 817.575012, 1.000020
5, 556,6,123.358566, 123.360191, 476.505798, 259.532684,123.358566, 817.575012, 0.999987
5, 556,7,817.575012, 817.560242, 476.505798, 259.532684,123.358566, 817.575012, 1.000018
5, 557,0,151.729233, 151.727051, 476.499664, 247.756195,151.729233, 805.747803, 1.000014
5, 557,1,703.897766, 703.898682, 476.499664, 247.756195,151.729233, 805.747803, 0.999999
5, 557,2,411.319489, 411.319336, 476.499664, 247.756195,151.729233, 805.747803, 1.000000
5, 557,3,434.307281, 434.309479, 476.499664, 247.756195,151.729233, 805.747803, 0.999995
5, 557,4,805.747803, 805.747131, 476.499664, 247.756195,151.729233, 805.747803, 1.000001
5, 557,5,725.005188, 725.009277, 476.499664, 247.756195,151.729233, 805.747803, 0.999994
5, 557,6,174.365585, 174.363052, 476.499664, 247.756195,151.729233, 805.747803, 1.000015
5, 557,7,405.625153, 405.626312, 476.499664, 247.756195,151.729233, 805.747803, 0.999997
5, 558,0,634.775940, 634.780029, 476.498993, 296.646973,51.338421, 878.086365, 0.999994
5, 558,1,424.756073, 424.756165, 476.498993, 296.646973,51.338421, 878.086365, 1.000000
5, 558,2,824.119324, 824.121216, 476.498993, 296.646973,51.338421, 878.086365, 0.999998
5, 558,3,525.804932, 525.806152, 476.498993, 296.646973,51.338421, 878.086365, 0.999998
5, 558,4,299.070709, 299.074921, 476.498993, 296.646973,51.338421, 878.086365, 0.999986
5, 558,5,51.338421, 51.338631, 476.498993, 296.646973,51.338421, 878.086365, 0.999996
5, 558,6,174.040131, 174.038345, 476.498993, 296.646973,51.338421, 878.086365, 1.000010
5, 558,7,878.086365, 878.084351, 476.498993, 296.646973,51.338421, 878.086365, 1.000002
5, 559,0,155.143570, 155.148331, 476.502228, 485.915527,11.617151, 1178.143188, 0.999969
5, 559,1,45.630703, 45.630260, 476.502228, 485.915527,11.617151, 1178.143188, 1.000010
5, 559,2,97.706978, 97.708031, 476.502228, 485.915527,11.617151, 1178.143188, 0.999989
5, 559,3,1178.143188, 1178.132813, 476.502228, 485.915527,11.617151, 1178.143188, 1.000009
5, 559,4,671.216919, 671.211243, 476.502228, 485.915527,11.617151, 1178.143188, 1.000008
5, 559,5,11.617151, 11.619557, 476.502228, 485.915527,11.617151, 1178.143188, 0.999793
5, 559,6,487.628296, 487.625458, 476.502228, 485.915527,11.617151, 1178.143188, 1.000006
5, 559,7,1164.930908, 1164.924316, 476.502228, 485.915527,11.617151, 1178.143188, 1.000006
5, 560,0,401.331390, 401.330841, 476.500610, 193.018402,193.401245, 702.893433, 1.000001
5, 560,1,619.863953, 619.863220, 476.500610, 193.018402,193.401245, 702.893433, 1.000001
5, 560,2,608.401611, 608.400635, 476.500610, 193.018402,193.401245, 702.893433, 1.000002
5, 560,3,199.490692, 199.492386, 476.500610, 193.018402,193.401245, 702.893433, 0.999992
5, 560,4,193.401245, 193.400726, 476.500610, 193.018402,193.401245, 702.893433, 1.000003
5, 560,5,551.391602, 551.390259, 476.500610, 193.018402,193.401245, 702.893433, 1.000002
5, 560,6,535.231140, 535.231018, 476.500610, 193.018402,193.401245, 702.893433, 1.000000
5, 560,7,702.893433, 702.891174, 476.500610, 193.018402,193.401245, 702.893433, 1.000003
5, 561,0,503.960327, 503.961609, 476.498352, 377.515167,100.656105, 1264.618042, 0.999997
5, 561,1,1264.618042, 1264.621338, 476.498352, 377.515167,100.656105, 1264.618042, 0.999997
5, 561,2,100.656105, 100.656265, 476.498352, 377.515167,100.656105, 1264.618042, 0.999998
5, 561,3,339.129761, 339.132050, 476.498352, 377.515167,100.656105, 1264.618042, 0.999993
5, 561,4,447.372681, 447.373322, 476.498352, 377.515167,100.656105, 1264.618042, 0.999999
5, 561,5,125.570740, 125.572365, 476.498352, 377.515167,100.656105, 1264.618042, 0.999987
5, 561,6,725.807800, 725.810730, 476.498352, 377.515167,100.656105, 1264.618042, 0.999996
5, 561,7,304.871399, 304.872437, 476.498352, 377.515167,100.656105, 1264.618042, 0.999997
5, 562,0,416.053558, 416.055878, 476.495209, 259.057251,90.950745, 906.215210, 0.999994
5, 562,1,801.395752, 801.398254, 476.495209, 259.057251,90.950745, 906.215210, 0.999997
5, 562,2,424.942261, 424.944427, 476.495209, 259.057251,90.950745, 906.215210, 0.999995
5, 562,3,90.950745, 90.949280, 476.495209, 259.057251,90.950745, 906.215210, 1.000016
5, 562,4,906.215210, 906.235474, 476.495209, 259.057251,90.950745, 906.215210, 0.999978
5, 562,5,398.868591, 398.873962, 476.495209, 259.057251,90.950745, 906.215210, 0.999987
5, 562,6,421.921326, 421.928619, 476.495209, 259.057251,90.950745, 906.215210, 0.999983
5, 562,7,351.613983, 351.613892, 476.495209, 259.057251,90.950745, 906.215210, 1.000000
5, 563,0,353.465820, 353.464783, 476.501221, 252.173462,83.704239, 972.478149, 1.000003
5, 563,1,455.204926, 455.206757, 476.501221, 252.173462,83.704239, 972.478149, 0.999996
5, 563,2,421.967560, 421.966034, 476.501221, 252.173462,83.704239, 972.478149, 1.000004
5, 563,3,583.553467, 583.548218, 476.501221, 252.173462,83.704239, 972.478149, 1.000009
5, 563,4,83.704239, 83.704735, 476.501221, 252.173462,83.704239, 972.478149, 0.999994
5, 563,5,556.747009, 556.743286, 476.501221, 252.173462,83.704239, 972.478149, 1.000007
5, 563,6,384.888611, 384.891113, 476.501221, 252.173462,83.704239, 972.478149, 0.999994
5, 563,7,972.478149, 972.475037, 476.501221, 252.173462,83.704239, 972.478149, 1.000003
5, 564,0,405.788940, 405.785706, 476.500122, 340.407776,71.353210, 949.355469, 1.000008
5, 564,1,71.353210, 71.349541, 476.500122, 340.407776,71.353210, 949.355469, 1.000051
5, 564,2,949.355469, 949.355591, 476.500122, 340.407776,71.353210, 949.355469, 1.000000
5, 564,3,88.317032, 88.317917, 476.500122, 340.407776,71.353210, 949.355469, 0.999990
5, 564,4,688.555908, 688.551025, 476.500122, 340.407776,71.353210, 949.355469, 1.000007
5, 564,5,348.933228, 348.938629, 476.500122, 340.407776,71.353210, 949.355469, 0.999985
5, 564,6,912.202515, 912.202759, 476.500122, 340.407776,71.353210, 949.355469, 1.000000
5, 564,7,347.494751, 347.499054, 476.500122, 340.407776,71.353210, 949.355469, 0.999988
5, 565,0,762.337463, 762.335938, 476.502075, 283.470856,169.056381, 844.543762, 1.000002
5, 565,1,433.989746, 433.988159, 476.502075, 283.470856,169.056381, 844.543762, 1.000004
5, 565,2,764.965820, 764.960876, 476.502075, 283.470856,169.056381, 844.543762, 1.000006
5, 565,3,457.949921, 457.950226, 476.502075, 283.470856,169.056381, 844.543762, 0.999999
5, 565,4,169.056381, 169.054047, 476.502075, 283.470856,169.056381, 844.543762, 1.000014
5, 565,5,844.543762, 844.539856, 476.502075, 283.470856,169.056381, 844.543762, 1.000005
5, 565,6,209.674545, 209.675186, 476.502075, 283.470856,169.056381, 844.543762, 0.999997
5, 565,7,169.498901, 169.495865, 476.502075, 283.470856,169.056381, 844.543762, 1.000018
5, 566,0,714.191345, 714.197693, 476.498413, 325.772156,18.376013, 862.413696, 0.999991
5, 566,1,862.413696, 862.419678, 476.498413, 325.772156,18.376013, 862.413696, 0.999993
5, 566,2,30.816784, 30.816809, 476.498413, 325.772156,18.376013, 862.413696, 0.999999
5, 566,3,362.115082, 362.111908, 476.498413, 325.772156,18.376013, 862.413696, 1.000009
5, 566,4,18.376013, 18.373680, 476.498413, 325.772156,18.376013, 862.413696, 1.000127
5, 566,5,806.572205, 806.569031, 476.498413, 325.772156,18.376013, 862.413696, 1.000004
5, 566,6,459.542267, 459.543976, 476.498413, 325.772156,18.376013, 862.413696, 0.999996
5, 566,7,557.959900, 557.967285, 476.498413, 325.772156,18.376013, 862.413696, 0.999987
5, 567,0,178.188538, 178.189209, 476.493713, 245.940292,178.188538, 764.762085, 0.999996
5, 567,1,764.762085, 764.767151, 476.493713, 245.940292,178.188538, 764.762085, 0.999993
5, 567,2,544.583069, 544.592834, 476.493713, 245.940292,178.188538, 764.762085, 0.999982
5, 567,3,763.513489, 763.528748, 476.493713, 245.940292,178.188538, 764.762085, 0.999980
5, 567,4,282.793549, 282.793945, 476.493713, 245.940292,178.188538, 764.762085, 0.999999
5, 567,5,189.213181, 189.214554, 476.493713, 245.940292,178.188538, 764.762085, 0.999993
5, 567,6,676.773132, 676.776001, 476.493713, 245.940292,178.188538, 764.762085, 0.999996
5, 567,7,412.122925, 412.137726, 476.493713, 245.940292,178.188538, 764.762085, 0.999964
5, 568,0,525.079651, 525.075073, 476.504272, 209.384033,79.554405, 802.311401, 1.000009
5, 568,1,515.841003, 515.840576, 476.504272, 209.384033,79.554405, 802.311401, 1.000001
5, 568,2,79.554405, 79.564903, 476.504272, 209.384033,79.554405, 802.311401, 0.999868
5, 568,3,802.311401, 802.305603, 476.504272, 209.384033,79.554405, 802.311401, 1.000007
5, 568,4,402.529907, 402.522949, 476.504272, 209.384033,79.554405, 802.311401, 1.000017
5, 568,5,367.312408, 367.309387, 476.504272, 209.384033,79.554405, 802.311401, 1.000008
5, 568,6,623.051819, 623.038940, 476.504272, 209.384033,79.554405, 802.311401, 1.000021
5, 568,7,496.353394, 496.342377, 476.504272, 209.384033,79.554405, 802.311401, 1.000022
5, 569,0,794.493347, 794.488037, 476.501770, 183.619156,246.275070, 794.493347, 1.000007
5, 569,1,492.770538, 492.769196, 476.501770, 183.619156,246.275070, 794.493347, 1.000003
5, 569,2,446.652466, 446.647186, 476.501770, 183.619156,246.275070, 794.493347, 1.000012
5, 569,3,246.275070, 246.275864, 476.501770, 183.619156,246.275070, 794.493347, 0.999997
5, 569,4,489.935486, 489.936310, 476.501770, 183.619156,246.275070, 794.493347, 0.999998
5, 569,5,258.371796, 258.371338, 476.501770, 183.619156,246.275070, 794.493347, 1.000002
5, 569,6,652.336914, 652.334167, 476.501770, 183.619156,246.275070, 794.493347, 1.000004
5, 569,7,431.178497, 431.177704, 476.501770, 183.619156,246.275070, 794.493347, 1.000002
5, 570,0,419.162964, 419.174194, 476.492676, 123.283440,227.808380, 587.835754, 0.999973
5, 570,1,545.902954, 545.906555, 476.492676, 123.283440,227.808380, 587.835754, 0.999993
5, 570,2,556.655823, 556.667786, 476.492676, 123.283440,227.808380, 587.835754, 0.999978
5, 570,3,393.497223, 393.503296, 476.492676, 123.283440,227.808380, 587.835754, 0.999985
5, 570,4,504.988647, 504.997314, 476.492676, 123.283440,227.808380, 587.835754, 0.999983
5, 570,5,587.835754, 587.842529, 476.492676, 123.283440,227.808380, 587.835754, 0.999988
5, 570,6,227.808380, 227.812759, 476.492676, 123.283440,227.808380, 587.835754, 0.999981
5, 570,7,576.089905, 576.095520, 476.492676, 123.283440,227.808380, 587.835754, 0.999990
5, 571,0,810.318726, 810.328064, 476.494049, 299.099792,67.867317, 909.082825, 0.999988
5, 571,1,116.417061, 116.416916, 476.494049, 299.099792,67.867317, 909.082825, 1.000001
5, 571,2,909.082825, 909.093933, 476.494049, 299.099792,67.867317, 909.082825, 0.999988
5, 571,3,67.867317, 67.868942, 476.494049, 299.099792,67.867317, 909.082825, 0.999976
5, 571,4,494.987854, 494.993927, 476.494049, 299.099792,67.867317, 909.082825, 0.999988
5, 571,5,448.781830, 448.783813, 476.494049, 299.099792,67.867317, 909.082825, 0.999996
5, 571,6,604.406738, 604.416687, 476.494049, 299.099792,67.867317, 909.082825, 0.999984
5, 571,7,360.090057, 360.097961, 476.494049, 299.099792,67.867317, 909.082825, 0.999978
5, 572,0,102.976257, 102.973969, 476.506958, 324.773529,102.976257, 940.420166, 1.000022
5, 572,1,343.108185, 343.108246, 476.506958, 324.773529,102.976257, 940.420166, 1.000000
5, 572,2,317.427246, 317.423309, 476.506958, 324.773529,102.976257, 940.420166, 1.000012
5, 572,3,584.787354, 584.773132, 476.506958, 324.773529,102.976257, 940.420166, 1.000024
5, 572,4,915.968140, 915.952759, 476.506958, 324.773529,102.976257, 940.420166, 1.000017
5, 572,5,940.420166, 940.413147, 476.506958, 324.773529,102.976257, 940.420166, 1.000008
5, 572,6,108.855385, 108.851807, 476.506958, 324.773529,102.976257, 940.420166, 1.000033
5, 572,7,498.512970, 498.503662, 476.506958, 324.773529,102.976257, 940.420166, 1.000019
5, 573,0,205.041504, 205.042191, 476.497162, 322.698242,68.678375, 786.605652, 0.999997
5, 573,1,68.678375, 68.682312, 476.497162, 322.698242,68.678375, 786.605652, 0.999943
5, 573,2,732.676941, 732.682373, 476.497162, 322.698242,68.678375, 786.605652, 0.999993
5, 573,3,141.659927, 141.659729, 476.497162, 322.698242,68.678375, 786.605652, 1.000001
5, 573,4,783.631042, 783.633057, 476.497162, 322.698242,68.678375, 786.605652, 0.999997
5, 573,5,782.209229, 782.214661, 476.497162, 322.698242,68.678375, 786.605652, 0.999993
5, 573,6,786.605652, 786.608887, 476.497162, 322.698242,68.678375, 786.605652, 0.999996
5, 573,7,311.474701, 311.476868, 476.497162, 322.698242,68.678375, 786.605652, 0.999993
5, 574,0,554.708313, 554.708923, 476.498993, 341.139191,149.243103, 1196.367432, 0.999999
5, 574,1,1196.367432, 1196.366333, 476.498993, 341.139191,149.243103, 1196.367432, 1.000001
5, 574,2,149.243103, 149.246323, 476.498993, 341.139191,149.243103, 1196.367432, 0.999978
5, 574,3,639.342773, 639.342834, 476.498993, 341.139191,149.243103, 1196.367432, 1.000000
5, 574,4,283.709564, 283.712128, 476.498993, 341.139191,149.243103, 1196.367432, 0.999991
5, 574,5,353.468964, 353.469147, 476.498993, 341.139191,149.243103, 1196.367432, 0.999999
5, 574,6,481.698669, 481.701202, 476.498993, 341.139191,149.243103, 1196.367432, 0.999995
5, 574,7,153.453049, 153.453140, 476.498993, 341.139191,149.243103, 1196.367432, 0.999999
5, 575,0,509.542572, 509.543243, 476.497650, 197.051285,145.185623, 684.901428, 0.999999
5, 575,1,145.185623, 145.184998, 476.497650, 197.051285,145.185623, 684.901428, 1.000004
5, 575,2,310.792816, 310.792572, 476.497650, 197.051285,145.185623, 684.901428, 1.000001
5, 575,3,541.169800, 541.174927, 476.497650, 197.051285,145.185623, 684.901428, 0.999991
5, 575,4,650.123840, 650.126160, 476.497650, 197.051285,145.185623, 684.901428, 0.999996
5, 575,5,651.831238, 651.831848, 476.497650, 197.051285,145.185623, 684.901428, 0.999999
5, 575,6,318.433807, 318.435974, 476.497650, 197.051285,145.185623, 684.901428, 0.999993
5, 575,7,684.901428, 684.910156, 476.497650, 197.051285,145.185623, 684.901428, 0.999987
5, 576,0,562.573914, 562.568237, 476.505798, 205.696609,219.664078, 885.957092, 1.000010
5, 576,1,284.699280, 284.691223, 476.505798, 205.696609,219.664078, 885.957092, 1.000028
5, 576,2,479.660980, 479.662384, 476.505798, 205.696609,219.664078, 885.957092, 0.999997
5, 576,3,219.664078, 219.663345, 476.505798, 205.696609,219.664078, 885.957092, 1.000003
5, 576,4,499.232086, 499.226929, 476.505798, 205.696609,219.664078, 885.957092, 1.000010
5, 576,5,352.982330, 352.979828, 476.505798, 205.696609,219.664078, 885.957092, 1.000007
5, 576,6,527.276611, 527.262024, 476.505798, 205.696609,219.664078, 885.957092, 1.000028
5, 576,7,885.957092, 885.945984, 476.505798, 205.696609,219.664078, 885.957092, 1.000013
5, 577,0,957.624695, 957.630859, 476.497345, 389.921906,19.343409, 981.479065, 0.999994
5, 577,1,454.338898, 454.329773, 476.497345, 389.921906,19.343409, 981.479065, 1.000020
5, 577,2,797.404236, 797.408142, 476.497345, 389.921906,19.343409, 981.479065, 0.999995
5, 577,3,151.172012, 151.172729, 476.497345, 389.921906,19.343409, 981.479065, 0.999995
5, 577,4,19.343409, 19.345825, 476.497345, 389.921906,19.343409, 981.479065, 0.999875
5, 577,5,96.286705, 96.292122, 476.497345, 389.921906,19.343409, 981.479065, 0.999944
5, 577,6,354.329498, 354.332428, 476.497345, 389.921906,19.343409, 981.479065, 0.999992
5, 577,7,981.479065, 981.488037, 476.497345, 389.921906,19.343409, 981.479065, 0.999991
5, 578,0,610.620300, 610.611877, 476.504120, 316.479736,16.114952, 906.819458, 1.000014
5, 578,1,223.064087, 223.066116, 476.504120, 316.479736,16.114952, 906.819458, 0.999991
5, 578,2,16.114952, 16.112709, 476.504120, 316.479736,16.114952, 906.819458, 1.000139
5, 578,3,268.066956, 268.070923, 476.504120, 316.479736,16.114952, 906.819458, 0.999985
5, 578,4,906.819458, 906.810852, 476.504120, 316.479736,16.114952, 906.819458, 1.000010
5, 578,5,828.621094, 828.606323, 476.504120, 316.479736,16.114952, 906.819458, 1.000018
5, 578,6,644.164124, 644.155334, 476.504120, 316.479736,16.114952, 906.819458, 1.000014
5, 578,7,314.562256, 314.565704, 476.504120, 316.479736,16.114952, 906.819458, 0.999989
5, 579,0,718.036011, 718.040405, 476.499573, 245.048599,12.391968, 718.036011, 0.999994
5, 579,1,517.459473, 517.458618, 476.499573, 245.048599,12.391968, 718.036011, 1.000002
5, 579,2,672.786133, 672.787231, 476.499573, 245.048599,12.391968, 718.036011, 0.999998
5, 579,3,209.695206, 209.692307, 476.499573, 245.048599,12.391968, 718.036011, 1.000014
5, 579,4,590.200989, 590.202881, 476.499573, 245.048599,12.391968, 718.036011, 0.999997
5, 579,5,466.007172, 466.006714, 476.499573, 245.048599,12.391968, 718.036011, 1.000001
5, 579,6,625.419617, 625.421448, 476.499573, 245.048599,12.391968, 718.036011, 0.999997
5, 579,7,12.391968, 12.390526, 476.499573, 245.048599,12.391968, 718.036011, 1.000116
5, 580,0,603.692566, 603.680237, 476.506134, 369.159119,57.264660, 979.232910, 1.000020
5, 580,1,979.232910, 979.229431, 476.506134, 369.159119,57.264660, 979.232910, 1.000004
5, 580,2,834.571655, 834.557861, 476.506134, 369.159119,57.264660, 979.232910, 1.000017
5, 580,3,787.267395, 787.258667, 476.506134, 369.159119,57.264660, 979.232910, 1.000011
5, 580,4,156.778244, 156.778458, 476.506134, 369.159119,57.264660, 979.232910, 0.999999
5, 580,5,83.496849, 83.494576, 476.506134, 369.159119,57.264660, 979.232910, 1.000027
5, 580,6,57.264660, 57.264069, 476.506134, 369.159119,57.264660, 979.232910, 1.000010
5, 580,7,309.744781, 309.737061, 476.506134, 369.159119,57.264660, 979.232910, 1.000025
5, 581,0,113.696892, 113.705780, 476.495300, 264.430206,113.696892, 818.590576, 0.999922
5, 581,1,492.819733, 492.821381, 476.495300, 264.430206,113.696892, 818.590576, 0.999997
5, 581,2,783.822815, 783.828796, 476.495300, 264.430206,113.696892, 818.590576, 0.999992
5, 581,3,114.069382, 114.070946, 476.495300, 264.430206,113.696892, 818.590576, 0.999986
5, 581,4,441.487518, 441.490112, 476.495300, 264.430206,113.696892, 818.590576, 0.999994
5, 581,5,456.458435, 456.461731, 476.495300, 264.430206,113.696892, 818.590576, 0.999993
5, 581,6,591.017151, 591.023682, 476.495300, 264.430206,113.696892, 818.590576, 0.999989
5, 581,7,818.590576, 818.597351, 476.495300, 264.430206,113.696892, 818.590576, 0.999992
5, 582,0,272.816650, 272.821747, 476.493652, 200.775513,198.992538, 793.012573, 0.999981
5, 582,1,793.012573, 793.021118, 476.493652, 200.775513,198.992538, 793.012573, 0.999989
5, 582,2,198.992538, 198.993210, 476.493652, 200.775513,198.992538, 793.012573, 0.999997
5, 582,3,583.377991, 583.384460, 476.493652, 200.775513,198.992538, 793.012573, 0.999989
5, 582,4,327.825409, 327.829803, 476.493652, 200.775513,198.992538, 793.012573, 0.999987
5, 582,5,619.614319, 619.621399, 476.493652, 200.775513,198.992538, 793.012573, 0.999989
5, 582,6,569.332214, 569.343079, 476.493652, 200.775513,198.992538, 793.012573, 0.999981
5, 582,7,446.977631, 446.985199, 476.493652, 200.775513,198.992538, 793.012573, 0.999983
5, 583,0,268.451752, 268.454163, 476.491547, 237.379456,81.714661, 767.870667, 0.999991
5, 583,1,427.604706, 427.610474, 476.491547, 237.379456,81.714661, 767.870667, 0.999987
5, 583,2,81.714661, 81.719162, 476.491547, 237.379456,81.714661, 767.870667, 0.999945
5, 583,3,701.143372, 701.155823, 476.491547, 237.379456,81.714661, 767.870667, 0.999982
5, 583,4,563.015015, 563.020996, 476.491547, 237.379456,81.714661, 767.870667, 0.999989
5, 583,5,344.766022, 344.777832, 476.491547, 237.379456,81.714661, 767.870667, 0.999966
5, 583,6,767.870667, 767.884705, 476.491547, 237.379456,81.714661, 767.870667, 0.999982
5, 583,7,657.366150, 657.377014, 476.491547, 237.379456,81.714661, 767.870667, 0.999983
5, 584,0,666.049011, 666.051697, 476.498169, 247.139877,159.754227, 816.260681, 0.999996
5, 584,1,672.582642, 672.584106, 476.498169, 247.139877,159.754227, 816.260681, 0.999998
5, 584,2,439.921204, 439.920441, 476.498169, 247.139877,159.754227, 816.260681, 1.000002
5, 584,3,159.754227, 159.758102, 476.498169, 247.139877,159.754227, 816.260681, 0.999976
5, 584,4,247.077209, 247.076462, 476.498169, 247.139877,159.754227, 816.260681, 1.000003
5, 584,5,213.786133, 213.789169, 476.498169, 247.139877,159.754227, 816.260681, 0.999986
5, 584,6,596.554077, 596.558350, 476.498169, 247.139877,159.754227, 816.260681, 0.999993
5, 584,7,816.260681, 816.261536, 476.498169, 247.139877,159.754227, 816.260681, 0.999999
5, 585,0,229.744156, 229.743286, 476.497162, 422.322906,14.613821, 1192.950562, 1.000004
5, 585,1,142.051315, 142.049576, 476.497162, 422.322906,14.613821, 1192.950562, 1.000012
5, 585,2,251.266190, 251.266785, 476.497162, 422.322906,14.613821, 1192.950562, 0.999998
5, 585,3,14.613821, 14.617373, 476.497162, 422.322906,14.613821, 1192.950562, 0.999757
5, 585,4,967.571655, 967.577576, 476.497162, 422.322906,14.613821, 1192.950562, 0.999994
5, 585,5,1192.950562, 1192.956299, 476.497162, 422.322906,14.613821, 1192.950562, 0.999995
5, 585,6,673.297363, 673.301880, 476.497162, 422.322906,14.613821, 1192.950562, 0.999993
5, 585,7,340.482086, 340.487518, 476.497162, 422.322906,14.613821, 1192.950562, 0.999984
5, 586,0,972.988159, 972.979309, 476.503021, 348.993286,80.693344, 972.988159, 1.000009
5, 586,1,642.139587, 642.135864, 476.503021, 348.993286,80.693344, 972.988159, 1.000006
5, 586,2,206.060684, 206.058792, 476.503021, 348.993286,80.693344, 972.988159, 1.000009
5, 586,3,84.704750, 84.703621, 476.503021, 348.993286,80.693344, 972.988159, 1.000013
5, 586,4,331.849915, 331.849670, 476.503021, 348.993286,80.693344, 972.988159, 1.000001
5, 586,5,627.856445, 627.849792, 476.503021, 348.993286,80.693344, 972.988159, 1.000011
5, 586,6,80.693344, 80.696190, 476.503021, 348.993286,80.693344, 972.988159, 0.999965
5, 586,7,865.731384, 865.726685, 476.503021, 348.993286,80.693344, 972.988159, 1.000005
5, 587,0,196.640213, 196.640335, 476.496521, 357.749237,52.665733, 1200.247314, 0.999999
5, 587,1,565.882202, 565.888184, 476.496521, 357.749237,52.665733, 1200.247314, 0.999989
5, 587,2,1200.247314, 1200.255493, 476.496521, 357.749237,52.665733, 1200.247314, 0.999993
5, 587,3,434.249939, 434.255920, 476.496521, 357.749237,52.665733, 1200.247314, 0.999986
5, 587,4,52.665733, 52.667564, 476.496521, 357.749237,52.665733, 1200.247314, 0.999965
5, 587,5,433.768372, 433.771942, 476.496521, 357.749237,52.665733, 1200.247314, 0.999992
5, 587,6,238.178894, 238.178711, 476.496521, 357.749237,52.665733, 1200.247314, 1.000001
5, 587,7,690.339294, 690.341980, 476.496521, 357.749237,52.665733, 1200.247314, 0.999996
5, 588,0,323.646759, 323.645630, 476.502441, 248.447357,97.817451, 791.994934, 1.000003
5, 588,1,610.860901, 610.859619, 476.502441, 248.447357,97.817451, 791.994934, 1.000002
5, 588,2,97.817451, 97.818405, 476.502441, 248.447357,97.817451, 791.994934, 0.999990
5, 588,3,607.718262, 607.711548, 476.502441, 248.447357,97.817451, 791.994934, 1.000011
5, 588,4,656.156799, 656.149841, 476.502441, 248.447357,97.817451, 791.994934, 1.000011
5, 588,5,791.994934, 791.990662, 476.502441, 248.447357,97.817451, 791.994934, 1.000005
5, 588,6,551.612732, 551.611206, 476.502441, 248.447357,97.817451, 791.994934, 1.000003
5, 588,7,172.211716, 172.213089, 476.502441, 248.447357,97.817451, 791.994934, 0.999992
5, 589,0,76.875488, 76.886818, 476.496368, 222.326706,76.875488, 766.340271, 0.999853
5, 589,1,526.519348, 526.520813, 476.496368, 222.326706,76.875488, 766.340271, 0.999997
5, 589,2,414.616302, 414.622284, 476.496368, 222.326706,76.875488, 766.340271, 0.999986
5, 589,3,668.640991, 668.641846, 476.496368, 222.326706,76.875488, 766.340271, 0.999999
5, 589,4,257.625061, 257.631531, 476.496368, 222.326706,76.875488, 766.340271, 0.999975
5, 589,5,558.944519, 558.944275, 476.496368, 222.326706,76.875488, 766.340271, 1.000000
5, 589,6,766.340271, 766.341736, 476.496368, 222.326706,76.875488, 766.340271, 0.999998
5, 589,7,542.408936, 542.410461, 476.496368, 222.326706,76.875488, 766.340271, 0.999997
5, 590,0,610.203064, 610.201843, 476.504517, 199.055634,177.504929, 735.244690, 1.000002
5, 590,1,177.504929, 177.503113, 476.504517, 199.055634,177.504929, 735.244690, 1.000010
5, 590,2,735.244690, 735.236023, 476.504517, 199.055634,177.504929, 735.244690, 1.000012
5, 590,3,310.049530, 310.053925, 476.504517, 199.055634,177.504929, 735.244690, 0.999986
5, 590,4,375.783691, 375.777374, 476.504517, 199.055634,177.504929, 735.244690, 1.000017
5, 590,5,438.639648, 438.635040, 476.504517, 199.055634,177.504929, 735.244690, 1.000010
5, 590,6,726.295166, 726.286560, 476.504517, 199.055634,177.504929, 735.244690, 1.000012
5, 590,7,438.315308, 438.306213, 476.504517, 199.055634,177.504929, 735.244690, 1.000021
5, 591,0,162.049667, 162.054169, 476.497040, 263.701538,23.775614, 835.481689, 0.999972
5, 591,1,585.443787, 585.446106, 476.497040, 263.701538,23.775614, 835.481689, 0.999996
5, 591,2,479.577942, 479.580139, 476.497040, 263.701538,23.775614, 835.481689, 0.999995
5, 591,3,658.144653, 658.145752, 476.497040, 263.701538,23.775614, 835.481689, 0.999998
5, 591,4,497.455231, 497.458282, 476.497040, 263.701538,23.775614, 835.481689, 0.999994
5, 591,5,570.047546, 570.050049, 476.497040, 263.701538,23.775614, 835.481689, 0.999996
5, 591,6,23.775614, 23.777325, 476.497040, 263.701538,23.775614, 835.481689, 0.999928
5, 591,7,835.481689, 835.488403, 476.497040, 263.701538,23.775614, 835.481689, 0.999992
5, 592,0,956.959839, 956.954712, 476.501678, 341.560486,48.522682, 1015.864868, 1.000005
5, 592,1,1015.864868, 1015.859680, 476.501678, 341.560486,48.522682, 1015.864868, 1.000005
5, 592,2,271.868927, 271.867371, 476.501678, 341.560486,48.522682, 1015.864868, 1.000006
5, 592,3,265.797729, 265.797150, 476.501678, 341.560486,48.522682, 1015.864868, 1.000002
5, 592,4,482.021240, 482.019196, 476.501678, 341.560486,48.522682, 1015.864868, 1.000004
5, 592,5,452.041931, 452.041077, 476.501678, 341.560486,48.522682, 1015.864868, 1.000002
5, 592,6,48.522682, 48.523872, 476.501678, 341.560486,48.522682, 1015.864868, 0.999975
5, 592,7,318.936249, 318.937073, 476.501678, 341.560486,48.522682, 1015.864868, 0.999997
5, 593,0,184.522263, 184.524979, 476.504852, 387.877441,125.102310, 1198.527344, 0.999985
5, 593,1,401.830780, 401.831299, 476.504852, 387.877441,125.102310, 1198.527344, 0.999999
5, 593,2,151.989548, 151.986420, 476.504852, 387.877441,125.102310, 1198.527344, 1.000021
5, 593,3,511.027222, 511.014282, 476.504852, 387.877441,125.102310, 1198.527344, 1.000025
5, 593,4,327.882965, 327.880066, 476.504852, 387.877441,125.102310, 1198.527344, 1.000009
5, 593,5,1198.527344, 1198.518311, 476.504852, 387.877441,125.102310, 1198.527344, 1.000008
5, 593,6,911.156128, 911.145752, 476.504852, 387.877441,125.102310, 1198.527344, 1.000011
5, 593,7,125.102310, 125.099075, 476.504852, 387.877441,125.102310, 1198.527344, 1.000026
5, 594,0,514.631287, 514.636597, 476.495361, 204.357742,163.547043, 682.810303, 0.999990
5, 594,1,509.492554, 509.493652, 476.495361, 204.357742,163.547043, 682.810303, 0.999998
5, 594,2,168.372726, 168.374756, 476.495361, 204.357742,163.547043, 682.810303, 0.999988
5, 594,3,682.810303, 682.822388, 476.495361, 204.357742,163.547043, 682.810303, 0.999982
5, 594,4,648.824341, 648.826477, 476.495361, 204.357742,163.547043, 682.810303, 0.999997
5, 594,5,163.547043, 163.548340, 476.495361, 204.357742,163.547043, 682.810303, 0.999992
5, 594,6,632.786865, 632.791260, 476.495361, 204.357742,163.547043, 682.810303, 0.999993
5, 594,7,491.497894, 491.506714, 476.495361, 204.357742,163.547043, 682.810303, 0.999982
5, 595,0,50.738659, 50.740818, 476.494843, 424.711395,50.035858, 1162.769531, 0.999957
5, 595,1,50.035858, 50.034809, 476.494843, 424.711395,50.035858, 1162.769531, 1.000021
5, 595,2,259.265076, 259.262360, 476.494843, 424.711395,50.035858, 1162.769531, 1.000010
5, 595,3,755.821777, 755.835205, 476.494843, 424.711395,50.035858, 1162.769531, 0.999982
5, 595,4,863.096008, 863.106873, 476.494843, 424.711395,50.035858, 1162.769531, 0.999987
5, 595,5,573.759094, 573.768127, 476.494843, 424.711395,50.035858, 1162.769531, 0.999984
5, 595,6,1162.769531, 1162.786499, 476.494843, 424.711395,50.035858, 1162.769531, 0.999985
5, 595,7,96.472855, 96.465218, 476.494843, 424.711395,50.035858, 1162.769531, 1.000079
5, 596,0,628.612488, 628.618469, 476.494446, 307.648865,118.515617, 910.396118, 0.999990
5, 596,1,178.689560, 178.680832, 476.494446, 307.648865,118.515617, 910.396118, 1.000049
5, 596,2,795.967896, 795.974915, 476.494446, 307.648865,118.515617, 910.396118, 0.999991
5, 596,3,118.515617, 118.518181, 476.494446, 307.648865,118.515617, 910.396118, 0.999978
5, 596,4,311.736542, 311.743134, 476.494446, 307.648865,118.515617, 910.396118, 0.999979
5, 596,5,659.263977, 659.277466, 476.494446, 307.648865,118.515617, 910.396118, 0.999980
5, 596,6,910.396118, 910.410645, 476.494446, 307.648865,118.515617, 910.396118, 0.999984
5, 596,7,208.773453, 208.776245, 476.494446, 307.648865,118.515617, 910.396118, 0.999987
5, 597,0,75.773453, 75.771339, 476.499634, 414.685699,57.406185, 1109.665039, 1.000028
5, 597,1,305.335358, 305.334229, 476.499634, 414.685699,57.406185, 1109.665039, 1.000004
5, 597,2,270.128021, 270.127502, 476.499634, 414.685699,57.406185, 1109.665039, 1.000002
5, 597,3,1109.665039, 1109.667114, 476.499634, 414.685699,57.406185, 1109.665039, 0.999998
5, 597,4,1094.959473, 1094.960083, 476.499634, 414.685699,57.406185, 1109.665039, 0.999999
5, 597,5,375.952118, 375.953186, 476.499634, 414.685699,57.406185, 1109.665039, 0.999997
5, 597,6,57.406185, 57.407948, 476.499634, 414.685699,57.406185, 1109.665039, 0.999969
5, 597,7,522.777344, 522.778137, 476.499634, 414.685699,57.406185, 1109.665039, 0.999999
5, 598,0,686.744202, 686.750122, 476.495636, 292.674164,61.808826, 1062.100342, 0.999991
5, 598,1,406.249023, 406.250580, 476.495636, 292.674164,61.808826, 1062.100342, 0.999996
5, 598,2,341.345306, 341.347443, 476.495636, 292.674164,61.808826, 1062.100342, 0.999994
5, 598,3,469.654816, 469.659180, 476.495636, 292.674164,61.808826, 1062.100342, 0.999991
5, 598,4,1062.100342, 1062.113647, 476.495636, 292.674164,61.808826, 1062.100342, 0.999987
5, 598,5,430.691406, 430.695953, 476.495636, 292.674164,61.808826, 1062.100342, 0.999989
5, 598,6,61.808826, 61.808620, 476.495636, 292.674164,61.808826, 1062.100342, 1.000003
5, 598,7,353.371185, 353.374481, 476.495636, 292.674164,61.808826, 1062.100342, 0.999991
5, 599,0,578.005554, 578.013245, 476.495483, 195.212814,236.933060, 700.974182, 0.999987
5, 599,1,236.933060, 236.935669, 476.495483, 195.212814,236.933060, 700.974182, 0.999989
5, 599,2,579.629822, 579.630859, 476.495483, 195.212814,236.933060, 700.974182, 0.999998
5, 599,3,565.361511, 565.366211, 476.495483, 195.212814,236.933060, 700.974182, 0.999992
5, 599,4,248.571060, 248.577789, 476.495483, 195.212814,236.933060, 700.974182, 0.999973
5, 599,5,255.141724, 255.146439, 476.495483, 195.212814,236.933060, 700.974182, 0.999982
5, 599,6,700.974182, 700.978638, 476.495483, 195.212814,236.933060, 700.974182, 0.999994
5, 599,7,647.347107, 647.351318, 476.495483, 195.212814,236.933060, 700.974182, 0.999994
5, 600,0,540.325134, 540.318726, 476.503540, 192.618149,96.915527, 758.900208, 1.000012
5, 600,1,758.900208, 758.886414, 476.503540, 192.618149,96.915527, 758.900208, 1.000018
5, 600,2,497.361481, 497.360077, 476.503540, 192.618149,96.915527, 758.900208, 1.000003
5, 600,3,354.209564, 354.211761, 476.503540, 192.618149,96.915527, 758.900208, 0.999994
5, 600,4,96.915527, 96.908104, 476.503540, 192.618149,96.915527, 758.900208, 1.000077
5, 600,5,583.844421, 583.843567, 476.503540, 192.618149,96.915527, 758.900208, 1.000001
5, 600,6,442.727753, 442.724060, 476.503540, 192.618149,96.915527, 758.900208, 1.000008
5, 600,7,537.744019, 537.747314, 476.503540, 192.618149,96.915527, 758.900208, 0.999994
5, 601,0,896.082153, 896.080688, 476.500366, 292.638763,129.328156, 896.082153, 1.000002
5, 601,1,251.582169, 251.582001, 476.500366, 292.638763,129.328156, 896.082153, 1.000001
5, 601,2,434.488373, 434.489410, 476.500366, 292.638763,129.328156, 896.082153, 0.999998
5, 601,3,198.815155, 198.815536, 476.500366, 292.638763,129.328156, 896.082153, 0.999998
5, 601,4,129.328156, 129.327515, 476.500366, 292.638763,129.328156, 896.082153, 1.000005
5, 601,5,847.542725, 847.542053, 476.500366, 292.638763,129.328156, 896.082153, 1.000001
5, 601,6,403.322235, 403.322815, 476.500366, 292.638763,129.328156, 896.082153, 0.999999
5, 601,7,650.841858, 650.839966, 476.500366, 292.638763,129.328156, 896.082153, 1.000003
5, 602,0,341.139099, 341.132019, 476.495300, 205.260483,240.730652, 799.494873, 1.000021
5, 602,1,799.494873, 799.510742, 476.495300, 205.260483,240.730652, 799.494873, 0.999980
5, 602,2,240.730652, 240.733780, 476.495300, 205.260483,240.730652, 799.494873, 0.999987
5, 602,3,374.804626, 374.818115, 476.495300, 205.260483,240.730652, 799.494873, 0.999964
5, 602,4,581.101257, 581.105713, 476.495300, 205.260483,240.730652, 799.494873, 0.999992
5, 602,5,243.187271, 243.188950, 476.495300, 205.260483,240.730652, 799.494873, 0.999993
5, 602,6,582.683533, 582.689697, 476.495300, 205.260483,240.730652, 799.494873, 0.999989
5, 602,7,648.820679, 648.821045, 476.495300, 205.260483,240.730652, 799.494873, 0.999999
5, 603,0,374.108826, 374.108917, 476.500702, 141.995621,355.591736, 715.818787, 1.000000
5, 603,1,356.875519, 356.876007, 476.500702, 141.995621,355.591736, 715.818787, 0.999999
5, 603,2,400.567139, 400.568176, 476.500702, 141.995621,355.591736, 715.818787, 0.999997
5, 603,3,408.152863, 408.153320, 476.500702, 141.995621,355.591736, 715.818787, 0.999999
5, 603,4,715.818787, 715.817261, 476.500702, 141.995621,355.591736, 715.818787, 1.000002
5, 603,5,559.880371, 559.878296, 476.500702, 141.995621,355.591736, 715.818787, 1.000004
5, 603,6,355.591736, 355.589630, 476.500702, 141.995621,355.591736, 715.818787, 1.000006
5, 603,7,641.010254, 641.008301, 476.500702, 141.995621,355.591736, 715.818787, 1.000003
5, 604,0,193.683334, 193.683243, 476.498413, 261.544556,117.295273, 791.264465, 1.000000
5, 604,1,486.832001, 486.832703, 476.498413, 261.544556,117.295273, 791.264465, 0.999999
5, 604,2,791.264465, 791.267090, 476.498413, 261.544556,117.295273, 791.264465, 0.999997
5, 604,3,360.321106, 360.322906, 476.498413, 261.544556,117.295273, 791.264465, 0.999995
5, 604,4,374.188019, 374.190155, 476.498413, 261.544556,117.295273, 791.264465, 0.999994
5, 604,5,703.283447, 703.286011, 476.498413, 261.544556,117.295273, 791.264465, 0.999996
5, 604,6,117.295273, 117.297035, 476.498413, 261.544556,117.295273, 791.264465, 0.999985
5, 604,7,785.119812, 785.121033, 476.498413, 261.544556,117.295273, 791.264465, 0.999998
5, 605,0,644.931152, 644.943298, 476.492859, 338.663086,71.104622, 1061.014038, 0.999981
5, 605,1,71.104622, 71.110641, 476.492859, 338.663086,71.104622, 1061.014038, 0.999915
5, 605,2,434.543152, 434.548126, 476.492859, 338.663086,71.104622, 1061.014038, 0.999989
5, 605,3,777.100037, 777.109314, 476.492859, 338.663086,71.104622, 1061.014038, 0.999988
5, 605,4,265.063690, 265.070496, 476.492859, 338.663086,71.104622, 1061.014038, 0.999974
5, 605,5,115.214195, 115.216576, 476.492859, 338.663086,71.104622, 1061.014038, 0.999979
5, 605,6,442.971863, 442.974548, 476.492859, 338.663086,71.104622, 1061.014038, 0.999994
5, 605,7,1061.014038, 1061.027100, 476.492859, 338.663086,71.104622, 1061.014038, 0.999988
5, 606,0,22.456490, 22.459530, 476.500580, 305.145325,22.456490, 945.525757, 0.999865
5, 606,1,573.360535, 573.361389, 476.500580, 305.145325,22.456490, 945.525757, 0.999999
5, 606,2,945.525757, 945.523621, 476.500580, 305.145325,22.456490, 945.525757, 1.000002
5, 606,3,99.122360, 99.122704, 476.500580, 305.145325,22.456490, 945.525757, 0.999997
5, 606,4,720.759888, 720.757935, 476.500580, 305.145325,22.456490, 945.525757, 1.000003
5, 606,5,413.119293, 413.116974, 476.500580, 305.145325,22.456490, 945.525757, 1.000006
5, 606,6,576.256226, 576.255615, 476.500580, 305.145325,22.456490, 945.525757, 1.000001
5, 606,7,461.404114, 461.402039, 476.500580, 305.145325,22.456490, 945.525757, 1.000005
5, 607,0,149.589600, 149.588791, 476.504608, 268.711853,100.906174, 793.638306, 1.000005
5, 607,1,563.303223, 563.300354, 476.504608, 268.711853,100.906174, 793.638306, 1.000005
5, 607,2,793.638306, 793.632690, 476.504608, 268.711853,100.906174, 793.638306, 1.000007
5, 607,3,644.132202, 644.123474, 476.504608, 268.711853,100.906174, 793.638306, 1.000014
5, 607,4,100.906174, 100.905716, 476.504608, 268.711853,100.906174, 793.638306, 1.000005
5, 607,5,593.130005, 593.115662, 476.504608, 268.711853,100.906174, 793.638306, 1.000024
5, 607,6,251.737717, 251.739456, 476.504608, 268.711853,100.906174, 793.638306, 0.999993
5, 607,7,715.599365, 715.593811, 476.504608, 268.711853,100.906174, 793.638306, 1.000008
5, 608,0,879.377075, 879.369324, 476.500671, 298.773956,52.427689, 879.377075, 1.000009
5, 608,1,52.427689, 52.433853, 476.500671, 298.773956,52.427689, 879.377075, 0.999882
5, 608,2,658.754150, 658.750916, 476.500671, 298.773956,52.427689, 879.377075, 1.000005
5, 608,3,235.112885, 235.111984, 476.500671, 298.773956,52.427689, 879.377075, 1.000004
5, 608,4,746.792542, 746.793823, 476.500671, 298.773956,52.427689, 879.377075, 0.999998
5, 608,5,467.838806, 467.838959, 476.500671, 298.773956,52.427689, 879.377075, 1.000000
5, 608,6,160.393723, 160.388596, 476.500671, 298.773956,52.427689, 879.377075, 1.000032
5, 608,7,611.308289, 611.312195, 476.500671, 298.773956,52.427689, 879.377075, 0.999994
5, 609,0,504.702942, 504.696350, 476.506744, 335.767487,33.827480, 888.039429, 1.000013
5, 609,1,888.039429, 888.028259, 476.506744, 335.767487,33.827480, 888.039429, 1.000013
5, 609,2,773.805298, 773.794006, 476.506744, 335.767487,33.827480, 888.039429, 1.000015
5, 609,3,142.618469, 142.607437, 476.506744, 335.767487,33.827480, 888.039429, 1.000077
5, 609,4,862.517578, 862.508423, 476.506744, 335.767487,33.827480, 888.039429, 1.000011
5, 609,5,219.109772, 219.110626, 476.506744, 335.767487,33.827480, 888.039429, 0.999996
5, 609,6,387.432800, 387.423279, 476.506744, 335.767487,33.827480, 888.039429, 1.000025
5, 609,7,33.827480, 33.831635, 476.506744, 335.767487,33.827480, 888.039429, 0.999877
5, 610,0,1030.259888, 1030.262695, 476.500305, 311.087311,50.215160, 1030.259888, 0.999997
5, 610,1,50.215160, 50.213261, 476.500305, 311.087311,50.215160, 1030.259888, 1.000038
5, 610,2,290.550232, 290.548645, 476.500305, 311.087311,50.215160, 1030.259888, 1.000005
5, 610,3,706.177917, 706.178894, 476.500305, 311.087311,50.215160, 1030.259888, 0.999999
5, 610,4,323.314026, 323.313721, 476.500305, 311.087311,50.215160, 1030.259888, 1.000001
5, 610,5,380.767365, 380.766205, 476.500305, 311.087311,50.215160, 1030.259888, 1.000003
5, 610,6,697.125732, 697.122131, 476.500305, 311.087311,50.215160, 1030.259888, 1.000005
5, 610,7,333.591919, 333.594330, 476.500305, 311.087311,50.215160, 1030.259888, 0.999993
5, 611,0,677.618958, 677.611816, 476.503265, 261.004547,51.061539, 806.067139, 1.000010
5, 611,1,425.971100, 425.971069, 476.503265, 261.004547,51.061539, 806.067139, 1.000000
5, 611,2,512.528503, 512.520142, 476.503265, 261.004547,51.061539, 806.067139, 1.000016
5, 611,3,674.669128, 674.664673, 476.503265, 261.004547,51.061539, 806.067139, 1.000007
5, 611,4,51.061539, 51.064159, 476.503265, 261.004547,51.061539, 806.067139, 0.999949
5, 611,5,156.055710, 156.057739, 476.503265, 261.004547,51.061539, 806.067139, 0.999987
5, 611,6,806.067139, 806.060059, 476.503265, 261.004547,51.061539, 806.067139, 1.000009
5, 611,7,508.053986, 508.050262, 476.503265, 261.004547,51.061539, 806.067139, 1.000007
5, 612,0,140.481781, 140.479919, 476.496307, 280.857849,140.481781, 854.513611, 1.000013
5, 612,1,315.200256, 315.204132, 476.496307, 280.857849,140.481781, 854.513611, 0.999988
5, 612,2,791.395508, 791.410095, 476.496307, 280.857849,140.481781, 854.513611, 0.999982
5, 612,3,258.389343, 258.388580, 476.496307, 280.857849,140.481781, 854.513611, 1.000003
5, 612,4,854.513611, 854.527649, 476.496307, 280.857849,140.481781, 854.513611, 0.999984
5, 612,5,768.223083, 768.226746, 476.496307, 280.857849,140.481781, 854.513611, 0.999995
5, 612,6,375.578278, 375.578857, 476.496307, 280.857849,140.481781, 854.513611, 0.999998
5, 612,7,308.188446, 308.183807, 476.496307, 280.857849,140.481781, 854.513611, 1.000015
5, 613,0,551.512329, 551.505432, 476.507263, 380.553741,97.750107, 1188.703125, 1.000013
5, 613,1,216.289017, 216.280487, 476.507263, 380.553741,97.750107, 1188.703125, 1.000039
5, 613,2,813.731323, 813.720520, 476.507263, 380.553741,97.750107, 1188.703125, 1.000013
5, 613,3,1188.703125, 1188.685425, 476.507263, 380.553741,97.750107, 1188.703125, 1.000015
5, 613,4,142.738724, 142.734665, 476.507263, 380.553741,97.750107, 1188.703125, 1.000028
5, 613,5,237.719284, 237.720184, 476.507263, 380.553741,97.750107, 1188.703125, 0.999996
5, 613,6,563.614319, 563.603577, 476.507263, 380.553741,97.750107, 1188.703125, 1.000019
5, 613,7,97.750107, 97.749611, 476.507263, 380.553741,97.750107, 1188.703125, 1.000005
5, 614,0,927.560120, 927.580200, 476.495270, 356.717529,65.059151, 1061.445557, 0.999978
5, 614,1,342.856232, 342.857697, 476.495270, 356.717529,65.059151, 1061.445557, 0.999996
5, 614,2,617.179932, 617.184082, 476.495270, 356.717529,65.059151, 1061.445557, 0.999993
5, 614,3,323.546753, 323.544037, 476.495270, 356.717529,65.059151, 1061.445557, 1.000008
5, 614,4,65.059151, 65.055466, 476.495270, 356.717529,65.059151, 1061.445557, 1.000057
5, 614,5,226.777084, 226.778854, 476.495270, 356.717529,65.059151, 1061.445557, 0.999992
5, 614,6,247.537323, 247.535339, 476.495270, 356.717529,65.059151, 1061.445557, 1.000008
5, 614,7,1061.445557, 1061.464355, 476.495270, 356.717529,65.059151, 1061.445557, 0.999982
5, 615,0,82.250130, 82.245590, 476.502197, 300.708435,82.250130, 874.739380, 1.000055
5, 615,1,703.816528, 703.813782, 476.502197, 300.708435,82.250130, 874.739380, 1.000004
5, 615,2,282.887909, 282.885742, 476.502197, 300.708435,82.250130, 874.739380, 1.000008
5, 615,3,524.219727, 524.218628, 476.502197, 300.708435,82.250130, 874.739380, 1.000002
5, 615,4,88.417435, 88.416443, 476.502197, 300.708435,82.250130, 874.739380, 1.000011
5, 615,5,752.539063, 752.540344, 476.502197, 300.708435,82.250130, 874.739380, 0.999998
5, 615,6,503.147552, 503.144562, 476.502197, 300.708435,82.250130, 874.739380, 1.000006
5, 615,7,874.739380, 874.734863, 476.502197, 300.708435,82.250130, 874.739380, 1.000005
5, 616,0,155.188721, 155.189682, 476.493652, 220.300156,155.188721, 842.148682, 0.999994
5, 616,1,842.148682, 842.159180, 476.493652, 220.300156,155.188721, 842.148682, 0.999988
5, 616,2,214.265244, 214.266312, 476.493652, 220.300156,155.188721, 842.148682, 0.999995
5, 616,3,588.587280, 588.602478, 476.493652, 220.300156,155.188721, 842.148682, 0.999974
5, 616,4,606.842163, 606.847961, 476.493652, 220.300156,155.188721, 842.148682, 0.999990
5, 616,5,494.823853, 494.831818, 476.493652, 220.300156,155.188721, 842.148682, 0.999984
5, 616,6,414.988495, 414.994110, 476.493652, 220.300156,155.188721, 842.148682, 0.999986
5, 616,7,495.104645, 495.108276, 476.493652, 220.300156,155.188721, 842.148682, 0.999993
5, 617,0,1140.112671, 1140.119141, 476.494965, 354.404785,59.259876, 1140.112671, 0.999994
5, 617,1,776.498047, 776.508972, 476.494965, 354.404785,59.259876, 1140.112671, 0.999986
5, 617,2,170.179779, 170.180023, 476.494965, 354.404785,59.259876, 1140.112671, 0.999999
5, 617,3,223.469864, 223.477356, 476.494965, 354.404785,59.259876, 1140.112671, 0.999967
5, 617,4,561.732605, 561.735229, 476.494965, 354.404785,59.259876, 1140.112671, 0.999995
5, 617,5,59.259876, 59.264004, 476.494965, 354.404785,59.259876, 1140.112671, 0.999930
5, 617,6,499.579254, 499.579010, 476.494965, 354.404785,59.259876, 1140.112671, 1.000000
5, 617,7,381.127441, 381.136566, 476.494965, 354.404785,59.259876, 1140.112671, 0.999976
5, 618,0,151.454010, 151.454956, 476.498199, 246.369751,151.454010, 864.337524, 0.999994
5, 618,1,864.337524, 864.341064, 476.498199, 246.369751,151.454010, 864.337524, 0.999996
5, 618,2,430.665222, 430.665039, 476.498199, 246.369751,151.454010, 864.337524, 1.000000
5, 618,3,454.126740, 454.127838, 476.498199, 246.369751,151.454010, 864.337524, 0.999998
5, 618,4,281.224792, 281.224762, 476.498199, 246.369751,151.454010, 864.337524, 1.000000
5, 618,5,284.213043, 284.215424, 476.498199, 246.369751,151.454010, 864.337524, 0.999992
5, 618,6,756.333862, 756.338257, 476.498199, 246.369751,151.454010, 864.337524, 0.999994
5, 618,7,589.630127, 589.632324, 476.498199, 246.369751,151.454010, 864.337524, 0.999996
5, 619,0,758.248901, 758.245361, 476.501770, 271.397400,58.256710, 796.800232, 1.000005
5, 619,1,540.860657, 540.858887, 476.501770, 271.397400,58.256710, 796.800232, 1.000003
5, 619,2,58.256710, 58.255077, 476.501770, 271.397400,58.256710, 796.800232, 1.000028
5, 619,3,486.295288, 486.293579, 476.501770, 271.397400,58.256710, 796.800232, 1.000003
5, 619,4,329.993256, 329.994812, 476.501770, 271.397400,58.256710, 796.800232, 0.999995
5, 619,5,169.004166, 169.003128, 476.501770, 271.397400,58.256710, 796.800232, 1.000006
5, 619,6,796.800232, 796.796387, 476.501770, 271.397400,58.256710, 796.800232, 1.000005
5, 619,7,672.554993, 672.552795, 476.501770, 271.397400,58.256710, 796.800232, 1.000003
5, 620,0,51.692719, 51.694492, 476.504822, 275.495697,51.692719, 804.053345, 0.999966
5, 620,1,374.610535, 374.610718, 476.504822, 275.495697,51.692719, 804.053345, 1.000000
5, 620,2,201.578751, 201.574127, 476.504822, 275.495697,51.692719, 804.053345, 1.000023
5, 620,3,791.778015, 791.764282, 476.504822, 275.495697,51.692719, 804.053345, 1.000017
5, 620,4,711.155579, 711.147034, 476.504822, 275.495697,51.692719, 804.053345, 1.000012
5, 620,5,427.838928, 427.839020, 476.504822, 275.495697,51.692719, 804.053345, 1.000000
5, 620,6,449.330719, 449.327026, 476.504822, 275.495697,51.692719, 804.053345, 1.000008
5, 620,7,804.053345, 804.043152, 476.504822, 275.495697,51.692719, 804.053345, 1.000013
5, 621,0,395.160706, 395.158081, 476.503784, 289.474548,113.753761, 874.404541, 1.000007
5, 621,1,218.423706, 218.424820, 476.503784, 289.474548,113.753761, 874.404541, 0.999995
5, 621,2,455.804382, 455.799805, 476.503784, 289.474548,113.753761, 874.404541, 1.000010
5, 621,3,113.753761, 113.755516, 476.503784, 289.474548,113.753761, 874.404541, 0.999985
5, 621,4,874.404541, 874.393921, 476.503784, 289.474548,113.753761, 874.404541, 1.000012
5, 621,5,257.384979, 257.385040, 476.503784, 289.474548,113.753761, 874.404541, 1.000000
5, 621,6,632.412964, 632.408508, 476.503784, 289.474548,113.753761, 874.404541, 1.000007
5, 621,7,864.685181, 864.674683, 476.503784, 289.474548,113.753761, 874.404541, 1.000012
5, 622,0,430.865692, 430.868103, 476.501190, 341.698700,118.818069, 1035.504639, 0.999994
5, 622,1,1035.504639, 1035.504761, 476.501190, 341.698700,118.818069, 1035.504639, 1.000000
5, 622,2,118.818069, 118.817612, 476.501190, 341.698700,118.818069, 1035.504639, 1.000004
5, 622,3,429.499847, 429.496429, 476.501190, 341.698700,118.818069, 1035.504639, 1.000008
5, 622,4,172.573700, 172.573242, 476.501190, 341.698700,118.818069, 1035.504639, 1.000003
5, 622,5,119.276405, 119.274818, 476.501190, 341.698700,118.818069, 1035.504639, 1.000013
5, 622,6,752.653931, 752.650757, 476.501190, 341.698700,118.818069, 1035.504639, 1.000004
5, 622,7,752.817078, 752.814026, 476.501190, 341.698700,118.818069, 1035.504639, 1.000004
5, 623,0,444.138733, 444.133148, 476.504883, 189.274826,246.516312, 779.272949, 1.000013
5, 623,1,246.516312, 246.521164, 476.504883, 189.274826,246.516312, 779.272949, 0.999980
5, 623,2,613.426025, 613.413025, 476.504883, 189.274826,246.516312, 779.272949, 1.000021
5, 623,3,459.464600, 459.463898, 476.504883, 189.274826,246.516312, 779.272949, 1.000002
5, 623,4,779.272949, 779.270203, 476.504883, 189.274826,246.516312, 779.272949, 1.000004
5, 623,5,329.288696, 329.283386, 476.504883, 189.274826,246.516312, 779.272949, 1.000016
5, 623,6,290.566772, 290.564331, 476.504883, 189.274826,246.516312, 779.272949, 1.000008
5, 623,7,649.364685, 649.351074, 476.504883, 189.274826,246.516312, 779.272949, 1.000021
5, 624,0,224.554688, 224.554764, 476.499908, 517.956604,15.817348, 1578.275146, 1.000000
5, 624,1,1578.275146, 1578.274414, 476.499908, 517.956604,15.817348, 1578.275146, 1.000000
5, 624,2,511.090363, 511.093842, 476.499908, 517.956604,15.817348, 1578.275146, 0.999993
5, 624,3,145.856964, 145.858582, 476.499908, 517.956604,15.817348, 1578.275146, 0.999989
5, 624,4,278.583557, 278.584961, 476.499908, 517.956604,15.817348, 1578.275146, 0.999995
5, 624,5,187.476959, 187.471909, 476.499908, 517.956604,15.817348, 1578.275146, 1.000027
5, 624,6,870.344177, 870.344421, 476.499908, 517.956604,15.817348, 1578.275146, 1.000000
5, 624,7,15.817348, 15.816917, 476.499908, 517.956604,15.817348, 1578.275146, 1.000027
5, 625,0,807.723572, 807.720276, 476.499817, 288.070313,123.749229, 807.723572, 1.000004
5, 625,1,173.852859, 173.852982, 476.499817, 288.070313,123.749229, 807.723572, 0.999999
5, 625,2,729.992920, 729.996094, 476.499817, 288.070313,123.749229, 807.723572, 0.999996
5, 625,3,712.664612, 712.666199, 476.499817, 288.070313,123.749229, 807.723572, 0.999998
5, 625,4,123.749229, 123.747536, 476.499817, 288.070313,123.749229, 807.723572, 1.000014
5, 625,5,218.851334, 218.851166, 476.499817, 288.070313,123.749229, 807.723572, 1.000001
5, 625,6,702.153442, 702.154236, 476.499817, 288.070313,123.749229, 807.723572, 0.999999
5, 625,7,343.010834, 343.011536, 476.499817, 288.070313,123.749229, 807.723572, 0.999998
5, 626,0,489.712128, 489.709991, 476.502899, 93.323456,368.770355, 612.303406, 1.000004
5, 626,1,547.363098, 547.361511, 476.502899, 93.323456,368.770355, 612.303406, 1.000003
5, 626,2,428.693665, 428.689209, 476.502899, 93.323456,368.770355, 612.303406, 1.000010
5, 626,3,386.190552, 386.188263, 476.502899, 93.323456,368.770355, 612.303406, 1.000006
5, 626,4,612.303406, 612.302002, 476.502899, 93.323456,368.770355, 612.303406, 1.000002
5, 626,5,403.061646, 403.056519, 476.502899, 93.323456,368.770355, 612.303406, 1.000013
5, 626,6,575.928650, 575.923035, 476.502899, 93.323456,368.770355, 612.303406, 1.000010
5, 626,7,368.770355, 368.769501, 476.502899, 93.323456,368.770355, 612.303406, 1.000002
5, 627,0,691.556274, 691.567078, 476.495483, 222.780121,185.463654, 691.760803, 0.999984
5, 627,1,532.947266, 532.952148, 476.495483, 222.780121,185.463654, 691.760803, 0.999991
5, 627,2,691.760803, 691.765808, 476.495483, 222.780121,185.463654, 691.760803, 0.999993
5, 627,3,285.620117, 285.621552, 476.495483, 222.780121,185.463654, 691.760803, 0.999995
5, 627,4,679.413269, 679.420227, 476.495483, 222.780121,185.463654, 691.760803, 0.999990
5, 627,5,556.643494, 556.649414, 476.495483, 222.780121,185.463654, 691.760803, 0.999989
5, 627,6,185.463654, 185.465805, 476.495483, 222.780121,185.463654, 691.760803, 0.999988
5, 627,7,188.558868, 188.557709, 476.495483, 222.780121,185.463654, 691.760803, 1.000006
5, 628,0,139.734253, 139.730621, 476.503052, 283.927612,39.065891, 809.249084, 1.000026
5, 628,1,343.050476, 343.046265, 476.503052, 283.927612,39.065891, 809.249084, 1.000012
5, 628,2,712.158752, 712.151184, 476.503052, 283.927612,39.065891, 809.249084, 1.000011
5, 628,3,809.249084, 809.247742, 476.503052, 283.927612,39.065891, 809.249084, 1.000002
5, 628,4,39.065891, 39.065643, 476.503052, 283.927612,39.065891, 809.249084, 1.000006
5, 628,5,513.125671, 513.123413, 476.503052, 283.927612,39.065891, 809.249084, 1.000004
5, 628,6,746.861328, 746.857300, 476.503052, 283.927612,39.065891, 809.249084, 1.000005
5, 628,7,508.778900, 508.777985, 476.503052, 283.927612,39.065891, 809.249084, 1.000002
5, 629,0,66.005310, 66.002548, 476.505127, 457.136566,66.005310, 1309.415527, 1.000042
5, 629,1,173.892929, 173.886246, 476.505127, 457.136566,66.005310, 1309.415527, 1.000038
5, 629,2,229.694519, 229.694824, 476.505127, 457.136566,66.005310, 1309.415527, 0.999999
5, 629,3,1309.415527, 1309.404541, 476.505127, 457.136566,66.005310, 1309.415527, 1.000008
5, 629,4,677.228821, 677.230347, 476.505127, 457.136566,66.005310, 1309.415527, 0.999998
5, 629,5,334.862305, 334.863251, 476.505127, 457.136566,66.005310, 1309.415527, 0.999997
5, 629,6,71.484871, 71.481583, 476.505127, 457.136566,66.005310, 1309.415527, 1.000046
5, 629,7,949.456726, 949.436646, 476.505127, 457.136566,66.005310, 1309.415527, 1.000021
5, 630,0,412.813934, 412.810913, 476.503845, 257.834503,91.155777, 854.431274, 1.000007
5, 630,1,91.155777, 91.153145, 476.503845, 257.834503,91.155777, 854.431274, 1.000029
5, 630,2,467.224640, 467.221436, 476.503845, 257.834503,91.155777, 854.431274, 1.000007
5, 630,3,236.089020, 236.088669, 476.503845, 257.834503,91.155777, 854.431274, 1.000001
5, 630,4,358.219421, 358.221313, 476.503845, 257.834503,91.155777, 854.431274, 0.999995
5, 630,5,725.163940, 725.156494, 476.503845, 257.834503,91.155777, 854.431274, 1.000010
5, 630,6,854.431274, 854.422546, 476.503845, 257.834503,91.155777, 854.431274, 1.000010
5, 630,7,666.933044, 666.925659, 476.503845, 257.834503,91.155777, 854.431274, 1.000011
5, 631,0,199.891006, 199.899429, 476.493469, 305.479797,77.124458, 772.946472, 0.999958
5, 631,1,552.337585, 552.344360, 476.493469, 305.479797,77.124458, 772.946472, 0.999988
5, 631,2,691.829346, 691.831909, 476.493469, 305.479797,77.124458, 772.946472, 0.999996
5, 631,3,724.260925, 724.270874, 476.493469, 305.479797,77.124458, 772.946472, 0.999986
5, 631,4,78.096466, 78.092590, 476.493469, 305.479797,77.124458, 772.946472, 1.000050
5, 631,5,772.946472, 772.958496, 476.493469, 305.479797,77.124458, 772.946472, 0.999984
5, 631,6,77.124458, 77.128189, 476.493469, 305.479797,77.124458, 772.946472, 0.999952
5, 631,7,715.461426, 715.474304, 476.493469, 305.479797,77.124458, 772.946472, 0.999982
5, 632,0,289.791168, 289.792694, 476.497559, 263.154114,21.361551, 874.771057, 0.999995
5, 632,1,681.185974, 681.192566, 476.497559, 263.154114,21.361551, 874.771057, 0.999990
5, 632,2,595.211426, 595.211731, 476.497559, 263.154114,21.361551, 874.771057, 0.999999
5, 632,3,581.073303, 581.075256, 476.497559, 263.154114,21.361551, 874.771057, 0.999997
5, 632,4,394.065216, 394.073486, 476.497559, 263.154114,21.361551, 874.771057, 0.999979
5, 632,5,21.361551, 21.360828, 476.497559, 263.154114,21.361551, 874.771057, 1.000034
5, 632,6,874.771057, 874.778564, 476.497559, 263.154114,21.361551, 874.771057, 0.999991
5, 632,7,374.520874, 374.514771, 476.497559, 263.154114,21.361551, 874.771057, 1.000016
5, 633,0,715.809326, 715.813477, 476.494873, 277.617767,66.396439, 815.018616, 0.999994
5, 633,1,815.018616, 815.034851, 476.494873, 277.617767,66.396439, 815.018616, 0.999980
5, 633,2,66.396439, 66.397598, 476.494873, 277.617767,66.396439, 815.018616, 0.999983
5, 633,3,211.479492, 211.479309, 476.494873, 277.617767,66.396439, 815.018616, 1.000001
5, 633,4,706.489868, 706.496033, 476.494873, 277.617767,66.396439, 815.018616, 0.999991
5, 633,5,215.783157, 215.787643, 476.494873, 277.617767,66.396439, 815.018616, 0.999979
5, 633,6,531.588684, 531.593384, 476.494873, 277.617767,66.396439, 815.018616, 0.999991
5, 633,7,549.393250, 549.397766, 476.494873, 277.617767,66.396439, 815.018616, 0.999992
5, 634,0,448.558838, 448.559204, 476.499878, 305.102814,40.986099, 852.180908, 0.999999
5, 634,1,567.133423, 567.135254, 476.499878, 305.102814,40.986099, 852.180908, 0.999997
5, 634,2,40.986099, 40.987789, 476.499878, 305.102814,40.986099, 852.180908, 0.999959
5, 634,3,852.180908, 852.179871, 476.499878, 305.102814,40.986099, 852.180908, 1.000001
5, 634,4,592.612366, 592.613464, 476.499878, 305.102814,40.986099, 852.180908, 0.999998
5, 634,5,76.112480, 76.114456, 476.499878, 305.102814,40.986099, 852.180908, 0.999974
5, 634,6,839.041870, 839.037598, 476.499878, 305.102814,40.986099, 852.180908, 1.000005
5, 634,7,395.372955, 395.372009, 476.499878, 305.102814,40.986099, 852.180908, 1.000002
5, 635,0,811.744324, 811.751709, 476.495667, 220.322922,205.080139, 811.744324, 0.999991
5, 635,1,285.050690, 285.050995, 476.495667, 220.322922,205.080139, 811.744324, 0.999999
5, 635,2,792.849670, 792.859985, 476.495667, 220.322922,205.080139, 811.744324, 0.999987
5, 635,3,438.262360, 438.266266, 476.495667, 220.322922,205.080139, 811.744324, 0.999991
5, 635,4,205.080139, 205.081268, 476.495667, 220.322922,205.080139, 811.744324, 0.999995
5, 635,5,353.328857, 353.333435, 476.495667, 220.322922,205.080139, 811.744324, 0.999987
5, 635,6,462.279938, 462.281189, 476.495667, 220.322922,205.080139, 811.744324, 0.999997
5, 635,7,463.369232, 463.375153, 476.495667, 220.322922,205.080139, 811.744324, 0.999987
5, 636,0,108.917267, 108.915871, 476.507202, 477.770905,74.608902, 1439.725952, 1.000013
5, 636,1,392.110291, 392.098663, 476.507202, 477.770905,74.608902, 1439.725952, 1.000030
5, 636,2,467.479156, 467.474274, 476.507202, 477.770905,74.608902, 1439.725952, 1.000010
5, 636,3,929.296692, 929.283691, 476.507202, 477.770905,74.608902, 1439.725952, 1.000014
5, 636,4,74.608902, 74.607635, 476.507202, 477.770905,74.608902, 1439.725952, 1.000017
5, 636,5,135.770752, 135.765808, 476.507202, 477.770905,74.608902, 1439.725952, 1.000036
5, 636,6,264.148407, 264.142029, 476.507202, 477.770905,74.608902, 1439.725952, 1.000024
5, 636,7,1439.725952, 1439.711914, 476.507202, 477.770905,74.608902, 1439.725952, 1.000010
5, 637,0,164.567596, 164.571304, 476.493896, 212.835403,164.567596, 853.801636, 0.999977
5, 637,1,595.019775, 595.029358, 476.493896, 212.835403,164.567596, 853.801636, 0.999984
5, 637,2,310.337982, 310.339600, 476.493896, 212.835403,164.567596, 853.801636, 0.999995
5, 637,3,452.283173, 452.284332, 476.493896, 212.835403,164.567596, 853.801636, 0.999997
5, 637,4,580.376770, 580.387390, 476.493896, 212.835403,164.567596, 853.801636, 0.999982
5, 637,5,853.801636, 853.814026, 476.493896, 212.835403,164.567596, 853.801636, 0.999986
5, 637,6,328.651947, 328.656952, 476.493896, 212.835403,164.567596, 853.801636, 0.999985
5, 637,7,526.911987, 526.917297, 476.493896, 212.835403,164.567596, 853.801636, 0.999990
5, 638,0,249.555450, 249.556717, 476.497437, 312.844360,212.125610, 1045.893921, 0.999995
5, 638,1,1045.893921, 1045.906616, 476.497437, 312.844360,212.125610, 1045.893921, 0.999988
5, 638,2,272.370514, 272.368042, 476.497437, 312.844360,212.125610, 1045.893921, 1.000009
5, 638,3,212.125610, 212.118866, 476.497437, 312.844360,212.125610, 1045.893921, 1.000032
5, 638,4,758.789673, 758.794739, 476.497437, 312.844360,212.125610, 1045.893921, 0.999993
5, 638,5,346.220245, 346.220612, 476.497437, 312.844360,212.125610, 1045.893921, 0.999999
5, 638,6,238.981949, 238.984695, 476.497437, 312.844360,212.125610, 1045.893921, 0.999988
5, 638,7,688.042236, 688.049377, 476.497437, 312.844360,212.125610, 1045.893921, 0.999990
5, 639,0,117.217293, 117.217606, 476.497986, 339.324310,106.095100, 1102.643066, 0.999997
5, 639,1,270.082794, 270.082642, 476.497986, 339.324310,106.095100, 1102.643066, 1.000001
5, 639,2,1102.643066, 1102.652954, 476.497986, 339.324310,106.095100, 1102.643066, 0.999991
5, 639,3,535.723755, 535.727783, 476.497986, 339.324310,106.095100, 1102.643066, 0.999992
5, 639,4,106.095100, 106.092560, 476.497986, 339.324310,106.095100, 1102.643066, 1.000024
5, 639,5,788.118896, 788.127197, 476.497986, 339.324310,106.095100, 1102.643066, 0.999989
5, 639,6,481.910767, 481.910400, 476.497986, 339.324310,106.095100, 1102.643066, 1.000001
5, 639,7,410.192413, 410.188660, 476.497986, 339.324310,106.095100, 1102.643066, 1.000009
5, 640,0,470.143890, 470.145020, 476.505829, 170.397644,225.370285, 796.307007, 0.999998
5, 640,1,488.119019, 488.117676, 476.505829, 170.397644,225.370285, 796.307007, 1.000003
5, 640,2,225.370285, 225.370056, 476.505829, 170.397644,225.370285, 796.307007, 1.000001
5, 640,3,473.586761, 473.580170, 476.505829, 170.397644,225.370285, 796.307007, 1.000014
5, 640,4,796.307007, 796.291687, 476.505829, 170.397644,225.370285, 796.307007, 1.000019
5, 640,5,535.534180, 535.522766, 476.505829, 170.397644,225.370285, 796.307007, 1.000021
5, 640,6,525.035889, 525.024963, 476.505829, 170.397644,225.370285, 796.307007, 1.000021
5, 640,7,297.949768, 297.947845, 476.505829, 170.397644,225.370285, 796.307007, 1.000006
5, 641,0,190.702637, 190.704239, 476.493286, 283.603180,84.297890, 726.187073, 0.999992
5, 641,1,596.762207, 596.774231, 476.493286, 283.603180,84.297890, 726.187073, 0.999980
5, 641,2,141.824585, 141.827042, 476.493286, 283.603180,84.297890, 726.187073, 0.999983
5, 641,3,690.773682, 690.784058, 476.493286, 283.603180,84.297890, 726.187073, 0.999985
5, 641,4,726.187073, 726.195801, 476.493286, 283.603180,84.297890, 726.187073, 0.999988
5, 641,5,713.312988, 713.325562, 476.493286, 283.603180,84.297890, 726.187073, 0.999982
5, 641,6,84.297890, 84.295303, 476.493286, 283.603180,84.297890, 726.187073, 1.000031
5, 641,7,668.085083, 668.093750, 476.493286, 283.603180,84.297890, 726.187073, 0.999987
5, 642,0,155.267151, 155.270615, 476.496826, 272.689423,155.267151, 799.219116, 0.999978
5, 642,1,775.070984, 775.076477, 476.496826, 272.689423,155.267151, 799.219116, 0.999993
5, 642,2,497.799164, 497.802338, 476.496826, 272.689423,155.267151, 799.219116, 0.999994
5, 642,3,302.618042, 302.619812, 476.496826, 272.689423,155.267151, 799.219116, 0.999994
5, 642,4,799.219116, 799.224060, 476.496826, 272.689423,155.267151, 799.219116, 0.999994
5, 642,5,257.352509, 257.352661, 476.496826, 272.689423,155.267151, 799.219116, 0.999999
5, 642,6,779.487549, 779.490295, 476.496826, 272.689423,155.267151, 799.219116, 0.999996
5, 642,7,245.160034, 245.163361, 476.496826, 272.689423,155.267151, 799.219116, 0.999986
5, 643,0,194.556854, 194.561600, 476.497284, 353.843994,47.228233, 1052.507690, 0.999976
5, 643,1,497.768494, 497.766907, 476.497284, 353.843994,47.228233, 1052.507690, 1.000003
5, 643,2,47.228233, 47.235741, 476.497284, 353.843994,47.228233, 1052.507690, 0.999841
5, 643,3,764.497070, 764.502441, 476.497284, 353.843994,47.228233, 1052.507690, 0.999993
5, 643,4,378.823090, 378.825317, 476.497284, 353.843994,47.228233, 1052.507690, 0.999994
5, 643,5,134.132538, 134.133331, 476.497284, 353.843994,47.228233, 1052.507690, 0.999994
5, 643,6,1052.507690, 1052.515503, 476.497284, 353.843994,47.228233, 1052.507690, 0.999993
5, 643,7,742.464417, 742.458923, 476.497284, 353.843994,47.228233, 1052.507690, 1.000007
5, 644,0,769.848633, 769.844116, 476.499115, 245.590759,44.075878, 769.848633, 1.000006
5, 644,1,466.004120, 466.005615, 476.499115, 245.590759,44.075878, 769.848633, 0.999997
5, 644,2,230.165848, 230.166687, 476.499115, 245.590759,44.075878, 769.848633, 0.999996
5, 644,3,622.421814, 622.421143, 476.499115, 245.590759,44.075878, 769.848633, 1.000001
5, 644,4,448.447632, 448.445129, 476.499115, 245.590759,44.075878, 769.848633, 1.000006
5, 644,5,497.958191, 497.963776, 476.499115, 245.590759,44.075878, 769.848633, 0.999989
5, 644,6,733.070618, 733.071045, 476.499115, 245.590759,44.075878, 769.848633, 0.999999
5, 644,7,44.075878, 44.082405, 476.499115, 245.590759,44.075878, 769.848633, 0.999852
5, 645,0,452.854584, 452.866425, 476.493530, 143.450150,218.131378, 695.568909, 0.999974
5, 645,1,533.127136, 533.136108, 476.493530, 143.450150,218.131378, 695.568909, 0.999983
5, 645,2,418.430939, 418.437347, 476.493530, 143.450150,218.131378, 695.568909, 0.999985
5, 645,3,562.329163, 562.334900, 476.493530, 143.450150,218.131378, 695.568909, 0.999990
5, 645,4,551.089966, 551.096252, 476.493530, 143.450150,218.131378, 695.568909, 0.999989
5, 645,5,218.131378, 218.130585, 476.493530, 143.450150,218.131378, 695.568909, 1.000004
5, 645,6,695.568909, 695.577454, 476.493530, 143.450150,218.131378, 695.568909, 0.999988
5, 645,7,380.416565, 380.420593, 476.493530, 143.450150,218.131378, 695.568909, 0.999989
5, 646,0,548.224609, 548.213257, 476.505402, 244.406555,51.846966, 903.316528, 1.000021
5, 646,1,903.316528, 903.303223, 476.505402, 244.406555,51.846966, 903.316528, 1.000015
5, 646,2,405.611420, 405.608398, 476.505402, 244.406555,51.846966, 903.316528, 1.000007
5, 646,3,51.846966, 51.845932, 476.505402, 244.406555,51.846966, 903.316528, 1.000020
5, 646,4,354.250122, 354.249146, 476.505402, 244.406555,51.846966, 903.316528, 1.000003
5, 646,5,426.692932, 426.689423, 476.505402, 244.406555,51.846966, 903.316528, 1.000008
5, 646,6,643.955505, 643.946899, 476.505402, 244.406555,51.846966, 903.316528, 1.000013
5, 646,7,478.145325, 478.143463, 476.505402, 244.406555,51.846966, 903.316528, 1.000004
5, 647,0,640.528259, 640.527405, 476.499573, 179.214096,219.604111, 668.272827, 1.000001
5, 647,1,386.925903, 386.924622, 476.499573, 179.214096,219.604111, 668.272827, 1.000003
5, 647,2,668.272827, 668.273132, 476.499573, 179.214096,219.604111, 668.272827, 1.000000
5, 647,3,490.030548, 490.032349, 476.499573, 179.214096,219.604111, 668.272827, 0.999996
5, 647,4,219.604111, 219.603500, 476.499573, 179.214096,219.604111, 668.272827, 1.000003
5, 647,5,244.809692, 244.808136, 476.499573, 179.214096,219.604111, 668.272827, 1.000006
5, 647,6,505.231201, 505.232941, 476.499573, 179.214096,219.604111, 668.272827, 0.999997
5, 647,7,656.593872, 656.597961, 476.499573, 179.214096,219.604111, 668.272827, 0.999994
5, 648,0,297.839630, 297.835571, 476.501862, 350.338348,15.077314, 1073.249390, 1.000014
5, 648,1,358.141235, 358.138947, 476.501862, 350.338348,15.077314, 1073.249390, 1.000006
5, 648,2,15.077314, 15.080624, 476.501862, 350.338348,15.077314, 1073.249390, 0.999781
5, 648,3,1073.249390, 1073.244995, 476.501862, 350.338348,15.077314, 1073.249390, 1.000004
5, 648,4,816.260681, 816.258362, 476.501862, 350.338348,15.077314, 1073.249390, 1.000003
5, 648,5,686.848511, 686.851929, 476.501862, 350.338348,15.077314, 1073.249390, 0.999995
5, 648,6,349.744263, 349.737640, 476.501862, 350.338348,15.077314, 1073.249390, 1.000019
5, 648,7,214.853806, 214.852081, 476.501862, 350.338348,15.077314, 1073.249390, 1.000008
5, 649,0,445.797943, 445.797791, 476.495758, 302.353516,193.909073, 1003.339111, 1.000000
5, 649,1,1003.339111, 1003.354309, 476.495758, 302.353516,193.909073, 1003.339111, 0.999985
5, 649,2,193.909073, 193.915619, 476.495758, 302.353516,193.909073, 1003.339111, 0.999966
5, 649,3,822.725952, 822.728638, 476.495758, 302.353516,193.909073, 1003.339111, 0.999997
5, 649,4,244.208145, 244.208069, 476.495758, 302.353516,193.909073, 1003.339111, 1.000000
5, 649,5,579.863892, 579.875977, 476.495758, 302.353516,193.909073, 1003.339111, 0.999979
5, 649,6,215.127213, 215.124542, 476.495758, 302.353516,193.909073, 1003.339111, 1.000012
5, 649,7,306.994629, 306.994873, 476.495758, 302.353516,193.909073, 1003.339111, 0.999999
5, 650,0,633.963440, 633.968384, 476.494476, 221.309647,125.438225, 796.532349, 0.999992
5, 650,1,421.856262, 421.857574, 476.494476, 221.309647,125.438225, 796.532349, 0.999997
5, 650,2,453.803589, 453.808655, 476.494476, 221.309647,125.438225, 796.532349, 0.999989
5, 650,3,700.994202, 701.007568, 476.494476, 221.309647,125.438225, 796.532349, 0.999981
5, 650,4,316.773102, 316.777618, 476.494476, 221.309647,125.438225, 796.532349, 0.999986
5, 650,5,125.438225, 125.440346, 476.494476, 221.309647,125.438225, 796.532349, 0.999983
5, 650,6,796.532349, 796.544434, 476.494476, 221.309647,125.438225, 796.532349, 0.999985
5, 650,7,362.594421, 362.595245, 476.494476, 221.309647,125.438225, 796.532349, 0.999998
5, 651,0,375.548676, 375.558594, 476.494507, 186.425674,255.368622, 808.493652, 0.999974
5, 651,1,255.368622, 255.368942, 476.494507, 186.425674,255.368622, 808.493652, 0.999999
5, 651,2,808.493652, 808.503662, 476.494507, 186.425674,255.368622, 808.493652, 0.999988
5, 651,3,600.524292, 600.531616, 476.494507, 186.425674,255.368622, 808.493652, 0.999988
5, 651,4,474.521576, 474.529236, 476.494507, 186.425674,255.368622, 808.493652, 0.999984
5, 651,5,295.411896, 295.415009, 476.494507, 186.425674,255.368622, 808.493652, 0.999989
5, 651,6,390.165222, 390.167572, 476.494507, 186.425674,255.368622, 808.493652, 0.999994
5, 651,7,611.922058, 611.925537, 476.494507, 186.425674,255.368622, 808.493652, 0.999994
5, 652,0,450.429108, 450.428711, 476.500793, 199.996490,199.298187, 747.476257, 1.000001
5, 652,1,328.547546, 328.548645, 476.500793, 199.996490,199.298187, 747.476257, 0.999997
5, 652,2,510.695831, 510.695343, 476.500793, 199.996490,199.298187, 747.476257, 1.000001
5, 652,3,528.473877, 528.474121, 476.500793, 199.996490,199.298187, 747.476257, 1.000000
5, 652,4,747.476257, 747.476318, 476.500793, 199.996490,199.298187, 747.476257, 1.000000
5, 652,5,199.298187, 199.297424, 476.500793, 199.996490,199.298187, 747.476257, 1.000004
5, 652,6,745.865662, 745.860107, 476.500793, 199.996490,199.298187, 747.476257, 1.000007
5, 652,7,301.219940, 301.219269, 476.500793, 199.996490,199.298187, 747.476257, 1.000002
5, 653,0,2022.735474, 2022.740479, 476.497894, 628.903564,181.727036, 2022.735474, 0.999997
5, 653,1,232.451797, 232.453293, 476.497894, 628.903564,181.727036, 2022.735474, 0.999994
5, 653,2,404.046692, 404.046539, 476.497894, 628.903564,181.727036, 2022.735474, 1.000000
5, 653,3,193.338028, 193.340622, 476.497894, 628.903564,181.727036, 2022.735474, 0.999987
5, 653,4,181.727036, 181.729050, 476.497894, 628.903564,181.727036, 2022.735474, 0.999989
5, 653,5,230.009109, 230.008743, 476.497894, 628.903564,181.727036, 2022.735474, 1.000002
5, 653,6,235.039566, 235.033615, 476.497894, 628.903564,181.727036, 2022.735474, 1.000025
5, 653,7,312.635468, 312.647827, 476.497894, 628.903564,181.727036, 2022.735474, 0.999960
5, 654,0,808.499756, 808.495239, 476.502350, 256.458740,38.718555, 808.499756, 1.000006
5, 654,1,386.229340, 386.227295, 476.502350, 256.458740,38.718555, 808.499756, 1.000005
5, 654,2,634.730713, 634.724243, 476.502350, 256.458740,38.718555, 808.499756, 1.000010
5, 654,3,267.192749, 267.192688, 476.502350, 256.458740,38.718555, 808.499756, 1.000000
5, 654,4,581.718933, 581.719727, 476.502350, 256.458740,38.718555, 808.499756, 0.999999
5, 654,5,373.707367, 373.706818, 476.502350, 256.458740,38.718555, 808.499756, 1.000001
5, 654,6,721.221375, 721.212769, 476.502350, 256.458740,38.718555, 808.499756, 1.000012
5, 654,7,38.718555, 38.721291, 476.502350, 256.458740,38.718555, 808.499756, 0.999929
5, 655,0,502.492126, 502.483978, 476.505554, 237.735764,103.930603, 902.061035, 1.000016
5, 655,1,103.930603, 103.931274, 476.505554, 237.735764,103.930603, 902.061035, 0.999994
5, 655,2,313.356171, 313.353210, 476.505554, 237.735764,103.930603, 902.061035, 1.000009
5, 655,3,653.889282, 653.878784, 476.505554, 237.735764,103.930603, 902.061035, 1.000016
5, 655,4,386.967712, 386.965118, 476.505554, 237.735764,103.930603, 902.061035, 1.000007
5, 655,5,407.827911, 407.819946, 476.505554, 237.735764,103.930603, 902.061035, 1.000020
5, 655,6,541.519653, 541.516296, 476.505554, 237.735764,103.930603, 902.061035, 1.000006
5, 655,7,902.061035, 902.051270, 476.505554, 237.735764,103.930603, 902.061035, 1.000011
5, 656,0,561.639221, 561.644409, 476.495483, 281.490662,40.144470, 913.610718, 0.999991
5, 656,1,362.633850, 362.639130, 476.495483, 281.490662,40.144470, 913.610718, 0.999985
5, 656,2,40.144470, 40.144077, 476.495483, 281.490662,40.144470, 913.610718, 1.000010
5, 656,3,526.130066, 526.139648, 476.495483, 281.490662,40.144470, 913.610718, 0.999982
5, 656,4,685.985718, 685.988770, 476.495483, 281.490662,40.144470, 913.610718, 0.999996
5, 656,5,560.788757, 560.789795, 476.495483, 281.490662,40.144470, 913.610718, 0.999998
5, 656,6,161.030914, 161.031158, 476.495483, 281.490662,40.144470, 913.610718, 0.999999
5, 656,7,913.610718, 913.623108, 476.495483, 281.490662,40.144470, 913.610718, 0.999986
5, 657,0,46.292286, 46.292419, 476.502441, 417.427979,18.098257, 1249.880371, 0.999997
5, 657,1,344.212585, 344.210358, 476.502441, 417.427979,18.098257, 1249.880371, 1.000006
5, 657,2,853.768433, 853.763428, 476.502441, 417.427979,18.098257, 1249.880371, 1.000006
5, 657,3,612.384277, 612.378845, 476.502441, 417.427979,18.098257, 1249.880371, 1.000009
5, 657,4,263.620392, 263.623291, 476.502441, 417.427979,18.098257, 1249.880371, 0.999989
5, 657,5,18.098257, 18.096363, 476.502441, 417.427979,18.098257, 1249.880371, 1.000105
5, 657,6,423.762909, 423.761841, 476.502441, 417.427979,18.098257, 1249.880371, 1.000003
5, 657,7,1249.880371, 1249.873413, 476.502441, 417.427979,18.098257, 1249.880371, 1.000006
5, 658,0,582.655762, 582.655090, 476.500549, 266.469940,31.151247, 781.233887, 1.000001
5, 658,1,628.051270, 628.050049, 476.500549, 266.469940,31.151247, 781.233887, 1.000002
5, 658,2,544.901123, 544.894470, 476.500549, 266.469940,31.151247, 781.233887, 1.000012
5, 658,3,781.233887, 781.225891, 476.500549, 266.469940,31.151247, 781.233887, 1.000010
5, 658,4,94.819717, 94.826363, 476.500549, 266.469940,31.151247, 781.233887, 0.999930
5, 658,5,31.151247, 31.155182, 476.500549, 266.469940,31.151247, 781.233887, 0.999874
5, 658,6,542.937683, 542.940918, 476.500549, 266.469940,31.151247, 781.233887, 0.999994
5, 658,7,606.253357, 606.252258, 476.500549, 266.469940,31.151247, 781.233887, 1.000002
5, 659,0,252.180817, 252.183456, 476.503876, 442.201447,57.320072, 1126.415527, 0.999990
5, 659,1,157.369141, 157.365936, 476.503876, 442.201447,57.320072, 1126.415527, 1.000020
5, 659,2,1126.415527, 1126.409912, 476.503876, 442.201447,57.320072, 1126.415527, 1.000005
5, 659,3,931.469727, 931.457947, 476.503876, 442.201447,57.320072, 1126.415527, 1.000013
5, 659,4,133.534821, 133.528625, 476.503876, 442.201447,57.320072, 1126.415527, 1.000046
5, 659,5,206.898682, 206.901443, 476.503876, 442.201447,57.320072, 1126.415527, 0.999987
5, 659,6,946.842163, 946.832520, 476.503876, 442.201447,57.320072, 1126.415527, 1.000010
5, 659,7,57.320072, 57.320145, 476.503876, 442.201447,57.320072, 1126.415527, 0.999999
5, 660,0,639.610535, 639.608154, 476.503906, 191.651810,144.924667, 639.610535, 1.000004
5, 660,1,144.924667, 144.926453, 476.503906, 191.651810,144.924667, 639.610535, 0.999988
5, 660,2,516.020386, 516.015869, 476.503906, 191.651810,144.924667, 639.610535, 1.000009
5, 660,3,619.784058, 619.773438, 476.503906, 191.651810,144.924667, 639.610535, 1.000017
5, 660,4,633.472168, 633.461914, 476.503906, 191.651810,144.924667, 639.610535, 1.000016
5, 660,5,319.899139, 319.897491, 476.503906, 191.651810,144.924667, 639.610535, 1.000005
5, 660,6,312.313446, 312.313599, 476.503906, 191.651810,144.924667, 639.610535, 1.000000
5, 660,7,626.006531, 626.003052, 476.503906, 191.651810,144.924667, 639.610535, 1.000006
5, 661,0,888.127136, 888.138855, 476.494965, 283.213013,149.455597, 888.127136, 0.999987
5, 661,1,712.589355, 712.594116, 476.494965, 283.213013,149.455597, 888.127136, 0.999993
5, 661,2,778.363770, 778.374939, 476.494965, 283.213013,149.455597, 888.127136, 0.999986
5, 661,3,149.650330, 149.649139, 476.494965, 283.213013,149.455597, 888.127136, 1.000008
5, 661,4,149.455597, 149.455261, 476.494965, 283.213013,149.455597, 888.127136, 1.000002
5, 661,5,375.628265, 375.630371, 476.494965, 283.213013,149.455597, 888.127136, 0.999994
5, 661,6,345.736877, 345.745117, 476.494965, 283.213013,149.455597, 888.127136, 0.999976
5, 661,7,412.408539, 412.412201, 476.494965, 283.213013,149.455597, 888.127136, 0.999991
5, 662,0,402.682495, 402.685516, 476.494110, 199.815018,105.521088, 764.694885, 0.999992
5, 662,1,764.694885, 764.702576, 476.494110, 199.815018,105.521088, 764.694885, 0.999990
5, 662,2,629.658325, 629.669617, 476.494110, 199.815018,105.521088, 764.694885, 0.999982
5, 662,3,495.363159, 495.366852, 476.494110, 199.815018,105.521088, 764.694885, 0.999993
5, 662,4,449.462036, 449.472443, 476.494110, 199.815018,105.521088, 764.694885, 0.999977
5, 662,5,602.161194, 602.165405, 476.494110, 199.815018,105.521088, 764.694885, 0.999993
5, 662,6,105.521088, 105.521027, 476.494110, 199.815018,105.521088, 764.694885, 1.000001
5, 662,7,362.409912, 362.416321, 476.494110, 199.815018,105.521088, 764.694885, 0.999982
5, 663,0,643.991577, 643.977234, 476.506866, 190.153275,207.205978, 720.312805, 1.000022
5, 663,1,207.205978, 207.203217, 476.506866, 190.153275,207.205978, 720.312805, 1.000013
5, 663,2,565.802185, 565.791199, 476.506866, 190.153275,207.205978, 720.312805, 1.000019
5, 663,3,463.455994, 463.449005, 476.506866, 190.153275,207.205978, 720.312805, 1.000015
5, 663,4,606.526428, 606.521484, 476.506866, 190.153275,207.205978, 720.312805, 1.000008
5, 663,5,241.539871, 241.535568, 476.506866, 190.153275,207.205978, 720.312805, 1.000018
5, 663,6,363.220276, 363.222748, 476.506866, 190.153275,207.205978, 720.312805, 0.999993
5, 663,7,720.312805, 720.299377, 476.506866, 190.153275,207.205978, 720.312805, 1.000019
5, 664,0,388.524689, 388.523376, 476.504639, 276.134064,138.417480, 872.440247, 1.000003
5, 664,1,167.909927, 167.910278, 476.504639, 276.134064,138.417480, 872.440247, 0.999998
5, 664,2,872.440247, 872.428833, 476.504639, 276.134064,138.417480, 872.440247, 1.000013
5, 664,3,702.017944, 702.010620, 476.504639, 276.134064,138.417480, 872.440247, 1.000010
5, 664,4,283.737183, 283.738281, 476.504639, 276.134064,138.417480, 872.440247, 0.999996
5, 664,5,741.037476, 741.026855, 476.504639, 276.134064,138.417480, 872.440247, 1.000014
5, 664,6,517.952026, 517.944702, 476.504639, 276.134064,138.417480, 872.440247, 1.000014
5, 664,7,138.417480, 138.417404, 476.504639, 276.134064,138.417480, 872.440247, 1.000001
5, 665,0,347.171387, 347.167175, 476.504822, 264.366028,110.595261, 844.188110, 1.000012
5, 665,1,110.595261, 110.602119, 476.504822, 264.366028,110.595261, 844.188110, 0.999938
5, 665,2,288.424347, 288.425262, 476.504822, 264.366028,110.595261, 844.188110, 0.999997
5, 665,3,844.188110, 844.174133, 476.504822, 264.366028,110.595261, 844.188110, 1.000017
5, 665,4,586.603210, 586.596375, 476.504822, 264.366028,110.595261, 844.188110, 1.000012
5, 665,5,695.581055, 695.570557, 476.504822, 264.366028,110.595261, 844.188110, 1.000015
5, 665,6,237.535080, 237.532074, 476.504822, 264.366028,110.595261, 844.188110, 1.000013
5, 665,7,701.939941, 701.932190, 476.504822, 264.366028,110.595261, 844.188110, 1.000011
5, 666,0,77.972000, 77.968231, 476.495117, 267.422424,77.972000, 788.325867, 1.000048
5, 666,1,512.503357, 512.505859, 476.495117, 267.422424,77.972000, 788.325867, 0.999995
5, 666,2,219.868698, 219.867752, 476.495117, 267.422424,77.972000, 788.325867, 1.000004
5, 666,3,700.436035, 700.447510, 476.495117, 267.422424,77.972000, 788.325867, 0.999984
5, 666,4,757.639832, 757.650574, 476.495117, 267.422424,77.972000, 788.325867, 0.999986
5, 666,5,788.325867, 788.336609, 476.495117, 267.422424,77.972000, 788.325867, 0.999986
5, 666,6,257.939087, 257.941589, 476.495117, 267.422424,77.972000, 788.325867, 0.999990
5, 666,7,497.275818, 497.281616, 476.495117, 267.422424,77.972000, 788.325867, 0.999988
5, 667,0,169.384445, 169.383057, 476.493469, 317.203156,102.178108, 885.939026, 1.000008
5, 667,1,229.201294, 229.206573, 476.493469, 317.203156,102.178108, 885.939026, 0.999977
5, 667,2,102.178108, 102.177628, 476.493469, 317.203156,102.178108, 885.939026, 1.000005
5, 667,3,467.697693, 467.704895, 476.493469, 317.203156,102.178108, 885.939026, 0.999985
5, 667,4,341.085876, 341.087555, 476.493469, 317.203156,102.178108, 885.939026, 0.999995
5, 667,5,885.939026, 885.948181, 476.493469, 317.203156,102.178108, 885.939026, 0.999990
5, 667,6,772.271240, 772.283508, 476.493469, 317.203156,102.178108, 885.939026, 0.999984
5, 667,7,844.190063, 844.208923, 476.493469, 317.203156,102.178108, 885.939026, 0.999978
5, 668,0,753.361938, 753.358093, 476.502289, 299.859741,26.583260, 854.131226, 1.000005
5, 668,1,26.583260, 26.581366, 476.502289, 299.859741,26.583260, 854.131226, 1.000071
5, 668,2,557.399353, 557.393860, 476.502289, 299.859741,26.583260, 854.131226, 1.000010
5, 668,3,754.136963, 754.133545, 476.502289, 299.859741,26.583260, 854.131226, 1.000005
5, 668,4,854.131226, 854.128662, 476.502289, 299.859741,26.583260, 854.131226, 1.000003
5, 668,5,343.832794, 343.834198, 476.502289, 299.859741,26.583260, 854.131226, 0.999996
5, 668,6,344.553558, 344.549927, 476.502289, 299.859741,26.583260, 854.131226, 1.000010
5, 668,7,178.019333, 178.020538, 476.502289, 299.859741,26.583260, 854.131226, 0.999993
5, 669,0,303.679840, 303.679688, 476.494476, 360.659729,27.927967, 955.158081, 1.000000
5, 669,1,369.762146, 369.763092, 476.494476, 360.659729,27.927967, 955.158081, 0.999997
5, 669,2,856.865479, 856.880737, 476.494476, 360.659729,27.927967, 955.158081, 0.999982
5, 669,3,304.085480, 304.088593, 476.494476, 360.659729,27.927967, 955.158081, 0.999990
5, 669,4,134.145218, 134.146271, 476.494476, 360.659729,27.927967, 955.158081, 0.999992
5, 669,5,860.331421, 860.340637, 476.494476, 360.659729,27.927967, 955.158081, 0.999989
5, 669,6,955.158081, 955.172363, 476.494476, 360.659729,27.927967, 955.158081, 0.999985
5, 669,7,27.927967, 27.928394, 476.494476, 360.659729,27.927967, 955.158081, 0.999985
5, 670,0,129.529037, 129.530365, 476.502594, 226.393997,129.529037, 759.552002, 0.999990
5, 670,1,700.390320, 700.383240, 476.502594, 226.393997,129.529037, 759.552002, 1.000010
5, 670,2,509.292847, 509.285828, 476.502594, 226.393997,129.529037, 759.552002, 1.000014
5, 670,3,442.771149, 442.769379, 476.502594, 226.393997,129.529037, 759.552002, 1.000004
5, 670,4,357.873932, 357.871521, 476.502594, 226.393997,129.529037, 759.552002, 1.000007
5, 670,5,759.552002, 759.547241, 476.502594, 226.393997,129.529037, 759.552002, 1.000006
5, 670,6,669.665527, 669.667480, 476.502594, 226.393997,129.529037, 759.552002, 0.999997
5, 670,7,242.946060, 242.945084, 476.502594, 226.393997,129.529037, 759.552002, 1.000004
5, 671,0,447.668060, 447.665588, 476.502045, 162.054092,176.042526, 682.845703, 1.000005
5, 671,1,438.368835, 438.366852, 476.502045, 162.054092,176.042526, 682.845703, 1.000005
5, 671,2,538.425415, 538.421997, 476.502045, 162.054092,176.042526, 682.845703, 1.000006
5, 671,3,428.402954, 428.400970, 476.502045, 162.054092,176.042526, 682.845703, 1.000005
5, 671,4,676.030029, 676.026489, 476.502045, 162.054092,176.042526, 682.845703, 1.000005
5, 671,5,424.232971, 424.231110, 476.502045, 162.054092,176.042526, 682.845703, 1.000004
5, 671,6,682.845703, 682.844116, 476.502045, 162.054092,176.042526, 682.845703, 1.000002
5, 671,7,176.042526, 176.042725, 476.502045, 162.054092,176.042526, 682.845703, 0.999999
5, 672,0,211.597778, 211.603226, 476.502197, 366.387268,33.649853, 1019.465576, 0.999974
5, 672,1,409.678650, 409.675293, 476.502197, 366.387268,33.649853, 1019.465576, 1.000008
5, 672,2,33.649853, 33.650398, 476.502197, 366.387268,33.649853, 1019.465576, 0.999984
5, 672,3,782.621887, 782.620728, 476.502197, 366.387268,33.649853, 1019.465576, 1.000001
5, 672,4,865.572144, 865.561401, 476.502197, 366.387268,33.649853, 1019.465576, 1.000012
5, 672,5,140.850937, 140.857315, 476.502197, 366.387268,33.649853, 1019.465576, 0.999955
5, 672,6,1019.465576, 1019.453186, 476.502197, 366.387268,33.649853, 1019.465576, 1.000012
5, 672,7,348.580963, 348.578461, 476.502197, 366.387268,33.649853, 1019.465576, 1.000007
5, 673,0,136.658020, 136.659454, 476.503479, 301.069580,13.971007, 823.616272, 0.999990
5, 673,1,335.889740, 335.889557, 476.503479, 301.069580,13.971007, 823.616272, 1.000001
5, 673,2,791.133484, 791.126404, 476.503479, 301.069580,13.971007, 823.616272, 1.000009
5, 673,3,724.039795, 724.033691, 476.503479, 301.069580,13.971007, 823.616272, 1.000008
5, 673,4,13.971007, 13.967707, 476.503479, 301.069580,13.971007, 823.616272, 1.000236
5, 673,5,537.941223, 537.935425, 476.503479, 301.069580,13.971007, 823.616272, 1.000011
5, 673,6,448.778229, 448.777252, 476.503479, 301.069580,13.971007, 823.616272, 1.000002
5, 673,7,823.616272, 823.610413, 476.503479, 301.069580,13.971007, 823.616272, 1.000007
5, 674,0,488.380249, 488.371246, 476.505524, 324.739136,65.442368, 920.675964, 1.000018
5, 674,1,454.225128, 454.215729, 476.505524, 324.739136,65.442368, 920.675964, 1.000021
5, 674,2,153.697479, 153.698792, 476.505524, 324.739136,65.442368, 920.675964, 0.999991
5, 674,3,65.442368, 65.450218, 476.505524, 324.739136,65.442368, 920.675964, 0.999880
5, 674,4,895.955505, 895.943237, 476.505524, 324.739136,65.442368, 920.675964, 1.000014
5, 674,5,211.862976, 211.863342, 476.505524, 324.739136,65.442368, 920.675964, 0.999998
5, 674,6,621.804443, 621.794250, 476.505524, 324.739136,65.442368, 920.675964, 1.000016
5, 674,7,920.675964, 920.663147, 476.505524, 324.739136,65.442368, 920.675964, 1.000014
5, 675,0,727.948181, 727.954285, 476.494659, 316.018982,62.671688, 886.467468, 0.999992
5, 675,1,612.926208, 612.938904, 476.494659, 316.018982,62.671688, 886.467468, 0.999979
5, 675,2,62.671688, 62.670341, 476.494659, 316.018982,62.671688, 886.467468, 1.000021
5, 675,3,886.467468, 886.478760, 476.494659, 316.018982,62.671688, 886.467468, 0.999987
5, 675,4,366.332581, 366.342255, 476.494659, 316.018982,62.671688, 886.467468, 0.999974
5, 675,5,761.159241, 761.167114, 476.494659, 316.018982,62.671688, 886.467468, 0.999990
5, 675,6,77.320229, 77.317497, 476.494659, 316.018982,62.671688, 886.467468, 1.000035
5, 675,7,317.131897, 317.131042, 476.494659, 316.018982,62.671688, 886.467468, 1.000003
5, 676,0,205.104675, 205.105408, 476.506958, 261.524536,169.298935, 869.093994, 0.999996
5, 676,1,343.610443, 343.606171, 476.506958, 261.524536,169.298935, 869.093994, 1.000012
5, 676,2,452.618011, 452.613586, 476.506958, 261.524536,169.298935, 869.093994, 1.000010
5, 676,3,869.093994, 869.079346, 476.506958, 261.524536,169.298935, 869.093994, 1.000017
5, 676,4,523.332642, 523.322632, 476.506958, 261.524536,169.298935, 869.093994, 1.000019
5, 676,5,409.583130, 409.578033, 476.506958, 261.524536,169.298935, 869.093994, 1.000012
5, 676,6,839.413940, 839.398682, 476.506958, 261.524536,169.298935, 869.093994, 1.000018
5, 676,7,169.298935, 169.295944, 476.506958, 261.524536,169.298935, 869.093994, 1.000018
5, 677,0,598.091064, 598.106812, 476.495544, 182.195908,200.367020, 671.236450, 0.999974
5, 677,1,658.637756, 658.641785, 476.495544, 182.195908,200.367020, 671.236450, 0.999994
5, 677,2,605.999573, 606.001709, 476.495544, 182.195908,200.367020, 671.236450, 0.999996
5, 677,3,200.367020, 200.367432, 476.495544, 182.195908,200.367020, 671.236450, 0.999998
5, 677,4,439.616058, 439.622711, 476.495544, 182.195908,200.367020, 671.236450, 0.999985
5, 677,5,354.358826, 354.361816, 476.495544, 182.195908,200.367020, 671.236450, 0.999992
5, 677,6,283.657745, 283.654541, 476.495544, 182.195908,200.367020, 671.236450, 1.000011
5, 677,7,671.236450, 671.243225, 476.495544, 182.195908,200.367020, 671.236450, 0.999990
5, 678,0,343.263550, 343.261780, 476.504120, 206.267044,198.552979, 747.676208, 1.000005
5, 678,1,198.552979, 198.550018, 476.504120, 206.267044,198.552979, 747.676208, 1.000015
5, 678,2,612.789795, 612.787720, 476.504120, 206.267044,198.552979, 747.676208, 1.000003
5, 678,3,442.545166, 442.545258, 476.504120, 206.267044,198.552979, 747.676208, 1.000000
5, 678,4,279.597931, 279.594055, 476.504120, 206.267044,198.552979, 747.676208, 1.000014
5, 678,5,740.876831, 740.872742, 476.504120, 206.267044,198.552979, 747.676208, 1.000005
5, 678,6,747.676208, 747.664185, 476.504120, 206.267044,198.552979, 747.676208, 1.000016
5, 678,7,446.730499, 446.724640, 476.504120, 206.267044,198.552979, 747.676208, 1.000013
5, 679,0,577.303467, 577.296936, 476.504120, 171.177307,246.039078, 762.336609, 1.000011
5, 679,1,373.835907, 373.836243, 476.504120, 171.177307,246.039078, 762.336609, 0.999999
5, 679,2,762.336609, 762.322449, 476.504120, 171.177307,246.039078, 762.336609, 1.000019
5, 679,3,619.688232, 619.686584, 476.504120, 171.177307,246.039078, 762.336609, 1.000003
5, 679,4,326.600708, 326.600128, 476.504120, 171.177307,246.039078, 762.336609, 1.000002
5, 679,5,505.693970, 505.689178, 476.504120, 171.177307,246.039078, 762.336609, 1.000009
5, 679,6,400.534943, 400.526825, 476.504120, 171.177307,246.039078, 762.336609, 1.000020
5, 679,7,246.039078, 246.041367, 476.504120, 171.177307,246.039078, 762.336609, 0.999991
5, 680,0,26.154846, 26.156767, 476.500702, 358.564789,26.154846, 987.540833, 0.999927
5, 680,1,487.990112, 487.991760, 476.500702, 358.564789,26.154846, 987.540833, 0.999997
5, 680,2,987.540833, 987.537598, 476.500702, 358.564789,26.154846, 987.540833, 1.000003
5, 680,3,907.929260, 907.925659, 476.500702, 358.564789,26.154846, 987.540833, 1.000004
5, 680,4,684.323730, 684.323059, 476.500702, 358.564789,26.154846, 987.540833, 1.000001
5, 680,5,84.994568, 84.995804, 476.500702, 358.564789,26.154846, 987.540833, 0.999985
5, 680,6,284.131470, 284.132416, 476.500702, 358.564789,26.154846, 987.540833, 0.999997
5, 680,7,348.940643, 348.937012, 476.500702, 358.564789,26.154846, 987.540833, 1.000010
5, 681,0,498.052063, 498.038696, 476.504425, 274.388611,127.493568, 842.771118, 1.000027
5, 681,1,336.556488, 336.556488, 476.504425, 274.388611,127.493568, 842.771118, 1.000000
5, 681,2,349.919647, 349.916412, 476.504425, 274.388611,127.493568, 842.771118, 1.000009
5, 681,3,189.647324, 189.648697, 476.504425, 274.388611,127.493568, 842.771118, 0.999993
5, 681,4,127.493568, 127.500374, 476.504425, 274.388611,127.493568, 842.771118, 0.999947
5, 681,5,842.771118, 842.761658, 476.504425, 274.388611,127.493568, 842.771118, 1.000011
5, 681,6,834.554382, 834.544128, 476.504425, 274.388611,127.493568, 842.771118, 1.000012
5, 681,7,633.040771, 633.033691, 476.504425, 274.388611,127.493568, 842.771118, 1.000011
5, 682,0,564.661804, 564.668213, 476.495758, 165.359375,109.317078, 664.230164, 0.999989
5, 682,1,109.317078, 109.320198, 476.495758, 165.359375,109.317078, 664.230164, 0.999971
5, 682,2,418.216583, 418.219269, 476.495758, 165.359375,109.317078, 664.230164, 0.999994
5, 682,3,529.957947, 529.962097, 476.495758, 165.359375,109.317078, 664.230164, 0.999992
5, 682,4,480.391266, 480.393494, 476.495758, 165.359375,109.317078, 664.230164, 0.999995
5, 682,5,561.635132, 561.638855, 476.495758, 165.359375,109.317078, 664.230164, 0.999993
5, 682,6,483.556274, 483.565216, 476.495758, 165.359375,109.317078, 664.230164, 0.999982
5, 682,7,664.230164, 664.232483, 476.495758, 165.359375,109.317078, 664.230164, 0.999996
5, 683,0,718.492188, 718.498230, 476.494812, 233.226593,198.491516, 718.492188, 0.999992
5, 683,1,689.437134, 689.443176, 476.494812, 233.226593,198.491516, 718.492188, 0.999991
5, 683,2,204.861710, 204.860687, 476.494812, 233.226593,198.491516, 718.492188, 1.000005
5, 683,3,198.491516, 198.490845, 476.494812, 233.226593,198.491516, 718.492188, 1.000003
5, 683,4,545.175415, 545.186157, 476.494812, 233.226593,198.491516, 718.492188, 0.999980
5, 683,5,205.685013, 205.689484, 476.494812, 233.226593,198.491516, 718.492188, 0.999978
5, 683,6,667.786499, 667.799927, 476.494812, 233.226593,198.491516, 718.492188, 0.999980
5, 683,7,582.028809, 582.031799, 476.494812, 233.226593,198.491516, 718.492188, 0.999995
5, 684,0,843.803833, 843.791748, 476.501129, 258.651642,81.654648, 843.803833, 1.000014
5, 684,1,280.473877, 280.474487, 476.501129, 258.651642,81.654648, 843.803833, 0.999998
5, 684,2,440.505432, 440.503906, 476.501129, 258.651642,81.654648, 843.803833, 1.000003
5, 684,3,679.966431, 679.968384, 476.501129, 258.651642,81.654648, 843.803833, 0.999997
5, 684,4,348.608307, 348.606873, 476.501129, 258.651642,81.654648, 843.803833, 1.000004
5, 684,5,746.101379, 746.098450, 476.501129, 258.651642,81.654648, 843.803833, 1.000004
5, 684,6,81.654648, 81.662827, 476.501129, 258.651642,81.654648, 843.803833, 0.999900
5, 684,7,390.895172, 390.893188, 476.501129, 258.651642,81.654648, 843.803833, 1.000005
5, 685,0,90.614159, 90.610725, 476.503174, 454.029541,10.564675, 1131.794922, 1.000038
5, 685,1,74.623291, 74.623055, 476.503174, 454.029541,10.564675, 1131.794922, 1.000003
5, 685,2,173.643402, 173.649475, 476.503174, 454.029541,10.564675, 1131.794922, 0.999965
5, 685,3,490.304718, 490.302460, 476.503174, 454.029541,10.564675, 1131.794922, 1.000005
5, 685,4,906.887024, 906.878357, 476.503174, 454.029541,10.564675, 1131.794922, 1.000010
5, 685,5,10.564675, 10.560315, 476.503174, 454.029541,10.564675, 1131.794922, 1.000413
5, 685,6,1131.794922, 1131.789063, 476.503174, 454.029541,10.564675, 1131.794922, 1.000005
5, 685,7,933.593140, 933.586731, 476.503174, 454.029541,10.564675, 1131.794922, 1.000007
5, 686,0,587.191589, 587.193970, 476.505859, 196.241318,142.189484, 718.927185, 0.999996
5, 686,1,718.927185, 718.914917, 476.505859, 196.241318,142.189484, 718.927185, 1.000017
5, 686,2,276.891235, 276.889771, 476.505859, 196.241318,142.189484, 718.927185, 1.000005
5, 686,3,387.720795, 387.712677, 476.505859, 196.241318,142.189484, 718.927185, 1.000021
5, 686,4,467.349243, 467.341034, 476.505859, 196.241318,142.189484, 718.927185, 1.000018
5, 686,5,623.632751, 623.618958, 476.505859, 196.241318,142.189484, 718.927185, 1.000022
5, 686,6,608.144592, 608.138916, 476.505859, 196.241318,142.189484, 718.927185, 1.000009
5, 686,7,142.189484, 142.190048, 476.505859, 196.241318,142.189484, 718.927185, 0.999996
5, 687,0,183.177917, 183.181549, 476.495483, 267.889679,165.112213, 772.626831, 0.999980
5, 687,1,493.583221, 493.587646, 476.495483, 267.889679,165.112213, 772.626831, 0.999991
5, 687,2,186.001236, 186.003433, 476.495483, 267.889679,165.112213, 772.626831, 0.999988
5, 687,3,520.230469, 520.235352, 476.495483, 267.889679,165.112213, 772.626831, 0.999991
5, 687,4,772.626831, 772.633057, 476.495483, 267.889679,165.112213, 772.626831, 0.999992
5, 687,5,165.112213, 165.115753, 476.495483, 267.889679,165.112213, 772.626831, 0.999979
5, 687,6,756.159180, 756.167297, 476.495483, 267.889679,165.112213, 772.626831, 0.999989
5, 687,7,735.072815, 735.075928, 476.495483, 267.889679,165.112213, 772.626831, 0.999996
5, 688,0,864.351074, 864.356750, 476.496826, 356.556732,31.370554, 864.351074, 0.999993
5, 688,1,742.695190, 742.700012, 476.496826, 356.556732,31.370554, 864.351074, 0.999994
5, 688,2,574.130737, 574.137329, 476.496826, 356.556732,31.370554, 864.351074, 0.999988
5, 688,3,793.491882, 793.491211, 476.496826, 356.556732,31.370554, 864.351074, 1.000001
5, 688,4,658.820068, 658.826904, 476.496826, 356.556732,31.370554, 864.351074, 0.999990
5, 688,5,38.070549, 38.070316, 476.496826, 356.556732,31.370554, 864.351074, 1.000006
5, 688,6,109.044350, 109.048508, 476.496826, 356.556732,31.370554, 864.351074, 0.999962
5, 688,7,31.370554, 31.369478, 476.496826, 356.556732,31.370554, 864.351074, 1.000034
5, 689,0,283.377563, 283.379700, 476.494507, 216.012665,161.645294, 745.532410, 0.999992
5, 689,1,704.290710, 704.305176, 476.494507, 216.012665,161.645294, 745.532410, 0.999979
5, 689,2,161.645294, 161.644867, 476.494507, 216.012665,161.645294, 745.532410, 1.000003
5, 689,3,414.504944, 414.506470, 476.494507, 216.012665,161.645294, 745.532410, 0.999996
5, 689,4,318.446198, 318.447418, 476.494507, 216.012665,161.645294, 745.532410, 0.999996
5, 689,5,519.996460, 520.002441, 476.494507, 216.012665,161.645294, 745.532410, 0.999988
5, 689,6,745.532410, 745.544067, 476.494507, 216.012665,161.645294, 745.532410, 0.999984
5, 689,7,664.162415, 664.169861, 476.494507, 216.012665,161.645294, 745.532410, 0.999989
5, 690,0,697.337280, 697.334595, 476.502075, 213.168777,165.172836, 752.078552, 1.000004
5, 690,1,165.172836, 165.173187, 476.502075, 213.168777,165.172836, 752.078552, 0.999998
5, 690,2,440.810822, 440.807953, 476.502075, 213.168777,165.172836, 752.078552, 1.000007
5, 690,3,544.445129, 544.442139, 476.502075, 213.168777,165.172836, 752.078552, 1.000005
5, 690,4,613.565308, 613.559448, 476.502075, 213.168777,165.172836, 752.078552, 1.000010
5, 690,5,232.315552, 232.315704, 476.502075, 213.168777,165.172836, 752.078552, 0.999999
5, 690,6,366.290955, 366.294769, 476.502075, 213.168777,165.172836, 752.078552, 0.999990
5, 690,7,752.078552, 752.072205, 476.502075, 213.168777,165.172836, 752.078552, 1.000008
5, 691,0,787.573242, 787.584595, 476.493591, 344.791534,53.200809, 885.595703, 0.999986
5, 691,1,751.142456, 751.155884, 476.493591, 344.791534,53.200809, 885.595703, 0.999982
5, 691,2,749.109619, 749.125671, 476.493591, 344.791534,53.200809, 885.595703, 0.999979
5, 691,3,885.595703, 885.604675, 476.493591, 344.791534,53.200809, 885.595703, 0.999990
5, 691,4,227.491699, 227.485779, 476.493591, 344.791534,53.200809, 885.595703, 1.000026
5, 691,5,178.702850, 178.704468, 476.493591, 344.791534,53.200809, 885.595703, 0.999991
5, 691,6,179.132217, 179.133362, 476.493591, 344.791534,53.200809, 885.595703, 0.999994
5, 691,7,53.200809, 53.205498, 476.493591, 344.791534,53.200809, 885.595703, 0.999912
5, 692,0,165.713974, 165.714142, 476.498718, 433.174164,98.163574, 1020.329407, 0.999999
5, 692,1,366.719208, 366.725189, 476.498718, 433.174164,98.163574, 1020.329407, 0.999984
5, 692,2,1020.329407, 1020.322388, 476.498718, 433.174164,98.163574, 1020.329407, 1.000007
5, 692,3,929.754150, 929.760437, 476.498718, 433.174164,98.163574, 1020.329407, 0.999993
5, 692,4,113.456543, 113.458282, 476.498718, 433.174164,98.163574, 1020.329407, 0.999985
5, 692,5,103.337944, 103.339104, 476.498718, 433.174164,98.163574, 1020.329407, 0.999989
5, 692,6,98.163574, 98.167786, 476.498718, 433.174164,98.163574, 1020.329407, 0.999957
5, 692,7,1014.515259, 1014.512573, 476.498718, 433.174164,98.163574, 1020.329407, 1.000003
5, 693,0,901.979126, 901.976379, 476.503326, 272.039886,131.411713, 901.979126, 1.000003
5, 693,1,797.786133, 797.776917, 476.503326, 272.039886,131.411713, 901.979126, 1.000012
5, 693,2,417.295654, 417.291931, 476.503326, 272.039886,131.411713, 901.979126, 1.000009
5, 693,3,423.461212, 423.460907, 476.503326, 272.039886,131.411713, 901.979126, 1.000001
5, 693,4,131.411713, 131.416473, 476.503326, 272.039886,131.411713, 901.979126, 0.999964
5, 693,5,462.076691, 462.073029, 476.503326, 272.039886,131.411713, 901.979126, 1.000008
5, 693,6,151.441681, 151.437561, 476.503326, 272.039886,131.411713, 901.979126, 1.000027
5, 693,7,526.574524, 526.566772, 476.503326, 272.039886,131.411713, 901.979126, 1.000015
5, 694,0,689.895081, 689.881348, 476.507477, 307.510010,92.843834, 834.209900, 1.000020
5, 694,1,240.360184, 240.356918, 476.507477, 307.510010,92.843834, 834.209900, 1.000014
5, 694,2,98.893303, 98.892380, 476.507477, 307.510010,92.843834, 834.209900, 1.000009
5, 694,3,834.209900, 834.201660, 476.507477, 307.510010,92.843834, 834.209900, 1.000010
5, 694,4,390.214478, 390.207062, 476.507477, 307.510010,92.843834, 834.209900, 1.000019
5, 694,5,687.791931, 687.778503, 476.507477, 307.510010,92.843834, 834.209900, 1.000020
5, 694,6,777.851379, 777.839111, 476.507477, 307.510010,92.843834, 834.209900, 1.000016
5, 694,7,92.843834, 92.843346, 476.507477, 307.510010,92.843834, 834.209900, 1.000005
5, 695,0,457.202820, 457.204956, 476.500488, 232.722198,58.580154, 774.013306, 0.999995
5, 695,1,774.013306, 774.013000, 476.500488, 232.722198,58.580154, 774.013306, 1.000000
5, 695,2,603.124268, 603.123657, 476.500488, 232.722198,58.580154, 774.013306, 1.000001
5, 695,3,610.305481, 610.304871, 476.500488, 232.722198,58.580154, 774.013306, 1.000001
5, 695,4,321.190918, 321.188934, 476.500488, 232.722198,58.580154, 774.013306, 1.000006
5, 695,5,325.096893, 325.094574, 476.500488, 232.722198,58.580154, 774.013306, 1.000007
5, 695,6,58.580154, 58.580753, 476.500488, 232.722198,58.580154, 774.013306, 0.999990
5, 695,7,662.490356, 662.488953, 476.500488, 232.722198,58.580154, 774.013306, 1.000002
5, 696,0,296.712067, 296.711334, 476.500458, 360.052979,15.344122, 930.494934, 1.000003
5, 696,1,226.693008, 226.696976, 476.500458, 360.052979,15.344122, 930.494934, 0.999982
5, 696,2,15.344122, 15.346875, 476.500458, 360.052979,15.344122, 930.494934, 0.999821
5, 696,3,774.452942, 774.454651, 476.500458, 360.052979,15.344122, 930.494934, 0.999998
5, 696,4,79.668922, 79.657898, 476.500458, 360.052979,15.344122, 930.494934, 1.000138
5, 696,5,790.464478, 790.465637, 476.500458, 360.052979,15.344122, 930.494934, 0.999999
5, 696,6,930.494934, 930.494263, 476.500458, 360.052979,15.344122, 930.494934, 1.000001
5, 696,7,698.173401, 698.172546, 476.500458, 360.052979,15.344122, 930.494934, 1.000001
5, 697,0,643.017700, 643.023132, 476.496552, 222.583603,111.863258, 765.789246, 0.999992
5, 697,1,338.950684, 338.952667, 476.496552, 222.583603,111.863258, 765.789246, 0.999994
5, 697,2,286.855011, 286.856323, 476.496552, 222.583603,111.863258, 765.789246, 0.999995
5, 697,3,765.789246, 765.794250, 476.496552, 222.583603,111.863258, 765.789246, 0.999993
5, 697,4,613.984680, 613.989563, 476.496552, 222.583603,111.863258, 765.789246, 0.999992
5, 697,5,111.863258, 111.860786, 476.496552, 222.583603,111.863258, 765.789246, 1.000022
5, 697,6,416.695282, 416.700012, 476.496552, 222.583603,111.863258, 765.789246, 0.999989
5, 697,7,634.816589, 634.822998, 476.496552, 222.583603,111.863258, 765.789246, 0.999990
5, 698,0,272.478363, 272.477142, 476.502533, 276.096161,25.107832, 875.282593, 1.000005
5, 698,1,413.035828, 413.033783, 476.502533, 276.096161,25.107832, 875.282593, 1.000005
5, 698,2,25.107832, 25.107754, 476.502533, 276.096161,25.107832, 875.282593, 1.000003
5, 698,3,612.931152, 612.930847, 476.502533, 276.096161,25.107832, 875.282593, 1.000000
5, 698,4,424.872711, 424.869781, 476.502533, 276.096161,25.107832, 875.282593, 1.000007
5, 698,5,398.958679, 398.952484, 476.502533, 276.096161,25.107832, 875.282593, 1.000015
5, 698,6,875.282593, 875.279785, 476.502533, 276.096161,25.107832, 875.282593, 1.000003
5, 698,7,789.353210, 789.348389, 476.502533, 276.096161,25.107832, 875.282593, 1.000006
5, 699,0,411.581360, 411.581482, 476.503571, 256.304626,134.364532, 888.288757, 1.000000
5, 699,1,888.288757, 888.280640, 476.503571, 256.304626,134.364532, 888.288757, 1.000009
5, 699,2,290.231323, 290.230560, 476.503571, 256.304626,134.364532, 888.288757, 1.000003
5, 699,3,237.490341, 237.491547, 476.503571, 256.304626,134.364532, 888.288757, 0.999995
5, 699,4,534.535156, 534.528687, 476.503571, 256.304626,134.364532, 888.288757, 1.000012
5, 699,5,134.364532, 134.362854, 476.503571, 256.304626,134.364532, 888.288757, 1.000013
5, 699,6,594.140442, 594.134949, 476.503571, 256.304626,134.364532, 888.288757, 1.000009
5, 699,7,721.396667, 721.389221, 476.503571, 256.304626,134.364532, 888.288757, 1.000010
5, 700,0,463.518951, 463.516815, 476.501282, 292.120789,30.992437, 885.837524, 1.000005
5, 700,1,525.914246, 525.913269, 476.501282, 292.120789,30.992437, 885.837524, 1.000002
5, 700,2,885.837524, 885.835510, 476.501282, 292.120789,30.992437, 885.837524, 1.000002
5, 700,3,556.404724, 556.403137, 476.501282, 292.120789,30.992437, 885.837524, 1.000003
5, 700,4,30.992437, 30.991976, 476.501282, 292.120789,30.992437, 885.837524, 1.000015
5, 700,5,244.291260, 244.292343, 476.501282, 292.120789,30.992437, 885.837524, 0.999996
5, 700,6,832.554016, 832.550598, 476.501282, 292.120789,30.992437, 885.837524, 1.000004
5, 700,7,272.497009, 272.496307, 476.501282, 292.120789,30.992437, 885.837524, 1.000003
5, 701,0,21.139763, 21.136848, 476.494812, 346.439240,13.176285, 810.136475, 1.000138
5, 701,1,796.893860, 796.907593, 476.494812, 346.439240,13.176285, 810.136475, 0.999983
5, 701,2,13.176285, 13.178205, 476.494812, 346.439240,13.176285, 810.136475, 0.999854
5, 701,3,639.728271, 639.730957, 476.494812, 346.439240,13.176285, 810.136475, 0.999996
5, 701,4,810.136475, 810.145752, 476.494812, 346.439240,13.176285, 810.136475, 0.999989
5, 701,5,507.682770, 507.691010, 476.494812, 346.439240,13.176285, 810.136475, 0.999984
5, 701,6,216.580215, 216.583282, 476.494812, 346.439240,13.176285, 810.136475, 0.999986
5, 701,7,806.620483, 806.626099, 476.494812, 346.439240,13.176285, 810.136475, 0.999993
5, 702,0,643.910156, 643.913452, 476.498016, 212.961624,124.812508, 732.382080, 0.999995
5, 702,1,335.032959, 335.032837, 476.498016, 212.961624,124.812508, 732.382080, 1.000000
5, 702,2,466.411743, 466.415924, 476.498016, 212.961624,124.812508, 732.382080, 0.999991
5, 702,3,275.614014, 275.616577, 476.498016, 212.961624,124.812508, 732.382080, 0.999991
5, 702,4,630.743347, 630.744202, 476.498016, 212.961624,124.812508, 732.382080, 0.999999
5, 702,5,124.812508, 124.811058, 476.498016, 212.961624,124.812508, 732.382080, 1.000012
5, 702,6,603.077332, 603.079956, 476.498016, 212.961624,124.812508, 732.382080, 0.999996
5, 702,7,732.382080, 732.385986, 476.498016, 212.961624,124.812508, 732.382080, 0.999995
5, 703,0,921.998108, 921.999756, 476.499176, 361.878479,62.579037, 921.998108, 0.999998
5, 703,1,450.858490, 450.862762, 476.499176, 361.878479,62.579037, 921.998108, 0.999991
5, 703,2,457.677094, 457.684296, 476.499176, 361.878479,62.579037, 921.998108, 0.999984
5, 703,3,795.107605, 795.107605, 476.499176, 361.878479,62.579037, 921.998108, 1.000000
5, 703,4,899.396423, 899.392212, 476.499176, 361.878479,62.579037, 921.998108, 1.000005
5, 703,5,62.579037, 62.579964, 476.499176, 361.878479,62.579037, 921.998108, 0.999985
5, 703,6,118.630707, 118.631050, 476.499176, 361.878479,62.579037, 921.998108, 0.999997
5, 703,7,105.745811, 105.742622, 476.499176, 361.878479,62.579037, 921.998108, 1.000030
5, 704,0,43.022434, 43.024937, 476.497375, 452.134338,43.022434, 1171.702026, 0.999942
5, 704,1,1171.702026, 1171.711304, 476.497375, 452.134338,43.022434, 1171.702026, 0.999992
5, 704,2,244.384308, 244.385803, 476.497375, 452.134338,43.022434, 1171.702026, 0.999994
5, 704,3,80.068016, 80.063950, 476.497375, 452.134338,43.022434, 1171.702026, 1.000051
5, 704,4,307.542419, 307.552856, 476.497375, 452.134338,43.022434, 1171.702026, 0.999966
5, 704,5,829.418152, 829.419800, 476.497375, 452.134338,43.022434, 1171.702026, 0.999998
5, 704,6,1003.190857, 1003.192932, 476.497375, 452.134338,43.022434, 1171.702026, 0.999998
5, 704,7,132.650604, 132.648407, 476.497375, 452.134338,43.022434, 1171.702026, 1.000017
5, 705,0,471.624847, 471.615723, 476.506897, 281.604370,145.356766, 865.769714, 1.000019
5, 705,1,604.815674, 604.801331, 476.506897, 281.604370,145.356766, 865.769714, 1.000024
5, 705,2,278.675934, 278.669769, 476.506897, 281.604370,145.356766, 865.769714, 1.000022
5, 705,3,844.855286, 844.850342, 476.506897, 281.604370,145.356766, 865.769714, 1.000006
5, 705,4,443.034576, 443.026489, 476.506897, 281.604370,145.356766, 865.769714, 1.000018
5, 705,5,157.922241, 157.921066, 476.506897, 281.604370,145.356766, 865.769714, 1.000007
5, 705,6,865.769714, 865.757080, 476.506897, 281.604370,145.356766, 865.769714, 1.000015
5, 705,7,145.356766, 145.358170, 476.506897, 281.604370,145.356766, 865.769714, 0.999990
5, 706,0,914.823975, 914.829407, 476.497803, 331.355133,48.899124, 914.823975, 0.999994
5, 706,1,210.689743, 210.684509, 476.497803, 331.355133,48.899124, 914.823975, 1.000025
5, 706,2,48.899124, 48.899632, 476.497803, 331.355133,48.899124, 914.823975, 0.999990
5, 706,3,376.968658, 376.971527, 476.497803, 331.355133,48.899124, 914.823975, 0.999992
5, 706,4,108.597870, 108.593239, 476.497803, 331.355133,48.899124, 914.823975, 1.000043
5, 706,5,687.188660, 687.196899, 476.497803, 331.355133,48.899124, 914.823975, 0.999988
5, 706,6,766.487000, 766.486023, 476.497803, 331.355133,48.899124, 914.823975, 1.000001
5, 706,7,698.327393, 698.338806, 476.497803, 331.355133,48.899124, 914.823975, 0.999984
5, 707,0,878.859924, 878.867615, 476.497437, 324.946594,83.882278, 878.859924, 0.999991
5, 707,1,128.596558, 128.593979, 476.497437, 324.946594,83.882278, 878.859924, 1.000020
5, 707,2,754.131592, 754.139038, 476.497437, 324.946594,83.882278, 878.859924, 0.999990
5, 707,3,709.584656, 709.589294, 476.497437, 324.946594,83.882278, 878.859924, 0.999993
5, 707,4,527.716797, 527.720215, 476.497437, 324.946594,83.882278, 878.859924, 0.999994
5, 707,5,83.882278, 83.883484, 476.497437, 324.946594,83.882278, 878.859924, 0.999986
5, 707,6,97.227074, 97.224304, 476.497437, 324.946594,83.882278, 878.859924, 1.000028
5, 707,7,631.980469, 631.982178, 476.497437, 324.946594,83.882278, 878.859924, 0.999997
5, 708,0,765.245728, 765.252197, 476.497559, 217.960526,230.756088, 767.277588, 0.999992
5, 708,1,230.756088, 230.757584, 476.497559, 217.960526,230.756088, 767.277588, 0.999994
5, 708,2,412.492889, 412.497711, 476.497559, 217.960526,230.756088, 767.277588, 0.999988
5, 708,3,338.326111, 338.323883, 476.497559, 217.960526,230.756088, 767.277588, 1.000007
5, 708,4,767.277588, 767.278137, 476.497559, 217.960526,230.756088, 767.277588, 0.999999
5, 708,5,640.929077, 640.930115, 476.497559, 217.960526,230.756088, 767.277588, 0.999998
5, 708,6,399.834900, 399.841400, 476.497559, 217.960526,230.756088, 767.277588, 0.999984
5, 708,7,257.118103, 257.118866, 476.497559, 217.960526,230.756088, 767.277588, 0.999997
5, 709,0,165.279541, 165.278412, 476.500549, 306.741669,37.028877, 883.198669, 1.000007
5, 709,1,306.517700, 306.519867, 476.500549, 306.741669,37.028877, 883.198669, 0.999993
5, 709,2,534.977600, 534.976440, 476.500549, 306.741669,37.028877, 883.198669, 1.000002
5, 709,3,37.028877, 37.027687, 476.500549, 306.741669,37.028877, 883.198669, 1.000032
5, 709,4,726.351135, 726.349854, 476.500549, 306.741669,37.028877, 883.198669, 1.000002
5, 709,5,370.338745, 370.340057, 476.500549, 306.741669,37.028877, 883.198669, 0.999996
5, 709,6,788.312134, 788.310120, 476.500549, 306.741669,37.028877, 883.198669, 1.000003
5, 709,7,883.198669, 883.197632, 476.500549, 306.741669,37.028877, 883.198669, 1.000001
5, 710,0,778.695923, 778.705505, 476.494446, 327.609772,17.776850, 990.832458, 0.999988
5, 710,1,117.932755, 117.931107, 476.494446, 327.609772,17.776850, 990.832458, 1.000014
5, 710,2,990.832458, 990.848145, 476.494446, 327.609772,17.776850, 990.832458, 0.999984
5, 710,3,552.906677, 552.914063, 476.494446, 327.609772,17.776850, 990.832458, 0.999987
5, 710,4,277.628479, 277.629761, 476.494446, 327.609772,17.776850, 990.832458, 0.999995
5, 710,5,579.712769, 579.720032, 476.494446, 327.609772,17.776850, 990.832458, 0.999987
5, 710,6,496.469849, 496.473846, 476.494446, 327.609772,17.776850, 990.832458, 0.999992
5, 710,7,17.776850, 17.777433, 476.494446, 327.609772,17.776850, 990.832458, 0.999967
5, 711,0,736.225525, 736.226135, 476.500366, 209.923996,170.640579, 736.225525, 0.999999
5, 711,1,232.480515, 232.481979, 476.500366, 209.923996,170.640579, 736.225525, 0.999994
5, 711,2,601.807983, 601.805908, 476.500366, 209.923996,170.640579, 736.225525, 1.000003
5, 711,3,524.911804, 524.911682, 476.500366, 209.923996,170.640579, 736.225525, 1.000000
5, 711,4,499.223389, 499.223999, 476.500366, 209.923996,170.640579, 736.225525, 0.999999
5, 711,5,343.119934, 343.119965, 476.500366, 209.923996,170.640579, 736.225525, 1.000000
5, 711,6,170.640579, 170.638550, 476.500366, 209.923996,170.640579, 736.225525, 1.000012
5, 711,7,703.593201, 703.591919, 476.500366, 209.923996,170.640579, 736.225525, 1.000002
5, 712,0,457.063721, 457.067566, 476.497009, 170.789322,261.097656, 728.104675, 0.999992
5, 712,1,694.082764, 694.093384, 476.497009, 170.789322,261.097656, 728.104675, 0.999985
5, 712,2,728.104675, 728.111389, 476.497009, 170.789322,261.097656, 728.104675, 0.999991
5, 712,3,552.648743, 552.650391, 476.497009, 170.789322,261.097656, 728.104675, 0.999997
5, 712,4,261.097656, 261.093445, 476.497009, 170.789322,261.097656, 728.104675, 1.000016
5, 712,5,418.543854, 418.547974, 476.497009, 170.789322,261.097656, 728.104675, 0.999990
5, 712,6,296.795990, 296.799500, 476.497009, 170.789322,261.097656, 728.104675, 0.999988
5, 712,7,403.638641, 403.636353, 476.497009, 170.789322,261.097656, 728.104675, 1.000006
5, 713,0,552.427734, 552.429077, 476.497528, 256.695557,112.039696, 804.481567, 0.999998
5, 713,1,682.553040, 682.559814, 476.497528, 256.695557,112.039696, 804.481567, 0.999990
5, 713,2,804.481567, 804.485046, 476.497528, 256.695557,112.039696, 804.481567, 0.999996
5, 713,3,265.405487, 265.407166, 476.497528, 256.695557,112.039696, 804.481567, 0.999994
5, 713,4,329.891937, 329.893463, 476.497528, 256.695557,112.039696, 804.481567, 0.999995
5, 713,5,112.039696, 112.039658, 476.497528, 256.695557,112.039696, 804.481567, 1.000000
5, 713,6,756.504456, 756.508423, 476.497528, 256.695557,112.039696, 804.481567, 0.999995
5, 713,7,308.676422, 308.677307, 476.497528, 256.695557,112.039696, 804.481567, 0.999997
5, 714,0,499.900635, 499.900879, 476.500122, 277.310852,15.144410, 815.470215, 1.000000
5, 714,1,410.865387, 410.864502, 476.500122, 277.310852,15.144410, 815.470215, 1.000002
5, 714,2,699.326538, 699.329285, 476.500122, 277.310852,15.144410, 815.470215, 0.999996
5, 714,3,15.144410, 15.144436, 476.500122, 277.310852,15.144410, 815.470215, 0.999998
5, 714,4,376.985443, 376.986481, 476.500122, 277.310852,15.144410, 815.470215, 0.999997
5, 714,5,815.470215, 815.468140, 476.500122, 277.310852,15.144410, 815.470215, 1.000003
5, 714,6,227.621445, 227.622192, 476.500122, 277.310852,15.144410, 815.470215, 0.999997
5, 714,7,766.687073, 766.683777, 476.500122, 277.310852,15.144410, 815.470215, 1.000004
5, 715,0,366.628082, 366.630432, 476.497101, 270.961823,86.952377, 841.726135, 0.999994
5, 715,1,841.726135, 841.735840, 476.497101, 270.961823,86.952377, 841.726135, 0.999988
5, 715,2,86.952377, 86.948456, 476.497101, 270.961823,86.952377, 841.726135, 1.000045
5, 715,3,682.321655, 682.324341, 476.497101, 270.961823,86.952377, 841.726135, 0.999996
5, 715,4,773.983459, 773.995544, 476.497101, 270.961823,86.952377, 841.726135, 0.999984
5, 715,5,471.149323, 471.152100, 476.497101, 270.961823,86.952377, 841.726135, 0.999994
5, 715,6,195.421844, 195.420135, 476.497101, 270.961823,86.952377, 841.726135, 1.000009
5, 715,7,393.793732, 393.793274, 476.497101, 270.961823,86.952377, 841.726135, 1.000001
5, 716,0,332.835724, 332.837952, 476.497314, 245.511200,66.218681, 739.226318, 0.999993
5, 716,1,586.502380, 586.508118, 476.497314, 245.511200,66.218681, 739.226318, 0.999990
5, 716,2,739.226318, 739.228088, 476.497314, 245.511200,66.218681, 739.226318, 0.999998
5, 716,3,638.906189, 638.913574, 476.497314, 245.511200,66.218681, 739.226318, 0.999988
5, 716,4,212.487686, 212.488815, 476.497314, 245.511200,66.218681, 739.226318, 0.999995
5, 716,5,706.692200, 706.692383, 476.497314, 245.511200,66.218681, 739.226318, 1.000000
5, 716,6,66.218681, 66.219429, 476.497314, 245.511200,66.218681, 739.226318, 0.999989
5, 716,7,529.109070, 529.111511, 476.497314, 245.511200,66.218681, 739.226318, 0.999995
5, 717,0,872.852173, 872.859314, 476.495453, 293.848480,37.403419, 872.852173, 0.999992
5, 717,1,625.925171, 625.927368, 476.495453, 293.848480,37.403419, 872.852173, 0.999996
5, 717,2,321.895813, 321.890717, 476.495453, 293.848480,37.403419, 872.852173, 1.000016
5, 717,3,620.716797, 620.730591, 476.495453, 293.848480,37.403419, 872.852173, 0.999978
5, 717,4,713.199585, 713.208313, 476.495453, 293.848480,37.403419, 872.852173, 0.999988
5, 717,5,504.944244, 504.956390, 476.495453, 293.848480,37.403419, 872.852173, 0.999976
5, 717,6,37.403419, 37.400795, 476.495453, 293.848480,37.403419, 872.852173, 1.000070
5, 717,7,115.026611, 115.026543, 476.495453, 293.848480,37.403419, 872.852173, 1.000001
5, 718,0,616.565613, 616.559326, 476.504486, 187.316956,172.311127, 692.618530, 1.000010
5, 718,1,332.166412, 332.168640, 476.504486, 187.316956,172.311127, 692.618530, 0.999993
5, 718,2,566.202271, 566.188660, 476.504486, 187.316956,172.311127, 692.618530, 1.000024
5, 718,3,692.618530, 692.612061, 476.504486, 187.316956,172.311127, 692.618530, 1.000009
5, 718,4,507.676636, 507.671204, 476.504486, 187.316956,172.311127, 692.618530, 1.000011
5, 718,5,172.311127, 172.313782, 476.504486, 187.316956,172.311127, 692.618530, 0.999985
5, 718,6,294.170105, 294.167145, 476.504486, 187.316956,172.311127, 692.618530, 1.000010
5, 718,7,630.325134, 630.319336, 476.504486, 187.316956,172.311127, 692.618530, 1.000009
5, 719,0,696.257141, 696.266846, 476.493622, 300.174042,126.696815, 917.419250, 0.999986
5, 719,1,169.061081, 169.059875, 476.493622, 300.174042,126.696815, 917.419250, 1.000007
5, 719,2,521.923340, 521.921753, 476.493622, 300.174042,126.696815, 917.419250, 1.000003
5, 719,3,793.178162, 793.184692, 476.493622, 300.174042,126.696815, 917.419250, 0.999992
5, 719,4,325.107666, 325.116089, 476.493622, 300.174042,126.696815, 917.419250, 0.999974
5, 719,5,262.305542, 262.306458, 476.493622, 300.174042,126.696815, 917.419250, 0.999996
5, 719,6,126.696815, 126.708427, 476.493622, 300.174042,126.696815, 917.419250, 0.999908
5, 719,7,917.419250, 917.435547, 476.493622, 300.174042,126.696815, 917.419250, 0.999982
5, 720,0,806.013306, 806.013367, 476.500061, 335.570282,43.665775, 881.234619, 1.000000
5, 720,1,45.552677, 45.553780, 476.500061, 335.570282,43.665775, 881.234619, 0.999976
5, 720,2,188.814774, 188.814590, 476.500061, 335.570282,43.665775, 881.234619, 1.000001
5, 720,3,43.665775, 43.664772, 476.500061, 335.570282,43.665775, 881.234619, 1.000023
5, 720,4,881.234619, 881.236267, 476.500061, 335.570282,43.665775, 881.234619, 0.999998
5, 720,5,579.232239, 579.231506, 476.500061, 335.570282,43.665775, 881.234619, 1.000001
5, 720,6,629.627380, 629.627502, 476.500061, 335.570282,43.665775, 881.234619, 1.000000
5, 720,7,637.859741, 637.858154, 476.500061, 335.570282,43.665775, 881.234619, 1.000003
5, 721,0,132.272354, 132.270721, 476.494629, 366.647552,31.207586, 837.421021, 1.000012
5, 721,1,837.421021, 837.431885, 476.494629, 366.647552,31.207586, 837.421021, 0.999987
5, 721,2,827.239197, 827.244751, 476.494629, 366.647552,31.207586, 837.421021, 0.999993
5, 721,3,807.315857, 807.325500, 476.494629, 366.647552,31.207586, 837.421021, 0.999988
5, 721,4,31.207586, 31.208426, 476.494629, 366.647552,31.207586, 837.421021, 0.999973
5, 721,5,788.153870, 788.164673, 476.494629, 366.647552,31.207586, 837.421021, 0.999986
5, 721,6,144.327133, 144.328445, 476.494629, 366.647552,31.207586, 837.421021, 0.999991
5, 721,7,244.020081, 244.025726, 476.494629, 366.647552,31.207586, 837.421021, 0.999977
5, 722,0,24.864382, 24.865799, 476.501434, 347.832001,24.864382, 984.414124, 0.999943
5, 722,1,810.992615, 810.989502, 476.501434, 347.832001,24.864382, 984.414124, 1.000004
5, 722,2,267.328979, 267.325928, 476.501434, 347.832001,24.864382, 984.414124, 1.000011
5, 722,3,197.137131, 197.136307, 476.501434, 347.832001,24.864382, 984.414124, 1.000004
5, 722,4,769.956543, 769.955566, 476.501434, 347.832001,24.864382, 984.414124, 1.000001
5, 722,5,984.414124, 984.411804, 476.501434, 347.832001,24.864382, 984.414124, 1.000002
5, 722,6,226.977768, 226.975891, 476.501434, 347.832001,24.864382, 984.414124, 1.000008
5, 722,7,530.339905, 530.339050, 476.501434, 347.832001,24.864382, 984.414124, 1.000002
5, 723,0,57.662411, 57.659096, 476.496399, 301.495819,57.662411, 836.438782, 1.000057
5, 723,1,363.472198, 363.465149, 476.496399, 301.495819,57.662411, 836.438782, 1.000019
5, 723,2,117.629730, 117.628189, 476.496399, 301.495819,57.662411, 836.438782, 1.000013
5, 723,3,778.812134, 778.817200, 476.496399, 301.495819,57.662411, 836.438782, 0.999994
5, 723,4,427.006805, 427.010620, 476.496399, 301.495819,57.662411, 836.438782, 0.999991
5, 723,5,446.235107, 446.240112, 476.496399, 301.495819,57.662411, 836.438782, 0.999989
5, 723,6,836.438782, 836.453796, 476.496399, 301.495819,57.662411, 836.438782, 0.999982
5, 723,7,784.714172, 784.725952, 476.496399, 301.495819,57.662411, 836.438782, 0.999985
5, 724,0,835.289734, 835.298462, 476.495331, 251.248215,66.517464, 835.289734, 0.999990
5, 724,1,367.588226, 367.589233, 476.495331, 251.248215,66.517464, 835.289734, 0.999997
5, 724,2,486.095642, 486.099762, 476.495331, 251.248215,66.517464, 835.289734, 0.999992
5, 724,3,387.386505, 387.389984, 476.495331, 251.248215,66.517464, 835.289734, 0.999991
5, 724,4,634.286804, 634.298096, 476.495331, 251.248215,66.517464, 835.289734, 0.999982
5, 724,5,66.517464, 66.516304, 476.495331, 251.248215,66.517464, 835.289734, 1.000017
5, 724,6,737.542908, 737.550537, 476.495331, 251.248215,66.517464, 835.289734, 0.999990
5, 724,7,297.255066, 297.257843, 476.495331, 251.248215,66.517464, 835.289734, 0.999991
5, 725,0,208.311218, 208.308685, 476.495789, 356.551331,72.109642, 1151.164917, 1.000012
5, 725,1,1151.164917, 1151.165405, 476.495789, 356.551331,72.109642, 1151.164917, 1.000000
5, 725,2,72.109642, 72.113930, 476.495789, 356.551331,72.109642, 1151.164917, 0.999941
5, 725,3,396.493805, 396.502502, 476.495789, 356.551331,72.109642, 1151.164917, 0.999978
5, 725,4,570.574036, 570.592468, 476.495789, 356.551331,72.109642, 1151.164917, 0.999968
5, 725,5,123.041611, 123.044502, 476.495789, 356.551331,72.109642, 1151.164917, 0.999977
5, 725,6,611.872314, 611.871155, 476.495789, 356.551331,72.109642, 1151.164917, 1.000002
5, 725,7,678.398804, 678.401428, 476.495789, 356.551331,72.109642, 1151.164917, 0.999996
5, 726,0,530.010437, 530.008118, 476.501648, 244.281586,112.798035, 839.673645, 1.000004
5, 726,1,839.673645, 839.668396, 476.501648, 244.281586,112.798035, 839.673645, 1.000006
5, 726,2,704.487915, 704.480530, 476.501648, 244.281586,112.798035, 839.673645, 1.000010
5, 726,3,112.798035, 112.800522, 476.501648, 244.281586,112.798035, 839.673645, 0.999978
5, 726,4,297.107819, 297.107178, 476.501648, 244.281586,112.798035, 839.673645, 1.000002
5, 726,5,647.391541, 647.389526, 476.501648, 244.281586,112.798035, 839.673645, 1.000003
5, 726,6,330.355408, 330.360016, 476.501648, 244.281586,112.798035, 839.673645, 0.999986
5, 726,7,350.188232, 350.185822, 476.501648, 244.281586,112.798035, 839.673645, 1.000007
5, 727,0,627.370850, 627.367126, 476.506378, 348.814087,94.215103, 941.920532, 1.000006
5, 727,1,250.174088, 250.170105, 476.506378, 348.814087,94.215103, 941.920532, 1.000016
5, 727,2,941.920532, 941.917419, 476.506378, 348.814087,94.215103, 941.920532, 1.000003
5, 727,3,876.629211, 876.607971, 476.506378, 348.814087,94.215103, 941.920532, 1.000024
5, 727,4,162.067596, 162.066772, 476.506378, 348.814087,94.215103, 941.920532, 1.000005
5, 727,5,705.181335, 705.170776, 476.506378, 348.814087,94.215103, 941.920532, 1.000015
5, 727,6,94.215103, 94.211693, 476.506378, 348.814087,94.215103, 941.920532, 1.000036
5, 727,7,154.492081, 154.488312, 476.506378, 348.814087,94.215103, 941.920532, 1.000024
5, 728,0,847.491028, 847.493225, 476.499054, 267.699036,65.295975, 847.491028, 0.999997
5, 728,1,341.915070, 341.912933, 476.499054, 267.699036,65.295975, 847.491028, 1.000006
5, 728,2,669.819641, 669.822937, 476.499054, 267.699036,65.295975, 847.491028, 0.999995
5, 728,3,166.475433, 166.475082, 476.499054, 267.699036,65.295975, 847.491028, 1.000002
5, 728,4,665.178711, 665.178467, 476.499054, 267.699036,65.295975, 847.491028, 1.000000
5, 728,5,493.050598, 493.050751, 476.499054, 267.699036,65.295975, 847.491028, 1.000000
5, 728,6,65.295975, 65.297440, 476.499054, 267.699036,65.295975, 847.491028, 0.999978
5, 728,7,562.766174, 562.769165, 476.499054, 267.699036,65.295975, 847.491028, 0.999995
5, 729,0,117.713593, 117.711334, 476.505188, 345.432709,117.713593, 1081.561157, 1.000019
5, 729,1,474.252563, 474.240997, 476.505188, 345.432709,117.713593, 1081.561157, 1.000024
5, 729,2,296.852386, 296.852295, 476.505188, 345.432709,117.713593, 1081.561157, 1.000000
5, 729,3,898.289001, 898.283447, 476.505188, 345.432709,117.713593, 1081.561157, 1.000006
5, 729,4,218.309052, 218.310638, 476.505188, 345.432709,117.713593, 1081.561157, 0.999993
5, 729,5,1081.561157, 1081.547363, 476.505188, 345.432709,117.713593, 1081.561157, 1.000013
5, 729,6,499.672607, 499.665649, 476.505188, 345.432709,117.713593, 1081.561157, 1.000014
5, 729,7,225.390930, 225.388306, 476.505188, 345.432709,117.713593, 1081.561157, 1.000012
5, 730,0,139.095474, 139.093338, 476.505310, 261.255768,113.739998, 868.574097, 1.000015
5, 730,1,639.258301, 639.250549, 476.505310, 261.255768,113.739998, 868.574097, 1.000012
5, 730,2,460.007935, 460.005646, 476.505310, 261.255768,113.739998, 868.574097, 1.000005
5, 730,3,868.574097, 868.560303, 476.505310, 261.255768,113.739998, 868.574097, 1.000016
5, 730,4,366.557556, 366.553162, 476.505310, 261.255768,113.739998, 868.574097, 1.000012
5, 730,5,113.739998, 113.742950, 476.505310, 261.255768,113.739998, 868.574097, 0.999974
5, 730,6,650.044922, 650.032410, 476.505310, 261.255768,113.739998, 868.574097, 1.000019
5, 730,7,574.764221, 574.761719, 476.505310, 261.255768,113.739998, 868.574097, 1.000004
5, 731,0,538.489563, 538.493347, 476.496155, 158.464935,211.924500, 644.778381, 0.999993
5, 731,1,644.778381, 644.783386, 476.496155, 158.464935,211.924500, 644.778381, 0.999992
5, 731,2,418.232635, 418.235779, 476.496155, 158.464935,211.924500, 644.778381, 0.999992
5, 731,3,211.924500, 211.922363, 476.496155, 158.464935,211.924500, 644.778381, 1.000010
5, 731,4,615.850952, 615.855347, 476.496155, 158.464935,211.924500, 644.778381, 0.999993
5, 731,5,352.255005, 352.259613, 476.496155, 158.464935,211.924500, 644.778381, 0.999987
5, 731,6,642.436523, 642.444397, 476.496155, 158.464935,211.924500, 644.778381, 0.999988
5, 731,7,388.001953, 388.005920, 476.496155, 158.464935,211.924500, 644.778381, 0.999990
5, 732,0,214.645325, 214.639694, 476.493378, 222.581161,214.645325, 830.943909, 1.000026
5, 732,1,312.049408, 312.054016, 476.493378, 222.581161,214.645325, 830.943909, 0.999985
5, 732,2,253.278961, 253.282608, 476.493378, 222.581161,214.645325, 830.943909, 0.999986
5, 732,3,524.532104, 524.542542, 476.493378, 222.581161,214.645325, 830.943909, 0.999980
5, 732,4,669.135864, 669.144836, 476.493378, 222.581161,214.645325, 830.943909, 0.999987
5, 732,5,371.708435, 371.711578, 476.493378, 222.581161,214.645325, 830.943909, 0.999992
5, 732,6,635.653015, 635.660706, 476.493378, 222.581161,214.645325, 830.943909, 0.999988
5, 732,7,830.943909, 830.964050, 476.493378, 222.581161,214.645325, 830.943909, 0.999976
5, 733,0,360.268494, 360.266754, 476.504547, 226.412918,114.626854, 743.492493, 1.000005
5, 733,1,700.608643, 700.600281, 476.504547, 226.412918,114.626854, 743.492493, 1.000012
5, 733,2,743.492493, 743.484497, 476.504547, 226.412918,114.626854, 743.492493, 1.000011
5, 733,3,323.730743, 323.730682, 476.504547, 226.412918,114.626854, 743.492493, 1.000000
5, 733,4,114.626854, 114.630180, 476.504547, 226.412918,114.626854, 743.492493, 0.999971
5, 733,5,573.807678, 573.797302, 476.504547, 226.412918,114.626854, 743.492493, 1.000018
5, 733,6,325.765747, 325.763031, 476.504547, 226.412918,114.626854, 743.492493, 1.000008
5, 733,7,669.735657, 669.727295, 476.504547, 226.412918,114.626854, 743.492493, 1.000013
5, 734,0,526.328003, 526.326355, 476.500031, 258.396881,17.397898, 807.169922, 1.000003
5, 734,1,807.169922, 807.171631, 476.500031, 258.396881,17.397898, 807.169922, 0.999998
5, 734,2,749.899109, 749.899902, 476.500031, 258.396881,17.397898, 807.169922, 0.999999
5, 734,3,616.453308, 616.450562, 476.500031, 258.396881,17.397898, 807.169922, 1.000004
5, 734,4,317.758423, 317.756683, 476.500031, 258.396881,17.397898, 807.169922, 1.000005
5, 734,5,318.638397, 318.637787, 476.500031, 258.396881,17.397898, 807.169922, 1.000002
5, 734,6,17.397898, 17.401264, 476.500031, 258.396881,17.397898, 807.169922, 0.999807
5, 734,7,458.354980, 458.355530, 476.500031, 258.396881,17.397898, 807.169922, 0.999999
5, 735,0,66.379517, 66.378952, 476.502716, 301.538879,66.379517, 881.262329, 1.000008
5, 735,1,284.504913, 284.505707, 476.502716, 301.538879,66.379517, 881.262329, 0.999997
5, 735,2,117.915146, 117.913055, 476.502716, 301.538879,66.379517, 881.262329, 1.000018
5, 735,3,569.223083, 569.215393, 476.502716, 301.538879,66.379517, 881.262329, 1.000013
5, 735,4,881.262329, 881.261963, 476.502716, 301.538879,66.379517, 881.262329, 1.000000
5, 735,5,585.184692, 585.184448, 476.502716, 301.538879,66.379517, 881.262329, 1.000000
5, 735,6,820.718872, 820.714783, 476.502716, 301.538879,66.379517, 881.262329, 1.000005
5, 735,7,486.833160, 486.825775, 476.502716, 301.538879,66.379517, 881.262329, 1.000015
5, 736,0,203.786514, 203.784576, 476.502808, 223.820389,139.021774, 709.928040, 1.000010
5, 736,1,139.021774, 139.021332, 476.502808, 223.820389,139.021774, 709.928040, 1.000003
5, 736,2,657.258301, 657.258911, 476.502808, 223.820389,139.021774, 709.928040, 0.999999
5, 736,3,436.664246, 436.659882, 476.502808, 223.820389,139.021774, 709.928040, 1.000010
5, 736,4,612.353821, 612.348511, 476.502808, 223.820389,139.021774, 709.928040, 1.000009
5, 736,5,709.928040, 709.921570, 476.502808, 223.820389,139.021774, 709.928040, 1.000009
5, 736,6,684.932251, 684.929871, 476.502808, 223.820389,139.021774, 709.928040, 1.000003
5, 736,7,368.077759, 368.075409, 476.502808, 223.820389,139.021774, 709.928040, 1.000006
5, 737,0,295.176361, 295.173004, 476.496552, 408.009186,49.129894, 1116.921143, 1.000011
5, 737,1,1108.021240, 1108.030029, 476.496552, 408.009186,49.129894, 1116.921143, 0.999992
5, 737,2,341.141693, 341.144897, 476.496552, 408.009186,49.129894, 1116.921143, 0.999991
5, 737,3,415.543274, 415.545868, 476.496552, 408.009186,49.129894, 1116.921143, 0.999994
5, 737,4,312.857971, 312.862946, 476.496552, 408.009186,49.129894, 1116.921143, 0.999984
5, 737,5,49.129894, 49.131294, 476.496552, 408.009186,49.129894, 1116.921143, 0.999972
5, 737,6,173.180893, 173.181900, 476.496552, 408.009186,49.129894, 1116.921143, 0.999994
5, 737,7,1116.921143, 1116.930176, 476.496552, 408.009186,49.129894, 1116.921143, 0.999992
5, 738,0,432.823242, 432.812866, 476.506409, 215.106430,231.012451, 731.458557, 1.000024
5, 738,1,723.300842, 723.290283, 476.506409, 215.106430,231.012451, 731.458557, 1.000015
5, 738,2,354.958405, 354.954834, 476.506409, 215.106430,231.012451, 731.458557, 1.000010
5, 738,3,731.458557, 731.445129, 476.506409, 215.106430,231.012451, 731.458557, 1.000018
5, 738,4,713.671753, 713.664490, 476.506409, 215.106430,231.012451, 731.458557, 1.000010
5, 738,5,231.012451, 231.006439, 476.506409, 215.106430,231.012451, 731.458557, 1.000026
5, 738,6,386.363159, 386.361267, 476.506409, 215.106430,231.012451, 731.458557, 1.000005
5, 738,7,238.462967, 238.464508, 476.506409, 215.106430,231.012451, 731.458557, 0.999994
5, 739,0,629.274353, 629.276184, 476.498138, 212.357559,193.530029, 751.764709, 0.999997
5, 739,1,273.106110, 273.106750, 476.498138, 212.357559,193.530029, 751.764709, 0.999998
5, 739,2,412.602478, 412.605621, 476.498138, 212.357559,193.530029, 751.764709, 0.999992
5, 739,3,468.128571, 468.129242, 476.498138, 212.357559,193.530029, 751.764709, 0.999999
5, 739,4,751.764709, 751.765930, 476.498138, 212.357559,193.530029, 751.764709, 0.999998
5, 739,5,338.762329, 338.764496, 476.498138, 212.357559,193.530029, 751.764709, 0.999994
5, 739,6,744.816467, 744.819519, 476.498138, 212.357559,193.530029, 751.764709, 0.999996
5, 739,7,193.530029, 193.532410, 476.498138, 212.357559,193.530029, 751.764709, 0.999988
5, 740,0,299.677643, 299.674835, 476.503174, 254.496063,72.337021, 792.535400, 1.000009
5, 740,1,792.535400, 792.531616, 476.503174, 254.496063,72.337021, 792.535400, 1.000005
5, 740,2,385.107544, 385.105072, 476.503174, 254.496063,72.337021, 792.535400, 1.000006
5, 740,3,637.852234, 637.844788, 476.503174, 254.496063,72.337021, 792.535400, 1.000012
5, 740,4,727.452698, 727.448120, 476.503174, 254.496063,72.337021, 792.535400, 1.000006
5, 740,5,275.388824, 275.388397, 476.503174, 254.496063,72.337021, 792.535400, 1.000002
5, 740,6,621.674011, 621.671143, 476.503174, 254.496063,72.337021, 792.535400, 1.000005
5, 740,7,72.337021, 72.336082, 476.503174, 254.496063,72.337021, 792.535400, 1.000013
5, 741,0,671.143127, 671.129639, 476.505280, 212.604340,104.054390, 743.393799, 1.000020
5, 741,1,498.902466, 498.904388, 476.505280, 212.604340,104.054390, 743.393799, 0.999996
5, 741,2,743.393799, 743.383240, 476.505280, 212.604340,104.054390, 743.393799, 1.000014
5, 741,3,609.548523, 609.536804, 476.505280, 212.604340,104.054390, 743.393799, 1.000019
5, 741,4,300.109741, 300.107086, 476.505280, 212.604340,104.054390, 743.393799, 1.000009
5, 741,5,534.459900, 534.458069, 476.505280, 212.604340,104.054390, 743.393799, 1.000003
5, 741,6,350.430115, 350.426056, 476.505280, 212.604340,104.054390, 743.393799, 1.000012
5, 741,7,104.054390, 104.054924, 476.505280, 212.604340,104.054390, 743.393799, 0.999995
5, 742,0,609.823547, 609.831726, 476.498932, 331.096497,59.697876, 1023.731934, 0.999987
5, 742,1,59.697876, 59.696796, 476.498932, 331.096497,59.697876, 1023.731934, 1.000018
5, 742,2,1023.731934, 1023.734009, 476.498932, 331.096497,59.697876, 1023.731934, 0.999998
5, 742,3,557.120483, 557.129517, 476.498932, 331.096497,59.697876, 1023.731934, 0.999984
5, 742,4,180.378082, 180.375748, 476.498932, 331.096497,59.697876, 1023.731934, 1.000013
5, 742,5,800.128601, 800.129456, 476.498932, 331.096497,59.697876, 1023.731934, 0.999999
5, 742,6,225.986938, 225.982773, 476.498932, 331.096497,59.697876, 1023.731934, 1.000018
5, 742,7,355.123779, 355.120087, 476.498932, 331.096497,59.697876, 1023.731934, 1.000010
5, 743,0,538.481995, 538.476318, 476.504852, 328.625061,22.468540, 944.724670, 1.000010
5, 743,1,596.628052, 596.620056, 476.504852, 328.625061,22.468540, 944.724670, 1.000013
5, 743,2,315.197662, 315.196228, 476.504852, 328.625061,22.468540, 944.724670, 1.000005
5, 743,3,899.887634, 899.877075, 476.504852, 328.625061,22.468540, 944.724670, 1.000012
5, 743,4,22.468540, 22.471317, 476.504852, 328.625061,22.468540, 944.724670, 0.999876
5, 743,5,278.884827, 278.885651, 476.504852, 328.625061,22.468540, 944.724670, 0.999997
5, 743,6,944.724670, 944.713623, 476.504852, 328.625061,22.468540, 944.724670, 1.000012
5, 743,7,215.765732, 215.760040, 476.504852, 328.625061,22.468540, 944.724670, 1.000026
5, 744,0,1127.543579, 1127.542236, 476.499695, 377.582062,40.754623, 1127.543579, 1.000001
5, 744,1,200.085083, 200.082184, 476.499695, 377.582062,40.754623, 1127.543579, 1.000015
5, 744,2,221.952957, 221.953873, 476.499695, 377.582062,40.754623, 1127.543579, 0.999996
5, 744,3,280.370636, 280.374298, 476.499695, 377.582062,40.754623, 1127.543579, 0.999987
5, 744,4,40.754623, 40.757057, 476.499695, 377.582062,40.754623, 1127.543579, 0.999940
5, 744,5,618.304565, 618.306152, 476.499695, 377.582062,40.754623, 1127.543579, 0.999997
5, 744,6,902.351990, 902.350342, 476.499695, 377.582062,40.754623, 1127.543579, 1.000002
5, 744,7,420.634033, 420.633667, 476.499695, 377.582062,40.754623, 1127.543579, 1.000001
5, 745,0,767.508301, 767.502319, 476.504028, 322.785614,41.465057, 807.618286, 1.000008
5, 745,1,807.618286, 807.617004, 476.504028, 322.785614,41.465057, 807.618286, 1.000002
5, 745,2,41.465057, 41.466427, 476.504028, 322.785614,41.465057, 807.618286, 0.999967
5, 745,3,628.670288, 628.664429, 476.504028, 322.785614,41.465057, 807.618286, 1.000009
5, 745,4,107.143196, 107.145660, 476.504028, 322.785614,41.465057, 807.618286, 0.999977
5, 745,5,537.198425, 537.186829, 476.504028, 322.785614,41.465057, 807.618286, 1.000022
5, 745,6,159.534546, 159.531265, 476.504028, 322.785614,41.465057, 807.618286, 1.000021
5, 745,7,762.894165, 762.886169, 476.504028, 322.785614,41.465057, 807.618286, 1.000010
5, 746,0,173.240265, 173.239960, 476.503357, 365.647156,131.950012, 1020.661865, 1.000002
5, 746,1,149.559174, 149.556168, 476.503357, 365.647156,131.950012, 1020.661865, 1.000020
5, 746,2,386.030853, 386.030396, 476.503357, 365.647156,131.950012, 1020.661865, 1.000001
5, 746,3,131.950012, 131.947937, 476.503357, 365.647156,131.950012, 1020.661865, 1.000016
5, 746,4,845.414734, 845.408875, 476.503357, 365.647156,131.950012, 1020.661865, 1.000007
5, 746,5,264.192261, 264.191589, 476.503357, 365.647156,131.950012, 1020.661865, 1.000003
5, 746,6,840.977722, 840.970337, 476.503357, 365.647156,131.950012, 1020.661865, 1.000009
5, 746,7,1020.661865, 1020.654358, 476.503357, 365.647156,131.950012, 1020.661865, 1.000007
5, 747,0,89.804108, 89.804207, 476.505524, 264.793854,89.804108, 871.066284, 0.999999
5, 747,1,232.857956, 232.855942, 476.505524, 264.793854,89.804108, 871.066284, 1.000009
5, 747,2,522.921021, 522.914063, 476.505524, 264.793854,89.804108, 871.066284, 1.000013
5, 747,3,871.066284, 871.052307, 476.505524, 264.793854,89.804108, 871.066284, 1.000016
5, 747,4,298.477509, 298.476288, 476.505524, 264.793854,89.804108, 871.066284, 1.000004
5, 747,5,747.011841, 747.009155, 476.505524, 264.793854,89.804108, 871.066284, 1.000004
5, 747,6,610.140564, 610.126587, 476.505524, 264.793854,89.804108, 871.066284, 1.000023
5, 747,7,439.764984, 439.761627, 476.505524, 264.793854,89.804108, 871.066284, 1.000008
5, 748,0,64.324463, 64.317787, 476.505066, 480.105957,29.707912, 1171.224243, 1.000104
5, 748,1,560.859863, 560.855957, 476.505066, 480.105957,29.707912, 1171.224243, 1.000007
5, 748,2,160.923004, 160.917313, 476.505066, 480.105957,29.707912, 1171.224243, 1.000035
5, 748,3,670.897766, 670.892273, 476.505066, 480.105957,29.707912, 1171.224243, 1.000008
5, 748,4,1123.239014, 1123.229126, 476.505066, 480.105957,29.707912, 1171.224243, 1.000009
5, 748,5,30.864372, 30.855537, 476.505066, 480.105957,29.707912, 1171.224243, 1.000286
5, 748,6,29.707912, 29.714190, 476.505066, 480.105957,29.707912, 1171.224243, 0.999789
5, 748,7,1171.224243, 1171.217773, 476.505066, 480.105957,29.707912, 1171.224243, 1.000005
5, 749,0,471.637726, 471.648071, 476.494476, 219.469269,177.724167, 799.737976, 0.999978
5, 749,1,443.408569, 443.411102, 476.494476, 219.469269,177.724167, 799.737976, 0.999994
5, 749,2,799.737976, 799.746582, 476.494476, 219.469269,177.724167, 799.737976, 0.999989
5, 749,3,395.648193, 395.655334, 476.494476, 219.469269,177.724167, 799.737976, 0.999982
5, 749,4,177.724167, 177.728149, 476.494476, 219.469269,177.724167, 799.737976, 0.999978
5, 749,5,243.952179, 243.947586, 476.494476, 219.469269,177.724167, 799.737976, 1.000019
5, 749,6,521.035461, 521.041992, 476.494476, 219.469269,177.724167, 799.737976, 0.999987
5, 749,7,758.811707, 758.821045, 476.494476, 219.469269,177.724167, 799.737976, 0.999988
5, 750,0,682.552002, 682.550476, 476.501770, 211.716629,126.608582, 769.514160, 1.000002
5, 750,1,322.268463, 322.266815, 476.501770, 211.716629,126.608582, 769.514160, 1.000005
5, 750,2,578.287903, 578.286865, 476.501770, 211.716629,126.608582, 769.514160, 1.000002
5, 750,3,769.514160, 769.515564, 476.501770, 211.716629,126.608582, 769.514160, 0.999998
5, 750,4,574.962830, 574.958191, 476.501770, 211.716629,126.608582, 769.514160, 1.000008
5, 750,5,126.608582, 126.608620, 476.501770, 211.716629,126.608582, 769.514160, 1.000000
5, 750,6,387.221741, 387.215393, 476.501770, 211.716629,126.608582, 769.514160, 1.000016
5, 750,7,370.598450, 370.598175, 476.501770, 211.716629,126.608582, 769.514160, 1.000001
5, 751,0,681.565308, 681.561584, 476.503418, 191.983200,185.162003, 682.703125, 1.000005
5, 751,1,442.340088, 442.328217, 476.503418, 191.983200,185.162003, 682.703125, 1.000027
5, 751,2,214.969650, 214.969009, 476.503418, 191.983200,185.162003, 682.703125, 1.000003
5, 751,3,593.301147, 593.297363, 476.503418, 191.983200,185.162003, 682.703125, 1.000006
5, 751,4,682.703125, 682.693542, 476.503418, 191.983200,185.162003, 682.703125, 1.000014
5, 751,5,185.162003, 185.170303, 476.503418, 191.983200,185.162003, 682.703125, 0.999955
5, 751,6,463.529297, 463.524811, 476.503418, 191.983200,185.162003, 682.703125, 1.000010
5, 751,7,548.456543, 548.455261, 476.503418, 191.983200,185.162003, 682.703125, 1.000002
5, 752,0,602.435730, 602.446899, 476.494507, 116.510895,332.070526, 620.588318, 0.999981
5, 752,1,397.983521, 397.987152, 476.494507, 116.510895,332.070526, 620.588318, 0.999991
5, 752,2,513.640442, 513.643188, 476.494507, 116.510895,332.070526, 620.588318, 0.999995
5, 752,3,371.567261, 371.576721, 476.494507, 116.510895,332.070526, 620.588318, 0.999975
5, 752,4,583.720581, 583.725037, 476.494507, 116.510895,332.070526, 620.588318, 0.999992
5, 752,5,332.070526, 332.076447, 476.494507, 116.510895,332.070526, 620.588318, 0.999982
5, 752,6,389.949341, 389.952545, 476.494507, 116.510895,332.070526, 620.588318, 0.999992
5, 752,7,620.588318, 620.591980, 476.494507, 116.510895,332.070526, 620.588318, 0.999994
5, 753,0,657.823975, 657.818848, 476.505280, 416.933289,30.833315, 1210.661133, 1.000008
5, 753,1,31.908148, 31.906918, 476.505280, 416.933289,30.833315, 1210.661133, 1.000039
5, 753,2,30.833315, 30.836279, 476.505280, 416.933289,30.833315, 1210.661133, 0.999904
5, 753,3,359.562439, 359.563568, 476.505280, 416.933289,30.833315, 1210.661133, 0.999997
5, 753,4,161.662094, 161.660110, 476.505280, 416.933289,30.833315, 1210.661133, 1.000012
5, 753,5,516.659973, 516.659241, 476.505280, 416.933289,30.833315, 1210.661133, 1.000001
5, 753,6,1210.661133, 1210.639160, 476.505280, 416.933289,30.833315, 1210.661133, 1.000018
5, 753,7,842.931091, 842.915894, 476.505280, 416.933289,30.833315, 1210.661133, 1.000018
5, 754,0,605.164673, 605.165649, 476.498871, 341.529907,150.254059, 1032.029419, 0.999998
5, 754,1,918.066223, 918.069763, 476.498871, 341.529907,150.254059, 1032.029419, 0.999996
5, 754,2,1032.029419, 1032.032227, 476.498871, 341.529907,150.254059, 1032.029419, 0.999997
5, 754,3,273.980286, 273.982513, 476.498871, 341.529907,150.254059, 1032.029419, 0.999992
5, 754,4,186.310303, 186.311768, 476.498871, 341.529907,150.254059, 1032.029419, 0.999992
5, 754,5,416.960815, 416.959961, 476.498871, 341.529907,150.254059, 1032.029419, 1.000002
5, 754,6,150.254059, 150.254395, 476.498871, 341.529907,150.254059, 1032.029419, 0.999998
5, 754,7,229.225082, 229.223785, 476.498871, 341.529907,150.254059, 1032.029419, 1.000006
5, 755,0,763.691711, 763.681152, 476.505646, 280.472473,125.214165, 776.514221, 1.000014
5, 755,1,477.632904, 477.628845, 476.505646, 280.472473,125.214165, 776.514221, 1.000008
5, 755,2,714.893311, 714.880005, 476.505646, 280.472473,125.214165, 776.514221, 1.000019
5, 755,3,143.743164, 143.747070, 476.505646, 280.472473,125.214165, 776.514221, 0.999973
5, 755,4,776.514221, 776.503662, 476.505646, 280.472473,125.214165, 776.514221, 1.000014
5, 755,5,601.431396, 601.421326, 476.505646, 280.472473,125.214165, 776.514221, 1.000017
5, 755,6,125.214165, 125.212563, 476.505646, 280.472473,125.214165, 776.514221, 1.000013
5, 755,7,208.924484, 208.925949, 476.505646, 280.472473,125.214165, 776.514221, 0.999993
5, 756,0,460.270050, 460.274933, 476.494263, 360.755951,15.036609, 935.726868, 0.999989
5, 756,1,35.960186, 35.960121, 476.494263, 360.755951,15.036609, 935.726868, 1.000002
5, 756,2,640.640137, 640.648010, 476.494263, 360.755951,15.036609, 935.726868, 0.999988
5, 756,3,192.168671, 192.170090, 476.494263, 360.755951,15.036609, 935.726868, 0.999993
5, 756,4,935.726868, 935.739807, 476.494263, 360.755951,15.036609, 935.726868, 0.999986
5, 756,5,15.036609, 15.037996, 476.494263, 360.755951,15.036609, 935.726868, 0.999908
5, 756,6,859.196228, 859.207214, 476.494263, 360.755951,15.036609, 935.726868, 0.999987
5, 756,7,672.955444, 672.961792, 476.494263, 360.755951,15.036609, 935.726868, 0.999991
5, 757,0,579.655212, 579.649780, 476.504913, 216.635468,92.533928, 705.558472, 1.000009
5, 757,1,637.854309, 637.849365, 476.504913, 216.635468,92.533928, 705.558472, 1.000008
5, 757,2,671.692810, 671.685669, 476.504913, 216.635468,92.533928, 705.558472, 1.000011
5, 757,3,358.770416, 358.768799, 476.504913, 216.635468,92.533928, 705.558472, 1.000005
5, 757,4,276.938202, 276.936737, 476.504913, 216.635468,92.533928, 705.558472, 1.000005
5, 757,5,705.558472, 705.547241, 476.504913, 216.635468,92.533928, 705.558472, 1.000016
5, 757,6,489.035553, 489.024841, 476.504913, 216.635468,92.533928, 705.558472, 1.000022
5, 757,7,92.533928, 92.537498, 476.504913, 216.635468,92.533928, 705.558472, 0.999961
5, 758,0,734.399658, 734.389160, 476.504791, 229.045670,104.272980, 734.399658, 1.000014
5, 758,1,421.967896, 421.963379, 476.504791, 229.045670,104.272980, 734.399658, 1.000011
5, 758,2,697.257141, 697.255981, 476.504791, 229.045670,104.272980, 734.399658, 1.000002
5, 758,3,469.234924, 469.232025, 476.504791, 229.045670,104.272980, 734.399658, 1.000006
5, 758,4,217.529465, 217.528900, 476.504791, 229.045670,104.272980, 734.399658, 1.000003
5, 758,5,104.272980, 104.268135, 476.504791, 229.045670,104.272980, 734.399658, 1.000046
5, 758,6,482.783051, 482.775726, 476.504791, 229.045670,104.272980, 734.399658, 1.000015
5, 758,7,684.593201, 684.586670, 476.504791, 229.045670,104.272980, 734.399658, 1.000010
5, 759,0,170.796921, 170.793060, 476.499725, 216.725769,165.193954, 762.822327, 1.000023
5, 759,1,685.358887, 685.360352, 476.499725, 216.725769,165.193954, 762.822327, 0.999998
5, 759,2,459.870087, 459.871948, 476.499725, 216.725769,165.193954, 762.822327, 0.999996
5, 759,3,577.032654, 577.035583, 476.499725, 216.725769,165.193954, 762.822327, 0.999995
5, 759,4,165.193954, 165.195145, 476.499725, 216.725769,165.193954, 762.822327, 0.999993
5, 759,5,762.822327, 762.822876, 476.499725, 216.725769,165.193954, 762.822327, 0.999999
5, 759,6,524.783997, 524.788269, 476.499725, 216.725769,165.193954, 762.822327, 0.999992
5, 759,7,466.139252, 466.132782, 476.499725, 216.725769,165.193954, 762.822327, 1.000014
5, 760,0,619.654297, 619.646851, 476.501862, 210.191849,62.645222, 722.106750, 1.000012
5, 760,1,306.760590, 306.758453, 476.501862, 210.191849,62.645222, 722.106750, 1.000007
5, 760,2,412.686737, 412.682709, 476.501862, 210.191849,62.645222, 722.106750, 1.000010
5, 760,3,573.417053, 573.415039, 476.501862, 210.191849,62.645222, 722.106750, 1.000003
5, 760,4,527.242737, 527.240051, 476.501862, 210.191849,62.645222, 722.106750, 1.000005
5, 760,5,722.106750, 722.106628, 476.501862, 210.191849,62.645222, 722.106750, 1.000000
5, 760,6,62.645222, 62.649776, 476.501862, 210.191849,62.645222, 722.106750, 0.999927
5, 760,7,587.501465, 587.500427, 476.501862, 210.191849,62.645222, 722.106750, 1.000002
5, 761,0,531.947510, 531.952332, 476.496826, 299.099274,170.500717, 882.668701, 0.999991
5, 761,1,805.186584, 805.193848, 476.496826, 299.099274,170.500717, 882.668701, 0.999991
5, 761,2,218.011093, 218.008850, 476.496826, 299.099274,170.500717, 882.668701, 1.000010
5, 761,3,225.241959, 225.243408, 476.496826, 299.099274,170.500717, 882.668701, 0.999994
5, 761,4,170.500717, 170.497833, 476.496826, 299.099274,170.500717, 882.668701, 1.000017
5, 761,5,882.668701, 882.676575, 476.496826, 299.099274,170.500717, 882.668701, 0.999991
5, 761,6,237.977417, 237.979874, 476.496826, 299.099274,170.500717, 882.668701, 0.999990
5, 761,7,740.440552, 740.447510, 476.496826, 299.099274,170.500717, 882.668701, 0.999991
5, 762,0,597.413818, 597.419434, 476.495453, 209.123947,43.224701, 669.489685, 0.999991
5, 762,1,43.224701, 43.223907, 476.495453, 209.123947,43.224701, 669.489685, 1.000018
5, 762,2,520.246765, 520.256958, 476.495453, 209.123947,43.224701, 669.489685, 0.999980
5, 762,3,297.119202, 297.116852, 476.495453, 209.123947,43.224701, 669.489685, 1.000008
5, 762,4,646.171021, 646.175598, 476.495453, 209.123947,43.224701, 669.489685, 0.999993
5, 762,5,516.012207, 516.020874, 476.495453, 209.123947,43.224701, 669.489685, 0.999983
5, 762,6,669.489685, 669.494568, 476.495453, 209.123947,43.224701, 669.489685, 0.999993
5, 762,7,522.286377, 522.291870, 476.495453, 209.123947,43.224701, 669.489685, 0.999990
5, 763,0,248.583221, 248.583862, 476.494232, 280.107269,70.446144, 843.895264, 0.999997
5, 763,1,734.415649, 734.431641, 476.494232, 280.107269,70.446144, 843.895264, 0.999978
5, 763,2,70.446144, 70.442307, 476.494232, 280.107269,70.446144, 843.895264, 1.000054
5, 763,3,253.812149, 253.813141, 476.494232, 280.107269,70.446144, 843.895264, 0.999996
5, 763,4,368.850067, 368.857880, 476.494232, 280.107269,70.446144, 843.895264, 0.999979
5, 763,5,567.640930, 567.651184, 476.494232, 280.107269,70.446144, 843.895264, 0.999982
5, 763,6,724.310303, 724.318115, 476.494232, 280.107269,70.446144, 843.895264, 0.999989
5, 763,7,843.895264, 843.902039, 476.494232, 280.107269,70.446144, 843.895264, 0.999992
5, 764,0,185.331390, 185.333633, 476.496033, 320.225311,55.412834, 884.868042, 0.999988
5, 764,1,55.412834, 55.412609, 476.496033, 320.225311,55.412834, 884.868042, 1.000004
5, 764,2,847.678223, 847.686157, 476.496033, 320.225311,55.412834, 884.868042, 0.999991
5, 764,3,309.479187, 309.478485, 476.496033, 320.225311,55.412834, 884.868042, 1.000002
5, 764,4,789.348206, 789.355469, 476.496033, 320.225311,55.412834, 884.868042, 0.999991
5, 764,5,333.235901, 333.237610, 476.496033, 320.225311,55.412834, 884.868042, 0.999995
5, 764,6,884.868042, 884.875549, 476.496033, 320.225311,55.412834, 884.868042, 0.999992
5, 764,7,406.614777, 406.620514, 476.496033, 320.225311,55.412834, 884.868042, 0.999986
5, 765,0,529.022644, 529.019348, 476.503296, 220.053421,10.067128, 663.078918, 1.000006
5, 765,1,10.067128, 10.061280, 476.503296, 220.053421,10.067128, 663.078918, 1.000581
5, 765,2,596.586792, 596.590515, 476.503296, 220.053421,10.067128, 663.078918, 0.999994
5, 765,3,661.431396, 661.424500, 476.503296, 220.053421,10.067128, 663.078918, 1.000010
5, 765,4,596.369141, 596.365784, 476.503296, 220.053421,10.067128, 663.078918, 1.000006
5, 765,5,663.078918, 663.079102, 476.503296, 220.053421,10.067128, 663.078918, 1.000000
5, 765,6,403.586670, 403.579590, 476.503296, 220.053421,10.067128, 663.078918, 1.000018
5, 765,7,351.883759, 351.879913, 476.503296, 220.053421,10.067128, 663.078918, 1.000011
5, 766,0,416.920837, 416.920868, 476.499084, 266.831818,106.482719, 837.716614, 1.000000
5, 766,1,676.899780, 676.900208, 476.499084, 266.831818,106.482719, 837.716614, 0.999999
5, 766,2,320.640839, 320.641724, 476.499084, 266.831818,106.482719, 837.716614, 0.999997
5, 766,3,106.482719, 106.485069, 476.499084, 266.831818,106.482719, 837.716614, 0.999978
5, 766,4,837.716614, 837.717224, 476.499084, 266.831818,106.482719, 837.716614, 0.999999
5, 766,5,800.799683, 800.801636, 476.499084, 266.831818,106.482719, 837.716614, 0.999998
5, 766,6,246.605057, 246.604630, 476.499084, 266.831818,106.482719, 837.716614, 1.000002
5, 766,7,405.927307, 405.928589, 476.499084, 266.831818,106.482719, 837.716614, 0.999997
5, 767,0,198.283875, 198.287231, 476.503448, 331.771210,27.322744, 907.269958, 0.999983
5, 767,1,845.611938, 845.605896, 476.503448, 331.771210,27.322744, 907.269958, 1.000007
5, 767,2,907.269958, 907.259644, 476.503448, 331.771210,27.322744, 907.269958, 1.000011
5, 767,3,750.789734, 750.781982, 476.503448, 331.771210,27.322744, 907.269958, 1.000010
5, 767,4,356.129669, 356.125580, 476.503448, 331.771210,27.322744, 907.269958, 1.000011
5, 767,5,27.322744, 27.325933, 476.503448, 331.771210,27.322744, 907.269958, 0.999883
5, 767,6,527.909607, 527.903320, 476.503448, 331.771210,27.322744, 907.269958, 1.000012
5, 767,7,198.709900, 198.710556, 476.503448, 331.771210,27.322744, 907.269958, 0.999997
5, 768,0,950.142944, 950.159851, 476.493561, 296.427155,67.999420, 950.142944, 0.999982
5, 768,1,522.834106, 522.837952, 476.493561, 296.427155,67.999420, 950.142944, 0.999993
5, 768,2,247.833847, 247.837891, 476.493561, 296.427155,67.999420, 950.142944, 0.999984
5, 768,3,764.225342, 764.234253, 476.493561, 296.427155,67.999420, 950.142944, 0.999988
5, 768,4,504.064819, 504.070343, 476.493561, 296.427155,67.999420, 950.142944, 0.999989
5, 768,5,559.440735, 559.454834, 476.493561, 296.427155,67.999420, 950.142944, 0.999975
5, 768,6,195.407181, 195.409088, 476.493561, 296.427155,67.999420, 950.142944, 0.999990
5, 768,7,67.999420, 67.995941, 476.493561, 296.427155,67.999420, 950.142944, 1.000051
5, 769,0,627.859070, 627.854797, 476.508026, 365.372681,26.638729, 928.581360, 1.000007
5, 769,1,26.638729, 26.639397, 476.508026, 365.372681,26.638729, 928.581360, 0.999975
5, 769,2,105.329453, 105.324997, 476.508026, 365.372681,26.638729, 928.581360, 1.000042
5, 769,3,66.015785, 66.011490, 476.508026, 365.372681,26.638729, 928.581360, 1.000065
5, 769,4,609.528625, 609.516296, 476.508026, 365.372681,26.638729, 928.581360, 1.000020
5, 769,5,894.773254, 894.758911, 476.508026, 365.372681,26.638729, 928.581360, 1.000016
5, 769,6,553.337769, 553.329041, 476.508026, 365.372681,26.638729, 928.581360, 1.000016
5, 769,7,928.581360, 928.565002, 476.508026, 365.372681,26.638729, 928.581360, 1.000018
5, 770,0,612.551758, 612.549011, 476.503448, 337.281250,19.102674, 1054.128540, 1.000005
5, 770,1,19.102674, 19.102699, 476.503448, 337.281250,19.102674, 1054.128540, 0.999999
5, 770,2,444.698578, 444.698120, 476.503448, 337.281250,19.102674, 1054.128540, 1.000001
5, 770,3,241.572922, 241.569809, 476.503448, 337.281250,19.102674, 1054.128540, 1.000013
5, 770,4,218.156143, 218.157791, 476.503448, 337.281250,19.102674, 1054.128540, 0.999992
5, 770,5,805.662720, 805.653748, 476.503448, 337.281250,19.102674, 1054.128540, 1.000011
5, 770,6,1054.128540, 1054.118408, 476.503448, 337.281250,19.102674, 1054.128540, 1.000010
5, 770,7,416.154449, 416.150330, 476.503448, 337.281250,19.102674, 1054.128540, 1.000010
5, 771,0,280.603638, 280.609680, 476.494812, 208.952972,157.597260, 773.737244, 0.999978
5, 771,1,716.587341, 716.598511, 476.494812, 208.952972,157.597260, 773.737244, 0.999984
5, 771,2,157.597260, 157.596695, 476.494812, 208.952972,157.597260, 773.737244, 1.000004
5, 771,3,773.737244, 773.747925, 476.494812, 208.952972,157.597260, 773.737244, 0.999986
5, 771,4,484.193665, 484.198639, 476.494812, 208.952972,157.597260, 773.737244, 0.999990
5, 771,5,386.126129, 386.123596, 476.494812, 208.952972,157.597260, 773.737244, 1.000007
5, 771,6,575.584534, 575.590454, 476.494812, 208.952972,157.597260, 773.737244, 0.999990
5, 771,7,437.528778, 437.534485, 476.494812, 208.952972,157.597260, 773.737244, 0.999987
5, 772,0,437.217743, 437.221008, 476.498047, 232.801620,80.543045, 848.281494, 0.999993
5, 772,1,848.281494, 848.284851, 476.498047, 232.801620,80.543045, 848.281494, 0.999996
5, 772,2,381.722137, 381.725830, 476.498047, 232.801620,80.543045, 848.281494, 0.999990
5, 772,3,520.450378, 520.449829, 476.498047, 232.801620,80.543045, 848.281494, 1.000001
5, 772,4,315.346405, 315.348236, 476.498047, 232.801620,80.543045, 848.281494, 0.999994
5, 772,5,550.903564, 550.904114, 476.498047, 232.801620,80.543045, 848.281494, 0.999999
5, 772,6,677.519409, 677.524109, 476.498047, 232.801620,80.543045, 848.281494, 0.999993
5, 772,7,80.543045, 80.541855, 476.498047, 232.801620,80.543045, 848.281494, 1.000015
5, 773,0,645.301819, 645.309326, 476.495789, 257.997925,120.450928, 760.162170, 0.999988
5, 773,1,254.793152, 254.794449, 476.495789, 257.997925,120.450928, 760.162170, 0.999995
5, 773,2,727.135193, 727.145081, 476.495789, 257.997925,120.450928, 760.162170, 0.999986
5, 773,3,760.162170, 760.169739, 476.495789, 257.997925,120.450928, 760.162170, 0.999990
5, 773,4,416.061554, 416.063660, 476.495789, 257.997925,120.450928, 760.162170, 0.999995
5, 773,5,681.178406, 681.184998, 476.495789, 257.997925,120.450928, 760.162170, 0.999990
5, 773,6,206.883148, 206.880951, 476.495789, 257.997925,120.450928, 760.162170, 1.000011
5, 773,7,120.450928, 120.451851, 476.495789, 257.997925,120.450928, 760.162170, 0.999992
5, 774,0,118.191025, 118.197037, 476.493958, 408.015747,27.963591, 1372.697754, 0.999949
5, 774,1,1372.697754, 1372.715210, 476.493958, 408.015747,27.963591, 1372.697754, 0.999987
5, 774,2,27.963591, 27.963898, 476.493958, 408.015747,27.963591, 1372.697754, 0.999989
5, 774,3,408.804230, 408.810364, 476.493958, 408.015747,27.963591, 1372.697754, 0.999985
5, 774,4,384.931183, 384.937286, 476.493958, 408.015747,27.963591, 1372.697754, 0.999984
5, 774,5,484.327728, 484.329651, 476.493958, 408.015747,27.963591, 1372.697754, 0.999996
5, 774,6,601.444092, 601.449524, 476.493958, 408.015747,27.963591, 1372.697754, 0.999991
5, 774,7,413.591980, 413.596802, 476.493958, 408.015747,27.963591, 1372.697754, 0.999988
5, 775,0,361.679260, 361.678802, 476.497192, 80.767990,361.679260, 579.140076, 1.000001
5, 775,1,551.624512, 551.628906, 476.497192, 80.767990,361.679260, 579.140076, 0.999992
5, 775,2,450.768921, 450.772827, 476.497192, 80.767990,361.679260, 579.140076, 0.999991
5, 775,3,579.140076, 579.143799, 476.497192, 80.767990,361.679260, 579.140076, 0.999994
5, 775,4,459.743042, 459.747131, 476.497192, 80.767990,361.679260, 579.140076, 0.999991
5, 775,5,478.726318, 478.726898, 476.497192, 80.767990,361.679260, 579.140076, 0.999999
5, 775,6,378.267761, 378.271759, 476.497192, 80.767990,361.679260, 579.140076, 0.999989
5, 775,7,552.027405, 552.029846, 476.497192, 80.767990,361.679260, 579.140076, 0.999996
5, 776,0,338.703583, 338.706940, 476.498962, 278.409241,70.811684, 811.932434, 0.999990
5, 776,1,70.811684, 70.810516, 476.498962, 278.409241,70.811684, 811.932434, 1.000016
5, 776,2,811.932434, 811.933777, 476.498962, 278.409241,70.811684, 811.932434, 0.999998
5, 776,3,132.326797, 132.328461, 476.498962, 278.409241,70.811684, 811.932434, 0.999987
5, 776,4,768.992249, 768.991821, 476.498962, 278.409241,70.811684, 811.932434, 1.000001
5, 776,5,675.558594, 675.562134, 476.498962, 278.409241,70.811684, 811.932434, 0.999995
5, 776,6,529.469604, 529.470154, 476.498962, 278.409241,70.811684, 811.932434, 0.999999
5, 776,7,484.196716, 484.196289, 476.498962, 278.409241,70.811684, 811.932434, 1.000001
5, 777,0,62.610813, 62.619049, 476.495178, 301.733887,19.814625, 786.478455, 0.999868
5, 777,1,19.814625, 19.813976, 476.495178, 301.733887,19.814625, 786.478455, 1.000033
5, 777,2,603.166870, 603.167542, 476.495178, 301.733887,19.814625, 786.478455, 0.999999
5, 777,3,738.457703, 738.466003, 476.495178, 301.733887,19.814625, 786.478455, 0.999989
5, 777,4,344.477570, 344.481873, 476.495178, 301.733887,19.814625, 786.478455, 0.999987
5, 777,5,786.478455, 786.487244, 476.495178, 301.733887,19.814625, 786.478455, 0.999989
5, 777,6,709.286987, 709.292847, 476.495178, 301.733887,19.814625, 786.478455, 0.999992
5, 777,7,547.668457, 547.671448, 476.495178, 301.733887,19.814625, 786.478455, 0.999995
5, 778,0,651.968262, 651.971741, 476.495239, 266.441071,156.903854, 776.273315, 0.999995
5, 778,1,742.251892, 742.265808, 476.495239, 266.441071,156.903854, 776.273315, 0.999981
5, 778,2,196.891556, 196.893341, 476.495239, 266.441071,156.903854, 776.273315, 0.999991
5, 778,3,776.273315, 776.286255, 476.495239, 266.441071,156.903854, 776.273315, 0.999983
5, 778,4,666.905396, 666.908325, 476.495239, 266.441071,156.903854, 776.273315, 0.999996
5, 778,5,180.205582, 180.203430, 476.495239, 266.441071,156.903854, 776.273315, 1.000012
5, 778,6,156.903854, 156.904968, 476.495239, 266.441071,156.903854, 776.273315, 0.999993
5, 778,7,440.562042, 440.566101, 476.495239, 266.441071,156.903854, 776.273315, 0.999991
5, 779,0,55.775093, 55.773987, 476.500854, 322.450104,55.775093, 965.147827, 1.000020
5, 779,1,340.892761, 340.887115, 476.500854, 322.450104,55.775093, 965.147827, 1.000017
5, 779,2,965.147827, 965.143921, 476.500854, 322.450104,55.775093, 965.147827, 1.000004
5, 779,3,505.916443, 505.917847, 476.500854, 322.450104,55.775093, 965.147827, 0.999997
5, 779,4,106.897057, 106.898170, 476.500854, 322.450104,55.775093, 965.147827, 0.999990
5, 779,5,865.436829, 865.438477, 476.500854, 322.450104,55.775093, 965.147827, 0.999998
5, 779,6,437.389496, 437.388977, 476.500854, 322.450104,55.775093, 965.147827, 1.000001
5, 779,7,534.551392, 534.551331, 476.500854, 322.450104,55.775093, 965.147827, 1.000000
5, 780,0,1033.426392, 1033.416504, 476.503479, 421.706329,36.536186, 1033.426392, 1.000010
5, 780,1,744.660767, 744.667603, 476.503479, 421.706329,36.536186, 1033.426392, 0.999991
5, 780,2,69.543297, 69.534103, 476.503479, 421.706329,36.536186, 1033.426392, 1.000132
5, 780,3,143.628311, 143.624710, 476.503479, 421.706329,36.536186, 1033.426392, 1.000025
5, 780,4,773.076416, 773.076233, 476.503479, 421.706329,36.536186, 1033.426392, 1.000000
5, 780,5,894.899658, 894.894836, 476.503479, 421.706329,36.536186, 1033.426392, 1.000005
5, 780,6,36.536186, 36.530411, 476.503479, 421.706329,36.536186, 1033.426392, 1.000158
5, 780,7,116.256920, 116.255798, 476.503479, 421.706329,36.536186, 1033.426392, 1.000010
5, 781,0,47.206104, 47.207718, 476.502899, 310.065704,47.206104, 893.665527, 0.999966
5, 781,1,204.467010, 204.467514, 476.502899, 310.065704,47.206104, 893.665527, 0.999998
5, 781,2,893.665527, 893.653137, 476.502899, 310.065704,47.206104, 893.665527, 1.000014
5, 781,3,400.047272, 400.048859, 476.502899, 310.065704,47.206104, 893.665527, 0.999996
5, 781,4,237.316925, 237.310242, 476.502899, 310.065704,47.206104, 893.665527, 1.000028
5, 781,5,860.545532, 860.539429, 476.502899, 310.065704,47.206104, 893.665527, 1.000007
5, 781,6,642.863831, 642.862244, 476.502899, 310.065704,47.206104, 893.665527, 1.000003
5, 781,7,525.911133, 525.910889, 476.502899, 310.065704,47.206104, 893.665527, 1.000000
5, 782,0,902.922913, 902.916077, 476.501007, 283.180939,166.505081, 902.922913, 1.000008
5, 782,1,416.592957, 416.594482, 476.501007, 283.180939,166.505081, 902.922913, 0.999996
5, 782,2,377.485474, 377.488281, 476.501007, 283.180939,166.505081, 902.922913, 0.999993
5, 782,3,238.628433, 238.633652, 476.501007, 283.180939,166.505081, 902.922913, 0.999978
5, 782,4,785.218079, 785.211914, 476.501007, 283.180939,166.505081, 902.922913, 1.000008
5, 782,5,219.714111, 219.713959, 476.501007, 283.180939,166.505081, 902.922913, 1.000001
5, 782,6,166.505081, 166.507477, 476.501007, 283.180939,166.505081, 902.922913, 0.999986
5, 782,7,704.940979, 704.933960, 476.501007, 283.180939,166.505081, 902.922913, 1.000010
5, 783,0,368.998596, 369.000702, 476.498749, 237.364578,56.488148, 772.864746, 0.999994
5, 783,1,550.029602, 550.031128, 476.498749, 237.364578,56.488148, 772.864746, 0.999997
5, 783,2,722.545410, 722.546204, 476.498749, 237.364578,56.488148, 772.864746, 0.999999
5, 783,3,539.012329, 539.014465, 476.498749, 237.364578,56.488148, 772.864746, 0.999996
5, 783,4,56.488148, 56.488342, 476.498749, 237.364578,56.488148, 772.864746, 0.999997
5, 783,5,772.864746, 772.866516, 476.498749, 237.364578,56.488148, 772.864746, 0.999998
5, 783,6,537.681274, 537.683899, 476.498749, 237.364578,56.488148, 772.864746, 0.999995
5, 783,7,264.369934, 264.368652, 476.498749, 237.364578,56.488148, 772.864746, 1.000005
5, 784,0,730.238342, 730.233887, 476.501343, 290.238068,116.272697, 871.682007, 1.000006
5, 784,1,182.476852, 182.477295, 476.501343, 290.238068,116.272697, 871.682007, 0.999998
5, 784,2,667.055847, 667.054871, 476.501343, 290.238068,116.272697, 871.682007, 1.000001
5, 784,3,116.272697, 116.275139, 476.501343, 290.238068,116.272697, 871.682007, 0.999979
5, 784,4,208.388672, 208.390533, 476.501343, 290.238068,116.272697, 871.682007, 0.999991
5, 784,5,661.598206, 661.594604, 476.501343, 290.238068,116.272697, 871.682007, 1.000005
5, 784,6,374.298309, 374.296967, 476.501343, 290.238068,116.272697, 871.682007, 1.000004
5, 784,7,871.682007, 871.676880, 476.501343, 290.238068,116.272697, 871.682007, 1.000006
5, 785,0,489.354279, 489.346558, 476.505157, 218.918381,70.777428, 791.202026, 1.000016
5, 785,1,610.609680, 610.607666, 476.505157, 218.918381,70.777428, 791.202026, 1.000003
5, 785,2,415.490540, 415.479919, 476.505157, 218.918381,70.777428, 791.202026, 1.000026
5, 785,3,70.777428, 70.778961, 476.505157, 218.918381,70.777428, 791.202026, 0.999978
5, 785,4,791.202026, 791.193542, 476.505157, 218.918381,70.777428, 791.202026, 1.000011
5, 785,5,616.994629, 616.988281, 476.505157, 218.918381,70.777428, 791.202026, 1.000010
5, 785,6,306.209381, 306.208405, 476.505157, 218.918381,70.777428, 791.202026, 1.000003
5, 785,7,511.403137, 511.396698, 476.505157, 218.918381,70.777428, 791.202026, 1.000013
5, 786,0,490.835236, 490.832092, 476.505035, 163.107162,315.632416, 780.298950, 1.000006
5, 786,1,351.955750, 351.953613, 476.505035, 163.107162,315.632416, 780.298950, 1.000006
5, 786,2,780.298950, 780.284119, 476.505035, 163.107162,315.632416, 780.298950, 1.000019
5, 786,3,429.260162, 429.256744, 476.505035, 163.107162,315.632416, 780.298950, 1.000008
5, 786,4,315.632416, 315.633484, 476.505035, 163.107162,315.632416, 780.298950, 0.999997
5, 786,5,489.702789, 489.697845, 476.505035, 163.107162,315.632416, 780.298950, 1.000010
5, 786,6,319.171387, 319.162140, 476.505035, 163.107162,315.632416, 780.298950, 1.000029
5, 786,7,635.183533, 635.180054, 476.505035, 163.107162,315.632416, 780.298950, 1.000005
5, 787,0,509.406799, 509.406830, 476.501282, 177.301147,193.543564, 706.796509, 1.000000
5, 787,1,706.796509, 706.793518, 476.501282, 177.301147,193.543564, 706.796509, 1.000004
5, 787,2,193.543564, 193.540283, 476.501282, 177.301147,193.543564, 706.796509, 1.000017
5, 787,3,267.708740, 267.707672, 476.501282, 177.301147,193.543564, 706.796509, 1.000004
5, 787,4,614.545410, 614.542847, 476.501282, 177.301147,193.543564, 706.796509, 1.000004
5, 787,5,402.521240, 402.523712, 476.501282, 177.301147,193.543564, 706.796509, 0.999994
5, 787,6,604.650757, 604.649475, 476.501282, 177.301147,193.543564, 706.796509, 1.000002
5, 787,7,512.837280, 512.835693, 476.501282, 177.301147,193.543564, 706.796509, 1.000003
5, 788,0,625.891846, 625.896973, 476.496338, 207.251831,127.464424, 696.685303, 0.999992
5, 788,1,696.685303, 696.690002, 476.496338, 207.251831,127.464424, 696.685303, 0.999993
5, 788,2,228.164169, 228.164993, 476.496338, 207.251831,127.464424, 696.685303, 0.999996
5, 788,3,625.998535, 625.999817, 476.496338, 207.251831,127.464424, 696.685303, 0.999998
5, 788,4,621.886475, 621.885437, 476.496338, 207.251831,127.464424, 696.685303, 1.000002
5, 788,5,460.796448, 460.807495, 476.496338, 207.251831,127.464424, 696.685303, 0.999976
5, 788,6,127.464424, 127.465546, 476.496338, 207.251831,127.464424, 696.685303, 0.999991
5, 788,7,425.083649, 425.089508, 476.496338, 207.251831,127.464424, 696.685303, 0.999986
5, 789,0,496.739136, 496.735321, 476.503540, 153.123657,268.846741, 626.173950, 1.000008
5, 789,1,626.173950, 626.169128, 476.503540, 153.123657,268.846741, 626.173950, 1.000008
5, 789,2,613.287354, 613.284607, 476.503540, 153.123657,268.846741, 626.173950, 1.000005
5, 789,3,268.846741, 268.844910, 476.503540, 153.123657,268.846741, 626.173950, 1.000007
5, 789,4,593.249634, 593.244568, 476.503540, 153.123657,268.846741, 626.173950, 1.000009
5, 789,5,272.558899, 272.558563, 476.503540, 153.123657,268.846741, 626.173950, 1.000001
5, 789,6,360.602173, 360.598907, 476.503540, 153.123657,268.846741, 626.173950, 1.000009
5, 789,7,580.570374, 580.563904, 476.503540, 153.123657,268.846741, 626.173950, 1.000011
5, 790,0,78.952614, 78.956245, 476.493591, 287.770874,78.952614, 881.299988, 0.999954
5, 790,1,717.194214, 717.205444, 476.493591, 287.770874,78.952614, 881.299988, 0.999984
5, 790,2,644.126404, 644.131470, 476.493591, 287.770874,78.952614, 881.299988, 0.999992
5, 790,3,124.160835, 124.156342, 476.493591, 287.770874,78.952614, 881.299988, 1.000036
5, 790,4,442.770294, 442.774139, 476.493591, 287.770874,78.952614, 881.299988, 0.999991
5, 790,5,613.425781, 613.438538, 476.493591, 287.770874,78.952614, 881.299988, 0.999979
5, 790,6,881.299988, 881.313110, 476.493591, 287.770874,78.952614, 881.299988, 0.999985
5, 790,7,310.018555, 310.024628, 476.493591, 287.770874,78.952614, 881.299988, 0.999980
5, 791,0,272.371338, 272.376678, 476.493683, 144.419250,258.735718, 668.685303, 0.999980
5, 791,1,258.735718, 258.736145, 476.493683, 144.419250,258.735718, 668.685303, 0.999998
5, 791,2,484.446899, 484.450958, 476.493683, 144.419250,258.735718, 668.685303, 0.999992
5, 791,3,601.941772, 601.950867, 476.493683, 144.419250,258.735718, 668.685303, 0.999985
5, 791,4,484.229095, 484.235565, 476.493683, 144.419250,258.735718, 668.685303, 0.999987
5, 791,5,510.887115, 510.894379, 476.493683, 144.419250,258.735718, 668.685303, 0.999986
5, 791,6,668.685303, 668.693665, 476.493683, 144.419250,258.735718, 668.685303, 0.999987
5, 791,7,530.652100, 530.661194, 476.493683, 144.419250,258.735718, 668.685303, 0.999983
5, 792,0,427.179169, 427.179474, 476.500122, 342.981842,55.359192, 1060.215698, 0.999999
5, 792,1,661.865601, 661.865051, 476.500122, 342.981842,55.359192, 1060.215698, 1.000001
5, 792,2,88.303040, 88.303352, 476.500122, 342.981842,55.359192, 1060.215698, 0.999996
5, 792,3,712.739136, 712.741333, 476.500122, 342.981842,55.359192, 1060.215698, 0.999997
5, 792,4,563.354797, 563.352295, 476.500122, 342.981842,55.359192, 1060.215698, 1.000004
5, 792,5,1060.215698, 1060.214478, 476.500122, 342.981842,55.359192, 1060.215698, 1.000001
5, 792,6,55.359192, 55.358849, 476.500122, 342.981842,55.359192, 1060.215698, 1.000006
5, 792,7,242.984207, 242.985367, 476.500122, 342.981842,55.359192, 1060.215698, 0.999995
5, 793,0,139.044327, 139.047577, 476.498566, 272.578705,139.044327, 793.562195, 0.999977
5, 793,1,147.506409, 147.504990, 476.498566, 272.578705,139.044327, 793.562195, 1.000010
5, 793,2,259.401062, 259.397461, 476.498566, 272.578705,139.044327, 793.562195, 1.000014
5, 793,3,644.902466, 644.906372, 476.498566, 272.578705,139.044327, 793.562195, 0.999994
5, 793,4,618.281067, 618.284790, 476.498566, 272.578705,139.044327, 793.562195, 0.999994
5, 793,5,418.881165, 418.886932, 476.498566, 272.578705,139.044327, 793.562195, 0.999986
5, 793,6,790.409851, 790.412292, 476.498566, 272.578705,139.044327, 793.562195, 0.999997
5, 793,7,793.562195, 793.559814, 476.498566, 272.578705,139.044327, 793.562195, 1.000003
5, 794,0,410.053314, 410.054077, 476.500275, 225.876694,126.600945, 703.766113, 0.999998
5, 794,1,126.600945, 126.598228, 476.500275, 225.876694,126.600945, 703.766113, 1.000021
5, 794,2,703.766113, 703.768188, 476.500275, 225.876694,126.600945, 703.766113, 0.999997
5, 794,3,546.421509, 546.422180, 476.500275, 225.876694,126.600945, 703.766113, 0.999999
5, 794,4,150.542953, 150.541718, 476.500275, 225.876694,126.600945, 703.766113, 1.000008
5, 794,5,655.990845, 655.991089, 476.500275, 225.876694,126.600945, 703.766113, 1.000000
5, 794,6,606.588989, 606.588379, 476.500275, 225.876694,126.600945, 703.766113, 1.000001
5, 794,7,612.037354, 612.036072, 476.500275, 225.876694,126.600945, 703.766113, 1.000002
5, 795,0,155.065903, 155.070496, 476.496521, 247.401459,155.065903, 836.862854, 0.999970
5, 795,1,349.944153, 349.945801, 476.496521, 247.401459,155.065903, 836.862854, 0.999995
5, 795,2,836.862854, 836.874512, 476.496521, 247.401459,155.065903, 836.862854, 0.999986
5, 795,3,778.649902, 778.655090, 476.496521, 247.401459,155.065903, 836.862854, 0.999993
5, 795,4,350.578156, 350.574188, 476.496521, 247.401459,155.065903, 836.862854, 1.000011
5, 795,5,237.656784, 237.659576, 476.496521, 247.401459,155.065903, 836.862854, 0.999988
5, 795,6,508.158539, 508.157318, 476.496521, 247.401459,155.065903, 836.862854, 1.000002
5, 795,7,595.055908, 595.063049, 476.496521, 247.401459,155.065903, 836.862854, 0.999988
5, 796,0,352.103119, 352.105469, 476.504456, 126.201813,260.785431, 624.488037, 0.999993
5, 796,1,260.785431, 260.784882, 476.504456, 126.201813,260.785431, 624.488037, 1.000002
5, 796,2,624.488037, 624.482422, 476.504456, 126.201813,260.785431, 624.488037, 1.000009
5, 796,3,411.177551, 411.176544, 476.504456, 126.201813,260.785431, 624.488037, 1.000003
5, 796,4,494.068298, 494.058441, 476.504456, 126.201813,260.785431, 624.488037, 1.000020
5, 796,5,555.791931, 555.783997, 476.504456, 126.201813,260.785431, 624.488037, 1.000014
5, 796,6,600.502869, 600.493408, 476.504456, 126.201813,260.785431, 624.488037, 1.000016
5, 796,7,513.118042, 513.114868, 476.504456, 126.201813,260.785431, 624.488037, 1.000006
5, 797,0,64.553055, 64.554337, 476.507568, 331.156677,26.866537, 801.801392, 0.999980
5, 797,1,711.523193, 711.512146, 476.507568, 331.156677,26.866537, 801.801392, 1.000015
5, 797,2,753.693298, 753.677856, 476.507568, 331.156677,26.866537, 801.801392, 1.000021
5, 797,3,26.866537, 26.860737, 476.507568, 331.156677,26.866537, 801.801392, 1.000216
5, 797,4,249.576736, 249.578018, 476.507568, 331.156677,26.866537, 801.801392, 0.999995
5, 797,5,801.801392, 801.787842, 476.507568, 331.156677,26.866537, 801.801392, 1.000017
5, 797,6,795.521667, 795.510254, 476.507568, 331.156677,26.866537, 801.801392, 1.000014
5, 797,7,408.524750, 408.518890, 476.507568, 331.156677,26.866537, 801.801392, 1.000014
5, 798,0,561.844421, 561.842651, 476.501801, 237.966797,135.313156, 791.172302, 1.000003
5, 798,1,539.210571, 539.208740, 476.501801, 237.966797,135.313156, 791.172302, 1.000003
5, 798,2,173.875168, 173.874466, 476.501801, 237.966797,135.313156, 791.172302, 1.000004
5, 798,3,135.313156, 135.314026, 476.501801, 237.966797,135.313156, 791.172302, 0.999994
5, 798,4,791.172302, 791.166504, 476.501801, 237.966797,135.313156, 791.172302, 1.000007
5, 798,5,468.559387, 468.558929, 476.501801, 237.966797,135.313156, 791.172302, 1.000001
5, 798,6,744.572510, 744.568909, 476.501801, 237.966797,135.313156, 791.172302, 1.000005
5, 798,7,397.467010, 397.465912, 476.501801, 237.966797,135.313156, 791.172302, 1.000003
5, 799,0,367.716461, 367.723846, 476.496979, 267.976868,60.841053, 789.501648, 0.999980
5, 799,1,573.832642, 573.834167, 476.496979, 267.976868,60.841053, 789.501648, 0.999997
5, 799,2,789.501648, 789.518005, 476.496979, 267.976868,60.841053, 789.501648, 0.999979
5, 799,3,656.024109, 656.027466, 476.496979, 267.976868,60.841053, 789.501648, 0.999995
5, 799,4,114.958534, 114.949387, 476.496979, 267.976868,60.841053, 789.501648, 1.000080
5, 799,5,668.437805, 668.442200, 476.496979, 267.976868,60.841053, 789.501648, 0.999993
5, 799,6,60.841053, 60.836464, 476.496979, 267.976868,60.841053, 789.501648, 1.000075
5, 799,7,580.663635, 580.668640, 476.496979, 267.976868,60.841053, 789.501648, 0.999991
5, 800,0,380.327698, 380.327576, 476.504059, 210.132462,166.358231, 798.954224, 1.000000
5, 800,1,757.427002, 757.417664, 476.504059, 210.132462,166.358231, 798.954224, 1.000012
5, 800,2,420.317841, 420.311554, 476.504059, 210.132462,166.358231, 798.954224, 1.000015
5, 800,3,344.805054, 344.808167, 476.504059, 210.132462,166.358231, 798.954224, 0.999991
5, 800,4,482.263367, 482.257141, 476.504059, 210.132462,166.358231, 798.954224, 1.000013
5, 800,5,166.358231, 166.357605, 476.504059, 210.132462,166.358231, 798.954224, 1.000004
5, 800,6,798.954224, 798.944458, 476.504059, 210.132462,166.358231, 798.954224, 1.000012
5, 800,7,461.579346, 461.575745, 476.504059, 210.132462,166.358231, 798.954224, 1.000008
5, 801,0,603.393250, 603.396301, 476.496155, 163.899750,194.128326, 661.675720, 0.999995
5, 801,1,399.000671, 399.001953, 476.496155, 163.899750,194.128326, 661.675720, 0.999997
5, 801,2,652.410156, 652.418091, 476.496155, 163.899750,194.128326, 661.675720, 0.999988
5, 801,3,458.425446, 458.430603, 476.496155, 163.899750,194.128326, 661.675720, 0.999989
5, 801,4,506.854767, 506.859009, 476.496155, 163.899750,194.128326, 661.675720, 0.999992
5, 801,5,336.080780, 336.081573, 476.496155, 163.899750,194.128326, 661.675720, 0.999998
5, 801,6,194.128326, 194.128357, 476.496155, 163.899750,194.128326, 661.675720, 1.000000
5, 801,7,661.675720, 661.683838, 476.496155, 163.899750,194.128326, 661.675720, 0.999988
5, 802,0,77.920151, 77.928848, 476.495544, 398.425201,29.177322, 1049.476685, 0.999888
5, 802,1,605.898804, 605.902405, 476.495544, 398.425201,29.177322, 1049.476685, 0.999994
5, 802,2,129.333466, 129.334457, 476.495544, 398.425201,29.177322, 1049.476685, 0.999992
5, 802,3,29.177322, 29.188271, 476.495544, 398.425201,29.177322, 1049.476685, 0.999625
5, 802,4,513.857666, 513.869751, 476.495544, 398.425201,29.177322, 1049.476685, 0.999976
5, 802,5,1049.476685, 1049.483032, 476.495544, 398.425201,29.177322, 1049.476685, 0.999994
5, 802,6,401.050873, 401.049835, 476.495544, 398.425201,29.177322, 1049.476685, 1.000003
5, 802,7,1005.249512, 1005.243530, 476.495544, 398.425201,29.177322, 1049.476685, 1.000006
5, 803,0,553.794800, 553.788452, 476.506012, 158.834518,208.343491, 703.520264, 1.000011
5, 803,1,349.202881, 349.195404, 476.506012, 158.834518,208.343491, 703.520264, 1.000021
5, 803,2,703.520264, 703.507324, 476.506012, 158.834518,208.343491, 703.520264, 1.000018
5, 803,3,441.768951, 441.765106, 476.506012, 158.834518,208.343491, 703.520264, 1.000009
5, 803,4,496.600647, 496.596802, 476.506012, 158.834518,208.343491, 703.520264, 1.000008
5, 803,5,638.414856, 638.406616, 476.506012, 158.834518,208.343491, 703.520264, 1.000013
5, 803,6,420.402405, 420.397980, 476.506012, 158.834518,208.343491, 703.520264, 1.000010
5, 803,7,208.343491, 208.342361, 476.506012, 158.834518,208.343491, 703.520264, 1.000005
5, 804,0,373.572693, 373.572998, 476.497803, 170.989044,222.467422, 735.958374, 0.999999
5, 804,1,701.116272, 701.123169, 476.497803, 170.989044,222.467422, 735.958374, 0.999990
5, 804,2,421.905396, 421.905396, 476.497803, 170.989044,222.467422, 735.958374, 1.000000
5, 804,3,398.953918, 398.958557, 476.497803, 170.989044,222.467422, 735.958374, 0.999988
5, 804,4,441.878906, 441.879395, 476.497803, 170.989044,222.467422, 735.958374, 0.999999
5, 804,5,222.467422, 222.467484, 476.497803, 170.989044,222.467422, 735.958374, 1.000000
5, 804,6,516.129456, 516.131592, 476.497803, 170.989044,222.467422, 735.958374, 0.999996
5, 804,7,735.958374, 735.961487, 476.497803, 170.989044,222.467422, 735.958374, 0.999996
5, 805,0,280.254639, 280.262207, 476.492676, 249.759460,139.926407, 800.294250, 0.999973
5, 805,1,139.926407, 139.926575, 476.492676, 249.759460,139.926407, 800.294250, 0.999999
5, 805,2,800.294250, 800.305481, 476.492676, 249.759460,139.926407, 800.294250, 0.999986
5, 805,3,249.857376, 249.858658, 476.492676, 249.759460,139.926407, 800.294250, 0.999995
5, 805,4,364.429138, 364.433655, 476.492676, 249.759460,139.926407, 800.294250, 0.999988
5, 805,5,659.657532, 659.670227, 476.492676, 249.759460,139.926407, 800.294250, 0.999981
5, 805,6,569.010925, 569.021240, 476.492676, 249.759460,139.926407, 800.294250, 0.999982
5, 805,7,748.511047, 748.522034, 476.492676, 249.759460,139.926407, 800.294250, 0.999985
5, 806,0,315.585968, 315.589142, 476.496246, 295.247894,151.320084, 966.004333, 0.999990
5, 806,1,761.566467, 761.576050, 476.496246, 295.247894,151.320084, 966.004333, 0.999987
5, 806,2,151.320084, 151.319733, 476.496246, 295.247894,151.320084, 966.004333, 1.000002
5, 806,3,188.201569, 188.197220, 476.496246, 295.247894,151.320084, 966.004333, 1.000023
5, 806,4,515.021606, 515.023804, 476.496246, 295.247894,151.320084, 966.004333, 0.999996
5, 806,5,647.314575, 647.321716, 476.496246, 295.247894,151.320084, 966.004333, 0.999989
5, 806,6,966.004333, 966.015564, 476.496246, 295.247894,151.320084, 966.004333, 0.999988
5, 806,7,266.955353, 266.956970, 476.496246, 295.247894,151.320084, 966.004333, 0.999994
5, 807,0,250.230194, 250.230255, 476.495972, 215.540741,138.570770, 771.475159, 1.000000
5, 807,1,771.475159, 771.484558, 476.495972, 215.540741,138.570770, 771.475159, 0.999988
5, 807,2,138.570770, 138.571747, 476.495972, 215.540741,138.570770, 771.475159, 0.999993
5, 807,3,492.630371, 492.636169, 476.495972, 215.540741,138.570770, 771.475159, 0.999988
5, 807,4,745.265503, 745.273010, 476.495972, 215.540741,138.570770, 771.475159, 0.999990
5, 807,5,483.334473, 483.337830, 476.495972, 215.540741,138.570770, 771.475159, 0.999993
5, 807,6,463.753479, 463.756775, 476.495972, 215.540741,138.570770, 771.475159, 0.999993
5, 807,7,466.708099, 466.709473, 476.495972, 215.540741,138.570770, 771.475159, 0.999997
5, 808,0,909.233459, 909.238281, 476.497925, 403.852570,20.630505, 942.614319, 0.999995
5, 808,1,168.788330, 168.789703, 476.497925, 403.852570,20.630505, 942.614319, 0.999992
5, 808,2,238.477798, 238.479309, 476.497925, 403.852570,20.630505, 942.614319, 0.999994
5, 808,3,20.971615, 20.973619, 476.497925, 403.852570,20.630505, 942.614319, 0.999904
5, 808,4,942.614319, 942.615173, 476.497925, 403.852570,20.630505, 942.614319, 0.999999
5, 808,5,841.254944, 841.258850, 476.497925, 403.852570,20.630505, 942.614319, 0.999995
5, 808,6,20.630505, 20.631584, 476.497925, 403.852570,20.630505, 942.614319, 0.999948
5, 808,7,670.012512, 670.013367, 476.497925, 403.852570,20.630505, 942.614319, 0.999999
5, 809,0,494.926880, 494.925812, 476.502258, 257.878723,34.178387, 808.763123, 1.000002
5, 809,1,808.763123, 808.757751, 476.502258, 257.878723,34.178387, 808.763123, 1.000007
5, 809,2,34.178387, 34.178719, 476.502258, 257.878723,34.178387, 808.763123, 0.999990
5, 809,3,398.974304, 398.972687, 476.502258, 257.878723,34.178387, 808.763123, 1.000004
5, 809,4,296.385925, 296.385101, 476.502258, 257.878723,34.178387, 808.763123, 1.000003
5, 809,5,608.525208, 608.521545, 476.502258, 257.878723,34.178387, 808.763123, 1.000006
5, 809,6,784.680847, 784.677246, 476.502258, 257.878723,34.178387, 808.763123, 1.000005
5, 809,7,385.583435, 385.580994, 476.502258, 257.878723,34.178387, 808.763123, 1.000006
5, 810,0,70.438736, 70.443291, 476.502563, 278.862915,70.438736, 862.778015, 0.999935
5, 810,1,862.778015, 862.767700, 476.502563, 278.862915,70.438736, 862.778015, 1.000012
5, 810,2,606.693237, 606.690918, 476.502563, 278.862915,70.438736, 862.778015, 1.000004
5, 810,3,470.846008, 470.841034, 476.502563, 278.862915,70.438736, 862.778015, 1.000011
5, 810,4,297.423309, 297.426788, 476.502563, 278.862915,70.438736, 862.778015, 0.999988
5, 810,5,495.805359, 495.802948, 476.502563, 278.862915,70.438736, 862.778015, 1.000005
5, 810,6,803.448608, 803.435364, 476.502563, 278.862915,70.438736, 862.778015, 1.000016
5, 810,7,204.587448, 204.591980, 476.502563, 278.862915,70.438736, 862.778015, 0.999978
5, 811,0,399.280182, 399.282715, 476.493652, 335.749359,52.295475, 971.463196, 0.999994
5, 811,1,749.270386, 749.273987, 476.493652, 335.749359,52.295475, 971.463196, 0.999995
5, 811,2,91.200089, 91.202263, 476.493652, 335.749359,52.295475, 971.463196, 0.999976
5, 811,3,799.628418, 799.638489, 476.493652, 335.749359,52.295475, 971.463196, 0.999987
5, 811,4,303.432220, 303.435455, 476.493652, 335.749359,52.295475, 971.463196, 0.999989
5, 811,5,971.463196, 971.478882, 476.493652, 335.749359,52.295475, 971.463196, 0.999984
5, 811,6,445.379486, 445.390594, 476.493652, 335.749359,52.295475, 971.463196, 0.999975
5, 811,7,52.295475, 52.297806, 476.493652, 335.749359,52.295475, 971.463196, 0.999955
5, 812,0,212.782745, 212.777557, 476.498077, 230.381149,208.056091, 822.566406, 1.000024
5, 812,1,350.970001, 350.973145, 476.498077, 230.381149,208.056091, 822.566406, 0.999991
5, 812,2,822.566406, 822.572754, 476.498077, 230.381149,208.056091, 822.566406, 0.999992
5, 812,3,546.998962, 547.002625, 476.498077, 230.381149,208.056091, 822.566406, 0.999993
5, 812,4,435.283325, 435.286377, 476.498077, 230.381149,208.056091, 822.566406, 0.999993
5, 812,5,772.383362, 772.385071, 476.498077, 230.381149,208.056091, 822.566406, 0.999998
5, 812,6,208.056091, 208.056427, 476.498077, 230.381149,208.056091, 822.566406, 0.999998
5, 812,7,462.943542, 462.946014, 476.498077, 230.381149,208.056091, 822.566406, 0.999995
5, 813,0,472.730347, 472.732574, 476.499969, 221.456802,140.015533, 763.832214, 0.999995
5, 813,1,332.771729, 332.771820, 476.499969, 221.456802,140.015533, 763.832214, 1.000000
5, 813,2,414.056519, 414.057373, 476.499969, 221.456802,140.015533, 763.832214, 0.999998
5, 813,3,140.015533, 140.015015, 476.499969, 221.456802,140.015533, 763.832214, 1.000004
5, 813,4,763.832214, 763.831360, 476.499969, 221.456802,140.015533, 763.832214, 1.000001
5, 813,5,734.761230, 734.760986, 476.499969, 221.456802,140.015533, 763.832214, 1.000000
5, 813,6,309.211334, 309.208771, 476.499969, 221.456802,140.015533, 763.832214, 1.000008
5, 813,7,644.620850, 644.621948, 476.499969, 221.456802,140.015533, 763.832214, 0.999998
5, 814,0,627.980042, 627.967346, 476.506592, 275.369751,66.788277, 864.506653, 1.000020
5, 814,1,365.777069, 365.777191, 476.506592, 275.369751,66.788277, 864.506653, 1.000000
5, 814,2,66.788277, 66.791809, 476.506592, 275.369751,66.788277, 864.506653, 0.999947
5, 814,3,730.543884, 730.531616, 476.506592, 275.369751,66.788277, 864.506653, 1.000017
5, 814,4,439.482483, 439.483215, 476.506592, 275.369751,66.788277, 864.506653, 0.999998
5, 814,5,154.259109, 154.252731, 476.506592, 275.369751,66.788277, 864.506653, 1.000041
5, 814,6,864.506653, 864.497131, 476.506592, 275.369751,66.788277, 864.506653, 1.000011
5, 814,7,562.715332, 562.699097, 476.506592, 275.369751,66.788277, 864.506653, 1.000029
5, 815,0,10.025361, 10.031205, 476.495056, 361.082550,10.025361, 965.559998, 0.999417
5, 815,1,730.966187, 730.967651, 476.495056, 361.082550,10.025361, 965.559998, 0.999998
5, 815,2,145.742630, 145.743134, 476.495056, 361.082550,10.025361, 965.559998, 0.999997
5, 815,3,589.072998, 589.077087, 476.495056, 361.082550,10.025361, 965.559998, 0.999993
5, 815,4,603.451416, 603.462708, 476.495056, 361.082550,10.025361, 965.559998, 0.999981
5, 815,5,726.843140, 726.848511, 476.495056, 361.082550,10.025361, 965.559998, 0.999993
5, 815,6,40.298794, 40.300362, 476.495056, 361.082550,10.025361, 965.559998, 0.999961
5, 815,7,965.559998, 965.569092, 476.495056, 361.082550,10.025361, 965.559998, 0.999991
5, 816,0,138.276291, 138.278137, 476.496948, 246.391815,138.276291, 773.748047, 0.999987
5, 816,1,266.239990, 266.239655, 476.496948, 246.391815,138.276291, 773.748047, 1.000001
5, 816,2,678.685120, 678.692688, 476.496948, 246.391815,138.276291, 773.748047, 0.999989
5, 816,3,208.396591, 208.396362, 476.496948, 246.391815,138.276291, 773.748047, 1.000001
5, 816,4,623.986450, 623.991211, 476.496948, 246.391815,138.276291, 773.748047, 0.999992
5, 816,5,440.694946, 440.694977, 476.496948, 246.391815,138.276291, 773.748047, 1.000000
5, 816,6,773.748047, 773.750488, 476.496948, 246.391815,138.276291, 773.748047, 0.999997
5, 816,7,681.948364, 681.956238, 476.496948, 246.391815,138.276291, 773.748047, 0.999988
5, 817,0,321.920258, 321.923279, 476.493469, 250.533096,234.020844, 1010.799255, 0.999991
5, 817,1,439.386597, 439.395752, 476.493469, 250.533096,234.020844, 1010.799255, 0.999979
5, 817,2,327.059570, 327.065430, 476.493469, 250.533096,234.020844, 1010.799255, 0.999982
5, 817,3,1010.799255, 1010.811340, 476.493469, 250.533096,234.020844, 1010.799255, 0.999988
5, 817,4,234.020844, 234.017929, 476.493469, 250.533096,234.020844, 1010.799255, 1.000012
5, 817,5,321.366913, 321.372375, 476.493469, 250.533096,234.020844, 1010.799255, 0.999983
5, 817,6,543.085022, 543.094727, 476.493469, 250.533096,234.020844, 1010.799255, 0.999982
5, 817,7,614.309265, 614.318970, 476.493469, 250.533096,234.020844, 1010.799255, 0.999984
5, 818,0,200.711349, 200.710739, 476.496887, 437.271301,14.308062, 1194.672974, 1.000003
5, 818,1,1194.672974, 1194.681274, 476.496887, 437.271301,14.308062, 1194.672974, 0.999993
5, 818,2,211.836853, 211.840622, 476.496887, 437.271301,14.308062, 1194.672974, 0.999982
5, 818,3,721.251953, 721.255615, 476.496887, 437.271301,14.308062, 1194.672974, 0.999995
5, 818,4,494.148651, 494.149353, 476.496887, 437.271301,14.308062, 1194.672974, 0.999999
5, 818,5,14.308062, 14.305717, 476.496887, 437.271301,14.308062, 1194.672974, 1.000164
5, 818,6,38.921650, 38.921417, 476.496887, 437.271301,14.308062, 1194.672974, 1.000006
5, 818,7,936.123535, 936.135193, 476.496887, 437.271301,14.308062, 1194.672974, 0.999988
5, 819,0,526.918945, 526.926147, 476.497375, 368.382385,143.743713, 1257.210938, 0.999986
5, 819,1,231.730637, 231.738205, 476.497375, 368.382385,143.743713, 1257.210938, 0.999967
5, 819,2,434.379120, 434.376038, 476.497375, 368.382385,143.743713, 1257.210938, 1.000007
5, 819,3,143.743713, 143.746170, 476.497375, 368.382385,143.743713, 1257.210938, 0.999983
5, 819,4,279.572845, 279.576019, 476.497375, 368.382385,143.743713, 1257.210938, 0.999989
5, 819,5,720.794250, 720.795166, 476.497375, 368.382385,143.743713, 1257.210938, 0.999999
5, 819,6,217.628540, 217.629959, 476.497375, 368.382385,143.743713, 1257.210938, 0.999994
5, 819,7,1257.210938, 1257.212402, 476.497375, 368.382385,143.743713, 1257.210938, 0.999999
5, 820,0,752.829651, 752.835693, 476.497620, 198.732712,223.347137, 752.829651, 0.999992
5, 820,1,317.708740, 317.706390, 476.497620, 198.732712,223.347137, 752.829651, 1.000007
5, 820,2,502.005707, 502.009552, 476.497620, 198.732712,223.347137, 752.829651, 0.999992
5, 820,3,565.344849, 565.349243, 476.497620, 198.732712,223.347137, 752.829651, 0.999992
5, 820,4,295.725067, 295.725708, 476.497620, 198.732712,223.347137, 752.829651, 0.999998
5, 820,5,223.347137, 223.347427, 476.497620, 198.732712,223.347137, 752.829651, 0.999999
5, 820,6,734.312622, 734.317078, 476.497620, 198.732712,223.347137, 752.829651, 0.999994
5, 820,7,420.706909, 420.708893, 476.497620, 198.732712,223.347137, 752.829651, 0.999995
5, 821,0,203.245804, 203.243210, 476.504242, 326.589539,203.245804, 1005.297241, 1.000013
5, 821,1,824.006775, 823.999939, 476.504242, 326.589539,203.245804, 1005.297241, 1.000008
5, 821,2,223.304352, 223.298203, 476.504242, 326.589539,203.245804, 1005.297241, 1.000028
5, 821,3,746.599548, 746.592590, 476.504242, 326.589539,203.245804, 1005.297241, 1.000009
5, 821,4,1005.297241, 1005.289673, 476.504242, 326.589539,203.245804, 1005.297241, 1.000008
5, 821,5,266.434448, 266.434753, 476.504242, 326.589539,203.245804, 1005.297241, 0.999999
5, 821,6,328.098389, 328.097717, 476.504242, 326.589539,203.245804, 1005.297241, 1.000002
5, 821,7,215.047455, 215.043854, 476.504242, 326.589539,203.245804, 1005.297241, 1.000017
5, 822,0,751.320740, 751.334290, 476.491638, 304.833099,75.553589, 751.320740, 0.999982
5, 822,1,736.631470, 736.644958, 476.491638, 304.833099,75.553589, 751.320740, 0.999982
5, 822,2,742.312134, 742.325134, 476.491638, 304.833099,75.553589, 751.320740, 0.999982
5, 822,3,162.243362, 162.247650, 476.491638, 304.833099,75.553589, 751.320740, 0.999974
5, 822,4,668.008667, 668.017151, 476.491638, 304.833099,75.553589, 751.320740, 0.999987
5, 822,5,563.783630, 563.794983, 476.491638, 304.833099,75.553589, 751.320740, 0.999980
5, 822,6,75.553589, 75.554947, 476.491638, 304.833099,75.553589, 751.320740, 0.999982
5, 822,7,112.079521, 112.080406, 476.491638, 304.833099,75.553589, 751.320740, 0.999992
5, 823,0,208.509262, 208.506531, 476.501465, 295.365143,86.614677, 942.711731, 1.000013
5, 823,1,364.173004, 364.168396, 476.501465, 295.365143,86.614677, 942.711731, 1.000013
5, 823,2,278.977570, 278.969177, 476.501465, 295.365143,86.614677, 942.711731, 1.000030
5, 823,3,788.941406, 788.939514, 476.501465, 295.365143,86.614677, 942.711731, 1.000002
5, 823,4,605.483582, 605.484619, 476.501465, 295.365143,86.614677, 942.711731, 0.999998
5, 823,5,536.600586, 536.597107, 476.501465, 295.365143,86.614677, 942.711731, 1.000006
5, 823,6,942.711731, 942.711182, 476.501465, 295.365143,86.614677, 942.711731, 1.000001
5, 823,7,86.614677, 86.623314, 476.501465, 295.365143,86.614677, 942.711731, 0.999900
5, 824,0,328.463348, 328.458435, 476.502563, 367.732910,10.256404, 859.288940, 1.000015
5, 824,1,859.288940, 859.287964, 476.502563, 367.732910,10.256404, 859.288940, 1.000001
5, 824,2,777.955750, 777.954346, 476.502563, 367.732910,10.256404, 859.288940, 1.000002
5, 824,3,10.256404, 10.252589, 476.502563, 367.732910,10.256404, 859.288940, 1.000372
5, 824,4,760.412659, 760.413391, 476.502563, 367.732910,10.256404, 859.288940, 0.999999
5, 824,5,838.662354, 838.659851, 476.502563, 367.732910,10.256404, 859.288940, 1.000003
5, 824,6,148.341553, 148.334488, 476.502563, 367.732910,10.256404, 859.288940, 1.000048
5, 824,7,88.639694, 88.639328, 476.502563, 367.732910,10.256404, 859.288940, 1.000004
5, 825,0,168.987808, 168.987961, 476.495544, 325.020508,168.987808, 969.247009, 0.999999
5, 825,1,198.399261, 198.400726, 476.495544, 325.020508,168.987808, 969.247009, 0.999993
5, 825,2,806.898682, 806.909851, 476.495544, 325.020508,168.987808, 969.247009, 0.999986
5, 825,3,219.482391, 219.483917, 476.495544, 325.020508,168.987808, 969.247009, 0.999993
5, 825,4,173.616135, 173.619339, 476.495544, 325.020508,168.987808, 969.247009, 0.999982
5, 825,5,583.557251, 583.566284, 476.495544, 325.020508,168.987808, 969.247009, 0.999985
5, 825,6,969.247009, 969.250366, 476.495544, 325.020508,168.987808, 969.247009, 0.999997
5, 825,7,691.775879, 691.781799, 476.495544, 325.020508,168.987808, 969.247009, 0.999991
5, 826,0,425.785553, 425.778107, 476.504700, 179.263153,250.482788, 781.921936, 1.000018
5, 826,1,781.921936, 781.913147, 476.504700, 179.263153,250.482788, 781.921936, 1.000011
5, 826,2,306.865967, 306.866608, 476.504700, 179.263153,250.482788, 781.921936, 0.999998
5, 826,3,625.362122, 625.350159, 476.504700, 179.263153,250.482788, 781.921936, 1.000019
5, 826,4,356.620361, 356.619141, 476.504700, 179.263153,250.482788, 781.921936, 1.000003
5, 826,5,250.482788, 250.482956, 476.504700, 179.263153,250.482788, 781.921936, 0.999999
5, 826,6,475.798584, 475.792877, 476.504700, 179.263153,250.482788, 781.921936, 1.000012
5, 826,7,589.200562, 589.197144, 476.504700, 179.263153,250.482788, 781.921936, 1.000006
5, 827,0,520.393860, 520.387451, 476.501831, 308.155273,151.108856, 932.173340, 1.000012
5, 827,1,151.108856, 151.105881, 476.501831, 308.155273,151.108856, 932.173340, 1.000020
5, 827,2,257.794861, 257.797852, 476.501831, 308.155273,151.108856, 932.173340, 0.999988
5, 827,3,638.418945, 638.420715, 476.501831, 308.155273,151.108856, 932.173340, 0.999997
5, 827,4,861.860535, 861.855896, 476.501831, 308.155273,151.108856, 932.173340, 1.000005
5, 827,5,932.173340, 932.153748, 476.501831, 308.155273,151.108856, 932.173340, 1.000021
5, 827,6,211.919174, 211.922729, 476.501831, 308.155273,151.108856, 932.173340, 0.999983
5, 827,7,238.344910, 238.355713, 476.501831, 308.155273,151.108856, 932.173340, 0.999955
5, 828,0,339.844574, 339.843842, 476.498810, 251.562439,21.358393, 913.315247, 1.000002
5, 828,1,913.315247, 913.317688, 476.498810, 251.562439,21.358393, 913.315247, 0.999997
5, 828,2,500.226044, 500.226593, 476.498810, 251.562439,21.358393, 913.315247, 0.999999
5, 828,3,21.358393, 21.362673, 476.498810, 251.562439,21.358393, 913.315247, 0.999800
5, 828,4,486.549896, 486.549866, 476.498810, 251.562439,21.358393, 913.315247, 1.000000
5, 828,5,453.438934, 453.440887, 476.498810, 251.562439,21.358393, 913.315247, 0.999996
5, 828,6,634.502563, 634.501953, 476.498810, 251.562439,21.358393, 913.315247, 1.000001
5, 828,7,462.754669, 462.756500, 476.498810, 251.562439,21.358393, 913.315247, 0.999996
5, 829,0,478.033813, 478.026978, 476.502136, 319.950592,74.055420, 981.712402, 1.000014
5, 829,1,911.039856, 911.035950, 476.502136, 319.950592,74.055420, 981.712402, 1.000004
5, 829,2,981.712402, 981.711670, 476.502136, 319.950592,74.055420, 981.712402, 1.000001
5, 829,3,198.779877, 198.777817, 476.502136, 319.950592,74.055420, 981.712402, 1.000010
5, 829,4,456.857086, 456.856293, 476.502136, 319.950592,74.055420, 981.712402, 1.000002
5, 829,5,74.055420, 74.055901, 476.502136, 319.950592,74.055420, 981.712402, 0.999994
5, 829,6,399.837616, 399.835968, 476.502136, 319.950592,74.055420, 981.712402, 1.000004
5, 829,7,311.700928, 311.699127, 476.502136, 319.950592,74.055420, 981.712402, 1.000006
5, 830,0,20.549103, 20.549322, 476.498657, 253.941132,20.549103, 765.526855, 0.999989
5, 830,1,676.024353, 676.026489, 476.498657, 253.941132,20.549103, 765.526855, 0.999997
5, 830,2,339.393738, 339.394318, 476.498657, 253.941132,20.549103, 765.526855, 0.999998
5, 830,3,324.163300, 324.161652, 476.498657, 253.941132,20.549103, 765.526855, 1.000005
5, 830,4,765.526855, 765.530151, 476.498657, 253.941132,20.549103, 765.526855, 0.999996
5, 830,5,480.859619, 480.864014, 476.498657, 253.941132,20.549103, 765.526855, 0.999991
5, 830,6,450.633850, 450.635223, 476.498657, 253.941132,20.549103, 765.526855, 0.999997
5, 830,7,754.838440, 754.838867, 476.498657, 253.941132,20.549103, 765.526855, 0.999999
5, 831,0,797.344238, 797.347595, 476.497925, 172.744217,288.860657, 797.344238, 0.999996
5, 831,1,379.254791, 379.255646, 476.497925, 172.744217,288.860657, 797.344238, 0.999998
5, 831,2,288.860657, 288.861755, 476.497925, 172.744217,288.860657, 797.344238, 0.999996
5, 831,3,293.330872, 293.330597, 476.497925, 172.744217,288.860657, 797.344238, 1.000001
5, 831,4,391.186371, 391.190430, 476.497925, 172.744217,288.860657, 797.344238, 0.999990
5, 831,5,515.138855, 515.140869, 476.497925, 172.744217,288.860657, 797.344238, 0.999996
5, 831,6,582.465332, 582.468018, 476.497925, 172.744217,288.860657, 797.344238, 0.999995
5, 831,7,564.402344, 564.405273, 476.497925, 172.744217,288.860657, 797.344238, 0.999995
5, 832,0,442.717377, 442.709534, 476.506531, 220.757233,209.384644, 764.279785, 1.000018
5, 832,1,265.599762, 265.592346, 476.506531, 220.757233,209.384644, 764.279785, 1.000028
5, 832,2,424.892212, 424.889740, 476.506531, 220.757233,209.384644, 764.279785, 1.000006
5, 832,3,764.279785, 764.269165, 476.506531, 220.757233,209.384644, 764.279785, 1.000014
5, 832,4,721.321472, 721.310120, 476.506531, 220.757233,209.384644, 764.279785, 1.000016
5, 832,5,294.101135, 294.097839, 476.506531, 220.757233,209.384644, 764.279785, 1.000011
5, 832,6,689.755859, 689.747131, 476.506531, 220.757233,209.384644, 764.279785, 1.000013
5, 832,7,209.384644, 209.384247, 476.506531, 220.757233,209.384644, 764.279785, 1.000002
5, 833,0,899.122925, 899.125732, 476.499512, 285.187439,58.877281, 899.122925, 0.999997
5, 833,1,58.877281, 58.875484, 476.499512, 285.187439,58.877281, 899.122925, 1.000031
5, 833,2,754.241394, 754.238831, 476.499512, 285.187439,58.877281, 899.122925, 1.000003
5, 833,3,651.667114, 651.670593, 476.499512, 285.187439,58.877281, 899.122925, 0.999995
5, 833,4,553.582825, 553.585083, 476.499512, 285.187439,58.877281, 899.122925, 0.999996
5, 833,5,229.788834, 229.789154, 476.499512, 285.187439,58.877281, 899.122925, 0.999999
5, 833,6,340.053741, 340.051697, 476.499512, 285.187439,58.877281, 899.122925, 1.000006
5, 833,7,324.662109, 324.663116, 476.499512, 285.187439,58.877281, 899.122925, 0.999997
5, 834,0,192.150131, 192.150116, 476.494751, 247.129776,192.150131, 969.631104, 1.000000
5, 834,1,396.455566, 396.461029, 476.494751, 247.129776,192.150131, 969.631104, 0.999986
5, 834,2,636.710388, 636.718811, 476.494751, 247.129776,192.150131, 969.631104, 0.999987
5, 834,3,969.631104, 969.646057, 476.494751, 247.129776,192.150131, 969.631104, 0.999985
5, 834,4,218.916351, 218.917007, 476.494751, 247.129776,192.150131, 969.631104, 0.999997
5, 834,5,470.894043, 470.899414, 476.494751, 247.129776,192.150131, 969.631104, 0.999989
5, 834,6,512.029297, 512.032104, 476.494751, 247.129776,192.150131, 969.631104, 0.999995
5, 834,7,415.171204, 415.175293, 476.494751, 247.129776,192.150131, 969.631104, 0.999990
5, 835,0,341.081360, 341.085297, 476.498077, 385.955139,96.968742, 1077.683105, 0.999988
5, 835,1,1077.683105, 1077.688110, 476.498077, 385.955139,96.968742, 1077.683105, 0.999995
5, 835,2,96.968742, 96.964691, 476.498077, 385.955139,96.968742, 1077.683105, 1.000042
5, 835,3,183.406815, 183.405212, 476.498077, 385.955139,96.968742, 1077.683105, 1.000009
5, 835,4,530.880981, 530.882813, 476.498077, 385.955139,96.968742, 1077.683105, 0.999997
5, 835,5,470.079224, 470.078979, 476.498077, 385.955139,96.968742, 1077.683105, 1.000000
5, 835,6,1012.780334, 1012.786316, 476.498077, 385.955139,96.968742, 1077.683105, 0.999994
5, 835,7,99.104286, 99.109032, 476.498077, 385.955139,96.968742, 1077.683105, 0.999952
5, 836,0,391.414886, 391.406403, 476.504089, 215.189987,176.548904, 781.054688, 1.000022
5, 836,1,403.728241, 403.726654, 476.504089, 215.189987,176.548904, 781.054688, 1.000004
5, 836,2,760.239380, 760.231384, 476.504089, 215.189987,176.548904, 781.054688, 1.000010
5, 836,3,176.548904, 176.549286, 476.504089, 215.189987,176.548904, 781.054688, 0.999998
5, 836,4,527.381714, 527.380493, 476.504089, 215.189987,176.548904, 781.054688, 1.000002
5, 836,5,781.054688, 781.050110, 476.504089, 215.189987,176.548904, 781.054688, 1.000006
5, 836,6,506.971619, 506.965393, 476.504089, 215.189987,176.548904, 781.054688, 1.000012
5, 836,7,264.693085, 264.690308, 476.504089, 215.189987,176.548904, 781.054688, 1.000010
5, 837,0,376.650024, 376.651367, 476.497925, 272.048920,177.787201, 998.814453, 0.999996
5, 837,1,715.779968, 715.783325, 476.497925, 272.048920,177.787201, 998.814453, 0.999995
5, 837,2,452.813965, 452.816010, 476.497925, 272.048920,177.787201, 998.814453, 0.999995
5, 837,3,330.045563, 330.049561, 476.497925, 272.048920,177.787201, 998.814453, 0.999988
5, 837,4,998.814453, 998.821655, 476.497925, 272.048920,177.787201, 998.814453, 0.999993
5, 837,5,535.273376, 535.275452, 476.497925, 272.048920,177.787201, 998.814453, 0.999996
5, 837,6,224.818802, 224.816498, 476.497925, 272.048920,177.787201, 998.814453, 1.000010
5, 837,7,177.787201, 177.786255, 476.497925, 272.048920,177.787201, 998.814453, 1.000005
5, 838,0,663.969482, 663.956360, 476.507416, 391.234497,78.109688, 1082.257568, 1.000020
5, 838,1,1082.257568, 1082.239624, 476.507416, 391.234497,78.109688, 1082.257568, 1.000017
5, 838,2,813.124512, 813.113953, 476.507416, 391.234497,78.109688, 1082.257568, 1.000013
5, 838,3,78.109688, 78.108963, 476.507416, 391.234497,78.109688, 1082.257568, 1.000009
5, 838,4,200.935028, 200.935791, 476.507416, 391.234497,78.109688, 1082.257568, 0.999996
5, 838,5,733.828308, 733.820740, 476.507416, 391.234497,78.109688, 1082.257568, 1.000010
5, 838,6,140.855316, 140.851456, 476.507416, 391.234497,78.109688, 1082.257568, 1.000027
5, 838,7,98.979378, 98.972977, 476.507416, 391.234497,78.109688, 1082.257568, 1.000065
5, 839,0,621.133179, 621.140381, 476.496307, 188.194366,212.349121, 667.094421, 0.999988
5, 839,1,212.349121, 212.349457, 476.496307, 188.194366,212.349121, 667.094421, 0.999998
5, 839,2,600.795044, 600.801331, 476.496307, 188.194366,212.349121, 667.094421, 0.999990
5, 839,3,338.762970, 338.766418, 476.496307, 188.194366,212.349121, 667.094421, 0.999990
5, 839,4,469.321289, 469.323792, 476.496307, 188.194366,212.349121, 667.094421, 0.999995
5, 839,5,244.917053, 244.916168, 476.496307, 188.194366,212.349121, 667.094421, 1.000004
5, 839,6,657.597290, 657.605469, 476.496307, 188.194366,212.349121, 667.094421, 0.999988
5, 839,7,667.094421, 667.096985, 476.496307, 188.194366,212.349121, 667.094421, 0.999996
5, 840,0,984.737122, 984.753723, 476.493195, 289.189453,110.412590, 984.737122, 0.999983
5, 840,1,110.412590, 110.413872, 476.493195, 289.189453,110.412590, 984.737122, 0.999988
5, 840,2,293.527191, 293.530151, 476.493195, 289.189453,110.412590, 984.737122, 0.999990
5, 840,3,564.244019, 564.252380, 476.493195, 289.189453,110.412590, 984.737122, 0.999985
5, 840,4,602.889526, 602.895569, 476.493195, 289.189453,110.412590, 984.737122, 0.999990
5, 840,5,592.016418, 592.027161, 476.493195, 289.189453,110.412590, 984.737122, 0.999982
5, 840,6,130.979477, 130.979675, 476.493195, 289.189453,110.412590, 984.737122, 0.999999
5, 840,7,533.139221, 533.147522, 476.493195, 289.189453,110.412590, 984.737122, 0.999984
5, 841,0,505.558319, 505.555206, 476.503571, 278.150360,150.842407, 902.958496, 1.000006
5, 841,1,375.164398, 375.166443, 476.503571, 278.150360,150.842407, 902.958496, 0.999995
5, 841,2,218.001602, 217.999176, 476.503571, 278.150360,150.842407, 902.958496, 1.000011
5, 841,3,228.789444, 228.788437, 476.503571, 278.150360,150.842407, 902.958496, 1.000004
5, 841,4,150.842407, 150.844360, 476.503571, 278.150360,150.842407, 902.958496, 0.999987
5, 841,5,704.107300, 704.099915, 476.503571, 278.150360,150.842407, 902.958496, 1.000010
5, 841,6,726.606750, 726.596069, 476.503571, 278.150360,150.842407, 902.958496, 1.000015
5, 841,7,902.958496, 902.950500, 476.503571, 278.150360,150.842407, 902.958496, 1.000009
5, 842,0,533.071045, 533.071289, 476.498810, 213.745819,11.999034, 674.752747, 1.000000
5, 842,1,11.999034, 12.000858, 476.498810, 213.745819,11.999034, 674.752747, 0.999848
5, 842,2,400.615082, 400.614563, 476.498810, 213.745819,11.999034, 674.752747, 1.000001
5, 842,3,674.752747, 674.755615, 476.498810, 213.745819,11.999034, 674.752747, 0.999996
5, 842,4,627.063232, 627.064575, 476.498810, 213.745819,11.999034, 674.752747, 0.999998
5, 842,5,516.899292, 516.899719, 476.498810, 213.745819,11.999034, 674.752747, 0.999999
5, 842,6,407.580231, 407.582245, 476.498810, 213.745819,11.999034, 674.752747, 0.999995
5, 842,7,640.009766, 640.011292, 476.498810, 213.745819,11.999034, 674.752747, 0.999998
5, 843,0,321.008270, 321.008270, 476.498291, 367.237854,79.168846, 1062.753540, 1.000000
5, 843,1,268.924316, 268.926147, 476.498291, 367.237854,79.168846, 1062.753540, 0.999993
5, 843,2,356.563507, 356.565216, 476.498291, 367.237854,79.168846, 1062.753540, 0.999995
5, 843,3,740.267761, 740.270752, 476.498291, 367.237854,79.168846, 1062.753540, 0.999996
5, 843,4,110.337959, 110.338005, 476.498291, 367.237854,79.168846, 1062.753540, 1.000000
5, 843,5,79.168846, 79.167915, 476.498291, 367.237854,79.168846, 1062.753540, 1.000012
5, 843,6,1062.753540, 1062.757446, 476.498291, 367.237854,79.168846, 1062.753540, 0.999996
5, 843,7,872.961914, 872.966309, 476.498291, 367.237854,79.168846, 1062.753540, 0.999995
5, 844,0,85.029404, 85.027641, 476.501526, 300.434387,85.029404, 830.379578, 1.000021
5, 844,1,148.386780, 148.389008, 476.501526, 300.434387,85.029404, 830.379578, 0.999985
5, 844,2,830.379578, 830.379517, 476.501526, 300.434387,85.029404, 830.379578, 1.000000
5, 844,3,497.670135, 497.666473, 476.501526, 300.434387,85.029404, 830.379578, 1.000007
5, 844,4,195.080307, 195.080490, 476.501526, 300.434387,85.029404, 830.379578, 0.999999
5, 844,5,822.957153, 822.953064, 476.501526, 300.434387,85.029404, 830.379578, 1.000005
5, 844,6,675.191589, 675.188965, 476.501526, 300.434387,85.029404, 830.379578, 1.000004
5, 844,7,557.317200, 557.314697, 476.501526, 300.434387,85.029404, 830.379578, 1.000005
5, 845,0,296.726166, 296.728882, 476.507141, 243.267273,136.407120, 798.064697, 0.999991
5, 845,1,664.703064, 664.693787, 476.507141, 243.267273,136.407120, 798.064697, 1.000014
5, 845,2,761.791199, 761.778259, 476.507141, 243.267273,136.407120, 798.064697, 1.000017
5, 845,3,324.033997, 324.029083, 476.507141, 243.267273,136.407120, 798.064697, 1.000015
5, 845,4,502.589417, 502.579620, 476.507141, 243.267273,136.407120, 798.064697, 1.000020
5, 845,5,136.407120, 136.404068, 476.507141, 243.267273,136.407120, 798.064697, 1.000022
5, 845,6,798.064697, 798.050720, 476.507141, 243.267273,136.407120, 798.064697, 1.000018
5, 845,7,327.741547, 327.735565, 476.507141, 243.267273,136.407120, 798.064697, 1.000018
5, 846,0,552.533569, 552.533813, 476.496155, 293.646759,73.828552, 940.661133, 1.000000
5, 846,1,651.295288, 651.301758, 476.496155, 293.646759,73.828552, 940.661133, 0.999990
5, 846,2,940.661133, 940.666687, 476.496155, 293.646759,73.828552, 940.661133, 0.999994
5, 846,3,623.536621, 623.546143, 476.496155, 293.646759,73.828552, 940.661133, 0.999985
5, 846,4,310.805756, 310.808014, 476.496155, 293.646759,73.828552, 940.661133, 0.999993
5, 846,5,550.417480, 550.423767, 476.496155, 293.646759,73.828552, 940.661133, 0.999989
5, 846,6,108.890984, 108.889679, 476.496155, 293.646759,73.828552, 940.661133, 1.000012
5, 846,7,73.828552, 73.829895, 476.496155, 293.646759,73.828552, 940.661133, 0.999982
5, 847,0,917.349243, 917.359680, 476.497711, 254.598953,82.614601, 917.349243, 0.999989
5, 847,1,546.121338, 546.125854, 476.497711, 254.598953,82.614601, 917.349243, 0.999992
5, 847,2,394.862823, 394.862793, 476.497711, 254.598953,82.614601, 917.349243, 1.000000
5, 847,3,387.770172, 387.766998, 476.497711, 254.598953,82.614601, 917.349243, 1.000008
5, 847,4,730.830078, 730.836243, 476.497711, 254.598953,82.614601, 917.349243, 0.999992
5, 847,5,382.077454, 382.077789, 476.497711, 254.598953,82.614601, 917.349243, 0.999999
5, 847,6,82.614601, 82.615028, 476.497711, 254.598953,82.614601, 917.349243, 0.999995
5, 847,7,370.356293, 370.355621, 476.497711, 254.598953,82.614601, 917.349243, 1.000002
5, 848,0,323.945831, 323.947357, 476.499817, 107.531639,323.945831, 638.500366, 0.999995
5, 848,1,539.658508, 539.657776, 476.499817, 107.531639,323.945831, 638.500366, 1.000001
5, 848,2,383.548676, 383.547852, 476.499817, 107.531639,323.945831, 638.500366, 1.000002
5, 848,3,491.567322, 491.566437, 476.499817, 107.531639,323.945831, 638.500366, 1.000002
5, 848,4,587.703796, 587.702332, 476.499817, 107.531639,323.945831, 638.500366, 1.000003
5, 848,5,638.500366, 638.501709, 476.499817, 107.531639,323.945831, 638.500366, 0.999998
5, 848,6,406.331543, 406.332855, 476.499817, 107.531639,323.945831, 638.500366, 0.999997
5, 848,7,440.742310, 440.743805, 476.499817, 107.531639,323.945831, 638.500366, 0.999997
5, 849,0,74.884758, 74.882896, 476.494995, 349.637634,74.852539, 925.542480, 1.000025
5, 849,1,89.452011, 89.453201, 476.494995, 349.637634,74.852539, 925.542480, 0.999987
5, 849,2,925.542480, 925.562256, 476.494995, 349.637634,74.852539, 925.542480, 0.999979
5, 849,3,764.081177, 764.088501, 476.494995, 349.637634,74.852539, 925.542480, 0.999990
5, 849,4,553.565247, 553.569275, 476.494995, 349.637634,74.852539, 925.542480, 0.999993
5, 849,5,74.852539, 74.849548, 476.494995, 349.637634,74.852539, 925.542480, 1.000040
5, 849,6,769.947021, 769.956665, 476.494995, 349.637634,74.852539, 925.542480, 0.999987
5, 849,7,559.634827, 559.637451, 476.494995, 349.637634,74.852539, 925.542480, 0.999995
5, 850,0,332.673004, 332.671814, 476.498901, 257.149261,179.307037, 809.313599, 1.000004
5, 850,1,789.297363, 789.298157, 476.498901, 257.149261,179.307037, 809.313599, 0.999999
5, 850,2,656.458496, 656.458618, 476.498901, 257.149261,179.307037, 809.313599, 1.000000
5, 850,3,809.313599, 809.317871, 476.498901, 257.149261,179.307037, 809.313599, 0.999995
5, 850,4,240.781387, 240.783966, 476.498901, 257.149261,179.307037, 809.313599, 0.999989
5, 850,5,250.030258, 250.033554, 476.498901, 257.149261,179.307037, 809.313599, 0.999987
5, 850,6,179.307037, 179.305771, 476.498901, 257.149261,179.307037, 809.313599, 1.000007
5, 850,7,554.129822, 554.130127, 476.498901, 257.149261,179.307037, 809.313599, 0.999999
5, 851,0,123.314545, 123.317474, 476.504547, 408.642487,123.314545, 1239.897949, 0.999976
5, 851,1,962.619934, 962.603149, 476.504547, 408.642487,123.314545, 1239.897949, 1.000017
5, 851,2,204.740967, 204.736237, 476.504547, 408.642487,123.314545, 1239.897949, 1.000023
5, 851,3,1239.897949, 1239.885254, 476.504547, 408.642487,123.314545, 1239.897949, 1.000010
5, 851,4,190.036880, 190.045532, 476.504547, 408.642487,123.314545, 1239.897949, 0.999954
5, 851,5,305.542480, 305.542206, 476.504547, 408.642487,123.314545, 1239.897949, 1.000001
5, 851,6,278.952393, 278.941101, 476.504547, 408.642487,123.314545, 1239.897949, 1.000041
5, 851,7,506.931366, 506.928680, 476.504547, 408.642487,123.314545, 1239.897949, 1.000005
5, 852,0,225.926407, 225.929428, 476.507416, 208.173065,225.926407, 725.856201, 0.999987
5, 852,1,323.520355, 323.518433, 476.507416, 208.173065,225.926407, 725.856201, 1.000006
5, 852,2,676.212830, 676.200928, 476.507416, 208.173065,225.926407, 725.856201, 1.000018
5, 852,3,606.070557, 606.058838, 476.507416, 208.173065,225.926407, 725.856201, 1.000019
5, 852,4,725.856201, 725.843811, 476.507416, 208.173065,225.926407, 725.856201, 1.000017
5, 852,5,660.209534, 660.195923, 476.507416, 208.173065,225.926407, 725.856201, 1.000021
5, 852,6,286.767792, 286.762054, 476.507416, 208.173065,225.926407, 725.856201, 1.000020
5, 852,7,307.495514, 307.490540, 476.507416, 208.173065,225.926407, 725.856201, 1.000016
5, 853,0,998.341980, 998.328186, 476.504669, 305.309875,84.524979, 998.341980, 1.000014
5, 853,1,780.563171, 780.557373, 476.504669, 305.309875,84.524979, 998.341980, 1.000007
5, 853,2,302.726837, 302.722534, 476.504669, 305.309875,84.524979, 998.341980, 1.000014
5, 853,3,490.104797, 490.101807, 476.504669, 305.309875,84.524979, 998.341980, 1.000006
5, 853,4,174.214600, 174.213669, 476.504669, 305.309875,84.524979, 998.341980, 1.000005
5, 853,5,413.597229, 413.591553, 476.504669, 305.309875,84.524979, 998.341980, 1.000014
5, 853,6,567.963806, 567.958069, 476.504669, 305.309875,84.524979, 998.341980, 1.000010
5, 853,7,84.524979, 84.526649, 476.504669, 305.309875,84.524979, 998.341980, 0.999980
5, 854,0,787.625732, 787.617126, 476.504852, 327.024963,82.674904, 949.537781, 1.000011
5, 854,1,949.537781, 949.527527, 476.504852, 327.024963,82.674904, 949.537781, 1.000011
5, 854,2,111.140572, 111.140160, 476.504852, 327.024963,82.674904, 949.537781, 1.000004
5, 854,3,497.806366, 497.796844, 476.504852, 327.024963,82.674904, 949.537781, 1.000019
5, 854,4,709.894592, 709.889832, 476.504852, 327.024963,82.674904, 949.537781, 1.000007
5, 854,5,185.946045, 185.940842, 476.504852, 327.024963,82.674904, 949.537781, 1.000028
5, 854,6,487.412872, 487.410248, 476.504852, 327.024963,82.674904, 949.537781, 1.000005
5, 854,7,82.674904, 82.677452, 476.504852, 327.024963,82.674904, 949.537781, 0.999969
5, 855,0,1014.368530, 1014.377808, 476.495850, 364.707153,36.007542, 1014.368530, 0.999991
5, 855,1,534.874817, 534.878052, 476.495850, 364.707153,36.007542, 1014.368530, 0.999994
5, 855,2,694.388367, 694.395142, 476.495850, 364.707153,36.007542, 1014.368530, 0.999990
5, 855,3,132.525040, 132.528717, 476.495850, 364.707153,36.007542, 1014.368530, 0.999972
5, 855,4,83.102135, 83.101372, 476.495850, 364.707153,36.007542, 1014.368530, 1.000009
5, 855,5,36.007542, 36.008621, 476.495850, 364.707153,36.007542, 1014.368530, 0.999970
5, 855,6,828.115417, 828.122498, 476.495850, 364.707153,36.007542, 1014.368530, 0.999991
5, 855,7,488.584595, 488.587860, 476.495850, 364.707153,36.007542, 1014.368530, 0.999993
5, 856,0,527.233154, 527.222290, 476.506500, 236.114868,89.086479, 712.939026, 1.000021
5, 856,1,712.939026, 712.927917, 476.506500, 236.114868,89.086479, 712.939026, 1.000016
5, 856,2,701.004028, 700.994751, 476.506500, 236.114868,89.086479, 712.939026, 1.000013
5, 856,3,195.805923, 195.806107, 476.506500, 236.114868,89.086479, 712.939026, 0.999999
5, 856,4,462.385773, 462.381073, 476.506500, 236.114868,89.086479, 712.939026, 1.000010
5, 856,5,89.086479, 89.085678, 476.506500, 236.114868,89.086479, 712.939026, 1.000009
5, 856,6,424.425323, 424.421021, 476.506500, 236.114868,89.086479, 712.939026, 1.000010
5, 856,7,699.172302, 699.160828, 476.506500, 236.114868,89.086479, 712.939026, 1.000016
5, 857,0,499.264587, 499.263245, 476.503357, 229.290771,161.072418, 836.215820, 1.000003
5, 857,1,347.002533, 347.000977, 476.503357, 229.290771,161.072418, 836.215820, 1.000005
5, 857,2,428.296173, 428.295288, 476.503357, 229.290771,161.072418, 836.215820, 1.000002
5, 857,3,836.215820, 836.212585, 476.503357, 229.290771,161.072418, 836.215820, 1.000004
5, 857,4,349.791656, 349.789093, 476.503357, 229.290771,161.072418, 836.215820, 1.000007
5, 857,5,401.171295, 401.162781, 476.503357, 229.290771,161.072418, 836.215820, 1.000021
5, 857,6,789.212158, 789.201843, 476.503357, 229.290771,161.072418, 836.215820, 1.000013
5, 857,7,161.072418, 161.074753, 476.503357, 229.290771,161.072418, 836.215820, 0.999986
5, 858,0,422.358856, 422.368469, 476.495911, 280.464813,100.759453, 922.772461, 0.999977
5, 858,1,100.759453, 100.762138, 476.495911, 280.464813,100.759453, 922.772461, 0.999973
5, 858,2,877.254822, 877.261902, 476.495911, 280.464813,100.759453, 922.772461, 0.999992
5, 858,3,395.334320, 395.337738, 476.495911, 280.464813,100.759453, 922.772461, 0.999991
5, 858,4,402.989075, 402.991455, 476.495911, 280.464813,100.759453, 922.772461, 0.999994
5, 858,5,332.948090, 332.950409, 476.495911, 280.464813,100.759453, 922.772461, 0.999993
5, 858,6,922.772461, 922.773621, 476.495911, 280.464813,100.759453, 922.772461, 0.999999
5, 858,7,357.550415, 357.554413, 476.495911, 280.464813,100.759453, 922.772461, 0.999989
5, 859,0,430.945679, 430.939209, 476.504059, 281.240906,170.704086, 900.646851, 1.000015
5, 859,1,680.206604, 680.199646, 476.504059, 281.240906,170.704086, 900.646851, 1.000010
5, 859,2,170.704086, 170.704880, 476.504059, 281.240906,170.704086, 900.646851, 0.999995
5, 859,3,230.981262, 230.979431, 476.504059, 281.240906,170.704086, 900.646851, 1.000008
5, 859,4,900.646851, 900.633118, 476.504059, 281.240906,170.704086, 900.646851, 1.000015
5, 859,5,293.576538, 293.574341, 476.504059, 281.240906,170.704086, 900.646851, 1.000008
5, 859,6,808.809448, 808.801697, 476.504059, 281.240906,170.704086, 900.646851, 1.000010
5, 859,7,296.161926, 296.167694, 476.504059, 281.240906,170.704086, 900.646851, 0.999981
5, 860,0,865.405884, 865.413879, 476.498352, 335.837769,149.573669, 942.875122, 0.999991
5, 860,1,354.810211, 354.811523, 476.498352, 335.837769,149.573669, 942.875122, 0.999996
5, 860,2,804.343628, 804.347717, 476.498352, 335.837769,149.573669, 942.875122, 0.999995
5, 860,3,155.043381, 155.040863, 476.498352, 335.837769,149.573669, 942.875122, 1.000016
5, 860,4,231.632736, 231.634705, 476.498352, 335.837769,149.573669, 942.875122, 0.999991
5, 860,5,942.875122, 942.878113, 476.498352, 335.837769,149.573669, 942.875122, 0.999997
5, 860,6,308.302277, 308.298187, 476.498352, 335.837769,149.573669, 942.875122, 1.000013
5, 860,7,149.573669, 149.574860, 476.498352, 335.837769,149.573669, 942.875122, 0.999992
5, 861,0,86.253212, 86.251244, 476.499237, 375.981140,86.253212, 1135.596191, 1.000023
5, 861,1,1135.596191, 1135.600830, 476.499237, 375.981140,86.253212, 1135.596191, 0.999996
5, 861,2,428.825470, 428.823700, 476.499237, 375.981140,86.253212, 1135.596191, 1.000004
5, 861,3,114.812263, 114.811775, 476.499237, 375.981140,86.253212, 1135.596191, 1.000004
5, 861,4,628.781799, 628.785950, 476.499237, 375.981140,86.253212, 1135.596191, 0.999993
5, 861,5,229.865784, 229.862244, 476.499237, 375.981140,86.253212, 1135.596191, 1.000015
5, 861,6,312.732422, 312.734009, 476.499237, 375.981140,86.253212, 1135.596191, 0.999995
5, 861,7,875.127014, 875.130249, 476.499237, 375.981140,86.253212, 1135.596191, 0.999996
5, 862,0,669.984619, 669.985901, 476.498108, 183.933685,193.161774, 688.162659, 0.999998
5, 862,1,258.889343, 258.887268, 476.498108, 183.933685,193.161774, 688.162659, 1.000008
5, 862,2,193.161774, 193.161301, 476.498108, 183.933685,193.161774, 688.162659, 1.000003
5, 862,3,408.883759, 408.885071, 476.498108, 183.933685,193.161774, 688.162659, 0.999997
5, 862,4,439.171021, 439.172241, 476.498108, 183.933685,193.161774, 688.162659, 0.999997
5, 862,5,688.162659, 688.166870, 476.498108, 183.933685,193.161774, 688.162659, 0.999994
5, 862,6,597.321411, 597.326782, 476.498108, 183.933685,193.161774, 688.162659, 0.999991
5, 862,7,556.410278, 556.414368, 476.498108, 183.933685,193.161774, 688.162659, 0.999993
5, 863,0,864.108521, 864.099670, 476.505005, 344.784851,28.406345, 864.108521, 1.000010
5, 863,1,847.392151, 847.374329, 476.505005, 344.784851,28.406345, 864.108521, 1.000021
5, 863,2,240.147354, 240.151978, 476.505005, 344.784851,28.406345, 864.108521, 0.999981
5, 863,3,46.845730, 46.845757, 476.505005, 344.784851,28.406345, 864.108521, 0.999999
5, 863,4,482.065125, 482.061737, 476.505005, 344.784851,28.406345, 864.108521, 1.000007
5, 863,5,28.406345, 28.405010, 476.505005, 344.784851,28.406345, 864.108521, 1.000047
5, 863,6,507.013458, 507.006775, 476.505005, 344.784851,28.406345, 864.108521, 1.000013
5, 863,7,796.061462, 796.054749, 476.505005, 344.784851,28.406345, 864.108521, 1.000008
5, 864,0,395.999603, 395.997437, 476.499603, 288.817749,28.853498, 878.824097, 1.000005
5, 864,1,878.824097, 878.824280, 476.499603, 288.817749,28.853498, 878.824097, 1.000000
5, 864,2,487.359833, 487.358337, 476.499603, 288.817749,28.853498, 878.824097, 1.000003
5, 864,3,761.065613, 761.063904, 476.499603, 288.817749,28.853498, 878.824097, 1.000002
5, 864,4,465.102142, 465.107391, 476.499603, 288.817749,28.853498, 878.824097, 0.999989
5, 864,5,643.807312, 643.806396, 476.499603, 288.817749,28.853498, 878.824097, 1.000001
5, 864,6,150.984619, 150.985535, 476.499603, 288.817749,28.853498, 878.824097, 0.999994
5, 864,7,28.853498, 28.856737, 476.499603, 288.817749,28.853498, 878.824097, 0.999888
5, 865,0,607.621033, 607.616455, 476.503113, 193.238525,166.872406, 632.413330, 1.000008
5, 865,1,166.872406, 166.869034, 476.503113, 193.238525,166.872406, 632.413330, 1.000020
5, 865,2,507.584412, 507.580780, 476.503113, 193.238525,166.872406, 632.413330, 1.000007
5, 865,3,475.994263, 475.989410, 476.503113, 193.238525,166.872406, 632.413330, 1.000010
5, 865,4,187.495224, 187.493347, 476.503113, 193.238525,166.872406, 632.413330, 1.000010
5, 865,5,621.137573, 621.136536, 476.503113, 193.238525,166.872406, 632.413330, 1.000002
5, 865,6,632.413330, 632.414429, 476.503113, 193.238525,166.872406, 632.413330, 0.999998
5, 865,7,612.906372, 612.900146, 476.503113, 193.238525,166.872406, 632.413330, 1.000010
5, 866,0,79.478874, 79.477135, 476.505981, 426.800476,26.595407, 1045.162109, 1.000022
5, 866,1,1000.028015, 1000.021179, 476.505981, 426.800476,26.595407, 1045.162109, 1.000007
5, 866,2,127.812050, 127.809059, 476.505981, 426.800476,26.595407, 1045.162109, 1.000023
5, 866,3,648.570679, 648.570618, 476.505981, 426.800476,26.595407, 1045.162109, 1.000000
5, 866,4,155.784531, 155.778931, 476.505981, 426.800476,26.595407, 1045.162109, 1.000036
5, 866,5,26.595407, 26.595451, 476.505981, 426.800476,26.595407, 1045.162109, 0.999998
5, 866,6,1045.162109, 1045.145996, 476.505981, 426.800476,26.595407, 1045.162109, 1.000015
5, 866,7,728.616089, 728.601685, 476.505981, 426.800476,26.595407, 1045.162109, 1.000020
5, 867,0,992.188721, 992.203735, 476.495789, 353.531921,29.525545, 992.188721, 0.999985
5, 867,1,174.586548, 174.584015, 476.495789, 353.531921,29.525545, 992.188721, 1.000015
5, 867,2,643.968994, 643.977783, 476.495789, 353.531921,29.525545, 992.188721, 0.999986
5, 867,3,119.674026, 119.670715, 476.495789, 353.531921,29.525545, 992.188721, 1.000028
5, 867,4,831.307434, 831.322144, 476.495789, 353.531921,29.525545, 992.188721, 0.999982
5, 867,5,379.076477, 379.076630, 476.495789, 353.531921,29.525545, 992.188721, 1.000000
5, 867,6,29.525545, 29.525595, 476.495789, 353.531921,29.525545, 992.188721, 0.999998
5, 867,7,641.638306, 641.639404, 476.495789, 353.531921,29.525545, 992.188721, 0.999998
5, 868,0,503.317993, 503.321533, 476.496277, 178.882950,240.234894, 652.071655, 0.999993
5, 868,1,275.703979, 275.704254, 476.496277, 178.882950,240.234894, 652.071655, 0.999999
5, 868,2,636.664124, 636.673523, 476.496277, 178.882950,240.234894, 652.071655, 0.999985
5, 868,3,240.234894, 240.235748, 476.496277, 178.882950,240.234894, 652.071655, 0.999996
5, 868,4,597.840576, 597.848694, 476.496277, 178.882950,240.234894, 652.071655, 0.999986
5, 868,5,287.486481, 287.487396, 476.496277, 178.882950,240.234894, 652.071655, 0.999997
5, 868,6,618.650269, 618.653687, 476.496277, 178.882950,240.234894, 652.071655, 0.999994
5, 868,7,652.071655, 652.074890, 476.496277, 178.882950,240.234894, 652.071655, 0.999995
5, 869,0,237.931137, 237.931625, 476.495544, 207.516388,237.931137, 844.080261, 0.999998
5, 869,1,588.136047, 588.139893, 476.495544, 207.516388,237.931137, 844.080261, 0.999993
5, 869,2,274.186005, 274.185486, 476.495544, 207.516388,237.931137, 844.080261, 1.000002
5, 869,3,844.080261, 844.094604, 476.495544, 207.516388,237.931137, 844.080261, 0.999983
5, 869,4,508.033630, 508.041962, 476.495544, 207.516388,237.931137, 844.080261, 0.999984
5, 869,5,294.905396, 294.906525, 476.495544, 207.516388,237.931137, 844.080261, 0.999996
5, 869,6,621.252991, 621.255188, 476.495544, 207.516388,237.931137, 844.080261, 0.999996
5, 869,7,443.438843, 443.444794, 476.495544, 207.516388,237.931137, 844.080261, 0.999987
5, 870,0,839.061218, 839.049561, 476.504700, 263.419464,27.497532, 839.061218, 1.000014
5, 870,1,320.005493, 320.007935, 476.504700, 263.419464,27.497532, 839.061218, 0.999992
5, 870,2,337.411926, 337.407349, 476.504700, 263.419464,27.497532, 839.061218, 1.000014
5, 870,3,736.247559, 736.243774, 476.504700, 263.419464,27.497532, 839.061218, 1.000005
5, 870,4,425.281097, 425.271820, 476.504700, 263.419464,27.497532, 839.061218, 1.000022
5, 870,5,672.100830, 672.092529, 476.504700, 263.419464,27.497532, 839.061218, 1.000012
5, 870,6,27.497532, 27.495785, 476.504700, 263.419464,27.497532, 839.061218, 1.000064
5, 870,7,454.432068, 454.431458, 476.504700, 263.419464,27.497532, 839.061218, 1.000001
5, 871,0,152.884338, 152.883240, 476.500183, 277.426941,78.878128, 953.093018, 1.000007
5, 871,1,552.038025, 552.035583, 476.500183, 277.426941,78.878128, 953.093018, 1.000004
5, 871,2,595.049988, 595.050110, 476.500183, 277.426941,78.878128, 953.093018, 1.000000
5, 871,3,78.878128, 78.875992, 476.500183, 277.426941,78.878128, 953.093018, 1.000027
5, 871,4,953.093018, 953.093872, 476.500183, 277.426941,78.878128, 953.093018, 0.999999
5, 871,5,576.165894, 576.167114, 476.500183, 277.426941,78.878128, 953.093018, 0.999998
5, 871,6,546.522766, 546.523132, 476.500183, 277.426941,78.878128, 953.093018, 0.999999
5, 871,7,357.369293, 357.370758, 476.500183, 277.426941,78.878128, 953.093018, 0.999996
5, 872,0,90.418266, 90.417915, 476.504608, 441.937561,57.762867, 1392.123169, 1.000004
5, 872,1,614.871582, 614.866089, 476.504608, 441.937561,57.762867, 1392.123169, 1.000009
5, 872,2,57.762867, 57.769257, 476.504608, 441.937561,57.762867, 1392.123169, 0.999889
5, 872,3,174.511200, 174.510391, 476.504608, 441.937561,57.762867, 1392.123169, 1.000005
5, 872,4,697.609924, 697.607056, 476.504608, 441.937561,57.762867, 1392.123169, 1.000004
5, 872,5,267.857483, 267.852631, 476.504608, 441.937561,57.762867, 1392.123169, 1.000018
5, 872,6,1392.123169, 1392.098511, 476.504608, 441.937561,57.762867, 1392.123169, 1.000018
5, 872,7,516.882507, 516.877869, 476.504608, 441.937561,57.762867, 1392.123169, 1.000009
5, 873,0,17.673323, 17.670031, 476.501038, 243.980835,17.673323, 738.432800, 1.000186
5, 873,1,706.913269, 706.912292, 476.501038, 243.980835,17.673323, 738.432800, 1.000001
5, 873,2,327.526154, 327.529358, 476.501038, 243.980835,17.673323, 738.432800, 0.999990
5, 873,3,594.157715, 594.155396, 476.501038, 243.980835,17.673323, 738.432800, 1.000004
5, 873,4,738.432800, 738.430908, 476.501038, 243.980835,17.673323, 738.432800, 1.000003
5, 873,5,463.789673, 463.789581, 476.501038, 243.980835,17.673323, 738.432800, 1.000000
5, 873,6,326.496338, 326.493561, 476.501038, 243.980835,17.673323, 738.432800, 1.000008
5, 873,7,637.018921, 637.018738, 476.501038, 243.980835,17.673323, 738.432800, 1.000000
5, 874,0,545.293762, 545.291443, 476.502441, 266.113464,53.039379, 886.817749, 1.000004
5, 874,1,53.039379, 53.038078, 476.502441, 266.113464,53.039379, 886.817749, 1.000025
5, 874,2,230.980743, 230.981262, 476.502441, 266.113464,53.039379, 886.817749, 0.999998
5, 874,3,644.497375, 644.495422, 476.502441, 266.113464,53.039379, 886.817749, 1.000003
5, 874,4,343.118469, 343.116394, 476.502441, 266.113464,53.039379, 886.817749, 1.000006
5, 874,5,442.434814, 442.432892, 476.502441, 266.113464,53.039379, 886.817749, 1.000004
5, 874,6,665.837280, 665.831726, 476.502441, 266.113464,53.039379, 886.817749, 1.000008
5, 874,7,886.817749, 886.812927, 476.502441, 266.113464,53.039379, 886.817749, 1.000005
5, 875,0,728.425110, 728.431030, 476.496918, 205.678162,98.695953, 728.425110, 0.999992
5, 875,1,333.839935, 333.839966, 476.496918, 205.678162,98.695953, 728.425110, 1.000000
5, 875,2,630.542175, 630.552917, 476.496918, 205.678162,98.695953, 728.425110, 0.999983
5, 875,3,597.555725, 597.558472, 476.496918, 205.678162,98.695953, 728.425110, 0.999995
5, 875,4,519.147766, 519.150696, 476.496918, 205.678162,98.695953, 728.425110, 0.999994
5, 875,5,570.535889, 570.536682, 476.496918, 205.678162,98.695953, 728.425110, 0.999999
5, 875,6,98.695953, 98.695511, 476.496918, 205.678162,98.695953, 728.425110, 1.000005
5, 875,7,333.232971, 333.234772, 476.496918, 205.678162,98.695953, 728.425110, 0.999995
5, 876,0,556.413330, 556.408813, 476.505432, 281.510010,17.528629, 880.269958, 1.000008
5, 876,1,523.654358, 523.647278, 476.505432, 281.510010,17.528629, 880.269958, 1.000013
5, 876,2,131.324463, 131.324265, 476.505432, 281.510010,17.528629, 880.269958, 1.000002
5, 876,3,494.153046, 494.145081, 476.505432, 281.510010,17.528629, 880.269958, 1.000016
5, 876,4,880.269958, 880.258545, 476.505432, 281.510010,17.528629, 880.269958, 1.000013
5, 876,5,503.623199, 503.613922, 476.505432, 281.510010,17.528629, 880.269958, 1.000018
5, 876,6,705.076355, 705.071777, 476.505432, 281.510010,17.528629, 880.269958, 1.000006
5, 876,7,17.528629, 17.530085, 476.505432, 281.510010,17.528629, 880.269958, 0.999917
5, 877,0,407.018280, 407.016357, 476.500977, 337.951935,101.505867, 979.508911, 1.000005
5, 877,1,979.508911, 979.507813, 476.500977, 337.951935,101.505867, 979.508911, 1.000001
5, 877,2,141.530563, 141.523666, 476.500977, 337.951935,101.505867, 979.508911, 1.000049
5, 877,3,695.345154, 695.343994, 476.500977, 337.951935,101.505867, 979.508911, 1.000002
5, 877,4,172.024689, 172.025253, 476.500977, 337.951935,101.505867, 979.508911, 0.999997
5, 877,5,101.505867, 101.504776, 476.500977, 337.951935,101.505867, 979.508911, 1.000011
5, 877,6,454.236481, 454.239349, 476.500977, 337.951935,101.505867, 979.508911, 0.999994
5, 877,7,860.837952, 860.839050, 476.500977, 337.951935,101.505867, 979.508911, 0.999999
5, 878,0,702.755066, 702.749817, 476.502747, 154.036819,189.692703, 702.755066, 1.000008
5, 878,1,549.032593, 549.029480, 476.502747, 154.036819,189.692703, 702.755066, 1.000006
5, 878,2,405.760193, 405.756378, 476.502747, 154.036819,189.692703, 702.755066, 1.000009
5, 878,3,448.301575, 448.298553, 476.502747, 154.036819,189.692703, 702.755066, 1.000007
5, 878,4,521.260620, 521.259277, 476.502747, 154.036819,189.692703, 702.755066, 1.000003
5, 878,5,594.270447, 594.268494, 476.502747, 154.036819,189.692703, 702.755066, 1.000003
5, 878,6,400.948883, 400.945801, 476.502747, 154.036819,189.692703, 702.755066, 1.000008
5, 878,7,189.692703, 189.692688, 476.502747, 154.036819,189.692703, 702.755066, 1.000000
5, 879,0,179.988770, 179.987473, 476.498077, 212.224350,157.694519, 757.941895, 1.000007
5, 879,1,622.404663, 622.409241, 476.498077, 212.224350,157.694519, 757.941895, 0.999993
5, 879,2,597.712769, 597.712952, 476.498077, 212.224350,157.694519, 757.941895, 1.000000
5, 879,3,569.807373, 569.809326, 476.498077, 212.224350,157.694519, 757.941895, 0.999997
5, 879,4,490.318878, 490.321472, 476.498077, 212.224350,157.694519, 757.941895, 0.999995
5, 879,5,436.115814, 436.117950, 476.498077, 212.224350,157.694519, 757.941895, 0.999995
5, 879,6,757.941895, 757.944824, 476.498077, 212.224350,157.694519, 757.941895, 0.999996
5, 879,7,157.694519, 157.696655, 476.498077, 212.224350,157.694519, 757.941895, 0.999986
5, 880,0,519.133728, 519.137817, 476.497620, 270.742645,110.150970, 799.621765, 0.999992
5, 880,1,799.621765, 799.619446, 476.497620, 270.742645,110.150970, 799.621765, 1.000003
5, 880,2,640.539673, 640.540344, 476.497620, 270.742645,110.150970, 799.621765, 0.999999
5, 880,3,767.792114, 767.798279, 476.497620, 270.742645,110.150970, 799.621765, 0.999992
5, 880,4,251.982971, 251.983566, 476.497620, 270.742645,110.150970, 799.621765, 0.999998
5, 880,5,110.150970, 110.153061, 476.497620, 270.742645,110.150970, 799.621765, 0.999981
5, 880,6,156.439835, 156.440720, 476.497620, 270.742645,110.150970, 799.621765, 0.999994
5, 880,7,566.319763, 566.326355, 476.497620, 270.742645,110.150970, 799.621765, 0.999988
5, 881,0,664.374329, 664.366272, 476.503448, 241.825928,91.538635, 708.868469, 1.000012
5, 881,1,143.780319, 143.784012, 476.503448, 241.825928,91.538635, 708.868469, 0.999974
5, 881,2,91.538635, 91.538368, 476.503448, 241.825928,91.538635, 708.868469, 1.000003
5, 881,3,589.660645, 589.653503, 476.503448, 241.825928,91.538635, 708.868469, 1.000012
5, 881,4,579.270630, 579.264587, 476.503448, 241.825928,91.538635, 708.868469, 1.000010
5, 881,5,385.970276, 385.969635, 476.503448, 241.825928,91.538635, 708.868469, 1.000002
5, 881,6,708.868469, 708.860596, 476.503448, 241.825928,91.538635, 708.868469, 1.000011
5, 881,7,648.564514, 648.562988, 476.503448, 241.825928,91.538635, 708.868469, 1.000002
5, 882,0,648.401001, 648.417114, 476.493011, 413.497437,76.050896, 1361.833496, 0.999975
5, 882,1,275.554108, 275.560028, 476.493011, 413.497437,76.050896, 1361.833496, 0.999979
5, 882,2,1361.833496, 1361.854004, 476.493011, 413.497437,76.050896, 1361.833496, 0.999985
5, 882,3,611.308411, 611.302856, 476.493011, 413.497437,76.050896, 1361.833496, 1.000009
5, 882,4,352.458099, 352.470886, 476.493011, 413.497437,76.050896, 1361.833496, 0.999964
5, 882,5,101.199875, 101.202431, 476.493011, 413.497437,76.050896, 1361.833496, 0.999975
5, 882,6,76.050896, 76.049210, 476.493011, 413.497437,76.050896, 1361.833496, 1.000022
5, 882,7,385.138367, 385.143707, 476.493011, 413.497437,76.050896, 1361.833496, 0.999986
5, 883,0,17.417540, 17.416523, 476.498108, 296.787262,17.417540, 818.142761, 1.000058
5, 883,1,390.343689, 390.347076, 476.498108, 296.787262,17.417540, 818.142761, 0.999991
5, 883,2,818.142761, 818.144470, 476.498108, 296.787262,17.417540, 818.142761, 0.999998
5, 883,3,598.572571, 598.574280, 476.498108, 296.787262,17.417540, 818.142761, 0.999997
5, 883,4,716.264771, 716.263489, 476.498108, 296.787262,17.417540, 818.142761, 1.000002
5, 883,5,341.817383, 341.818878, 476.498108, 296.787262,17.417540, 818.142761, 0.999996
5, 883,6,155.784943, 155.789871, 476.498108, 296.787262,17.417540, 818.142761, 0.999968
5, 883,7,773.641235, 773.645386, 476.498108, 296.787262,17.417540, 818.142761, 0.999995
5, 884,0,648.371704, 648.362915, 476.503845, 195.115295,94.951591, 748.715881, 1.000014
5, 884,1,396.798431, 396.800079, 476.503845, 195.115295,94.951591, 748.715881, 0.999996
5, 884,2,94.951591, 94.954178, 476.503845, 195.115295,94.951591, 748.715881, 0.999973
5, 884,3,451.987183, 451.983307, 476.503845, 195.115295,94.951591, 748.715881, 1.000009
5, 884,4,480.825836, 480.818542, 476.503845, 195.115295,94.951591, 748.715881, 1.000015
5, 884,5,748.715881, 748.707397, 476.503845, 195.115295,94.951591, 748.715881, 1.000011
5, 884,6,425.912689, 425.906097, 476.503845, 195.115295,94.951591, 748.715881, 1.000015
5, 884,7,564.467529, 564.467590, 476.503845, 195.115295,94.951591, 748.715881, 1.000000
5, 885,0,496.733032, 496.744904, 476.493378, 299.459473,23.751286, 899.496399, 0.999976
5, 885,1,23.751286, 23.754757, 476.493378, 299.459473,23.751286, 899.496399, 0.999854
5, 885,2,697.824951, 697.830750, 476.493378, 299.459473,23.751286, 899.496399, 0.999992
5, 885,3,404.293640, 404.303009, 476.493378, 299.459473,23.751286, 899.496399, 0.999977
5, 885,4,154.888428, 154.889618, 476.493378, 299.459473,23.751286, 899.496399, 0.999992
5, 885,5,753.528137, 753.531311, 476.493378, 299.459473,23.751286, 899.496399, 0.999996
5, 885,6,381.431091, 381.440399, 476.493378, 299.459473,23.751286, 899.496399, 0.999976
5, 885,7,899.496399, 899.505249, 476.493378, 299.459473,23.751286, 899.496399, 0.999990
5, 886,0,748.397522, 748.405823, 476.493225, 245.648636,184.137573, 748.397522, 0.999989
5, 886,1,445.470306, 445.483795, 476.493225, 245.648636,184.137573, 748.397522, 0.999970
5, 886,2,184.137573, 184.139969, 476.493225, 245.648636,184.137573, 748.397522, 0.999987
5, 886,3,685.507629, 685.517822, 476.493225, 245.648636,184.137573, 748.397522, 0.999985
5, 886,4,192.743073, 192.741302, 476.493225, 245.648636,184.137573, 748.397522, 1.000009
5, 886,5,585.211121, 585.218445, 476.493225, 245.648636,184.137573, 748.397522, 0.999987
5, 886,6,234.377853, 234.378922, 476.493225, 245.648636,184.137573, 748.397522, 0.999995
5, 886,7,736.100586, 736.113892, 476.493225, 245.648636,184.137573, 748.397522, 0.999982
5, 887,0,404.352417, 404.351379, 476.503967, 196.611298,257.783813, 823.767639, 1.000003
5, 887,1,294.942657, 294.941254, 476.503967, 196.611298,257.783813, 823.767639, 1.000005
5, 887,2,646.372559, 646.368774, 476.503967, 196.611298,257.783813, 823.767639, 1.000006
5, 887,3,565.799133, 565.791992, 476.503967, 196.611298,257.783813, 823.767639, 1.000013
5, 887,4,314.152374, 314.146088, 476.503967, 196.611298,257.783813, 823.767639, 1.000020
5, 887,5,823.767639, 823.752563, 476.503967, 196.611298,257.783813, 823.767639, 1.000018
5, 887,6,504.861145, 504.863617, 476.503967, 196.611298,257.783813, 823.767639, 0.999995
5, 887,7,257.783813, 257.784088, 476.503967, 196.611298,257.783813, 823.767639, 0.999999
5, 888,0,471.352264, 471.358612, 476.492218, 435.970581,55.607925, 1225.861328, 0.999987
5, 888,1,55.607925, 55.607849, 476.492218, 435.970581,55.607925, 1225.861328, 1.000001
5, 888,2,276.403076, 276.415649, 476.492218, 435.970581,55.607925, 1225.861328, 0.999955
5, 888,3,1225.861328, 1225.877686, 476.492218, 435.970581,55.607925, 1225.861328, 0.999987
5, 888,4,1078.205933, 1078.226196, 476.492218, 435.970581,55.607925, 1225.861328, 0.999981
5, 888,5,272.278198, 272.283386, 476.492218, 435.970581,55.607925, 1225.861328, 0.999981
5, 888,6,294.779907, 294.781219, 476.492218, 435.970581,55.607925, 1225.861328, 0.999996
5, 888,7,137.448883, 137.449432, 476.492218, 435.970581,55.607925, 1225.861328, 0.999996
5, 889,0,560.175171, 560.178284, 476.498322, 248.112762,21.166815, 752.999573, 0.999994
5, 889,1,462.426941, 462.429474, 476.498322, 248.112762,21.166815, 752.999573, 0.999995
5, 889,2,752.999573, 753.002441, 476.498322, 248.112762,21.166815, 752.999573, 0.999996
5, 889,3,746.094543, 746.096008, 476.498322, 248.112762,21.166815, 752.999573, 0.999998
5, 889,4,620.745850, 620.749146, 476.498322, 248.112762,21.166815, 752.999573, 0.999995
5, 889,5,21.166815, 21.167316, 476.498322, 248.112762,21.166815, 752.999573, 0.999976
5, 889,6,318.981873, 318.980957, 476.498322, 248.112762,21.166815, 752.999573, 1.000003
5, 889,7,329.395813, 329.396332, 476.498322, 248.112762,21.166815, 752.999573, 0.999998
5, 890,0,608.268799, 608.265320, 476.502808, 275.322876,57.599842, 805.089722, 1.000006
5, 890,1,119.099579, 119.102112, 476.502808, 275.322876,57.599842, 805.089722, 0.999979
5, 890,2,443.761292, 443.761261, 476.502808, 275.322876,57.599842, 805.089722, 1.000000
5, 890,3,728.261719, 728.253296, 476.502808, 275.322876,57.599842, 805.089722, 1.000012
5, 890,4,396.679108, 396.679047, 476.502808, 275.322876,57.599842, 805.089722, 1.000000
5, 890,5,653.262390, 653.267578, 476.502808, 275.322876,57.599842, 805.089722, 0.999992
5, 890,6,57.599842, 57.595425, 476.502808, 275.322876,57.599842, 805.089722, 1.000077
5, 890,7,805.089722, 805.075867, 476.502808, 275.322876,57.599842, 805.089722, 1.000017
5, 891,0,132.817215, 132.814255, 476.503021, 296.856232,24.337193, 785.589722, 1.000022
5, 891,1,723.726135, 723.721985, 476.503021, 296.856232,24.337193, 785.589722, 1.000006
5, 891,2,732.152222, 732.149902, 476.503021, 296.856232,24.337193, 785.589722, 1.000003
5, 891,3,276.751770, 276.751282, 476.503021, 296.856232,24.337193, 785.589722, 1.000002
5, 891,4,785.589722, 785.579590, 476.503021, 296.856232,24.337193, 785.589722, 1.000013
5, 891,5,24.337193, 24.338047, 476.503021, 296.856232,24.337193, 785.589722, 0.999965
5, 891,6,656.410400, 656.404663, 476.503021, 296.856232,24.337193, 785.589722, 1.000009
5, 891,7,480.239502, 480.240173, 476.503021, 296.856232,24.337193, 785.589722, 0.999999
5, 892,0,663.450500, 663.461060, 476.494507, 213.407394,106.501930, 736.913391, 0.999984
5, 892,1,106.501930, 106.504791, 476.494507, 213.407394,106.501930, 736.913391, 0.999973
5, 892,2,489.022552, 489.025787, 476.494507, 213.407394,106.501930, 736.913391, 0.999993
5, 892,3,445.871826, 445.873962, 476.494507, 213.407394,106.501930, 736.913391, 0.999995
5, 892,4,736.913391, 736.922974, 476.494507, 213.407394,106.501930, 736.913391, 0.999987
5, 892,5,417.094482, 417.098541, 476.494507, 213.407394,106.501930, 736.913391, 0.999990
5, 892,6,669.567322, 669.577271, 476.494507, 213.407394,106.501930, 736.913391, 0.999985
5, 892,7,283.533905, 283.535553, 476.494507, 213.407394,106.501930, 736.913391, 0.999994
5, 893,0,40.017281, 40.019794, 476.500488, 299.117676,40.017281, 955.763000, 0.999937
5, 893,1,569.275452, 569.274292, 476.500488, 299.117676,40.017281, 955.763000, 1.000002
5, 893,2,187.247345, 187.248199, 476.500488, 299.117676,40.017281, 955.763000, 0.999995
5, 893,3,409.388733, 409.387756, 476.500488, 299.117676,40.017281, 955.763000, 1.000002
5, 893,4,668.188904, 668.187378, 476.500488, 299.117676,40.017281, 955.763000, 1.000002
5, 893,5,955.763000, 955.761841, 476.500488, 299.117676,40.017281, 955.763000, 1.000001
5, 893,6,680.986023, 680.983887, 476.500488, 299.117676,40.017281, 955.763000, 1.000003
5, 893,7,301.137146, 301.136658, 476.500488, 299.117676,40.017281, 955.763000, 1.000002
5, 894,0,414.607391, 414.606201, 476.506836, 213.274734,155.452057, 732.739624, 1.000003
5, 894,1,575.041809, 575.032593, 476.506836, 213.274734,155.452057, 732.739624, 1.000016
5, 894,2,700.485168, 700.478455, 476.506836, 213.274734,155.452057, 732.739624, 1.000010
5, 894,3,216.806244, 216.803986, 476.506836, 213.274734,155.452057, 732.739624, 1.000010
5, 894,4,732.739624, 732.721619, 476.506836, 213.274734,155.452057, 732.739624, 1.000025
5, 894,5,155.452057, 155.449768, 476.506836, 213.274734,155.452057, 732.739624, 1.000015
5, 894,6,599.229614, 599.221619, 476.506836, 213.274734,155.452057, 732.739624, 1.000013
5, 894,7,417.692841, 417.685760, 476.506836, 213.274734,155.452057, 732.739624, 1.000017
5, 895,0,62.656013, 62.665318, 476.497284, 292.277283,62.656013, 849.161804, 0.999852
5, 895,1,216.160339, 216.164169, 476.497284, 292.277283,62.656013, 849.161804, 0.999982
5, 895,2,804.262573, 804.265991, 476.497284, 292.277283,62.656013, 849.161804, 0.999996
5, 895,3,608.852173, 608.852783, 476.497284, 292.277283,62.656013, 849.161804, 0.999999
5, 895,4,188.840164, 188.830200, 476.497284, 292.277283,62.656013, 849.161804, 1.000053
5, 895,5,849.161804, 849.166809, 476.497284, 292.277283,62.656013, 849.161804, 0.999994
5, 895,6,585.977417, 585.980835, 476.497284, 292.277283,62.656013, 849.161804, 0.999994
5, 895,7,496.067627, 496.073792, 476.497284, 292.277283,62.656013, 849.161804, 0.999988
5, 896,0,281.253448, 281.249695, 476.501709, 252.283142,91.177544, 784.939148, 1.000013
5, 896,1,91.177544, 91.177895, 476.501709, 252.283142,91.177544, 784.939148, 0.999996
5, 896,2,591.984985, 591.983459, 476.501709, 252.283142,91.177544, 784.939148, 1.000003
5, 896,3,784.939148, 784.930725, 476.501709, 252.283142,91.177544, 784.939148, 1.000011
5, 896,4,691.534119, 691.532227, 476.501709, 252.283142,91.177544, 784.939148, 1.000003
5, 896,5,685.700439, 685.701477, 476.501709, 252.283142,91.177544, 784.939148, 0.999999
5, 896,6,231.675034, 231.675018, 476.501709, 252.283142,91.177544, 784.939148, 1.000000
5, 896,7,453.748871, 453.749390, 476.501709, 252.283142,91.177544, 784.939148, 0.999999
5, 897,0,860.497620, 860.511047, 476.495422, 384.804688,40.201817, 904.886536, 0.999984
5, 897,1,599.499939, 599.509094, 476.495422, 384.804688,40.201817, 904.886536, 0.999985
5, 897,2,904.886536, 904.895081, 476.495422, 384.804688,40.201817, 904.886536, 0.999991
5, 897,3,359.467926, 359.469330, 476.495422, 384.804688,40.201817, 904.886536, 0.999996
5, 897,4,40.201817, 40.199703, 476.495422, 384.804688,40.201817, 904.886536, 1.000053
5, 897,5,887.457703, 887.458496, 476.495422, 384.804688,40.201817, 904.886536, 0.999999
5, 897,6,41.099667, 41.101593, 476.495422, 384.804688,40.201817, 904.886536, 0.999953
5, 897,7,118.852005, 118.855576, 476.495422, 384.804688,40.201817, 904.886536, 0.999970
5, 898,0,687.519836, 687.521057, 476.500366, 224.157516,133.931229, 752.997314, 0.999998
5, 898,1,230.083023, 230.083054, 476.500366, 224.157516,133.931229, 752.997314, 1.000000
5, 898,2,588.773010, 588.773682, 476.500366, 224.157516,133.931229, 752.997314, 0.999999
5, 898,3,405.826813, 405.828979, 476.500366, 224.157516,133.931229, 752.997314, 0.999995
5, 898,4,133.931229, 133.930267, 476.500366, 224.157516,133.931229, 752.997314, 1.000007
5, 898,5,752.997314, 752.996521, 476.500366, 224.157516,133.931229, 752.997314, 1.000001
5, 898,6,377.441528, 377.441040, 476.500366, 224.157516,133.931229, 752.997314, 1.000001
5, 898,7,635.430115, 635.425537, 476.500366, 224.157516,133.931229, 752.997314, 1.000007
5, 899,0,554.466736, 554.468506, 476.499542, 217.905487,169.737839, 796.625916, 0.999997
5, 899,1,432.093445, 432.092743, 476.499542, 217.905487,169.737839, 796.625916, 1.000002
5, 899,2,427.829193, 427.829132, 476.499542, 217.905487,169.737839, 796.625916, 1.000000
5, 899,3,169.737839, 169.739578, 476.499542, 217.905487,169.737839, 796.625916, 0.999990
5, 899,4,719.969788, 719.969604, 476.499542, 217.905487,169.737839, 796.625916, 1.000000
5, 899,5,491.436066, 491.436859, 476.499542, 217.905487,169.737839, 796.625916, 0.999998
5, 899,6,796.625916, 796.627380, 476.499542, 217.905487,169.737839, 796.625916, 0.999998
5, 899,7,219.837311, 219.836426, 476.499542, 217.905487,169.737839, 796.625916, 1.000004
5, 900,0,47.895130, 47.897007, 476.494873, 520.681274,47.895130, 1310.101685, 0.999961
5, 900,1,57.667934, 57.679447, 476.494873, 520.681274,47.895130, 1310.101685, 0.999800
5, 900,2,248.395142, 248.397232, 476.494873, 520.681274,47.895130, 1310.101685, 0.999992
5, 900,3,504.207886, 504.211975, 476.494873, 520.681274,47.895130, 1310.101685, 0.999992
5, 900,4,1258.290039, 1258.294800, 476.494873, 520.681274,47.895130, 1310.101685, 0.999996
5, 900,5,1310.101685, 1310.109863, 476.494873, 520.681274,47.895130, 1310.101685, 0.999994
5, 900,6,289.316437, 289.316467, 476.494873, 520.681274,47.895130, 1310.101685, 1.000000
5, 900,7,96.084946, 96.093407, 476.494873, 520.681274,47.895130, 1310.101685, 0.999912
5, 901,0,850.634521, 850.623657, 476.505005, 284.471344,88.008820, 869.203430, 1.000013
5, 901,1,373.476563, 373.473938, 476.505005, 284.471344,88.008820, 869.203430, 1.000007
5, 901,2,262.839172, 262.840057, 476.505005, 284.471344,88.008820, 869.203430, 0.999997
5, 901,3,281.381409, 281.379547, 476.505005, 284.471344,88.008820, 869.203430, 1.000007
5, 901,4,88.008820, 88.012772, 476.505005, 284.471344,88.008820, 869.203430, 0.999955
5, 901,5,448.108917, 448.104004, 476.505005, 284.471344,88.008820, 869.203430, 1.000011
5, 901,6,638.387512, 638.376526, 476.505005, 284.471344,88.008820, 869.203430, 1.000017
5, 901,7,869.203430, 869.189392, 476.505005, 284.471344,88.008820, 869.203430, 1.000016
5, 902,0,798.563416, 798.566223, 476.495270, 363.931641,43.324272, 962.247925, 0.999996
5, 902,1,962.247925, 962.261353, 476.495270, 363.931641,43.324272, 962.247925, 0.999986
5, 902,2,421.536285, 421.539886, 476.495270, 363.931641,43.324272, 962.247925, 0.999991
5, 902,3,55.336155, 55.337070, 476.495270, 363.931641,43.324272, 962.247925, 0.999983
5, 902,4,43.324272, 43.324421, 476.495270, 363.931641,43.324272, 962.247925, 0.999997
5, 902,5,161.896973, 161.895950, 476.495270, 363.931641,43.324272, 962.247925, 1.000006
5, 902,6,814.682007, 814.694885, 476.495270, 363.931641,43.324272, 962.247925, 0.999984
5, 902,7,554.375305, 554.380249, 476.495270, 363.931641,43.324272, 962.247925, 0.999991
5, 903,0,524.869629, 524.872314, 476.497894, 310.678864,68.988052, 849.620300, 0.999995
5, 903,1,435.958496, 435.956635, 476.497894, 310.678864,68.988052, 849.620300, 1.000004
5, 903,2,833.663391, 833.662659, 476.497894, 310.678864,68.988052, 849.620300, 1.000001
5, 903,3,166.950806, 166.954208, 476.497894, 310.678864,68.988052, 849.620300, 0.999980
5, 903,4,198.783600, 198.790359, 476.497894, 310.678864,68.988052, 849.620300, 0.999966
5, 903,5,68.988052, 68.987953, 476.497894, 310.678864,68.988052, 849.620300, 1.000001
5, 903,6,849.620300, 849.624146, 476.497894, 310.678864,68.988052, 849.620300, 0.999995
5, 903,7,733.148987, 733.151855, 476.497894, 310.678864,68.988052, 849.620300, 0.999996
5, 904,0,657.172424, 657.183105, 476.495331, 238.323380,105.503105, 681.905823, 0.999984
5, 904,1,681.905823, 681.910583, 476.495331, 238.323380,105.503105, 681.905823, 0.999993
5, 904,2,610.332703, 610.342407, 476.495331, 238.323380,105.503105, 681.905823, 0.999984
5, 904,3,486.779877, 486.777100, 476.495331, 238.323380,105.503105, 681.905823, 1.000006
5, 904,4,112.723534, 112.723289, 476.495331, 238.323380,105.503105, 681.905823, 1.000002
5, 904,5,495.574188, 495.579193, 476.495331, 238.323380,105.503105, 681.905823, 0.999990
5, 904,6,661.970947, 661.979858, 476.495331, 238.323380,105.503105, 681.905823, 0.999987
5, 904,7,105.503105, 105.504112, 476.495331, 238.323380,105.503105, 681.905823, 0.999990
5, 905,0,120.322319, 120.318771, 476.506592, 279.426422,11.603234, 811.764465, 1.000029
5, 905,1,11.603234, 11.599216, 476.506592, 279.426422,11.603234, 811.764465, 1.000346
5, 905,2,586.455688, 586.449463, 476.506592, 279.426422,11.603234, 811.764465, 1.000011
5, 905,3,504.052368, 504.049194, 476.506592, 279.426422,11.603234, 811.764465, 1.000006
5, 905,4,650.426086, 650.418091, 476.506592, 279.426422,11.603234, 811.764465, 1.000012
5, 905,5,691.869873, 691.862183, 476.506592, 279.426422,11.603234, 811.764465, 1.000011
5, 905,6,811.764465, 811.749084, 476.506592, 279.426422,11.603234, 811.764465, 1.000019
5, 905,7,435.558746, 435.553986, 476.506592, 279.426422,11.603234, 811.764465, 1.000011
5, 906,0,854.525574, 854.528870, 476.494476, 269.302429,69.529526, 854.525574, 0.999996
5, 906,1,492.647003, 492.654358, 476.494476, 269.302429,69.529526, 854.525574, 0.999985
5, 906,2,819.216614, 819.227600, 476.494476, 269.302429,69.529526, 854.525574, 0.999987
5, 906,3,496.545715, 496.547638, 476.494476, 269.302429,69.529526, 854.525574, 0.999996
5, 906,4,69.529526, 69.532791, 476.494476, 269.302429,69.529526, 854.525574, 0.999953
5, 906,5,475.479126, 475.483093, 476.494476, 269.302429,69.529526, 854.525574, 0.999992
5, 906,6,402.315430, 402.323700, 476.494476, 269.302429,69.529526, 854.525574, 0.999979
5, 906,7,201.696960, 201.701981, 476.494476, 269.302429,69.529526, 854.525574, 0.999975
5, 907,0,144.627823, 144.623825, 476.496979, 244.958664,144.627823, 812.742126, 1.000028
5, 907,1,672.936646, 672.940491, 476.496979, 244.958664,144.627823, 812.742126, 0.999994
5, 907,2,349.932861, 349.935364, 476.496979, 244.958664,144.627823, 812.742126, 0.999993
5, 907,3,388.881012, 388.885254, 476.496979, 244.958664,144.627823, 812.742126, 0.999989
5, 907,4,780.067566, 780.071777, 476.496979, 244.958664,144.627823, 812.742126, 0.999995
5, 907,5,319.419800, 319.425079, 476.496979, 244.958664,144.627823, 812.742126, 0.999983
5, 907,6,812.742126, 812.755859, 476.496979, 244.958664,144.627823, 812.742126, 0.999983
5, 907,7,343.367828, 343.362762, 476.496979, 244.958664,144.627823, 812.742126, 1.000015
5, 908,0,921.926758, 921.933655, 476.498291, 294.159241,160.185974, 921.926758, 0.999992
5, 908,1,239.701019, 239.703598, 476.498291, 294.159241,160.185974, 921.926758, 0.999989
5, 908,2,663.512085, 663.513184, 476.498291, 294.159241,160.185974, 921.926758, 0.999998
5, 908,3,160.185974, 160.182358, 476.498291, 294.159241,160.185974, 921.926758, 1.000023
5, 908,4,857.363159, 857.367737, 476.498291, 294.159241,160.185974, 921.926758, 0.999995
5, 908,5,333.143372, 333.143402, 476.498291, 294.159241,160.185974, 921.926758, 1.000000
5, 908,6,332.168884, 332.169403, 476.498291, 294.159241,160.185974, 921.926758, 0.999998
5, 908,7,303.985046, 303.986633, 476.498291, 294.159241,160.185974, 921.926758, 0.999995
5, 909,0,626.886902, 626.890259, 476.496307, 174.285202,260.736176, 719.159241, 0.999995
5, 909,1,308.640961, 308.642273, 476.496307, 174.285202,260.736176, 719.159241, 0.999996
5, 909,2,260.736176, 260.738007, 476.496307, 174.285202,260.736176, 719.159241, 0.999993
5, 909,3,446.251862, 446.256104, 476.496307, 174.285202,260.736176, 719.159241, 0.999991
5, 909,4,622.354980, 622.356873, 476.496307, 174.285202,260.736176, 719.159241, 0.999997
5, 909,5,299.104370, 299.108154, 476.496307, 174.285202,260.736176, 719.159241, 0.999987
5, 909,6,719.159241, 719.170227, 476.496307, 174.285202,260.736176, 719.159241, 0.999985
5, 909,7,528.836182, 528.838440, 476.496307, 174.285202,260.736176, 719.159241, 0.999996
5, 910,0,10.884890, 10.886092, 476.497284, 287.674622,10.884890, 758.299438, 0.999890
5, 910,1,519.248718, 519.250061, 476.497284, 287.674622,10.884890, 758.299438, 0.999997
5, 910,2,592.215332, 592.226074, 476.497284, 287.674622,10.884890, 758.299438, 0.999982
5, 910,3,490.107605, 490.103943, 476.497284, 287.674622,10.884890, 758.299438, 1.000008
5, 910,4,749.409790, 749.412537, 476.497284, 287.674622,10.884890, 758.299438, 0.999996
5, 910,5,758.299438, 758.305054, 476.497284, 287.674622,10.884890, 758.299438, 0.999993
5, 910,6,63.863270, 63.861767, 476.497284, 287.674622,10.884890, 758.299438, 1.000023
5, 910,7,627.949463, 627.954590, 476.497284, 287.674622,10.884890, 758.299438, 0.999992
5, 911,0,84.345833, 84.349709, 476.494110, 494.880463,13.729494, 1288.712769, 0.999954
5, 911,1,1288.712769, 1288.733032, 476.494110, 494.880463,13.729494, 1288.712769, 0.999984
5, 911,2,224.308609, 224.312790, 476.494110, 494.880463,13.729494, 1288.712769, 0.999981
5, 911,3,13.729494, 13.731135, 476.494110, 494.880463,13.729494, 1288.712769, 0.999880
5, 911,4,367.002625, 367.005951, 476.494110, 494.880463,13.729494, 1288.712769, 0.999991
5, 911,5,1047.566895, 1047.574219, 476.494110, 494.880463,13.729494, 1288.712769, 0.999993
5, 911,6,761.322266, 761.323303, 476.494110, 494.880463,13.729494, 1288.712769, 0.999999
5, 911,7,24.964306, 24.970043, 476.494110, 494.880463,13.729494, 1288.712769, 0.999770
5, 912,0,781.633728, 781.636047, 476.499054, 280.854736,41.973106, 781.633728, 0.999997
5, 912,1,576.435791, 576.437439, 476.499054, 280.854736,41.973106, 781.633728, 0.999997
5, 912,2,651.575989, 651.578552, 476.499054, 280.854736,41.973106, 781.633728, 0.999996
5, 912,3,582.280212, 582.282043, 476.499054, 280.854736,41.973106, 781.633728, 0.999997
5, 912,4,450.835083, 450.835693, 476.499054, 280.854736,41.973106, 781.633728, 0.999999
5, 912,5,53.573666, 53.574337, 476.499054, 280.854736,41.973106, 781.633728, 0.999987
5, 912,6,41.973106, 41.971870, 476.499054, 280.854736,41.973106, 781.633728, 1.000029
5, 912,7,673.684814, 673.683960, 476.499054, 280.854736,41.973106, 781.633728, 1.000001
5, 913,0,985.606934, 985.619263, 476.494812, 325.661438,134.679581, 985.606934, 0.999987
5, 913,1,429.543793, 429.548615, 476.494812, 325.661438,134.679581, 985.606934, 0.999989
5, 913,2,297.695618, 297.701538, 476.494812, 325.661438,134.679581, 985.606934, 0.999980
5, 913,3,984.170715, 984.178040, 476.494812, 325.661438,134.679581, 985.606934, 0.999993
5, 913,4,134.679581, 134.676514, 476.494812, 325.661438,134.679581, 985.606934, 1.000023
5, 913,5,292.216461, 292.218170, 476.494812, 325.661438,134.679581, 985.606934, 0.999994
5, 913,6,395.936432, 395.945343, 476.494812, 325.661438,134.679581, 985.606934, 0.999977
5, 913,7,292.108582, 292.112701, 476.494812, 325.661438,134.679581, 985.606934, 0.999986
5, 914,0,403.876495, 403.879517, 476.494965, 247.163040,134.137711, 877.513550, 0.999992
5, 914,1,240.321014, 240.319855, 476.494965, 247.163040,134.137711, 877.513550, 1.000005
5, 914,2,699.363342, 699.372620, 476.494965, 247.163040,134.137711, 877.513550, 0.999987
5, 914,3,487.527985, 487.538544, 476.494965, 247.163040,134.137711, 877.513550, 0.999978
5, 914,4,345.636261, 345.638367, 476.494965, 247.163040,134.137711, 877.513550, 0.999994
5, 914,5,877.513550, 877.520447, 476.494965, 247.163040,134.137711, 877.513550, 0.999992
5, 914,6,623.583313, 623.592285, 476.494965, 247.163040,134.137711, 877.513550, 0.999986
5, 914,7,134.137711, 134.138306, 476.494965, 247.163040,134.137711, 877.513550, 0.999996
5, 915,0,241.737579, 241.737015, 476.500244, 321.093475,24.817434, 817.687622, 1.000002
5, 915,1,802.784302, 802.782959, 476.500244, 321.093475,24.817434, 817.687622, 1.000002
5, 915,2,817.687622, 817.686951, 476.500244, 321.093475,24.817434, 817.687622, 1.000001
5, 915,3,807.997864, 807.997864, 476.500244, 321.093475,24.817434, 817.687622, 1.000000
5, 915,4,393.947174, 393.946838, 476.500244, 321.093475,24.817434, 817.687622, 1.000001
5, 915,5,581.239014, 581.238647, 476.500244, 321.093475,24.817434, 817.687622, 1.000001
5, 915,6,141.791061, 141.794693, 476.500244, 321.093475,24.817434, 817.687622, 0.999974
5, 915,7,24.817434, 24.815048, 476.500244, 321.093475,24.817434, 817.687622, 1.000096
5, 916,0,804.026367, 804.014709, 476.506500, 301.360779,59.377312, 811.631714, 1.000015
5, 916,1,289.531677, 289.534698, 476.506500, 301.360779,59.377312, 811.631714, 0.999990
5, 916,2,564.130920, 564.119385, 476.506500, 301.360779,59.377312, 811.631714, 1.000021
5, 916,3,811.631714, 811.617859, 476.506500, 301.360779,59.377312, 811.631714, 1.000017
5, 916,4,519.495850, 519.490479, 476.506500, 301.360779,59.377312, 811.631714, 1.000010
5, 916,5,82.114357, 82.111160, 476.506500, 301.360779,59.377312, 811.631714, 1.000039
5, 916,6,681.744019, 681.730713, 476.506500, 301.360779,59.377312, 811.631714, 1.000020
5, 916,7,59.377312, 59.380901, 476.506500, 301.360779,59.377312, 811.631714, 0.999940
5, 917,0,372.620758, 372.620697, 476.501770, 191.943039,263.084930, 760.969788, 1.000000
5, 917,1,375.046783, 375.045563, 476.501770, 191.943039,263.084930, 760.969788, 1.000003
5, 917,2,760.969788, 760.968018, 476.501770, 191.943039,263.084930, 760.969788, 1.000002
5, 917,3,694.947021, 694.942505, 476.501770, 191.943039,263.084930, 760.969788, 1.000007
5, 917,4,263.084930, 263.086243, 476.501770, 191.943039,263.084930, 760.969788, 0.999995
5, 917,5,431.371857, 431.371613, 476.501770, 191.943039,263.084930, 760.969788, 1.000001
5, 917,6,629.938843, 629.933105, 476.501770, 191.943039,263.084930, 760.969788, 1.000009
5, 917,7,284.034241, 284.032410, 476.501770, 191.943039,263.084930, 760.969788, 1.000006
5, 918,0,751.528503, 751.522156, 476.506104, 219.612427,259.154388, 778.492920, 1.000008
5, 918,1,778.492920, 778.487976, 476.506104, 219.612427,259.154388, 778.492920, 1.000006
5, 918,2,259.154388, 259.146942, 476.506104, 219.612427,259.154388, 778.492920, 1.000029
5, 918,3,299.335083, 299.327820, 476.506104, 219.612427,259.154388, 778.492920, 1.000024
5, 918,4,274.589508, 274.581512, 476.506104, 219.612427,259.154388, 778.492920, 1.000029
5, 918,5,477.328979, 477.322723, 476.506104, 219.612427,259.154388, 778.492920, 1.000013
5, 918,6,325.811798, 325.808960, 476.506104, 219.612427,259.154388, 778.492920, 1.000009
5, 918,7,645.807251, 645.801758, 476.506104, 219.612427,259.154388, 778.492920, 1.000008
5, 919,0,130.542694, 130.537567, 476.494873, 204.763214,130.542694, 719.267334, 1.000039
5, 919,1,471.638794, 471.641418, 476.494873, 204.763214,130.542694, 719.267334, 0.999994
5, 919,2,665.213379, 665.228638, 476.494873, 204.763214,130.542694, 719.267334, 0.999977
5, 919,3,719.267334, 719.278442, 476.494873, 204.763214,130.542694, 719.267334, 0.999985
5, 919,4,405.451263, 405.450958, 476.494873, 204.763214,130.542694, 719.267334, 1.000001
5, 919,5,664.778076, 664.794189, 476.494873, 204.763214,130.542694, 719.267334, 0.999976
5, 919,6,475.390228, 475.391083, 476.494873, 204.763214,130.542694, 719.267334, 0.999998
5, 919,7,279.677185, 279.677643, 476.494873, 204.763214,130.542694, 719.267334, 0.999998
5, 920,0,597.144775, 597.138672, 476.506622, 277.182312,77.516609, 746.121704, 1.000010
5, 920,1,91.591309, 91.585258, 476.506622, 277.182312,77.516609, 746.121704, 1.000066
5, 920,2,77.516609, 77.516151, 476.506622, 277.182312,77.516609, 746.121704, 1.000006
5, 920,3,739.453247, 739.439148, 476.506622, 277.182312,77.516609, 746.121704, 1.000019
5, 920,4,731.713501, 731.703735, 476.506622, 277.182312,77.516609, 746.121704, 1.000013
5, 920,5,746.121704, 746.110352, 476.506622, 277.182312,77.516609, 746.121704, 1.000015
5, 920,6,389.865936, 389.865936, 476.506622, 277.182312,77.516609, 746.121704, 1.000000
5, 920,7,438.646057, 438.640594, 476.506622, 277.182312,77.516609, 746.121704, 1.000012
5, 921,0,389.999512, 389.997375, 476.496796, 344.755341,91.009850, 893.204163, 1.000005
5, 921,1,103.633545, 103.630974, 476.496796, 344.755341,91.009850, 893.204163, 1.000025
5, 921,2,893.204163, 893.216736, 476.496796, 344.755341,91.009850, 893.204163, 0.999986
5, 921,3,346.073669, 346.072571, 476.496796, 344.755341,91.009850, 893.204163, 1.000003
5, 921,4,91.009850, 91.007721, 476.496796, 344.755341,91.009850, 893.204163, 1.000023
5, 921,5,885.436340, 885.451233, 476.496796, 344.755341,91.009850, 893.204163, 0.999983
5, 921,6,261.649994, 261.643921, 476.496796, 344.755341,91.009850, 893.204163, 1.000023
5, 921,7,840.967285, 840.979126, 476.496796, 344.755341,91.009850, 893.204163, 0.999986
5, 922,0,404.957642, 404.959808, 476.494934, 191.437927,182.014160, 782.563599, 0.999995
5, 922,1,339.795776, 339.798309, 476.494934, 191.437927,182.014160, 782.563599, 0.999993
5, 922,2,594.211304, 594.219177, 476.494934, 191.437927,182.014160, 782.563599, 0.999987
5, 922,3,516.400818, 516.406982, 476.494934, 191.437927,182.014160, 782.563599, 0.999988
5, 922,4,630.408630, 630.414429, 476.494934, 191.437927,182.014160, 782.563599, 0.999991
5, 922,5,182.014160, 182.015213, 476.494934, 191.437927,182.014160, 782.563599, 0.999994
5, 922,6,361.607544, 361.610840, 476.494934, 191.437927,182.014160, 782.563599, 0.999991
5, 922,7,782.563599, 782.575012, 476.494934, 191.437927,182.014160, 782.563599, 0.999985
5, 923,0,483.817841, 483.811462, 476.505341, 156.349976,250.061920, 721.814270, 1.000013
5, 923,1,721.814270, 721.807312, 476.505341, 156.349976,250.061920, 721.814270, 1.000010
5, 923,2,250.061920, 250.065948, 476.505341, 156.349976,250.061920, 721.814270, 0.999984
5, 923,3,330.806488, 330.799957, 476.505341, 156.349976,250.061920, 721.814270, 1.000020
5, 923,4,503.377350, 503.367340, 476.505341, 156.349976,250.061920, 721.814270, 1.000020
5, 923,5,487.342041, 487.335052, 476.505341, 156.349976,250.061920, 721.814270, 1.000014
5, 923,6,648.171387, 648.164490, 476.505341, 156.349976,250.061920, 721.814270, 1.000011
5, 923,7,386.651459, 386.648743, 476.505341, 156.349976,250.061920, 721.814270, 1.000007
5, 924,0,785.806213, 785.800964, 476.502563, 336.483429,31.003296, 889.349243, 1.000007
5, 924,1,44.895813, 44.898190, 476.502563, 336.483429,31.003296, 889.349243, 0.999947
5, 924,2,443.358337, 443.355621, 476.502563, 336.483429,31.003296, 889.349243, 1.000006
5, 924,3,31.003296, 31.004553, 476.502563, 336.483429,31.003296, 889.349243, 0.999959
5, 924,4,889.349243, 889.346802, 476.502563, 336.483429,31.003296, 889.349243, 1.000003
5, 924,5,260.471283, 260.468353, 476.502563, 336.483429,31.003296, 889.349243, 1.000011
5, 924,6,600.294922, 600.288025, 476.502563, 336.483429,31.003296, 889.349243, 1.000011
5, 924,7,756.841614, 756.837646, 476.502563, 336.483429,31.003296, 889.349243, 1.000005
5, 925,0,394.092621, 394.093170, 476.502777, 127.311035,245.558884, 682.187317, 0.999999
5, 925,1,245.558884, 245.556839, 476.502777, 127.311035,245.558884, 682.187317, 1.000008
5, 925,2,439.562988, 439.562439, 476.502777, 127.311035,245.558884, 682.187317, 1.000001
5, 925,3,511.311829, 511.310059, 476.502777, 127.311035,245.558884, 682.187317, 1.000003
5, 925,4,682.187317, 682.181763, 476.502777, 127.311035,245.558884, 682.187317, 1.000008
5, 925,5,555.209656, 555.207153, 476.502777, 127.311035,245.558884, 682.187317, 1.000005
5, 925,6,462.303284, 462.297089, 476.502777, 127.311035,245.558884, 682.187317, 1.000013
5, 925,7,521.795654, 521.791443, 476.502777, 127.311035,245.558884, 682.187317, 1.000008
5, 926,0,713.410278, 713.415222, 476.496765, 298.856262,56.455643, 823.939026, 0.999993
5, 926,1,383.496948, 383.496613, 476.496765, 298.856262,56.455643, 823.939026, 1.000001
5, 926,2,174.003784, 174.004929, 476.496765, 298.856262,56.455643, 823.939026, 0.999993
5, 926,3,56.455643, 56.455826, 476.496765, 298.856262,56.455643, 823.939026, 0.999997
5, 926,4,763.563904, 763.571045, 476.496765, 298.856262,56.455643, 823.939026, 0.999991
5, 926,5,823.939026, 823.946045, 476.496765, 298.856262,56.455643, 823.939026, 0.999991
5, 926,6,239.021332, 239.019577, 476.496765, 298.856262,56.455643, 823.939026, 1.000007
5, 926,7,658.083313, 658.091064, 476.496765, 298.856262,56.455643, 823.939026, 0.999988
5, 927,0,830.737122, 830.730835, 476.503448, 278.401184,14.638036, 830.737122, 1.000008
5, 927,1,379.882019, 379.876373, 476.503448, 278.401184,14.638036, 830.737122, 1.000015
5, 927,2,789.384033, 789.378662, 476.503448, 278.401184,14.638036, 830.737122, 1.000007
5, 927,3,359.783569, 359.779999, 476.503448, 278.401184,14.638036, 830.737122, 1.000010
5, 927,4,699.232788, 699.228394, 476.503448, 278.401184,14.638036, 830.737122, 1.000006
5, 927,5,297.585083, 297.584290, 476.503448, 278.401184,14.638036, 830.737122, 1.000003
5, 927,6,14.638036, 14.637625, 476.503448, 278.401184,14.638036, 830.737122, 1.000028
5, 927,7,440.785126, 440.783844, 476.503448, 278.401184,14.638036, 830.737122, 1.000003
5, 928,0,379.103607, 379.102325, 476.503510, 290.682648,158.987869, 876.265381, 1.000003
5, 928,1,649.934692, 649.929199, 476.503510, 290.682648,158.987869, 876.265381, 1.000008
5, 928,2,158.987869, 158.989120, 476.503510, 290.682648,158.987869, 876.265381, 0.999992
5, 928,3,876.265381, 876.252930, 476.503510, 290.682648,158.987869, 876.265381, 1.000014
5, 928,4,874.858582, 874.848511, 476.503510, 290.682648,158.987869, 876.265381, 1.000012
5, 928,5,401.573395, 401.572388, 476.503510, 290.682648,158.987869, 876.265381, 1.000003
5, 928,6,161.611435, 161.610641, 476.503510, 290.682648,158.987869, 876.265381, 1.000005
5, 928,7,309.693146, 309.694702, 476.503510, 290.682648,158.987869, 876.265381, 0.999995
5, 929,0,226.982376, 226.987274, 476.503784, 207.914291,175.522293, 684.917419, 0.999978
5, 929,1,684.917419, 684.913269, 476.503784, 207.914291,175.522293, 684.917419, 1.000006
5, 929,2,517.235657, 517.232788, 476.503784, 207.914291,175.522293, 684.917419, 1.000006
5, 929,3,320.774170, 320.769379, 476.503784, 207.914291,175.522293, 684.917419, 1.000015
5, 929,4,679.884705, 679.875183, 476.503784, 207.914291,175.522293, 684.917419, 1.000014
5, 929,5,175.522293, 175.512421, 476.503784, 207.914291,175.522293, 684.917419, 1.000056
5, 929,6,661.895203, 661.890991, 476.503784, 207.914291,175.522293, 684.917419, 1.000006
5, 929,7,544.818298, 544.818237, 476.503784, 207.914291,175.522293, 684.917419, 1.000000
5, 930,0,564.524597, 564.534790, 476.492645, 113.148247,355.925201, 691.582703, 0.999982
5, 930,1,355.925201, 355.929596, 476.492645, 113.148247,355.925201, 691.582703, 0.999988
5, 930,2,512.699524, 512.705139, 476.492645, 113.148247,355.925201, 691.582703, 0.999989
5, 930,3,393.598480, 393.604828, 476.492645, 113.148247,355.925201, 691.582703, 0.999984
5, 930,4,413.078430, 413.085785, 476.492645, 113.148247,355.925201, 691.582703, 0.999982
5, 930,5,691.582703, 691.595032, 476.492645, 113.148247,355.925201, 691.582703, 0.999982
5, 930,6,384.412018, 384.417908, 476.492645, 113.148247,355.925201, 691.582703, 0.999985
5, 930,7,496.119843, 496.126831, 476.492645, 113.148247,355.925201, 691.582703, 0.999986
5, 931,0,642.656677, 642.659973, 476.495270, 291.903046,26.104614, 830.744934, 0.999995
5, 931,1,229.386490, 229.387497, 476.495270, 291.903046,26.104614, 830.744934, 0.999996
5, 931,2,26.104614, 26.104164, 476.495270, 291.903046,26.104614, 830.744934, 1.000017
5, 931,3,830.744934, 830.753540, 476.495270, 291.903046,26.104614, 830.744934, 0.999990
5, 931,4,663.806702, 663.818909, 476.495270, 291.903046,26.104614, 830.744934, 0.999982
5, 931,5,494.996429, 495.004608, 476.495270, 291.903046,26.104614, 830.744934, 0.999983
5, 931,6,194.183212, 194.181854, 476.495270, 291.903046,26.104614, 830.744934, 1.000007
5, 931,7,730.083252, 730.089844, 476.495270, 291.903046,26.104614, 830.744934, 0.999991
5, 932,0,999.712830, 999.723694, 476.494873, 337.948029,91.134857, 999.712830, 0.999989
5, 932,1,279.170013, 279.167664, 476.494873, 337.948029,91.134857, 999.712830, 1.000008
5, 932,2,290.419159, 290.420471, 476.494873, 337.948029,91.134857, 999.712830, 0.999995
5, 932,3,122.380859, 122.378250, 476.494873, 337.948029,91.134857, 999.712830, 1.000021
5, 932,4,505.525604, 505.537079, 476.494873, 337.948029,91.134857, 999.712830, 0.999977
5, 932,5,676.382935, 676.392517, 476.494873, 337.948029,91.134857, 999.712830, 0.999986
5, 932,6,91.134857, 91.132889, 476.494873, 337.948029,91.134857, 999.712830, 1.000022
5, 932,7,847.232788, 847.247986, 476.494873, 337.948029,91.134857, 999.712830, 0.999982
5, 933,0,489.789459, 489.784943, 476.506317, 98.288628,320.812408, 584.129456, 1.000009
5, 933,1,584.129456, 584.120728, 476.506317, 98.288628,320.812408, 584.129456, 1.000015
5, 933,2,435.104218, 435.098358, 476.506317, 98.288628,320.812408, 584.129456, 1.000013
5, 933,3,320.812408, 320.810730, 476.506317, 98.288628,320.812408, 584.129456, 1.000005
5, 933,4,580.563782, 580.557190, 476.506317, 98.288628,320.812408, 584.129456, 1.000011
5, 933,5,540.253967, 540.242249, 476.506317, 98.288628,320.812408, 584.129456, 1.000022
5, 933,6,504.259003, 504.254456, 476.506317, 98.288628,320.812408, 584.129456, 1.000009
5, 933,7,357.138245, 357.131378, 476.506317, 98.288628,320.812408, 584.129456, 1.000019
5, 934,0,358.041229, 358.039886, 476.504303, 153.926407,260.597717, 657.376038, 1.000004
5, 934,1,613.682556, 613.674744, 476.504303, 153.926407,260.597717, 657.376038, 1.000013
5, 934,2,260.597717, 260.592743, 476.504303, 153.926407,260.597717, 657.376038, 1.000019
5, 934,3,475.923431, 475.924347, 476.504303, 153.926407,260.597717, 657.376038, 0.999998
5, 934,4,618.487549, 618.481567, 476.504303, 153.926407,260.597717, 657.376038, 1.000010
5, 934,5,300.628632, 300.627075, 476.504303, 153.926407,260.597717, 657.376038, 1.000005
5, 934,6,657.376038, 657.372986, 476.504303, 153.926407,260.597717, 657.376038, 1.000005
5, 934,7,527.297363, 527.286621, 476.504303, 153.926407,260.597717, 657.376038, 1.000020
5, 935,0,86.538689, 86.538902, 476.493927, 253.210754,86.538689, 902.099792, 0.999998
5, 935,1,527.506531, 527.513733, 476.493927, 253.210754,86.538689, 902.099792, 0.999986
5, 935,2,637.996765, 638.007690, 476.493927, 253.210754,86.538689, 902.099792, 0.999983
5, 935,3,320.037476, 320.042908, 476.493927, 253.210754,86.538689, 902.099792, 0.999983
5, 935,4,354.524200, 354.528137, 476.493927, 253.210754,86.538689, 902.099792, 0.999989
5, 935,5,338.154510, 338.154266, 476.493927, 253.210754,86.538689, 902.099792, 1.000001
5, 935,6,902.099792, 902.109558, 476.493927, 253.210754,86.538689, 902.099792, 0.999989
5, 935,7,645.093567, 645.104980, 476.493927, 253.210754,86.538689, 902.099792, 0.999982
5, 936,0,214.596481, 214.596954, 476.493958, 200.411514,214.596481, 851.432617, 0.999998
5, 936,1,851.432617, 851.441040, 476.493958, 200.411514,214.596481, 851.432617, 0.999990
5, 936,2,490.458282, 490.461273, 476.493958, 200.411514,214.596481, 851.432617, 0.999994
5, 936,3,491.440369, 491.448547, 476.493958, 200.411514,214.596481, 851.432617, 0.999983
5, 936,4,465.534729, 465.540436, 476.493958, 200.411514,214.596481, 851.432617, 0.999988
5, 936,5,364.089691, 364.095764, 476.493958, 200.411514,214.596481, 851.432617, 0.999983
5, 936,6,638.427979, 638.439209, 476.493958, 200.411514,214.596481, 851.432617, 0.999982
5, 936,7,295.971588, 295.976807, 476.493958, 200.411514,214.596481, 851.432617, 0.999982
5, 937,0,26.963886, 26.961092, 476.499207, 379.405304,16.849751, 978.135803, 1.000104
5, 937,1,592.155945, 592.157471, 476.499207, 379.405304,16.849751, 978.135803, 0.999997
5, 937,2,169.289063, 169.290253, 476.499207, 379.405304,16.849751, 978.135803, 0.999993
5, 937,3,488.949524, 488.950836, 476.499207, 379.405304,16.849751, 978.135803, 0.999997
5, 937,4,978.135803, 978.142212, 476.499207, 379.405304,16.849751, 978.135803, 0.999993
5, 937,5,16.849751, 16.840441, 476.499207, 379.405304,16.849751, 978.135803, 1.000553
5, 937,6,592.835754, 592.837463, 476.499207, 379.405304,16.849751, 978.135803, 0.999997
5, 937,7,946.813904, 946.820251, 476.499207, 379.405304,16.849751, 978.135803, 0.999993
5, 938,0,791.323914, 791.318542, 476.501984, 380.160675,19.058483, 1043.374023, 1.000007
5, 938,1,19.058483, 19.062025, 476.501984, 380.160675,19.058483, 1043.374023, 0.999814
5, 938,2,510.295013, 510.296539, 476.501984, 380.160675,19.058483, 1043.374023, 0.999997
5, 938,3,1043.374023, 1043.368530, 476.501984, 380.160675,19.058483, 1043.374023, 1.000005
5, 938,4,40.069469, 40.063435, 476.501984, 380.160675,19.058483, 1043.374023, 1.000151
5, 938,5,379.031616, 379.029480, 476.501984, 380.160675,19.058483, 1043.374023, 1.000006
5, 938,6,812.718994, 812.716858, 476.501984, 380.160675,19.058483, 1043.374023, 1.000003
5, 938,7,216.144516, 216.144547, 476.501984, 380.160675,19.058483, 1043.374023, 1.000000
5, 939,0,395.058289, 395.053040, 476.503723, 234.988159,118.204063, 835.255676, 1.000013
5, 939,1,118.204063, 118.204102, 476.503723, 234.988159,118.204063, 835.255676, 1.000000
5, 939,2,500.758240, 500.757416, 476.503723, 234.988159,118.204063, 835.255676, 1.000002
5, 939,3,607.301453, 607.294983, 476.503723, 234.988159,118.204063, 835.255676, 1.000011
5, 939,4,207.931107, 207.927811, 476.503723, 234.988159,118.204063, 835.255676, 1.000016
5, 939,5,835.255676, 835.249695, 476.503723, 234.988159,118.204063, 835.255676, 1.000007
5, 939,6,657.652527, 657.647400, 476.503723, 234.988159,118.204063, 835.255676, 1.000008
5, 939,7,489.868530, 489.865570, 476.503723, 234.988159,118.204063, 835.255676, 1.000006
5, 940,0,92.076469, 92.079926, 476.504028, 351.514954,56.385017, 908.990967, 0.999962
5, 940,1,731.635193, 731.632263, 476.504028, 351.514954,56.385017, 908.990967, 1.000004
5, 940,2,550.221252, 550.216187, 476.504028, 351.514954,56.385017, 908.990967, 1.000009
5, 940,3,56.385017, 56.383194, 476.504028, 351.514954,56.385017, 908.990967, 1.000032
5, 940,4,908.990967, 908.988037, 476.504028, 351.514954,56.385017, 908.990967, 1.000003
5, 940,5,841.886108, 841.880432, 476.504028, 351.514954,56.385017, 908.990967, 1.000007
5, 940,6,536.419556, 536.399902, 476.504028, 351.514954,56.385017, 908.990967, 1.000037
5, 940,7,94.417892, 94.420235, 476.504028, 351.514954,56.385017, 908.990967, 0.999975
5, 941,0,520.106567, 520.114624, 476.494751, 64.132637,409.066528, 589.322266, 0.999985
5, 941,1,589.322266, 589.330017, 476.494751, 64.132637,409.066528, 589.322266, 0.999987
5, 941,2,426.599823, 426.603149, 476.494751, 64.132637,409.066528, 589.322266, 0.999992
5, 941,3,537.102356, 537.105774, 476.494751, 64.132637,409.066528, 589.322266, 0.999994
5, 941,4,441.406097, 441.410950, 476.494751, 64.132637,409.066528, 589.322266, 0.999989
5, 941,5,436.130188, 436.130920, 476.494751, 64.132637,409.066528, 589.322266, 0.999998
5, 941,6,409.066528, 409.075958, 476.494751, 64.132637,409.066528, 589.322266, 0.999977
5, 941,7,452.224152, 452.228973, 476.494751, 64.132637,409.066528, 589.322266, 0.999989
5, 942,0,633.185669, 633.185486, 476.498322, 212.818359,22.168680, 679.946594, 1.000000
5, 942,1,380.051056, 380.054901, 476.498322, 212.818359,22.168680, 679.946594, 0.999990
5, 942,2,22.168680, 22.169342, 476.498322, 212.818359,22.168680, 679.946594, 0.999970
5, 942,3,564.897644, 564.897339, 476.498322, 212.818359,22.168680, 679.946594, 1.000001
5, 942,4,389.776917, 389.778046, 476.498322, 212.818359,22.168680, 679.946594, 0.999997
5, 942,5,679.946594, 679.951050, 476.498322, 212.818359,22.168680, 679.946594, 0.999993
5, 942,6,604.095337, 604.098267, 476.498322, 212.818359,22.168680, 679.946594, 0.999995
5, 942,7,537.865051, 537.865784, 476.498322, 212.818359,22.168680, 679.946594, 0.999999
5, 943,0,503.858429, 503.849548, 476.506653, 261.023865,81.480408, 794.870789, 1.000018
5, 943,1,542.708374, 542.692200, 476.506653, 261.023865,81.480408, 794.870789, 1.000030
5, 943,2,794.870789, 794.856812, 476.506653, 261.023865,81.480408, 794.870789, 1.000018
5, 943,3,81.480408, 81.480965, 476.506653, 261.023865,81.480408, 794.870789, 0.999993
5, 943,4,780.316101, 780.310425, 476.506653, 261.023865,81.480408, 794.870789, 1.000007
5, 943,5,536.463989, 536.461731, 476.506653, 261.023865,81.480408, 794.870789, 1.000004
5, 943,6,134.426758, 134.426926, 476.506653, 261.023865,81.480408, 794.870789, 0.999999
5, 943,7,437.928345, 437.921234, 476.506653, 261.023865,81.480408, 794.870789, 1.000016
5, 944,0,301.020172, 301.024536, 476.494507, 137.516403,301.020172, 631.162354, 0.999986
5, 944,1,519.552368, 519.558105, 476.494507, 137.516403,301.020172, 631.162354, 0.999989
5, 944,2,631.162354, 631.170532, 476.494507, 137.516403,301.020172, 631.162354, 0.999987
5, 944,3,607.215210, 607.224487, 476.494507, 137.516403,301.020172, 631.162354, 0.999985
5, 944,4,596.768921, 596.781189, 476.494507, 137.516403,301.020172, 631.162354, 0.999979
5, 944,5,328.684143, 328.682892, 476.494507, 137.516403,301.020172, 631.162354, 1.000004
5, 944,6,328.514771, 328.519714, 476.494507, 137.516403,301.020172, 631.162354, 0.999985
5, 944,7,499.038177, 499.038757, 476.494507, 137.516403,301.020172, 631.162354, 0.999999
5, 945,0,160.984695, 160.983505, 476.500488, 324.144165,77.057343, 1042.010864, 1.000007
5, 945,1,299.296661, 299.292084, 476.500488, 324.144165,77.057343, 1042.010864, 1.000015
5, 945,2,441.586548, 441.589081, 476.500488, 324.144165,77.057343, 1042.010864, 0.999994
5, 945,3,629.111755, 629.110107, 476.500488, 324.144165,77.057343, 1042.010864, 1.000003
5, 945,4,779.519653, 779.519043, 476.500488, 324.144165,77.057343, 1042.010864, 1.000001
5, 945,5,1042.010864, 1042.007935, 476.500488, 324.144165,77.057343, 1042.010864, 1.000003
5, 945,6,77.057343, 77.058716, 476.500488, 324.144165,77.057343, 1042.010864, 0.999982
5, 945,7,382.436310, 382.439484, 476.500488, 324.144165,77.057343, 1042.010864, 0.999992
5, 946,0,368.228180, 368.228638, 476.497925, 194.842087,166.185638, 687.689270, 0.999999
5, 946,1,583.598145, 583.603394, 476.497925, 194.842087,166.185638, 687.689270, 0.999991
5, 946,2,275.877075, 275.879578, 476.497925, 194.842087,166.185638, 687.689270, 0.999991
5, 946,3,686.727112, 686.732605, 476.497925, 194.842087,166.185638, 687.689270, 0.999992
5, 946,4,602.768372, 602.770569, 476.497925, 194.842087,166.185638, 687.689270, 0.999996
5, 946,5,440.909912, 440.909027, 476.497925, 194.842087,166.185638, 687.689270, 1.000002
5, 946,6,166.185638, 166.186600, 476.497925, 194.842087,166.185638, 687.689270, 0.999994
5, 946,7,687.689270, 687.689819, 476.497925, 194.842087,166.185638, 687.689270, 0.999999
5, 947,0,654.674561, 654.679932, 476.496674, 217.827744,173.943466, 713.872742, 0.999992
5, 947,1,359.426208, 359.432159, 476.496674, 217.827744,173.943466, 713.872742, 0.999983
5, 947,2,646.882568, 646.889648, 476.496674, 217.827744,173.943466, 713.872742, 0.999989
5, 947,3,713.872742, 713.877014, 476.496674, 217.827744,173.943466, 713.872742, 0.999994
5, 947,4,676.939453, 676.943909, 476.496674, 217.827744,173.943466, 713.872742, 0.999993
5, 947,5,327.315338, 327.316467, 476.496674, 217.827744,173.943466, 713.872742, 0.999997
5, 947,6,173.943466, 173.942139, 476.496674, 217.827744,173.943466, 713.872742, 1.000008
5, 947,7,258.919037, 258.918610, 476.496674, 217.827744,173.943466, 713.872742, 1.000002
5, 948,0,701.626892, 701.637451, 476.495850, 255.749954,68.226173, 782.475708, 0.999985
5, 948,1,208.014175, 208.017471, 476.495850, 255.749954,68.226173, 782.475708, 0.999984
5, 948,2,782.475708, 782.475708, 476.495850, 255.749954,68.226173, 782.475708, 1.000000
5, 948,3,506.825195, 506.829376, 476.495850, 255.749954,68.226173, 782.475708, 0.999992
5, 948,4,409.408234, 409.413300, 476.495850, 255.749954,68.226173, 782.475708, 0.999988
5, 948,5,730.063477, 730.063538, 476.495850, 255.749954,68.226173, 782.475708, 1.000000
5, 948,6,405.327271, 405.335144, 476.495850, 255.749954,68.226173, 782.475708, 0.999981
5, 948,7,68.226173, 68.227661, 476.495850, 255.749954,68.226173, 782.475708, 0.999978
5, 949,0,618.221008, 618.220276, 476.499939, 265.553864,136.937134, 862.843689, 1.000001
5, 949,1,412.081573, 412.081635, 476.499939, 265.553864,136.937134, 862.843689, 1.000000
5, 949,2,226.232773, 226.232834, 476.499939, 265.553864,136.937134, 862.843689, 1.000000
5, 949,3,432.507324, 432.506439, 476.499939, 265.553864,136.937134, 862.843689, 1.000002
5, 949,4,862.843689, 862.845215, 476.499939, 265.553864,136.937134, 862.843689, 0.999998
5, 949,5,310.804962, 310.801636, 476.499939, 265.553864,136.937134, 862.843689, 1.000011
5, 949,6,812.370789, 812.374023, 476.499939, 265.553864,136.937134, 862.843689, 0.999996
5, 949,7,136.937134, 136.937622, 476.499939, 265.553864,136.937134, 862.843689, 0.999996
5, 950,0,452.528351, 452.538483, 476.494476, 376.864532,65.121704, 981.528381, 0.999978
5, 950,1,65.121704, 65.124680, 476.494476, 376.864532,65.121704, 981.528381, 0.999954
5, 950,2,775.174927, 775.185852, 476.494476, 376.864532,65.121704, 981.528381, 0.999986
5, 950,3,144.904633, 144.907272, 476.494476, 376.864532,65.121704, 981.528381, 0.999982
5, 950,4,342.490387, 342.486725, 476.494476, 376.864532,65.121704, 981.528381, 1.000011
5, 950,5,941.926392, 941.942871, 476.494476, 376.864532,65.121704, 981.528381, 0.999982
5, 950,6,108.281105, 108.276031, 476.494476, 376.864532,65.121704, 981.528381, 1.000047
5, 950,7,981.528381, 981.537720, 476.494476, 376.864532,65.121704, 981.528381, 0.999990
5, 951,0,70.411407, 70.416931, 476.492889, 327.845001,70.411407, 890.057617, 0.999922
5, 951,1,867.778320, 867.794189, 476.492889, 327.845001,70.411407, 890.057617, 0.999982
5, 951,2,93.183380, 93.184395, 476.492889, 327.845001,70.411407, 890.057617, 0.999989
5, 951,3,590.221008, 590.226135, 476.492889, 327.845001,70.411407, 890.057617, 0.999991
5, 951,4,670.052185, 670.055664, 476.492889, 327.845001,70.411407, 890.057617, 0.999995
5, 951,5,398.564545, 398.566589, 476.492889, 327.845001,70.411407, 890.057617, 0.999995
5, 951,6,890.057617, 890.074280, 476.492889, 327.845001,70.411407, 890.057617, 0.999981
5, 951,7,231.674820, 231.681656, 476.492889, 327.845001,70.411407, 890.057617, 0.999970
5, 952,0,573.949036, 573.947021, 476.503632, 111.233070,234.539948, 573.949036, 1.000003
5, 952,1,524.845093, 524.842712, 476.503632, 111.233070,234.539948, 573.949036, 1.000005
5, 952,2,452.417023, 452.416779, 476.503632, 111.233070,234.539948, 573.949036, 1.000001
5, 952,3,412.471039, 412.464264, 476.503632, 111.233070,234.539948, 573.949036, 1.000016
5, 952,4,529.864075, 529.860596, 476.503632, 111.233070,234.539948, 573.949036, 1.000007
5, 952,5,550.062500, 550.051941, 476.503632, 111.233070,234.539948, 573.949036, 1.000019
5, 952,6,234.539948, 234.541748, 476.503632, 111.233070,234.539948, 573.949036, 0.999992
5, 952,7,533.880066, 533.875000, 476.503632, 111.233070,234.539948, 573.949036, 1.000010
5, 953,0,673.148865, 673.151001, 476.499268, 213.912842,69.030975, 721.038940, 0.999997
5, 953,1,582.244934, 582.243042, 476.499268, 213.912842,69.030975, 721.038940, 1.000003
5, 953,2,403.178528, 403.179810, 476.499268, 213.912842,69.030975, 721.038940, 0.999997
5, 953,3,69.030975, 69.029129, 476.499268, 213.912842,69.030975, 721.038940, 1.000027
5, 953,4,545.116211, 545.125000, 476.499268, 213.912842,69.030975, 721.038940, 0.999984
5, 953,5,296.283966, 296.287964, 476.499268, 213.912842,69.030975, 721.038940, 0.999987
5, 953,6,521.951599, 521.948425, 476.499268, 213.912842,69.030975, 721.038940, 1.000006
5, 953,7,721.038940, 721.035767, 476.499268, 213.912842,69.030975, 721.038940, 1.000004
5, 954,0,823.520203, 823.531189, 476.494171, 285.855042,39.970604, 932.626282, 0.999987
5, 954,1,504.916077, 504.928925, 476.494171, 285.855042,39.970604, 932.626282, 0.999975
5, 954,2,469.900482, 469.913300, 476.494171, 285.855042,39.970604, 932.626282, 0.999973
5, 954,3,337.906128, 337.909546, 476.494171, 285.855042,39.970604, 932.626282, 0.999990
5, 954,4,380.528320, 380.529846, 476.494171, 285.855042,39.970604, 932.626282, 0.999996
5, 954,5,322.585144, 322.586639, 476.494171, 285.855042,39.970604, 932.626282, 0.999995
5, 954,6,932.626282, 932.635742, 476.494171, 285.855042,39.970604, 932.626282, 0.999990
5, 954,7,39.970604, 39.964737, 476.494171, 285.855042,39.970604, 932.626282, 1.000147
5, 955,0,119.854828, 119.855522, 476.498016, 231.955902,119.854828, 699.839844, 0.999994
5, 955,1,685.468933, 685.474854, 476.498016, 231.955902,119.854828, 699.839844, 0.999991
5, 955,2,638.927185, 638.919922, 476.498016, 231.955902,119.854828, 699.839844, 1.000011
5, 955,3,231.205231, 231.207443, 476.498016, 231.955902,119.854828, 699.839844, 0.999990
5, 955,4,393.291473, 393.294830, 476.498016, 231.955902,119.854828, 699.839844, 0.999991
5, 955,5,692.459473, 692.458191, 476.498016, 231.955902,119.854828, 699.839844, 1.000002
5, 955,6,350.937164, 350.944061, 476.498016, 231.955902,119.854828, 699.839844, 0.999980
5, 955,7,699.839844, 699.845215, 476.498016, 231.955902,119.854828, 699.839844, 0.999992
5, 956,0,855.237610, 855.238403, 476.501038, 289.691772,65.889435, 855.237610, 0.999999
5, 956,1,681.873230, 681.867493, 476.501038, 289.691772,65.889435, 855.237610, 1.000008
5, 956,2,348.477051, 348.478699, 476.501038, 289.691772,65.889435, 855.237610, 0.999995
5, 956,3,65.889435, 65.894699, 476.501038, 289.691772,65.889435, 855.237610, 0.999920
5, 956,4,333.337189, 333.334656, 476.501038, 289.691772,65.889435, 855.237610, 1.000008
5, 956,5,658.275146, 658.271606, 476.501038, 289.691772,65.889435, 855.237610, 1.000005
5, 956,6,717.094727, 717.088318, 476.501038, 289.691772,65.889435, 855.237610, 1.000009
5, 956,7,151.824066, 151.826111, 476.501038, 289.691772,65.889435, 855.237610, 0.999987
5, 957,0,519.729431, 519.727356, 476.505676, 203.654099,255.583527, 901.803284, 1.000004
5, 957,1,901.803284, 901.788696, 476.505676, 203.654099,255.583527, 901.803284, 1.000016
5, 957,2,567.933533, 567.930481, 476.505676, 203.654099,255.583527, 901.803284, 1.000005
5, 957,3,494.939087, 494.931091, 476.505676, 203.654099,255.583527, 901.803284, 1.000016
5, 957,4,345.675110, 345.670380, 476.505676, 203.654099,255.583527, 901.803284, 1.000014
5, 957,5,302.875061, 302.873474, 476.505676, 203.654099,255.583527, 901.803284, 1.000005
5, 957,6,255.583527, 255.576401, 476.505676, 203.654099,255.583527, 901.803284, 1.000028
5, 957,7,423.506683, 423.502228, 476.505676, 203.654099,255.583527, 901.803284, 1.000010
5, 958,0,810.068726, 810.065613, 476.502014, 256.834442,14.142044, 810.068726, 1.000004
5, 958,1,177.696899, 177.697693, 476.502014, 256.834442,14.142044, 810.068726, 0.999996
5, 958,2,476.482086, 476.482025, 476.502014, 256.834442,14.142044, 810.068726, 1.000000
5, 958,3,592.071289, 592.067139, 476.502014, 256.834442,14.142044, 810.068726, 1.000007
5, 958,4,547.865417, 547.863525, 476.502014, 256.834442,14.142044, 810.068726, 1.000003
5, 958,5,595.148071, 595.144470, 476.502014, 256.834442,14.142044, 810.068726, 1.000006
5, 958,6,598.541626, 598.538147, 476.502014, 256.834442,14.142044, 810.068726, 1.000006
5, 958,7,14.142044, 14.141394, 476.502014, 256.834442,14.142044, 810.068726, 1.000046
5, 959,0,878.187866, 878.176392, 476.507660, 331.389526,39.151043, 878.187866, 1.000013
5, 959,1,170.595154, 170.595276, 476.507660, 331.389526,39.151043, 878.187866, 0.999999
5, 959,2,39.151043, 39.149719, 476.507660, 331.389526,39.151043, 878.187866, 1.000034
5, 959,3,474.312286, 474.304382, 476.507660, 331.389526,39.151043, 878.187866, 1.000017
5, 959,4,710.559570, 710.555115, 476.507660, 331.389526,39.151043, 878.187866, 1.000006
5, 959,5,662.267822, 662.251038, 476.507660, 331.389526,39.151043, 878.187866, 1.000025
5, 959,6,99.126205, 99.122017, 476.507660, 331.389526,39.151043, 878.187866, 1.000042
5, 959,7,777.861511, 777.846252, 476.507660, 331.389526,39.151043, 878.187866, 1.000020
5, 960,0,658.628479, 658.628967, 476.496552, 413.412384,34.279896, 1004.704773, 0.999999
5, 960,1,76.713242, 76.711945, 476.496552, 413.412384,34.279896, 1004.704773, 1.000017
5, 960,2,34.279896, 34.278275, 476.496552, 413.412384,34.279896, 1004.704773, 1.000047
5, 960,3,240.444061, 240.445602, 476.496552, 413.412384,34.279896, 1004.704773, 0.999994
5, 960,4,769.015503, 769.023499, 476.496552, 413.412384,34.279896, 1004.704773, 0.999990
5, 960,5,75.518616, 75.523926, 476.496552, 413.412384,34.279896, 1004.704773, 0.999930
5, 960,6,952.667603, 952.679321, 476.496552, 413.412384,34.279896, 1004.704773, 0.999988
5, 960,7,1004.704773, 1004.708557, 476.496552, 413.412384,34.279896, 1004.704773, 0.999996
5, 961,0,79.925354, 79.923904, 476.501251, 352.739868,79.925354, 1018.597046, 1.000018
5, 961,1,1018.597046, 1018.589417, 476.501251, 352.739868,79.925354, 1018.597046, 1.000008
5, 961,2,80.887032, 80.892075, 476.501251, 352.739868,79.925354, 1018.597046, 0.999938
5, 961,3,565.667419, 565.661865, 476.501251, 352.739868,79.925354, 1018.597046, 1.000010
5, 961,4,289.736877, 289.731445, 476.501251, 352.739868,79.925354, 1018.597046, 1.000019
5, 961,5,315.042114, 315.047516, 476.501251, 352.739868,79.925354, 1018.597046, 0.999983
5, 961,6,911.089050, 911.085999, 476.501251, 352.739868,79.925354, 1018.597046, 1.000003
5, 961,7,551.065002, 551.067566, 476.501251, 352.739868,79.925354, 1018.597046, 0.999995
5, 962,0,416.365662, 416.362518, 476.499634, 301.214386,39.118656, 838.197021, 1.000008
5, 962,1,657.996277, 657.997925, 476.499634, 301.214386,39.118656, 838.197021, 0.999997
5, 962,2,634.766724, 634.767578, 476.499634, 301.214386,39.118656, 838.197021, 0.999999
5, 962,3,838.197021, 838.202515, 476.499634, 301.214386,39.118656, 838.197021, 0.999993
5, 962,4,39.118656, 39.122551, 476.499634, 301.214386,39.118656, 838.197021, 0.999900
5, 962,5,55.924843, 55.925110, 476.499634, 301.214386,39.118656, 838.197021, 0.999995
5, 962,6,744.549500, 744.548035, 476.499634, 301.214386,39.118656, 838.197021, 1.000002
5, 962,7,425.078461, 425.073914, 476.499634, 301.214386,39.118656, 838.197021, 1.000011
5, 963,0,669.360168, 669.366699, 476.493744, 382.773132,81.510651, 1299.578979, 0.999990
5, 963,1,311.694244, 311.697968, 476.493744, 382.773132,81.510651, 1299.578979, 0.999988
5, 963,2,532.083801, 532.091125, 476.493744, 382.773132,81.510651, 1299.578979, 0.999986
5, 963,3,249.784409, 249.790314, 476.493744, 382.773132,81.510651, 1299.578979, 0.999976
5, 963,4,1299.578979, 1299.592407, 476.493744, 382.773132,81.510651, 1299.578979, 0.999990
5, 963,5,206.188583, 206.192078, 476.493744, 382.773132,81.510651, 1299.578979, 0.999983
5, 963,6,461.749329, 461.753876, 476.493744, 382.773132,81.510651, 1299.578979, 0.999990
5, 963,7,81.510651, 81.515610, 476.493744, 382.773132,81.510651, 1299.578979, 0.999939
5, 964,0,149.307953, 149.307281, 476.503571, 355.571350,101.851952, 1005.794067, 1.000005
5, 964,1,841.645935, 841.637268, 476.503571, 355.571350,101.851952, 1005.794067, 1.000010
5, 964,2,113.824059, 113.824745, 476.503571, 355.571350,101.851952, 1005.794067, 0.999994
5, 964,3,101.851952, 101.848770, 476.503571, 355.571350,101.851952, 1005.794067, 1.000031
5, 964,4,357.358307, 357.352661, 476.503571, 355.571350,101.851952, 1005.794067, 1.000016
5, 964,5,1005.794067, 1005.787170, 476.503571, 355.571350,101.851952, 1005.794067, 1.000007
5, 964,6,756.321167, 756.320740, 476.503571, 355.571350,101.851952, 1005.794067, 1.000001
5, 964,7,485.925140, 485.921204, 476.503571, 355.571350,101.851952, 1005.794067, 1.000008
5, 965,0,416.339447, 416.337341, 476.504944, 110.824165,310.774933, 631.290100, 1.000005
5, 965,1,379.284912, 379.274597, 476.504944, 110.824165,310.774933, 631.290100, 1.000027
5, 965,2,310.774933, 310.770416, 476.504944, 110.824165,310.774933, 631.290100, 1.000015
5, 965,3,587.987854, 587.988403, 476.504944, 110.824165,310.774933, 631.290100, 0.999999
5, 965,4,631.290100, 631.282227, 476.504944, 110.824165,310.774933, 631.290100, 1.000013
5, 965,5,538.449951, 538.444336, 476.504944, 110.824165,310.774933, 631.290100, 1.000010
5, 965,6,524.940735, 524.934082, 476.504944, 110.824165,310.774933, 631.290100, 1.000013
5, 965,7,422.971680, 422.968628, 476.504944, 110.824165,310.774933, 631.290100, 1.000007
5, 966,0,208.624176, 208.622498, 476.495544, 224.811676,198.053818, 826.278625, 1.000008
5, 966,1,533.330383, 533.334412, 476.495544, 224.811676,198.053818, 826.278625, 0.999992
5, 966,2,682.790649, 682.802124, 476.495544, 224.811676,198.053818, 826.278625, 0.999983
5, 966,3,198.053818, 198.053558, 476.495544, 224.811676,198.053818, 826.278625, 1.000001
5, 966,4,826.278625, 826.286865, 476.495544, 224.811676,198.053818, 826.278625, 0.999990
5, 966,5,337.954041, 337.953827, 476.495544, 224.811676,198.053818, 826.278625, 1.000001
5, 966,6,427.086273, 427.091461, 476.495544, 224.811676,198.053818, 826.278625, 0.999988
5, 966,7,597.846497, 597.855164, 476.495544, 224.811676,198.053818, 826.278625, 0.999986
5, 967,0,906.391907, 906.372681, 476.503723, 333.936646,58.435356, 906.391907, 1.000021
5, 967,1,466.878326, 466.875732, 476.503723, 333.936646,58.435356, 906.391907, 1.000006
5, 967,2,89.731438, 89.725159, 476.503723, 333.936646,58.435356, 906.391907, 1.000070
5, 967,3,176.309845, 176.308731, 476.503723, 333.936646,58.435356, 906.391907, 1.000006
5, 967,4,599.667480, 599.668274, 476.503723, 333.936646,58.435356, 906.391907, 0.999999
5, 967,5,58.435356, 58.443352, 476.503723, 333.936646,58.435356, 906.391907, 0.999863
5, 967,6,821.875000, 821.868408, 476.503723, 333.936646,58.435356, 906.391907, 1.000008
5, 967,7,692.740479, 692.737854, 476.503723, 333.936646,58.435356, 906.391907, 1.000004
5, 968,0,373.584167, 373.585236, 476.504181, 183.866318,161.463242, 705.199524, 0.999997
5, 968,1,347.095398, 347.093018, 476.504181, 183.866318,161.463242, 705.199524, 1.000007
5, 968,2,462.863495, 462.855865, 476.504181, 183.866318,161.463242, 705.199524, 1.000016
5, 968,3,514.905823, 514.903687, 476.504181, 183.866318,161.463242, 705.199524, 1.000004
5, 968,4,705.199524, 705.192505, 476.504181, 183.866318,161.463242, 705.199524, 1.000010
5, 968,5,161.463242, 161.460403, 476.504181, 183.866318,161.463242, 705.199524, 1.000018
5, 968,6,703.781921, 703.774231, 476.504181, 183.866318,161.463242, 705.199524, 1.000011
5, 968,7,543.139954, 543.135193, 476.504181, 183.866318,161.463242, 705.199524, 1.000009
5, 969,0,666.211121, 666.200562, 476.505310, 315.050598,74.749565, 776.630615, 1.000016
5, 969,1,677.307190, 677.304749, 476.505310, 315.050598,74.749565, 776.630615, 1.000004
5, 969,2,776.630615, 776.617676, 476.505310, 315.050598,74.749565, 776.630615, 1.000017
5, 969,3,645.322266, 645.317566, 476.505310, 315.050598,74.749565, 776.630615, 1.000007
5, 969,4,74.749565, 74.749725, 476.505310, 315.050598,74.749565, 776.630615, 0.999998
5, 969,5,746.843262, 746.831299, 476.505310, 315.050598,74.749565, 776.630615, 1.000016
5, 969,6,126.778465, 126.769592, 476.505310, 315.050598,74.749565, 776.630615, 1.000070
5, 969,7,98.199974, 98.208679, 476.505310, 315.050598,74.749565, 776.630615, 0.999911
5, 970,0,224.038376, 224.038635, 476.504517, 253.823456,191.217896, 857.703064, 0.999999
5, 970,1,191.217896, 191.216003, 476.504517, 253.823456,191.217896, 857.703064, 1.000010
5, 970,2,215.925354, 215.927292, 476.504517, 253.823456,191.217896, 857.703064, 0.999991
5, 970,3,670.613892, 670.602173, 476.504517, 253.823456,191.217896, 857.703064, 1.000018
5, 970,4,403.779602, 403.776978, 476.504517, 253.823456,191.217896, 857.703064, 1.000007
5, 970,5,678.885925, 678.870667, 476.504517, 253.823456,191.217896, 857.703064, 1.000023
5, 970,6,857.703064, 857.697388, 476.504517, 253.823456,191.217896, 857.703064, 1.000007
5, 970,7,569.871704, 569.870728, 476.504517, 253.823456,191.217896, 857.703064, 1.000002
5, 971,0,564.346191, 564.349609, 476.497223, 233.873779,125.405571, 815.318665, 0.999994
5, 971,1,815.318665, 815.328613, 476.497223, 233.873779,125.405571, 815.318665, 0.999988
5, 971,2,125.405571, 125.405266, 476.497223, 233.873779,125.405571, 815.318665, 1.000002
5, 971,3,670.612915, 670.617676, 476.497223, 233.873779,125.405571, 815.318665, 0.999993
5, 971,4,486.129974, 486.133118, 476.497223, 233.873779,125.405571, 815.318665, 0.999994
5, 971,5,602.300720, 602.306213, 476.497223, 233.873779,125.405571, 815.318665, 0.999991
5, 971,6,300.674316, 300.675903, 476.497223, 233.873779,125.405571, 815.318665, 0.999995
5, 971,7,247.189636, 247.183548, 476.497223, 233.873779,125.405571, 815.318665, 1.000025
5, 972,0,294.627167, 294.633972, 476.499023, 300.017151,53.981075, 809.639343, 0.999977
5, 972,1,754.154846, 754.151978, 476.499023, 300.017151,53.981075, 809.639343, 1.000004
5, 972,2,102.484917, 102.492119, 476.499023, 300.017151,53.981075, 809.639343, 0.999930
5, 972,3,760.384216, 760.381714, 476.499023, 300.017151,53.981075, 809.639343, 1.000003
5, 972,4,461.721771, 461.724182, 476.499023, 300.017151,53.981075, 809.639343, 0.999995
5, 972,5,809.639343, 809.636597, 476.499023, 300.017151,53.981075, 809.639343, 1.000003
5, 972,6,574.999146, 574.999878, 476.499023, 300.017151,53.981075, 809.639343, 0.999999
5, 972,7,53.981075, 53.979485, 476.499023, 300.017151,53.981075, 809.639343, 1.000029
5, 973,0,405.187469, 405.187439, 476.495697, 295.137878,30.647696, 915.608398, 1.000000
5, 973,1,30.647696, 30.644960, 476.495697, 295.137878,30.647696, 915.608398, 1.000089
5, 973,2,181.525604, 181.533676, 476.495697, 295.137878,30.647696, 915.608398, 0.999956
5, 973,3,915.608398, 915.614380, 476.495697, 295.137878,30.647696, 915.608398, 0.999993
5, 973,4,809.721741, 809.738403, 476.495697, 295.137878,30.647696, 915.608398, 0.999979
5, 973,5,511.088806, 511.091583, 476.495697, 295.137878,30.647696, 915.608398, 0.999995
5, 973,6,562.165344, 562.168091, 476.495697, 295.137878,30.647696, 915.608398, 0.999995
5, 973,7,396.020538, 396.021301, 476.495697, 295.137878,30.647696, 915.608398, 0.999998
5, 974,0,826.096375, 826.085144, 476.505981, 321.786957,122.845306, 1063.915405, 1.000014
5, 974,1,516.803772, 516.798340, 476.505981, 321.786957,122.845306, 1063.915405, 1.000010
5, 974,2,1063.915405, 1063.903320, 476.505981, 321.786957,122.845306, 1063.915405, 1.000011
5, 974,3,284.105865, 284.103699, 476.505981, 321.786957,122.845306, 1063.915405, 1.000008
5, 974,4,349.484039, 349.476105, 476.505981, 321.786957,122.845306, 1063.915405, 1.000023
5, 974,5,199.020950, 199.015793, 476.505981, 321.786957,122.845306, 1063.915405, 1.000026
5, 974,6,122.845306, 122.845253, 476.505981, 321.786957,122.845306, 1063.915405, 1.000000
5, 974,7,449.776031, 449.772217, 476.505981, 321.786957,122.845306, 1063.915405, 1.000008
5, 975,0,704.267639, 704.263489, 476.497345, 227.117249,103.102577, 704.537903, 1.000006
5, 975,1,487.803650, 487.813019, 476.497345, 227.117249,103.102577, 704.537903, 0.999981
5, 975,2,103.102577, 103.106033, 476.497345, 227.117249,103.102577, 704.537903, 0.999967
5, 975,3,400.027740, 400.027985, 476.497345, 227.117249,103.102577, 704.537903, 0.999999
5, 975,4,517.228455, 517.230957, 476.497345, 227.117249,103.102577, 704.537903, 0.999995
5, 975,5,680.373230, 680.377502, 476.497345, 227.117249,103.102577, 704.537903, 0.999994
5, 975,6,704.537903, 704.544739, 476.497345, 227.117249,103.102577, 704.537903, 0.999990
5, 975,7,214.637772, 214.636368, 476.497345, 227.117249,103.102577, 704.537903, 1.000007
5, 976,0,901.100220, 901.113831, 476.494476, 349.164398,36.459377, 901.100220, 0.999985
5, 976,1,865.247681, 865.253601, 476.494476, 349.164398,36.459377, 901.100220, 0.999993
5, 976,2,217.792435, 217.794952, 476.494476, 349.164398,36.459377, 901.100220, 0.999988
5, 976,3,36.459377, 36.460556, 476.494476, 349.164398,36.459377, 901.100220, 0.999968
5, 976,4,324.429626, 324.432739, 476.494476, 349.164398,36.459377, 901.100220, 0.999990
5, 976,5,316.738983, 316.742096, 476.494476, 349.164398,36.459377, 901.100220, 0.999990
5, 976,6,886.015503, 886.027161, 476.494476, 349.164398,36.459377, 901.100220, 0.999987
5, 976,7,264.172028, 264.174622, 476.494476, 349.164398,36.459377, 901.100220, 0.999990
5, 977,0,751.030273, 751.041687, 476.495087, 205.279739,166.861649, 751.030273, 0.999985
5, 977,1,436.147400, 436.151184, 476.495087, 205.279739,166.861649, 751.030273, 0.999991
5, 977,2,574.699463, 574.705139, 476.495087, 205.279739,166.861649, 751.030273, 0.999990
5, 977,3,468.144623, 468.147522, 476.495087, 205.279739,166.861649, 751.030273, 0.999994
5, 977,4,560.169739, 560.173340, 476.495087, 205.279739,166.861649, 751.030273, 0.999994
5, 977,5,166.861649, 166.864014, 476.495087, 205.279739,166.861649, 751.030273, 0.999986
5, 977,6,203.196594, 203.193466, 476.495087, 205.279739,166.861649, 751.030273, 1.000015
5, 977,7,651.711243, 651.723633, 476.495087, 205.279739,166.861649, 751.030273, 0.999981
5, 978,0,626.504700, 626.506470, 476.498444, 225.674393,174.859421, 758.503418, 0.999997
5, 978,1,318.385590, 318.385406, 476.498444, 225.674393,174.859421, 758.503418, 1.000001
5, 978,2,758.503418, 758.509216, 476.498444, 225.674393,174.859421, 758.503418, 0.999992
5, 978,3,174.859421, 174.858124, 476.498444, 225.674393,174.859421, 758.503418, 1.000007
5, 978,4,564.391968, 564.390625, 476.498444, 225.674393,174.859421, 758.503418, 1.000002
5, 978,5,500.600189, 500.609528, 476.498444, 225.674393,174.859421, 758.503418, 0.999981
5, 978,6,685.998352, 686.005554, 476.498444, 225.674393,174.859421, 758.503418, 0.999990
5, 978,7,182.744064, 182.734940, 476.498444, 225.674393,174.859421, 758.503418, 1.000050
5, 979,0,150.762283, 150.761948, 476.503510, 261.305023,114.178993, 857.009155, 1.000002
5, 979,1,114.178993, 114.183792, 476.503510, 261.305023,114.178993, 857.009155, 0.999958
5, 979,2,293.582825, 293.582001, 476.503510, 261.305023,114.178993, 857.009155, 1.000003
5, 979,3,857.009155, 857.003967, 476.503510, 261.305023,114.178993, 857.009155, 1.000006
5, 979,4,615.366333, 615.363647, 476.503510, 261.305023,114.178993, 857.009155, 1.000004
5, 979,5,616.311890, 616.299133, 476.503510, 261.305023,114.178993, 857.009155, 1.000021
5, 979,6,605.542297, 605.540833, 476.503510, 261.305023,114.178993, 857.009155, 1.000002
5, 979,7,559.274475, 559.264648, 476.503510, 261.305023,114.178993, 857.009155, 1.000018
5, 980,0,843.003418, 843.009888, 476.492920, 358.897247,64.341606, 1050.511353, 0.999992
5, 980,1,257.568817, 257.575500, 476.492920, 358.897247,64.341606, 1050.511353, 0.999974
5, 980,2,1050.511353, 1050.531738, 476.492920, 358.897247,64.341606, 1050.511353, 0.999981
5, 980,3,251.726959, 251.729843, 476.492920, 358.897247,64.341606, 1050.511353, 0.999989
5, 980,4,64.341606, 64.343208, 476.492920, 358.897247,64.341606, 1050.511353, 0.999975
5, 980,5,134.923309, 134.924423, 476.492920, 358.897247,64.341606, 1050.511353, 0.999992
5, 980,6,704.541321, 704.553833, 476.492920, 358.897247,64.341606, 1050.511353, 0.999982
5, 980,7,505.326599, 505.331482, 476.492920, 358.897247,64.341606, 1050.511353, 0.999990
5, 981,0,771.277649, 771.267334, 476.504822, 198.232025,205.034958, 771.277649, 1.000013
5, 981,1,272.769470, 272.768036, 476.504822, 198.232025,205.034958, 771.277649, 1.000005
5, 981,2,394.100952, 394.091522, 476.504822, 198.232025,205.034958, 771.277649, 1.000024
5, 981,3,423.862061, 423.860321, 476.504822, 198.232025,205.034958, 771.277649, 1.000004
5, 981,4,548.237366, 548.229004, 476.504822, 198.232025,205.034958, 771.277649, 1.000015
5, 981,5,478.872375, 478.872803, 476.504822, 198.232025,205.034958, 771.277649, 0.999999
5, 981,6,205.034958, 205.034012, 476.504822, 198.232025,205.034958, 771.277649, 1.000005
5, 981,7,717.883667, 717.877075, 476.504822, 198.232025,205.034958, 771.277649, 1.000009
5, 982,0,308.425842, 308.419525, 476.494537, 239.390121,171.389862, 854.447815, 1.000021
5, 982,1,544.708191, 544.722229, 476.494537, 239.390121,171.389862, 854.447815, 0.999974
5, 982,2,230.920807, 230.921402, 476.494537, 239.390121,171.389862, 854.447815, 0.999997
5, 982,3,727.063293, 727.079407, 476.494537, 239.390121,171.389862, 854.447815, 0.999978
5, 982,4,171.389862, 171.392792, 476.494537, 239.390121,171.389862, 854.447815, 0.999983
5, 982,5,854.447815, 854.455872, 476.494537, 239.390121,171.389862, 854.447815, 0.999991
5, 982,6,554.516235, 554.520447, 476.494537, 239.390121,171.389862, 854.447815, 0.999992
5, 982,7,420.484222, 420.488617, 476.494537, 239.390121,171.389862, 854.447815, 0.999990
5, 983,0,341.590088, 341.589264, 476.505188, 303.558929,15.292528, 959.038330, 1.000002
5, 983,1,959.038330, 959.026489, 476.505188, 303.558929,15.292528, 959.038330, 1.000012
5, 983,2,581.667358, 581.662048, 476.505188, 303.558929,15.292528, 959.038330, 1.000009
5, 983,3,331.555084, 331.553467, 476.505188, 303.558929,15.292528, 959.038330, 1.000005
5, 983,4,15.292528, 15.290955, 476.505188, 303.558929,15.292528, 959.038330, 1.000103
5, 983,5,228.599869, 228.601746, 476.505188, 303.558929,15.292528, 959.038330, 0.999992
5, 983,6,737.298889, 737.284363, 476.505188, 303.558929,15.292528, 959.038330, 1.000020
5, 983,7,616.999573, 616.991943, 476.505188, 303.558929,15.292528, 959.038330, 1.000012
5, 984,0,538.848938, 538.858521, 476.494263, 211.125122,211.457016, 801.866089, 0.999982
5, 984,1,324.191833, 324.191498, 476.494263, 211.125122,211.457016, 801.866089, 1.000001
5, 984,2,730.865845, 730.873718, 476.494263, 211.125122,211.457016, 801.866089, 0.999989
5, 984,3,521.900391, 521.911133, 476.494263, 211.125122,211.457016, 801.866089, 0.999979
5, 984,4,394.137146, 394.141052, 476.494263, 211.125122,211.457016, 801.866089, 0.999990
5, 984,5,288.686615, 288.690582, 476.494263, 211.125122,211.457016, 801.866089, 0.999986
5, 984,6,801.866089, 801.875549, 476.494263, 211.125122,211.457016, 801.866089, 0.999988
5, 984,7,211.457016, 211.458054, 476.494263, 211.125122,211.457016, 801.866089, 0.999995
5, 985,0,380.300323, 380.300049, 476.500458, 219.654617,173.681747, 758.759705, 1.000001
5, 985,1,201.128540, 201.132401, 476.500458, 219.654617,173.681747, 758.759705, 0.999981
5, 985,2,173.681747, 173.679321, 476.500458, 219.654617,173.681747, 758.759705, 1.000014
5, 985,3,654.363647, 654.349487, 476.500458, 219.654617,173.681747, 758.759705, 1.000022
5, 985,4,661.522461, 661.523254, 476.500458, 219.654617,173.681747, 758.759705, 0.999999
5, 985,5,404.557770, 404.559143, 476.500458, 219.654617,173.681747, 758.759705, 0.999997
5, 985,6,758.759705, 758.762512, 476.500458, 219.654617,173.681747, 758.759705, 0.999996
5, 985,7,577.689453, 577.693665, 476.500458, 219.654617,173.681747, 758.759705, 0.999993
5, 986,0,661.227234, 661.236328, 476.493805, 185.368179,104.048828, 661.227234, 0.999986
5, 986,1,104.048828, 104.054024, 476.493805, 185.368179,104.048828, 661.227234, 0.999950
5, 986,2,649.951111, 649.958801, 476.493805, 185.368179,104.048828, 661.227234, 0.999988
5, 986,3,437.957428, 437.963959, 476.493805, 185.368179,104.048828, 661.227234, 0.999985
5, 986,4,336.907684, 336.909363, 476.493805, 185.368179,104.048828, 661.227234, 0.999995
5, 986,5,494.489868, 494.493195, 476.493805, 185.368179,104.048828, 661.227234, 0.999993
5, 986,6,587.166931, 587.175415, 476.493805, 185.368179,104.048828, 661.227234, 0.999986
5, 986,7,540.201477, 540.208923, 476.493805, 185.368179,104.048828, 661.227234, 0.999986
5, 987,0,858.428711, 858.440063, 476.494324, 223.507523,117.518265, 858.428711, 0.999987
5, 987,1,117.518265, 117.520378, 476.494324, 223.507523,117.518265, 858.428711, 0.999982
5, 987,2,460.863403, 460.866364, 476.494324, 223.507523,117.518265, 858.428711, 0.999994
5, 987,3,541.584106, 541.596558, 476.494324, 223.507523,117.518265, 858.428711, 0.999977
5, 987,4,533.681030, 533.685364, 476.494324, 223.507523,117.518265, 858.428711, 0.999992
5, 987,5,348.921539, 348.922943, 476.494324, 223.507523,117.518265, 858.428711, 0.999996
5, 987,6,635.045959, 635.056580, 476.494324, 223.507523,117.518265, 858.428711, 0.999983
5, 987,7,315.911530, 315.911652, 476.494324, 223.507523,117.518265, 858.428711, 1.000000
5, 988,0,962.041443, 962.052368, 476.495331, 353.493683,120.223709, 998.555115, 0.999989
5, 988,1,659.234497, 659.241333, 476.495331, 353.493683,120.223709, 998.555115, 0.999990
5, 988,2,345.726013, 345.733185, 476.495331, 353.493683,120.223709, 998.555115, 0.999979
5, 988,3,344.137024, 344.138519, 476.495331, 353.493683,120.223709, 998.555115, 0.999996
5, 988,4,125.941780, 125.941887, 476.495331, 353.493683,120.223709, 998.555115, 0.999999
5, 988,5,256.102936, 256.102417, 476.495331, 353.493683,120.223709, 998.555115, 1.000002
5, 988,6,120.223709, 120.227852, 476.495331, 353.493683,120.223709, 998.555115, 0.999966
5, 988,7,998.555115, 998.562439, 476.495331, 353.493683,120.223709, 998.555115, 0.999993
5, 989,0,284.175171, 284.177307, 476.496643, 256.877502,255.372406, 922.917542, 0.999992
5, 989,1,922.917542, 922.925415, 476.496643, 256.877502,255.372406, 922.917542, 0.999991
5, 989,2,388.245331, 388.244812, 476.496643, 256.877502,255.372406, 922.917542, 1.000001
5, 989,3,589.885620, 589.891907, 476.496643, 256.877502,255.372406, 922.917542, 0.999989
5, 989,4,255.372406, 255.374725, 476.496643, 256.877502,255.372406, 922.917542, 0.999991
5, 989,5,340.936707, 340.938751, 476.496643, 256.877502,255.372406, 922.917542, 0.999994
5, 989,6,774.745056, 774.752197, 476.496643, 256.877502,255.372406, 922.917542, 0.999991
5, 989,7,255.695251, 255.694748, 476.496643, 256.877502,255.372406, 922.917542, 1.000002
5, 990,0,783.819336, 783.816284, 476.504578, 294.196350,83.661629, 799.894348, 1.000004
5, 990,1,540.174927, 540.167847, 476.504578, 294.196350,83.661629, 799.894348, 1.000013
5, 990,2,744.065063, 744.059326, 476.504578, 294.196350,83.661629, 799.894348, 1.000008
5, 990,3,477.647308, 477.642761, 476.504578, 294.196350,83.661629, 799.894348, 1.000010
5, 990,4,275.896606, 275.893524, 476.504578, 294.196350,83.661629, 799.894348, 1.000011
5, 990,5,106.877701, 106.876503, 476.504578, 294.196350,83.661629, 799.894348, 1.000011
5, 990,6,799.894348, 799.883545, 476.504578, 294.196350,83.661629, 799.894348, 1.000013
5, 990,7,83.661629, 83.660027, 476.504578, 294.196350,83.661629, 799.894348, 1.000019
5, 991,0,149.267715, 149.273178, 476.503326, 309.738464,108.242752, 836.157593, 0.999963
5, 991,1,766.558899, 766.548401, 476.503326, 309.738464,108.242752, 836.157593, 1.000014
5, 991,2,108.242752, 108.245911, 476.503326, 309.738464,108.242752, 836.157593, 0.999971
5, 991,3,836.157593, 836.143738, 476.503326, 309.738464,108.242752, 836.157593, 1.000017
5, 991,4,338.106842, 338.108398, 476.503326, 309.738464,108.242752, 836.157593, 0.999995
5, 991,5,693.283813, 693.275574, 476.503326, 309.738464,108.242752, 836.157593, 1.000012
5, 991,6,732.880493, 732.875854, 476.503326, 309.738464,108.242752, 836.157593, 1.000006
5, 991,7,187.528595, 187.528702, 476.503326, 309.738464,108.242752, 836.157593, 0.999999
5, 992,0,328.486694, 328.486298, 476.500244, 257.291779,53.360600, 817.778137, 1.000001
5, 992,1,53.360600, 53.359871, 476.500244, 257.291779,53.360600, 817.778137, 1.000014
5, 992,2,460.429199, 460.428772, 476.500244, 257.291779,53.360600, 817.778137, 1.000001
5, 992,3,709.410034, 709.410767, 476.500244, 257.291779,53.360600, 817.778137, 0.999999
5, 992,4,694.446045, 694.443604, 476.500244, 257.291779,53.360600, 817.778137, 1.000003
5, 992,5,481.209198, 481.209381, 476.500244, 257.291779,53.360600, 817.778137, 1.000000
5, 992,6,817.778137, 817.778381, 476.500244, 257.291779,53.360600, 817.778137, 1.000000
5, 992,7,266.881958, 266.883148, 476.500244, 257.291779,53.360600, 817.778137, 0.999996
5, 993,0,271.950867, 271.944855, 476.504028, 308.739563,60.330009, 822.169067, 1.000022
5, 993,1,789.037170, 789.025085, 476.504028, 308.739563,60.330009, 822.169067, 1.000015
5, 993,2,60.491043, 60.494400, 476.504028, 308.739563,60.330009, 822.169067, 0.999945
5, 993,3,60.330009, 60.329655, 476.504028, 308.739563,60.330009, 822.169067, 1.000006
5, 993,4,822.169067, 822.166321, 476.504028, 308.739563,60.330009, 822.169067, 1.000003
5, 993,5,594.549377, 594.543396, 476.504028, 308.739563,60.330009, 822.169067, 1.000010
5, 993,6,522.770569, 522.769409, 476.504028, 308.739563,60.330009, 822.169067, 1.000002
5, 993,7,690.734192, 690.727112, 476.504028, 308.739563,60.330009, 822.169067, 1.000010
5, 994,0,510.975464, 510.975830, 476.500244, 248.316040,130.542511, 844.969177, 0.999999
5, 994,1,844.969177, 844.968811, 476.500244, 248.316040,130.542511, 844.969177, 1.000000
5, 994,2,287.087585, 287.087463, 476.500244, 248.316040,130.542511, 844.969177, 1.000000
5, 994,3,559.923950, 559.923340, 476.500244, 248.316040,130.542511, 844.969177, 1.000001
5, 994,4,130.542511, 130.542709, 476.500244, 248.316040,130.542511, 844.969177, 0.999999
5, 994,5,528.202454, 528.200134, 476.500244, 248.316040,130.542511, 844.969177, 1.000004
5, 994,6,729.579163, 729.577026, 476.500244, 248.316040,130.542511, 844.969177, 1.000003
5, 994,7,220.721802, 220.724899, 476.500244, 248.316040,130.542511, 844.969177, 0.999986
5, 995,0,705.846436, 705.854004, 476.495483, 263.539490,126.082603, 832.718750, 0.999989
5, 995,1,832.718750, 832.726379, 476.495483, 263.539490,126.082603, 832.718750, 0.999991
5, 995,2,531.065857, 531.073181, 476.495483, 263.539490,126.082603, 832.718750, 0.999986
5, 995,3,305.844147, 305.847839, 476.495483, 263.539490,126.082603, 832.718750, 0.999988
5, 995,4,126.082603, 126.078987, 476.495483, 263.539490,126.082603, 832.718750, 1.000029
5, 995,5,733.208679, 733.218079, 476.495483, 263.539490,126.082603, 832.718750, 0.999987
5, 995,6,201.210190, 201.210480, 476.495483, 263.539490,126.082603, 832.718750, 0.999999
5, 995,7,375.986938, 375.991241, 476.495483, 263.539490,126.082603, 832.718750, 0.999989
5, 996,0,666.874268, 666.872925, 476.500854, 131.746582,350.308899, 666.874268, 1.000002
5, 996,1,368.179108, 368.180878, 476.500854, 131.746582,350.308899, 666.874268, 0.999995
5, 996,2,547.796143, 547.794556, 476.500854, 131.746582,350.308899, 666.874268, 1.000003
5, 996,3,603.441040, 603.439575, 476.500854, 131.746582,350.308899, 666.874268, 1.000002
5, 996,4,350.308899, 350.310059, 476.500854, 131.746582,350.308899, 666.874268, 0.999997
5, 996,5,562.929443, 562.928406, 476.500854, 131.746582,350.308899, 666.874268, 1.000002
5, 996,6,354.297424, 354.294769, 476.500854, 131.746582,350.308899, 666.874268, 1.000008
5, 996,7,358.180603, 358.178864, 476.500854, 131.746582,350.308899, 666.874268, 1.000005
5, 997,0,802.705078, 802.701477, 476.503845, 365.930328,28.798643, 972.343201, 1.000005
5, 997,1,144.400818, 144.400620, 476.503845, 365.930328,28.798643, 972.343201, 1.000001
5, 997,2,865.659058, 865.642273, 476.503845, 365.930328,28.798643, 972.343201, 1.000019
5, 997,3,268.103943, 268.107574, 476.503845, 365.930328,28.798643, 972.343201, 0.999986
5, 997,4,530.244202, 530.236450, 476.503845, 365.930328,28.798643, 972.343201, 1.000015
5, 997,5,199.775787, 199.775330, 476.503845, 365.930328,28.798643, 972.343201, 1.000002
5, 997,6,28.798643, 28.795832, 476.503845, 365.930328,28.798643, 972.343201, 1.000098
5, 997,7,972.343201, 972.340515, 476.503845, 365.930328,28.798643, 972.343201, 1.000003
5, 998,0,703.017334, 703.019470, 476.496796, 316.041504,67.679604, 857.775330, 0.999997
5, 998,1,803.874695, 803.877319, 476.496796, 316.041504,67.679604, 857.775330, 0.999997
5, 998,2,212.230515, 212.231354, 476.496796, 316.041504,67.679604, 857.775330, 0.999996
5, 998,3,67.679604, 67.679123, 476.496796, 316.041504,67.679604, 857.775330, 1.000007
5, 998,4,365.352112, 365.354950, 476.496796, 316.041504,67.679604, 857.775330, 0.999992
5, 998,5,141.599533, 141.598618, 476.496796, 316.041504,67.679604, 857.775330, 1.000006
5, 998,6,660.445007, 660.452881, 476.496796, 316.041504,67.679604, 857.775330, 0.999988
5, 998,7,857.775330, 857.786377, 476.496796, 316.041504,67.679604, 857.775330, 0.999987
5, 999,0,74.278328, 74.275711, 476.501556, 273.219910,74.278328, 862.380188, 1.000035
5, 999,1,708.535278, 708.543091, 476.501556, 273.219910,74.278328, 862.380188, 0.999989
5, 999,2,247.952667, 247.948532, 476.501556, 273.219910,74.278328, 862.380188, 1.000017
5, 999,3,282.591461, 282.588745, 476.501556, 273.219910,74.278328, 862.380188, 1.000010
5, 999,4,862.380188, 862.380249, 476.501556, 273.219910,74.278328, 862.380188, 1.000000
5, 999,5,705.532654, 705.529724, 476.501556, 273.219910,74.278328, 862.380188, 1.000004
5, 999,6,553.347229, 553.343323, 476.501556, 273.219910,74.278328, 862.380188, 1.000007
5, 999,7,377.394745, 377.390808, 476.501556, 273.219910,74.278328, 862.380188, 1.000010
